-4.4282,0.22178,-0.045365,3.8687,2.0813,0
-3.4784,0.19613,0.015128,5.234,1.2039,0
-3.0036,0.14483,0.01899,-6.8267,1.9806,0
-2.0538,0.22178,0.013841,-6.144,1.9662,0
1.0803,0.65782,0.039583,6.8269,2.0238,0
2.4099,0.50392,0.11938,3.4135,2.8868,0
3.9295,0.016583,0.19661,-8.192,2.1964,0
3.3597,-0.31686,0.21849,-3.1857,2.9587,0
0.60543,-0.599,0.23136,7.7372,1.8799,0
-0.059385,-0.5477,0.2468,-0.22742,1.7505,0
0.98533,-0.36816,0.28156,-7.9645,1.3478,0
1.9351,-0.21426,0.30472,0.45525,0.58544,0
1.5552,-0.21426,0.30472,7.0545,1.4916,0
-0.15436,0.22178,0.2674,-3.8684,0.97379,0
0.41548,0.52957,0.23522,-7.0542,2.0525,0
2.4099,0.63217,0.24423,5.0064,1.9231,0
1.8401,0.35002,0.24423,3.8687,2.0957,0
-0.059385,-0.034715,0.2069,-6.5991,2.4841,0
-0.7242,-0.16296,0.16057,-4.3235,1.7793,0
-1.6739,0.067882,0.15413,5.4616,2.5991,0
-1.6739,0.35002,0.15413,2.0482,1.7936,0
-1.0091,0.32437,0.16829,-7.7369,2.5128,0
-0.62923,0.45262,0.18631,-0.45498,2.556,0
-1.389,0.17048,0.19275,7.282,2.4265,0
-3.8583,0.067882,0.23007,-2.503,3.2176,0
-3.2885,0.42697,0.25067,-7.2818,2.4121,0
1.0803,0.35002,0.21463,4.3238,3.2895,0
4.6893,0.29873,0.17215,6.3718,2.7573,0
4.2144,0.42697,0.13483,-5.6889,2.9875,0
1.1753,0.81171,0.07176,-5.0062,3.419,0
-0.62923,0.52957,0.016416,7.7372,2.9299,0
0.7004,0.22178,-0.013187,3.8687,3.908,0
1.8401,0.17048,-0.018336,-7.2818,3.1169,0
2.8848,-0.26556,-0.015762,-1.1377,3.8073,0
3.0747,-0.72725,-0.022197,7.5096,3.5197,0
2.8848,-0.26556,-0.038929,0.68281,3.3039,0
3.0747,0.32437,-0.053087,-7.9645,3.8217,0
1.6501,0.52957,-0.073681,0.91037,2.9587,0
0.22554,0.60652,-0.13417,7.7372,3.7642,0
-0.43928,0.81171,-0.18051,-2.0479,3.0019,0
-0.91415,0.73476,-0.21912,-7.5093,3.3758,0
-2.1488,0.37567,-0.25259,3.8687,3.4765,0
-2.5287,0.52957,-0.25001,6.3718,2.9731,0
-0.91415,0.17048,-0.20496,-6.3715,3.7786,0
-0.15436,0.042233,-0.16249,-5.4613,2.8293,0
-0.34431,-0.0090658,-0.15091,6.8269,3.6491,0
-0.24933,0.14483,-0.12903,2.5033,3.1457,0
0.79538,-0.034715,-0.10457,-8.8747,3.2176,0
1.8401,-0.13731,-0.086552,-2.0479,3.6635,0
0.98533,-0.0090658,-0.006752,7.0545,2.9156,0
-0.7242,-0.034715,0.047306,0.2277,3.7786,0
-0.43928,0.093531,0.030574,-8.192,2.9156,0
0.13056,0.45262,0.015128,1.8206,3.3902,0
-0.91415,1.0682,-0.0016037,6.5994,3.232,0
-1.389,1.1452,-0.02091,-3.8684,2.7286,0
-0.81917,1.0939,-0.028633,-6.3715,3.4046,0
-1.1991,1.1965,-0.063384,5.0064,2.4841,0
-2.6237,1.4273,-0.10714,4.7789,3.2032,0
-3.9533,1.1965,-0.12774,-6.8267,2.671,0
-2.9086,0.81171,-0.13546,-4.3235,2.671,0
-0.62923,0.68346,-0.1818,6.8269,3.0306,0
-0.91415,0.65782,-0.20754,2.0482,2.2683,0
-2.2438,0.81171,-0.21655,-7.7369,3.2032,0
-3.1935,0.78606,-0.2513,-0.9101,2.369,0
-3.6684,0.93996,-0.30536,7.5096,2.9156,0
-2.9086,0.93996,-0.3414,-1.1377,2.9156,0
-0.34431,0.81171,-0.33367,-9.1023,2.6423,0
3.5496,0.68346,-0.28991,2.7309,3.3327,0
5.1642,0.58087,-0.27961,7.282,2.5128,0
2.8848,0.32437,-0.31437,-3.6408,3.4765,0
-1.6739,0.22178,-0.3015,-6.5991,2.8868,0
-4.4282,0.016583,-0.23843,4.3238,3.1601,0
-4.3332,-0.6503,-0.20496,4.7789,3.3614,0
-2.5287,-0.4964,-0.21269,-5.4613,2.9012,0
-0.81917,0.19613,-0.23843,-5.0062,3.7786,0
0.32051,0.78606,-0.26674,6.3718,2.9587,0
0.98533,0.76041,-0.26417,4.0962,3.6779,0
2.03,0.45262,-0.2616,-7.2818,3.232,0
2.125,0.32437,-0.2809,-2.9581,3.0594,0
1.9351,0.27308,-0.29506,7.7372,3.4621,0
1.5552,0.19613,-0.30922,-0.22742,2.6135,0
2.4099,-0.034715,-0.2616,-8.6471,3.4909,0
3.3597,0.042233,-0.20496,0.68281,2.6423,0
3.3597,0.35002,-0.16893,8.1923,2.9731,0
1.8401,0.35002,-0.15863,-3.1857,2.9443,0
-0.43928,0.50392,-0.18952,-8.192,2.3546,0
-2.9086,0.32437,-0.24615,4.3238,2.9731,0
-6.0427,0.73476,-0.27189,5.9167,1.9231,0
-5.8528,0.73476,-0.26546,-5.6889,2.4984,0
-2.7186,0.35002,-0.241,-6.8267,1.8368,0
1.5552,0.016583,-0.2217,5.234,1.693,0
4.6893,0.27308,-0.21783,3.6411,1.9087,0
4.8792,0.70911,-0.19467,-7.2818,1.1032,0
4.3094,0.73476,-0.18952,-3.4133,1.9375,0
3.9295,0.88866,-0.15863,7.282,0.91626,0
3.3597,1.2477,-0.12903,1.1379,1.4628,0
3.0747,0.96561,-0.12774,-7.7369,1.3334,0
2.6949,0.93996,-0.10071,0.45525,0.90188,0
1.9351,0.96561,-0.078829,7.0545,1.6786,0
2.03,0.78606,-0.050513,-2.503,0.85873,0
1.9351,1.376,-0.023484,-7.5093,1.7217,0
0.41548,1.2734,-0.022197,3.8687,1.3046,0
-0.62923,0.81171,-0.038929,6.5994,1.4772,0
0.7004,0.11918,-0.015762,-6.5991,1.9519,0
0.79538,-0.13731,0.064038,-5.4613,1.319,0
-1.579,-0.13731,0.11552,6.5994,2.3115,0
-2.8136,0.042233,0.13097,3.6411,1.621,0
-2.7186,-0.086014,0.158,-7.2818,2.4121,0
-4.2382,0.042233,0.16057,-1.8203,2.4121,0
-5.5679,0.40132,0.13483,8.1923,2.2827,0
-4.8081,0.093531,0.13225,0.00013542,2.8724,0
-2.6237,-0.086014,0.15156,-7.7369,2.0094,0
0.7004,0.29873,0.11037,1.3655,2.7717,0
1.4602,0.27308,-0.0119,7.282,2.2539,0
-0.43928,0.27308,-0.083977,-2.9581,2.5128,0
-1.0091,0.47827,-0.085264,-7.2818,2.8005,0
-0.62923,0.83736,-0.053087,5.4616,2.3978,0
0.98533,0.55522,-0.069819,5.6891,3.3758,0
1.8401,0.29873,-0.074968,-5.6889,2.6279,0
2.4099,0.24743,-0.037642,-4.7786,3.4046,0
2.22,-0.034715,-0.027345,6.5994,3.045,0
2.6949,0.093531,-0.054374,3.6411,3.0738,0
3.3597,-0.086014,-0.054374,-7.2818,3.4909,0
2.9798,-0.16296,-0.0518,-2.503,2.8293,0
1.4602,-0.18861,-0.027345,7.7372,3.7786,0
0.89035,-0.3938,-0.015762,0.45525,2.9443,0
0.41548,-0.5477,0.013841,-7.5093,3.534,0
-2.0538,-0.57335,0.094928,0.91037,3.4046,0
-5.9477,-0.77854,0.21463,7.282,3.0594,0
-6.0427,-0.95809,0.32918,-3.4133,3.7642,0
-2.1488,-0.77854,0.39868,-7.5093,2.7861,0
1.3652,-0.6503,0.42056,4.0962,3.7786,0
2.7898,-0.6503,0.46947,5.0064,3.0738,0
1.6501,-0.88114,0.53254,-6.8267,3.3327,0
-1.1041,-0.98374,0.59174,-4.5511,3.5772,0
-4.1432,-0.599,0.59947,7.5096,2.9156,0
-4.3332,-0.21426,0.56858,2.7309,3.8361,0
-2.8136,-0.36816,0.56729,-8.6471,2.9731,0
-2.3388,-0.85549,0.566,-1.1377,3.7066,0
-2.5287,-0.5477,0.56858,7.9647,3.3758,0
-0.059385,-0.060364,0.58145,-0.9101,3.3471,0
2.6949,0.40132,0.56214,-8.4196,3.9512,0
3.5496,0.60652,0.54155,2.0482,3.2464,0
3.7396,0.60652,0.54155,6.8269,4.2244,0
2.5049,-0.060364,0.53254,-3.1857,3.5628,0
0.7004,-0.4964,0.51452,-6.5991,4.0231,0
1.3652,-0.599,0.50808,5.4616,4.1957,0
3.5496,-0.82984,0.47205,5.234,3.6923,0
4.3094,-0.72725,0.41413,-6.3715,4.469,0
3.0747,-0.62465,0.40383,-4.5511,3.5197,0
1.8401,-0.599,0.41284,7.7372,4.282,0
0.7004,-0.4451,0.41155,2.5033,3.7498,0
0.13056,-0.41945,0.42957,-9.1023,3.606,0
0.89035,-0.82984,0.44115,-1.1377,4.0806,0
1.7451,-0.47075,0.44244,8.4198,3.1457,0
2.5999,-0.26556,0.39611,0.00013542,4.0806,0
2.7898,-0.4451,0.33561,-7.7369,3.1025,0
1.3652,-0.47075,0.31502,2.7309,3.5484,0
-0.24933,-0.36816,0.2867,7.282,3.3327,0
-1.8639,-0.21426,0.24166,-4.0959,2.8868,0
-5.2829,-0.21426,0.1773,-7.2818,3.5484,0
-7.8472,-0.23991,0.098789,5.234,2.6279,0
-6.7075,0.32437,0.037009,4.3238,3.4477,0
-5.093,0.78606,0.025425,-7.2818,2.8149,0
-4.903,0.76041,0.017703,-3.8684,3.0594,0
-4.903,0.37567,0.024138,7.0545,3.2176,0
-3.3835,0.22178,0.017703,2.0482,2.5991,0
0.035589,-0.060364,-0.00031657,-8.4196,3.5053,0
3.4546,-0.36816,-0.032494,-1.1377,2.671,0
6.4938,-0.57335,-0.049226,7.5096,3.4621,0
7.7285,-0.086014,-0.071106,-1.5928,3.1169,0
6.1139,0.093531,-0.089126,-8.6471,2.9443,0
3.4546,-0.29121,-0.102,1.8206,3.4334,0
1.9351,-0.086014,-0.11101,6.5994,2.5128,0
-0.059385,-0.13731,-0.12645,-4.0959,3.4046,0
-2.2438,0.042233,-0.15477,-5.6889,2.4553,0
-1.579,0.17048,-0.17021,5.4616,2.8005,0
0.13056,-0.21426,-0.17536,5.0064,2.6854,0
-0.43928,-0.060364,-0.1715,-7.5093,2.1532,0
-2.6237,0.14483,-0.12903,-4.7786,2.8436,0
-2.9086,-0.0090658,-0.102,6.8269,1.808,0
-1.294,-0.18861,-0.10714,2.5033,2.4984,0
-1.1041,-0.4964,-0.065958,-7.5093,1.9087,0
-2.1488,-0.77854,-0.033781,-1.1377,1.8799,0
-2.4337,-0.5477,-0.027345,7.5096,2.1388,0
-0.15436,-0.29121,-0.038929,-0.45498,1.319,0
3.0747,-0.82984,-0.046652,-7.7369,2.2108,0
3.6446,-1.3685,-0.0518,2.2757,1.2758,0
1.6501,-1.1376,-0.050513,7.0545,1.8943,0
0.98533,-1.0607,-0.085264,-3.4133,1.7073,0
0.89035,-1.035,-0.15477,-6.144,1.4916,0
1.5552,-0.72725,-0.1715,5.6891,2.0669,0
3.6446,-0.62465,-0.15605,5.234,1.3621,0
4.8792,-0.90679,-0.15091,-5.4613,2.2683,0
4.9742,-0.95809,-0.17793,-3.6408,1.621,0
4.0245,-1.0863,-0.20368,6.3718,1.9806,0
2.9798,-0.75289,-0.22427,3.4135,2.0382,0
0.7004,-0.85549,-0.24615,-7.0542,1.5923,0
-1.6739,-0.7016,-0.23199,-2.7306,2.2971,0
-2.9086,-0.13731,-0.2114,7.9647,1.2758,0
-2.2438,0.093531,-0.21269,-0.68254,2.1532,0
-1.8639,-0.29121,-0.241,-8.6471,1.506,0
-3.0985,-0.26556,-0.24358,0.91037,1.4772,0
-3.2885,-0.034715,-0.22942,7.0545,1.7793,0
-2.0538,0.42697,-0.22298,-2.9581,1.0601,0
-0.7242,0.35002,-0.22942,-6.8267,1.9662,0
1.6501,0.11918,-0.24872,4.3238,0.98818,0
2.5049,0.22178,-0.25387,5.4616,1.6067,0
-0.34431,0.40132,-0.25773,-5.2337,1.3478,0
-2.8136,0.11918,-0.23843,-5.2337,1.1032,0
-2.5287,-0.36816,-0.20882,6.8269,1.6786,0
0.60543,-0.57335,-0.19724,2.2757,0.80119,0
2.315,-0.599,-0.17021,-8.4196,1.7793,0
1.4602,-0.85549,-0.102,-2.503,1.0601,0
0.79538,-0.95809,-0.02992,7.0545,1.3478,0
-0.059385,-1.0607,0.013841,-0.22742,1.4053,0
-1.484,-1.035,0.015128,-7.9645,0.94503,0
-1.9589,-1.4198,0.013841,1.1379,1.7505,0
-2.7186,-1.5737,0.034435,7.282,0.80119,0
-3.8583,-1.4711,0.044732,-3.6408,1.6067,0
-4.1432,-1.6763,0.07176,-6.8267,1.0026,0
-2.8136,-1.548,0.12582,4.5513,1.0313,0
-2.6237,-1.1889,0.17087,5.4616,1.3909,0
-3.1935,-1.4711,0.23522,-5.9164,0.61421,0
-1.9589,-1.8045,0.2468,-5.2337,1.3765,0
-1.579,-1.5737,0.25324,6.5994,0.42722,0
-2.6237,-0.95809,0.2571,3.186,0.88749,0
-4.0483,-0.67595,0.24809,-7.7369,0.65736,0
-3.1935,-0.82984,0.25324,-1.8203,0.26901,0
-0.34431,-1.0607,0.23265,8.1923,0.93064,0
2.5049,-1.0094,0.14126,0.68281,0.096406,0
5.5441,-0.80419,0.065325,-7.7369,1.0601,0
6.8737,-0.599,0.04988,1.8206,0.45599,0
4.4044,-0.57335,0.024138,7.5096,0.55667,0
0.7004,-0.62465,0.0022576,-1.1377,0.85873,0
0.13056,-1.0863,0.0022576,-7.2818,0.12517,0
0.98533,-1.1376,0.0099801,4.0962,1.1032,0
1.6501,-0.36816,0.0061189,5.9167,0.15394,0
1.4602,-0.85549,-0.024771,-5.0062,0.87311,0
-0.53425,-1.548,-0.046652,-6.3715,0.64298,0
-1.0091,-1.3428,-0.037642,5.9167,0.59983,0
0.035589,-1.0863,-0.0119,3.186,1.3334,0
0.51046,-0.80419,0.0048318,-9.1023,0.57106,0
-0.059385,-0.62465,0.0099801,-2.7306,1.4484,0
-1.484,-0.36816,0.007406,6.8269,0.68613,0
-2.5287,-0.4964,-0.0028907,0.2277,1.132,0
-3.0036,-0.85549,0.039583,-8.192,1.1464,0
-1.7689,-0.5477,0.097502,1.1379,0.74366,0
-0.43928,-0.21426,0.15928,6.8269,1.5779,0
-1.0091,-0.21426,0.16572,-4.5511,0.74366,0
-1.1991,-0.62465,0.16057,-6.8267,1.4772,0
0.60543,-0.7016,0.19275,5.234,0.71489,0
1.7451,-0.36816,0.24552,4.0962,0.81558,0
2.315,-0.23991,0.29443,-7.0542,1.0313,0
1.7451,-0.62465,0.34848,-3.6408,0.39846,0
0.7004,-0.67595,0.3871,7.282,1.1608,0
-0.15436,-0.62465,0.43343,2.2757,0.082022,0
-1.6739,-1.0863,0.51452,-7.5093,0.48476,0
-3.4784,-1.3428,0.56472,-0.9101,0.038872,0
-2.2438,-1.1889,0.58273,6.3718,-0.46455,0
-1.1041,-1.7276,0.58788,-1.3652,-0.033045,0
0.13056,-1.7019,0.58917,-8.6471,-1.0111,0
2.4099,-1.4454,0.55442,2.7309,-0.14811,0
4.2144,-1.6506,0.51066,6.5994,-0.95358,0
4.0245,-1.3428,0.45789,-4.0959,-0.60838,0
5.0692,-1.3428,0.41799,-6.5991,-0.49331,0
6.9687,-1.5993,0.39482,5.4616,-0.95358,0
5.924,-1.3685,0.36264,5.0064,-0.090578,0
2.5049,-1.3172,0.35621,-6.8267,-1.0111,0
0.13056,-0.93244,0.36908,-3.4133,-0.26318,0
-0.62923,-0.88114,0.35621,7.282,-0.6803,0
-0.7242,-0.75289,0.34462,1.8206,-0.69468,0
0.035589,-0.67595,0.33947,-8.4196,-0.29195,0
1.5552,-1.0863,0.29314,-0.22742,-1.0111,0
1.5552,-1.5224,0.21978,7.7372,-0.13373,0
-0.53425,-1.1376,0.15156,-0.68254,-1.0255,0
-1.389,-1.3685,0.087205,-7.7369,-0.7666,0
-2.5287,-1.4198,-0.0016037,3.186,-0.96797,0
-6.8025,-1.4711,-0.14704,6.1442,-1.5145,0
-8.1321,-1.4454,-0.34268,-5.2337,-0.82413,0
-5.093,-1.4198,-0.55634,-6.8267,-1.5721,0
-3.5734,-1.4198,-0.74168,5.4616,-0.69468,0
-1.484,-1.4454,-0.909,4.5513,-1.1837,0
1.7451,-1.4454,-1.1149,-7.0542,-1.1837,0
2.5049,-0.90679,-1.3234,-3.4133,-0.8529,0
1.0803,-0.88114,-1.541,7.5096,-1.831,0
0.7004,-0.72725,-1.7816,1.5931,-1.083,0
2.315,-0.13731,-2.0275,-7.7369,-2.1762,0
3.7396,0.11918,-2.2489,-0.68254,-1.7878,0
2.7898,-0.26556,-2.4046,6.8269,-2.0467,0
1.6501,-0.29121,-2.5784,-2.0479,-2.5358,0
1.6501,-0.4964,-2.7547,-7.5093,-1.8741,0
0.7004,-0.599,-2.8988,2.9584,-2.809,0
-1.0091,-0.36816,-3.0404,6.3718,-2.0036,0
-2.5287,-0.21426,-3.2335,-5.6889,-2.5789,0
-2.9086,-0.18861,-3.5192,-5.9164,-2.6364,0
-3.6684,-0.16296,-3.8178,5.4616,-2.3632,0
-1.7689,-0.3938,-4.0456,3.186,-3.0823,0
3.5496,-0.086014,-4.1859,-8.192,-2.2049,0
7.5385,0.11918,-4.2644,-2.9581,-2.996,0
4.8792,-0.034715,-4.3159,8.1923,-2.2337,0
-0.7242,-0.13731,-4.3224,1.8206,-2.1618,0
-3.6684,-0.18861,-4.3185,-7.5093,-2.1474,0
-0.91415,-0.21426,-4.3198,0.00013542,-1.3707,0
4.4044,-0.21426,-4.3288,7.5096,-2.2049,0
6.4938,-0.47075,-4.361,-2.7306,-1.5002,0
4.8792,-0.57335,-4.3545,-7.5093,-2.3775,0
3.9295,-0.77854,-4.2477,4.3238,-2.2481,0
3.8345,-0.29121,-4.1319,6.3718,-2.3488,0
2.9798,0.32437,-4.0675,-5.2337,-2.8378,0
1.0803,0.11918,-3.9787,-5.9164,-1.9317,0
0.41548,-0.41945,-3.8461,5.6891,-2.6796,0
2.03,0.093531,-3.7303,3.6411,-1.8741,0
3.2647,0.70911,-3.6042,-7.0542,-2.3344,0
3.3597,0.76041,-3.478,-2.2755,-2.3632,0
3.0747,0.88866,-3.3725,7.7372,-1.9317,0
2.22,1.2477,-3.1794,1.5931,-2.4638,0
-0.15436,1.4273,-2.8705,-7.9645,-1.3419,0
-2.1488,1.7094,-2.5668,-0.68254,-2.0611,0
-3.2885,2.0172,-2.348,7.9647,-1.3707,0
-2.9086,2.4789,-2.2077,-0.45498,-1.5433,0
-1.0091,3.1201,-2.106,-7.9645,-1.9029,0
0.035589,3.6588,-1.9644,2.2757,-1.3276,0
-1.1041,3.2227,-1.7417,6.1442,-2.1906,0
-2.5287,2.8124,-1.4805,-3.4133,-1.0399,0
-2.0538,2.6841,-1.1767,-7.5093,-1.5145,0
-1.1041,2.7098,-0.80603,4.7789,-1.1262,0
-1.1991,2.6328,-0.35555,5.0064,-1.083,0
-2.5287,2.402,0.15285,-6.8267,-1.8454,0
-4.1432,2.2224,0.61234,-5.0062,-1.2269,0
-4.0483,2.0172,1.0036,6.8269,-2.0755,0
-4.3332,1.8633,1.1722,2.7309,-1.155,0
-4.0483,2.0429,1.4309,-7.7369,-1.2988,0
-0.91415,2.5046,1.8132,-2.503,-1.0687,0
4.5943,2.6585,2.2958,7.5096,-0.5077,0
7.6335,2.838,2.866,-0.45498,-1.2556,0
7.8234,3.0945,3.4581,-7.9645,-0.39263,0
7.2536,3.0688,4.0502,2.5033,-1.3276,0
5.3541,3.3253,4.6589,6.8269,-0.91043,0
0.51046,3.1714,5.1969,-3.8684,-1.2556,0
-3.6684,3.0945,5.6397,-7.2818,-1.6152,0
-4.0483,2.7867,6.0966,4.5513,-0.98235,0
-2.0538,2.6841,6.3064,5.234,-1.6008,0
-1.8639,2.6585,6.3579,-6.5991,-0.36386,0
-1.8639,2.6841,6.3669,-4.5511,-0.70906,0
-0.62923,2.6585,6.3656,7.0545,-0.14811,0
0.7004,2.6585,6.3669,1.8206,-0.047428,0
1.8401,2.6841,6.3656,-8.192,-0.75222,0
2.125,2.6328,6.3682,-1.3652,-0.061812,0
2.22,2.6585,6.3656,7.9647,-1.0687,0
1.8401,2.6072,6.3643,-0.22742,-0.32071,0
0.98533,2.6841,6.3656,-7.5093,-0.49331,0
1.2702,2.6328,6.3836,3.186,-0.20565,0
1.5552,3.5818,7.0452,6.8269,0.31216,0
-0.24933,3.9409,7.3464,-4.3235,-0.34948,0
-2.7186,3.8896,7.2344,-6.8267,0.21147,0
-3.5734,3.4536,6.9564,5.4616,-1.1406,0
-3.2885,3.4023,6.6462,5.0064,-0.91043,0
-2.4337,3.6588,6.3566,-6.144,-1.5002,0
-2.1488,3.864,6.031,-3.1857,-1.7303,0
-1.389,3.4279,5.7259,7.5096,-1.0111,0
-0.15436,3.4023,5.4415,1.8206,-1.5433,0
-0.24933,3.2227,5.1326,-8.192,-0.30633,0
-0.34431,3.0688,4.982,-0.9101,-0.79537,0
0.60543,3.0432,4.9447,7.0545,-0.20565,0
0.035589,3.0945,4.9382,-0.9101,-0.13373,0
-1.9589,3.0688,4.9344,-7.7369,-0.73783,0
-3.0985,3.0945,4.9395,2.9584,-0.076195,0
-2.7186,3.0175,4.9395,6.5994,-1.1981,0
-0.62923,3.1201,4.888,-5.2337,-0.46455,0
1.7451,0.96561,3.0617,-7.2818,-0.9392,0
2.8848,-0.34251,1.8106,4.0962,-0.73783,0
1.9351,-0.80419,1.2932,4.7789,-0.004278,0
-0.15436,-1.2402,1.0242,-6.8267,-0.53646,0
-1.7689,-1.3685,0.81827,-4.5511,0.47037,0
-1.6739,-1.1633,0.62135,7.282,-0.47893,0
-0.34431,-1.2659,0.46046,1.3655,-0.19126,0
0.41548,-1.0863,0.3266,-7.9645,-0.45016,0
0.79538,-1.0863,0.21591,-0.68254,-1.0687,0
0.89035,-1.2402,0.087205,7.282,-0.47893,0
1.1753,-1.1633,-0.022197,-1.1377,-1.6008,0
1.3652,-0.80419,-0.16635,-7.7369,-1.155,0
-0.81917,-0.36816,-0.36328,3.8687,-2.2049,0
-1.1991,-0.21426,-0.53188,6.1442,-2.2912,0
1.7451,-0.88114,-0.64,-4.7786,-2.2193,0
4.1195,-0.80419,-0.76613,-6.8267,-2.7371,0
3.3597,-0.4964,-0.85752,5.9167,-1.7447,0
0.98533,-0.47075,-0.92573,4.0962,-2.4351,0
-0.15436,-0.75289,-0.95662,-7.0542,-1.5721,0
-0.91415,-1.2659,-0.97464,-4.0959,-2.0323,0
-2.3388,-1.3941,-1.003,7.9647,-2.0899,0
-3.4784,-1.6506,-1.0338,2.9584,-1.644,0
-3.8583,-1.8302,-1.0918,-7.7369,-2.4351,0
-3.6684,-1.548,-1.1793,-0.9101,-1.4714,0
-4.4282,-1.2146,-1.2694,7.282,-2.3344,0
-4.903,-1.2402,-1.3402,0.2277,-1.6871,0
-2.6237,-1.3685,-1.3711,-7.7369,-1.6871,0
-0.81917,-1.4198,-1.4007,2.2757,-1.9604,0
0.79538,-1.4454,-1.4869,6.8269,-1.1837,0
1.4602,-1.4198,-1.586,-4.0959,-2.2193,0
-0.91415,-1.7276,-1.6311,-6.8267,-1.4426,0
-4.2382,-2.0354,-1.622,5.0064,-2.4638,0
-2.4337,-1.9584,-1.5989,5.4616,-2.5933,0
1.2702,-1.8045,-1.5886,-6.5991,-2.5645,0
3.2647,-1.8302,-1.5757,-4.5511,-3.1542,0
3.6446,-1.8558,-1.5448,7.5096,-1.8741,0
4.5943,-2.0867,-1.5616,2.5033,-2.3775,0
6.0189,-2.2406,-1.6259,-7.9645,-1.4426,0
5.3541,-2.2406,-1.6684,-0.68254,-1.8454,0
4.4044,-2.3175,-1.6465,7.7372,-2.32,0
1.8401,-1.9841,-1.6092,-1.8203,-2.133,0
1.2702,-2.3688,-1.6259,-8.192,-3.37,0
1.4602,-2.6253,-1.6426,2.5033,-2.6508,0
-0.059385,-2.1636,-1.6916,6.5994,-3.4707,0
-3.8583,-1.9071,-1.7675,-6.144,-2.7515,0
-6.3276,-1.5737,-1.8241,-5.9164,-2.5358,0
-3.8583,-1.2402,-1.8717,6.8269,-2.7515,0
0.13056,-1.035,-1.8885,4.5513,-1.831,0
0.79538,-0.80419,-1.8692,-6.8267,-2.5933,0
-0.059385,-0.47075,-1.8589,-3.1857,-1.7303,0
-2.2438,-0.4964,-1.8434,7.5096,-2.2337,0
-4.5231,-0.5477,-1.7984,1.1379,-1.9604,0
-4.0483,-0.34251,-1.7417,-7.9645,-1.3851,0
-0.24933,-0.67595,-1.7044,0.45525,-1.6728,0
3.5496,-0.95809,-1.6903,7.5096,-0.29195,0
2.7898,-0.82984,-1.6658,-2.0479,-0.66591,0
0.60543,-0.85549,-1.6015,-7.9645,0.16832,0
-0.53425,-1.1633,-1.5023,3.6411,0.11079,0
-1.389,-1.5993,-1.4174,7.0545,-0.11935,0
-2.0538,-1.8302,-1.3994,-4.7786,0.72928,0
1.0803,-1.3172,-1.4431,-6.144,0.024489,0
3.9295,-0.85549,-1.4959,6.3718,1.0169,0
2.7898,-0.599,-1.4946,3.8687,0.35531,0
0.89035,-0.85549,-1.4393,-6.5991,0.82996,0
1.3652,-1.1889,-1.3698,-3.1857,1.4484,0
2.6949,-1.3172,-1.2977,7.7372,1.506,0
2.5049,-1.4198,-1.2385,1.8206,2.9299,0
1.6501,-1.3941,-1.1819,-8.6471,2.4265,0
1.1753,-1.5993,-1.0995,-0.22742,3.2032,0
2.9798,-1.5737,-1.0338,7.7372,2.5416,0
2.7898,-1.2146,-0.9888,-2.2755,2.2395,0
1.9351,-1.0607,-0.99137,-7.0542,2.5416,0
1.7451,-1.035,-1.0133,4.0962,1.8943,0
1.4602,-0.72725,-1.0454,5.6891,3.0306,0
1.2702,-0.62465,-1.0853,-6.3715,2.2971,0
-0.62923,-0.90679,-1.1252,-5.2337,2.6423,0
-2.6237,-0.7016,-1.1677,7.0545,2.2252,0
-1.6739,-0.67595,-1.196,3.6411,1.5779,0
-0.15436,-0.88114,-1.1857,-7.7369,2.2683,0
-0.43928,-1.1889,-1.1291,-2.0479,1.5491,0
-0.91415,-1.3941,-1.0969,7.0545,2.6854,0
-1.0091,-1.1633,-1.0532,-0.45498,2.1532,0
0.7004,-1.0094,-1.0094,-8.192,2.5272,0
1.5552,-1.2146,-0.95662,1.1379,2.4121,0
1.1753,-1.3685,-0.92959,6.5994,1.4628,0
0.79538,-1.1633,-0.92316,-3.8684,1.9087,0
-0.34431,-0.80419,-0.91158,-7.5093,0.82996,0
-2.1488,-0.85549,-0.8794,4.5513,1.7361,0
-1.1991,-0.98374,-0.87554,5.0064,1.5779,0
1.6501,-0.80419,-0.88969,-6.144,1.6354,0
3.5496,-0.88114,-0.88583,-4.3235,1.9087,0
4.1195,-0.7016,-0.87039,7.282,0.88749,0
2.315,-0.62465,-0.8395,2.2757,1.5204,0
0.79538,0.067882,-0.7996,-7.5093,0.13956,0
-0.15436,0.27308,-0.73653,-0.68254,0.18271,0
-0.24933,0.47827,-0.70178,7.5096,-0.62276,0
-1.6739,0.37567,-0.67346,-0.22742,-1.3563,0
-2.1488,0.47827,-0.65802,-7.7369,-0.99673,0
-2.2438,0.58087,-0.69148,2.0482,-2.1474,0
-1.9589,0.88866,-0.75326,7.7372,-1.6152,0
0.22554,1.4273,-0.7996,-3.1857,-2.7227,0
2.03,1.4786,-0.80089,-7.7369,-2.9529,0
1.1753,1.0169,-0.77386,4.0962,-3.0392,0
0.32051,0.91431,-0.69148,6.1442,-4.0029,0
0.51046,0.73476,-0.61168,-6.144,-3.2405,0
0.51046,0.63217,-0.55376,-5.0062,-4.2618,0
-0.81917,0.63217,-0.49713,7.5096,-3.7296,0
-1.389,0.60652,-0.48555,2.7309,-4.1898,0
-1.484,0.65782,-0.46367,-7.2818,-4.6214,0
-2.8136,0.35002,-0.37872,-1.1377,-4.3768,0
-3.3835,-0.21426,-0.28991,8.875,-5.3549,0
0.13056,-0.086014,-0.29635,0.00013542,-4.4775,0
3.8345,0.14483,-0.34526,-8.4196,-5.2255,0
3.8345,0.40132,-0.39674,2.5033,-4.6214,0
2.22,0.11918,-0.40189,6.8269,-4.3049,0
2.315,-0.13731,-0.35684,-4.7786,-4.5351,0
2.4099,-0.23991,-0.29635,-6.3715,-3.672,0
0.79538,-0.18861,-0.23199,6.1442,-4.607,0
-1.1991,-0.6503,-0.15605,4.0962,-3.859,0
0.22554,-1.3428,-0.099422,-7.5093,-4.3049,0
2.9798,-1.7789,-0.080116,-4.3235,-4.2761,0
3.5496,-1.8045,-0.068532,7.282,-3.744,0
0.79538,-1.5993,-0.0028907,2.0482,-4.3481,0
-1.1991,-1.7276,0.11037,-8.6471,-3.3268,0
-2.0538,-1.7789,0.19661,-0.9101,-4.1467,0
-0.059385,-1.548,0.25581,7.0545,-3.5282,0
0.60543,-1.7276,0.297,-2.0479,-3.6864,0
0.79538,-2.061,0.34848,-7.9645,-4.0172,0
0.035589,-1.9071,0.37294,3.4135,-3.2837,0
-0.7242,-1.5737,0.35621,6.8269,-4.0316,0
0.79538,-1.1889,0.32403,-6.144,-2.9673,0
1.6501,-1.5737,0.34076,-6.5991,-3.6433,0
0.79538,-2.0354,0.37937,6.1442,-3.2981,0
0.41548,-1.5224,0.34977,4.7789,-3.3125,0
-1.1041,-0.599,0.31631,-7.2818,-3.9453,0
-2.3388,-0.72725,0.3266,-3.4133,-3.2118,0
-0.15436,-1.1889,0.34591,6.8269,-4.2618,0
1.9351,-1.3428,0.3472,1.1379,-3.4994,0
1.5552,-1.1889,0.30858,-7.9645,-4.0029,0
1.4602,-0.599,0.26354,-0.68254,-4.0748,0
-0.059385,-0.23991,0.22235,8.1923,-3.7152,0
-0.15436,0.016583,0.15413,-0.9101,-4.5926,0
0.89035,0.42697,0.052454,-7.2818,-3.7727,0
2.125,0.60652,-0.0093262,2.5033,-4.6214,0
2.6949,0.65782,-0.077542,6.5994,-4.1755,0
3.2647,0.83736,-0.12516,-3.8684,-4.1035,0
2.4099,0.93996,-0.102,-5.9164,-4.4775,0
1.6501,1.299,-0.046652,5.6891,-3.6001,0
-0.059385,1.4016,-0.006752,4.3238,-4.42,0
-1.1041,1.889,0.0048318,-6.3715,-3.2837,0
-2.3388,2.1968,-0.0016037,-3.8684,-3.7152,0
-2.7186,2.2737,0.026712,7.5096,-3.2549,0
-2.4337,2.4276,0.033148,2.5033,-2.7659,0
-1.1041,2.1968,0.060177,-7.5093,-3.1399,0
1.3652,1.376,0.1181,-0.68254,-2.0036,0
2.6949,1.3503,0.158,7.7372,-2.7084,0
3.0747,1.1965,0.18502,-1.8203,-1.9029,0
2.22,1.299,0.24037,-7.5093,-2.1474,0
1.0803,1.1452,0.29185,2.7309,-2.1618,0
-1.294,0.55522,0.29057,6.3718,-1.3563,0
-0.91415,0.27308,0.24938,-5.4613,-1.9029,0
0.32051,0.14483,0.22492,-6.144,-0.66591,0
-0.53425,0.47827,0.21978,5.6891,-1.2413,0
-1.7689,0.60652,0.18374,3.4135,-0.53646,0
-1.1991,1.1195,0.12711,-7.2818,-0.43578,0
-0.7242,1.299,0.087205,-3.6408,-0.82413,0
-1.9589,0.99126,0.051167,7.9647,-0.004278,0
-2.9086,0.65782,0.00097052,1.3655,-0.82413,0
-2.8136,1.0426,-0.00031657,-8.6471,0.010105,0
-3.9533,1.0939,0.027999,-0.22742,-0.19126,0
-4.903,0.58087,0.011267,7.282,-0.090578,0
-4.1432,0.22178,0.020277,-2.2755,0.67174,0
-0.24933,0.19613,0.07176,-7.7369,0.096406,0
4.6893,0.19613,0.082057,3.186,1.1176,0
6.2089,0.17048,0.04988,5.9167,0.47037,0
3.6446,0.19613,0.00097052,-5.0062,1.0745,0
0.13056,0.17048,0.022851,-7.2818,1.2183,0
-0.34431,-0.21426,0.057602,5.9167,0.97379,0
0.7004,-0.29121,0.067899,4.0962,1.8656,0
-0.24933,-0.0090658,0.085918,-7.2818,1.0601,0
0.22554,-0.0090658,0.12324,-4.0959,1.9087,0
2.315,0.067882,0.15928,7.0545,1.4053,0
3.2647,0.19613,0.21591,2.9584,1.4916,0
1.9351,0.47827,0.26096,-6.3715,1.8799,0
0.60543,0.11918,0.28928,-1.1377,1.2615,0
-0.7242,-0.36816,0.27255,8.1923,2.3978,0
-0.53425,-0.80419,0.24037,-0.68254,1.7793,0
2.125,-0.4964,0.21077,-7.2818,2.4984,0
3.2647,-0.086014,0.18631,2.0482,2.6567,0
0.7004,0.19613,0.167,6.1442,2.369,0
-2.2438,0.016583,0.12324,-4.0959,3.2608,0
-5.2829,0.067882,0.08978,-6.3715,2.556,0
-6.9925,0.65782,0.064038,5.6891,3.6203,0
-5.4729,1.0169,0.062751,4.0962,3.3183,0
-2.8136,1.0169,0.083344,-7.2818,3.5916,0
-3.6684,0.78606,0.11552,-3.8684,4.2676,0
-4.3332,0.40132,0.15413,6.8269,3.8073,0
-2.8136,0.016583,0.18245,1.1379,4.9005,0
0.22554,-0.16296,0.16958,-8.192,4.1669,0
1.8401,-0.16296,0.14899,-0.68254,4.8717,0
2.22,-0.13731,0.16186,6.5994,4.7566,0
2.125,-0.13731,0.19403,-2.9581,4.6128,0
2.5999,0.35002,0.20433,-7.5093,5.1737,0
1.4602,0.78606,0.22364,3.186,4.3395,0
-2.6237,0.58087,0.25453,5.9167,5.0874,0
-3.3835,0.22178,0.24938,-6.5991,4.2676,0
-0.62923,0.45262,0.18245,-6.3715,4.397,0
2.5999,0.81171,0.12324,5.6891,4.3683,0
4.2144,1.1965,0.10909,3.186,3.6491,0
3.7396,1.4529,0.10265,-7.9645,4.4114,0
0.41548,1.1965,0.082057,-2.2755,3.3758,0
-2.9086,1.299,0.087205,7.9647,3.9512,0
-4.3332,1.6325,0.11295,0.68281,3.3758,0
-3.8583,1.5299,0.10394,-7.7369,3.1313,0
-2.1488,1.6581,0.083344,0.91037,3.3758,0
-0.34431,1.299,0.079483,7.282,2.4265,0
2.7898,0.63217,0.1181,-2.0479,3.1025,0
4.8792,0.24743,0.158,-7.9645,2.1388,0
3.9295,-0.23991,0.17087,3.6411,2.4409,0
2.4099,-0.72725,0.11423,6.1442,2.182,0
1.0803,-0.5477,0.013841,-5.4613,1.5204,0
0.89035,0.14483,-0.022197,-4.7786,2.0238,0
0.51046,0.52957,-0.0080391,6.1442,0.90188,0
-0.34431,0.78606,0.043444,3.4135,1.5204,0
-0.34431,1.1965,0.078196,-7.2818,0.71489,0
0.13056,1.1708,0.088493,-2.2755,0.72928,0
-0.62923,1.0426,0.05889,7.5096,0.78681,0
-1.484,1.0682,0.039583,-0.22742,-0.018661,0
-3.0985,0.55522,0.027999,-7.2818,0.64298,0
-2.3388,-0.0090658,0.029286,1.8206,-0.49331,0
-0.059385,0.042233,0.0086931,6.8269,0.053256,0
-0.059385,-0.26556,0.0061189,-3.1857,-0.5077,0
-1.0091,-0.5477,0.021564,-7.7369,-0.83852,0
-0.62923,-0.18861,0.053741,3.6411,-0.52208,0
0.51046,-0.086014,0.067899,5.0064,-1.4282,0
0.32051,-0.3938,0.070473,-6.8267,-0.69468,0
0.41548,-0.36816,0.060177,-5.0062,-1.6152,0
0.79538,-0.47075,0.043444,6.1442,-1.4282,0
-0.81917,-0.34251,0.022851,2.2757,-1.5433,0
-2.8136,-0.23991,0.025425,-8.192,-2.2625,0
-2.9086,0.067882,0.027999,-1.8203,-1.5721,0
-1.1041,0.17048,0.0086931,7.7372,-2.7084,0
-0.91415,0.45262,-0.019623,-0.22742,-2.0899,0
-0.7242,0.78606,-0.050513,-9.1023,-2.6077,0
-0.91415,0.99126,-0.064671,1.1379,-2.8234,0
-1.8639,1.2734,-0.06081,6.8269,-2.6364,0
-1.0091,1.1708,-0.02992,-3.4133,-3.5857,0
0.51046,0.81171,0.007406,-7.7369,-2.8234,0
-0.34431,0.63217,0.025425,4.5513,-3.744,0
0.32051,0.11918,0.067899,5.0064,-3.3988,0
1.2702,-0.13731,0.14255,-7.0542,-3.8159,0
0.13056,0.016583,0.22235,-5.0062,-4.2905,0
-1.484,-0.29121,0.26354,6.5994,-3.8015,0
-2.5287,-0.82984,0.28928,2.0482,-4.8515,0
-3.0036,-0.67595,0.28928,-8.4196,-4.1179,0
-2.2438,-1.0863,0.28156,-1.1377,-4.9234,0
-2.1488,-0.90679,0.23393,8.1923,-4.7364,0
-3.6684,-0.6503,0.23007,-0.9101,-4.5782,0
-2.4337,-0.3938,0.2571,-8.192,-5.0097,0
-1.7689,-0.93244,0.25067,3.4135,-4.1898,0
-3.1935,-1.1376,0.23007,6.1442,-4.9809,0
-1.8639,-0.57335,0.21205,-4.0959,-4.0604,0
0.98533,-0.060364,0.18889,-6.5991,-4.3337,0
2.4099,0.60652,0.15542,5.234,-4.3049,0
3.3597,0.27308,0.10394,5.0064,-3.7152,0
4.5943,-0.34251,0.066612,-6.3715,-4.3193,0
6.0189,0.37567,0.056315,-3.4133,-3.183,0
4.8792,0.68346,0.066612,7.7372,-3.7871,0
1.7451,0.35002,0.083344,1.3655,-3.0536,0
-1.389,0.22178,0.064038,-7.9645,-2.9673,0
-2.2438,-0.52205,-0.0028907,-0.22742,-3.1686,0
-0.62923,-0.88114,-0.038929,7.0545,-2.2337,0
-1.294,-0.57335,-0.037642,-1.1377,-2.9673,0
-1.0091,-0.034715,-0.036355,-7.2818,-1.9173,0
-1.1041,0.60652,-0.04279,2.7309,-2.2769,0
0.79538,0.73476,-0.049226,5.4616,-1.9317,0
2.22,0.65782,-0.074968,-6.144,-1.3419,0
1.7451,0.83736,-0.11229,-4.7786,-1.6871,0
-0.43928,0.76041,-0.14962,6.5994,-0.594,0
0.035589,0.83736,-0.17021,3.6411,-1.2844,0
1.2702,1.0169,-0.17279,-7.7369,-0.5077,0
0.7004,0.81171,-0.13932,-2.7306,-0.66591,0
-0.81917,0.60652,-0.094274,7.282,-0.66591,0
-1.294,0.42697,-0.078829,0.00013542,-0.004278,0
-0.62923,0.47827,-0.08269,-8.6471,-0.56523,0
0.13056,0.29873,-0.087839,1.1379,0.61421,0
0.41548,0.042233,-0.089126,7.282,0.13956,0
1.9351,0.042233,-0.032494,-3.4133,0.88749,0
3.4546,0.60652,0.0086931,-7.0542,1.132,0
2.9798,0.70911,0.0048318,3.6411,0.85873,0
1.0803,0.14483,0.01899,5.4616,1.7073,0
0.51046,-0.13731,0.051167,-5.9164,0.85873,0
2.9798,-0.41945,0.082057,-4.7786,1.6498,0
4.4044,-0.11166,0.10265,7.7372,1.0601,0
2.4099,-0.086014,0.12453,3.4135,1.132,0
0.51046,-0.18861,0.12067,-7.2818,1.3478,0
0.22554,-0.41945,0.11552,-2.7306,0.75804,0
-0.62923,-0.34251,0.11552,7.5096,1.693,0
-1.6739,-0.21426,0.08077,0.91037,0.90188,0
-2.1488,-0.41945,0.022851,-7.9645,1.4772,0
-1.7689,-0.57335,0.020277,0.91037,1.3621,0
-0.53425,-0.34251,0.027999,7.9647,1.3046,0
-0.059385,-0.21426,0.029286,-2.7306,2.0094,0
0.13056,-0.67595,0.056315,-7.2818,1.2758,0
0.51046,-0.95809,0.092354,4.0962,2.2395,0
0.98533,-1.035,0.12453,6.3718,1.7505,0
1.2702,-1.4454,0.16958,-5.4613,2.182,0
1.9351,-1.7532,0.18889,-5.0062,2.5416,0
2.03,-1.5737,0.14899,7.5096,2.3115,0
0.13056,-1.1889,0.074335,3.186,3.4477,0
-2.1488,-1.0607,-0.014475,-7.5093,2.8293,0
-4.7131,-0.29121,-0.072394,-2.503,3.6491,0
-5.4729,0.17048,-0.076255,7.282,3.4765,0
-3.1935,0.22178,-0.038929,-0.22742,3.2464,0
-0.34431,0.65782,-0.014475,-8.4196,3.7066,0
-0.059385,0.70911,-0.0016037,1.1379,2.8868,0
-1.0091,-0.086014,0.030574,6.5994,3.7354,0
-0.53425,-0.72725,0.07176,-2.7306,2.9587,0
0.7004,-0.77854,0.065325,-7.0542,3.3902,0
1.5552,-0.3938,0.065325,3.6411,3.3183,0
1.3652,-0.21426,0.060177,5.0064,2.7573,0
0.89035,0.093531,0.066612,-5.4613,3.3614,0
0.41548,0.45262,0.043444,-5.6889,2.2971,0
0.035589,0.83736,-0.022197,7.0545,2.9156,0
1.3652,0.76041,-0.083977,3.4135,2.182,0
2.7898,0.88866,-0.10586,-7.7369,2.0957,0
2.125,0.73476,-0.14704,-1.8203,2.1532,0
0.89035,0.37567,-0.241,8.6474,1.4197,0
-0.059385,0.24743,-0.28476,0.68281,2.1676,0
0.89035,0.17048,-0.25387,-7.9645,1.2327,0
1.4602,-0.034715,-0.21397,2.2757,1.7936,0
0.89035,-0.16296,-0.13932,7.0545,1.2902,0
0.98533,-0.47075,-0.044078,-3.6408,1.0313,0
0.60543,-0.599,0.066612,-7.5093,1.319,0
0.89035,-1.0607,0.15027,5.4616,0.35531,0
0.7004,-0.88114,0.20047,5.0064,1.1464,0
0.79538,-0.7016,0.22492,-6.5991,0.067639,0
1.4602,-0.85549,0.21463,-3.4133,0.44161,0
1.0803,-0.98374,0.20948,7.9647,0.22586,0
-0.059385,-1.0607,0.20304,2.2757,-0.29195,0
-0.43928,-1.2915,0.16572,-8.192,0.32654,0
-0.62923,-1.3941,0.15413,-0.9101,-0.66591,0
-1.1041,-1.1633,0.16572,8.1923,0.25462,0
-1.8639,-0.599,0.16186,-0.9101,-0.60838,0
-1.7689,-0.47075,0.098789,-7.9645,-0.53646,0
-1.0091,-0.34251,0.012554,2.5033,-0.5077,0
-0.81917,-0.21426,-0.055661,6.5994,-1.2125,0
-0.62923,-0.6503,-0.047939,-4.0959,-0.3351,0
-0.62923,-0.21426,-0.014475,-6.3715,-1.2556,0
-1.1991,0.042233,0.0022576,6.1442,-0.49331,0
-2.0538,0.17048,-0.014475,3.6411,-0.56523,0
-2.1488,0.35002,-0.028633,-7.7369,-0.66591,0
-2.3388,0.093531,-0.019623,-3.6408,0.15394,0
-1.6739,-0.34251,-0.014475,7.7372,-0.594,0
0.13056,0.11918,-0.0119,1.5931,0.39846,0
2.315,0.47827,-0.044078,-8.6471,-0.14811,0
2.7898,0.29873,-0.076255,0.2277,0.11079,0
3.0747,-0.21426,-0.068532,6.8269,0.36969,0
2.03,-0.29121,-0.067245,-2.0479,-0.26318,0
1.2702,0.17048,-0.095561,-8.192,0.59983,0
0.89035,0.35002,-0.13932,3.186,-0.2488,0
0.51046,0.17048,-0.13417,6.1442,0.35531,0
0.035589,-0.47075,-0.11744,-6.8267,0.024489,0
-0.15436,-0.6503,-0.14833,-5.6889,-0.19126,0
-1.294,-0.6503,-0.14704,6.5994,0.32654,0
-2.8136,-0.62465,-0.11744,3.8687,-0.52208,0
-2.9086,-0.57335,-0.13031,-7.9645,0.35531,0
-0.43928,-0.36816,-0.14704,-3.6408,-0.45016,0
0.60543,0.27308,-0.16506,7.5096,-0.076195,0
0.51046,0.76041,-0.17279,0.2277,-0.004278,0
0.32051,1.2221,-0.13932,-7.9645,-0.53646,0
1.2702,1.1708,-0.092987,0.2277,0.32654,0
1.0803,1.0682,-0.068532,7.0545,-0.5077,0
1.2702,1.0426,-0.062097,-2.2755,0.35531,0
2.315,1.2734,-0.058236,-6.8267,-0.033045,0
1.6501,1.4529,-0.078829,3.6411,-0.018661,0
-1.294,1.4529,-0.10071,5.6891,0.49914,0
-2.5287,1.4016,-0.14576,-4.7786,-0.1625,0
-0.81917,1.6581,-0.18308,-5.2337,0.81558,0
-0.81917,1.3247,-0.19209,6.1442,-0.090578,0
-3.0985,1.1195,-0.15992,4.0962,0.42722,0
-3.8583,0.58087,-0.08269,-7.5093,0.21147,0
-2.4337,0.22178,-0.055661,-3.8684,-0.13373,0
-0.81917,0.22178,-0.096848,8.1923,0.48476,0
0.51046,0.17048,-0.12388,2.9584,-0.4214,0
0.79538,-0.034715,-0.14318,-7.5093,0.67174,0
1.0803,-0.3938,-0.094274,-0.68254,-0.018661,0
0.89035,-0.5477,-0.027345,8.1923,0.34092,0
-0.059385,-0.599,-0.02091,-0.9101,0.49914,0
-2.5287,-0.086014,-0.027345,-8.4196,-0.061812,0
-4.3332,-0.11166,-0.038929,2.2757,0.82996,0
-4.3332,-0.6503,-0.046652,6.5994,-0.090578,0
-3.0036,-0.67595,0.007406,-4.3235,0.58544,0
-1.9589,-0.41945,0.087205,-7.9645,0.15394,0
-1.389,0.067882,0.088493,3.8687,0.053256,0
-1.9589,-0.034715,0.033148,5.234,0.49914,0
-2.4337,0.093531,0.011267,-6.144,-0.29195,0
-2.1488,0.65782,0.01899,-6.144,0.44161,0
-1.389,0.96561,0.038296,5.9167,-0.6803,0
0.13056,0.70911,0.026712,3.4135,-0.39263,0
1.4602,0.32437,0.015128,-8.192,-0.57961,0
2.8848,0.24743,-0.0016037,-4.5511,-1.155,0
1.9351,-0.034715,-0.018336,7.0545,-0.3351,0
0.98533,-0.18861,-0.026058,0.91037,-1.0543,0
1.1753,-0.6503,-0.006752,-8.6471,0.053256,0
2.315,-1.4198,0.0061189,-1.3652,-0.27756,0
3.7396,-1.4711,0.024138,7.0545,-0.004278,0
5.3541,-1.0094,0.060177,-1.1377,0.38407,0
5.4491,-0.95809,0.073047,-7.7369,-0.22003,0
3.5496,-0.77854,0.061464,2.7309,0.67174,0
2.6949,-0.4451,0.056315,5.9167,-0.32071,0
1.4602,-0.0090658,0.088493,-5.0062,0.31216,0
0.51046,0.11918,0.12839,-6.8267,-0.11935,0
-0.34431,-0.7016,0.15156,6.5994,-0.3351,0
-0.15436,-1.4967,0.13225,3.8687,0.16832,0
0.7004,-1.3172,0.15156,-7.5093,-0.7666,0
1.9351,-1.5224,0.21463,-2.2755,-0.047428,0
1.6501,-1.8302,0.27255,8.1923,-0.89605,0
-0.24933,-2.0867,0.26225,0.68281,-0.49331,0
-1.484,-1.9071,0.23136,-8.192,-0.4214,0
-1.579,-1.1633,0.22364,0.68281,-0.82413,0
0.22554,-1.3685,0.28027,6.5994,-0.090578,0
0.41548,-2.2406,0.33047,-3.1857,-1.1693,0
-0.24933,-2.3688,0.30987,-6.8267,-0.49331,0
-0.53425,-2.0354,0.29443,5.4616,-1.1693,0
-1.0091,-1.7019,0.30215,5.4616,-0.98235,0
-1.6739,-1.9328,0.31116,-6.8267,-0.5077,0
-1.0091,-2.138,0.27126,-4.0959,-0.9392,0
-0.62923,-1.548,0.21334,7.282,0.053256,0
-0.34431,-1.3685,0.17215,2.2757,-1.0111,0
-0.91415,-1.1376,0.14512,-8.6471,-0.43578,0
-1.389,-1.035,0.14512,-0.68254,-0.80975,0
-0.91415,-0.47075,0.13097,7.7372,-0.80975,0
-0.7242,-0.060364,0.069186,-1.3652,-0.061812,0
-1.294,-0.0090658,-0.032494,-8.6471,-0.55085,0
-3.5734,0.35002,-0.17021,2.7309,0.44161,0
-4.8081,0.78606,-0.30664,6.5994,-0.27756,0
-4.7131,0.96561,-0.33239,-5.4613,0.053256,0
-3.6684,0.76041,-0.30536,-6.144,0.010105,0
-1.6739,0.32437,-0.31951,5.4616,-0.46455,0
0.7004,0.22178,-0.35813,3.4135,0.49914,0
3.0747,0.42697,-0.41347,-7.5093,-0.10496,0
3.5496,0.81171,-0.43535,-2.7306,0.94503,0
3.5496,0.73476,-0.39674,7.7372,0.62859,0
3.0747,0.19613,-0.30021,0.91037,0.71489,0
1.4602,-0.57335,-0.20496,-8.8747,0.91626,0
0.13056,-1.0094,-0.11744,0.68281,-0.090578,0
-1.1991,-1.035,-0.036355,6.8269,0.58544,0
-0.91415,-0.98374,-0.013187,-2.9581,-0.45016,0
-0.43928,-0.75289,-0.02091,-7.2818,-0.22003,0
0.7004,-0.57335,-0.017049,4.7789,-0.47893,0
1.5552,-0.3938,0.00097052,4.7789,-1.083,0
0.60543,-0.0090658,0.007406,-7.2818,-0.53646,0
-0.62923,-0.086014,0.035722,-5.0062,-1.4714,0
-1.9589,-0.16296,0.069186,7.0545,-0.46455,0
-1.389,0.093531,0.051167,3.186,-0.73783,0
0.98533,-0.060364,0.038296,-7.9645,-0.22003,0
3.4546,-0.41945,0.056315,-2.0479,0.25462,0
5.0692,-0.086014,0.079483,7.5096,-0.37825,0
4.4993,0.37567,0.12324,0.45525,0.45599,0
2.9798,0.067882,0.17087,-8.4196,-0.57961,0
1.9351,0.35002,0.167,2.0482,0.11079,0
1.5552,0.76041,0.15928,7.7372,-0.22003,0
1.8401,1.0169,0.15413,-2.0479,-0.29195,0
1.8401,0.78606,0.10522,-6.5991,0.34092,0
0.32051,0.83736,0.056315,5.6891,-0.26318,0
-1.389,0.99126,-0.00031657,5.6891,1.1176,0
-2.0538,0.76041,-0.022197,-5.6889,0.67174,0
-2.5287,0.42697,0.007406,-4.5511,1.319,0
-4.1432,0.47827,0.070473,6.5994,1.5923,0
-5.3779,0.093531,0.10394,3.4135,1.2039,0
-3.3835,0.067882,0.11037,-7.7369,2.1388,0
0.13056,-0.060364,0.11166,-1.8203,1.2615,0
1.3652,-0.4451,0.15027,7.7372,1.9806,0
0.7004,-0.57335,0.19403,0.2277,1.4628,0
-0.43928,-0.6503,0.1773,-7.5093,1.4053,0
-1.6739,-0.36816,0.13611,1.5931,1.5923,0
-2.1488,0.042233,0.098789,6.3718,0.75804,0
-2.0538,-0.034715,0.074335,-3.6408,1.4628,0
-2.0538,-0.13731,0.04988,-6.5991,0.44161,0
-2.1488,0.29873,-0.00031657,5.4616,0.98818,0
-1.294,0.76041,-0.06081,4.0962,0.55667,0
-0.059385,1.4529,-0.13031,-6.5991,0.13956,0
-0.7242,1.6068,-0.17922,-3.1857,0.45599,0
-1.6739,1.7607,-0.22556,7.7372,-0.73783,0
-1.7689,1.8377,-0.22942,0.91037,-0.19126,0
-1.0091,1.8377,-0.20754,-8.192,-1.2988,0
-1.1041,1.812,-0.17536,-0.45498,-1.4426,0
-1.389,1.8377,-0.1715,6.5994,-1.5721,0
0.32051,1.4273,-0.17407,-3.1857,-2.3344,0
2.9798,1.0939,-0.17793,-7.9645,-1.5721,0
3.0747,1.0169,-0.16506,4.5513,-2.6508,0
1.5552,0.52957,-0.10972,5.9167,-2.0323,0
0.89035,0.042233,-0.080116,-5.4613,-2.4782,0
0.89035,-0.4451,-0.092987,-5.2337,-2.5933,0
0.035589,-0.6503,-0.08269,6.5994,-2.1618,0
-1.8639,-0.85549,-0.038929,2.9584,-3.1542,0
-2.5287,-0.93244,0.027999,-7.7369,-2.4638,0
-1.1041,-0.72725,0.094928,-2.0479,-3.5138,0
-0.24933,-0.4451,0.067899,7.9647,-3.0392,0
0.035589,-0.21426,0.016416,0.68281,-2.996,0
-0.059385,0.016583,0.007406,-7.7369,-3.3412,0
0.79538,0.17048,0.033148,2.7309,-2.4207,0
2.03,-0.26556,0.070473,7.5096,-3.1974,0
1.9351,-0.52205,0.075622,-3.1857,-2.2193,0
0.98533,-0.31686,0.060177,-7.2818,-2.7371,0
0.51046,-0.23991,0.033148,5.0064,-2.5501,0
1.6501,-0.21426,0.024138,5.0064,-1.8741,0
1.6501,0.042233,0.0048318,-7.2818,-2.3632,0
0.60543,0.22178,-0.027345,-4.3235,-1.1693,0
-1.0091,0.37567,-0.037642,7.5096,-1.9317,0
-1.294,0.32437,0.0022576,2.0482,-1.3995,0
-2.4337,0.22178,0.067899,-8.192,-1.5577,0
-2.8136,-0.034715,0.12582,-0.9101,-1.9317,0
-2.4337,-0.16296,0.14899,7.0545,-1.2844,0
-3.1935,0.042233,0.12968,-2.0479,-1.9892,0
-5.3779,0.17048,0.11037,-7.9645,-1.0255,0
-4.8081,-0.034715,0.12968,4.3238,-1.4858,0
-3.0985,-0.16296,0.17215,5.6891,-1.3132,0
-3.0985,0.042233,0.16572,-5.6889,-0.89605,0
-1.1991,0.63217,0.11166,-6.144,-1.3707,0
0.41548,1.1965,0.060177,6.5994,-0.30633,0
0.32051,1.1708,0.0035447,3.8687,-0.79537,0
0.60543,0.81171,-0.023484,-7.7369,0.11079,0
0.035589,0.42697,-0.038929,-3.1857,-0.018661,0
-0.62923,0.55522,-0.06081,7.282,-0.23441,0
0.98533,0.78606,-0.054374,0.45525,0.15394,0
2.8848,0.70911,-0.02091,-8.6471,-0.9392,0
3.6446,0.17048,0.00097052,0.2277,-0.11935,0
3.3597,-0.11166,0.011267,6.8269,-0.92482,0
1.6501,-0.0090658,0.046019,-2.0479,-0.46455,0
0.98533,0.65782,0.064038,-7.0542,-0.3351,0
1.6501,0.96561,0.070473,4.5513,-0.80975,0
1.6501,0.99126,0.10909,6.1442,0.053256,0
1.0803,1.2734,0.10522,-5.9164,-0.78098,0
0.89035,1.2477,0.062751,-5.4613,0.12517,0
0.89035,1.0939,0.027999,6.3718,-0.23441,0
0.035589,0.76041,0.025425,3.186,-0.10496,0
-1.579,0.65782,0.01899,-7.7369,0.36969,0
-1.579,0.37567,0.098789,-2.7306,-0.46455,0
-1.0091,-0.0090658,0.24938,7.7372,0.25462,0
-0.7242,-0.3938,0.36393,0.91037,-0.65153,0
-0.62923,-0.29121,0.39997,-8.192,0.024489,0
-0.91415,-0.26556,0.35492,1.1379,0.067639,0
-1.1041,0.042233,0.26096,8.1923,-0.20565,0
0.7004,-0.086014,0.21334,-2.503,0.68613,0
1.4602,-0.47075,0.20047,-6.5991,-0.004278,0
1.0803,-0.57335,0.18631,4.7789,0.97379,0
0.79538,-0.599,0.17988,5.9167,0.68613,0
1.5552,-0.62465,0.18889,-7.2818,1.0889,0
2.315,-0.36816,0.19146,-5.4613,1.7649,0
0.89035,-0.7016,0.16186,7.0545,1.4053,0
-0.15436,-0.7016,0.15413,3.186,2.4697,0
-0.24933,-0.62465,0.15671,-8.192,1.693,0
0.22554,-0.34251,0.16443,-2.503,2.2108,0
1.1753,-0.18861,0.16443,7.7372,2.1388,0
2.315,-0.23991,0.18116,-0.22742,1.8799,0
3.5496,-0.36816,0.21591,-7.7369,2.9012,0
3.0747,-0.5477,0.24552,0.91037,2.4841,0
0.98533,-0.34251,0.2571,6.3718,3.6635,0
0.41548,-0.4964,0.25839,-4.5511,3.5053,0
2.125,-0.80419,0.25067,-7.0542,3.606,0
2.7898,-1.1889,0.21591,4.7789,3.9943,0
2.22,-0.95809,0.21205,4.5513,3.1313,0
1.6501,-0.62465,0.19532,-7.2818,3.9799,0
1.6501,-0.36816,0.15413,-4.5511,3.1601,0
0.7004,-0.21426,0.12711,7.0545,3.6779,0
-0.7242,-0.16296,0.12968,2.0482,3.6347,0
-1.9589,0.016583,0.12067,-7.5093,3.232,0
-3.1935,0.17048,0.057602,-1.3652,3.8217,0
-3.7634,-0.23991,0.047306,7.7372,2.7861,0
-2.8136,-0.0090658,0.084631,-1.1377,3.3039,0
-1.8639,0.29873,0.10651,-7.5093,2.4409,0
-1.484,0.093531,0.11423,2.5033,2.4553,0
-0.62923,-0.31686,0.12711,7.282,2.7286,0
0.41548,-0.34251,0.15671,-4.0959,2.0957,0
0.98533,0.27308,0.1374,-6.5991,2.9012,0
0.79538,0.27308,0.087205,4.3238,1.9375,0
0.89035,0.016583,0.083344,5.0064,2.3834,0
0.89035,-0.18861,0.12711,-6.5991,1.8656,0
1.1753,-0.41945,0.16057,-4.3235,1.3046,0
2.315,-0.31686,0.16057,7.0545,1.7073,0
3.0747,0.016583,0.12324,2.9584,0.74366,0
1.6501,0.63217,0.066612,-7.5093,1.506,0
-0.43928,0.96561,0.039583,0.68281,0.65736,0
-1.1041,0.55522,0.035722,6.8269,0.61421,0
-0.43928,0.093531,0.043444,-0.22742,0.55667,0
-0.62923,0.24743,0.012554,-6.3715,-0.3351,0
-0.62923,0.76041,-0.040216,4.0962,0.29777,0
-0.059385,0.96561,-0.062097,5.9167,-0.79537,0
-0.81917,1.2734,-0.10843,-4.7786,0.010105,0
-1.7689,1.3503,-0.13932,-5.6889,-0.3351,0
-1.389,0.99126,-0.13932,5.4616,-0.22003,0
0.32051,0.68346,-0.12774,2.7309,0.053256,0
0.32051,0.60652,-0.12645,-7.7369,-1.1406,0
0.79538,0.58087,-0.12259,-3.4133,-0.82413,0
0.79538,0.11918,-0.10457,7.282,-2.2337,0
0.98533,-0.086014,-0.096848,-0.22742,-2.1043,0
0.79538,0.042233,-0.0917,-8.192,-2.2337,0
0.035589,0.11918,-0.055661,2.0482,-2.2481,0
0.41548,-0.26556,-0.026058,6.1442,-1.0255,0
0.7004,-0.5477,-0.014475,-4.0959,-1.27,0
1.6501,-0.41945,0.038296,-8.192,0.038872,0
2.5049,-0.7016,0.087205,4.3238,-0.5077,0
2.03,-0.7016,0.096215,4.0962,-0.40701,0
1.1753,-0.34251,0.07176,-6.5991,-0.56523,0
0.41548,-0.23991,0.056315,-2.9581,-1.457,0
-0.24933,-0.3938,0.031861,7.9647,-0.66591,0
-0.53425,-0.5477,0.05889,1.5931,-1.2988,0
-0.53425,-0.36816,0.096215,-7.9645,-0.004278,0
0.89035,-0.67595,0.10909,0.2277,-0.076195,0
2.315,-0.41945,0.087205,7.7372,0.25462,0
3.7396,-0.23991,0.053741,-2.7306,0.62859,0
3.3597,-0.6503,0.039583,-8.192,-0.11935,0
0.89035,-0.95809,0.007406,3.4135,0.64298,0
1.1753,-0.5477,-0.04279,5.6891,-0.23441,0
2.22,-0.26556,-0.050513,-5.9164,0.39846,0
2.9798,-0.23991,-0.006752,-6.144,0.41284,0
1.7451,-0.21426,-0.017049,6.3718,0.54229,0
0.51046,-0.18861,-0.071106,3.8687,1.4772,0
-0.53425,0.067882,-0.078829,-7.5093,0.84434,0
-2.7186,0.22178,-0.038929,-3.6408,1.693,0
-2.6237,0.22178,-0.0518,8.1923,0.85873,0
-0.81917,0.042233,-0.089126,1.5931,0.90188,0
1.9351,0.067882,-0.1316,-7.2818,0.82996,0
2.9798,0.14483,-0.17279,1.3655,0.024489,0
1.8401,0.45262,-0.22684,7.9647,0.91626,0
-0.43928,0.55522,-0.27318,-1.8203,0.12517,0
-1.1991,0.63217,-0.31565,-7.5093,0.82996,0
-0.62923,0.86301,-0.33367,4.0962,0.42722,0
0.22554,0.99126,-0.37486,5.234,0.15394,0
-0.53425,0.78606,-0.40832,-6.8267,0.61421,0
-1.0091,0.88866,-0.41733,-4.7786,-0.3351,0
-2.1488,1.4529,-0.42377,6.8269,0.47037,0
-3.2885,1.7864,-0.37357,1.8206,-0.39263,0
-2.9086,1.889,-0.31694,-8.4196,0.038872,0
-1.389,1.7864,-0.32209,-1.8203,0.25462,0
-1.389,1.0682,-0.33496,7.0545,-0.1625,0
-0.91415,0.68346,-0.30664,-0.45498,0.68613,0
-0.62923,0.40132,-0.25001,-8.192,-0.047428,0
-1.6739,0.22178,-0.24872,1.3655,0.84434,0
-1.484,0.42697,-0.21912,7.282,0.62859,0
-0.81917,0.35002,-0.18308,-3.8684,0.67174,0
0.22554,0.22178,-0.13932,-6.8267,1.0601,0
-0.059385,0.19613,-0.15348,4.3238,0.024489,0
-1.1041,0.24743,-0.21655,5.234,0.62859,0
-1.0091,-0.0090658,-0.24744,-6.8267,-0.52208,0
-0.62923,0.27308,-0.2217,-5.6889,-0.17688,0
-0.059385,0.52957,-0.21655,7.0545,-0.39263,0
1.2702,0.58087,-0.19081,2.7309,-0.75222,0
0.7004,0.83736,-0.18051,-8.192,0.13956,0
-0.059385,0.47827,-0.18694,-2.503,-0.62276,0
-0.24933,0.24743,-0.1715,6.8269,0.42722,0
-1.0091,-0.0090658,-0.14833,0.45525,-0.11935,0
-0.91415,-0.3938,-0.11615,-7.5093,0.15394,0
-0.53425,-0.34251,-0.08269,0.2277,0.28339,0
-1.484,-0.47075,-0.026058,7.282,-0.36386,0
-3.0036,-0.34251,0.011267,-2.0479,0.41284,0
-2.7186,-0.23991,0.0035447,-7.0542,-0.43578,0
-1.0091,-0.23991,-0.028633,3.186,0.41284,0
0.79538,0.042233,-0.023484,6.5994,0.26901,0
1.4602,-0.13731,-0.0028907,-4.5511,0.41284,0
1.4602,0.093531,-0.0028907,-5.6889,1.1464,0
1.5552,-0.086014,-0.031207,6.3718,0.54229,0
0.51046,0.042233,-0.055661,3.8687,1.4772,0
0.32051,-0.034715,-0.068532,-6.3715,0.65736,0
0.41548,-0.21426,-0.035068,-3.1857,1.2471,0
0.60543,-0.3938,-0.0041778,7.9647,1.1608,0
0.7004,-0.34251,0.0061189,2.0482,0.88749,0
0.79538,0.22178,-0.0028907,-7.9645,1.7217,0
1.4602,0.093531,-0.0093262,0.2277,0.82996,0
2.315,-0.34251,-0.0080391,7.5096,1.7649,0
3.5496,-0.11166,-0.018336,-2.2755,1.0169,0
3.7396,-0.11166,-0.017049,-7.7369,1.3478,0
3.4546,-0.41945,-0.0119,2.9584,1.506,0
1.6501,-0.77854,-0.010613,5.234,1.1032,0
0.13056,-0.75289,0.00097052,-6.3715,2.1101,0
-0.059385,-0.67595,0.0086931,-6.144,1.4197,0
0.22554,-0.36816,0.0086931,6.8269,2.2108,0
-0.91415,-0.52205,-0.010613,2.9584,1.8799,0
-1.484,-0.31686,-0.035068,-7.9645,1.7217,0
-0.34431,-0.47075,-0.014475,-3.8684,2.2827,0
0.13056,-0.77854,0.024138,7.7372,1.6067,0
-0.7242,-1.1889,0.070473,1.5931,2.6423,0
-0.91415,-1.625,0.13225,-9.1023,2.1245,0
-0.24933,-1.8045,0.16572,-0.68254,2.8293,0
-0.43928,-1.5224,0.12968,7.7372,2.8293,0
-0.43928,-0.98374,0.088493,-1.8203,2.5272,0
-0.15436,-0.90679,0.066612,-7.2818,3.232,0
0.13056,-1.2659,0.069186,3.6411,2.3402,0
-1.1991,-0.88114,0.083344,6.5994,3.2895,0
-3.0985,-0.93244,0.078196,-5.0062,2.6135,0
-2.7186,-0.98374,0.062751,-6.8267,2.9875,0
-1.294,-1.2146,0.052454,6.1442,3.3039,0
-0.34431,-1.3941,0.066612,3.186,2.7717,0
1.3652,-1.3685,0.092354,-8.192,3.606,0
2.7898,-0.93244,0.1078,-3.4133,2.6998,0
3.0747,-0.62465,0.087205,7.0545,3.3183,0
3.1697,-0.62465,0.064038,0.91037,3.1169,0
2.5999,-0.34251,0.046019,-8.192,2.7573,0
1.6501,-0.18861,0.01899,0.00013542,3.3614,0
-0.43928,-0.41945,-0.058236,7.0545,2.4265,0
-1.389,0.14483,-0.16893,-2.7306,3.3471,0
-0.43928,0.29873,-0.22427,-7.2818,2.5272,0
0.32051,0.47827,-0.22427,4.5513,2.6998,0
1.2702,0.55522,-0.19853,6.1442,2.6135,0
1.4602,0.63217,-0.19982,-5.9164,1.9519,0
1.2702,0.32437,-0.17665,-5.9164,2.5416,0
0.98533,0.22178,-0.15091,7.5096,1.621,0
0.51046,0.19613,-0.12388,2.7309,2.2971,0
-0.34431,0.24743,-0.11744,-7.5093,1.8512,0
0.51046,0.042233,-0.11487,-2.0479,1.6642,0
2.5999,0.067882,-0.10457,8.1923,2.0669,0
2.125,0.65782,-0.14447,-0.45498,1.1608,0
0.32051,0.70911,-0.20239,-8.6471,1.9231,0
-1.579,0.91431,-0.21783,0.91037,0.87311,0
-1.579,0.99126,-0.20625,6.8269,1.2615,0
-1.8639,0.99126,-0.17536,-3.8684,0.98818,0
-2.6237,0.99126,-0.12516,-7.7369,0.51352,0
-2.0538,1.0426,-0.054374,3.6411,1.0169,0
-0.62923,0.78606,-0.019623,5.234,0.038872,0
0.035589,0.45262,-0.014475,-6.3715,0.93064,0
-0.34431,0.42697,-0.045365,-5.9164,0.11079,0
-0.34431,0.63217,-0.02992,6.3718,0.31216,0
-0.53425,0.60652,-0.014475,2.7309,0.34092,0
0.41548,0.60652,-0.00031657,-7.7369,-0.4214,0
0.035589,0.60652,-0.018336,-2.7306,0.29777,0
-1.6739,0.58087,-0.038929,8.4198,-0.86728,0
-2.8136,0.35002,-0.024771,0.68281,-0.32071,0
-1.579,0.19613,0.021564,-8.192,-0.82413,0
-0.53425,-0.21426,0.043444,0.45525,-1.0687,0
-0.34431,0.11918,0.062751,7.5096,-0.72345,0
-0.53425,0.042233,0.082057,-3.1857,-1.644,0
-1.0091,-0.16296,0.08077,-7.7369,-0.82413,0
-1.484,-0.18861,0.075622,3.6411,-1.6584,0
-0.53425,-0.0090658,0.087205,5.4616,-1.2556,0
0.41548,-0.29121,0.11166,-6.8267,-1.2988,0
0.79538,-0.31686,0.14255,-4.3235,-1.8166,0
0.41548,-0.0090658,0.14255,8.6474,-1.0255,0
-0.43928,0.17048,0.11423,3.186,-1.946,0
-0.62923,0.19613,0.076909,-7.7369,-1.1837,0
-0.62923,0.24743,0.046019,-2.0479,-1.7159,0
-0.91415,0.19613,0.029286,7.7372,-1.7159,0
-1.7689,-0.060364,0.01899,-0.22742,-1.4426,0
-1.8639,0.32437,0.0086931,-7.7369,-2.2193,0
-0.7242,0.35002,-0.010613,1.3655,-1.4139,0
-0.81917,0.24743,-0.027345,7.5096,-2.2912,0
0.13056,0.42697,-0.041503,-2.9581,-1.6584,0
1.6501,0.76041,-0.074968,-6.3715,-1.9317,0
1.4602,0.76041,-0.063384,4.3238,-2.1474,0
0.13056,0.17048,-0.044078,5.6891,-1.5433,0
0.7004,0.11918,-0.035068,-6.5991,-2.3775,0
-0.059385,0.60652,-0.053087,-5.4613,-1.457,0
-1.1991,0.96561,-0.044078,7.282,-2.0755,0
-0.34431,0.81171,-0.022197,2.7309,-1.7447,0
0.60543,0.65782,-0.047939,-8.192,-1.6152,0
1.5552,0.58087,-0.10071,-1.1377,-2.133,0
3.6446,0.37567,-0.11358,7.9647,-1.2988,0
4.4993,0.24743,-0.10457,-0.9101,-2.1618,0
3.6446,0.45262,-0.096848,-8.4196,-1.3851,0
1.4602,0.58087,-0.11744,2.0482,-1.7303,0
-0.53425,0.81171,-0.15605,5.4616,-1.7591,0
0.7004,0.96561,-0.15734,-6.3715,-1.1837,0
1.1753,1.299,-0.14576,-7.5093,-1.8454,0
0.035589,1.376,-0.12388,5.0064,-0.89605,0
-1.1041,0.96561,-0.11487,3.8687,-1.5721,0
-1.1041,0.47827,-0.089126,-7.2818,-1.083,0
0.035589,0.65782,-0.028633,-4.3235,-1.1262,0
0.51046,0.68346,0.013841,7.7372,-1.457,0
0.51046,0.14483,0.027999,1.8206,-0.6803,0
1.2702,0.11918,0.0061189,-8.192,-1.5002,0
-0.059385,0.35002,-0.028633,0.2277,-0.62276,0
-2.1488,0.55522,-0.058236,8.1923,-1.155,0
-2.1488,0.60652,-0.035068,-2.7306,-0.88167,0
-1.0091,0.88866,-0.028633,-6.144,-0.62276,0
-1.1991,0.76041,-0.040216,4.0962,-1.1837,0
-2.3388,0.60652,-0.037642,6.3718,-0.34948,0
-2.4337,0.35002,-0.022197,-5.0062,-1.3276,0
-0.62923,-0.0090658,-0.047939,-5.4613,-0.5077,0
0.7004,0.093531,-0.098135,6.5994,-0.99673,0
-0.15436,0.37567,-0.11487,3.6411,-1.0687,0
-0.34431,-0.11166,-0.0917,-6.5991,-0.52208,0
-0.43928,-0.47075,-0.087839,-2.503,-1.2413,0
0.13056,-0.41945,-0.080116,7.5096,-0.23441,0
-1.389,-0.26556,-0.06081,0.91037,-0.96797,0
-2.5287,-0.16296,-0.031207,-8.192,-0.57961,0
-2.3388,-0.0090658,-0.0054649,0.91037,-0.49331,0
-2.3388,0.11918,0.020277,7.7372,-0.9392,0
-1.294,-0.034715,0.04988,-1.5928,-0.076195,0
0.13056,-0.11166,0.066612,-7.2818,-1.0255,0
0.60543,0.29873,0.069186,4.0962,-0.26318,0
1.3652,0.32437,0.025425,7.0545,-0.69468,0
1.4602,0.016583,-0.013187,-5.0062,-0.75222,0
0.89035,0.32437,0.0061189,-6.144,-0.34948,0
0.89035,0.37567,0.012554,5.4616,-1.2125,0
0.51046,0.19613,-0.0016037,3.186,-0.32071,0
0.13056,-0.0090658,-0.010613,-7.9645,-1.2556,0
-0.059385,0.093531,-0.02091,-3.4133,-0.62276,0
-1.294,0.65782,-0.040216,8.1923,-0.75222,0
-2.1488,0.93996,-0.083977,0.91037,-1.0687,0
-0.91415,0.96561,-0.094274,-7.9645,-0.26318,0
0.035589,1.0426,-0.086552,-0.22742,-1.0687,0
-1.294,0.78606,-0.10071,7.5096,-0.11935,0
-2.5287,0.83736,-0.13289,-2.2755,-0.73783,0
-1.579,0.27308,-0.13804,-8.192,-0.53646,0
-1.0091,-0.5477,-0.080116,3.6411,-0.3351,0
-2.2438,-0.93244,-0.010613,6.5994,-0.95358,0
-2.9086,-0.98374,0.021564,-4.5511,-0.13373,0
-2.1488,-0.5477,0.029286,-7.2818,-1.083,0
-0.24933,-0.0090658,0.020277,5.0064,-0.34948,0
1.4602,0.11918,0.035722,4.0962,-0.6803,0
1.2702,-0.034715,0.05889,-7.7369,-0.72345,0
0.51046,-0.36816,0.060177,-4.0959,-0.29195,0
0.22554,-0.77854,0.064038,7.282,-1.0974,0
1.5552,-0.47075,0.08077,2.0482,-0.23441,0
2.5999,-0.29121,0.079483,-7.2818,-1.1118,0
2.5999,-0.67595,0.097502,-0.68254,-0.66591,0
1.9351,-1.6506,0.17344,7.282,-0.82413,0
1.1753,-1.6763,0.22879,-2.2755,-1.27,0
0.89035,-1.2402,0.25324,-7.7369,-0.60838,0
0.79538,-1.0863,0.26096,3.6411,-1.5433,0
0.41548,-1.4711,0.24938,6.1442,-0.6803,0
-0.24933,-1.7276,0.23007,-5.0062,-1.2844,0
-0.81917,-1.3685,0.17473,-5.2337,-1.155,0
-0.34431,-1.0863,0.12196,6.1442,-0.92482,0
0.60543,-0.98374,0.12196,4.0962,-1.5865,0
0.7004,-0.75289,0.12196,-7.0542,-0.75222,0
0.60543,-0.95809,0.17344,-3.4133,-1.6008,0
0.13056,-0.98374,0.24166,8.1923,-0.96797,0
0.51046,-1.0094,0.24552,2.0482,-1.2988,0
0.41548,-0.98374,0.23007,-8.6471,-1.5002,0
0.89035,-0.72725,0.19532,0.45525,-0.89605,0
0.7004,-0.3938,0.12324,7.282,-1.6871,0
1.1753,-0.21426,0.056315,-3.6408,-0.70906,0
1.5552,-0.16296,-0.0016037,-7.2818,-1.457,0
1.2702,0.27308,-0.058236,4.0962,-1.0687,0
1.3652,0.47827,-0.076255,5.234,-0.91043,0
1.4602,0.32437,-0.098135,-5.6889,-1.4426,0
1.3652,0.016583,-0.12259,-5.4613,-0.62276,0
1.7451,-0.18861,-0.10714,6.5994,-1.4858,0
1.5552,-0.23991,-0.072394,2.0482,-0.70906,0
1.6501,-0.16296,-0.054374,-7.9645,-0.99673,0
0.7004,0.042233,-0.041503,-2.503,-1.1262,0
-0.62923,0.17048,-0.044078,7.7372,-0.57961,0
-1.484,0.19613,-0.037642,-0.45498,-1.3276,0
-1.1041,0.016583,-0.032494,-9.5574,-0.43578,0
-0.059385,-0.18861,0.0048318,2.2757,-1.1262,0
0.41548,-0.4451,0.016416,7.7372,-0.70906,0
0.41548,-0.13731,-0.013187,-4.5511,-0.63715,0
-0.34431,0.093531,-0.024771,-7.7369,-1.083,0
-0.15436,-0.34251,0.0035447,4.5513,-0.32071,0
0.79538,-0.82984,0.024138,5.4616,-1.1981,0
1.5552,-0.98374,0.01899,-6.144,-0.4214,0
0.51046,-1.0094,-0.010613,-4.0959,-0.96797,0
0.79538,-1.2402,-0.023484,6.8269,-0.80975,0
2.125,-0.6503,0.0022576,2.0482,-0.49331,0
2.5049,-0.31686,0.012554,-8.192,-1.2988,0
1.0803,-0.4451,-0.0093262,-1.1377,-0.46455,0
0.22554,-0.11166,-0.026058,7.282,-1.3707,0
0.51046,0.60652,-0.027345,-1.1377,-0.78098,0
0.22554,0.47827,-0.044078,-7.5093,-1.0111,0
-0.34431,0.29873,-0.073681,3.4135,-1.3276,0
0.13056,0.24743,-0.054374,7.282,-0.78098,0
2.125,0.45262,-0.072394,-4.5511,-1.6296,0
3.6446,0.37567,-0.099422,-6.5991,-0.69468,0
2.9798,0.22178,-0.098135,5.6891,-1.4426,0
0.98533,0.042233,-0.058236,4.3238,-1.1118,0
-0.24933,0.093531,-0.0041778,-7.0542,-0.92482,0
-0.62923,0.14483,0.0022576,-3.6408,-1.4426,0
-0.059385,0.19613,-0.017049,7.5096,-0.56523,0
0.13056,0.65782,0.0035447,1.3655,-1.457,0
-0.43928,0.68346,0.057602,-7.7369,-0.72345,0
-0.81917,0.11918,0.084631,0.2277,-1.083,0
-1.294,0.093531,0.11938,7.7372,-1.1262,0
-2.0538,-0.060364,0.19017,-2.0479,-0.66591,0
-1.6739,-0.4451,0.27641,-8.192,-1.4426,0
-0.53425,-1.2659,0.33304,3.6411,-0.47893,0
0.41548,-1.4967,0.34334,5.4616,-1.2125,0
0.32051,-1.1889,0.30472,-6.3715,-0.83852,0
-0.62923,-0.85549,0.2867,-5.0062,-0.79537,0
-1.7689,-0.62465,0.26997,7.282,-1.3419,0
-1.1991,-1.2915,0.26096,2.9584,-0.57961,0
0.13056,-1.7276,0.23651,-8.4196,-1.4282,0
0.98533,-1.6506,0.16443,-1.8203,-0.69468,0
1.8401,-1.4454,0.13611,7.5096,-1.0974,0
1.8401,-1.1889,0.158,-0.68254,-1.1981,0
0.13056,-1.4711,0.1477,-7.9645,-0.70906,0
-1.579,-1.7532,0.10265,2.5033,-1.4426,0
-0.53425,-1.3685,0.079483,7.0545,-0.56523,0
1.8401,-1.0607,0.048593,-5.0062,-1.2988,0
0.89035,-0.26556,-0.024771,-6.5991,-0.91043,0
-0.81917,0.29873,-0.13289,6.3718,-0.82413,0
-1.1991,0.17048,-0.22813,5.0064,-1.27,0
-0.059385,0.27308,-0.29249,-7.2818,-0.47893,0
-0.53425,0.76041,-0.32595,-4.0959,-1.3995,0
-0.24933,0.73476,-0.30407,7.7372,-0.5077,0
0.51046,0.88866,-0.29892,2.9584,-1.0687,0
0.79538,1.2477,-0.32595,-7.5093,-0.91043,0
1.2702,1.6325,-0.28862,0.00013542,-0.62276,0
1.6501,1.812,-0.21912,8.4198,-1.2269,0
0.89035,1.889,-0.15219,-0.45498,-0.29195,0
0.89035,1.889,-0.086552,-7.9645,-1.1837,0
1.3652,2.0942,-0.068532,2.2757,-0.49331,0
1.5552,2.1968,-0.067245,6.8269,-0.73783,0
1.5552,1.3503,-0.035068,-5.0062,-0.99673,0
2.03,0.78606,0.055028,-6.5991,-0.37825,0
1.3652,0.58087,0.12196,6.1442,-1.1262,0
0.32051,0.88866,0.14126,4.3238,-0.2488,0
0.7004,0.68346,0.12453,-6.5991,-0.96797,0
0.79538,0.65782,0.11681,-3.8684,-0.63715,0
1.2702,0.58087,0.10265,8.6474,-0.57961,0
2.125,0.58087,0.1181,1.8206,-1.1981,0
2.4099,0.35002,0.13225,-7.9645,-0.36386,0
1.3652,-0.23991,0.12324,0.2277,-1.2556,0
0.035589,-0.31686,0.13097,7.5096,-0.5077,0
-0.34431,0.22178,0.13354,-2.503,-0.8529,0
-0.91415,0.27308,0.13354,-7.9645,-0.96797,0
-0.7242,-0.21426,0.158,3.8687,-0.5077,0
-1.0091,-0.26556,0.158,6.1442,-1.2844,0
-1.0091,0.24743,0.14384,-6.3715,-0.37825,0
0.51046,0.55522,0.08978,-5.2337,-1.1693,0
1.8401,0.81171,0.025425,6.8269,-0.72345,0
1.7451,0.73476,-0.00031657,2.2757,-0.70906,0
0.79538,0.65782,0.012554,-9.1023,-1.1118,0
0.89035,0.37567,0.038296,-2.503,-0.3351,0
2.9798,0.22178,0.037009,7.5096,-1.2413,0
2.315,-0.034715,0.0086931,0.00013542,-0.3351,0
0.22554,0.093531,0.0061189,-8.6471,-0.91043,0
-0.62923,0.22178,0.042157,0.91037,-0.69468,0
-0.7242,0.47827,0.076909,6.1442,-0.39263,0
-0.62923,0.60652,0.08077,-3.6408,-0.96797,0
-1.1041,0.37567,0.10008,-7.2818,0.010105,0
-2.4337,0.19613,0.15928,4.7789,-0.80975,0
-2.1488,0.19613,0.21077,6.5994,-0.22003,0
-0.15436,0.22178,0.23393,-6.5991,-0.29195,0
0.41548,0.65782,0.23651,-4.3235,-0.47893,0
-0.34431,0.96561,0.21463,7.282,0.18271,0
-0.53425,0.76041,0.21334,2.2757,-0.65153,0
-0.24933,0.65782,0.16958,-7.7369,0.25462,0
0.89035,1.0426,0.096215,-0.22742,-0.40701,0
1.2702,1.376,0.047306,7.5096,-0.13373,0
-0.059385,1.1965,-0.0016037,-1.3652,0.067639,0
-0.34431,1.299,-0.014475,-7.0542,-0.53646,0
0.41548,1.1708,-0.022197,3.6411,0.36969,0
0.41548,1.5042,-0.049226,6.8269,-0.52208,0
0.13056,1.7864,-0.067245,-5.6889,0.25462,0
0.60543,1.299,-0.071106,-5.4613,-0.11935,0
0.79538,1.1195,-0.085264,6.1442,-0.27756,0
0.98533,1.299,-0.094274,3.8687,0.32654,0
0.79538,1.1708,-0.0917,-7.2818,-0.52208,0
0.89035,1.2734,-0.11615,-2.7306,0.35531,0
1.2702,1.1195,-0.15605,7.282,-0.4214,0
1.4602,1.0939,-0.20368,1.1379,-0.090578,0
1.1753,1.0169,-0.21912,-7.9645,-0.018661,0
0.89035,1.2734,-0.17021,1.8206,-0.594,0
-0.53425,1.1708,-0.14318,6.5994,0.15394,0
-2.2438,0.83736,-0.11358,-3.8684,-0.70906,0
-1.294,0.88866,-0.11873,-7.9645,0.082022,0
0.89035,0.73476,-0.083977,4.5513,-0.43578,0
1.4602,0.60652,-0.073681,5.4616,-0.39263,0
1.6501,0.37567,-0.069819,-6.144,-0.061812,0
1.2702,0.016583,-0.094274,-5.0062,-0.75222,0
0.7004,-0.36816,-0.083977,5.4616,0.15394,0
0.79538,-0.57335,-0.037642,2.7309,-0.63715,0
1.1753,-0.57335,0.029286,-7.9645,-0.004278,0
1.6501,-0.57335,0.096215,-3.1857,-0.20565,0
1.9351,-0.5477,0.13354,7.0545,-0.4214,0
1.1753,-0.16296,0.1181,0.2277,0.18271,0
0.89035,0.11918,0.087205,-8.6471,-0.69468,0
1.2702,0.37567,0.087205,0.45525,0.25462,0
2.315,0.11918,0.10394,7.282,-0.46455,0
1.7451,-0.11166,0.064038,-2.2755,-0.10496,0
-0.7242,0.29873,0.027999,-8.4196,0.096406,0
-0.81917,0.52957,0.013841,4.0962,-0.40701,0
0.51046,0.60652,0.012554,4.7789,0.45599,0
-0.62923,0.40132,0.0086931,-6.3715,-0.49331,0
-1.6739,0.70911,0.022851,-5.4613,0.32654,0
-1.7689,0.70911,0.016416,7.282,-0.10496,0
-0.91415,0.11918,-0.014475,3.186,-0.1625,0
-0.53425,-0.34251,-0.026058,-7.7369,0.32654,0
-0.24933,-0.5477,-0.038929,-2.9581,-0.37825,0
-0.059385,-0.85549,-0.046652,7.7372,0.62859,0
0.41548,-0.75289,-0.017049,0.2277,-0.22003,0
1.6501,-0.6503,0.0022576,-7.9645,0.31216,0
1.2702,-1.0607,0.021564,1.5931,0.29777,0
-0.91415,-1.1376,0.052454,7.5096,-0.1625,0
-2.1488,-0.82984,0.10394,-3.6408,0.55667,0
-0.62923,-0.88114,0.12453,-7.2818,-0.27756,0
0.89035,-0.75289,0.12453,5.234,0.55667,0
1.9351,-0.16296,0.14126,4.7789,0.024489,0
1.3652,0.17048,0.16443,-6.5991,0.22586,0
-0.059385,-0.26556,0.15156,-5.2337,0.42722,0
0.32051,-0.31686,0.14126,7.0545,-0.26318,0
2.125,0.042233,0.14641,2.7309,0.54229,0
3.3597,-0.29121,0.17601,-7.9645,-0.37825,0
3.4546,-0.77854,0.16958,-1.3652,0.24024,0
2.5049,-0.98374,0.12453,7.282,0.024489,0
1.0803,-0.77854,0.076909,-0.45498,-0.26318,0
-2.0538,-0.6503,0.08077,-7.9645,0.35531,0
-3.2885,-0.57335,0.085918,3.6411,-0.45016,0
-1.1991,-0.80419,0.055028,6.5994,0.47037,0
1.2702,-0.29121,-0.010613,-5.6889,-0.2488,0
3.8345,0.32437,-0.073681,-6.5991,0.16832,0
3.2647,0.093531,-0.081403,5.4616,0.19709,0
1.8401,-0.3938,-0.062097,3.8687,-0.26318,0
2.5049,-0.29121,-0.044078,-7.5093,0.59983,0
2.8848,-0.23991,-0.044078,-4.5511,-0.22003,0
2.125,-0.18861,-0.046652,7.282,0.71489,0
1.4602,0.32437,-0.037642,0.91037,0.19709,0
2.03,0.58087,-0.045365,-8.4196,0.32654,0
1.9351,0.14483,-0.095561,-0.68254,0.80119,0
1.2702,0.093531,-0.13546,7.9647,0.13956,0
1.2702,0.11918,-0.14962,-1.8203,1.0601,0
2.315,0.27308,-0.1419,-7.5093,0.25462,0
2.6949,-0.0090658,-0.14962,3.8687,0.94503,0
0.89035,0.55522,-0.19724,5.9167,0.72928,0
0.60543,0.68346,-0.21655,-5.6889,0.44161,0
1.5552,0.65782,-0.20496,-5.2337,1.132,0
1.3652,0.37567,-0.18694,7.282,0.19709,0
-0.43928,0.22178,-0.16764,2.7309,1.0601,0
-2.3388,0.45262,-0.12259,-7.7369,0.36969,0
-2.8136,0.32437,-0.087839,-1.1377,0.47037,0
-1.8639,0.47827,-0.089126,8.6474,0.61421,0
-0.24933,0.81171,-0.12774,-0.22742,-0.076195,0
-0.34431,0.99126,-0.18308,-7.0542,0.85873,0
-0.62923,0.78606,-0.21011,2.0482,-0.076195,0
-0.43928,0.37567,-0.18308,7.282,0.57106,0
0.41548,0.042233,-0.14962,-2.9581,0.26901,0
0.32051,0.067882,-0.13675,-6.3715,-0.004278,0
-0.43928,0.14483,-0.12002,5.234,0.52791,0
-0.24933,0.45262,-0.10328,5.4616,-0.3351,0
0.89035,0.35002,-0.059523,-6.8267,0.48476,0
1.6501,-0.23991,-0.022197,-4.5511,-0.4214,0
0.32051,-0.47075,0.026712,7.282,0.082022,0
-0.91415,-0.599,0.10136,1.8206,0.082022,0
-1.1041,-0.3938,0.13097,-7.7369,-0.32071,0
-0.24933,-0.18861,0.066612,-1.3652,0.38407,0
0.51046,-0.18861,-0.013187,7.9647,-0.4214,0
0.035589,-0.16296,-0.0518,-1.3652,0.44161,0
-1.0091,-0.18861,-0.067245,-8.6471,-0.090578,0
-0.24933,0.016583,-0.072394,1.5931,0.038872,0
1.6501,0.37567,-0.08269,6.5994,0.39846,0
1.7451,0.11918,-0.0917,-4.5511,-0.19126,0
1.0803,-0.13731,-0.069819,-7.0542,0.80119,0
0.60543,0.29873,-0.032494,4.5513,-0.004278,0
0.13056,0.52957,-0.026058,5.234,0.62859,0
0.60543,0.35002,-0.054374,-7.5093,0.47037,0
0.41548,0.76041,-0.102,-4.5511,0.16832,0
-0.7242,0.70911,-0.15091,6.8269,0.85873,0
-1.6739,0.83736,-0.16893,1.8206,0.010105,0
-1.6739,0.96561,-0.15091,-8.4196,1.0026,0
-0.62923,1.0426,-0.12516,-0.22742,0.38407,0
-0.43928,0.52957,-0.080116,8.1923,0.71489,0
-1.1041,0.27308,-0.013187,-1.5928,0.98818,0
-0.62923,0.47827,0.0099801,-7.2818,0.36969,0
0.32051,0.81171,-0.023484,2.7309,1.3621,0
0.79538,0.70911,-0.044078,7.282,0.42722,0
0.035589,-0.13731,-0.06081,-4.0959,1.2471,0
-1.0091,-0.4964,-0.047939,-6.3715,0.94503,0
-0.91415,-0.80419,-0.010613,4.0962,0.80119,0
-0.7242,-0.95809,0.037009,4.7789,1.3478,0
-0.7242,-1.1889,0.066612,-6.8267,0.57106,0
-0.53425,-1.3941,0.05889,-4.7786,1.4772,0
-0.34431,-1.9328,0.066612,7.282,0.68613,0
0.32051,-1.9071,0.078196,2.7309,1.132,0
-0.43928,-1.112,0.08077,-8.4196,1.2615,0
-1.0091,-0.72725,0.075622,-1.3652,0.68613,0
-1.7689,-0.82984,0.07176,9.1025,1.5635,0
-2.0538,-1.2402,0.084631,0.45525,0.61421,0
-2.1488,-1.6506,0.11552,-7.9645,1.3334,0
-2.3388,-2.2919,0.14255,1.8206,0.84434,0
-2.3388,-1.5737,0.1979,7.0545,0.65736,0
-1.484,-0.93244,0.21334,-2.9581,1.0457,0
0.60543,-0.90679,0.17473,-7.7369,0.15394,0
1.3652,-0.98374,0.15928,3.8687,0.95941,0
0.13056,-1.4967,0.20176,5.6891,-0.018661,0
-1.294,-1.9328,0.24423,-5.0062,0.48476,0
-1.9589,-1.9328,0.26868,-5.9164,0.26901,0
-2.3388,-2.1123,0.27769,5.6891,-0.14811,0
-1.579,-1.1889,0.26868,3.6411,0.36969,0
-1.1041,-0.75289,0.25968,-7.7369,-0.57961,0
-0.81917,-1.035,0.21205,-2.7306,0.21147,0
-1.0091,-0.88114,0.14899,7.282,-0.47893,0
-2.3388,-0.0090658,0.087205,0.91037,-0.29195,0
-3.3835,0.45262,0.060177,-8.4196,-0.10496,0
-2.9086,0.14483,0.075622,0.68281,-0.72345,0
-0.81917,-0.31686,0.08978,7.0545,0.11079,0
0.035589,-0.086014,0.083344,-3.6408,-0.80975,0
-0.81917,-0.034715,0.062751,-7.5093,-0.11935,0
-1.0091,-0.18861,0.079483,4.0962,-0.34948,0
0.60543,-0.4451,0.091067,4.5513,-0.46455,0
1.2702,-0.086014,0.083344,-7.2818,0.18271,0
1.0803,-0.11166,0.087205,-4.5511,-0.57961,0
0.89035,0.27308,0.066612,7.9647,0.48476,0
1.2702,0.35002,-0.014475,2.2757,-0.30633,0
1.8401,0.22178,-0.10714,-8.192,0.32654,0
0.13056,0.45262,-0.13417,-1.1377,0.35531,0
-1.1041,0.52957,-0.12645,7.7372,-0.076195,0
0.22554,0.37567,-0.15091,-0.9101,0.82996,0
2.315,0.65782,-0.16764,-7.9645,0.038872,0
2.5049,0.93996,-0.16378,2.7309,0.90188,0
2.315,0.76041,-0.15477,7.5096,0.41284,0
1.8401,0.45262,-0.14318,-3.4133,0.55667,0
1.1753,0.24743,-0.1213,-6.5991,0.91626,0
0.79538,-0.034715,-0.10328,4.7789,0.24024,0
0.79538,-0.4451,-0.085264,4.7789,1.2327,0
0.32051,-0.5477,-0.073681,-5.6889,0.41284,0
0.035589,-0.34251,-0.06081,-4.5511,0.98818,0
0.7004,-0.0090658,-0.077542,7.282,0.87311,0
0.7004,-0.060364,-0.099422,2.7309,0.57106,0
0.32051,0.067882,-0.10843,-8.192,1.2327,0
-0.81917,0.11918,-0.076255,-1.3652,0.31216,0
-1.8639,0.22178,-0.045365,7.7372,1.2039,0
-2.3388,0.17048,-0.022197,-0.68254,0.54229,0
-2.1488,0.016583,0.022851,-7.5093,0.85873,0
-2.2438,0.32437,0.046019,1.5931,0.95941,0
-1.6739,0.60652,0.038296,6.1442,0.42722,0
-0.91415,0.14483,0.042157,-4.5511,1.2471,0
-0.059385,0.093531,0.025425,-7.5093,0.41284,0
1.5552,-0.26556,0.0022576,5.234,1.0026,0
1.1753,-0.29121,0.0061189,5.234,0.81558,0
0.51046,-0.23991,0.007406,-7.0542,0.57106,0
0.41548,-0.47075,-0.023484,-5.0062,1.2183,0
1.5552,-0.5477,-0.054374,7.282,0.42722,0
1.4602,-0.36816,-0.059523,2.0482,1.2615,0
-0.059385,-0.034715,-0.050513,-7.9645,0.54229,0
-0.53425,-0.034715,-0.040216,-1.3652,0.91626,0
-1.1041,0.093531,-0.023484,7.5096,0.93064,0
-1.1991,0.42697,-0.033781,-0.9101,0.44161,0
-0.91415,-0.060364,-0.056948,-8.8747,1.1895,0
-0.53425,-0.29121,-0.094274,1.8206,0.26901,0
-0.62923,-0.0090658,-0.12002,7.282,1.0313,0
-0.24933,0.14483,-0.1213,-3.4133,0.51352,0
1.4602,0.22178,-0.10457,-7.0542,0.44161,0
2.6949,0.73476,-0.1316,4.5513,0.85873,0
2.125,0.96561,-0.1612,4.5513,-0.004278,0
1.5552,1.0426,-0.1612,-6.8267,0.90188,0
1.7451,1.0426,-0.12002,-4.3235,-0.076195,0
1.2702,1.0169,-0.10071,6.5994,0.44161,0
0.41548,1.2734,-0.0917,1.5931,0.25462,0
-0.81917,1.1452,-0.102,-8.192,-0.20565,0
-1.389,0.76041,-0.13289,-0.22742,0.36969,0
-0.91415,0.91431,-0.12645,7.9647,-0.55085,0
-0.24933,0.93996,-0.095561,-1.5928,0.26901,0
0.035589,0.99126,-0.078829,-7.5093,-0.43578,0
-0.81917,0.76041,-0.087839,4.5513,-0.20565,0
-1.8639,0.37567,-0.11358,6.8269,-0.090578,0
-1.7689,-0.0090658,-0.11873,-5.4613,-0.70906,0
-0.53425,-0.16296,-0.10328,-5.4613,0.21147,0
0.13056,-0.21426,-0.095561,6.1442,-0.72345,0
-0.15436,-0.7016,-0.069819,4.0962,0.082022,0
0.035589,-0.98374,-0.064671,-6.3715,-0.32071,0
1.4602,-0.75289,-0.036355,-3.4133,-0.4214,0
2.03,-0.4451,-0.0028907,7.282,0.067639,0
2.22,-0.47075,0.021564,0.45525,-0.7666,0
2.315,-0.80419,0.064038,-7.9645,0.13956,0
1.8401,-0.72725,0.12324,0.68281,-0.69468,0
1.4602,-0.6503,0.18374,7.9647,-0.14811,0
1.2702,-0.85549,0.23265,-2.503,-0.19126,0
1.7451,-0.75289,0.26482,-7.9645,-0.60838,0
0.51046,-0.599,0.29443,2.9584,0.12517,0
-0.62923,-0.13731,0.297,5.4616,-0.7666,0
-1.7689,-0.11166,0.28542,-5.6889,0.067639,0
-1.484,0.093531,0.27126,-6.144,-0.46455,0
-1.1041,0.32437,0.2172,6.1442,-0.4214,0
-0.62923,0.32437,0.17344,2.9584,-0.061812,0
-1.1041,0.24743,0.15928,-7.2818,-0.7666,0
-1.1041,-0.23991,0.10651,-2.9581,0.067639,0
-0.059385,-0.31686,0.034435,7.7372,-0.79537,0
-0.34431,0.22178,-0.00031657,0.91037,-0.22003,0
-0.059385,0.76041,-0.006752,-7.9645,-0.34948,0
0.98533,0.70911,-0.006752,1.1379,-0.60838,0
2.315,0.91431,-0.010613,7.282,0.067639,0
2.125,0.47827,-0.033781,-3.6408,-0.80975,0
0.22554,0.24743,-0.071106,-6.144,0.16832,0
-0.24933,0.24743,-0.096848,4.7789,-0.4214,0
0.32051,-0.29121,-0.086552,5.4616,-0.14811,0
0.51046,-0.5477,-0.018336,-6.3715,0.053256,0
0.22554,-0.85549,0.029286,-4.7786,-0.56523,0
0.035589,-0.98374,0.047306,7.7372,0.38407,0
-0.34431,-0.95809,0.04988,3.186,-0.43578,0
-0.62923,-0.5477,0.051167,-7.5093,0.18271,0
-0.62923,-0.26556,0.087205,-1.3652,-0.004278,0
-0.15436,-0.47075,0.11938,7.7372,-0.20565,0
1.0803,-1.0094,0.096215,-0.22742,0.42722,0
1.0803,-1.8302,0.10394,-7.9645,-0.40701,0
-0.53425,-2.1636,0.15671,2.9584,0.57106,0
-1.7689,-1.4967,0.15413,7.0545,-0.11935,0
-1.1991,-0.88114,0.10394,-4.7786,0.22586,0
0.7004,-0.62465,0.091067,-6.3715,0.35531,0
1.9351,-0.88114,0.08077,5.9167,-0.19126,0
1.7451,-0.29121,0.053741,4.3238,0.61421,0
0.79538,0.29873,0.087205,-7.2818,-0.29195,0
-0.43928,-0.13731,0.17988,-3.6408,0.41284,0
0.035589,-1.1633,0.29185,7.282,0.010105,0
1.2702,-1.7276,0.38195,0.91037,-0.13373,0
1.2702,-1.625,0.39096,-9.3298,0.32654,0
1.5552,-1.0094,0.33947,-0.22742,-0.49331,0
0.89035,-0.85549,0.26611,7.7372,0.42722,0
0.79538,-0.47075,0.2069,-1.8203,-0.4214,0
0.60543,-0.29121,0.17087,-7.9645,0.082022,0
0.035589,-0.21426,0.13483,2.7309,-0.004278,0
0.41548,-0.41945,0.11938,5.6891,-0.4214,0
-0.059385,-0.034715,0.11295,-5.6889,0.38407,0
0.51046,0.40132,0.12968,-6.3715,-0.55085,0
1.2702,0.32437,0.15671,5.9167,0.24024,0
1.8401,0.24743,0.17988,3.6411,-0.36386,0
1.9351,0.45262,0.14512,-7.5093,-0.11935,0
1.2702,0.52957,0.11037,-3.1857,0.053256,0
0.41548,0.58087,0.10651,7.7372,-0.52208,0
-0.34431,0.78606,0.11295,0.45525,0.32654,0
-0.15436,0.99126,0.091067,-8.6471,-0.56523,0
0.035589,0.96561,0.078196,0.2277,0.26901,0
-0.91415,0.99126,0.1078,6.8269,-0.10496,0
-1.7689,0.50392,0.14126,-2.503,-0.20565,0
-1.9589,0.042233,0.14126,-7.5093,0.38407,0
-0.24933,-0.41945,0.10136,2.7309,-0.45016,0
2.03,-0.34251,0.083344,6.1442,0.44161,0
3.4546,0.22178,0.074335,-5.6889,-0.27756,0
3.3597,0.35002,0.034435,-5.6889,0.038872,0
1.7451,0.29873,-0.031207,6.5994,0.21147,0
-0.24933,0.19613,-0.072394,4.3238,-0.43578,0
-1.7689,0.40132,-0.087839,-7.7369,0.42722,0
-2.1488,0.067882,-0.094274,-3.1857,-0.4214,0
-1.7689,-0.11166,-0.10457,7.7372,0.18271,0
-0.34431,0.016583,-0.1213,0.45525,-0.11935,0
0.035589,0.35002,-0.10714,-7.7369,-0.37825,0
-0.43928,0.37567,-0.083977,0.45525,0.18271,0
0.22554,0.22178,-0.073681,6.3718,-0.594,0
1.2702,0.22178,-0.059523,-3.1857,0.32654,0
1.1753,0.19613,-0.053087,-6.8267,-0.43578,0
0.32051,0.22178,-0.0518,5.4616,-0.10496,0
-1.1991,0.22178,-0.076255,5.234,-0.033045,0
-1.7689,0.19613,-0.12259,-6.8267,-0.594,0
-0.62923,0.016583,-0.15734,-4.7786,0.24024,0
-0.24933,-0.36816,-0.14704,7.7372,-0.69468,0
-0.059385,-0.086014,-0.1612,2.5033,0.053256,0
0.98533,0.37567,-0.17279,-8.4196,-0.23441,0
1.4602,0.52957,-0.2011,-2.503,-0.3351,0
0.98533,0.35002,-0.25902,7.0545,0.16832,0
0.89035,0.45262,-0.31308,0.91037,-0.60838,0
0.7004,0.58087,-0.3607,-7.9645,0.32654,0
0.79538,0.81171,-0.38644,0.68281,-0.46455,0
0.7004,0.96561,-0.36714,7.0545,-0.004278,0
0.7004,0.55522,-0.34654,-2.9581,-0.004278,0
0.41548,0.47827,-0.30793,-7.5093,-0.49331,0
-0.81917,0.58087,-0.3105,4.5513,0.39846,0
-1.294,1.0939,-0.34011,5.9167,-0.55085,0
-1.1991,1.5555,-0.34654,-6.8267,0.26901,0
-0.53425,0.81171,-0.36714,-5.6889,-0.27756,0
-0.53425,0.14483,-0.36328,7.0545,-0.23441,0
-0.34431,0.11918,-0.31823,2.2757,0.16832,0
0.41548,0.14483,-0.28991,-7.9645,-0.5077,0
0.7004,-0.0090658,-0.28219,-1.3652,0.41284,0
-0.059385,0.24743,-0.27961,7.7372,-0.36386,0
-1.1041,0.27308,-0.26932,-0.45498,0.13956,0
-0.7242,0.37567,-0.29377,-7.9645,0.12517,0
-1.1991,0.32437,-0.33496,2.7309,-0.29195,0
-1.6739,0.27308,-0.34654,7.282,0.38407,0
-0.53425,0.60652,-0.3208,-3.6408,-0.5077,0
0.89035,0.91431,-0.30278,-5.9164,0.32654,0
2.03,1.0169,-0.28734,5.9167,-0.2488,0
1.8401,0.81171,-0.27189,5.6891,-0.20565,0
0.7004,0.86301,-0.24872,-6.5991,0.11079,0
-0.059385,0.68346,-0.24229,-4.3235,-0.594,0
-0.53425,0.65782,-0.22684,8.1923,0.34092,0
-0.62923,0.19613,-0.21783,2.7309,-0.63715,0
-0.81917,-0.41945,-0.20754,-7.7369,-0.076195,0
-0.81917,-0.80419,-0.2011,-0.45498,-0.2488,0
0.79538,-0.95809,-0.23071,7.7372,-0.53646,0
2.9798,-0.57335,-0.2513,-1.3652,0.082022,0
2.7898,-0.26556,-0.24744,-7.5093,-0.80975,0
1.3652,-0.67595,-0.22427,2.5033,-0.033045,0
0.89035,-0.67595,-0.19724,7.0545,-0.75222,0
0.79538,-0.62465,-0.21269,-3.8684,-0.45016,0
0.98533,-0.34251,-0.2513,-6.5991,-0.32071,0
1.2702,-0.3938,-0.24872,4.7789,-0.92482,0
1.5552,-0.060364,-0.19338,5.4616,-0.090578,0
0.51046,-0.086014,-0.14447,-6.3715,-0.9392,0
-0.24933,-0.3938,-0.11873,-5.0062,-0.10496,0
-0.34431,-0.29121,-0.090413,6.8269,-0.60838,0
0.89035,-0.18861,-0.053087,2.0482,-0.57961,0
1.4602,-0.13731,-0.063384,-9.1023,-0.19126,0
0.035589,0.016583,-0.12388,-1.1377,-0.86728,0
-1.1041,0.40132,-0.14061,7.282,0.038872,0
-0.91415,0.093531,-0.080116,-0.9101,-0.82413,0
-0.059385,-0.41945,-0.089126,-8.192,-0.26318,0
1.2702,-0.13731,-0.12903,1.8206,-0.37825,0
1.0803,0.35002,-0.13932,7.282,-0.69468,0
0.51046,0.55522,-0.13546,-4.3235,0.024489,0
-0.34431,0.37567,-0.12516,-6.144,-0.8529,0
-0.53425,0.19613,-0.13675,4.0962,0.024489,0
-0.15436,0.37567,-0.14962,4.5513,-0.63715,0
0.035589,0.067882,-0.13031,-6.3715,-0.36386,0
0.035589,-0.13731,-0.08269,-3.8684,-0.17688,0
0.79538,0.042233,-0.055661,6.5994,-0.72345,0
1.5552,0.45262,-0.024771,2.5033,0.096406,0
0.89035,0.32437,-0.026058,-7.5093,-0.82413,0
0.79538,-0.034715,-0.006752,-0.9101,-0.13373,0
0.51046,-0.16296,-0.0028907,7.9647,-0.56523,0
0.51046,-0.23991,0.011267,-1.8203,-0.69468,0
-0.15436,-0.47075,0.04988,-7.9645,-0.1625,0
-0.62923,-0.31686,0.08077,3.186,-0.96797,0
-0.81917,-0.0090658,0.08077,6.5994,-0.13373,0
-1.0091,0.45262,0.04087,-5.0062,-0.98235,0
-1.0091,1.0169,0.0061189,-5.6889,-0.53646,0
0.13056,1.376,0.015128,7.0545,-0.60838,0
0.79538,1.4529,0.038296,3.186,-1.0543,0
0.7004,1.6325,0.053741,-7.9645,-0.29195,0
1.0803,1.0939,0.062751,-1.5928,-1.1837,0
1.6501,0.50392,0.070473,7.0545,-0.30633,0
0.89035,0.52957,0.10522,0.2277,-0.92482,0
0.79538,0.37567,0.15027,-7.0542,-0.79537,0
0.7004,0.24743,0.158,0.91037,-0.52208,0
-1.1991,0.47827,0.16958,7.282,-1.1693,0
-2.4337,0.52957,0.20948,-4.5511,-0.34948,0
-2.5287,0.37567,0.28027,-5.6889,-1.1981,0
-1.8639,0.50392,0.29829,5.9167,-0.49331,0
-0.62923,0.52957,0.2571,3.4135,-0.75222,0
0.60543,0.11918,0.26225,-7.0542,-0.88167,0
1.5552,0.042233,0.33175,-3.6408,-0.39263,0
2.5049,0.37567,0.39096,7.7372,-1.1693,0
3.1697,0.37567,0.4167,2.0482,-0.14811,0
2.125,0.22178,0.45789,-8.6471,-0.96797,0
1.2702,-0.034715,0.52739,-0.68254,-0.52208,0
0.51046,-0.47075,0.59303,6.3718,-0.49331,0
-0.43928,-0.77854,0.63164,-2.9581,-0.9392,0
-0.91415,-0.95809,0.63551,-7.7369,-0.13373,0
-0.81917,-0.5477,0.60976,2.7309,-1.0111,0
0.035589,-0.0090658,0.55699,6.1442,-0.26318,0
0.32051,-0.086014,0.52224,-5.6889,-0.78098,0
0.41548,-0.3938,0.49779,-5.9164,-0.75222,0
2.03,-0.52205,0.45274,5.9167,-0.29195,0
3.3597,-0.41945,0.39611,3.6411,-0.99673,0
2.9798,-0.4451,0.38066,-7.5093,-0.10496,0
1.0803,-0.11166,0.4167,-2.7306,-0.83852,0
-0.34431,0.067882,0.45145,7.7372,-0.22003,0
0.51046,-0.29121,0.51066,0.91037,-0.37825,0
1.8401,-1.035,0.55184,-7.7369,-0.73783,0
1.2702,-1.548,0.5763,0.68281,0.024489,0
0.32051,-1.5737,0.5763,7.5096,-0.89605,0
-0.43928,-1.2402,0.56986,-2.0479,0.024489,0
0.41548,-1.0094,0.54412,-7.7369,-0.6803,0
2.125,-1.2146,0.51838,4.0962,-0.46455,0
2.4099,-1.3685,0.4965,6.3718,-0.27756,0
0.51046,-0.67595,0.48878,-5.0062,-0.88167,0
-1.0091,-0.67595,0.47076,-5.0062,-0.018661,0
-1.0091,-1.2146,0.42957,6.8269,-0.98235,0
-0.43928,-1.1376,0.33947,3.186,-0.22003,0
0.32051,-0.77854,0.26225,-7.2818,-0.5077,0
0.41548,-0.67595,0.20433,-2.503,-0.60838,0
0.035589,-0.36816,0.16829,8.1923,-0.14811,0
0.13056,-0.47075,0.13611,0.45525,-0.92482,0
-0.7242,-0.57335,0.11938,-8.192,-0.047428,0
-1.7689,-0.36816,0.10265,0.2277,-0.9392,0
-1.1991,-0.47075,0.05889,7.5096,-0.39263,0
0.22554,-0.31686,0.012554,-2.0479,-0.49331,0
-0.059385,-0.21426,-0.040216,-7.2818,-0.82413,0
-1.8639,-0.90679,-0.053087,3.6411,-0.047428,0
-2.0538,-1.3685,-0.04279,5.4616,-0.91043,0
-0.53425,-1.4198,0.024138,-6.3715,-0.004278,0
-1.0091,-1.4711,0.10909,-5.4613,-0.63715,0
-1.484,-1.6763,0.13225,5.6891,-0.37825,0
-0.34431,-1.8302,0.14512,2.5033,-0.19126,0
0.13056,-1.8045,0.12839,-8.4196,-0.78098,0
-0.43928,-1.5737,0.12196,-3.8684,0.053256,0
-0.62923,-1.1633,0.11681,7.5096,-0.86728,0
-1.1991,-0.77854,0.098789,0.2277,-0.061812,0
-1.389,-0.18861,0.04087,-7.5093,-0.43578,0
-0.34431,-0.086014,-0.0016037,0.2277,-0.45016,0
0.51046,-0.18861,-0.010613,7.282,0.010105,0
0.035589,0.016583,-0.058236,-3.6408,-0.70906,0
-1.9589,0.19613,-0.11873,-7.9645,0.25462,0
-2.5287,0.37567,-0.18308,4.5513,-0.594,0
-1.1991,0.58087,-0.25902,4.7789,0.010105,0
-0.059385,0.14483,-0.3015,-6.8267,-0.061812,0
1.7451,0.067882,-0.33239,-4.0959,-0.37825,0
1.3652,0.11918,-0.35298,7.5096,0.31216,0
-0.53425,0.19613,-0.33625,2.2757,-0.49331,0
-1.0091,0.47827,-0.3105,-8.4196,0.39846,0
0.13056,0.60652,-0.27961,-1.1377,-0.17688,0
0.60543,0.11918,-0.2513,7.282,0.024489,0
0.32051,0.29873,-0.22556,-0.9101,0.42722,0
0.32051,0.52957,-0.17407,-7.2818,-0.26318,0
0.51046,0.11918,-0.12903,2.5033,0.68613,0
0.7004,-0.34251,-0.12774,6.8269,-0.19126,0
-0.059385,-0.31686,-0.13546,-4.3235,0.42722,0
-1.1041,-0.23991,-0.12259,-5.2337,0.31216,0
-0.43928,-0.67595,-0.10328,6.3718,0.082022,0
0.98533,-1.1376,-0.095561,4.7789,0.77243,0
1.6501,-1.1633,-0.0917,-6.5991,0.024489,0
0.32051,-0.599,-0.080116,-4.3235,0.91626,0
-1.0091,-0.47075,-0.087839,6.8269,0.11079,0
-0.43928,-0.5477,-0.090413,1.3655,0.55667,0
-0.059385,-0.57335,-0.04279,-8.6471,0.67174,0
-0.43928,-0.599,0.0035447,-0.9101,0.12517,0
-0.62923,-0.36816,-0.0119,7.7372,0.88749,0
-0.15436,-0.47075,-0.036355,-1.1377,-0.061812,0
0.32051,-0.5477,-0.08269,-7.9645,0.88749,0
0.51046,-0.3938,-0.15091,2.7309,0.28339,0
-0.34431,-0.034715,-0.18308,6.3718,0.51352,0
-0.81917,0.19613,-0.1612,-4.3235,0.78681,0
-1.389,0.042233,-0.11744,-6.5991,0.22586,0
-1.0091,-0.18861,-0.12259,6.3718,1.2183,0
-1.0091,0.042233,-0.15348,3.6411,0.24024,0
-1.7689,0.19613,-0.17021,-7.7369,0.95941,0
-1.579,0.42697,-0.1715,-4.0959,0.70051,0
-1.0091,0.35002,-0.17407,7.0545,0.36969,0
-1.1041,0.52957,-0.14318,1.3655,1.0313,0
-1.294,0.65782,-0.10972,-8.4196,0.11079,0
-0.53425,0.86301,-0.10843,-0.45498,1.0026,0
0.13056,0.96561,-0.15734,7.282,0.39846,0
-0.53425,0.73476,-0.20882,-2.2755,0.71489,0
-0.7242,0.83736,-0.24358,-6.8267,0.98818,0
-0.91415,0.99126,-0.24229,4.0962,0.36969,0
-0.24933,0.52957,-0.22942,6.8269,1.3334,0
0.7004,0.68346,-0.24358,-5.4613,0.44161,0
0.32051,0.73476,-0.25645,-5.6889,1.1464,0
-0.24933,0.37567,-0.23457,6.5994,0.82996,0
-0.24933,0.27308,-0.22942,3.6411,0.57106,0
-0.24933,0.63217,-0.21269,-7.7369,1.1608,0
-1.579,0.47827,-0.17793,-2.9581,0.32654,0
-1.6739,0.22178,-0.13804,6.8269,1.2902,0
-1.0091,-0.0090658,-0.058236,0.2277,0.52791,0
-0.91415,-0.18861,0.0035447,-7.9645,0.95941,0
-0.53425,-0.18861,0.048593,0.68281,1.0601,0
-1.0091,-0.6503,0.11552,7.282,0.48476,0
-1.8639,-1.2146,0.17988,-1.5928,1.2902,0
-1.1991,-0.93244,0.23265,-7.5093,0.39846,0
0.51046,-0.93244,0.25195,3.6411,1.0889,0
0.98533,-1.7019,0.23779,7.0545,0.65736,0
-0.059385,-1.7019,0.24552,-5.4613,0.59983,0
-0.7242,-1.2402,0.28027,-6.3715,0.85873,0
-1.0091,-1.0863,0.29443,6.1442,0.11079,0
-1.579,-1.0094,0.29958,3.4135,0.93064,0
-1.389,-1.0094,0.33433,-8.192,0.067639,0
-1.6739,-0.75289,0.3665,-2.0479,0.68613,0
-1.579,-0.88114,0.3665,7.7372,0.28339,0
-0.15436,-0.75289,0.33947,0.2277,0.11079,0
0.7004,-0.47075,0.34977,-8.6471,0.59983,0
-0.15436,-0.21426,0.35878,0.91037,-0.22003,0
-0.15436,0.016583,0.34977,7.282,0.62859,0
0.035589,-0.26556,0.34462,-3.4133,-0.1625,0
-0.34431,-0.086014,0.34205,-7.9645,0.21147,0
-1.1041,-0.086014,0.35106,3.6411,0.25462,0
-1.294,0.067882,0.36779,5.234,-0.2488,0
-0.62923,0.35002,0.36779,-6.5991,0.57106,0
-0.53425,0.35002,0.37551,-5.4613,-0.4214,0
-1.1041,0.016583,0.37937,6.1442,0.34092,0
0.035589,-0.18861,0.38324,3.186,-0.11935,0
1.0803,-0.26556,0.34848,-8.8747,-0.1625,0
0.98533,-0.4451,0.3266,-2.9581,0.29777,0
1.4602,-0.57335,0.30987,7.5096,-0.47893,0
2.6949,-0.57335,0.30344,1.1379,0.38407,0
1.9351,-0.85549,0.32146,-8.6471,-0.49331,0
1.2702,-0.75289,0.34848,0.00013542,-0.004278,0
0.79538,-0.93244,0.33433,7.282,0.010105,0
-0.34431,-1.3941,0.32532,-2.0479,-0.46455,0
-1.1991,-1.548,0.31116,-7.2818,0.36969,0
-1.6739,-1.4454,0.3266,3.6411,-0.40701,0
-1.389,-1.3941,0.38452,6.8269,0.34092,0
-0.15436,-1.6506,0.43729,-4.5511,-0.033045,0
-0.43928,-1.8045,0.43601,-6.5991,-0.26318,0
0.32051,-2.2919,0.43729,6.3718,0.24024,0
1.1753,-2.574,0.43086,4.7789,-0.60838,0
0.7004,-2.7022,0.36393,-6.8267,0.34092,0
-0.15436,-2.6253,0.22492,-3.8684,-0.4214,0
-0.91415,-2.4457,-0.02091,6.8269,0.024489,0
-1.8639,-2.061,-0.28348,2.7309,0.010105,0
-1.1041,-1.5737,-0.46496,-7.9645,-0.39263,0
0.7004,-1.4711,-0.63871,-1.8203,0.36969,0
1.6501,-1.4198,-0.8099,7.7372,-0.66591,0
1.4602,-1.112,-1.0364,0.00013542,0.19709,0
-0.24933,-1.0607,-1.3222,-7.5093,-0.45016,0
-0.15436,-1.2402,-1.6259,0.91037,-0.2488,0
0.51046,-1.625,-1.9232,7.5096,-0.033045,0
0.79538,-1.0607,-2.2,-2.503,-0.73783,0
0.7004,-0.7016,-2.4471,-7.2818,0.13956,0
0.41548,-0.88114,-2.6337,4.0962,-0.66591,0
0.51046,-0.4964,-2.8486,5.9167,-0.033045,0
1.6501,-0.060364,-3.0494,-6.144,-0.32071,0
1.3652,-0.0090658,-3.2193,-5.4613,-0.53646,0
-0.43928,-0.4451,-3.3699,5.234,0.082022,0
-1.294,-0.086014,-3.5733,2.5033,-0.75222,0
-0.53425,0.35002,-3.8346,-7.2818,0.11079,0
0.51046,0.11918,-4.0997,-3.1857,-0.49331,0
0.41548,0.32437,-4.3365,7.5096,-0.29195,0
-0.62923,0.58087,-4.5527,-0.22742,-0.076195,0
-1.8639,0.37567,-4.6493,-9.1023,-0.72345,0
-1.7689,0.45262,-4.6428,0.91037,0.12517,0
-0.059385,0.32437,-4.612,7.282,-0.7666,0
1.7451,0.016583,-4.5824,-2.503,-0.19126,0
2.6949,0.093531,-4.5244,-7.5093,-0.29195,0
2.8848,-0.23991,-4.5399,3.8687,-0.62276,0
1.7451,-0.29121,-4.5605,5.4616,0.053256,0
1.9351,0.22178,-4.5296,-5.6889,-0.69468,0
1.4602,0.78606,-4.4717,-4.5511,0.26901,0
0.51046,0.78606,-4.3623,7.0545,-0.22003,0
1.0803,0.88866,-4.1576,2.9584,0.21147,0
1.1753,0.68346,-3.9066,-8.192,0.41284,0
-0.059385,0.40132,-3.6853,-2.7306,-0.11935,0
-0.62923,0.70911,-3.5257,7.9647,0.81558,0
-0.53425,0.45262,-3.3789,0.68281,-0.033045,0
-0.24933,-0.16296,-3.2,-8.4196,0.67174,0
0.13056,-0.086014,-3.0031,0.2277,0.36969,0
0.13056,0.63217,-2.8036,7.7372,0.32654,0
0.13056,1.1965,-2.5101,-1.5928,0.90188,0
0.13056,1.4273,-2.1086,-7.2818,0.22586,0
0.51046,1.4016,-1.752,2.9584,1.2327,0
0.79538,1.9403,-1.5461,7.0545,0.48476,0
1.2702,2.1968,-1.5062,-5.2337,1.0169,0
1.8401,2.5046,-1.42,-6.3715,0.95941,0
2.22,2.6328,-1.2179,5.6891,0.47037,0
2.03,2.6072,-0.96177,3.6411,1.2471,0
1.8401,2.2224,-0.66703,-6.8267,0.41284,0
1.6501,1.9659,-0.30793,-2.9581,1.3046,0
1.0803,1.8633,0.075622,7.282,0.77243,0
0.98533,2.0172,0.47462,0.45525,0.98818,0
1.1753,1.9659,0.90451,-8.192,1.2615,0
1.4602,1.6581,1.3357,0.91037,0.65736,0
1.1753,1.6838,1.7347,7.282,1.4916,0
0.035589,1.812,2.2495,-3.6408,0.58544,0
-1.1041,2.0942,2.9162,-7.9645,1.1895,0
-0.7242,1.7607,3.5958,3.8687,0.98818,0
-0.7242,1.4529,4.2535,4.7789,0.75804,0
-0.53425,1.6581,4.8868,-6.8267,1.3334,0
-0.34431,2.0172,5.3797,-5.0062,0.45599,0
0.32051,2.2224,5.7414,7.282,1.3621,0
-0.43928,2.4533,6.1365,2.5033,0.48476,0
-0.15436,2.8893,6.5767,-8.192,0.82996,0
0.51046,3.274,6.9821,-1.8203,0.74366,0
0.41548,3.7101,7.3271,7.5096,0.31216,0
-0.15436,3.4279,7.5858,-0.9101,1.0745,0
-0.7242,3.4279,7.8278,-7.9645,0.19709,0
-1.9589,3.9409,7.9681,1.8206,1.0889,0
-2.3388,4.5309,7.9771,7.5096,0.70051,0
-1.7689,4.7617,7.887,-4.3235,0.91626,0
-1.484,4.7873,7.7389,-7.2818,1.4053,0
-1.579,4.7873,7.6115,4.7789,0.68613,0
-1.1041,4.7361,7.4622,5.0064,1.6067,0
-1.1991,4.7104,7.2704,-6.5991,0.65736,0
-2.1488,4.7617,7.0285,-5.0062,1.2902,0
-3.5734,4.7361,6.7685,7.5096,1.132,0
-3.0985,4.7617,6.4866,2.7309,0.85873,0
-1.6739,4.2487,6.2189,-7.0542,1.5204,0
-0.15436,3.7101,5.9641,-1.3652,0.70051,0
-0.059385,3.5562,5.7247,8.1923,1.3909,0
0.41548,3.9666,5.4351,-0.22742,0.64298,0
-0.059385,3.5562,5.0811,-7.9645,0.68613,0
-1.0091,2.8893,4.7439,2.2757,0.80119,0
-1.7689,2.2737,4.4479,8.1923,0.067639,0
-1.8639,1.9403,4.1287,-3.6408,0.82996,0
-1.1041,1.5299,3.8301,-7.0542,-0.004278,0
-0.24933,1.4529,3.5392,4.7789,0.64298,0
-0.62923,1.6581,3.2264,5.6891,0.45599,0
-1.1041,1.8377,2.9137,-5.4613,0.29777,0
-1.0091,1.6581,2.6112,-5.2337,0.84434,0
-1.1041,1.2221,2.3319,6.8269,0.010105,0
-1.389,0.58087,2.0732,2.9584,0.88749,0
-0.53425,-0.16296,1.866,-7.5093,0.16832,0
0.60543,-0.52205,1.5982,-3.1857,0.48476,0
0.32051,-0.62465,1.2855,6.3718,0.59983,0
-0.81917,-0.85549,0.98173,0.45525,0.082022,0
-1.7689,-0.98374,0.73075,-7.0542,0.91626,0
-1.389,-0.80419,0.50551,-0.45498,0.067639,0
0.7004,-0.6503,0.28027,6.5994,0.77243,0
1.6501,-1.0863,0.075622,-2.2755,0.44161,0
1.2702,-1.5737,-0.078829,-7.7369,0.35531,0
1.3652,-1.0607,-0.18952,3.8687,0.81558,0
1.1753,-0.72725,-0.28734,6.1442,0.010105,0
0.035589,-0.88114,-0.37615,-6.3715,0.87311,0
-0.059385,-1.2146,-0.46238,-6.144,-0.004278,0
1.5552,-1.112,-0.56792,6.1442,0.55667,0
2.22,-1.0607,-0.66574,3.6411,0.51352,0
0.89035,-0.7016,-0.76356,-7.9645,0.12517,0
-0.15436,-0.6503,-0.86781,-1.5928,0.82996,0
-0.53425,-0.85549,-0.95791,8.4198,-0.033045,0
-0.53425,-0.93244,-1.0055,0.45525,0.90188,0
-1.1041,-1.0863,-1.0441,-8.4196,0.34092,0
-0.62923,-1.2915,-1.0737,0.91037,0.49914,0
1.4602,-1.6506,-1.133,7.0545,0.78681,0
1.8401,-1.8045,-1.2192,-3.8684,0.010105,0
0.79538,-1.8815,-1.2642,-7.0542,0.87311,0
0.51046,-2.0867,-1.2874,5.234,-0.076195,0
2.315,-2.4201,-1.353,6.3718,0.48476,0
3.3597,-2.1636,-1.3994,-5.4613,0.21147,0
3.7396,-1.6506,-1.4135,-4.5511,-0.033045,0
2.9798,-1.2402,-1.4354,6.3718,0.62859,0
1.4602,-1.112,-1.4843,2.7309,-0.1625,0
0.51046,-1.2402,-1.5229,-7.2818,0.75804,0
-0.24933,-1.3941,-1.5422,-0.9101,0.13956,0
0.035589,-1.3941,-1.5796,8.1923,0.41284,0
-0.53425,-1.4198,-1.5989,-0.22742,0.42722,0
0.22554,-1.4454,-1.5706,-7.7369,-0.19126,0
1.5552,-1.4198,-1.55,1.8206,0.49914,0
1.8401,-1.4198,-1.5538,7.0545,-0.53646,0
1.1753,-1.4711,-1.5706,-4.0959,0.16832,0
1.1753,-1.6506,-1.5834,-7.0542,-0.37825,0
2.5049,-1.8045,-1.5628,4.0962,-0.39263,0
2.8848,-1.5993,-1.595,5.4616,-0.076195,0
2.125,-1.6506,-1.6439,-6.5991,-0.82413,0
0.22554,-1.8302,-1.6607,-5.6889,0.010105,0
-1.294,-1.8302,-1.6581,6.8269,-0.82413,0
-1.484,-1.5737,-1.6838,2.2757,-0.3351,0
-0.81917,-1.9841,-1.7224,-8.8747,-0.39263,0
-1.294,-1.9328,-1.7224,-1.1377,-0.7666,0
-1.8639,-1.8815,-1.7031,6.8269,0.010105,0
-1.389,-1.8558,-1.6761,-2.2755,-0.73783,0
0.60543,-1.3172,-1.6581,-8.6471,0.13956,0
1.0803,-1.2659,-1.6465,2.9584,-0.22003,0
-0.53425,-1.625,-1.6491,7.0545,-0.061812,0
-0.81917,-1.5737,-1.6478,-5.0062,0.55667,0
0.41548,-1.4967,-1.6452,-7.2818,-0.004278,0
0.41548,-1.4454,-1.6452,5.0064,1.2183,0
-0.43928,-1.3941,-1.6478,3.8687,0.55667,0
0.60543,-1.3428,-1.6478,-7.2818,1.3909,0
1.7451,-1.4454,-1.6491,-4.5511,1.3478,0
-0.34431,-1.4198,-1.6478,6.5994,1.2758,0
-0.81917,-1.4454,-1.6478,2.5033,2.1245,0
0.22554,-1.4454,-1.6439,-7.9645,1.3478,0
0.32051,-1.3941,-1.55,-1.5928,2.4697,0
0.13056,-1.1376,-1.4522,7.5096,1.9519,0
0.7004,-0.77854,-1.3621,-1.1377,2.3546,0
0.60543,-0.6503,-1.3157,-7.5093,2.6567,0
0.98533,-0.5477,-1.3337,3.6411,2.2971,0
0.41548,-0.599,-1.3492,7.5096,3.3327,0
0.13056,-0.6503,-1.3093,-5.0062,2.5128,0
0.41548,-0.3938,-1.2707,-6.5991,3.3183,0
1.5552,-0.47075,-1.2565,5.9167,3.1025,0
3.1697,-0.29121,-1.2179,5.4616,3.0306,0
2.5999,-0.23991,-1.196,-6.5991,3.7786,0
-0.15436,-0.23991,-1.1922,-4.5511,3.0882,0
-0.81917,-0.13731,-1.1922,7.7372,4.0806,0
-0.15436,-0.13731,-1.1947,2.9584,3.5197,0
0.32051,-0.18861,-1.1909,-7.5093,4.0806,0
1.2702,-0.16296,-1.1909,-2.2755,4.3251,0
0.60543,-0.16296,-1.1947,7.282,3.8649,0
-0.24933,-0.26556,-1.187,-1.5928,4.771,0
-0.43928,-0.18861,-1.1947,-7.7369,3.9799,0
-1.1991,-0.18861,-1.1857,2.7309,4.8142,0
-1.389,-0.7016,-0.99266,6.8269,4.3395,0
-0.43928,-1.1376,-0.86524,-4.5511,4.3395,0
0.035589,-1.0863,-0.78673,-7.5093,4.7279,0
-1.389,-1.3428,-0.72623,5.234,3.9512,0
-2.1488,-1.112,-0.70049,5.234,4.7998,0
-0.81917,-0.31686,-0.67475,-6.3715,3.7498,0
-0.34431,0.093531,-0.63356,-5.2337,4.1957,0
-0.91415,0.22178,-0.59109,6.5994,3.8073,0
-0.91415,0.73476,-0.57178,2.7309,3.1888,0
-0.7242,0.73476,-0.54604,-8.192,3.534,0
-0.24933,0.37567,-0.54604,-2.0479,2.3115,0
-0.91415,0.27308,-0.57307,7.0545,2.858,0
-2.3388,-0.034715,-0.6104,-0.22742,1.9375,0
-1.484,0.093531,-0.61426,-8.192,1.9087,0
-0.059385,0.45262,-0.6104,0.2277,1.7361,0
0.79538,0.81171,-0.58852,7.0545,0.77243,0
0.89035,0.76041,-0.52802,-3.1857,1.1752,0
0.51046,0.63217,-0.5306,-6.8267,-0.047428,0
-0.34431,0.42697,-0.54218,4.7789,0.11079,0
-0.15436,0.24743,-0.53446,5.6891,-0.55085,0
0.89035,0.42697,-0.56792,-5.4613,-1.2844,0
2.03,0.52957,-0.61812,-5.0062,-1.0399,0
1.8401,0.58087,-0.64129,6.8269,-2.3488,0
1.5552,0.40132,-0.59366,3.186,-1.8741,0
2.7898,0.042233,-0.52416,-8.192,-2.8666,0
4.4993,0.042233,-0.49585,-2.0479,-3.0967,0
2.5049,0.37567,-0.49585,7.9647,-3.1399,0
-0.34431,0.32437,-0.48169,0.45525,-3.9597,0
-0.43928,0.24743,-0.43278,-8.4196,-3.2693,0
0.32051,0.24743,-0.40575,2.2757,-4.2905,0
0.13056,0.19613,-0.37872,6.8269,-3.6577,0
-1.6739,0.45262,-0.34397,-3.4133,-4.0029,0
-1.579,0.81171,-0.371,-6.5991,-4.3337,0
-0.43928,0.52957,-0.371,5.4616,-3.7871,0
0.41548,0.042233,-0.31823,4.3238,-4.6501,0
0.22554,0.093531,-0.25001,-6.3715,-3.7008,0
-0.24933,0.22178,-0.17922,-5.0062,-4.3481,0
-0.059385,0.22178,-0.1213,6.5994,-3.8446,0
1.0803,0.68346,-0.10843,2.2757,-3.5714,0
1.8401,0.76041,-0.086552,-7.9645,-3.859,0
2.22,0.17048,-0.027345,-2.0479,-2.8234,0
1.4602,0.11918,0.011267,7.5096,-3.6001,0
-0.53425,0.14483,0.0022576,-0.9101,-2.5933,0
-1.389,0.37567,-0.019623,-9.1023,-2.9241,0
-0.53425,0.14483,-0.0041778,1.8206,-2.7084,0
0.13056,0.016583,0.0061189,6.3718,-2.2193,0
-0.43928,-0.086014,0.024138,-4.3235,-2.8666,0
-0.059385,0.29873,0.064038,-7.7369,-1.946,0
1.2702,0.093531,0.084631,4.5513,-2.7947,0
0.32051,-0.36816,0.055028,4.5513,-2.2193,0
-0.62923,-0.77854,0.00097052,-7.7369,-2.507,0
0.79538,-0.5477,-0.032494,-4.7786,-2.996,0
2.03,-0.26556,0.0086931,7.5096,-2.4063,0
1.7451,-0.21426,0.033148,2.5033,-3.3125,0
1.2702,-0.4451,0.044732,-8.192,-2.7371,0
0.41548,-0.29121,0.098789,-1.5928,-3.37,0
0.13056,-0.4451,0.15027,7.0545,-3.3556,0
0.51046,-0.52205,0.18245,-0.22742,-3.1542,0
0.32051,-0.599,0.17215,-8.192,-3.9741,0
0.13056,-0.36816,0.17087,1.1379,-3.1686,0
0.32051,-0.67595,0.15027,7.282,-4.0892,0
-0.43928,-0.4964,0.12453,-3.8684,-3.3556,0
-0.53425,-0.34251,0.12839,-7.2818,-3.672,0
-0.34431,-0.47075,0.12324,3.6411,-3.7296,0
0.13056,-0.77854,0.12067,5.4616,-3.1399,0
-0.53425,-0.4451,0.13611,-6.3715,-3.8303,0
-0.7242,-0.23991,0.13998,-4.3235,-2.7947,0
-0.7242,-0.47075,0.13225,7.282,-3.4707,0
-0.53425,-0.086014,0.11166,2.0482,-2.996,0
-0.15436,0.11918,0.087205,-7.5093,-2.8234,0
0.89035,0.22178,0.062751,0.2277,-3.1111,0
1.0803,-0.23991,0.056315,7.7372,-2.2481,0
-0.24933,-0.4964,0.075622,-1.5928,-2.9529,0
-1.0091,-0.13731,0.11552,-8.192,-1.9604,0
-0.91415,-0.13731,0.14255,3.186,-2.4495,0
0.22554,0.11918,0.18631,5.9167,-2.133,0
0.7004,0.19613,0.1876,-5.2337,-1.7159,0
0.79538,0.22178,0.14512,-5.2337,-2.2912,0
0.79538,0.40132,0.13354,6.3718,-1.27,0
0.32051,1.0169,0.11295,3.6411,-2.0036,0
-0.24933,1.3503,0.062751,-7.9645,-1.2413,0
-0.24933,0.96561,0.017703,-3.6408,-1.2844,0
0.79538,0.73476,-0.006752,7.282,-1.457,0
0.79538,0.81171,-0.00031657,0.68281,-0.73783,0
0.32051,1.1965,-0.006752,-8.4196,-1.4139,0
0.79538,0.91431,-0.019623,-0.22742,-0.46455,0
0.41548,0.70911,-0.024771,7.282,-1.0399,0
-0.24933,0.86301,-0.006752,-2.7306,-0.65153,0
-1.484,0.73476,0.027999,-7.5093,-0.46455,0
-2.5287,0.91431,0.05889,3.6411,-0.89605,0
-1.389,0.73476,0.069186,5.9167,0.010105,0
0.13056,0.63217,0.062751,-6.144,-0.83852,0
0.7004,0.60652,0.08978,-5.4613,-0.004278,0
0.32051,0.17048,0.12067,6.5994,-0.3351,0
-0.24933,-0.36816,0.15671,3.186,-0.29195,0
-0.15436,-0.599,0.19661,-8.4196,0.26901,0
0.13056,-0.82984,0.23908,-2.503,-0.3351,0
-0.81917,-0.98374,0.28928,8.4198,0.71489,0
-1.8639,-0.98374,0.28928,0.2277,0.053256,0
-1.7689,-1.2402,0.29185,-8.4196,0.68613,0
-0.43928,-1.5993,0.30987,1.8206,0.78681,0
1.3652,-1.8045,0.33047,6.1442,0.49914,0
2.7898,-1.8815,0.36264,-4.0959,1.3765,0
2.03,-2.3175,0.36779,-5.6889,0.70051,0
1.2702,-2.3688,0.3768,6.3718,1.7073,0
0.7004,-2.4457,0.39353,5.234,1.3046,0
-0.91415,-2.138,0.42571,-6.8267,1.5779,0
-1.7689,-1.9328,0.45274,-3.8684,2.0094,0
-0.53425,-1.8558,0.47333,7.5096,1.4628,0
1.0803,-1.7789,0.47205,1.5931,2.5416,0
1.5552,-1.5993,0.46947,-7.5093,1.8224,0
1.0803,-1.4198,0.47719,-0.45498,2.5272,0
0.79538,-1.4198,0.46947,7.7372,2.4553,0
0.41548,-1.6506,0.45531,-1.3652,2.3258,0
-0.34431,-1.3172,0.42185,-7.9645,2.9875,0
-0.91415,-0.88114,0.40769,4.3238,2.2395,0
-1.389,-0.6503,0.4167,6.5994,3.1745,0
-0.43928,-0.16296,0.41927,-5.6889,2.6135,0
-0.34431,0.14483,0.40898,-5.6889,2.9012,0
-0.62923,-0.0090658,0.37037,7.282,3.2032,0
-0.15436,-0.13731,0.3369,3.4135,2.5991,0
-0.059385,-0.18861,0.29829,-7.9645,3.534,0
0.22554,-0.16296,0.29443,-2.7306,2.7142,0
-0.43928,0.016583,0.27512,7.282,3.4477,0
0.035589,0.14483,0.26354,-0.68254,3.1601,0
1.1753,0.17048,0.24938,-8.4196,3.0019,0
1.9351,0.22178,0.23007,1.1379,3.534,0
1.7451,0.24743,0.1979,7.0545,2.7142,0
0.22554,0.27308,0.19146,-3.8684,3.6491,0
-1.1991,0.42697,0.18502,-7.2818,2.7573,0
-0.81917,0.63217,0.17859,4.5513,3.1169,0
-0.62923,0.60652,0.15285,5.234,3.0738,0
-0.15436,0.65782,0.13611,-6.5991,2.556,0
0.51046,0.32437,0.098789,-5.0062,3.3327,0
0.7004,0.73476,0.070473,6.5994,2.3546,0
0.13056,0.70911,0.043444,2.7309,3.0019,0
-0.34431,0.86301,0.020277,-7.9645,2.4984,0
0.32051,0.99126,-0.0093262,-2.0479,2.4265,0
1.5552,0.78606,-0.017049,7.5096,2.6998,0
1.6501,0.91431,-0.0093262,0.68281,1.808,0
1.0803,1.2221,-0.013187,-8.192,2.6135,0
1.4602,1.3503,-0.044078,1.8206,1.7361,0
1.6501,1.4273,-0.090413,6.8269,2.1532,0
0.98533,1.6325,-0.15219,-3.8684,1.995,0
0.89035,2.0429,-0.16378,-7.2818,1.3046,0
0.51046,2.2224,-0.15863,6.1442,1.9519,0
-0.7242,2.2481,-0.1213,5.9167,0.87311,0
-1.294,1.7864,-0.12516,-6.3715,1.5635,0
-1.7689,1.2477,-0.13932,-4.7786,0.80119,0
-2.0538,1.3247,-0.12903,6.5994,0.59983,0
0.22554,1.4016,-0.14318,3.4135,0.91626,0
1.6501,1.1965,-0.14833,-7.2818,-0.033045,0
2.125,0.83736,-0.12903,-1.8203,0.64298,0
1.6501,1.1708,-0.13031,7.282,-0.40701,0
-0.059385,1.3503,-0.15734,0.00013542,-0.1625,0
-2.1488,1.1965,-0.18437,-7.7369,-0.4214,0
-1.1041,1.0169,-0.20496,2.2757,-1.1837,0
1.5552,0.52957,-0.15477,6.8269,-0.65153,0
1.2702,0.50392,-0.102,-4.7786,-1.6728,0
0.13056,0.52957,-0.040216,-6.8267,-1.0687,0
0.51046,-0.13731,0.007406,5.0064,-1.7591,0
2.22,-0.4964,0.048593,4.3238,-1.831,0
3.4546,-0.85549,0.079483,-7.5093,-1.7159,0
3.7396,-0.7016,0.079483,-4.0959,-2.5214,0
2.315,-0.41945,0.087205,7.0545,-1.7447,0
-0.24933,-0.4964,0.13869,1.1379,-2.694,0
-0.81917,-1.3172,0.21591,-8.6471,-2.1906,0
-0.53425,-1.9584,0.26354,-1.1377,-2.4782,0
-2.1488,-1.4711,0.26225,7.282,-2.809,0
-2.8136,-0.90679,0.23908,-2.503,-2.3344,0
-1.9589,-0.67595,0.21978,-8.192,-3.2693,0
-1.389,-0.599,0.23007,3.8687,-2.4638,0
-1.7689,-0.6503,0.27383,6.1442,-3.2981,0
-3.0985,-0.85549,0.31502,-5.0062,-2.9097,0
-3.7634,-0.98374,0.33819,-6.144,-2.881,0
-2.3388,-1.0094,0.34334,6.1442,-3.4275,0
0.41548,-0.95809,0.35492,3.8687,-2.6508,0
2.9798,-1.035,0.34848,-7.2818,-3.5857,0
2.9798,-0.95809,0.31888,-3.4133,-2.9097,0
1.8401,-0.77854,0.28284,6.8269,-3.4563,0
0.13056,-0.41945,0.26482,2.0482,-3.6145,0
-0.24933,-0.086014,0.29314,-7.9645,-3.1974,0
0.89035,-0.060364,0.29958,-0.22742,-4.0604,0
1.8401,-0.62465,0.26997,7.282,-3.2262,0
2.315,-0.47075,0.23522,-2.503,-4.0172,0
2.22,-0.29121,0.16186,-7.5093,-3.6864,0
1.9351,0.016583,0.088493,3.6411,-3.744,0
1.2702,0.14483,0.051167,6.1442,-4.3481,0
0.60543,0.42697,0.031861,-5.0062,-3.6433,0
0.7004,0.81171,0.0061189,-5.4613,-4.4344,0
0.32051,1.3247,-0.0080391,6.3718,-3.6864,0
-0.24933,1.6838,-0.035068,3.6411,-3.9741,0
-1.1041,1.7864,-0.086552,-7.2818,-3.9885,0
-1.0091,1.8633,-0.092987,-3.4133,-3.4851,0
-0.24933,1.8633,-0.085264,7.282,-4.2042,0
0.13056,1.8633,-0.10843,2.0482,-3.1542,0
0.035589,1.8377,-0.12903,-8.6471,-3.8159,0
-0.43928,1.6068,-0.12259,-2.0479,-3.37,0
-0.24933,1.5042,-0.10328,8.1923,-3.0823,0
0.41548,1.6581,-0.1316,-1.3652,-3.4994,0
0.41548,1.7864,-0.14833,-8.6471,-2.4926,0
-0.059385,1.5812,-0.12774,1.3655,-3.1542,0
0.51046,1.7351,-0.14318,6.1442,-2.2193,0
0.51046,1.5299,-0.18694,-5.0062,-2.3344,0
-0.7242,1.4273,-0.19724,-7.2818,-2.1474,0
-0.53425,1.1708,-0.18308,3.8687,-1.457,0
1.1753,1.0426,-0.16635,5.6891,-1.9748,0
-0.24933,1.0682,-0.1213,-7.2818,-0.82413,0
-3.0985,0.76041,-0.089126,-6.144,-1.3851,0
-3.3835,0.40132,-0.076255,6.5994,-0.63715,0
-1.1991,0.47827,-0.069819,2.2757,-0.47893,0
0.035589,1.0682,-0.062097,-7.5093,-0.65153,0
-0.34431,1.4016,-0.089126,-1.5928,0.28339,0
-0.15436,0.93996,-0.11744,7.282,-0.34948,0
-0.059385,0.42697,-0.10843,-0.45498,0.78681,0
-1.8639,0.50392,-0.10972,-8.192,0.32654,0
-2.9086,0.55522,-0.16249,2.5033,0.70051,0
-2.0538,0.86301,-0.23457,5.9167,1.1608,0
-1.0091,1.2477,-0.25645,-5.0062,0.72928,0
-0.62923,1.1452,-0.22427,-6.3715,1.7649,0
-1.1041,0.58087,-0.19209,5.6891,1.0169,0
-1.0091,0.27308,-0.13031,4.5513,1.8656,0
0.32051,-0.0090658,-0.076255,-5.9164,1.7217,0
0.7004,-0.16296,-0.035068,-3.4133,1.7936,0
1.6501,0.067882,-0.036355,7.0545,2.4841,0
1.9351,0.17048,-0.058236,2.0482,1.7649,0
0.13056,0.22178,-0.069819,-7.5093,2.8436,0
-0.81917,0.17048,-0.037642,0.2277,2.2683,0
-1.7689,-0.0090658,0.016416,7.7372,2.8149,0
-1.1041,-0.16296,0.067899,-2.2755,3.0019,0
-0.24933,0.042233,0.12196,-7.7369,2.671,0
-0.53425,-0.086014,0.17344,3.6411,3.5916,0
-0.62923,-0.11166,0.22621,6.8269,2.8293,0
-1.0091,-0.034715,0.24294,-5.2337,3.6491,0
-1.294,-0.23991,0.24037,-4.7786,3.2464,0
-1.294,-0.31686,0.23779,6.3718,3.2895,0
-1.389,0.016583,0.21849,3.4135,3.7354,0
-0.91415,0.17048,0.1773,-6.5991,2.9443,0
-0.34431,0.14483,0.19403,-3.6408,3.8936,0
-0.62923,0.24743,0.22235,7.282,3.1025,0
-0.53425,0.19613,0.21334,0.2277,3.7786,0
-1.0091,-0.29121,0.21205,-8.4196,3.5197,0
-2.0538,-0.5477,0.2275,0.45525,3.2464,0
-1.1991,-0.90679,0.18631,6.5994,3.7354,0
-0.62923,-0.95809,0.10522,-2.503,2.8293,0
-1.579,-0.7016,0.052454,-7.2818,3.4765,0
-0.7242,-0.599,0.056315,3.6411,2.671,0
1.3652,-0.77854,0.020277,5.0064,2.8724,0
1.6501,-1.2146,-0.035068,-5.4613,2.8005,0
1.0803,-0.90679,-0.053087,-5.2337,2.2108,0
1.4602,-0.41945,-0.0518,6.1442,2.8293,0
1.6501,-0.47075,-0.053087,3.4135,1.7936,0
0.60543,-0.62465,-0.062097,-7.2818,2.4553,0
-0.24933,-0.85549,-0.094274,-3.1857,1.8368,0
-0.62923,-0.7016,-0.10586,6.8269,1.6354,0
-0.53425,-0.62465,-0.089126,0.00013542,1.8799,0
-0.24933,-0.85549,-0.067245,-8.6471,1.0026,0
1.0803,-0.95809,-0.099422,1.8206,1.7217,0
2.315,-0.95809,-0.14833,7.5096,0.68613,0
2.5999,-0.57335,-0.15863,-2.9581,1.132,0
0.89035,0.24743,-0.12903,-7.2818,0.78681,0
-1.0091,0.29873,-0.0917,4.3238,0.47037,0
-1.7689,0.22178,-0.089126,6.3718,0.95941,0
-1.294,0.17048,-0.078829,-5.2337,-0.076195,0
0.22554,0.19613,-0.062097,-4.7786,0.80119,0
-0.15436,0.42697,-0.044078,8.1923,0.024489,0
-1.1041,0.093531,-0.068532,2.7309,0.32654,0
-0.43928,0.11918,-0.094274,-7.7369,0.39846,0
1.2702,0.17048,-0.102,-0.9101,-0.23441,0
2.5049,0.68346,-0.12002,7.282,0.65736,0
2.125,0.93996,-0.17922,-1.1377,-0.32071,0
0.7004,1.2477,-0.2217,-8.6471,0.42722,0
0.41548,1.1965,-0.24358,2.2757,-0.061812,0
-0.059385,1.3503,-0.25773,6.1442,-0.13373,0
0.98533,1.6838,-0.24229,-5.2337,0.21147,0
1.1753,1.812,-0.20625,-7.2818,-0.57961,0
-0.15436,1.1452,-0.18308,6.5994,0.19709,0
0.41548,0.73476,-0.21011,3.8687,-0.70906,0
1.7451,0.86301,-0.19595,-7.5093,-0.27756,0
1.6501,0.99126,-0.15992,-3.6408,-0.47893,0
0.60543,1.2734,-0.1715,7.5096,-0.91043,0
-0.24933,0.93996,-0.16506,0.68281,-0.29195,0
0.41548,0.40132,-0.14447,-7.5093,-1.2125,0
1.7451,0.24743,-0.12388,0.2277,-0.34948,0
1.1753,-0.23991,-0.090413,6.5994,-1.0255,0
-0.24933,-0.52205,-0.02992,-3.6408,-0.73783,0
-1.1991,-0.88114,0.015128,-7.5093,-0.62276,0
-1.0091,-1.7019,0.038296,4.5513,-1.2125,0
0.13056,-1.8815,0.085918,5.9167,-0.43578,0
1.5552,-1.4198,0.15413,-5.6889,-1.3419,0
2.315,-0.77854,0.21077,-5.0062,-0.75222,0
-0.15436,-0.4451,0.2468,6.8269,-1.1693,0
-1.294,-0.72725,0.26997,2.7309,-1.3563,0
0.035589,-0.90679,0.27641,-7.9645,-0.86728,0
0.79538,-0.72725,0.23136,-1.5928,-1.6296,0
0.60543,-0.6503,0.19403,7.7372,-0.70906,0
1.3652,-0.82984,0.15671,-1.5928,-1.5289,0
1.9351,-0.47075,0.1181,-7.5093,-0.98235,0
1.8401,-0.0090658,0.085918,2.5033,-0.99673,0
1.3652,0.14483,0.065325,6.1442,-1.3276,0
0.79538,-0.29121,0.055028,-4.5511,-0.65153,0
1.4602,-0.5477,0.039583,-6.5991,-1.4714,0
1.7451,-0.62465,0.022851,5.9167,-0.52208,0
0.89035,-0.599,0.048593,3.6411,-1.1406,0
0.32051,-0.85549,0.12324,-6.5991,-0.8529,0
0.41548,-0.72725,0.13998,-3.8684,-0.60838,0
1.6501,-0.62465,0.11552,7.5096,-1.155,0
1.4602,-0.34251,0.074335,2.2757,-0.10496,0
-0.53425,0.042233,0.048593,-7.5093,-0.98235,0
-1.9589,-0.034715,0.042157,-1.1377,-0.26318,0
-1.6739,-0.16296,0.024138,8.1923,-0.36386,0
-1.389,0.042233,-0.032494,-0.9101,-0.49331,0
-1.9589,0.42697,-0.073681,-8.192,0.16832,0
-1.1991,0.11918,-0.054374,2.0482,-0.66591,0
0.7004,-0.11166,-0.037642,7.0545,0.34092,0
1.8401,0.016583,-0.054374,-3.4133,-0.27756,0
1.8401,-0.11166,-0.0917,-7.5093,0.18271,0
0.89035,-0.21426,-0.13031,4.7789,0.34092,0
0.13056,-0.13731,-0.14061,5.0064,-0.13373,0
1.5552,-0.82984,-0.17279,-7.0542,0.72928,0
2.03,-0.6503,-0.2114,-4.5511,-0.047428,0
0.89035,-0.5477,-0.20754,6.5994,0.80119,0
0.13056,-0.75289,-0.18952,1.5931,0.34092,0
0.7004,-0.95809,-0.15219,-7.9645,0.38407,0
0.89035,-0.82984,-0.12903,-1.3652,0.84434,0
0.79538,-0.85549,-0.089126,7.282,0.16832,0
0.79538,-0.52205,-0.022197,-0.9101,1.0889,0
1.2702,-0.060364,-0.0054649,-8.192,0.21147,0
1.4602,-0.060364,-0.017049,1.8206,0.82996,0
0.51046,-0.13731,-0.036355,6.5994,0.67174,0
-0.24933,-0.034715,-0.072394,-3.8684,0.32654,0
-0.62923,0.14483,-0.11101,-7.2818,1.0169,0
-0.34431,-0.0090658,-0.11358,4.3238,0.22586,0
0.51046,0.067882,-0.04279,5.234,1.0169,0
0.41548,-0.29121,-0.0041778,-6.144,0.45599,0
0.035589,-0.57335,-0.0041778,-4.0959,0.59983,0
0.41548,-0.599,0.0035447,7.0545,0.90188,0
0.22554,-0.80419,-0.015762,2.5033,0.26901,0
-0.7242,-0.75289,-0.024771,-8.192,1.1464,0
-0.81917,-0.36816,-0.0080391,-1.1377,0.15394,0
0.22554,-0.29121,0.015128,7.282,0.90188,0
0.79538,-0.47075,0.029286,-0.45498,0.57106,0
0.98533,-0.75289,0.031861,-7.5093,0.38407,0
0.41548,-0.95809,0.033148,2.7309,0.98818,0
-0.7242,-1.0094,0.064038,6.3718,0.082022,0
-1.484,-0.80419,0.061464,-5.4613,1.0601,0
-0.53425,-0.67595,0.012554,-6.5991,0.28339,0
0.60543,-0.85549,0.0035447,6.3718,0.62859,0
-0.15436,-1.1889,0.076909,4.7789,0.65736,0
-1.579,-0.95809,0.15671,-6.5991,0.18271,0
-1.1991,-0.93244,0.21334,-4.7786,0.97379,0
0.60543,-1.2402,0.2674,7.5096,0.13956,0
0.79538,-1.3685,0.28027,2.9584,0.94503,0
0.22554,-0.93244,0.23136,-7.5093,0.36969,0
0.7004,-0.7016,0.1477,-1.8203,0.57106,0
0.41548,-0.13731,0.069186,7.5096,0.82996,0
0.035589,0.60652,0.025425,-0.45498,0.12517,0
0.7004,0.24743,-0.02091,-8.6471,1.0026,0
0.035589,0.14483,-0.033781,1.5931,0.082022,0
-1.484,0.016583,-0.033781,5.9167,0.80119,0
-1.8639,0.067882,-0.035068,-3.1857,0.47037,0
-1.579,0.42697,-0.076255,-7.2818,0.31216,0
-0.91415,0.32437,-0.10586,4.7789,0.78681,0
-0.24933,0.73476,-0.1213,5.6891,-0.047428,0
0.035589,0.93996,-0.14318,-6.3715,0.85873,0
-0.53425,1.0169,-0.11744,-5.4613,0.010105,0
-0.7242,1.0426,-0.086552,7.282,0.52791,0
-0.24933,1.0169,-0.086552,2.7309,0.35531,0
0.41548,0.99126,-0.12774,-9.1023,-0.047428,0
0.89035,0.99126,-0.15863,-0.9101,0.68613,0
1.5552,1.0169,-0.14833,7.7372,-0.23441,0
1.3652,0.76041,-0.10586,-1.5928,0.59983,0
0.79538,0.37567,-0.080116,-7.7369,-0.047428,0
0.32051,0.24743,-0.08269,3.4135,0.22586,0
0.22554,0.45262,-0.11229,5.9167,0.48476,0
1.4602,0.55522,-0.094274,-5.6889,-0.13373,0
2.7898,0.40132,-0.11358,-6.8267,0.80119,0
1.6501,0.47827,-0.11615,6.8269,-0.11935,0
-0.15436,0.29873,-0.102,3.186,0.70051,0
-0.43928,-0.29121,-0.069819,-7.5093,0.42722,0
-0.62923,-0.7016,-0.055661,-3.1857,0.22586,0
0.32051,-1.0094,-0.017049,8.875,0.90188,0
1.2702,-0.82984,0.013841,0.68281,0.13956,0
0.60543,-0.6503,0.025425,-7.9645,1.0169,0
-0.81917,-0.62465,0.043444,0.45525,0.36969,0
-1.579,-0.599,0.061464,7.5096,0.59983,0
-0.34431,-0.80419,0.08077,-1.3652,0.82996,0
0.13056,-0.98374,0.12839,-6.5991,0.21147,0
-0.53425,-0.75289,0.19532,4.0962,1.0601,0
0.035589,-0.599,0.22879,6.5994,0.19709,0
0.22554,-0.599,0.21334,-5.9164,0.87311,0
-0.24933,-0.5477,0.16443,-5.2337,0.52791,0
0.41548,-0.11166,0.12839,5.9167,0.35531,0
0.79538,-0.086014,0.083344,3.186,0.75804,0
-0.059385,-0.18861,0.035722,-7.2818,-0.10496,0
-2.4337,0.067882,-0.017049,-1.3652,0.67174,0
-3.3835,-0.086014,-0.055661,7.282,-0.13373,0
-1.0091,-0.4451,-0.055661,-0.9101,0.13956,0
0.32051,-0.34251,-0.053087,-8.4196,0.096406,0
0.89035,-0.23991,-0.050513,2.0482,-0.45016,0
1.2702,0.016583,-0.028633,6.5994,0.24024,0
1.4602,-0.34251,-0.0054649,-4.0959,-0.73783,0
0.79538,-0.31686,-0.024771,-7.5093,-0.004278,0
1.7451,-0.21426,-0.054374,4.5513,-0.66591,0
2.22,-0.18861,-0.022197,4.0962,-0.594,0
1.4602,-0.21426,0.013841,-7.2818,-0.37825,0
0.79538,-0.36816,0.015128,-4.7786,-1.0974,0
0.7004,-0.086014,0.00097052,7.282,-0.23441,0
-0.059385,-0.13731,-0.0054649,2.9584,-1.155,0
-1.484,-0.4451,0.033148,-7.9645,-0.53646,0
-1.1041,-0.80419,0.075622,-2.0479,-0.91043,0
0.13056,-0.7016,0.08077,7.282,-1.1118,0
0.60543,-0.7016,0.098789,0.00013542,-0.52208,0
1.4602,-0.6503,0.13225,-8.192,-1.3707,0
1.8401,-0.57335,0.18631,2.2757,-0.39263,0
2.03,-0.599,0.22492,7.282,-1.155,0
1.4602,-0.6503,0.23522,-4.5511,-0.6803,0
-0.34431,-0.57335,0.22621,-6.3715,-0.73783,0
-0.24933,-0.11166,0.19532,6.1442,-1.155,0
1.4602,-0.31686,0.20562,4.0962,-0.45016,0
1.5552,-0.31686,0.21463,-8.192,-1.3419,0
0.035589,-0.18861,0.23779,-3.1857,-0.56523,0
-0.62923,-0.47075,0.23265,7.9647,-1.0399,0
-1.579,-0.31686,0.23136,0.68281,-1.1118,0
-3.0985,-0.13731,0.26096,-6.5991,-0.6803,0
-3.6684,0.24743,0.25067,0.91037,-1.5002,0
-2.8136,0.58087,0.2069,8.4198,-0.60838,0
-1.7689,0.65782,0.1374,-2.0479,-1.457,0
-1.9589,1.3503,0.10265,-7.7369,-1.0111,0
-2.1488,1.4786,0.10522,4.0962,-1.0687,0
-1.579,1.2734,0.088493,6.3718,-1.4426,0
-0.91415,1.0169,0.033148,-5.6889,-0.66591,0
0.13056,1.2477,-0.014475,-5.4613,-1.5721,0
1.2702,1.6068,-0.014475,7.5096,-0.72345,0
0.79538,1.7607,-0.010613,4.3238,-1.3851,0
0.035589,1.5812,0.011267,-7.2818,-1.2413,0
1.0803,1.2734,0.016416,-3.1857,-0.96797,0
1.5552,0.58087,0.015128,6.5994,-1.7303,0
1.7451,0.73476,0.035722,0.2277,-0.88167,0
1.4602,0.93996,0.051167,-8.4196,-1.8741,0
0.79538,0.52957,0.074335,0.00013542,-1.2413,0
-0.53425,0.27308,0.10136,7.0545,-1.5145,0
0.035589,0.17048,0.12324,-1.8203,-1.8166,0
0.41548,0.47827,0.12968,-8.4196,-1.2413,0
0.32051,0.86301,0.10909,2.9584,-2.0611,0
-0.34431,0.99126,0.08978,6.3718,-1.2413,0
-0.15436,0.99126,0.13869,-5.2337,-1.8741,0
-0.24933,0.52957,0.20948,-6.5991,-1.5865,0
-1.579,0.47827,0.22492,4.7789,-1.3419,0
-0.81917,0.58087,0.1979,3.8687,-1.7591,0
0.89035,0.63217,0.18374,-7.2818,-0.73783,0
0.41548,1.0426,0.19017,-2.503,-1.5433,0
0.51046,1.3503,0.21978,7.282,-0.594,0
3.6446,1.4016,0.22106,0.91037,-0.73783,0
6.5888,0.99126,0.22235,-7.7369,-0.43578,0
4.8792,0.70911,0.2069,0.00013542,0.19709,0
0.51046,0.86301,0.21077,6.5994,-0.27756,0
-1.484,1.2477,0.22621,-1.1377,0.94503,0
-1.389,1.3503,0.20176,-8.192,0.48476,0
-0.34431,0.96561,0.19403,2.7309,1.3334,0
0.035589,0.45262,0.2069,7.0545,1.4341,0
0.60543,0.47827,0.20176,-5.2337,1.3478,0
0.7004,0.55522,0.19918,-6.3715,2.2827,0
1.1753,0.60652,0.23393,5.4616,1.7217,0
0.98533,0.14483,0.26482,5.0064,2.7573,0
0.32051,0.093531,0.27898,-6.144,2.2827,0
-0.91415,-0.23991,0.25839,-3.4133,2.671,0
-0.91415,-0.52205,0.26611,7.7372,3.0019,0
0.22554,-0.34251,0.27383,1.5931,2.4984,0
-0.059385,-0.16296,0.25324,-8.192,3.3902,0
-1.484,0.19613,0.2069,0.91037,2.4984,0
-1.1041,0.32437,0.1979,7.5096,3.0882,0
0.41548,0.29873,0.18631,-2.2755,2.8724,0
1.6501,0.68346,0.1876,-7.5093,2.4409,0
1.8401,0.70911,0.17344,3.6411,3.0019,0
0.98533,-0.086014,0.15928,6.3718,1.9662,0
0.98533,-0.52205,0.14512,-4.7786,2.6998,0
1.2702,-0.36816,0.15928,-6.5991,1.8224,0
2.315,-0.034715,0.14641,5.0064,1.9087,0
2.7898,0.19613,0.15285,3.8687,1.9231,0
1.4602,-0.034715,0.15542,-7.7369,1.132,0
0.89035,-0.16296,0.16572,-3.6408,1.7217,0
0.98533,-0.16296,0.18374,7.9647,0.71489,0
1.0803,-0.21426,0.14512,0.91037,1.1895,0
-0.15436,-0.41945,0.087205,-8.192,0.74366,0
-1.1041,-0.31686,0.047306,0.2277,0.42722,0
-1.0091,0.016583,0.044732,6.3718,0.74366,0
0.89035,-0.086014,0.038296,-1.8203,-0.22003,0
0.7004,-0.18861,0.022851,-8.192,0.55667,0
-0.81917,-0.13731,0.035722,3.186,-0.3351,0
0.13056,-0.23991,0.073047,5.9167,-0.004278,0
2.125,-0.4964,0.12324,-5.2337,-0.11935,0
2.4099,-0.29121,0.17087,-6.144,-0.6803,0
0.98533,-0.23991,0.21463,5.4616,0.010105,0
-0.15436,-0.4451,0.22492,4.0962,-0.95358,0
-0.53425,-0.5477,0.20948,-7.5093,-0.20565,0
-0.62923,-0.36816,0.20948,-3.1857,-0.82413,0
-1.0091,-0.034715,0.2069,7.7372,-0.7666,0
-1.389,-0.086014,0.23265,1.3655,-0.4214,0
-1.389,-0.36816,0.24166,-8.192,-1.155,0
-2.0538,-0.29121,0.21463,1.3655,-0.30633,0
-1.484,-0.29121,0.18889,7.9647,-1.1981,0
-1.1041,-0.21426,0.19275,-2.7306,-0.55085,0
-0.62923,-0.4451,0.20433,-7.5093,-0.6803,0
-0.7242,-0.29121,0.21334,4.0962,-1.0255,0
-1.484,-0.034715,0.18245,6.3718,-0.14811,0
-2.6237,0.14483,0.12582,-5.6889,-0.88167,0
-2.9086,-0.034715,0.088493,-5.6889,0.010105,0
-3.2885,-0.18861,0.087205,6.8269,-0.4214,0
-2.6237,-0.18861,0.091067,4.0962,-0.27756,0
-0.059385,-0.21426,0.079483,-6.8267,0.19709,0
2.22,0.016583,0.04988,-3.4133,-0.27756,0
1.6501,-0.0090658,0.022851,7.9647,0.75804,0
-0.059385,0.016583,0.0022576,1.8206,0.12517,0
-0.81917,-0.034715,-0.02091,-7.2818,0.84434,0
-1.484,-0.599,-0.02992,0.68281,0.78681,0
-0.62923,-0.41945,-0.041503,7.9647,0.68613,0
0.32051,-0.18861,-0.050513,-2.0479,1.4053,0
0.89035,0.016583,-0.064671,-7.7369,0.59983,0
2.125,0.37567,-0.065958,3.4135,1.6498,0
4.4993,0.37567,-0.12903,6.3718,1.0169,0
4.7843,0.50392,-0.17922,-5.4613,1.5347,0
2.22,0.60652,-0.20239,-5.2337,1.6786,0
-0.43928,0.29873,-0.22813,6.1442,1.2039,0
-0.24933,0.22178,-0.23843,3.8687,2.0525,0
0.41548,0.47827,-0.26932,-7.7369,1.2471,0
0.32051,0.78606,-0.29249,-3.4133,1.8512,0
-0.7242,0.55522,-0.27447,7.5096,1.4628,0
-1.7689,0.042233,-0.28991,0.68281,1.2758,0
-1.7689,0.042233,-0.29377,-8.6471,1.808,0
-0.62923,0.11918,-0.27575,0.00013542,0.91626,0
-0.34431,0.19613,-0.26288,7.5096,1.8943,0
-1.7689,0.42697,-0.2616,-2.0479,1.0745,0
-2.7186,0.58087,-0.22427,-7.5093,1.4916,0
-1.9589,0.63217,-0.19081,3.186,1.5347,0
-1.1041,0.32437,-0.16764,7.0545,0.93064,0
-0.15436,-0.26556,-0.18308,-4.3235,1.6642,0
0.035589,-0.086014,-0.20754,-6.144,0.65736,0
-0.43928,0.11918,-0.23843,5.0064,1.4484,0
-0.7242,0.19613,-0.26546,5.4616,0.91626,0
-0.24933,-0.0090658,-0.25387,-6.3715,0.77243,0
0.035589,-0.18861,-0.21783,-4.7786,1.132,0
0.41548,-0.21426,-0.18823,7.5096,0.28339,0
1.8401,0.016583,-0.18952,2.2757,1.0889,0
2.22,-0.26556,-0.21011,-8.4196,0.038872,0
2.4099,-0.5477,-0.22556,-1.5928,0.42722,0
2.6949,-0.34251,-0.22427,7.7372,0.11079,0
2.5999,-0.23991,-0.25645,0.00013542,-0.46455,0
0.41548,-0.4964,-0.28476,-7.9645,0.082022,0
-1.1041,-0.57335,-0.29635,2.0482,-0.99673,0
-0.81917,-0.41945,-0.31308,6.3718,-0.23441,0
-0.53425,-0.18861,-0.35169,-3.4133,-1.0255,0
-1.1041,-0.16296,-0.39803,-6.3715,-0.95358,0
-1.7689,0.042233,-0.42892,5.234,-0.96797,0
-1.7689,0.17048,-0.44308,4.7789,-1.7303,0
-0.62923,0.042233,-0.43278,-6.3715,-0.99673,0
-1.8639,-0.16296,-0.39159,-4.0959,-1.9892,0
-4.903,0.042233,-0.36842,7.282,-1.3563,0
-4.3332,-0.0090658,-0.37357,2.2757,-1.8166,0
-2.4337,0.27308,-0.35813,-8.4196,-1.9029,0
-0.62923,0.47827,-0.3208,-1.1377,-1.4858,0
0.98533,0.35002,-0.26932,7.282,-2.2337,0
2.315,-0.034715,-0.22298,-1.1377,-1.3276,0
3.4546,-0.599,-0.2114,-8.192,-2.0899,0
3.2647,-0.6503,-0.18952,1.8206,-1.4139,0
2.6949,-0.41945,-0.10714,6.1442,-1.5289,0
1.8401,-0.26556,-0.053087,-4.3235,-1.7303,0
1.6501,-0.47075,-0.046652,-7.0542,-1.1118,0
2.03,-0.77854,-0.06081,4.3238,-1.8166,0
2.7898,-0.98374,-0.055661,4.3238,-0.80975,0
3.0747,-0.77854,-0.041503,-6.8267,-1.2988,0
2.03,-0.57335,-0.033781,-5.4613,-1.0111,0
0.60543,-0.599,-0.026058,7.282,-0.73783,0
0.13056,-0.41945,0.026712,2.9584,-1.1837,0
0.79538,-0.4964,0.057602,-7.0542,-0.1625,0
1.3652,-0.26556,0.037009,-2.503,-0.95358,0
0.51046,-0.47075,-0.0054649,7.5096,-0.10496,0
-1.1041,-0.5477,-0.071106,-0.22742,-0.32071,0
-3.0036,-0.62465,-0.094274,-8.8747,-0.27756,0
-2.6237,-0.11166,-0.1419,1.5931,0.39846,0
-0.91415,-0.086014,-0.16764,7.0545,-0.30633,0
0.41548,-0.62465,-0.1612,-2.9581,0.70051,0
0.32051,-0.67595,-0.16635,-6.3715,0.067639,0
-0.81917,-0.62465,-0.19724,5.234,0.55667,0
-1.294,-0.3938,-0.19982,5.234,0.64298,0
-1.8639,-0.0090658,-0.18823,-6.3715,0.25462,0
-2.2438,-0.52205,-0.15605,-3.6408,1.132,0
-0.7242,-0.599,-0.11744,7.282,0.25462,0
0.51046,-0.18861,-0.15863,2.9584,1.2471,0
0.79538,0.17048,-0.23199,-7.2818,0.72928,0
-0.059385,0.42697,-0.24358,-1.5928,0.81558,0
-1.389,0.83736,-0.23199,7.7372,1.2327,0
-1.1041,1.1965,-0.27833,0.68281,0.59983,0
0.13056,0.93996,-0.33239,-7.7369,1.5635,0
0.32051,0.45262,-0.35555,2.2757,0.71489,0
-0.15436,0.68346,-0.33625,6.8269,1.319,0
0.51046,1.1708,-0.31179,-3.1857,1.1176,0
0.79538,0.88866,-0.27833,-7.2818,0.78681,0
1.2702,0.60652,-0.2616,4.3238,1.4053,0
1.6501,0.11918,-0.25645,6.3718,0.54229,0
0.13056,0.11918,-0.21011,-6.3715,1.3334,0
-1.1041,-0.060364,-0.1612,-4.5511,0.70051,0
-1.294,-0.4451,-0.11487,6.5994,0.91626,0
-1.0091,-0.57335,-0.098135,3.186,1.1032,0
0.7004,-0.85549,-0.058236,-8.192,0.45599,0
0.89035,-1.4454,-0.037642,-2.9581,1.3046,0
-1.484,-1.5737,-0.0518,7.282,0.45599,0
-3.6684,-1.4454,-0.045365,-0.68254,1.0313,0
-3.9533,-1.4198,-0.046652,-8.4196,0.75804,0
-3.1935,-1.6763,-0.049226,1.8206,0.48476,0
-0.7242,-1.7019,-0.036355,6.3718,1.1032,0
2.03,-0.67595,-0.033781,-4.0959,0.16832,0
1.5552,-0.21426,-0.055661,-7.0542,0.98818,0
0.51046,-0.41945,-0.067245,4.7789,0.28339,0
1.0803,-0.80419,-0.049226,5.4616,0.58544,0
1.5552,-0.95809,0.012554,-6.5991,0.74366,0
1.0803,-0.75289,0.065325,-5.6889,0.18271,0
0.51046,-0.95809,0.10909,5.6891,0.95941,0
-0.91415,-0.75289,0.1181,2.9584,0.067639,0
-1.6739,-0.62465,0.10265,-7.7369,0.71489,0
-2.2438,-0.5477,0.084631,-1.1377,0.26901,0
-2.7186,0.067882,0.075622,8.1923,0.096406,0
-3.1935,0.24743,0.08077,0.00013542,0.57106,0
-2.3388,-0.23991,0.083344,-7.5093,-0.30633,0
-0.7242,-0.23991,0.097502,2.0482,0.51352,0
2.315,0.016583,0.13225,7.7372,-0.43578,0
4.2144,-0.086014,0.19661,-3.4133,0.024489,0
3.5496,0.093531,0.20433,-6.144,-0.20565,0
2.03,0.42697,0.19017,5.9167,-0.75222,0
0.79538,0.32437,0.17988,6.3718,-0.076195,0
-1.294,-0.21426,0.18889,-6.144,-1.1262,0
-2.0538,-0.23991,0.24037,-4.5511,-0.2488,0
-0.24933,-0.18861,0.2571,8.1923,-1.0255,0
0.13056,0.067882,0.23908,2.2757,-0.95358,0
-0.91415,-0.086014,0.22235,-8.192,-0.75222,0
-1.1041,0.22178,0.19403,0.2277,-1.5433,0
-1.0091,0.093531,0.19146,7.282,-0.6803,0
0.22554,0.32437,0.17087,-2.2755,-1.6871,0
0.79538,0.50392,0.13354,-7.7369,-1.1406,0
2.125,0.42697,0.12067,4.0962,-1.4714,0
4.7843,-0.72725,0.12582,5.9167,-1.7447,0
4.7843,-0.77854,0.12067,-5.9164,-1.1837,0
1.6501,-0.52205,0.069186,-5.6889,-2.0036,0
0.22554,-0.6503,0.0048318,7.282,-1.1837,0
1.0803,-0.47075,-0.0518,3.186,-1.9029,0
1.9351,0.22178,-0.12516,-7.5093,-1.4858,0
1.7451,0.24743,-0.16635,-2.2755,-1.3851,0
0.51046,-0.0090658,-0.20882,7.0545,-1.8741,0
0.13056,0.32437,-0.23328,-0.68254,-1.0399,0
0.41548,0.55522,-0.2616,-7.9645,-1.831,0
-0.15436,0.60652,-0.28605,2.0482,-1.0255,0
-1.9589,0.58087,-0.28734,5.9167,-1.4139,0
-3.7634,0.35002,-0.26803,-5.0062,-1.3419,0
-4.4282,0.19613,-0.23457,-7.2818,-0.83852,0
-3.0036,-0.034715,-0.21011,5.234,-1.5145,0
-0.059385,-0.16296,-0.17665,3.4135,-0.52208,0
2.9798,0.29873,-0.18308,-7.7369,-1.27,0
3.2647,0.58087,-0.14576,-3.4133,-0.63715,0
2.6949,1.299,-0.053087,7.5096,-0.73783,0
1.9351,1.2734,0.0035447,1.8206,-0.86728,0
0.51046,0.60652,0.016416,-7.5093,-0.1625,0
-0.15436,0.29873,0.04988,0.2277,-0.98235,0
-1.389,0.11918,0.11552,7.9647,0.038872,0
-2.6237,0.19613,0.14641,-1.3652,-0.69468,0
-2.3388,0.42697,0.16314,-6.8267,-0.23441,0
-2.4337,0.32437,0.13998,3.186,-0.10496,0
-1.484,0.22178,0.158,7.0545,-0.56523,0
-0.059385,0.22178,0.18245,-3.4133,0.35531,0
2.03,-0.0090658,0.17859,-5.4613,-0.43578,0
3.7396,0.067882,0.16572,5.4616,0.38407,0
4.4993,0.37567,0.17087,5.234,0.053256,0
2.125,0.29873,0.18631,-7.2818,0.010105,0
-0.059385,0.47827,0.18245,-3.6408,0.58544,0
0.51046,0.81171,0.167,7.5096,-0.14811,0
0.7004,0.93996,0.14384,1.5931,0.84434,0
0.79538,0.52957,0.092354,-8.192,0.082022,0
0.79538,0.47827,0.047306,0.2277,0.58544,0
1.3652,0.78606,0.011267,6.8269,0.59983,0
2.125,1.0169,-0.019623,-2.0479,0.22586,0
2.6949,0.99126,-0.040216,-6.8267,0.91626,0
3.1697,0.58087,-0.027345,4.3238,0.12517,0
2.03,0.27308,-0.015762,5.6891,0.97379,0
0.89035,0.65782,0.012554,-6.3715,0.48476,0
-1.0091,0.47827,0.04087,-5.2337,0.54229,0
-0.91415,0.042233,0.047306,6.3718,0.85873,0
0.41548,0.067882,0.04988,2.0482,0.19709,0
0.51046,0.17048,0.038296,-7.7369,1.0889,0
0.035589,0.22178,-0.0016037,-2.7306,0.18271,0
-3.0985,0.19613,-0.014475,7.282,0.78681,0
-5.188,0.22178,0.011267,-1.1377,0.38407,0
-3.7634,-0.060364,0.04988,-7.5093,0.13956,0
0.13056,-0.16296,0.075622,2.2757,0.59983,0
0.89035,0.016583,0.066612,6.5994,-0.29195,0
-0.34431,0.19613,0.033148,-5.0062,0.54229,0
-0.34431,0.45262,-0.010613,-6.3715,-0.30633,0
1.4602,0.32437,-0.026058,5.234,0.024489,0
1.5552,-0.034715,-0.065958,5.234,-0.047428,0
0.32051,-0.11166,-0.12259,-6.144,-0.65153,0
-1.294,0.016583,-0.1316,-3.6408,0.024489,0
-1.0091,0.14483,-0.10972,8.1923,-0.92482,0
-0.34431,0.14483,-0.077542,1.5931,-0.20565,0
-0.15436,-0.0090658,-0.081403,-8.4196,-0.7666,0
-0.81917,-0.13731,-0.076255,0.2277,-0.80975,0
0.79538,0.016583,-0.06081,7.0545,-0.53646,0
1.6501,0.14483,-0.033781,-2.0479,-1.3276,0
1.3652,0.22178,0.0099801,-7.0542,-0.47893,0
2.6949,0.17048,0.047306,3.8687,-1.3419,0
2.6949,-0.034715,0.055028,6.3718,-0.66591,0
1.4602,-0.18861,0.038296,-4.5511,-0.83852,0
1.7451,-0.21426,0.021564,-4.7786,-1.083,0
1.8401,0.016583,-0.013187,7.282,-0.37825,0
-0.43928,0.37567,-0.024771,4.5513,-1.2125,0
-1.6739,0.29873,-0.0080391,-6.5991,-0.27756,0
-1.7689,0.47827,0.016416,-3.6408,-0.82413,0
-1.1041,0.78606,0.039583,7.282,-0.53646,0
-1.0091,0.50392,0.04988,0.45525,-0.30633,0
-1.389,0.24743,0.048593,-7.7369,-0.75222,0
-0.24933,-0.060364,0.020277,0.45525,0.18271,0
1.1753,0.042233,0.046019,7.5096,-0.57961,0
2.7898,-0.086014,0.087205,-2.503,0.11079,0
3.7396,0.042233,0.094928,-7.5093,-0.061812,0
2.315,-0.034715,0.070473,4.7789,-0.19126,0
0.7004,-0.41945,0.067899,5.4616,0.47037,0
0.13056,-0.31686,0.060177,-5.4613,-0.30633,0
0.22554,-0.034715,0.042157,-6.144,0.61421,0
-0.34431,-0.034715,0.057602,6.3718,-0.090578,0
-0.059385,-0.21426,0.079483,3.6411,0.38407,0
0.13056,-0.4451,0.066612,-8.4196,0.36969,0
0.51046,-0.85549,0.066612,-3.4133,-0.018661,0
2.22,-0.5477,0.08077,7.7372,0.70051,0
3.0747,-0.26556,0.091067,0.45525,-0.22003,0
1.4602,-0.47075,0.08978,-7.9645,0.65736,0
-1.294,-0.599,0.070473,0.68281,-0.061812,0
-3.7634,-0.34251,0.044732,7.282,0.067639,0
-3.7634,0.22178,0.0086931,-3.4133,0.36969,0
-3.8583,0.29873,0.016416,-8.192,-0.29195,0
-4.2382,0.17048,0.034435,3.8687,0.52791,0
-4.1432,0.14483,0.037009,4.7789,-0.36386,0
-2.7186,-0.060364,0.021564,-5.4613,0.29777,0
-2.7186,-0.3938,0.025425,-4.0959,-0.018661,0
-2.2438,-0.36816,0.04087,7.0545,-0.29195,0
0.035589,-0.47075,0.073047,2.2757,0.22586,0
1.9351,-0.57335,0.11166,-8.4196,-0.80975,0
0.89035,-0.85549,0.12711,-1.3652,0.010105,0
-0.53425,-0.7016,0.098789,8.6474,-0.7666,0
-0.43928,-0.4451,0.056315,-0.9101,-0.594,0
1.0803,-0.23991,0.022851,-8.192,-0.57961,0
0.035589,0.067882,0.024138,2.7309,-1.3132,0
-1.1041,-0.034715,0.065325,7.7372,-0.46455,0
-0.43928,-0.36816,0.061464,-3.8684,-1.5289,0
0.51046,-0.26556,0.031861,-7.2818,-0.82413,0
1.3652,0.24743,-0.0080391,4.7789,-1.1837,0
2.5049,0.067882,-0.038929,5.4616,-1.4282,0
3.4546,-0.5477,-0.049226,-7.5093,-0.92482,0
3.2647,-0.75289,-0.049226,-4.0959,-1.7734,0
1.6501,-0.41945,-0.073681,6.5994,-0.86728,0
-0.91415,-0.21426,-0.10071,1.8206,-1.644,0
-3.9533,-0.16296,-0.10071,-6.8267,-1.1693,0
-4.8081,-0.21426,-0.10457,-1.3652,-1.1118,0
-1.579,-0.4964,-0.12388,7.7372,-1.5002,0
1.2702,-0.13731,-0.15734,-1.5928,-0.6803,0
1.3652,0.35002,-0.21397,-8.192,-1.3995,0
0.79538,0.35002,-0.22298,2.0482,-0.55085,0
3.6446,0.29873,-0.16378,6.3718,-0.82413,0
6.3038,-0.034715,-0.14833,-4.3235,-0.69468,0
4.4044,-0.11166,-0.17407,-7.2818,-0.2488,0
0.98533,0.042233,-0.21655,4.7789,-0.80975,0
-1.294,0.14483,-0.23328,3.8687,0.19709,0
-1.484,0.17048,-0.2616,-7.5093,-0.49331,0
-1.484,0.27308,-0.24872,-4.0959,0.16832,0
-1.389,0.37567,-0.1715,7.0545,0.12517,0
-1.0091,0.60652,-0.10457,0.68281,-0.14811,0
-0.7242,0.37567,-0.090413,-8.192,0.58544,0
-1.0091,0.50392,-0.078829,0.00013542,-0.22003,0
-1.1041,0.99126,-0.053087,7.0545,0.67174,0
0.79538,1.0939,-0.047939,-2.503,0.16832,0
1.8401,0.63217,-0.026058,-7.2818,0.42722,0
0.98533,0.29873,0.007406,3.4135,0.61421,0
-1.0091,0.22178,0.013841,5.4616,0.13956,0
-1.484,0.22178,0.038296,-5.6889,0.90188,0
-1.294,-0.034715,0.083344,-5.2337,0.067639,0
-2.9086,-0.16296,0.11037,5.9167,0.85873,0
-4.6181,-0.21426,0.12453,3.6411,0.34092,0
-4.1432,0.016583,0.13483,-7.5093,0.35531,0
-2.7186,-0.29121,0.12453,-2.0479,0.80119,0
-2.2438,-0.72725,0.11938,7.7372,0.082022,0
-2.1488,-0.72725,0.12582,0.68281,0.95941,0
-2.1488,-0.62465,0.16057,-7.7369,0.13956,0
-2.1488,-0.599,0.19146,0.45525,0.72928,0
-2.2438,-0.6503,0.20304,8.1923,0.52791,0
-2.3388,-0.62465,0.1979,-1.8203,0.21147,0
-1.7689,-1.0607,0.20948,-6.8267,0.81558,0
0.035589,-1.3685,0.167,3.4135,-0.004278,0
1.9351,-0.75289,0.085918,6.1442,0.91626,0
3.5496,-0.4964,0.04087,-6.5991,0.16832,0
2.7898,-0.31686,0.022851,-5.6889,0.39846,0
0.51046,-0.23991,0.060177,6.5994,0.44161,0
-1.7689,-0.18861,0.098789,2.9584,-0.17688,0
-2.4337,-0.11166,0.085918,-7.2818,0.54229,0
-2.2438,0.24743,0.067899,-1.5928,-0.45016,0
-3.6684,0.29873,0.055028,7.7372,0.29777,0
-4.3332,-0.0090658,0.062751,0.2277,-0.11935,0
-2.6237,-0.4451,0.065325,-7.7369,-0.30633,0
1.6501,-0.34251,0.056315,0.91037,0.16832,0
5.734,0.24743,-0.018336,6.5994,-0.66591,0
6.3038,1.0169,-0.08269,-4.0959,0.29777,0
5.734,1.299,-0.086552,-7.0542,-0.52208,0
5.639,1.1965,-0.099422,4.3238,0.010105,0
4.5943,1.0939,-0.099422,4.0962,0.038872,0
2.9798,0.81171,-0.069819,-6.8267,-0.34948,0
2.7898,0.35002,-0.035068,-3.6408,0.47037,0
3.5496,-0.18861,-0.026058,7.7372,-0.30633,0
2.9798,-0.29121,-0.038929,1.8206,0.52791,0
0.60543,0.016583,-0.037642,-8.4196,0.11079,0
-1.579,-0.29121,0.015128,-1.3652,0.29777,0
-1.1991,-1.0094,0.08978,7.5096,0.80119,0
-0.43928,-1.5737,0.17344,-1.8203,0.24024,0
-1.294,-1.5737,0.22235,-8.192,1.2327,0
-3.5734,-1.4454,0.26096,2.2757,0.58544,0
-4.1432,-0.93244,0.28928,7.0545,1.3621,0
-3.9533,-0.7016,0.30858,-3.6408,1.3478,0
-3.6684,-1.112,0.32017,-6.3715,1.1752,0
-3.6684,-1.625,0.35749,5.234,1.8656,0
-4.1432,-1.8045,0.36522,3.4135,1.0745,0
-4.903,-1.3172,0.37551,-7.5093,2.0094,0
-4.1432,-1.3428,0.36908,-2.503,1.3478,0
-1.484,-1.1633,0.36136,7.7372,1.7217,0
0.51046,-0.85549,0.34977,1.5931,1.7793,0
-1.389,-0.90679,0.33047,-7.5093,1.2183,0
-4.6181,-1.4198,0.28799,1.1379,2.0382,0
-4.7131,-1.4711,0.23136,7.5096,1.0601,0
-2.2438,-0.95809,0.20433,-1.3652,1.808,0
1.0803,-0.88114,0.20948,-7.0542,1.2183,0
1.9351,-0.75289,0.2069,3.8687,1.0169,0
0.035589,-0.85549,0.16443,5.6891,1.3621,0
-1.7689,-0.75289,0.10522,-5.0062,0.45599,0
-6.0427,-0.88114,0.055028,-6.144,1.1464,0
-8.702,-1.0094,0.0022576,6.3718,0.12517,0
-4.2382,-0.80419,-0.024771,4.5513,0.55667,0
3.7396,-0.57335,-0.041503,-6.8267,0.25462,0
10.103,-0.16296,-0.083977,-2.7306,-0.26318,0
10.673,0.35002,-0.10586,7.7372,0.29777,0
7.7285,0.32437,-0.11358,1.1379,-0.69468,0
6.3988,0.016583,-0.12516,-7.9645,0.024489,0
6.1139,0.32437,-0.13031,0.2277,-0.60838,0
3.7396,0.50392,-0.12388,7.282,-0.52208,0
-0.24933,0.37567,-0.11487,-2.7306,-0.32071,0
-3.4784,0.042233,-0.11615,-7.9645,-1.0399,0
-4.7131,-0.36816,-0.11101,3.6411,-0.14811,0
-4.2382,-0.29121,-0.076255,6.8269,-0.96797,0
-1.8639,0.24743,-0.023484,-5.4613,-0.29195,0
0.51046,0.32437,0.024138,-5.9164,-0.55085,0
3.7396,-0.0090658,-0.0028907,6.8269,-0.69468,0
6.6837,0.067882,-0.036355,3.4135,-0.11935,0
6.2089,0.35002,-0.06081,-7.5093,-0.72345,0
3.4546,0.81171,-0.12774,-1.8203,0.31216,0
0.98533,1.1965,-0.19724,7.9647,-0.22003,0
-1.1991,1.1195,-0.22942,1.8206,0.45599,0
-2.5287,0.55522,-0.20368,-7.5093,0.59983,0
-0.34431,0.76041,-0.20754,0.68281,0.35531,0
1.1753,0.93996,-0.21655,7.282,1.132,0
0.51046,1.2734,-0.20496,-4.3235,0.25462,0
-0.34431,1.4529,-0.21269,-7.2818,1.1752,0
-0.7242,1.4016,-0.23972,4.7789,0.67174,0
-0.24933,1.1965,-0.26803,4.7789,0.91626,0
0.13056,1.0426,-0.3015,-6.3715,1.2758,0
-0.81917,0.78606,-0.31308,-4.0959,0.65736,0
-2.6237,0.88866,-0.30793,7.282,1.4916,0
-4.7131,1.2221,-0.27833,2.5033,0.58544,0
-5.2829,1.3503,-0.26417,-7.2818,1.132,0
-6.0427,0.99126,-0.2513,0.00013542,0.80119,0
-6.8975,0.68346,-0.25259,8.1923,0.51352,0
-4.4282,0.35002,-0.22298,-1.1377,1.1032,0
1.5552,-0.034715,-0.15477,-7.7369,0.32654,0
8.4882,-0.13731,-0.073681,2.2757,1.2902,0
10.768,-0.0090658,-0.040216,6.8269,0.44161,0
5.4491,0.11918,0.0022576,-4.0959,0.71489,0
-1.9589,-0.034715,0.024138,-6.144,0.55667,0
-4.1432,-0.13731,0.029286,5.234,-0.20565,0
-0.7242,-0.21426,0.044732,4.7789,0.48476,0
0.32051,-0.16296,0.073047,-6.144,-0.37825,0
-2.1488,0.016583,0.11295,-3.8684,0.55667,0
-3.5734,-0.23991,0.167,7.5096,0.29777,0
-2.8136,-0.4964,0.18631,1.5931,0.36969,0
-2.8136,-0.82984,0.15928,-7.5093,0.81558,0
-4.998,-0.98374,0.14384,0.00013542,-0.047428,0
-6.4226,-1.2146,0.14899,7.0545,0.78681,0
-2.9086,-1.112,0.16572,-2.9581,-0.1625,0
2.7898,-1.0863,0.16186,-6.8267,0.29777,0
4.4044,-0.77854,0.167,3.6411,0.19709,0
2.9798,-0.62465,0.14899,6.3718,-0.22003,0
4.1195,-0.62465,0.10394,-6.144,0.49914,0
6.3038,-0.34251,0.078196,-5.6889,-0.49331,0
7.0636,-0.26556,0.074335,6.1442,0.16832,0
6.0189,-0.7016,0.061464,3.186,-0.45016,0
3.1697,-1.1633,0.053741,-7.2818,-0.37825,0
0.7004,-1.1376,0.051167,-2.9581,-0.090578,0
0.32051,-0.34251,0.027999,7.5096,-0.73783,0
-0.15436,-0.13731,0.015128,2.0482,0.16832,0
-0.43928,0.32437,0.013841,-8.192,-0.7666,0
1.1753,0.58087,0.007406,0.45525,-0.20565,0
2.8848,0.58087,0.0086931,7.7372,-0.39263,0
1.6501,0.78606,-0.023484,-1.1377,-0.73783,0
-0.62923,0.55522,-0.068532,-7.7369,-0.061812,0
-0.7242,0.55522,-0.085264,3.186,-0.80975,0
0.98533,0.88866,-0.078829,6.3718,0.11079,0
3.2647,0.96561,-0.086552,-5.9164,-0.27756,0
3.7396,0.99126,-0.0917,-6.3715,-0.10496,0
2.5049,1.2734,-0.094274,5.6891,0.44161,0
-0.7242,1.9659,-0.092987,4.5513,-0.13373,0
-3.3835,2.2224,-0.11744,-6.8267,0.91626,0
-4.4282,1.5042,-0.1419,-2.9581,0.13956,0
-3.0036,0.93996,-0.12903,7.9647,0.97379,0
0.035589,1.1452,-0.11615,2.0482,0.87311,0
3.0747,1.1195,-0.076255,-7.2818,0.65736,0
3.7396,0.86301,-0.024771,-0.9101,1.4197,0
4.0245,0.86301,-0.0093262,7.282,0.55667,0
2.125,0.73476,-0.0080391,-0.45498,1.4484,0
-1.389,0.60652,0.012554,-7.9645,0.61421,0
0.035589,0.91431,0.04988,2.0482,0.71489,0
6.5888,0.70911,0.08077,6.5994,0.90188,0
9.6279,0.68346,0.092354,-5.0062,0.16832,0
5.1642,0.58087,0.10394,-6.5991,1.0601,0
-0.059385,0.63217,0.075622,6.3718,0.12517,0
-2.5287,0.83736,0.034435,4.0962,0.49914,0
-4.2382,0.76041,0.0022576,-7.2818,0.024489,0
-5.7578,1.0939,-0.02992,-3.6408,-0.34948,0
-4.998,1.1452,-0.062097,7.5096,0.12517,0
-4.0483,1.2734,-0.078829,0.91037,-0.82413,0
-2.6237,0.50392,-0.050513,-8.6471,-0.004278,0
0.13056,-0.29121,-0.013187,0.00013542,-0.86728,0
1.6501,-0.29121,0.015128,7.7372,-0.47893,0
-0.059385,-0.23991,0.027999,-2.7306,-0.47893,0
-1.7689,-0.18861,0.030574,-7.7369,-0.86728,0
-0.62923,-0.21426,0.007406,3.8687,-0.10496,0
1.2702,-0.16296,-0.0041778,6.1442,-0.95358,0
2.22,0.042233,-0.010613,-5.0062,-0.11935,0
1.4602,0.60652,-0.018336,-6.5991,-0.72345,0
1.2702,0.50392,-0.028633,6.3718,-0.62276,0
1.4602,-0.23991,-0.022197,5.234,-0.32071,0
-0.43928,-0.75289,-0.013187,-7.2818,-1.1262,0
-3.6684,-0.4964,0.015128,-4.3235,-0.39263,0
-5.8528,-0.060364,0.04988,7.282,-1.4426,0
-5.2829,-0.11166,0.10265,1.5931,-0.7666,0
-1.1991,-0.34251,0.11938,-7.9645,-0.99673,0
2.4099,-0.34251,0.079483,-0.22742,-0.96797,0
3.3597,-0.23991,0.037009,7.0545,-0.32071,0
3.2647,-0.23991,0.016416,-1.5928,-1.0687,0
5.1642,0.32437,0.024138,-7.2818,-0.23441,0
5.829,0.50392,0.016416,3.4135,-1.2413,0
2.9798,0.83736,-0.00031657,6.8269,-0.9392,0
0.22554,0.96561,0.015128,-5.6889,-0.9392,0
-0.91415,0.78606,0.052454,-6.3715,-1.155,0
-2.2438,1.1195,0.067899,7.282,-0.14811,0
-3.8583,0.91431,0.057602,3.4135,-1.0111,0
-4.4282,0.42697,0.044732,-7.7369,-0.23441,0
-4.5231,0.19613,0.082057,-2.2755,-0.92482,0
-4.7131,0.11918,0.11681,7.0545,-1.083,0
-0.24933,-0.47075,0.13354,0.00013542,-0.7666,0
6.5888,-0.6503,0.158,-8.6471,-1.4282,0
8.2983,-0.4451,0.19661,1.5931,-0.40701,0
4.6893,-0.47075,0.20047,6.5994,-0.96797,0
-0.62923,-0.31686,0.21077,-2.9581,-0.23441,0
-2.7186,-0.47075,0.17988,-7.2818,-0.36386,0
-1.8639,-0.34251,0.1374,4.5513,-0.69468,0
0.035589,-0.18861,0.084631,4.7789,-0.076195,0
2.03,-0.21426,0.084631,-6.3715,-0.99673,0
2.22,-0.93244,0.1477,-5.2337,-0.14811,0
0.13056,-1.3172,0.16057,7.7372,-0.91043,0
-0.43928,-1.1376,0.088493,2.7309,-0.56523,0
-0.53425,-1.0094,0.053741,-8.192,-0.40701,0
-1.7689,-0.5477,0.055028,-2.2755,-0.96797,0
-2.7186,-0.47075,0.075622,8.1923,-0.22003,0
-2.9086,-0.85549,0.075622,-0.22742,-1.27,0
-3.5734,-0.4964,0.085918,-7.9645,-0.65153,0
-3.2885,0.22178,0.053741,0.45525,-1.155,0
-2.6237,0.52957,0.012554,7.7372,-1.1262,0
-1.579,-0.13731,0.01899,-1.3652,-0.53646,0
-0.15436,-0.52205,-0.019623,-7.7369,-1.3276,0
0.89035,-0.13731,-0.065958,3.186,-0.40701,0
-1.1041,0.11918,-0.10972,5.6891,-1.3563,0
-1.389,-0.31686,-0.13804,-5.9164,-0.82413,0
0.51046,-0.80419,-0.14962,-6.3715,-0.60838,0
1.3652,-0.75289,-0.16635,6.8269,-0.53646,0
1.8401,-0.4451,-0.18952,3.8687,0.64298,0
4.0245,-0.0090658,-0.23199,-7.5093,0.024489,0
3.8345,-0.11166,-0.2513,-2.0479,0.85873,0
0.7004,0.093531,-0.27833,7.9647,-0.061812,0
0.22554,0.14483,-0.25645,0.68281,0.053256,0
0.035589,0.42697,-0.2217,-7.0542,0.45599,0
-1.389,0.37567,-0.19081,0.91037,0.11079,0
-2.9086,0.24743,-0.16764,7.282,1.3909,0
-3.0985,-0.034715,-0.15605,-2.9581,0.70051,0
-2.6237,-0.23991,-0.12002,-7.7369,1.2183,0
-2.7186,-0.18861,-0.053087,4.7789,0.78681,0
-4.1432,-0.21426,0.0048318,6.1442,0.18271,0
-6.0427,-0.23991,0.062751,-6.144,0.67174,0
-4.903,-0.6503,0.094928,-4.3235,-0.20565,0
0.32051,-0.95809,0.098789,7.0545,0.75804,0
5.639,-0.7016,0.070473,2.9584,0.26901,0
6.9687,-0.36816,0.022851,-7.7369,0.48476,0
4.1195,-0.47075,-0.013187,-0.9101,0.80119,0
0.32051,-0.82984,-0.0041778,8.4198,0.15394,0
-0.81917,-0.7016,0.027999,0.2277,1.0601,0
-1.1041,-0.36816,0.037009,-7.5093,0.32654,0
-2.8136,-0.47075,0.04087,1.8206,1.0889,0
-3.5734,-0.5477,0.013841,6.8269,1.0026,0
-3.8583,-0.80419,0.0099801,-3.8684,0.82996,0
-3.6684,-0.26556,0.034435,-7.0542,1.3334,0
-2.3388,0.11918,0.034435,5.234,0.21147,0
0.7004,0.17048,0.044732,5.4616,0.90188,0
3.7396,-0.034715,0.083344,-6.8267,-0.004278,0
4.1195,0.067882,0.11681,-4.7786,0.36969,0
1.7451,0.14483,0.070473,7.282,0.35531,0
0.51046,-0.034715,0.030574,2.2757,-0.061812,0
-0.7242,-0.13731,0.013841,-8.192,0.87311,0
-1.7689,0.22178,-0.023484,-1.5928,0.13956,0
0.22554,0.52957,-0.065958,8.4198,1.1032,0
2.7898,0.11918,-0.073681,0.45525,0.65736,0
3.0747,-0.13731,-0.049226,-8.4196,0.62859,0
1.3652,-0.41945,-0.069819,1.5931,0.84434,0
-1.294,-0.77854,-0.11873,7.282,-0.004278,0
-1.1041,-0.4964,-0.14962,-3.4133,0.78681,0
0.22554,-0.26556,-0.14447,-6.5991,-0.2488,0
1.8401,-0.3938,-0.12774,4.5513,0.26901,0
3.7396,-0.3938,-0.10586,5.234,-0.26318,0
5.0692,-0.4964,-0.08269,-6.8267,-0.88167,0
4.4044,-0.3938,-0.049226,-3.6408,-0.37825,0
1.2702,-0.13731,0.0022576,7.0545,-1.3995,0
-3.1935,-0.21426,0.07176,1.5931,-0.49331,0
-5.2829,-0.18861,0.094928,-8.192,-1.1693,0
-3.2885,0.042233,0.083344,0.00013542,-0.95358,0
-1.1041,0.17048,0.098789,7.7372,-0.73783,0
-0.62923,-0.26556,0.048593,-1.3652,-1.2844,0
-1.8639,-0.29121,-0.026058,-8.192,-0.30633,0
-0.34431,0.29873,-0.085264,2.7309,-1.1406,0
4.4993,0.24743,-0.12903,6.8269,-0.076195,0
8.0134,0.016583,-0.16249,-4.5511,-0.23441,0
6.7787,-0.18861,-0.12259,-6.8267,-0.26318,0
1.6501,-0.21426,-0.11101,6.1442,0.16832,0
-1.7689,0.042233,-0.13675,4.7789,-0.56523,0
-1.0091,0.42697,-0.14962,-6.8267,0.38407,0
1.0803,0.65782,-0.14061,-4.0959,-0.34948,0
1.3652,0.63217,-0.1715,6.8269,0.32654,0
2.03,0.58087,-0.17793,1.8206,0.44161,0
0.89035,0.63217,-0.17922,-7.9645,0.19709,0
-1.1991,0.40132,-0.16378,-1.3652,1.1176,0
-2.7186,0.24743,-0.1419,7.7372,0.26901,0
-3.0036,0.40132,-0.11615,-0.9101,0.94503,0
-3.3835,0.11918,-0.053087,-7.9645,-0.004278,0
-4.8081,0.067882,0.0022576,3.4135,-0.22003,0
-4.6181,0.11918,0.012554,6.3718,-0.004278,0
-2.6237,-0.29121,-0.024771,-5.0062,-0.57961,0
-0.43928,-0.29121,-0.055661,-5.6889,0.52791,0
-0.91415,-0.0090658,-0.044078,6.5994,-0.23441,0
-0.34431,-0.36816,-0.024771,4.3238,0.47037,0
2.315,-0.5477,-0.00031657,-7.5093,0.16832,0
4.9742,-0.6503,0.020277,-2.7306,-0.076195,0
4.9742,-0.62465,0.04087,7.5096,0.68613,0
2.315,-0.599,0.048593,1.1379,0.096406,0
-0.34431,-0.57335,0.062751,-7.7369,1.2902,0
-0.53425,-0.77854,0.070473,0.00013542,0.58544,0
1.8401,-0.47075,0.096215,7.5096,0.78681,0
3.4546,-0.4964,0.12196,-2.503,0.45599,0
2.4099,-0.599,0.15928,-7.9645,-0.36386,0
-1.1991,-0.88114,0.19661,2.9584,0.16832,0
-2.5287,-1.0094,0.21077,5.9167,-0.95358,0
-1.1991,-0.72725,0.2172,-5.0062,-0.26318,0
-3.9533,-0.36816,0.19661,-6.3715,-0.80975,0
-7.1824,-0.23991,0.18374,6.3718,-0.80975,0
-5.7578,-0.4964,0.20047,4.3238,-0.26318,0
-1.1991,-0.77854,0.21463,-6.8267,-0.79537,0
1.9351,-0.4964,0.21849,-2.2755,0.41284,0
2.8848,0.016583,0.24294,8.1923,-0.076195,0
3.0747,0.19613,0.27898,2.0482,0.59983,0
4.2144,-0.060364,0.27255,-7.7369,0.74366,0
4.4993,-0.13731,0.23908,0.2277,0.35531,0
3.3597,-0.0090658,0.21334,7.7372,1.1608,0
0.89035,0.19613,0.17601,-2.503,0.45599,0
0.035589,0.22178,0.14899,-8.4196,1.7649,0
1.5552,0.70911,0.12453,2.9584,2.1676,0
1.3652,0.68346,0.08077,6.3718,3.3039,0
-1.389,0.68346,0.043444,-4.7786,4.3539,0
-3.2885,0.63217,0.0099801,-6.3715,4.0087,0
-2.7186,0.55522,-0.02091,5.4616,4.5696,0
-1.1991,1.1452,-0.050513,3.8687,2.9443,0
-0.81917,1.1452,-0.0917,-6.8267,2.4841,0
-0.24933,0.86301,-0.1213,-4.3235,0.82996,0
0.89035,0.86301,-0.15863,6.5994,-0.82413,0
2.125,0.70911,-0.19338,1.3655,-1.3132,0
2.8848,0.60652,-0.19982,-8.4196,-2.5501,0
1.9351,0.40132,-0.17536,-0.22742,-1.7159,0
1.3652,0.016583,-0.1818,7.5096,-2.3632,0
1.6501,0.55522,-0.20625,-2.9581,-1.9317,0
2.6949,1.1452,-0.20239,-7.2818,-1.7591,0
1.1753,0.93996,-0.18566,3.4135,-1.9604,0
-1.7689,0.91431,-0.18952,5.4616,-0.57961,0
-1.8639,1.2477,-0.241,-6.3715,-0.78098,0
0.51046,1.1195,-0.29506,-5.6889,0.67174,0
0.79538,0.88866,-0.30021,5.6891,0.78681,0
-0.15436,0.65782,-0.28991,3.4135,1.4484,0
0.32051,0.63217,-0.2809,-7.7369,2.2252,0
1.7451,0.60652,-0.26674,-2.0479,1.5923,0
1.4602,0.35002,-0.28476,7.7372,2.3115,0
-1.1041,0.22178,-0.30793,0.45525,0.74366,0
-3.3835,-0.060364,-0.29635,-7.2818,0.34092,0
-3.8583,-0.34251,-0.27061,1.3655,-0.9392,0
-3.2885,-1.0607,-0.22684,7.7372,-2.2049,0
-3.2885,-1.0863,-0.15348,-3.1857,-1.9748,0
-1.1991,-0.85549,-0.076255,-7.2818,-2.9816,0
1.3652,-0.93244,-0.028633,5.234,-1.8166,0
-0.059385,-0.72725,-0.013187,5.234,-1.831,0
-1.294,-0.85549,0.038296,-6.144,-1.1837,0
1.3652,-1.2402,0.10909,-4.5511,-0.29195,0
4.0245,-1.625,0.18116,6.8269,-0.65153,0
4.4993,-2.061,0.22235,1.8206,0.52791,0
1.5552,-1.7276,0.22364,-8.6471,-0.22003,0
-1.1041,-1.7532,0.20819,-1.3652,0.67174,0
-1.6739,-1.9841,0.21334,7.282,0.68613,0
-1.484,-2.1636,0.27641,-0.68254,0.59983,0
-1.579,-2.0354,0.33561,-8.4196,1.2902,0
0.41548,-2.4201,0.3768,1.1379,0.54229,0
2.8848,-2.3944,0.42056,6.5994,1.5779,0
3.3597,-2.0867,0.44244,-3.4133,0.82996,0
2.22,-1.9071,0.45403,-6.3715,1.2615,0
-0.24933,-1.5737,0.45016,5.4616,1.4197,0
-4.2382,-1.2402,0.41413,4.0962,0.90188,0
-7.1824,-0.82984,0.40126,-7.2818,1.808,0
-8.2271,-0.7016,0.42571,-4.5511,0.87311,0
-7.2774,-1.2915,0.45274,7.0545,1.4197,0
-5.7578,-1.2915,0.49907,1.3655,0.71489,0
-4.3332,-0.82984,0.51838,-8.8747,0.32654,0
-0.34431,-0.88114,0.4669,-1.8203,0.45599,0
3.6446,-0.72725,0.39997,6.8269,-0.52208,0
3.7396,-0.599,0.3472,-0.22742,0.21147,0
1.6501,-0.599,0.3266,-7.7369,-0.62276,0
2.4099,-0.599,0.29571,2.0482,0.082022,0
4.8792,-0.11166,0.27255,6.8269,-0.19126,0
4.8792,-0.13731,0.26354,-3.4133,-0.3351,0
2.5049,-0.41945,0.2468,-6.3715,0.21147,0
0.79538,-0.31686,0.19146,5.4616,-0.594,0
-1.1991,0.016583,0.13869,4.7789,0.32654,0
-3.1935,0.19613,0.084631,-6.8267,-0.4214,0
-2.7186,0.19613,0.0099801,-3.6408,0.19709,0
-0.7242,0.45262,-0.056948,6.8269,0.39846,0
-0.059385,0.60652,-0.076255,1.8206,0.19709,0
-0.91415,0.42697,-0.087839,-7.9645,1.2758,0
-2.7186,0.47827,-0.10714,0.2277,0.74366,0
-4.7131,0.35002,-0.15734,8.1923,1.6642,0
-3.2885,0.73476,-0.16249,-0.68254,1.1895,0
0.89035,1.1708,-0.15734,-7.7369,0.78681,0
3.4546,0.96561,-0.16764,2.9584,0.82996,0
1.7451,0.81171,-0.14962,6.8269,-0.2488,0
1.5552,1.4786,-0.099422,-5.2337,0.48476,0
3.1697,1.299,-0.031207,-6.144,-0.43578,0
3.3597,0.83736,0.0022576,5.9167,0.010105,0
2.5049,0.63217,-0.017049,4.5513,0.010105,0
2.22,0.63217,-0.073681,-7.2818,-0.5077,0
2.22,0.60652,-0.089126,-3.1857,0.28339,0
3.2647,0.55522,-0.072394,7.282,-0.62276,0
5.1642,0.40132,-0.056948,0.45525,0.31216,0
4.6893,0.50392,-0.062097,-8.4196,-0.061812,0
0.32051,0.81171,-0.094274,0.00013542,0.15394,0
-3.8583,1.2477,-0.12002,6.8269,0.64298,0
-5.2829,1.1452,-0.1316,-1.8203,-0.004278,0
-3.3835,0.58087,-0.13546,-7.5093,1.0313,0
0.035589,0.22178,-0.16764,3.4135,0.19709,0
1.5552,0.50392,-0.21397,5.9167,0.87311,0
0.60543,0.52957,-0.23071,-6.144,0.62859,0
-0.24933,0.37567,-0.28476,-6.144,0.31216,0
-1.0091,0.70911,-0.31308,6.5994,0.85873,0
-3.0985,0.96561,-0.31823,4.7789,-0.018661,0
-4.5231,1.0426,-0.34397,-7.2818,0.68613,0
-5.2829,1.2221,-0.34654,-3.8684,-0.018661,0
-4.903,0.88866,-0.32981,7.7372,0.26901,0
-4.0483,0.45262,-0.28862,1.8206,0.52791,0
-3.8583,-0.0090658,-0.2912,-8.192,0.096406,0
-3.0036,0.32437,-0.3105,-0.9101,0.94503,0
-1.1991,0.76041,-0.31823,7.0545,0.024489,0
1.4602,0.99126,-0.32338,-1.1377,0.77243,0
2.125,1.299,-0.3311,-8.6471,0.38407,0
1.3652,1.4273,-0.33753,2.5033,0.35531,0
-1.1041,1.1708,-0.3414,6.8269,0.80119,0
-1.484,0.81171,-0.33239,-5.0062,-0.076195,0
0.51046,0.60652,-0.3105,-6.3715,0.82996,0
1.4602,0.37567,-0.27961,5.9167,0.010105,0
0.79538,0.27308,-0.23843,4.7789,0.48476,0
-2.2438,0.22178,-0.18694,-7.0542,0.32654,0
-5.5679,0.19613,-0.14833,-3.8684,-0.13373,0
-6.7075,0.24743,-0.11101,7.7372,0.48476,0
-6.3276,-0.11166,-0.038929,2.7309,-0.56523,0
-4.2382,-0.36816,-0.00031657,-7.9645,0.29777,0
-0.34431,-0.086014,0.020277,-0.68254,-0.53646,0
2.7898,0.14483,0.029286,8.1923,-0.37825,0
3.7396,0.19613,0.020277,0.2277,-0.2488,0
4.6893,0.37567,0.0086931,-7.7369,-0.98235,0
6.9687,0.29873,-0.023484,2.7309,-0.19126,0
6.5888,0.22178,-0.058236,6.5994,-1.2125,0
3.3597,0.47827,-0.069819,-4.5511,-0.56523,0
1.1753,0.58087,-0.095561,-7.2818,-1.0543,0
3.2647,0.60652,-0.14447,5.4616,-1.3707,0
4.3094,0.63217,-0.19338,4.5513,-0.88167,0
1.1753,0.60652,-0.18823,-6.8267,-1.831,0
-3.2885,0.83736,-0.20496,-5.0062,-0.86728,0
-4.6181,0.73476,-0.26031,7.5096,-1.6296,0
-1.484,0.19613,-0.28991,1.3655,-1.1837,0
1.2702,0.11918,-0.2616,-8.8747,-0.99673,0
1.2702,0.40132,-0.26932,-0.68254,-1.3995,0
0.035589,0.58087,-0.30021,7.282,-0.49331,0
0.22554,0.86301,-0.29249,-1.1377,-1.1981,0
1.2702,0.73476,-0.2616,-8.192,-0.3351,0
-0.43928,0.40132,-0.26546,1.8206,-0.66591,0
-2.1488,0.47827,-0.29635,6.8269,-0.53646,0
-1.1041,0.32437,-0.32724,-5.0062,-0.076195,0
0.79538,0.50392,-0.30536,-6.8267,-0.594,0
1.0803,0.60652,-0.28605,5.234,0.34092,0
1.4602,0.40132,-0.28219,5.0064,-0.37825,0
1.9351,0.19613,-0.2912,-6.5991,0.22586,0
3.2647,0.19613,-0.29892,-4.5511,0.18271,0
4.7843,0.22178,-0.30021,7.9647,-0.090578,0
4.2144,-0.034715,-0.31308,2.2757,0.67174,0
3.3597,0.042233,-0.34268,-7.2818,-0.26318,0
4.0245,0.42697,-0.34526,-1.3652,0.59983,0
5.4491,0.81171,-0.30793,7.282,0.082022,0
5.2591,0.52957,-0.25001,0.00013542,0.26901,0
1.8401,0.29873,-0.23457,-8.4196,0.67174,0
-1.389,0.45262,-0.23843,0.2277,0.12517,0
-3.2885,0.83736,-0.23585,7.5096,1.1895,0
-2.7186,1.4786,-0.20239,-2.9581,0.42722,0
-1.389,1.3247,-0.16764,-7.7369,1.1608,0
-0.81917,1.1195,-0.12259,4.7789,0.87311,0
-0.53425,1.2477,-0.074968,5.234,0.62859,0
0.13056,1.1708,-0.02091,-6.3715,1.1464,0
-1.294,0.81171,0.038296,-5.4613,0.34092,0
-3.0985,0.63217,0.12324,6.3718,1.2471,0
-2.2438,0.65782,0.20047,3.186,0.39846,0
1.2702,0.42697,0.22879,-7.2818,0.77243,0
2.03,0.70911,0.24938,-1.8203,0.71489,0
-2.1488,0.68346,0.26997,7.5096,0.22586,0
-5.188,0.19613,0.31373,0.68281,0.88749,0
-3.5734,-0.11166,0.33561,-8.8747,-0.076195,0
-1.0091,-0.16296,0.31502,1.1379,0.72928,0
-1.8639,-0.47075,0.30601,6.8269,0.13956,0
-4.2382,-0.599,0.34848,-3.6408,0.29777,0
-3.6684,-0.3938,0.40898,-7.5093,0.58544,0
-0.059385,-0.26556,0.39997,4.5513,-0.018661,0
3.2647,-0.6503,0.38967,5.0064,0.82996,0
4.3094,-0.6503,0.4167,-7.2818,0.082022,0
4.0245,-0.41945,0.41413,-5.6889,0.62859,0
3.3597,-0.23991,0.39482,6.5994,0.48476,0
1.4602,-0.4451,0.38581,2.0482,0.19709,0
-1.8639,-0.34251,0.427,-8.192,0.80119,0
-2.7186,-0.18861,0.47719,-0.9101,-0.076195,0
-2.1488,0.042233,0.50294,7.0545,0.59983,0
-1.1041,-0.11166,0.54155,-1.8203,-0.27756,0
-0.15436,-0.4451,0.52739,-8.192,-0.29195,0
0.41548,-0.57335,0.49779,2.9584,-0.30633,0
1.2702,-0.13731,0.50165,6.8269,-1.1262,0
2.5049,0.093531,0.5364,-4.3235,-0.34948,0
3.4546,-0.034715,0.54798,-6.8267,-1.1837,0
2.125,0.52957,0.52739,5.9167,-0.5077,0
-0.81917,0.65782,0.47719,4.3238,-0.66591,0
-0.7242,0.19613,0.48234,-7.9645,-0.66591,0
0.89035,0.067882,0.45274,-4.3235,-0.018661,0
0.51046,0.47827,0.39611,7.0545,-0.73783,0
0.51046,0.78606,0.36779,2.2757,0.36969,0
1.7451,1.2477,0.37551,-7.2818,-0.36386,0
2.03,1.1708,0.39096,-0.22742,-0.018661,0
1.2702,1.0939,0.3768,8.6474,-0.004278,0
0.32051,1.0426,0.35106,0.2277,-0.57961,0
1.5552,1.4786,0.29314,-7.9645,0.18271,0
3.0747,1.5299,0.23136,1.8206,-0.65153,0
2.5999,1.2734,0.17087,7.5096,0.067639,0
1.4602,1.0426,0.1773,-2.2755,-0.37825,0
1.3652,0.99126,0.16314,-7.0542,-0.49331,0
1.5552,1.0426,0.13611,4.7789,-0.19126,0
-0.34431,1.2734,0.11938,5.6891,-1.0399,0
-2.8136,1.1452,0.10522,-7.2818,-0.2488,0
-3.1935,1.0682,0.1078,-5.4613,-1.1262,0
-1.8639,1.2734,0.11037,7.282,-0.594,0
-0.7242,1.1452,0.088493,3.186,-0.75222,0
-1.1041,0.76041,0.078196,-7.5093,-1.083,0
-4.1432,0.63217,0.070473,-1.8203,-0.32071,0
-7.2774,0.32437,0.087205,7.9647,-1.0974,0
-6.4226,-0.26556,0.092354,0.00013542,-0.20565,0
0.22554,-0.98374,0.07176,-8.192,-0.75222,0
8.1083,-0.90679,0.091067,1.5931,-0.57961,0
10.958,-0.90679,0.13097,6.8269,-0.26318,0
8.7732,-1.4711,0.16186,-3.8684,-0.8529,0
4.3094,-2.0354,0.17215,-8.192,0.010105,0
1.3652,-1.9584,0.15285,4.7789,-0.89605,0
-0.24933,-1.8815,0.12968,5.4616,-0.27756,0
-0.24933,-1.625,0.15027,-7.5093,-0.65153,0
1.1753,-1.4454,0.17087,-5.9164,-0.9392,0
1.4602,-1.1376,0.18502,6.3718,-0.37825,0
-0.34431,-1.2915,0.16958,3.186,-1.155,0
-2.6237,-1.0607,0.1477,-7.9645,-0.1625,0
-3.1935,-1.035,0.12196,-2.0479,-0.9392,0
-1.9589,-1.2659,0.14126,8.1923,-0.46455,0
-0.7242,-1.3941,0.17344,-0.45498,-0.23441,0
0.89035,-1.4198,0.17859,-8.192,-0.55085,0
1.9351,-1.112,0.12968,2.0482,0.32654,0
1.3652,-1.1376,0.076909,7.5096,-0.47893,0
-1.389,-1.7276,0.033148,-3.6408,0.41284,0
-3.2885,-1.7019,0.017703,-6.5991,0.038872,0
-0.81917,-1.6763,0.043444,5.234,0.11079,0
2.5999,-1.8045,0.079483,4.5513,0.57106,0
2.315,-1.8045,0.051167,-6.144,-0.20565,0
0.035589,-1.625,0.012554,-3.4133,0.72928,0
-0.34431,-1.1889,-0.028633,6.8269,-0.061812,0
0.13056,-1.0863,-0.046652,2.2757,0.52791,0
0.13056,-0.95809,-0.0518,-7.9645,0.38407,0
0.41548,-1.0607,-0.10972,0.00013542,0.11079,0
1.0803,-0.72725,-0.14061,8.1923,0.82996,0
2.125,-0.47075,-0.13031,-1.8203,-0.018661,0
2.315,-0.67595,-0.11744,-7.7369,0.94503,0
2.8848,-0.75289,-0.102,3.6411,0.22586,0
4.4993,-0.4451,-0.10714,6.8269,0.54229,0
4.9742,-0.6503,-0.13546,-4.3235,0.87311,0
3.8345,-0.72725,-0.1612,-5.9164,0.36969,0
1.7451,-0.85549,-0.19467,5.6891,1.3478,0
-0.91415,-0.77854,-0.22684,4.0962,0.52791,0
-4.0483,-0.6503,-0.22684,-7.2818,1.319,0
-5.6628,-0.3938,-0.23328,-3.8684,1.1032,0
-4.8081,0.016583,-0.2616,7.5096,0.97379,0
-3.1935,0.11918,-0.31179,1.1379,1.5491,0
-1.294,-0.21426,-0.30922,-7.7369,0.82996,0
-1.1991,-0.26556,-0.25902,-1.5928,1.693,0
-1.8639,0.24743,-0.21526,7.282,0.98818,0
-2.5287,0.50392,-0.21269,-0.9101,1.4053,0
-2.9086,0.40132,-0.2513,-8.4196,1.3765,0
-2.0538,0.27308,-0.30793,1.8206,0.90188,0
-1.0091,0.45262,-0.34526,7.282,1.6067,0
-1.1991,0.58087,-0.371,-3.4133,0.67174,0
-0.91415,0.37567,-0.36842,-7.9645,1.4053,0
1.5552,0.19613,-0.37357,2.7309,0.82996,0
4.3094,0.42697,-0.38258,5.9167,0.87311,0
5.3541,0.093531,-0.38387,-6.8267,1.1608,0
5.4491,-0.34251,-0.37229,-6.144,0.44161,0
4.4993,-0.31686,-0.36328,5.9167,1.2615,0
2.22,-0.4964,-0.3015,3.186,0.28339,0
0.7004,-0.5477,-0.2217,-7.2818,0.93064,0
1.6501,-0.599,-0.18566,-2.9581,0.59983,0
1.0803,-0.52205,-0.14061,7.9647,0.22586,0
-0.15436,-0.5477,-0.081403,0.2277,0.82996,0
-1.484,-1.3428,0.0022576,-7.5093,-0.13373,0
-3.3835,-1.1889,0.076909,0.45525,0.70051,0
-5.3779,-1.0607,0.1181,7.9647,-0.047428,0
-4.8081,-1.3172,0.12196,-2.9581,0.13956,0
-2.1488,-1.6506,0.13998,-8.192,0.26901,0
-0.34431,-1.3172,0.16314,4.0962,-0.39263,0
-0.53425,-0.34251,0.12196,5.6891,0.41284,0
-0.15436,-0.16296,0.069186,-5.2337,-0.57961,0
0.51046,-0.4451,0.061464,-5.6889,0.12517,0
1.1753,-0.57335,0.076909,6.8269,-0.2488,0
1.8401,-0.599,0.078196,3.186,-0.5077,0
1.5552,-0.36816,0.073047,-7.7369,0.082022,0
0.51046,-0.67595,0.094928,-2.2755,-0.88167,0
-0.81917,-0.4964,0.12196,7.0545,-0.018661,0
-0.53425,-0.21426,0.13225,-0.22742,-0.73783,0
3.2647,-0.23991,0.1374,-8.4196,-0.49331,0
7.1586,-0.90679,0.14384,0.68281,-0.4214,0
6.4938,-0.80419,0.15413,7.0545,-0.95358,0
2.315,-0.62465,0.12968,-3.1857,-0.14811,0
-1.1991,-0.599,0.13097,-7.0542,-1.1406,0
-1.7689,-0.3938,0.12968,4.3238,-0.32071,0
-1.389,-0.4451,0.11166,4.0962,-0.62276,0
-1.7689,-0.57335,0.11037,-6.3715,-0.73783,0
-0.24933,-0.3938,0.1477,-5.0062,-0.14811,0
2.6949,-0.47075,0.19403,7.0545,-0.96797,0
3.2647,-0.599,0.23908,2.5033,-0.13373,0
2.03,-0.57335,0.27769,-8.4196,-0.75222,0
0.98533,-0.62465,0.29314,-3.6408,-0.49331,0
-0.53425,-0.36816,0.31245,7.282,-0.5077,0
-3.0985,-0.67595,0.34205,0.2277,-1.0255,0
-2.6237,-0.93244,0.38195,-8.4196,-0.26318,0
-0.7242,-0.31686,0.41927,0.00013542,-1.155,0
0.32051,0.37567,0.40383,7.9647,-0.36386,0
-0.15436,0.35002,0.35492,-1.3652,-0.96797,0
-3.0985,0.067882,0.35492,-7.0542,-0.89605,0
-5.3779,-0.13731,0.38324,3.8687,-0.66591,0
-4.1432,-0.18861,0.44373,6.3718,-1.2844,0
-3.0036,-0.16296,0.46046,-6.8267,-0.49331,0
-5.3779,-0.18861,0.4064,-5.4613,-1.3995,0
-6.0427,-0.16296,0.32789,6.5994,-0.82413,0
-3.5734,0.067882,0.31373,2.9584,-1.0687,0
-2.0538,-0.034715,0.30472,-8.192,-1.27,0
-2.3388,-0.599,0.28928,-3.1857,-0.7666,0
-3.8583,-0.52205,0.32918,8.1923,-1.5865,0
-3.9533,-0.21426,0.3266,0.68281,-0.72345,0
-1.389,-0.21426,0.29057,-8.8747,-1.3419,0
3.9295,-0.4964,0.28156,0.45525,-0.96797,0
10.768,-0.599,0.31373,7.5096,-0.88167,0
12.192,-0.80419,0.34334,-2.7306,-1.3707,0
6.1139,-0.95809,0.34462,-7.2818,-0.5077,0
1.1753,-0.77854,0.26997,4.3238,-1.3132,0
-0.24933,-0.82984,0.12067,6.1442,-0.56523,0
0.32051,-0.95809,-0.017049,-5.4613,-0.91043,0
-0.34431,-1.2659,-0.12903,-6.3715,-0.96797,0
-1.484,-1.5737,-0.25259,6.3718,-0.37825,0
-1.579,-1.5737,-0.42634,3.6411,-1.0974,0
-1.294,-1.1889,-0.57693,-7.2818,-0.13373,0
-1.579,-0.85549,-0.71851,-1.5928,-0.89605,0
-1.0091,-1.1633,-0.88841,7.0545,-0.39263,0
-0.43928,-1.3941,-1.0982,-0.45498,-0.43578,0
0.51046,-1.1889,-1.3814,-7.7369,-0.91043,0
0.7004,-0.80419,-1.7006,0.45525,-0.1625,0
1.7451,-0.85549,-2.0262,7.282,-1.0111,0
3.0747,-0.93244,-2.2759,-2.2755,-0.11935,0
3.2647,-1.2402,-2.4136,-8.4196,-0.7666,0
2.22,-1.1376,-2.5024,3.8687,-0.4214,0
0.60543,-1.035,-2.6775,5.4616,-0.11935,0
0.41548,-1.2146,-2.8667,-5.2337,-0.62276,0
2.125,-1.1633,-3.0687,-6.3715,0.29777,0
2.9798,-1.5224,-3.2515,5.4616,-0.47893,0
0.98533,-1.9328,-3.4343,4.0962,0.28339,0
-1.1041,-1.548,-3.6556,-7.2818,-0.14811,0
-1.6739,-1.5993,-3.8848,-3.1857,-0.11935,0
-1.1041,-1.548,-4.0894,7.7372,0.25462,0
-0.7242,-1.2146,-4.2413,0.45525,-0.3351,0
-0.62923,-1.0094,-4.3378,-8.192,0.61421,0
-1.9589,-0.75289,-4.3726,1.5931,-0.22003,0
-3.8583,-0.67595,-4.3314,7.7372,0.42722,0
-5.093,-0.85549,-4.258,-2.503,0.25462,0
-4.8081,-1.2146,-4.1795,-7.5093,-0.090578,0
0.13056,-1.3685,-4.1782,3.8687,0.48476,0
6.2089,-1.1889,-4.2245,6.1442,-0.55085,0
6.7787,-0.34251,-4.2271,-5.4613,0.28339,0
4.2144,0.11918,-4.1782,-5.4613,-0.47893,0
2.4099,0.45262,-4.0263,6.3718,-0.14811,0
1.6501,0.29873,-3.8062,2.9584,0.053256,0
1.5552,-0.23991,-3.6209,-7.7369,-0.45016,0
0.89035,-0.52205,-3.4883,-1.8203,0.45599,0
1.2702,-0.36816,-3.3931,7.0545,-0.37825,0
2.03,-0.21426,-3.3017,-0.9101,0.42722,0
3.2647,-0.13731,-3.1511,-7.7369,0.010105,0
3.7396,0.27308,-2.9568,2.9584,-0.090578,0
1.8401,0.78606,-2.6993,6.5994,0.35531,0
0.41548,1.0426,-2.3505,-4.3235,-0.34948,0
-0.43928,1.299,-1.9992,-6.8267,0.59983,0
-1.8639,2.0942,-1.734,5.4616,-0.13373,0
-2.7186,2.1198,-1.595,2.9584,0.44161,0
-2.4337,1.6838,-1.5281,-7.5093,0.59983,0
-0.81917,2.0172,-1.4084,-3.1857,0.34092,0
0.035589,2.1968,-1.169,6.8269,1.2183,0
-0.059385,2.2481,-0.8794,0.2277,0.35531,0
0.60543,2.4789,-0.56664,-9.1023,1.1608,0
0.41548,2.6585,-0.20882,0.2277,0.61421,0
-0.34431,2.3763,0.20176,6.8269,0.65736,0
0.41548,2.0172,0.65224,-3.1857,0.98818,0
1.7451,1.4273,1.1336,-8.4196,0.41284,0
0.51046,1.0939,1.5455,3.186,1.506,0
-2.5287,1.5042,1.9767,6.1442,0.74366,0
-3.0985,1.812,2.5455,-5.4613,1.5204,0
-1.484,2.3507,3.2637,-6.144,1.3046,0
1.0803,2.402,4.0038,7.282,1.0745,0
3.3597,2.2481,4.722,3.4135,1.7217,0
2.8848,2.4533,5.3668,-7.9645,0.91626,0
0.22554,2.1455,5.8521,-3.4133,1.7793,0
-3.6684,1.8633,6.2755,7.9647,0.97379,0
-5.6628,2.0942,6.6745,0.45525,1.319,0
-5.4729,2.7098,7.0323,-8.8747,1.3909,0
-4.3332,3.0175,7.2846,0.45525,0.87311,0
-2.2438,3.5562,7.488,7.5096,1.693,0
-0.62923,4.0435,7.663,-2.9581,0.78681,0
1.4602,4.0179,7.7904,-7.5093,1.5923,0
1.6501,3.9153,7.7982,3.6411,1.0601,0
-0.15436,4.1718,7.7583,5.6891,0.93064,0
-1.7689,4.2744,7.6772,-5.0062,1.3621,0
-1.579,4.3513,7.5446,-5.9164,0.55667,0
-0.91415,4.7873,7.394,5.4616,1.4772,0
-1.1041,5.0951,7.1662,4.5513,0.61421,0
-1.7689,5.1208,6.8908,-6.8267,1.0169,0
-2.2438,5.4286,6.5922,-3.6408,0.91626,0
-2.7186,5.326,6.2833,7.282,0.42722,0
-4.4282,4.9669,5.9692,1.8206,1.0169,0
-5.3779,4.5052,5.6268,-8.192,-0.10496,0
-4.0483,4.1461,5.3192,0.45525,0.54229,0
-1.0091,3.9153,5.0399,8.4198,-0.2488,0
0.32051,3.6331,4.7336,-1.8203,-0.22003,0
2.22,4.0435,4.408,-8.192,0.024489,0
4.6893,4.2487,4.0913,2.2757,-0.78098,0
4.8792,4.1718,3.7709,5.234,0.096406,0
3.2647,3.4792,3.498,-4.5511,-0.79537,0
0.98533,2.9663,3.2457,-6.5991,-0.26318,0
-0.7242,2.9919,2.9497,5.4616,-0.46455,0
-1.6739,3.274,2.6292,3.8687,-0.72345,0
-0.7242,2.9919,2.346,-7.2818,-0.11935,0
1.7451,2.9406,2.126,-2.9581,-0.89605,0
2.7898,2.5815,1.9432,6.8269,-0.13373,0
1.3652,1.6068,1.7385,0.91037,-0.8529,0
-0.34431,1.0939,1.5146,-7.9645,-0.63715,0
1.1753,0.55522,1.2765,0.2277,-0.57961,0
3.6446,0.19613,1.01,7.282,-1.1981,0
4.0245,-0.0090658,0.76936,-2.9581,-0.45016,0
2.8848,0.11918,0.56858,-7.7369,-1.3563,0
1.8401,-0.086014,0.40254,4.0962,-0.52208,0
1.0803,-0.62465,0.25453,5.4616,-0.78098,0
1.6501,-0.67595,0.12324,-6.3715,-0.72345,0
2.7898,-0.93244,-0.0041778,-5.9164,-0.13373,0
1.9351,-1.5224,-0.10843,7.282,-0.7666,0
0.41548,-2.2406,-0.19338,3.6411,0.19709,0
-1.0091,-2.3175,-0.28734,-7.5093,-0.57961,0
-0.34431,-2.5227,-0.37615,-2.503,-0.076195,0
0.13056,-2.6253,-0.48684,7.7372,-0.047428,0
-0.43928,-2.4201,-0.59881,0.45525,-0.40701,0
-0.15436,-2.2919,-0.70049,-8.192,0.45599,0
0.79538,-1.9584,-0.80217,2.5033,-0.27756,0
0.51046,-2.138,-0.92059,7.0545,0.65736,0
-1.1991,-2.1893,-1.0042,-3.1857,0.18271,0
-1.579,-1.7789,-1.0519,-5.9164,0.19709,0
0.035589,-1.5224,-1.1136,5.4616,0.41284,0
1.1753,-1.6763,-1.1806,4.7789,-0.46455,0
0.035589,-2.0097,-1.2642,-6.5991,0.38407,0
-0.53425,-1.7789,-1.3389,-4.0959,-0.7666,0
0.7004,-1.2659,-1.3942,7.282,-0.3351,0
1.4602,-1.0607,-1.4354,2.7309,-0.7666,0
1.4602,-1.0863,-1.4805,-7.2818,-1.0111,0
1.6501,-1.4967,-1.5229,-1.5928,-0.29195,0
1.3652,-1.548,-1.5217,7.7372,-1.1262,0
0.51046,-0.93244,-1.4753,-0.68254,-0.20565,0
-1.9589,-1.2146,-1.4586,-7.9645,-0.98235,0
-3.1935,-1.8045,-1.4599,1.5931,-0.80975,0
-3.9533,-1.9584,-1.4509,6.8269,-0.79537,0
-3.5734,-2.138,-1.4316,-4.3235,-1.6008,0
-3.7634,-2.6509,-1.4367,-6.5991,-1.0111,0
-3.1935,-2.0867,-1.4818,5.6891,-2.0755,0
-2.9086,-1.3172,-1.5487,4.7789,-1.4139,0
-3.0985,-0.80419,-1.577,-6.3715,-1.9604,0
-1.8639,-1.0863,-1.586,-4.7786,-2.0036,0
0.79538,-1.112,-1.5937,5.9167,-1.6871,0
3.7396,-1.2402,-1.5886,1.5931,-2.4351,0
2.5999,-1.8045,-1.5641,-8.4196,-1.7015,0
1.0803,-1.7789,-1.5487,-0.9101,-2.6796,0
1.4602,-1.548,-1.5422,7.7372,-2.2912,0
0.41548,-1.4454,-1.5422,-1.3652,-2.4782,0
-0.15436,-1.3941,-1.5191,-8.192,-2.881,0
-1.579,-1.9071,-1.5152,2.7309,-1.9748,0
-3.1935,-1.9071,-1.4843,6.5994,-2.6796,0
-1.1991,-1.3941,-1.4303,-5.0062,-1.4714,0
1.6501,-1.2915,-1.4058,-7.2818,-1.6152,0
2.5049,-1.3941,-1.4354,5.4616,-1.1406,0
3.2647,-1.7276,-1.4534,4.5513,-0.594,0
4.2144,-2.061,-1.4586,-7.0542,-1.083,0
3.0747,-1.7276,-1.4843,-5.0062,0.038872,0
1.2702,-1.4711,-1.5191,7.282,-0.47893,0
-0.81917,-1.2146,-1.5384,2.0482,0.64298,0
-2.3388,-1.0863,-1.5796,-7.2818,0.85873,0
-2.9086,-0.75289,-1.586,-1.1377,0.88749,0
-1.0091,-0.3938,-1.586,8.4198,1.995,0
1.3652,-0.26556,-1.6079,-0.45498,1.4772,0
1.3652,0.067882,-1.5989,-7.5093,2.6423,0
-0.059385,-0.31686,-1.6143,2.0482,2.2395,0
-0.53425,-0.95809,-1.6581,6.3718,2.7861,0
-0.24933,-1.0607,-1.6555,-4.0959,3.2176,0
0.41548,-0.52205,-1.6285,-5.9164,2.7142,0
1.2702,-0.47075,-1.5976,5.4616,3.8936,0
1.9351,-0.62465,-1.5834,5.0064,3.1601,0
1.9351,-0.62465,-1.4998,-7.0542,3.8073,0
0.51046,-0.34251,-1.4187,-4.0959,3.6491,0
0.13056,-0.47075,-1.4007,6.5994,3.3614,0
1.1753,-0.13731,-1.4573,2.5033,4.1669,0
1.4602,0.37567,-1.4895,-8.6471,3.606,0
1.1753,0.63217,-1.5011,-1.8203,4.9005,0
0.98533,0.60652,-1.4766,8.1923,4.9436,0
-0.43928,0.45262,-1.4264,-0.9101,5.9217,0
-2.3388,0.22178,-1.3543,-7.7369,6.7703,0
-1.7689,0.11918,-1.2539,2.2757,6.3676,0
-1.1041,-0.18861,-1.169,6.8269,7.2306,0
-0.7242,0.016583,-1.0866,-4.3235,6.008,0
-0.53425,0.37567,-1.0313,-6.8267,6.4251,0
-1.1041,0.60652,-0.99524,5.4616,5.7779,0
-1.7689,0.40132,-0.91544,3.8687,5.2888,0
-1.294,-0.034715,-0.84722,-7.0542,5.3895,0
-0.24933,-0.67595,-0.77386,-3.6408,4.0518,0
-1.294,-0.93244,-0.71079,8.1923,4.5409,0
-2.5287,-1.0094,-0.65673,1.8206,3.1888,0
-2.0538,-0.98374,-0.61297,-8.4196,3.1457,0
-1.1041,-1.4454,-0.53575,0.00013542,2.7717,0
-1.1041,-2.0097,-0.42763,7.9647,2.0382,0
-2.5287,-2.2149,-0.35298,-0.45498,2.556,0
-1.6739,-2.9587,-0.31308,-7.2818,1.4053,0
0.89035,-3.3948,-0.29249,2.5033,1.9519,0
0.13056,-2.7792,-0.29377,7.0545,1.1895,0
-1.1991,-2.3688,-0.30793,-3.6408,0.62859,0
0.035589,-2.2149,-0.29635,-6.8267,0.61421,0
1.3652,-2.4714,-0.27061,5.0064,-0.60838,0
0.60543,-1.9328,-0.27318,4.5513,-0.033045,0
0.13056,-1.5224,-0.28991,-6.8267,-1.0255,0
0.79538,-1.6763,-0.28605,-3.6408,-0.6803,0
1.5552,-2.0354,-0.24872,7.7372,-0.9392,0
2.6949,-2.1893,-0.21011,1.3655,-1.6296,0
1.1753,-1.8302,-0.16378,-7.7369,-1.1262,0
-0.81917,-1.4967,-0.1316,0.2277,-2.4351,0
0.13056,-1.3941,-0.16378,8.4198,-1.9892,0
0.79538,-0.7016,-0.20882,-1.5928,-2.9529,0
-1.1041,-0.34251,-0.20625,-7.7369,-3.0536,0
-2.6237,-0.4451,-0.20239,4.0962,-2.809,0
-1.484,-0.36816,-0.19595,6.5994,-3.4994,0
0.13056,-0.47075,-0.18694,-5.4613,-2.5501,0
0.7004,-0.36816,-0.16506,-6.3715,-3.5857,0
1.3652,-0.4964,-0.1316,5.9167,-3.2549,0
2.9798,-0.36816,-0.095561,4.0962,-3.672,0
2.9798,-0.034715,-0.10457,-7.2818,-4.1467,0
0.13056,0.32437,-0.17922,-3.1857,-3.7296,0
-1.389,1.0939,-0.23457,7.9647,-4.7652,0
-1.0091,1.1195,-0.26674,0.68281,-3.9741,0
-0.15436,1.299,-0.26546,-7.9645,-4.607,0
1.0803,1.4016,-0.26031,0.91037,-3.9597,0
1.3652,1.1195,-0.25516,7.7372,-3.5426,0
1.0803,0.81171,-0.23328,-2.9581,-3.9166,0
1.4602,0.88866,-0.19982,-7.9645,-2.7947,0
1.9351,0.93996,-0.1818,3.6411,-3.4131,0
1.8401,0.32437,-0.15219,6.1442,-2.1906,0
1.1753,-0.3938,-0.12903,-6.8267,-2.3344,0
0.89035,-0.11166,-0.089126,-6.3715,-2.0036,0
0.79538,0.093531,-0.049226,6.1442,-1.4858,0
0.79538,-0.034715,-0.0028907,3.4135,-2.2481,0
0.79538,-0.18861,0.056315,-7.7369,-1.4858,0
0.7004,-0.47075,0.084631,-2.0479,-2.507,0
0.89035,-0.5477,0.094928,8.1923,-2.0755,0
0.79538,-0.80419,0.11938,0.00013542,-2.3919,0
0.79538,-0.4964,0.15413,-7.9645,-2.7227,0
0.7004,-0.29121,0.14641,2.5033,-2.1043,0
0.60543,-0.6503,0.11295,7.282,-2.7659,0
0.98533,-0.90679,0.083344,-3.8684,-1.457,0
0.98533,-0.29121,0.062751,-6.144,-1.8166,0
0.41548,-0.11166,0.053741,5.4616,-1.3563,0
0.035589,-0.18861,-0.0054649,5.234,-1.2413,0
0.41548,-0.16296,-0.02992,-6.5991,-2.0036,0
0.7004,0.042233,0.0048318,-3.6408,-1.3851,0
0.7004,0.40132,0.037009,7.5096,-2.507,0
0.32051,0.55522,0.04988,2.0482,-1.9317,0
-1.0091,0.88866,0.038296,-8.192,-2.4207,0
-1.0091,0.99126,0.007406,0.45525,-2.6077,0
0.89035,0.55522,-0.013187,7.7372,-2.3056,0
1.7451,0.55522,-0.017049,-1.3652,-3.2405,0
-0.34431,0.78606,-0.023484,-8.192,-2.3344,0
-2.1488,1.1708,-0.040216,2.9584,-3.0823,0
-3.9533,1.4016,-0.069819,6.8269,-2.4926,0
-4.998,1.4273,-0.102,-4.7786,-2.4926,0
-5.093,1.376,-0.11101,-5.6889,-2.996,0
-3.9533,1.2221,-0.11358,6.3718,-2.1618,0
-0.7242,1.5555,-0.11358,3.6411,-2.9385,0
1.6501,2.2737,-0.12774,-7.9645,-2.0755,0
1.2702,2.838,-0.15219,-2.7306,-2.4207,0
-0.059385,2.325,-0.15992,7.5096,-2.2193,0
0.79538,1.9916,-0.1316,-1.1377,-1.7591,0
3.5496,2.2737,-0.10586,-8.192,-2.3775,0
3.8345,2.3763,-0.083977,1.1379,-1.27,0
3.2647,2.0172,-0.0518,6.1442,-2.0899,0
2.315,1.889,-0.010613,-3.4133,-1.644,0
0.13056,2.1198,0.017703,-7.5093,-1.946,0
-0.059385,1.7094,0.053741,5.4616,-2.7084,0
-0.059385,1.5042,0.092354,4.3238,-2.0611,0
-0.53425,1.4016,0.1477,-7.0542,-2.9673,0
-0.53425,1.1452,0.19275,-4.0959,-1.831,0
-1.579,0.27308,0.18889,7.0545,-2.0036,0
-1.1991,-0.26556,0.14641,2.0482,-1.4858,0
0.32051,-0.36816,0.10909,-7.9645,-1.1837,0
-1.6739,-0.47075,0.10909,0.45525,-1.8885,0
-4.4282,-0.31686,0.10136,7.7372,-1.2988,0
-3.5734,0.016583,0.1078,-0.68254,-2.5358,0
-0.43928,0.35002,0.1477,-7.5093,-2.0755,0
2.4099,0.093531,0.17215,3.4135,-2.1906,0
4.9742,-0.11166,0.20047,6.1442,-2.2625,0
4.3094,-0.18861,0.27383,-4.0959,-1.2988,0
1.7451,-0.4451,0.34205,-6.3715,-1.946,0
0.22554,-0.36816,0.36393,6.5994,-0.79537,0
-0.43928,-0.034715,0.3266,4.5513,-1.1693,0
-0.24933,0.14483,0.26096,-6.8267,-0.7666,0
1.0803,0.22178,0.16572,-3.8684,-0.36386,0
1.7451,0.24743,0.088493,7.0545,-0.8529,0
2.125,0.65782,0.060177,2.7309,0.42722,0
2.315,0.52957,0.017703,-8.192,0.096406,0
2.22,0.27308,0.030574,-1.3652,1.5491,0
2.5999,0.19613,0.056315,7.9647,1.7073,0
3.5496,0.016583,0.094928,0.2277,1.8943,0
2.315,0.11918,0.14255,-7.5093,2.5704,0
0.79538,0.42697,0.15413,0.45525,1.6786,0
-0.7242,1.0682,0.13225,7.0545,2.556,0
-3.9533,1.1452,0.13097,-3.1857,1.506,0
-4.7131,1.0169,0.11938,-7.5093,1.693,0
-2.6237,0.96561,0.079483,3.8687,1.5779,0
-1.1991,1.0169,0.039583,5.6891,1.1464,0
-0.62923,0.73476,0.039583,-5.6889,2.2683,0
0.13056,0.37567,0.083344,-6.3715,2.1101,0
2.22,-0.034715,0.15928,6.1442,3.6779,0
3.0747,-0.21426,0.20948,3.6411,3.606,0
1.0803,-0.41945,0.24552,-8.4196,3.8649,0
-1.579,-0.75289,0.29185,-3.1857,4.095,0
-2.3388,-0.95809,0.32403,6.8269,3.0738,0
-0.24933,-1.035,0.3266,0.68281,3.6635,0
2.5999,-1.2402,0.31245,-7.7369,2.7573,0
3.9295,-1.1633,0.29057,0.45525,3.3039,0
2.5049,-0.57335,0.27255,7.7372,3.3471,0
1.6501,-0.75289,0.29443,-2.7306,3.3183,0
0.60543,-1.2146,0.3369,-7.5093,4.2964,0
-1.7689,-1.3941,0.32146,4.5513,3.8217,0
-2.6237,-1.2146,0.2867,5.9167,4.9868,0
-2.3388,-1.0607,0.26611,-6.8267,4.4546,0
-2.2438,-1.4711,0.26997,-5.2337,4.7998,0
-1.294,-1.7789,0.27512,6.5994,5.0299,0
0.13056,-1.3685,0.25581,2.9584,4.4833,0
0.7004,-0.5477,0.20562,-7.5093,5.332,0
0.79538,-0.0090658,0.11938,-1.5928,4.3107,0
1.4602,0.19613,0.00097052,8.4198,4.8573,0
1.1753,0.22178,-0.080116,-0.68254,4.1813,0
-0.62923,0.24743,-0.045365,-7.7369,3.8361,0
-1.294,0.45262,0.025425,3.186,4.1669,0
-1.0091,0.99126,0.060177,7.5096,3.3758,0
-0.62923,1.1708,0.025425,-3.8684,4.282,0
-0.15436,0.63217,-0.023484,-7.2818,3.4621,0
1.5552,0.52957,-0.035068,5.6891,4.0231,0
2.5999,0.55522,-0.0080391,4.0962,4.0087,0
1.6501,0.11918,0.025425,-7.2818,3.3327,0
0.41548,0.11918,0.021564,-2.9581,3.7498,0
1.0803,0.63217,0.025425,7.5096,2.3258,0
1.4602,0.73476,0.04087,1.3655,2.7717,0
0.22554,0.65782,0.053741,-7.9645,1.8368,0
-2.0538,0.42697,0.052454,-0.45498,1.6786,0
-3.2885,0.22178,0.062751,7.282,1.7649,0
-2.3388,0.22178,0.070473,-2.0479,0.85873,0
0.41548,0.68346,0.074335,-7.9645,1.621,0
1.8401,0.63217,0.12067,3.186,0.54229,0
0.98533,0.32437,0.16057,6.5994,0.87311,0
-1.1991,-0.034715,0.20819,-5.4613,0.42722,0
-0.62923,0.29873,0.21978,-6.3715,-0.20565,0
0.41548,0.52957,0.16958,5.234,0.24024,0
-0.059385,0.37567,0.083344,4.5513,-0.78098,0
-0.7242,-0.0090658,0.053741,-6.3715,-0.018661,0
-0.7242,0.27308,0.088493,-4.3235,-0.63715,0
-0.53425,0.11918,0.092354,7.5096,-0.49331,0
-0.24933,-0.41945,0.10651,1.8206,-0.32071,0
-0.059385,-0.29121,0.15156,-8.192,-1.0111,0
-0.91415,-0.26556,0.16958,-0.45498,-0.23441,0
-1.7689,-0.21426,0.16443,7.282,-1.1262,0
-1.0091,-0.6503,0.14384,-1.5928,-0.45016,0
-0.15436,-0.4964,0.11423,-7.2818,-0.88167,0
-0.43928,-0.26556,0.12453,3.6411,-1.0974,0
-0.059385,-0.18861,0.19146,5.6891,-0.70906,0
0.32051,-0.0090658,0.22621,-5.6889,-1.644,0
-0.15436,0.19613,0.22364,-5.6889,-0.86728,0
-1.0091,-0.29121,0.1979,6.1442,-1.9029,0
-0.34431,-0.23991,0.16958,3.8687,-1.5577,0
1.0803,-0.26556,0.13611,-7.5093,-1.7015,0
1.8401,-0.47075,0.08077,-1.8203,-2.2337,0
1.4602,-0.5477,0.021564,8.1923,-1.5721,0
-0.43928,-0.599,-0.023484,0.68281,-2.6796,0
-1.6739,-0.57335,-0.037642,-8.192,-1.9604,0
-1.0091,-0.31686,-0.056948,1.1379,-2.5358,0
-0.15436,0.22178,-0.12645,7.0545,-2.4926,0
-0.059385,0.73476,-0.17793,-2.0479,-2.2625,0
0.035589,0.88866,-0.20368,-7.2818,-3.1255,0
-0.059385,0.11918,-0.22556,4.5513,-2.3775,0
0.41548,-0.21426,-0.17665,6.1442,-3.5282,0
0.79538,0.016583,-0.1316,-5.4613,-3.0104,0
0.51046,0.37567,-0.10457,-6.5991,-3.0679,0
0.13056,0.37567,-0.056948,5.9167,-2.881,0
1.5552,-0.034715,0.0086931,4.5513,-1.7303,0
3.6446,-0.13731,0.065325,-5.9164,-2.5501,0
4.1195,-0.26556,0.11166,-4.0959,-2.3632,0
1.2702,-0.72725,0.13998,7.0545,-3.8446,0
-2.5287,-1.4198,0.12839,2.5033,-4.3481,0
-3.4784,-1.0607,0.11938,-7.5093,-4.0748,0
-2.8136,-0.7016,0.15156,-0.9101,-4.2186,0
-0.81917,-1.112,0.21463,6.8269,-2.5501,0
0.89035,-0.85549,0.21334,-1.1377,-2.996,0
0.98533,-0.67595,0.15671,-7.9645,-2.3344,0
-1.8639,-0.67595,0.1374,1.8206,-3.1111,0
-1.1991,-0.90679,0.16829,6.3718,-3.8878,0
2.03,-0.98374,0.21334,-4.5511,-3.6577,0
4.3094,-1.3172,0.23265,-6.8267,-4.3768,0
4.4044,-1.4454,0.21334,5.0064,-3.0392,0
4.6893,-1.4198,0.21205,4.5513,-3.2693,0
3.5496,-1.112,0.19275,-7.0542,-2.5789,0
2.5999,-0.5477,0.17988,-5.2337,-2.4926,0
1.8401,-0.29121,0.14512,7.7372,-3.2118,0
0.60543,-0.6503,0.12968,2.2757,-2.6508,0
-0.15436,-0.6503,0.10008,-8.192,-3.6577,0
-1.0091,-0.34251,0.044732,-0.9101,-2.7227,0
-2.2438,-0.0090658,0.043444,7.0545,-2.5214,0
-3.4784,0.14483,0.069186,-0.9101,-1.8597,0
-3.0985,0.45262,0.052454,-7.2818,-0.56523,0
-2.0538,0.52957,0.013841,3.8687,-0.69468,0
-0.62923,0.58087,-0.006752,6.1442,0.68613,0
0.51046,0.60652,-0.010613,-5.6889,0.31216,0
0.7004,0.78606,0.012554,-5.0062,1.2471,0
0.41548,0.93996,0.04087,7.282,1.5635,0
-0.43928,0.70911,0.061464,3.4135,1.4772,0
-0.7242,0.17048,0.082057,-7.5093,2.3115,0
-0.24933,0.067882,0.079483,-2.2755,1.5491,0
0.89035,0.17048,0.035722,7.282,2.5128,0
1.4602,0.22178,-0.0080391,0.91037,2.0238,0
0.51046,0.68346,-0.059523,-8.192,2.2971,0
0.60543,0.70911,-0.071106,0.45525,2.4697,0
1.7451,0.37567,-0.040216,7.0545,1.5779,0
1.3652,0.52957,-0.017049,-1.8203,2.1676,0
-0.53425,0.52957,-0.033781,-7.5093,1.0313,0
-1.7689,0.35002,-0.069819,3.6411,1.6642,0
-1.484,-0.0090658,-0.058236,7.0545,1.621,0
-0.34431,-0.16296,0.0035447,-5.4613,1.7217,0
0.22554,-0.18861,0.064038,-6.8267,2.6854,0
-0.62923,-0.16296,0.079483,5.6891,1.9806,0
-1.6739,0.29873,0.085918,3.8687,2.9012,0
-2.6237,0.067882,0.078196,-7.2818,2.1964,0
-1.8639,-0.086014,0.04988,-4.0959,2.3978,0
-1.1991,0.24743,0.047306,7.5096,2.556,0
-0.53425,0.32437,0.061464,1.3655,2.1532,0
-1.484,0.50392,0.035722,-8.192,3.1457,0
-2.5287,0.14483,-0.0054649,0.45525,2.4697,0
-2.2438,0.37567,-0.073681,6.8269,3.2464,0
-0.7242,1.0169,-0.102,-2.2755,2.8868,0
1.5552,0.93996,-0.12516,-7.9645,2.7286,0
1.4602,0.91431,-0.15477,3.186,2.9731,0
0.41548,0.96561,-0.17021,6.1442,1.9662,0
0.7004,0.76041,-0.18437,-5.0062,2.6423,0
0.79538,0.60652,-0.20625,-6.5991,1.621,0
0.89035,1.0426,-0.22813,6.1442,1.8368,0
0.32051,1.299,-0.22041,4.5513,1.7361,0
-0.7242,1.4273,-0.20754,-7.7369,1.2183,0
-1.8639,0.96561,-0.19982,-3.4133,1.9231,0
-2.0538,0.91431,-0.20882,7.282,1.0313,0
-1.7689,1.4529,-0.23843,0.2277,1.7793,0
-0.059385,1.4529,-0.20754,-7.7369,1.0457,0
1.1753,0.73476,-0.15863,2.2757,1.1895,0
1.0803,0.27308,-0.10457,7.0545,1.2183,0
-0.91415,0.35002,-0.080116,-3.8684,0.55667,0
-5.4729,0.32437,-0.072394,-6.8267,1.3478,0
-7.2774,0.19613,-0.059523,5.234,0.32654,0
-3.2885,0.19613,-0.040216,4.7789,1.0313,0
1.9351,0.19613,-0.035068,-5.9164,0.55667,0
2.5999,0.016583,-0.031207,-3.8684,0.38407,0
1.6501,-0.16296,-0.031207,7.282,0.70051,0
0.98533,-0.18861,-0.031207,2.0482,-0.20565,0
0.79538,0.016583,-0.040216,-8.4196,0.57106,0
0.79538,-0.086014,-0.059523,0.2277,-0.34948,0
0.98533,-0.16296,-0.069819,6.8269,0.053256,0
0.79538,-0.23991,-0.069819,-1.8203,0.038872,0
0.51046,-0.23991,-0.069819,-6.5991,-0.36386,0
-0.24933,-0.4451,-0.035068,3.6411,0.54229,0
-1.0091,-0.57335,-0.006752,6.3718,-0.34948,0
-1.7689,-0.5477,-0.028633,-5.0062,0.45599,0
-2.1488,-0.36816,-0.045365,-6.144,-0.13373,0
-3.0036,-0.52205,-0.047939,5.9167,-0.11935,0
-3.2885,-0.52205,-0.018336,3.6411,-0.018661,0
-0.62923,-0.62465,-0.0080391,-7.7369,-0.78098,0
1.6501,-0.599,-0.031207,-4.0959,-0.033045,0
1.6501,-0.62465,-0.083977,7.7372,-0.92482,0
1.3652,-0.62465,-0.092987,0.2277,-0.1625,0
0.98533,-0.6503,-0.058236,-7.9645,-0.3351,0
0.51046,-0.62465,-0.0041778,0.00013542,-0.46455,0
-0.34431,-1.112,0.04988,6.5994,0.12517,0
-0.62923,-1.3428,0.078196,-2.9581,-0.72345,0
-0.24933,-0.93244,0.10265,-7.9645,-0.047428,0
0.60543,-0.6503,0.10265,3.6411,-1.0399,0
1.1753,-0.57335,0.094928,5.0064,-0.72345,0
0.89035,-0.34251,0.092354,-6.144,-0.73783,0
-0.059385,-0.29121,0.1078,-5.6889,-1.2125,0
-0.43928,-0.21426,0.11166,7.0545,-0.47893,0
-1.1041,-0.47075,0.087205,3.4135,-1.27,0
-2.3388,-0.57335,0.026712,-7.7369,-0.37825,0
-2.6237,-0.36816,-0.00031657,-2.2755,-0.57961,0
-1.389,-0.0090658,-0.00031657,7.7372,-0.4214,0
0.60543,0.17048,-0.026058,0.2277,0.15394,0
0.51046,0.40132,-0.10457,-8.192,-0.46455,0
-1.8639,0.58087,-0.20368,1.3655,0.41284,0
-3.2885,0.81171,-0.26932,7.282,-0.46455,0
-3.2885,0.78606,-0.27061,-4.0959,0.26901,0
-1.484,0.60652,-0.27447,-6.3715,0.010105,0
-0.059385,0.83736,-0.28862,5.234,-0.033045,0
-0.91415,0.96561,-0.30021,4.5513,0.59983,0
-1.7689,0.58087,-0.3015,-7.5093,-0.32071,0
-1.6739,-0.21426,-0.31308,-3.1857,0.58544,0
-0.34431,-0.060364,-0.31437,8.4198,-0.27756,0
0.32051,0.11918,-0.28348,0.68281,0.35531,0
0.41548,0.42697,-0.22041,-8.192,0.48476,0
-0.43928,0.52957,-0.1612,0.91037,0.28339,0
-0.15436,0.042233,-0.11744,7.9647,1.1032,0
-0.059385,-0.599,-0.083977,-1.3652,0.19709,0
-0.24933,-0.72725,-0.074968,-7.5093,1.0169,0
-0.059385,-0.34251,-0.069819,3.8687,0.35531,0
-0.53425,-0.18861,-0.022197,6.3718,0.64298,0
-1.294,-0.4964,0.022851,-5.0062,1.0026,0
-0.059385,-0.82984,0.022851,-6.3715,0.52791,0
1.7451,-0.93244,0.051167,6.3718,1.4916,0
1.6501,-1.0094,0.12582,4.0962,0.57106,0
0.51046,-1.2915,0.21463,-7.5093,1.0745,0
-0.34431,-1.4454,0.25067,-4.0959,0.62859,0
-0.53425,-1.9071,0.2571,7.7372,0.19709,0
0.32051,-2.1636,0.26096,0.68281,0.59983,0
1.3652,-1.7276,0.24809,-8.4196,-0.22003,0
0.51046,-1.2659,0.24166,-0.22742,0.74366,0
0.13056,-0.98374,0.26354,6.1442,0.13956,0
1.4602,-0.75289,0.28928,-3.4133,0.54229,0
2.125,-0.6503,0.27126,-7.5093,0.36969,0
0.22554,-1.0863,0.19017,4.0962,-0.2488,0
-1.9589,-0.599,0.10522,6.8269,0.54229,0
-3.9533,-0.29121,0.075622,-5.6889,-0.19126,0
-4.8081,-0.21426,0.083344,-5.9164,0.82996,0
-5.2829,-0.13731,0.10136,6.1442,0.48476,0
-4.1432,0.27308,0.12453,3.6411,0.57106,0
-0.059385,0.29873,0.16958,-7.7369,0.85873,0
3.1697,0.24743,0.18889,-3.6408,0.024489,0
4.9742,0.19613,0.18502,7.282,0.85873,0
4.9742,0.22178,0.15671,1.5931,-0.061812,0
3.1697,0.042233,0.10265,-7.9645,0.57106,0
1.9351,-0.16296,0.042157,0.91037,0.34092,0
1.2702,-0.23991,-0.006752,7.282,-0.018661,0
0.13056,-0.4964,-0.010613,-1.8203,0.54229,0
-0.24933,-1.035,0.022851,-7.5093,-0.36386,0
0.89035,-1.1633,0.056315,3.8687,0.61421,0
1.4602,-1.0863,0.078196,7.282,-0.076195,0
1.2702,-0.75289,0.067899,-6.3715,0.38407,0
0.51046,-0.85549,0.0048318,-5.4613,0.64298,0
-0.91415,-1.0094,-0.046652,6.3718,0.25462,0
-1.579,-0.72725,-0.076255,4.0962,1.2471,0
-1.1991,-0.34251,-0.078829,-7.2818,0.39846,0
-0.059385,-0.26556,-0.06081,-3.1857,1.1895,0
-0.34431,-0.3938,-0.054374,7.7372,0.90188,0
0.035589,-0.5477,-0.086552,1.5931,0.95941,0
0.51046,-0.31686,-0.096848,-7.7369,1.5347,0
0.22554,0.016583,-0.11744,-0.22742,0.74366,0
0.13056,0.17048,-0.11615,7.7372,1.693,0
-0.059385,-0.0090658,-0.080116,-0.9101,0.84434,0
0.32051,0.093531,-0.058236,-8.192,1.3046,0
2.315,0.40132,-0.063384,3.4135,1.1895,0
3.0747,0.52957,-0.094274,6.1442,0.45599,0
1.6501,0.32437,-0.1213,-5.0062,0.90188,0
-0.62923,0.27308,-0.12774,-6.3715,-0.27756,0
-1.389,0.22178,-0.096848,4.5513,0.39846,0
-1.0091,0.37567,-0.045365,3.6411,-0.090578,0
-1.389,0.32437,-0.0080391,-6.8267,0.038872,0
-1.294,-0.0090658,0.01899,-3.8684,0.41284,0
-0.91415,-0.3938,0.027999,6.8269,-0.26318,0
-1.0091,-0.29121,0.017703,2.0482,0.45599,0
-1.8639,0.016583,-0.0080391,-8.8747,-0.49331,0
-1.1041,-0.060364,-0.047939,-1.3652,0.053256,0
0.32051,0.32437,-0.064671,7.5096,-0.36386,0
0.60543,0.58087,-0.06081,-1.1377,-0.73783,0
0.89035,0.60652,-0.065958,-7.7369,-0.26318,0
0.13056,0.58087,-0.068532,3.186,-1.3707,0
-0.059385,0.37567,-0.059523,6.8269,-0.62276,0
1.0803,0.47827,-0.055661,-3.6408,-1.5145,0
2.03,0.58087,-0.074968,-6.3715,-1.3276,0
1.9351,0.40132,-0.087839,5.6891,-1.2413,0
0.7004,0.45262,-0.067245,4.7789,-1.7734,0
0.22554,0.55522,-0.067245,-6.5991,-0.92482,0
1.0803,0.81171,-0.058236,-4.0959,-1.8741,0
1.1753,0.99126,-0.019623,7.7372,-1.2844,0
-0.53425,0.73476,-0.0080391,2.5033,-1.9029,0
-2.3388,0.19613,0.0061189,-7.2818,-1.9317,0
-2.9086,0.093531,0.034435,-1.3652,-1.4714,0
-1.484,0.37567,0.057602,7.7372,-2.1043,0
-0.43928,0.29873,0.084631,0.00013542,-1.0399,0
-0.24933,0.22178,0.079483,-8.8747,-1.8022,0
0.035589,-0.034715,0.061464,0.91037,-1.3132,0
-0.15436,0.27308,0.020277,7.5096,-1.4714,0
-1.1991,0.24743,0.0086931,-3.1857,-2.018,0
-0.91415,0.042233,0.055028,-7.2818,-1.4282,0
-0.15436,0.52957,0.060177,5.234,-2.3919,0
0.035589,0.73476,0.044732,5.6891,-1.5577,0
-0.62923,0.63217,0.033148,-5.9164,-2.0036,0
-1.0091,0.37567,-0.006752,-5.6889,-1.644,0
-2.8136,0.17048,-0.023484,6.3718,-1.2556,0
-4.1432,0.40132,-0.02091,3.4135,-1.6008,0
-2.2438,0.55522,-0.026058,-8.192,-0.69468,0
1.6501,0.63217,-0.028633,-2.7306,-1.5145,0
2.315,0.60652,-0.045365,7.0545,-0.73783,0
1.7451,0.35002,-0.06081,1.1379,-1.2125,0
2.5999,0.22178,-0.081403,-9.1023,-1.2988,0
2.5049,0.47827,-0.063384,0.00013542,-0.82413,0
1.3652,0.78606,-0.044078,6.8269,-1.4282,0
0.60543,0.99126,-0.031207,-2.9581,-0.26318,0
0.79538,0.55522,-0.044078,-7.9645,-0.8529,0
0.32051,0.52957,-0.049226,3.6411,-0.29195,0
-0.53425,0.83736,-0.053087,5.6891,-0.30633,0
-0.15436,0.73476,-0.06081,-6.144,-0.82413,0
0.41548,0.65782,-0.058236,-5.0062,-0.26318,0
0.32051,0.19613,-0.019623,7.0545,-1.3132,0
-0.7242,0.60652,0.025425,2.9584,-0.55085,0
-1.8639,0.88866,0.046019,-7.7369,-1.0255,0
-2.0538,0.86301,0.038296,-2.503,-0.82413,0
-1.6739,0.63217,0.031861,8.6474,-0.30633,0
-1.484,0.32437,0.027999,0.91037,-0.99673,0
-1.484,0.70911,0.01899,-7.5093,-0.19126,0
-1.1991,0.68346,0.033148,0.68281,-1.0543,0
-1.294,0.63217,0.011267,7.282,-0.47893,0
-0.24933,0.63217,-0.0041778,-2.503,-0.63715,0
1.1753,0.60652,-0.022197,-7.2818,-0.91043,0
1.5552,0.63217,-0.028633,4.5513,-0.29195,0
0.60543,0.35002,-0.019623,5.6891,-1.2556,0
1.2702,-0.26556,0.039583,-6.3715,-0.55085,0
2.5049,-0.52205,0.10651,-5.0062,-1.4282,0
2.125,-0.3938,0.12196,7.0545,-1.3132,0
0.51046,-0.4964,0.094928,3.4135,-1.2125,0
-0.24933,-0.29121,0.08978,-8.6471,-1.7734,0
-0.53425,-0.0090658,0.053741,-2.0479,-0.91043,0
-0.7242,0.14483,0.046019,6.8269,-1.8741,0
-1.294,0.45262,0.085918,-0.45498,-1.1693,0
-1.294,0.32437,0.12196,-8.6471,-1.5721,0
-0.91415,0.11918,0.11938,2.7309,-1.7591,0
0.7004,-0.31686,0.12968,7.282,-1.3707,0
2.8848,-0.29121,0.15671,-5.0062,-2.2481,0
2.6949,-0.0090658,0.18374,-7.0542,-1.457,0
1.1753,0.42697,0.2069,4.3238,-2.4207,0
-0.34431,0.32437,0.21463,4.0962,-1.7159,0
0.51046,-0.26556,0.2172,-7.7369,-1.7734,0
1.9351,-0.5477,0.25324,-4.5511,-2.018,0
1.3652,-0.13731,0.28542,7.282,-1.27,0
0.41548,-0.11166,0.30858,1.5931,-2.2337,0
0.98533,0.17048,0.31759,-7.5093,-1.5289,0
2.22,0.37567,0.30601,-1.1377,-2.4063,0
2.315,0.067882,0.26997,6.8269,-2.2193,0
1.4602,-0.36816,0.24552,-2.2755,-2.0323,0
-0.059385,-0.36816,0.25324,-8.192,-2.5214,0
-1.8639,-0.29121,0.2468,2.9584,-1.5145,0
-2.8136,0.067882,0.22621,6.5994,-2.2049,0
-2.3388,-0.086014,0.1876,-4.7786,-1.2988,0
-1.7689,-0.16296,0.1979,-7.0542,-1.5577,0
-0.91415,0.27308,0.23651,5.9167,-1.457,0
-0.62923,0.55522,0.25581,3.4135,-0.83852,0
-0.53425,0.63217,0.2571,-7.2818,-1.4426,0
-0.62923,0.60652,0.2571,-3.6408,-0.5077,0
-1.579,0.65782,0.25968,7.5096,-1.3851,0
-2.6237,0.60652,0.2468,2.0482,-0.92482,0
-1.8639,0.37567,0.24037,-7.7369,-1.1406,0
-1.294,0.47827,0.21077,-0.45498,-1.457,0
-1.0091,0.29873,0.16572,7.7372,-0.63715,0
1.0803,0.47827,0.12067,-0.68254,-1.3563,0
2.7898,0.58087,0.13483,-7.2818,-0.17688,0
1.9351,0.60652,0.16314,3.186,-0.57961,0
1.7451,0.37567,0.19918,6.8269,-0.23441,0
1.3652,0.47827,0.21334,-4.3235,0.024489,0
0.13056,0.093531,0.20433,-6.144,-0.6803,0
-1.1041,-0.18861,0.19918,6.5994,0.15394,0
0.13056,0.093531,0.18502,3.8687,-0.72345,0
1.2702,0.37567,0.17988,-7.5093,0.053256,0
1.0803,0.35002,0.20047,-3.4133,-0.32071,0
0.98533,0.47827,0.18889,6.8269,-0.2488,0
0.22554,0.32437,0.16958,1.5931,0.13956,0
-0.7242,0.22178,0.17087,-8.6471,-0.6803,0
-0.91415,0.14483,0.21077,-0.68254,0.053256,0
-1.1041,0.19613,0.24423,7.9647,-0.99673,0
-2.7186,-0.23991,0.23522,-1.3652,-0.57961,0
-3.6684,-0.52205,0.19918,-7.9645,-0.79537,0
-2.5287,-0.88114,0.20433,2.5033,-1.1981,0
-1.6739,-1.0094,0.20433,7.282,-0.49331,0
-1.8639,-0.75289,0.21077,-5.2337,-1.2413,0
-2.0538,-0.599,0.21978,-6.8267,-0.4214,0
-1.1991,-1.0607,0.24166,4.3238,-1.0687,0
0.13056,-1.1376,0.25581,4.3238,-1.0399,0
-0.15436,-1.3428,0.25968,-6.3715,-0.79537,0
-0.91415,-1.3428,0.24809,-4.5511,-1.4139,0
-0.43928,-1.1889,0.27641,6.5994,-0.52208,0
1.1753,-0.599,0.33819,2.2757,-1.5002,0
2.03,-0.034715,0.34848,-7.9645,-0.91043,0
2.315,0.17048,0.3073,-1.3652,-0.96797,0
2.7898,-0.034715,0.27255,8.1923,-1.2125,0
2.5999,-0.18861,0.24938,-0.22742,-0.36386,0
0.035589,-0.21426,0.20304,-8.192,-1.27,0
-1.7689,-0.62465,0.17344,2.0482,-0.45016,0
0.79538,-0.4964,0.17087,7.0545,-1.083,0
4.4044,-0.23991,0.18502,-3.6408,-0.75222,0
5.3541,-0.4451,0.2069,-6.5991,-0.47893,0
3.4546,-0.5477,0.20433,5.234,-1.0255,0
1.6501,-0.599,0.17601,5.0064,-0.076195,0
0.51046,-0.62465,0.16057,-6.3715,-0.92482,0
-0.81917,-0.62465,0.16958,-3.6408,-0.047428,0
-1.8639,-0.36816,0.18374,7.5096,-0.1625,0
-1.579,-0.4451,0.18116,2.2757,-0.076195,0
-0.7242,-0.599,0.15671,-7.7369,0.64298,0
-0.7242,-0.36816,0.13097,-1.3652,-0.11935,0
-0.34431,-0.4964,0.10651,7.7372,0.72928,0
0.035589,-0.57335,0.082057,-0.22742,-0.10496,0
0.51046,-0.599,0.04087,-8.4196,0.36969,0
1.7451,-0.34251,0.027999,2.7309,0.61421,0
1.7451,-0.034715,0.016416,6.3718,0.39846,0
-0.34431,0.14483,-0.0028907,-4.0959,1.4197,0
-2.7186,0.22178,-0.04279,-5.9164,0.72928,0
-2.5287,0.17048,-0.1213,5.9167,1.693,0
-0.81917,0.19613,-0.13932,3.186,1.1176,0
1.4602,0.24743,-0.11487,-7.5093,1.2183,0
3.4546,0.11918,-0.099422,-3.1857,1.6498,0
2.22,0.19613,-0.092987,7.9647,1.0601,0
-0.059385,-0.23991,-0.077542,1.3655,2.1388,0
-0.34431,-0.23991,-0.083977,-8.192,1.4197,0
1.4602,0.016583,-0.10071,-0.45498,1.9231,0
1.5552,0.17048,-0.099422,7.282,1.6354,0
0.035589,-0.0090658,-0.092987,-1.3652,1.0601,0
-1.1991,0.016583,-0.094274,-8.4196,1.506,0
-0.53425,-0.060364,-0.078829,2.2757,0.52791,0
-1.0091,0.29873,-0.037642,5.6891,1.4053,0
-2.4337,0.60652,0.0035447,-4.7786,0.91626,0
-1.8639,0.81171,0.038296,-6.3715,1.2183,0
-2.1488,0.78606,0.046019,5.9167,1.4484,0
-2.5287,0.86301,0.048593,3.8687,0.77243,0
-2.5287,1.2734,0.0035447,-7.7369,1.4916,0
-1.8639,0.88866,-0.068532,-3.4133,0.45599,0
-1.0091,0.42697,-0.13031,7.0545,1.0601,0
-0.15436,0.68346,-0.14704,1.8206,0.70051,0
0.035589,0.93996,-0.12002,-7.9645,0.48476,0
0.22554,1.2221,-0.11101,0.91037,1.0313,0
0.035589,1.1708,-0.15992,7.5096,0.12517,0
0.22554,1.2477,-0.24615,-1.1377,0.91626,0
0.60543,1.6068,-0.28862,-7.5093,-0.018661,0
0.79538,1.299,-0.33239,3.4135,0.38407,0
-0.059385,0.88866,-0.40318,6.1442,0.25462,0
-2.1488,0.86301,-0.42377,-5.4613,-0.37825,0
-2.4337,1.5042,-0.40189,-5.4613,0.25462,0
-0.24933,1.5555,-0.4109,6.3718,-0.78098,0
1.1753,0.96561,-0.4109,2.9584,-0.047428,0
1.1753,0.35002,-0.41605,-6.8267,-0.66591,0
3.0747,0.22178,-0.38516,-2.0479,-0.70906,0
4.3094,0.22178,-0.3311,8.6474,-0.52208,0
2.5049,-0.26556,-0.30536,1.1379,-1.2556,0
0.7004,-0.5477,-0.26288,-7.9645,-0.37825,0
0.89035,-0.62465,-0.19853,1.8206,-1.3419,0
1.9351,-0.62465,-0.2011,7.7372,-0.78098,0
0.60543,-0.85549,-0.23071,-3.6408,-0.96797,0
-1.1041,-0.47075,-0.19209,-7.5093,-1.3132,0
-1.0091,-0.0090658,-0.14318,4.5513,-0.63715,0
-1.1991,-0.086014,-0.16764,5.4616,-1.4714,0
-1.6739,-0.3938,-0.21269,-6.8267,-0.6803,0
-1.6739,-0.5477,-0.21783,-4.5511,-1.1981,0
-1.1991,-0.3938,-0.17021,7.282,-0.80975,0
-2.2438,-0.4964,-0.10457,1.8206,-0.56523,0
-2.3388,-0.31686,-0.055661,-7.9645,-0.89605,0
-0.62923,-0.26556,-0.037642,-0.68254,0.16832,0
0.89035,-0.16296,-0.032494,6.8269,-0.37825,0
1.9351,-0.18861,-0.068532,-1.8203,0.57106,0
1.8401,-0.47075,-0.098135,-8.4196,0.36969,0
1.4602,-0.85549,-0.062097,2.7309,0.47037,0
1.6501,-1.7019,-0.017049,6.3718,1.132,0
0.41548,-2.1123,-0.006752,-5.2337,0.39846,0
-0.7242,-1.7532,0.025425,-5.6889,1.3909,0
-1.9589,-1.4198,0.069186,5.234,0.70051,0
-2.1488,-1.4198,0.11037,4.0962,1.3621,0
-1.7689,-1.4967,0.11938,-7.2818,1.4628,0
-1.0091,-1.1376,0.08978,-3.4133,1.2615,0
-0.7242,-1.0094,0.065325,7.282,2.0238,0
0.13056,-0.77854,0.053741,1.3655,1.1895,0
1.3652,-0.18861,0.052454,-7.9645,2.1388,0
0.98533,0.14483,-0.0119,0.00013542,1.3046,0
0.41548,0.22178,-0.11101,7.282,1.693,0
-0.53425,0.40132,-0.18694,-1.1377,1.7505,0
0.41548,1.0682,-0.27189,-7.9645,1.3334,0
1.8401,1.4273,-0.3208,3.186,2.2108,0
2.315,1.2221,-0.36456,6.3718,1.3765,0
1.7451,1.5042,-0.39159,-4.0959,2.1245,0
1.2702,1.4786,-0.42634,-6.3715,1.5204,0
0.98533,1.4273,-0.46496,5.234,1.506,0
-0.62923,1.6581,-0.47911,4.0962,1.808,0
-3.8583,1.6068,-0.50743,-6.5991,1.0745,0
-4.5231,1.889,-0.53446,-2.7306,1.9231,0
-2.4337,1.9146,-0.5203,8.1923,0.98818,0
-0.91415,1.6068,-0.49971,1.8206,1.5347,0
0.32051,1.2221,-0.46624,-8.192,1.3334,0
1.3652,0.78606,-0.43535,1.3655,1.0889,0
1.1753,0.42697,-0.40318,6.8269,1.6354,0
0.60543,-0.034715,-0.37486,-3.1857,0.81558,0
-1.1991,-0.18861,-0.31565,-7.5093,1.6642,0
-3.2885,-0.41945,-0.23843,3.8687,0.91626,0
-2.8136,-0.77854,-0.15477,5.9167,1.1176,0
-1.579,-1.6763,-0.0518,-5.4613,1.2758,0
-1.579,-1.6763,0.0048318,-5.6889,0.74366,0
-0.43928,-1.035,-0.013187,6.3718,1.7361,0
0.13056,-0.62465,-0.059523,4.0962,0.88749,0
-0.34431,-0.36816,-0.096848,-7.5093,1.6498,0
-0.62923,-0.95809,-0.098135,-4.3235,1.1752,0
-1.1991,-1.3428,-0.045365,7.282,1.0457,0
-1.8639,-0.7016,0.0048318,0.91037,1.4772,0
-1.1991,-0.57335,0.038296,-8.8747,0.71489,0
0.13056,-0.75289,0.025425,0.2277,1.7217,0
0.7004,-0.72725,-0.023484,6.3718,0.98818,0
1.0803,-0.41945,-0.054374,-4.7786,1.4916,0
0.89035,-0.4964,-0.056948,-8.192,1.3909,0
0.13056,-0.75289,-0.027345,3.6411,0.94503,0
0.13056,-0.5477,0.021564,4.7789,1.6067,0
2.03,-0.29121,0.034435,-6.8267,0.64298,0
3.9295,0.042233,0.060177,-5.6889,1.6067,0
3.1697,0.17048,0.091067,6.1442,1.1464,0
0.79538,0.47827,0.08077,3.4135,1.4484,0
-0.34431,0.78606,0.039583,-6.8267,1.8224,0
-1.0091,0.47827,-0.0054649,-2.503,1.1176,0
-1.9589,0.50392,-0.0518,7.9647,1.8656,0
-2.2438,0.29873,-0.0917,1.5931,0.85873,0
-2.1488,-0.0090658,-0.12903,-8.192,1.3765,0
-2.0538,-0.36816,-0.12388,0.45525,0.95941,0
-1.1041,-0.5477,-0.096848,7.7372,0.68613,0
-0.15436,-0.36816,-0.076255,-2.0479,1.3046,0
-0.15436,-0.47075,-0.050513,-6.144,0.42722,0
0.60543,-0.5477,-0.023484,4.5513,1.319,0
0.22554,-0.85549,-0.024771,5.9167,0.44161,0
-0.15436,-1.0094,-0.032494,-5.0062,0.48476,0
-0.7242,-0.75289,-0.064671,-5.6889,0.35531,0
-0.7242,-0.3938,-0.11229,6.8269,-0.4214,0
-0.059385,-0.21426,-0.14061,3.6411,0.31216,0
1.5552,-0.18861,-0.17536,-7.5093,-0.52208,0
2.22,0.27308,-0.19467,-2.2755,0.24024,0
1.7451,0.50392,-0.19724,7.0545,-0.047428,0
2.03,0.60652,-0.23457,0.91037,-0.20565,0
1.6501,0.63217,-0.27575,-8.192,0.010105,0
1.6501,0.63217,-0.27189,1.1379,-0.9392,0
1.9351,0.81171,-0.28348,6.8269,-0.047428,0
1.4602,0.55522,-0.28219,-2.503,-0.75222,0
-0.059385,0.22178,-0.25516,-7.9645,0.024489,0
-0.15436,0.68346,-0.24358,3.186,0.067639,0
0.13056,1.1708,-0.23843,5.9167,-0.20565,0
-1.0091,1.4273,-0.25902,-5.6889,0.44161,0
-1.579,1.6838,-0.20239,-6.3715,-0.53646,0
0.035589,1.5299,-0.1213,5.234,0.13956,0
1.1753,1.7094,-0.083977,3.4135,-0.46455,0
0.22554,1.5812,-0.1316,-7.5093,-0.10496,0
-1.1991,1.4273,-0.19982,-3.4133,0.38407,0
-1.6739,1.4529,-0.21912,6.8269,0.024489,0
-3.5734,1.7094,-0.22942,0.68281,1.0026,0
-3.9533,1.5299,-0.23843,-8.8747,0.053256,0
-2.2438,1.812,-0.26546,-0.22742,0.71489,0
-1.579,2.2737,-0.29892,7.282,0.22586,0
-1.6739,2.1455,-0.30278,-1.8203,0.010105,0
-0.81917,1.376,-0.26417,-7.2818,0.68613,0
1.4602,1.0939,-0.20625,3.8687,0.16832,0
1.6501,1.0682,-0.11101,7.0545,1.3765,0
1.5552,1.0169,-0.02091,-4.7786,0.88749,0
2.4099,1.2477,0.070473,-5.4613,1.3909,0
4.5943,0.63217,0.19146,7.282,1.5204,0
6.3038,-0.26556,0.32532,3.4135,1.0313,0
5.2591,-1.035,0.45917,-6.8267,1.8656,0
1.8401,-1.8045,0.53897,-2.2755,1.0026,0
-0.34431,-2.1893,0.61234,7.7372,1.7505,0
0.22554,-2.0097,0.67798,-0.22742,1.3621,0
-0.24933,-2.1123,0.73075,-7.5093,1.3334,0
-0.91415,-2.6766,0.80154,2.0482,1.9087,0
-0.43928,-3.4974,0.86461,7.5096,1.2039,0
0.41548,-3.8565,0.88777,-3.4133,2.2539,0
0.41548,-3.8821,0.82342,-6.8267,1.6354,0
0.13056,-3.8565,0.66897,5.6891,2.182,0
1.3652,-3.6513,0.55699,4.3238,2.1245,0
1.1753,-3.01,0.48878,-7.2818,1.7361,0
-0.059385,-2.4457,0.39482,-3.6408,2.3978,0
-1.1041,-2.0097,0.25968,7.5096,1.4197,0
-0.91415,-1.5737,0.15671,1.1379,2.369,0
0.41548,-0.95809,0.085918,-7.5093,1.7217,0
0.7004,-0.93244,0.04988,0.00013542,1.9519,0
1.5552,-1.1889,0.08077,6.3718,2.1532,0
1.4602,-1.1376,0.12968,-1.8203,1.506,0
1.1753,-0.82984,0.12839,-8.6471,2.4553,0
1.8401,-0.3938,0.08077,1.5931,1.6354,0
2.22,0.52957,0.021564,5.9167,2.3546,0
1.4602,1.4273,-0.065958,-5.6889,2.0957,0
0.79538,2.0429,-0.15992,-6.8267,2.0382,0
-0.059385,2.2224,-0.25387,5.9167,2.4697,0
-1.8639,2.0429,-0.30278,3.186,1.7217,0
-2.3388,1.3503,-0.29506,-7.7369,2.5416,0
-1.579,1.4016,-0.28476,-2.9581,1.6642,0
-1.7689,1.6838,-0.3015,7.282,2.1245,0
-0.62923,2.0172,-0.31437,-0.22742,2.2683,0
1.8401,2.402,-0.30664,-8.4196,1.9087,0
2.8848,2.1711,-0.25516,0.91037,2.7717,0
2.5999,1.9146,-0.20368,7.7372,1.9231,0
2.9798,2.1711,-0.241,-2.503,2.7286,0
2.125,2.7611,-0.31694,-7.5093,2.0957,0
-0.15436,2.4789,-0.32852,5.0064,2.0382,0
-2.1488,1.8377,-0.26546,4.7789,2.3402,0
-2.9086,1.2734,-0.21783,-6.5991,1.6067,0
-0.91415,1.0939,-0.2114,-4.5511,2.3978,0
0.89035,1.4529,-0.25516,7.0545,1.5779,0
1.4602,1.3247,-0.35813,2.0482,2.0525,0
2.5999,0.86301,-0.4701,-6.5991,1.808,0
3.0747,1.3503,-0.54862,-0.9101,1.4772,0
2.03,1.7094,-0.58079,8.6474,2.1388,0
1.2702,0.88866,-0.55376,0.45525,1.2471,0
1.2702,0.35002,-0.49713,-8.4196,2.2108,0
2.22,0.17048,-0.44822,2.7309,1.5635,0
2.03,0.37567,-0.3311,6.8269,1.9087,0
0.13056,0.29873,-0.15219,-5.0062,2.1245,0
0.41548,-0.23991,-0.017049,-6.3715,1.5923,0
0.89035,-0.75289,0.10136,5.9167,2.3978,0
-0.81917,-0.95809,0.16829,4.7789,1.5779,0
-0.7242,-0.52205,0.20433,-6.3715,2.2827,0
-0.059385,-0.77854,0.21591,-4.7786,2.1532,0
-0.34431,-1.2146,0.23265,7.9647,2.0094,0
-0.24933,-2.3688,0.297,2.9584,2.5991,0
0.41548,-2.6766,0.40254,-7.9645,1.8943,0
0.32051,-2.7022,0.53769,-1.5928,2.858,0
-0.91415,-3.1383,0.66511,7.9647,2.2827,0
-1.389,-2.8818,0.71788,0.00013542,2.6998,0
-1.389,-2.6766,0.67669,-9.3298,2.8436,0
-2.4337,-2.9331,0.63293,1.5931,2.4553,0
-3.0036,-3.2665,0.7359,6.1442,3.3183,0
-1.7689,-3.7026,0.88005,-4.3235,2.5416,0
-0.62923,-3.6,0.93025,-7.5093,3.3327,0
0.89035,-3.01,0.8955,4.5513,2.9156,0
1.8401,-2.2662,0.84401,4.0962,2.8005,0
2.125,-1.3941,0.77065,-7.2818,3.419,0
2.315,-0.599,0.64451,-4.7786,2.7142,0
1.4602,-0.26556,0.52996,6.1442,3.7066,0
0.035589,-0.3938,0.42957,1.5931,2.9443,0
-0.43928,-0.086014,0.3073,-8.192,3.4909,0
-0.81917,0.14483,0.19275,-1.8203,3.3614,0
-1.1991,-0.060364,0.11037,7.282,2.8868,0
-2.9086,-0.13731,0.043444,-0.22742,3.6203,0
-4.5231,-0.18861,-0.0080391,-8.4196,2.6998,0
-4.0483,-0.23991,-0.064671,1.3655,3.6203,0
-3.8583,-0.41945,-0.12002,6.8269,3.0306,0
-3.8583,-0.88114,-0.13546,-2.0479,3.0882,0
-2.1488,-1.9584,-0.095561,-6.8267,3.3614,0
-0.53425,-2.497,0.0061189,4.7789,2.556,0
0.79538,-1.9071,0.15156,6.1442,3.4046,0
3.3597,-1.2915,0.28027,-6.144,2.4265,0
4.5943,-1.7276,0.39096,-5.0062,2.9587,0
2.6949,-2.138,0.46818,6.8269,2.6854,0
1.7451,-1.7532,0.44888,3.6411,2.369,0
1.7451,-0.80419,0.39482,-7.0542,2.9443,0
0.79538,-0.80419,0.31888,-0.9101,2.1101,0
-0.43928,-0.47075,0.26611,8.1923,3.045,0
-2.1488,-0.034715,0.22106,-0.22742,2.4553,0
-1.389,-0.0090658,0.16829,-8.4196,2.8149,0
0.51046,-0.060364,0.091067,2.5033,2.9875,0
1.2702,0.27308,0.052454,7.0545,2.4984,0
2.5049,0.27308,0.067899,-4.5511,3.3902,0
3.8345,0.22178,0.085918,-7.2818,2.5991,0
3.1697,-0.034715,0.030574,4.5513,3.3327,0
1.9351,0.35002,-0.037642,4.5513,3.1025,0
0.89035,1.0682,-0.10071,-6.144,2.9875,0
-0.7242,1.8633,-0.2011,-5.2337,3.6203,0
-1.7689,1.9659,-0.35555,7.282,2.8868,0
-1.579,2.1198,-0.48297,2.0482,3.8792,0
-1.579,2.4533,-0.55891,-9.1023,3.3902,0
-0.91415,2.6585,-0.59881,-1.8203,3.9224,0
-0.059385,2.7354,-0.60911,7.7372,4.1238,0
-0.24933,2.4789,-0.62455,-0.68254,3.7642,0
-0.91415,2.2994,-0.63871,-8.192,4.6991,0
-1.8639,2.5046,-0.62455,2.2757,3.8649,0
-1.1041,2.3763,-0.54476,6.5994,4.7279,0
-0.53425,1.5555,-0.47783,-5.0062,4.1957,0
-0.91415,1.1708,-0.47654,-6.3715,4.3539,0
-0.81917,1.7607,-0.4701,5.4616,4.6991,0
0.7004,2.6585,-0.45466,4.3238,4.0518,0
0.98533,3.2997,-0.46882,-6.5991,4.9148,0
-0.81917,3.2484,-0.45595,-3.1857,3.9368,0
-0.24933,2.838,-0.38773,7.5096,4.4977,0
0.51046,1.9659,-0.28862,1.3655,4.1669,0
0.51046,0.78606,-0.13031,-8.8747,3.7498,0
-0.81917,-0.18861,-0.033781,0.68281,4.2244,0
-1.0091,0.24743,-0.022197,6.8269,3.0738,0
0.79538,1.2221,-0.096848,-2.0479,3.8505,0
1.9351,2.2481,-0.15219,-7.7369,2.9731,0
0.79538,2.6072,-0.17021,3.8687,2.9731,0
-0.62923,2.402,-0.15734,6.3718,3.1025,0
-1.294,2.2737,-0.2114,-4.3235,2.2827,0
-1.484,2.5046,-0.30793,-5.2337,3.0162,0
0.13056,2.8893,-0.43407,5.6891,1.9806,0
0.32051,3.0432,-0.5499,4.0962,2.4409,0
-1.294,3.0688,-0.61297,-6.5991,2.1101,0
-2.3388,2.3763,-0.64257,-3.1857,1.8224,0
-1.579,1.4529,-0.64,6.3718,2.3978,0
0.51046,1.5555,-0.64386,1.1379,1.4053,0
2.03,1.5555,-0.60139,-8.192,2.2683,0
-0.15436,1.2221,-0.57693,0.91037,1.506,0
-3.2885,0.58087,-0.5306,7.9647,1.808,0
-3.9533,-0.7016,-0.40446,-2.9581,1.9806,0
-2.1488,-1.548,-0.23457,-7.2818,1.4341,0
-1.484,-2.2919,-0.10714,2.9584,2.3258,0
-2.0538,-2.8818,0.044732,6.5994,1.4197,0
-1.579,-3.5487,0.1979,-5.0062,2.1964,0
-0.81917,-4.1386,0.31888,-6.8267,1.808,0
-0.24933,-4.3438,0.39482,5.4616,1.693,0
0.60543,-4.3438,0.43215,2.7309,2.0813,0
0.13056,-5.2672,0.51323,-8.192,1.2327,0
0.60543,-5.6263,0.57759,-3.8684,2.1532,0
2.22,-5.0363,0.57115,7.282,1.1608,0
2.5049,-4.3438,0.56472,0.91037,1.4484,0
1.4602,-3.9334,0.5763,-8.6471,1.2327,0
0.60543,-2.9331,0.54412,0.2277,0.57106,0
-1.389,-1.8558,0.49264,7.5096,1.1176,0
-1.8639,-1.7789,0.46947,-2.2755,0.053256,0
-0.34431,-2.061,0.42828,-8.6471,0.61421,0
2.22,-1.7276,0.34848,3.6411,-0.22003,0
2.4099,-1.2659,0.27512,6.1442,-0.36386,0
1.4602,-1.0094,0.22106,-5.6889,-0.22003,0
2.03,-1.2915,0.20176,-5.4613,-1.1406,0
1.7451,-0.88114,0.18631,6.3718,-0.30633,0
0.60543,-0.4451,0.12968,4.0962,-1.2844,0
0.7004,-0.034715,0.092354,-7.9645,-0.83852,0
-1.294,-0.13731,0.052454,-2.9581,-1.0687,0
-3.8583,-0.36816,0.04988,7.5096,-1.5289,0
-3.0985,-0.086014,0.074335,1.1379,-0.8529,0
0.51046,-0.086014,0.10136,-7.2818,-1.7303,0
3.9295,-0.36816,0.12453,0.68281,-0.82413,0
3.7396,-0.26556,0.13483,7.0545,-1.3995,0
0.79538,0.016583,0.10909,-1.8203,-1.0974,0
-0.53425,-0.26556,0.07176,-7.5093,-0.73783,0
-0.24933,-0.34251,0.067899,3.6411,-1.2269,0
-0.43928,0.042233,0.084631,6.1442,-0.11935,0
-0.81917,0.22178,0.10265,-5.0062,-0.69468,0
-0.24933,-0.0090658,0.12196,-5.4613,0.038872,0
0.51046,0.067882,0.13354,7.282,0.19709,0
0.7004,0.42697,0.12324,3.6411,-0.033045,0
0.7004,0.52957,0.083344,-7.2818,0.91626,0
-0.15436,0.11918,0.07176,-2.7306,0.18271,0
-2.1488,-0.13731,0.1078,7.7372,1.319,0
-1.9589,0.042233,0.15027,0.45525,0.82996,0
-0.059385,0.17048,0.14899,-8.6471,1.2471,0
1.0803,0.17048,0.11681,1.5931,1.7073,0
0.51046,0.45262,0.14512,7.0545,1.2758,0
-1.294,0.81171,0.15413,-4.0959,2.369,0
-2.6237,0.99126,0.093641,-6.5991,1.5923,0
-3.5734,1.4786,0.017703,5.4616,2.4409,0
-3.6684,1.812,-0.023484,4.3238,2.3258,0
-3.8583,1.8377,-0.041503,-7.2818,2.2395,0
-3.8583,2.0685,-0.047939,-5.0062,2.9299,0
-3.7634,1.9659,-0.015762,6.3718,2.2108,0
-3.9533,1.4016,-0.019623,2.2757,3.2464,0
-3.7634,0.78606,-0.017049,-7.7369,2.6423,0
-3.6684,0.63217,-0.027345,-1.5928,3.0162,0
-3.6684,0.58087,-0.12516,7.5096,3.3183,0
-2.9086,0.88866,-0.22684,-0.9101,2.9156,0
-1.1041,1.2734,-0.25902,-8.4196,3.8361,0
-0.62923,1.0939,-0.23843,2.7309,3.0162,0
-0.24933,0.35002,-0.21269,7.282,3.7786,0
0.51046,-0.034715,-0.18823,-3.8684,3.3614,0
-0.43928,0.24743,-0.16635,-5.6889,3.1888,0
-2.6237,0.11918,-0.11873,6.1442,3.4621,0
-1.8639,0.29873,-0.049226,4.3238,2.4841,0
-0.53425,0.067882,0.038296,-6.144,3.2032,0
-0.059385,-0.41945,0.08978,-3.4133,2.1964,0
-1.1041,-0.34251,0.025425,6.8269,2.6567,0
-1.294,-0.21426,-0.041503,2.2757,2.2971,0
-1.0091,-0.41945,-0.078829,-7.5093,1.7936,0
-0.62923,-0.11166,-0.11744,-0.68254,2.3115,0
-0.81917,0.11918,-0.16893,8.875,1.2327,0
0.89035,0.47827,-0.19853,-0.9101,1.9662,0
2.315,1.1195,-0.19467,-8.4196,1.0169,0
2.4099,1.6325,-0.21397,1.8206,1.0313,0
1.3652,1.7864,-0.26803,7.7372,1.0601,0
-0.059385,1.1452,-0.2912,-3.4133,0.25462,0
0.13056,1.1965,-0.24872,-6.144,1.0313,0
0.98533,1.299,-0.17793,5.234,0.010105,0
1.3652,0.96561,-0.17922,5.4616,0.54229,0
1.1753,0.73476,-0.20368,-6.8267,0.26901,0
-0.34431,0.78606,-0.18823,-4.3235,0.053256,0
-1.1041,0.73476,-0.10843,7.0545,0.55667,0
0.035589,-0.11166,-0.068532,2.2757,-0.26318,0
1.2702,-0.98374,-0.102,-7.9645,0.68613,0
0.51046,-1.1376,-0.099422,-1.5928,-0.11935,0
-0.43928,-1.112,-0.069819,7.282,0.38407,0
-1.1041,-1.7789,-0.040216,-1.1377,0.34092,0
-2.5287,-2.5996,0.012554,-7.9645,-0.13373,0
-2.9086,-3.2409,0.10136,2.2757,0.59983,0
-1.484,-2.9587,0.15671,6.5994,-0.11935,0
1.7451,-2.4457,0.16057,-5.0062,0.70051,0
4.3094,-2.061,0.18245,-7.0542,0.15394,0
4.6893,-1.6506,0.24423,5.4616,0.38407,0
2.6949,-1.7019,0.32274,3.6411,0.54229,0
0.035589,-1.8045,0.33304,-7.2818,-0.19126,0
-0.24933,-2.0354,0.30344,-2.503,0.58544,0
-0.53425,-1.7019,0.35492,7.7372,-0.40701,0
-2.0538,-1.2146,0.42571,0.68281,0.22586,0
-3.1935,-1.0607,0.43472,-7.9645,0.053256,0
-2.7186,-1.2915,0.43987,0.68281,-0.20565,0
-1.0091,-0.90679,0.48234,7.0545,0.44161,0
0.60543,-0.7016,0.5364,-2.9581,-0.34948,0
0.13056,-1.035,0.59689,-7.2818,0.65736,0
0.13056,-1.3685,0.62135,4.3238,-0.004278,0
0.60543,-0.90679,0.59432,5.4616,0.28339,0
1.2702,-0.16296,0.55184,-5.9164,0.45599,0
2.125,0.11918,0.49393,-5.2337,-0.047428,0
1.3652,0.50392,0.3768,7.5096,0.85873,0
-1.0091,1.0426,0.23265,3.4135,-0.11935,0
-2.4337,1.6325,0.098789,-7.7369,0.82996,0
-2.6237,2.0429,-0.076255,-2.503,0.42722,0
-3.0985,2.7354,-0.28348,7.9647,0.38407,0
-4.0483,3.0175,-0.43664,0.91037,0.93064,0
-4.3332,3.2484,-0.53317,-7.7369,0.15394,0
-2.3388,3.4792,-0.57178,0.00013542,1.2615,0
-1.1991,3.0432,-0.57822,6.8269,0.49914,0
-0.62923,2.9663,-0.58723,-2.9581,1.0026,0
-0.059385,3.2484,-0.64,-8.4196,0.85873,0
0.98533,3.4792,-0.7198,4.0962,0.29777,0
3.1697,3.9922,-0.76099,5.0064,1.0889,0
3.8345,3.2484,-0.73653,-5.6889,0.26901,0
2.22,2.3507,-0.6001,-4.5511,1.1895,0
0.60543,2.1455,-0.46882,6.5994,0.82996,0
0.98533,1.7094,-0.38129,3.4135,0.90188,0
1.9351,1.2477,-0.3504,-7.7369,1.4628,0
1.2702,0.27308,-0.34011,-2.7306,0.72928,0
0.41548,-0.11166,-0.3414,7.9647,1.693,0
-0.34431,0.042233,-0.28348,0.45525,0.87311,0
-0.53425,0.70911,-0.2011,-9.1023,1.5635,0
-0.53425,1.4529,-0.18952,1.1379,1.4772,0
-1.1991,1.7864,-0.22556,6.3718,1.319,0
-1.579,1.8633,-0.17536,-3.6408,1.995,0
-0.53425,1.3503,-0.038929,-7.9645,1.2183,0
0.51046,0.35002,0.092354,4.7789,2.0525,0
0.32051,0.14483,0.18116,5.234,1.2902,0
0.51046,0.63217,0.20819,-6.5991,1.6786,0
1.5552,0.45262,0.2069,-5.2337,1.8224,0
1.5552,0.27308,0.17344,6.5994,1.4772,0
-0.62923,-0.034715,0.13483,2.9584,2.3978,0
-1.8639,0.042233,0.046019,-7.9645,1.4916,0
-2.5287,0.40132,-0.018336,-2.7306,2.4984,0
-2.4337,0.78606,-0.0080391,8.1923,1.8224,0
-0.53425,0.52957,0.091067,0.00013542,2.1388,0
0.79538,0.016583,0.24809,-7.9645,2.3978,0
0.79538,-0.67595,0.35492,1.3655,1.7936,0
-0.91415,-0.90679,0.39225,6.3718,2.6423,0
-2.5287,-0.98374,0.36136,-3.8684,1.7936,0
-1.7689,-0.98374,0.27512,-7.2818,2.5416,0
-0.059385,-0.82984,0.15156,5.0064,2.1532,0
2.125,-0.85549,0.079483,5.6891,1.9231,0
2.7898,-0.98374,0.056315,-5.6889,2.2827,0
2.22,-1.2146,0.11423,-5.4613,1.3478,0
1.6501,-1.3685,0.20433,6.3718,2.2395,0
1.9351,-1.1633,0.30472,2.9584,1.2183,0
1.1753,-1.0863,0.39482,-8.192,1.8224,0
-0.62923,-1.0094,0.45789,-1.8203,1.7217,0
-0.7242,-0.95809,0.45403,8.1923,1.4341,0
0.32051,-0.75289,0.39997,-0.22742,2.2108,0
0.79538,-0.3938,0.33304,-8.192,1.2327,0
-0.15436,-0.23991,0.27126,1.8206,2.0669,0
-1.0091,-0.6503,0.25067,7.282,1.0889,0
-0.15436,-1.1889,0.29314,-2.2755,1.3621,0
1.0803,-1.5737,0.29185,-7.2818,1.3334,0
-0.34431,-2.0867,0.21334,4.7789,0.75804,0
-3.5734,-1.7789,0.18245,5.6891,1.4484,0
-5.2829,-1.9584,0.20176,-5.2337,0.52791,0
-2.4337,-2.3688,0.24809,-6.3715,1.2902,0
0.89035,-2.3688,0.26225,5.9167,0.91626,0
1.5552,-1.7789,0.19918,3.4135,0.91626,0
1.2702,-1.2402,0.12968,-7.9645,1.2902,0
1.2702,-0.75289,0.052454,-3.4133,0.57106,0
2.22,-0.62465,-0.014475,7.0545,1.4484,0
3.2647,-0.85549,-0.006752,0.45525,0.67174,0
3.3597,-1.0094,0.017703,-8.4196,1.3334,0
1.5552,-0.98374,0.064038,-0.22742,1.0745,0
-0.53425,-0.77854,0.11166,6.5994,0.67174,0
-1.389,-0.90679,0.16572,-2.9581,1.132,0
-0.81917,-1.4711,0.22364,-7.7369,0.15394,0
-0.7242,-1.8045,0.26354,4.5513,0.94503,0
-0.62923,-2.1123,0.28928,5.9167,0.28339,0
0.32051,-2.6766,0.28413,-5.4613,0.64298,0
1.7451,-2.574,0.24037,-5.2337,0.84434,0
1.6501,-2.3431,0.13869,6.5994,0.24024,0
1.1753,-2.2919,0.0035447,4.3238,0.88749,0
1.2702,-1.9584,-0.11229,-8.192,-0.061812,0
2.315,-1.0863,-0.17793,-2.0479,0.58544,0
3.0747,-0.4451,-0.21912,7.282,0.22586,0
1.6501,0.22178,-0.2809,0.2277,0.082022,0
-0.059385,1.0426,-0.34526,-7.5093,0.51352,0
-0.43928,1.5299,-0.3504,1.3655,-0.47893,0
-0.24933,1.8377,-0.31951,7.0545,0.21147,0
0.51046,1.6325,-0.23585,-3.4133,-0.78098,0
1.2702,0.96561,-0.15477,-7.2818,-0.34948,0
1.5552,0.42697,-0.10972,5.0064,-0.29195,0
0.41548,0.24743,-0.08269,5.9167,-0.5077,0
-0.34431,-0.034715,-0.062097,-6.3715,0.51352,0
-0.62923,-0.21426,-0.059523,-5.0062,-0.34948,0
-0.34431,-0.4451,-0.074968,7.282,0.26901,0
0.51046,-0.034715,-0.077542,3.186,-0.53646,0
-0.15436,0.58087,-0.071106,-7.5093,-0.594,0
-1.1041,0.68346,-0.059523,-1.8203,-0.45016,0
-1.0091,0.68346,-0.0041778,7.5096,-0.82413,0
-0.81917,0.65782,0.066612,-0.45498,0.34092,0
-0.7242,0.65782,0.078196,-8.192,-0.19126,0
-0.24933,0.83736,0.04087,2.0482,0.52791,0
-0.43928,0.96561,0.020277,6.3718,0.19709,0
-1.6739,0.73476,0.05889,-4.0959,-0.594,0
-1.484,0.17048,0.10522,-7.0542,-0.46455,0
-0.91415,0.55522,0.092354,4.0962,-1.6584,0
0.035589,1.1195,0.030574,4.3238,-0.86728,0
0.89035,1.1708,-0.036355,-6.5991,-1.3276,0
1.1753,1.5812,-0.092987,-4.0959,-0.89605,0
-0.7242,2.0429,-0.10972,7.7372,-0.69468,0
-1.6739,1.6838,-0.13804,1.1379,-1.5145,0
-2.6237,1.0682,-0.16249,-8.6471,-1.1981,0
-3.0985,0.47827,-0.18437,-0.9101,-2.5501,0
-3.0985,0.50392,-0.19595,7.7372,-2.1186,0
-3.2885,0.60652,-0.20625,-2.503,-2.6652,0
-3.0985,0.32437,-0.15477,-7.9645,-2.5789,0
-2.5287,0.45262,-0.087839,3.6411,-1.7878,0
-2.1488,0.65782,-0.096848,5.9167,-2.3488,0
-1.1991,0.86301,-0.10843,-4.3235,-1.2125,0
0.89035,1.2477,-0.090413,-5.6889,-2.1474,0
2.125,0.68346,-0.0917,6.1442,-1.7447,0
1.1753,0.042233,-0.14061,3.186,-1.946,0
0.035589,-0.16296,-0.20368,-7.9645,-2.3919,0
-0.53425,-0.18861,-0.26546,-3.1857,-1.7303,0
-0.53425,0.63217,-0.32724,8.1923,-2.5214,0
-0.15436,1.3503,-0.36714,0.68281,-1.3563,0
0.51046,1.4529,-0.38258,-8.192,-1.7591,0
0.79538,1.889,-0.44436,0.68281,-1.7303,0
-0.7242,2.1711,-0.53575,7.5096,-2.2625,0
-2.7186,2.2224,-0.61297,-2.503,-3.9022,0
-2.7186,2.5815,-0.65802,-8.4196,-3.5426,0
-0.62923,3.0945,-0.69534,3.4135,-4.7077,0
0.41548,2.9406,-0.65673,6.3718,-3.9022,0
0.035589,1.9659,-0.55763,-4.5511,-3.8159,0
-2.0538,1.7864,-0.47911,-5.6889,-3.1111,0
-1.389,2.1198,-0.42634,5.234,-2.018,0
0.60543,1.9659,-0.40832,4.0962,-2.6652,0
-0.15436,0.86301,-0.37872,-6.8267,-1.6728,0
-3.0985,0.32437,-0.35298,-3.8684,-2.3919,0
-5.6628,0.45262,-0.33496,7.0545,-1.5002,0
-4.6181,0.32437,-0.32338,1.3655,-0.95358,0
-1.6739,-0.034715,-0.29249,-7.9645,-1.4426,0
0.13056,-0.3938,-0.20882,-0.68254,-1.3563,0
1.4602,-1.5224,-0.08269,7.0545,-3.2693,0
1.0803,-2.2149,0.044732,-2.0479,-3.37,0
0.89035,-2.9844,0.14899,-7.9645,-4.0172,0
1.2702,-2.9074,0.25195,4.0962,-2.7227,0
1.5552,-2.5227,0.3472,5.4616,0.13956,0
0.035589,-2.5227,0.40383,-6.3715,2.5847,0
-0.91415,-2.6509,0.38452,-5.6889,6.2525,0
0.51046,-2.3944,0.35621,6.5994,7.5326,0
3.3597,-2.4714,0.35363,2.7309,9.2874,0
5.0692,-3.1126,0.37165,-7.9645,8.7696,0
4.9742,-2.6766,0.38066,-2.7306,7.0004,0
4.2144,-2.5996,0.43343,6.8269,5.4902,0
3.3597,-3.1126,0.53897,-0.45498,2.9875,0
1.6501,-3.4461,0.59174,-8.192,3.2608,0
-0.15436,-3.2152,0.52224,0.2277,2.9587,0
-1.0091,-2.8305,0.38452,7.5096,4.2676,0
-1.294,-2.2406,0.25067,-2.2755,5.0874,0
-0.24933,-1.4198,0.19146,-7.5093,4.1238,0
0.51046,-1.035,0.12839,4.5513,3.4909,0
0.79538,-0.599,0.052454,6.5994,0.31216,0
0.32051,-0.034715,0.0099801,-4.7786,-1.27,0
-1.294,0.40132,0.0022576,-5.2337,-2.7947,0
-2.6237,0.29873,0.0061189,6.8269,-2.9097,0
-2.4337,0.99126,-0.024771,3.6411,-1.7303,0
-1.7689,1.6068,-0.046652,-7.5093,-2.1762,0
-1.389,2.2737,-0.10071,-1.8203,-1.3563,0
-0.91415,1.8633,-0.16249,8.1923,-3.0248,0
-0.62923,1.2734,-0.19982,-0.22742,-3.9022,0
-0.7242,0.73476,-0.16249,-7.5093,-4.8803,0
0.32051,-0.086014,-0.046652,2.0482,-5.9159,0
1.1753,-0.75289,0.061464,7.0545,-4.7652,0
0.60543,-0.98374,0.12968,-3.8684,-4.3768,0
-1.389,-1.5224,0.17473,-7.2818,-1.5433,0
-0.34431,-1.7789,0.20562,4.0962,0.11079,0
2.4099,-2.1123,0.22879,4.7789,1.6354,0
3.7396,-2.2149,0.2468,-6.5991,2.4697,0
2.125,-2.2406,0.25581,-5.0062,1.5635,0
1.2702,-2.7022,0.23522,6.5994,1.8943,0
0.79538,-3.4717,0.19403,2.7309,0.52791,0
0.79538,-3.5743,0.12067,-7.7369,0.80119,0
1.1753,-3.2665,0.0086931,-1.3652,0.038872,0
2.03,-2.4201,-0.12002,7.0545,-0.79537,0
1.3652,-1.6763,-0.20496,-1.8203,-1.1262,0
0.035589,-0.98374,-0.21912,-8.192,-2.6364,0
-1.1991,-0.13731,-0.1818,2.2757,-2.2337,0
-2.1488,0.11918,-0.15992,6.8269,-3.1399,0
-2.3388,-0.26556,-0.13031,-3.8684,-2.7659,0
-2.1488,-0.060364,-0.058236,-6.5991,-1.8597,0
-2.8136,0.83736,-0.006752,5.4616,-0.86728,0
-3.8583,0.11918,0.065325,3.8687,1.4197,0
-4.0483,-0.4451,0.16443,-7.2818,1.3621,0
-1.1991,-0.5477,0.23265,-2.9581,2.4553,0
1.3652,-0.82984,0.2674,7.5096,2.1964,0
2.6949,-0.72725,0.3369,1.3655,2.671,0
3.6446,-0.36816,0.42957,-8.192,4.0087,0
2.8848,-0.4964,0.47462,0.68281,4.1669,0
1.3652,-1.5224,0.51194,7.282,5.6772,0
0.79538,-1.8558,0.56858,-1.1377,4.584,0
0.32051,-1.1376,0.62006,-7.2818,3.9799,0
0.13056,-0.75289,0.60075,2.7309,2.4409,0
0.41548,-0.88114,0.61491,6.5994,0.88749,0
-0.24933,-1.1889,0.64838,-4.5511,1.132,0
-1.0091,-1.3428,0.64065,-6.144,0.24024,0
-0.91415,-1.1376,0.58531,5.6891,1.5779,0
-0.62923,-1.3172,0.53383,4.0962,1.8799,0
-0.15436,-2.1123,0.48749,-7.0542,2.8149,0
1.4602,-2.5483,0.41155,-3.6408,3.6203,0
2.5999,-2.9587,0.33561,7.9647,3.1025,0
1.1753,-2.5996,0.26997,0.68281,3.534,0
-0.7242,-2.3431,0.1979,-7.7369,1.9806,0
0.51046,-2.0354,0.1078,1.1379,1.6354,0
2.315,-1.3428,0.076909,7.7372,0.59983,0
1.9351,-0.599,0.07176,-2.0479,-0.061812,0
0.79538,-0.21426,0.047306,-8.192,1.0601,0
-0.24933,-0.23991,0.012554,3.6411,1.3334,0
-0.7242,-0.41945,-0.019623,5.9167,3.2464,0
-0.62923,-0.5477,-0.04279,-6.144,3.3471,0
-0.059385,0.11918,-0.10972,-5.9164,4.282,0
0.7004,0.73476,-0.18051,6.5994,4.9005,0
-0.24933,0.99126,-0.19982,3.186,4.9436,0
-0.7242,0.78606,-0.24872,-7.9645,6.3244,0
0.13056,0.68346,-0.29377,-2.2755,5.821,0
0.41548,1.0939,-0.29249,7.7372,6.1087,0
-0.81917,1.3503,-0.29892,0.45525,4.3395,0
-0.91415,1.7094,-0.31179,-7.9645,2.6854,0
0.79538,1.5555,-0.31951,1.1379,1.6067,0
2.03,1.1965,-0.3414,6.1442,-0.19126,0
2.03,1.5555,-0.33496,-3.8684,-0.076195,0
2.03,2.1198,-0.33625,-7.2818,-1.2125,0
0.79538,2.4276,-0.37357,4.7789,-0.23441,0
-1.7689,2.1711,-0.39417,5.234,0.24024,0
-3.2885,2.1198,-0.35298,-7.0542,0.67174,0
-3.0985,2.2224,-0.25387,-4.3235,2.0813,0
-1.389,2.2481,-0.13675,6.8269,2.0238,0
-1.294,2.0172,-0.036355,2.7309,3.3327,0
-2.7186,1.4016,0.021564,-8.4196,2.5704,0
-2.5287,0.88866,0.007406,-2.2755,2.5416,0
-0.7242,0.83736,-0.027345,7.5096,2.1532,0
0.98533,1.1965,-0.081403,-0.45498,0.78681,0
1.6501,1.6325,-0.12002,-8.6471,0.77243,0
0.41548,1.7607,-0.10457,2.7309,-0.78098,0
0.13056,1.5812,-0.10972,6.3718,0.067639,0
0.13056,1.4786,-0.10071,-4.5511,0.41284,0
-0.43928,1.4529,-0.056948,-6.3715,1.3334,0
-0.62923,1.9403,-0.027345,5.4616,2.7717,0
-1.6739,2.4789,-0.014475,5.6891,2.8149,0
-3.6684,2.9663,-0.056948,-5.9164,4.0375,0
-4.3332,3.0688,-0.10714,-4.3235,3.0019,0
-2.1488,2.3763,-0.10457,7.5096,2.6998,0
1.1753,1.7351,-0.049226,3.186,1.621,0
2.5049,1.4529,-0.018336,-6.5991,-0.10496,0
3.3597,1.1965,0.013841,-2.2755,-0.43578,0
2.8848,0.73476,0.039583,7.282,-1.8454,0
0.79538,0.17048,0.062751,-0.22742,-1.155,0
-0.15436,0.11918,0.11938,-8.192,-1.4858,0
-0.059385,0.42697,0.16958,0.45525,-1.0255,0
0.22554,0.58087,0.13097,6.5994,-0.62276,0
-1.0091,0.32437,0.10394,-3.4133,-1.2988,0
-1.484,0.45262,0.1078,-8.192,-0.69468,0
-0.43928,1.0426,0.097502,3.8687,-1.946,0
0.60543,1.812,0.067899,5.234,-1.4858,0
1.3652,1.9146,0.016416,-6.8267,-2.0467,0
2.125,1.376,-0.036355,-5.6889,-2.5645,0
2.22,0.88866,-0.076255,6.8269,-2.1906,0
2.125,0.68346,-0.11229,2.2757,-3.0679,0
1.3652,0.55522,-0.18051,-8.192,-1.9892,0
-0.62923,1.0682,-0.23328,-2.503,-2.5214,0
-2.1488,2.3507,-0.32595,8.1923,-2.1043,0
-2.4337,3.6588,-0.40446,1.1379,-2.133,0
-0.91415,3.787,-0.43921,-7.9645,-2.7659,0
0.51046,3.864,-0.50614,0.91037,-1.9029,0
0.79538,4.5822,-0.58208,6.8269,-2.5501,0
1.6501,5.0695,-0.61297,-2.9581,-1.4858,0
2.4099,4.6078,-0.63743,-7.5093,-1.5577,0
0.32051,3.9153,-0.67346,4.7789,-1.0111,0
-0.7242,3.6075,-0.67604,5.9167,0.038872,0
0.035589,3.1971,-0.56664,-6.5991,-0.46455,0
0.13056,2.6328,-0.42506,-5.0062,0.38407,0
1.0803,1.8633,-0.3607,6.8269,-0.89605,0
1.6501,0.96561,-0.32981,3.186,-0.8529,0
2.03,0.37567,-0.23714,-7.5093,-1.3851,0
2.125,-0.47075,-0.1213,-3.1857,-2.3632,0
2.4099,-0.88114,-0.0518,7.7372,-2.32,0
2.6949,-0.95809,-0.019623,0.00013542,-3.8015,0
2.9798,-0.77854,-0.023484,-8.192,-3.4275,0
1.7451,-0.4451,-0.040216,1.3655,-4.2905,0
-0.53425,-0.52205,-0.037642,7.0545,-4.5926,0
-1.8639,-0.31686,-0.069819,-2.0479,-4.607,0
-2.7186,-0.72725,-0.10843,-6.8267,-5.5707,0
-2.5287,-0.90679,-0.092987,3.6411,-4.909,0
-0.7242,-0.75289,-0.089126,6.1442,-5.7433,0
0.035589,-0.18861,-0.064671,-6.3715,-5.0385,0
-0.53425,0.60652,-0.017049,-5.0062,-4.9234,0
-0.24933,0.68346,0.062751,6.5994,-4.6501,0
1.3652,-0.060364,0.12839,2.5033,-3.1974,0
1.7451,-1.2402,0.16186,-7.7369,-3.2262,0
0.60543,-2.2662,0.21077,-2.9581,-1.6584,0
0.60543,-2.8305,0.27126,7.0545,-2.0036,0
-0.34431,-2.8048,0.35106,0.00013542,-1.5433,0
-1.484,-2.2406,0.39225,-8.192,-1.5145,0
-2.0538,-1.9328,0.35363,1.1379,-2.1186,0
-1.6739,-2.0354,0.31502,7.0545,-1.5433,0
-0.15436,-2.2406,0.30215,-3.4133,-2.5214,0
2.22,-2.7279,0.36007,-6.8267,-1.9029,0
3.4546,-3.2409,0.43343,3.8687,-2.4495,0
2.315,-3.4717,0.42314,5.234,-2.1906,0
0.22554,-3.1896,0.31502,-6.5991,-1.27,0
0.51046,-2.3431,0.21978,-6.8267,-1.3276,0
1.6501,-1.3941,0.12711,5.9167,0.31216,0
1.0803,-0.80419,0.035722,2.7309,0.21147,0
0.51046,-0.599,-0.074968,-7.9645,1.0889,0
1.6501,-0.31686,-0.15992,-2.9581,1.0889,0
1.4602,0.24743,-0.22942,8.6474,0.59983,0
-2.2438,1.0426,-0.36842,1.1379,1.5779,0
-3.9533,1.5812,-0.43278,-8.4196,1.5491,0
-3.2885,2.1455,-0.44565,1.5931,3.6203,0
-1.579,3.5049,-0.48684,7.7372,4.2388,0
0.32051,4.6335,-0.58723,-2.503,4.8429,0
0.13056,4.8643,-0.69792,-7.9645,4.9868,0
0.22554,4.3,-0.76871,3.8687,3.4765,0
1.6501,3.5305,-0.82791,5.9167,3.4477,0
2.22,2.915,-0.8395,-6.144,1.9519,0
-0.24933,2.7354,-0.76613,-5.0062,2.1964,0
-2.7186,2.9663,-0.71465,6.5994,2.4697,0
-2.4337,2.5302,-0.69663,3.4135,2.671,0
-1.389,1.376,-0.68119,-7.0542,3.3327,0
-1.6739,0.042233,-0.63743,-1.1377,1.7649,0
-2.3388,-1.035,-0.50614,7.282,1.4341,0
-1.8639,-1.112,-0.37743,0.2277,-0.55085,0
-1.389,-0.599,-0.3311,-7.5093,-1.0687,0
-1.1041,0.22178,-0.36971,0.68281,-1.3132,0
-0.34431,1.2734,-0.4302,7.0545,-2.133,0
0.60543,1.9659,-0.48169,-4.3235,-1.457,0
0.7004,1.9916,-0.46624,-6.5991,-2.8666,0
-0.15436,1.6581,-0.46882,5.234,-2.7659,0
-1.7689,1.1965,-0.4109,4.7789,-3.4563,0
-1.579,0.52957,-0.26288,-6.8267,-3.672,0
-0.53425,-0.18861,-0.062097,-4.7786,-2.7371,0
0.89035,-1.2915,0.19661,6.1442,-2.6077,0
1.4602,-2.2406,0.39997,2.0482,-0.47893,0
1.5552,-2.5996,0.44373,-8.192,0.18271,0
1.5552,-2.1636,0.37937,-1.8203,1.8943,0
0.98533,-1.6763,0.41026,7.5096,2.6998,0
1.4602,-2.497,0.54798,-1.8203,3.1169,0
2.125,-3.3691,0.68699,-8.8747,4.5553,0
1.5552,-3.0613,0.72045,2.2757,4.095,0
1.1753,-2.4714,0.64451,6.3718,4.9724,0
1.2702,-2.0354,0.59432,-4.3235,4.3539,0
1.5552,-1.3941,0.54798,-6.144,4.4977,0
0.51046,-1.0607,0.49521,4.7789,4.7998,0
-0.91415,-0.75289,0.42185,4.0962,3.9799,0
-1.484,-0.88114,0.32146,-6.8267,4.2964,0
-0.91415,-0.98374,0.23522,-5.4613,2.9012,0
-0.62923,-1.1889,0.18245,7.5096,3.4621,0
-0.24933,-1.0863,0.16057,2.9584,3.4621,0
0.51046,-1.3172,0.21978,-7.7369,3.606,0
0.41548,-1.3685,0.30858,-1.8203,4.0087,0
-0.15436,-1.9071,0.43472,7.0545,2.3258,0
-0.62923,-2.1636,0.54026,-0.22742,2.2683,0
-0.7242,-2.2662,0.61491,-7.7369,0.78681,0
-0.62923,-2.2662,0.66768,2.0482,0.81558,0
-0.15436,-2.2406,0.71016,6.8269,0.51352,0
0.79538,-2.497,0.71788,-3.8684,-0.47893,0
2.03,-2.061,0.67927,-7.0542,-0.10496,0
2.8848,-1.2146,0.5866,5.0064,-1.3419,0
3.0747,-0.88114,0.49264,4.5513,-0.49331,0
1.8401,-0.23991,0.36779,-6.5991,-0.594,0
0.51046,1.299,0.25968,-3.6408,-0.076195,0
-0.34431,2.6072,0.21077,7.9647,0.71489,0
-0.24933,3.0175,0.22235,1.1379,0.36969,0
0.035589,2.5815,0.27126,-7.9645,1.7649,0
0.13056,2.5815,0.30344,0.00013542,1.5779,0
0.7004,2.8637,0.31759,7.5096,3.0162,0
0.79538,3.0945,0.3369,-1.3652,3.2895,0
0.41548,3.0688,0.39868,-8.4196,3.0738,0
0.035589,2.838,0.45917,3.6411,2.8868,0
0.7004,1.7094,0.46947,6.5994,1.0457,0
1.3652,0.37567,0.50422,-5.2337,1.0169,0
2.03,0.11918,0.55313,-7.0542,0.067639,0
1.8401,0.86301,0.53254,5.9167,0.34092,0
0.98533,1.0426,0.43215,4.3238,0.82996,0
1.8401,0.55522,0.3665,-6.5991,0.97379,0
2.7898,0.29873,0.3768,-4.0959,2.5847,0
1.6501,0.68346,0.33433,6.3718,2.0813,0
-1.484,1.1965,0.27769,2.2757,2.4265,0
-4.1432,1.1708,0.30472,-8.6471,1.0601,0
-4.0483,0.78606,0.35235,-0.9101,-0.17688,0
-0.81917,0.37567,0.31502,7.5096,-0.40701,0
2.22,0.29873,0.28156,-0.45498,-1.1262,0
1.4602,-0.034715,0.30858,-7.9645,0.29777,0
-0.059385,-0.4964,0.30601,2.2757,-0.033045,0
-1.1041,-0.34251,0.25581,6.3718,0.68613,0
-1.579,0.42697,0.23007,-5.2337,0.68613,0
-0.34431,0.45262,0.2571,-5.6889,0.26901,0
0.60543,0.27308,0.34334,6.1442,1.3046,0
0.79538,0.22178,0.39739,2.9584,0.88749,0
0.89035,0.17048,0.34977,-7.7369,2.2108,0
0.79538,0.19613,0.31116,-2.9581,2.0669,0
-0.059385,0.14483,0.30601,7.7372,2.3402,0
-1.1991,0.17048,0.29829,-0.68254,2.743,0
0.51046,0.17048,0.297,-8.192,1.808,0
3.4546,0.19613,0.28928,2.2757,2.5416,0
2.315,0.17048,0.04087,6.8269,1.4628,0
-1.294,0.70911,-0.10972,-3.8684,1.7505,0
-2.7186,0.65782,-0.13932,-6.3715,1.2327,0
-1.0091,0.14483,-0.15992,6.3718,0.41284,0
2.5049,0.11918,-0.12388,4.5513,0.67174,0
3.1697,-0.060364,-0.015762,-7.5093,-0.7666,0
0.22554,-0.41945,0.10651,-3.8684,-0.37825,0
-1.6739,-0.36816,0.14512,7.0545,-1.4426,0
0.035589,0.50392,0.069186,1.8206,-1.5289,0
1.9351,1.4529,-0.056948,-7.7369,-1.7734,0
3.2647,1.0426,-0.1419,0.00013542,-2.9241,0
2.5049,1.0169,-0.1818,7.0545,-2.3056,0
0.7004,1.2734,-0.23071,-1.3652,-3.0392,0
0.13056,2.402,-0.30021,-8.192,-1.9173,0
-0.91415,3.1971,-0.36971,2.5033,-2.0899,0
-1.294,3.5049,-0.42119,6.3718,-2.3056,0
-0.24933,3.5049,-0.47654,-5.2337,-2.2769,0
-1.0091,2.9919,-0.53703,-5.9164,-3.4275,0
-2.5287,2.6328,-0.5602,6.5994,-2.3056,0
-1.9589,1.9659,-0.48426,3.186,-2.3056,0
-0.34431,0.47827,-0.37615,-7.7369,-0.6803,0
0.41548,-0.086014,-0.28862,-2.0479,0.29777,0
0.79538,0.22178,-0.28476,7.5096,0.36969,0
1.3652,0.27308,-0.31951,-0.22742,0.84434,0
2.4099,-0.4964,-0.35941,-9.3298,-0.66591,0
1.5552,-0.67595,-0.40446,0.91037,-0.49331,0
-0.15436,-0.67595,-0.48169,7.282,-1.2556,0
0.51046,-1.3685,-0.58079,-3.8684,-0.52208,0
0.7004,-2.2406,-0.70435,-7.0542,0.48476,0
-0.059385,-1.8558,-0.78544,4.7789,0.45599,0
-2.1488,-0.26556,-0.82148,4.5513,1.5491,0
-1.7689,1.1452,-0.77386,-7.0542,0.45599,0
0.51046,1.4786,-0.65802,-4.3235,1.0026,0
0.89035,0.70911,-0.52416,6.8269,0.58544,0
0.32051,-0.13731,-0.47397,2.0482,0.74366,0
1.1753,-0.26556,-0.48941,-8.192,1.3046,0
1.6501,-0.26556,-0.46367,-1.3652,0.44161,0
0.98533,-1.1633,-0.30407,7.282,1.2183,0
-0.15436,-2.1893,-0.14318,-0.22742,-0.11935,0
-1.484,-1.8815,-0.10586,-7.5093,-0.11935,0
-2.0538,-1.0094,-0.16635,1.8206,-0.5077,0
-0.7242,-0.6503,-0.16893,7.5096,-0.66591,0
1.9351,-0.5477,-0.11487,-4.0959,0.44161,0
2.8848,-0.41945,-0.067245,-6.8267,-0.14811,0
1.6501,-1.1633,-0.018336,5.9167,0.87311,0
-0.34431,-2.2149,0.039583,5.234,0.26901,0
-1.1991,-2.138,0.10265,-5.6889,0.18271,0
-0.24933,-1.6763,0.17859,-4.0959,0.024489,0
-0.53425,-2.0097,0.24552,7.0545,-0.91043,0
-2.3388,-2.7279,0.32146,2.2757,0.082022,0
-2.6237,-3.2409,0.3768,-7.7369,-0.36386,0
-2.4337,-2.7022,0.38581,-1.3652,0.75804,0
-1.6739,-2.3431,0.40898,7.282,0.82996,0
-0.81917,-2.497,0.4064,-0.68254,0.22586,0
-0.059385,-2.3175,0.35492,-8.4196,0.13956,0
0.60543,-2.061,0.29571,2.0482,-1.8454,0
-0.059385,-2.1636,0.32918,7.282,-1.7734,0
-1.7689,-2.497,0.3871,-4.0959,-2.6796,0
-2.1488,-2.574,0.39096,-7.7369,-1.831,0
-2.2438,-2.1636,0.36007,4.7789,-0.594,0
-1.6739,-1.1889,0.29829,5.234,-0.076195,0
-0.34431,-0.67595,0.21591,-7.7369,1.6498,0
0.51046,-0.23991,0.12453,-5.0062,1.132,0
0.13056,0.52957,0.020277,6.5994,1.7649,0
0.22554,1.9146,-0.10586,3.186,1.1464,0
0.89035,2.2737,-0.241,-7.7369,0.31216,0
1.4602,2.0685,-0.34912,-2.2755,-0.061812,0
0.79538,1.6068,-0.35298,7.5096,-2.018,0
-0.15436,1.4786,-0.24744,0.2277,-1.946,0
-3.0036,1.4273,-0.083977,-8.192,-2.9673,0
-4.4282,1.1965,0.046019,0.91037,-2.1474,0
-1.8639,1.0426,0.11037,7.5096,-1.6584,0
0.13056,0.70911,0.096215,-3.6408,-1.8454,0
0.7004,0.68346,0.05889,-7.5093,-1.2125,0
0.79538,0.58087,0.11295,5.234,-2.2912,0
-0.15436,-0.67595,0.26482,5.4616,-1.5577,0
-1.9589,-2.4714,0.44888,-6.3715,-2.2337,0
-2.3388,-4.0617,0.62263,-4.3235,-1.7591,0
-1.294,-4.9337,0.78095,6.8269,-1.083,0
-0.24933,-4.9337,0.96114,2.7309,-0.88167,0
0.41548,-5.7545,1.1362,-7.5093,1.0313,0
0.32051,-6.7548,1.225,-1.1377,1.0313,0
0.60543,-6.6266,1.2391,7.282,2.556,0
0.7004,-5.9597,1.27,-0.45498,2.4409,0
0.51046,-5.6519,1.3074,-7.7369,2.182,0
0.7004,-6.0366,1.3048,2.5033,2.6135,0
-0.24933,-6.0623,1.2971,7.7372,2.0669,0
-1.1991,-5.4724,1.2932,-2.9581,3.3758,0
-1.389,-4.985,1.2893,-6.144,2.7861,0
-1.484,-3.9847,1.234,4.0962,2.9299,0
-1.389,-3.1126,1.1632,6.1442,2.3402,0
-0.91415,-2.7535,1.0628,-5.6889,1.3765,0
-0.81917,-2.6253,0.9547,-5.6889,1.9519,0
-2.3388,-1.9328,0.84144,7.282,1.4628,0
-2.4337,-0.95809,0.75263,3.6411,2.8436,0
-1.1041,-1.1633,0.69471,-7.9645,2.8724,0
-1.1991,-1.5993,0.62521,-3.6408,2.9875,0
-2.2438,-1.035,0.50937,6.8269,2.858,0
-1.8639,-0.6503,0.33819,1.3655,1.2327,0
-0.43928,-0.85549,0.10265,-8.6471,1.1176,0
-0.34431,-1.1889,-0.14704,-1.3652,-0.26318,0
0.41548,-1.4198,-0.36971,7.5096,0.71489,0
1.6501,-1.9584,-0.56277,-1.3652,1.6642,0
1.3652,-1.6763,-0.77901,-8.4196,2.2539,0
0.22554,-0.98374,-1.0197,2.2757,3.1313,0
0.98533,-0.93244,-1.2578,6.3718,1.506,0
3.4546,-0.7016,-1.4612,-4.7786,1.0313,0
3.9295,-0.18861,-1.6658,-6.8267,-1.2269,0
2.4099,0.60652,-1.9322,6.5994,-2.0755,0
1.0803,0.70911,-2.2012,4.0962,-2.1474,0
0.60543,0.14483,-2.3892,-7.5093,-2.0323,0
1.0803,-0.34251,-2.4767,-2.9581,0.42722,0
0.79538,-1.035,-2.6054,7.5096,1.2471,0
0.98533,-1.548,-2.8358,1.1379,3.1888,0
0.7004,-1.0607,-3.1498,-8.8747,3.4765,0
-0.15436,-0.72725,-3.4407,0.68281,3.2464,0
-1.7689,-0.36816,-3.6724,8.1923,3.5484,0
-2.2438,0.067882,-3.9594,-1.8203,2.4697,0
-1.579,0.70911,-4.3314,-8.4196,3.2032,0
-0.62923,1.1708,-4.7033,3.6411,2.1676,0
1.3652,1.9146,-4.9891,7.282,2.0094,0
2.5049,2.9919,-5.2285,-3.8684,1.4197,0
2.4099,3.6588,-5.41,-6.144,0.19709,0
2.5049,3.9153,-5.4486,6.3718,0.62859,0
2.22,4.1461,-5.3134,4.5513,-0.49331,0
1.3652,3.5818,-5.1409,-7.9645,0.57106,0
-0.43928,2.6841,-5.0727,-4.0959,0.55667,0
-0.81917,2.0942,-5.0599,7.282,1.0169,0
0.89035,2.1198,-5.011,2.0482,1.5347,0
1.8401,2.1968,-4.8681,-7.0542,0.31216,0
1.7451,2.5302,-4.6956,-0.9101,0.45599,0
0.79538,2.6328,-4.4923,8.4198,-0.88167,0
-0.15436,2.1711,-4.2567,-2.2755,-0.52208,0
-0.53425,1.4016,-3.9916,-8.192,-0.27756,0
-0.7242,0.58087,-3.7535,3.6411,0.038872,0
-0.81917,-0.72725,-3.599,5.9167,1.4772,0
-0.62923,-1.5224,-3.3802,-5.2337,1.2615,0
0.79538,-0.82984,-3.1073,-6.144,2.3978,0
2.9798,0.37567,-2.81,5.234,2.0525,0
2.7898,1.1708,-2.4509,4.0962,2.5128,0
0.41548,1.1195,-2.1124,-7.5093,3.419,0
-1.1041,0.37567,-1.8138,-5.0062,3.4909,0
-0.81917,0.86301,-1.5152,6.8269,4.4114,0
-0.24933,1.5555,-1.2488,1.8206,2.9587,0
-0.43928,1.8377,-1.0892,-7.9645,2.3834,0
-0.81917,2.1455,-0.98623,-0.68254,0.85873,0
0.79538,2.7611,-0.87425,7.0545,-0.20565,0
2.22,3.0688,-0.69406,-1.8203,0.26901,0
2.5049,3.351,-0.38001,-7.7369,-0.20565,0
0.79538,3.5049,-0.0041778,3.186,1.2039,0
-0.15436,3.0432,0.4463,6.1442,0.68613,0
-0.91415,3.0175,0.95985,-5.6889,0.72928,0
-0.62923,2.9919,1.4888,-6.144,0.15394,0
-0.24933,3.1458,2.0565,5.6891,-1.0399,0
0.98533,2.8124,2.727,3.186,-0.26318,0
0.98533,2.6841,3.4658,-7.7369,-0.79537,0
-0.059385,3.1458,4.2303,-3.8684,0.41284,0
-0.15436,2.9663,5.0065,7.0545,0.22586,0
0.035589,1.7607,5.7633,1.5931,0.25462,0
-0.34431,1.6325,6.3605,-7.7369,0.72928,0
-1.0091,1.9916,6.753,-0.45498,-0.29195,0
-1.8639,1.7094,7.0413,7.5096,0.34092,0
-2.7186,1.2734,7.2679,-2.503,-0.75222,0
-3.6684,1.3503,7.5201,-7.2818,-0.19126,0
-2.7186,1.6838,7.7801,4.3238,0.38407,0
-0.91415,2.2994,8.0131,5.234,0.54229,0
0.41548,3.0945,8.0749,-5.6889,1.5347,0
1.1753,4.1718,7.8895,-5.4613,0.44161,0
1.7451,4.8899,7.5987,7.0545,1.0889,0
1.1753,4.6078,7.3786,3.6411,0.47037,0
0.79538,3.6588,7.3078,-7.7369,0.35531,0
0.32051,2.9919,7.2434,-1.5928,0.55667,0
-1.1991,2.9663,7.0581,7.5096,-0.17688,0
-1.7689,3.5305,6.7003,0.00013542,0.68613,0
-2.7186,3.8383,6.309,-7.9645,-0.46455,0
-2.9086,3.6331,5.9615,2.2757,-0.3351,0
-2.0538,3.274,5.6912,7.0545,-0.91043,0
-0.34431,2.6585,5.5226,-3.6408,-1.4139,0
-0.43928,2.1198,5.3643,-7.7369,-1.0111,0
-1.0091,2.0942,5.1094,4.5513,-1.7878,0
-0.91415,2.6841,4.7877,5.0064,-0.6803,0
-1.1041,2.7354,4.4491,-6.8267,-1.0111,0
-1.484,2.7098,4.1776,-5.6889,-0.49331,0
-0.81917,1.9659,3.9137,6.5994,-0.19126,0
-0.81917,1.299,3.6113,3.186,-0.55085,0
-0.34431,1.5042,3.2753,-7.5093,0.32654,0
-1.0091,1.8377,2.9754,-2.9581,-0.72345,0
-2.4337,1.812,2.6846,7.5096,-0.018661,0
-1.9589,2.5046,2.4323,0.91037,-0.32071,0
-0.91415,1.9659,2.2251,-8.192,0.082022,0
-0.34431,1.0426,2.0809,0.68281,1.1752,0
1.1753,0.91431,1.9303,7.0545,0.74366,0
1.1753,0.73476,1.7385,-2.9581,1.2758,0
-0.7242,0.60652,1.5506,-7.5093,-0.46455,0
-2.0538,0.68346,1.4284,4.3238,-0.6803,0
-3.3835,0.58087,1.3022,5.4616,-1.0255,0
-2.6237,-0.21426,1.1799,-6.3715,-1.5433,0
-0.24933,-1.9584,0.98945,-5.0062,-0.69468,0
2.125,-3.4461,0.67283,6.1442,-2.1043,0
2.22,-4.0873,0.34848,2.9584,-2.0323,0
0.89035,-3.8565,0.14384,-7.9645,-2.9816,0
-0.81917,-3.9591,0.01899,-1.8203,-3.0679,0
-1.1991,-3.9591,-0.098135,8.4198,-2.133,0
-0.53425,-3.1639,-0.31437,0.2277,-2.018,0
0.51046,-1.8045,-0.53575,-7.5093,-0.36386,0
0.7004,-1.1633,-0.70049,1.8206,-0.95358,0
0.98533,-1.1889,-0.7996,7.7372,-0.83852,0
0.89035,-1.8815,-0.94375,-2.7306,-1.1837,0
0.41548,-2.2149,-1.1291,-7.7369,-1.7303,0
0.22554,-2.7022,-1.3054,4.5513,-0.7666,0
1.0803,-3.0357,-1.4135,5.4616,-1.5721,0
1.8401,-2.5227,-1.4431,-6.5991,-0.60838,0
1.3652,-2.0097,-1.4933,-4.7786,-1.083,0
0.32051,-1.8302,-1.5641,7.0545,-0.98235,0
1.1753,-1.8815,-1.6066,2.5033,-0.32071,0
0.51046,-1.8045,-1.5654,-8.192,-0.70906,0
-1.6739,-2.0867,-1.5474,-1.3652,0.51352,0
-2.9086,-2.2149,-1.5397,7.9647,-0.46455,0
-0.81917,-2.0097,-1.4431,-1.3652,-0.52208,0
0.79538,-2.3688,-1.2552,-8.6471,-1.1837,0
-0.059385,-3.3178,-1.1716,2.5033,-1.6296,0
-1.484,-3.3178,-1.1986,6.1442,-0.66591,0
-1.484,-2.574,-1.2385,-4.5511,-1.3563,0
-0.43928,-2.3431,-1.2913,-7.2818,-0.78098,0
0.51046,-2.7279,-1.4316,4.7789,-1.8741,0
-0.24933,-2.3175,-1.6079,4.0962,-2.3488,0
-1.1041,-1.7019,-1.7121,-7.0542,-2.5789,0
-0.7242,-1.4711,-1.8203,-4.3235,-3.4851,0
0.13056,-1.1633,-1.958,6.3718,-2.3344,0
1.7451,-0.77854,-1.9966,1.1379,-2.5214,0
1.6501,-0.4451,-1.967,-8.6471,-1.2125,0
0.51046,-0.4964,-1.9657,-0.45498,-1.3995,0
-1.0091,0.067882,-1.9721,7.282,-2.2049,0
-1.294,0.016583,-1.9297,-1.1377,-2.2337,0
-0.53425,-0.6503,-1.8898,-7.5093,-3.2693,0
0.035589,-1.4711,-1.8396,3.4135,-1.8454,0
-0.43928,-1.8045,-1.7945,6.8269,-1.9748,0
-0.7242,-2.1123,-1.716,-5.0062,-1.5289,0
-1.1041,-3.0613,-1.6426,-6.3715,-1.6152,0
-1.484,-4.6003,-1.6118,5.234,-2.5214,0
0.13056,-4.9337,-1.5809,4.5513,-1.946,0
1.6501,-4.1129,-1.5294,-6.5991,-2.9241,0
1.6501,-3.3178,-1.474,-3.6408,-2.32,0
1.3652,-2.6253,-1.3981,7.7372,-3.1542,0
0.79538,-2.5227,-1.3556,1.1379,-3.8159,0
0.89035,-1.9071,-1.353,-8.6471,-3.6864,0
-0.15436,-1.5224,-1.3646,0.45525,-4.4919,0
-2.4337,-1.9071,-1.3646,7.282,-3.0679,0
-2.7186,-2.3944,-1.3363,-2.9581,-3.2693,0
-2.0538,-2.3431,-1.3093,-7.7369,-2.5645,0
-1.484,-1.8302,-1.2745,3.8687,-2.809,0
-2.5287,-1.9584,-1.2076,5.234,-4.046,0
-1.484,-2.6766,-1.1317,-6.5991,-3.6145,0
0.7004,-2.5483,-1.0725,-3.6408,-4.5638,0
0.51046,-2.2919,-1.0918,7.9647,-3.2693,0
-0.43928,-2.0097,-1.1638,1.1379,-3.0536,0
-1.0091,-1.6763,-1.2218,-8.4196,-2.6652,0
-1.8639,-1.4198,-1.1844,-0.45498,-2.133,0
-1.1041,-1.1376,-1.0583,7.7372,-2.7659,0
0.89035,-0.5477,-0.92959,-1.8203,-1.5002,0
2.03,-0.060364,-0.85108,-8.4196,-1.6728,0
1.5552,0.22178,-0.8498,2.2757,-0.47893,0
1.0803,0.47827,-0.90514,5.9167,-0.10496,0
0.79538,0.58087,-0.99524,-5.0062,-0.29195,0
0.89035,-0.16296,-1.0956,-7.5093,0.44161,0
0.89035,-0.7016,-1.1484,5.4616,-0.43578,0
0.32051,-0.26556,-1.1909,3.8687,0.41284,0
-0.7242,0.067882,-1.1729,-7.7369,-0.19126,0
-0.91415,0.19613,-1.1317,-4.3235,0.19709,0
1.3652,0.73476,-1.1304,7.282,0.59983,0
3.1697,1.1708,-1.2063,1.1379,0.13956,0
2.7898,1.1965,-1.2436,-7.9645,0.80119,0
1.9351,0.83736,-1.1909,-0.45498,-0.60838,0
1.5552,0.42697,-1.1394,7.5096,-0.40701,0
0.60543,0.22178,-1.1355,-0.68254,-1.1693,0
0.035589,0.19613,-1.1085,-7.5093,-1.4426,0
1.1753,0.47827,-1.0454,3.186,-0.75222,0
1.4602,0.55522,-0.99009,6.5994,-0.86728,0
0.89035,0.60652,-0.96563,-4.3235,0.97379,0
1.3652,0.88866,-0.95148,-7.2818,0.98818,0
2.03,0.58087,-0.94118,4.7789,2.5416,0
1.8401,0.52957,-0.91286,4.7789,3.4046,0
1.1753,0.37567,-0.88197,-6.144,3.6923,0
0.32051,0.24743,-0.85108,-3.6408,5.0874,0
-0.53425,0.17048,-0.85494,7.5096,4.5121,0
-1.1041,0.19613,-0.84851,1.8206,5.2169,0
-2.4337,-0.060364,-0.86524,-7.9645,4.0087,0
-2.3388,-0.36816,-0.86524,-0.68254,2.9443,0
-1.7689,-0.36816,-0.81247,7.7372,2.3258,0
-1.9589,0.042233,-0.73267,-1.5928,0.85873,0
-1.1991,0.65782,-0.62842,-8.192,1.5779,0
0.22554,0.70911,-0.47397,2.9584,0.52791,0
0.13056,0.40132,-0.34397,6.5994,0.90188,0
-0.91415,0.76041,-0.29635,-5.0062,0.053256,0
-1.579,1.5042,-0.34011,-7.2818,-1.1262,0
-1.389,1.7864,-0.39674,5.0064,-1.6584,0
-2.0538,1.8377,-0.40575,4.0962,-3.6577,0
-2.1488,1.812,-0.37872,-8.8747,-3.8734,0
-2.4337,1.8377,-0.35684,-2.9581,-5.6138,0
-1.389,1.6068,-0.34526,7.282,-5.8583,0
-2.1488,1.6838,-0.39288,0.68281,-6.5775,0
-2.5287,2.0429,-0.48812,-8.6471,-7.6706,0
-1.0091,2.4533,-0.52159,-0.45498,-7.0234,0
1.9351,2.1198,-0.50357,7.5096,-7.8001,0
2.4099,1.6838,-0.51773,-2.9581,-6.9802,0
1.4602,1.1708,-0.5499,-7.7369,-7.7426,0
1.2702,0.78606,-0.57436,3.8687,-7.9727,0
0.79538,-0.034715,-0.53446,5.4616,-7.9439,0
0.7004,-0.57335,-0.44308,-6.3715,-8.7638,0
-0.059385,-1.112,-0.32209,-5.9164,-7.685,0
-2.0538,-1.3428,-0.22298,6.3718,-7.9583,0
-3.0036,-1.2146,-0.12516,3.4135,-6.9802,0
-1.389,-0.57335,-0.058236,-7.7369,-6.7501,0
0.22554,-0.4964,0.01899,-2.7306,-6.7213,0
0.32051,-0.52205,0.047306,7.7372,-5.3981,0
-0.059385,-0.3938,-0.006752,1.3655,-5.3981,0
1.0803,-0.4964,-0.053087,-7.9645,-3.7727,0
1.9351,-0.31686,-0.067245,1.8206,-3.8734,0
0.79538,-0.21426,-0.083977,6.8269,-3.2262,0
-0.91415,-0.18861,-0.10328,-3.1857,-2.8234,0
-0.15436,-0.21426,-0.10714,-7.0542,-3.3844,0
0.41548,-0.72725,-0.080116,6.1442,-2.8234,0
0.7004,-1.1633,-0.058236,4.7789,-4.42,0
0.32051,-0.88114,-0.015762,-6.5991,-4.6214,0
-0.43928,-0.6503,0.030574,-3.4133,-5.5131,0
-1.1041,-1.3428,0.05889,7.282,-5.772,0
-1.294,-1.9071,0.10909,1.8206,-4.5638,0
-0.81917,-2.2406,0.20562,-8.192,-4.0172,0
-0.81917,-1.7789,0.31759,-0.68254,-1.5865,0
-1.0091,-1.2659,0.41799,7.7372,-1.3132,0
-1.8639,-1.4967,0.54155,-1.3652,-0.27756,0
-2.5287,-1.9584,0.67798,-7.7369,-0.27756,0
-3.1935,-2.5227,0.76293,3.6411,-0.89605,0
-0.43928,-2.8561,0.76679,5.6891,-0.2488,0
2.03,-3.0613,0.7951,-5.4613,-1.4858,0
2.4099,-2.5227,0.83629,-5.6889,-1.2413,0
1.8401,-1.7789,0.80154,6.1442,-2.3919,0
1.4602,-0.77854,0.68699,3.8687,-2.8522,0
2.03,-0.29121,0.57759,-7.7369,-2.809,0
2.125,0.067882,0.51194,-3.1857,-3.6289,0
0.79538,0.22178,0.44244,7.0545,-2.507,0
-1.8639,-0.086014,0.3768,0.45525,-2.9816,0
-2.7186,-0.88114,0.31116,-8.4196,-2.1618,0
-1.9589,-0.82984,0.24938,-0.22742,-2.2625,0
-0.81917,-0.13731,0.1773,7.0545,-2.7371,0
0.035589,0.91431,0.082057,-3.6408,-1.6871,0
-0.34431,2.3763,-0.019623,-8.192,-1.5289,0
-0.62923,3.4792,-0.08269,3.8687,0.29777,0
-0.7242,3.351,-0.12259,6.1442,-0.13373,0
-1.0091,2.8637,-0.14447,-6.3715,-1.1118,0
-0.91415,2.4533,-0.16506,-5.9164,-3.4275,0
1.4602,2.0685,-0.13675,6.1442,-7.872,0
2.22,2.3507,-0.12259,3.4135,-10.806,0
0.32051,1.889,-0.17407,-6.8267,-14.143,0
-1.1991,1.0169,-0.20239,-2.9581,-14.258,0
-0.81917,0.65782,-0.15091,7.9647,-14.33,0
-1.7689,0.35002,-0.040216,0.2277,-14.273,0
-3.0985,0.22178,0.027999,-8.192,-13.51,0
-2.1488,-0.57335,0.056315,-0.45498,-13.956,0
-0.059385,-1.7789,0.10651,7.7372,-11.827,0
0.32051,-2.1123,0.20047,-2.503,-10.303,0
-1.0091,-1.7789,0.23393,-8.192,-6.635,0
-2.3388,-1.2659,0.22364,3.6411,-2.3056,0
-1.484,-0.29121,0.18502,6.3718,1.4628,0
1.3652,0.58087,0.16314,-4.3235,5.9217,0
1.6501,1.2221,0.14384,-6.3715,7.2162,0
0.41548,1.6838,0.064038,5.6891,8.8991,0
0.32051,2.0429,-0.015762,3.4135,8.5826,0
0.035589,2.2224,-0.10586,-8.4196,8.7696,0
0.13056,2.2224,-0.20239,-2.2755,9.949,0
-0.34431,2.0172,-0.23457,7.9647,10.007,0
-1.389,2.1711,-0.21269,0.2277,11.416,0
-1.6739,1.9916,-0.18694,-7.9645,10.136,0
0.035589,1.9146,-0.12903,0.91037,8.7121,0
0.7004,1.7607,-0.11615,8.4198,5.6916,0
-1.579,1.5812,-0.16249,-3.1857,1.9375,0
-3.8583,1.5042,-0.19853,-8.192,-0.17688,0
-2.3388,1.6581,-0.17536,3.186,-3.2262,0
-0.15436,1.7607,-0.085264,6.5994,-3.9022,0
0.51046,1.3503,0.00097052,-4.7786,-5.7289,0
-0.43928,1.3503,0.044732,-5.9164,-7.0953,0
-0.059385,1.889,0.12453,5.234,-8.4473,0
0.60543,1.6838,0.25067,3.186,-10.821,0
1.3652,1.0426,0.38967,-7.5093,-11.036,0
1.5552,0.70911,0.47333,-5.0062,-12.187,0
0.7004,1.0426,0.52353,6.8269,-10.878,0
0.035589,1.4016,0.53383,1.3655,-9.5549,0
1.2702,1.4016,0.53769,-8.192,-8.5193,0
2.125,1.9146,0.46175,-0.9101,-7.009,0
2.315,1.0939,0.37165,7.0545,-7.8576,0
1.6501,0.24743,0.32918,-1.3652,-7.1384,0
0.89035,-0.3938,0.33433,-8.192,-7.7569,0
0.89035,-0.599,0.33561,2.5033,-7.009,0
0.79538,-0.13731,0.30472,6.8269,-6.3761,0
0.79538,0.37567,0.28928,-4.5511,-6.5343,0
1.5552,0.60652,0.29314,-6.8267,-5.6138,0
1.5552,0.63217,0.29571,4.7789,-6.9658,0
0.51046,0.63217,0.28799,5.6891,-6.9083,0
0.22554,0.35002,0.28284,-6.8267,-8.2604,0
0.035589,-0.47075,0.28027,-4.5511,-9.3679,0
-1.294,-1.1376,0.24423,7.5096,-9.8138,0
-2.6237,-1.112,0.20304,2.2757,-11.367,0
-1.294,-1.3172,0.16958,-7.7369,-11.051,0
-0.34431,-0.88114,0.13354,-0.9101,-12.633,0
-0.81917,-0.67595,0.091067,7.9647,-12.619,0
-1.8639,-1.0607,0.08077,0.68281,-12.863,0
-1.484,-0.88114,0.11938,-7.5093,-13.165,0
-1.294,-0.16296,0.14384,2.2757,-12.518,0
-2.1488,0.14483,0.10651,7.7372,-14.1,0
-2.3388,-0.23991,0.066612,-3.1857,-14.244,0
-0.43928,0.17048,0.04087,-6.8267,-15.452,0
1.2702,0.96561,0.033148,3.6411,-14.992,0
0.89035,1.0939,0.015128,5.6891,-14.388,0
1.8401,0.81171,-0.037642,-6.8267,-15.092,0
3.9295,1.1195,-0.11229,-4.7786,-14.805,0
4.8792,1.6068,-0.19338,6.8269,-16.574,0
3.4546,2.2994,-0.30407,1.8206,-16.761,0
0.035589,3.2997,-0.44565,-7.9645,-17.883,0
-1.294,4.0692,-0.57307,-1.3652,-18.228,0
-1.389,4.2744,-0.61683,7.0545,-18.242,0
-1.484,3.8383,-0.55634,-2.2755,-19.796,0
-0.53425,3.2997,-0.44436,-8.4196,-20.256,0
0.13056,3.2997,-0.27318,2.2757,-22.716,0
0.7004,2.1455,-0.14061,6.1442,-23.449,0
1.2702,0.63217,-0.085264,-4.5511,-24.456,0
1.5552,0.47827,-0.037642,-6.5991,-24.844,0
1.7451,1.2477,-0.0028907,4.3238,-23.866,0
1.1753,1.5299,0.035722,3.8687,-24.341,0
0.51046,1.4786,0.10651,-7.2818,-23.349,0
-0.43928,0.91431,0.24294,-4.0959,-24.168,0
0.035589,0.40132,0.38581,6.8269,-24.427,0
0.035589,0.19613,0.50937,1.8206,-24.542,0
-1.1991,-0.26556,0.62778,-8.192,-25.449,0
-1.8639,-1.0607,0.71273,-0.9101,-24.729,0
-2.6237,-2.3175,0.69729,7.282,-25.736,0
-2.9086,-2.4714,0.63551,-1.5928,-25.06,0
-2.0538,-2.3175,0.63808,-7.9645,-25.233,0
-0.91415,-2.3175,0.76808,2.7309,-25.146,0
0.22554,-2.7279,0.90837,7.282,-24.125,0
2.22,-2.7792,0.96757,-5.6889,-24.686,0
3.9295,-2.497,0.96371,-6.144,-23.967,0
3.9295,-3.01,0.90065,6.1442,-25.204,0
2.22,-3.6513,0.835,4.7789,-25.506,0
1.1753,-3.9078,0.82857,-6.3715,-25.808,0
0.79538,-3.6513,0.88263,-2.2755,-26.901,0
0.60543,-3.2409,0.89807,7.5096,-26.455,0
0.22554,-3.3691,0.87362,0.91037,-27.563,0
0.7004,-2.9587,0.81698,-8.192,-26.614,0
1.2702,-2.4714,0.72303,0.91037,-26.743,0
-0.34431,-2.0097,0.6458,6.5994,-26.959,0
-1.8639,-1.3685,0.54412,-2.2755,-26.441,0
-0.15436,-0.67595,0.43987,-7.7369,-27.059,0
1.7451,-0.0090658,0.36908,3.8687,-25.765,0
1.1753,-0.0090658,0.32017,5.4616,-25.851,0
-0.7242,0.58087,0.24423,-6.3715,-24.974,0
-1.1041,1.1708,0.12196,-5.4613,-24.154,0
-1.6739,1.376,0.029286,6.3718,-24.053,0
-3.2885,1.4529,-0.036355,2.0482,-22.299,0
-3.0985,1.4273,-0.053087,-7.9645,-22.241,0
-2.0538,1.4273,-0.064671,-1.8203,-21.306,0
-0.62923,1.4273,-0.10843,7.282,-21.881,0
0.035589,1.1965,-0.18823,-1.3652,-22.586,0
-0.62923,0.83736,-0.20239,-9.3298,-22.112,0
0.035589,1.1195,-0.13546,2.2757,-22.428,0
0.89035,1.0169,-0.058236,6.1442,-20.616,0
1.5552,0.78606,-0.044078,-4.0959,-20.314,0
0.60543,0.68346,-0.072394,-7.2818,-18.847,0
-0.43928,0.55522,-0.11101,4.3238,-17.825,0
-0.62923,0.32437,-0.14318,5.0064,-17.509,0
-0.91415,0.70911,-0.19081,-7.2818,-16.214,0
-0.62923,0.99126,-0.22298,-4.0959,-16.89,0
-1.1041,1.2477,-0.19724,6.8269,-16.229,0
-1.8639,1.1708,-0.1316,1.3655,-16.833,0
-1.6739,1.0426,-0.095561,-7.5093,-16.718,0
-2.0538,1.0169,-0.11229,-1.1377,-15.927,0
-2.2438,1.0426,-0.13932,7.282,-16.128,0
-0.059385,0.99126,-0.11615,0.00013542,-14.963,0
1.6501,0.81171,-0.065958,-7.7369,-15.797,0
0.98533,0.86301,-0.11358,3.186,-15.222,0
-0.43928,0.76041,-0.2513,6.5994,-15.409,0
-2.6237,0.63217,-0.35684,-5.2337,-15.625,0
-4.6181,0.60652,-0.46882,-5.9164,-14.69,0
-3.7634,0.067882,-0.57693,5.9167,-15.107,0
-1.6739,-0.11166,-0.63871,3.8687,-13.669,0
-1.294,0.52957,-0.61941,-7.7369,-13.927,0
-1.294,0.86301,-0.55119,-3.6408,-13.453,0
0.13056,0.58087,-0.48169,7.7372,-13.381,0
1.7451,0.50392,-0.45466,1.1379,-14.388,0
1.5552,0.32437,-0.43278,-8.192,-13.784,0
0.60543,0.50392,-0.39931,0.45525,-14.891,0
-0.24933,0.37567,-0.32595,7.0545,-14.373,0
-0.15436,0.016583,-0.23972,-2.7306,-14.963,0
0.89035,-0.36816,-0.18437,-7.9645,-15.236,0
0.98533,-0.5477,-0.15734,3.6411,-14.603,0
-0.15436,-0.6503,-0.1213,5.6891,-14.992,0
-0.059385,-1.112,-0.12388,-6.144,-13.467,0
0.32051,-1.3685,-0.16635,-5.6889,-13.582,0
0.22554,-0.93244,-0.18694,6.3718,-12.734,0
-0.62923,-0.41945,-0.17279,2.5033,-12.316,0
-0.53425,-0.75289,-0.15863,-8.192,-12.36,0
-0.53425,-1.4711,-0.10328,-2.7306,-10.806,0
-0.62923,-2.2149,-0.02091,7.5096,-11.137,0
-0.81917,-2.3175,-0.022197,-0.22742,-10.116,0
-0.62923,-2.0354,-0.074968,-8.192,-11.151,0
-0.7242,-1.0863,-0.11487,0.91037,-11.684,0
-1.0091,-0.95809,-0.10586,6.1442,-11.741,0
-0.7242,-1.2402,-0.06081,-3.8684,-12.043,0
0.7004,-0.90679,-0.065958,-7.0542,-10.288,0
1.7451,0.067882,-0.16764,4.0962,-10.216,0
1.9351,0.52957,-0.27704,4.3238,-8.735,0
0.60543,0.52957,-0.28862,-6.5991,-8.1021,0
-0.43928,-0.086014,-0.2114,-5.4613,-8.1741,0
-0.059385,-0.4964,-0.10972,7.0545,-7.7282,0
0.60543,-0.85549,-0.090413,3.186,-9.0658,0
0.79538,-0.29121,-0.16378,-7.9645,-8.5768,0
0.79538,-0.060364,-0.28605,-2.7306,-9.2528,0
0.41548,-0.67595,-0.32981,6.8269,-8.8357,0
-0.43928,-0.98374,-0.26546,0.2277,-8.2172,0
0.51046,-1.4711,-0.14576,-8.8747,-8.2891,0
1.8401,-1.5737,-0.018336,0.91037,-6.5919,0
1.7451,-1.548,0.022851,6.5994,-6.2898,0
1.6501,-1.9841,0.030574,-2.2755,-4.6933,0
2.03,-2.1893,-0.0041778,-6.8267,-4.8371,0
2.4099,-1.7789,-0.036355,4.0962,-5.6138,0
2.125,-1.4711,-0.069819,6.1442,-6.1891,0
2.125,-1.4454,-0.024771,-5.2337,-8.0446,0
1.2702,-1.6506,0.038296,-4.7786,-7.6419,0
1.0803,-1.5993,0.10394,6.5994,-8.3467,0
1.3652,-1.7276,0.16314,3.6411,-7.6419,0
1.5552,-1.548,0.22492,-6.8267,-7.3973,0
0.13056,-1.4198,0.24938,-2.2755,-7.5124,0
-0.34431,-1.6506,0.20047,7.0545,-6.4624,0
0.79538,-1.7789,0.14126,0.00013542,-7.1384,0
1.3652,-1.5224,0.096215,-8.192,-6.146,0
0.7004,-1.6763,0.065325,0.45525,-7.009,0
-1.294,-1.3172,0.04087,6.5994,-7.311,0
-2.5287,-0.85549,0.0086931,-3.4133,-7.5843,0
-2.0538,-0.6503,0.0022576,-8.192,-8.6487,0
-0.53425,-0.88114,-0.0054649,3.4135,-7.872,0
-0.53425,-1.2402,-0.045365,5.4616,-8.8645,0
-2.1488,-1.3685,-0.04279,-6.144,-8.3467,0
-3.3835,-1.4198,-0.072394,-6.144,-8.8788,0
-3.0985,-0.90679,-0.13675,5.4616,-9.3247,0
-1.484,0.067882,-0.19081,2.7309,-9.0227,0
0.035589,-0.0090658,-0.19853,-6.8267,-9.9144,0
0.7004,-0.36816,-0.1612,-3.1857,-8.9795,0
0.79538,-0.5477,-0.1419,6.5994,-9.5836,0
0.7004,-0.85549,-0.1213,-0.22742,-9.2097,0
0.41548,-1.2402,-0.11744,-8.192,-9.0514,0
-0.53425,-1.112,-0.12645,1.5931,-9.6555,0
-1.579,-0.85549,-0.16764,6.3718,-8.8932,0
-3.0985,-0.67595,-0.20368,-5.0062,-9.7131,0
-3.0036,-1.1376,-0.22684,-6.5991,-9.0371,0
-1.389,-1.3428,-0.2217,4.5513,-9.6699,0
0.035589,-1.1889,-0.20625,4.0962,-9.7994,0
0.13056,-1.0094,-0.17665,-6.5991,-9.6987,0
0.13056,-0.72725,-0.17021,-3.4133,-10.634,0
0.13056,-0.88114,-0.13804,7.7372,-9.7418,0
0.13056,-1.0094,-0.10972,0.2277,-10.59,0
1.5552,-1.2915,-0.094274,-8.4196,-9.9576,0
2.125,-1.1889,-0.068532,0.68281,-9.9288,0
1.4602,-0.82984,-0.027345,6.8269,-10.188,0
1.4602,-0.47075,0.079483,-2.503,-9.3966,0
1.5552,-0.4451,0.17344,-7.7369,-10.044,0
1.0803,-0.11166,0.158,4.0962,-8.8357,0
0.89035,0.37567,0.055028,5.6891,-8.9364,0
0.89035,0.35002,-0.090413,-6.3715,-8.4905,0
0.7004,0.22178,-0.20368,-5.6889,-7.9583,0
1.5552,0.37567,-0.23071,7.282,-8.4617,0
1.9351,0.32437,-0.1419,3.186,-7.4261,0
1.9351,0.47827,-0.028633,-6.8267,-8.1741,0
-0.059385,0.55522,0.027999,-2.7306,-7.4549,0
-2.2438,0.14483,0.024138,7.282,-7.498,0
-3.2885,0.067882,0.013841,0.68281,-7.5268,0
-2.6237,0.19613,0.034435,-7.9645,-6.7501,0
-0.24933,0.22178,0.085918,-0.45498,-7.5124,0
2.125,0.016583,0.13225,7.5096,-6.5775,0
2.9798,0.093531,0.20047,-1.5928,-7.1672,0
1.4602,0.37567,0.25453,-7.7369,-6.8795,0
0.98533,0.32437,0.25968,2.9584,-6.6926,0
1.6501,-0.0090658,0.16057,6.3718,-7.0665,0
1.5552,-0.13731,-0.022197,-4.7786,-6.0165,0
0.60543,0.58087,-0.1818,-5.9164,-6.7357,0
0.13056,1.4273,-0.27961,5.234,-5.8008,0
1.2702,1.7864,-0.33496,4.5513,-5.8871,0
1.6501,1.5812,-0.36585,-7.2818,-5.8152,0
1.8401,0.24743,-0.30536,-3.8684,-5.3405,0
2.6949,-0.21426,-0.16635,7.282,-6.4624,0
4.1195,0.27308,-0.1213,1.5931,-5.8152,0
4.0245,0.81171,-0.1715,-8.4196,-6.7501,0
2.6949,1.2221,-0.21655,-1.1377,-6.146,0
1.4602,1.4529,-0.1818,8.6474,-6.1604,0
-0.43928,1.5042,-0.10586,-0.9101,-6.4768,0
-1.8639,1.4529,-0.15091,-8.4196,-6.0309,0
-2.2438,1.1965,-0.27575,2.2757,-7.3686,0
-1.579,0.86301,-0.29506,6.1442,-7.0665,0
0.22554,1.1195,-0.18952,-4.0959,-8.1309,0
2.315,1.6838,-0.12002,-6.8267,-8.1165,0
1.9351,2.0942,-0.08269,5.234,-7.8001,0
1.2702,2.0685,-0.0518,4.7789,-8.059,0
0.51046,1.6325,-0.085264,-7.5093,-6.8508,0
-1.484,1.1708,-0.15219,-4.0959,-7.5843,0
-2.7186,0.83736,-0.14833,7.7372,-7.0665,0
-1.389,0.91431,-0.087839,1.5931,-7.57,0
0.32051,1.2221,-0.017049,-7.7369,-7.8001,0
0.22554,1.4016,0.007406,0.2277,-7.1816,0
-1.0091,1.1708,-0.00031657,7.0545,-7.6563,0
-1.8639,1.0426,-0.065958,-3.6408,-6.52,0
-1.579,0.99126,-0.083977,-7.7369,-7.1241,0
-1.484,1.2734,-0.018336,4.5513,-6.52,0
-1.294,1.4016,0.15027,5.4616,-6.9658,0
-1.8639,1.5042,0.27769,-6.3715,-7.7569,0
-2.7186,1.7094,0.31759,-5.0062,-7.5268,0
-1.294,1.6068,0.32918,7.0545,-8.7638,0
1.2702,1.6325,0.33947,2.2757,-7.9583,0
3.1697,1.3247,0.34334,-8.192,-8.5768,0
3.3597,1.3247,0.33819,-2.7306,-7.6563,0
1.2702,1.7094,0.32789,6.8269,-7.0234,0
-0.7242,1.5555,0.32146,-1.1377,-7.3542,0
-0.53425,1.7351,0.29185,-7.9645,-6.8364,0
0.13056,2.0685,0.18116,2.5033,-8.246,0
-0.91415,2.2481,0.11552,6.3718,-8.0302,0
-2.2438,2.2481,0.16443,-5.6889,-8.7638,0
-2.3388,2.5559,0.17859,-6.8267,-8.8213,0
-0.7242,2.6328,0.1078,5.234,-8.1453,0
0.51046,2.7354,0.04087,4.3238,-8.2604,0
1.0803,2.6328,0.048593,-7.7369,-6.6063,0
1.0803,2.6328,0.08978,-4.5511,-6.7501,0
-1.1041,2.6585,0.070473,6.5994,-5.8871,0
-1.9589,2.1711,-0.017049,2.2757,-6.2898,0
0.035589,2.6585,-0.0917,-7.7369,-7.0953,0
2.22,3.1971,-0.11358,-1.1377,-6.7357,0
3.2647,3.1714,-0.077542,6.8269,-7.2679,0
2.7898,2.6585,-0.0080391,-0.9101,-5.8439,0
0.89035,2.0685,0.12968,-8.4196,-6.0022,0
-0.24933,2.1968,0.22106,2.2757,-5.772,0
-0.34431,2.7098,0.21978,7.0545,-5.8296,0
-1.0091,2.7354,0.15285,-4.0959,-6.6206,0
-2.5287,2.2224,0.10909,-7.0542,-5.5707,0
-1.8639,1.6581,0.073047,4.5513,-6.0597,0
0.60543,1.4529,0.056315,5.234,-4.9234,0
2.5049,1.4529,0.087205,-7.0542,-5.2686,0
2.03,1.6581,0.12067,-5.2337,-5.4412,0
0.22554,2.0172,0.12067,6.8269,-5.2111,0
-1.1041,2.2481,0.08978,2.7309,-6.2179,0
0.13056,2.2224,0.079483,-7.2818,-5.3549,0
2.22,2.0172,0.1181,-1.3652,-6.0309,0
1.0803,1.3503,0.15285,7.7372,-5.1392,0
-1.294,1.3247,0.085918,0.45525,-4.8946,0
-0.059385,1.6068,0.021564,-8.4196,-5.4124,0
1.1753,1.3247,0.021564,2.5033,-5.0672,0
1.1753,1.0169,0.074335,7.282,-6.4768,0
-0.24933,0.55522,0.15285,-4.3235,-6.0165,0
-2.6237,0.22178,0.22364,-6.3715,-6.7357,0
-4.0483,0.45262,0.22879,5.4616,-6.5631,0
-2.9086,0.58087,0.20819,5.0064,-6.333,0
0.22554,0.86301,0.17473,-8.192,-6.9371,0
2.03,0.50392,0.13225,-4.5511,-5.9878,0
0.79538,0.016583,0.056315,7.0545,-6.9658,0
-0.62923,-0.16296,-0.0041778,1.5931,-6.3617,0
-1.1991,0.093531,-0.058236,-8.6471,-6.8364,0
-0.43928,0.65782,-0.12259,-0.9101,-7.2823,0
0.13056,0.63217,-0.15992,7.7372,-6.9227,0
0.035589,-0.086014,-0.15863,-1.1377,-7.685,0
0.13056,-0.34251,-0.11229,-7.5093,-6.7645,0
-1.579,-0.16296,-0.10457,2.5033,-7.5843,0
-3.8583,-0.47075,-0.13031,5.4616,-7.6131,0
-3.9533,-0.599,-0.072394,-6.144,-7.9871,0
-2.3388,-0.62465,0.051167,-5.9164,-8.9508,0
-0.059385,-0.29121,0.12582,6.8269,-8.4186,0
1.6501,0.016583,0.16057,2.7309,-9.3247,0
1.2702,-0.060364,0.10909,-8.8747,-8.4473,0
-0.53425,0.32437,-0.024771,-3.1857,-8.9508,0
-0.7242,0.81171,-0.15091,7.9647,-9.1234,0
0.7004,1.2221,-0.17665,0.91037,-9.3391,0
2.22,1.1452,-0.10457,-8.6471,-10.547,0
2.8848,0.32437,-0.018336,1.1379,-10.173,0
1.1753,-0.31686,0.031861,7.282,-11.338,0
-1.9589,-0.599,0.048593,-4.3235,-10.907,0
-2.2438,-0.34251,0.10265,-6.8267,-11.54,0
-1.579,-0.23991,0.1876,4.7789,-12.302,0
-2.4337,-0.6503,0.26225,4.3238,-12.245,0
-3.6684,-0.75289,0.25324,-6.8267,-13.568,0
-3.0985,-0.90679,0.16186,-3.8684,-13.007,0
-2.3388,-0.4964,0.084631,7.282,-14.316,0
-1.579,-0.26556,0.083344,1.8206,-14.301,0
-0.34431,0.042233,0.10909,-7.7369,-14.488,0
1.5552,0.42697,0.064038,-1.1377,-15.064,0
2.8848,0.55522,-0.076255,7.5096,-14.258,0
1.1753,0.35002,-0.099422,-0.9101,-15.466,0
-0.43928,0.73476,0.022851,-6.8267,-14.92,0
-0.15436,1.1965,0.17087,2.9584,-15.74,0
0.035589,1.1195,0.23007,6.1442,-15.855,0
0.98533,0.78606,0.26482,-5.4613,-15.524,0
2.5049,0.60652,0.27383,-6.5991,-16.329,0
2.8848,0.37567,0.2571,5.9167,-15.308,0
1.6501,0.47827,0.21849,4.0962,-16.258,0
-0.53425,0.86301,0.19017,-7.5093,-16.042,0
-1.8639,1.0426,0.26482,-3.6408,-16.66,0
-2.6237,0.96561,0.37809,6.3718,-17.681,0
-2.4337,1.2477,0.427,1.8206,-17.279,0
-0.15436,1.4273,0.41413,-7.9645,-18.257,0
1.1753,1.6325,0.36908,-1.3652,-17.437,0
0.51046,1.7607,0.32274,6.5994,-18.171,0
-1.294,1.8377,0.26997,-1.8203,-18.401,0
-2.1488,1.889,0.24423,-8.4196,-18.674,0
-0.7242,1.6581,0.28027,2.9584,-19.623,0
0.60543,1.1708,0.3665,6.3718,-19.077,0
0.32051,0.78606,0.42957,-5.4613,-20.026,0
-1.0091,-0.11166,0.41927,-7.2818,-19.249,0
-1.8639,-1.1889,0.34977,5.6891,-19.623,0
-2.0538,-1.035,0.28928,4.3238,-19.681,0
-1.6739,-0.67595,0.29057,-6.5991,-19.005,0
-0.34431,-0.85549,0.27383,-3.6408,-19.623,0
0.035589,-1.0094,0.26354,7.0545,-18.631,0
-0.34431,-1.035,0.24552,0.00013542,-19.422,0
-2.1488,-1.2659,0.23007,-7.9645,-18.933,0
-4.6181,-1.1376,0.24294,0.91037,-18.875,0
-4.6181,-1.4967,0.19403,7.0545,-19.105,0
-3.4784,-1.548,0.091067,-3.4133,-18.286,0
-0.91415,-1.4454,0.034435,-7.2818,-19.249,0
2.4099,-0.7016,0.037009,4.5513,-18.501,0
3.0747,-0.086014,0.007406,5.4616,-19.336,0
0.035589,-0.034715,-0.06081,-6.3715,-19.077,0
-2.9086,-1.112,-0.027345,-5.0062,-18.832,0
-2.7186,-1.6763,0.11166,5.9167,-19.077,0
-1.389,-1.6506,0.25324,2.5033,-17.653,0
-0.24933,-1.7276,0.43601,-7.9645,-17.998,0
1.9351,-2.2919,0.54026,-1.3652,-16.962,0
4.5943,-2.5996,0.50036,7.5096,-17.121,0
4.3094,-2.3175,0.43472,-1.1377,-17.25,0
2.7898,-1.625,0.41927,-8.8747,-16.258,0
2.22,-1.625,0.45789,2.2757,-16.761,0
1.2702,-1.9328,0.46561,6.8269,-15.61,0
0.035589,-1.9841,0.4167,-4.7786,-16.157,0
-0.62923,-1.5993,0.4064,-6.5991,-15.812,0
-1.294,-1.4454,0.46175,5.234,-15.495,0
-0.81917,-1.3685,0.53125,3.8687,-16.099,0
0.89035,-1.1633,0.54541,-7.5093,-15.294,0
1.9351,-0.5477,0.43601,-3.4133,-16.344,0
1.4602,-0.4964,0.27512,6.8269,-15.783,0
-0.62923,-0.82984,0.15671,0.91037,-16.272,0
-1.484,-0.67595,0.17087,-8.192,-16.646,0
-0.91415,-0.41945,0.28542,-1.3652,-16.445,0
-1.1991,-0.0090658,0.39353,6.8269,-17.552,0
-1.389,-0.086014,0.43215,-1.8203,-16.804,0
-0.91415,-0.4451,0.37037,-8.4196,-17.624,0
-1.1991,-0.5477,0.33175,2.5033,-16.962,0
-2.5287,-0.80419,0.34591,5.6891,-16.977,0
-2.8136,-0.034715,0.32146,-5.4613,-17.379,0
-1.294,-0.11166,0.29314,-6.8267,-16.545,0
-0.34431,-0.88114,0.34205,5.4616,-17.308,0
-0.43928,-0.77854,0.39353,3.6411,-16.416,0
-0.059385,-0.4451,0.36908,-7.2818,-17.106,0
0.51046,-0.29121,0.30215,-2.9581,-17.034,0
0.7004,-0.18861,0.23265,8.4198,-17.063,0
0.89035,0.29873,0.15413,0.68281,-17.753,0
1.3652,0.76041,0.052454,-8.4196,-16.905,0
2.5049,0.47827,0.026712,0.45525,-17.768,0
3.0747,0.016583,0.10008,7.0545,-16.876,0
1.6501,-0.18861,0.19017,-3.1857,-17.394,0
-0.43928,-0.23991,0.20047,-7.5093,-17.538,0
-2.4337,-0.4451,0.12324,3.8687,-17.236,0
-1.6739,-0.5477,0.025425,6.8269,-18.084,0
-0.53425,-0.62465,-0.006752,-5.0062,-17.106,0
2.7898,-0.85549,0.00097052,-6.144,-17.782,0
5.1642,-0.93244,0.017703,6.1442,-17.178,0
4.0245,-1.035,0.0022576,3.8687,-17.293,0
1.2702,-1.2146,-0.078829,-6.5991,-17.811,0
-0.24933,-1.1376,-0.18051,-2.9581,-17.077,0
0.035589,-1.035,-0.23714,7.7372,-17.883,0
-0.059385,-1.035,-0.3311,0.91037,-16.818,0
-0.62923,-0.72725,-0.46367,-7.7369,-17.121,0
-0.62923,-0.16296,-0.50228,-0.22742,-16.775,0
-1.484,0.14483,-0.47525,7.9647,-16.401,0
-1.8639,0.19613,-0.40575,-0.22742,-16.977,0
0.51046,-0.21426,-0.37486,-8.4196,-16.056,0
1.4602,-0.29121,-0.40189,1.8206,-16.862,0
0.7004,-0.18861,-0.48812,6.1442,-16.114,0
0.79538,-0.26556,-0.57307,-5.0062,-16.071,0
2.315,-0.13731,-0.61297,-7.7369,-15.826,0
3.0747,-0.21426,-0.57822,4.5513,-14.647,0
2.03,-0.13731,-0.49327,4.7789,-14.762,0
0.60543,-0.21426,-0.37357,-7.5093,-13.366,0
-0.53425,-0.4451,-0.30664,-4.5511,-13.899,0
-0.91415,-0.62465,-0.3311,6.8269,-13.309,0
0.89035,-0.36816,-0.36971,0.45525,-13.223,0
1.4602,-0.0090658,-0.45208,-8.6471,-13.395,0
0.60543,0.17048,-0.51644,-0.9101,-12.345,0
0.32051,0.19613,-0.44308,7.282,-13.151,0
1.1753,0.19613,-0.30407,-1.8203,-12.446,0
2.6949,-0.060364,-0.22298,-8.4196,-13.28,0
3.4546,0.093531,-0.2011,2.7309,-13.136,0
3.7396,0.067882,-0.19724,6.5994,-12.777,0
3.2647,-0.4964,-0.19724,-4.7786,-13.323,0
2.5999,-0.90679,-0.18308,-6.3715,-12.374,0
1.7451,-0.98374,-0.15348,5.4616,-13.136,0
0.51046,-0.72725,-0.13675,3.4135,-12.518,0
0.22554,-0.13731,-0.098135,-7.7369,-12.59,0
1.0803,-0.11166,-0.026058,-2.9581,-12.964,0
1.6501,0.067882,0.062751,7.7372,-12.676,0
0.22554,0.14483,0.065325,0.45525,-13.942,0
-1.484,-0.0090658,0.0061189,-8.192,-13.438,0
-0.62923,-0.11166,-0.081403,1.8206,-14.33,0
1.5552,0.016583,-0.094274,6.5994,-13.755,0
0.41548,0.11918,-0.072394,-3.4133,-13.424,0
-0.81917,-0.034715,-0.033781,-7.5093,-13.683,0
-0.43928,0.11918,-0.054374,4.5513,-12.978,0
0.22554,0.22178,-0.12645,4.7789,-14.301,0
-0.15436,0.14483,-0.18823,-6.144,-13.999,0
-0.059385,0.016583,-0.18694,-4.5511,-14.661,0
1.6501,0.042233,-0.20625,6.8269,-14.546,0
2.22,0.14483,-0.25001,2.9584,-13.769,0
1.7451,0.17048,-0.28348,-6.5991,-14.143,0
0.98533,-0.0090658,-0.27061,-2.0479,-13.122,0
1.7451,0.067882,-0.21397,7.9647,-14.057,0
2.22,0.17048,-0.19853,0.00013542,-13.827,0
1.0803,-0.060364,-0.21912,-7.9645,-14.273,0
0.89035,-0.34251,-0.24872,0.45525,-14.963,0
1.4602,-0.52205,-0.26417,6.5994,-14.488,0
1.4602,-0.086014,-0.22684,-2.9581,-15.251,0
0.035589,0.37567,-0.1715,-8.4196,-14.143,0
-1.6739,0.29873,-0.15219,3.4135,-14.762,0
-2.1488,0.24743,-0.13804,5.4616,-14.647,0
-2.6237,0.14483,-0.10071,-5.4613,-14.762,0
-2.9086,0.42697,-0.090413,-6.3715,-15.351,0
-1.0091,0.093531,-0.080116,5.9167,-14.186,0
1.4602,-0.6503,-0.047939,3.186,-14.56,0
3.1697,-0.6503,-0.00031657,-7.5093,-13.453,0
3.2647,-0.41945,0.012554,-3.8684,-13.884,0
0.13056,-0.23991,0.011267,7.282,-14.201,0
-2.9086,-0.18861,0.007406,0.68281,-13.942,0
-2.7186,-0.23991,-0.04279,-7.7369,-14.733,0
-0.34431,-0.18861,-0.18437,-0.9101,-13.64,0
0.60543,0.042233,-0.27833,7.282,-14.301,0
-0.34431,-0.11166,-0.28991,-0.68254,-13.453,0
-0.43928,-0.6503,-0.28605,-8.192,-13.136,0
-1.579,-0.4964,-0.32724,1.8206,-13.05,0
-3.0985,-0.34251,-0.30664,7.9647,-11.756,0
-2.0538,-0.23991,-0.26546,-3.4133,-12.302,0
-0.43928,-0.4451,-0.28476,-8.4196,-11.425,0
-1.8639,-0.599,-0.32981,3.6411,-12.029,0
-2.1488,-0.31686,-0.31951,5.4616,-11.971,0
-0.15436,-0.18861,-0.30793,-5.0062,-11.597,0
1.5552,-0.16296,-0.3504,-4.7786,-12.216,0
1.9351,-0.21426,-0.39674,6.3718,-11.367,0
1.6501,-0.21426,-0.38129,2.5033,-12.46,0
2.6949,-0.95809,-0.32209,-7.7369,-12.058,0
2.8848,-1.3428,-0.26417,-1.8203,-12.316,0
0.60543,-0.95809,-0.27961,8.1923,-12.345,0
-1.7689,-0.7016,-0.26803,0.2277,-11.209,0
-2.7186,-0.90679,-0.25259,-7.9645,-11.77,0
-2.6237,-1.2402,-0.23843,1.8206,-11.08,0
-0.91415,-1.8558,-0.21655,7.9647,-12.316,0
2.03,-1.7019,-0.23843,-3.1857,-12.345,0
2.4099,-0.77854,-0.29892,-7.2818,-11.756,0
1.8401,-0.80419,-0.31437,4.0962,-11.123,0
3.0747,-0.7016,-0.27833,4.3238,-8.8069,0
3.7396,-0.85549,-0.24615,-6.8267,-8.4905,0
2.4099,-1.1633,-0.17279,-5.4613,-6.8364,0
1.1753,-0.6503,-0.062097,6.5994,-7.0521,0
0.89035,-0.034715,-0.0028907,2.7309,-7.1384,0
0.22554,-0.034715,0.048593,-8.192,-6.52,0
-0.15436,0.067882,0.11681,-2.0479,-5.7289,0
-1.0091,0.19613,0.14384,7.5096,-2.4782,0
-1.6739,0.42697,0.11938,-0.45498,-4.1755,0
-1.7689,0.58087,0.053741,-8.8747,-10.964,0
-1.0091,-0.13731,0.029286,1.3655,-22.529,0
-0.7242,-0.4964,0.0022576,6.8269,-31.878,0
-0.24933,-0.13731,-0.092987,-2.9581,-33,0
0.13056,0.37567,-0.15219,-7.2818,-28.109,0
-1.579,0.88866,-0.18566,5.0064,-17.034,0
-2.6237,1.1965,-0.17665,5.0064,-7.5268,0
-1.9589,0.93996,-0.04279,-6.3715,-0.17688,0
-0.53425,0.65782,0.17087,-5.0062,3.0019,0
0.035589,0.65782,0.25581,6.5994,2.6567,0
-0.059385,0.81171,0.14255,3.186,2.8724,0
1.0803,0.50392,-0.018336,-7.9645,1.5491,0
1.0803,0.29873,-0.054374,-2.2755,2.8005,0
-0.24933,0.50392,0.0022576,7.282,3.9368,0
0.035589,0.76041,-0.0016037,-0.22742,5.3895,0
0.7004,0.47827,-0.041503,-7.9645,6.5833,0
0.13056,0.016583,-0.026058,2.2757,4.6703,0
-0.43928,0.093531,0.033148,6.8269,3.1601,0
0.7004,0.68346,0.04988,-3.4133,-0.86728,0
2.5049,1.2221,0.016416,-6.8267,-3.2405,0
1.9351,1.4529,-0.013187,6.1442,-5.0672,0
0.51046,1.1708,-0.018336,5.9167,-6.635,0
-0.81917,1.0426,-0.035068,-6.3715,-6.7932,0
-1.7689,0.76041,-0.094274,-4.0959,-9.5836,0
-0.81917,0.40132,-0.11358,6.8269,-11.799,0
1.9351,0.70911,-0.13932,3.186,-16.114,0
2.22,0.68346,-0.18308,-8.6471,-19.781,0
1.0803,0.65782,-0.19595,-0.45498,-21.896,0
-0.91415,0.86301,-0.20882,7.282,-23.766,0
-0.34431,0.76041,-0.15348,-1.1377,-22.37,0
2.6949,0.58087,-0.064671,-7.7369,-21.997,0
3.0747,0.37567,-0.035068,1.1379,-19.94,0
-0.24933,0.47827,-0.080116,6.3718,-18.703,0
-2.9086,0.52957,-0.10328,-4.3235,-17.897,0
-2.1488,0.60652,-0.13932,-7.7369,-16.186,0
-1.0091,1.0939,-0.15219,5.0064,-15.639,0
0.22554,1.0939,-0.18694,5.6891,-13.036,0
1.4602,0.83736,-0.14833,-6.8267,-11.899,0
1.0803,0.37567,-0.036355,-5.9164,-10.058,0
1.5552,-0.034715,0.12324,7.282,-8.922,0
1.6501,-0.6503,0.20433,1.5931,-9.2528,0
0.32051,-0.67595,0.19532,-7.7369,-8.6199,0
-0.43928,0.067882,0.13225,-0.9101,-9.972,0
-0.62923,0.52957,0.053741,7.9647,-9.7706,0
-1.0091,1.1452,-0.027345,-0.68254,-10.202,0
-1.8639,1.299,-0.063384,-8.6471,-10.087,0
-0.7242,0.99126,-0.069819,2.0482,-9.0083,0
0.89035,0.40132,-0.08269,6.3718,-9.0371,0
0.41548,0.016583,-0.080116,-5.4613,-7.2823,0
-1.1991,0.093531,-0.098135,-6.144,-7.3542,0
-2.9086,0.70911,-0.10843,5.9167,-6.5056,0
-3.2885,0.96561,-0.073681,3.8687,-6.2035,0
-2.7186,1.0169,-0.047939,-6.5991,-6.3474,0
-3.4784,0.50392,-0.032494,-2.2755,-4.9234,0
-3.7634,0.55522,0.00097052,7.0545,-5.1679,0
-3.0036,0.83736,0.034435,0.2277,-4.0029,0
-2.3388,0.73476,0.039583,-7.5093,-4.607,0
-1.579,0.37567,0.05889,0.2277,-5.0241,0
-0.91415,0.70911,0.091067,7.0545,-4.7796,0
-0.24933,0.93996,0.12324,-2.2755,-5.6138,0
0.13056,1.0169,0.17087,-7.0542,-4.5351,0
0.60543,1.0426,0.25324,3.6411,-4.9666,0
1.2702,0.50392,0.34848,6.1442,-3.7871,0
-0.53425,-0.18861,0.3665,-5.0062,-3.1255,0
-3.4784,-0.4964,0.36393,-5.9164,-3.37,0
-3.6684,-0.3938,0.38452,5.9167,-2.5789,0
-1.7689,0.016583,0.33433,4.0962,-3.2837,0
1.8401,0.19613,0.22621,-7.7369,-2.0611,0
4.0245,-0.034715,0.14641,-3.8684,-2.018,0
4.2144,0.14483,0.11938,7.0545,-1.644,0
3.9295,0.40132,0.075622,1.5931,-0.99673,0
3.7396,0.58087,-0.015762,-7.7369,-1.8166,0
2.8848,1.0939,-0.095561,-0.9101,-1.1262,0
0.98533,1.0939,-0.11487,6.8269,-2.0899,0
-0.7242,0.067882,-0.068532,-1.3652,-1.2988,0
-0.34431,-0.47075,-0.077542,-7.7369,-1.1118,0
2.125,-0.6503,-0.14704,3.186,-1.1406,0
2.9798,-0.88114,-0.19467,5.9167,-0.56523,0
2.315,-0.93244,-0.17793,-5.9164,-1.7159,0
0.89035,-0.75289,-0.14962,-6.3715,-1.083,0
-1.294,-0.88114,-0.16506,6.3718,-1.946,0
-2.1488,-0.95809,-0.20496,2.7309,-1.6008,0
-1.389,-1.2659,-0.22942,-7.2818,-1.4282,0
-0.81917,-1.6763,-0.22813,-3.6408,-1.9317,0
-0.15436,-1.5737,-0.25516,7.7372,-1.2844,0
0.22554,-1.2146,-0.33367,0.2277,-2.4926,0
-0.34431,-0.82984,-0.37872,-8.8747,-2.018,0
-0.24933,-0.67595,-0.32209,0.68281,-2.2049,0
0.89035,-1.3428,-0.1715,7.282,-0.83852,0
1.0803,-1.4454,-0.059523,-2.503,0.81558,0
-0.53425,-1.1889,-0.032494,-7.5093,-0.047428,0
-0.43928,-0.599,-0.054374,3.6411,-0.26318,0
1.8401,-0.5477,-0.089126,6.8269,-2.6221,0
2.8848,-0.34251,-0.095561,-5.2337,-2.9816,0
1.9351,-0.21426,-0.058236,-5.2337,-2.809,0
1.0803,-0.21426,-0.00031657,5.4616,-2.0899,0
-0.15436,-0.13731,0.11938,5.0064,-0.29195,0
-1.389,0.19613,0.18889,-6.3715,-1.0255,0
-1.579,0.067882,0.20176,-3.6408,-0.78098,0
-1.1041,-0.57335,0.22364,7.5096,-2.1906,0
-0.43928,-0.90679,0.2468,1.8206,-2.4495,0
1.6501,-0.72725,0.27255,-9.1023,-1.7015,0
2.7898,-0.41945,0.30987,-0.9101,-1.6296,0
1.6501,-0.034715,0.34848,7.0545,-0.076195,0
0.32051,-0.31686,0.37809,-1.5928,-0.78098,0
0.22554,-0.31686,0.35363,-7.9645,-0.40701,0
-0.91415,-0.4964,0.34334,3.8687,-1.1406,0
-1.9589,-0.80419,0.37551,5.6891,-1.831,0
-2.1488,-1.2659,0.42056,-6.8267,-1.2413,0
-2.1488,-1.3685,0.42571,-6.144,-1.7591,0
-1.579,-1.1633,0.43729,6.1442,-0.2488,0
0.22554,-0.98374,0.47719,2.9584,-0.60838,0
1.4602,-0.57335,0.47076,-7.9645,0.010105,0
1.0803,-0.47075,0.37037,-3.1857,0.067639,0
1.5552,-1.0607,0.29314,7.5096,-0.60838,0
2.125,-1.0863,0.30086,-0.22742,-0.076195,0
2.6949,-1.035,0.26611,-7.9645,-1.1981,0
3.5496,-1.035,0.23393,1.5931,-0.72345,0
3.2647,-1.3172,0.22235,5.9167,-1.4426,0
2.5999,-1.625,0.21978,-4.5511,-1.6296,0
2.22,-1.3941,0.25839,-7.2818,-1.5002,0
2.125,-1.0863,0.33175,3.6411,-2.2912,0
1.5552,-1.1889,0.3472,4.7789,-1.5865,0
0.32051,-0.41945,0.34205,-7.2818,-2.4926,0
1.6501,0.067882,0.33819,-5.6889,-1.7878,0
2.22,-0.23991,0.26096,6.8269,-1.8166,0
1.3652,-0.75289,0.17344,1.3655,-1.7159,0
0.79538,-0.75289,0.10909,-7.7369,-0.66591,0
0.41548,-0.6503,0.096215,-2.503,-1.1406,0
-0.34431,-0.31686,0.15156,7.7372,0.096406,0
0.41548,-0.4451,0.17215,0.00013542,-0.53646,0
0.7004,-0.80419,0.12968,-8.192,-0.22003,0
-0.43928,-0.98374,0.076909,1.3655,0.053256,0
-1.9589,-0.80419,0.067899,6.5994,0.12517,0
-1.6739,-0.85549,0.073047,-3.4133,1.0026,0
-1.484,-0.98374,0.074335,-7.7369,-0.55085,0
-1.0091,-1.0094,0.073047,5.0064,-0.72345,0
1.4602,-0.98374,0.07176,5.4616,-2.0755,0
2.03,-1.0094,0.070473,-6.3715,-2.2049,0
1.1753,-1.2915,-0.026058,-4.0959,-1.5865,0
-0.059385,-0.85549,-0.17021,7.5096,-1.5865,0
-0.059385,-0.16296,-0.241,2.5033,-0.22003,0
2.22,0.32437,-0.30278,-7.5093,-0.98235,0
2.4099,0.11918,-0.32209,0.45525,-0.5077,0
0.41548,-0.31686,-0.27447,7.7372,-0.8529,0
-1.294,-0.5477,-0.18437,-1.8203,-1.1981,0
-1.0091,-0.21426,-0.14962,-7.9645,-0.26318,0
-0.7242,0.11918,-0.17021,3.4135,-0.594,0
-1.579,-0.034715,-0.16506,6.5994,0.74366,0
-1.9589,-0.3938,-0.14704,-4.5511,0.41284,0
-2.2438,-0.75289,-0.17665,-6.5991,0.67174,0
-2.0538,-0.67595,-0.21397,4.5513,0.77243,0
-1.579,-0.13731,-0.23199,4.0962,0.13956,0
-1.0091,0.37567,-0.20239,-6.5991,1.1176,0
-1.6739,0.32437,-0.20754,-3.8684,0.39846,0
-2.7186,0.016583,-0.19982,7.0545,1.2039,0
-2.1488,-0.0090658,-0.20754,0.45525,1.0601,0
-1.9589,-0.060364,-0.19595,-9.5574,0.84434,0
-2.5287,0.042233,-0.1715,-1.5928,1.5923,0
-1.8639,-0.34251,-0.19853,7.282,0.98818,0
-2.1488,-0.26556,-0.22427,-2.2755,1.995,0
-1.7689,-0.21426,-0.20882,-8.4196,1.4197,0
-0.53425,-0.21426,-0.13804,2.5033,1.9806,0
0.89035,-0.16296,-0.032494,7.0545,2.2539,0
2.315,-0.7016,0.024138,-4.0959,2.0094,0
2.5999,-1.1376,-0.014475,-7.0542,2.858,0
0.7004,-0.3938,-0.099422,4.7789,1.9231,0
0.7004,0.55522,-0.10457,4.5513,2.8005,0
1.4602,0.22178,-0.08269,-6.8267,2.4121,0
0.51046,-0.086014,-0.083977,-4.7786,2.7142,0
0.22554,0.067882,-0.063384,6.8269,3.2464,0
0.98533,0.70911,0.0061189,1.5931,2.6423,0
1.5552,0.73476,0.091067,-7.9645,3.5628,0
0.22554,0.88866,0.12324,-0.68254,2.6423,0
-1.579,0.73476,0.073047,7.5096,3.0738,0
-1.579,0.37567,0.020277,-1.5928,2.8293,0
-0.81917,0.47827,0.0048318,-7.5093,2.3115,0
-0.7242,0.55522,0.034435,3.6411,2.9875,0
0.51046,0.32437,0.060177,6.8269,2.1532,0
2.7898,-0.0090658,0.12067,-4.3235,3.1888,0
4.6893,-0.13731,0.18116,-5.9164,2.671,0
4.8792,-0.21426,0.17215,6.5994,2.8724,0
2.6949,-0.36816,0.11166,4.0962,3.1601,0
0.22554,0.17048,0.08077,-7.2818,2.5272,0
-0.24933,0.45262,0.074335,-4.0959,3.3614,0
0.79538,-0.11166,0.04988,6.8269,2.4265,0
0.98533,-0.5477,0.083344,1.1379,3.0306,0
-1.1991,-0.85549,0.11681,-7.9645,2.7286,0
-3.0036,-0.4964,0.093641,0.2277,2.5991,0
-3.0036,-0.52205,0.0061189,7.9647,3.1457,0
-2.4337,-0.5477,-0.074968,-2.2755,2.2683,0
-0.91415,-0.086014,-0.13932,-7.7369,3.0882,0
1.5552,-0.36816,-0.15219,3.6411,2.3115,0
2.03,-0.23991,-0.095561,4.7789,2.6567,0
2.03,-0.41945,-0.06081,-5.6889,2.6998,0
1.3652,-0.52205,-0.031207,-5.4613,2.2108,0
0.035589,-0.599,-0.027345,6.1442,3.1313,0
-0.62923,-0.34251,-0.064671,2.9584,2.3978,0
-0.43928,0.016583,-0.10457,-7.9645,3.1169,0
-0.24933,0.11918,-0.10328,-1.8203,2.6567,0
1.1753,-0.0090658,-0.068532,7.9647,2.6279,0
1.8401,0.11918,-0.031207,-0.22742,3.0019,0
1.7451,0.24743,0.007406,-8.192,2.369,0
0.51046,0.70911,0.037009,1.3655,3.3327,0
-0.53425,0.73476,-0.013187,7.282,2.556,0
-2.4337,0.63217,-0.089126,-2.7306,3.3471,0
-3.5734,0.65782,-0.077542,-7.7369,3.1169,0
-1.579,0.91431,-0.059523,3.6411,2.6423,0
1.6501,0.99126,-0.050513,5.4616,3.1888,0
2.5049,0.76041,-0.050513,-5.0062,2.369,0
0.89035,0.65782,-0.0041778,-5.2337,3.4334,0
-0.34431,0.58087,0.046019,7.0545,3.0019,0
-0.62923,0.35002,0.08077,3.186,3.419,0
-0.24933,-0.0090658,0.11552,-7.7369,3.6779,0
-0.62923,-0.16296,0.15285,-2.2755,2.9875,0
-1.0091,-0.16296,0.18374,7.5096,3.8936,0
-0.059385,-0.4451,0.167,1.8206,3.1025,0
1.4602,-0.23991,0.076909,-7.9645,3.908,0
2.9798,-0.23991,0.0022576,0.68281,3.8936,0
2.7898,-0.16296,0.012554,7.282,3.7929,0
1.8401,-0.18861,0.024138,-1.8203,4.5553,0
1.4602,-0.47075,0.007406,-7.9645,3.8217,0
1.1753,-1.0607,0.034435,4.3238,4.8142,0
0.7004,-1.3941,0.094928,6.5994,4.1238,0
0.98533,-1.3685,0.12324,-5.4613,4.584,0
1.4602,-0.6503,0.085918,-6.144,4.7566,0
1.5552,0.17048,0.035722,6.1442,4.7135,0
0.7004,0.093531,0.017703,3.8687,5.9073,0
-0.34431,-0.31686,0.024138,-7.5093,4.9436,0
-0.62923,-0.52205,0.087205,-3.6408,5.1881,0
-0.24933,-0.11166,0.14641,7.7372,4.0087,0
-0.62923,0.17048,0.13354,2.2757,3.6779,0
-1.1991,0.042233,0.093641,-9.1023,4.1094,0
0.035589,0.32437,0.087205,-0.68254,3.8361,0
0.13056,0.32437,0.021564,7.5096,5.1162,0
-2.4337,0.24743,-0.0041778,-1.8203,4.4977,0
-3.3835,0.24743,0.070473,-8.4196,5.1162,0
-1.579,0.22178,0.16443,2.9584,4.7279,0
0.22554,0.17048,0.12324,6.8269,4.3683,0
0.60543,0.17048,-0.0080391,-5.0062,4.8717,0
0.51046,0.42697,-0.059523,-5.6889,4.1238,0
0.79538,0.32437,-0.047939,6.3718,5.0874,0
0.7004,0.42697,-0.045365,3.186,4.3395,0
0.7004,0.55522,-0.026058,-7.5093,4.5121,0
0.89035,0.60652,-0.026058,-2.9581,4.2388,0
0.79538,0.86301,-0.065958,7.7372,3.3758,0
0.79538,0.76041,-0.14833,1.1379,3.8361,0
1.4602,0.37567,-0.21655,-8.192,2.8293,0
1.1753,0.22178,-0.17922,0.00013542,3.5916,0
-0.34431,0.65782,-0.15091,7.7372,3.2464,0
-0.15436,0.47827,-0.23328,-1.5928,3.2895,0
0.035589,0.32437,-0.34011,-7.9645,3.5197,0
-0.91415,0.45262,-0.34268,4.3238,2.5847,0
-1.7689,0.35002,-0.27833,5.9167,3.3471,0
-1.1991,0.42697,-0.21269,-5.2337,2.3546,0
0.79538,0.32437,-0.1818,-5.0062,2.9443,0
2.9798,0.067882,-0.12774,6.5994,2.9731,0
4.8792,-0.34251,-0.049226,2.5033,2.556,0
4.7843,-0.34251,0.017703,-7.2818,3.3039,0
2.5049,-0.47075,0.070473,-1.3652,2.3546,0
-0.7242,-0.77854,0.13225,8.6474,3.1169,0
-1.389,-1.0607,0.16829,1.8206,2.4409,0
0.22554,-1.035,0.17859,-7.5093,2.6567,0
0.32051,-1.0607,0.21463,1.3655,2.9587,0
-0.24933,-0.7016,0.23651,7.5096,2.4841,0
-0.43928,-0.41945,0.26225,-1.8203,3.3902,0
-0.7242,-0.67595,0.27383,-6.8267,2.5128,0
-0.059385,0.27308,0.26482,4.3238,3.1457,0
0.7004,0.86301,0.17859,5.9167,2.6998,0
-0.24933,1.4786,0.082057,-5.2337,2.6135,0
-0.91415,1.812,0.11681,-5.4613,2.9731,0
0.22554,1.6581,0.167,6.3718,2.2971,0
2.22,1.5042,0.15413,3.8687,3.2032,0
2.03,1.6838,0.13869,-7.7369,2.369,0
0.41548,1.7864,0.13611,-3.8684,2.9587,0
-0.53425,1.4016,0.13225,8.1923,2.8293,0
-1.1991,0.81171,0.1374,1.5931,2.4265,0
-2.5287,0.65782,0.1374,-8.4196,2.9875,0
-2.9086,0.60652,0.12196,0.45525,2.2108,0
-1.8639,0.68346,0.043444,7.282,3.0882,0
0.035589,0.63217,0.04087,-3.1857,2.6135,0
2.125,0.37567,0.05889,-7.7369,2.9299,0
2.5049,0.50392,0.044732,3.8687,3.0882,0
0.32051,0.78606,0.04988,6.1442,2.369,0
-1.484,1.299,0.070473,-6.8267,3.0594,0
-1.579,1.4016,0.04988,-5.4613,2.0382,0
-0.34431,1.4786,-0.023484,6.8269,2.6854,0
0.035589,1.7351,-0.083977,2.7309,2.3258,0
-0.43928,2.325,-0.11873,-7.0542,2.2108,0
-0.62923,2.1198,-0.08269,-1.5928,2.6998,0
-1.1991,1.1708,-0.072394,7.282,1.995,0
-1.294,0.96561,-0.10972,0.45525,3.1169,0
-0.43928,0.76041,-0.16506,-7.7369,2.4697,0
0.51046,1.4016,-0.19081,2.2757,2.6423,0
0.13056,1.4529,-0.21783,7.282,2.2252,0
-0.15436,0.45262,-0.19595,-3.1857,1.2327,0
-0.62923,-0.086014,-0.15605,-6.5991,1.7649,0
-0.15436,0.29873,-0.10071,5.234,0.62859,0
0.60543,0.73476,-0.032494,5.6891,1.319,0
0.41548,0.70911,0.00097052,-6.144,0.68613,0
-0.91415,0.86301,0.0099801,-4.7786,0.68613,0
-1.7689,1.2221,0.0086931,7.0545,1.0889,0
-1.6739,0.93996,-0.015762,3.186,0.34092,0
-0.62923,0.83736,-0.041503,-7.7369,1.3478,0
-0.059385,0.73476,-0.069819,-1.8203,0.39846,0
0.13056,0.37567,-0.13546,8.4198,0.88749,0
0.41548,0.24743,-0.15091,0.45525,0.71489,0
0.98533,0.65782,-0.080116,-7.7369,0.25462,0
-0.24933,0.99126,0.027999,1.5931,0.81558,0
-2.0538,0.78606,0.10136,6.5994,-0.090578,0
-2.4337,0.35002,0.10394,-3.1857,0.71489,0
-1.1991,0.016583,0.073047,-7.2818,-0.004278,0
-0.24933,-0.16296,0.05889,4.7789,0.21147,0
0.7004,0.32437,0.061464,6.3718,0.29777,0
0.89035,0.27308,0.020277,-6.5991,-0.1625,0
0.98533,0.22178,-0.022197,-5.6889,0.59983,0
0.7004,0.73476,0.039583,7.282,-0.20565,0
0.41548,0.42697,0.15156,4.0962,0.48476,0
-1.389,-0.0090658,0.20176,-8.4196,0.096406,0
-3.0036,0.093531,0.10136,-3.1857,-0.047428,0
-2.5287,0.91431,-0.058236,7.282,0.58544,0
-1.1041,1.3247,-0.081403,0.2277,-0.1625,0
-0.91415,1.4529,-0.02992,-8.4196,0.87311,0
-1.579,1.4529,0.013841,1.5931,0.13956,0
-1.579,1.4273,0.061464,7.282,0.49914,0
0.98533,0.65782,0.048593,-2.7306,0.51352,0
3.1697,0.58087,-0.013187,-7.2818,0.038872,0
2.7898,0.32437,-0.027345,3.8687,0.85873,0
0.79538,0.016583,-0.02992,5.234,0.067639,0
-0.24933,-0.4451,-0.022197,-7.0542,0.84434,0
0.035589,-0.34251,-0.049226,-4.0959,0.55667,0
0.79538,-0.21426,-0.0917,7.0545,0.62859,0
1.2702,-0.4451,-0.14576,1.5931,1.132,0
0.60543,-0.34251,-0.17793,-7.9645,0.25462,0
-1.294,-0.52205,-0.15863,-0.22742,1.1608,0
-1.1041,-0.5477,-0.14833,7.5096,0.42722,0
0.79538,-0.93244,-0.08269,-0.9101,0.94503,0
1.4602,-1.2146,0.0035447,-7.0542,1.0026,0
0.13056,-0.85549,-0.0093262,3.186,0.62859,0
-1.484,-0.599,-0.08269,6.8269,1.5491,0
-1.1041,-0.41945,-0.12259,-5.0062,0.91626,0
0.32051,-0.034715,-0.094274,-6.5991,1.9662,0
0.7004,-0.086014,-0.044078,5.4616,1.693,0
1.0803,-0.85549,0.021564,5.234,1.9231,0
0.41548,-1.0863,0.10522,-6.3715,2.4553,0
-0.81917,-1.0094,0.167,-2.9581,1.9231,0
-2.6237,-0.5477,0.20176,7.282,3.045,0
-2.3388,-0.23991,0.19146,2.0482,2.2827,0
0.41548,-0.41945,0.12067,-7.7369,3.0738,0
2.5049,-0.11166,0.034435,-1.3652,3.0306,0
1.3652,-0.31686,-0.037642,7.7372,3.045,0
0.51046,-0.034715,-0.059523,-1.3652,3.6635,0
0.60543,-0.13731,0.0099801,-8.6471,2.9587,0
-1.1991,-0.41945,0.042157,2.9584,4.0375,0
-4.0483,-0.31686,-0.023484,6.3718,3.4477,0
-4.5231,-0.0090658,-0.13289,-5.2337,3.9224,0
-3.5734,-0.086014,-0.19209,-5.9164,4.1957,0
-2.0538,-0.3938,-0.19982,6.3718,3.6779,0
-1.0091,-0.086014,-0.17021,4.7789,4.6559,0
-0.34431,-0.086014,-0.074968,-6.8267,3.9799,0
1.4602,-0.3938,0.043444,-5.0062,4.7279,0
3.1697,-0.5477,0.11295,7.5096,4.4546,0
2.6949,-0.599,0.12839,2.5033,4.2676,0
2.4099,-1.0094,0.13483,-8.6471,4.9148,0
2.4099,-1.3685,0.12067,-0.22742,4.0087,0
0.7004,-0.88114,0.067899,7.282,4.8573,0
-0.24933,-0.16296,0.01899,-1.8203,4.1381,0
-0.15436,-0.086014,0.020277,-8.192,4.5121,0
0.60543,-0.16296,0.039583,3.8687,4.6847,0
0.98533,0.35002,-0.0041778,6.3718,4.2244,0
0.98533,0.47827,-0.077542,-5.4613,5.1018,0
0.7004,0.32437,-0.099422,-5.6889,4.2101,0
0.7004,0.24743,-0.073681,6.5994,4.9724,0
0.89035,-0.0090658,-0.080116,3.8687,4.4833,0
0.41548,-0.18861,-0.086552,-7.5093,4.4833,0
-0.7242,0.016583,-0.02091,-2.9581,4.7422,0
-0.7242,0.22178,0.029286,7.7372,4.095,0
-0.15436,-0.0090658,0.0022576,1.1379,5.0874,0
0.13056,0.067882,-0.02091,-6.3715,4.2244,0
-0.53425,0.17048,-0.0080391,1.5931,4.9436,0
-1.1041,0.042233,-0.006752,7.0545,4.7566,0
-3.9533,-0.36816,-0.067245,-3.4133,4.4977,0
-6.0427,-0.52205,-0.12516,-7.0542,5.3032,0
-4.1432,-0.34251,-0.089126,5.6891,4.4546,0
0.035589,-0.47075,-0.026058,5.6891,5.4614,0
2.22,-0.75289,0.0035447,-6.3715,4.7422,0
2.5999,-0.72725,0.044732,-4.5511,4.9868,0
1.8401,-0.6503,0.052454,7.0545,4.9292,0
1.1753,-0.85549,-0.0054649,2.9584,4.397,0
0.79538,-0.98374,-0.024771,-7.7369,5.0443,0
-0.15436,-1.2915,0.038296,-1.1377,4.0806,0
-1.6739,-1.4198,0.076909,7.7372,4.6991,0
-1.1041,-0.90679,0.04087,-0.22742,4.1094,0
1.2702,-0.4964,-0.02992,-7.5093,4.0806,0
2.03,-0.47075,-0.072394,2.0482,4.4114,0
0.7004,-0.26556,-0.038929,6.3718,3.5772,0
-0.91415,0.042233,0.039583,-4.5511,4.397,0
-1.389,-0.31686,0.046019,-6.5991,3.5916,0
-1.579,-1.035,0.020277,5.0064,4.1813,0
-1.484,-1.3941,0.0035447,3.4135,4.1238,0
0.51046,-1.3941,0.027999,-7.5093,3.9224,0
1.9351,-1.4198,0.066612,-4.0959,4.6991,0
0.32051,-1.625,0.027999,8.1923,4.0231,0
-1.1991,-1.5737,-0.023484,1.3655,4.9292,0
-0.15436,-1.4454,-0.058236,-7.7369,4.1669,0
1.0803,-0.88114,-0.081403,-0.45498,4.1381,0
2.6949,-0.41945,-0.11358,6.8269,4.1669,0
3.5496,-0.4964,-0.10714,-1.8203,3.4909,0
2.03,-0.75289,-0.13417,-7.7369,4.282,0
-0.34431,-0.4964,-0.17536,3.4135,3.3327,0
-1.1041,0.47827,-0.23199,6.3718,3.9368,0
-0.059385,1.1452,-0.3105,-5.4613,3.5484,0
1.1753,0.91431,-0.30922,-5.6889,3.419,0
-0.34431,0.19613,-0.20496,6.8269,3.9224,0
-2.3388,-0.36816,-0.11487,3.186,3.232,0
-1.294,-0.62465,-0.045365,-7.9645,4.2532,0
0.22554,-0.80419,-0.0054649,-2.503,3.534,0
0.79538,-0.4964,0.01899,8.1923,4.1669,0
0.51046,-0.26556,-0.010613,0.91037,4.095,0
-1.0091,-0.21426,-0.062097,-7.5093,3.8505,0
-1.294,-0.18861,-0.071106,1.8206,4.5409,0
0.13056,0.067882,-0.040216,7.282,3.7786,0
1.1753,0.40132,0.01899,-3.1857,4.6703,0
0.60543,0.55522,0.055028,-6.5991,4.0518,0
-0.24933,0.60652,0.062751,4.7789,4.3539,0
-1.0091,0.37567,0.13998,5.6891,4.5553,0
-1.389,0.99126,0.21334,-6.144,4.0231,0
-0.34431,1.3247,0.18631,-5.6889,5.0299,0
0.89035,1.6838,0.13225,6.8269,4.1381,0
1.5552,1.6325,0.13998,3.186,4.8573,0
0.89035,1.7094,0.2275,-7.2818,4.4258,0
0.41548,1.6068,0.35878,-2.503,4.1669,0
-0.24933,1.7607,0.38967,7.9647,4.6847,0
-0.15436,1.8377,0.3871,0.91037,3.8361,0
0.13056,1.5812,0.35878,-8.192,4.7422,0
-0.53425,1.0169,0.32403,0.00013542,4.1381,0
-0.059385,0.91431,0.34334,6.8269,4.3827,0
0.035589,0.73476,0.4167,-1.8203,4.6128,0
-0.53425,0.17048,0.47462,-8.4196,3.9655,0
-0.43928,-0.13731,0.42442,2.7309,4.771,0
-1.0091,0.042233,0.2867,6.1442,3.8361,0
-2.4337,0.17048,0.17215,-5.0062,4.5409,0
-2.8136,-0.034715,0.1374,-7.2818,4.1238,0
-2.4337,-0.7016,0.13354,5.4616,4.0518,0
-2.6237,-0.95809,0.13354,4.5513,4.5409,0
-2.2438,-1.2659,0.084631,-7.5093,3.7929,0
-0.15436,-0.62465,-0.010613,-5.0062,4.8142,0
0.89035,-0.086014,-0.056948,6.5994,4.0375,0
-0.24933,-0.034715,-0.072394,1.3655,4.6559,0
0.41548,-0.36816,-0.098135,-7.5093,4.7135,0
1.1753,-0.31686,-0.11615,-0.68254,4.4833,0
0.60543,-0.4451,-0.072394,6.8269,5.3176,0
0.22554,-0.77854,-0.077542,-1.3652,4.3683,0
0.51046,-0.23991,-0.11229,-7.7369,5.1306,0
0.89035,0.093531,-0.14576,3.4135,4.3395,0
0.98533,0.24743,-0.2011,6.5994,4.6128,0
1.2702,0.19613,-0.26546,-4.3235,4.9436,0
1.5552,0.17048,-0.24486,-6.144,4.4977,0
1.0803,-0.47075,-0.21269,5.6891,5.5333,0
1.3652,-0.93244,-0.22427,3.6411,4.6559,0
1.6501,-0.7016,-0.25773,-7.5093,5.3607,0
0.7004,-0.3938,-0.24615,-2.9581,5.1594,0
-1.294,-0.21426,-0.16893,7.5096,5.1306,0
-1.8639,-0.41945,-0.11101,0.2277,5.7922,0
0.32051,-0.29121,-0.083977,-8.6471,5.2888,0
1.6501,-0.4451,-0.086552,1.1379,6.3963,0
1.1753,-1.0863,-0.0518,7.5096,5.7059,0
1.2702,-0.85549,-0.013187,-2.7306,6.31,0
1.5552,-0.16296,0.0061189,-7.2818,6.382,0
0.13056,-0.16296,0.044732,4.5513,6.0368,0
-0.24933,-0.599,0.027999,6.1442,6.8566,0
2.5999,-0.67595,-0.053087,-5.6889,6.2094,0
3.4546,0.042233,-0.086552,-5.6889,7.3456,0
2.125,0.52957,-0.069819,6.8269,6.7703,0
0.89035,0.60652,-0.067245,2.9584,6.8566,0
-0.91415,0.32437,-0.072394,-7.7369,7.1874,0
-1.0091,0.27308,-0.095561,-2.0479,6.497,0
1.6501,0.45262,-0.10071,7.5096,7.2737,0
2.6949,0.37567,-0.11744,0.45525,6.2094,0
2.5999,0.19613,-0.12645,-8.192,6.6265,0
1.9351,-0.034715,-0.10714,0.45525,6.0943,0
0.7004,-0.18861,-0.10586,6.3718,5.7922,0
-0.15436,-0.18861,-0.085264,-3.8684,6.3532,0
-1.1991,-0.16296,-0.026058,-8.192,5.5765,0
-0.7242,-0.23991,0.051167,4.5513,6.4107,0
-0.059385,-0.4964,0.083344,5.6891,5.6053,0
-0.81917,-0.95809,0.092354,-6.5991,5.9648,0
-1.294,-0.88114,0.053741,-4.5511,5.9217,0
-0.43928,-0.85549,-0.026058,7.9647,5.6053,0
-0.62923,-0.52205,-0.10586,3.186,6.3388,0
-1.294,-0.52205,-0.1213,-7.7369,5.5333,0
-1.0091,-0.80419,-0.090413,-1.3652,6.4107,0
-0.24933,-0.95809,-0.089126,7.7372,5.9073,0
-0.15436,-0.23991,-0.11358,-0.68254,5.9505,0
-1.0091,-0.13731,-0.067245,-7.9645,6.2669,0
-1.484,-0.62465,0.04087,2.0482,5.5046,0
0.22554,-0.67595,0.094928,6.8269,6.3676,0
1.1753,-0.11166,0.075622,-3.6408,5.4614,0
1.0803,-0.060364,0.083344,-6.3715,6.0368,0
1.3652,-0.3938,0.11166,5.4616,5.8498,0
1.9351,-0.5477,0.079483,5.0064,5.4614,0
1.3652,-0.599,0.035722,-6.144,6.008,0
0.13056,-0.6503,0.026712,-4.0959,5.0587,0
0.41548,-0.85549,0.037009,7.5096,5.8785,0
1.2702,-0.90679,0.0022576,1.3655,5.0874,0
1.1753,-0.67595,0.0022576,-8.192,5.4327,0
1.3652,-0.36816,0.093641,0.68281,5.447,0
1.6501,-0.21426,0.15027,8.1923,5.0299,0
0.51046,0.067882,0.1477,-1.1377,5.8642,0
-0.34431,-0.086014,0.1181,-7.9645,4.9005,0
-0.53425,-0.13731,0.11166,2.9584,5.6916,0
-0.81917,-0.18861,0.12453,6.1442,5.2169,0
-0.15436,-0.41945,0.14255,-5.2337,5.1737,0
0.98533,-0.82984,0.098789,-6.3715,5.5909,0
1.6501,-0.95809,0.007406,6.1442,4.8429,0
0.89035,-0.26556,-0.086552,3.186,5.8354,0
1.4602,0.52957,-0.10843,-7.7369,5.0011,0
1.6501,0.19613,-0.077542,-2.9581,5.5909,0
0.7004,0.19613,-0.036355,6.8269,5.4039,0
-0.43928,0.19613,-0.0518,0.00013542,5.1018,0
-1.1991,0.42697,-0.087839,-8.192,5.7491,0
-1.1041,0.81171,-0.083977,0.00013542,4.9148,0
0.79538,0.52957,-0.037642,6.8269,5.8785,0
1.7451,0.50392,-0.0041778,-2.9581,5.3176,0
1.8401,1.0426,0.0048318,-7.2818,5.5765,0
0.7004,0.65782,-0.023484,4.5513,5.634,0
-0.43928,0.35002,0.007406,5.234,4.7422,0
-1.1041,0.22178,0.096215,-6.3715,5.3895,0
-1.294,0.19613,0.15285,-4.7786,4.469,0
-1.1991,0.22178,0.11166,6.8269,5.145,0
-0.24933,0.22178,0.021564,2.7309,4.9148,0
0.89035,0.37567,-0.077542,-8.192,4.771,0
1.4602,0.81171,-0.11101,-0.68254,5.2888,0
0.41548,0.73476,-0.13804,7.5096,4.4402,0
0.035589,0.45262,-0.10071,-0.68254,5.2169,0
0.7004,0.067882,-0.058236,-8.192,4.3683,0
-0.059385,0.29873,-0.058236,3.186,4.8142,0
-1.1991,0.52957,-0.069819,6.3718,4.7998,0
0.22554,0.35002,-0.047939,-4.0959,4.3107,0
0.89035,0.52957,-0.063384,-6.144,5.1594,0
0.89035,0.58087,-0.14061,6.3718,4.1238,0
0.41548,0.35002,-0.21912,4.3238,4.9292,0
-0.91415,0.19613,-0.30278,-6.5991,4.2244,0
-0.91415,0.52957,-0.3414,-3.6408,4.2676,0
0.89035,1.3247,-0.30922,7.7372,4.3827,0
1.4602,1.2734,-0.26417,1.3655,3.6923,0
0.60543,0.91431,-0.25387,-7.2818,4.469,0
-0.62923,0.40132,-0.25516,0.91037,3.5197,0
-2.4337,0.042233,-0.2217,8.1923,4.0375,0
-3.4784,-0.18861,-0.18051,-2.503,3.4909,0
-2.6237,-0.21426,-0.18437,-7.9645,3.1169,0
-0.43928,-0.47075,-0.20368,3.186,3.4477,0
-0.059385,-0.82984,-0.16506,5.9167,2.4409,0
-0.34431,-0.23991,-0.10586,-5.0062,3.2464,0
-0.24933,0.63217,-0.065958,-5.4613,2.4984,0
-0.059385,0.68346,-0.065958,6.5994,2.8005,0
-0.15436,0.60652,-0.10714,3.4135,2.8149,0
-0.059385,0.40132,-0.15219,-6.8267,2.2683,0
0.60543,0.24743,-0.21912,-2.9581,2.9731,0
-0.24933,0.99126,-0.19853,7.5096,2.0094,0
-0.91415,1.3503,-0.14833,0.2277,2.6567,0
-0.24933,1.1708,-0.095561,-8.8747,2.0669,0
0.7004,1.0682,-0.078829,0.45525,1.9806,0
0.79538,1.2734,-0.072394,6.5994,2.2539,0
0.13056,1.4273,-0.047939,-2.0479,1.4628,0
0.13056,1.4529,-0.045365,-7.5093,2.2252,0
0.13056,1.1708,-0.049226,4.0962,1.2758,0
-0.53425,0.83736,-0.026058,6.3718,1.7793,0
0.32051,0.37567,-0.023484,-5.4613,1.5347,0
1.6501,0.45262,0.007406,-5.0062,1.2183,0
1.5552,0.58087,0.07176,6.5994,1.8368,0
1.0803,0.58087,0.1181,2.9584,0.91626,0
0.51046,0.55522,0.18116,-7.2818,1.8656,0
-0.24933,0.58087,0.22879,-1.5928,1.1176,0
-1.1991,0.63217,0.20562,7.282,1.3621,0
-1.389,1.0939,0.14641,0.91037,1.4772,0
-0.91415,0.83736,0.069186,-7.5093,0.88749,0
-0.81917,0.70911,-0.0093262,0.68281,1.7361,0
-0.91415,0.60652,-0.090413,7.282,0.88749,0
-2.0538,0.58087,-0.13675,-2.7306,1.808,0
-3.3835,0.86301,-0.12903,-7.0542,1.3478,0
-1.294,1.2221,-0.17021,4.7789,1.3765,0
0.79538,1.0939,-0.24615,5.9167,1.8943,0
0.98533,0.78606,-0.27318,-6.3715,1.2039,0
0.41548,0.60652,-0.21655,-5.4613,2.2827,0
-0.34431,0.52957,-0.17407,7.282,1.6354,0
-0.7242,-0.086014,-0.14447,2.9584,2.2683,0
-0.43928,-0.47075,-0.13804,-7.5093,1.9087,0
-0.059385,-0.34251,-0.099422,-0.9101,1.2183,0
0.41548,0.016583,-0.0917,7.7372,1.4772,0
0.79538,-0.34251,-0.078829,0.2277,0.34092,0
0.13056,-0.52205,-0.086552,-7.7369,1.1752,0
0.51046,0.093531,-0.092987,2.0482,0.39846,0
0.7004,0.73476,-0.0917,6.8269,0.72928,0
0.89035,0.47827,-0.062097,-4.0959,0.74366,0
0.7004,-0.23991,0.026712,-6.8267,0.12517,0
-0.15436,-1.0094,0.074335,4.3238,0.84434,0
-1.1041,-1.3172,-0.022197,4.0962,-0.018661,0
-0.62923,-0.4451,-0.14962,-7.5093,0.80119,0
0.51046,0.78606,-0.23843,-4.5511,0.48476,0
0.13056,1.0426,-0.25902,6.8269,0.51352,0
-1.0091,0.55522,-0.18694,1.1379,0.84434,0
-1.484,0.32437,-0.14704,-8.192,-0.076195,0
-0.53425,0.47827,-0.15992,-0.9101,0.59983,0
0.51046,0.29873,-0.1419,7.282,-0.52208,0
1.6501,0.17048,-0.077542,-1.3652,-0.061812,0
2.7898,0.17048,-0.006752,-8.4196,-0.14811,0
2.03,0.37567,0.037009,2.7309,-0.56523,0
0.7004,0.32437,0.13354,6.3718,0.16832,0
-0.15436,0.47827,0.26482,-5.0062,-0.79537,0
-0.24933,0.32437,0.32274,-6.5991,-0.10496,0
-0.059385,0.016583,0.29185,6.3718,-0.82413,0
-0.81917,0.067882,0.26868,3.6411,-0.75222,0
-1.8639,0.45262,0.27126,-7.2818,-0.43578,0
-1.579,0.35002,0.29958,-2.2755,-1.1693,0
-0.34431,0.042233,0.34334,7.9647,-0.26318,0
0.41548,0.27308,0.41799,1.5931,-1.0974,0
0.22554,0.50392,0.46561,-7.5093,-0.57961,0
-0.34431,0.60652,0.47848,0.45525,-0.7666,0
-0.34431,1.0682,0.42571,7.5096,-1.1981,0
-0.62923,1.1452,0.35621,-2.2755,-0.37825,0
-0.15436,0.29873,0.29185,-7.7369,-1.2125,0
-0.43928,0.11918,0.2867,3.186,-0.27756,0
-1.7689,0.37567,0.30472,6.3718,-0.72345,0
-3.2885,0.60652,0.29443,-3.6408,-0.52208,0
-4.8081,0.32437,0.28156,-5.6889,-0.004278,0
-3.5734,0.22178,0.25453,7.0545,-0.69468,0
-0.7242,0.42697,0.20948,3.8687,0.38407,0
1.6501,0.50392,0.18631,-7.2818,-0.3351,0
1.9351,0.37567,0.26482,-2.9581,0.41284,0
1.0803,-0.0090658,0.36779,7.5096,0.47037,0
-0.059385,-0.18861,0.43601,1.8206,0.16832,0
-1.1991,-0.26556,0.49521,-9.1023,0.93064,0
-0.53425,-0.6503,0.5068,-0.22742,0.12517,0
0.89035,-0.7016,0.50808,7.282,1.0889,0
1.9351,-0.62465,0.44502,-2.0479,0.62859,0
2.125,-0.82984,0.35363,-8.4196,0.91626,0
1.8401,-0.72725,0.31116,3.186,1.3909,0
0.60543,-0.90679,0.31373,6.1442,0.87311,0
-0.7242,-1.2659,0.3369,-6.144,1.9231,0
-1.294,-1.1889,0.30215,-6.3715,1.0169,0
-0.81917,-1.035,0.26611,5.4616,1.7505,0
-0.7242,-0.5477,0.27255,3.186,1.4628,0
-0.91415,-0.5477,0.28928,-7.5093,1.319,0
-1.1991,-1.0607,0.29571,-2.0479,1.8799,0
-2.1488,-1.3428,0.2867,7.282,1.1176,0
-2.8136,-0.98374,0.2571,-1.1377,1.995,0
-2.4337,-0.41945,0.20819,-8.8747,1.1608,0
-0.62923,-0.7016,0.18889,2.5033,1.5635,0
0.41548,-0.95809,0.23651,7.5096,1.6498,0
0.79538,-1.2915,0.26611,-3.4133,1.1464,0
1.2702,-0.93244,0.20433,-6.8267,1.9662,0
2.5999,-0.62465,0.046019,5.0064,1.0169,0
2.7898,-0.31686,-0.10328,5.6891,1.9087,0
1.9351,-0.26556,-0.15605,-6.8267,1.3334,0
1.0803,-0.95809,-0.099422,-5.4613,1.4916,0
1.7451,-1.7789,-0.027345,6.3718,1.7649,0
1.7451,-1.6763,-0.0080391,2.2757,1.0745,0
0.13056,-0.57335,-0.0093262,-7.7369,1.9231,0
-0.43928,-0.18861,-0.010613,-1.1377,1.0889,0
-1.1041,-0.67595,-0.00031657,8.4198,1.693,0
-1.8639,-0.95809,-0.027345,0.00013542,1.4772,0
-1.1991,-0.57335,-0.031207,-7.5093,1.3621,0
0.22554,-0.5477,0.0022576,2.0482,1.9375,0
-0.53425,-0.82984,0.020277,7.282,1.1752,0
-0.7242,-0.95809,-0.02091,-4.3235,2.0957,0
0.13056,-1.0607,-0.090413,-7.0542,1.3621,0
1.1753,-1.2659,-0.1715,4.0962,2.0238,0
1.4602,-0.88114,-0.19467,5.9167,1.9806,0
0.89035,-0.72725,-0.19595,-6.3715,1.6786,0
1.3652,-0.90679,-0.18308,-4.3235,2.4409,0
0.98533,-1.2402,-0.17665,7.282,1.6067,0
-0.62923,-1.1376,-0.15477,2.9584,2.6135,0
-1.294,-1.035,-0.1419,-8.192,1.995,0
-1.6739,-0.95809,-0.2011,-1.3652,2.2971,0
-1.579,-0.75289,-0.3015,6.8269,2.4265,0
0.32051,-0.62465,-0.34654,-1.3652,1.9662,0
1.4602,-1.0607,-0.34397,-8.6471,2.8724,0
0.035589,-1.112,-0.28219,2.2757,2.1388,0
-1.0091,-0.95809,-0.19982,6.8269,2.9299,0
0.13056,-1.0094,-0.1419,-4.3235,2.6998,0
1.5552,-0.98374,-0.13289,-7.2818,2.671,0
2.125,-0.77854,-0.14318,5.6891,3.2608,0
1.7451,-0.16296,-0.13804,3.186,2.6135,0
1.3652,0.11918,-0.071106,-7.7369,3.6347,0
0.98533,0.22178,-0.02091,-3.1857,2.9156,0
0.7004,-0.0090658,-0.032494,6.8269,3.5628,0
0.98533,-0.13731,-0.08269,0.45525,3.6203,0
1.2702,0.32437,-0.10843,-7.9645,3.3614,0
1.9351,0.78606,-0.10071,0.00013542,4.3395,0
2.315,0.50392,-0.11873,7.0545,3.5484,0
2.315,0.042233,-0.077542,-2.503,4.6272,0
1.4602,-0.36816,0.038296,-7.5093,4.2244,0
0.13056,-0.060364,0.15542,4.5513,4.6416,0
0.51046,-0.13731,0.17988,6.3718,5.1881,0
0.89035,-0.90679,0.11938,-5.9164,4.6991,0
-0.15436,-1.3172,0.084631,-5.9164,5.7779,0
0.035589,-0.93244,0.10008,6.8269,5.0874,0
0.13056,-0.41945,0.094928,2.0482,5.9073,0
-0.059385,-0.4451,0.057602,-7.9645,5.7203,0
0.51046,-0.34251,-0.0080391,-1.5928,5.5621,0
0.89035,-0.18861,-0.068532,8.6474,6.1806,0
0.22554,-0.18861,-0.099422,0.45525,5.4039,0
-0.53425,0.093531,-0.11487,-8.4196,6.2669,0
0.035589,-0.086014,-0.16635,2.0482,5.519,0
0.41548,-0.16296,-0.2217,7.282,5.8642,0
0.32051,0.016583,-0.26288,-2.2755,5.9073,0
0.13056,0.37567,-0.23585,-6.3715,5.3032,0
0.60543,0.067882,-0.13546,5.234,5.9936,0
0.41548,-0.4451,-0.014475,5.6891,5.0155,0
-0.43928,-0.599,0.075622,-5.6889,5.6628,0
-0.53425,-0.57335,0.093641,-5.0062,5.0731,0
-0.059385,-0.086014,0.07176,7.0545,4.9005,0
0.51046,-0.034715,0.066612,3.186,5.0731,0
0.60543,0.016583,0.070473,-8.192,4.1957,0
0.7004,-0.060364,0.060177,-3.1857,5.0155,0
0.89035,-0.16296,0.026712,7.7372,4.0662,0
0.22554,-0.3938,-0.024771,0.45525,4.5553,0
-0.7242,-0.57335,-0.10457,-8.192,4.282,0
-1.1041,-0.3938,-0.19081,1.3655,3.9512,0
-0.24933,-0.4451,-0.20239,7.282,4.4977,0
0.51046,-0.85549,-0.19982,-2.7306,3.6203,0
1.2702,-0.98374,-0.2114,-7.9645,4.4833,0
1.9351,-0.75289,-0.22813,4.5513,3.7066,0
1.2702,-1.0863,-0.23328,5.9167,4.0375,0
-0.24933,-0.90679,-0.2011,-5.6889,4.1525,0
0.51046,-0.90679,-0.15734,-5.0062,3.606,0
2.22,-0.72725,-0.090413,5.9167,4.4833,0
2.4099,-0.3938,-0.037642,3.186,3.721,0
1.2702,-0.4451,-0.028633,-7.7369,4.584,0
0.89035,-0.599,-0.00031657,-2.9581,4.2532,0
0.32051,-0.57335,0.052454,7.282,4.3683,0
-1.1991,-1.0863,0.083344,0.91037,4.9005,0
-1.1991,-1.3428,0.056315,-8.192,4.3251,0
-0.53425,-1.1889,0.012554,1.3655,5.3463,0
0.41548,-1.3685,0.01899,7.0545,4.584,0
0.41548,-1.3941,0.027999,-4.5511,5.2025,0
-0.059385,-0.95809,0.053741,-7.0542,5.2169,0
0.41548,-0.90679,0.092354,5.4616,4.8573,0
1.1753,-1.4454,0.13611,5.234,5.6628,0
0.41548,-1.7019,0.17215,-6.3715,4.8142,0
-0.34431,-1.3685,0.17087,-5.2337,5.8066,0
-0.53425,-1.0607,0.14899,6.8269,5.3176,0
0.41548,-1.4967,0.13998,2.9584,5.5046,0
1.6501,-1.4967,0.2069,-7.7369,5.7922,0
2.22,-1.2659,0.24809,-0.45498,5.2457,0
2.4099,-1.548,0.2468,7.5096,6.1662,0
2.22,-1.4967,0.2674,-1.1377,5.4039,0
1.9351,-1.7019,0.30858,-7.9645,6.0799,0
0.98533,-1.3172,0.34205,2.0482,5.8929,0
1.2702,-1.3172,0.29443,5.6891,5.6916,0
1.4602,-1.3941,0.2468,-4.0959,6.2669,0
0.98533,-1.6506,0.25067,-6.144,5.4327,0
1.3652,-1.8045,0.35492,4.7789,6.3676,0
1.2702,-1.8302,0.49006,3.8687,5.519,0
-0.15436,-1.8302,0.57759,-7.2818,5.8929,0
-0.059385,-1.548,0.65352,-4.3235,5.8929,0
0.035589,-1.1889,0.71788,7.9647,5.3751,0
-0.81917,-1.0607,0.69471,1.5931,6.0655,0
-0.91415,-0.77854,0.60462,-8.8747,5.2313,0
0.79538,-0.82984,0.51066,-1.8203,5.9648,0
0.98533,-0.26556,0.44888,7.0545,5.332,0
-0.15436,-0.36816,0.35621,-0.45498,5.4902,0
-1.6739,-0.52205,0.2674,-8.6471,5.8066,0
-2.2438,-0.85549,0.22621,1.8206,5.0731,0
-1.1041,-0.6503,0.21463,7.9647,5.9648,0
-0.15436,-0.88114,0.10522,-4.0959,5.0587,0
1.0803,-0.7016,-0.10972,-7.7369,5.634,0
1.1753,-0.34251,-0.33239,3.6411,5.4327,0
-0.53425,-0.21426,-0.50872,5.6891,5.1594,0
-0.81917,-0.6503,-0.64901,-6.144,5.8785,0
0.7004,-0.67595,-0.7893,-4.7786,4.958,0
1.9351,-0.13731,-1.0403,6.8269,5.8354,0
1.8401,0.11918,-1.3672,3.6411,5.26,0
1.2702,-0.034715,-1.6761,-8.192,5.4039,0
1.7451,-0.3938,-1.949,-1.8203,5.634,0
1.2702,-0.34251,-2.1781,8.875,4.9292,0
-1.579,0.27308,-2.3879,0.2277,5.6628,0
-3.1935,0.27308,-2.5732,-8.192,4.7135,0
-3.4784,-0.0090658,-2.8268,1.3655,5.2744,0
-2.6237,-0.85549,-3.061,7.282,4.8717,0
-0.7242,-1.0863,-3.1807,-3.1857,4.5121,0
1.0803,-0.599,-3.3068,-6.5991,4.9868,0
2.22,-0.23991,-3.6055,4.7789,4.0375,0
1.9351,0.067882,-3.9929,4.5513,4.8717,0
2.125,0.42697,-4.3005,-6.8267,4.0375,0
3.3597,0.35002,-4.5103,-3.6408,4.4114,0
2.7898,-0.0090658,-4.6145,6.8269,4.4977,0
1.8401,-0.36816,-4.6454,2.2757,3.8792,0
3.2647,-0.034715,-4.6866,-7.5093,4.584,0
3.7396,0.40132,-4.7317,-0.45498,3.606,0
1.7451,0.81171,-4.7381,8.1923,4.3251,0
-0.15436,0.96561,-4.7613,-1.1377,3.8073,0
-0.53425,0.99126,-4.8333,-8.192,3.8073,0
0.41548,0.99126,-4.9144,1.5931,4.2101,0
2.22,0.55522,-4.9582,7.282,3.5197,0
2.9798,0.29873,-4.89,-4.5511,4.469,0
1.8401,0.65782,-4.7407,-7.2818,3.6923,0
1.1753,0.86301,-4.5322,4.5513,4.2676,0
0.89035,0.73476,-4.3095,4.0962,4.282,0
0.32051,0.37567,-4.0688,-6.8267,3.9224,0
-0.53425,0.22178,-3.7612,-3.4133,4.6703,0
0.51046,0.19613,-3.4214,6.5994,3.9368,0
1.8401,0.24743,-3.1061,1.8206,4.8429,0
2.125,0.45262,-2.738,-7.9645,4.2676,0
1.1753,0.55522,-2.2656,0.00013542,4.5696,0
0.79538,0.42697,-1.7289,7.282,4.771,0
2.4099,0.27308,-1.0635,-2.503,4.2244,0
2.5049,0.91431,-0.37486,-8.192,5.0731,0
-0.15436,1.3247,0.17859,3.186,4.2532,0
-3.1935,1.4273,0.56214,5.9167,5.0731,0
-3.6684,1.2221,0.84916,-6.3715,4.6703,0
-2.4337,1.812,1.077,-5.2337,4.7566,0
-0.43928,2.9406,1.2662,7.282,5.145,0
0.79538,3.3766,1.4708,2.9584,4.4977,0
0.79538,2.7867,1.6343,-7.7369,5.447,0
0.22554,2.2994,1.8042,-1.5928,4.7854,0
-0.81917,1.5299,2.0011,8.6474,5.332,0
-1.294,1.1195,2.3074,0.68281,5.3607,0
-0.53425,1.4786,2.7721,-8.4196,5.0155,0
0.51046,2.0172,3.3847,2.0482,5.821,0
0.7004,2.4276,4.1016,8.1923,5.0011,0
-0.24933,2.6585,4.8211,-3.6408,5.9217,0
-0.62923,2.6585,5.5651,-8.192,5.3032,0
0.41548,1.9403,6.2833,4.0962,5.5765,0
-0.34431,1.299,6.8225,5.6891,5.7059,0
-1.1041,1.5299,7.246,-6.144,5.145,0
-0.91415,1.299,7.6566,-5.2337,5.9792,0
-0.24933,0.83736,7.9732,6.3718,5.0587,0
1.2702,0.88866,8.1431,4.0962,5.8498,0
1.4602,1.2477,8.1984,-7.0542,5.3895,0
0.89035,1.4016,8.1856,-3.6408,5.4614,0
0.79538,1.4273,8.1058,7.282,6.0368,0
1.2702,0.96561,7.9114,0.45525,5.7635,0
0.98533,0.65782,7.6746,-8.192,7.2018,0
-0.24933,0.91431,7.4764,0.68281,6.6696,0
-1.1041,1.2477,7.3683,7.0545,6.5977,0
-2.2438,1.4529,7.1443,-3.6408,4.5984,0
-2.5287,1.7094,6.7968,-7.7369,1.7073,0
-0.7242,2.2994,6.4802,4.0962,-0.061812,0
-0.53425,2.3763,6.2305,4.3238,-2.2049,0
-1.579,2.2224,5.9898,-7.5093,-1.2413,0
-2.0538,2.5046,5.7208,-5.0062,-0.69468,0
-2.7186,2.4533,5.4505,7.0545,1.6354,0
-2.4337,2.7867,5.2008,2.2757,4.1381,0
-0.81917,3.0688,4.9254,-8.192,5.9648,0
-0.15436,2.838,4.6551,-1.8203,9.273,0
-0.81917,3.2484,4.3629,7.5096,10.568,0
-2.4337,3.9409,4,0.45525,13.099,0
-3.2885,4.4539,3.6216,-8.192,14.02,0
-3.0985,4.2231,3.2419,1.1379,14.451,0
-2.5287,4.2487,2.8866,6.8269,14.696,0
-1.7689,4.0692,2.579,-4.0959,12.984,0
-0.91415,3.4536,2.2817,-7.9645,12.811,0
-0.24933,2.6585,2.0101,5.4616,10.884,0
0.60543,2.325,1.8402,5.9167,10.596,0
0.32051,2.0685,1.7167,-6.144,10.007,0
-0.24933,2.1198,1.5493,-6.144,9.1867,0
-0.43928,1.7094,1.2919,7.0545,9.4456,0
-0.7242,0.55522,1.0216,4.0962,7.9354,0
-1.1991,0.65782,0.79639,-7.2818,8.0792,0
-1.294,1.1452,0.57501,-2.9581,6.5977,0
-0.91415,1.0939,0.31888,8.4198,5.8929,0
-1.6739,0.78606,0.12067,2.0482,5.4902,0
-4.1432,0.17048,-0.049226,-7.7369,4.1669,0
-5.6628,-0.34251,-0.23972,0.2277,4.6128,0
-3.9533,0.11918,-0.41605,7.5096,3.3614,0
-0.34431,0.50392,-0.52802,-1.8203,3.5484,0
2.22,0.14483,-0.63743,-8.192,2.8868,0
3.7396,0.093531,-0.79574,3.8687,2.2108,0
4.9742,-0.13731,-1.012,6.3718,2.6998,0
5.924,-0.41945,-1.2874,-5.4613,1.8656,0
6.1139,-0.086014,-1.5525,-5.9164,3.0594,0
4.5943,0.63217,-1.7224,6.5994,2.8005,0
2.5049,0.93996,-1.8074,3.186,3.5197,0
0.98533,0.76041,-1.9181,-7.0542,4.2676,0
0.79538,-0.34251,-2.0867,-2.503,3.9368,0
0.89035,-1.1376,-2.2064,8.4198,5.0874,0
0.98533,-1.625,-2.2077,1.8206,4.4402,0
0.32051,-2.0097,-2.1832,-8.4196,5.2888,0
0.51046,-1.9584,-2.1806,-0.22742,5.3032,0
1.0803,-1.6506,-2.1832,7.5096,5.5046,0
0.035589,-1.7276,-2.1703,-1.5928,6.2957,0
-1.0091,-1.2915,-2.1691,-7.7369,5.6484,0
-0.24933,-1.0863,-2.1794,2.9584,6.4107,0
0.89035,-0.95809,-2.1832,5.4616,5.3607,0
2.03,-1.0094,-2.1819,-4.7786,5.6628,0
2.9798,-0.80419,-2.1498,-6.144,5.4614,0
3.6446,-0.6503,-2.1407,6.3718,5.0874,0
2.22,-0.57335,-2.1523,3.186,5.8929,0
1.1753,-0.34251,-2.115,-7.5093,4.9005,0
0.41548,-0.21426,-2.0777,-2.7306,5.6916,0
-0.62923,-0.7016,-2.0404,7.0545,5.145,0
-1.1041,-0.93244,-2.0378,0.91037,5.0874,0
-0.81917,-0.80419,-2.0764,-7.9645,5.6772,0
0.51046,-0.41945,-2.0815,0.68281,4.9005,0
1.2702,-0.21426,-2.0416,7.7372,5.8354,0
2.5049,-0.7016,-1.9541,-2.2755,4.8429,0
3.0747,-1.1633,-1.8602,-7.2818,5.2888,0
2.9798,-1.1633,-1.8228,4.3238,5.0155,0
2.315,-1.035,-1.8512,5.9167,4.6703,0
0.22554,-0.77854,-1.9155,-6.144,5.4327,0
-1.579,-0.82984,-1.9219,-4.7786,4.7135,0
-1.579,-1.2402,-1.8666,6.8269,5.6628,0
-0.91415,-1.3685,-1.7688,2.9584,5.1306,0
-0.7242,-1.2146,-1.7134,-7.2818,5.3607,0
-0.15436,-1.4454,-1.7147,-1.5928,5.6916,0
0.035589,-1.035,-1.7237,7.282,5.0587,0
-0.24933,-0.95809,-1.7276,-0.9101,5.9505,0
-0.62923,-1.0094,-1.6787,-7.9645,5.0731,0
-1.1991,-1.2402,-1.6118,2.2757,5.5333,0
-1.7689,-1.8815,-1.5049,6.8269,5.3176,0
-0.7242,-2.138,-1.3981,-4.0959,4.8142,0
0.41548,-1.9841,-1.3917,-6.8267,5.3607,0
-0.24933,-1.0863,-1.5011,5.6891,4.397,0
0.41548,-0.75289,-1.5628,5.0064,5.1881,0
1.8401,-1.0607,-1.5204,-7.0542,4.4977,0
0.89035,-1.0863,-1.4534,-3.8684,4.7279,0
0.7004,-0.57335,-1.402,6.1442,4.771,0
1.4602,-0.7016,-1.3569,1.8206,4.1669,0
0.60543,-1.1633,-1.2926,-8.6471,4.9292,0
-0.43928,-1.112,-1.2102,-0.68254,4.0087,0
-0.15436,-1.0607,-1.1304,7.282,4.6991,0
0.51046,-1.1889,-1.048,-1.5928,4.1813,0
-0.15436,-0.88114,-0.9888,-7.7369,4.0375,0
-1.0091,-0.85549,-0.90643,2.9584,4.469,0
-0.43928,-0.75289,-0.87168,6.3718,3.5628,0
0.98533,-0.62465,-0.83435,-5.4613,4.4114,0
0.89035,-0.599,-0.79831,-6.144,3.534,0
-0.7242,-0.34251,-0.74297,5.0064,3.9512,0
-2.4337,-0.47075,-0.68891,3.8687,4.0231,0
-2.4337,-0.85549,-0.7198,-7.5093,3.606,0
-0.24933,-0.77854,-0.77,-2.503,4.3395,0
0.41548,-0.62465,-0.79445,7.7372,3.5197,0
-0.15436,-0.599,-0.78415,2.5033,4.3395,0
0.7004,-1.0863,-0.75326,-7.0542,3.8649,0
2.4099,-1.3685,-0.71208,-0.22742,4.0087,0
2.9798,-1.6763,-0.66188,7.0545,4.3539,0
2.4099,-1.5737,-0.60396,-1.3652,3.7642,0
2.9798,-1.4198,-0.57822,-7.9645,4.6847,0
2.9798,-1.3685,-0.61297,2.9584,3.8505,0
3.0747,-1.1376,-0.71079,6.3718,4.5409,0
1.9351,-0.85549,-0.76099,-5.0062,4.3683,0
-0.43928,-0.599,-0.76356,-7.0542,4.2244,0
-1.294,-0.34251,-0.77128,5.234,4.9868,0
-0.81917,-0.4451,-0.80732,5.234,4.2532,0
-0.43928,-0.31686,-0.80861,-6.5991,5.2888,0
-0.62923,-0.4964,-0.77643,-2.9581,4.6416,0
-0.059385,-0.57335,-0.75712,7.7372,5.0587,0
0.60543,-0.34251,-0.71079,1.8206,5.1737,0
0.79538,-0.26556,-0.64386,-7.7369,4.4546,0
1.7451,-0.21426,-0.6104,0.00013542,5.3032,0
2.22,-0.4451,-0.61941,7.5096,4.4833,0
-0.24933,-0.060364,-0.67861,-2.0479,5.26,0
-2.0538,-0.086014,-0.71723,-7.0542,4.9148,0
-1.1991,-0.599,-0.69534,3.6411,4.6847,0
-0.43928,-0.7016,-0.61812,5.4616,5.1306,0
0.51046,-0.88114,-0.52931,-5.4613,4.1957,0
1.3652,-1.1889,-0.43664,-5.9164,5.0011,0
0.89035,-1.5993,-0.38516,6.3718,4.2964,0
1.4602,-1.548,-0.41347,3.6411,4.8285,0
3.1697,-1.4198,-0.49585,-7.7369,5.0587,0
3.5496,-1.1633,-0.49456,-2.0479,4.7279,0
2.22,-0.82984,-0.39417,7.5096,5.4758,0
1.7451,-0.82984,-0.30278,0.45525,4.5696,0
1.6501,-0.98374,-0.27961,-8.8747,5.2744,0
0.035589,-0.75289,-0.27833,0.91037,4.469,0
-1.484,-0.18861,-0.26417,6.8269,4.4546,0
-2.4337,0.40132,-0.2616,-3.1857,4.7135,0
-4.0483,0.14483,-0.29377,-7.7369,4.1957,0
-3.8583,-0.31686,-0.27318,4.5513,5.332,0
-1.1991,-0.34251,-0.16893,6.1442,4.7135,0
1.7451,-0.29121,-0.064671,-6.3715,5.4758,0
2.9798,-0.6503,-0.069819,-5.0062,5.2888,0
1.9351,-0.6503,-0.069819,7.282,4.8717,0
1.2702,-0.11166,0.00097052,3.186,5.3032,0
-0.059385,0.17048,0.075622,-8.192,4.2964,0
-0.43928,0.50392,0.1181,-2.7306,5.0731,0
0.79538,0.55522,0.094928,6.8269,4.3251,0
0.89035,0.83736,0.065325,0.68281,4.4833,0
-0.43928,0.55522,0.056315,-7.5093,4.4258,0
-0.62923,0.47827,0.087205,1.5931,3.5628,0
-0.24933,-0.36816,0.13611,6.8269,4.1813,0
-0.059385,-0.62465,0.18374,-2.2755,3.1745,0
0.035589,-0.11166,0.1979,-7.7369,4.1525,0
-0.15436,0.37567,0.16057,3.6411,4.0662,0
-0.7242,0.042233,0.12968,5.4616,4.7422,0
-1.579,-0.34251,0.082057,-5.0062,5.634,0
-1.0091,-0.34251,0.034435,-5.2337,4.9868,0
-0.24933,0.042233,0.0035447,7.0545,5.6196,0
-0.53425,0.14483,-0.0080391,3.4135,4.0806,0
-0.62923,0.14483,-0.02091,-6.8267,4.0806,0
-0.91415,-0.0090658,-0.050513,-1.8203,3.4765,0
-1.6739,-0.11166,0.0022576,7.5096,3.6635,0
-2.7186,0.27308,0.053741,-0.22742,4.6272,0
-2.2438,0.55522,0.083344,-8.192,4.4114,0
-2.1488,0.81171,0.12711,1.5931,5.6053,0
-2.2438,1.0426,0.17601,7.282,4.8285,0
-2.3388,1.0169,0.20433,-3.8684,5.26,0
-2.1488,1.2734,0.20304,-6.8267,5.1306,0
-1.484,1.1452,0.20948,5.234,4.8429,0
-0.53425,1.0426,0.22879,4.7789,5.5046,0
0.60543,0.78606,0.28928,-7.2818,4.2964,0
0.60543,0.91431,0.33561,-4.3235,4.2532,0
1.4602,1.5299,0.35621,6.5994,2.4553,0
1.6501,1.2221,0.3472,2.5033,1.6354,0
1.5552,0.60652,0.31759,-8.4196,1.2039,0
1.6501,-0.0090658,0.30472,-1.5928,0.95941,0
0.98533,0.32437,0.29571,6.3718,2.9299,0
1.9351,0.58087,0.28799,-1.3652,3.8505,0
2.6949,0.83736,0.28156,-8.8747,6.5833,0
1.9351,0.99126,0.28156,2.2757,8.1799,0
0.51046,1.0169,0.28156,6.5994,9.5751,0
-0.24933,1.0169,0.30472,-3.6408,11.057,0
0.41548,1.0426,0.30472,-7.2818,10.481,0
1.4602,1.0939,0.31245,5.6891,10.755,0
0.89035,1.5042,0.27898,6.1442,8.7121,0
0.32051,1.5299,0.18245,-6.8267,7.36,0
-1.0091,0.96561,0.12067,-5.4613,5.3751,0
-2.4337,1.1708,0.12067,7.0545,2.9731,0
-2.4337,1.0426,0.11552,2.7309,2.0525,0
-0.62923,0.78606,0.044732,-7.0542,-0.40701,0
0.98533,0.35002,0.026712,-1.5928,-0.6803,0
1.3652,-0.23991,0.025425,8.1923,-1.9748,0
0.60543,-0.57335,0.020277,0.00013542,-2.133,0
-0.53425,-0.82984,-0.0016037,-8.192,-1.5865,0
-0.62923,-0.72725,-0.065958,2.5033,-1.7447,0
-0.059385,-0.57335,-0.13804,6.3718,-0.004278,0
0.60543,0.067882,-0.16506,-3.6408,0.053256,0
1.2702,0.27308,-0.1612,-6.3715,1.7505,0
1.0803,-0.23991,-0.08269,5.234,2.5991,0
0.51046,-0.4964,0.0022576,5.0064,3.6203,0
0.7004,-0.13731,0.021564,-7.0542,5.821,0
-0.24933,0.11918,0.076909,-5.0062,6.7415,0
-1.7689,-0.31686,0.22621,7.0545,9.8915,0
-1.6739,-0.77854,0.38324,2.2757,11.474,0
-0.43928,-0.52205,0.4463,-7.9645,14.091,0
1.1753,-0.23991,0.43215,-1.1377,15.832,0
1.2702,-0.18861,0.47076,7.7372,16.45,0
-0.059385,-0.16296,0.49521,-0.45498,17.961,0
-1.1041,-0.3938,0.45403,-8.192,17.86,0
-0.34431,-0.5477,0.40512,1.1379,19.528,0
0.035589,-0.060364,0.31373,6.3718,20.391,0
-0.15436,0.37567,0.24552,-3.8684,21.24,0
-0.43928,0.55522,0.21077,-7.2818,22.218,0
-0.53425,0.37567,0.20948,3.6411,21.355,0
-0.62923,0.27308,0.23908,6.1442,21.729,0
-2.2438,0.45262,0.28027,-6.144,19.931,0
-4.6181,0.35002,0.28413,-5.9164,19.399,0
-3.7634,0.22178,0.27126,6.8269,18.061,0
-2.0538,0.22178,0.30601,3.6411,16.235,0
-2.0538,0.22178,0.30601,-7.0542,15.113,0
-1.484,0.24743,0.25067,-1.8203,12.164,0
-0.059385,0.22178,0.15285,7.9647,10.812,0
1.7451,0.17048,0.093641,0.00013542,7.8203,0
2.5999,0.22178,0.08978,-8.4196,6.0224,0
4.6893,0.17048,0.087205,0.91037,4.4546,0
5.0692,0.45262,0.092354,7.0545,2.4984,0
3.8345,0.60652,0.066612,-2.7306,2.2827,0
2.6949,0.88866,0.055028,-5.9164,0.45599,0
1.8401,1.2477,0.091067,4.7789,0.38407,0
1.6501,0.91431,0.12196,5.4616,-0.78098,0
1.6501,0.45262,0.16057,-6.144,-1.7015,0
1.6501,0.19613,0.23522,-5.0062,-1.8885,0
0.41548,0.14483,0.31245,6.5994,-3.3844,0
-1.484,0.45262,0.28928,3.186,-2.9673,0
-2.1488,0.58087,0.18502,-7.2818,-4.0316,0
-1.484,0.60652,0.11938,-1.3652,-3.7152,0
-0.43928,0.093531,0.10909,8.4198,-3.6145,0
0.51046,-0.34251,0.13611,0.68281,-4.046,0
-0.15436,-0.3938,0.1374,-8.6471,-3.1399,0
-2.0538,-0.26556,0.10136,0.91037,-3.6145,0
-2.6237,-0.21426,0.069186,7.0545,-2.2337,0
-0.91415,-0.18861,0.070473,-2.503,-1.5433,0
1.9351,-0.18861,0.082057,-7.7369,-0.1625,0
2.4099,-0.36816,0.079483,3.6411,2.0094,0
1.2702,-0.5477,0.076909,5.4616,3.2608,0
0.79538,-0.88114,0.097502,-5.6889,6.0224,0
1.3652,-0.6503,0.14512,-6.3715,6.8278,0
2.315,-0.16296,0.20433,6.3718,8.7265,0
3.0747,0.35002,0.26868,2.9584,9.647,0
2.03,0.32437,0.30344,-7.2818,10.438,0
0.7004,-0.18861,0.29314,-2.503,12.236,0
0.13056,-0.72725,0.3073,7.5096,12.322,0
0.13056,-1.0094,0.29057,0.91037,13.732,0
-0.62923,-0.98374,0.24552,-8.192,13.487,0
-0.43928,-0.95809,0.1374,0.2277,13.444,0
-0.62923,-1.0094,0.012554,7.0545,13.703,0
-0.7242,-0.52205,-0.086552,-3.1857,12.581,0
-0.7242,-0.26556,-0.13417,-7.9645,13.113,0
-0.24933,-0.62465,-0.102,2.9584,11.833,0
1.1753,-0.6503,-0.032494,6.1442,12.006,0
1.8401,-0.41945,0.034435,-5.6889,11.402,0
2.22,0.042233,0.057602,-5.2337,10.611,0
1.7451,-0.23991,0.10265,7.282,10.97,0
1.7451,-0.26556,0.15027,4.3238,9.7189,0
1.0803,0.29873,0.14641,-6.8267,10.251,0
-1.389,0.81171,0.11681,-2.7306,9.1148,0
-3.1935,0.76041,0.18374,7.9647,8.4963,0
-1.9589,0.42697,0.25968,1.5931,7.8203,0
-0.059385,0.47827,0.25324,-8.8747,6.1806,0
-0.059385,0.58087,0.19532,0.2277,6.2957,0
-0.91415,0.63217,0.12968,7.7372,5.0587,0
-1.389,0.32437,0.12582,-1.5928,5.5046,0
-0.81917,0.29873,0.15413,-7.2818,5.0587,0
-0.7242,-0.21426,0.18116,4.0962,4.5265,0
-0.62923,-0.52205,0.16958,5.9167,4.8429,0
-0.81917,-0.11166,0.17087,-5.9164,3.5053,0
-0.53425,0.14483,0.18374,-5.6889,4.1957,0
-0.15436,0.27308,0.14384,6.5994,3.5628,0
0.51046,0.70911,0.075622,3.186,4.2676,0
0.79538,0.93996,0.074335,-7.0542,4.8142,0
0.32051,0.50392,0.085918,-2.7306,4.4258,0
0.22554,-0.26556,0.079483,7.0545,5.1737,0
0.51046,-0.67595,0.087205,0.91037,4.0087,0
1.0803,-0.7016,0.10394,-7.9645,4.469,0
0.32051,-0.36816,0.070473,0.45525,3.8792,0
-0.34431,-0.18861,-0.017049,7.7372,4.0375,0
1.0803,-0.67595,-0.069819,-3.1857,5.0299,0
2.6949,-0.62465,-0.076255,-7.9645,4.8861,0
1.0803,-0.34251,-0.073681,4.3238,6.2094,0
-1.1041,-0.21426,-0.086552,5.6891,5.4614,0
-1.0091,-0.21426,-0.10457,-5.4613,5.634,0
0.035589,-0.7016,-0.074968,-6.3715,5.2457,0
0.22554,-0.95809,0.0035447,5.4616,4.584,0
-0.24933,-1.035,0.10522,3.8687,5.519,0
-0.62923,-0.98374,0.20304,-7.0542,5.0731,0
-0.059385,-0.52205,0.24423,-4.0959,6.4107,0
0.035589,-0.26556,0.22235,7.282,6.1087,0
-0.34431,-0.13731,0.21463,1.1379,5.9648,0
-0.15436,0.52957,0.20562,-8.8747,5.5765,0
0.51046,0.68346,0.21077,-0.9101,4.3683,0
0.89035,0.14483,0.18889,6.5994,5.2744,0
1.4602,0.11918,0.10394,-1.8203,4.7854,0
1.5552,-0.086014,0.015128,-7.7369,5.8498,0
0.98533,-0.3938,-0.046652,4.0962,5.3607,0
0.89035,-0.29121,-0.11744,6.3718,4.4114,0
0.32051,-0.0090658,-0.19209,-5.9164,4.2101,0
0.13056,0.22178,-0.17793,-6.144,2.6279,0
0.89035,0.22178,-0.102,6.1442,3.0882,0
0.32051,0.50392,-0.074968,4.7789,2.2395,0
0.13056,0.58087,-0.058236,-7.2818,2.5128,0
0.035589,0.35002,-0.053087,-3.1857,2.5847,0
0.51046,0.22178,-0.06081,8.1923,2.0238,0
1.6501,-0.034715,-0.032494,0.68281,2.8436,0
1.6501,0.093531,-0.0054649,-8.6471,2.0957,0
0.60543,0.42697,0.020277,0.2277,3.0882,0
-0.43928,0.58087,0.064038,7.7372,2.9443,0
-0.059385,0.60652,0.12711,-2.2755,3.2608,0
-0.62923,0.63217,0.17473,-7.7369,3.8505,0
-1.294,0.32437,0.25195,4.0962,3.2032,0
-1.0091,-0.21426,0.30215,5.6891,4.1669,0
-0.7242,-0.034715,0.28284,-6.5991,3.3758,0
-0.7242,0.37567,0.26611,-5.4613,4.1381,0
-1.7689,-0.11166,0.2674,6.8269,3.8936,0
-3.4784,-0.21426,0.17601,3.4135,3.2895,0
-3.4784,0.52957,-0.024771,-7.7369,3.606,0
-0.81917,1.4273,-0.16249,-2.0479,2.8436,0
1.3652,1.5299,-0.18308,7.9647,4.2532,0
2.125,1.4273,-0.17922,1.1379,4.1669,0
1.3652,1.4786,-0.17536,-7.9645,4.7135,0
0.79538,1.4529,-0.18823,0.91037,4.9436,0
-0.24933,1.1708,-0.17793,6.3718,4.0806,0
-0.7242,1.0426,-0.080116,-3.4133,4.6703,0
-0.62923,0.24743,-0.018336,-7.9645,3.5772,0
-0.7242,0.14483,-0.044078,4.7789,4.3251,0
0.41548,0.19613,-0.085264,5.9167,4.4833,0
1.2702,0.45262,-0.069819,-6.144,4.8861,0
0.035589,0.52957,-0.046652,-4.7786,5.7203,0
-1.579,0.11918,-0.055661,6.3718,4.6703,0
-2.0538,-0.16296,-0.044078,2.5033,5.0731,0
-1.294,0.016583,0.022851,-7.5093,3.908,0
0.22554,0.14483,0.048593,-2.0479,4.0806,0
0.035589,0.22178,0.067899,7.5096,4.2101,0
0.32051,0.24743,0.13097,0.2277,4.0375,0
0.60543,-0.29121,0.13354,-7.9645,5.5477,0
0.22554,-0.4964,0.076909,1.1379,5.447,0
-0.059385,-0.36816,0.01899,6.3718,6.7847,0
1.0803,-0.034715,-0.053087,-2.7306,6.2237,0
1.5552,-0.060364,-0.1213,-7.7369,5.4902,0
1.5552,0.067882,-0.14447,3.6411,5.0587,0
0.98533,-0.060364,-0.095561,6.5994,4.1669,0
0.98533,0.27308,-0.037642,-4.5511,5.5621,0
1.3652,-0.21426,0.021564,-5.6889,5.4902,0
0.035589,-1.035,0.073047,6.3718,6.4107,0
-1.1991,-0.88114,0.11166,4.3238,5.9217,0
-0.53425,-0.6503,0.065325,-7.2818,5.0011,0
0.89035,0.093531,0.0035447,-2.9581,5.2744,0
1.4602,0.27308,-0.024771,7.9647,4.4402,0
0.98533,0.016583,-0.055661,1.3655,5.6772,0
0.79538,-0.36816,-0.11615,-8.6471,5.4614,0
0.7004,-0.52205,-0.16893,-0.68254,6.1518,0
0.41548,-0.31686,-0.15605,7.0545,6.6696,0
-0.91415,-0.0090658,-0.12645,-1.8203,6.31,0
-1.389,0.14483,-0.12516,-7.7369,7.3025,0
-0.15436,-0.034715,-0.10328,3.186,6.5833,0
0.22554,-0.6503,0.016416,5.0064,7.4463,0
-0.53425,-1.0094,0.17087,-6.144,7.1587,0
-0.43928,-1.1889,0.26354,-6.3715,7.058,0
1.1753,-0.88114,0.28156,7.282,7.6189,0
2.125,0.016583,0.25453,2.5033,6.7703,0
1.7451,0.32437,0.2069,-8.192,7.3313,0
-0.15436,0.22178,0.17087,-1.5928,6.0511,0
-1.6739,0.17048,0.17215,7.5096,5.821,0
-1.1991,-0.034715,0.18116,-1.3652,5.5046,0
-0.24933,-0.6503,0.13097,-7.9645,5.0011,0
-0.43928,-0.7016,0.027999,2.5033,5.9936,0
-1.0091,0.042233,-0.050513,6.3718,5.3176,0
-2.3388,0.27308,-0.085264,-5.2337,6.1518,0
-3.5734,-0.034715,-0.08269,-6.5991,5.9505,0
-2.6237,-0.16296,-0.102,5.4616,6.0799,0
-1.1991,-0.41945,-0.13546,4.0962,6.6409,0
0.22554,-0.5477,-0.15091,-6.5991,5.8642,0
2.7898,-0.57335,-0.14447,-4.0959,6.8854,0
4.2144,-0.086014,-0.2011,6.8269,6.2525,0
2.5049,-0.31686,-0.23843,1.3655,7.1299,0
1.2702,-0.060364,-0.22942,-8.4196,7.3456,0
1.3652,-0.11166,-0.20882,-0.45498,7.1011,0
0.51046,-0.62465,-0.2011,7.7372,8.1223,0
-0.91415,-0.98374,-0.19724,-0.9101,7.3456,0
-1.8639,-0.98374,-0.20754,-7.7369,8.1655,0
-1.7689,-0.95809,-0.22684,3.4135,7.5758,0
0.035589,-0.52205,-0.23457,7.0545,7.4895,0
1.6501,-0.26556,-0.25001,-5.2337,7.8491,0
1.6501,0.016583,-0.27833,-6.5991,7.2306,0
1.1753,0.19613,-0.26674,6.3718,8.1943,0
0.13056,-0.034715,-0.2011,4.3238,7.3888,0
-0.34431,-0.47075,-0.13031,-6.8267,8.0504,0
-1.1041,-0.82984,-0.11487,-3.4133,7.7196,0
-2.0538,-0.72725,-0.15091,7.282,7.36,0
-2.1488,-0.599,-0.25259,0.91037,7.6908,0
-2.1488,-0.13731,-0.28862,-8.4196,6.5833,0
-2.3388,-0.086014,-0.25387,-0.9101,7.245,0
-1.6739,-0.11166,-0.26417,7.5096,6.3676,0
-1.1041,-0.16296,-0.27447,-0.9101,6.8278,0
-0.7242,-0.3938,-0.27833,-7.5093,7.1587,0
-0.15436,-0.57335,-0.27189,2.5033,6.9861,0
0.89035,-0.80419,-0.29763,6.1442,7.9354,0
3.1697,-0.29121,-0.33882,-3.4133,6.871,0
4.5943,-0.36816,-0.34268,-6.5991,7.4032,0
3.5496,-0.21426,-0.27061,3.6411,6.4539,0
1.1753,0.24743,-0.23071,4.3238,6.3244,0
-0.15436,0.29873,-0.20368,-7.7369,6.7703,0
-0.43928,0.22178,-0.10843,-4.3235,6.2669,0
-1.389,0.19613,0.042157,7.5096,7.4176,0
-2.0538,0.016583,0.11166,2.2757,6.5546,0
-1.6739,-0.4451,0.14641,-8.8747,6.9573,0
-0.34431,-0.26556,0.16443,-1.1377,6.7703,0
-0.059385,-0.18861,0.15027,8.1923,6.4539,0
0.22554,-0.16296,0.098789,-0.45498,7.3744,0
0.13056,0.32437,0.042157,-7.7369,6.8135,0
-0.34431,0.55522,-0.0054649,2.0482,7.9066,0
-0.059385,0.14483,-0.0518,7.0545,7.5758,0
0.7004,-0.086014,-0.044078,-4.0959,7.5758,0
0.7004,0.042233,-0.049226,-6.8267,7.5039,0
0.41548,0.14483,-0.089126,5.4616,6.2813,0
0.035589,-0.0090658,-0.14447,5.9167,6.8422,0
0.79538,-0.31686,-0.20239,-6.8267,5.9792,0
0.60543,-0.086014,-0.1818,-5.6889,6.7128,0
0.7004,0.17048,-0.11101,6.1442,6.4539,0
0.89035,-0.599,-0.04279,3.4135,6.1231,0
0.7004,-1.112,0.0086931,-7.0542,6.5402,0
1.1753,-0.93244,0.078196,-1.8203,5.6053,0
0.98533,-0.57335,0.21978,8.1923,6.4539,0
0.13056,-0.57335,0.37809,0.45525,5.6916,0
0.22554,-0.5477,0.44502,-9.1023,6.4395,0
0.035589,-0.34251,0.43729,2.0482,6.6409,0
0.035589,0.29873,0.38452,7.7372,6.2813,0
-0.15436,0.29873,0.2468,-3.1857,7.058,0
0.41548,0.29873,0.053741,-6.144,6.195,0
1.2702,0.47827,-0.089126,5.9167,7.2018,0
0.89035,0.78606,-0.16893,4.7789,6.7559,0
0.41548,0.73476,-0.17922,-6.8267,7.1155,0
-0.81917,0.35002,-0.15219,-3.8684,7.3456,0
-0.91415,0.22178,-0.098135,7.0545,6.4251,0
0.60543,-0.21426,-0.024771,2.2757,6.8998,0
0.98533,-0.34251,0.044732,-8.6471,5.7491,0
0.79538,0.067882,0.057602,-0.9101,6.2381,0
1.7451,0.40132,0.031861,7.5096,5.8785,0
1.2702,0.81171,-0.013187,-1.3652,5.6196,0
-0.53425,0.50392,-0.058236,-8.4196,6.0511,0
-1.1041,0.016583,-0.074968,2.9584,5.0731,0
-0.53425,-0.21426,-0.063384,5.234,5.7491,0
1.1753,0.067882,-0.090413,-4.5511,4.9436,0
2.03,-0.060364,-0.094274,-6.144,5.2888,0
0.79538,-0.13731,-0.10972,5.234,5.5046,0
-0.34431,0.067882,-0.20754,4.5513,5.1018,0
1.3652,0.11918,-0.29635,-6.5991,5.9792,0
3.1697,-0.21426,-0.28348,-4.5511,5.0155,0
3.3597,-0.060364,-0.23071,5.9167,5.634,0
1.3652,-0.31686,-0.1419,2.5033,5.0587,0
-0.15436,-0.7016,-0.056948,-7.7369,5.3607,0
-0.81917,-0.060364,-0.06081,-2.0479,5.9648,0
-0.81917,0.70911,-0.10457,7.7372,5.5765,0
0.51046,1.1965,-0.098135,0.2277,6.7272,0
2.6949,1.2221,-0.023484,-7.9645,6.0655,0
3.6446,0.78606,0.0035447,1.3655,6.4539,0
1.2702,0.45262,0.021564,6.3718,6.0368,0
-1.8639,0.50392,0.016416,-3.8684,5.3463,0
-2.7186,0.32437,-0.027345,-7.0542,5.9361,0
-2.5287,-0.18861,-0.094274,5.0064,5.0299,0
-2.2438,-0.31686,-0.14061,4.5513,6.0368,0
-1.6739,-0.0090658,-0.18823,-6.8267,5.519,0
-1.0091,0.17048,-0.23714,-4.5511,6.008,0
-0.24933,0.19613,-0.25259,6.8269,6.3676,0
0.13056,0.22178,-0.23199,2.9584,5.7635,0
0.035589,0.47827,-0.2217,-7.9645,6.5114,0
0.7004,0.81171,-0.20496,0.00013542,5.3751,0
1.6501,1.0426,-0.23714,7.7372,5.8785,0
3.2647,0.50392,-0.23714,-0.22742,5.6053,0
3.3597,0.52957,-0.17665,-7.7369,5.6916,0
-0.059385,0.35002,-0.096848,2.5033,6.6121,0
-3.2885,0.19613,-0.0518,6.8269,6.1087,0
-3.1935,-0.0090658,-0.10328,-5.4613,6.8566,0
-1.389,-0.3938,-0.11873,-5.4613,5.6628,0
0.035589,-0.11166,-0.10586,6.5994,5.3895,0
0.7004,-0.11166,-0.1316,3.6411,4.958,0
0.79538,-0.41945,-0.18694,-7.7369,4.4114,0
-0.7242,-0.29121,-0.27189,-3.6408,5.3463,0
-2.9086,0.042233,-0.34397,8.1923,4.9436,0
-3.0985,0.42697,-0.34912,1.1379,6.1806,0
-0.81917,0.52957,-0.30793,-8.8747,5.7779,0
1.5552,-0.41945,-0.23328,-0.22742,5.6484,0
2.03,-0.599,-0.11615,7.0545,5.5765,0
1.3652,0.093531,-0.018336,-2.2755,4.3251,0
0.98533,0.24743,0.030574,-8.192,5.0155,0
0.60543,0.52957,0.076909,2.9584,4.2676,0
2.22,0.88866,0.19146,6.5994,5.2744,0
1.8401,1.2477,0.30472,-4.5511,5.5333,0
-1.0091,1.376,0.44502,-6.3715,5.3751,0
-2.4337,1.1708,0.52996,5.9167,6.1662,0
-2.9086,0.78606,0.48492,3.6411,5.3176,0
-3.0036,0.14483,0.37937,-7.5093,6.0799,0
-0.91415,-0.62465,0.2867,-3.6408,5.634,0
1.7451,-0.67595,0.24552,7.9647,5.7779,0
4.2144,-0.3938,0.1876,0.68281,6.1518,0
4.0245,0.016583,0.10136,-7.9645,5.2888,0
1.1753,0.22178,0.025425,0.00013542,6.0224,0
-0.81917,0.40132,-0.028633,7.282,5.1162,0
-0.91415,0.81171,-0.071106,-2.503,5.8785,0
-0.62923,0.52957,-0.062097,-7.0542,5.8066,0
-1.1041,0.27308,-0.019623,3.4135,5.5046,0
-0.91415,-0.26556,0.029286,7.0545,6.008,0
0.22554,-0.77854,0.097502,-5.2337,4.771,0
0.22554,-0.4964,0.1477,-5.4613,5.4039,0
-0.43928,-0.5477,0.14641,6.1442,4.7998,0
-0.53425,-0.85549,0.15413,2.7309,5.3176,0
-0.7242,-0.95809,0.16443,-6.3715,5.9648,0
-1.294,-0.67595,0.21077,-1.8203,5.7347,0
-1.7689,-0.36816,0.24552,7.5096,6.4107,0
-1.579,-0.23991,0.29443,-0.68254,4.6991,0
-0.34431,-0.47075,0.38452,-7.2818,4.2388,0
0.41548,-1.0863,0.40512,2.9584,3.2176,0
0.32051,-1.3941,0.31631,7.282,3.1169,0
0.13056,-0.67595,0.18889,-4.5511,4.6128,0
1.2702,-0.5477,0.12968,-6.5991,4.8717,0
1.5552,-0.5477,0.12839,5.4616,6.3963,0
1.2702,-0.41945,0.12196,4.5513,5.7491,0
0.89035,-0.21426,0.10265,-7.0542,6.2094,0
0.7004,-0.95809,0.083344,-3.4133,6.4107,0
0.32051,-1.3172,0.098789,7.5096,6.195,0
0.32051,-0.90679,0.10909,0.45525,7.3744,0
0.51046,-0.21426,0.091067,-8.8747,6.871,0
1.2702,0.14483,0.052454,0.68281,7.8634,0
1.5552,0.016583,0.022851,7.282,7.1443,0
0.89035,0.27308,-0.0119,-3.1857,6.5546,0
0.22554,0.29873,-0.027345,-7.5093,5.8642,0
-0.62923,-0.26556,-0.027345,3.4135,4.1813,0
-0.91415,-1.2146,0.007406,5.9167,4.7135,0
-1.579,-0.95809,0.074335,-5.9164,4.1381,0
-0.91415,0.22178,0.079483,-5.2337,5.26,0
-1.1991,0.91431,0.051167,6.3718,5.1881,0
-1.9589,0.81171,0.0086931,3.186,4.2532,0
-1.6739,0.88866,-0.037642,-8.192,4.4977,0
-1.579,0.76041,-0.062097,-2.9581,3.9655,0
-1.484,0.83736,-0.046652,7.7372,5.7059,0
-0.34431,0.47827,-0.02091,0.45525,5.5621,0
0.41548,0.76041,-0.010613,-8.192,5.8066,0
0.89035,1.1965,0.043444,1.1379,5.7635,0
-0.24933,0.86301,0.13998,7.7372,5.447,0
-1.579,0.14483,0.21978,-2.503,6.6121,0
-1.0091,0.35002,0.22492,-7.5093,5.8642,0
0.13056,0.78606,0.2069,4.0962,6.5833,0
0.60543,0.78606,0.16186,5.9167,5.9505,0
0.60543,0.88866,0.14255,-6.144,5.7203,0
-0.43928,1.0169,0.17473,-4.7786,5.3607,0
-2.1488,1.2477,0.26482,7.5096,3.6779,0
-3.0036,1.1965,0.29057,3.4135,3.6203,0
-0.91415,1.0426,0.27512,-7.0542,2.1532,0
2.22,0.96561,0.24294,-2.503,2.8005,0
3.3597,0.47827,0.2468,7.7372,3.3614,0
3.1697,0.042233,0.2674,1.3655,3.8505,0
2.125,0.067882,0.28027,-7.9645,5.145,0
1.3652,0.37567,0.30601,0.2277,4.1957,0
-0.15436,0.60652,0.3266,7.0545,4.7422,0
-1.1991,0.83736,0.32403,-2.9581,3.5772,0
-0.91415,0.76041,0.31245,-8.192,3.1888,0
-0.7242,0.37567,0.29185,3.8687,3.1313,0
-0.62923,0.24743,0.28542,6.3718,2.5847,0
-0.059385,-0.31686,0.30344,-6.144,3.7642,0
1.6501,-0.72725,0.33175,-5.6889,3.4909,0
2.6949,-0.75289,0.37551,5.9167,4.6991,0
1.5552,-1.1889,0.43472,3.4135,4.8717,0
-0.62923,-2.1123,0.4965,-7.9645,5.0874,0
-1.294,-2.061,0.53125,-3.1857,5.821,0
0.035589,-1.5737,0.52996,7.7372,4.9868,0
1.6501,-1.2659,0.51452,0.68281,5.8354,0
2.03,-1.7276,0.52353,-8.4196,5.1737,0
1.6501,-1.8558,0.54283,0.68281,6.1662,0
0.60543,-1.5993,0.5866,6.8269,6.684,0
-0.15436,-1.7532,0.65095,-3.6408,6.6696,0
0.035589,-2.2662,0.66382,-7.2818,7.3888,0
-0.34431,-2.3688,0.60719,4.0962,6.31,0
-0.059385,-1.548,0.48878,6.5994,6.9141,0
0.035589,-0.85549,0.3266,-5.4613,6.497,0
0.22554,-0.36816,0.19661,-5.4613,7.0436,0
0.035589,-0.23991,0.098789,6.5994,8.2086,0
-0.91415,-0.18861,0.047306,2.9584,8.108,0
-2.4337,-0.16296,0.024138,-8.192,9.2586,0
-3.3835,-0.16296,0.037009,-1.1377,8.0504,0
-2.1488,0.042233,0.08978,7.9647,8.0792,0
-0.15436,-0.034715,0.23265,0.00013542,7.4751,0
-0.34431,-0.4451,0.35621,-8.192,6.8998,0
-1.0091,-0.72725,0.34848,3.186,7.734,0
0.89035,-0.26556,0.28156,7.0545,7.36,0
2.8848,-0.11166,0.27126,-3.8684,8.597,0
2.5999,-0.13731,0.28027,-5.9164,7.921,0
0.98533,0.11918,0.30344,4.7789,7.7484,0
-0.7242,0.22178,0.36522,5.4616,7.3888,0
-1.484,-0.060364,0.4167,-6.8267,6.1662,0
-0.81917,-0.36816,0.39997,-4.5511,6.2957,0
0.22554,-0.57335,0.35235,6.5994,4.4833,0
1.2702,-0.13731,0.35363,1.5931,4.0087,0
0.41548,-0.13731,0.35492,-8.6471,3.0019,0
-0.34431,-0.599,0.27255,-0.45498,2.3546,0
-0.7242,-0.62465,0.14512,6.5994,3.0306,0
-0.15436,-0.16296,0.04087,-2.2755,2.5272,0
0.41548,-0.13731,0.037009,-7.0542,3.7498,0
-0.24933,-0.41945,0.069186,3.4135,3.2032,0
-1.6739,-0.086014,0.051167,5.6891,3.2464,0
-1.0091,0.40132,0.01899,-6.144,2.9443,0
-0.24933,0.83736,-0.017049,-6.144,1.8368,0
-1.0091,1.0426,-0.10972,6.3718,2.369,0
-1.579,0.76041,-0.16893,2.7309,1.7361,0
-1.389,0.68346,-0.15477,-8.4196,3.1313,0
-1.294,0.58087,-0.15091,-2.0479,3.3471,0
-1.484,0.14483,-0.12774,7.5096,3.6491,0
-1.389,-0.34251,-0.11615,-0.68254,3.8073,0
-0.34431,-0.086014,-0.077542,-8.192,2.6998,0
0.32051,0.65782,-0.010613,1.3655,3.045,0
-0.059385,0.37567,-0.0119,7.5096,1.7217,0
-1.1991,-0.21426,-0.0041778,-3.6408,2.1964,0
-0.81917,-0.31686,-0.0080391,-7.7369,2.1245,0
-1.1041,0.016583,0.0035447,5.4616,2.2539,0
-1.8639,0.68346,0.007406,5.6891,3.4477,0
-1.579,1.2221,-0.06081,-6.3715,3.0162,0
-0.24933,1.1452,-0.102,-4.5511,4.1813,0
0.51046,0.83736,-0.13289,6.5994,3.4334,0
0.79538,1.4016,-0.11358,3.6411,3.534,0
0.79538,1.7864,-0.059523,-7.5093,3.0306,0
0.89035,2.0172,-0.0054649,-2.503,1.9806,0
0.41548,1.1708,-0.041503,7.7372,2.3978,0
0.13056,-0.034715,-0.11101,0.00013542,1.3046,0
0.41548,-0.26556,-0.15605,-9.3298,2.1388,0
0.22554,0.093531,-0.16378,3.186,1.8656,0
-0.53425,0.14483,-0.18437,7.5096,2.3978,0
-0.15436,0.45262,-0.20496,-3.6408,3.2608,0
1.3652,0.81171,-0.21269,-6.5991,3.1601,0
3.2647,1.0426,-0.22684,5.6891,4.4546,0
2.5049,0.73476,-0.22298,5.9167,3.7498,0
2.03,0.45262,-0.20625,-6.144,4.1669,0
2.125,0.24743,-0.18952,-4.0959,3.7929,0
1.7451,0.37567,-0.19209,7.0545,3.1169,0
0.60543,0.55522,-0.2114,2.2757,3.3327,0
0.13056,0.093531,-0.23972,-7.9645,1.995,0
1.2702,-0.086014,-0.25001,-2.0479,2.5704,0
1.4602,0.29873,-0.19595,7.5096,2.0957,0
0.51046,0.50392,-0.15219,-0.22742,2.9587,0
-0.24933,0.42697,-0.12645,-8.4196,3.9368,0
-0.62923,0.067882,-0.14061,1.5931,4.0806,0
-0.24933,0.55522,-0.15091,6.5994,5.4039,0
0.89035,1.1708,-0.14447,-4.0959,4.6703,0
1.8401,1.1708,-0.16378,-7.0542,5.332,0
1.0803,1.0682,-0.23328,4.3238,4.9436,0
0.51046,0.73476,-0.26803,5.234,5.1881,0
1.1753,0.40132,-0.23714,-6.8267,5.8354,0
1.3652,0.19613,-0.22684,-4.5511,5.1594,0
1.2702,0.47827,-0.30793,6.1442,6.0368,0
0.79538,1.0682,-0.43407,2.2757,5.26,0
0.41548,1.1195,-0.47654,-7.9645,6.008,0
0.51046,1.0939,-0.43793,-1.8203,6.4826,0
1.4602,1.0939,-0.38516,8.1923,6.5546,0
0.51046,1.299,-0.34397,-0.22742,7.4319,0
0.035589,0.88866,-0.31179,-8.192,6.2381,0
1.2702,-0.086014,-0.23843,2.7309,6.5689,0
1.4602,-0.7016,-0.15605,6.3718,5.6916,0
1.4602,-0.47075,-0.046652,-5.2337,5.4327,0
1.3652,-0.23991,0.0061189,-6.3715,5.3176,0
1.0803,-0.4451,-0.036355,5.6891,3.908,0
0.32051,-0.82984,-0.13546,4.3238,4.3395,0
-0.34431,-0.72725,-0.17021,-6.8267,3.4621,0
-0.15436,-0.3938,-0.17279,-3.4133,4.2532,0
0.51046,-0.47075,-0.16635,7.7372,4.4833,0
0.7004,-0.5477,-0.1715,1.5931,3.7929,0
0.98533,-0.80419,-0.17279,-7.2818,3.8505,0
1.4602,-0.7016,-0.18823,0.68281,2.1388,0
1.1753,-0.3938,-0.23199,7.0545,2.2827,0
-0.7242,-0.72725,-0.25387,-1.5928,1.9231,0
-1.6739,-1.1633,-0.27189,-7.2818,2.2683,0
-1.484,-0.82984,-0.27961,2.9584,3.0738,0
-1.0091,0.14483,-0.30793,6.8269,2.556,0
-1.8639,0.55522,-0.35555,-5.0062,3.3039,0
-2.6237,0.60652,-0.40189,-6.3715,2.2827,0
-1.8639,0.58087,-0.40832,5.4616,2.6998,0
-1.389,0.37567,-0.41605,4.5513,2.9012,0
-1.8639,0.19613,-0.40961,-7.5093,3.1457,0
-0.7242,0.47827,-0.41733,-3.6408,4.9868,0
1.0803,0.78606,-0.45981,7.5096,5.1737,0
-0.059385,0.47827,-0.4405,0.68281,6.5689,0
-1.0091,-0.060364,-0.35427,-7.7369,6.1518,0
-0.059385,-0.11166,-0.25001,-0.22742,6.382,0
1.2702,0.27308,-0.1818,7.0545,6.8422,0
0.60543,-0.16296,-0.095561,-1.8203,6.4826,0
0.32051,-0.52205,-0.026058,-8.192,7.3888,0
1.0803,-0.5477,-0.0119,3.186,5.9648,0
0.98533,-0.57335,-0.059523,5.9167,5.6196,0
0.51046,-0.36816,-0.12002,-5.2337,4.1094,0
0.51046,-0.4451,-0.16249,-6.5991,3.232,0
0.60543,-0.57335,-0.18566,5.4616,3.5053,0
-0.34431,-0.3938,-0.19338,4.3238,2.6854,0
-0.24933,-0.41945,-0.1818,-7.9645,3.419,0
0.13056,-0.34251,-0.15219,-3.4133,2.5847,0
0.13056,-0.18861,-0.10328,7.5096,3.1745,0
0.13056,-0.13731,-0.10457,0.68281,3.7498,0
0.51046,0.29873,-0.14962,-8.4196,4.397,0
-0.15436,0.52957,-0.19209,0.68281,6.5114,0
-1.1041,0.63217,-0.19724,7.5096,6.9573,0
-0.34431,0.60652,-0.14447,-1.3652,8.4819,0
-0.62923,-0.13731,-0.045365,-7.2818,7.6908,0
-0.059385,-0.72725,0.055028,2.9584,7.0004,0
1.2702,-0.4451,0.065325,6.3718,6.5833,0
0.32051,-0.29121,0.073047,-5.0062,5.3463,0
0.22554,-0.72725,0.16186,-5.2337,5.7922,0
0.035589,-0.88114,0.27383,5.9167,4.5121,0
-0.62923,-0.75289,0.26354,3.6411,4.397,0
-0.62923,-0.57335,0.13354,-7.2818,3.2032,0
-0.059385,-0.11166,0.021564,-2.9581,1.4484,0
0.79538,0.58087,0.0035447,7.5096,0.15394,0
0.98533,0.70911,0.047306,0.91037,-2.6364,0
-0.7242,0.17048,0.062751,-8.192,-3.183,0
-1.294,-0.29121,-0.0054649,-0.22742,-4.1179,0
0.22554,-0.29121,-0.13031,6.8269,-2.4638,0
1.7451,-0.18861,-0.24358,-2.7306,-0.29195,0
1.6501,0.50392,-0.29892,-7.0542,1.621,0
1.2702,0.68346,-0.31437,4.0962,4.0662,0
1.8401,0.91431,-0.27961,5.6891,3.9368,0
1.8401,0.93996,-0.15992,-5.6889,5.0874,0
-0.059385,0.32437,-0.035068,-4.7786,4.9724,0
-0.15436,-0.11166,0.034435,7.282,5.6772,0
1.5552,0.29873,-0.0093262,2.7309,6.8135,0
1.1753,0.55522,-0.078829,-7.5093,7.1011,0
-0.91415,0.60652,-0.089126,-2.0479,8.784,0
-0.91415,0.32437,-0.055661,6.8269,8.1511,0
-0.059385,-0.060364,-0.0119,-0.45498,8.0792,0
0.7004,-0.41945,0.04087,-8.4196,6.6409,0
-0.15436,-0.5477,0.051167,2.2757,4.9724,0
-1.294,0.067882,0.0048318,6.8269,4.3683,0
-0.7242,0.29873,-0.0080391,-4.3235,2.8724,0
0.32051,0.27308,0.024138,-7.0542,3.4621,0
0.7004,0.47827,0.01899,5.9167,2.7717,0
-0.7242,0.093531,0.015128,4.3238,3.0306,0
-2.0538,-0.31686,-0.0016037,-7.5093,2.6423,0
-1.6739,-0.034715,0.013841,-3.8684,1.4772,0
-0.81917,0.60652,-0.00031657,7.7372,1.6354,0
-0.34431,0.68346,-0.040216,2.5033,0.49914,0
0.7004,0.63217,-0.062097,-7.5093,1.4916,0
0.79538,0.32437,-0.045365,0.00013542,0.98818,0
0.60543,-0.29121,-0.010613,8.1923,0.54229,0
0.22554,-0.77854,0.027999,-1.8203,0.47037,0
0.22554,-0.72725,0.046019,-7.9645,-0.17688,0
0.51046,-0.3938,0.051167,3.8687,1.4916,0
0.60543,-0.29121,0.062751,6.3718,2.0094,0
0.13056,-0.72725,0.082057,-5.2337,4.2388,0
-0.34431,-0.90679,0.074335,-5.6889,5.7491,0
-0.7242,-0.034715,0.024138,6.3718,6.5977,0
-0.24933,0.042233,-0.0041778,3.8687,7.8203,0
0.41548,-0.13731,-0.010613,-7.5093,6.6984,0
0.13056,-0.13731,-0.035068,-2.9581,6.6984,0
-0.81917,-0.21426,-0.059523,8.1923,4.7566,0
-1.9589,-0.11166,-0.053087,1.1379,3.8505,0
-0.62923,-0.18861,0.0099801,-7.7369,2.7286,0
1.3652,-0.18861,0.087205,0.68281,0.91626,0
1.7451,-0.16296,0.070473,7.7372,0.32654,0
1.0803,-0.41945,-0.058236,-1.3652,-1.9317,0
0.89035,-0.5477,-0.17536,-7.7369,-2.1474,0
0.89035,-0.11166,-0.24744,3.4135,-3.1686,0
2.125,0.37567,-0.26031,5.9167,-2.7803,0
3.5496,0.29873,-0.19724,-6.5991,-1.4426,0
0.51046,0.016583,-0.19338,-6.3715,-0.60838,0
-0.24933,0.27308,-0.20625,7.5096,1.8368,0
1.2702,0.78606,-0.21655,3.4135,2.5272,0
1.6501,0.70911,-0.241,-6.8267,4.3683,0
0.51046,0.68346,-0.241,-1.1377,5.3463,0
-0.43928,0.65782,-0.21269,7.282,6.2094,0
-0.62923,1.1195,-0.19081,-1.1377,7.9641,0
-0.24933,1.1452,-0.20239,-9.3298,7.9497,0
0.41548,0.78606,-0.19724,2.5033,9.0573,0
0.98533,0.68346,-0.1612,6.5994,8.0504,0
0.13056,0.60652,-0.15477,-4.0959,7.6908,0
0.22554,0.58087,-0.16506,-7.2818,7.3169,0
-0.059385,0.58087,-0.12002,5.0064,6.6984,0
0.13056,0.37567,-0.0093262,5.0064,7.7628,0
0.51046,0.22178,0.16314,-6.8267,7.2162,0
0.60543,0.19613,0.29829,-4.0959,8.223,0
0.79538,-0.0090658,0.37037,7.282,7.1299,0
0.22554,-0.13731,0.36007,1.3655,5.8498,0
0.035589,-0.18861,0.28542,-7.2818,4.8142,0
0.89035,0.042233,0.21978,-0.68254,2.8293,0
1.4602,0.42697,0.15027,7.7372,3.4621,0
0.60543,0.35002,0.067899,-1.5928,2.9012,0
-0.91415,0.52957,0.026712,-7.5093,3.7354,0
-1.484,0.91431,-0.0028907,4.0962,3.7498,0
-0.43928,0.52957,-0.058236,6.8269,3.0306,0
0.035589,0.27308,-0.085264,-4.7786,3.5628,0
0.035589,0.22178,-0.13031,-6.144,2.8005,0
1.6501,0.42697,-0.18566,6.8269,4.0806,0
1.5552,0.58087,-0.18823,4.5513,3.8792,0
-0.34431,0.60652,-0.19209,-7.5093,4.2532,0
-0.7242,0.35002,-0.15605,-3.8684,4.7566,0
0.32051,-0.034715,-0.1316,7.7372,4.2244,0
0.51046,-0.16296,-0.14061,1.1379,5.1594,0
0.22554,0.016583,-0.12259,-8.4196,4.0518,0
0.32051,0.19613,-0.041503,-0.22742,4.3683,0
1.3652,0.42697,0.047306,7.0545,3.5772,0
2.125,0.83736,0.082057,-1.5928,2.4984,0
1.6501,0.70911,0.055028,-7.9645,2.2395,0
0.32051,0.65782,0.037009,3.4135,0.90188,0
-0.34431,0.37567,0.029286,6.5994,1.7505,0
-0.15436,0.24743,-0.02091,-5.4613,1.0745,0
0.41548,-0.086014,-0.026058,-6.5991,1.6786,0
1.1753,-0.4451,0.057602,6.5994,2.4697,0
1.6501,-0.85549,0.18631,4.5513,2.858,0
0.035589,-0.98374,0.2674,-7.7369,4.3683,0
-1.1041,-1.0607,0.29314,-5.0062,3.6347,0
-0.53425,-1.2659,0.28799,6.1442,4.3107,0
0.22554,-1.3172,0.28027,1.8206,3.7066,0
0.7004,-0.88114,0.22879,-7.7369,3.6923,0
1.0803,-0.4451,0.17215,-0.9101,4.0518,0
1.4602,-0.7016,0.19403,7.7372,3.3327,0
2.125,-1.1889,0.24423,-1.8203,4.5121,0
1.6501,-1.112,0.23265,-9.1023,3.9512,0
0.89035,-1.0607,0.15928,2.0482,4.771,0
0.89035,-1.2402,0.074335,6.5994,4.6847,0
1.5552,-1.3685,0.027999,-4.3235,4.3107,0
1.5552,-1.1376,0.011267,-6.5991,4.9724,0
0.79538,-0.75289,0.021564,5.4616,4.282,0
0.89035,-0.36816,0.027999,4.3238,5.2888,0
-0.34431,-0.75289,0.05889,-7.0542,4.0087,0
-0.34431,-0.88114,0.12067,-3.8684,2.9156,0
0.51046,-0.75289,0.1477,7.282,1.6786,0
-0.15436,-0.62465,0.167,2.2757,0.053256,0
-0.53425,-0.5477,0.21463,-7.0542,0.42722,0
-1.0091,-0.67595,0.26096,-0.22742,-0.5077,0
-2.4337,-0.90679,0.31245,8.1923,0.42722,0
-2.9086,-0.52205,0.32403,-1.1377,0.28339,0
-1.389,-0.26556,0.3073,-7.2818,0.65736,0
0.22554,-0.4451,0.30215,2.9584,1.3478,0
0.7004,-0.36816,0.28928,7.0545,0.85873,0
0.32051,-0.47075,0.22879,-4.5511,1.995,0
-0.24933,-0.57335,0.10265,-6.3715,1.2758,0
-0.059385,-0.086014,-0.037642,6.1442,1.8512,0
0.60543,-0.086014,-0.080116,5.234,1.621,0
-0.34431,-0.21426,-0.067245,-6.5991,1.3765,0
-1.7689,-0.18861,-0.047939,-4.3235,2.4409,0
-2.1488,-0.4451,-0.073681,7.282,2.0382,0
-1.484,-0.5477,-0.098135,1.3655,2.8868,0
0.60543,-0.060364,-0.087839,-9.1023,1.8656,0
2.6949,0.91431,-0.099422,-1.3652,1.3046,0
2.125,0.58087,-0.11101,7.282,1.2183,0
0.035589,0.35002,-0.10457,-1.1377,0.54229,0
-1.1041,0.96561,-0.12388,-8.192,1.7217,0
-0.53425,1.3503,-0.20882,2.7309,0.93064,0
-0.53425,1.6581,-0.24229,7.0545,1.5923,0
-2.1488,1.2734,-0.18308,-3.8684,1.132,0
-2.9086,0.83736,-0.092987,-6.8267,0.71489,0
-1.8639,0.70911,0.011267,5.9167,1.2758,0
-2.1488,0.91431,0.05889,4.3238,0.65736,0
-2.7186,0.55522,0.085918,-6.8267,1.995,0
-1.7689,0.27308,0.11681,-4.5511,1.8224,0
-1.484,0.45262,0.14255,6.8269,2.8724,0
-1.579,0.83736,0.10265,2.0482,3.7642,0
-1.0091,0.99126,0.029286,-7.9645,3.5772,0
-0.7242,1.0169,-0.018336,-0.9101,4.1957,0
-0.62923,1.5299,-0.10714,7.0545,2.369,0
0.035589,1.5299,-0.2011,0.00013542,2.1101,0
0.60543,1.1965,-0.21011,-8.192,1.2615,0
1.2702,0.78606,-0.1715,2.7309,1.4916,0
1.6501,0.19613,-0.096848,6.5994,2.9731,0
0.51046,0.11918,-0.026058,-4.7786,3.0738,0
0.41548,-0.086014,-0.0080391,-6.5991,4.3395,0
0.60543,-0.67595,0.015128,5.4616,3.1169,0
1.3652,-1.1889,0.055028,4.5513,2.5704,0
1.6501,-1.3428,0.082057,-7.0542,1.6354,0
1.5552,-0.90679,0.079483,-3.8684,0.57106,0
1.1753,-0.47075,0.074335,7.7372,1.4484,0
-0.24933,0.042233,0.038296,2.9584,0.95941,0
0.41548,0.40132,0.043444,-7.2818,2.182,0
1.3652,0.32437,0.084631,-1.3652,1.8368,0
1.8401,-0.26556,0.082057,7.7372,1.5779,0
2.7898,-0.57335,0.04988,0.45525,1.4628,0
0.89035,-0.82984,0.022851,-7.7369,-0.13373,0
-1.294,-0.47075,0.025425,1.8206,-0.26318,0
-1.389,-0.0090658,0.044732,6.8269,-1.9173,0
-0.53425,0.19613,0.074335,-3.6408,-2.018,0
1.1753,-0.086014,0.091067,-6.5991,-2.5358,0
1.9351,-0.67595,0.16057,6.1442,-3.1399,0
1.3652,-1.1376,0.27383,4.5513,-2.5501,0
-0.53425,-0.93244,0.32017,-6.5991,-3.4131,0
-1.6739,-0.85549,0.27512,-5.0062,-2.4638,0
-2.1488,-0.95809,0.20948,6.3718,-2.6221,0
-1.1041,-0.75289,0.15671,2.0482,-1.644,0
1.1753,-0.16296,0.064038,-8.4196,-0.57961,0
1.8401,0.11918,-0.02091,-1.5928,-0.40701,0
1.8401,0.73476,-0.10843,7.9647,0.78681,0
1.4602,0.47827,-0.19467,-0.45498,-0.1625,0
1.1753,0.24743,-0.20496,-8.4196,0.52791,0
1.3652,0.45262,-0.17536,0.2277,0.42722,0
2.03,0.60652,-0.16764,6.1442,1.2183,0
1.8401,0.35002,-0.13932,-3.4133,2.6854,0
0.89035,0.27308,-0.10586,-8.192,2.8293,0
0.89035,-0.034715,-0.056948,3.6411,4.0087,0
0.89035,-0.11166,-0.026058,5.0064,2.9443,0
0.89035,0.11918,-0.010613,-5.4613,2.9875,0
-0.43928,0.50392,0.026712,-5.4613,1.9662,0
-2.3388,0.76041,0.053741,7.0545,0.93064,0
-2.3388,0.47827,0.017703,3.6411,1.1032,0
-0.62923,0.24743,-0.037642,-7.2818,-0.018661,0
0.035589,0.22178,-0.062097,-1.8203,0.47037,0
-1.1041,0.65782,-0.058236,7.7372,-1.0543,0
-1.294,0.70911,-0.041503,0.91037,-1.6008,0
-0.43928,0.37567,-0.006752,-7.9645,-2.32,0
0.32051,0.70911,0.069186,2.0482,-2.8378,0
0.79538,0.40132,0.19275,7.0545,-1.2556,0
0.51046,-0.23991,0.29314,-2.503,-1.2125,0
0.13056,-0.77854,0.30472,-6.5991,-0.018661,0
0.51046,-0.98374,0.25195,4.3238,-0.66591,0
0.32051,-0.98374,0.17601,5.234,-1.3132,0
-0.91415,-1.0094,0.12196,-6.8267,-1.4714,0
-1.1991,-1.2402,0.14512,-6.144,-2.5358,0
-1.1041,-1.0863,0.12968,6.3718,-1.2413,0
-1.0091,-0.80419,0.066612,2.7309,-0.88167,0
-1.0091,-0.6503,0.0035447,-7.0542,1.1176,0
0.98533,-1.0863,0.026712,-1.1377,2.4409,0
1.4602,-1.5737,0.08077,7.0545,2.8149,0
0.13056,-1.2915,0.094928,-1.5928,3.5772,0
-1.1991,-1.0863,0.060177,-8.8747,2.3834,0
-1.0091,-1.0094,0.034435,2.5033,2.9587,0
-0.34431,-0.4964,0.01899,6.8269,2.4553,0
0.13056,0.22178,-0.0119,-3.6408,3.1313,0
0.035589,0.35002,-0.026058,-6.8267,4.1813,0
0.7004,0.24743,-0.019623,3.6411,4.1094,0
-0.34431,0.24743,0.012554,5.0064,5.3895,0
-1.8639,0.016583,0.013841,-7.0542,4.4402,0
-1.8639,0.35002,0.04087,-5.2337,4.5409,0
-0.91415,0.78606,0.11037,7.282,3.2032,0
-1.0091,0.70911,0.19403,1.8206,2.2539,0
-0.24933,0.14483,0.23908,-7.9645,2.6279,0
1.5552,0.093531,0.17988,-1.3652,2.2683,0
2.6949,-0.11166,0.085918,8.1923,3.7354,0
1.4602,-0.11166,0.044732,-0.9101,3.5484,0
0.89035,0.067882,0.017703,-7.7369,3.8361,0
1.6501,0.19613,-0.049226,2.0482,3.4765,0
1.7451,0.19613,-0.10328,6.1442,1.8799,0
0.60543,0.42697,-0.102,-4.0959,1.693,0
0.22554,0.55522,-0.071106,-6.5991,0.28339,0
0.7004,0.37567,-0.067245,6.5994,1.1464,0
0.32051,0.24743,-0.045365,4.3238,1.3046,0
-0.91415,0.19613,0.00097052,-7.2818,1.621,0
-1.294,-0.0090658,0.021564,-3.8684,2.4841,0
-1.0091,0.093531,-0.033781,7.5096,1.8656,0
-0.059385,0.63217,-0.098135,1.3655,2.8724,0
0.60543,0.73476,-0.15091,-7.7369,2.2971,0
0.89035,0.86301,-0.15992,0.45525,2.7861,0
0.79538,1.0169,-0.1316,7.5096,2.6854,0
0.13056,1.0426,-0.12002,-2.0479,1.995,0
0.22554,1.2221,-0.15091,-7.2818,2.4265,0
0.13056,0.88866,-0.16893,3.6411,1.132,0
-0.91415,0.68346,-0.13417,6.3718,1.2471,0
-1.8639,0.91431,-0.096848,-5.0062,0.24024,0
-1.579,0.99126,-0.11873,-5.4613,-0.004278,0
-0.43928,1.299,-0.19081,6.3718,0.48476,0
0.22554,1.1452,-0.241,3.8687,-0.13373,0
-0.81917,1.3503,-0.25516,-7.2818,1.0457,0
-1.1991,1.6581,-0.29892,-3.1857,0.52791,0
-1.1991,1.8377,-0.35427,7.7372,1.5204,0
-1.389,1.7864,-0.40318,2.2757,1.7649,0
-0.34431,1.7864,-0.42892,-8.192,1.9375,0
1.6501,1.3247,-0.41218,-0.68254,2.7286,0
1.6501,1.0682,-0.3414,7.7372,1.7649,0
0.51046,1.812,-0.27447,-1.3652,2.3258,0
-0.059385,2.402,-0.27189,-8.4196,1.3765,0
0.51046,2.1198,-0.32466,3.186,1.5491,0
0.7004,1.6838,-0.34783,5.234,1.9519,0
0.98533,1.6838,-0.26803,-5.0062,1.6067,0
1.6501,1.3503,-0.15863,-6.144,2.4841,0
2.125,0.55522,-0.1213,5.234,1.1752,0
1.1753,0.47827,-0.15091,3.6411,1.3909,0
-0.62923,0.32437,-0.16378,-7.7369,0.55667,0
-1.6739,-0.034715,-0.08269,-2.9581,0.75804,0
-1.579,-0.18861,0.020277,7.5096,1.6354,0
0.60543,-0.95809,0.098789,1.1379,1.1176,0
2.22,-1.8302,0.15285,-8.6471,1.995,0
1.2702,-1.9584,0.22621,0.91037,1.0026,0
-0.059385,-1.8815,0.31245,8.1923,1.319,0
-0.34431,-1.8815,0.3768,-2.2755,1.4628,0
-0.7242,-2.0867,0.40898,-8.192,1.8512,0
-0.24933,-2.2662,0.42571,3.8687,3.4046,0
0.13056,-2.7535,0.47719,5.6891,3.1745,0
0.13056,-2.7535,0.5467,-5.0062,4.3539,0
0.22554,-2.6766,0.55571,-6.3715,3.1313,0
-0.34431,-2.6253,0.53511,6.3718,2.4697,0
0.41548,-2.574,0.49006,5.234,1.3621,0
0.7004,-2.1893,0.41799,-6.8267,0.11079,0
0.41548,-2.1123,0.36908,-3.6408,0.91626,0
0.035589,-1.9071,0.36908,8.4198,0.39846,0
-0.43928,-1.5993,0.3665,1.8206,1.1752,0
-0.059385,-1.7276,0.35106,-7.9645,0.18271,0
0.60543,-1.4711,0.34334,0.2277,-0.75222,0
0.32051,-1.4198,0.35363,7.7372,-0.96797,0
0.32051,-0.67595,0.35621,-2.0479,-1.6728,0
0.51046,-0.034715,0.32274,-7.5093,-0.29195,0
0.7004,0.17048,0.28284,4.0962,-0.53646,0
1.4602,-0.060364,0.23522,5.0064,0.47037,0
0.89035,-0.41945,0.18245,-5.9164,0.61421,0
0.32051,-0.31686,0.11938,-5.0062,0.28339,0
0.60543,-0.23991,0.0086931,6.5994,0.91626,0
0.7004,0.067882,-0.13675,3.6411,-0.018661,0
0.41548,0.17048,-0.21011,-7.7369,0.85873,0
0.32051,-0.29121,-0.19338,-2.503,0.16832,0
0.035589,-1.0607,-0.15477,7.282,0.16832,0
-0.43928,-1.8045,-0.11358,0.68281,0.010105,0
-0.7242,-1.6763,-0.099422,-8.8747,-1.0399,0
-1.1041,-1.7532,-0.095561,-0.45498,-0.91043,0
-1.294,-1.7019,-0.081403,7.5096,-2.4638,0
-0.7242,-1.3685,-0.11615,-1.5928,-2.1618,0
-0.81917,-0.82984,-0.17665,-7.9645,-2.0611,0
-0.62923,-0.6503,-0.17665,3.4135,-1.2556,0
-0.24933,-0.80419,-0.050513,6.3718,0.41284,0
0.41548,-0.23991,0.062751,-5.6889,0.52791,0
1.1753,0.35002,0.15285,-6.8267,1.8656,0
0.89035,0.35002,0.1773,5.234,1.1464,0
-0.62923,0.45262,0.17601,4.0962,1.8943,0
-0.81917,0.093531,0.16057,-8.192,2.4121,0
0.7004,-0.086014,0.091067,-3.4133,2.4121,0
1.9351,0.29873,-0.00031657,8.4198,3.4334,0
1.6501,0.52957,-0.017049,0.91037,2.6135,0
0.60543,-0.16296,-0.0028907,-7.2818,3.2608,0
0.7004,-0.29121,-0.015762,-0.45498,2.4553,0
1.3652,0.067882,-0.0016037,7.282,1.995,0
1.5552,-0.086014,0.030574,-2.2755,1.7217,0
2.125,-0.11166,0.029286,-7.2818,0.13956,0
2.22,0.32437,-0.0041778,3.186,0.16832,0
1.6501,0.29873,-0.037642,6.3718,-1.6152,0
1.2702,0.22178,-0.049226,-4.0959,-2.0899,0
0.22554,-0.0090658,-0.064671,-5.9164,-3.0823,0
-0.059385,-0.13731,-0.10972,5.9167,-4.0892,0
1.0803,-0.13731,-0.17922,3.186,-3.6864,0
1.8401,0.29873,-0.21912,-7.2818,-4.607,0
2.22,0.27308,-0.20754,-3.4133,-3.4131,0
1.6501,-0.086014,-0.17536,7.9647,-3.37,0
1.1753,-0.11166,-0.16378,1.5931,-2.3919,0
1.3652,0.042233,-0.19081,-7.7369,-1.27,0
1.4602,0.11918,-0.18051,0.45525,-1.1837,0
0.60543,0.19613,-0.102,6.8269,0.24024,0
-0.43928,-0.29121,-0.014475,-2.9581,-0.4214,0
-0.7242,-0.75289,0.074335,-7.5093,-0.11935,0
-0.53425,-0.95809,0.17087,4.7789,-0.75222,0
-0.15436,-0.52205,0.24037,5.4616,-0.9392,0
-0.059385,-0.4964,0.23265,-6.144,0.22586,0
-0.34431,-0.086014,0.16829,-6.144,0.75804,0
-1.1041,0.40132,0.091067,5.9167,3.6347,0
-1.389,0.093531,0.020277,2.9584,5.0587,0
-0.43928,0.11918,-0.080116,-7.5093,7.058,0
0.51046,0.24743,-0.15863,-2.2755,8.2374,0
-0.34431,0.45262,-0.18694,7.5096,8.0073,0
-2.1488,0.37567,-0.17279,0.00013542,8.4532,0
-3.0036,0.45262,-0.18437,-8.8747,7.0148,0
-1.389,0.78606,-0.21526,0.91037,6.9429,0
-0.24933,0.45262,-0.21526,7.0545,5.5333,0
-0.43928,0.24743,-0.15477,-3.1857,5.0443,0
-1.1041,-0.0090658,-0.10071,-7.7369,4.9292,0
-1.6739,0.11918,-0.10843,5.0064,4.0375,0
-2.1488,0.37567,-0.14833,5.234,4.7998,0
-0.91415,0.86301,-0.17021,-6.8267,3.5197,0
0.98533,1.0426,-0.16249,-4.3235,3.3902,0
1.5552,1.2734,-0.15734,8.1923,2.2395,0
0.98533,1.4016,-0.1316,2.7309,1.0745,0
0.89035,1.376,-0.13031,-7.9645,0.72928,0
0.89035,0.93996,-0.14447,-2.7306,-0.594,0
0.98533,0.88866,-0.13932,7.282,0.48476,0
0.32051,1.0169,-0.13675,0.2277,0.35531,0
-0.91415,1.5299,-0.17279,-7.5093,1.8656,0
-1.1991,2.325,-0.23071,1.8206,2.5416,0
-1.1041,3.1201,-0.28991,8.1923,2.3258,0
-0.53425,2.838,-0.28991,-2.503,2.4841,0
-1.294,1.9146,-0.26031,-7.2818,0.93064,0
-1.8639,1.0169,-0.25645,3.8687,1.3765,0
-1.6739,0.96561,-0.25645,5.6891,0.62859,0
-1.484,1.7607,-0.24486,-6.144,1.2615,0
-1.484,1.9146,-0.26932,-5.0062,1.7936,0
-0.81917,1.889,-0.3105,7.5096,1.7936,0
-0.62923,2.0942,-0.2912,2.5033,3.3471,0
-1.1041,1.4273,-0.20882,-7.5093,3.045,0
-1.389,0.63217,-0.14061,0.00013542,4.2244,0
-0.34431,0.27308,-0.077542,7.5096,3.9943,0
0.13056,0.22178,-0.019623,-1.8203,4.1381,0
-0.34431,0.42697,0.035722,-7.9645,4.6847,0
-0.62923,0.016583,0.13869,2.9584,3.9943,0
-0.059385,-0.93244,0.21849,5.4616,5.145,0
0.51046,-2.138,0.22492,-5.2337,4.8142,0
0.7004,-3.1383,0.21077,-5.6889,6.3244,0
0.32051,-3.9334,0.22364,5.6891,7.4751,0
-0.34431,-4.2668,0.24809,3.4135,7.9066,0
-0.81917,-3.7795,0.2275,-8.192,8.2662,0
-0.7242,-3.2409,0.15542,-3.6408,6.0511,0
-1.389,-2.0867,0.10265,7.7372,5.0299,0
-2.2438,-1.3172,0.093641,0.91037,2.9156,0
-1.579,-1.2402,0.11681,-8.8747,2.3978,0
0.41548,-1.0607,0.14255,-0.45498,2.6998,0
1.5552,-0.52205,0.16443,6.5994,2.4553,0
0.41548,-0.47075,0.16314,-2.503,3.419,0
-0.34431,-0.34251,0.17215,-7.9645,2.369,0
-0.43928,-0.18861,0.18502,3.186,2.6135,0
-0.059385,-0.4451,0.16958,6.8269,1.1895,0
0.035589,-0.29121,0.13869,-4.5511,-0.69468,0
-0.53425,-0.47075,0.14512,-6.144,-2.2625,0
-0.24933,-0.29121,0.16572,5.4616,-4.1179,0
0.41548,-0.21426,0.16057,4.5513,-2.996,0
0.22554,-0.4451,0.11938,-7.0542,-2.6652,0
-0.059385,-0.5477,0.11681,-4.0959,-1.0111,0
0.60543,-0.7016,0.17215,7.282,-0.061812,0
1.2702,-0.88114,0.19146,1.8206,0.91626,0
1.8401,-0.67595,0.13097,-8.192,2.9156,0
1.6501,-0.13731,0.04087,-1.1377,2.8149,0
1.5552,-0.11166,0.016416,7.7372,3.7786,0
2.03,-0.6503,0.07176,-1.3652,2.8293,0
1.1753,-0.41945,0.098789,-7.2818,2.9587,0
0.51046,-0.0090658,0.016416,3.186,3.4477,0
0.60543,0.17048,-0.14447,6.8269,3.419,0
1.2702,0.45262,-0.26546,-4.7786,4.9724,0
1.0803,0.55522,-0.30664,-5.6889,4.6128,0
-0.62923,0.58087,-0.26674,6.1442,5.3176,0
-0.24933,0.093531,-0.22041,5.234,4.8142,0
1.5552,-0.13731,-0.1818,-7.2818,4.2244,0
0.98533,-0.16296,-0.18437,-4.0959,4.2388,0
-0.7242,0.27308,-0.20239,7.9647,3.0738,0
-1.294,0.78606,-0.14962,1.8206,3.8073,0
-0.34431,0.99126,-0.081403,-7.7369,2.9012,0
1.1753,0.50392,0.0086931,-1.1377,3.1313,0
1.6501,-0.26556,0.15928,7.0545,2.5847,0
1.8401,-1.0607,0.2571,-0.68254,1.7505,0
0.51046,-1.3428,0.28027,-8.6471,1.8799,0
-0.24933,-0.7016,0.26096,2.0482,0.32654,0
-0.15436,-0.18861,0.17859,7.0545,0.52791,0
1.1753,0.52957,0.057602,-5.2337,-0.3351,0
0.79538,0.96561,-0.073681,-7.5093,0.19709,0
-0.15436,1.1452,-0.18437,4.7789,1.0026,0
-0.62923,1.5299,-0.26417,5.234,1.1176,0
0.32051,1.7864,-0.28991,-6.5991,2.3402,0
1.1753,1.5555,-0.26031,-4.3235,1.5491,0
0.7004,1.2477,-0.21655,7.7372,2.4841,0
-1.0091,1.5812,-0.17407,2.5033,2.5272,0
-1.294,2.2481,-0.096848,-8.8747,3.1169,0
0.89035,1.9146,-0.0518,-2.0479,4.0087,0
2.9798,1.2477,-0.044078,7.7372,3.045,0
3.4546,0.52957,-0.0119,0.45525,3.6491,0
2.6949,-0.21426,0.031861,-7.7369,2.5847,0
2.22,-0.52205,0.08978,1.8206,3.0594,0
2.03,-0.6503,0.16443,7.0545,2.671,0
1.0803,-0.88114,0.25453,-3.8684,1.0601,0
0.89035,-1.4967,0.33819,-7.0542,0.12517,0
0.79538,-1.7789,0.33561,4.7789,-1.9317,0
1.4602,-2.1123,0.37551,5.6891,-1.0974,0
1.8401,-1.9328,0.44115,-5.9164,-0.70906,0
1.7451,-1.5737,0.37937,-4.3235,0.65736,0
1.2702,-1.0094,0.24166,8.1923,1.9375,0
0.79538,-0.88114,0.15156,2.5033,1.693,0
0.22554,-0.95809,0.14641,-8.192,2.743,0
-1.1991,-0.72725,0.167,-0.22742,1.995,0
-2.2438,-0.85549,0.17473,8.4198,2.8436,0
-1.7689,-0.93244,0.17859,0.00013542,2.6279,0
-3.0036,-0.75289,0.17601,-7.9645,2.3978,0
-4.8081,-0.34251,0.17473,2.5033,2.6998,0
-3.4784,-0.21426,0.16314,6.5994,1.5635,0
-1.0091,-0.52205,0.13483,-3.8684,2.1964,0
0.51046,-1.0607,0.13483,-7.9645,1.5779,0
0.7004,-1.3428,0.1876,3.8687,2.4121,0
0.89035,-1.6506,0.26354,5.234,2.8293,0
0.22554,-1.7276,0.3266,-6.3715,2.3402,0
0.13056,-1.035,0.34205,-4.3235,2.743,0
0.51046,-0.67595,0.34462,6.8269,1.7793,0
0.7004,-0.34251,0.35878,2.0482,2.4553,0
0.7004,0.016583,0.37037,-8.6471,2.0094,0
0.32051,-0.31686,0.33561,-2.503,2.2395,0
-1.0091,-0.0090658,0.22235,7.282,2.9443,0
-1.6739,0.40132,0.10522,-1.1377,2.556,0
-1.484,0.35002,0.035722,-8.192,3.6203,0
-0.24933,0.22178,-0.0080391,1.3655,3.0306,0
0.035589,0.22178,-0.027345,6.5994,4.0662,0
-0.91415,0.45262,-0.056948,-4.7786,3.9224,0
-1.9589,1.1195,-0.080116,-6.8267,3.2895,0
-1.1041,1.1708,-0.054374,5.0064,3.3758,0
-0.91415,1.3247,-0.047939,3.8687,2.0382,0
-1.7689,1.6838,-0.076255,-6.5991,2.6567,0
-2.0538,1.8377,-0.098135,-3.8684,2.0813,0
-1.8639,1.3503,-0.035068,8.1923,2.2827,0
-2.3388,1.376,0.044732,1.8206,2.556,0
-1.579,1.7094,0.034435,-8.8747,1.5779,0
-0.15436,1.812,-0.0093262,0.68281,2.2971,0
-0.059385,1.7864,-0.0119,7.9647,1.1176,0
-0.43928,1.299,0.038296,-1.5928,1.6642,0
-0.059385,0.29873,0.08978,-6.5991,1.4628,0
0.98533,-0.599,0.078196,4.3238,1.3334,0
2.5049,-0.7016,0.022851,6.8269,1.9375,0
2.4099,-0.6503,-0.059523,-5.9164,0.90188,0
1.1753,-1.4198,-0.046652,-5.0062,1.693,0
0.32051,-1.9841,0.039583,7.0545,0.65736,0
-0.34431,-2.1636,0.10394,2.0482,1.0169,0
-0.81917,-1.8815,0.097502,-7.9645,1.0313,0
-0.059385,-0.75289,0.0035447,-1.3652,0.59983,0
-0.059385,1.1708,-0.13804,7.7372,1.4197,0
-1.0091,1.6068,-0.25001,-0.45498,0.42722,0
-1.7689,1.5299,-0.29506,-8.192,1.1895,0
-1.1041,1.4529,-0.3414,1.1379,0.88749,0
-0.059385,1.4786,-0.41862,7.282,1.3334,0
-1.0091,1.6838,-0.44436,-3.6408,2.0238,0
-0.91415,1.8633,-0.41733,-8.6471,1.506,0
0.7004,1.9146,-0.39545,3.186,2.4121,0
1.4602,2.1198,-0.40961,5.234,1.4484,0
0.51046,2.2481,-0.41862,-6.5991,2.3402,0
-0.91415,2.2481,-0.40446,-5.6889,2.5704,0
-1.294,2.5046,-0.32338,6.5994,2.4841,0
-0.34431,2.2994,-0.21655,3.186,3.0306,0
-0.059385,0.99126,-0.17021,-7.7369,2.0525,0
-0.43928,0.067882,-0.19724,-2.2755,2.9156,0
-1.7689,0.016583,-0.21912,6.8269,2.1388,0
-2.1488,-0.086014,-0.15477,0.00013542,2.2971,0
-0.53425,-0.47075,-0.0518,-8.192,2.5272,0
1.0803,-0.82984,-0.022197,0.2277,2.3402,0
1.6501,-0.75289,-0.06081,7.282,3.3471,0
0.51046,-1.1889,-0.058236,-3.4133,2.4409,0
0.32051,-1.8045,0.0048318,-8.6471,3.2032,0
1.1753,-1.6763,-0.00031657,3.6411,2.9299,0
1.4602,-0.90679,-0.045365,5.4616,2.743,0
-0.059385,-0.34251,-0.11358,-5.6889,2.9299,0
-1.484,0.32437,-0.24744,-6.144,1.995,0
-1.484,1.3503,-0.39417,6.1442,3.0306,0
0.13056,1.7864,-0.47525,3.6411,2.6423,0
1.7451,1.8633,-0.52674,-7.2818,3.4046,0
1.1753,1.5555,-0.52931,-3.6408,3.4765,0
-0.15436,1.1708,-0.50357,7.7372,3.1601,0
-0.7242,0.83736,-0.4907,0.68281,3.8361,0
-1.1041,0.88866,-0.45852,-7.5093,2.4553,0
-1.9589,1.2477,-0.38644,0.45525,2.5272,0
-4.4282,1.1708,-0.3607,7.282,1.2039,0
-6.1377,0.81171,-0.35941,-2.503,1.1464,0
-3.0985,0.63217,-0.31823,-7.7369,1.6354,0
0.98533,0.42697,-0.20496,4.3238,1.4628,0
1.5552,0.47827,-0.13804,6.3718,2.6854,0
0.035589,0.83736,-0.10457,-5.6889,1.8656,0
-1.0091,0.73476,-0.067245,-5.4613,2.5272,0
-0.24933,0.14483,-0.015762,7.282,1.9375,0
-0.34431,0.093531,0.05889,3.6411,1.3478,0
-1.1991,0.24743,0.1078,-7.7369,1.4772,0
-0.24933,0.68346,0.10136,-3.1857,0.59983,0
0.60543,0.91431,0.047306,7.0545,1.6498,0
0.79538,0.45262,0.04988,0.91037,1.0026,0
0.22554,-0.4964,0.15156,-8.6471,1.4628,0
0.22554,-1.1889,0.22106,0.91037,1.1464,0
0.7004,-1.0863,0.17601,6.8269,0.57106,0
0.89035,-0.5477,0.10651,-3.4133,1.4772,0
0.32051,-0.23991,0.053741,-7.9645,0.93064,0
-1.0091,-0.23991,-0.010613,4.5513,1.7505,0
-2.5287,-0.95809,0.011267,4.3238,1.0601,0
-1.7689,-2.138,0.11166,-6.5991,0.81558,0
0.60543,-1.8045,0.14899,-5.4613,0.75804,0
1.8401,-1.2659,0.16057,6.1442,-0.018661,0
1.1753,-1.2915,0.16829,2.5033,0.75804,0
-0.15436,-0.80419,0.19017,-8.4196,-0.11935,0
-0.53425,0.042233,0.11938,-2.503,0.48476,0
-0.7242,0.29873,-0.0080391,7.282,0.15394,0
-0.7242,0.55522,-0.13546,-0.22742,-0.17688,0
-0.15436,0.60652,-0.20882,-8.6471,0.18271,0
0.22554,0.88866,-0.27318,1.8206,-0.72345,0
0.7004,1.5042,-0.31694,7.0545,0.12517,0
2.7898,1.4786,-0.33753,-4.0959,-0.6803,0
3.6446,1.2221,-0.34397,-7.2818,0.24024,0
1.6501,1.3247,-0.36456,5.4616,0.57106,0
0.035589,1.6838,-0.36328,4.7789,0.26901,0
-0.15436,2.0942,-0.30922,-6.3715,0.87311,0
0.13056,2.4789,-0.241,-4.0959,-0.22003,0
0.035589,2.6585,-0.23199,7.5096,0.65736,0
0.035589,2.7098,-0.23071,2.2757,0.096406,0
-0.43928,2.8637,-0.17279,-7.7369,0.16832,0
-0.15436,2.5046,-0.06081,0.45525,0.65736,0
0.60543,1.5042,0.04087,8.1923,0.38407,0
0.60543,1.1452,0.078196,-1.8203,1.9087,0
0.60543,1.299,0.042157,-8.192,1.3765,0
-0.7242,1.1452,0.033148,2.5033,1.9519,0
-1.294,1.2221,0.04087,6.3718,1.5347,0
-0.15436,1.0939,0.025425,-4.3235,0.93064,0
0.035589,0.52957,0.056315,-6.144,1.5204,0
-1.484,0.11918,0.14641,6.1442,0.88749,0
-1.8639,0.016583,0.18374,4.5513,2.0094,0
-1.1041,0.17048,0.19146,-8.192,1.3334,0
-1.294,0.19613,0.15671,-4.0959,1.693,0
-1.389,0.19613,0.076909,7.282,2.0238,0
-0.24933,-0.0090658,0.017703,2.2757,1.693,0
-0.34431,-0.16296,0.0086931,-7.5093,2.743,0
-1.294,0.32437,0.022851,-1.3652,2.0525,0
-1.389,0.52957,0.05889,7.282,2.7573,0
-0.91415,0.37567,0.12324,-1.3652,2.2395,0
0.98533,-0.034715,0.16958,-7.7369,1.8656,0
1.8401,0.067882,0.18374,2.7309,2.0813,0
1.6501,0.70911,0.20433,6.5994,1.3765,0
0.60543,1.4529,0.24938,-4.5511,2.8436,0
0.22554,1.8377,0.25067,-7.2818,2.5991,0
0.7004,1.8377,0.24037,5.234,3.4334,0
-0.15436,1.299,0.32918,4.0962,3.419,0
-1.294,0.76041,0.4965,-7.2818,2.743,0
-0.34431,0.35002,0.62006,-3.4133,3.2895,0
0.51046,-0.23991,0.69214,6.8269,2.1964,0
0.41548,-0.060364,0.80154,0.00013542,2.7286,0
-0.43928,-0.13731,0.9251,-8.6471,2.1676,0
-1.1041,-0.67595,1.0255,0.45525,2.4409,0
-1.8639,-1.2146,1.0924,7.282,3.4621,0
-2.0538,-1.3685,1.0358,-3.1857,3.2895,0
-1.484,-1.1376,0.89292,-6.5991,4.3683,0
-0.53425,-1.0607,0.74233,3.6411,3.3327,0
0.51046,-1.2659,0.60462,5.4616,3.3327,0
0.32051,-0.85549,0.47848,-7.2818,2.4984,0
-0.24933,-0.4451,0.37165,-5.0062,1.5779,0
-1.1991,-0.23991,0.31373,7.282,2.1245,0
-2.1488,-0.52205,0.3472,1.8206,1.2615,0
-2.4337,-0.85549,0.38838,-8.192,2.5991,0
-0.81917,-0.88114,0.41026,-0.9101,2.6998,0
0.79538,-0.4964,0.42185,7.282,3.3327,0
1.4602,0.042233,0.4167,0.00013542,3.9799,0
1.1753,0.22178,0.37037,-7.5093,3.1169,0
0.32051,0.22178,0.29185,2.2757,3.3327,0
-0.91415,0.50392,0.20304,7.0545,1.9375,0
-1.8639,0.88866,0.15156,-3.4133,2.5272,0
-2.0538,1.0169,0.12324,-6.8267,3.0882,0
-2.2438,1.0169,0.087205,5.4616,3.4046,0
-2.2438,1.0426,0.034435,3.8687,4.3827,0
-2.2438,1.3503,-0.063384,-7.5093,3.2751,0
-1.7689,1.6581,-0.15219,-4.3235,3.5628,0
-0.91415,2.1198,-0.22427,7.9647,2.3115,0
-0.53425,2.1968,-0.25259,2.2757,2.0957,0
-1.294,1.7607,-0.24615,-7.9645,2.6567,0
-2.0538,1.7864,-0.24358,-1.1377,2.5704,0
-0.91415,2.0429,-0.26674,7.5096,3.8936,0
0.22554,2.2737,-0.32209,-1.5928,3.0594,0
1.2702,2.7867,-0.41218,-7.5093,3.2464,0
1.5552,3.2484,-0.47654,2.9584,2.5847,0
0.89035,3.1971,-0.48812,6.3718,2.0813,0
0.89035,2.8637,-0.47525,-4.5511,2.858,0
0.98533,2.4533,-0.46624,-7.0542,2.3834,0
0.89035,2.0942,-0.44951,5.234,3.6635,0
1.2702,1.299,-0.40189,4.5513,3.1169,0
1.0803,0.58087,-0.3105,-6.144,3.721,0
-1.389,-0.29121,-0.16764,-4.5511,3.4765,0
-2.0538,-0.98374,-0.086552,7.0545,2.6279,0
-0.24933,-0.5477,-0.071106,1.8206,3.0306,0
2.125,-0.034715,-0.098135,-7.7369,2.0525,0
2.8848,-0.034715,-0.10972,-1.3652,2.9875,0
2.4099,0.067882,-0.11101,7.7372,2.5704,0
2.22,0.11918,-0.083977,-0.45498,2.9587,0
1.2702,-0.62465,-0.027345,-7.7369,3.3183,0
0.89035,-1.9841,0.00097052,2.0482,2.3978,0
1.1753,-2.5227,0.0099801,7.282,2.8005,0
1.4602,-1.9841,0.024138,-3.4133,1.4053,0
1.3652,-2.3431,0.055028,-6.8267,1.8512,0
0.41548,-3.3435,0.094928,5.234,1.5779,0
-0.15436,-3.4717,0.10136,5.6891,1.6786,0
0.035589,-2.7535,0.12324,-5.9164,2.3834,0
0.41548,-2.6509,0.167,-4.5511,1.5347,0
0.79538,-3.1639,0.25195,7.282,2.1388,0
0.51046,-3.3948,0.35235,2.2757,0.75804,0
0.22554,-3.3948,0.38581,-7.9645,0.80119,0
-0.34431,-2.7535,0.31373,-0.68254,0.95941,0
-0.059385,-2.5996,0.29057,8.1923,1.0026,0
1.1753,-2.8818,0.37294,-0.22742,2.4841,0
1.4602,-2.7535,0.48363,-8.192,2.0382,0
1.2702,-2.3944,0.5068,2.5033,2.7573,0
0.89035,-2.061,0.44888,6.3718,2.1245,0
0.13056,-1.8815,0.32532,-4.5511,1.8656,0
-0.34431,-1.7276,0.19532,-6.5991,2.2971,0
0.32051,-1.3172,0.11938,5.9167,1.7649,0
1.0803,-1.2915,0.069186,4.0962,2.7717,0
1.0803,-1.1633,0.00097052,-7.2818,1.9375,0
0.89035,-0.75289,-0.065958,-3.6408,2.2971,0
0.22554,-0.88114,-0.063384,7.7372,1.7649,0
0.7004,-0.7016,-0.050513,2.2757,1.2615,0
1.4602,-0.599,-0.08269,-8.192,1.8224,0
0.7004,-0.29121,-0.10457,-1.8203,1.1752,0
0.89035,0.27308,-0.056948,6.8269,2.1676,0
1.3652,0.76041,-0.00031657,-1.1377,1.3765,0
2.03,0.45262,0.026712,-7.2818,1.0601,0
1.8401,-0.5477,0.055028,3.186,0.55667,0
0.41548,-1.1376,0.075622,6.8269,-0.55085,0
0.035589,-0.88114,0.015128,-5.6889,0.42722,0
0.51046,-0.34251,-0.13932,-7.7369,0.16832,0
0.13056,0.76041,-0.39288,5.4616,1.808,0
0.035589,1.299,-0.59624,3.8687,2.0957,0
-0.059385,0.88866,-0.67218,-6.8267,1.8799,0
-0.62923,0.65782,-0.65544,-3.4133,1.9087,0
-0.059385,0.52957,-0.63228,7.7372,0.16832,0
1.0803,0.37567,-0.5898,1.5931,0.31216,0
1.5552,0.17048,-0.51,-8.4196,-0.75222,0
1.2702,-0.0090658,-0.43535,0.00013542,-0.090578,0
0.89035,-0.13731,-0.35427,8.1923,0.71489,0
0.51046,0.32437,-0.26288,-1.3652,0.87311,0
-0.43928,0.50392,-0.20496,-7.7369,1.7361,0
-0.059385,0.63217,-0.21912,3.6411,-0.10496,0
1.7451,0.83736,-0.24744,7.0545,-0.39263,0
2.03,0.68346,-0.26674,-4.5511,-1.6296,0
1.2702,0.63217,-0.22298,-6.3715,-1.7303,0
0.22554,0.35002,-0.15091,6.1442,-0.3351,0
0.13056,0.24743,-0.096848,4.7789,-0.076195,0
0.22554,0.24743,-0.074968,-6.3715,1.3765,0
0.035589,0.22178,-0.058236,-3.8684,0.067639,0
0.60543,0.78606,-0.050513,7.5096,-0.46455,0
0.60543,1.1708,-0.047939,1.3655,-1.5433,0
0.41548,0.55522,-0.031207,-8.4196,-2.6796,0
0.13056,-0.3938,0.025425,0.00013542,-2.2193,0
0.035589,-0.18861,0.096215,7.7372,-3.1111,0
-0.34431,-0.21426,0.1374,-1.3652,-1.6584,0
-0.34431,-0.85549,0.11681,-8.4196,-1.3132,0
0.13056,-0.57335,0.074335,3.4135,-0.78098,0
-0.059385,-0.086014,0.048593,6.1442,-1.1406,0
-0.059385,-0.3938,0.13225,-5.4613,-2.8953,0
-0.7242,-1.3428,0.3073,-6.8267,-2.7227,0
-0.81917,-2.061,0.44244,5.234,-3.557,0
1.4602,-2.2919,0.49521,3.4135,-2.6652,0
2.5999,-2.7279,0.52095,-6.8267,-2.6077,0
1.8401,-2.8048,0.56858,-3.1857,-3.0392,0
1.1753,-2.3688,0.6561,6.3718,-2.809,0
0.13056,-1.7019,0.68055,1.1379,-4.1611,0
-0.53425,-1.2402,0.55571,-7.5093,-3.5714,0
0.98533,-1.035,0.40254,-0.22742,-4.4056,0
1.2702,-1.0607,0.427,7.7372,-4.046,0
-0.53425,-1.3428,0.51967,-2.503,-3.7296,0
-0.15436,-1.4198,0.48749,-7.7369,-4.046,0
0.89035,-1.6763,0.46175,3.4135,-3.0536,0
0.98533,-2.0867,0.53511,5.6891,-4.1035,0
1.1753,-2.2406,0.59046,-5.4613,-3.7152,0
1.2702,-2.1893,0.61105,-5.4613,-4.5063,0
1.5552,-1.7019,0.58016,6.5994,-4.3768,0
0.60543,-1.7789,0.58273,3.186,-3.7871,0
-0.34431,-2.1636,0.60976,-6.8267,-4.2761,0
-0.15436,-2.7022,0.61234,-2.9581,-3.1974,0
0.7004,-3.01,0.59818,7.5096,-3.9885,0
1.3652,-2.8561,0.57373,0.68281,-3.557,0
0.89035,-2.3688,0.53769,-7.7369,-3.6577,0
-1.294,-1.4967,0.43343,1.1379,-3.8878,0
-2.1488,-1.3172,0.29185,7.0545,-3.1974,0
-1.6739,-1.6763,0.15413,-2.7306,-4.1467,0
-1.7689,-2.0867,0.053741,-6.8267,-2.8953,0
-1.389,-1.7276,-0.010613,4.7789,-2.9097,0
0.035589,-1.7276,-0.086552,5.4616,-1.8597,0
1.7451,-2.3175,-0.25645,-6.5991,-1.3276,0
1.7451,-2.0354,-0.48812,-5.2337,-1.9892,0
0.51046,-1.4454,-0.64772,7.0545,-1.2988,0
0.32051,-1.2915,-0.73524,2.9584,-2.0467,0
1.0803,-1.1633,-0.83692,-7.2818,-0.91043,0
0.98533,-0.80419,-0.99266,-0.9101,-0.82413,0
-0.15436,-0.6503,-1.1716,7.9647,-0.70906,0
-0.15436,-1.112,-1.3608,-0.22742,-0.27756,0
0.98533,-0.88114,-1.5693,-9.1023,-1.3563,0
1.9351,-0.88114,-1.8074,0.91037,-0.72345,0
1.8401,-0.98374,-2.0404,7.7372,-1.2269,0
1.1753,-0.5477,-2.2476,-2.9581,-0.29195,0
1.5552,-0.5477,-2.4921,-7.9645,-0.004278,0
1.4602,-0.77854,-2.7585,4.3238,-0.36386,0
1.0803,-1.035,-2.9967,4.5513,0.55667,0
0.89035,-0.98374,-3.2129,-7.0542,-0.076195,0
0.7004,-0.52205,-3.4652,-5.4613,0.84434,0
0.7004,-0.23991,-3.8088,6.3718,0.47037,0
0.13056,0.32437,-4.1821,2.9584,0.88749,0
-0.43928,0.55522,-4.5489,-7.7369,1.6067,0
-0.059385,0.65782,-4.8295,-2.2755,1.2615,0
1.6501,0.63217,-4.9865,7.7372,2.0094,0
3.2647,0.58087,-5.0483,-0.22742,0.98818,0
2.7898,0.40132,-5.065,-7.9645,1.4628,0
0.7004,0.55522,-5.0251,1.5931,1.1752,0
-0.91415,0.86301,-4.962,7.0545,1.1176,0
-0.43928,0.99126,-4.9595,-3.1857,2.3978,0
-0.24933,0.78606,-5.0328,-7.5093,2.2539,0
0.13056,0.91431,-5.0882,4.7789,3.721,0
0.13056,0.73476,-5.1461,4.7789,3.2464,0
-0.24933,0.68346,-5.0624,-5.9164,3.8073,0
-0.15436,0.60652,-4.8089,-4.5511,3.7066,0
0.60543,0.63217,-4.518,7.282,3.1313,0
0.89035,0.60652,-4.285,1.3655,3.6923,0
0.51046,0.32437,-4.0907,-7.2818,2.7717,0
0.79538,0.19613,-3.8899,-0.22742,3.8792,0
1.2702,0.016583,-3.6685,7.9647,3.6491,0
1.1753,0.27308,-3.3995,-0.9101,3.9655,0
1.6501,0.58087,-2.9786,-7.2818,4.5553,0
1.5552,0.91431,-2.5166,3.186,4.095,0
1.5552,1.5299,-2.0301,6.8269,5.3032,0
1.0803,1.8633,-1.5937,-4.0959,4.3683,0
-0.7242,2.3763,-1.2346,-6.8267,4.8142,0
-1.7689,2.5815,-0.909,6.8269,4.6272,0
-2.9086,2.1198,-0.5203,4.5513,4.5696,0
-2.7186,1.9403,-0.10328,-7.5093,5.2744,0
-0.7242,2.0942,0.19275,-4.0959,4.1525,0
1.5552,1.9403,0.34848,7.0545,4.9005,0
1.5552,1.9146,0.4669,1.5931,4.3251,0
1.2702,2.3763,0.66253,-7.7369,5.0155,0
0.79538,3.0945,0.94955,-1.3652,5.6053,0
0.79538,2.915,1.2546,7.282,5.4614,0
0.32051,2.7354,1.5506,-1.3652,6.3388,0
-0.34431,3.1714,1.911,-8.192,5.2169,0
-0.059385,3.1971,2.4168,1.8206,5.4902,0
-0.059385,2.6072,3.0887,6.8269,4.8142,0
-1.1991,2.5815,3.8326,-5.0062,4.8861,0
-1.1991,2.8893,4.6602,-7.2818,5.7059,0
-1.0091,2.838,5.4672,5.234,5.4183,0
-0.43928,2.9406,6.0735,4.3238,6.6265,0
-1.1991,3.0175,6.5149,-7.9645,5.9505,0
-1.8639,2.2994,6.9783,-3.8684,6.4107,0
-2.0538,2.2481,7.4403,7.282,5.9505,0
-2.7186,2.4533,7.7904,1.3655,5.2025,0
-2.8136,2.3763,8.0067,-8.4196,5.8354,0
-1.8639,2.8124,8.1573,-0.45498,5.519,0
-0.62923,2.7867,8.219,7.9647,7.3456,0
-0.059385,2.6841,8.1341,-1.8203,7.4319,0
-0.91415,2.9919,7.9384,-7.9645,7.921,0
-1.7689,3.9409,7.7171,3.6411,7.5758,0
-2.1488,4.9925,7.5922,6.5994,6.2237,0
-1.484,4.6848,7.4622,-3.8684,6.4539,0
-1.484,3.9153,7.2408,-6.144,5.4039,0
-1.1991,3.351,6.959,4.5513,6.1374,0
-0.34431,3.3253,6.7299,5.4616,5.7635,0
0.51046,3.4279,6.5278,-5.6889,5.6484,0
-0.34431,3.4792,6.2935,-4.7786,6.195,0
-1.1991,3.4792,6.0696,6.5994,5.3895,0
-0.43928,3.5049,5.8366,3.186,6.0368,0
-0.15436,3.2484,5.5612,-7.5093,4.397,0
-1.1991,3.0945,5.2356,-2.0479,3.8649,0
-0.91415,3.0432,4.9421,7.9647,3.0594,0
0.7004,2.7611,4.6628,0.00013542,2.6567,0
0.7004,2.3763,4.3796,-8.192,4.1094,0
-0.15436,1.7351,4.0798,1.3655,4.095,0
-0.62923,1.1452,3.8108,7.0545,5.2169,0
-0.059385,0.47827,3.5559,-4.7786,4.3539,0
0.51046,-0.0090658,3.2946,-7.7369,3.8649,0
0.13056,-0.16296,3.0102,5.234,3.045,0
-0.91415,-0.21426,2.7257,4.0962,1.3765,0
-2.0538,-0.5477,2.4297,-7.2818,1.4484,0
-2.1488,-1.0863,2.1864,-4.3235,0.24024,0
-1.0091,-1.1633,1.8827,6.3718,1.2039,0
-0.24933,-1.0863,1.5416,1.3655,1.4484,0
-1.0091,-1.2915,1.2546,-7.7369,2.0957,0
-1.294,-1.5737,1.0718,-1.1377,2.7286,0
-0.15436,-1.2915,0.91738,7.7372,1.621,0
-0.24933,-1.112,0.70758,-1.3652,1.7793,0
0.035589,-1.2659,0.43987,-8.4196,0.15394,0
0.98533,-0.90679,0.15928,2.2757,0.29777,0
1.7451,-0.47075,-0.098135,6.8269,0.13956,0
1.6501,-0.23991,-0.26031,-4.3235,-0.1625,0
0.22554,-0.18861,-0.38001,-7.2818,0.64298,0
-1.1991,-0.23991,-0.49327,5.0064,-0.1625,0
0.13056,-0.72725,-0.5602,5.4616,0.55667,0
1.3652,-1.3941,-0.58337,-6.5991,-0.22003,0
1.2702,-1.548,-0.71594,-5.0062,-0.20565,0
0.98533,-1.5224,-0.97979,7.5096,-0.11935,0
0.89035,-1.3941,-1.2874,2.9584,-0.62276,0
1.8401,-1.2146,-1.5114,-7.7369,0.47037,0
2.03,-1.3172,-1.6684,-1.3652,-0.34948,0
0.32051,-1.3172,-1.8035,8.1923,0.35531,0
-1.484,-0.3938,-1.9837,-0.45498,-0.1625,0
-1.579,-0.16296,-2.1202,-7.7369,-0.78098,0
-0.34431,-0.41945,-2.124,2.7309,-0.82413,0
0.13056,-0.82984,-1.9953,7.0545,-1.9317,0
0.7004,-1.035,-1.8975,-3.1857,-1.083,0
1.3652,-1.7789,-1.8434,-5.6889,-1.8022,0
-0.059385,-2.1893,-1.7675,5.4616,-1.2125,0
-1.0091,-2.574,-1.689,5.234,-1.27,0
-1.0091,-3.3435,-1.6735,-6.8267,-1.7591,0
-0.15436,-3.4974,-1.7315,-4.7786,-0.89605,0
0.51046,-3.2152,-1.7855,7.282,-1.6584,0
-0.24933,-3.087,-1.8074,2.5033,-0.95358,0
-2.2438,-3.3435,-1.8022,-7.7369,-1.7878,0
-2.3388,-3.1896,-1.8331,-1.1377,-2.2193,0
-0.62923,-3.1126,-1.8898,7.0545,-2.3632,0
0.035589,-3.1383,-1.9194,-0.45498,-3.2837,0
0.035589,-3.6769,-1.9309,-8.6471,-2.0755,0
0.7004,-4.6003,-1.9361,2.0482,-2.1186,0
0.41548,-4.472,-1.9039,6.8269,-0.7666,0
-0.24933,-3.8052,-1.8061,-4.3235,-0.43578,0
-0.62923,-3.5487,-1.6967,-6.5991,-1.3132,0
0.41548,-3.8052,-1.6465,4.7789,-1.6584,0
0.60543,-3.8052,-1.6594,4.5513,-3.3125,0
0.41548,-3.3691,-1.7315,-6.3715,-2.4063,0
1.2702,-2.574,-1.8254,-5.0062,-2.3056,0
1.4602,-2.0097,-1.837,6.3718,-1.4139,0
0.41548,-2.138,-1.8215,2.5033,-0.8529,0
0.22554,-1.9328,-1.7894,-8.4196,-1.457,0
-0.059385,-2.1123,-1.7752,-2.0479,-0.89605,0
-0.34431,-1.9328,-1.7662,6.5994,-2.1043,0
-0.7242,-1.035,-1.8524,0.00013542,-1.3276,0
-0.15436,-0.18861,-2.0095,-7.9645,-1.5002,0
0.035589,0.11918,-2.0571,1.8206,-1.3276,0
0.035589,-0.29121,-1.9258,7.282,-0.73783,0
0.60543,-0.47075,-1.7958,-4.3235,-1.6008,0
0.7004,-0.31686,-1.7932,-6.5991,-0.88167,0
0.89035,0.067882,-1.8537,4.5513,-1.9892,0
0.32051,0.68346,-1.8499,5.4616,-1.7159,0
-0.62923,0.99126,-1.8473,-6.3715,-1.8022,0
-0.7242,1.0169,-1.9374,-4.3235,-2.1186,0
-0.059385,0.99126,-1.9966,8.1923,-0.79537,0
0.41548,0.27308,-1.8602,1.3655,-1.2556,0
1.4602,-0.36816,-1.6735,-8.192,-0.11935,0
1.4602,-0.5477,-1.5242,0.00013542,-0.5077,0
0.7004,-0.85549,-1.4406,7.0545,-0.53646,0
-0.43928,-0.75289,-1.3582,-1.5928,-0.004278,0
-1.1991,-0.67595,-1.3119,-7.9645,-0.29195,0
-1.389,-1.112,-1.281,3.186,1.1032,0
-0.34431,-1.0607,-1.2346,6.5994,0.59983,0
0.98533,-1.3428,-1.16,-5.6889,1.1608,0
1.4602,-1.7276,-1.0454,-6.3715,1.0889,0
0.51046,-2.0867,-0.94375,5.9167,0.68613,0
0.13056,-2.2662,-0.89999,4.3238,1.7217,0
0.7004,-2.5483,-0.89098,-7.2818,1.2471,0
0.41548,-2.8561,-0.84593,-3.8684,2.2539,0
0.13056,-3.0357,-0.78415,8.1923,1.5923,0
0.7004,-3.0613,-0.76356,2.2757,1.9231,0
0.89035,-2.8048,-0.77,-7.9645,2.3258,0
0.13056,-2.5996,-0.80475,0.2277,1.621,0
0.41548,-1.5993,-0.86138,7.282,2.3258,0
0.22554,-0.90679,-0.86138,-3.6408,1.2039,0
0.22554,-1.1633,-0.79445,-7.7369,1.9231,0
1.4602,-1.0863,-0.71465,4.5513,1.7505,0
1.0803,-0.75289,-0.70307,4.7789,2.182,0
-1.1991,-0.62465,-0.80603,-6.144,3.1169,0
-1.389,-0.85549,-0.89742,-5.4613,2.6998,0
-1.0091,-0.7016,-0.88197,6.1442,3.8361,0
-0.15436,-0.599,-0.82534,2.7309,3.1313,0
0.60543,-0.29121,-0.76227,-8.192,3.534,0
0.60543,0.24743,-0.71336,-3.6408,3.3471,0
-0.43928,0.81171,-0.64644,7.0545,3.045,0
-1.1041,0.68346,-0.59366,0.68281,4.0375,0
-0.81917,0.37567,-0.55891,-8.4196,3.4765,0
-1.294,0.24743,-0.52287,2.7309,4.7135,0
-1.9589,0.45262,-0.48684,7.7372,4.4546,0
-1.6739,0.60652,-0.46753,-2.7306,4.6416,0
-0.43928,0.78606,-0.45208,-7.0542,4.8717,0
-0.7242,-0.060364,-0.40446,3.8687,3.9368,0
-1.1041,-0.7016,-0.32595,5.234,4.7854,0
-1.0091,-0.4451,-0.3015,-6.3715,3.8649,0
-0.62923,-0.23991,-0.27318,-5.4613,4.5409,0
-0.53425,-0.47075,-0.24744,7.282,3.9512,0
-0.62923,-0.77854,-0.22427,3.6411,3.2895,0
-1.6739,-0.6503,-0.2809,-8.192,3.7498,0
-3.2885,0.17048,-0.35813,-1.3652,3.1313,0
-2.5287,1.0939,-0.38387,7.5096,4.1381,0
-0.91415,1.3503,-0.42634,0.00013542,3.232,0
1.0803,1.4016,-0.50486,-7.0542,2.8868,0
1.5552,0.93996,-0.53575,2.5033,2.3258,0
1.4602,0.42697,-0.50614,6.3718,1.2758,0
1.4602,0.22178,-0.44822,-4.7786,2.182,0
0.89035,-0.086014,-0.36199,-5.9164,1.621,0
0.41548,-0.67595,-0.30021,5.6891,2.9012,0
-0.91415,-0.6503,-0.22813,3.8687,2.7142,0
-1.8639,-0.086014,-0.16249,-6.8267,2.3834,0
0.035589,0.50392,-0.12388,-4.5511,2.2539,0
2.03,1.299,-0.087839,7.5096,1.0889,0
1.8401,0.93996,-0.077542,1.8206,1.808,0
1.5552,0.17048,-0.056948,-8.4196,0.85873,0
1.4602,0.093531,-0.0080391,-0.9101,1.1032,0
0.41548,0.37567,0.057602,7.282,0.32654,0
-0.34431,0.27308,0.1078,-1.3652,-0.72345,0
-0.059385,0.067882,0.10265,-8.4196,-0.46455,0
0.89035,0.29873,0.075622,2.7309,-1.5002,0
1.4602,0.17048,0.11552,5.9167,-0.47893,0
0.51046,-0.77854,0.18502,-5.6889,-0.8529,0
-0.91415,-1.3172,0.25968,-5.4613,-0.73783,0
-0.91415,-1.1633,0.297,6.5994,-0.70906,0
0.32051,-0.75289,0.28156,2.5033,-1.7591,0
-0.15436,-0.41945,0.24938,-8.8747,-0.98235,0
-0.7242,-0.23991,0.20304,-3.1857,-1.644,0
-0.059385,-0.4964,0.1979,8.1923,-0.78098,0
0.32051,-0.29121,0.22621,1.5931,-0.99673,0
0.79538,-0.18861,0.26225,-8.192,-1.4714,0
0.79538,-0.0090658,0.29829,0.45525,-1.2125,0
0.79538,-0.13731,0.2867,7.7372,-2.3344,0
0.32051,-0.67595,0.20433,-2.503,-1.457,0
0.13056,-0.72725,0.13611,-7.5093,-1.9892,0
-0.7242,-0.93244,0.16958,3.8687,-1.4282,0
-1.484,-1.0607,0.25581,5.0064,-1.1406,0
-0.91415,-1.5224,0.31373,-7.0542,-1.6008,0
0.51046,-1.4711,0.32146,-4.5511,-0.70906,0
0.32051,-0.90679,0.30858,7.282,-1.6728,0
-0.53425,-0.31686,0.27255,2.5033,-0.96797,0
-1.579,-0.0090658,0.22106,-7.5093,-1.6152,0
-3.2885,-0.060364,0.15027,-2.7306,-1.9892,0
-3.0036,-0.11166,0.11423,7.7372,-1.6728,0
-1.6739,0.042233,0.16186,-0.22742,-2.3488,0
-0.91415,-0.060364,0.20304,-7.9645,-1.083,0
-0.059385,0.067882,0.23265,1.5931,-1.6152,0
0.7004,0.19613,0.31759,7.5096,-0.89605,0
0.13056,0.19613,0.41284,-2.7306,-0.78098,0
0.22554,-0.36816,0.42056,-7.2818,-1.1837,0
0.22554,-0.77854,0.36393,4.0962,-0.23441,0
-0.24933,-1.2146,0.28928,4.7789,-1.1693,0
0.32051,-0.88114,0.23393,-6.3715,-0.29195,0
0.51046,-0.18861,0.15413,-4.0959,-0.7666,0
-0.24933,-0.3938,0.10394,6.5994,-0.75222,0
-0.059385,-1.5737,0.13354,2.5033,-0.43578,0
0.79538,-2.1123,0.20176,-7.5093,-1.2269,0
-0.62923,-1.625,0.23522,-2.0479,-0.26318,0
-3.5734,-1.1633,0.27383,7.282,-0.91043,0
-2.4337,-1.035,0.29057,-1.3652,-0.10496,0
-0.7242,-0.62465,0.25968,-7.9645,0.13956,0
-1.7689,0.37567,0.24037,1.8206,0.010105,0
-2.0538,0.70911,0.20047,6.3718,0.85873,0
-1.1041,0.42697,0.1979,-4.3235,0.12517,0
-0.7242,0.99126,0.22364,-7.2818,1.0169,0
-0.15436,1.5812,0.28413,4.7789,0.22586,0
0.7004,1.299,0.27769,5.234,0.25462,0
0.7004,1.812,0.17988,-6.5991,0.48476,0
0.51046,2.1198,0.10909,-5.0062,-0.018661,0
0.22554,1.5299,0.14255,6.8269,1.1176,0
0.035589,1.4016,0.15413,2.2757,0.68613,0
0.22554,1.3503,0.13097,-8.192,1.8224,0
0.035589,0.86301,0.10909,-0.68254,2.0813,0
0.51046,-0.060364,0.13611,8.4198,2.3978,0
1.6501,-0.52205,0.14641,-1.1377,3.3614,0
2.125,-0.41945,0.12196,-7.7369,2.7717,0
2.22,-0.4964,0.13225,3.186,4.0518,0
1.8401,-0.52205,0.23908,6.5994,3.4621,0
0.60543,-0.3938,0.33433,-4.3235,4.0087,0
-0.15436,-0.47075,0.35492,-6.144,3.9943,0
0.51046,-0.57335,0.29443,5.234,3.419,0
1.6501,-0.85549,0.24166,5.4616,4.0375,0
1.7451,-0.47075,0.22235,-6.8267,3.0738,0
1.0803,-0.29121,0.21849,-3.8684,3.8217,0
0.32051,-0.7016,0.20562,7.7372,3.3902,0
-0.53425,-0.16296,0.20176,2.0482,3.3327,0
0.32051,0.11918,0.22235,-8.6471,3.8936,0
1.6501,-0.034715,0.21334,-0.22742,3.0738,0
1.1753,-0.21426,0.14512,5.9167,4.0087,0
0.41548,-0.3938,0.12839,-1.3652,2.9731,0
0.41548,0.24743,0.11295,-7.0542,3.2464,0
0.22554,0.78606,0.021564,3.4135,2.9587,0
0.13056,1.2734,-0.081403,6.1442,2.4553,0
0.51046,1.9403,-0.12388,-5.6889,3.1888,0
1.3652,1.9146,-0.14576,-6.5991,2.3402,0
1.4602,1.8633,-0.15477,6.5994,3.1888,0
-0.24933,1.8377,-0.13675,3.6411,2.5704,0
0.035589,0.99126,-0.10457,-8.6471,2.743,0
2.22,0.45262,-0.038929,-3.1857,2.9012,0
2.315,0.76041,0.061464,7.7372,2.3115,0
1.9351,1.1452,0.12324,-0.9101,2.9875,0
1.6501,0.32437,0.1374,-8.192,2.0957,0
0.51046,0.17048,0.12582,0.91037,2.7717,0
-0.43928,-0.086014,0.11681,6.5994,2.4121,0
-0.62923,0.042233,0.13097,-3.6408,2.1245,0
-0.62923,-0.18861,0.16314,-6.8267,2.2539,0
-0.53425,-0.4451,0.23651,3.8687,1.2758,0
-0.15436,-0.29121,0.26611,5.4616,2.0094,0
0.7004,-0.034715,0.21077,-6.3715,0.91626,0
1.3652,-0.086014,0.13611,-4.7786,1.4053,0
1.4602,-0.41945,0.11681,6.8269,1.0889,0
1.0803,-0.060364,0.12453,3.186,0.77243,0
0.32051,0.63217,0.12067,-7.7369,1.4053,0
-0.62923,0.11918,0.12067,-1.8203,0.55667,0
-0.059385,-0.90679,0.17215,7.7372,1.3621,0
0.51046,-1.5993,0.26225,-0.68254,0.57106,0
0.7004,-2.0097,0.24552,-7.5093,0.78681,0
-0.34431,-1.3685,0.1979,2.5033,0.93064,0
-1.6739,-0.5477,0.14126,7.0545,0.38407,0
-1.0091,0.22178,0.11037,-4.0959,1.4053,0
0.79538,0.32437,0.11166,-5.9164,0.71489,0
1.0803,-0.060364,0.12839,6.5994,1.6067,0
-0.34431,-0.67595,0.17215,4.5513,1.0889,0
-0.24933,-0.67595,0.20562,-7.0542,0.62859,0
0.98533,-0.3938,0.21463,-2.9581,0.78681,0
1.3652,-0.18861,0.21205,7.7372,-0.23441,0
0.60543,0.042233,0.15156,1.3655,0.68613,0
0.035589,-0.11166,0.12839,-8.4196,0.038872,0
0.41548,-0.18861,0.15156,-0.22742,0.61421,0
0.22554,0.093531,0.15671,7.5096,0.55667,0
-0.91415,0.17048,0.12711,-2.2755,-0.033045,0
-1.8639,0.45262,0.083344,-8.192,0.48476,0
-1.1041,0.60652,0.10394,4.7789,-0.79537,0
0.22554,0.35002,0.21334,6.1442,0.038872,0
0.79538,-0.086014,0.28542,-6.3715,-0.62276,0
0.41548,-0.3938,0.29185,-6.144,-0.39263,0
-0.24933,-0.5477,0.29571,5.4616,-0.27756,0
-1.389,-0.52205,0.30601,3.6411,-1.1693,0
-0.81917,-0.086014,0.27126,-7.9645,-0.65153,0
0.51046,0.37567,0.17087,-4.0959,-1.8022,0
0.32051,0.37567,0.10008,6.5994,-1.2413,0
-1.0091,0.73476,0.044732,0.91037,-1.3419,0
-0.7242,0.96561,-0.0028907,-8.6471,-1.1837,0
0.79538,0.42697,-0.0041778,0.2277,-0.55085,0
0.7004,-0.23991,0.076909,7.7372,-1.4139,0
-0.7242,-0.29121,0.21978,-1.8203,-0.79537,0
-0.7242,-0.23991,0.30601,-7.9645,-1.9173,0
0.32051,-0.16296,0.31245,2.0482,-1.6728,0
0.60543,0.27308,0.23908,5.6891,-1.6728,0
0.79538,0.067882,0.13225,-4.7786,-1.9317,0
0.89035,0.11918,0.098789,-6.3715,-0.92482,0
0.98533,0.17048,0.076909,5.4616,-1.7447,0
0.13056,0.19613,0.038296,4.3238,-0.89605,0
-0.53425,-0.034715,0.030574,-7.2818,-1.5721,0
-0.53425,0.37567,0.052454,-2.7306,-1.7878,0
-1.6739,0.55522,0.015128,7.7372,-1.5865,0
-2.5287,0.35002,-0.032494,1.3655,-2.2912,0
-1.579,0.47827,-0.062097,-8.192,-1.4282,0
-0.34431,0.86301,-0.10972,0.91037,-2.3488,0
0.41548,1.299,-0.1419,8.4198,-1.946,0
0.13056,1.5812,-0.16506,-1.3652,-2.5358,0
0.13056,1.812,-0.18694,-7.2818,-3.2262,0
0.7004,1.812,-0.19209,3.8687,-2.881,0
0.32051,2.0942,-0.21269,5.9167,-3.9741,0
-0.91415,2.2224,-0.2513,-5.2337,-3.1686,0
-1.389,1.7351,-0.24872,-5.4613,-3.8878,0
-0.7242,1.4786,-0.241,6.1442,-3.557,0
-1.1991,1.1195,-0.22298,4.5513,-3.5714,0
-0.91415,0.76041,-0.19595,-8.192,-4.3768,0
-0.24933,0.29873,-0.19338,-3.4133,-3.672,0
-0.34431,0.27308,-0.20754,8.1923,-4.5351,0
-1.1991,0.52957,-0.24229,0.2277,-3.5138,0
-1.8639,1.376,-0.28219,-7.7369,-3.744,0
-2.1488,2.0429,-0.31951,0.68281,-3.4851,0
-1.6739,2.4276,-0.30793,6.8269,-3.0536,0
-1.579,2.0685,-0.24872,-2.9581,-4.0748,0
-1.7689,1.3503,-0.18308,-8.4196,-3.4851,0
-2.2438,1.0682,-0.10843,3.6411,-4.7077,0
-1.1041,1.0426,-0.0518,5.4616,-4.3337,0
0.89035,1.2221,-0.0080391,-6.8267,-4.1611,0
1.8401,0.81171,0.033148,-5.6889,-4.2186,0
1.3652,0.45262,0.048593,6.3718,-3.2981,0
0.32051,0.52957,0.035722,3.8687,-4.0604,0
0.51046,0.83736,0.00097052,-7.9645,-3.2981,0
-0.43928,0.76041,-0.046652,-3.1857,-4.0748,0
-0.43928,0.70911,-0.096848,7.282,-3.9741,0
0.22554,1.0939,-0.14833,0.91037,-3.8446,0
1.8401,0.81171,-0.19724,-7.9645,-4.2905,0
2.6949,0.35002,-0.23972,1.1379,-3.2405,0
1.8401,-0.21426,-0.25259,7.282,-4.0316,0
1.0803,0.27308,-0.22942,-1.8203,-3.3125,0
0.89035,1.0426,-0.20368,-7.7369,-3.8015,0
0.13056,1.1452,-0.17922,3.6411,-3.8446,0
-0.34431,1.3503,-0.21397,6.5994,-3.37,0
-0.24933,1.1195,-0.27061,-5.4613,-4.0029,0
0.41548,0.50392,-0.28991,-6.5991,-2.9241,0
0.035589,0.55522,-0.2616,5.6891,-3.5426,0
0.13056,1.0939,-0.25516,3.6411,-2.9673,0
0.7004,1.0939,-0.23972,-7.0542,-2.9385,0
0.13056,0.73476,-0.1818,-4.5511,-3.5138,0
-0.53425,0.14483,-0.096848,7.7372,-3.0104,0
-0.91415,-0.34251,-0.036355,1.5931,-4.0748,0
0.41548,-0.26556,0.00097052,-8.6471,-3.3988,0
2.03,-0.599,0.053741,-0.22742,-4.1467,0
2.22,-1.4198,0.15285,8.1923,-4.046,0
1.7451,-2.5483,0.28542,-2.0479,-3.9022,0
1.5552,-3.2152,0.44888,-7.7369,-4.5063,0
2.5999,-3.1383,0.55571,2.7309,-3.672,0
2.8848,-2.8305,0.53254,6.3718,-4.6645,0
1.4602,-1.8302,0.46561,-6.144,-3.9022,0
-0.15436,-1.3172,0.36007,-6.3715,-4.1179,0
-0.15436,-1.548,0.30344,6.3718,-4.2186,0
0.41548,-1.7789,0.29314,2.9584,-3.5426,0
1.3652,-1.5737,0.2674,-7.7369,-4.42,0
1.4602,-1.1633,0.20819,-2.9581,-3.3844,0
0.98533,-0.52205,0.14899,7.282,-4.2186,0
0.22554,-0.57335,0.15027,-0.45498,-3.9166,0
0.035589,-1.0607,0.17988,-8.6471,-3.859,0
0.51046,-0.82984,0.17344,0.68281,-4.4631,0
1.4602,-0.62465,0.14255,6.5994,-3.6577,0
2.03,-0.599,0.14384,-3.6408,-4.4488,0
0.98533,-0.62465,0.15671,-7.0542,-3.672,0
0.035589,-0.599,0.18502,4.5513,-4.0029,0
-0.53425,-1.1633,0.24037,4.5513,-3.9597,0
-0.34431,-1.0863,0.23136,-7.5093,-3.3988,0
-0.91415,-0.75289,0.18631,-4.0959,-4.1035,0
-0.53425,-0.36816,0.20562,6.3718,-3.2405,0
-0.15436,-0.67595,0.25067,2.0482,-4.0172,0
0.51046,-0.4964,0.25195,-8.8747,-3.6001,0
1.3652,-0.52205,0.17988,-2.503,-3.7008,0
0.89035,-1.0863,0.10909,7.0545,-4.1755,0
-0.7242,-1.1376,0.12196,-0.45498,-3.3988,0
-0.7242,-0.72725,0.14126,-8.4196,-4.2186,0
0.41548,-0.13731,0.12582,1.1379,-3.2118,0
0.13056,0.093531,0.10522,7.282,-3.7583,0
0.22554,0.17048,0.069186,-2.7306,-3.5138,0
-0.24933,-0.29121,0.051167,-7.7369,-3.1686,0
-1.0091,-0.26556,0.024138,4.0962,-3.9166,0
-0.91415,0.55522,-0.037642,6.5994,-3.0679,0
-1.1041,0.40132,-0.050513,-5.4613,-4.0172,0
-1.294,-0.18861,-0.014475,-5.4613,-3.3125,0
-0.81917,-0.29121,0.0035447,7.0545,-3.5138,0
-0.15436,-0.23991,0.0086931,4.5513,-3.8015,0
0.41548,-0.23991,0.013841,-7.7369,-3.2549,0
0.7004,-0.4964,0.035722,-3.4133,-4.2186,0
0.32051,-0.52205,0.065325,7.9647,-3.3268,0
-0.34431,0.17048,0.11295,1.5931,-4.233,0
-0.53425,0.47827,0.14126,-7.7369,-4.0029,0
-0.62923,0.35002,0.12968,-0.22742,-4.0029,0
-0.059385,0.22178,0.11295,6.5994,-4.6645,0
0.60543,0.17048,0.10136,-2.503,-3.7871,0
0.13056,-0.060364,0.066612,-7.9645,-4.6501,0
-0.34431,0.067882,0.024138,2.5033,-3.8446,0
-0.53425,0.45262,-0.056948,6.3718,-4.1898,0
-0.15436,0.29873,-0.13675,-5.0062,-4.1467,0
-0.059385,0.58087,-0.20625,-6.3715,-3.7008,0
-0.34431,1.2734,-0.24229,5.4616,-4.4056,0
-1.1991,1.3247,-0.24358,4.0962,-3.4994,0
-1.7689,1.376,-0.241,-7.2818,-4.3625,0
-1.6739,1.376,-0.23843,-4.7786,-3.9166,0
-0.43928,1.4529,-0.2513,7.282,-3.9453,0
0.60543,1.4273,-0.27318,2.2757,-4.4344,0
0.32051,1.4273,-0.3105,-8.8747,-3.7296,0
0.60543,1.3503,-0.29506,-0.9101,-4.6645,0
0.79538,0.96561,-0.26932,7.5096,-3.9166,0
0.32051,0.93996,-0.25516,-1.3652,-4.5207,0
1.1753,1.1965,-0.23972,-8.4196,-4.5494,0
1.5552,1.0939,-0.28734,1.1379,-4.2761,0
0.98533,1.0426,-0.31308,6.1442,-5.0672,0
0.32051,0.99126,-0.30407,-3.6408,-4.1179,0
-0.43928,1.0169,-0.27833,-7.0542,-4.9809,0
-0.7242,1.2221,-0.26803,4.5513,-4.3049,0
0.51046,1.1452,-0.28348,5.4616,-4.4344,0
1.7451,1.299,-0.30664,-5.4613,-4.6645,0
1.6501,0.91431,-0.27575,-5.0062,-3.8159,0
1.0803,0.96561,-0.24872,6.8269,-4.6357,0
0.32051,1.2734,-0.24358,2.9584,-3.5714,0
-0.7242,1.376,-0.26674,-8.192,-4.1179,0
-0.7242,1.1708,-0.30278,-2.7306,-3.8734,0
0.32051,1.0426,-0.34011,8.1923,-3.5138,0
0.7004,0.96561,-0.33753,0.91037,-4.1467,0
1.4602,0.96561,-0.27189,-7.7369,-3.2693,0
1.6501,0.24743,-0.20754,1.1379,-4.1035,0
0.51046,-0.13731,-0.17279,7.7372,-3.4707,0
-0.34431,0.093531,-0.21011,-3.1857,-3.8159,0
0.22554,0.58087,-0.23585,-7.7369,-3.9741,0
1.1753,0.47827,-0.18952,3.6411,-3.4275,0
1.4602,0.27308,-0.15091,6.8269,-4.2186,0
0.98533,0.19613,-0.15992,-5.4613,-3.3268,0
0.79538,-0.0090658,-0.14447,-6.3715,-4.2042,0
1.4602,-0.16296,-0.15605,5.4616,-3.7727,0
1.4602,-0.16296,-0.18952,4.0962,-3.8015,0
0.98533,0.016583,-0.16764,-7.7369,-4.2905,0
0.89035,-0.13731,-0.10457,-4.0959,-3.5426,0
0.79538,-0.4451,-0.046652,8.1923,-4.3912,0
0.7004,-0.57335,-0.074968,1.5931,-3.4851,0
1.3652,-0.62465,-0.13546,-7.9645,-3.9597,0
1.6501,-0.34251,-0.1213,-0.45498,-3.6577,0
0.22554,-0.21426,-0.049226,7.282,-3.2981,0
-0.34431,-0.18861,-0.0028907,-3.1857,-3.9166,0
-0.81917,-0.3938,0.022851,-8.4196,-3.0104,0
-1.1041,-0.11166,0.056315,3.186,-3.9022,0
1.4602,0.11918,0.10136,5.4616,-3.3268,0
2.03,-0.29121,0.14641,-6.5991,-3.5714,0
0.13056,-0.5477,0.14255,-5.9164,-3.7727,0
-0.62923,-0.85549,0.12453,6.8269,-3.2118,0
0.32051,-0.75289,0.14255,2.9584,-4.0029,0
0.7004,-0.599,0.16443,-7.7369,-3.1255,0
0.7004,-0.36816,0.15671,-2.9581,-3.8446,0
-0.34431,-0.47075,0.12453,8.1923,-3.4563,0
-1.7689,-0.82984,0.13998,0.68281,-3.37,0
-1.579,-0.98374,0.17344,-8.4196,-3.8303,0
0.13056,-0.98374,0.19146,0.2277,-2.9529,0
1.6501,-1.0094,0.15928,7.0545,-3.7296,0
1.6501,-1.0094,0.11552,-1.8203,-2.7803,0
1.1753,-0.75289,0.083344,-7.7369,-3.2837,0
0.7004,-0.599,0.042157,3.6411,-3.0536,0
0.32051,-0.599,-0.036355,6.3718,-2.6077,0
0.41548,-0.086014,-0.1419,-5.0062,-3.2118,0
1.3652,0.067882,-0.17922,-5.4613,-2.2337,0
1.8401,-0.31686,-0.13804,6.5994,-3.0248,0
1.7451,-0.599,-0.067245,2.9584,-2.3488,0
0.51046,-0.6503,-0.0093262,-7.2818,-2.3919,0
-0.53425,-0.62465,0.051167,-2.7306,-2.7371,0
0.035589,-0.599,0.033148,8.1923,-1.8597,0
0.22554,-0.62465,0.016416,0.00013542,-2.7227,0
0.13056,-0.599,0.011267,-8.6471,-1.7303,0
-0.43928,-0.57335,0.013841,1.3655,-2.3775,0
-0.62923,-0.599,0.0086931,7.282,-2.1474,0
1.4602,-0.57335,0.0099801,-3.4133,-1.9892,0
3.1697,-0.62465,0.0086931,-7.0542,-2.5933,0
2.6949,-0.52205,0.017703,3.6411,-1.6152,0
1.4602,0.19613,0.085918,6.1442,-2.4495,0
-0.059385,0.24743,0.092354,-6.5991,-1.7159,0
-1.0091,0.19613,0.057602,-5.0062,-1.9604,0
-0.15436,-0.11166,0.074335,7.282,-2.0755,0
0.7004,-0.13731,0.073047,2.5033,-1.4139,0
0.98533,-0.4451,0.033148,-7.2818,-2.2337,0
1.3652,-0.11166,-0.006752,-2.0479,-1.3276,0
1.6501,-0.086014,-0.0119,7.282,-2.0611,0
0.98533,-0.18861,0.015128,-0.9101,-1.5289,0
1.5552,-0.18861,0.025425,-8.192,-1.4426,0
1.5552,-0.21426,0.031861,1.8206,-1.8022,0
0.60543,-0.18861,0.029286,6.8269,-0.95358,0
0.13056,-0.16296,0.033148,-4.3235,-1.7303,0
0.7004,-0.21426,0.027999,-7.0542,-0.78098,0
1.3652,-0.13731,0.027999,4.5513,-1.2556,0
0.79538,-0.21426,0.030574,5.4616,-1.1262,0
-0.24933,-0.13731,0.037009,-6.8267,-0.69468,0
-0.15436,0.29873,0.074335,-4.5511,-1.2988,0
0.32051,0.81171,0.017703,7.5096,-0.29195,0
0.79538,0.91431,-0.019623,2.0482,-1.0543,0
-0.15436,0.22178,-0.015762,-7.7369,-0.2488,0
-1.6739,-0.11166,-0.0041778,-1.1377,-0.47893,0
-0.91415,0.11918,-0.022197,8.1923,-0.60838,0
0.32051,0.91431,-0.080116,-0.45498,0.082022,0
0.7004,0.76041,-0.13031,-7.7369,-0.73783,0
0.98533,0.47827,-0.13546,2.5033,0.21147,0
0.41548,0.73476,-0.12002,7.7372,-0.39263,0
-0.059385,0.60652,-0.089126,-3.4133,-0.033045,0
0.13056,0.11918,-0.078829,-7.2818,0.22586,0
-0.62923,0.11918,-0.069819,5.4616,-0.26318,0
-1.1991,-0.034715,-0.041503,4.5513,0.71489,0
-1.9589,-0.11166,-0.0054649,-7.5093,-0.11935,0
-1.1041,0.067882,0.043444,-3.1857,0.65736,0
0.32051,-0.13731,0.07176,7.282,0.35531,0
0.98533,-0.4451,0.13869,2.0482,0.41284,0
0.89035,-0.34251,0.17473,-7.9645,0.95941,0
0.60543,-0.4964,0.14126,-1.3652,0.22586,0
0.7004,-0.57335,0.12067,6.5994,1.3046,0
0.89035,-0.599,0.11423,-1.3652,0.47037,0
1.4602,-0.57335,0.093641,-8.4196,1.0745,0
1.5552,-0.29121,0.029286,2.9584,1.0026,0
1.7451,0.016583,-0.022197,6.8269,0.62859,0
1.4602,0.11918,0.020277,-4.3235,1.4628,0
0.60543,0.17048,0.055028,-6.8267,0.59983,0
-0.34431,0.17048,0.055028,4.5513,1.5347,0
-0.7242,0.22178,0.030574,4.5513,1.0026,0
0.51046,0.24743,0.039583,-6.3715,1.0889,0
1.4602,0.65782,0.039583,-5.0062,1.5204,0
1.3652,0.68346,0.057602,6.8269,0.85873,0
0.51046,0.35002,0.065325,2.0482,1.7649,0
-0.81917,0.22178,0.070473,-7.5093,1.0026,0
-1.1991,0.19613,0.029286,-0.9101,1.4916,0
-0.34431,0.52957,-0.036355,7.7372,1.4772,0
0.89035,1.1452,-0.047939,-0.9101,1.0601,0
0.89035,1.1195,-0.032494,-8.4196,1.7793,0
-0.15436,0.78606,-0.054374,2.0482,0.87311,0
-1.389,0.63217,-0.10457,6.8269,1.9375,0
-1.389,0.81171,-0.10714,-3.8684,1.3621,0
-0.81917,0.68346,-0.059523,-7.5093,1.6498,0
-0.7242,0.35002,0.007406,3.6411,1.8799,0
0.41548,0.19613,0.091067,5.9167,1.3334,0
0.51046,0.016583,0.14512,-5.0062,2.1532,0
-0.15436,0.093531,0.11423,-4.0959,1.2615,0
0.13056,0.19613,0.044732,6.8269,1.9375,0
0.7004,0.22178,-0.010613,2.0482,1.7649,0
-0.34431,0.45262,-0.054374,-7.2818,1.7793,0
-1.1041,0.29873,-0.10071,-0.22742,2.5272,0
-0.81917,0.24743,-0.090413,7.9647,1.8368,0
-0.62923,0.47827,-0.090413,-0.68254,2.6135,0
-0.059385,0.83736,-0.090413,-7.2818,1.7793,0
-0.7242,0.96561,-0.078829,2.5033,1.995,0
-1.1041,0.52957,-0.055661,7.7372,1.9519,0
-0.7242,0.76041,-0.023484,-3.1857,1.4197,0
-0.81917,1.1708,0.007406,-6.5991,2.369,0
-0.91415,1.0682,0.012554,5.9167,1.7505,0
-1.6739,0.63217,-0.019623,6.1442,2.5416,0
-0.91415,0.76041,-0.074968,-6.5991,2.1388,0
-0.15436,1.4273,-0.095561,-5.4613,1.8656,0
-1.1041,1.4529,-0.10586,6.3718,2.0957,0
-1.294,1.1965,-0.098135,2.9584,1.2327,0
0.13056,1.0426,-0.081403,-8.4196,2.1388,0
1.2702,1.299,-0.073681,-1.5928,1.1895,0
1.1753,1.3247,-0.065958,7.5096,1.5635,0
0.7004,0.63217,-0.026058,-1.1377,1.3334,0
0.98533,-0.23991,0.04087,-8.192,0.95941,0
0.7004,-0.36816,0.13354,2.2757,1.7936,0
0.89035,-0.47075,0.20433,7.0545,0.97379,0
-0.24933,-0.6503,0.2468,-3.1857,1.6642,0
-0.91415,-0.88114,0.29443,-6.8267,0.84434,0
-1.0091,-0.98374,0.3266,4.0962,0.77243,0
-0.7242,-1.2915,0.33175,5.6891,1.1752,0
-0.24933,-1.3941,0.30344,-6.144,0.72928,0
1.6501,-1.4198,0.28799,-5.0062,1.9375,0
2.6949,-1.4711,0.30601,6.5994,1.4628,0
1.2702,-1.6506,0.32918,2.9584,2.1388,0
0.13056,-1.5737,0.35106,-8.192,1.808,0
-0.059385,-1.4454,0.36007,-1.5928,1.2183,0
-0.43928,-1.1889,0.3768,7.7372,1.7073,0
-0.81917,-1.5737,0.40898,-0.9101,0.98818,0
-0.059385,-1.7789,0.47205,-8.6471,2.3115,0
-0.059385,-1.5737,0.51066,2.2757,2.0525,0
-0.91415,-1.7532,0.52482,7.0545,2.7286,0
-0.62923,-2.061,0.53769,-3.1857,2.8149,0
0.60543,-1.9328,0.56214,-6.8267,1.7217,0
0.13056,-1.6506,0.58917,5.234,1.7936,0
-0.34431,-1.9584,0.57501,5.0064,0.32654,0
-0.059385,-1.9071,0.51581,-6.8267,0.88749,0
0.13056,-1.7532,0.44115,-5.9164,1.0745,0
0.13056,-1.1889,0.41155,6.5994,1.7649,0
0.51046,-0.4964,0.37423,2.9584,3.0738,0
-0.24933,-0.47075,0.31502,-7.2818,2.4121,0
-1.1041,-0.34251,0.30344,-1.1377,2.7861,0
0.035589,-0.4451,0.34848,7.9647,1.1895,0
1.1753,-0.060364,0.36007,-0.45498,0.97379,0
1.1753,-0.36816,0.37551,-8.4196,1.1464,0
0.7004,-0.31686,0.39482,2.0482,1.3478,0
0.79538,-0.18861,0.41927,6.5994,3.0882,0
0.60543,0.067882,0.38324,-4.5511,2.9299,0
0.22554,0.45262,0.30858,-6.8267,3.8936,0
-1.0091,0.35002,0.29314,5.0064,3.2464,0
-1.1991,0.19613,0.28413,4.5513,2.8724,0
-1.0091,0.24743,0.26868,-6.8267,3.0738,0
-0.62923,0.52957,0.24809,-3.6408,2.182,0
-0.34431,0.88866,0.2172,7.7372,3.1888,0
-0.53425,0.70911,0.19403,2.5033,2.6998,0
-1.1041,0.70911,0.14384,-7.9645,3.7354,0
-0.24933,1.4016,0.092354,-0.45498,3.9512,0
0.51046,1.7094,0.037009,7.7372,3.606,0
0.7004,1.0169,0.0048318,-1.1377,4.0662,0
0.89035,0.99126,-0.0028907,-8.6471,2.8868,0
1.3652,1.2477,0.013841,2.0482,3.5772,0
1.5552,1.1708,0.022851,6.8269,2.858,0
1.0803,1.0169,-0.0119,-4.5511,3.0738,0
0.89035,0.86301,-0.037642,-7.0542,3.4621,0
-0.24933,1.0939,-0.022197,5.0064,3.0594,0
-0.62923,0.81171,-0.010613,3.8687,3.8073,0
0.89035,0.68346,0.0022576,-7.0542,2.7573,0
1.2702,0.63217,0.007406,-4.0959,3.0738,0
0.035589,0.52957,0.0048318,7.5096,1.995,0
-0.53425,0.35002,-0.027345,1.8206,1.3765,0
0.89035,0.27308,-0.058236,-7.5093,1.4916,0
1.3652,0.45262,-0.068532,-0.9101,1.0745,0
0.41548,0.32437,-0.074968,7.5096,2.6279,0
0.32051,0.24743,-0.094274,-1.3652,2.2539,0
0.51046,0.63217,-0.078829,-8.4196,2.671,0
0.035589,0.70911,-0.022197,3.186,1.5635,0
-0.62923,0.32437,0.016416,6.8269,-0.10496,0
-0.62923,0.50392,0.029286,-5.4613,-0.52208,0
-0.81917,0.47827,0.060177,-6.144,-1.8597,0
-0.62923,0.45262,0.10909,5.6891,-0.45016,0
-1.1041,0.17048,0.12067,3.8687,-0.23441,0
-1.389,0.24743,0.04988,-6.3715,0.85873,0
-0.24933,0.52957,-0.045365,-1.8203,1.2615,0
-0.62923,0.78606,-0.094274,8.4198,0.18271,0
-0.62923,0.45262,-0.10071,0.68281,0.21147,0
0.41548,0.24743,-0.080116,-8.4196,-1.4714,0
-0.24933,0.37567,-0.062097,0.91037,-1.0255,0
-1.7689,0.32437,-0.078829,6.8269,-1.2988,0
-2.2438,0.17048,-0.090413,-3.4133,-1.0255,0
-1.1041,0.40132,-0.096848,-6.8267,-0.1625,0
0.89035,0.27308,-0.11873,5.234,-0.91043,0
1.9351,-0.034715,-0.13417,5.234,-0.27756,0
1.6501,0.14483,-0.17407,-6.144,-1.7015,0
0.60543,0.70911,-0.23199,-5.4613,-1.5289,0
0.22554,0.63217,-0.23328,6.8269,-1.3995,0
0.51046,0.17048,-0.16893,2.9584,-1.27,0
0.60543,-0.16296,-0.095561,-8.4196,-0.11935,0
0.13056,-0.18861,-0.10071,-3.8684,-0.82413,0
-0.81917,0.042233,-0.13031,7.9647,-0.076195,0
-1.294,0.17048,-0.12516,0.68281,-1.083,0
-0.43928,-0.034715,-0.10843,-8.192,-1.155,0
-0.059385,-0.18861,-0.11873,-0.45498,-0.80975,0
-0.34431,-0.23991,-0.1316,7.5096,-1.0111,0
-0.7242,-0.47075,-0.14318,-2.2755,0.51352,0
-0.059385,-0.57335,-0.096848,-7.9645,0.18271,0
-0.34431,-0.5477,-0.017049,2.9584,1.0026,0
-1.6739,-0.36816,0.017703,5.0064,0.64298,0
-1.1041,-0.21426,-0.015762,-5.9164,0.038872,0
0.89035,-0.16296,-0.098135,-6.3715,0.25462,0
1.4602,0.11918,-0.21783,6.1442,-0.66591,0
1.1753,0.99126,-0.2912,3.6411,0.57106,0
0.89035,1.0682,-0.30793,-7.7369,0.55667,0
1.0803,0.70911,-0.26031,-3.6408,1.6354,0
1.9351,0.37567,-0.23714,7.5096,1.995,0
1.9351,0.19613,-0.21783,0.00013542,1.506,0
0.7004,0.19613,-0.17536,-8.6471,1.8799,0
0.22554,0.19613,-0.10972,1.5931,0.67174,0
-0.62923,0.19613,-0.094274,7.7372,1.4628,0
-1.0091,0.24743,-0.11487,-3.6408,0.85873,0
0.035589,0.19613,-0.10457,-6.3715,1.2758,0
1.4602,0.17048,-0.11487,5.234,1.5923,0
0.51046,0.17048,-0.15477,5.6891,1.0313,0
0.035589,0.042233,-0.22942,-6.144,1.8368,0
0.13056,0.37567,-0.29377,-4.0959,0.91626,0
-0.43928,0.55522,-0.3414,7.9647,1.7217,0
-0.24933,0.63217,-0.35169,2.2757,1.4628,0
0.51046,0.58087,-0.31951,-7.7369,1.4628,0
0.32051,0.35002,-0.27961,0.2277,2.0094,0
-0.62923,0.29873,-0.26803,7.0545,1.0745,0
-0.62923,0.40132,-0.30922,-1.5928,1.808,0
0.89035,0.042233,-0.3311,-7.5093,0.84434,0
2.03,-0.36816,-0.2912,2.0482,1.1464,0
1.0803,-0.34251,-0.18952,6.8269,1.2327,0
-0.53425,0.016583,-0.13675,-4.5511,0.77243,0
-1.7689,0.14483,-0.1419,-6.5991,1.5635,0
-1.6739,-0.060364,-0.1612,4.7789,0.51352,0
-0.81917,-0.16296,-0.15863,5.234,1.0745,0
-0.7242,-0.21426,-0.1213,-6.5991,0.35531,0
-1.6739,-0.26556,-0.11101,-5.9164,-0.018661,0
-2.0538,-0.4964,-0.10972,6.5994,0.31216,0
0.035589,-0.599,-0.086552,2.7309,-0.55085,0
0.79538,-0.57335,-0.065958,-8.4196,0.44161,0
-0.24933,-0.599,-0.081403,-2.0479,-0.39263,0
-0.34431,-0.90679,-0.089126,7.0545,-0.047428,0
-0.53425,-0.7016,-0.10071,-0.45498,-0.20565,0
-0.059385,-0.7016,-0.072394,-8.6471,-0.95358,0
0.7004,-0.599,-0.027345,0.68281,-0.46455,0
0.89035,-0.62465,-0.0028907,7.0545,-1.4858,0
1.4602,-0.57335,-0.0080391,-3.6408,-0.80975,0
1.5552,-0.599,-0.0119,-7.0542,-1.2988,0
1.2702,-0.62465,-0.013187,5.0064,-1.0974,0
0.98533,-0.62465,-0.014475,5.4616,-0.70906,0
0.41548,-0.85549,-0.036355,-7.2818,-1.4139,0
-0.059385,-0.36816,-0.058236,-4.5511,-0.72345,0
0.51046,0.19613,-0.071106,7.5096,-1.8597,0
0.32051,0.24743,-0.072394,1.8206,-1.4282,0
-1.579,-0.060364,-0.047939,-8.4196,-1.6584,0
-2.5287,-0.13731,-0.047939,-0.68254,-1.7447,0
-0.62923,-0.21426,-0.059523,8.6474,-0.99673,0
1.9351,-0.47075,-0.032494,-0.68254,-1.5721,0
2.22,-0.21426,-0.031207,-7.5093,-0.69468,0
1.7451,-0.23991,-0.059523,2.7309,-1.3851,0
1.8401,0.042233,-0.12002,7.0545,-1.3419,0
0.60543,-0.086014,-0.17279,-4.5511,-1.3132,0
-0.81917,0.093531,-0.18051,-6.5991,-1.9317,0
-1.1991,0.42697,-0.20239,6.1442,-1.0687,0
-0.43928,0.58087,-0.17922,5.0064,-1.6871,0
0.89035,0.81171,-0.12516,-6.3715,-0.78098,0
0.51046,0.42697,-0.10328,-4.3235,-0.9392,0
-0.7242,0.24743,-0.12002,6.8269,-0.99673,0
0.41548,0.17048,-0.15477,2.7309,-0.52208,0
-0.059385,0.17048,-0.15348,-7.5093,-1.3707,0
-1.0091,-0.034715,-0.10328,-0.45498,-0.49331,0
-0.81917,0.11918,-0.064671,7.282,-1.3132,0
0.41548,0.37567,-0.036355,-2.0479,-0.7666,0
1.2702,0.067882,0.024138,-8.8747,-0.55085,0
0.41548,-0.18861,0.1078,1.8206,-0.89605,0
0.13056,-0.26556,0.14641,6.5994,0.12517,0
0.7004,-0.18861,0.15156,-4.5511,-0.72345,0
1.5552,0.067882,0.11552,-6.8267,0.19709,0
1.4602,0.22178,0.07176,5.234,-0.32071,0
1.6501,0.093531,0.034435,3.6411,-0.37825,0
1.5552,-0.086014,-0.053087,-7.9645,0.11079,0
0.41548,0.093531,-0.17665,-4.3235,-0.66591,0
0.22554,0.47827,-0.27961,6.8269,0.36969,0
0.41548,1.0169,-0.33367,2.2757,-0.37825,0
0.7004,0.29873,-0.31437,-7.9645,0.13956,0
1.3652,-0.29121,-0.21912,-0.45498,0.22586,0
1.8401,-0.31686,-0.11873,7.9647,-0.3351,0
2.22,-0.21426,-0.028633,-1.1377,0.45599,0
1.1753,-0.21426,0.026712,-7.5093,-0.49331,0
0.32051,-0.21426,0.033148,2.5033,0.39846,0
0.51046,-0.3938,0.020277,6.8269,0.053256,0
1.4602,-0.034715,-0.00031657,-4.5511,-0.018661,0
0.89035,0.14483,0.017703,-7.7369,0.54229,0
-0.62923,0.11918,0.055028,5.4616,-0.23441,0
-1.7689,-0.36816,0.066612,4.5513,0.77243,0
-0.34431,-0.62465,0.046019,-6.8267,0.11079,0
2.03,-0.599,0.021564,-3.8684,0.54229,0
1.8401,-0.31686,0.026712,7.282,0.54229,0
0.13056,0.016583,0.026712,2.7309,0.067639,0
0.41548,-0.13731,0.017703,-7.9645,0.88749,0
1.4602,-0.16296,-0.0016037,-1.8203,-0.018661,0
0.51046,0.11918,-0.036355,8.875,0.80119,0
-0.24933,0.70911,-0.077542,0.45525,0.39846,0
-0.15436,0.70911,-0.102,-7.9645,0.49914,0
0.51046,0.58087,-0.10972,1.1379,0.91626,0
0.79538,0.093531,-0.099422,7.0545,0.082022,0
-0.34431,-0.13731,-0.095561,-4.0959,1.0313,0
-1.294,0.067882,-0.094274,-7.7369,0.096406,0
-0.81917,0.24743,-0.094274,5.0064,0.59983,0
-0.62923,0.50392,-0.12259,5.0064,0.41284,0
-0.91415,0.83736,-0.15734,-6.5991,-0.033045,0
-0.15436,0.65782,-0.17793,-4.3235,0.57106,0
0.41548,0.17048,-0.13031,6.8269,-0.36386,0
1.4602,0.11918,-0.10457,2.0482,0.52791,0
0.89035,0.17048,-0.12259,-9.1023,-0.13373,0
-0.62923,0.14483,-0.14447,-1.3652,-0.090578,0
-1.389,-0.11166,-0.15992,7.5096,0.19709,0
0.22554,-0.16296,-0.14447,-1.5928,-0.57961,0
0.60543,0.093531,-0.10071,-7.9645,0.26901,0
-0.24933,0.17048,-0.090413,1.8206,-0.63715,0
-0.059385,0.47827,-0.090413,6.1442,-0.061812,0
1.2702,0.81171,-0.10328,-4.3235,-0.32071,0
1.8401,0.65782,-0.098135,-7.2818,-0.60838,0
2.125,0.58087,-0.094274,4.7789,-0.090578,0
1.7451,0.86301,-0.095561,4.3238,-1.0111,0
-0.059385,0.76041,-0.10457,-7.5093,-0.19126,0
-0.62923,0.86301,-0.068532,-4.0959,-1.0399,0
0.32051,0.70911,-0.026058,7.9647,-0.91043,0
-0.34431,0.55522,0.011267,1.5931,-0.91043,0
-1.1041,0.35002,0.025425,-7.9645,-1.5002,0
-0.43928,-0.034715,0.01899,-0.22742,-0.78098,0
0.51046,-0.16296,0.033148,7.9647,-1.7447,0
-0.15436,0.093531,0.069186,-2.0479,-0.9392,0
-1.0091,0.11918,0.088493,-7.7369,-1.3707,0
-0.34431,-0.034715,0.10909,3.6411,-1.3851,0
-0.43928,0.32437,0.1374,6.8269,-1.083,0
-1.0091,0.29873,0.16314,-5.0062,-1.9029,0
-0.34431,-0.0090658,0.158,-5.4613,-1.083,0
0.51046,-0.18861,0.13225,6.8269,-1.8741,0
0.13056,-0.6503,0.12968,4.0962,-1.2844,0
0.13056,-0.98374,0.14641,-6.144,-1.3851,0
-0.34431,-0.95809,0.11295,-1.5928,-1.6728,0
-1.1991,-1.0094,0.076909,7.282,-1.0543,0
-1.484,-1.0094,0.067899,0.45525,-1.831,0
-2.6237,-0.7016,0.069186,-7.7369,-1.0111,0
-2.3388,-0.3938,0.069186,0.91037,-1.7159,0
0.035589,-0.4964,0.039583,7.5096,-1.4714,0
1.2702,-0.31686,-0.036355,-2.2755,-1.27,0
1.0803,-0.21426,-0.024771,-7.2818,-1.8454,0
0.41548,-0.18861,0.007406,4.5513,-0.96797,0
-0.43928,-0.18861,0.022851,5.0064,-1.8166,0
-0.53425,0.016583,0.027999,-6.5991,-1.0543,0
-1.0091,0.11918,-0.023484,-5.4613,-1.2556,0
-1.484,-0.034715,-0.056948,7.282,-1.3995,0
-0.34431,0.093531,-0.041503,2.5033,-0.6803,0
-0.15436,0.14483,-0.035068,-7.5093,-1.4139,0
-0.91415,-0.086014,-0.04279,-3.1857,-0.2488,0
-0.53425,-0.16296,-0.032494,7.7372,-0.95358,0
-0.24933,-0.4451,0.0048318,-0.9101,-0.49331,0
-1.1041,-0.29121,0.0061189,-8.6471,-0.49331,0
-2.0538,-0.23991,-0.026058,0.68281,-0.96797,0
-1.9589,-0.13731,-0.026058,6.3718,-0.076195,0
-2.3388,-0.26556,0.020277,-4.5511,-0.91043,0
-2.0538,-0.4451,0.044732,-7.7369,-0.090578,0
-1.579,-0.29121,0.024138,4.3238,-0.57961,0
-0.34431,-0.29121,0.0061189,5.234,-0.52208,0
0.51046,-0.16296,0.0061189,-7.5093,-0.10496,0
0.32051,-0.16296,0.044732,-5.2337,-0.79537,0
0.035589,-0.18861,0.055028,7.282,0.15394,0
1.1753,0.067882,0.060177,2.7309,-0.60838,0
1.5552,0.40132,0.029286,-7.2818,0.038872,0
1.0803,0.58087,0.013841,-1.8203,0.053256,0
0.32051,0.63217,-0.006752,7.9647,-0.13373,0
-0.53425,0.78606,-0.017049,0.68281,0.62859,0
0.41548,0.52957,0.021564,-7.5093,-0.061812,0
1.1753,0.19613,0.12324,2.5033,0.77243,0
1.0803,0.11918,0.21978,7.7372,0.21147,0
-0.059385,-0.31686,0.25581,-3.4133,0.35531,0
-1.0091,-0.5477,0.19275,-7.2818,0.58544,0
-0.34431,-0.086014,0.11166,5.6891,-0.033045,0
0.89035,0.11918,0.070473,5.234,0.84434,0
1.3652,-0.034715,0.085918,-5.6889,0.038872,0
-0.53425,-0.16296,0.14512,-3.6408,0.71489,0
-1.6739,-0.21426,0.16314,8.1923,0.44161,0
-1.0091,0.067882,0.12196,2.0482,0.21147,0
-0.7242,-0.086014,0.057602,-7.7369,0.67174,0
-0.059385,0.067882,-0.00031657,0.2277,-0.23441,0
0.98533,0.27308,-0.026058,7.282,0.67174,0
2.03,0.70911,-0.040216,-2.0479,-0.17688,0
1.0803,0.42697,-0.033781,-8.192,0.28339,0
-0.24933,0.19613,0.0099801,2.9584,0.26901,0
-0.43928,-0.26556,0.053741,7.0545,-0.1625,0
0.51046,0.016583,0.079483,-4.5511,0.61421,0
1.8401,0.45262,0.065325,-6.8267,-0.30633,0
2.4099,0.29873,0.069186,5.6891,0.38407,0
1.7451,-0.0090658,0.064038,5.0064,-0.26318,0
0.89035,-0.16296,0.082057,-6.5991,-0.3351,0
1.9351,-0.36816,0.12711,-4.5511,-0.14811,0
2.315,-0.57335,0.10522,7.0545,-0.91043,0
1.1753,-0.57335,0.044732,2.7309,-0.090578,0
0.98533,-0.34251,0.022851,-7.7369,-1.0111,0
1.3652,-0.23991,0.053741,-0.9101,-0.47893,0
1.4602,-0.47075,0.11681,7.0545,-0.73783,0
0.89035,-0.77854,0.15928,-1.3652,-1.155,0
0.89035,-0.4964,0.15928,-8.192,-0.63715,0
0.22554,-0.5477,0.167,2.2757,-1.6152,0
-0.34431,-1.112,0.1078,5.9167,-0.72345,0
0.60543,-1.0863,0.047306,-5.2337,-1.5433,0
1.1753,-0.82984,0.056315,-5.4613,-1.0399,0
0.79538,-0.85549,0.085918,6.1442,-0.96797,0
0.7004,-0.7016,0.11681,3.4135,-1.3563,0
0.98533,-0.62465,0.14384,-7.5093,-0.6803,0
0.41548,-0.62465,0.16958,-2.503,-1.6152,0
0.60543,-0.599,0.18502,7.9647,-0.6803,0
1.7451,-0.29121,0.15542,0.45525,-1.1837,0
2.22,-0.23991,0.1181,-8.192,-0.82413,0
1.6501,-0.47075,0.12453,1.8206,-0.49331,0
-0.15436,-0.57335,0.14512,6.8269,-1.083,0
-1.579,-0.62465,0.13869,-4.3235,-0.076195,0
-1.484,-0.5477,0.12067,-7.5093,-0.92482,0
-1.389,-0.29121,0.087205,5.0064,-0.2488,0
-1.389,0.042233,0.047306,5.0064,-0.594,0
-0.24933,0.11918,0.030574,-7.0542,-0.86728,0
-0.059385,-0.034715,-0.022197,-5.4613,-0.23441,0
-0.53425,0.042233,-0.04279,7.7372,-0.99673,0
-1.1041,-0.34251,-0.013187,1.8206,-0.018661,0
-0.81917,-0.52205,0.013841,-7.9645,-0.73783,0
0.22554,-0.086014,-0.026058,-0.68254,-0.27756,0
0.32051,-0.16296,-0.085264,7.7372,-0.23441,0
-0.34431,-0.34251,-0.11229,-1.3652,-0.66591,0
-0.53425,-0.0090658,-0.063384,-8.4196,0.096406,0
-0.62923,0.37567,-0.014475,1.1379,-0.72345,0
-1.294,0.27308,-0.0054649,7.0545,0.19709,0
-1.484,-0.18861,0.0048318,-3.6408,-0.22003,0
-1.1041,0.016583,0.022851,-6.8267,-0.14811,0
-0.62923,0.37567,0.029286,4.7789,0.22586,0
-1.0091,0.55522,0.037009,4.7789,-0.57961,0
-1.294,0.35002,-0.0054649,-6.5991,0.16832,0
-0.91415,0.24743,-0.059523,-4.7786,-0.73783,0
-0.81917,0.40132,-0.058236,6.5994,-0.11935,0
-0.15436,0.29873,-0.013187,2.9584,-0.3351,0
0.035589,-0.060364,0.030574,-7.9645,-0.66591,0
-0.24933,0.093531,0.04988,-1.8203,0.096406,0
-0.62923,0.45262,0.057602,7.7372,-0.80975,0
-1.294,0.58087,0.013841,-0.9101,-0.090578,0
-1.1991,0.58087,-0.014475,-7.9645,-0.73783,0
-0.7242,0.60652,-0.0054649,2.5033,-0.69468,0
-0.81917,0.88866,-0.035068,6.8269,-0.49331,0
0.60543,0.99126,-0.089126,-3.4133,-1.2125,0
2.5049,0.78606,-0.14833,-6.8267,-0.26318,0
1.7451,0.88866,-0.18051,5.9167,-1.083,0
0.60543,0.96561,-0.17279,5.9167,-0.39263,0
0.60543,0.76041,-0.13675,-6.5991,-0.57961,0
0.60543,0.63217,-0.10843,-3.8684,-0.80975,0
0.60543,0.52957,-0.11744,6.5994,-0.033045,0
-0.24933,-0.18861,-0.094274,2.7309,-0.80975,0
-1.6739,-0.82984,0.026712,-7.9645,0.15394,0
-1.484,-0.7016,0.11552,-0.9101,-0.53646,0
-1.0091,-0.57335,0.12968,8.6474,-0.17688,0
-0.15436,-0.29121,0.12067,0.2277,-0.061812,0
-0.15436,-0.16296,0.069186,-7.2818,-0.55085,0
-1.0091,0.29873,-0.0119,2.9584,0.24024,0
-1.9589,0.52957,-0.055661,6.3718,-0.53646,0
-0.81917,0.55522,-0.071106,-4.5511,0.15394,0
-0.34431,0.37567,-0.10328,-6.144,-0.17688,0
0.035589,0.27308,-0.14447,5.234,-0.4214,0
-0.059385,0.76041,-0.12903,4.0962,0.067639,0
-1.484,1.1195,-0.087839,-7.9645,-0.75222,0
-2.6237,0.37567,-0.0518,-5.0062,0.12517,0
-1.484,0.11918,-0.037642,6.5994,-0.73783,0
0.32051,0.11918,-0.041503,1.8206,-0.30633,0
0.32051,-0.11166,-0.050513,-7.9645,-0.39263,0
-0.43928,-0.4451,-0.049226,-0.9101,-0.80975,0
-0.62923,-0.31686,-0.037642,7.7372,-0.23441,0
-0.24933,-0.16296,-0.0028907,-1.8203,-1.1118,0
0.035589,0.067882,0.046019,-7.9645,-0.2488,0
-0.43928,0.14483,0.067899,2.7309,-0.83852,0
0.035589,-0.060364,0.088493,6.1442,-0.57961,0
0.60543,-0.13731,0.12968,-5.6889,-0.5077,0
0.32051,0.067882,0.13483,-6.144,-1.2125,0
0.13056,0.40132,0.13097,6.1442,-0.4214,0
1.3652,0.32437,0.046019,3.4135,-1.4139,0
1.8401,0.50392,-0.077542,-7.9645,-0.73783,0
0.60543,0.58087,-0.18694,-3.6408,-1.1262,0
-1.389,0.55522,-0.24744,7.282,-1.155,0
-1.294,0.58087,-0.21655,1.1379,-0.594,0
-0.24933,0.55522,-0.13546,-8.6471,-1.2125,0
0.60543,0.27308,-0.11744,-0.68254,-0.32071,0
0.7004,-0.086014,-0.10843,7.7372,-1.083,0
-0.43928,-0.4451,-0.083977,-1.3652,-0.53646,0
-1.6739,-0.086014,-0.047939,-7.9645,-0.55085,0
-1.1041,0.11918,0.0022576,2.7309,-0.9392,0
0.22554,0.17048,0.024138,7.0545,-0.23441,0
0.32051,0.14483,0.043444,-4.3235,-0.99673,0
0.13056,-0.26556,0.075622,-6.8267,-0.10496,0
0.7004,-0.034715,0.07176,4.7789,-0.56523,0
0.79538,-0.3938,0.046019,5.4616,-0.60838,0
-0.34431,-0.4964,0.021564,-5.9164,-0.45016,0
-2.8136,-0.34251,0.0086931,-3.8684,-1.1693,0
-3.0985,-0.16296,-0.017049,7.7372,-0.39263,0
-1.389,0.042233,-0.062097,2.5033,-1.27,0
-1.294,0.19613,-0.072394,-7.9645,-0.47893,0
-1.389,0.50392,-0.037642,-1.1377,-0.72345,0
-0.43928,0.52957,-0.038929,8.6474,-0.63715,0
0.60543,0.093531,-0.049226,-0.68254,-0.11935,0
0.79538,0.35002,-0.067245,-7.9645,-0.92482,0
0.32051,0.52957,-0.078829,2.5033,-0.19126,0
-0.91415,0.55522,-0.074968,7.0545,-1.1837,0
-1.294,0.35002,-0.028633,-3.6408,-0.80975,0
-0.34431,0.17048,0.011267,-6.5991,-0.92482,0
0.60543,-0.0090658,0.067899,4.7789,-1.3419,0
0.035589,0.35002,0.12453,5.9167,-0.49331,0
-0.34431,0.27308,0.13097,-5.6889,-1.3419,0
-0.81917,0.17048,0.098789,-5.2337,-0.5077,0
-0.62923,-0.34251,0.079483,6.1442,-0.92482,0
-0.34431,-0.4964,0.084631,2.9584,-0.92482,0
-0.62923,-0.086014,0.076909,-6.8267,-0.47893,0
0.13056,0.11918,0.031861,-1.8203,-1.2125,0
1.2702,-0.29121,0.00097052,7.282,-0.26318,0
0.51046,-0.26556,-0.023484,-0.68254,-1.0399,0
-0.7242,-0.0090658,-0.055661,-7.7369,-0.49331,0
-0.24933,-0.060364,-0.063384,2.0482,-0.6803,0
0.035589,0.042233,-0.033781,5.9167,-0.99673,0
-0.43928,-0.11166,-0.014475,-4.7786,-0.32071,0
0.51046,-0.47075,-0.00031657,-6.5991,-1.1981,0
1.5552,-0.5477,0.020277,5.234,-0.30633,0
1.6501,-0.57335,0.01899,4.5513,-1.0255,0
1.0803,-0.599,0.020277,-7.5093,-0.6803,0
0.89035,-0.57335,0.0035447,-3.8684,-0.46455,0
0.22554,-0.41945,0.0099801,7.0545,-0.92482,0
-0.24933,-0.4964,0.038296,1.1379,-0.047428,0
-0.059385,-0.5477,0.074335,-8.192,-0.82413,0
-0.059385,-0.36816,0.091067,0.00013542,-0.10496,0
-0.43928,-0.21426,0.10522,6.8269,-0.57961,0
0.60543,-0.23991,0.085918,-1.3652,-0.70906,0
1.0803,-0.4964,0.076909,-8.192,-0.43578,0
0.51046,-0.5477,0.08978,3.8687,-1.2125,0
-0.81917,-0.36816,0.11295,7.0545,-0.43578,0
-0.7242,-0.52205,0.10136,-5.0062,-1.2269,0
1.4602,-0.85549,0.055028,-5.2337,-0.8529,0
1.9351,-0.4451,0.024138,6.1442,-1.0687,0
0.60543,0.042233,0.013841,4.5513,-1.5721,0
-0.34431,0.14483,0.0048318,-6.5991,-0.88167,0
-0.24933,-0.31686,-0.027345,-3.8684,-1.7303,0
1.0803,-0.5477,-0.024771,7.5096,-0.78098,0
1.5552,-0.6503,0.039583,1.8206,-1.4714,0
0.60543,-1.0607,0.11295,-8.192,-1.155,0
-0.43928,-0.5477,0.11552,-0.45498,-0.88167,0
-0.7242,-0.0090658,0.062751,7.7372,-1.3995,0
-0.059385,0.37567,0.031861,-1.3652,-0.43578,0
0.7004,0.093531,0.037009,-8.192,-1.27,0
0.7004,0.11918,0.007406,2.5033,-0.66591,0
1.4602,0.45262,-0.032494,5.9167,-0.91043,0
0.98533,0.32437,-0.049226,-4.5511,-1.1118,0
-0.24933,0.22178,-0.078829,-5.9164,-0.5077,0
-1.1041,-0.034715,-0.099422,5.6891,-1.3851,0
-1.389,0.35002,-0.068532,3.6411,-0.60838,0
-0.24933,0.58087,-0.022197,-7.0542,-1.3707,0
0.13056,0.55522,-0.0093262,-3.1857,-1.1981,0
-1.0091,0.35002,0.0022576,6.8269,-1.1262,0
-0.34431,-0.060364,0.007406,0.45525,-1.7303,0
0.89035,-0.11166,0.0035447,-8.192,-0.86728,0
0.22554,-0.23991,-0.04279,0.00013542,-1.7015,0
-1.0091,-0.16296,-0.094274,6.3718,-1.1262,0
-0.24933,-0.23991,-0.1316,-3.4133,-1.4282,0
1.1753,-0.18861,-0.14833,-7.5093,-1.6008,0
1.0803,-0.47075,-0.14447,4.0962,-1.0255,0
0.98533,-0.62465,-0.15992,5.9167,-1.8597,0
0.79538,-0.31686,-0.15863,-5.2337,-1.0111,0
0.79538,0.32437,-0.14704,-4.5511,-1.7447,0
0.32051,1.0426,-0.16249,6.8269,-1.2556,0
-0.43928,1.0939,-0.17021,3.4135,-1.2269,0
-0.53425,1.0939,-0.17407,-6.5991,-1.6296,0
-0.62923,1.2221,-0.19081,-2.7306,-0.98235,0
-0.15436,0.86301,-0.21397,8.4198,-1.9604,0
0.89035,0.99126,-0.17922,1.1379,-1.155,0
0.98533,1.1452,-0.14962,-8.8747,-1.7303,0
0.79538,0.60652,-0.13417,0.68281,-1.6296,0
0.60543,0.60652,-0.12002,7.5096,-1.3707,0
0.89035,0.47827,-0.10328,-2.0479,-2.0036,0
1.3652,0.32437,-0.090413,-7.0542,-1.1118,0
0.51046,0.50392,-0.040216,3.4135,-2.0467,0
-0.24933,0.52957,-0.006752,5.6891,-1.4426,0
-1.1991,0.29873,-0.0041778,-5.0062,-1.8597,0
-1.1041,0.32437,-0.0093262,-4.5511,-1.9604,0
-0.34431,1.3247,-0.014475,6.1442,-1.5433,0
0.60543,2.5815,-0.0518,2.9584,-2.3488,0
0.13056,2.9919,-0.073681,-7.5093,-1.4858,0
-0.43928,2.6072,-0.045365,-2.9581,-2.3919,0
-0.53425,2.5302,0.027999,7.7372,-2.0036,0
-1.1991,2.0429,0.084631,1.1379,-2.1043,0
-1.389,1.6838,0.07176,-7.5093,-2.507,0
-0.81917,1.7607,0.04087,-0.45498,-1.8166,0
-0.059385,1.8633,0.020277,7.5096,-2.8378,0
0.13056,1.6068,0.011267,-1.8203,-2.133,0
-0.15436,1.6068,0.0099801,-7.5093,-2.8234,0
-0.34431,1.0426,0.021564,3.186,-2.7659,0
-0.62923,0.65782,0.027999,4.7789,-2.4351,0
-0.62923,0.65782,0.05889,-6.3715,-3.0248,0
0.035589,0.52957,0.082057,-7.0542,-2.0036,0
-0.62923,-0.21426,0.094928,5.234,-2.8234,0
-1.294,-1.0094,0.13483,3.6411,-2.0899,0
-0.24933,-1.1376,0.17215,-7.7369,-2.3344,0
-0.24933,-1.0094,0.15285,-3.6408,-2.5214,0
0.035589,-0.77854,0.12839,7.5096,-2.0467,0
-0.53425,-0.95809,0.14384,1.8206,-2.9816,0
-0.53425,-1.2402,0.16443,-8.4196,-2.0611,0
-0.34431,-1.3685,0.1477,0.91037,-2.8666,0
-0.43928,-1.4198,0.13354,7.7372,-2.2625,0
-0.059385,-1.2402,0.14126,-1.8203,-2.2769,0
0.13056,-1.5993,0.20433,-7.9645,-2.6652,0
-0.53425,-2.061,0.2674,3.4135,-1.8454,0
-0.62923,-2.3944,0.28284,6.1442,-2.6796,0
-0.62923,-1.8302,0.27641,-4.3235,-1.8597,0
-0.7242,-1.8045,0.25453,-5.6889,-2.507,0
-1.294,-1.548,0.24423,5.4616,-2.5933,0
-1.294,-1.9071,0.25324,3.8687,-2.4495,0
-0.91415,-1.6763,0.2674,-6.144,-3.2405,0
-1.1991,-1.2915,0.2468,-3.6408,-2.2625,0
-0.7242,-1.2915,0.21978,7.282,-3.1542,0
0.32051,-1.3685,0.24166,2.2757,-2.5358,0
0.13056,-1.112,0.24552,-7.7369,-3.0679,0
0.22554,-0.75289,0.20176,0.00013542,-3.2262,0
0.60543,-0.62465,0.13225,8.1923,-2.7515,0
0.79538,-0.34251,0.10136,-1.8203,-3.4131,0
0.41548,0.016583,0.061464,-8.192,-2.5501,0
-0.34431,-0.034715,-0.0016037,2.9584,-3.4563,0
-0.059385,0.19613,-0.056948,7.0545,-2.996,0
0.51046,0.93996,-0.02992,-4.0959,-3.0104,0
0.60543,0.73476,0.0035447,-7.2818,-3.4563,0
0.89035,0.11918,0.0035447,4.7789,-2.5933,0
1.4602,-0.4451,-0.0080391,3.6411,-3.4419,0
1.5552,-0.34251,-0.022197,-7.0542,-2.5645,0
0.79538,-0.21426,-0.0016037,-4.7786,-3.1111,0
0.79538,-0.18861,0.047306,6.8269,-3.0104,0
0.22554,0.093531,0.065325,2.5033,-2.5933,0
0.035589,-0.13731,0.042157,-8.8747,-3.2693,0
0.41548,-0.6503,0.024138,-2.0479,-2.3056,0
0.22554,-0.34251,0.04988,7.282,-3.0536,0
-0.81917,0.22178,0.04988,-0.45498,-2.6508,0
-0.7242,0.27308,0.013841,-7.5093,-2.7227,0
0.22554,0.27308,-0.0041778,1.1379,-3.183,0
0.60543,0.68346,0.0048318,7.0545,-2.4638,0
0.89035,0.65782,0.020277,-2.9581,-3.3412,0
0.60543,0.067882,0.016416,-6.8267,-2.5789,0
1.4602,-0.599,0.021564,4.0962,-3.1686,0
1.4602,-0.67595,0.00097052,5.234,-2.9529,0
0.98533,-0.4451,-0.046652,-6.8267,-2.7227,0
0.79538,-0.29121,-0.056948,-4.5511,-3.4131,0
1.3652,-0.16296,-0.067245,7.0545,-2.5214,0
1.3652,-0.4964,-0.068532,1.8206,-3.4131,0
0.51046,-0.29121,-0.040216,-8.6471,-2.6652,0
-1.484,-0.5477,-0.0016037,-0.9101,-2.8953,0
-2.4337,-0.85549,-0.013187,8.4198,-2.9529,0
-1.1041,-0.90679,-0.037642,-1.5928,-2.1906,0
0.7004,-0.85549,-0.02091,-7.2818,-2.7084,0
1.1753,-0.95809,-0.0041778,3.186,-1.6296,0
0.32051,-1.8302,-0.0028907,6.8269,-2.1474,0
0.13056,-2.138,0.0086931,-3.6408,-1.6296,0
-0.7242,-1.9584,0.048593,-5.6889,-1.5002,0
-1.0091,-1.3941,0.073047,6.1442,-1.9029,0
-1.0091,-1.1633,0.020277,5.6891,-1.0974,0
-0.81917,-1.7789,-0.022197,-6.5991,-1.9317,0
-0.7242,-1.9071,-0.032494,-3.1857,-1.155,0
-1.1991,-1.7276,-0.019623,7.7372,-1.5002,0
-1.389,-1.035,-0.02091,1.8206,-1.3851,0
-0.24933,-0.16296,-0.08269,-8.6471,-0.8529,0
1.0803,0.47827,-0.18952,0.00013542,-1.457,0
2.03,1.1452,-0.26674,7.0545,-0.46455,0
0.51046,1.6325,-0.31694,-2.7306,-1.1118,0
-0.62923,1.5042,-0.32724,-7.7369,-0.4214,0
-0.34431,1.2734,-0.34268,3.4135,-0.39263,0
-0.059385,1.0426,-0.38516,6.8269,-0.60838,0
-0.53425,1.1195,-0.4701,-5.0062,0.067639,0
-0.62923,1.8377,-0.55248,-6.3715,-0.80975,0
-0.62923,2.4276,-0.60782,5.4616,0.11079,0
-1.1991,2.0429,-0.60782,3.8687,-0.65153,0
-0.81917,1.6838,-0.54733,-7.9645,-0.14811,0
0.22554,1.376,-0.42763,-3.1857,-0.090578,0
0.22554,1.1452,-0.32209,7.282,-0.65153,0
-0.43928,0.78606,-0.2513,1.1379,0.12517,0
-0.15436,0.60652,-0.23199,-8.4196,-0.79537,0
0.60543,0.22178,-0.20625,-0.22742,-0.018661,0
0.13056,-0.36816,-0.12903,7.0545,-0.66591,0
-1.0091,-0.82984,-0.056948,-2.503,-0.5077,0
-1.1991,-0.7016,0.015128,-7.7369,-0.1625,0
-0.24933,-0.67595,0.042157,4.0962,-0.78098,0
0.60543,-0.88114,0.055028,6.5994,0.082022,0
0.7004,-1.0094,0.056315,-5.4613,-0.75222,0
1.3652,-1.3172,0.11166,-5.6889,-0.13373,0
1.5552,-1.3428,0.19403,6.5994,-0.32071,0
0.51046,-0.67595,0.22492,3.186,-0.53646,0
0.89035,-0.57335,0.20433,-7.5093,-0.061812,0
0.60543,-0.5477,0.19403,-2.2755,-0.91043,0
-0.15436,-0.6503,0.21463,7.7372,-0.061812,0
-0.7242,-0.36816,0.27126,0.45525,-0.63715,0
-0.15436,-0.4964,0.31373,-7.2818,-0.23441,0
1.0803,-0.18861,0.29443,1.3655,-0.11935,0
0.79538,-0.31686,0.24423,7.282,-0.594,0
-0.059385,-0.57335,0.1979,-1.5928,0.082022,0
0.13056,-0.52205,0.15285,-6.5991,-0.80975,0
-0.059385,-0.0090658,0.097502,3.4135,-0.090578,0
0.13056,0.60652,0.043444,6.8269,-0.65153,0
1.0803,0.45262,-0.065958,-4.5511,-0.56523,0
2.5999,0.29873,-0.21783,-5.4613,-0.32071,0
2.9798,0.99126,-0.26417,5.9167,-1.0687,0
0.89035,1.5299,-0.22813,3.186,-0.34948,0
-1.294,1.2477,-0.24615,-7.7369,-1.2988,0
-0.91415,0.86301,-0.30536,-2.7306,-0.78098,0
-0.24933,0.93996,-0.32209,7.0545,-0.95358,0
0.035589,1.5812,-0.3208,0.45525,-1.2988,0
-0.059385,2.0429,-0.27833,-8.192,-0.69468,0
-0.34431,2.1968,-0.24744,0.91037,-1.5721,0
-0.62923,1.9146,-0.20239,7.282,-0.594,0
-0.7242,0.76041,-0.087839,-3.4133,-1.1262,0
-0.059385,-0.0090658,0.026712,-7.2818,-0.69468,0
0.51046,-0.80419,0.14384,4.5513,-0.37825,0
0.79538,-1.9841,0.25453,5.234,-0.8529,0
0.22554,-2.2406,0.33433,-5.6889,0.038872,0
0.60543,-2.0097,0.42442,-3.6408,-0.72345,0
0.7004,-1.5993,0.4669,6.5994,0.096406,0
-1.294,-1.6763,0.43729,2.0482,-0.29195,0
-1.7689,-1.3428,0.3768,-7.9645,-0.22003,0
-0.43928,-1.5993,0.3472,-1.3652,0.19709,0
0.7004,-2.3175,0.34591,7.282,-0.45016,0
1.2702,-2.9074,0.38195,-0.9101,0.45599,0
1.3652,-3.3178,0.41026,-8.6471,-0.30633,0
0.60543,-3.4204,0.45016,2.0482,0.25462,0
0.22554,-2.9587,0.47333,7.0545,0.22586,0
1.2702,-2.4201,0.4862,-4.0959,-0.11935,0
0.98533,-2.3175,0.49393,-7.2818,0.64298,0
-0.91415,-2.1893,0.46046,4.7789,-0.19126,0
-1.1991,-2.1636,0.39353,4.0962,0.80119,0
-1.0091,-1.7019,0.35621,-6.144,0.21147,0
-0.43928,-1.2402,0.35106,-3.6408,0.55667,0
0.41548,-1.2915,0.31631,6.5994,0.72928,0
0.32051,-1.0863,0.26611,2.5033,0.16832,0
-0.15436,-0.72725,0.24166,-7.5093,1.0457,0
-0.15436,-0.36816,0.20562,-0.9101,0.26901,0
-0.059385,0.067882,0.098789,6.3718,0.97379,0
-0.81917,0.45262,-0.058236,-0.45498,0.64298,0
-0.91415,0.55522,-0.16764,-7.0542,0.77243,0
0.41548,0.63217,-0.18051,3.4135,1.2615,0
0.7004,0.55522,-0.14962,5.9167,0.61421,0
-0.34431,0.35002,-0.11101,-5.4613,1.5923,0
-1.1041,0.22178,-0.087839,-6.5991,0.85873,0
-0.81917,0.47827,-0.10071,6.3718,1.2902,0
-0.62923,0.60652,-0.12774,3.186,1.319,0
0.41548,0.86301,-0.17665,-6.8267,0.91626,0
1.0803,0.99126,-0.24486,-2.0479,1.6498,0
0.98533,1.2477,-0.2912,7.0545,0.82996,0
0.32051,1.1195,-0.26417,-0.45498,1.693,0
-0.24933,0.47827,-0.24358,-7.7369,1.2615,0
-0.059385,-0.21426,-0.19982,0.68281,1.506,0
1.0803,0.27308,-0.17407,7.5096,1.9519,0
0.79538,0.99126,-0.21655,-2.7306,1.2327,0
0.41548,0.99126,-0.28734,-7.2818,2.1388,0
1.2702,0.32437,-0.33753,4.3238,1.2327,0
1.0803,0.68346,-0.34397,5.0064,1.7505,0
-0.81917,1.1965,-0.3607,-6.5991,1.506,0
-0.7242,1.6838,-0.41862,-5.6889,1.1608,0
0.89035,2.0172,-0.49585,5.6891,1.8368,0
1.3652,1.3503,-0.56792,2.5033,1.132,0
1.2702,0.32437,-0.5602,-8.4196,2.1964,0
0.79538,0.45262,-0.51515,-2.7306,1.6354,0
0.89035,1.1452,-0.49198,7.282,1.8943,0
0.7004,1.9146,-0.48812,0.00013542,2.2827,0
0.22554,2.5046,-0.52545,-7.9645,1.7505,0
-0.43928,2.6585,-0.53961,0.91037,2.5416,0
-0.059385,2.402,-0.53317,7.5096,1.7217,0
0.13056,2.402,-0.49971,-2.9581,2.2971,0
-0.43928,2.9663,-0.45208,-7.2818,1.9662,0
-0.62923,2.5046,-0.42506,3.8687,1.7936,0
0.22554,1.5042,-0.36971,4.3238,2.4553,0
0.035589,1.1452,-0.30664,-6.144,1.7936,0
-0.53425,1.2221,-0.25902,-4.3235,2.7717,0
0.41548,0.81171,-0.22556,6.8269,2.0669,0
-0.34431,0.32437,-0.17279,2.5033,2.2827,0
-1.6739,-0.31686,-0.078829,-7.7369,2.2252,0
-1.1041,-0.88114,-0.0054649,-0.68254,1.5204,0
-0.24933,-0.90679,0.020277,7.5096,2.369,0
-1.1041,-0.4964,0.020277,-0.45498,1.4484,0
-0.7242,-0.31686,-0.00031657,-8.192,2.2539,0
0.79538,-1.1376,-0.0041778,2.0482,1.7936,0
1.9351,-2.4201,0.015128,7.282,1.6786,0
1.1753,-2.6766,0.015128,-3.8684,1.9231,0
0.60543,-2.1636,0.022851,-7.7369,0.94503,0
1.4602,-1.8045,0.012554,4.0962,1.6642,0
1.3652,-1.0607,-0.019623,5.6891,0.74366,0
1.0803,-0.4451,-0.077542,-5.2337,1.1464,0
0.32051,-0.47075,-0.094274,-4.5511,1.1032,0
-0.24933,-0.57335,-0.076255,5.4616,0.71489,0
-0.7242,-0.57335,-0.035068,2.7309,1.4053,0
-1.294,-0.086014,-0.045365,-8.6471,0.55667,0
-0.91415,0.093531,-0.086552,-2.2755,1.4053,0
0.41548,-0.31686,-0.10714,7.5096,0.81558,0
0.22554,-0.52205,-0.102,-0.45498,0.78681,0
0.035589,0.19613,-0.10843,-8.192,1.0026,0
-0.059385,0.58087,-0.10843,0.45525,0.25462,0
-0.43928,0.58087,-0.068532,7.282,1.0601,0
-0.62923,0.29873,-0.0016037,-3.1857,0.21147,0
-0.059385,0.29873,0.078196,-7.2818,0.75804,0
0.51046,0.47827,0.12196,4.0962,0.47037,0
0.13056,0.81171,0.16186,5.234,0.25462,0
0.13056,1.0169,0.21334,-7.5093,0.94503,0
0.60543,1.2734,0.22879,-5.4613,-0.004278,0
0.41548,1.376,0.18116,6.5994,0.52791,0
0.13056,1.7094,0.12582,2.9584,-0.88167,0
0.79538,1.812,0.10008,-7.9645,-1.083,0
0.79538,1.5555,0.098789,-1.8203,-1.1981,0
0.79538,0.99126,0.12196,8.4198,-1.7015,0
0.32051,1.4016,0.158,0.2277,-0.46455,0
-0.43928,1.1708,0.17344,-8.192,-0.19126,0
-0.15436,1.0682,0.17215,0.91037,2.0238,0
0.51046,1.2734,0.15027,5.9167,2.5272,0
0.32051,1.4786,0.12453,-3.8684,2.3978,0
-0.53425,2.0172,0.11938,-7.5093,1.9662,0
-0.62923,2.7611,0.12453,4.7789,0.29777,0
-0.53425,3.2484,0.13097,5.9167,1.1752,0
-1.1991,2.6841,0.13998,-5.2337,1.4916,0
-1.389,2.6328,0.1876,-5.4613,3.9224,0
-0.15436,2.6841,0.22364,7.7372,5.5477,0
-0.62923,2.7098,0.23651,2.2757,5.9361,0
-0.53425,2.8637,0.23651,-7.7369,6.3244,0
0.51046,2.4533,0.23136,-0.22742,4.5265,0
0.79538,1.5812,0.24809,8.1923,4.2244,0
-0.53425,1.5812,0.2867,-1.3652,3.1888,0
-1.1041,1.2734,0.32274,-8.192,3.4765,0
-0.81917,1.0682,0.36779,3.186,4.0518,0
-0.059385,0.96561,0.43601,7.0545,3.3758,0
0.13056,0.70911,0.48363,-4.3235,3.5628,0
-1.1991,0.35002,0.50937,-7.2818,1.5779,0
-0.81917,0.50392,0.4566,5.234,1.4053,0
0.22554,0.32437,0.37037,4.7789,0.48476,0
0.13056,0.45262,0.36264,-7.0542,0.35531,0
-0.15436,0.093531,0.39997,-4.5511,1.3621,0
-0.53425,-0.13731,0.42828,7.5096,1.4484,0
-0.53425,-0.4964,0.45531,2.0482,3.2464,0
-0.7242,-0.80419,0.45274,-8.6471,3.1313,0
-0.059385,-0.7016,0.46432,-1.5928,3.5772,0
0.035589,-0.90679,0.50422,7.0545,3.5197,0
-0.7242,-1.2659,0.52996,-2.2755,2.6854,0
-0.62923,-1.3685,0.53383,-7.9645,3.6779,0
-0.24933,-1.7532,0.51323,3.4135,3.3902,0
-0.059385,-2.1123,0.49006,5.4616,4.584,0
-1.0091,-2.1893,0.42957,-5.6889,4.2532,0
-2.0538,-1.6763,0.34334,-5.2337,3.534,0
-1.579,-1.2402,0.30987,6.5994,3.2032,0
-1.0091,-1.3685,0.31502,3.186,1.6786,0
0.13056,-2.1636,0.3472,-7.2818,1.995,0
0.7004,-2.3944,0.38838,-2.0479,0.94503,0
1.3652,-2.8818,0.42571,7.7372,1.2327,0
1.5552,-2.7022,0.44888,0.45525,1.1608,0
0.41548,-1.8815,0.43086,-7.5093,0.45599,0
-0.53425,-1.0607,0.37551,2.0482,0.77243,0
0.035589,-1.7789,0.35878,7.0545,-0.57961,0
1.0803,-2.6509,0.35878,-2.9581,-0.20565,0
1.3652,-2.497,0.36007,-7.5093,-0.36386,0
0.98533,-2.0097,0.37037,4.5513,0.18271,0
0.89035,-1.6506,0.42828,6.8269,1.5347,0
0.32051,-1.7276,0.49521,-5.2337,1.4197,0
0.32051,-2.138,0.51194,-4.3235,2.4553,0
-0.15436,-2.497,0.44502,7.282,1.3909,0
0.51046,-2.5996,0.37423,2.9584,1.5491,0
1.7451,-2.7022,0.32017,-7.5093,1.4341,0
1.5552,-2.9587,0.28799,-2.0479,1.1608,0
0.51046,-3.01,0.24552,7.282,2.1532,0
-0.43928,-2.5227,0.2172,-0.22742,1.4772,0
-0.15436,-2.2406,0.16958,-8.192,2.3258,0
0.51046,-1.7019,0.079483,2.0482,1.5923,0
1.3652,-0.72725,-0.0119,7.0545,1.2902,0
1.6501,-0.5477,-0.0518,-3.8684,1.0889,0
-0.81917,-0.72725,-0.047939,-6.5991,-0.27756,0
-1.8639,-0.36816,-0.077542,5.0064,-0.004278,0
-0.62923,0.22178,-0.12002,4.3238,-1.1837,0
-0.059385,0.52957,-0.18952,-7.0542,-0.39263,0
-0.24933,0.88866,-0.25773,-4.5511,-0.27756,0
0.51046,1.2734,-0.28219,6.5994,-0.34948,0
0.79538,0.99126,-0.27833,1.1379,0.15394,0
-0.7242,0.32437,-0.28476,-8.4196,-1.0255,0
-1.484,0.63217,-0.3105,0.2277,-0.39263,0
-0.7242,0.58087,-0.36585,7.7372,-0.86728,0
-1.389,-0.13731,-0.45852,-2.2755,-0.11935,0
-0.62923,-0.23991,-0.53446,-7.7369,0.74366,0
0.89035,0.016583,-0.57693,3.4135,0.48476,0
1.4602,0.27308,-0.59881,6.1442,1.2183,0
0.98533,1.3247,-0.59624,-6.144,-0.20565,0
0.32051,2.0942,-0.57178,-5.6889,-0.10496,0
0.035589,2.1968,-0.51515,6.3718,-0.57961,0
0.60543,2.0685,-0.45723,3.8687,-0.23441,0
0.22554,2.1455,-0.42634,-6.8267,1.2183,0
-0.34431,2.0172,-0.36585,-2.503,1.3334,0
-0.81917,1.9146,-0.29635,8.1923,2.3978,0
0.035589,1.889,-0.31308,1.8206,1.1895,0
-0.15436,1.889,-0.38644,-7.7369,0.78681,0
-0.43928,2.1455,-0.4508,0.68281,0.12517,0
-0.53425,2.4533,-0.46753,7.5096,-0.594,0
-0.24933,2.402,-0.47783,-3.6408,0.22586,0
0.035589,2.5302,-0.47268,-6.8267,-0.37825,0
0.035589,2.1198,-0.45208,4.3238,0.57106,0
0.41548,1.5812,-0.44951,6.3718,0.15394,0
0.22554,1.4529,-0.45852,-5.4613,0.29777,0
-0.43928,1.4016,-0.46496,-5.0062,0.57106,0
-0.53425,1.5299,-0.45208,6.8269,-0.11935,0
-0.059385,1.7607,-0.4302,2.9584,0.74366,0
0.035589,2.1198,-0.38001,-6.8267,-0.018661,0
-0.34431,1.9403,-0.31437,-2.503,0.74366,0
-0.7242,1.6068,-0.27575,7.282,0.75804,0
-1.1991,1.5042,-0.26288,1.1379,0.52791,0
-1.484,1.6838,-0.28219,-7.9645,0.95941,0
-0.81917,1.4786,-0.25259,0.45525,-0.018661,0
-0.24933,1.1708,-0.21912,6.8269,0.82996,0
0.22554,0.47827,-0.22298,-1.3652,0.29777,0
-1.1041,0.17048,-0.18694,-7.0542,0.80119,0
-0.62923,-0.6503,-0.099422,4.0962,1.1464,0
-0.81917,-1.1889,-0.0119,5.4616,0.39846,0
-1.1991,-1.1376,0.022851,-5.9164,0.75804,0
-0.43928,-1.0863,0.043444,-6.5991,-0.69468,0
0.7004,-1.3428,0.083344,5.4616,-0.37825,0
0.89035,-2.1636,0.14384,3.4135,-0.75222,0
0.7004,-2.5227,0.19661,-7.5093,-0.37825,0
0.60543,-2.5483,0.22235,-3.4133,0.57106,0
-0.059385,-1.3172,0.18631,7.282,0.038872,0
-1.7689,-0.36816,0.14641,1.3655,0.93064,0
-1.389,0.22178,0.10265,-7.7369,-0.26318,0
-0.34431,0.50392,0.030574,-0.22742,-0.32071,0
0.51046,0.63217,-0.046652,7.282,-1.0687,0
0.13056,1.1452,-0.13289,-1.1377,-1.8597,0
-0.34431,1.4016,-0.19338,-7.2818,-1.3707,0
-1.294,1.3503,-0.20625,1.3655,-2.0036,0
-0.15436,0.60652,-0.16506,6.5994,-0.49331,0
1.0803,0.24743,-0.1419,-3.8684,-0.2488,0
0.32051,0.19613,-0.12002,-6.8267,0.68613,0
-1.579,0.11918,-0.092987,4.5513,0.95941,0
-2.0538,-0.52205,-0.10071,5.234,-0.061812,0
-1.1041,-0.3938,-0.086552,-6.5991,0.16832,0
-0.91415,-0.23991,0.027999,-4.5511,-1.083,0
-1.1991,-0.4451,0.11295,6.8269,-0.090578,0
-1.389,-0.086014,0.12196,2.5033,0.18271,0
-0.53425,-0.13731,0.11552,-8.4196,1.2183,0
-0.62923,-0.47075,0.091067,-2.0479,2.4409,0
-1.7689,-1.2659,0.11423,8.6474,2.0094,0
-0.91415,-2.4714,0.22492,-0.45498,2.4553,0
0.22554,-2.9074,0.36264,-7.7369,0.85873,0
0.89035,-2.8048,0.47977,2.5033,0.77243,0
0.51046,-2.6509,0.59174,7.282,0.72928,0
0.32051,-2.9844,0.73976,-3.6408,0.91626,0
1.9351,-3.7026,0.92124,-8.192,2.369,0
2.125,-4.4977,1.068,4.0962,2.1676,0
1.3652,-5.1646,1.1915,6.3718,3.0594,0
0.89035,-5.498,1.3383,-6.144,2.1532,0
0.32051,-6.2675,1.5056,-6.144,1.693,0
0.13056,-7.6525,1.6008,6.1442,1.693,0
0.60543,-8.2938,1.6073,3.8687,1.0169,0
0.79538,-8.1399,1.5571,-7.5093,2.3834,0
0.7004,-7.5243,1.5262,-4.0959,2.0957,0
1.4602,-6.9087,1.4979,8.1923,2.9875,0
2.22,-6.2162,1.3743,1.3655,2.8436,0
1.6501,-5.6263,1.2121,-8.6471,2.4409,0
0.51046,-5.2672,1.0139,-0.9101,2.8724,0
-0.34431,-4.8568,0.76035,7.9647,1.7936,0
0.60543,-4.1899,0.50422,-0.45498,2.6279,0
1.3652,-3.9078,0.2275,-8.192,1.7793,0
0.51046,-3.523,-0.045365,1.8206,1.8368,0
-0.34431,-3.1896,-0.23585,6.8269,2.0094,0
-0.34431,-2.497,-0.42892,-4.7786,1.3334,0
-0.15436,-1.9584,-0.71465,-6.5991,2.2395,0
0.98533,-0.98374,-1.0647,4.0962,1.2902,0
1.4602,-0.11166,-1.4097,5.6891,1.8224,0
0.98533,0.73476,-1.7932,-6.3715,1.4916,0
1.5552,0.91431,-2.1395,-5.0062,1.0169,0
1.8401,0.042233,-2.384,6.8269,1.5491,0
2.8848,0.22178,-2.559,4.0962,0.78681,0
2.315,0.016583,-2.7392,-7.7369,1.8368,0
0.51046,-0.13731,-2.9568,-3.1857,1.319,0
-0.43928,0.016583,-3.1472,7.5096,1.808,0
-0.53425,-0.18861,-3.3352,0.45525,1.9519,0
-0.059385,-0.95809,-3.5398,-8.192,1.2902,0
0.035589,-1.2402,-3.7934,2.0482,1.995,0
-0.34431,-1.1376,-4.0379,7.7372,1.2327,0
-1.1041,-1.112,-4.3082,-3.1857,2.3402,0
-1.9589,-1.5224,-4.5759,-7.2818,2.182,0
-0.91415,-1.8045,-4.7664,4.5513,2.2683,0
0.51046,-2.1123,-4.9041,5.4616,2.5847,0
1.3652,-1.8815,-5.0071,-5.6889,1.9806,0
0.98533,-1.2402,-5.1165,-5.2337,3.0306,0
-0.34431,-0.23991,-5.2246,6.1442,2.4121,0
-0.53425,0.91431,-5.2928,3.6411,3.3327,0
-0.7242,1.376,-5.3623,-7.5093,3.2032,0
-0.62923,1.1708,-5.4293,-3.1857,3.2032,0
0.32051,1.0426,-5.4627,7.7372,3.6923,0
0.79538,1.3247,-5.4692,1.1379,2.858,0
-0.7242,1.7864,-5.41,-8.192,3.6491,0
-1.8639,2.1455,-5.2143,-0.9101,2.8293,0
-1.6739,1.9916,-4.962,8.1923,3.2895,0
-0.24933,1.8633,-4.787,-2.0479,3.0594,0
1.1753,2.1198,-4.5939,-8.192,2.6135,0
1.9351,1.9659,-4.3236,2.7309,3.1457,0
2.03,1.9146,-3.9826,5.4616,2.2683,0
1.6501,2.1198,-3.5926,-5.0062,3.1313,0
0.41548,1.9916,-3.0958,-5.9164,2.4697,0
0.79538,2.1711,-2.5204,5.9167,2.671,0
1.9351,3.0432,-2.0159,3.4135,2.7717,0
1.5552,3.4023,-1.6027,-7.0542,1.808,0
1.1753,3.2484,-1.2282,-2.9581,2.6279,0
0.98533,3.1714,-0.85752,7.0545,1.8943,0
1.3652,3.0945,-0.56792,0.45525,3.0306,0
1.3652,2.8124,-0.39803,-8.6471,3.1888,0
1.2702,3.2484,-0.27833,0.45525,3.5772,0
0.60543,2.9406,-0.12774,7.0545,4.1813,0
0.89035,2.5559,0.076909,-1.5928,3.5484,0
-0.34431,3.1971,0.33561,-7.2818,4.5121,0
-1.1041,4.1974,0.63551,4.3238,3.5772,0
-0.24933,4.1461,0.965,6.5994,3.8649,0
0.035589,3.9666,1.3679,-5.6889,3.5628,0
0.79538,3.8383,1.7952,-5.4613,2.9587,0
1.7451,2.8637,2.292,6.1442,3.5053,0
1.1753,2.3763,2.9613,3.6411,2.4409,0
-0.34431,2.2481,3.7374,-6.8267,3.0738,0
-0.059385,2.5302,4.4981,-2.9581,2.1964,0
0.51046,2.6328,5.1815,8.4198,2.3115,0
0.32051,2.4533,5.7736,1.1379,2.4984,0
-0.53425,2.6072,6.2627,-8.6471,2.0094,0
-1.0091,3.1971,6.6681,-0.45498,2.743,0
-0.24933,3.1971,7.0478,8.1923,1.7649,0
1.5552,3.0688,7.394,-2.2755,2.3402,0
0.035589,3.1458,7.6527,-7.2818,1.9087,0
-2.1488,3.4279,7.8187,3.8687,1.8368,0
-1.1991,4.0179,7.9397,6.1442,2.369,0
0.41548,4.2231,8.053,-5.2337,1.7936,0
0.79538,3.6075,8.1482,-6.3715,2.743,0
0.51046,3.4279,8.1881,6.1442,1.7649,0
-0.53425,3.1714,8.1495,3.6411,2.2252,0
-1.1991,2.8637,8.0414,-6.8267,2.182,0
-1.7689,3.0175,7.8677,-2.7306,2.0382,0
-1.1041,3.1458,7.6424,7.0545,2.9012,0
-0.24933,3.8896,7.3992,0.45525,2.2108,0
-1.0091,3.9666,7.1675,-7.9645,3.1025,0
-0.7242,3.4023,6.95,0.91037,2.3834,0
-0.24933,2.8637,6.7608,6.8269,2.2827,0
-0.53425,2.6841,6.5098,-3.6408,2.2683,0
-0.62923,2.6841,6.1957,-7.7369,1.5347,0
-0.81917,2.402,5.8971,5.234,2.4697,0
-0.62923,1.9403,5.5947,4.7789,1.5491,0
-0.7242,1.376,5.2343,-8.192,2.0957,0
-0.7242,1.3503,4.8636,-5.2337,1.7936,0
-0.059385,1.4016,4.5225,6.5994,1.6354,0
0.41548,1.6325,4.2188,2.5033,2.4121,0
0.51046,1.7607,3.8931,-7.9645,1.5779,0
0.22554,1.8633,3.5623,-1.1377,2.2539,0
0.22554,1.8377,3.2303,7.5096,1.2183,0
0.22554,1.5555,2.8918,-1.5928,1.2183,0
0.51046,1.1708,2.6035,-7.7369,1.319,0
0.32051,0.45262,2.3486,2.5033,0.88749,0
-1.1041,0.11918,2.1015,6.5994,1.9087,0
-1.6739,0.65782,1.7759,-4.0959,1.1032,0
-1.6739,1.1965,1.3576,-6.5991,1.808,0
-1.579,1.6325,0.99332,4.7789,1.2615,0
-2.1488,1.7864,0.77065,4.5513,0.97379,0
-1.389,1.5555,0.63293,-6.8267,1.0313,0
-0.81917,1.2221,0.51194,-2.9581,-0.19126,0
-0.53425,0.99126,0.33947,7.282,0.34092,0
-0.15436,1.1965,0.10651,2.0482,-0.72345,0
0.60543,0.91431,-0.19081,-7.7369,-0.17688,0
0.13056,0.76041,-0.47525,0.00013542,-0.20565,0
-1.0091,1.1708,-0.70693,7.7372,-0.52208,0
-1.6739,1.299,-0.90257,-2.0479,0.024489,0
-1.579,0.63217,-1.0274,-8.4196,-1.1837,0
-1.6739,0.016583,-1.1574,3.4135,-0.47893,0
-1.294,-0.18861,-1.2964,6.3718,-1.1981,0
-0.91415,0.067882,-1.3994,-4.0959,-0.99673,0
0.41548,0.14483,-1.4727,-6.144,-0.46455,0
1.2702,0.14483,-1.5217,5.234,-0.8529,0
0.41548,-0.31686,-1.5513,4.0962,0.26901,0
0.7004,-0.57335,-1.5628,-7.2818,-0.56523,0
2.5049,-0.90679,-1.5912,-2.503,0.21147,0
1.9351,-0.93244,-1.6285,7.5096,-0.061812,0
0.13056,-1.0094,-1.6478,0.91037,-0.22003,0
0.035589,-0.72725,-1.7044,-8.8747,0.39846,0
0.41548,-0.4451,-1.7701,0.00013542,-0.47893,0
0.7004,-1.035,-1.7611,7.5096,0.25462,0
0.79538,-1.6763,-1.716,-2.7306,-0.82413,0
0.79538,-2.0354,-1.7147,-7.9645,-0.89605,0
1.4602,-1.9584,-1.7778,3.4135,-1.27,0
0.98533,-1.5993,-1.8602,5.234,-1.9317,0
-0.24933,-1.7019,-1.94,-5.6889,-1.1262,0
-0.059385,-1.4967,-1.9606,-6.5991,-1.7734,0
-0.34431,-1.2146,-1.9464,5.4616,-0.57961,0
-0.62923,-1.0094,-1.9567,3.8687,-0.92482,0
0.13056,-1.2402,-1.9683,-7.7369,-0.78098,0
0.89035,-1.3941,-1.9503,-2.9581,-0.594,0
0.22554,-1.1889,-1.9464,7.0545,-1.3851,0
0.22554,-1.2659,-1.9799,1.5931,-0.65153,0
1.1753,-1.112,-2.0262,-7.9645,-1.6008,0
2.125,-1.3685,-2.012,0.2277,-1.0399,0
1.1753,-1.7019,-1.9528,7.0545,-1.155,0
-0.15436,-1.7532,-1.9116,-1.5928,-1.2988,0
-0.059385,-1.548,-1.8975,-7.0542,-0.5077,0
-0.059385,-1.5224,-1.8949,4.3238,-1.155,0
-0.059385,-1.6506,-1.8923,6.3718,-0.047428,0
0.035589,-1.8302,-1.8614,-5.4613,-0.46455,0
-1.579,-2.138,-1.7868,-5.2337,0.082022,0
-2.4337,-2.1636,-1.7147,7.0545,0.25462,0
-1.8639,-1.9584,-1.6555,2.7309,-0.004278,0
0.22554,-1.8045,-1.6349,-7.7369,1.2039,0
0.41548,-1.8815,-1.6813,-0.9101,0.82996,0
-0.15436,-2.3431,-1.7224,8.4198,2.0957,0
-0.62923,-2.574,-1.7765,-0.45498,1.8799,0
0.32051,-2.0867,-1.8061,-7.2818,2.2108,0
0.7004,-1.6506,-1.837,2.5033,2.743,0
-0.24933,-1.4198,-1.8447,6.3718,2.4553,0
-0.53425,-0.85549,-1.8022,-4.5511,3.5628,0
0.51046,-0.34251,-1.7559,-7.5093,2.8293,0
1.1753,0.22178,-1.6838,5.0064,3.4477,0
-0.059385,0.19613,-1.6092,4.0962,3.0882,0
-1.0091,-0.47075,-1.55,-6.8267,2.8293,0
0.22554,-0.3938,-1.4895,-3.6408,3.4046,0
1.3652,-0.0090658,-1.4792,7.0545,2.5847,0
0.41548,0.14483,-1.4753,2.5033,3.6347,0
0.13056,-0.086014,-1.4393,-9.1023,2.9587,0
0.7004,-0.4451,-1.4123,-1.3652,3.4909,0
0.7004,-0.599,-1.402,7.5096,3.4477,0
0.22554,-0.6503,-1.3929,-1.5928,2.9875,0
0.13056,-1.112,-1.3376,-7.7369,3.7498,0
0.79538,-1.9328,-1.2372,2.9584,3.0306,0
0.60543,-2.0354,-1.1484,5.9167,4.1381,0
0.32051,-0.90679,-1.1124,-4.7786,3.8505,0
-1.0091,-0.4451,-1.0995,-7.0542,4.2964,0
-1.8639,-0.95809,-1.0223,4.5513,5.0299,0
-2.8136,-1.1376,-0.95662,4.3238,4.7422,0
-2.9086,-1.3685,-0.91801,-7.5093,6.1374,0
-1.389,-2.2406,-0.91286,-3.6408,5.5909,0
-0.24933,-2.5227,-0.8987,7.0545,6.1374,0
0.13056,-2.6766,-0.83178,1.8206,6.0368,0
0.7004,-3.01,-0.76356,-8.192,5.4614,0
0.32051,-3.3435,-0.70822,0.91037,6.1806,0
-0.53425,-3.6769,-0.6297,7.5096,5.3463,0
-0.7242,-3.9078,-0.5602,-2.7306,6.1806,0
-1.1041,-4.1129,-0.54347,-7.5093,5.519,0
-1.294,-4.0104,-0.53317,4.5513,5.3751,0
-1.389,-4.2668,-0.53961,5.6891,5.5046,0
-1.294,-4.7798,-0.50486,-6.144,4.5409,0
-0.62923,-5.0363,-0.43407,-4.7786,5.0587,0
-0.059385,-4.8055,-0.35427,7.0545,3.8505,0
-0.34431,-4.3951,-0.29249,3.4135,4.1238,0
-0.53425,-3.6769,-0.27575,-7.5093,3.5916,0
-0.53425,-2.4201,-0.27704,-2.0479,3.3614,0
-0.15436,-2.0354,-0.2809,7.282,3.9799,0
0.7004,-2.0867,-0.27318,-1.1377,3.1888,0
0.89035,-2.4201,-0.22942,-8.4196,3.9512,0
0.7004,-2.1123,-0.2217,2.5033,3.0019,0
0.41548,-1.3428,-0.28219,7.282,3.0738,0
0.13056,-0.75289,-0.3504,-3.4133,2.7142,0
1.1753,-0.7016,-0.35427,-7.5093,1.8224,0
1.4602,-1.2915,-0.37486,5.0064,2.3258,0
0.51046,-1.1633,-0.40318,5.4616,1.1752,0
0.41548,-0.599,-0.37615,-5.6889,1.808,0
1.0803,-0.18861,-0.35298,-5.4613,1.1752,0
0.51046,0.11918,-0.34912,6.3718,1.0745,0
-0.24933,0.19613,-0.371,2.7309,1.3046,0
-0.059385,0.19613,-0.40704,-8.192,0.36969,0
-0.34431,0.22178,-0.41991,-2.9581,1.0745,0
-1.7689,0.27308,-0.44822,8.1923,-0.13373,0
-0.53425,1.0169,-0.45852,0.45525,0.29777,0
1.9351,1.0939,-0.45723,-8.4196,0.038872,0
2.315,1.0682,-0.47268,1.8206,-0.29195,0
0.51046,1.0426,-0.46624,7.282,0.18271,0
0.41548,1.5555,-0.4405,-2.7306,-0.92482,0
0.7004,1.7864,-0.46624,-8.192,-0.4214,0
0.7004,1.8377,-0.50743,4.0962,-1.8166,0
0.7004,1.8633,-0.49585,6.1442,-2.7084,0
0.13056,2.1968,-0.46109,-5.6889,-4.2186,0
-0.059385,2.7611,-0.4508,-5.4613,-5.772,0
1.2702,2.7611,-0.4405,7.5096,-4.5638,0
1.8401,2.4533,-0.4302,3.6411,-3.5857,0
1.6501,2.838,-0.42892,-7.2818,-0.7666,0
0.51046,2.7611,-0.43407,-1.5928,-0.30633,0
-0.24933,2.6328,-0.42377,8.1923,-0.91043,0
0.51046,2.0685,-0.36585,0.45525,-2.1186,0
0.7004,1.376,-0.27833,-7.9645,-4.3625,0
-0.43928,1.1195,-0.18952,1.3655,-3.6864,0
0.035589,0.96561,-0.10457,7.5096,-3.1399,0
0.41548,0.70911,-0.019623,-3.4133,0.067639,0
0.22554,0.37567,0.091067,-6.5991,2.5416,0
0.13056,0.52957,0.12968,5.234,4.2101,0
0.13056,0.52957,0.12453,5.6891,5.1306,0
-1.1041,-0.0090658,0.15928,-5.2337,3.4334,0
-1.1041,-0.67595,0.18374,-4.3235,2.6567,0
-0.81917,-0.95809,0.19275,7.0545,0.24024,0
0.41548,-0.95809,0.20047,2.9584,-0.26318,0
0.51046,-0.72725,0.20433,-7.7369,-0.4214,0
-0.15436,-0.31686,0.1876,-2.0479,-0.594,0
0.035589,-0.21426,0.17473,7.0545,0.35531,0
0.22554,-0.11166,0.11938,0.2277,-0.79537,0
-1.1991,0.067882,0.044732,-8.4196,-0.69468,0
-1.389,0.45262,0.00097052,1.1379,-1.9892,0
-0.91415,0.58087,-0.0518,7.0545,-2.3919,0
0.41548,0.60652,-0.14447,-3.8684,-1.8454,0
2.315,0.52957,-0.16378,-8.192,-1.7734,0
2.125,0.40132,-0.10714,3.6411,0.32654,0
1.3652,0.73476,-0.038929,5.6891,0.84434,0
0.41548,0.50392,0.0035447,-7.7369,2.7142,0
0.13056,0.58087,0.079483,-6.3715,3.3327,0
0.60543,1.0939,0.16829,7.0545,3.4477,0
0.32051,1.376,0.20948,3.4135,4.2676,0
-0.81917,0.91431,0.23265,-7.7369,3.4621,0
-1.294,0.63217,0.28928,-2.7306,4.6128,0
-0.62923,0.63217,0.3266,7.7372,4.5265,0
-0.15436,0.58087,0.35363,0.2277,5.1881,0
0.98533,0.32437,0.38967,-8.4196,5.5765,0
1.3652,0.58087,0.43987,0.91037,4.397,0
0.98533,0.58087,0.49006,7.7372,4.4977,0
1.4602,0.042233,0.5364,-1.5928,2.6567,0
1.7451,-0.599,0.58016,-7.7369,2.6854,0
1.5552,-0.95809,0.56858,3.8687,2.0525,0
0.60543,-0.67595,0.4862,6.5994,1.7936,0
-0.34431,-0.18861,0.4064,-3.8684,2.5991,0
-0.15436,-0.36816,0.38838,-5.2337,1.9519,0
0.51046,-1.0863,0.4463,5.9167,3.1025,0
0.7004,-1.4198,0.46046,4.5513,2.5991,0
-0.24933,-1.4198,0.43858,-6.8267,3.1601,0
-1.1991,-1.4711,0.42828,-2.7306,3.4477,0
-0.34431,-1.6763,0.43343,8.6474,3.2464,0
0.7004,-1.7789,0.39997,1.8206,4.5409,0
0.89035,-1.5737,0.35363,-7.7369,4.2388,0
-0.53425,-1.4711,0.29057,0.68281,5.5333,0
-1.8639,-1.4198,0.21205,7.5096,5.6484,0
-1.0091,-1.0607,0.15542,-3.1857,5.7635,0
0.98533,-0.47075,0.094928,-7.2818,6.2094,0
1.9351,0.27308,0.042157,5.4616,5.3463,0
0.51046,0.63217,-0.0518,5.234,6.1231,0
-0.24933,1.1452,-0.17665,-7.5093,5.1018,0
0.41548,1.7094,-0.24358,-4.7786,5.6484,0
-0.43928,1.5812,-0.20368,6.8269,5.447,0
-0.53425,1.4529,-0.102,2.0482,4.9724,0
0.98533,1.1965,-0.027345,-8.4196,5.3607,0
0.98533,1.6068,0.055028,-2.0479,4.1813,0
-0.24933,2.3507,0.14255,7.9647,4.771,0
-0.7242,2.2481,0.21849,-0.45498,4.0087,0
-1.294,1.5042,0.22235,-9.1023,4.2244,0
-1.294,1.4016,0.17473,0.91037,4.397,0
-0.81917,1.6325,0.10522,7.0545,3.7066,0
-0.62923,1.5555,0.07176,-4.0959,4.5409,0
-1.1991,1.1708,0.093641,-7.2818,3.5484,0
-0.81917,1.3247,0.14126,4.3238,4.1669,0
1.4602,1.1452,0.20304,4.7789,3.8361,0
2.5999,1.0939,0.22364,-6.3715,3.4334,0
2.8848,1.3247,0.17215,-4.3235,3.8936,0
3.2647,1.0426,0.12196,6.5994,2.8293,0
2.5049,0.58087,0.12711,3.186,3.4909,0
1.3652,0.81171,0.17215,-7.2818,2.5416,0
0.32051,0.91431,0.20047,-1.1377,2.671,0
1.1753,0.91431,0.1876,7.5096,2.6567,0
1.3652,2.0172,0.15285,0.00013542,1.7361,0
1.0803,3.1458,0.12196,-8.192,2.1676,0
0.22554,3.9922,0.061464,1.8206,0.85873,0
0.035589,4.2231,0.026712,6.8269,1.2327,0
0.035589,4.0948,0.016416,-4.0959,0.48476,0
-0.34431,3.5562,0.035722,-7.2818,0.22586,0
-0.059385,2.6841,0.05889,5.234,0.38407,0
1.2702,2.1455,0.030574,6.1442,-0.6803,0
1.4602,2.1198,0.017703,-5.9164,-0.11935,0
1.2702,2.4789,0.025425,-4.3235,-0.99673,0
-0.53425,2.5815,0.043444,7.0545,-0.40701,0
-1.1041,2.0685,0.060177,2.9584,-0.27756,0
-0.81917,1.6838,0.042157,-7.5093,-0.53646,0
-0.7242,1.9403,0.0086931,-2.0479,0.18271,0
-0.62923,1.9916,0.0086931,8.6474,-0.78098,0
-0.62923,1.889,0.024138,1.1379,0.13956,0
0.51046,2.1455,0.048593,-7.9645,-0.32071,0
0.79538,2.6328,0.13869,0.91037,-0.018661,0
-0.059385,1.9659,0.26611,6.5994,0.38407,0
-0.62923,1.2221,0.29443,-3.4133,-0.27756,0
-0.53425,0.83736,0.24809,-7.2818,0.51352,0
-0.7242,0.93996,0.10522,4.7789,-0.4214,0
-0.059385,1.2734,0.0022576,5.4616,0.31216,0
-0.15436,0.76041,-0.0016037,-6.5991,0.082022,0
-0.53425,-0.086014,0.046019,-5.9164,-0.033045,0
-1.1041,-0.5477,0.064038,7.282,0.75804,0
-1.484,-0.88114,0.060177,0.68281,-0.047428,0
-0.24933,-0.95809,0.084631,-9.3298,0.87311,0
0.60543,-1.3172,0.13483,-0.9101,0.34092,0
0.7004,-1.4198,0.2069,7.9647,0.71489,0
0.89035,-2.0097,0.26868,-1.3652,1.0889,0
1.2702,-2.4457,0.2867,-8.4196,0.64298,0
1.0803,-2.3688,0.32403,2.7309,1.3909,0
-0.24933,-2.061,0.36393,6.3718,0.57106,0
-0.059385,-2.4201,0.39739,-5.0062,1.3909,0
1.1753,-2.574,0.3665,-7.5093,1.1176,0
1.0803,-2.3944,0.34334,5.0064,1.0889,0
0.32051,-2.2919,0.28928,4.7789,1.5779,0
0.60543,-2.1893,0.24423,-7.2818,0.80119,0
1.2702,-1.5224,0.24552,-3.1857,1.693,0
2.125,-0.41945,0.22492,7.282,0.65736,0
1.0803,0.37567,0.17473,1.1379,1.0745,0
-0.059385,0.93996,0.10008,-7.2818,0.72928,0
-1.1041,1.2734,-0.018336,0.2277,0.26901,0
-0.62923,1.376,-0.099422,7.7372,0.65736,0
0.32051,1.1965,-0.023484,-2.503,-0.39263,0
-0.34431,1.299,0.083344,-7.9645,0.096406,0
-1.579,1.6581,0.13869,4.3238,-0.88167,0
-1.484,1.7864,0.15027,6.1442,-0.75222,0
-0.43928,1.8377,0.10651,-5.0062,-1.0399,0
0.60543,1.5555,-0.0080391,-4.5511,-1.7591,0
1.8401,1.1452,-0.078829,7.0545,-1.3851,0
2.7898,0.47827,-0.078829,3.186,-2.5645,0
1.4602,-0.36816,-0.046652,-7.2818,-1.9317,0
0.7004,-1.035,-0.019623,-2.7306,-2.7947,0
1.8401,-0.88114,0.013841,7.282,-2.8234,0
1.6501,-0.41945,0.022851,-0.22742,-2.6221,0
1.0803,-0.4451,-0.010613,-8.4196,-3.2549,0
0.60543,-0.29121,-0.064671,0.45525,-2.3632,0
-0.43928,0.067882,-0.102,6.3718,-3.1974,0
-0.15436,0.19613,-0.1316,-3.1857,-2.5645,0
0.7004,-0.11166,-0.10843,-8.192,-2.7371,0
0.13056,-0.6503,-0.056948,3.6411,-2.9673,0
-0.43928,-0.88114,-0.032494,5.9167,-2.1906,0
-1.0091,-0.4964,0.0086931,-6.3715,-2.9816,0
-1.0091,-0.5477,0.069186,-5.9164,-2.0611,0
-0.34431,-1.4198,0.12453,5.9167,-2.5358,0
1.1753,-2.061,0.12582,4.7789,-2.2193,0
1.9351,-2.2149,0.064038,-7.5093,-1.7303,0
1.8401,-1.9841,-0.023484,-5.4613,-2.0899,0
-0.15436,-2.3944,-0.028633,7.0545,-0.78098,0
-0.059385,-2.7792,0.0035447,1.8206,-1.457,0
0.60543,-1.6506,-0.0080391,-8.192,-0.6803,0
0.13056,-0.52205,-0.072394,-1.1377,-0.92482,0
1.7451,0.29873,-0.12903,6.3718,-1.2988,0
2.03,0.78606,-0.16378,-1.5928,-0.63715,0
1.2702,0.65782,-0.16893,-7.7369,-1.6008,0
0.79538,0.093531,-0.15863,2.9584,-0.83852,0
0.60543,-0.034715,-0.1316,6.5994,-1.6584,0
0.035589,-0.599,-0.11615,-5.0062,-1.6584,0
-1.0091,-0.72725,-0.096848,-7.5093,-1.5433,0
-1.294,-0.90679,-0.036355,5.9167,-2.2337,0
-0.34431,-1.3428,0.024138,5.234,-1.4139,0
0.60543,-1.9328,0.070473,-7.2818,-2.3056,0
1.2702,-2.2149,0.10909,-4.0959,-1.5433,0
1.9351,-2.2919,0.17473,7.0545,-1.831,0
1.7451,-2.574,0.31888,2.0482,-1.9317,0
0.41548,-2.5483,0.4965,-7.7369,-1.3707,0
0.41548,-1.6763,0.56343,-0.45498,-2.1043,0
0.60543,-0.4964,0.50165,7.7372,-1.0399,0
0.41548,-0.21426,0.39482,-1.1377,-1.6296,0
-1.1041,-1.112,0.32403,-7.7369,-1.0974,0
-1.389,-2.6766,0.29314,3.6411,-1.083,0
-0.34431,-2.9844,0.26096,5.9167,-1.5865,0
0.7004,-1.9071,0.19275,-4.5511,-0.70906,0
-0.24933,-0.72725,0.13869,-5.4613,-1.5289,0
-1.8639,-0.62465,0.10394,5.4616,-0.36386,0
-1.294,-1.8558,0.098789,3.8687,-0.56523,0
-0.81917,-1.8815,0.087205,-7.0542,-0.13373,0
-0.53425,-1.0094,0.047306,-3.4133,0.67174,0
-0.81917,-0.13731,-0.046652,8.1923,0.32654,0
0.035589,0.37567,-0.13417,1.8206,1.5923,0
0.13056,0.22178,-0.15863,-7.9645,1.0313,0
0.035589,-0.29121,-0.076255,-0.22742,1.8799,0
1.3652,-0.0090658,0.025425,7.7372,1.7649,0
0.7004,0.35002,0.091067,-2.0479,1.3334,0
0.22554,-0.29121,0.12453,-8.192,1.9662,0
0.60543,-1.112,0.13354,3.6411,0.94503,0
0.89035,-1.5737,0.13998,5.9167,1.7936,0
0.60543,-1.2146,0.17087,-6.8267,1.2758,0
0.7004,-0.4964,0.1773,-5.9164,1.319,0
0.32051,-0.034715,0.1477,6.8269,1.5204,0
-0.43928,-0.060364,0.12067,2.7309,0.72928,0
-0.15436,-0.11166,0.082057,-7.9645,1.506,0
0.51046,0.32437,0.007406,-1.1377,0.45599,0
1.2702,1.0939,-0.044078,7.282,1.0026,0
2.22,1.6068,-0.024771,-0.9101,0.61421,0
1.2702,1.0682,0.020277,-8.192,0.31216,0
-0.7242,0.86301,0.027999,2.0482,0.94503,0
-1.6739,0.52957,0.0022576,7.0545,0.19709,0
-0.91415,0.58087,-0.027345,-3.6408,1.2471,0
0.51046,0.55522,-0.096848,-6.8267,0.61421,0
0.7004,0.22178,-0.15091,4.7789,0.93064,0
1.3652,-0.29121,-0.19853,5.6891,1.0601,0
0.32051,-0.67595,-0.22427,-7.0542,0.21147,0
-0.91415,-0.13731,-0.19982,-4.3235,0.75804,0
-1.0091,0.42697,-0.13031,8.1923,-0.49331,0
-0.81917,0.86301,-0.063384,2.9584,-0.004278,0
-1.0091,0.70911,-0.055661,-7.7369,-0.47893,0
-0.81917,0.37567,-0.10714,-0.68254,-0.6803,0
-0.81917,0.70911,-0.16893,8.1923,-0.061812,0
-0.7242,0.35002,-0.21912,-0.45498,-0.7666,0
0.035589,-0.29121,-0.26288,-7.5093,0.24024,0
0.60543,-0.21426,-0.3015,3.6411,-0.39263,0
0.79538,0.067882,-0.28862,6.5994,0.010105,0
0.89035,0.47827,-0.241,-4.7786,-0.11935,0
0.98533,1.0939,-0.18308,-6.3715,-0.72345,0
0.035589,0.83736,-0.14833,6.1442,-0.10496,0
-0.43928,0.40132,-0.14704,5.6891,-0.99673,0
-0.24933,0.17048,-0.095561,-6.3715,-0.13373,0
0.035589,0.19613,-0.019623,-5.0062,-0.7666,0
-0.53425,-0.034715,0.08077,7.282,-0.65153,0
-0.53425,-0.21426,0.12582,2.5033,-0.46455,0
0.41548,-0.47075,0.13869,-8.4196,-1.1118,0
2.03,-0.88114,0.158,-1.5928,-0.32071,0
2.8848,-1.3172,0.13097,7.7372,-1.2269,0
1.4602,-1.9071,0.07176,-0.45498,-0.57961,0
-0.24933,-1.3172,-0.022197,-8.192,-0.79537,0
-0.62923,-0.26556,-0.074968,2.2757,-0.99673,0
-0.91415,0.067882,-0.11487,6.5994,-0.3351,0
-0.62923,0.016583,-0.22427,-5.0062,-1.2125,0
-1.389,0.27308,-0.34397,-7.0542,-0.36386,0
-0.7242,0.093531,-0.39674,4.0962,-1.2125,0
0.22554,0.17048,-0.30407,4.5513,-1.0111,0
0.79538,0.68346,-0.23714,-6.8267,-0.92482,0
0.32051,0.58087,-0.17793,-4.7786,-1.5002,0
0.32051,0.19613,-0.10972,7.0545,-0.62276,0
0.51046,-0.16296,-0.0016037,2.2757,-1.5289,0
0.13056,0.067882,0.092354,-7.7369,-0.7666,0
0.035589,0.11918,0.13483,-0.22742,-1.1262,0
-0.53425,-0.11166,0.13097,7.5096,-1.2413,0
-1.1991,-0.6503,0.16186,0.00013542,-0.83852,0
-0.81917,-0.80419,0.23136,-7.5093,-1.7878,0
0.41548,-1.8302,0.31245,3.186,-0.92482,0
0.79538,-3.1126,0.30215,6.5994,-1.8022,0
-0.91415,-2.6766,0.20433,-4.5511,-1.2988,0
-0.7242,-1.5737,0.084631,-6.144,-1.3132,0
0.22554,-1.3172,-0.026058,6.3718,-1.6296,0
0.60543,-0.599,-0.12774,4.0962,-0.91043,0
0.98533,-0.34251,-0.18952,-6.5991,-1.8166,0
0.32051,-0.52205,-0.2011,-3.4133,-1.1981,0
0.13056,-0.77854,-0.23071,7.0545,-1.9317,0
1.2702,-0.16296,-0.28991,0.91037,-2.0036,0
1.9351,0.63217,-0.3504,-7.7369,-1.6728,0
0.98533,1.0169,-0.37357,-0.68254,-2.4638,0
0.60543,1.0426,-0.31823,7.7372,-1.5865,0
0.60543,1.0939,-0.30021,-1.3652,-2.5358,0
0.035589,1.5812,-0.40704,-8.192,-2.1186,0
-0.15436,1.8633,-0.54347,2.9584,-2.2912,0
0.32051,2.4533,-0.62198,7.282,-2.694,0
0.79538,3.1971,-0.64257,-4.7786,-2.133,0
-0.15436,3.6844,-0.58852,-6.5991,-3.0967,0
-0.15436,3.274,-0.43921,5.6891,-2.4351,0
-0.059385,2.6585,-0.31179,3.6411,-3.0248,0
0.22554,2.2994,-0.23972,-7.7369,-2.8234,0
0.035589,1.6838,-0.17021,-4.3235,-2.3632,0
-0.34431,1.1452,-0.0518,6.3718,-2.7515,0
-1.7689,0.067882,0.025425,0.68281,-1.6152,0
-1.579,-1.7019,0.007406,-7.2818,-2.4495,0
-0.53425,-1.9841,-0.045365,0.00013542,-1.7303,0
-1.0091,-1.5993,-0.062097,7.282,-2.2049,0
-1.0091,-1.2402,-0.041503,-2.0479,-2.4063,0
0.98533,-1.5737,0.0086931,-7.7369,-2.018,0
0.89035,-1.4711,0.088493,2.9584,-2.9816,0
0.32051,-1.6763,0.21978,5.4616,-1.8597,0
0.7004,-1.2915,0.25195,-5.6889,-2.4495,0
0.7004,-0.7016,0.1979,-6.144,-1.7303,0
0.41548,-0.11166,0.17859,5.9167,-1.5865,0
-0.91415,0.14483,0.16829,3.8687,-1.831,0
-0.7242,0.14483,0.10136,-7.5093,-0.8529,0
0.51046,-0.086014,0.024138,-3.8684,-1.5721,0
0.89035,-0.47075,0.051167,7.282,-0.594,0
0.79538,-0.57335,0.12839,1.1379,-1.1118,0
0.79538,-0.62465,0.14384,-8.8747,-0.78098,0
0.98533,-0.599,0.08978,0.2277,-0.076195,0
0.79538,-0.90679,0.083344,8.1923,-0.46455,0
0.89035,-1.2659,0.16958,-1.3652,0.81558,0
0.79538,-1.3428,0.2275,-7.2818,0.067639,0
0.98533,-0.52205,0.21463,3.186,0.77243,0
0.13056,0.65782,0.19017,7.0545,0.59983,0
-0.34431,2.325,0.066612,-4.5511,0.64298,0
0.035589,3.2484,-0.092987,-6.8267,1.5347,0
0.51046,3.4279,-0.19853,5.6891,0.93064,0
0.13056,2.325,-0.24486,5.234,1.8656,0
-0.34431,0.63217,-0.27704,-6.5991,0.94503,0
-0.059385,0.47827,-0.24486,-3.8684,1.0889,0
0.13056,1.1965,-0.25773,7.282,0.82996,0
0.13056,2.2224,-0.43535,2.5033,0.19709,0
-0.15436,2.7867,-0.64386,-7.7369,0.78681,0
-0.43928,2.2224,-0.69921,-1.3652,-0.11935,0
-0.81917,1.9146,-0.61426,7.0545,0.59983,0
-0.15436,1.8377,-0.49198,-0.9101,0.053256,0
0.60543,1.7607,-0.31694,-7.2818,0.24024,0
0.89035,0.93996,-0.065958,2.5033,0.61421,0
0.79538,-0.41945,0.11681,6.1442,-0.018661,0
0.89035,-1.7276,0.094928,-4.3235,0.84434,0
0.13056,-2.2149,-0.068532,-6.8267,0.010105,0
-1.0091,-2.2919,-0.10843,5.234,0.67174,0
-1.294,-2.5996,0.043444,3.4135,0.45599,0
-1.1041,-2.8305,0.1979,-7.2818,0.29777,0
-0.059385,-2.8561,0.32918,-3.6408,0.90188,0
0.7004,-3.5487,0.46046,7.9647,0.18271,0
0.7004,-4.1129,0.6059,1.1379,1.319,0
0.22554,-3.6513,0.73847,-7.9645,0.62859,0
-0.34431,-2.7792,0.82857,-0.22742,1.1464,0
0.035589,-3.4461,0.89421,7.0545,1.2471,0
0.60543,-4.549,0.94312,-2.7306,0.82996,0
-0.34431,-4.6003,0.96629,-7.9645,1.8512,0
-1.7689,-3.1639,0.90193,3.6411,1.2471,0
-0.91415,-2.6766,0.74362,6.3718,2.3546,0
0.41548,-3.1383,0.56986,-5.2337,2.3546,0
0.51046,-3.1383,0.47848,-5.9164,2.369,0
0.32051,-3.0357,0.43472,6.5994,3.0306,0
-0.059385,-2.2662,0.40769,3.8687,2.3978,0
0.51046,-1.112,0.34977,-7.2818,3.5197,0
1.4602,-0.72725,0.297,-3.4133,2.6854,0
1.5552,-1.4454,0.25581,7.5096,2.9587,0
0.79538,-2.3431,0.24166,2.5033,2.6567,0
0.89035,-3.1639,0.22364,-6.5991,1.9087,0
0.32051,-3.2409,0.21591,0.00013542,2.5272,0
-0.43928,-4.1899,0.22106,7.5096,1.3765,0
-0.7242,-4.7798,0.24166,-1.5928,2.0669,0
-0.53425,-3.4461,0.21205,-7.5093,1.3765,0
-0.53425,-2.3431,0.17087,4.5513,1.319,0
0.035589,-2.4714,0.1181,6.5994,1.4628,0
0.60543,-3.4974,0.084631,-5.9164,0.28339,0
0.41548,-4.5233,0.10008,-6.144,0.71489,0
0.22554,-3.7539,0.10136,6.8269,-0.46455,0
-0.059385,-1.0607,0.034435,3.8687,0.13956,0
-0.34431,1.1452,-0.031207,-7.5093,-0.061812,0
-0.059385,2.7354,-0.12388,-2.7306,-0.23441,0
1.2702,2.915,-0.2809,7.7372,0.45599,0
1.7451,2.7354,-0.35298,0.68281,-0.26318,0
0.60543,2.6585,-0.32466,-7.5093,0.64298,0
-0.24933,2.3763,-0.26546,0.68281,-0.10496,0
-1.1991,2.0172,-0.23457,7.7372,0.11079,0
-1.7689,2.1711,-0.23328,-2.0479,0.25462,0
-0.43928,2.4533,-0.23071,-8.192,-0.2488,0
0.32051,2.6841,-0.20754,2.9584,0.77243,0
0.41548,2.8637,-0.16764,5.0064,0.038872,0
0.89035,2.402,-0.087839,-5.2337,1.1032,0
0.89035,1.4273,0.10651,-6.144,0.70051,0
0.79538,0.58087,0.32789,5.9167,0.61421,0
0.22554,0.55522,0.41799,3.4135,0.88749,0
-0.43928,1.0682,0.33819,-7.9645,-0.10496,0
0.035589,0.99126,0.24423,-2.7306,0.68613,0
0.41548,-0.77854,0.23007,7.7372,-0.26318,0
1.4602,-3.4461,0.24809,0.45525,0.082022,0
0.79538,-4.7285,0.23908,-8.192,-0.004278,0
-0.7242,-4.6003,0.20948,0.2277,-0.37825,0
-1.1991,-3.4974,0.14384,7.282,0.39846,0
-0.7242,-2.0354,0.065325,-2.503,-0.39263,0
-0.24933,-1.2659,0.035722,-6.8267,0.49914,0
1.2702,-0.4964,0.084631,3.4135,0.15394,0
2.22,0.042233,0.18116,6.1442,0.25462,0
1.6501,0.24743,0.1979,-5.4613,0.97379,0
1.6501,1.0682,0.16314,-5.0062,0.31216,0
1.5552,1.3247,0.18889,6.5994,1.5347,0
0.89035,1.4786,0.26354,4.0962,0.94503,0
0.98533,1.7351,0.24938,-7.2818,1.7505,0
0.79538,2.1455,0.14512,-2.0479,1.6786,0
-0.24933,3.0945,0.0086931,8.6474,1.3046,0
-1.579,3.9153,-0.10714,1.1379,2.0669,0
-1.484,3.6844,-0.20754,-8.192,1.2902,0
-0.91415,3.0945,-0.32981,0.68281,2.1388,0
-0.24933,3.351,-0.44694,7.282,1.2471,0
-0.059385,4.1718,-0.4907,-2.0479,1.1752,0
0.32051,4.6335,-0.46367,-7.5093,1.2471,0
-0.62923,4.3513,-0.40832,3.4135,0.52791,0
-1.0091,3.5562,-0.34912,5.4616,1.3046,0
0.51046,3.4023,-0.31179,-5.6889,0.29777,0
1.8401,3.0945,-0.27447,-5.4613,0.75804,0
2.03,2.5815,-0.26674,6.3718,0.42722,0
1.2702,2.5559,-0.27575,2.9584,0.19709,0
-0.62923,1.9916,-0.19209,-7.7369,0.90188,0
-1.1991,1.0169,-0.0518,-2.7306,0.29777,0
-0.24933,0.14483,-0.0016037,7.282,1.3478,0
0.13056,-0.23991,-0.0093262,-0.22742,0.67174,0
-0.34431,-0.80419,0.033148,-8.6471,1.0745,0
-0.62923,-1.1889,0.12453,1.1379,1.1464,0
-0.43928,-1.035,0.167,6.8269,0.49914,0
-1.1991,-0.18861,0.18245,-3.1857,1.1895,0
-0.81917,0.93996,0.13483,-7.7369,0.010105,0
0.51046,1.6581,0.043444,4.0962,0.52791,0
0.22554,2.1711,-0.0119,5.9167,0.024489,0
0.32051,2.7354,-0.010613,-6.8267,-0.076195,0
0.32051,2.6585,-0.10972,-5.4613,0.54229,0
0.7004,1.5812,-0.26031,6.1442,-0.20565,0
-0.24933,0.86301,-0.35555,3.6411,0.77243,0
-0.24933,0.68346,-0.33496,-7.0542,0.24024,0
0.32051,0.86301,-0.22684,-2.0479,1.2183,0
0.035589,1.0682,-0.1213,8.4198,1.808,0
0.035589,1.4273,-0.053087,0.45525,1.9519,0
0.79538,2.5815,-0.0016037,-7.9645,3.1457,0
0.13056,3.8127,-0.035068,0.45525,2.4553,0
0.13056,4.2744,-0.13546,7.0545,3.419,0
0.7004,4.7104,-0.20625,-2.503,2.6854,0
0.98533,4.9156,-0.23328,-6.5991,2.6423,0
0.79538,4.2231,-0.26031,5.4616,2.6854,0
0.89035,2.4789,-0.22041,5.6891,1.5779,0
0.32051,0.042233,-0.036355,-7.2818,2.0669,0
-0.43928,-1.9071,0.16186,-5.2337,1.0601,0
0.13056,-1.9841,0.27641,6.8269,1.7217,0
0.51046,-1.5993,0.33047,4.5513,1.7793,0
0.035589,-1.5224,0.38581,-7.2818,1.6354,0
-1.1991,-1.9328,0.44888,-3.1857,2.369,0
-1.1991,-2.2406,0.45917,7.282,1.5347,0
0.22554,-2.5996,0.4167,1.1379,2.5272,0
1.2702,-2.9074,0.33304,-7.7369,1.7936,0
0.89035,-3.3691,0.31759,0.00013542,2.0094,0
0.22554,-4.4977,0.427,7.282,1.9231,0
-0.059385,-4.7798,0.56343,-3.1857,1.319,0
0.7004,-5.062,0.63551,-7.2818,2.1101,0
0.7004,-4.7798,0.56858,3.8687,1.3334,0
0.7004,-3.8308,0.45531,6.1442,2.3834,0
0.7004,-2.7279,0.32918,-5.6889,2.0238,0
0.22554,-2.0354,0.23136,-6.5991,2.1388,0
-0.34431,-1.8302,0.22492,5.234,2.6279,0
-1.294,-1.2915,0.2275,3.4135,1.9519,0
-1.294,-0.5477,0.18889,-6.8267,2.9875,0
-0.81917,-0.4964,0.20047,-4.0959,2.2539,0
0.035589,-0.26556,0.32532,7.0545,2.7717,0
0.035589,-0.47075,0.49907,1.3655,2.5128,0
-0.24933,-0.29121,0.58016,-9.1023,2.0238,0
0.51046,0.29873,0.56986,-0.22742,2.6423,0
1.2702,-0.034715,0.47333,7.282,1.6354,0
0.32051,-0.85549,0.36007,-1.8203,2.4553,0
0.13056,-0.4451,0.33433,-7.7369,1.7505,0
0.60543,0.86301,0.39997,4.0962,1.9806,0
0.32051,1.9146,0.44759,5.6891,2.3978,0
0.13056,2.2737,0.36393,-6.144,2.2539,0
1.1753,3.1971,0.19532,-4.7786,3.7354,0
1.2702,4.5565,0.044732,6.8269,3.419,0
-0.15436,5.326,-0.13804,2.2757,4.6416,0
-0.91415,5.1977,-0.30278,-7.9645,4.6128,0
-0.53425,4.3,-0.38387,-1.8203,3.3758,0
1.2702,2.915,-0.43278,8.4198,2.5704,0
2.22,2.3507,-0.51129,-0.22742,1.2902,0
1.6501,2.7354,-0.58852,-8.192,3.6491,0
1.6501,2.7098,-0.58079,2.7309,5.5621,0
1.0803,2.4276,-0.5306,7.5096,8.5395,0
-0.53425,2.325,-0.44951,-4.3235,10.87,0
0.035589,2.5559,-0.28862,-6.8267,11.574,0
1.5552,2.5815,-0.0028907,5.9167,12.97,0
0.51046,2.1198,0.29314,4.7789,12.107,0
-0.7242,1.376,0.45917,-6.3715,12.682,0
-0.43928,0.63217,0.52996,-3.4133,12.107,0
0.41548,1.1195,0.51967,7.0545,11.776,0
0.79538,1.5812,0.51066,1.5931,11.92,0
0.89035,1.2734,0.51581,-7.5093,10.481,0
0.60543,0.47827,0.46561,-0.9101,10.726,0
0.79538,-0.52205,0.36779,7.282,9.086,0
0.89035,-1.1889,0.26997,-2.0479,8.8415,0
0.98533,-1.3428,0.13225,-8.8747,7.7771,0
0.22554,-1.1376,-0.022197,2.5033,6.4683,0
0.13056,-1.035,-0.11358,6.3718,6.1087,0
0.7004,-0.599,-0.11101,-5.4613,4.6272,0
1.3652,0.76041,-0.10714,-6.5991,5.145,0
1.6501,1.5812,-0.074968,5.6891,4.0087,0
2.6949,1.5555,-0.12259,3.4135,3.8073,0
2.315,1.7607,-0.24615,-8.192,3.4621,0
0.7004,2.0942,-0.29506,-3.1857,2.4841,0
-0.34431,2.2224,-0.23457,7.282,3.0594,0
-1.0091,2.0429,-0.15734,1.3655,1.9087,0
-2.7186,2.2224,-0.15091,-8.192,2.3834,0
-2.1488,2.6585,-0.1715,0.2277,1.6498,0
-1.1991,2.4789,-0.11615,6.5994,1.0457,0
-0.91415,1.8633,0.007406,-2.7306,1.0026,0
0.035589,2.2224,0.12711,-7.7369,-0.20565,0
0.7004,1.9916,0.18116,5.0064,0.47037,0
0.22554,0.73476,0.19275,4.7789,-0.30633,0
0.7004,-0.16296,0.19403,-6.144,0.010105,0
1.1753,-0.086014,0.16829,-5.0062,-0.39263,0
0.22554,-0.4964,0.11938,6.8269,-1.5865,0
0.035589,-1.6763,0.074335,3.186,-1.4714,0
0.41548,-2.1893,0.076909,-6.5991,-2.7084,0
0.98533,-2.8048,0.17215,-1.1377,-1.8454,0
0.79538,-3.0357,0.26611,7.0545,-1.9892,0
1.4602,-3.0613,0.28284,-0.9101,-1.4714,0
1.5552,-2.8561,0.23779,-7.5093,-0.95358,0
1.1753,-2.7535,0.16443,2.2757,-1.9892,0
0.41548,-2.9331,0.085918,6.3718,-1.831,0
-0.24933,-3.0613,0.034435,-4.3235,-3.3125,0
-0.7242,-2.5483,0.0086931,-6.5991,-2.7803,0
-0.91415,-2.3944,-0.0054649,5.6891,-2.5933,0
-0.059385,-2.1636,-0.035068,4.5513,-2.3919,0
0.60543,-1.7019,-0.049226,-5.9164,-1.3707,0
0.13056,-1.4711,-0.065958,-4.0959,-1.8885,0
0.32051,-1.9584,-0.065958,7.282,-0.72345,0
0.035589,-2.5996,-0.047939,2.0482,-1.457,0
0.035589,-1.8302,-0.062097,-7.5093,-1.1837,0
0.035589,-0.75289,-0.078829,-1.3652,-1.0111,0
-0.62923,-0.18861,-0.067245,7.5096,-1.2269,0
-1.1991,0.016583,-0.062097,-1.1377,0.13956,0
-0.91415,0.14483,-0.11229,-7.9645,-0.14811,0
0.51046,-0.086014,-0.20625,1.3655,1.0889,0
-0.24933,-0.21426,-0.27318,6.1442,0.64298,0
-1.484,-0.72725,-0.3208,-6.144,0.31216,0
-1.579,-1.1633,-0.32595,-7.5093,0.067639,0
-0.91415,-1.1376,-0.30278,5.9167,-1.2556,0
-1.7689,-0.77854,-0.28476,3.186,-0.75222,0
-3.0036,-0.95809,-0.25259,-7.5093,-1.8741,0
-2.4337,-1.1633,-0.24744,-3.4133,-1.3419,0
-0.62923,-1.3685,-0.26031,7.7372,-1.6296,0
-0.15436,-1.3685,-0.23328,0.68281,-2.1762,0
-0.34431,-1.1376,-0.2011,-8.4196,-1.8597,0
0.13056,-0.52205,-0.22427,-0.45498,-3.0967,0
1.0803,-0.29121,-0.26932,7.5096,-2.6077,0
0.98533,-0.36816,-0.26288,-2.2755,-3.1399,0
-0.24933,0.11918,-0.21011,-8.6471,-2.7947,0
-0.7242,0.19613,-0.1818,2.5033,-2.2912,0
-0.059385,-0.5477,-0.17279,6.3718,-2.6652,0
1.0803,-0.95809,-0.15219,-4.7786,-1.7447,0
2.125,-1.0607,-0.18051,-5.4613,-2.5789,0
1.1753,-0.98374,-0.23843,6.5994,-1.9173,0
0.13056,-0.98374,-0.30664,3.6411,-2.2481,0
0.7004,-0.5477,-0.34783,-7.2818,-2.6364,0
-0.059385,-0.4451,-0.37357,-1.5928,-2.6508,0
-0.62923,-0.0090658,-0.39417,7.0545,-3.9741,0
0.32051,0.58087,-0.40189,0.45525,-3.4275,0
0.035589,0.14483,-0.37229,-8.4196,-4.4919,0
-0.53425,-0.36816,-0.32724,1.8206,-4.046,0
-0.059385,-0.6503,-0.32595,7.5096,-4.1323,0
0.60543,-0.67595,-0.38001,-2.9581,-4.6789,0
0.89035,-0.88114,-0.38001,-7.2818,-3.9453,0
0.89035,-1.2659,-0.30278,4.7789,-4.8946,0
-0.15436,-0.95809,-0.2217,5.6891,-3.9453,0
-0.43928,-0.88114,-0.21912,-6.8267,-4.1611,0
0.41548,-0.4451,-0.28219,-5.9164,-3.7008,0
0.89035,-0.21426,-0.33625,5.9167,-2.8666,0
0.035589,-0.16296,-0.36842,2.7309,-3.1399,0
0.22554,-0.16296,-0.46882,-8.192,-2.1474,0
0.51046,0.14483,-0.55248,-2.0479,-2.8234,0
0.79538,0.68346,-0.57822,7.7372,-2.1906,0
1.8401,0.73476,-0.53317,0.00013542,-2.3488,0
2.5049,1.0682,-0.47268,-9.3298,-2.3919,0
0.60543,1.7607,-0.44436,1.1379,-1.6728,0
-0.62923,2.2224,-0.48812,7.0545,-2.3919,0
0.79538,2.8124,-0.59366,-3.6408,-1.5865,0
2.4099,2.5046,-0.64386,-8.192,-2.4207,0
2.5049,2.2994,-0.6001,3.8687,-2.3488,0
1.8401,1.9403,-0.54347,5.9167,-2.32,0
1.7451,1.4016,-0.55248,-6.5991,-3.0823,0
1.4602,1.6581,-0.55248,-5.4613,-2.6508,0
-0.24933,2.0429,-0.53446,6.8269,-3.8015,0
-1.389,1.3503,-0.51,2.7309,-2.9673,0
-1.1991,0.27308,-0.41733,-7.9645,-3.2262,0
0.41548,-0.4964,-0.24615,-2.503,-3.4419,0
0.7004,-1.4711,-0.14061,7.9647,-3.4707,0
0.79538,-2.0097,-0.15605,0.2277,-4.6214,0
1.4602,-2.1893,-0.18694,-7.5093,-3.4707,0
1.0803,-2.2406,-0.1419,1.8206,-3.4707,0
0.32051,-2.5227,-0.047939,6.5994,-1.8597,0
0.22554,-2.9587,0.057602,-4.3235,-1.3707,0
-0.91415,-3.3178,0.08978,-7.2818,-1.5865,0
-2.2438,-3.1639,0.11295,5.234,-1.1693,0
-2.3388,-2.7535,0.17215,5.4616,-2.3919,0
-1.1041,-1.9071,0.22364,-6.144,-1.7447,0
-0.62923,-1.8558,0.19017,-5.0062,-1.946,0
-0.15436,-2.3175,0.10265,7.0545,-1.2556,0
0.60543,-2.8561,0.05889,2.7309,-0.11935,0
-0.53425,-2.497,-0.0080391,-7.2818,-0.32071,0
-2.5287,-1.7276,-0.085264,-2.0479,0.87311,0
-2.3388,-1.4454,-0.10071,7.282,-0.34948,0
-0.53425,-1.1376,-0.04279,0.2277,-0.79537,0
0.41548,-0.67595,-0.02992,-7.7369,-1.6152,0
0.13056,-0.31686,-0.064671,0.68281,-2.2337,0
-0.43928,-0.0090658,-0.072394,7.5096,-0.91043,0
-0.7242,-0.34251,-0.040216,-2.0479,-1.1118,0
-1.389,-0.75289,0.0022576,-8.192,-0.090578,0
-0.81917,-0.67595,0.037009,3.6411,-0.57961,0
0.7004,-0.060364,0.025425,5.9167,-0.95358,0
1.6501,0.17048,-0.072394,-5.6889,-0.83852,0
0.89035,0.45262,-0.12645,-5.0062,-1.6008,0
0.7004,0.35002,-0.077542,6.5994,-0.47893,0
0.13056,0.22178,0.007406,3.4135,-0.80975,0
0.035589,0.14483,0.083344,-7.5093,0.19709,0
0.51046,-0.11166,0.15027,-2.503,0.31216,0
0.89035,-0.7016,0.24552,7.9647,-0.14811,0
0.7004,-0.6503,0.34848,0.00013542,0.38407,0
0.89035,-0.88114,0.37037,-8.8747,-0.37825,0
0.79538,-0.98374,0.30472,0.00013542,0.70051,0
0.22554,-0.75289,0.17087,6.8269,0.25462,0
0.13056,-0.36816,0.08978,-3.8684,0.35531,0
0.13056,-0.18861,0.10008,-8.192,0.52791,0
-0.059385,-0.11166,0.158,4.5513,-0.19126,0
0.13056,0.042233,0.26997,5.9167,0.81558,0
-0.059385,-0.34251,0.36908,-6.5991,0.15394,0
0.60543,-0.26556,0.38066,-5.9164,0.78681,0
0.41548,-0.29121,0.32146,6.3718,0.51352,0
-0.53425,-0.95809,0.32146,3.8687,-0.033045,0
0.51046,-1.0607,0.36007,-8.192,0.15394,0
0.7004,-0.57335,0.3871,-3.1857,-1.083,0
-0.24933,-1.1376,0.39096,9.3301,-0.40701,0
-0.62923,-2.138,0.39611,0.91037,-1.0255,0
-0.53425,-2.5996,0.39482,-8.192,-0.75222,0
-0.15436,-2.5996,0.34205,2.5033,-0.75222,0
1.8401,-1.5224,0.24294,7.9647,-1.6152,0
0.79538,-0.5477,0.12839,-1.8203,-1.1406,0
-0.15436,-0.29121,0.078196,-7.0542,-2.3775,0
0.41548,-0.88114,0.093641,4.5513,-1.9892,0
0.41548,-2.2919,0.10909,6.1442,-2.6508,0
-1.1041,-2.9587,0.10522,-5.2337,-2.6364,0
-1.8639,-3.01,0.14512,-5.4613,-2.0036,0
-1.389,-2.2406,0.13869,6.5994,-2.6077,0
-0.43928,-1.625,0.1078,4.0962,-1.8022,0
1.0803,-1.2146,0.04988,-7.7369,-2.6508,0
1.6501,-1.0607,-0.033781,-3.1857,-2.2769,0
0.51046,-1.1889,-0.13932,7.282,-2.1474,0
0.22554,-0.52205,-0.17279,1.1379,-2.4495,0
0.51046,1.0682,-0.18051,-8.192,-1.4858,0
0.13056,2.325,-0.22556,0.00013542,-2.133,0
-0.91415,3.5049,-0.33239,7.0545,-1.1406,0
-0.7242,3.9922,-0.45208,-2.7306,-1.6008,0
0.79538,3.7357,-0.50228,-7.9645,-1.5289,0
1.4602,3.0175,-0.46753,4.3238,-1.2844,0
1.6501,2.7611,-0.43921,4.7789,-2.0755,0
2.22,3.2484,-0.44694,-6.8267,-1.2844,0
1.6501,4.5822,-0.47654,-5.2337,-2.0755,0
0.79538,4.7617,-0.45208,6.8269,-1.3995,0
0.79538,4.4283,-0.36714,2.7309,-1.3563,0
1.2702,3.6844,-0.27704,-7.5093,-1.3419,0
1.3652,2.7098,-0.24229,-2.9581,-0.78098,0
1.1753,1.7351,-0.17922,7.5096,-1.7591,0
-0.34431,1.1965,-0.094274,-0.68254,-1.2125,0
-0.34431,0.99126,-0.019623,-8.192,-2.0467,0
1.7451,0.42697,0.033148,2.0482,-1.5289,0
2.125,-0.034715,0.091067,7.0545,-1.1837,0
0.79538,-0.16296,0.12324,-3.6408,-1.3419,0
0.32051,-0.4964,0.13869,-8.192,-0.46455,0
0.41548,-1.0607,0.17344,5.0064,-1.4426,0
0.79538,-0.85549,0.18889,5.4616,-0.92482,0
1.5552,-0.47075,0.16958,-6.5991,-1.7015,0
2.125,-1.0863,0.14899,-5.0062,-1.9317,0
0.89035,-1.8558,0.16958,6.8269,-1.3707,0
0.32051,-1.5993,0.22106,3.186,-1.6728,0
0.51046,-1.0094,0.297,-7.5093,-0.34948,0
0.13056,-0.80419,0.32918,-2.0479,-0.83852,0
0.13056,-0.18861,0.30344,8.1923,-0.033045,0
0.60543,0.067882,0.31888,1.1379,0.067639,0
0.22554,-0.36816,0.4064,-8.192,-0.23441,0
0.22554,-1.1633,0.55571,2.5033,0.42722,0
0.98533,-1.9071,0.67927,7.282,-0.36386,0
1.5552,-2.2149,0.7153,-4.0959,0.65736,0
0.41548,-2.1893,0.64323,-7.7369,0.36969,0
0.41548,-1.7019,0.52739,4.5513,0.82996,0
1.1753,-1.3941,0.46175,5.6891,1.0745,0
0.79538,-1.4198,0.41927,-6.5991,0.21147,0
0.13056,-1.0094,0.28928,-5.0062,0.84434,0
0.035589,-0.21426,0.15413,7.282,-0.17688,0
-0.059385,0.40132,0.091067,1.8206,0.57106,0
0.60543,0.37567,0.062751,-7.7369,0.36969,0
0.79538,0.45262,0.065325,-1.1377,0.29777,0
0.13056,0.68346,0.057602,7.282,0.87311,0
-0.34431,1.4529,0.047306,-0.68254,-0.061812,0
0.13056,2.2994,0.0035447,-8.192,0.70051,0
1.1753,2.2737,-0.096848,1.8206,-0.13373,0
1.7451,1.7864,-0.16764,6.8269,0.16832,0
1.1753,1.7607,-0.18566,-5.4613,0.28339,0
1.9351,1.5812,-0.12388,-7.2818,-0.004278,0
2.125,1.4016,-0.045365,5.234,1.0457,0
0.7004,1.1452,0.024138,4.3238,0.65736,0
-0.15436,1.1195,0.075622,-7.0542,1.9231,0
-0.24933,1.3503,0.13225,-4.5511,1.808,0
-0.43928,1.7094,0.20304,7.5096,2.0669,0
-0.62923,1.8377,0.24166,1.1379,2.5416,0
-0.24933,1.5299,0.23393,-8.8747,1.8368,0
-0.43928,0.99126,0.26482,-0.68254,2.6423,0
-0.059385,0.65782,0.31116,7.0545,1.6354,0
-0.059385,0.65782,0.2867,-1.1377,2.369,0
0.13056,0.91431,0.18889,-7.5093,2.4121,0
0.035589,1.5299,0.11037,3.186,2.369,0
-0.91415,1.7864,0.079483,5.9167,3.1025,0
-1.7689,1.6581,0.057602,-4.5511,2.3258,0
-0.53425,1.7607,0.0035447,-5.2337,3.3327,0
0.89035,1.7864,-0.085264,6.5994,2.7861,0
1.1753,1.889,-0.14447,3.8687,3.2176,0
0.32051,1.889,-0.14318,-6.5991,3.4334,0
0.22554,2.3763,-0.10714,-2.7306,2.9156,0
0.13056,2.3507,-0.04279,7.7372,3.8936,0
0.22554,2.6328,0.00097052,2.0482,3.045,0
-0.059385,2.9663,-0.062097,-8.8747,4.0087,0
-0.059385,3.1201,-0.17407,0.00013542,3.6347,0
0.60543,3.2997,-0.23714,6.3718,3.5053,0
-0.53425,3.1971,-0.23972,-1.3652,3.7929,0
-2.3388,2.838,-0.21011,-7.7369,2.6998,0
-1.6739,2.915,-0.1818,2.5033,3.4046,0
0.79538,2.4276,-0.21397,5.9167,2.4121,0
0.13056,1.5299,-0.27318,-5.2337,3.1025,0
-1.484,1.7351,-0.3311,-5.2337,3.2032,0
-0.91415,2.6585,-0.35169,6.5994,2.8293,0
-1.389,3.6331,-0.32724,3.4135,3.4477,0
-3.0985,4.1974,-0.25259,-7.2818,2.3402,0
-3.0036,4.3257,-0.26932,-3.1857,2.8293,0
-1.1991,4.0179,-0.3607,8.4198,1.9375,0
0.32051,3.6075,-0.47139,0.68281,1.9231,0
0.89035,2.9919,-0.52674,-8.8747,2.1532,0
0.32051,2.7611,-0.50872,0.2277,1.6354,0
-0.53425,2.8637,-0.48555,7.0545,2.6854,0
-1.1991,2.4533,-0.4405,-3.4133,2.1245,0
-1.294,1.4786,-0.39803,-7.7369,2.9156,0
-0.91415,0.50392,-0.32209,3.8687,2.7861,0
-0.7242,-0.34251,-0.16249,5.4616,2.6423,0
-1.1041,-0.80419,0.011267,-6.5991,3.3327,0
-1.8639,-0.98374,0.12711,-4.7786,2.7142,0
-2.3388,-0.98374,0.1773,6.3718,3.6923,0
-0.91415,-0.95809,0.16186,2.2757,2.9299,0
0.98533,-0.72725,0.12067,-8.192,2.9731,0
0.7004,-0.57335,0.098789,-0.22742,2.671,0
-0.24933,-0.34251,0.08077,7.7372,1.7217,0
-0.15436,0.042233,0.078196,-0.9101,2.369,0
0.60543,-0.16296,0.11938,-7.2818,1.2902,0
0.32051,-0.6503,0.20433,2.7309,1.9662,0
-1.0091,-0.6503,0.30472,6.5994,1.4484,0
-0.7242,-0.16296,0.34462,-4.7786,1.132,0
0.41548,-0.36816,0.33561,-6.5991,1.4053,0
0.035589,-1.0607,0.35106,5.6891,0.32654,0
-0.34431,-0.77854,0.3768,5.234,1.0601,0
-0.62923,-0.34251,0.41284,-6.5991,0.11079,0
-0.15436,-0.47075,0.39096,-4.3235,0.45599,0
0.51046,-0.26556,0.28928,7.282,0.49914,0
0.7004,-0.0090658,0.18116,2.5033,0.16832,0
0.89035,0.19613,0.11681,-7.5093,1.0169,0
0.22554,0.47827,0.070473,-0.9101,0.22586,0
0.32051,0.58087,0.051167,6.8269,0.93064,0
0.60543,0.65782,0.10136,-0.45498,0.34092,0
0.60543,0.91431,0.15285,-7.9645,0.13956,0
0.79538,1.2734,0.14641,2.9584,0.22586,0
0.7004,1.6325,0.047306,6.1442,-0.6803,0
0.13056,1.2734,-0.074968,-5.6889,0.25462,0
-1.0091,1.3247,-0.1612,-6.5991,-0.47893,0
-1.294,1.4016,-0.19724,6.3718,0.24024,0
-0.91415,0.96561,-0.26417,3.6411,0.32654,0
-0.53425,1.2221,-0.34526,-8.192,0.18271,0
-0.7242,1.5042,-0.37357,-3.8684,0.87311,0
-0.15436,2.2224,-0.38516,7.282,0.12517,0
1.2702,2.325,-0.42763,1.1379,1.0601,0
2.03,2.0685,-0.48812,-8.6471,0.44161,0
1.6501,2.3763,-0.4804,-0.45498,0.87311,0
0.13056,2.3763,-0.47783,6.5994,1.0313,0
-0.34431,2.5559,-0.51773,-1.8203,0.49914,0
-0.7242,2.9406,-0.53961,-7.5093,1.1895,0
-0.15436,2.9663,-0.50228,3.6411,0.18271,0
1.2702,2.5559,-0.41347,4.5513,0.81558,0
0.98533,2.2994,-0.27318,-5.9164,0.25462,0
-0.24933,2.2737,-0.102,-5.9164,0.11079,0
-0.62923,1.889,0.078196,5.9167,0.54229,0
-0.15436,0.76041,0.2069,2.7309,-0.20565,0
-0.059385,0.042233,0.26225,-7.9645,0.65736,0
-0.43928,-0.21426,0.27641,-2.503,-0.1625,0
-0.43928,-0.26556,0.2571,7.282,0.38407,0
-0.7242,-0.72725,0.26096,0.00013542,0.55667,0
-0.15436,-1.2402,0.297,-8.192,0.25462,0
-0.62923,-1.4454,0.33819,1.5931,1.1608,0
-1.294,-1.9328,0.42056,6.5994,0.31216,0
0.22554,-2.0097,0.49135,-3.1857,1.3046,0
0.51046,-2.4714,0.5068,-6.5991,0.90188,0
-0.24933,-3.4717,0.52353,5.234,1.319,0
-0.62923,-4.1129,0.55313,4.7789,1.6354,0
-0.15436,-4.2925,0.55828,-6.8267,1.1464,0
0.035589,-4.036,0.51323,-4.0959,2.0813,0
-0.53425,-3.8821,0.47848,7.5096,1.1464,0
-0.24933,-2.9844,0.45917,2.0482,1.8512,0
0.035589,-1.6506,0.42185,-7.7369,1.5779,0
-1.579,-1.112,0.38066,-0.22742,1.4053,0
-2.4337,-1.5993,0.35235,6.8269,1.8943,0
-2.2438,-1.9071,0.33819,-1.3652,0.97379,0
-1.7689,-0.98374,0.28928,-7.0542,1.8368,0
-0.34431,0.29873,0.2275,3.186,0.90188,0
0.89035,0.35002,0.21205,6.1442,1.3046,0
1.5552,-0.57335,0.25968,-4.7786,1.0889,0
0.98533,-0.90679,0.2468,-6.5991,0.58544,0
0.7004,-0.47075,0.16186,5.6891,1.2183,0
0.22554,0.76041,0.098789,3.6411,0.34092,0
-1.1041,0.73476,0.057602,-7.0542,1.2758,0
-1.1041,0.45262,0.0086931,-4.0959,0.74366,0
0.13056,0.70911,-0.047939,6.8269,1.0601,0
1.6501,0.73476,-0.10586,1.5931,1.3046,0
2.4099,0.60652,-0.10328,-7.7369,0.75804,0
1.8401,0.63217,-0.10328,-1.1377,1.5779,0
0.98533,0.81171,-0.083977,7.5096,0.82996,0
0.7004,1.0169,-0.050513,-0.68254,1.4916,0
0.22554,0.81171,-0.049226,-7.2818,1.1895,0
-0.34431,0.78606,-0.062097,2.7309,0.93064,0
-1.389,0.24743,-0.081403,6.3718,1.319,0
-1.484,0.37567,-0.064671,-4.5511,0.24024,0
-0.62923,0.68346,-0.092987,-7.0542,0.80119,0
-0.7242,-0.11166,-0.12259,5.234,-0.43578,0
-0.059385,-0.7016,-0.14318,3.8687,-0.39263,0
0.32051,-0.4964,-0.15219,-7.5093,-0.75222,0
0.13056,-0.29121,-0.15477,-4.3235,-1.457,0
0.32051,-0.4451,-0.15219,7.5096,-0.89605,0
0.51046,-0.85549,-0.10843,1.8206,-1.9317,0
-0.34431,-0.98374,-0.041503,-8.6471,-1.1837,0
-1.1991,-0.75289,-0.006752,-1.3652,-1.7303,0
0.22554,-0.90679,-0.023484,6.8269,-1.4858,0
0.035589,-1.5224,-0.056948,-0.45498,-1.2413,0
-1.484,-1.7789,-0.087839,-7.9645,-1.8166,0
-1.579,-1.5737,-0.077542,2.7309,-0.91043,0
-0.81917,-1.4967,-0.037642,7.282,-1.9317,0
-0.62923,-1.7276,-0.028633,-2.9581,-1.3707,0
-0.7242,-1.9841,-0.024771,-6.144,-1.7878,0
-0.81917,-1.4198,0.0099801,5.9167,-2.0899,0
-0.24933,-1.3941,0.047306,4.7789,-1.5002,0
0.60543,-1.3941,0.053741,-7.5093,-2.1474,0
0.7004,-1.112,0.037009,-4.7786,-1.155,0
0.60543,-1.112,0.016416,7.0545,-1.7734,0
0.60543,-1.2402,-0.017049,1.8206,-1.4282,0
0.7004,-1.1376,-0.041503,-8.192,-1.3276,0
0.7004,-0.95809,-0.077542,-1.8203,-1.9748,0
0.89035,-0.47075,-0.098135,7.0545,-1.155,0
0.98533,-0.0090658,-0.065958,-0.9101,-2.0755,0
0.79538,0.45262,-0.032494,-8.192,-1.2988,0
0.13056,0.32437,-0.023484,1.8206,-1.7591,0
0.89035,-0.034715,-0.026058,6.3718,-1.8741,0
1.9351,-0.11166,0.01899,-3.6408,-1.4139,0
1.5552,0.52957,0.01899,-7.2818,-1.946,0
0.13056,0.65782,-0.076255,4.3238,-0.594,0
-1.0091,0.96561,-0.1715,3.6411,-1.0399,0
-1.0091,0.99126,-0.17922,-7.2818,-0.5077,0
-0.62923,0.70911,-0.16506,-6.144,-0.594,0
-0.15436,0.42697,-0.15863,6.5994,-0.9392,0
-0.059385,0.24743,-0.16378,2.2757,0.13956,0
-0.62923,-0.060364,-0.18051,-8.6471,-0.32071,0
-0.53425,0.19613,-0.21783,-2.503,0.72928,0
-0.62923,0.96561,-0.26288,7.282,0.19709,0
-0.15436,1.3247,-0.31694,0.2277,-0.2488,0
0.51046,1.7864,-0.34526,-8.4196,-0.56523,0
1.3652,1.9916,-0.31823,1.1379,-2.1474,0
2.22,1.4273,-0.27833,6.3718,-1.6728,0
1.1753,1.1452,-0.26288,-3.1857,-2.4207,0
0.32051,1.3247,-0.25516,-7.2818,-1.4426,0
-0.059385,1.6581,-0.21783,4.0962,-1.1981,0
-1.1991,1.812,-0.18694,5.234,-1.7447,0
-1.389,2.0172,-0.15992,-6.144,-1.5721,0
-0.62923,1.5555,-0.10843,-4.7786,-3.3844,0
-0.15436,0.42697,-0.027345,6.5994,-3.4707,0
0.13056,-0.31686,0.061464,2.9584,-4.5207,0
-0.34431,-0.72725,0.158,-7.7369,-4.3768,0
-0.62923,-1.7276,0.24037,-1.1377,-3.3988,0
-0.62923,-2.4201,0.27641,7.9647,-3.1686,0
-0.43928,-2.3431,0.32017,-0.68254,-1.4282,0
0.41548,-2.1123,0.35878,-7.7369,-1.9604,0
1.2702,-2.5227,0.3665,3.4135,-1.4139,0
0.41548,-3.4204,0.37551,6.3718,-1.8597,0
0.32051,-4.1129,0.38324,-4.0959,-2.1618,0
1.2702,-3.9591,0.37937,-5.4613,-1.5865,0
0.89035,-3.3691,0.38066,6.3718,-2.4638,0
-0.81917,-2.7792,0.36264,3.6411,-1.6728,0
-1.9589,-2.1636,0.30472,-8.192,-2.6796,0
-2.4337,-1.9071,0.23265,-3.4133,-2.7371,0
-0.81917,-1.8045,0.18889,7.5096,-2.9673,0
-0.15436,-1.2915,0.12196,0.68281,-3.9453,0
-0.43928,-0.88114,0.064038,-8.8747,-3.5714,0
-0.7242,-0.88114,0.067899,1.1379,-4.9234,0
-0.53425,-0.88114,0.13483,6.8269,-4.607,0
-0.62923,-0.5477,0.16314,-3.8684,-5.0816,0
-0.7242,-0.4964,0.10008,-7.7369,-4.9809,0
-0.62923,-0.16296,-0.017049,3.6411,-4.3912,0
-0.43928,0.91431,-0.10972,5.9167,-4.9234,0
-0.059385,1.812,-0.13932,-6.8267,-3.7583,0
0.41548,1.299,-0.17021,-6.8267,-4.3049,0
-0.24933,-0.23991,-0.1715,6.3718,-3.4131,0
0.035589,-1.112,-0.10843,2.9584,-3.3125,0
1.5552,-0.85549,-0.064671,-7.5093,-3.2981,0
1.7451,-0.4451,-0.11615,-4.3235,-2.2769,0
0.60543,-0.26556,-0.17021,7.0545,-2.5789,0
-0.53425,-0.6503,-0.16764,1.3655,-1.27,0
0.7004,-0.67595,-0.15734,-7.2818,-2.0899,0
0.51046,-0.599,-0.13804,-0.22742,-2.2337,0
-0.059385,-0.57335,-0.12259,7.0545,-2.6364,0
0.22554,-0.599,-0.10071,-1.8203,-3.4275,0
0.89035,-0.6503,-0.080116,-8.192,-2.4782,0
1.4602,-0.82984,-0.0518,2.7309,-3.2262,0
1.6501,-0.80419,-0.080116,6.5994,-2.3919,0
2.125,-0.5477,-0.1612,-5.2337,-2.7371,0
2.125,-0.13731,-0.20496,-6.3715,-3.1255,0
2.125,-0.34251,-0.1612,5.4616,-2.881,0
1.1753,-0.85549,-0.086552,4.3238,-4.0604,0
-0.24933,-0.88114,-0.033781,-7.0542,-3.2262,0
0.60543,-0.21426,-0.017049,-3.6408,-3.6864,0
0.13056,0.14483,-0.037642,7.282,-2.7659,0
-1.0091,0.37567,-0.040216,2.0482,-2.2193,0
-0.24933,0.29873,-0.0028907,-7.5093,-2.4063,0
0.60543,-0.060364,0.056315,-0.22742,-1.4139,0
0.79538,-0.7016,0.087205,7.9647,-2.2912,0
0.89035,-0.98374,0.11295,-0.68254,-1.7159,0
0.22554,-1.3172,0.19403,-7.7369,-2.5645,0
0.035589,-1.4454,0.26354,2.0482,-2.8522,0
0.7004,-1.6506,0.2674,7.0545,-2.4495,0
0.035589,-1.5224,0.24938,-3.8684,-3.0823,0
-0.62923,-1.4454,0.21334,-7.0542,-1.9317,0
-0.059385,-0.88114,0.19403,4.5513,-2.8666,0
0.13056,-0.3938,0.12453,4.3238,-2.809,0
0.22554,-0.52205,0.043444,-7.2818,-3.3844,0
-0.059385,-0.80419,-0.019623,-5.2337,-4.2905,0
0.13056,-0.75289,-0.035068,6.5994,-3.6577,0
1.2702,-0.90679,0.060177,2.5033,-4.3337,0
0.89035,-0.98374,0.17988,-8.8747,-3.183,0
-0.34431,-0.75289,0.23393,-2.503,-3.37,0
0.60543,-0.5477,0.21205,7.9647,-3.672,0
1.6501,-0.086014,0.14255,-0.45498,-3.9453,0
1.6501,0.37567,0.046019,-8.4196,-5.47,0
1.1753,0.35002,-0.086552,2.5033,-5.1392,0
0.89035,0.52957,-0.17793,7.0545,-6.0165,0
-0.24933,0.88866,-0.21655,-3.6408,-5.1967,0
-1.1041,0.96561,-0.28734,-7.0542,-4.6214,0
0.41548,1.0426,-0.36199,5.234,-4.4056,0
1.7451,1.7864,-0.37615,4.3238,-3.5282,0
1.5552,2.7354,-0.34397,-6.8267,-4.5638,0
-0.059385,2.4276,-0.31437,-4.0959,-4.1755,0
-0.53425,1.1452,-0.30021,7.0545,-5.2398,0
0.41548,-0.26556,-0.28219,2.2757,-4.8803,0
0.13056,-0.31686,-0.24872,-8.192,-4.2474,0
-0.43928,0.016583,-0.19982,-0.45498,-4.3049,0
-0.62923,0.40132,-0.12645,7.5096,-2.996,0
-0.15436,0.81171,-0.086552,-1.3652,-3.8303,0
0.13056,0.47827,-0.058236,-7.5093,-3.4707,0
-0.43928,0.14483,-0.022197,3.4135,-4.6789,0
-0.43928,0.35002,0.039583,6.3718,-5.7001,0
-0.059385,0.52957,0.066612,-3.6408,-5.6857,0
0.60543,0.29873,0.067899,-6.8267,-6.333,0
0.79538,-0.26556,0.042157,4.7789,-4.8371,0
1.0803,-0.23991,-0.0119,3.6411,-4.8659,0
1.4602,0.042233,-0.078829,-6.5991,-3.9885,0
0.60543,-0.060364,-0.10071,-4.5511,-3.9022,0
-0.34431,-0.18861,-0.083977,7.282,-4.8659,0
-0.15436,0.042233,-0.031207,1.5931,-4.5207,0
0.51046,-0.086014,0.021564,-7.9645,-5.5994,0
0.7004,-0.4451,0.047306,-2.0479,-4.607,0
0.79538,-0.6503,0.083344,8.1923,-4.5782,0
0.22554,-1.1376,0.13998,-0.22742,-4.2042,0
-0.91415,-2.0097,0.15285,-7.9645,-3.3988,0
-1.7689,-2.3944,0.16314,1.8206,-4.1179,0
-0.53425,-2.0867,0.23007,6.3718,-3.2693,0
0.89035,-1.8815,0.30344,-3.6408,-4.2474,0
-0.34431,-1.5737,0.37165,-6.144,-4.046,0
-0.43928,-1.4198,0.40383,4.5513,-4.2905,0
1.5552,-1.1633,0.39482,4.5513,-4.6933,0
2.6949,-1.3685,0.37809,-7.7369,-3.7727,0
1.7451,-1.3941,0.41799,-4.3235,-4.4488,0
0.22554,-1.6763,0.46818,6.3718,-3.4707,0
-0.53425,-1.4454,0.43343,-0.22742,-3.9741,0
0.60543,-0.90679,0.38195,-8.8747,-3.9166,0
2.03,-0.47075,0.36393,0.00013542,-3.7008,0
1.6501,-0.4451,0.34462,7.282,-4.42,0
1.6501,-0.599,0.29185,-2.0479,-3.2118,0
1.9351,-0.62465,0.29443,-7.9645,-3.557,0
1.5552,-0.77854,0.31759,3.4135,-2.7803,0
0.60543,-0.13731,0.31502,6.1442,-3.0823,0
0.13056,0.63217,0.33433,-5.6889,-3.9166,0
-0.059385,0.65782,0.36908,-5.4613,-3.4131,0
-0.43928,0.32437,0.29443,6.3718,-3.9166,0
-0.7242,0.27308,0.16958,2.7309,-2.4782,0
0.41548,0.70911,0.11938,-8.192,-2.694,0
1.3652,0.88866,0.079483,-1.5928,-2.6652,0
0.98533,0.68346,-0.0080391,8.4198,-2.9097,0
0.7004,0.32437,-0.10972,0.68281,-4.1898,0
0.7004,0.016583,-0.2011,-7.9645,-3.8303,0
1.2702,0.067882,-0.26417,1.1379,-4.7364,0
0.79538,0.24743,-0.32466,7.7372,-3.6433,0
-0.15436,0.42697,-0.32852,-1.8203,-3.3412,0
-0.059385,-0.11166,-0.31179,-7.7369,-3.3125,0
0.41548,-1.2659,-0.32595,3.186,-2.5645,0
0.79538,-1.7276,-0.3105,6.5994,-3.3844,0
0.22554,-1.5224,-0.27318,-5.4613,-2.6221,0
0.22554,-0.93244,-0.25001,-5.4613,-3.3412,0
0.035589,-1.0094,-0.27447,5.9167,-2.7947,0
-0.91415,-0.93244,-0.34397,3.4135,-2.3056,0
-0.62923,-0.18861,-0.39931,-8.192,-2.6221,0
0.41548,0.45262,-0.38644,-3.1857,-1.6871,0
0.7004,1.4016,-0.32595,7.282,-2.6652,0
0.7004,1.7351,-0.22298,1.3655,-1.9748,0
0.89035,1.2477,-0.13031,-8.4196,-2.3056,0
1.4602,0.55522,-0.064671,0.2277,-2.2481,0
1.5552,0.22178,-0.0917,7.0545,-1.6296,0
0.98533,-0.034715,-0.12259,-2.7306,-2.3344,0
0.13056,0.042233,-0.16378,-7.7369,-1.2125,0
-0.34431,0.42697,-0.21269,3.186,-1.8166,0
-0.62923,0.52957,-0.25001,5.9167,-1.2556,0
-0.15436,0.45262,-0.28991,-5.9164,-1.6152,0
-0.059385,0.68346,-0.26803,-6.5991,-2.4063,0
-0.34431,0.40132,-0.16506,6.1442,-2.1186,0
-0.15436,0.27308,-0.046652,3.4135,-3.1255,0
-0.15436,0.50392,0.021564,-6.8267,-2.2625,0
-0.059385,0.55522,0.020277,-2.503,-2.6221,0
1.2702,0.093531,-0.0119,7.7372,-2.2193,0
1.9351,-0.086014,-0.02091,0.00013542,-1.6296,0
1.6501,0.24743,-0.090413,-8.8747,-2.0036,0
0.51046,0.93996,-0.21912,1.1379,-0.95358,0
-0.43928,2.1198,-0.34783,7.5096,-1.7734,0
0.51046,3.2484,-0.43664,-3.1857,-1.2844,0
1.7451,2.7867,-0.51644,-7.0542,-1.644,0
1.7451,2.3507,-0.59495,5.0064,-1.5721,0
0.32051,2.2224,-0.64,4.5513,-0.80975,0
-0.53425,1.9659,-0.66317,-7.0542,-1.5865,0
-0.059385,2.1455,-0.67475,-5.0062,-0.79537,0
-0.059385,1.9659,-0.70049,7.282,-1.7303,0
0.60543,2.0172,-0.72366,2.7309,-1.2988,0
1.2702,2.9919,-0.72237,-7.7369,-1.1837,0
0.60543,4.4796,-0.74683,-0.9101,-1.3276,0
0.60543,5.0182,-0.77514,7.9647,-0.3351,0
1.3652,4.5822,-0.7301,-0.22742,-1.3132,0
0.41548,3.8383,-0.62198,-7.2818,-0.70906,0
0.13056,3.1714,-0.49713,1.5931,-1.4714,0
1.1753,2.1711,-0.39931,6.8269,-1.6728,0
1.5552,0.78606,-0.34654,-3.1857,-1.3563,0
0.7004,-0.23991,-0.34783,-7.0542,-2.1186,0
0.13056,-0.90679,-0.31823,5.0064,-1.2844,0
1.2702,-1.548,-0.2616,5.0064,-2.0755,0
1.6501,-1.4711,-0.21269,-6.144,-1.4282,0
1.6501,-1.0094,-0.12645,-6.3715,-1.5577,0
1.4602,-1.4454,-0.046652,6.3718,-1.9748,0
0.79538,-1.4198,-0.0041778,2.7309,-1.27,0
0.32051,-1.2146,-0.014475,-7.7369,-2.1043,0
-0.34431,-1.6506,0.030574,-2.503,-1.457,0
-0.53425,-2.5227,0.11295,6.8269,-2.507,0
-0.62923,-2.5227,0.16958,-0.45498,-2.3632,0
-1.294,-1.0607,0.18374,-8.4196,-1.8597,0
-1.294,-0.060364,0.11938,0.68281,-2.0323,0
-0.81917,-0.086014,0.0061189,6.1442,-0.72345,0
-0.62923,-0.21426,-0.049226,-5.0062,-1.3995,0
-0.81917,-0.47075,-0.080116,-6.5991,-0.6803,0
-0.62923,-0.62465,-0.0518,5.6891,-1.1262,0
0.41548,-1.1633,-0.02091,4.5513,-1.831,0
1.7451,-1.3685,0.0048318,-6.5991,-1.8597,0
0.98533,-1.3428,0.046019,-4.5511,-3.0679,0
-0.91415,-0.90679,0.061464,6.3718,-2.1474,0
-1.1991,-0.88114,0.022851,2.2757,-2.3344,0
-0.34431,-0.95809,0.027999,-7.7369,-1.5289,0
1.3652,-0.85549,0.07176,-1.5928,-1.1693,0
0.89035,-1.1889,0.14512,7.7372,-2.0467,0
-0.15436,-1.7019,0.22621,0.2277,-1.8885,0
-0.059385,-2.0867,0.29314,-8.4196,-3.3125,0
0.60543,-2.5483,0.36264,2.5033,-2.7515,0
1.2702,-3.087,0.46175,7.5096,-2.9241,0
1.1753,-2.8561,0.56472,-3.4133,-2.133,0
-0.15436,-2.5996,0.6561,-6.5991,-1.1981,0
0.51046,-3.0613,0.74748,5.6891,-1.7447,0
1.8401,-2.8305,0.7552,5.9167,-0.83852,0
1.8401,-2.3944,0.68699,-5.4613,-2.018,0
0.51046,-1.9584,0.61877,-4.0959,-1.6871,0
-0.34431,-1.5224,0.58273,7.282,-1.9029,0
-0.059385,-1.1633,0.55313,2.5033,-2.1474,0
0.51046,-1.0094,0.51323,-7.9645,-1.3419,0
1.4602,-1.035,0.50422,-0.68254,-2.0899,0
1.1753,-0.7016,0.52996,7.9647,-1.2556,0
-1.0091,-0.4451,0.54798,-0.22742,-2.2912,0
-1.1991,-0.72725,0.5763,-8.4196,-2.3632,0
-0.91415,-0.72725,0.62778,1.5931,-2.2912,0
-0.15436,-0.85549,0.66125,6.8269,-2.8234,0
1.2702,-0.6503,0.70243,-5.0062,-1.5577,0
1.4602,0.042233,0.6664,-7.7369,-2.1043,0
0.98533,1.1708,0.58016,4.7789,-1.4139,0
0.32051,1.1195,0.55828,3.8687,-1.8454,0
-0.059385,0.17048,0.58145,-7.7369,-1.9317,0
0.51046,-0.5477,0.55571,-4.3235,-1.0687,0
0.13056,-0.4451,0.46561,7.0545,-1.5577,0
0.22554,-0.23991,0.38324,1.3655,-0.43578,0
0.41548,0.093531,0.32017,-7.9645,-0.89605,0
0.035589,0.37567,0.28928,-1.5928,-0.20565,0
0.13056,0.32437,0.33433,6.5994,0.067639,0
0.32051,0.24743,0.41799,-1.3652,-0.49331,0
0.13056,0.42697,0.44373,-8.6471,0.24024,0
0.22554,0.32437,0.32789,1.8206,-0.86728,0
0.13056,0.58087,0.11552,6.3718,-0.34948,0
1.2702,1.376,-0.031207,-4.0959,-1.1118,0
1.6501,2.0429,0.0035447,-6.8267,-1.7159,0
1.0803,1.9146,0.14126,5.0064,-1.7734,0
0.32051,1.376,0.20562,4.7789,-2.6796,0
-1.1041,1.3247,0.14899,-6.8267,-1.4426,0
-1.484,1.4016,0.07176,-3.6408,-1.9173,0
-0.81917,1.4273,0.022851,7.282,-1.3707,0
-1.294,1.7094,-0.018336,1.8206,-1.7159,0
-0.7242,1.812,-0.081403,-7.5093,-2.1186,0
0.79538,2.0942,-0.13031,0.2277,-1.457,0
1.4602,1.6838,-0.1213,7.282,-2.3056,0
-0.24933,0.88866,-0.095561,-1.8203,-1.5289,0
-1.579,0.50392,-0.024771,-7.9645,-2.133,0
-1.389,0.73476,0.066612,3.8687,-1.9029,0
-0.81917,0.73476,0.094928,6.1442,-1.644,0
-0.7242,0.60652,0.12453,-6.3715,-2.1474,0
0.51046,0.22178,0.17215,-5.6889,-1.2269,0
1.6501,-0.57335,0.23651,7.5096,-2.1906,0
1.6501,-0.26556,0.29443,3.8687,-1.7734,0
0.60543,0.78606,0.31888,-7.7369,-2.3775,0
0.13056,1.5299,0.24294,-2.0479,-2.8234,0
0.60543,1.2734,0.04087,7.5096,-2.4926,0
0.22554,0.93996,-0.1715,0.00013542,-3.3125,0
-1.1041,1.4016,-0.30664,-8.6471,-2.2912,0
-1.9589,1.1708,-0.31308,0.00013542,-2.8953,0
-1.1041,0.88866,-0.29506,6.1442,-2.2481,0
0.89035,2.0942,-0.32724,-2.0479,-2.4926,0
1.3652,3.5562,-0.38387,-7.7369,-3.3556,0
0.22554,3.8127,-0.36456,4.0962,-3.0248,0
0.22554,2.5302,-0.26031,5.9167,-3.9885,0
0.13056,1.1965,-0.18952,-6.144,-2.9673,0
-1.8639,0.65782,-0.2011,-6.3715,-3.0392,0
-1.389,0.52957,-0.22298,5.6891,-2.5789,0
0.89035,0.042233,-0.23199,3.8687,-1.6008,0
1.4602,-0.18861,-0.20368,-8.4196,-2.133,0
0.51046,-0.21426,-0.12259,-3.1857,-1.4426,0
-0.91415,-0.21426,0.0086931,7.7372,-2.7659,0
-1.8639,-0.5477,0.12453,0.91037,-2.7227,0
-2.3388,-1.625,0.17601,-8.6471,-2.9385,0
-2.3388,-2.138,0.167,0.68281,-3.4131,0
-1.9589,-2.0097,0.13097,7.0545,-3.0679,0
-1.1041,-2.138,0.085918,-3.1857,-4.3912,0
0.79538,-2.4714,0.020277,-7.7369,-4.1898,0
2.03,-2.3688,-0.014475,4.0962,-4.9809,0
0.60543,-2.0097,-0.017049,4.7789,-4.909,0
-0.62923,-1.3172,-0.0119,-7.0542,-4.42,0
-0.81917,-0.88114,-0.040216,-4.7786,-5.0672,0
0.60543,-1.1889,-0.08269,6.8269,-4.1755,0
0.035589,-1.0863,-0.086552,3.186,-5.096,0
-1.484,-0.47075,-0.090413,-7.7369,-4.5063,0
-0.43928,-0.21426,-0.13546,-2.2755,-4.5926,0
1.6501,-0.21426,-0.18694,7.7372,-4.6214,0
1.0803,-0.4964,-0.2011,0.45525,-3.6433,0
0.32051,-0.5477,-0.22684,-8.192,-4.2905,0
0.51046,-0.034715,-0.2217,0.91037,-3.2118,0
0.32051,0.42697,-0.2011,7.282,-3.6289,0
-1.1041,0.47827,-0.1715,-2.2755,-2.996,0
-1.9589,-0.13731,-0.1419,-7.5093,-2.3488,0
-1.6739,-0.23991,-0.11615,5.234,-2.7227,0
-0.15436,-0.4964,-0.045365,5.9167,-1.831,0
0.035589,-0.599,0.01899,-6.5991,-2.9816,0
-0.91415,-0.80419,0.027999,-4.7786,-2.7371,0
-1.1991,-0.13731,-0.019623,6.1442,-3.8159,0
-0.81917,0.99126,-0.13804,2.7309,-4.5782,0
-0.7242,1.6068,-0.24615,-7.9645,-4.4631,0
-0.43928,1.812,-0.29377,-2.2755,-5.3118,0
-1.1041,1.299,-0.33496,7.5096,-4.0748,0
-2.0538,0.99126,-0.43664,0.00013542,-4.42,0
-1.294,0.73476,-0.64644,-8.4196,-3.5426,0
0.32051,0.68346,-0.79702,1.8206,-3.3844,0
-0.059385,1.0682,-0.77514,6.8269,-3.9166,0
0.7004,0.68346,-0.6696,-4.5511,-3.2262,0
2.315,-0.41945,-0.57565,-7.5093,-4.1323,0
1.8401,-0.34251,-0.54733,4.7789,-3.2693,0
-0.059385,0.27308,-0.51258,4.5513,-3.8159,0
0.32051,0.55522,-0.41991,-6.8267,-3.9453,0
1.1753,0.86301,-0.2809,-4.7786,-3.5857,0
0.98533,0.86301,-0.14833,7.0545,-4.6933,0
-0.34431,-0.95809,0.064038,1.8206,-4.233,0
-1.1991,-3.0613,0.30858,-7.2818,-5.4987,0
-0.15436,-4.6003,0.47719,0.00013542,-5.2542,0
-0.43928,-4.7542,0.53769,7.5096,-5.0816,0
-1.1991,-4.3951,0.57501,-1.5928,-4.6933,0
-1.484,-3.2409,0.57887,-7.2818,-2.881,0
-0.7242,-2.1123,0.52095,2.9584,-2.7515,0
1.5552,-1.4198,0.45403,5.9167,-1.6728,0
2.5049,-1.5993,0.40254,-5.4613,-2.6796,0
1.3652,-1.8302,0.36007,-5.4613,-3.3268,0
0.51046,-2.3944,0.3472,6.1442,-3.6864,0
0.22554,-2.8561,0.3871,3.8687,-4.1467,0
-0.43928,-2.8305,0.47205,-7.2818,-2.4063,0
-0.53425,-3.1896,0.56085,-2.9581,-2.133,0
-1.1991,-3.7282,0.59303,7.282,-0.60838,0
-0.62923,-3.3691,0.54283,1.1379,-0.66591,0
0.89035,-3.1126,0.50937,-8.192,-1.0543,0
0.89035,-3.1383,0.54927,0.68281,-0.99673,0
-0.81917,-3.3948,0.61749,7.0545,-2.2193,0
-1.389,-3.9847,0.66382,-2.2755,-1.6296,0
-1.0091,-4.472,0.64194,-7.7369,-2.5933,0
-1.1991,-3.9078,0.58917,3.8687,-2.0323,0
-1.294,-3.1896,0.59818,6.1442,-1.4426,0
-1.0091,-2.3688,0.64194,-5.2337,-1.155,0
-0.7242,-2.0867,0.62006,-5.9164,-0.061812,0
-1.1991,-1.4198,0.54412,6.8269,-1.4282,0
-1.8639,-0.52205,0.47977,3.4135,-1.3563,0
-1.6739,0.22178,0.48749,-7.5093,-2.4638,0
-0.91415,0.29873,0.47333,-3.8684,-2.3488,0
0.035589,0.29873,0.43858,7.7372,-1.1837,0
0.51046,0.42697,0.38452,0.68281,-0.6803,0
0.32051,0.58087,0.32403,-7.7369,1.2471,0
-0.53425,0.32437,0.26354,0.45525,0.74366,0
-0.059385,0.22178,0.21849,6.8269,1.0169,0
1.2702,0.14483,0.19918,-3.1857,0.51352,0
0.32051,-0.086014,0.29057,-8.192,0.19709,0
-0.53425,-0.18861,0.41413,3.6411,1.4197,0
1.1753,-0.21426,0.53511,6.3718,1.2902,0
1.7451,-0.21426,0.62135,-4.7786,2.7573,0
2.22,-0.18861,0.70115,-6.3715,2.2252,0
1.2702,0.35002,0.74877,5.234,1.9519,0
0.32051,0.81171,0.70887,2.9584,1.2327,0
1.8401,0.96561,0.60075,-8.192,-0.26318,0
2.22,0.70911,0.51967,-3.6408,-0.10496,0
1.4602,0.042233,0.47977,7.0545,-1.1262,0
1.0803,-0.57335,0.47591,0.45525,-0.34948,0
0.22554,-0.11166,0.44759,-7.9645,-0.82413,0
0.13056,0.52957,0.3369,0.45525,-0.91043,0
0.7004,-0.13731,0.2571,7.0545,-0.23441,0
0.79538,-1.0094,0.24938,-3.1857,-0.32071,0
0.13056,-1.0607,0.23393,-8.6471,1.319,0
-0.43928,-0.72725,0.14255,4.7789,0.61421,0
-0.62923,-0.36816,-0.04279,5.9167,0.59983,0
-0.81917,-0.0090658,-0.22942,-6.5991,-0.37825,0
0.51046,0.14483,-0.41862,-5.6889,-1.3132,0
1.2702,0.17048,-0.61297,7.7372,-0.55085,0
0.60543,-0.31686,-0.78029,3.6411,-0.66591,0
0.13056,-1.1633,-0.9592,-7.2818,1.4628,0
0.98533,-1.8302,-1.2076,-1.1377,1.7793,0
1.2702,-1.548,-1.429,7.282,1.9806,0
1.0803,-0.3938,-1.6504,-0.45498,0.93064,0
0.41548,0.40132,-2.003,-8.192,-1.2556,0
-0.34431,1.1452,-2.4677,2.9584,-1.2269,0
0.60543,1.1452,-2.8486,7.0545,-1.8885,0
1.8401,0.76041,-3.0726,-3.8684,-0.49331,0
1.2702,0.58087,-3.2567,-6.5991,-0.66591,0
-0.24933,0.24743,-3.4304,5.4616,-1.3276,0
-0.15436,-0.18861,-3.5359,4.5513,-1.6728,0
0.41548,-0.95809,-3.6093,-7.0542,-3.2118,0
0.22554,-1.5993,-3.7805,-3.8684,-2.694,0
-0.43928,-1.1889,-4.0598,6.5994,-3.37,0
0.035589,-1.0863,-4.2966,2.5033,-2.8378,0
1.2702,-0.4451,-4.5116,-7.7369,-2.6796,0
1.4602,0.24743,-4.7587,-0.9101,-3.2837,0
0.41548,0.29873,-5.0071,8.4198,-2.6796,0
0.13056,0.14483,-5.1615,-1.3652,-3.672,0
0.60543,-0.36816,-5.1886,-8.8747,-2.5645,0
0.89035,-0.7016,-5.1397,2.5033,-2.3775,0
0.79538,0.042233,-5.0418,6.5994,-1.9317,0
0.89035,0.17048,-5.0251,-5.2337,-1.3276,0
1.4602,-0.31686,-5.1693,-5.9164,-2.0323,0
0.7004,-0.18861,-5.3482,5.9167,-0.99673,0
0.41548,0.55522,-5.4421,3.8687,-1.4139,0
1.2702,0.55522,-5.4563,-7.5093,-0.23441,0
2.125,-0.34251,-5.3096,-3.4133,0.41284,0
1.6501,-1.8558,-4.9466,7.0545,0.44161,0
1.2702,-2.1893,-4.5425,1.5931,0.94503,0
0.89035,-1.1633,-4.2554,-7.9645,-0.39263,0
0.22554,-0.13731,-4.0173,0.00013542,-0.033045,0
0.22554,0.11918,-3.6865,8.1923,-0.89605,0
0.7004,-0.11166,-3.3068,-0.45498,-0.96797,0
0.7004,-0.599,-3.0134,-7.5093,-0.95358,0
0.32051,-0.086014,-2.747,2.0482,-1.5289,0
0.79538,1.0426,-2.4123,6.8269,-0.57961,0
1.4602,2.5559,-1.9606,-4.0959,-1.1262,0
1.3652,4.1461,-1.5796,-6.3715,-0.004278,0
1.5552,4.8386,-1.353,5.234,0.13956,0
0.41548,4.1974,-1.0763,4.7789,0.35531,0
-2.1488,2.8637,-0.69534,-7.2818,0.81558,0
-3.0985,2.1968,-0.31308,-4.0959,-0.4214,0
-1.389,2.1711,-0.086552,7.5096,0.18271,0
-0.53425,2.5046,0.074335,2.5033,-0.40701,0
-1.6739,2.2737,0.31759,-7.5093,0.78681,0
-2.5287,2.0172,0.61877,-0.68254,1.7217,0
-1.7689,2.1198,0.96114,7.7372,2.1245,0
-1.1991,2.2481,1.279,-1.3652,3.3327,0
-1.294,2.2224,1.6279,-7.9645,2.5272,0
-1.484,1.6325,2.0796,3.6411,3.045,0
-0.15436,0.63217,2.6858,6.8269,1.9519,0
-0.059385,0.093531,3.3937,-4.5511,1.4628,0
0.22554,0.35002,4.1634,-5.6889,1.4628,0
0.89035,0.27308,4.9769,5.4616,0.72928,0
0.41548,0.016583,5.7118,5.234,1.9231,0
0.22554,0.32437,6.2833,-7.0542,1.5204,0
0.60543,0.58087,6.7003,-4.5511,2.0238,0
-0.34431,0.60652,7.0954,7.0545,1.4916,0
-2.3388,0.93996,7.5652,1.3655,0.65736,0
-2.4337,1.4273,8.0556,-8.8747,1.0026,0
-0.91415,0.81171,8.425,-0.9101,0.082022,0
-0.53425,-0.599,8.5949,7.5096,1.0313,0
-0.91415,-0.599,8.685,-2.2755,0.42722,0
-1.1041,1.4529,8.7596,-8.192,0.47037,0
-1.8639,2.6328,8.8433,3.4135,0.45599,0
-2.1488,2.5046,8.8471,6.5994,-0.55085,0
-1.484,1.4786,8.7377,-5.4613,-0.29195,0
-1.484,0.58087,8.5923,-6.144,-1.8022,0
-1.484,0.60652,8.3658,5.6891,-1.6008,0
-1.0091,1.3503,7.9745,3.8687,-2.1474,0
-0.81917,1.9146,7.479,-7.2818,-2.1618,0
-1.294,3.2997,6.9654,-2.7306,-1.2844,0
-1.294,5.0438,6.4596,7.0545,-1.4426,0
-0.81917,6.788,6.0644,0.45525,0.067639,0
-0.53425,6.9162,5.7787,-8.8747,-0.3351,0
-0.34431,6.6597,5.4698,-0.22742,-0.004278,0
-0.91415,6.3263,5.1326,7.282,-0.37825,0
-0.53425,5.2747,4.8687,-1.3652,-1.3132,0
0.41548,4.9669,4.6589,-7.0542,-0.75222,0
0.51046,5.1208,4.4234,3.8687,-1.644,0
-1.1041,4.5822,4.1287,6.3718,-0.72345,0
-1.294,3.0175,3.8313,-5.4613,-1.1118,0
-0.34431,1.9659,3.5212,-6.3715,-1.0111,0
0.035589,2.6328,3.1633,6.3718,-0.8529,0
0.22554,3.8896,2.7798,4.5513,-1.8022,0
0.035589,5.2234,2.4683,-7.5093,-1.083,0
-0.53425,5.0951,2.2006,-3.8684,-2.0467,0
-0.53425,4.8643,1.9277,7.0545,-1.3851,0
-0.059385,4.5565,1.5982,1.8206,-1.3851,0
1.2702,2.4789,1.3601,-8.8747,-1.6008,0
1.5552,0.91431,1.207,-0.68254,-0.75222,0
0.41548,1.1708,0.96886,7.282,-1.3851,0
0.035589,2.1455,0.77194,-1.3652,-0.090578,0
0.60543,2.2224,0.61877,-8.192,-0.5077,0
0.13056,1.3247,0.48234,2.2757,0.11079,0
-0.53425,-0.26556,0.38967,6.3718,0.19709,0
0.51046,-1.4711,0.30086,-4.5511,-0.49331,0
1.2702,-2.138,0.14126,-6.3715,0.16832,0
0.22554,-2.574,-0.045365,4.7789,-0.75222,0
0.035589,-2.6253,-0.14833,4.5513,0.038872,0
1.1753,-2.9074,-0.2616,-6.8267,0.053256,0
0.89035,-3.3435,-0.40446,-5.0062,0.39846,0
-0.059385,-3.7539,-0.54604,7.0545,1.4053,0
0.22554,-3.6513,-0.63743,1.5931,0.98818,0
0.035589,-3.2152,-0.69663,-8.8747,2.0669,0
-0.7242,-2.8818,-0.75584,-1.5928,1.4053,0
0.13056,-3.2665,-0.80732,7.7372,1.8799,0
0.41548,-3.3948,-0.80475,-0.9101,1.8799,0
0.7004,-2.9587,-0.76613,-7.9645,1.2327,0
-0.81917,-2.6766,-0.81376,2.9584,1.808,0
-1.579,-2.3431,-1.0223,6.5994,0.88749,0
-0.34431,-1.7019,-1.2372,-4.5511,1.7505,0
0.13056,-1.4711,-1.3466,-5.9164,1.5491,0
0.79538,-1.1376,-1.4007,6.1442,1.7217,0
0.7004,-0.82984,-1.5538,3.8687,2.0094,0
-0.24933,-1.1376,-1.7456,-7.0542,1.0169,0
0.13056,-1.0863,-1.9001,-2.9581,1.5779,0
0.7004,-0.47075,-2.0159,7.9647,0.59983,0
0.22554,0.093531,-2.1073,1.8206,1.2327,0
0.13056,0.78606,-2.1472,-8.8747,1.2471,0
0.51046,1.8633,-2.1369,1.5931,0.87311,0
0.32051,2.2224,-2.1485,7.5096,1.3765,0
-0.81917,2.3763,-2.263,-1.8203,0.053256,0
-1.6739,3.864,-2.4612,-7.5093,0.35531,0
-1.1041,4.1718,-2.6208,2.7309,-0.66591,0
0.60543,2.7098,-2.6414,6.5994,-0.62276,0
0.7004,2.1198,-2.6813,-5.4613,-0.14811,0
1.0803,2.7354,-2.7225,-5.9164,-0.27756,0
1.8401,3.5305,-2.7483,6.3718,1.2615,0
2.03,3.5305,-2.7418,3.186,0.82996,0
0.79538,3.1714,-2.6775,-7.0542,1.808,0
-0.43928,2.1198,-2.5951,-2.503,1.4197,0
-1.1991,2.2224,-2.5526,7.0545,1.1464,0
-1.7689,1.9916,-2.4998,0.00013542,1.5347,0
-1.0091,1.5555,-2.3789,-8.6471,0.61421,0
-0.15436,1.4529,-2.209,0.2277,1.5779,0
-0.53425,1.0682,-2.1124,6.3718,0.93064,0
-0.62923,0.22178,-2.1304,-3.1857,1.7936,0
-0.7242,-0.29121,-2.236,-7.7369,2.2252,0
-1.1991,0.55522,-2.3441,3.6411,1.8656,0
-1.294,1.4016,-2.3557,5.9167,2.3546,0
-0.24933,0.91431,-2.2798,-6.3715,1.132,0
1.0803,-0.086014,-2.1909,-6.5991,1.8943,0
1.4602,-0.599,-2.0944,5.9167,1.5204,0
0.32051,-1.2402,-1.9477,2.9584,1.7793,0
0.035589,-2.1636,-1.743,-8.6471,2.2971,0
1.2702,-2.5996,-1.5641,-2.7306,1.132,0
1.3652,-2.9587,-1.3724,6.5994,1.506,0
0.41548,-3.01,-1.1909,-0.22742,0.22586,0
-0.34431,-2.9074,-1.1046,-7.7369,0.64298,0
-1.1991,-3.1639,-1.1136,1.1379,0.80119,0
-0.7242,-3.1639,-1.1458,7.282,1.0313,0
-0.24933,-3.0613,-1.1188,-2.9581,2.6854,0
-0.91415,-3.0613,-1.0712,-6.5991,2.7717,0
-1.0091,-3.1126,-1.0416,4.5513,4.3683,0
0.22554,-3.8308,-1.0223,5.9167,4.282,0
0.60543,-3.6256,-0.96048,-6.144,4.6991,0
1.3652,-3.01,-0.93088,-5.2337,5.1737,0
1.5552,-3.2665,-0.92187,6.8269,4.9436,0
0.51046,-3.3178,-0.89356,2.9584,6.2381,0
0.22554,-2.574,-0.87682,-8.4196,5.7491,0
0.98533,-1.7532,-0.91286,-1.1377,6.4395,0
1.9351,-1.5737,-0.92959,7.282,5.8785,0
1.5552,-1.9328,-0.88069,0.2277,5.145,0
0.41548,-1.9071,-0.82148,-7.7369,5.1737,0
0.035589,-1.8302,-0.74554,2.7309,4.1813,0
0.60543,-1.7789,-0.70178,7.282,5.1881,0
0.79538,-1.2915,-0.74039,-4.5511,4.5121,0
0.13056,-1.0863,-0.74168,-7.5093,4.7998,0
0.51046,-1.2915,-0.64257,4.7789,4.469,0
1.2702,-1.7019,-0.50099,4.0962,3.6347,0
-0.059385,-2.1636,-0.39417,-6.5991,4.1525,0
-0.34431,-2.6766,-0.48297,-4.3235,3.0162,0
0.41548,-1.8302,-0.70178,6.8269,3.5772,0
0.51046,-0.36816,-0.8691,2.0482,2.6854,0
0.7004,0.93996,-0.91801,-8.8747,2.2971,0
0.79538,1.6325,-0.94633,0.45525,2.182,0
1.0803,1.8377,-1.0236,6.3718,0.95941,0
0.7004,1.2221,-1.0776,-1.8203,1.5347,0
0.89035,-0.034715,-1.0699,-8.4196,0.26901,0
0.98533,-1.0094,-0.98623,2.9584,0.55667,0
1.4602,-1.0863,-0.90643,6.5994,0.15394,0
1.9351,-1.112,-0.82405,-5.2337,-0.43578,0
1.9351,-1.2659,-0.81376,-6.8267,0.010105,0
1.6501,-1.2402,-0.92059,5.0064,-0.98235,0
1.5552,-0.0090658,-1.021,3.4135,-0.10496,0
2.315,1.0169,-1.0326,-6.8267,-0.92482,0
1.1753,1.3247,-0.9386,-5.2337,-0.8529,0
-0.059385,0.58087,-0.76742,7.5096,-1.27,0
-0.62923,-0.52205,-0.58337,2.0482,-2.1906,0
-0.53425,-0.7016,-0.44565,-8.192,-1.3995,0
-0.53425,-0.85549,-0.39803,-0.9101,-2.2193,0
-0.62923,-1.0094,-0.42119,7.5096,-1.3419,0
-1.1041,-1.0607,-0.43278,-0.22742,-1.6008,0
-1.1991,-1.5224,-0.40961,-8.6471,-1.3851,0
-0.53425,-1.7019,-0.41862,2.0482,-0.56523,0
-0.81917,-1.625,-0.45208,7.7372,-0.89605,0
-1.294,-1.2915,-0.35684,-4.0959,0.19709,0
-1.389,-0.16296,-0.17021,-7.2818,-0.72345,0
-0.7242,-0.060364,-0.064671,5.0064,-0.594,0
-1.6739,-0.3938,-0.0917,5.4616,-1.0543,0
-2.2438,-0.29121,-0.08269,-5.9164,-1.6152,0
-0.53425,0.11918,-0.054374,-5.4613,-0.89605,0
0.51046,0.76041,-0.096848,6.8269,-1.644,0
-1.1041,1.1965,-0.19982,3.4135,-0.60838,0
-1.389,1.1195,-0.23714,-7.2818,-1.2844,0
0.035589,0.52957,-0.16506,-1.1377,-1.1262,0
0.22554,0.24743,-0.032494,7.5096,-1.0255,0
-0.53425,-0.086014,0.096215,-0.9101,-1.6152,0
-1.8639,-0.67595,0.14899,-7.9645,-0.7666,0
-2.0538,-0.98374,0.20047,1.8206,-1.7878,0
0.035589,-1.0863,0.25324,6.5994,-1.3563,0
1.2702,-1.6506,0.27255,-3.8684,-1.7734,0
0.89035,-2.8048,0.24552,-5.4613,-2.32,0
-0.24933,-2.1893,0.19017,5.9167,-1.9748,0
-1.1041,-0.7016,0.14126,4.5513,-2.9097,0
-1.389,0.70911,0.14641,-6.8267,-1.7015,0
-1.484,0.45262,0.16572,-5.2337,-2.0611,0
-0.91415,-0.4964,0.16443,6.5994,-1.5721,0
0.60543,-0.93244,0.17344,2.2757,-1.1837,0
1.7451,-1.2915,0.20047,-7.7369,-1.4426,0
1.4602,-1.548,0.20176,-1.3652,0.15394,0
1.1753,-0.7016,0.08077,7.7372,-0.10496,0
0.22554,-0.0090658,-0.102,-1.1377,0.94503,0
-0.34431,0.73476,-0.22813,-8.192,0.64298,0
-0.62923,0.73476,-0.27447,0.91037,0.41284,0
-0.7242,0.99126,-0.29892,6.8269,0.85873,0
-1.294,1.2477,-0.27833,-2.9581,0.12517,0
-0.81917,1.3503,-0.17279,-6.8267,1.0745,0
0.79538,1.1195,-0.102,4.5513,0.54229,0
1.8401,0.81171,-0.083977,5.234,1.2471,0
1.1753,1.2734,-0.038929,-5.6889,1.7505,0
-1.0091,2.325,-0.02992,-5.4613,1.5347,0
-1.6739,3.1201,-0.11101,6.3718,2.3258,0
-1.6739,3.1201,-0.24615,2.9584,1.1608,0
-0.24933,2.6585,-0.26288,-7.7369,1.6354,0
-0.15436,0.83736,-0.23199,-2.9581,1.0889,0
0.035589,0.067882,-0.18566,7.5096,1.1176,0
0.13056,0.83736,-0.081403,0.45525,2.1245,0
-1.1041,0.96561,-0.0016037,-7.7369,2.0525,0
-1.8639,0.52957,0.069186,1.3655,3.7354,0
-2.1488,0.22178,0.14384,7.282,3.3183,0
-2.2438,0.11918,0.1979,-3.6408,3.5772,0
-2.2438,-0.52205,0.2468,-6.8267,3.232,0
-1.0091,-0.13731,0.32274,5.234,2.7717,0
-0.15436,0.29873,0.36136,4.5513,3.9512,0
-1.294,-0.52205,0.33304,-7.5093,3.9368,0
-1.8639,-1.1889,0.2468,-3.8684,5.4614,0
-2.2438,-1.4198,0.17988,7.282,4.8142,0
-1.0091,-1.7019,0.19403,2.2757,4.3251,0
1.6501,-1.9841,0.27512,-8.192,3.7929,0
2.9798,-1.2915,0.32017,-1.1377,2.7286,0
1.9351,-0.060364,0.23779,7.7372,3.5916,0
1.0803,0.50392,0.17601,-1.1377,3.0306,0
0.98533,0.68346,0.2468,-8.4196,4.2532,0
0.7004,0.81171,0.38581,2.0482,4.6416,0
0.32051,0.52957,0.44115,6.8269,5.1162,0
-0.53425,0.27308,0.41541,-5.4613,5.7491,0
-0.15436,0.68346,0.35363,-6.8267,4.5984,0
-0.53425,0.24743,0.29057,4.5513,5.0587,0
-0.53425,0.45262,0.27769,3.8687,3.8936,0
-0.24933,0.60652,0.27512,-7.7369,4.3395,0
0.035589,0.91431,0.25581,-4.0959,4.4977,0
-0.24933,1.299,0.2571,6.5994,4.282,0
-0.34431,1.1452,0.26611,2.0482,5.2313,0
-0.53425,1.299,0.25453,-7.9645,4.1813,0
-0.53425,1.0426,0.27641,-0.68254,4.6991,0
-0.7242,-0.3938,0.34848,7.282,3.8505,0
-0.53425,-1.5737,0.42828,-1.8203,3.3902,0
-0.7242,-1.3428,0.47719,-7.9645,3.534,0
-0.15436,-0.5477,0.45789,3.8687,2.9731,0
1.2702,-0.18861,0.4064,6.8269,4.2964,0
1.8401,0.042233,0.36264,-5.4613,4.0087,0
1.7451,-0.11166,0.34591,-5.0062,4.5409,0
1.2702,-0.11166,0.35621,7.282,4.1669,0
0.22554,0.093531,0.37294,2.7309,3.2895,0
0.035589,0.14483,0.38838,-7.5093,3.7354,0
-0.34431,-0.060364,0.31502,-1.5928,2.7861,0
-1.6739,-0.16296,0.22364,7.9647,3.7066,0
-1.0091,-0.18861,0.18631,0.68281,3.1601,0
0.79538,0.067882,0.15156,-7.0542,3.3039,0
1.2702,0.19613,0.15285,2.5033,3.5772,0
-0.059385,0.24743,0.17988,7.0545,2.8868,0
-2.0538,0.68346,0.1876,-4.0959,3.4477,0
-2.9086,0.70911,0.15928,-5.6889,2.0094,0
-1.1991,0.68346,0.1477,5.6891,2.0957,0
0.41548,0.86301,0.12711,5.234,1.4916,0
0.22554,0.73476,0.10394,-7.2818,1.319,0
-0.24933,0.88866,0.11037,-3.6408,2.2108,0
-0.15436,0.70911,0.12453,7.5096,1.5635,0
0.60543,0.63217,0.12067,1.8206,2.3115,0
0.7004,0.55522,0.12711,-8.8747,1.1752,0
0.79538,0.32437,0.087205,-0.22742,1.2758,0
0.89035,0.093531,0.024138,6.5994,1.5779,0
0.22554,0.60652,-0.014475,-2.503,1.2758,0
-1.1991,0.99126,-0.019623,-7.2818,1.8943,0
-1.1991,1.3503,-0.022197,3.6411,0.48476,0
-0.34431,1.4016,-0.00031657,5.6891,0.78681,0
0.41548,1.4016,0.027999,-6.144,0.16832,0
0.7004,1.1965,0.021564,-6.144,-0.004278,0
0.89035,1.0939,0.013841,5.9167,0.38407,0
-0.24933,1.3247,0.025425,2.5033,-0.69468,0
-0.91415,1.7094,0.064038,-7.2818,-0.10496,0
-0.24933,1.7864,0.034435,-2.0479,-1.2556,0
0.60543,1.5555,-0.02091,6.8269,-1.0543,0
0.13056,1.1708,-0.027345,-0.45498,-1.2988,0
-0.43928,1.0426,-0.0080391,-8.4196,-1.9892,0
-0.43928,1.0169,-0.022197,1.3655,-1.5002,0
-0.62923,0.96561,-0.050513,7.0545,-2.5645,0
-0.059385,0.76041,-0.035068,-4.3235,-1.8166,0
-0.059385,0.60652,0.021564,-6.8267,-2.133,0
-1.1991,0.58087,0.088493,5.0064,-1.9029,0
-0.53425,0.60652,0.12839,5.234,-1.4139,0
-0.15436,0.32437,0.18631,-5.4613,-2.4495,0
-0.53425,0.19613,0.25067,-5.4613,-2.0036,0
-1.8639,0.19613,0.27512,7.282,-3.3125,0
-2.5287,0.17048,0.27898,2.7309,-2.9097,0
-1.8639,0.17048,0.27769,-7.5093,-3.1399,0
-1.579,0.14483,0.2571,-2.0479,-3.4707,0
-1.389,0.52957,0.07176,7.7372,-2.6364,0
-1.484,0.86301,-0.014475,0.91037,-3.3988,0
-2.0538,0.76041,-0.032494,-7.7369,-2.4926,0
-1.9589,0.68346,-0.072394,0.2277,-3.2262,0
-1.579,0.58087,-0.099422,7.0545,-3.1111,0
-0.91415,0.86301,-0.085264,-2.2755,-3.1255,0
-0.15436,1.0169,-0.078829,-6.144,-3.6577,0
1.3652,1.2477,-0.087839,3.6411,-2.6221,0
1.9351,1.1195,-0.11615,5.4616,-3.1686,0
1.5552,0.83736,-0.10457,-5.6889,-2.2625,0
0.32051,0.63217,-0.10071,-6.144,-2.3632,0
-0.34431,0.52957,-0.095561,6.1442,-2.6652,0
0.7004,0.60652,-0.11744,3.186,-2.2912,0
1.3652,0.58087,-0.096848,-8.192,-3.3268,0
0.32051,0.58087,-0.040216,-3.1857,-2.4638,0
0.035589,0.32437,-0.010613,7.5096,-3.1111,0
-0.62923,0.042233,-0.033781,0.00013542,-2.3775,0
-1.7689,0.32437,-0.038929,-7.7369,-2.1043,0
-0.24933,0.55522,-0.00031657,0.45525,-2.2337,0
0.41548,0.93996,0.034435,6.5994,-1.3851,0
-1.389,1.2221,0.013841,-2.9581,-2.4063,0
-1.1991,1.1708,-0.050513,-8.192,-1.5865,0
0.7004,1.6068,-0.078829,3.8687,-2.3344,0
0.89035,1.7607,-0.035068,6.5994,-1.946,0
-1.0091,1.9146,0.01899,-4.3235,-1.6584,0
-0.62923,2.0942,0.031861,-5.6889,-2.1043,0
0.89035,1.889,0.01899,5.9167,-1.1981,0
0.51046,1.3503,0.0022576,3.6411,-2.0899,0
0.22554,1.0426,0.016416,-7.7369,-1.3851,0
1.4602,1.299,0.025425,-3.6408,-1.7591,0
1.4602,0.83736,0.01899,7.282,-1.8022,0
0.41548,0.11918,0.026712,0.91037,-1.1118,0
-0.43928,-0.16296,0.066612,-8.4196,-1.457,0
-1.294,-0.16296,0.11681,0.2277,-0.2488,0
-0.7242,-0.4451,0.13483,7.282,-0.8529,0
0.51046,-0.93244,0.17859,-2.2755,-0.43578,0
1.4602,-1.8302,0.24809,-7.2818,-0.55085,0
1.9351,-2.2919,0.32146,4.5513,-1.0255,0
2.315,-1.8558,0.33433,6.8269,-0.22003,0
1.3652,-1.4454,0.29958,-5.4613,-0.99673,0
0.32051,-1.0863,0.26997,-5.4613,0.12517,0
0.51046,-0.72725,0.24938,6.8269,-0.17688,0
0.89035,-0.4451,0.23265,3.6411,0.067639,0
0.22554,-0.4451,0.24552,-7.2818,0.51352,0
-0.43928,-0.34251,0.24809,-2.2755,-0.090578,0
-0.53425,-0.72725,0.21463,8.1923,0.94503,0
-0.53425,-0.88114,0.16443,0.00013542,0.41284,0
-1.7689,-0.5477,0.13998,-8.8747,1.3334,0
-2.7186,-0.47075,0.13354,1.8206,1.4628,0
-0.62923,-0.086014,0.10008,7.5096,1.5923,0
1.5552,0.14483,0.10651,-4.0959,2.4697,0
1.4602,0.17048,0.15285,-7.2818,1.995,0
1.6501,-0.11166,0.18631,4.5513,3.0882,0
2.03,-0.47075,0.20819,3.8687,2.5991,0
2.315,-0.57335,0.20819,-7.5093,3.2176,0
2.22,-0.5477,0.23908,-5.2337,3.721,0
2.7898,-0.34251,0.25195,6.8269,3.4334,0
2.7898,0.067882,0.25195,2.7309,4.5696,0
2.125,0.50392,0.2867,-7.9645,3.9655,0
1.0803,0.86301,0.2674,-1.3652,4.9005,0
0.32051,0.65782,0.16443,7.282,4.8142,0
-0.15436,0.17048,0.078196,-1.8203,4.6272,0
-0.62923,-0.11166,0.070473,-8.192,5.2888,0
-0.62923,-0.47075,0.12711,3.186,4.5121,0
-0.34431,-0.26556,0.17473,5.9167,5.5477,0
0.035589,0.067882,0.18116,-5.6889,4.7422,0
-0.7242,0.19613,0.17215,-6.5991,5.0587,0
-1.0091,0.016583,0.14512,6.5994,5.0587,0
0.98533,0.067882,0.12711,4.3238,4.469,0
2.5049,-0.060364,0.12453,-7.5093,5.4327,0
1.8401,0.067882,0.091067,-3.8684,4.8142,0
0.41548,-0.13731,0.070473,6.8269,5.7635,0
-0.43928,-0.3938,0.11552,1.1379,5.5621,0
0.60543,0.22178,0.18245,-8.192,5.6772,0
1.2702,0.27308,0.20948,0.00013542,6.2381,0
0.41548,0.016583,0.20304,6.8269,5.634,0
0.79538,-0.13731,0.17215,-1.3652,6.6121,0
1.1753,-0.16296,0.17344,-7.5093,5.9361,0
-0.7242,0.55522,0.18889,3.8687,6.4683,0
-1.294,0.88866,0.21334,6.3718,6.5689,0
0.035589,0.22178,0.24037,-5.2337,6.3388,0
1.2702,-0.13731,0.24037,-5.0062,7.2737,0
-0.34431,-0.18861,0.1876,6.5994,6.684,0
-1.579,0.067882,0.07176,3.4135,7.7196,0
-0.91415,-0.0090658,-0.026058,-7.7369,7.3744,0
0.79538,0.22178,-0.040216,-2.2755,7.6045,0
2.125,0.65782,0.0022576,6.8269,7.7052,0
1.6501,0.47827,0.039583,-0.45498,6.8422,0
0.32051,0.27308,0.10394,-7.2818,7.4751,0
-0.43928,0.22178,0.13097,1.1379,6.5546,0
-0.24933,0.52957,0.083344,7.282,7.1874,0
0.51046,0.91431,0.015128,-4.0959,7.1155,0
0.13056,1.2734,-0.014475,-7.0542,7.0436,0
-0.53425,1.0939,-0.045365,4.3238,7.8059,0
-0.62923,0.83736,-0.12903,5.6891,7.0867,0
-0.53425,0.83736,-0.15863,-6.5991,7.8778,0
-1.1991,0.63217,-0.102,-5.0062,6.9573,0
-1.8639,0.093531,-0.018336,6.3718,7.1443,0
-0.81917,0.093531,0.01899,1.3655,7.2737,0
0.41548,0.22178,0.037009,-8.192,6.9573,0
-0.43928,0.22178,0.088493,-1.5928,8.0504,0
-1.484,0.47827,0.12968,7.282,7.3888,0
-1.8639,0.52957,0.012554,-0.22742,8.3093,0
-1.8639,-0.18861,-0.15348,-8.8747,7.7484,0
-2.1488,-0.599,-0.23199,0.91037,7.5326,0
-2.1488,-0.85549,-0.26288,7.0545,7.5614,0
-1.389,-0.599,-0.22041,-3.1857,6.497,0
-1.579,-0.086014,-0.1419,-7.7369,7.173,0
-1.294,0.093531,-0.059523,4.0962,6.0655,0
0.41548,-0.36816,0.031861,5.234,6.4683,0
0.79538,-0.80419,0.04087,-5.9164,5.9073,0
-0.059385,-0.67595,0.01899,-5.4613,5.3463,0
-0.53425,-0.6503,-0.022197,7.282,5.6053,0
-0.62923,-0.57335,-0.017049,2.5033,4.4977,0
-0.15436,-0.31686,-0.014475,-8.4196,4.9868,0
1.3652,-0.18861,-0.11615,-1.5928,3.606,0
0.79538,-0.4451,-0.22556,8.6474,3.2464,0
-0.24933,-0.034715,-0.27833,0.2277,2.4409,0
-0.059385,-0.086014,-0.25902,-8.4196,1.1032,0
0.51046,-0.21426,-0.23457,1.5931,1.1752,0
0.7004,-0.72725,-0.16506,7.7372,-0.45016,0
0.79538,-1.0094,-0.081403,-3.4133,-0.594,0
1.4602,-1.0607,-0.085264,-7.0542,-1.8597,0
0.79538,-0.72725,-0.14061,5.234,-3.2981,0
-0.53425,-0.62465,-0.15219,4.0962,-4.1755,0
-0.81917,-0.29121,-0.14833,-7.0542,-6.2179,0
0.32051,0.016583,-0.17279,-4.3235,-6.0885,0
0.035589,0.40132,-0.1818,7.5096,-7.2823,0
-0.34431,0.29873,-0.095561,1.1379,-7.2823,0
0.035589,0.016583,-0.090413,-8.192,-7.8576,0
0.035589,0.093531,-0.15477,-0.22742,-8.9795,0
-0.43928,0.22178,-0.18308,7.5096,-9.0083,0
-1.1991,0.40132,-0.18437,-1.8203,-10.677,0
-0.62923,0.32437,-0.18823,-8.192,-10.677,0
0.32051,0.19613,-0.15992,2.0482,-12.101,0
0.7004,0.11918,-0.090413,6.3718,-12.777,0
0.89035,-0.034715,-0.050513,-5.4613,-12.82,0
0.89035,0.016583,-0.06081,-6.8267,-13.381,0
0.98533,0.093531,-0.086552,4.7789,-12.129,0
0.7004,-0.060364,-0.12516,4.0962,-12.935,0
0.79538,-0.23991,-0.11873,-7.0542,-12.403,0
0.89035,-0.82984,-0.08269,-4.0959,-12.834,0
-0.34431,-0.98374,-0.12002,7.7372,-13.28,0
-1.8639,-0.7016,-0.22298,0.91037,-12.619,0
-2.1488,-0.034715,-0.30664,-8.8747,-13.309,0
-0.7242,0.42697,-0.35555,-0.45498,-12.086,0
1.4602,0.83736,-0.43535,7.282,-13.007,0
3.2647,0.68346,-0.43664,-2.2755,-13.295,0
2.315,0.32437,-0.33496,-8.192,-14.704,0
0.035589,-0.0090658,-0.19595,3.4135,-16.646,0
-0.81917,-0.47075,-0.086552,6.5994,-17.063,0
-0.7242,-0.57335,0.0061189,-5.4613,-18.429,0
-1.1991,-0.086014,0.053741,-7.0542,-17.739,0
-1.9589,-0.13731,0.038296,6.1442,-18.717,0
-1.0091,-0.11166,0.0035447,4.0962,-19.12,0
0.89035,0.067882,-0.045365,-6.5991,-20.026,0
1.4602,-0.11166,-0.068532,-3.1857,-21.81,0
0.51046,-0.47075,-0.099422,7.282,-21.781,0
-0.34431,-0.31686,-0.13417,1.8206,-22.96,0
-0.059385,-0.26556,-0.10843,-8.192,-22.112,0
0.60543,-0.23991,-0.095561,-0.45498,-21.752,0
0.22554,-0.47075,-0.094274,7.9647,-21.68,0
-0.34431,-0.31686,-0.081403,-1.8203,-21.076,0
-0.62923,-0.21426,-0.11229,-7.2818,-22.212,0
-0.059385,0.067882,-0.14447,3.4135,-21.982,0
0.13056,0.35002,-0.17407,5.6891,-23.305,0
-0.62923,-0.21426,-0.13675,-5.6889,-23.636,0
-0.62923,-0.72725,-0.095561,-5.0062,-23.852,0
-0.059385,-0.23991,-0.094274,6.1442,-24.657,0
1.0803,0.35002,-0.13932,2.5033,-23.967,0
1.0803,0.50392,-0.11873,-7.7369,-25.319,0
0.13056,0.45262,-0.037642,-1.8203,-25.477,0
0.035589,0.76041,0.007406,7.9647,-26.7,0
-1.7689,1.299,-0.019623,-0.68254,-27.275,0
-2.5287,1.376,-0.11744,-7.9645,-26.455,0
-1.579,1.4273,-0.14447,1.8206,-26.685,0
-0.81917,1.6068,-0.13417,6.3718,-25.333,0
-0.15436,1.5812,-0.17665,-5.0062,-25.837,0
1.2702,1.812,-0.241,-7.0542,-25.449,0
0.7004,2.0172,-0.22556,4.5513,-25.377,0
-0.7242,1.7094,-0.14061,4.3238,-25.765,0
-0.43928,1.4786,-0.083977,-7.5093,-24.557,0
1.0803,1.4273,-0.12903,-4.3235,-24.643,0
0.22554,0.86301,-0.19209,6.8269,-22.788,0
-1.294,0.68346,-0.18308,1.3655,-22.198,0
-2.1488,0.86301,-0.20625,-8.6471,-21.407,0
-1.484,0.99126,-0.27061,-0.9101,-20.803,0
-0.7242,0.99126,-0.3311,7.282,-21.694,0
-1.294,0.76041,-0.3414,-1.8203,-20.86,0
-0.7242,0.60652,-0.30407,-7.9645,-21.436,0
-0.15436,0.63217,-0.28605,2.2757,-19.925,0
0.7004,0.60652,-0.28219,6.1442,-18.76,0
1.2702,0.55522,-0.27447,-5.0062,-18.012,0
0.89035,0.58087,-0.20625,-5.4613,-16.603,0
-0.24933,0.40132,-0.11358,6.1442,-17.351,0
-1.0091,0.52957,-0.073681,3.6411,-16.66,0
-1.294,0.55522,-0.087839,-7.2818,-17.279,0
-2.3388,0.96561,-0.16506,-2.7306,-16.718,0
-2.3388,1.8377,-0.26674,7.7372,-15.567,0
-1.294,2.402,-0.30021,1.1379,-15.035,0
-0.81917,1.7094,-0.22427,-7.7369,-13.064,0
0.51046,0.11918,-0.080116,1.1379,-13.151,0
1.2702,-0.4451,-0.046652,7.7372,-11.971,0
-0.15436,-0.62465,-0.054374,-1.1377,-12.129,0
-2.3388,-0.62465,-0.13675,-7.2818,-12.216,0
-2.3388,-0.34251,-0.23972,3.6411,-11.382,0
-1.1041,-0.52205,-0.3607,6.5994,-11.669,0
-1.0091,-0.95809,-0.40575,-5.2337,-10.015,0
-1.389,-1.2915,-0.37486,-5.6889,-10.087,0
-1.389,-1.7019,-0.27447,5.9167,-9.224,0
-0.81917,-2.1636,-0.11873,4.5513,-9.0658,0
-0.53425,-2.7535,0.044732,-6.8267,-9.5405,0
-0.15436,-3.2409,0.07176,-3.4133,-8.8501,0
0.60543,-3.4204,0.0086931,7.282,-9.7562,0
1.5552,-3.5487,-0.024771,0.91037,-8.6343,0
2.125,-3.4717,-0.02992,-8.6471,-8.735,0
2.22,-3.1383,0.0048318,1.1379,-8.059,0
2.22,-2.8561,0.085918,6.8269,-7.1528,0
2.315,-2.9844,0.12324,-2.9581,-7.2823,0
2.315,-3.5487,0.1374,-7.7369,-5.9734,0
2.315,-3.5743,0.16958,3.4135,-6.4624,0
1.8401,-3.01,0.16057,5.9167,-5.4556,0
0.60543,-2.7535,0.098789,-6.144,-5.2255,0
-0.24933,-2.9844,0.10008,-5.6889,-4.9234,0
-1.294,-3.5487,0.11938,6.5994,-3.7727,0
-1.1991,-3.5743,0.094928,3.186,-4.1035,0
-0.7242,-3.523,0.0086931,-7.7369,-2.8234,0
-0.24933,-3.7795,0.020277,-2.503,-3.4131,0
-0.34431,-3.9078,0.10651,7.9647,-2.9529,0
-1.1041,-4.1899,0.14126,0.68281,-2.809,0
0.32051,-4.3181,0.14899,-8.192,-3.3988,0
0.51046,-4.549,0.23007,-0.22742,-2.4495,0
0.41548,-4.1386,0.36779,7.5096,-3.0536,0
0.60543,-3.9334,0.427,-3.1857,-2.0467,0
0.7004,-4.2412,0.33947,-8.192,-2.2337,0
1.3652,-4.8568,0.28799,3.6411,-2.1043,0
2.5999,-5.0876,0.28928,6.1442,-1.457,0
3.0747,-4.8568,0.15928,-5.4613,-2.0323,0
1.9351,-4.2412,-0.099422,-5.0062,-0.82413,0
0.41548,-3.9334,-0.3903,6.5994,-1.2988,0
0.13056,-3.6,-0.6297,3.186,-0.34948,0
0.60543,-3.7795,-0.65673,-7.5093,0.053256,0
0.7004,-4.549,-0.35813,-1.3652,0.067639,0
0.79538,-5.498,0.10136,7.7372,1.0889,0
0.13056,-6.1649,0.52996,0.00013542,0.52791,0
-1.0091,-6.7292,0.73847,-7.9645,1.6786,0
-1.1991,-6.7035,0.73461,1.8206,1.2327,0
-0.91415,-6.2418,0.67541,7.0545,1.693,0
-0.24933,-5.9597,0.566,-1.8203,1.8799,0
-0.15436,-5.6519,0.42828,-7.0542,1.319,0
0.035589,-5.8315,0.31631,3.8687,2.0382,0
0.13056,-5.8827,0.22106,5.4616,1.0169,0
-0.059385,-5.3954,0.16829,-5.2337,1.319,0
0.51046,-4.9594,0.12067,-5.4613,0.61421,0
1.4602,-5.0107,0.11681,6.3718,0.16832,0
1.4602,-5.0107,0.14899,2.9584,0.29777,0
0.7004,-4.2925,0.14641,-8.4196,-0.8529,0
0.035589,-3.6769,0.043444,-2.9581,-0.46455,0
-0.62923,-3.3178,-0.045365,7.5096,-1.6871,0
-1.1991,-3.7026,0.046019,0.2277,-1.5577,0
0.51046,-4.4464,0.23007,-7.9645,-1.831,0
1.7451,-4.985,0.38324,0.2277,-2.5789,0
1.6501,-5.3441,0.46561,5.9167,-2.1043,0
0.51046,-4.8824,0.43729,-2.7306,-3.1974,0
0.13056,-4.0104,0.3665,-8.192,-2.4495,0
-0.059385,-4.1386,0.3369,3.4135,-3.0392,0
-0.53425,-4.0104,0.3871,5.234,-2.9816,0
-0.53425,-3.9078,0.42571,-5.6889,-2.6796,0
-0.7242,-3.6256,0.32403,-5.4613,-3.4419,0
-0.7242,-2.6509,0.17215,6.8269,-2.4782,0
0.035589,-1.7276,0.074335,3.186,-3.3844,0
-0.059385,-0.85549,-0.047939,-7.7369,-2.8378,0
-1.0091,-0.11166,-0.21526,-1.8203,-3.1542,0
-1.389,0.17048,-0.26674,9.1025,-3.8015,0
-1.1041,0.22178,-0.11873,0.91037,-3.2262,0
-0.81917,-0.086014,0.12711,-7.7369,-3.9309,0
-0.81917,-0.23991,0.24809,1.8206,-2.6364,0
-0.15436,-0.3938,0.19275,6.5994,-2.7947,0
0.60543,0.11918,0.10394,-3.6408,-2.2912,0
0.13056,0.17048,0.07176,-6.5991,-2.3488,0
0.035589,-0.060364,0.13869,4.5513,-3.3844,0
1.2702,-0.4964,0.22879,5.9167,-2.8234,0
0.13056,-1.1889,0.33947,-6.5991,-3.672,0
-0.91415,-2.2149,0.49907,-4.0959,-2.5933,0
-0.81917,-3.1639,0.64709,7.0545,-2.4638,0
-0.81917,-4.0617,0.77194,2.5033,-1.7159,0
-1.9589,-5.0363,0.76035,-7.7369,-0.53646,0
-2.6237,-4.8568,0.66511,-1.3652,-0.78098,0
-1.7689,-4.0617,0.58917,7.5096,0.24024,0
-0.91415,-2.2406,0.50294,-0.68254,-0.53646,0
-0.7242,-0.36816,0.31631,-7.5093,-0.004278,0
0.035589,0.91431,0.094928,2.7309,0.010105,0
-0.43928,1.3503,-0.047939,6.1442,0.082022,0
-1.294,1.6068,-0.081403,-4.5511,1.4628,0
0.32051,3.1201,-0.13546,-7.5093,1.4053,0
1.1753,4.0179,-0.21011,5.234,2.8868,0
0.32051,3.9666,-0.17665,4.5513,2.4697,0
0.79538,3.1714,-0.095561,-6.8267,2.4841,0
1.9351,2.7611,-0.037642,-5.2337,1.9519,0
1.6501,2.6585,0.064038,7.282,0.68613,0
0.035589,2.3763,0.25453,2.5033,1.2327,0
-2.4337,2.0172,0.46304,-7.5093,0.48476,0
-2.7186,2.402,0.53254,-0.22742,1.9662,0
-0.7242,2.838,0.427,7.0545,2.4553,0
0.32051,2.9406,0.32274,-2.7306,3.3471,0
-0.34431,1.9659,0.37423,-8.8747,4.3251,0
-0.62923,0.93996,0.51581,2.9584,4.0231,0
-0.7242,0.042233,0.62135,6.8269,5.5477,0
-0.62923,-1.1376,0.64838,-4.3235,5.6484,0
-0.7242,-1.1376,0.62135,-5.9164,7.3888,0
-0.059385,-0.75289,0.47719,5.9167,8.3669,0
0.51046,0.067882,0.32789,4.0962,8.4532,0
0.89035,0.042233,0.2571,-6.5991,9.1292,0
0.41548,-0.086014,0.21463,-4.0959,7.8203,0
0.13056,0.27308,0.18502,8.1923,8.4675,0
0.51046,-0.26556,0.25195,1.5931,8.2374,0
1.5552,-1.1633,0.28799,-8.4196,8.9854,0
1.6501,-0.599,0.28284,0.00013542,9.9922,0
1.2702,0.52957,0.2571,6.8269,9.8052,0
0.89035,0.99126,0.25453,-0.9101,10.625,0
0.32051,1.0682,0.22364,-7.2818,9.3018,0
-0.43928,1.0682,0.14126,1.5931,9.2155,0
-0.15436,1.3247,0.093641,7.9647,8.7265,0
1.0803,1.7864,0.10909,-3.6408,8.5395,0
0.79538,2.0172,0.18116,-6.8267,9.7764,0
0.41548,2.2481,0.26096,4.7789,9.8915,0
0.51046,2.2481,0.2867,5.4616,11.574,0
1.4602,2.3507,0.2275,-6.8267,11.272,0
1.6501,3.0688,0.15156,-4.3235,11.603,0
0.98533,3.1458,0.10265,7.282,11.431,0
0.41548,3.4023,0.055028,2.7309,10.913,0
0.41548,3.6075,0.022851,-7.2818,11.862,0
0.51046,4.0948,0.01899,-0.9101,11.373,0
0.32051,5.0951,-0.047939,7.5096,12.394,0
0.035589,5.5055,-0.1818,-1.5928,12.322,0
1.8401,5.7877,-0.23457,-8.4196,12.61,0
2.7898,5.6851,-0.21269,2.5033,13.401,0
1.2702,5.3003,-0.16506,6.3718,13.041,0
0.41548,5.4799,-0.16764,-5.4613,14.005,0
0.60543,5.5568,-0.2912,-7.0542,12.854,0
0.79538,5.5568,-0.40832,5.9167,12.581,0
0.89035,5.5568,-0.31694,3.6411,11.718,0
0.79538,5.0438,-0.18952,-8.4196,10.884,0
1.3652,4.5309,-0.17793,-2.9581,11.474,0
1.4602,4.1974,-0.26031,7.282,10.452,0
1.0803,4.4796,-0.28991,1.1379,10.726,0
0.79538,4.377,-0.23328,-7.9645,9.6038,0
1.9351,3.7614,-0.081403,0.91037,9.0717,0
2.22,3.0432,0.076909,7.0545,9.1148,0
0.7004,3.0175,0.12453,-2.9581,8.1799,0
-0.91415,3.0175,0.10909,-6.8267,8.9997,0
-0.62923,2.4533,0.091067,5.0064,7.9929,0
0.32051,1.4529,0.020277,5.6891,8.1799,0
0.79538,1.1708,-0.086552,-5.9164,7.4895,0
1.5552,1.6068,-0.19724,-5.0062,6.3244,0
1.2702,2.0942,-0.20754,7.0545,6.2094,0
0.22554,2.1711,-0.069819,1.8206,4.6559,0
0.035589,2.0172,0.12968,-7.7369,5.4183,0
-0.059385,2.2224,0.19146,-1.5928,5.1594,0
0.32051,3.0688,0.12324,8.1923,5.5477,0
0.035589,3.0945,0.05889,-0.68254,5.4614,0
0.32051,2.2481,-0.00031657,-8.192,3.6203,0
1.1753,1.6838,-0.12903,1.8206,3.1025,0
1.5552,1.4786,-0.32595,6.3718,1.0313,0
0.98533,0.78606,-0.4508,-3.4133,1.0313,0
0.89035,0.093531,-0.33367,-7.2818,0.71489,0
0.89035,-0.086014,-0.071106,5.4616,0.82996,0
0.98533,0.24743,0.08077,4.7789,1.6498,0
0.89035,-0.31686,0.12324,-5.9164,0.52791,0
0.79538,-0.95809,0.13611,-5.0062,0.44161,0
0.41548,-0.26556,0.1181,6.3718,-1.6008,0
-0.53425,0.63217,0.069186,2.5033,-2.2912,0
0.41548,1.2734,-0.040216,-7.7369,-2.809,0
1.2702,1.7094,-0.1316,-1.8203,-3.2549,0
0.51046,1.8633,-0.15734,7.0545,-2.0323,0
-0.62923,2.1455,-0.16378,-0.22742,-2.2769,0
0.035589,2.4533,-0.13546,-8.192,-1.2269,0
0.51046,2.3507,-0.12259,0.45525,-2.0036,0
1.4602,1.7864,-0.13804,7.282,-2.5358,0
1.4602,1.8633,-0.13675,-1.8203,-2.7659,0
0.32051,2.3507,-0.12516,-7.7369,-3.7583,0
-0.24933,2.325,-0.15605,3.4135,-2.6508,0
-0.15436,1.9659,-0.17793,5.4616,-2.7803,0
-0.15436,1.6325,-0.1612,-6.144,-1.5145,0
-0.43928,1.7351,-0.18051,-5.4613,-1.2125,0
-0.15436,2.0172,-0.19724,6.1442,-1.5433,0
1.6501,1.889,-0.14061,3.186,-1.1262,0
2.6949,1.3503,-0.054374,-7.2818,-2.4207,0
2.6949,1.1195,-0.014475,-2.0479,-1.8454,0
2.9798,1.5042,-0.036355,7.5096,-2.6077,0
3.3597,1.1965,-0.096848,0.68281,-2.1043,0
2.4099,0.78606,-0.10972,-7.7369,-1.5577,0
0.7004,0.68346,-0.11358,1.3655,-1.946,0
-0.43928,0.81171,-0.074968,6.8269,-1.1262,0
-0.62923,1.0169,0.04087,-3.8684,-2.2337,0
-0.7242,1.5299,0.096215,-7.2818,-1.8022,0
-1.1991,1.889,0.076909,5.0064,-2.2337,0
-1.7689,2.4789,-0.010613,5.234,-2.2912,0
-2.0538,3.1201,-0.12388,-6.5991,-1.6152,0
-1.579,3.3766,-0.23071,-3.8684,-2.3632,0
-0.7242,3.1458,-0.3015,7.282,-1.4858,0
-0.81917,2.5815,-0.34912,2.2757,-2.1906,0
-0.24933,1.7607,-0.31308,-7.7369,-1.9892,0
-0.24933,1.7351,-0.21397,-0.68254,-1.7734,0
0.13056,1.6068,-0.072394,7.9647,-2.4495,0
1.2702,1.7607,0.064038,-0.68254,-1.4426,0
1.3652,2.1198,0.1181,-8.4196,-2.1762,0
0.41548,2.2737,0.11166,2.2757,-1.4282,0
0.89035,2.4533,0.034435,6.5994,-1.8166,0
0.51046,2.0429,-0.12774,-4.0959,-2.1618,0
-1.389,1.5812,-0.22041,-8.192,-1.7591,0
-2.0538,1.1452,-0.12774,4.3238,-2.8378,0
-1.1041,0.40132,0.0099801,4.3238,-2.3919,0
-0.7242,-0.21426,0.013841,-7.5093,-3.7727,0
-0.7242,-0.21426,-0.095561,-3.4133,-3.7008,0
-1.1991,0.60652,-0.21011,6.5994,-3.9309,0
-0.7242,1.1965,-0.28476,1.1379,-4.0316,0
-0.15436,1.1195,-0.31437,-7.7369,-2.8234,0
-0.43928,0.60652,-0.32852,-0.45498,-2.8953,0
-0.059385,0.78606,-0.40189,6.5994,-1.4714,0
0.51046,1.2477,-0.4508,-3.1857,-1.8885,0
0.13056,1.0939,-0.40961,-8.4196,-2.0611,0
-0.43928,1.0682,-0.33496,3.6411,-2.6652,0
-0.059385,0.96561,-0.27189,5.234,-4.2761,0
0.035589,0.76041,-0.27833,-5.9164,-4.4919,0
-1.7689,1.1195,-0.3105,-6.144,-6.2323,0
-1.8639,0.78606,-0.27575,5.4616,-6.0597,0
-1.7689,0.37567,-0.17922,3.186,-6.822,0
-0.81917,0.50392,-0.096848,-7.2818,-7.1528,0
0.32051,0.91431,-0.087839,-3.1857,-6.8364,0
0.13056,1.2221,-0.10328,8.1923,-7.7426,0
0.035589,0.83736,-0.1419,1.3655,-6.822,0
-0.059385,0.37567,-0.18308,-7.5093,-7.5268,0
0.13056,0.78606,-0.2513,0.45525,-7.1384,0
-0.059385,1.1708,-0.3208,6.8269,-7.2823,0
-0.91415,0.78606,-0.32209,-1.5928,-7.9871,0
-1.294,0.22178,-0.26674,-7.9645,-7.4836,0
-1.0091,0.17048,-0.28219,3.186,-8.5768,0
0.035589,0.42697,-0.32724,6.3718,-7.9439,0
0.60543,0.55522,-0.29635,-5.0062,-8.5624,0
0.79538,-0.29121,-0.21011,-5.2337,-8.6631,0
0.98533,-0.75289,-0.11615,7.5096,-8.1309,0
-0.34431,-0.72725,-0.074968,3.6411,-8.5193,0
-0.53425,-0.6503,-0.0041778,-7.5093,-7.2535,0
-0.15436,-0.31686,0.08077,-3.1857,-7.6994,0
-0.91415,0.042233,0.14899,7.5096,-6.7932,0
-1.1041,0.68346,0.20819,1.8206,-6.635,0
-0.62923,0.99126,0.22235,-8.192,-6.7069,0
-1.294,0.99126,0.21978,-0.68254,-5.9015,0
-1.7689,0.73476,0.23136,7.7372,-6.8508,0
-1.294,-0.21426,0.24166,-0.9101,-6.0597,0
-0.81917,-0.77854,0.23908,-7.0542,-6.6926,0
-0.7242,-0.72725,0.24037,3.4135,-6.333,0
-0.24933,-0.57335,0.25195,6.8269,-5.9878,0
0.035589,-0.23991,0.23007,-5.6889,-6.1172,0
-0.62923,0.55522,0.12582,-6.3715,-4.8227,0
-1.1041,0.60652,-0.006752,5.4616,-5.1823,0
-0.7242,0.37567,-0.068532,3.6411,-4.0029,0
0.60543,0.29873,-0.083977,-7.5093,-3.9166,0
0.035589,1.0939,-0.13546,-3.8684,-3.7008,0
-0.53425,1.9403,-0.23972,7.0545,-2.7803,0
-0.53425,2.5559,-0.38129,0.45525,-3.4419,0
-1.9589,2.8637,-0.47397,-8.192,-2.507,0
-2.7186,2.5302,-0.54347,-0.68254,-3.2693,0
-1.579,2.325,-0.60396,7.0545,-2.8522,0
-0.91415,2.2994,-0.61168,-2.503,-2.3775,0
-0.53425,2.325,-0.59624,-8.8747,-2.6221,0
-1.389,2.6585,-0.55248,2.7309,-1.3707,0
-1.8639,2.915,-0.52674,6.5994,-1.6728,0
-2.0538,3.0432,-0.54476,-5.4613,-0.594,0
-1.0091,3.0688,-0.51644,-5.6889,-0.43578,0
0.41548,3.3253,-0.41862,6.5994,-0.5077,0
0.79538,2.915,-0.33625,3.6411,-0.018661,0
0.32051,2.7354,-0.31308,-7.0542,-0.91043,0
-0.53425,2.6328,-0.26417,-2.503,0.067639,0
0.035589,2.0172,-0.19081,8.4198,-0.46455,0
0.51046,1.5555,-0.049226,0.2277,0.42722,0
0.79538,0.32437,0.10909,-8.4196,0.94503,0
0.79538,-0.4451,0.24809,0.00013542,0.71489,0
0.89035,-0.75289,0.36522,8.1923,1.7217,0
0.035589,-0.72725,0.46561,-2.2755,1.0169,0
-0.15436,-0.6503,0.54283,-7.9645,1.9519,0
0.51046,-1.1633,0.52224,3.6411,1.6067,0
0.7004,-1.5737,0.44244,6.1442,1.6498,0
0.60543,-1.3172,0.38066,-5.2337,1.9375,0
-0.059385,-1.8815,0.32532,-4.3235,0.78681,0
0.22554,-4.0104,0.29571,7.282,1.2183,0
-0.059385,-5.1646,0.31502,3.186,-0.11935,0
-1.1991,-5.4724,0.39868,-7.2818,0.16832,0
-1.484,-5.2672,0.45403,-1.3652,-0.076195,0
-1.484,-4.8568,0.43472,7.9647,-0.55085,0
-2.0538,-4.4977,0.3768,-0.45498,0.13956,0
-1.7689,-4.0104,0.34977,-7.0542,-0.75222,0
0.32051,-3.3691,0.33561,1.5931,0.067639,0
0.7004,-3.0613,0.29829,6.1442,-0.65153,0
-0.15436,-3.0357,0.27126,-3.8684,-0.55085,0
-0.43928,-2.574,0.27126,-7.5093,-0.594,0
-0.059385,-2.2919,0.24166,4.0962,-1.5002,0
0.13056,-2.138,0.16314,5.6891,-1.155,0
-0.91415,-1.6763,0.12582,-7.2818,-2.3344,0
-0.15436,-0.88114,0.12582,-5.2337,-1.831,0
1.6501,-1.0094,0.10265,6.3718,-2.3344,0
1.0803,-1.9328,0.060177,2.5033,-2.3344,0
0.32051,-3.2409,0.04988,-7.5093,-1.8166,0
0.7004,-3.4717,0.082057,-1.1377,-2.3488,0
0.035589,-2.9587,0.14512,7.5096,-1.3419,0
-0.34431,-2.6766,0.19532,-1.1377,-2.1474,0
-0.62923,-2.061,0.16572,-7.2818,-1.4426,0
-0.53425,-1.0094,0.087205,1.8206,-1.4426,0
-0.43928,-0.4451,0.0048318,7.5096,-1.3132,0
-0.7242,-0.47075,-0.053087,-3.8684,-0.36386,0
-0.81917,-0.26556,-0.0016037,-7.2818,-0.95358,0
-0.7242,-0.21426,0.074335,4.7789,0.11079,0
-0.62923,-0.4451,0.088493,4.5513,-0.43578,0
-0.24933,-0.62465,0.067899,-7.0542,-0.10496,0
1.1753,-0.88114,0.043444,-3.1857,0.21147,0
1.3652,-1.0094,0.027999,6.8269,-0.29195,0
1.0803,-1.0607,-0.023484,2.0482,0.71489,0
0.32051,-1.2915,-0.102,-8.192,-0.004278,0
-0.34431,-1.0607,-0.15863,-1.1377,1.1895,0
-0.43928,-0.23991,-0.21655,6.5994,1.4053,0
-0.7242,0.093531,-0.27189,-1.8203,1.6786,0
-1.9589,0.19613,-0.28219,-7.7369,2.5272,0
-2.7186,0.42697,-0.26417,3.6411,1.6786,0
-1.0091,0.27308,-0.2217,5.6891,2.5704,0
0.035589,-0.060364,-0.20239,-5.6889,2.0813,0
-0.34431,-0.034715,-0.19853,-5.4613,2.8724,0
-2.3388,0.52957,-0.20754,7.282,3.606,0
-1.579,0.067882,-0.19853,4.0962,3.5053,0
0.035589,-0.599,-0.15734,-7.2818,4.5553,0
0.035589,-0.3938,-0.1213,-3.6408,4.1094,0
0.22554,-0.060364,-0.083977,7.0545,5.7491,0
0.035589,-0.41945,-0.032494,0.00013542,6.2381,0
0.13056,-1.035,0.021564,-7.9645,6.9429,0
1.8401,-0.82984,0.052454,0.68281,7.9929,0
2.8848,-0.599,0.094928,7.5096,7.6045,0
2.03,-0.11166,0.15156,-4.0959,8.7121,0
0.60543,-0.086014,0.17859,-7.5093,8.0073,0
0.32051,-0.11166,0.1477,4.7789,8.8415,0
0.7004,-0.16296,0.084631,4.0962,8.9854,0
0.79538,-0.26556,0.035722,-6.3715,9.2011,0
0.98533,-1.0094,0.037009,-4.0959,10.395,0
1.5552,-1.5737,0.098789,6.1442,9.9203,0
1.8401,-1.4454,0.15671,1.8206,10.87,0
1.5552,-0.95809,0.2069,-8.4196,10.194,0
1.6501,-0.62465,0.18889,-1.3652,10.381,0
2.22,-0.6503,0.158,7.5096,10.611,0
2.125,-0.85549,0.052454,-0.9101,10.15,0
1.8401,-0.4451,-0.098135,-8.8747,11.33,0
-0.24933,-0.0090658,-0.16506,2.2757,10.97,0
-1.6739,-0.29121,-0.11615,7.0545,12.222,0
-0.81917,-0.34251,-0.022197,-4.7786,11.991,0
-0.24933,-0.18861,0.034435,-6.3715,11.502,0
0.035589,-0.13731,0.067899,6.1442,11.445,0
-0.059385,-0.18861,0.11166,4.7789,10.467,0
0.89035,-0.75289,0.14384,-6.8267,11.689,0
1.1753,-0.95809,0.17087,-3.6408,11.488,0
0.32051,-1.0607,0.22364,7.5096,12.653,0
-1.1041,-1.0607,0.2172,1.3655,12.926,0
-1.389,-1.3172,0.1477,-7.7369,12.207,0
-0.24933,-1.2659,0.013841,-0.22742,12.394,0
-0.81917,-0.52205,-0.13932,7.282,10.481,0
-1.1041,0.22178,-0.23328,-1.5928,10.409,0
-0.81917,0.016583,-0.21397,-8.6471,9.46,0
-1.389,-0.4451,-0.1419,2.7309,9.7333,0
-1.294,-0.88114,-0.041503,7.5096,10.711,0
-0.81917,-1.4967,-0.0054649,-3.6408,10.568,0
-0.53425,-1.4454,-0.10328,-7.5093,11.502,0
-0.53425,-0.6503,-0.1818,5.0064,10.064,0
-0.15436,-0.13731,-0.18308,5.4616,9.6614,0
0.51046,0.58087,-0.17665,-5.6889,8.4963,0
0.79538,1.1708,-0.19209,-4.3235,7.5902,0
0.035589,1.1452,-0.20496,7.282,8.1511,0
0.035589,0.76041,-0.18823,2.7309,7.5182,0
1.2702,0.73476,-0.15219,-7.7369,8.6689,0
1.9351,0.91431,-0.15477,-1.3652,7.9785,0
1.5552,1.2477,-0.17793,6.8269,8.0073,0
0.41548,1.1195,-0.16249,-0.45498,7.5614,0
0.13056,0.45262,-0.10071,-8.6471,6.4539,0
-0.53425,0.067882,-0.036355,2.0482,7.0292,0
-0.53425,0.32437,0.0099801,6.3718,6.2813,0
-0.059385,0.24743,0.027999,-4.7786,7.3456,0
-0.53425,-0.29121,0.017703,-7.2818,7.2593,0
-0.7242,-0.16296,0.021564,5.0064,6.9861,0
-1.1041,0.47827,-0.0028907,4.5513,7.1587,0
-1.294,0.32437,-0.044078,-6.5991,5.8354,0
-0.24933,-0.5477,-0.045365,-4.7786,6.3388,0
0.41548,-1.1889,0.013841,6.5994,5.4614,0
0.60543,-1.8815,0.061464,1.5931,6.1806,0
1.9351,-1.8815,0.10909,-7.9645,6.6696,0
2.7898,-1.6506,0.13097,-0.45498,6.684,0
1.4602,-1.9071,0.1477,8.1923,7.4895,0
-0.059385,-1.6506,0.1374,-1.3652,6.2094,0
0.13056,-1.2659,0.098789,-8.6471,6.6121,0
-0.43928,-1.548,0.10651,2.9584,5.447,0
-1.7689,-2.061,0.13869,6.3718,5.4758,0
-1.389,-2.4457,0.15542,-5.4613,5.5621,0
0.13056,-2.3431,0.17344,-6.5991,5.0587,0
1.8401,-2.2919,0.22621,6.3718,6.195,0
1.1753,-2.1893,0.22621,5.234,5.3463,0
-0.059385,-1.9584,0.21334,-6.5991,6.008,0
0.51046,-1.8045,0.25453,-4.5511,5.634,0
1.0803,-1.5224,0.30472,7.282,5.4758,0
0.98533,-1.1633,0.34977,3.186,5.9648,0
1.4602,-1.1889,0.33561,-7.9645,5.1162,0
2.7898,-0.88114,0.29829,-1.3652,6.1518,0
3.0747,-1.4967,0.27898,7.5096,5.2888,0
1.7451,-2.0097,0.32532,-1.3652,5.7922,0
1.7451,-1.9071,0.35235,-8.192,5.7347,0
1.5552,-1.5993,0.36393,3.186,5.1737,0
0.22554,-1.9584,0.36908,6.3718,5.6916,0
-0.34431,-2.1123,0.33819,-5.0062,4.6272,0
-0.62923,-1.6763,0.30344,-7.2818,5.3895,0
-0.7242,-1.1889,0.29571,5.234,4.9292,0
-0.7242,-1.3172,0.27126,4.0962,5.1162,0
-0.059385,-1.2915,0.24166,-7.2818,5.5909,0
0.13056,-1.1376,0.15156,-3.6408,4.7854,0
0.13056,-0.47075,0.05889,7.282,5.4039,0
0.035589,-0.034715,0.034435,1.5931,4.3251,0
-0.53425,-0.31686,0.038296,-8.4196,4.7998,0
0.13056,-0.77854,0.0086931,-0.45498,4.8142,0
0.60543,-0.72725,-0.013187,7.282,4.8717,0
0.7004,-1.1376,0.022851,-1.8203,5.9361,0
1.4602,-0.85549,0.055028,-8.4196,5.332,0
1.9351,-0.62465,0.04087,2.7309,6.1518,0
2.03,-0.90679,0.022851,6.1442,5.2457,0
2.315,-1.1889,0.042157,-5.4613,4.8861,0
1.6501,-1.0607,0.065325,-6.8267,4.584,0
0.41548,-1.0094,0.08978,5.4616,3.606,0
-0.43928,-0.67595,0.05889,4.5513,4.6272,0
0.035589,-0.086014,0.060177,-7.0542,4.282,0
0.51046,0.093531,0.031861,-4.3235,5.4902,0
0.22554,-0.13731,-0.045365,7.9647,5.4614,0
-1.0091,-0.36816,-0.089126,1.3655,5.2169,0
-1.294,0.042233,-0.067245,-7.2818,5.5477,0
-0.24933,0.45262,-0.028633,-1.1377,4.4402,0
0.60543,0.32437,-0.017049,8.1923,4.9868,0
0.13056,0.016583,-0.049226,-1.1377,4.0518,0
-0.34431,0.32437,-0.081403,-8.192,4.6272,0
0.51046,0.27308,-0.092987,3.4135,5.2313,0
-0.059385,-0.26556,-0.11615,6.1442,5.3607,0
-2.1488,-0.21426,-0.11487,-4.5511,6.5977,0
-2.6237,0.29873,-0.085264,-5.6889,5.7491,0
-2.5287,0.86301,-0.065958,6.1442,6.382,0
-1.579,0.96561,-0.071106,4.5513,5.6053,0
-1.0091,0.73476,-0.11873,-7.0542,5.2888,0
-0.81917,0.58087,-0.19209,-4.0959,5.6916,0
-1.1041,0.37567,-0.22298,7.0545,5.145,0
-1.389,0.70911,-0.18694,2.2757,6.4826,0
0.13056,1.0169,-0.18437,-7.7369,5.8066,0
-0.62923,1.3247,-0.27318,-0.45498,6.2237,0
-1.0091,1.6325,-0.36328,7.9647,5.9648,0
-1.389,1.1965,-0.40189,0.00013542,5.2888,0
-2.2438,0.52957,-0.38129,-7.5093,5.9505,0
-1.6739,0.60652,-0.27318,1.8206,5.2025,0
-0.81917,0.88866,-0.16893,6.3718,6.4826,0
-0.53425,0.93996,-0.069819,-4.5511,6.5977,0
-0.62923,0.47827,0.011267,-5.4613,7.2593,0
-0.7242,0.32437,0.04087,5.4616,7.8922,0
-1.9589,0.73476,0.017703,3.8687,7.2018,0
-1.294,0.91431,-0.038929,-7.2818,7.9497,0
0.32051,0.27308,-0.062097,-3.8684,6.7847,0
-0.53425,0.19613,-0.062097,6.8269,7.2018,0
-1.0091,0.45262,-0.08269,0.91037,6.9429,0
-0.34431,0.55522,-0.11615,-8.4196,6.5258,0
1.0803,0.42697,-0.12774,-0.9101,7.0436,0
0.98533,0.58087,-0.096848,7.282,6.0368,0
0.32051,1.7607,-0.010613,-1.5928,6.9429,0
0.7004,2.8637,0.073047,-8.192,6.2381,0
0.89035,4.1205,0.10522,3.186,6.2094,0
1.3652,4.4539,0.11681,6.8269,5.9648,0
0.89035,4.0692,0.14512,-5.2337,4.9148,0
0.51046,3.6844,0.18374,-7.2818,5.4614,0
0.035589,2.9919,0.12582,5.234,4.3395,0
-1.7689,3.0175,0.047306,4.7789,4.9724,0
-1.9589,3.3766,-0.013187,-6.8267,4.4402,0
-1.0091,3.7357,-0.077542,-4.0959,4.2532,0
-1.1991,3.9153,-0.17279,7.282,4.2101,0
-1.7689,4.2487,-0.26803,2.7309,3.1025,0
-2.5287,4.813,-0.38902,-7.9645,3.9655,0
-1.7689,4.8386,-0.46882,-1.8203,3.2608,0
1.9351,5.0182,-0.47268,7.9647,4.0662,0
3.2647,5.1464,-0.43921,-0.45498,3.8217,0
1.2702,4.5822,-0.40961,-7.7369,3.419,0
0.035589,4.1461,-0.34654,3.6411,3.908,0
0.035589,3.8896,-0.26932,7.0545,2.9875,0
-0.15436,3.5818,-0.19081,-4.5511,3.9224,0
-0.91415,2.402,-0.14318,-6.144,3.1169,0
-0.62923,1.7094,-0.081403,7.0545,3.3758,0
0.89035,1.4529,0.064038,4.5513,3.1025,0
0.22554,1.4016,0.19275,-7.5093,2.1101,0
-0.7242,1.0939,0.20176,-3.1857,2.4984,0
-0.7242,0.47827,0.046019,7.282,1.3334,0
-0.15436,0.22178,-0.14576,0.91037,2.1676,0
-0.15436,-0.16296,-0.15091,-8.192,1.8799,0
-0.15436,-1.0607,0.042157,0.45525,1.9087,0
-0.059385,-1.6763,0.16443,7.0545,2.3258,0
0.22554,-1.8558,0.19017,-1.5928,1.2615,0
0.22554,-1.9071,0.23393,-8.4196,1.9087,0
0.32051,-2.0867,0.26225,3.4135,0.95941,0
-0.91415,-2.2662,0.2468,5.4616,1.5779,0
-1.294,-2.4714,0.21463,-4.7786,1.808,0
-1.0091,-2.0097,0.20176,-6.3715,1.6642,0
-1.389,-1.5737,0.23007,5.9167,2.6279,0
-1.389,-1.4711,0.22492,3.6411,1.8368,0
-0.24933,-1.7019,0.20433,-8.6471,2.3258,0
0.41548,-2.138,0.18116,-4.0959,1.4484,0
0.32051,-3.087,0.20948,7.0545,1.2327,0
0.32051,-3.7539,0.30086,0.68281,1.3621,0
-0.43928,-4.7285,0.39482,-7.7369,0.85873,0
-0.91415,-5.062,0.44502,-0.22742,1.9519,0
-0.24933,-4.549,0.42828,6.8269,1.3478,0
0.51046,-3.7795,0.35235,-2.9581,2.2827,0
0.22554,-3.0357,0.25453,-7.5093,2.1245,0
-1.1041,-2.7535,0.25195,4.5513,1.8656,0
-1.1991,-2.8818,0.26868,6.1442,2.1388,0
-1.0091,-2.497,0.29185,-6.144,0.95941,0
-0.7242,-2.3688,0.32274,-6.144,1.621,0
-0.059385,-2.4714,0.30086,5.4616,0.78681,0
0.32051,-2.0867,0.21077,3.186,1.3621,0
-0.43928,-1.7019,0.1374,-7.2818,1.7505,0
-2.4337,-1.9841,0.074335,-2.9581,1.3621,0
-1.484,-2.1636,0.00097052,7.7372,2.1101,0
0.22554,-1.7276,-0.036355,0.2277,1.1464,0
1.2702,-1.2659,-0.033781,-8.4196,1.8512,0
1.4602,-1.0607,-0.0028907,1.3655,1.1608,0
0.89035,-1.0607,0.011267,7.0545,1.132,0
0.22554,-0.93244,-0.044078,-3.6408,1.4916,0
-0.53425,-0.72725,-0.11744,-6.8267,0.90188,0
0.60543,-0.599,-0.15992,5.4616,1.9519,0
1.8401,-0.62465,-0.1715,5.9167,1.2039,0
0.98533,-0.57335,-0.15992,-6.8267,1.9375,0
0.035589,-0.57335,-0.14704,-5.2337,1.693,0
-0.62923,-0.34251,-0.17279,6.3718,1.319,0
-0.81917,0.042233,-0.24872,2.2757,1.7936,0
-0.62923,0.37567,-0.26932,-7.5093,0.84434,0
-1.1991,0.042233,-0.22684,-1.5928,1.8368,0
-2.0538,0.14483,-0.19209,7.282,1.2327,0
-1.389,0.45262,-0.20239,-1.8203,1.4772,0
-1.1041,0.81171,-0.19338,-8.192,1.7505,0
-0.24933,0.99126,-0.14576,2.2757,1.2471,0
0.60543,1.0169,-0.1316,6.8269,2.0957,0
0.22554,1.0169,-0.14318,-4.7786,1.1464,0
-1.0091,1.0426,-0.10972,-6.8267,1.6354,0
-1.7689,0.99126,-0.069819,5.4616,1.319,0
-1.579,0.99126,-0.037642,5.234,1.0026,0
-0.15436,0.58087,-0.0080391,-6.144,1.4628,0
1.1753,0.81171,-0.0016037,-4.7786,0.71489,0
0.22554,1.2221,-0.063384,7.0545,1.8368,0
-2.1488,1.4529,-0.17021,2.9584,1.2758,0
-1.9589,1.4273,-0.27447,-7.2818,1.506,0
-1.6739,1.4786,-0.3414,-1.8203,1.2615,0
-2.0538,1.9146,-0.38258,7.0545,0.39846,0
-1.579,1.6325,-0.38387,-1.5928,1.0169,0
-1.579,1.0939,-0.33882,-8.6471,0.024489,0
-1.1041,0.52957,-0.28862,1.3655,0.77243,0
-1.1041,0.29873,-0.25259,7.5096,0.45599,0
-0.62923,0.37567,-0.25259,-3.6408,0.45599,0
0.51046,0.29873,-0.26546,-7.5093,0.80119,0
0.60543,0.24743,-0.22684,3.8687,-0.34948,0
-0.34431,0.042233,-0.15605,5.9167,0.26901,0
0.035589,0.60652,-0.12259,-5.6889,-0.75222,0
0.22554,0.60652,-0.10071,-4.5511,-0.36386,0
0.41548,0.19613,-0.095561,7.282,-0.45016,0
0.7004,-0.13731,-0.10071,2.9584,-0.99673,0
0.7004,0.016583,-0.078829,-7.0542,-0.36386,0
1.3652,-0.34251,-0.035068,-2.0479,-1.4426,0
1.6501,-0.599,-0.017049,7.9647,-0.55085,0
0.32051,-0.6503,0.0048318,-0.45498,-0.82413,0
-1.0091,-0.80419,0.055028,-8.4196,-0.20565,0
-1.294,-0.67595,0.12196,2.2757,0.54229,0
-1.0091,-0.18861,0.15156,7.0545,-0.13373,0
-0.15436,-0.6503,0.10265,-3.8684,0.39846,0
0.32051,-0.599,0.007406,-5.4613,-0.89605,0
0.89035,-0.13731,-0.092987,5.4616,-0.65153,0
0.79538,-0.0090658,-0.18694,4.3238,-0.75222,0
0.13056,0.14483,-0.22041,-6.8267,-0.39263,0
0.13056,0.47827,-0.2513,-3.6408,1.0313,0
0.60543,0.58087,-0.30664,7.5096,0.67174,0
-0.43928,0.32437,-0.30664,2.2757,1.5635,0
-1.0091,0.47827,-0.27833,-8.4196,0.49914,0
-0.34431,0.60652,-0.28476,-1.1377,0.19709,0
-0.059385,0.52957,-0.25387,7.7372,-0.004278,0
0.22554,0.093531,-0.2114,-1.8203,-0.60838,0
0.79538,-0.16296,-0.15091,-8.4196,0.74366,0
0.035589,0.016583,-0.080116,2.9584,0.39846,0
0.13056,-0.11166,-0.027345,6.1442,1.4197,0
1.1753,-0.18861,0.0099801,-4.5511,1.0313,0
1.5552,-0.41945,0.012554,-6.144,0.68613,0
-0.24933,-0.36816,0.0099801,5.4616,0.94503,0
-0.43928,-0.5477,-0.0028907,4.0962,0.12517,0
1.2702,-0.31686,0.020277,-7.2818,1.0601,0
1.2702,0.016583,0.035722,-3.8684,0.35531,0
-0.15436,-0.36816,0.0061189,6.8269,1.0026,0
-1.0091,-0.57335,-0.031207,2.5033,1.319,0
0.32051,-0.6503,-0.040216,-8.192,0.98818,0
1.7451,-0.80419,-0.0041778,0.00013542,1.7793,0
0.98533,-0.7016,0.043444,7.282,0.72928,0
-0.24933,-0.6503,0.070473,-2.0479,1.5635,0
-0.53425,-0.88114,0.094928,-8.8747,1.0889,0
-0.81917,-0.75289,0.079483,2.7309,1.319,0
-0.62923,-0.90679,0.034435,7.0545,1.7361,0
-0.7242,-0.98374,0.0035447,-4.0959,1.0745,0
-1.1991,-0.75289,0.0061189,-5.9164,1.8368,0
-0.059385,-0.599,0.0061189,4.7789,0.67174,0
2.03,-0.29121,-0.023484,4.5513,0.88749,0
3.5496,0.016583,-0.015762,-7.2818,0.72928,0
3.4546,0.17048,0.0099801,-4.0959,0.59983,0
3.2647,0.14483,0.016416,7.7372,1.7649,0
1.8401,-0.086014,0.042157,1.5931,1.2471,0
0.89035,-0.13731,0.087205,-8.4196,2.2395,0
0.98533,0.016583,0.08978,-0.9101,1.4053,0
0.79538,-0.060364,0.082057,7.0545,1.2615,0
0.60543,-0.13731,0.092354,-0.68254,1.4916,0
1.4602,0.042233,0.11938,-7.2818,0.93064,0
1.4602,-0.086014,0.13225,2.7309,2.2252,0
1.6501,-0.16296,0.1374,6.3718,1.5779,0
1.3652,-0.23991,0.16443,-5.6889,2.3834,0
1.1753,-0.52205,0.1979,-6.3715,2.369,0
0.98533,-0.95809,0.21591,5.4616,2.0382,0
0.79538,-0.31686,0.2571,3.4135,2.7286,0
1.5552,-0.16296,0.29314,-7.7369,1.7649,0
0.89035,-0.18861,0.24166,-4.5511,2.4697,0
0.32051,-0.16296,0.14126,7.282,1.6786,0
0.035589,0.042233,0.048593,1.5931,1.8224,0
-1.1041,0.19613,-0.018336,-7.9645,1.9519,0
-1.484,0.22178,0.012554,-0.9101,1.2183,0
-0.34431,0.14483,0.08077,6.5994,1.8656,0
-0.62923,-0.34251,0.13097,-1.3652,0.88749,0
-2.2438,-0.23991,0.13225,-8.6471,1.4628,0
-2.9086,-0.0090658,0.075622,3.186,0.93064,0
-0.53425,0.11918,-0.014475,7.0545,0.87311,0
2.315,-0.26556,-0.089126,-4.5511,1.0601,0
2.03,-0.26556,-0.10328,-5.6889,0.34092,0
-0.62923,-0.26556,-0.11358,6.3718,1.1464,0
-1.8639,0.042233,-0.15219,4.5513,0.010105,0
0.79538,0.016583,-0.17793,-6.5991,0.36969,0
1.9351,0.32437,-0.2217,-3.4133,-0.37825,0
0.60543,0.24743,-0.2809,7.7372,-0.96797,0
-0.15436,-0.086014,-0.25387,1.3655,-0.37825,0
-0.059385,-0.11166,-0.19338,-8.192,-1.0974,0
-0.059385,0.093531,-0.19209,0.45525,0.28339,0
-0.53425,0.42697,-0.21269,7.9647,-0.047428,0
-0.43928,0.37567,-0.15734,-1.3652,0.74366,0
0.51046,0.24743,-0.058236,-7.7369,1.132,0
1.3652,0.47827,-0.013187,4.0962,0.77243,0
0.89035,0.24743,-0.02091,6.1442,1.808,0
1.3652,0.016583,-0.064671,-6.3715,1.0313,0
1.3652,0.093531,-0.16249,-5.6889,1.8943,0
1.1753,0.37567,-0.21655,7.282,1.5491,0
0.035589,0.24743,-0.22041,3.8687,1.4197,0
0.7004,0.29873,-0.20625,-6.8267,1.9087,0
1.2702,0.50392,-0.21655,-2.0479,1.0745,0
0.51046,0.88866,-0.25387,7.282,1.9519,0
0.79538,1.0169,-0.26674,0.00013542,1.0457,0
0.7004,0.65782,-0.21011,-8.6471,1.3334,0
0.41548,0.35002,-0.1316,1.5931,1.2902,0
0.13056,0.22178,-0.11873,6.8269,0.65736,0
-0.43928,-0.0090658,-0.15605,-4.0959,1.2902,0
-0.53425,0.11918,-0.21011,-7.9645,0.29777,0
0.035589,0.45262,-0.23972,4.0962,1.1464,0
1.2702,0.63217,-0.19982,6.1442,0.41284,0
1.4602,0.60652,-0.1419,-5.9164,0.77243,0
1.0803,0.58087,-0.10328,-5.9164,1.0457,0
1.4602,0.68346,-0.096848,7.0545,0.52791,0
1.6501,0.81171,-0.094274,3.6411,1.3765,0
0.89035,0.68346,-0.13675,-7.7369,0.35531,0
1.5552,0.58087,-0.17922,-2.503,1.2183,0
2.6949,0.40132,-0.19209,7.282,0.52791,0
1.9351,0.42697,-0.20882,-0.45498,0.55667,0
-0.059385,0.27308,-0.20625,-7.5093,0.94503,0
-1.1041,-0.31686,-0.13546,1.8206,0.29777,0
-1.8639,-0.4964,-0.049226,7.282,1.1752,0
-0.62923,-0.36816,-0.015762,-3.6408,0.22586,0
0.89035,-0.47075,-0.040216,-6.5991,0.71489,0
0.89035,-0.29121,-0.0518,4.7789,0.41284,0
-0.81917,0.042233,-0.065958,5.234,-0.061812,0
-0.81917,-0.34251,-0.085264,-5.6889,0.44161,0
0.98533,-0.57335,-0.083977,-5.6889,-0.53646,0
0.7004,-0.5477,-0.050513,7.7372,0.34092,0
0.89035,-0.11166,-0.0016037,2.9584,-0.43578,0
0.79538,-0.086014,0.076909,-7.9645,-0.22003,0
-0.15436,-0.086014,0.15027,-2.2755,-0.29195,0
-0.15436,0.32437,0.13097,8.4198,-0.96797,0
0.60543,0.63217,-0.026058,0.45525,-0.23441,0
0.79538,0.93996,-0.26031,-7.5093,-1.1406,0
1.4602,1.0426,-0.34526,1.3655,-0.29195,0
1.9351,1.0169,-0.28734,7.7372,-0.69468,0
1.4602,0.73476,-0.25645,-2.503,-0.6803,0
1.1753,0.58087,-0.27061,-6.144,-0.26318,0
0.79538,0.60652,-0.22427,4.5513,-1.1981,0
0.13056,0.58087,-0.15348,5.234,-0.43578,0
-0.53425,0.27308,-0.13031,-5.6889,-1.5002,0
-0.43928,0.40132,-0.10071,-4.0959,-1.1981,0
-0.059385,-0.0090658,-0.058236,7.282,-1.5145,0
0.89035,-0.36816,-0.058236,1.8206,-2.1043,0
1.5552,-0.6503,-0.036355,-9.1023,-1.457,0
0.98533,-0.88114,0.025425,-0.9101,-2.3488,0
0.89035,-1.2659,0.12968,7.5096,-1.457,0
0.22554,-1.4198,0.18889,-1.1377,-2.1474,0
-0.53425,-1.3941,0.18889,-8.192,-2.0755,0
-0.15436,-1.2402,0.19918,1.1379,-1.9029,0
0.60543,-1.8302,0.14641,6.3718,-2.5933,0
0.60543,-2.3175,0.12453,-4.0959,-1.7159,0
0.79538,-1.6506,0.13611,-6.3715,-2.5789,0
0.79538,-1.3941,0.10909,5.234,-2.0467,0
1.0803,-1.7019,0.082057,4.7789,-2.7371,0
0.79538,-1.7789,0.14384,-7.0542,-3.1255,0
0.79538,-1.3428,0.24423,-5.6889,-2.6796,0
0.79538,-1.548,0.3369,5.9167,-3.3125,0
0.13056,-1.4967,0.37294,2.9584,-2.3775,0
-0.34431,-1.4198,0.37809,-8.192,-3.2837,0
1.3652,-1.1376,0.34977,-2.2755,-3.2262,0
3.2647,-0.80419,0.28542,7.7372,-3.4563,0
1.8401,-0.95809,0.2069,0.45525,-4.2618,0
-0.91415,-0.98374,0.19918,-8.6471,-3.5857,0
-0.7242,-0.75289,0.27769,0.68281,-4.5207,0
-0.059385,-0.62465,0.32918,7.7372,-3.744,0
-0.059385,-0.52205,0.31631,-2.2755,-4.0316,0
0.51046,0.19613,0.28928,-6.8267,-3.672,0
-0.53425,0.47827,0.23908,4.0962,-3.0536,0
-0.43928,0.37567,0.16958,6.1442,-3.5714,0
0.41548,0.19613,0.14384,-5.4613,-2.3488,0
0.13056,0.45262,0.18374,-5.6889,-3.1542,0
0.22554,0.32437,0.27255,7.0545,-2.4207,0
0.79538,0.24743,0.29958,3.186,-2.5358,0
0.7004,0.47827,0.26096,-7.2818,-2.8234,0
1.2702,0.91431,0.19403,-2.7306,-2.0755,0
2.03,1.2477,0.19403,7.9647,-2.9816,0
2.125,1.1195,0.22879,0.68281,-2.1186,0
2.22,0.86301,0.21077,-7.9645,-2.7803,0
2.22,0.88866,0.1773,0.00013542,-2.2769,0
2.315,1.0169,0.15928,7.0545,-2.0467,0
2.22,1.2477,0.047306,-2.9581,-2.4638,0
2.125,1.6581,-0.06081,-7.5093,-1.7591,0
1.6501,1.5299,-0.080116,3.6411,-2.5501,0
-0.15436,1.4273,-0.018336,5.4616,-1.5865,0
-1.0091,1.4016,0.08077,-7.0542,-1.5289,0
-0.24933,1.1452,0.12324,-5.6889,-1.27,0
1.1753,1.3503,0.17087,5.9167,-0.8529,0
1.3652,1.3247,0.26225,2.7309,-1.7159,0
0.60543,1.0682,0.36908,-7.9645,-0.7666,0
0.13056,0.50392,0.39739,-3.4133,-1.2125,0
1.6501,0.22178,0.39482,6.8269,-0.018661,0
2.5049,0.52957,0.42442,0.2277,0.49914,0
1.8401,0.58087,0.45274,-8.6471,0.54229,0
1.1753,0.60652,0.4862,0.00013542,1.3909,0
0.41548,0.32437,0.56085,7.7372,0.45599,0
-1.0091,0.50392,0.56343,-3.6408,1.319,0
-1.484,0.58087,0.49779,-7.9645,0.58544,0
-0.81917,0.55522,0.43343,4.0962,0.61421,0
-1.1991,0.27308,0.48234,6.1442,0.75804,0
-1.294,0.50392,0.58788,-6.144,0.19709,0
-0.24933,1.0682,0.61105,-5.2337,1.2758,0
-0.059385,0.83736,0.51967,6.3718,0.54229,0
-0.62923,0.65782,0.34076,3.6411,1.1608,0
0.035589,0.55522,0.079483,-7.9645,0.68613,0
-0.059385,0.58087,-0.058236,-2.7306,0.44161,0
-0.24933,0.37567,0.007406,8.1923,0.84434,0
-0.62923,0.42697,0.14126,0.68281,0.010105,0
-1.389,0.24743,0.1876,-7.2818,0.91626,0
-0.91415,-0.34251,0.20433,1.1379,0.12517,0
1.1753,-0.52205,0.26997,6.8269,0.41284,0
1.6501,-0.034715,0.30987,-2.0479,0.25462,0
1.6501,0.093531,0.26482,-7.5093,-0.49331,0
2.125,-0.034715,0.17988,4.7789,0.42722,0
1.8401,-0.4964,0.14512,5.9167,-0.23441,0
2.315,-0.80419,0.13354,-6.144,0.87311,0
3.0747,-0.41945,0.11295,-5.0062,0.67174,0
1.8401,-0.26556,0.065325,7.282,0.71489,0
0.51046,-0.4451,0.069186,3.6411,1.0169,0
0.13056,-0.034715,0.11037,-7.7369,-0.1625,0
1.1753,0.40132,0.12453,-3.1857,0.44161,0
1.4602,0.29873,0.091067,6.5994,-0.73783,0
0.98533,0.17048,0.034435,0.68281,-0.65153,0
0.89035,-0.034715,-0.0054649,-8.6471,-1.083,0
0.89035,-0.41945,0.01899,0.45525,-2.0323,0
0.7004,-0.23991,0.061464,6.5994,-1.5289,0
0.60543,-0.060364,0.027999,-2.7306,-2.4495,0
0.79538,-0.3938,-0.022197,-8.192,-1.3707,0
1.5552,-0.85549,-0.024771,3.186,-1.3419,0
1.4602,-0.67595,-0.059523,5.9167,-0.91043,0
0.89035,-0.57335,-0.14833,-5.6889,0.038872,0
0.41548,-0.26556,-0.20625,-6.8267,0.26901,0
-0.53425,0.35002,-0.17665,5.234,2.4697,0
-0.53425,0.76041,-0.12516,4.3238,2.8436,0
-1.1991,0.47827,-0.12259,-7.2818,4.469,0
-0.53425,0.016583,-0.073681,-2.9581,4.8573,0
-0.15436,0.14483,0.092354,6.8269,4.8429,0
0.32051,0.22178,0.22879,-0.22742,5.7491,0
0.035589,0.47827,0.11681,-8.192,5.0299,0
-0.91415,0.32437,-0.06081,2.2757,5.8642,0
-2.0538,0.24743,-0.15605,6.3718,4.6128,0
-0.34431,0.29873,-0.22041,-4.5511,3.9799,0
0.32051,0.42697,-0.30922,-6.144,3.3902,0
0.32051,0.58087,-0.40575,5.6891,2.369,0
0.60543,0.55522,-0.37615,4.5513,3.3183,0
-0.53425,0.37567,-0.27961,-7.5093,2.7861,0
-0.53425,0.42697,-0.15091,-4.7786,3.4909,0
0.60543,0.29873,-0.0518,7.7372,2.8293,0
-0.059385,0.27308,-0.022197,2.0482,1.8656,0
0.32051,-0.034715,-0.050513,-8.4196,1.5347,0
0.60543,-0.41945,-0.19595,-0.45498,-0.004278,0
-0.34431,0.016583,-0.35427,8.1923,0.42722,0
-1.0091,0.73476,-0.39288,-1.5928,-0.32071,0
-0.34431,0.93996,-0.31951,-8.192,0.28339,0
-0.15436,0.63217,-0.22942,4.3238,0.57106,0
0.13056,-0.16296,-0.12259,5.9167,0.28339,0
1.0803,-0.75289,-0.038929,-7.0542,1.1176,0
2.22,-0.4964,-0.0016037,-6.144,-0.11935,0
1.7451,-0.4964,0.035722,6.8269,0.11079,0
1.1753,-0.31686,0.05889,3.8687,-1.1262,0
0.7004,-0.18861,0.033148,-7.5093,-1.7591,0
1.3652,0.24743,-0.0041778,-2.9581,-1.9317,0
0.60543,0.067882,-0.059523,7.7372,-2.6652,0
0.41548,-0.13731,-0.17793,0.45525,-1.3276,0
0.7004,0.067882,-0.25773,-8.192,-1.7159,0
0.22554,0.17048,-0.23457,0.68281,-1.0399,0
-0.53425,0.24743,-0.18308,7.0545,-1.6152,0
-0.62923,0.40132,-0.14447,-3.8684,-2.3488,0
-0.059385,0.016583,-0.11358,-7.2818,-2.2049,0
0.60543,-0.3938,-0.065958,3.8687,-3.0967,0
0.22554,-0.52205,-0.080116,4.7789,-2.018,0
-0.34431,-0.36816,-0.10586,-6.8267,-2.2049,0
0.22554,-0.16296,-0.071106,-5.6889,-1.0543,0
1.1753,-0.18861,-0.036355,6.5994,-0.53646,0
1.5552,-0.21426,-0.064671,2.0482,-0.91043,0
1.2702,-0.18861,-0.081403,-8.192,-0.56523,0
0.035589,-0.21426,-0.0518,-0.9101,-1.9604,0
1.3652,-0.4451,-0.024771,7.9647,-1.3707,0
2.315,-0.26556,-0.023484,-1.5928,-1.6871,0
1.6501,0.042233,-0.031207,-8.192,-1.0687,0
1.3652,0.68346,-0.014475,2.2757,-0.43578,0
0.13056,0.60652,0.025425,6.8269,-1.0687,0
-0.62923,0.40132,0.031861,-4.3235,-0.49331,0
0.035589,0.73476,0.01899,-6.5991,-1.8885,0
0.035589,0.93996,0.0048318,5.4616,-1.8454,0
0.13056,0.76041,-0.058236,4.5513,-2.5645,0
0.51046,0.99126,-0.18694,-6.3715,-2.8378,0
0.60543,1.1452,-0.24615,-5.4613,-2.0323,0
0.98533,0.32437,-0.18694,6.8269,-2.5645,0
0.89035,-0.13731,-0.096848,3.4135,-1.3563,0
1.4602,-0.18861,-0.037642,-7.5093,-1.7447,0
3.2647,0.35002,-0.038929,-1.8203,-1.4714,0
2.5049,0.86301,-0.13804,8.1923,-1.2556,0
0.32051,1.1965,-0.29506,0.2277,-1.9029,0
-0.34431,1.0426,-0.35684,-7.9645,-0.95358,0
-0.62923,0.60652,-0.21783,2.0482,-1.5865,0
-1.389,0.81171,-0.077542,7.0545,-0.57961,0
-1.1991,0.99126,-0.047939,-3.4133,-0.47893,0
-1.0091,0.73476,-0.038929,-6.3715,-0.45016,0
-0.7242,0.58087,0.067899,5.6891,0.32654,0
-0.059385,0.37567,0.22364,4.5513,-0.34948,0
0.32051,0.91431,0.31116,-7.0542,0.65736,0
0.7004,0.70911,0.3369,-4.0959,-0.061812,0
0.13056,0.40132,0.35492,6.5994,0.61421,0
0.22554,0.50392,0.34334,1.5931,0.78681,0
1.4602,0.86301,0.30987,-8.4196,0.68613,0
0.98533,0.88866,0.23779,-0.68254,1.7073,0
-0.91415,0.47827,0.21463,7.5096,0.97379,0
-1.294,0.11918,0.27898,-0.68254,2.1101,0
-1.579,-0.6503,0.39868,-7.2818,1.5635,0
0.60543,-0.93244,0.46046,3.186,1.9662,0
1.6501,-0.80419,0.56085,5.9167,2.2539,0
0.60543,-1.1376,0.73332,-5.4613,1.6786,0
-0.53425,-1.3941,0.88906,-7.0542,2.4409,0
-0.62923,-1.3685,0.92381,5.6891,1.4628,0
0.41548,-1.112,0.83758,3.6411,1.9662,0
1.2702,-0.75289,0.72946,-7.7369,1.5779,0
1.6501,-0.599,0.67412,-4.5511,1.3334,0
1.5552,-0.62465,0.68699,7.282,1.7649,0
1.1753,-0.62465,0.74491,2.2757,0.91626,0
1.4602,-1.1633,0.78738,-7.9645,1.6786,0
1.4602,-1.5737,0.73461,-0.45498,0.74366,0
0.41548,-1.4967,0.64323,7.282,1.1895,0
-0.34431,-1.4711,0.61749,-1.5928,1.0889,0
-0.62923,-1.4454,0.6458,-8.192,0.55667,0
-0.7242,-1.4711,0.62135,3.186,1.319,0
0.60543,-1.7019,0.60204,6.5994,0.39846,0
0.98533,-1.8302,0.58917,-5.4613,1.2327,0
1.6501,-1.8302,0.56858,-5.6889,0.75804,0
2.6949,-2.1636,0.59174,6.3718,0.93064,0
3.1697,-2.497,0.58402,4.0962,1.1752,0
1.8401,-2.3944,0.427,-5.6889,0.55667,0
0.22554,-2.2919,0.19146,-3.4133,1.5923,0
0.13056,-2.2662,-0.031207,7.0545,0.80119,0
0.7004,-1.9071,-0.24358,1.8206,1.5491,0
0.7004,-1.4711,-0.48426,-7.7369,1.6067,0
0.79538,-0.5477,-0.73396,-1.3652,1.3478,0
0.7004,-0.034715,-1.057,7.7372,2.1388,0
0.13056,-0.3938,-1.4586,0.45525,1.132,0
-1.0091,-0.77854,-1.8383,-7.7369,1.995,0
-1.294,-0.62465,-2.115,2.7309,1.4772,0
-0.91415,-0.086014,-2.3454,7.0545,1.7217,0
-0.059385,0.093531,-2.5333,-4.0959,2.2539,0
0.51046,-0.034715,-2.7071,-7.2818,1.693,0
-0.059385,0.32437,-2.8873,4.7789,2.8724,0
-0.34431,0.29873,-3.1022,3.6411,2.3115,0
0.13056,0.22178,-3.3506,-7.5093,3.1457,0
1.3652,0.27308,-3.5977,-4.0959,3.045,0
1.5552,0.70911,-3.7998,6.8269,2.5991,0
0.89035,0.68346,-4.0122,1.8206,3.0306,0
0.22554,0.65782,-4.3327,-7.9645,2.0669,0
0.89035,0.58087,-4.5553,-3.1857,2.8293,0
2.03,0.29873,-4.6467,7.282,2.2108,0
0.98533,0.016583,-4.6802,0.00013542,2.4121,0
-0.15436,0.37567,-4.6763,-8.192,2.5847,0
0.13056,0.32437,-4.648,0.91037,1.8656,0
0.41548,0.17048,-4.6313,6.8269,2.5416,0
0.98533,-0.086014,-4.612,-3.8684,1.506,0
0.60543,-0.4964,-4.5991,-7.9645,2.0957,0
0.035589,-0.599,-4.5836,3.8687,1.8943,0
-0.34431,-1.0863,-4.5527,5.4616,1.7793,0
-0.15436,-1.3428,-4.4639,-6.8267,2.4121,0
0.51046,-0.90679,-4.2992,-4.3235,1.6067,0
0.7004,-0.67595,-4.1048,7.7372,2.4409,0
0.79538,-0.034715,-4.0122,2.7309,1.5779,0
0.22554,0.19613,-3.971,-7.9645,2.0525,0
0.22554,0.24743,-3.7882,-2.0479,2.0525,0
-0.059385,0.11918,-3.5192,8.1923,1.6354,0
0.22554,0.17048,-3.2464,0.00013542,2.3402,0
0.60543,0.52957,-2.9169,-8.4196,1.1176,0
0.13056,1.2221,-2.4973,2.2757,1.5204,0
0.41548,1.9403,-2.0918,7.0545,0.58544,0
1.1753,1.9659,-1.819,-3.4133,0.45599,0
0.13056,2.1198,-1.6169,-7.0542,0.82996,0
-2.2438,1.9659,-1.4586,6.1442,0.31216,0
-2.2438,1.812,-1.3415,5.6891,1.5347,0
-0.62923,1.9146,-1.2835,-6.5991,0.67174,0
0.41548,2.6328,-1.1934,-4.3235,1.0889,0
-0.43928,2.9406,-1.0042,7.5096,0.31216,0
-1.1991,2.7354,-0.68762,2.5033,-0.5077,0
-0.81917,2.1968,-0.26803,-7.9645,-0.13373,0
-0.24933,1.8377,0.22235,-1.5928,-0.98235,0
0.7004,1.5555,0.75006,7.5096,0.067639,0
0.22554,1.1452,1.2083,-0.9101,-0.53646,0
-0.53425,0.99126,1.6291,-7.5093,-0.4214,0
-1.1991,0.40132,2.0822,2.2757,-0.66591,0
-1.389,-0.034715,2.6022,6.8269,-1.7591,0
-0.7242,0.042233,3.2123,-4.3235,-1.3707,0
0.035589,-0.034715,3.8339,-6.8267,-2.5214,0
0.035589,-0.060364,4.4105,3.6411,-1.7734,0
-0.53425,0.37567,4.9009,4.3238,-2.1618,0
0.035589,0.83736,5.3192,-7.7369,-2.1474,0
0.035589,0.96561,5.7684,-4.5511,-1.831,0
-0.43928,1.0169,6.2485,7.0545,-2.9241,0
-1.294,1.2734,6.726,2.2757,-2.2337,0
-0.53425,1.5042,7.0864,-7.2818,-3.2405,0
0.98533,2.2994,7.2563,-1.5928,-2.5789,0
1.3652,3.1458,7.349,7.0545,-2.5358,0
0.41548,3.4279,7.412,-0.9101,-2.7515,0
-0.34431,3.2227,7.4056,-7.9645,-1.9892,0
-1.389,3.2997,7.3541,2.5033,-3.0248,0
-1.8639,4.7104,7.2499,6.3718,-2.4207,0
-1.579,5.4799,7.0774,-4.0959,-3.0967,0
-1.0091,6.1981,6.8908,-7.0542,-3.0104,0
-0.62923,6.711,6.7183,5.4616,-2.7371,0
-0.81917,7.0188,6.5214,4.5513,-3.2405,0
-1.1041,6.8649,6.3,-7.0542,-2.4063,0
-2.0538,6.5315,6.0541,-3.1857,-3.1686,0
-2.2438,6.3007,5.762,7.9647,-2.4351,0
-2.9086,5.0951,5.5033,2.0482,-2.8234,0
-2.3388,3.6331,5.345,-7.2818,-3.0104,0
-1.579,2.5302,5.224,0.91037,-2.4638,0
-0.15436,1.9916,5.0734,7.5096,-3.183,0
1.6501,1.7864,4.8803,-1.3652,-2.0755,0
1.5552,1.1965,4.6216,-7.7369,-2.5789,0
0.22554,0.70911,4.3359,3.186,-1.7159,0
-0.43928,-0.29121,4.0167,7.0545,-1.3419,0
-1.1991,-1.3941,3.6885,-5.6889,-1.4139,0
-1.484,-2.2662,3.4221,-6.144,-0.46455,0
0.41548,-2.2919,3.2238,6.1442,-1.2556,0
1.2702,-1.9328,3.0436,4.3238,-0.30633,0
0.89035,-1.5224,2.8171,-6.5991,-1.0255,0
-1.0091,-1.3941,2.5327,-3.1857,-0.75222,0
-2.4337,-1.1633,2.2611,7.0545,-0.27756,0
-1.6739,-1.0607,2.0114,0.91037,-0.46455,0
-1.0091,-1.0607,1.736,-7.9645,1.0889,0
-0.91415,-0.95809,1.4747,0.68281,0.84434,0
-0.059385,-0.6503,1.2404,7.5096,2.1388,0
0.41548,-0.75289,0.97144,-2.2755,2.0957,0
-0.34431,-1.3941,0.62392,-7.7369,2.0813,0
-1.0091,-1.3685,0.28413,3.6411,2.5272,0
-0.24933,-0.599,-0.031207,5.9167,1.3909,0
-0.62923,0.29873,-0.23972,-6.144,1.9519,0
-1.1991,0.88866,-0.40318,-5.0062,0.87311,0
0.51046,1.4786,-0.61426,7.282,0.94503,0
1.2702,1.299,-0.84593,2.9584,0.70051,0
0.98533,1.4273,-1.0364,-7.5093,-0.076195,0
0.32051,1.7094,-1.1806,-2.0479,0.57106,0
-0.43928,1.7351,-1.281,7.5096,-0.3351,0
-2.1488,1.5555,-1.3556,0.68281,0.39846,0
-2.6237,1.1708,-1.4251,-8.4196,-0.1625,0
-1.6739,0.47827,-1.4727,1.1379,-0.36386,0
0.32051,0.22178,-1.5023,6.8269,-0.2488,0
1.2702,-0.18861,-1.4998,-3.1857,-1.3707,0
0.60543,-1.112,-1.474,-6.5991,-0.89605,0
1.5552,-2.2406,-1.4277,4.7789,-2.0036,0
0.79538,-2.9587,-1.3337,5.0064,-1.8741,0
-0.34431,-3.3948,-1.2256,-6.5991,-2.133,0
-0.53425,-3.7795,-1.169,-5.0062,-2.6796,0
0.035589,-3.8565,-1.1523,6.8269,-2.1618,0
0.60543,-4.1899,-1.151,2.5033,-3.1255,0
0.32051,-4.472,-1.1587,-8.192,-2.3344,0
0.7004,-4.3438,-1.1265,-0.22742,-2.881,0
1.2702,-5.3441,-1.084,8.1923,-2.694,0
1.5552,-6.1136,-1.057,-0.9101,-2.3344,0
1.5552,-6.3444,-1.0467,-7.7369,-2.9097,0
1.6501,-6.1392,-1.0441,2.9584,-2.0611,0
1.3652,-6.2931,-1.0544,6.5994,-2.8666,0
0.41548,-6.5753,-1.1034,-3.8684,-2.1618,0
0.13056,-6.1649,-1.1458,-5.4613,-2.2625,0
0.7004,-5.7289,-1.1355,5.9167,-2.507,0
0.22554,-5.5237,-1.0918,4.5513,-1.6008,0
-0.53425,-5.2672,-1.0776,-7.2818,-2.2912,0
0.035589,-5.3954,-1.0892,-3.6408,-1.2125,0
1.0803,-5.2415,-1.0853,7.5096,-1.6296,0
1.4602,-4.8311,-1.1445,1.8206,-1.1693,0
0.41548,-4.2155,-1.3131,-7.9645,-0.57961,0
0.22554,-3.9591,-1.4084,-0.45498,-0.80975,0
0.60543,-3.8821,-1.3917,7.5096,0.41284,0
0.7004,-3.6,-1.3299,-2.503,-0.14811,0
0.79538,-3.1639,-1.4032,-8.6471,0.80119,0
0.7004,-2.574,-1.5358,3.6411,0.91626,0
0.79538,-2.5227,-1.6105,5.6891,1.0026,0
1.4602,-2.3944,-1.6105,-6.3715,2.0094,0
1.5552,-2.1893,-1.5924,-5.4613,1.4053,0
0.22554,-1.4711,-1.5757,6.3718,2.5416,0
0.13056,-1.8302,-1.577,3.8687,2.1532,0
0.60543,-1.8815,-1.5525,-7.7369,2.1676,0
-0.15436,-1.9071,-1.5075,-3.1857,2.2683,0
0.32051,-2.2919,-1.5191,7.5096,1.2615,0
0.035589,-1.9328,-1.559,1.8206,1.9662,0
0.035589,-1.0863,-1.5654,-7.9645,1.2615,0
1.3652,-0.36816,-1.5667,0.00013542,2.0238,0
0.98533,-0.16296,-1.5667,7.282,2.1101,0
-1.389,0.016583,-1.5924,-1.5928,1.7361,0
-1.1991,0.17048,-1.6323,-7.2818,2.3834,0
-0.059385,0.17048,-1.6941,4.5513,1.4628,0
0.7004,-0.086014,-1.752,6.1442,2.3258,0
0.79538,0.042233,-1.7366,-5.2337,1.621,0
1.2702,0.19613,-1.6774,-4.3235,1.5347,0
2.03,0.17048,-1.6272,7.0545,1.808,0
1.6501,-0.36816,-1.6053,3.6411,1.0457,0
0.60543,-0.90679,-1.5693,-7.5093,1.9087,0
0.7004,-0.93244,-1.4985,-2.9581,1.132,0
1.2702,-0.23991,-1.4586,8.1923,1.7361,0
0.98533,-0.4964,-1.4676,-0.22742,1.9375,0
1.9351,-0.95809,-1.4933,-7.0542,1.6498,0
2.03,-0.80419,-1.5165,1.3655,1.9375,0
1.2702,-0.62465,-1.5397,6.8269,0.19709,0
0.89035,-0.34251,-1.4792,-3.8684,0.45599,0
0.60543,-0.0090658,-1.3633,-7.2818,-0.11935,0
0.79538,0.19613,-1.3093,5.0064,0.52791,0
2.22,0.55522,-1.2771,5.4616,1.0169,0
1.4602,1.0682,-1.1973,-6.5991,-0.018661,0
-0.15436,0.83736,-1.0969,-5.4613,0.010105,0
0.22554,0.68346,-1.0519,6.3718,-1.9317,0
0.7004,0.76041,-1.0982,2.9584,-2.2769,0
0.79538,0.70911,-1.1535,-7.2818,-3.5138,0
0.89035,0.27308,-1.0969,-2.2755,-4.3337,0
-0.34431,-0.086014,-1.0454,7.282,-3.7583,0
-1.6739,-0.72725,-0.99137,0.45525,-4.42,0
-0.7242,-0.85549,-1.0017,-8.192,-3.4275,0
0.32051,-0.11166,-1.0467,0.91037,-4.3625,0
-0.34431,0.37567,-1.1059,7.282,-4.5351,0
-1.1991,0.55522,-1.133,-2.0479,-5.2111,0
-0.15436,0.32437,-1.133,-8.192,-6.3474,0
0.035589,-0.086014,-1.1214,3.6411,-5.7864,0
0.32051,-0.36816,-1.1484,5.9167,-6.4624,0
0.51046,-0.29121,-1.1523,-5.2337,-5.4124,0
1.8401,-0.0090658,-1.0557,-5.6889,-6.0022,0
1.9351,0.22178,-0.89356,6.1442,-6.5343,0
1.8401,0.32437,-0.78801,4.0962,-6.635,0
1.5552,0.91431,-0.77386,-7.5093,-7.8145,0
0.60543,2.0429,-0.7996,-3.8684,-7.383,0
-0.53425,2.0942,-0.78029,8.1923,-8.5768,0
0.13056,0.14483,-0.69792,0.45525,-8.2604,0
-0.059385,-2.3944,-0.55248,-8.192,-8.8069,0
-1.1991,-3.6256,-0.39159,0.2277,-9.3247,0
-0.62923,-4.1642,-0.20625,6.8269,-9.0227,0
0.41548,-4.3181,-0.045365,-2.0479,-10.073,0
0.22554,-4.036,0.0061189,-6.5991,-9.4973,0
-0.91415,-3.9334,-0.017049,3.6411,-10.576,0
-1.1991,-4.1129,-0.054374,5.9167,-10.432,0
-0.91415,-3.9334,-0.096848,-5.6889,-10.418,0
-1.1991,-3.3178,-0.090413,-3.8684,-10.749,0
-1.1991,-2.5996,-0.055661,6.3718,-9.6843,0
-0.91415,-2.6253,-0.063384,3.186,-10.26,0
-2.0538,-2.8305,-0.083977,-7.2818,-9.4254,0
-2.4337,-2.8048,-0.102,-1.8203,-9.9432,0
-1.7689,-2.6253,-0.090413,8.4198,-10.058,0
-0.81917,-2.138,-0.031207,0.45525,-9.8138,0
-0.24933,-1.9071,0.070473,-9.1023,-10.605,0
1.1753,-1.8302,0.15156,1.1379,-9.5692,0
1.9351,-1.7789,0.12453,7.7372,-9.9576,0
1.5552,-1.6763,0.04087,-2.9581,-8.6919,0
0.51046,-2.3431,0.011267,-7.0542,-8.1309,0
0.32051,-3.1639,0.078196,5.0064,-8.0158,0
0.60543,-3.6513,0.15928,6.1442,-7.2104,0
0.60543,-3.4461,0.21334,-6.144,-8.3035,0
1.4602,-2.8048,0.21077,-5.6889,-7.5843,0
2.6949,-3.2409,0.23136,6.5994,-8.059,0
2.8848,-3.7539,0.24552,3.186,-7.0521,0
1.4602,-2.7279,0.23136,-7.2818,-5.5994,0
0.41548,-0.88114,0.24294,-2.0479,-4.9666,0
-0.059385,1.0939,0.27383,7.282,-3.1111,0
-1.1991,1.9403,0.26354,-0.9101,-3.6001,0
-1.389,1.5555,0.19275,-8.192,-2.9529,0
-0.7242,0.99126,0.13354,1.5931,-3.4994,0
-0.15436,0.63217,0.073047,7.5096,-3.6145,0
0.51046,0.70911,0.0099801,-4.0959,-2.7084,0
0.13056,1.1452,0.04988,-6.5991,-2.7659,0
0.13056,1.376,0.098789,4.3238,-0.95358,0
-0.059385,1.3503,0.060177,5.9167,-0.79537,0
-1.0091,0.83736,0.047306,-6.8267,0.19709,0
-1.8639,-0.086014,0.10136,-3.6408,0.70051,0
-1.0091,-0.16296,0.12453,7.282,0.34092,0
-0.24933,0.65782,0.13225,2.7309,1.2183,0
0.13056,1.4529,0.085918,-7.5093,0.41284,0
-0.15436,1.299,-0.02091,-1.3652,1.3909,0
-0.62923,1.5299,-0.086552,8.4198,1.1895,0
-0.53425,2.8637,-0.015762,-0.22742,1.506,0
-0.059385,4.0948,0.20047,-7.9645,2.0525,0
0.13056,3.787,0.44759,2.0482,1.3478,0
-0.43928,2.7867,0.55442,7.0545,2.0238,0
-0.62923,2.6585,0.46818,-3.8684,1.0745,0
-0.62923,3.1971,0.30344,-6.8267,1.5204,0
0.035589,3.9922,0.12453,5.234,1.5491,0
-0.15436,4.0692,-0.022197,5.4616,1.506,0
-0.53425,4.1461,-0.054374,-6.3715,2.6567,0
-0.24933,3.4279,-0.064671,-4.5511,2.2683,0
-0.059385,2.3507,-0.050513,6.5994,3.606,0
-0.53425,1.9659,0.020277,2.5033,3.3471,0
-0.43928,2.325,0.10651,-7.2818,4.0806,0
-0.7242,3.6588,0.20047,-1.3652,4.9148,0
-0.62923,4.7361,0.27641,7.7372,4.9868,0
-0.059385,4.4796,0.34591,-0.9101,6.6121,0
0.60543,3.5818,0.427,-8.4196,6.4539,0
0.7004,3.5305,0.48363,1.3655,7.9497,0
0.7004,3.6331,0.49907,6.8269,8.4244,0
0.13056,2.915,0.46818,-4.0959,8.9997,0
-0.62923,1.6068,0.38324,-7.2818,10.136,0
-0.91415,0.88866,0.29443,5.4616,9.8052,0
-0.62923,1.8377,0.23393,5.0064,11.2,0
-1.294,3.0945,0.167,-6.8267,10.683,0
-1.1991,4.4539,0.048593,-5.0062,11.315,0
-1.0091,4.6335,0.085918,7.282,11.488,0
-0.62923,4.9412,0.24552,2.5033,11.2,0
0.035589,4.813,0.39868,-7.5093,12.25,0
1.3652,4.4539,0.46818,-1.8203,11.718,0
0.89035,4.0692,0.52739,7.7372,12.869,0
-1.579,3.5562,0.63293,-0.68254,12.351,0
-1.9589,2.4789,0.59561,-7.9645,12.121,0
0.13056,0.58087,0.42056,2.5033,12.222,0
-0.059385,-0.85549,0.31373,7.0545,11.244,0
-0.81917,-0.31686,0.27126,-5.0062,11.804,0
-0.059385,1.4529,0.24294,-6.5991,10.726,0
0.035589,2.6072,0.28284,5.0064,11.229,0
-1.1991,2.838,0.31888,5.0064,10.898,0
-0.62923,3.2997,0.24166,-6.5991,10.855,0
0.89035,3.864,0.15413,-4.3235,11.215,0
0.79538,4.6591,0.20562,8.1923,9.9634,0
-0.15436,4.4796,0.27641,1.8206,9.7477,0
-0.43928,4.0435,0.3369,-8.192,7.7628,0
-1.484,3.9409,0.40898,0.45525,6.9141,0
-1.294,4.1205,0.41927,7.5096,5.5909,0
0.41548,3.5049,0.31631,-1.1377,3.1169,0
0.7004,3.0688,0.23522,-7.5093,1.1608,0
-0.91415,2.2994,0.19146,2.9584,-1.9604,0
-1.1991,2.0942,0.12324,6.5994,-2.2625,0
-1.0091,1.6068,0.1181,-4.5511,-2.809,0
0.035589,0.96561,0.20562,-6.144,-1.1406,0
0.7004,1.0682,0.33304,5.6891,1.132,0
0.22554,2.1711,0.45917,4.0962,2.7142,0
-0.24933,3.4536,0.46304,-7.9645,5.4327,0
-1.1991,4.0692,0.40126,-3.6408,5.9361,0
-1.8639,3.7101,0.36779,7.5096,7.7196,0
-2.1488,2.9406,0.32274,1.5931,7.7628,0
-2.0538,1.5555,0.23908,-7.7369,8.0217,0
-0.91415,1.2221,0.158,0.00013542,8.6258,0
0.51046,1.6325,0.060177,8.4198,8.3812,0
0.035589,2.8637,-0.072394,-1.8203,10.064,0
-0.24933,4.7617,-0.17279,-8.6471,10.122,0
-0.53425,5.8133,-0.1818,2.2757,11.761,0
-0.15436,5.2747,-0.17922,5.9167,12.423,0
-0.059385,4.6335,-0.18308,-5.0062,12.754,0
-0.53425,4.5309,-0.20496,-6.5991,13.761,0
-0.62923,3.8127,-0.14704,5.9167,13.013,0
-1.9589,2.838,-0.0080391,3.8687,14.005,0
-1.8639,3.0688,0.020277,-6.8267,13.43,0
-1.6739,4.4026,-0.092987,-3.8684,14.034,0
-1.389,4.7361,-0.10843,7.5096,14.954,0
-0.7242,4.4796,0.025425,1.1379,15.501,0
-0.7242,4.6848,0.08978,-8.6471,17.587,0
0.51046,4.7617,0.087205,-0.22742,18.061,0
1.8401,5.0438,0.08978,8.875,19.974,0
0.98533,5.1464,0.092354,-1.8203,20.578,0
-0.7242,5.1977,0.091067,-8.192,20.895,0
-1.8639,4.8899,0.07176,2.9584,21.672,0
-0.81917,2.915,-0.049226,6.8269,20.866,0
0.41548,1.5555,0.007406,-4.3235,21.585,0
0.13056,1.7607,0.19918,-6.3715,20.521,0
0.98533,2.8893,0.41155,6.5994,20.118,0
1.1753,3.4279,0.62135,4.5513,19.572,0
0.51046,3.5305,0.82986,-6.5991,18.047,0
-0.34431,3.0945,0.94312,-4.3235,17.846,0
-0.62923,1.7864,0.89035,7.7372,15.702,0
-0.7242,1.4529,0.67669,2.5033,15.026,0
-0.81917,1.7094,0.41284,-8.192,12.912,0
0.035589,1.8377,0.29829,0.00013542,10.467,0
0.60543,2.1198,0.20304,7.7372,8.223,0
0.89035,2.5559,0.076909,-1.3652,4.3827,0
0.51046,2.838,-0.033781,-7.5093,2.4409,0
0.7004,2.5559,-0.04279,3.186,-0.83852,0
1.2702,2.7098,0.034435,6.1442,-2.7947,0
0.41548,3.787,0.12196,-5.6889,-4.8083,0
-1.1041,4.4539,0.19275,-6.144,-7.5124,0
-1.9589,4.4539,0.167,5.4616,-8.8645,0
-1.294,4.3257,0.057602,2.0482,-12,0
-0.7242,4.2487,-0.058236,-7.5093,-13.597,0
-0.15436,3.5049,-0.10843,-3.1857,-16.43,0
0.035589,3.1714,-0.067245,7.7372,-18.257,0
-0.43928,3.2484,0.0086931,1.3655,-19.796,0
-0.7242,2.6585,0.055028,-8.4196,-22.112,0
-0.7242,1.9916,0.062751,0.2277,-22.831,0
-1.294,1.2734,0.1374,7.0545,-25.003,0
-1.9589,0.73476,0.28542,-3.1857,-25.463,0
-2.0538,0.35002,0.46818,-8.4196,-26.671,0
-1.6739,0.47827,0.60075,3.6411,-28.066,0
-0.81917,0.83736,0.65739,5.6891,-28.311,0
-0.059385,0.73476,0.6265,-5.9164,-29.936,0
0.7004,0.91431,0.54798,-5.6889,-30.037,0
-0.34431,0.93996,0.39482,6.5994,-31.662,0
-1.579,0.78606,0.20433,2.9584,-32.309,0
-1.0091,1.0939,0.10394,-8.192,-32.597,0
-0.059385,1.0426,0.057602,-1.8203,-33.244,0
-1.294,0.63217,0.0048318,7.7372,-32.309,0
-0.53425,-0.47075,-0.062097,0.91037,-33.172,0
1.0803,-0.95809,-0.11358,-7.0542,-32.453,0
1.8401,-0.72725,-0.1419,0.91037,-32.914,0
2.315,-0.62465,-0.15477,8.1923,-33,0
1.6501,-0.599,-0.15605,-2.503,-32.453,0
1.6501,-0.62465,-0.15605,-7.5093,-32.842,0
0.79538,-0.599,-0.15605,2.7309,-31.202,0
-0.91415,-0.599,-0.15734,6.3718,-30.943,0
-0.81917,-0.62465,-0.1612,-3.8684,-29.39,0
-0.15436,-0.85549,-0.11487,-6.8267,-28.296,0
-0.43928,-0.52205,-0.059523,5.4616,-27.707,0
-0.62923,-0.4964,-0.053087,4.5513,-25.981,0
-0.62923,-0.599,-0.058236,-7.0542,-25.693,0
0.035589,-0.90679,-0.013187,-4.0959,-23.55,0
0.22554,-1.1633,0.031861,7.5096,-22.399,0
-0.62923,-1.0607,0.060177,2.0482,-20.515,0
0.41548,-0.88114,0.15542,-8.192,-18.458,0
1.3652,-1.4711,0.26225,-0.45498,-17.868,0
0.41548,-2.0354,0.27641,7.7372,-16.142,0
-0.43928,-1.9328,0.21463,-1.8203,-16.502,0
-0.15436,-1.5737,0.17215,-7.9645,-15.438,0
0.13056,-1.5224,0.17601,2.5033,-14.848,0
-0.62923,-2.138,0.30086,6.1442,-14.388,0
0.035589,-3.2665,0.43472,-5.0062,-12.633,0
0.41548,-3.3178,0.45016,-6.8267,-12.288,0
0.22554,-2.9074,0.34591,5.4616,-10.101,0
0.13056,-2.8818,0.28027,3.8687,-9.4829,0
0.51046,-3.523,0.28928,-8.192,-8.3467,0
0.79538,-4.1899,0.21463,-5.0062,-7.2247,0
0.79538,-4.8311,0.042157,6.5994,-7.383,0
1.3652,-4.8055,-0.10972,0.91037,-6.0597,0
1.4602,-4.2925,-0.14962,-8.192,-6.4049,0
-0.24933,-4.5233,-0.065958,-1.8203,-4.9234,0
-1.1041,-4.6516,0.056315,7.7372,-3.9022,0
-0.62923,-4.0873,0.12711,-1.1377,-3.0967,0
-0.15436,-3.7026,0.14512,-8.4196,-1.5289,0
0.32051,-3.523,0.10394,2.2757,-1.5289,0
0.7004,-3.4461,0.029286,7.0545,0.87311,0
1.1753,-3.1639,-0.00031657,-3.1857,2.2539,0
1.4602,-2.8561,0.007406,-6.8267,4.4258,0
0.32051,-3.1126,0.10522,4.7789,6.3244,0
0.41548,-3.6,0.19275,5.0064,6.9429,0
1.2702,-4.3694,0.19661,-6.144,8.3956,0
1.6501,-4.4464,0.16572,-5.0062,7.8059,0
1.2702,-4.6516,0.17344,7.5096,8.971,0
0.79538,-4.9594,0.19275,4.0962,9.3737,0
1.2702,-5.0107,0.13611,-7.5093,10.539,0
0.98533,-4.2412,-0.0080391,-1.8203,12.178,0
-0.059385,-3.3435,-0.11744,7.7372,12.078,0
0.035589,-2.8818,-0.13289,0.68281,12.524,0
0.60543,-2.8818,-0.11101,-7.7369,10.136,0
0.32051,-3.087,-0.1213,0.68281,9.0717,0
0.89035,-3.3435,-0.1818,7.7372,8.1799,0
1.8401,-3.7282,-0.24229,-2.0479,7.6908,0
2.125,-3.3178,-0.31694,-7.7369,8.0504,0
1.2702,-3.0357,-0.40832,4.5513,6.5114,0
0.41548,-2.4201,-0.47525,6.1442,6.6409,0
0.035589,-1.8045,-0.48941,-5.4613,5.6196,0
-0.53425,-2.061,-0.50743,-5.0062,5.9073,0
-0.62923,-2.4714,-0.5306,7.282,6.684,0
-0.62923,-2.6253,-0.54733,2.7309,7.3169,0
-0.7242,-2.574,-0.55634,-7.9645,9.3162,0
-0.62923,-2.2919,-0.54218,-1.3652,9.2443,0
0.035589,-1.7019,-0.53703,8.6474,10.639,0
0.7004,-1.3685,-0.58723,-0.68254,10.941,0
0.7004,-1.1376,-0.60911,-8.192,11.488,0
1.9351,-1.0094,-0.57436,2.0482,12.294,0
2.7898,-0.82984,-0.54218,6.3718,11.632,0
1.9351,-0.90679,-0.53832,-5.0062,12.783,0
0.89035,-1.2915,-0.51644,-6.5991,12.078,0
0.89035,-1.3685,-0.49842,5.0064,11.891,0
0.60543,-0.82984,-0.51258,4.3238,10.884,0
1.5552,-0.3938,-0.59624,-6.8267,9.0429,0
1.4602,-0.26556,-0.71465,-5.0062,8.8559,0
0.98533,-0.52205,-0.76485,7.282,7.3025,0
1.5552,-0.57335,-0.77901,0.91037,7.5902,0
1.2702,-0.23991,-0.8099,-7.9645,7.058,0
0.22554,0.32437,-0.8588,0.91037,6.9573,0
0.32051,0.55522,-0.91158,8.6474,7.1587,0
0.7004,0.24743,-0.90257,-1.5928,6.1662,0
0.22554,0.016583,-0.83435,-7.0542,6.7415,0
-0.43928,0.35002,-0.69921,4.5513,5.821,0
-1.1041,0.27308,-0.49585,6.1442,5.9792,0
-1.389,0.22178,-0.35684,-6.3715,5.3751,0
-0.91415,0.11918,-0.29506,-5.6889,4.3395,0
-1.294,-0.29121,-0.24872,6.8269,4.6128,0
-0.7242,-0.82984,-0.19724,3.6411,3.5053,0
0.41548,-1.0094,-0.14962,-7.7369,4.3395,0
1.2702,-1.0094,-0.099422,-1.8203,3.6635,0
1.4602,-1.6763,-0.098135,7.7372,3.6347,0
1.0803,-2.6253,-0.15863,2.2757,3.4477,0
1.7451,-3.3691,-0.18437,-7.7369,1.8799,0
3.2647,-4.2668,-0.1818,0.45525,0.98818,0
2.9798,-4.2925,-0.1715,7.0545,-2.32,0
1.1753,-3.6769,-0.14576,-3.1857,-4.2474,0
-0.24933,-3.01,-0.089126,-7.9645,-6.2467,0
-0.62923,-2.7279,-0.022197,3.8687,-7.2247,0
-0.7242,-2.9587,0.033148,5.4616,-6.7501,0
0.13056,-3.3435,0.060177,-5.2337,-7.2823,0
0.51046,-3.6513,0.053741,-5.0062,-5.9159,0
0.22554,-3.2922,0.044732,5.4616,-6.1604,0
0.79538,-2.8048,0.07176,4.0962,-5.2255,0
1.9351,-2.3688,0.16829,-7.0542,-4.9809,0
0.89035,-2.2919,0.21591,-2.7306,-5.3693,0
0.41548,-2.2662,0.20948,7.5096,-4.8083,0
0.60543,-2.497,0.20304,-1.1377,-5.7576,0
0.79538,-2.3688,0.23265,-7.9645,-4.8083,0
0.22554,-2.574,0.22492,1.1379,-4.9953,0
-0.43928,-2.6253,0.20176,6.8269,-4.233,0
-0.15436,-2.7279,0.25968,-3.6408,-3.0823,0
1.1753,-2.9844,0.43729,-6.5991,-3.0536,0
1.5552,-3.2152,0.5866,5.9167,-1.7878,0
1.0803,-2.9587,0.55957,4.5513,-2.7515,0
0.32051,-3.2665,0.51581,-6.8267,-2.507,0
0.22554,-3.4204,0.52739,-4.3235,-3.0104,0
1.2702,-3.0613,0.50036,6.8269,-3.37,0
1.9351,-1.8302,0.3768,1.8206,-2.3775,0
1.5552,-0.36816,0.24552,-8.4196,-2.8522,0
1.1753,0.11918,0.21077,-0.22742,-1.8022,0
0.7004,0.50392,0.24294,8.1923,-2.6508,0
0.13056,0.58087,0.27512,-1.8203,-3.3125,0
-1.1991,0.60652,0.21077,-8.192,-3.8446,0
-0.62923,0.68346,0.064038,3.6411,-5.1392,0
0.51046,1.1965,-0.089126,5.4616,-4.2761,0
0.32051,1.5299,-0.12002,-5.9164,-4.7508,0
-1.1991,0.86301,-0.083977,-5.4613,-3.5714,0
-1.9589,-0.16296,-0.055661,7.282,-3.2693,0
-1.389,-0.599,-0.015762,2.9584,-3.4851,0
-0.34431,-0.98374,0.079483,-7.5093,-3.0823,0
1.0803,-1.5224,0.23393,-1.1377,-4.5063,0
1.5552,-2.1123,0.34977,8.875,-4.1179,0
0.51046,-2.6253,0.3871,0.45525,-4.9666,0
-0.24933,-3.1639,0.38195,-7.9645,-4.794,0
-0.15436,-3.8052,0.42185,2.0482,-4.4488,0
0.035589,-4.4464,0.47333,7.5096,-5.1104,0
-0.34431,-4.6772,0.48105,-3.6408,-4.6645,0
-1.1991,-4.0873,0.53254,-7.7369,-6.4337,0
-1.1991,-3.2665,0.61105,4.5513,-6.8795,0
-0.62923,-2.0867,0.65996,4.7789,-8.2316,0
0.035589,-2.4201,0.6162,-6.5991,-9.1521,0
0.51046,-3.087,0.55957,-4.5511,-9.0658,0
0.22554,-2.8305,0.45789,6.5994,-10.044,0
-0.62923,-2.1636,0.32532,2.5033,-9.296,0
-0.15436,-1.6506,0.24938,-8.4196,-10.159,0
0.51046,-1.7276,0.16057,-2.7306,-9.9288,0
1.9351,-1.7789,0.047306,7.282,-9.8138,0
2.03,-1.5737,0.085918,-0.68254,-10.475,0
0.60543,-1.7019,0.25453,-8.4196,-9.9432,0
0.13056,-1.3172,0.38581,0.45525,-11.31,0
1.2702,-1.0607,0.42571,6.8269,-11.123,0
1.3652,-0.75289,0.36908,-3.4133,-12.158,0
1.0803,-0.90679,0.32146,-6.5991,-12.935,0
0.79538,-0.77854,0.29443,4.0962,-13.021,0
0.41548,-1.0607,0.30858,5.234,-14.215,0
-0.43928,-1.112,0.31759,-6.3715,-13.28,0
0.51046,-1.035,0.32789,-4.0959,-13.971,0
1.9351,-1.2146,0.36779,6.8269,-13.223,0
1.6501,-1.0607,0.3266,1.1379,-13.108,0
0.51046,-0.5477,0.20304,-7.2818,-13.712,0
-0.43928,-0.21426,0.052454,0.00013542,-13.366,0
-0.15436,-0.26556,0.029286,7.282,-14.762,0
0.035589,-0.5477,0.038296,-0.9101,-14.388,0
-0.24933,-0.95809,0.01899,-7.5093,-15.092,0
-0.62923,-1.1376,-0.0080391,3.6411,-14.805,0
-1.1991,-0.82984,0.025425,7.5096,-14.172,0
-0.91415,-0.4451,0.1374,-4.0959,-14.388,0
-0.24933,-0.52205,0.20304,-6.3715,-13.036,0
-1.1041,-0.599,0.15671,6.1442,-13.654,0
-2.0538,-0.93244,0.082057,4.5513,-13.151,0
-2.9086,-1.1889,0.088493,-7.2818,-13.467,0
-2.6237,-0.88114,0.13998,-3.1857,-13.798,0
-1.7689,-0.6503,0.14126,7.5096,-13.007,0
0.22554,-0.88114,0.053741,1.1379,-13.525,0
1.6501,-0.95809,-0.056948,-8.192,-12.173,0
1.2702,-1.0607,-0.16378,0.2277,-12.446,0
-0.059385,-0.98374,-0.20239,7.5096,-11.928,0
-0.81917,-1.0094,-0.19209,-2.9581,-11.497,0
0.13056,-1.112,-0.18437,-7.7369,-11.928,0
1.1753,-1.548,-0.18437,3.4135,-10.792,0
1.9351,-1.4711,-0.17021,5.234,-11.18,0
1.2702,-1.2146,-0.17279,-6.144,-10.216,0
-0.15436,-1.0094,-0.16506,-5.4613,-10.116,0
-0.15436,-0.75289,-0.094274,6.5994,-9.9144,0
-0.059385,-0.95809,-0.0041778,2.7309,-9.1953,0
-0.62923,-1.2659,0.0048318,-8.6471,-9.8857,0
-0.53425,-1.3428,-0.047939,-2.503,-9.0514,0
-0.81917,-1.1376,-0.10714,7.5096,-9.6843,0
-0.059385,-1.0094,-0.12645,-0.9101,-8.8357,0
0.32051,-1.035,-0.11744,-8.192,-8.0878,0
0.79538,-1.3172,-0.078829,2.0482,-7.9583,0
0.89035,-1.6506,-0.010613,7.282,-6.5919,0
0.13056,-1.3685,0.00097052,-4.3235,-7.2823,0
-0.34431,-1.8815,-0.055661,-6.8267,-6.5343,0
-0.53425,-2.138,-0.080116,5.4616,-7.2247,0
-0.53425,-2.0354,-0.065958,4.0962,-7.383,0
-0.7242,-1.8302,-0.067245,-7.2818,-7.2104,0
0.035589,-1.9328,-0.080116,-3.8684,-7.8289,0
0.60543,-2.4457,-0.12516,7.9647,-6.52,0
0.7004,-3.1639,-0.12259,2.0482,-7.0378,0
-0.24933,-3.4461,-0.036355,-7.5093,-6.0741,0
-1.1041,-3.7795,0.057602,0.45525,-6.2467,0
-1.484,-3.8308,0.10522,7.9647,-6.5056,0
-1.484,-3.6513,0.084631,-1.5928,-6.1028,0
-0.81917,-3.5743,0.027999,-7.0542,-7.0953,0
-1.579,-4.0617,0.056315,4.3238,-6.2035,0
-1.9589,-4.3181,0.11037,5.9167,-6.9515,0
-1.579,-4.3438,0.158,-5.4613,-6.5343,0
-0.91415,-4.6516,0.18245,-4.5511,-6.4624,0
-1.389,-4.7542,0.22621,7.5096,-6.9802,0
-1.294,-4.985,0.29185,3.186,-5.959,0
-1.0091,-5.1389,0.34334,-7.5093,-6.5056,0
-0.059385,-5.4467,0.39225,-1.3652,-5.47,0
-0.059385,-5.498,0.46947,7.5096,-5.6713,0
0.41548,-5.3185,0.51066,0.00013542,-5.9159,0
0.79538,-5.1646,0.50294,-7.7369,-5.5131,0
1.4602,-4.7798,0.44244,1.8206,-6.2323,0
1.8401,-3.9078,0.34848,6.3718,-5.0816,0
1.6501,-3.5743,0.27641,-3.6408,-5.7289,0
0.32051,-3.7539,0.21849,-5.6889,-5.3405,0
0.22554,-3.4204,0.17988,4.5513,-5.4844,0
0.7004,-2.497,0.17859,4.7789,-5.9878,0
0.7004,-2.4714,0.15285,-5.6889,-5.1967,0
2.03,-2.5227,0.13225,-4.7786,-6.0309,0
2.22,-1.8302,0.17988,7.0545,-5.2255,0
0.51046,-2.1123,0.25581,2.5033,-5.7289,0
-1.1041,-2.3944,0.28284,-7.7369,-5.6282,0
-1.1991,-2.061,0.22364,-1.8203,-5.3549,0
-0.24933,-1.5993,0.13354,7.0545,-6.0453,0
0.60543,-1.548,0.064038,-0.9101,-5.2398,0
0.60543,-1.5737,0.039583,-8.192,-6.2754,0
0.7004,-1.3172,0.030574,1.8206,-5.6713,0
0.79538,-1.3685,0.044732,6.5994,-5.8439,0
0.79538,-1.6506,0.062751,-4.0959,-6.2754,0
2.125,-1.625,0.085918,-6.144,-5.959,0
2.03,-2.0354,0.1181,5.4616,-7.1241,0
0.41548,-2.0867,0.12711,4.5513,-6.3761,0
0.22554,-1.5224,0.096215,-6.8267,-7.0953,0
0.035589,-1.625,0.08978,-3.6408,-6.5919,0
-0.53425,-1.7532,0.082057,7.5096,-6.1028,0
-0.7242,-1.5737,0.022851,1.8206,-6.1316,0
-0.7242,-1.3941,-0.032494,-7.5093,-4.7508,0
-0.15436,-1.4454,-0.076255,0.00013542,-5.2686,0
0.035589,-1.112,-0.099422,7.282,-4.2905,0
-0.62923,-1.035,-0.080116,-1.1377,-4.6501,0
-0.62923,-0.90679,-0.033781,-7.9645,-4.722,0
-0.81917,-0.62465,-0.024771,3.6411,-4.2618,0
-1.294,0.52957,-0.086552,6.5994,-4.909,0
-1.389,1.0939,-0.17279,-6.8267,-3.9597,0
-1.1041,0.52957,-0.20625,-6.3715,-4.7652,0
-0.059385,0.37567,-0.22041,6.8269,-4.42,0
0.41548,1.2734,-0.24486,3.6411,-4.8371,0
0.89035,1.7351,-0.26674,-6.8267,-5.6282,0
1.4602,1.9146,-0.26288,-1.8203,-5.1104,0
1.9351,2.402,-0.23071,7.7372,-5.8583,0
0.32051,2.5815,-0.19209,0.91037,-4.5782,0
-0.7242,2.6841,-0.16635,-7.7369,-4.6214,0
-0.81917,2.7354,-0.14318,2.2757,-4.0172,0
0.51046,2.9919,-0.14061,6.8269,-3.7727,0
1.7451,3.6844,-0.17793,-2.9581,-4.6645,0
1.7451,4.1205,-0.23199,-7.2818,-4.42,0
0.51046,4.0435,-0.25645,4.5513,-5.8439,0
-0.34431,4.2231,-0.2809,5.4616,-5.5131,0
-0.24933,3.9153,-0.3504,-6.3715,-6.0022,0
1.3652,3.787,-0.4109,-4.5511,-5.7576,0
1.1753,3.864,-0.42377,6.8269,-4.7508,0
0.41548,3.8383,-0.40704,1.5931,-4.9666,0
-0.53425,3.5818,-0.39931,-7.9645,-3.8303,0
-0.15436,3.2227,-0.40961,-1.3652,-4.8083,0
0.41548,3.1201,-0.39931,7.7372,-4.6789,0
0.79538,3.0175,-0.33882,-0.68254,-4.9522,0
1.5552,2.8124,-0.30278,-7.5093,-5.4844,0
1.6501,2.9406,-0.26803,3.186,-4.5926,0
1.5552,2.7611,-0.2011,6.8269,-5.2111,0
1.3652,2.4533,-0.1213,-4.5511,-3.9597,0
0.41548,2.5302,-0.045365,-6.8267,-3.859,0
0.13056,2.6328,-0.013187,5.234,-3.2693,0
0.60543,2.3763,0.013841,4.3238,-2.4926,0
0.79538,2.325,0.01899,-7.2818,-2.8234,0
0.79538,2.838,0.05889,-3.6408,-1.457,0
0.51046,3.0688,0.12196,6.8269,-1.8597,0
0.13056,3.1201,0.13483,2.0482,-0.78098,0
0.22554,3.4279,0.12067,-7.7369,-0.37825,0
-0.059385,4.1205,0.075622,-0.9101,-0.27756,0
-0.43928,4.8643,0.022851,7.0545,1.0745,0
0.035589,5.2234,-0.036355,-1.3652,0.77243,0
0.035589,5.9672,-0.085264,-8.4196,2.1532,0
0.035589,6.0698,-0.10972,3.186,1.7793,0
0.13056,5.9416,-0.098135,6.3718,1.8656,0
-0.53425,5.7364,-0.069819,-5.6889,1.9087,0
-0.059385,5.5825,-0.063384,-5.4613,1.2327,0
0.035589,5.4029,-0.0518,5.4616,2.4553,0
-0.43928,4.6848,-0.006752,3.4135,2.3258,0
-0.62923,3.8127,0.083344,-6.8267,3.7786,0
0.79538,3.1971,0.1773,-2.0479,3.8217,0
2.03,2.7867,0.24294,8.4198,3.3758,0
2.315,2.325,0.30858,0.45525,2.6567,0
2.315,1.9146,0.3369,-8.192,0.44161,0
1.1753,1.4529,0.35749,0.68281,0.94503,0
0.60543,0.22178,0.39353,7.5096,1.0313,0
1.4602,-1.1889,0.43729,-2.503,3.1313,0
0.89035,-1.625,0.50937,-8.192,4.9724,0
-0.34431,-0.93244,0.52996,3.8687,6.0224,0
-0.53425,-0.086014,0.46175,5.4616,7.3888,0
-0.34431,0.81171,0.38838,-5.9164,6.6265,0
-0.059385,1.6838,0.33561,-6.5991,7.1443,0
0.60543,2.0942,0.28156,5.9167,6.2957,0
0.89035,1.9659,0.24809,3.4135,6.3532,0
1.4602,1.9146,0.2468,-7.9645,6.7991,0
1.3652,2.1455,0.26354,-4.0959,6.4539,0
1.6501,2.5815,0.26997,7.282,7.7915,0
2.03,2.6585,0.22106,0.91037,7.4032,0
1.0803,2.6841,0.16572,-8.4196,8.0936,0
0.98533,3.0432,0.16829,0.00013542,7.9354,0
1.9351,3.3766,0.15027,7.282,7.2018,0
1.6501,3.351,0.08978,-1.5928,7.5902,0
1.1753,2.6585,0.056315,-6.8267,6.4826,0
0.60543,2.6585,0.01899,3.8687,7.36,0
1.4602,3.5305,-0.031207,5.6891,6.7128,0
1.4602,4.0435,-0.063384,-6.8267,6.6696,0
0.41548,3.7614,-0.033781,-5.9164,6.0943,0
-0.34431,3.6075,-0.02091,6.3718,4.2964,0
-0.7242,3.7614,-0.022197,3.4135,4.0806,0
-0.7242,3.6075,-0.015762,-8.4196,2.6998,0
-0.62923,3.6075,0.00097052,-2.503,3.7786,0
-0.059385,4.0692,0.017703,8.1923,4.469,0
-0.15436,4.2744,0.066612,-0.45498,5.5046,0
-0.53425,4.3,0.11166,-7.7369,7.2018,0
-0.7242,3.7357,0.13611,2.5033,6.8854,0
-0.62923,3.5562,0.16443,7.7372,7.6621,0
0.035589,3.5305,0.1979,-3.4133,6.4251,0
-1.1991,3.4792,0.20304,-7.2818,5.7635,0
-1.8639,3.4536,0.20304,5.4616,4.771,0
-0.43928,3.1971,0.20176,5.0064,2.9443,0
0.32051,2.838,0.22364,-6.8267,2.5704,0
1.4602,2.7098,0.23779,-3.8684,0.49914,0
0.79538,3.1714,0.24166,7.5096,0.26901,0
0.22554,2.8893,0.24423,2.2757,-0.9392,0
0.60543,2.7611,0.158,-8.192,-1.5721,0
0.60543,3.1458,-0.02091,-2.503,-1.6008,0
0.32051,3.4279,-0.19209,7.7372,-2.5933,0
0.22554,3.864,-0.31565,0.45525,-1.8741,0
0.13056,5.0182,-0.38644,-8.6471,-2.9241,0
-0.43928,5.4542,-0.37229,0.91037,-2.694,0
-1.1991,5.2234,-0.31179,7.0545,-3.2405,0
-2.1488,4.6335,-0.27961,-3.4133,-4.0316,0
-0.62923,4.1718,-0.30407,-6.8267,-3.5714,0
0.51046,4.4539,-0.33367,4.7789,-4.5638,0
0.13056,4.6848,-0.28862,4.7789,-3.672,0
-0.059385,4.377,-0.24744,-6.5991,-4.2186,0
0.51046,3.8383,-0.26031,-4.0959,-3.7008,0
0.89035,3.7614,-0.23972,7.5096,-3.2693,0
0.89035,3.4536,-0.19338,2.0482,-3.4131,0
0.89035,2.3763,-0.13417,-7.9645,-2.0323,0
0.22554,1.6068,-0.078829,-1.1377,-2.5645,0
-0.53425,1.2734,-0.06081,7.7372,-1.5289,0
-0.62923,1.6325,-0.098135,-1.8203,-1.5289,0
-0.81917,2.0172,-0.15091,-8.192,-1.5002,0
0.41548,2.0942,-0.22041,2.5033,-0.65153,0
2.125,2.3763,-0.2217,5.9167,-1.0543,0
1.5552,2.7867,-0.18051,-4.5511,0.19709,0
-0.62923,4.0692,-0.16764,-6.8267,-0.23441,0
-1.1991,4.6078,-0.12645,5.9167,0.35531,0
-1.0091,4.2744,-0.068532,3.6411,0.32654,0
-1.389,4.6078,-0.086552,-6.8267,-0.018661,0
-1.294,5.4799,-0.15734,-3.1857,1.0745,0
-1.389,5.249,-0.17021,8.6474,1.0169,0
-1.8639,4.5052,-0.14704,2.5033,3.0738,0
-0.81917,3.2484,-0.12774,-7.2818,3.606,0
0.32051,2.5046,-0.06081,0.2277,4.2244,0
0.22554,2.6328,0.016416,7.7372,4.6128,0
-0.34431,2.6841,0.057602,-1.8203,3.7498,0
-1.1041,2.5815,0.064038,-7.9645,4.9005,0
-1.8639,2.1455,0.034435,3.8687,4.584,0
-1.389,1.6068,0.025425,6.5994,5.8498,0
-0.7242,1.1195,0.070473,-4.7786,6.497,0
-0.81917,0.68346,0.12067,-6.144,6.7128,0
-0.059385,0.016583,0.16958,5.4616,7.9497,0
1.7451,-0.29121,0.18374,4.3238,7.4032,0
2.22,0.52957,0.13869,-6.8267,8.3669,0
0.035589,1.4016,0.094928,-3.1857,7.9354,0
-0.53425,1.5299,0.082057,6.8269,8.2518,0
0.51046,1.7351,0.037009,2.2757,8.784,0
0.7004,1.9403,0.01899,-8.192,8.6977,0
0.13056,2.325,0.022851,-0.45498,9.7764,0
-0.53425,2.2737,0.0061189,7.7372,8.8703,0
-0.53425,2.3763,0.01899,-1.8203,9.3162,0
-0.059385,2.5815,0.022851,-7.5093,8.971,0
1.4602,2.7611,0.00097052,3.186,9.3449,0
1.3652,3.5049,-0.018336,6.1442,10.222,0
0.32051,3.7614,-0.046652,-5.6889,9.3018,0
-0.34431,3.1714,-0.10714,-6.3715,9.6614,0
-0.43928,3.2997,-0.22813,5.9167,8.5826,0
-0.15436,3.5049,-0.33753,4.3238,8.9997,0
-0.059385,3.5818,-0.33625,-8.192,9.2155,0
0.22554,4.1461,-0.33367,-3.4133,9.158,0
0.51046,4.8643,-0.38644,7.282,10.309,0
0.79538,5.1208,-0.46367,0.91037,9.6901,0
1.5552,4.8643,-0.49456,-7.9645,10.409,0
1.9351,4.4796,-0.47654,1.1379,9.5751,0
1.7451,4.4283,-0.46367,7.7372,9.3881,0
0.60543,4.6078,-0.47911,-3.4133,9.6326,0
0.32051,4.7104,-0.42763,-7.7369,8.9278,0
0.51046,4.377,-0.35813,4.5513,9.834,0
0.89035,3.4536,-0.32981,5.6891,8.8703,0
0.7004,2.6585,-0.33239,-5.4613,9.0573,0
-0.059385,2.9406,-0.32724,-4.0959,8.7552,0
0.32051,3.8896,-0.3311,7.5096,8.3812,0
-0.81917,4.4796,-0.40189,4.3238,9.3306,0
-1.8639,4.4283,-0.42892,-7.5093,8.5538,0
-1.579,4.3,-0.40189,-1.8203,9.3737,0
-0.24933,4.1461,-0.36199,7.282,8.5251,0
-0.53425,4.2487,-0.33625,-0.45498,8.5395,0
-0.43928,4.5822,-0.27061,-7.7369,8.6545,0
0.41548,4.4539,-0.21783,2.2757,7.8634,0
0.7004,4.0435,-0.19209,6.3718,8.8991,0
0.13056,3.274,-0.15219,-3.1857,8.3093,0
0.035589,2.5815,-0.10586,-7.2818,9.4888,0
-0.059385,2.0942,-0.071106,5.0064,9.6901,0
-1.294,1.1708,-0.072394,5.0064,9.949,0
-0.15436,0.78606,-0.10328,-7.2818,10.711,0
1.7451,0.88866,-0.16378,-5.0062,9.8627,0
0.79538,0.96561,-0.15091,7.0545,10.654,0
-0.81917,0.78606,-0.072394,2.9584,9.5463,0
-1.1991,0.99126,-0.022197,-7.0542,9.6614,0
0.22554,1.4529,-0.053087,-2.7306,9.5463,0
0.51046,1.1708,-0.12259,7.0545,8.9566,0
1.0803,0.24743,-0.15091,0.68281,9.7189,0
1.8401,-0.4964,-0.089126,-8.192,9.0285,0
1.0803,-1.3941,0.055028,0.2277,10.007,0
1.1753,-1.7276,0.18889,7.0545,9.6038,0
1.2702,-1.5737,0.22492,-2.0479,9.2874,0
0.51046,-1.6506,0.26354,-8.6471,9.1292,0
-0.81917,-1.1889,0.29829,3.8687,7.7915,0
-0.7242,-0.23991,0.30086,5.234,8.2086,0
0.41548,-0.13731,0.28928,-6.3715,7.245,0
0.79538,-0.26556,0.26997,-5.0062,7.8347,0
0.035589,-0.82984,0.28027,6.3718,7.8491,0
0.41548,-1.5993,0.32918,2.7309,7.8203,0
0.035589,-2.3944,0.42571,-7.9645,8.7408,0
-1.1041,-2.8818,0.44502,-1.5928,8.0073,0
-0.62923,-3.01,0.44502,8.1923,8.9566,0
1.0803,-2.7792,0.42442,0.45525,7.921,0
1.4602,-2.6766,0.36908,-7.9645,7.7915,0
1.0803,-2.6253,0.30472,0.68281,7.5614,0
0.41548,-2.3175,0.27641,7.5096,6.8422,0
-0.53425,-2.2919,0.23136,-2.0479,7.5326,0
-0.059385,-2.5996,0.16057,-7.2818,6.5977,0
0.60543,-3.1383,0.098789,4.0962,7.3456,0
0.13056,-3.2922,0.035722,6.5994,6.8998,0
-0.53425,-2.6766,-0.017049,-5.6889,6.6265,0
-0.62923,-2.3688,-0.053087,-5.4613,6.5833,0
-1.1991,-2.7022,-0.073681,6.8269,5.0587,0
-1.389,-2.2406,-0.102,4.5513,5.1306,0
-0.24933,-2.0097,-0.12645,-6.5991,3.4046,0
0.51046,-1.4454,-0.14704,-2.9581,3.4477,0
0.89035,-1.548,-0.16506,7.282,3.3183,0
0.7004,-1.4454,-0.1715,1.1379,3.0019,0
0.79538,-1.1889,-0.17665,-8.192,3.7066,0
0.7004,-1.548,-0.17665,0.45525,2.6854,0
0.79538,-1.7019,-0.17665,7.282,3.3758,0
1.3652,-1.5224,-0.17793,-2.2755,2.4265,0
0.79538,-1.2402,-0.19595,-7.0542,2.2252,0
0.32051,-1.4967,-0.15605,3.4135,2.0382,0
0.13056,-2.5483,-0.096848,5.6891,1.2758,0
0.035589,-2.9844,-0.058236,-5.9164,2.1101,0
0.035589,-2.8048,-0.0119,-5.4613,1.5635,0
-0.34431,-2.8048,0.034435,6.3718,2.5991,0
0.13056,-3.3948,0.04087,3.186,2.4121,0
0.51046,-2.6509,0.00097052,-7.2818,2.2971,0
0.7004,-1.8815,-0.087839,-3.1857,2.5272,0
0.79538,-2.1893,-0.14576,7.0545,1.4628,0
0.7004,-3.2409,-0.14704,-0.22742,2.0957,0
0.89035,-3.1126,-0.18051,-8.6471,1.2183,0
0.89035,-1.8302,-0.2809,0.91037,2.0382,0
0.98533,-0.18861,-0.34783,7.282,2.5704,0
-0.24933,0.093531,-0.31308,-3.4133,2.743,0
-1.0091,-0.82984,-0.2114,-6.8267,3.7929,0
-0.81917,-1.3172,-0.16249,4.5513,2.8005,0
-0.15436,-1.0607,-0.20368,5.4616,3.5916,0
1.2702,-0.4964,-0.21783,-5.9164,2.858,0
2.6949,-0.26556,-0.23199,-5.9164,2.9299,0
1.8401,-0.599,-0.2114,6.1442,3.2608,0
-0.15436,-1.7532,-0.13675,2.5033,2.6854,0
0.13056,-3.1639,0.0048318,-7.9645,3.9512,0
-0.62923,-5.1389,0.18116,-1.1377,3.4477,0
-1.1041,-6.4727,0.30601,7.282,4.3539,0
-0.15436,-7.0626,0.34462,-1.1377,4.282,0
0.79538,-7.037,0.30344,-7.7369,3.9368,0
-0.34431,-5.8571,0.24423,4.0962,4.7135,0
-0.91415,-5.2672,0.22879,6.5994,4.0518,0
-0.7242,-5.1389,0.24423,-5.4613,5.2169,0
0.60543,-4.8824,0.24166,-6.144,4.469,0
2.5999,-4.9081,0.22364,6.5994,4.6416,0
1.0803,-5.8571,0.19146,4.5513,4.2532,0
-0.7242,-6.4983,0.15928,-6.8267,3.5484,0
-0.059385,-6.0879,0.096215,-3.1857,4.1813,0
0.60543,-4.5746,0.030574,7.282,3.5197,0
0.7004,-3.1639,0.025425,0.91037,4.6272,0
-0.059385,-2.4714,0.062751,-7.7369,4.2101,0
0.13056,-2.3175,0.11552,0.2277,4.1669,0
0.7004,-3.1896,0.17215,7.0545,4.1813,0
0.7004,-4.2412,0.21591,-2.0479,3.3183,0
-0.43928,-4.6259,0.21463,-7.7369,4.0518,0
-0.53425,-4.2668,0.167,3.4135,3.1313,0
-0.15436,-3.1896,0.16057,6.3718,3.8361,0
0.035589,-2.8561,0.21978,-6.144,3.721,0
0.60543,-3.4717,0.29443,-6.5991,3.4909,0
0.7004,-3.8308,0.29958,5.4616,3.721,0
0.79538,-3.9334,0.27383,2.9584,2.6567,0
0.79538,-4.2155,0.26482,-7.2818,3.6491,0
0.22554,-4.549,0.27769,-3.1857,3.1313,0
0.22554,-4.7029,0.2867,7.282,3.6923,0
1.2702,-4.1129,0.24809,1.3655,3.6203,0
1.4602,-3.4717,0.1477,-8.6471,3.1601,0
1.0803,-3.5487,0.0061189,0.68281,3.6491,0
1.9351,-3.2152,-0.10972,7.282,2.5416,0
2.5049,-2.5483,-0.18694,-2.9581,3.0882,0
1.2702,-2.3175,-0.21526,-7.2818,2.4409,0
0.51046,-2.5483,-0.24615,4.7789,2.5991,0
0.60543,-2.8818,-0.27318,5.9167,2.9587,0
0.60543,-2.7535,-0.2912,-6.3715,2.3402,0
1.4602,-2.1893,-0.30278,-5.4613,3.3614,0
1.4602,-2.1123,-0.34783,6.8269,2.4121,0
0.51046,-1.5224,-0.44436,2.7309,2.8005,0
0.60543,-0.62465,-0.51901,-7.7369,2.1532,0
0.89035,-0.29121,-0.48684,-1.3652,1.4628,0
-1.1041,-0.5477,-0.40704,8.6474,1.808,0
-0.7242,-1.112,-0.36585,0.45525,0.90188,0
0.32051,-1.1376,-0.31437,-7.0542,2.0382,0
0.60543,-1.2659,-0.24358,2.2757,1.4772,0
-0.53425,-1.2915,-0.17793,7.282,1.5635,0
-0.43928,-2.2919,-0.10071,-3.1857,1.506,0
1.7451,-3.2922,-0.033781,-7.9645,0.48476,0
0.79538,-3.2409,0.043444,4.7789,1.2471,0
-0.7242,-2.6509,0.10008,5.4616,0.34092,0
0.60543,-2.8818,0.13998,-6.5991,1.319,0
1.8401,-2.9587,0.15413,-4.5511,1.1176,0
1.1753,-2.4457,0.17087,7.0545,1.1464,0
-0.15436,-1.8302,0.17859,2.2757,1.6067,0
-1.1041,-2.0097,0.10651,-8.4196,0.68613,0
-0.43928,-2.061,-0.035068,-1.5928,1.5779,0
0.41548,-0.95809,-0.18823,7.7372,0.82996,0
0.22554,0.65782,-0.26803,-0.45498,1.2327,0
-0.24933,0.96561,-0.27961,-7.9645,0.95941,0
0.035589,0.37567,-0.23199,0.91037,0.11079,0
0.60543,-0.57335,-0.16635,6.5994,0.84434,0
0.79538,-0.90679,-0.099422,-4.0959,0.18271,0
0.51046,-0.67595,-0.081403,-7.2818,1.4053,0
-0.15436,-0.26556,-0.12388,5.6891,1.0889,0
-0.059385,-1.3685,-0.2217,4.7789,0.85873,0
1.1753,-2.9331,-0.26932,-7.5093,0.78681,0
1.3652,-2.2662,-0.28476,-4.7786,-0.55085,0
0.98533,-0.95809,-0.25516,7.5096,-0.14811,0
0.89035,-1.1633,-0.21783,2.0482,-1.3851,0
-0.34431,-1.6763,-0.22041,-7.5093,-0.8529,0
-1.1991,-1.8815,-0.25001,-0.68254,-1.0687,0
0.035589,-2.4201,-0.20368,8.1923,-1.2556,0
0.41548,-2.6509,-0.083977,-0.9101,-0.72345,0
1.5552,-2.5227,0.04087,-7.2818,-1.6871,0
2.22,-1.2146,0.10522,1.8206,-0.7666,0
0.41548,-0.52205,0.027999,6.5994,-1.5433,0
-0.24933,-0.5477,-0.10714,-4.7786,-0.99673,0
-1.0091,-0.77854,-0.15091,-6.8267,-0.98235,0
-1.1991,-1.0607,-0.089126,6.1442,-1.644,0
-0.059385,-1.6763,-0.058236,4.3238,-0.91043,0
-0.15436,-2.3944,-0.12645,-7.2818,-1.8454,0
0.32051,-3.1896,-0.23972,-3.6408,-1.0687,0
0.60543,-3.1383,-0.30021,7.5096,-1.4426,0
0.32051,-2.4714,-0.29892,0.00013542,-1.6008,0
0.7004,-1.3428,-0.25516,-8.192,-1.1118,0
0.51046,-0.36816,-0.19338,0.91037,-2.0467,0
0.41548,-0.34251,-0.085264,7.7372,-1.0974,0
0.51046,-0.599,0.034435,-2.7306,-1.6871,0
0.13056,-0.88114,0.094928,-7.0542,-1.1693,0
0.035589,-1.035,0.11552,4.3238,-0.9392,0
0.41548,-1.2402,0.15156,5.234,-1.4858,0
0.7004,-0.57335,0.16186,-6.3715,-0.7666,0
0.13056,-0.26556,0.18631,-5.0062,-1.9317,0
-0.34431,-0.23991,0.1876,6.3718,-1.457,0
-0.53425,-0.47075,0.15027,2.5033,-2.133,0
-0.059385,-0.23991,0.085918,-6.8267,-2.2337,0
0.51046,0.067882,0.057602,-2.7306,-1.8166,0
-0.53425,0.042233,0.042157,7.9647,-2.507,0
-1.6739,-0.7016,0.056315,-0.68254,-1.3995,0
-1.484,-1.7276,0.031861,-8.4196,-1.9173,0
-0.81917,-1.8302,-0.036355,0.68281,-1.1837,0
-1.1991,-0.67595,-0.092987,7.0545,-1.1262,0
-0.7242,0.45262,-0.12259,-3.6408,-1.5865,0
1.0803,0.29873,-0.13804,-7.9645,-1.155,0
1.4602,-0.26556,-0.090413,3.8687,-2.1043,0
1.1753,-0.67595,-0.033781,5.4616,-1.0687,0
1.5552,-1.7789,0.021564,-6.8267,-1.6296,0
0.89035,-3.087,0.12453,-5.4613,-1.0111,0
0.32051,-4.4464,0.26997,7.282,-0.6803,0
0.41548,-5.4467,0.4064,2.2757,-1.1406,0
0.41548,-5.1646,0.47848,-8.192,-0.20565,0
0.89035,-3.0613,0.50294,-1.1377,-1.155,0
1.3652,-1.3428,0.51709,8.1923,-0.52208,0
1.6501,-1.3428,0.50422,-0.45498,-1.0399,0
1.4602,-1.548,0.43472,-8.192,-1.1837,0
-0.24933,-1.035,0.34462,2.7309,-0.55085,0
-1.0091,-1.5224,0.31759,7.0545,-1.1406,0
-1.389,-2.0867,0.30472,-3.1857,0.13956,0
-0.7242,-2.2406,0.28413,-6.5991,-0.37825,0
-0.34431,-2.1893,0.25453,6.3718,0.18271,0
-1.7689,-1.9841,0.24294,5.0064,0.28339,0
-1.9589,-1.8558,0.25453,-6.8267,-0.22003,0
-0.43928,-1.5737,0.26354,-4.0959,0.58544,0
0.7004,-1.4711,0.21463,7.0545,-0.1625,0
1.2702,-1.6506,0.22235,3.186,0.71489,0
1.9351,-2.0867,0.28156,-7.2818,0.44161,0
2.22,-2.1636,0.28156,-1.1377,0.48476,0
1.6501,-1.625,0.16958,7.282,1.0889,0
0.32051,-1.2402,0.13611,-0.45498,0.48476,0
-0.34431,-1.3428,0.1979,-7.9645,1.4772,0
0.035589,-1.4198,0.21463,2.0482,0.62859,0
0.60543,-1.3941,0.14255,6.8269,1.1032,0
0.89035,-1.3685,0.026712,-4.3235,1.1176,0
0.13056,-0.5477,-0.040216,-6.5991,0.67174,0
-0.15436,0.32437,-0.11873,5.9167,1.4772,0
-0.62923,0.78606,-0.16506,5.0064,0.47037,0
-0.62923,1.0682,-0.23714,-7.7369,1.319,0
0.035589,1.2734,-0.32338,-3.6408,0.70051,0
0.035589,1.0426,-0.36842,7.282,0.97379,0
0.22554,0.83736,-0.39931,0.91037,1.3909,0
-0.059385,1.5555,-0.45466,-8.4196,0.82996,0
-0.43928,2.8124,-0.54218,-0.45498,1.7361,0
-0.62923,2.7354,-0.58594,6.8269,0.78681,0
-0.059385,2.2481,-0.54733,-2.9581,1.1895,0
1.2702,2.1711,-0.49456,-7.9645,0.78681,0
0.89035,2.8637,-0.45852,3.186,0.54229,0
-0.34431,2.9919,-0.38516,5.6891,1.2183,0
-0.7242,2.7354,-0.2616,-5.6889,0.42722,0
0.035589,2.1198,-0.20239,-6.3715,1.2615,0
0.51046,1.4016,-0.19081,5.9167,0.44161,0
0.79538,1.7094,-0.1818,2.7309,0.68613,0
0.89035,2.2737,-0.20239,-8.192,0.72928,0
1.5552,1.812,-0.25773,-1.8203,0.13956,0
1.3652,1.1195,-0.2616,8.1923,1.1752,0
-0.15436,0.50392,-0.21783,-0.45498,0.51352,0
-0.53425,0.067882,-0.18823,-7.9645,1.5491,0
0.98533,1.0169,-0.17665,3.4135,1.0601,0
1.4602,2.0942,-0.16249,7.0545,1.0026,0
1.1753,1.7094,-0.18051,-5.2337,1.319,0
0.13056,0.88866,-0.15992,-6.3715,0.59983,0
0.7004,0.14483,-0.022197,6.3718,1.5923,0
1.8401,0.47827,0.070473,5.0064,0.77243,0
0.98533,1.0939,0.039583,-6.5991,1.2327,0
0.32051,1.0682,-0.055661,-3.1857,1.1176,0
-0.7242,1.1195,-0.086552,8.1923,0.85873,0
-1.8639,1.376,-0.090413,1.8206,2.0382,0
-0.34431,2.0942,-0.056948,-8.4196,1.4628,0
1.6501,2.9919,-0.098135,0.2277,2.2252,0
2.125,2.838,-0.18437,7.282,1.132,0
2.22,2.402,-0.19338,-1.3652,0.67174,0
2.125,1.7351,-0.14576,-6.3715,0.15394,0
1.7451,1.4016,-0.041503,4.0962,-0.73783,0
0.98533,1.1965,0.013841,5.4616,0.61421,0
-0.43928,1.376,-0.041503,-6.5991,0.45599,0
-1.8639,1.4273,-0.13289,-6.144,2.0094,0
-1.294,1.4786,-0.17021,6.1442,2.1388,0
-0.81917,1.6325,-0.12903,2.7309,1.8224,0
-0.7242,1.1965,-0.12645,-8.192,1.8224,0
-0.81917,0.65782,-0.19081,-1.8203,0.35531,0
-1.294,-0.36816,-0.18308,7.5096,0.75804,0
-0.81917,-1.4198,-0.072394,-0.22742,-0.033045,0
1.1753,-1.7532,0.10909,-8.4196,0.68613,0
1.4602,-1.8815,0.24294,1.8206,1.1464,0
0.22554,-2.1893,0.35878,7.0545,0.98818,0
-1.389,-2.7792,0.4669,-4.3235,1.9231,0
-2.0538,-2.7535,0.55313,-6.8267,0.87311,0
-0.81917,-2.7535,0.61362,5.0064,1.4197,0
-0.15436,-3.1383,0.66511,4.5513,0.54229,0
-0.43928,-3.1639,0.66897,-6.8267,0.32654,0
0.035589,-2.8048,0.64065,-4.5511,0.75804,0
0.60543,-2.5227,0.60333,7.5096,0.54229,0
-0.62923,-1.8045,0.56085,2.2757,2.1101,0
-0.53425,-1.1633,0.51194,-8.192,1.8943,0
0.98533,-0.599,0.41155,-2.0479,2.5704,0
1.4602,0.19613,0.3266,7.7372,2.0094,0
0.41548,0.83736,0.26096,0.2277,0.75804,0
0.22554,1.2734,0.21463,-6.5991,0.68613,0
0.035589,1.376,0.18116,3.4135,-0.5077,0
-0.62923,1.0939,0.13611,5.9167,0.41284,0
-1.1991,0.68346,0.10136,-4.7786,0.26901,0
-0.62923,0.58087,0.070473,-5.6889,0.94503,0
1.0803,0.63217,0.037009,6.8269,1.621,0
1.5552,0.86301,0.0035447,4.0962,1.2615,0
1.5552,0.63217,-0.018336,-7.7369,2.0238,0
2.6949,0.42697,0.0022576,-3.4133,0.75804,0
2.315,0.52957,0.053741,7.5096,1.0026,0
1.1753,0.52957,0.12453,0.91037,0.42722,0
0.79538,0.22178,0.17344,-7.7369,0.58544,0
0.79538,-0.6503,0.19275,1.8206,1.4053,0
0.13056,-1.5224,0.21463,7.7372,0.74366,0
0.32051,-1.4198,0.26611,-2.7306,1.4916,0
0.13056,-0.82984,0.32918,-7.2818,0.28339,0
-0.24933,0.22178,0.34462,5.234,0.34092,0
0.22554,1.0169,0.27255,5.0064,0.12517,0
0.7004,1.1708,0.19017,-6.3715,-0.32071,0
0.22554,1.4273,0.10394,-5.0062,0.82996,0
0.22554,2.0172,0.027999,6.5994,0.44161,0
0.60543,2.8124,-0.069819,2.9584,1.3478,0
0.7004,2.9663,-0.13932,-7.2818,0.68613,0
0.035589,2.4789,-0.14061,-1.1377,0.34092,0
0.32051,1.9916,-0.12259,7.0545,0.21147,0
0.60543,1.2734,-0.092987,-0.45498,-0.91043,0
0.7004,0.76041,-0.022197,-8.6471,-0.17688,0
0.89035,0.68346,0.044732,1.1379,-1.0111,0
1.3652,1.2221,0.075622,6.5994,-0.26318,0
0.79538,1.4529,0.07176,-3.8684,0.35531,0
0.7004,1.4273,0.027999,-7.0542,0.39846,0
0.60543,1.376,-0.02091,4.7789,1.0745,0
0.7004,1.1452,0.0035447,5.0064,-0.53646,0
0.13056,0.99126,0.07176,-7.7369,-0.8529,0
-0.43928,0.58087,0.066612,-5.9164,-2.3632,0
-0.059385,1.1195,-0.024771,6.5994,-2.4495,0
-0.059385,1.8377,-0.098135,3.186,-1.7447,0
0.13056,1.9146,-0.096848,-7.7369,-1.7159,0
0.79538,1.889,-0.064671,-2.7306,-0.2488,0
1.8401,2.0685,-0.046652,8.1923,-1.0974,0
2.03,2.2481,-0.059523,1.1379,-1.1693,0
0.51046,2.2481,-0.067245,-8.192,-2.32,0
0.13056,2.2737,-0.058236,2.5033,-3.2837,0
1.3652,2.1968,-0.076255,7.282,-2.809,0
0.79538,2.0172,-0.15863,-3.6408,-3.3125,0
-0.24933,2.1711,-0.25387,-6.5991,-2.0755,0
0.41548,2.4789,-0.28219,5.6891,-2.507,0
1.1753,2.5559,-0.22813,5.4616,-2.1474,0
0.89035,2.1198,-0.19595,-6.3715,-2.1762,0
1.3652,1.9403,-0.21912,-5.0062,-3.1974,0
1.4602,2.2481,-0.3105,6.8269,-2.8378,0
0.035589,2.8893,-0.37615,3.186,-3.8015,0
-0.34431,3.7614,-0.38258,-7.2818,-2.6652,0
0.41548,3.4023,-0.34268,-0.9101,-2.5358,0
0.22554,3.1458,-0.30021,7.7372,-2.3056,0
0.13056,2.7867,-0.30922,0.68281,-1.9173,0
0.89035,2.7354,-0.40189,-8.4196,-3.0104,0
0.98533,3.0945,-0.46882,0.91037,-2.3344,0
0.79538,2.4276,-0.38258,7.5096,-3.2693,0
0.79538,0.93996,-0.23457,-3.4133,-2.7227,0
0.89035,0.29873,-0.11873,-7.7369,-2.2193,0
0.60543,-0.11166,-0.068532,3.6411,-2.0611,0
0.89035,-0.13731,-0.065958,5.9167,-0.7666,0
1.4602,0.016583,-0.050513,-5.6889,-1.6152,0
1.4602,-0.34251,-0.0041778,-5.2337,-1.4426,0
0.89035,-0.52205,0.060177,6.5994,-2.5645,0
0.79538,-0.086014,0.10265,3.6411,-3.183,0
0.79538,0.32437,0.12839,-7.9645,-2.7227,0
0.98533,0.27308,0.16186,-2.7306,-2.9241,0
0.7004,0.19613,0.16314,6.8269,-1.0974,0
0.13056,-0.11166,0.10651,0.2277,-1.0255,0
-0.62923,-0.6503,0.075622,-8.192,0.11079,0
-0.53425,-0.62465,0.11295,1.3655,0.29777,0
-1.1991,0.042233,0.14384,7.5096,-0.45016,0
-1.389,-0.34251,0.167,-4.3235,-0.22003,0
-0.43928,-0.75289,0.25581,-7.7369,-1.4139,0
-0.059385,-0.57335,0.43215,4.7789,-0.4214,0
-0.43928,-1.7532,0.58531,4.7789,-0.6803,0
-0.53425,-2.9587,0.5866,-7.0542,-0.061812,0
-1.389,-3.2409,0.45917,-4.5511,0.31216,0
-1.389,-3.1383,0.40898,6.8269,-0.37825,0
0.60543,-3.2409,0.41927,2.5033,0.41284,0
1.6501,-2.8048,0.40898,-8.8747,-0.66591,0
1.1753,-2.5227,0.36908,-1.8203,-0.26318,0
0.41548,-3.01,0.37937,7.0545,-0.96797,0
0.60543,-2.5227,0.42056,-0.68254,-1.3995,0
0.035589,-1.112,0.36007,-7.7369,-0.6803,0
-1.0091,0.14483,0.19403,2.9584,-1.0399,0
-0.62923,1.0426,-0.0093262,6.8269,0.34092,0
-0.24933,0.70911,-0.080116,-3.8684,-0.26318,0
-1.1041,-0.13731,-0.014475,-6.144,-0.23441,0
-1.389,-0.0090658,0.042157,6.5994,-0.49331,0
-0.91415,0.17048,0.04087,4.5513,-1.27,0
0.035589,0.14483,0.020277,-7.5093,-0.2488,0
0.7004,-0.13731,0.024138,-3.1857,-0.79537,0
0.22554,-0.77854,0.11681,7.0545,0.58544,0
-0.53425,-1.548,0.23908,0.45525,0.49914,0
0.035589,-1.7789,0.28928,-7.7369,0.57106,0
1.2702,-1.7276,0.29443,0.2277,0.59983,0
0.22554,-1.1889,0.26482,7.282,-0.63715,0
-0.81917,-0.57335,0.18631,-2.0479,0.11079,0
-0.24933,-0.85549,0.091067,-7.9645,-0.7666,0
-0.53425,-1.4711,0.10522,2.5033,-0.10496,0
-1.7689,-1.4198,0.17988,5.234,0.082022,0
-2.0538,-0.85549,0.23007,-5.6889,-0.004278,0
-2.3388,-0.3938,0.21205,-6.8267,0.72928,0
-2.3388,-0.72725,0.18889,4.5513,-0.52208,0
-1.484,-0.67595,0.19403,3.8687,-0.13373,0
0.32051,-0.4964,0.19532,-7.7369,-1.1981,0
1.7451,0.19613,0.17215,-4.0959,-0.99673,0
2.6949,0.52957,0.079483,7.7372,-0.37825,0
1.5552,0.63217,-0.053087,0.2277,-0.6803,0
-1.1041,0.86301,-0.14704,-9.5574,0.35531,0
-2.6237,1.0426,-0.2217,1.1379,-0.82413,0
-1.6739,1.3503,-0.32981,7.5096,-0.53646,0
-1.6739,1.9146,-0.47783,-2.9581,-1.1262,0
-1.294,1.9146,-0.56664,-7.5093,-1.5865,0
-0.059385,1.9403,-0.54218,4.0962,-1.2844,0
0.035589,2.4276,-0.47911,5.4616,-2.1906,0
-0.24933,2.838,-0.44565,-6.144,-1.0255,0
-1.389,2.0942,-0.46367,-4.3235,-1.3419,0
-1.9589,0.70911,-0.45337,8.1923,-0.91043,0
-2.2438,-0.21426,-0.3504,2.2757,-1.1981,0
-1.389,-0.060364,-0.25902,-7.2818,-2.6796,0
-0.24933,1.1195,-0.23199,-1.1377,-2.507,0
-0.81917,1.4273,-0.2912,7.7372,-3.3556,0
-1.7689,0.78606,-0.35684,0.2277,-2.0899,0
-2.2438,-0.086014,-0.40318,-7.9645,-1.2988,0
-0.24933,0.093531,-0.40575,1.8206,-0.65153,0
1.7451,0.70911,-0.39159,7.7372,-0.11935,0
1.4602,1.1708,-0.39159,-4.0959,-1.5577,0
-0.24933,1.1965,-0.34011,-7.2818,-1.2988,0
-1.6739,1.2734,-0.25645,4.5513,-2.2049,0
-2.2438,0.76041,-0.18823,5.4616,-1.3276,0
-2.0538,-0.13731,-0.1213,-6.144,-0.70906,0
-1.389,-0.62465,-0.032494,-5.4613,-0.62276,0
-0.7242,-1.2402,0.057602,7.0545,0.19709,0
-0.62923,-1.4967,0.14512,2.2757,-0.594,0
-1.1041,-2.2919,0.16057,-7.7369,0.21147,0
-1.1991,-2.9587,0.15928,-2.503,-0.55085,0
-0.34431,-3.6256,0.16958,8.1923,-0.43578,0
0.51046,-4.1129,0.17344,-0.22742,0.053256,0
0.79538,-3.9847,0.15671,-7.9645,-0.30633,0
0.32051,-3.6256,0.20562,1.5931,0.71489,0
-0.53425,-3.5487,0.29314,7.0545,-0.061812,0
-0.62923,-3.4204,0.34205,-3.8684,0.68613,0
0.60543,-2.9587,0.36522,-7.2818,0.44161,0
2.5999,-2.9844,0.38967,4.0962,0.39846,0
3.1697,-2.4201,0.3871,5.9167,1.0745,0
1.3652,-1.4198,0.37423,-5.2337,0.34092,0
0.60543,-0.5477,0.32403,-5.4613,1.4341,0
1.1753,-0.18861,0.26354,7.282,0.82996,0
1.4602,0.11918,0.2069,2.0482,1.5347,0
0.41548,0.19613,0.046019,-8.192,1.8656,0
-1.0091,0.27308,-0.092987,-1.8203,1.4916,0
-1.8639,0.52957,-0.14704,7.5096,2.0813,0
-2.2438,0.83736,-0.17922,-1.3652,0.90188,0
-1.579,1.1708,-0.17279,-7.7369,1.506,0
0.32051,0.24743,-0.13031,2.7309,1.0169,0
1.7451,-0.67595,-0.10972,6.5994,1.132,0
1.1753,-1.1889,-0.11615,-4.5511,1.7505,0
-0.15436,-0.599,-0.089126,-6.144,1.0889,0
-1.1991,-0.5477,0.012554,5.0064,1.9662,0
-2.0538,-0.21426,0.082057,4.7789,1.0313,0
-2.0538,0.11918,0.082057,-6.3715,1.7793,0
-1.6739,0.60652,0.075622,-3.6408,1.6067,0
-2.3388,-0.18861,0.083344,7.9647,1.2615,0
-1.7689,-1.3172,0.079483,3.6411,1.6498,0
-1.1041,-1.7532,0.064038,-6.3715,0.57106,0
-1.389,-1.8815,0.027999,-1.5928,1.0457,0
-1.9589,-1.8045,-0.013187,7.7372,-0.033045,0
-0.91415,-1.1376,-0.024771,0.45525,0.47037,0
0.89035,0.093531,-0.02091,-7.2818,1.0313,0
1.8401,0.93996,-0.037642,2.0482,1.0457,0
1.6501,0.63217,-0.046652,7.7372,2.0957,0
0.41548,0.63217,-0.055661,-2.9581,1.3478,0
-0.34431,0.91431,-0.065958,-7.0542,2.1532,0
-0.059385,1.5555,-0.086552,3.8687,1.4772,0
-0.53425,2.0429,-0.13675,6.1442,1.319,0
-1.1041,2.1711,-0.17407,-5.4613,1.7217,0
-1.0091,1.8633,-0.16635,-6.8267,1.2327,0
-0.81917,2.6585,-0.1715,5.9167,2.2539,0
-0.7242,2.9919,-0.2513,3.8687,1.4053,0
-0.7242,2.838,-0.37357,-6.8267,1.9375,0
-0.7242,2.6328,-0.49971,-4.3235,1.4916,0
-0.62923,1.7351,-0.53446,7.282,0.82996,0
0.60543,0.35002,-0.41991,0.68281,1.2327,0
1.8401,-0.26556,-0.23457,-8.192,0.13956,0
1.5552,0.58087,-0.081403,0.00013542,1.2039,0
0.51046,1.1708,-0.041503,7.282,0.90188,0
0.13056,0.88866,-0.059523,-2.7306,1.6067,0
0.22554,0.99126,-0.063384,-7.9645,2.0669,0
-0.62923,1.0169,-0.045365,2.7309,1.2758,0
-0.7242,0.96561,-0.027345,5.9167,1.9519,0
-0.81917,0.96561,0.016416,-4.5511,1.1895,0
-0.059385,0.68346,0.087205,-5.6889,2.2971,0
0.7004,0.58087,0.15027,5.0064,2.3834,0
0.13056,0.32437,0.17473,3.8687,2.0669,0
0.13056,0.22178,0.14255,-6.8267,2.2827,0
-0.24933,0.17048,0.12711,-3.1857,1.4628,0
-0.62923,0.067882,0.14899,7.7372,2.5991,0
0.035589,0.65782,0.18374,1.8206,2.2827,0
-0.24933,0.93996,0.20948,-8.4196,3.0162,0
-0.62923,0.70911,0.16443,0.00013542,3.4909,0
-0.62923,0.73476,0.12196,7.9647,3.8361,0
-0.059385,1.2221,0.13354,-2.7306,5.1881,0
1.2702,1.6325,0.11938,-7.5093,4.5121,0
0.89035,1.6838,0.064038,4.0962,4.9868,0
-0.43928,2.3763,-0.046652,6.1442,3.5628,0
0.035589,3.2484,-0.13804,-5.6889,3.0738,0
-0.059385,3.5049,-0.17665,-5.2337,2.9443,0
-0.24933,3.7614,-0.23199,6.5994,2.5847,0
-0.62923,3.9409,-0.2809,4.0962,3.8792,0
-0.62923,3.864,-0.20754,-7.5093,3.4046,0
-0.62923,3.3766,-0.074968,-4.0959,4.4114,0
-0.059385,3.4536,0.0061189,7.7372,4.0375,0
1.2702,3.4536,0.053741,1.5931,3.5772,0
1.9351,3.2227,0.10265,-7.2818,3.5053,0
1.4602,2.9919,0.16186,-0.22742,2.2539,0
0.51046,2.2737,0.23522,7.282,3.1025,0
0.22554,1.9146,0.24809,-1.3652,2.5128,0
0.60543,1.8633,0.25195,-8.6471,3.045,0
-0.059385,1.5299,0.23908,3.6411,2.9875,0
-0.53425,1.2221,0.28156,6.8269,2.3115,0
0.035589,1.5555,0.3472,-5.9164,2.6135,0
0.7004,1.5042,0.37423,-6.5991,1.4053,0
0.13056,1.4786,0.36264,5.234,1.9375,0
-1.6739,1.5042,0.31373,3.8687,1.1608,0
-1.8639,1.7864,0.25067,-7.0542,1.0169,0
0.13056,1.9916,0.22492,-3.8684,1.1752,0
0.60543,1.6838,0.29571,7.5096,0.39846,0
0.41548,1.1965,0.42185,1.5931,1.2471,0
1.1753,0.70911,0.48878,-8.192,0.29777,0
1.3652,0.65782,0.45789,-0.45498,0.45599,0
-0.059385,0.99126,0.37423,7.7372,0.053256,0
-1.579,1.7351,0.28928,-2.503,-0.46455,0
-1.294,1.5299,0.21334,-7.7369,0.36969,0
-0.059385,0.91431,0.19275,3.4135,-0.30633,0
-0.059385,1.0426,0.16314,6.5994,0.38407,0
-0.34431,1.5812,0.10394,-5.0062,-0.79537,0
-0.62923,2.0942,0.08077,-6.5991,-1.3132,0
-0.059385,2.2224,0.098789,5.9167,-1.7734,0
-0.62923,2.1968,0.08077,3.6411,-2.7659,0
-1.6739,1.7351,0.047306,-6.144,-2.1043,0
-1.579,1.4529,0.042157,-3.4133,-2.8666,0
0.32051,1.4786,0.10522,8.1923,-1.8885,0
2.4099,1.6838,0.17215,2.5033,-2.3632,0
2.125,1.812,0.13998,-7.9645,-2.694,0
1.1753,1.7864,0.10522,0.00013542,-2.8378,0
1.1753,1.2477,0.085918,7.7372,-3.8878,0
1.6501,0.86301,0.10008,-1.1377,-3.1974,0
1.1753,0.88866,0.11166,-7.9645,-3.859,0
-1.0091,1.0426,0.11681,3.6411,-2.4782,0
-1.7689,1.2477,0.037009,7.5096,-1.6152,0
-2.2438,1.0426,-0.081403,-4.0959,-1.2844,0
-2.0538,0.55522,-0.087839,-7.2818,-0.4214,0
-1.484,0.78606,-0.0054649,5.234,-1.6008,0
-0.7242,0.83736,0.091067,6.1442,-1.1406,0
-0.34431,0.50392,0.13354,-6.8267,-2.1906,0
-0.059385,0.19613,0.12453,-5.4613,-2.4638,0
0.13056,-0.034715,0.16314,7.282,-2.32,0
1.2702,-0.16296,0.2468,2.0482,-2.7371,0
2.03,-0.23991,0.24809,-7.9645,-1.2125,0
0.98533,-0.18861,0.21334,-1.8203,-1.5289,0
-0.91415,0.042233,0.18502,7.0545,-0.5077,0
-1.8639,-0.13731,0.1773,0.2277,-0.7666,0
-0.91415,-0.36816,0.14641,-8.192,-0.99673,0
-0.15436,-0.34251,0.11037,1.8206,-0.39263,0
-0.43928,-0.21426,0.084631,6.1442,-1.1406,0
-0.7242,-0.47075,0.057602,-5.0062,0.18271,0
-0.24933,-0.4964,0.013841,-8.192,-0.45016,0
1.0803,-0.086014,-0.077542,3.8687,-0.20565,0
1.5552,0.19613,-0.15219,5.0064,-0.60838,0
1.6501,0.016583,-0.1612,-7.5093,-1.644,0
1.2702,0.42697,-0.1715,-5.0062,-1.1118,0
-0.24933,0.52957,-0.17922,6.1442,-2.0323,0
-1.1991,0.65782,-0.21397,2.2757,-1.0687,0
0.51046,1.0169,-0.21011,-7.5093,-1.5289,0
1.7451,1.6068,-0.241,-0.9101,-1.9029,0
1.6501,2.0429,-0.34654,7.5096,-1.9748,0
0.32051,2.1711,-0.40961,-0.22742,-3.1974,0
-0.34431,1.8633,-0.37486,-7.0542,-2.6364,0
0.035589,0.78606,-0.36842,2.7309,-3.5714,0
0.7004,0.32437,-0.39417,6.8269,-2.9385,0
0.035589,0.14483,-0.35169,-4.7786,-2.7659,0
0.60543,-0.16296,-0.34526,-6.3715,-3.1255,0
1.3652,-0.75289,-0.46496,5.9167,-2.7659,0
2.03,-1.2915,-0.54862,4.0962,-4.1755,0
2.6949,-1.9328,-0.48684,-6.5991,-3.8159,0
1.2702,-1.9071,-0.41991,-3.4133,-4.8515,0
-0.91415,-1.8815,-0.42119,8.1923,-4.607,0
-0.53425,-1.8558,-0.35941,2.7309,-4.42,0
1.2702,-2.2919,-0.24872,-7.5093,-4.9522,0
1.5552,-3.6256,-0.16506,-0.45498,-4.2905,0
0.41548,-3.9334,-0.086552,7.7372,-5.2398,0
0.60543,-3.8821,-0.0041778,-0.9101,-4.3049,0
1.8401,-3.01,0.05889,-7.5093,-4.6933,0
1.6501,-2.1636,0.11166,3.6411,-4.607,0
1.1753,-1.8558,0.070473,5.9167,-4.4775,0
0.79538,-1.4967,-0.02992,-4.7786,-5.3981,0
0.89035,-1.4711,-0.12388,-5.0062,-4.4919,0
-0.34431,-1.4454,-0.20239,5.9167,-5.3261,0
-2.1488,-1.5993,-0.20368,2.9584,-4.4775,0
-2.0538,-1.5737,-0.10843,-7.7369,-4.4488,0
-0.24933,-1.548,0.026712,-2.2755,-4.6357,0
0.60543,-1.9841,0.079483,7.9647,-4.2618,0
0.7004,-1.8815,-0.006752,0.45525,-5.4124,0
0.22554,-1.8045,-0.11744,-8.4196,-4.6357,0
-0.24933,-1.5224,-0.21397,0.45525,-4.9809,0
-0.7242,-0.90679,-0.27961,7.282,-3.9885,0
-0.34431,-0.7016,-0.31951,-3.1857,-3.0392,0
-0.15436,-1.1376,-0.28862,-7.7369,-3.4851,0
1.2702,-1.3685,-0.21912,3.6411,-3.0248,0
1.4602,-1.4198,-0.10972,4.7789,-4.7652,0
0.32051,-1.4711,-0.0028907,-7.2818,-4.5351,0
-0.34431,-1.9328,0.01899,-5.0062,-5.1679,0
-0.059385,-1.8815,-0.033781,7.282,-5.4556,0
0.60543,-1.7532,-0.069819,2.2757,-4.7652,0
0.7004,-1.548,-0.044078,-8.192,-5.5994,0
0.79538,-1.1633,0.0035447,-2.503,-4.6357,0
0.79538,-1.1376,0.0061189,6.8269,-5.3118,0
0.7004,-1.4967,-0.028633,0.45525,-5.0241,0
0.79538,-1.5224,-0.038929,-8.6471,-5.2542,0
0.89035,-1.8302,0.015128,0.68281,-6.5487,0
-1.0091,-2.1893,0.096215,6.8269,-6.3474,0
-3.0985,-2.7535,0.07176,-2.503,-7.5268,0
-3.0985,-2.8048,0.031861,-7.2818,-6.52,0
-1.1991,-2.9587,0.013841,3.8687,-6.2323,0
0.32051,-3.1383,0.021564,6.3718,-5.6138,0
0.7004,-3.6513,0.10394,-5.0062,-4.6357,0
0.32051,-3.8052,0.297,-5.0062,-5.4987,0
-0.24933,-3.3435,0.46175,5.9167,-5.1823,0
-0.53425,-3.087,0.54798,3.6411,-6.9371,0
-0.7242,-3.0613,0.51709,-5.9164,-7.0665,0
-0.62923,-3.6256,0.41799,-2.7306,-7.1816,0
0.7004,-3.8052,0.30472,7.9647,-7.1384,0
0.60543,-3.5487,0.23779,0.00013542,-5.5994,0
-1.0091,-3.523,0.26354,-7.7369,-5.7576,0
-1.294,-3.2152,0.29443,0.68281,-4.5207,0
-0.81917,-3.1126,0.28413,6.3718,-5.1823,0
-0.62923,-3.1126,0.23265,-3.4133,-5.1392,0
-0.81917,-3.3948,0.25453,-7.7369,-5.1104,0
-0.7242,-3.4974,0.40126,3.6411,-5.6138,0
-1.389,-3.523,0.53769,5.4616,-4.4344,0
-0.7242,-3.7795,0.55571,-7.7369,-4.909,0
1.7451,-3.5487,0.44759,-5.6889,-3.7008,0
1.9351,-3.2409,0.26354,5.6891,-3.7296,0
0.7004,-3.1383,0.21205,2.5033,-3.6145,0
0.89035,-3.5487,0.21978,-8.192,-2.9673,0
1.9351,-3.5743,0.20433,-3.1857,-3.6864,0
2.22,-3.4461,0.30601,7.5096,-2.5501,0
1.6501,-3.1639,0.52868,0.45525,-3.1255,0
0.60543,-3.087,0.5866,-7.9645,-2.4926,0
-1.0091,-3.087,0.4862,1.1379,-2.32,0
-1.7689,-3.3178,0.56214,7.0545,-2.6796,0
-1.579,-3.2409,0.80283,-3.6408,-2.0036,0
-0.81917,-3.6769,0.89292,-7.5093,-3.0104,0
-0.7242,-3.7539,0.7552,4.3238,-2.3488,0
-0.059385,-3.0613,0.63164,6.1442,-2.9241,0
0.60543,-2.7792,0.62907,-6.5991,-2.5214,0
0.32051,-2.9587,0.68441,-5.2337,-1.8022,0
-0.24933,-3.087,0.65224,6.8269,-2.1043,0
0.60543,-3.3435,0.5763,2.7309,-0.95358,0
1.2702,-3.7282,0.50036,-7.0542,-1.6152,0
0.89035,-3.5743,0.40126,-0.9101,-1.083,0
0.7004,-3.4461,0.29829,7.5096,-1.1693,0
0.7004,-3.2152,0.14641,-0.68254,-1.2988,0
-0.53425,-2.8048,-0.024771,-8.192,-0.32071,0
-1.579,-2.6253,-0.15734,2.7309,-0.594,0
-1.389,-2.497,-0.30278,7.282,1.0026,0
0.41548,-2.7792,-0.57178,-4.3235,0.94503,0
1.9351,-2.5996,-0.92959,-6.5991,1.9087,0
0.32051,-2.1636,-1.1922,5.234,2.5704,0
-0.91415,-1.5993,-1.4148,4.5513,2.6854,0
-0.81917,-1.4198,-1.7263,-7.0542,4.2532,0
-0.81917,-1.4454,-2.0815,-3.4133,4.0518,0
0.035589,-1.7532,-2.4329,7.5096,5.4902,0
1.1753,-1.7789,-2.6337,1.8206,5.8498,0
1.4602,-1.5737,-2.6813,-8.192,6.3963,0
0.51046,-1.6763,-2.8358,0.00013542,7.6621,0
0.89035,-1.4454,-3.0649,6.5994,7.4463,0
2.03,-0.88114,-3.2708,-2.7306,8.9422,0
1.5552,-0.95809,-3.545,-7.5093,8.784,0
0.41548,-0.93244,-3.9234,2.9584,9.834,0
0.32051,-0.13731,-4.2413,5.6891,10.798,0
1.2702,0.22178,-4.4601,-5.4613,11.143,0
2.5999,0.50392,-4.5759,-5.6889,12.811,0
2.8848,0.68346,-4.7342,5.6891,12.365,0
3.2647,0.93996,-4.9646,2.5033,13.286,0
2.4099,1.0426,-5.2697,-8.4196,12.84,0
1.3652,0.73476,-5.6841,-3.1857,12.509,0
1.3652,0.37567,-6.0818,7.7372,12.696,0
1.4602,0.58087,-6.1693,0.45525,11.416,0
-0.15436,0.88866,-6.0393,-8.6471,11.876,0
-1.0091,1.2221,-5.9685,0.91037,10.452,0
-0.15436,1.2221,-5.8913,6.3718,10.294,0
-0.059385,0.99126,-5.7871,-3.4133,9.4456,0
0.13056,1.0426,-5.6442,-7.5093,7.7052,0
0.60543,1.0426,-5.4087,3.8687,6.8422,0
0.13056,1.0169,-5.1075,5.9167,3.9943,0
-1.1991,1.0426,-4.8964,-5.6889,2.7717,0
-0.91415,0.70911,-4.6531,-4.3235,0.42722,0
0.89035,0.37567,-4.2786,7.282,-1.3851,0
0.7004,0.52957,-4.0083,1.8206,-2.6652,0
-0.24933,0.93996,-3.7651,-7.9645,-5.1823,0
-0.53425,1.1965,-3.33,-1.8203,-5.959,0
-0.43928,0.83736,-2.7122,7.5096,-8.2604,0
-0.7242,0.47827,-2.1549,-1.5928,-8.9651,0
-0.62923,0.73476,-1.6774,-7.2818,-9.8138,0
-0.81917,0.63217,-1.2604,3.186,-10.864,0
-0.62923,0.016583,-0.8987,6.3718,-10.49,0
-0.62923,-0.060364,-0.53188,-5.4613,-11.54,0
0.22554,0.40132,-0.19595,-5.9164,-10.821,0
1.0803,1.1452,0.042157,5.9167,-11.022,0
0.89035,2.1198,0.15285,4.0962,-9.7131,0
-1.0091,2.9406,0.24552,-7.2818,-7.0521,0
-2.4337,2.5302,0.49135,-2.2755,-3.2981,0
-2.3388,1.7864,0.94569,7.5096,2.4121,0
-1.6739,1.7607,1.4901,0.68281,4.7566,0
-3.1935,1.376,2.0513,-8.4196,6.5689,0
-3.5734,0.65782,2.5172,-0.22742,6.6696,0
-1.8639,0.68346,2.9638,6.5994,8.1655,0
-0.81917,1.4016,3.5443,-2.503,13.113,0
-1.1991,1.6838,4.2059,-8.4196,18.953,0
-1.484,1.3247,4.8996,3.4135,27.454,0
-0.81917,1.0682,5.5856,6.1442,33.466,0
-0.81917,1.0426,6.2125,-5.0062,38.356,0
-1.294,0.73476,6.7312,-5.4613,40.643,0
-1.1991,0.63217,7.2537,5.9167,40.658,0
-0.34431,0.70911,7.8599,3.6411,41.938,0
0.51046,1.1708,8.3555,-7.5093,42.643,0
1.4602,1.4273,8.6,-3.6408,46.727,0
1.3652,1.5555,8.6463,7.282,50.568,0
1.0803,2.3763,8.6476,-0.45498,55.027,0
0.89035,3.0945,8.7261,-8.6471,58.781,0
1.4602,2.8637,8.8561,1.1379,59.917,0
0.89035,2.6841,8.9359,6.3718,61.183,0
-0.059385,2.402,8.9218,-3.1857,60.104,0
-1.389,2.325,8.8819,-7.2818,60.492,0
-1.8639,2.6072,8.8729,4.5513,60.651,0
-0.34431,2.9406,8.7815,5.6891,60.823,0
1.4602,3.1971,8.4507,-5.6889,61.197,0
1.4602,3.9922,7.9539,-5.4613,58.651,0
1.0803,4.377,7.4983,6.8269,56.22,0
0.89035,4.6848,7.1211,3.4135,50.913,0
2.125,4.7104,6.7466,-7.9645,45.994,0
2.125,4.4539,6.4235,-1.8203,40.974,0
-0.059385,4.7873,6.179,7.7372,35.595,0
-0.91415,4.9412,5.892,0.45525,31.812,0
0.41548,4.5565,5.5406,-7.9645,26.361,0
1.8401,4.1461,5.1223,1.8206,21.801,0
2.03,4.5565,4.5997,7.5096,15.789,0
2.22,4.8386,3.9575,-3.1857,9.9203,0
2.22,4.5309,3.4079,-7.2818,4.8573,0
2.22,4.3,3.0514,5.6891,-1.3276,0
2.315,3.6588,2.8454,6.8269,-5.4556,0
2.125,2.8124,2.7103,-4.7786,-10.878,0
2.22,1.7607,2.6459,-5.2337,-14.647,0
2.315,0.68346,2.5404,5.9167,-18.544,0
2.22,0.58087,2.31,2.5033,-22.989,0
1.6501,0.60652,2.0346,-8.4196,-26.412,0
1.6501,0.60652,1.7784,-2.7306,-31.806,0
0.7004,0.60652,1.4811,7.0545,-35.416,0
0.41548,0.93996,1.1143,0.45525,-39.789,0
0.13056,1.1965,0.7552,-7.9645,-43.097,0
-1.1041,0.58087,0.45531,2.2757,-45.815,0
-2.3388,0.42697,0.26096,6.3718,-49.756,0
-2.1488,1.0682,0.10394,-4.7786,-52.389,0
-1.1041,1.8377,-0.10457,-6.3715,-56.919,0
-1.484,1.9146,-0.41733,5.9167,-59.609,0
-1.1991,1.8633,-0.73524,4.3238,-62.5,0
-0.81917,1.7607,-0.95791,-7.9645,-64.902,0
-0.7242,1.3247,-1.048,-4.3235,-65.708,0
-2.2438,1.2221,-1.0892,7.7372,-67.534,0
-2.7186,1.1195,-1.1149,1.8206,-67.29,0
-1.6739,1.2734,-1.196,-8.192,-68.354,0
-0.91415,1.0939,-1.3389,-0.22742,-68.067,0
-0.24933,1.0682,-1.4637,7.0545,-67.462,0
0.7004,1.299,-1.568,-2.0479,-67.204,0
0.89035,1.6068,-1.6517,-6.8267,-64.845,0
-0.059385,1.5299,-1.68,3.186,-64.14,0
-0.24933,1.5042,-1.6735,7.5096,-61.68,0
-0.7242,1.7351,-1.6954,-4.5511,-60.199,0
-0.62923,2.1198,-1.7894,-6.5991,-58.458,0
-0.62923,1.9659,-1.958,4.7789,-55.769,0
0.60543,1.812,-2.133,3.8687,-54.244,0
1.1753,1.889,-2.2141,-7.2818,-50.763,0
-0.34431,2.3507,-2.2244,-3.8684,-48.836,0
-1.7689,2.3763,-2.1845,7.7372,-45.93,0
-0.81917,2.5302,-2.1536,2.5033,-43.341,0
0.60543,2.3507,-2.088,-8.192,-41.515,0
0.13056,2.2994,-1.976,-1.3652,-38.394,0
0.32051,2.5046,-1.8524,7.5096,-36.855,0
1.0803,2.5046,-1.8177,-2.0479,-33.302,0
0.89035,2.838,-1.8087,-7.5093,-30.727,0
-0.81917,3.0175,-1.7868,3.4135,-27.477,0
-1.0091,2.7611,-1.7147,6.5994,-23.794,0
-0.24933,2.7354,-1.7224,-3.8684,-21.033,0
-0.15436,2.7354,-1.8344,-7.2818,-17.005,0
0.41548,3.1714,-1.9811,4.7789,-14.704,0
2.03,3.1458,-2.0931,4.3238,-10.936,0
2.5999,3.1201,-2.1858,-7.2818,-7.9152,0
1.5552,3.2227,-2.2617,-3.8684,-4.909,0
0.41548,4.7104,-2.3673,7.0545,-0.82413,0
0.32051,6.1981,-2.5217,1.8206,1.8656,0
1.3652,6.4033,-2.5951,-8.6471,6.0368,0
0.7004,6.1981,-2.5565,-1.8203,8.4244,0
0.51046,6.352,-2.5603,7.7372,11.574,0
1.4602,6.5571,-2.644,-1.3652,14.264,0
1.5552,6.0698,-2.5784,-8.8747,15.904,0
1.5552,4.8899,-2.3248,1.1379,19.054,0
1.3652,4.1461,-2.1047,6.8269,20.55,0
1.1753,3.5818,-1.9863,-3.6408,23.685,0
0.7004,3.2484,-1.8872,-6.5991,25.598,0
-0.34431,2.7354,-1.7907,3.8687,27.195,0
-1.484,2.1968,-1.743,5.234,28.892,0
-0.059385,1.8377,-1.8074,-6.5991,29.108,0
2.03,1.5555,-2.0043,-5.6889,31.438,0
3.5496,1.1965,-2.1652,7.0545,32.301,0
1.7451,0.60652,-2.1034,1.8206,34.415,0
1.3652,-0.4451,-1.9232,-7.5093,35.882,0
1.9351,-0.85549,-1.8331,-1.1377,36.717,0
2.8848,-0.7016,-1.9258,7.5096,38.27,0
3.5496,-0.4964,-2.1202,-0.45498,37.364,0
2.9798,-1.0094,-2.2553,-7.2818,37.982,0
2.03,-1.2659,-2.2077,3.4135,37.565,0
1.7451,-1.2659,-2.0815,7.0545,38.198,0
1.9351,-1.9584,-1.967,-5.0062,39.291,0
0.98533,-3.1126,-1.7546,-5.9164,39.334,0
-0.15436,-4.1129,-1.5023,6.3718,40.471,0
-0.62923,-4.8568,-1.3337,5.234,39.219,0
-1.294,-5.2928,-1.2308,-6.144,38.514,0
-1.294,-5.0363,-1.1767,-3.6408,36.544,0
0.41548,-5.4211,-1.1265,7.9647,34.66,0
1.2702,-6.0879,-1.0969,2.5033,33.984,0
0.51046,-6.3444,-1.1548,-7.9645,32.286,0
-1.1991,-6.6779,-1.1934,-0.9101,32.502,0
-1.1991,-7.1139,-1.1098,8.1923,30.791,0
-0.91415,-7.4217,-0.96821,-0.9101,29.64,0
-0.15436,-7.6013,-0.8691,-8.192,27.885,0
0.41548,-7.7295,-0.81633,2.0482,25.526,0
0.79538,-8.1399,-0.80346,6.8269,24.879,0
0.79538,-8.4477,-0.80475,-4.5511,22.779,0
0.79538,-8.7811,-0.76356,-6.3715,22.578,0
-0.24933,-9.3967,-0.70178,5.4616,21.24,0
-0.91415,-9.6788,-0.65158,4.5513,20.19,0
-1.1041,-9.8071,-0.60267,-6.8267,19.643,0
-0.7242,-10.166,-0.56277,-4.5511,17.328,0
-0.62923,-10.217,-0.53446,6.3718,16.493,0
-0.059385,-10.166,-0.49456,1.1379,14.034,0
0.60543,-10.423,-0.42892,-7.9645,12.912,0
0.7004,-10.73,-0.38129,0.2277,11.517,0
0.22554,-10.551,-0.36585,7.5096,9.6326,0
0.98533,-10.5,-0.4302,-2.7306,8.6977,0
1.7451,-10.474,-0.47783,-8.192,5.7491,0
1.0803,-10.294,-0.45208,3.186,4.3251,0
-0.81917,-10.705,-0.38902,6.5994,1.7649,0
-1.0091,-10.602,-0.32981,-5.6889,0.16832,0
-0.7242,-10.5,-0.241,-6.144,-0.96797,0
-0.15436,-10.525,-0.19595,6.3718,-3.0536,0
0.60543,-10.5,-0.22298,3.6411,-3.8015,0
0.7004,-10.269,-0.23585,-7.2818,-6.3761,0
0.79538,-9.884,-0.1715,-2.9581,-6.9802,0
0.13056,-9.9097,-0.050513,7.7372,-8.246,0
-0.34431,-9.5506,-0.00031657,0.45525,-9.2097,0
-0.62923,-9.2685,-0.038929,-8.6471,-9.2097,0
-0.15436,-9.2685,-0.050513,1.5931,-10.59,0
-0.059385,-9.3967,0.025425,9.1025,-10.202,0
-0.43928,-10.115,0.13998,-1.3652,-11.684,0
-1.1991,-10.346,0.19661,-7.5093,-12.086,0
-1.8639,-9.6532,0.21591,3.6411,-12.978,0
-2.0538,-8.9094,0.21978,6.3718,-14.632,0
-1.294,-8.3964,0.25195,-5.6889,-14.79,0
-1.484,-8.9094,0.3073,-6.3715,-16.373,0
-1.7689,-8.8837,0.31373,6.3718,-15.941,0
-1.484,-8.499,0.28413,3.4135,-16.43,0
-0.81917,-8.1912,0.297,-7.5093,-16.473,0
-0.7242,-8.0373,0.3369,-3.4133,-16.272,0
0.7004,-7.6782,0.37423,7.5096,-17.581,0
1.2702,-7.0626,0.39739,1.3655,-17.437,0
0.13056,-6.7548,0.4167,-8.6471,-19.12,0
-1.0091,-6.3188,0.43472,0.00013542,-19.594,0
-1.1991,-6.4214,0.42056,7.282,-20.17,0
-0.7242,-5.7802,0.38324,-2.2755,-20.342,0
-1.294,-5.0107,0.37294,-7.7369,-18.717,0
-1.1991,-4.472,0.41541,3.4135,-18.329,0
-0.059385,-4.036,0.43601,4.7789,-16.516,0
0.7004,-3.8308,0.42571,-6.5991,-16.689,0
0.89035,-3.3178,0.39225,-5.4613,-16.488,0
0.60543,-2.7535,0.33947,5.9167,-16.128,0
0.89035,-2.3688,0.30472,2.5033,-16.142,0
0.41548,-1.9584,0.26354,-8.6471,-14.071,0
-1.1041,-1.4198,0.167,-2.7306,-13.208,0
-1.8639,-0.3938,0.04087,7.0545,-10.706,0
-1.484,0.093531,-0.041503,-0.45498,-9.2384,0
-2.2438,0.093531,-0.094274,-8.4196,-8.1741,0
-2.1488,0.70911,-0.19209,0.68281,-6.4193,0
-1.6739,1.3247,-0.26932,7.282,-6.1891,0
-2.0538,2.0429,-0.3105,-3.4133,-4.1467,0
-0.91415,2.7867,-0.29506,-7.2818,-3.8015,0
-0.15436,2.7354,-0.20625,4.0962,-2.2912,0
-1.389,2.3507,-0.087839,5.6891,-0.72345,0
-1.294,2.1198,-0.046652,-6.3715,0.57106,0
0.60543,2.5302,-0.062097,-5.2337,3.3758,0
1.6501,3.2227,-0.073681,7.0545,3.9655,0
1.4602,3.5562,-0.044078,3.186,5.6628,0
1.2702,4.0692,-0.022197,-7.2818,5.8066,0
-0.34431,4.5822,-0.02091,-1.8203,6.1518,0
-1.8639,4.6335,0.020277,8.4198,7.3744,0
-0.81917,4.2231,0.083344,0.45525,7.6045,0
0.41548,4.5309,0.12196,-8.192,9.6758,0
0.79538,4.7361,0.12582,2.7309,9.9203,0
2.315,4.3257,0.082057,7.9647,11.1,0
0.79538,3.4023,0.082057,-3.4133,11.373,0
-1.294,2.3507,0.14255,-7.2818,10.985,0
-1.484,2.6072,0.17087,5.9167,11.646,0
-1.0091,3.5562,0.12324,6.1442,10.913,0
0.60543,4.4026,0.074335,-5.4613,12.178,0
1.2702,4.8386,0.037009,-5.2337,11.963,0
0.79538,5.3773,-0.031207,6.3718,12.15,0
0.89035,5.5568,-0.10457,2.2757,12.222,0
0.7004,5.5825,-0.17536,-8.192,10.999,0
0.89035,5.839,-0.23843,-1.5928,11.114,0
0.7004,5.9672,-0.2912,7.5096,9.5463,0
0.13056,5.9416,-0.28219,0.2277,9.3449,0
-0.43928,5.8133,-0.24358,-8.4196,8.4675,0
-0.43928,6.2494,-0.24229,0.45525,7.6045,0
-0.53425,6.8649,-0.27189,7.5096,7.6477,0
-0.62923,7.1471,-0.24486,-3.1857,6.1662,0
-0.53425,6.8393,-0.18823,-7.5093,6.2237,0
0.13056,6.5059,-0.092987,4.0962,4.3827,0
0.51046,6.1724,-0.00031657,5.4616,3.5628,0
0.7004,6.275,0.060177,-5.9164,2.4409,0
1.5552,6.7623,0.021564,-5.2337,0.57106,0
0.79538,7.1984,-0.11744,6.8269,0.15394,0
-1.0091,6.9932,-0.25001,3.186,-2.0467,0
-1.1991,6.5315,-0.24486,-7.7369,-2.4063,0
-0.34431,6.0442,-0.12903,-2.0479,-3.859,0
0.51046,5.7107,-0.02992,7.7372,-5.0672,0
0.60543,5.326,0.025425,-0.45498,-5.8871,0
0.89035,5.0951,0.11681,-7.7369,-7.872,0
0.22554,4.6335,0.24294,2.0482,-8.1741,0
-0.53425,4.5822,0.31373,6.8269,-10.145,0
-0.62923,4.4026,0.33947,-4.3235,-10.619,0
-0.059385,4.1461,0.32274,-6.8267,-11.497,0
-0.059385,4.5565,0.28284,5.234,-12.561,0
-0.53425,5.0695,0.26225,4.5513,-12.388,0
-0.62923,5.1464,0.23393,-7.2818,-13.798,0
-1.389,5.1977,0.15671,-4.0959,-13.467,0
-1.1991,5.4286,0.033148,7.282,-14.618,0
-0.91415,5.5568,-0.0028907,1.8206,-14.877,0
-1.294,5.3003,0.075622,-7.5093,-15.121,0
-1.484,5.1464,0.16829,-0.9101,-16.085,0
-0.15436,4.9156,0.1876,8.6474,-15.639,0
-0.059385,5.0695,0.17344,-0.22742,-16.818,0
0.13056,5.4542,0.17601,-7.7369,-16.531,0
0.035589,5.6081,0.1773,2.9584,-17.365,0
-1.1041,5.6081,0.19275,7.7372,-17.969,0
-1.7689,5.7877,0.22879,-4.0959,-17.84,0
-2.0538,5.6594,0.27769,-7.0542,-18.861,0
-1.484,5.5825,0.30601,4.3238,-18.185,0
-0.91415,5.5825,0.30601,4.3238,-19.177,0
-1.294,5.8646,0.30601,-6.144,-18.731,0
-1.8639,6.2237,0.26354,-5.2337,-18.947,0
-2.1488,6.1211,0.22492,6.5994,-19.451,0
-1.484,6.275,0.19017,2.7309,-18.847,0
-0.24933,6.3776,0.15285,-8.6471,-19.781,0
1.3652,6.3263,0.16314,-3.1857,-18.731,0
2.03,6.1211,0.23265,7.5096,-19.005,0
1.1753,5.9416,0.3266,0.91037,-18.415,0
-0.53425,5.6594,0.37809,-8.6471,-17.581,0
0.41548,5.4799,0.37937,1.8206,-17.825,0
0.60543,5.0951,0.35235,7.5096,-16.416,0
0.79538,5.4286,0.32789,-3.8684,-16.718,0
0.79538,5.7877,0.28928,-7.7369,-15.222,0
0.79538,5.7364,0.25195,3.6411,-14.402,0
0.89035,5.9159,0.21334,5.234,-13.194,0
0.035589,6.4802,0.11552,-6.144,-11.583,0
0.22554,6.4033,0.065325,-6.144,-11.914,0
1.4602,5.8903,0.16572,5.9167,-10.893,0
1.4602,5.6338,0.28928,2.7309,-11.784,0
0.89035,5.5055,0.3472,-7.9645,-11.396,0
0.13056,4.9925,0.36908,-2.0479,-11.252,0
0.32051,4.7873,0.38066,7.9647,-11.612,0
0.13056,4.7361,0.39353,0.45525,-10.562,0
0.22554,4.7873,0.40383,-8.4196,-11.238,0
-0.059385,4.9156,0.41927,1.1379,-10.173,0
0.13056,3.9922,0.43858,7.282,-10.447,0
0.60543,3.5562,0.46432,-4.0959,-10.576,0
1.3652,3.2997,0.46046,-6.3715,-10.288,0
0.79538,3.3766,0.41284,5.4616,-11.425,0
-0.91415,3.274,0.32789,4.7789,-10.806,0
-1.389,3.5818,0.2571,-6.5991,-11.482,0
-0.43928,3.5562,0.24423,-4.5511,-10.634,0
-0.91415,3.2484,0.25968,6.5994,-9.9288,0
-1.0091,3.4536,0.22106,2.5033,-10.058,0
-0.15436,3.7101,0.14126,-7.5093,-9.0658,0
-0.62923,3.5305,0.11552,-0.22742,-10.03,0
-2.3388,3.0175,0.10136,7.282,-9.6699,0
-2.0538,3.2227,0.10394,-0.22742,-10.49,0
-0.24933,3.4023,0.16314,-8.6471,-10.706,0
1.2702,3.0688,0.26096,2.7309,-10.36,0
0.79538,2.5046,0.31245,7.282,-10.936,0
-0.34431,2.0942,0.28928,-4.0959,-9.9288,0
-0.53425,2.7611,0.16443,-7.2818,-10.864,0
-0.62923,3.1971,0.033148,5.0064,-10.734,0
-0.81917,2.8893,0.0035447,4.0962,-11.367,0
-1.294,2.3763,0.056315,-7.2818,-12.158,0
-1.8639,2.2481,0.15671,-4.7786,-11.712,0
-1.0091,1.9403,0.23265,5.9167,-12.273,0
-0.34431,1.7094,0.28156,1.5931,-10.893,0
-0.53425,1.9916,0.29314,-8.4196,-11.065,0
-0.62923,1.9403,0.2867,-1.3652,-10.792,0
-0.91415,1.7351,0.27512,7.282,-10.763,0
-1.294,1.0169,0.22879,-1.8203,-11.583,0
-1.389,0.78606,0.12453,-8.4196,-10.504,0
-0.81917,1.1195,0.013841,3.186,-10.792,0
-0.53425,1.4273,-0.065958,6.8269,-9.4254,0
-0.7242,1.6325,-0.12259,-3.6408,-9.2384,0
0.98533,1.5299,-0.1715,-7.2818,-9.3391,0
1.9351,1.5042,-0.18694,5.234,-8.9076,0
0.60543,1.4273,-0.14576,4.3238,-9.7706,0
0.32051,1.1452,-0.062097,-7.0542,-8.8645,0
0.60543,1.1965,-0.0028907,-4.0959,-9.5549,0
0.32051,0.83736,0.0035447,7.5096,-8.8357,0
0.79538,0.29873,-0.028633,2.0482,-8.548,0
1.8401,0.24743,-0.0518,-8.4196,-8.7925,0
0.98533,0.17048,-0.10071,0.00013542,-7.8576,0
-0.91415,0.29873,-0.14962,7.7372,-8.5624,0
-1.1991,0.52957,-0.15863,-0.9101,-7.57,0
-1.484,-0.41945,-0.099422,-7.5093,-7.7713,0
-0.81917,-0.85549,-0.04279,3.186,-7.5268,0
0.51046,-0.75289,-0.054374,6.8269,-6.6494,0
0.79538,-0.599,-0.12259,-4.3235,-6.8076,0
0.98533,-0.67595,-0.16249,-6.3715,-5.3118,0
0.89035,-0.75289,-0.1419,5.234,-5.8727,0
0.79538,-0.11166,-0.14318,4.5513,-5.096,0
0.89035,0.27308,-0.12645,-6.8267,-5.0816,0
0.98533,-0.41945,-0.038929,-3.1857,-5.1104,0
0.89035,-1.112,0.061464,7.282,-4.0316,0
0.22554,-1.4454,0.16958,0.68281,-4.3768,0
-0.53425,-1.6763,0.21334,-8.8747,-3.1111,0
-0.62923,-1.8302,0.24294,-0.68254,-3.5857,0
0.035589,-2.138,0.22492,7.282,-3.1111,0
0.41548,-2.2149,0.21205,-2.7306,-3.0104,0
0.79538,-2.2406,0.2069,-7.7369,-3.3844,0
0.89035,-1.9584,0.17215,3.8687,-2.4207,0
1.4602,-1.8302,0.11681,5.0064,-3.0823,0
1.4602,-1.8815,0.065325,-5.4613,-1.9748,0
1.6501,-2.0867,0.042157,-5.6889,-2.1186,0
2.8848,-2.2149,0.030574,6.1442,-1.6296,0
2.315,-2.1636,0.022851,3.186,-0.92482,0
1.0803,-1.9328,0.042157,-7.9645,-1.0974,0
0.13056,-2.1636,0.096215,-1.5928,0.22586,0
0.41548,-2.138,0.14126,6.8269,-0.34948,0
-0.059385,-2.0867,0.17087,-1.1377,0.38407,0
-0.24933,-2.4201,0.20047,-7.5093,0.21147,0
0.60543,-2.6253,0.19918,1.8206,0.15394,0
1.4602,-2.7022,0.16958,6.8269,0.87311,0
0.89035,-2.7792,0.13354,-4.5511,-0.047428,0
0.98533,-2.9074,0.033148,-6.144,0.64298,0
0.79538,-2.7279,-0.11487,5.6891,-0.033045,0
0.13056,-2.6253,-0.20754,5.0064,0.54229,0
0.22554,-2.3944,-0.18952,-7.5093,1.3334,0
1.1753,-2.3944,-0.13675,-3.8684,1.2758,0
0.79538,-2.8048,-0.11615,7.5096,2.3978,0
0.22554,-3.0613,-0.17021,2.2757,1.4916,0
0.7004,-3.0613,-0.2114,-6.8267,2.2971,0
0.22554,-3.087,-0.20625,-0.22742,2.1532,0
-0.24933,-3.1126,-0.19724,8.1923,2.5416,0
0.32051,-3.2665,-0.19467,-0.68254,3.534,0
0.41548,-2.8305,-0.17922,-7.5093,3.1457,0
0.13056,-2.4201,-0.14704,2.7309,4.3395,0
-0.34431,-2.2919,-0.12259,6.1442,3.6203,0
-0.059385,-2.4714,-0.11615,-3.6408,4.2101,0
1.2702,-2.3431,-0.10586,-6.8267,4.1381,0
2.7898,-2.3175,-0.047939,4.7789,3.721,0
2.8848,-2.497,0.083344,5.234,4.6703,0
1.6501,-2.3431,0.16572,-6.8267,3.8217,0
-0.24933,-2.3175,0.16057,-4.0959,4.6272,0
-1.1041,-2.4714,0.11938,7.7372,4.0518,0
-0.43928,-2.0097,0.04087,1.8206,4.1238,0
1.2702,-1.8558,-0.027345,-9.1023,4.7854,0
1.4602,-1.8815,-0.072394,-0.68254,4.584,0
1.7451,-2.4201,-0.073681,7.0545,5.821,0
1.3652,-2.6253,-0.063384,-1.3652,4.9005,0
0.41548,-2.574,-0.081403,-8.192,5.3607,0
0.89035,-2.3944,-0.086552,3.186,5.0874,0
1.8401,-2.2919,-0.085264,5.9167,4.8142,0
2.125,-2.2149,-0.064671,-5.4613,5.6916,0
0.41548,-2.3175,-0.059523,-6.3715,5.0874,0
-1.0091,-2.4457,-0.11358,5.0064,6.0511,0
-0.059385,-2.138,-0.16506,3.6411,5.634,0
0.51046,-1.9071,-0.16506,-7.5093,5.9361,0
0.60543,-1.8302,-0.10714,-4.3235,6.4251,0
1.5552,-1.548,-0.077542,7.7372,5.9217,0
0.89035,-1.4967,-0.046652,1.5931,6.7991,0
0.51046,-1.2146,0.016416,-7.9645,5.7635,0
2.03,-1.5993,0.031861,0.00013542,6.382,0
2.6949,-2.061,-0.038929,7.9647,6.2237,0
1.8401,-2.138,-0.15477,-0.9101,6.4107,0
0.79538,-1.5737,-0.20239,-7.7369,7.2881,0
0.32051,-0.95809,-0.20496,2.7309,6.4395,0
0.22554,-1.2146,-0.22298,6.5994,7.3456,0
0.13056,-1.5737,-0.22298,-4.7786,6.6121,0
0.32051,-1.5224,-0.22942,-6.5991,6.9429,0
1.4602,-1.1633,-0.23328,5.6891,6.8998,0
0.98533,-1.2146,-0.21011,5.0064,6.1518,0
-0.24933,-0.93244,-0.1213,-6.144,6.8854,0
-0.62923,-1.1889,-0.02992,-3.8684,6.1231,0
-0.62923,-1.3172,0.033148,7.7372,7.0867,0
-0.43928,-1.0607,0.079483,2.2757,6.7559,0
-1.294,-0.77854,0.11166,-7.5093,6.5833,0
-0.62923,-0.93244,0.098789,0.2277,6.8854,0
0.98533,-0.90679,0.053741,8.6474,5.8642,0
1.4602,-0.41945,0.017703,-1.1377,6.6409,0
0.41548,-0.5477,-0.00031657,-7.9645,5.5477,0
0.32051,-0.36816,0.007406,2.7309,5.6196,0
0.60543,-0.72725,0.012554,6.3718,5.1594,0
0.7004,-1.0094,-0.10328,-5.0062,4.2532,0
0.7004,-1.1889,-0.22298,-7.2818,4.4546,0
-0.53425,-1.112,-0.26803,5.9167,2.9012,0
-0.24933,-1.0094,-0.27833,3.8687,2.9875,0
-0.34431,-1.0863,-0.27318,-7.2818,2.0813,0
-0.62923,-1.1633,-0.25001,-4.0959,2.0094,0
-0.43928,-0.80419,-0.21269,7.282,2.7286,0
0.51046,-0.3938,-0.13546,1.8206,2.3546,0
0.7004,-0.36816,-0.11101,-7.9645,3.3902,0
-1.0091,-0.11166,-0.16249,-1.5928,2.5272,0
-1.294,-0.3938,-0.22813,7.0545,2.7573,0
-0.34431,-0.23991,-0.21269,-1.3652,2.5416,0
0.60543,0.37567,-0.21783,-8.6471,2.2395,0
0.79538,0.27308,-0.28348,2.5033,2.9299,0
0.13056,-0.034715,-0.31694,6.8269,1.9519,0
0.13056,0.067882,-0.27575,-5.0062,2.3978,0
-0.059385,0.22178,-0.21783,-6.8267,1.3909,0
0.22554,0.22178,-0.16249,4.7789,1.4053,0
-0.059385,0.22178,-0.081403,4.0962,1.2327,0
0.22554,0.47827,-0.031207,-7.5093,0.31216,0
-0.059385,0.37567,-0.010613,-2.9581,1.0313,0
-0.43928,0.55522,-0.0028907,6.5994,0.29777,0
-0.24933,0.78606,-0.024771,1.5931,1.5204,0
0.51046,0.70911,-0.076255,-8.4196,1.621,0
0.7004,0.27308,-0.13804,0.45525,1.808,0
0.7004,-0.0090658,-0.1316,7.7372,2.0957,0
0.22554,0.11918,-0.096848,-1.3652,0.62859,0
0.13056,0.35002,-0.087839,-7.2818,0.85873,0
0.7004,0.042233,-0.090413,3.8687,-0.3351,0
0.79538,0.093531,-0.072394,6.5994,0.16832,0
0.79538,0.22178,-0.023484,-3.8684,0.71489,0
0.79538,0.29873,0.029286,-7.5093,1.0745,0
1.4602,0.52957,0.069186,6.1442,2.4697,0
1.3652,0.58087,0.13225,4.5513,1.7793,0
1.0803,0.32437,0.18116,-5.9164,2.7286,0
0.89035,-0.034715,0.21334,-3.8684,2.1676,0
-0.43928,-0.16296,0.17473,7.5096,2.4121,0
-1.1991,-0.18861,0.10394,2.2757,2.7861,0
0.51046,-0.4451,-0.00031657,-8.192,2.1676,0
0.51046,-0.599,-0.12002,-0.22742,3.1601,0
-0.81917,-0.26556,-0.1715,7.5096,2.5272,0
-0.34431,-0.21426,-0.14833,-2.2755,3.3471,0
1.2702,-0.21426,-0.12516,-7.5093,3.4334,0
1.5552,-0.4964,-0.13031,3.4135,3.2608,0
-0.059385,-0.52205,-0.1316,6.3718,4.0518,0
-1.0091,-0.6503,-0.059523,-5.2337,3.0738,0
-0.34431,-1.0607,0.021564,-6.3715,3.6779,0
0.60543,-1.0607,0.073047,5.234,2.6998,0
0.7004,-0.72725,0.083344,3.6411,2.858,0
0.035589,-0.95809,0.04988,-7.7369,3.4477,0
-0.62923,-1.2402,0.04087,-4.7786,3.3183,0
-0.059385,-1.0607,0.043444,7.5096,4.6703,0
1.2702,-0.67595,0.055028,1.5931,4.095,0
1.2702,-0.599,0.075622,-7.7369,4.9436,0
0.60543,-0.62465,0.074335,0.00013542,4.6272,0
0.22554,-0.88114,0.05889,7.282,4.3107,0
0.60543,-0.6503,0.044732,-2.9581,4.9148,0
0.79538,-0.36816,0.069186,-7.7369,4.2532,0
0.79538,-0.4964,0.13225,3.6411,5.6484,0
0.13056,-0.5477,0.12453,5.4616,5.1737,0
-0.91415,-0.5477,0.11166,-5.0062,5.6772,0
-1.294,-0.3938,0.15156,-5.4613,5.821,0
0.41548,-0.52205,0.16314,6.5994,5.145,0
1.3652,-0.90679,0.10651,3.6411,5.821,0
0.98533,-0.90679,0.01899,-7.2818,4.7854,0
0.13056,-0.75289,-0.073681,-2.7306,5.6484,0
-0.43928,-0.62465,-0.099422,7.7372,5.4614,0
-0.059385,-0.599,-0.067245,-0.22742,5.7491,0
0.51046,-0.7016,-0.047939,-8.192,6.3388,0
1.4602,-1.0863,0.015128,1.5931,5.5765,0
2.03,-0.77854,0.10522,8.1923,6.3244,0
2.5999,-0.6503,0.12067,-2.7306,5.145,0
1.2702,-0.57335,0.042157,-7.2818,5.2744,0
0.22554,-0.599,-0.031207,3.8687,4.8142,0
1.4602,-0.4964,-0.035068,4.5513,4.1813,0
1.3652,-0.060364,-0.064671,-5.6889,4.8285,0
0.22554,-0.13731,-0.24744,-4.0959,4.0518,0
0.035589,-0.13731,-0.42377,7.0545,5.1594,0
-0.7242,-0.18861,-0.4109,2.9584,4.6128,0
-1.1041,-0.16296,-0.30664,-7.5093,5.0587,0
1.1753,-0.16296,-0.20882,-1.3652,5.447,0
1.7451,-0.23991,-0.054374,7.7372,4.9005,0
-0.24933,-0.72725,0.098789,-0.45498,5.9505,0
-1.6739,-0.93244,0.13998,-8.6471,5.1594,0
-1.0091,-0.52205,0.10651,1.5931,5.9073,0
0.41548,-0.52205,0.12324,6.1442,5.6772,0
0.035589,-0.57335,0.22235,-4.0959,5.4327,0
-0.53425,-0.77854,0.34076,-6.8267,5.9648,0
-0.62923,-0.3938,0.42442,5.9167,4.9724,0
0.035589,-0.23991,0.43987,5.4616,5.5909,0
0.035589,-0.13731,0.33947,-6.5991,4.6559,0
-0.43928,0.22178,0.23908,-5.0062,4.3107,0
-1.294,0.50392,0.18374,6.8269,3.9368,0
-1.6739,0.63217,0.20176,2.5033,2.7286,0
-0.53425,0.83736,0.20819,-7.7369,3.2608,0
-0.24933,0.47827,0.16443,-2.2755,2.3402,0
-1.0091,0.50392,0.076909,7.9647,3.0306,0
-1.389,0.29873,0.0061189,0.45525,2.5991,0
-1.0091,0.29873,0.074335,-7.5093,2.0525,0
-0.62923,0.47827,0.19532,2.0482,2.1676,0
-1.1991,0.35002,0.23265,7.282,0.90188,0
-1.1041,0.17048,0.18502,-3.4133,1.5347,0
-0.81917,0.016583,0.13225,-6.5991,0.85873,0
-0.059385,0.11918,0.10265,5.6891,1.6786,0
-0.7242,0.19613,0.091067,6.1442,2.0813,0
-0.43928,-0.13731,0.070473,-7.2818,1.9375,0
0.41548,-0.4451,0.035722,-4.3235,2.6135,0
0.79538,-0.31686,0.034435,6.8269,1.693,0
0.22554,-0.57335,0.082057,2.2757,2.6279,0
-0.43928,-1.0863,0.16443,-8.192,2.2252,0
-0.7242,-1.1633,0.24809,-0.45498,2.6567,0
-1.8639,-1.3428,0.30858,8.1923,2.9443,0
-2.5287,-1.2915,0.3369,-0.9101,1.9087,0
-1.6739,-0.85549,0.28928,-7.2818,2.1532,0
-1.0091,-0.72725,0.19918,2.9584,0.87311,0
0.035589,-0.57335,0.14641,6.8269,1.4484,0
-0.81917,-0.57335,0.10394,-3.8684,1.1895,0
-2.4337,-0.57335,0.062751,-6.8267,1.2327,0
-2.1488,-0.57335,0.024138,4.5513,2.0525,0
-0.91415,-0.6503,-0.015762,4.7789,1.4341,0
-0.81917,-0.82984,-0.037642,-7.5093,2.4553,0
-0.15436,-0.95809,-0.022197,-4.0959,1.6786,0
0.51046,-0.67595,0.047306,7.5096,2.0957,0
-0.059385,-0.599,0.12453,2.2757,2.1388,0
-0.34431,-0.599,0.17087,-7.2818,1.5779,0
-0.81917,-0.57335,0.22106,-0.9101,2.5272,0
-0.7242,-0.52205,0.25968,7.7372,1.9087,0
-0.53425,-0.31686,0.25581,-2.0479,3.0019,0
-1.294,-0.16296,0.21978,-7.2818,2.7861,0
-1.389,-0.23991,0.18631,2.5033,2.8868,0
-0.7242,-0.47075,0.17601,5.6891,3.2608,0
-0.81917,-0.5477,0.15285,-6.5991,2.3546,0
-0.15436,-0.21426,0.10651,-7.2818,3.2464,0
0.60543,0.40132,0.052454,5.6891,2.5416,0
-0.53425,0.52957,0.0048318,3.4135,3.2464,0
-1.6739,0.35002,-0.028633,-7.2818,3.0882,0
-0.7242,0.40132,-0.078829,-3.8684,2.7142,0
0.32051,1.0682,-0.12774,6.8269,3.3327,0
-0.34431,1.0426,-0.15605,1.8206,2.5991,0
-1.6739,0.76041,-0.1612,-8.4196,3.3758,0
-2.0538,0.52957,-0.12516,-0.45498,2.743,0
-1.579,0.042233,-0.081403,6.8269,2.9587,0
-0.91415,-0.11166,-0.102,-1.5928,3.0162,0
-0.059385,0.11918,-0.11744,-7.5093,2.5272,0
0.60543,0.14483,-0.08269,3.4135,3.4334,0
0.13056,-0.060364,-0.038929,6.3718,2.9443,0
-0.34431,-0.11166,-0.0518,-4.7786,4.0518,0
-0.7242,0.11918,-0.10071,-6.3715,3.7498,0
-0.53425,0.37567,-0.11744,5.9167,3.721,0
-0.7242,0.093531,-0.11101,3.4135,3.7066,0
-0.62923,-0.086014,-0.095561,-7.5093,2.7573,0
0.13056,0.067882,-0.077542,-3.1857,3.534,0
-0.059385,0.19613,-0.064671,7.7372,2.6567,0
-0.91415,0.19613,-0.081403,1.1379,3.5916,0
-1.8639,-0.060364,-0.083977,-7.5093,3.6203,0
-2.1488,0.067882,-0.054374,0.68281,3.8505,0
-0.91415,-0.034715,0.0086931,7.9647,4.5984,0
-0.059385,0.11918,0.085918,-2.9581,3.6923,0
-0.43928,0.32437,0.15027,-7.0542,4.4114,0
-0.059385,0.78606,0.158,3.6411,3.4765,0
-0.15436,0.99126,0.083344,5.9167,3.8649,0
-1.7689,1.0169,0.022851,-5.4613,3.9368,0
-2.1488,1.0426,0.012554,-5.4613,3.5628,0
-0.43928,0.93996,0.01899,6.1442,4.4402,0
1.4602,0.55522,0.00097052,3.4135,3.4046,0
0.79538,0.29873,-0.026058,-7.7369,4.0662,0
0.98533,0.50392,-0.056948,-3.1857,3.5916,0
1.3652,0.24743,-0.080116,7.7372,3.9943,0
-0.24933,-0.034715,-0.050513,0.45525,4.6847,0
-1.1991,-0.21426,0.10136,-8.8747,4.2532,0
-0.059385,-0.16296,0.25195,-0.68254,5.0874,0
1.2702,-0.18861,0.24938,6.8269,3.9943,0
1.3652,-0.23991,0.20047,-2.9581,4.0806,0
-0.24933,-0.52205,0.17215,-7.9645,3.3902,0
-0.53425,-0.93244,0.1876,3.4135,3.045,0
0.41548,-1.2146,0.20047,5.0064,3.6923,0
0.13056,-1.1889,0.23136,-5.6889,3.2032,0
-1.1041,-1.0863,0.25453,-5.2337,4.282,0
-0.53425,-1.2915,0.22235,6.1442,3.6635,0
1.2702,-1.3172,0.13998,3.4135,3.9943,0
0.79538,-0.80419,0.052454,-7.2818,3.8936,0
0.41548,-0.6503,0.030574,-1.3652,3.1313,0
1.4602,-0.90679,0.096215,7.7372,3.5916,0
1.3652,-0.95809,0.19403,0.00013542,2.4409,0
1.1753,-0.72725,0.25581,-8.192,3.0594,0
0.89035,-0.47075,0.29057,2.0482,2.6854,0
0.60543,-0.75289,0.31631,6.8269,3.1313,0
0.79538,-0.88114,0.32918,-4.0959,3.7066,0
1.5552,-0.6503,0.31759,-6.3715,3.0882,0
0.79538,-0.36816,0.27512,6.3718,3.7642,0
-0.15436,0.016583,0.23908,4.0962,2.6854,0
-0.34431,0.22178,0.22879,-7.5093,3.2032,0
-0.7242,0.40132,0.26482,-3.6408,3.0162,0
-1.0091,0.067882,0.29571,7.9647,2.6279,0
1.2702,0.14483,0.2674,1.8206,3.1169,0
1.7451,0.19613,0.19532,-7.7369,2.0525,0
-0.7242,0.29873,0.098789,0.68281,2.8436,0
-1.579,0.70911,0.0086931,8.1923,1.9375,0
-1.484,0.70911,-0.04279,-2.0479,2.0094,0
-2.1488,0.88866,-0.072394,-7.7369,2.182,0
-1.1991,0.76041,-0.069819,3.8687,1.7649,0
0.32051,0.99126,-0.045365,5.6891,2.8005,0
2.315,1.0169,-0.056948,-6.144,2.0238,0
1.6501,1.0939,-0.11229,-6.3715,2.8436,0
0.035589,1.2734,-0.16893,6.1442,2.4553,0
-0.53425,1.1195,-0.17665,2.7309,2.6567,0
-0.059385,0.99126,-0.15605,-7.2818,3.2032,0
-0.15436,0.76041,-0.12388,-3.1857,2.5272,0
0.41548,0.68346,-0.073681,7.282,3.5628,0
0.60543,0.93996,-0.045365,0.91037,2.7861,0
0.89035,1.299,-0.067245,-9.1023,3.2608,0
0.60543,1.376,-0.10714,0.00013542,3.0738,0
0.79538,1.0939,-0.10457,6.8269,2.369,0
0.79538,0.86301,-0.047939,-2.2755,3.0162,0
0.035589,0.88866,-0.027345,-6.8267,2.4265,0
0.13056,0.73476,-0.0041778,4.3238,3.7786,0
-0.15436,0.58087,0.011267,5.6891,3.8649,0
0.035589,0.32437,0.042157,-6.3715,4.282,0
1.1753,0.19613,0.066612,-5.6889,5.0587,0
1.4602,-0.034715,0.021564,5.9167,4.6703,0
0.89035,-0.11166,-0.069819,3.4135,5.8498,0
1.3652,0.11918,-0.12388,-7.2818,5.145,0
1.4602,0.37567,-0.10071,-2.7306,5.821,0
1.1753,0.14483,-0.036355,7.7372,5.6916,0
0.89035,-0.21426,0.007406,0.91037,5.2457,0
0.79538,0.042233,0.0086931,-8.192,5.5909,0
1.5552,0.45262,-0.0041778,0.91037,4.6847,0
0.89035,0.55522,-0.014475,7.282,5.821,0
-0.15436,0.37567,-0.04279,-2.503,5.6916,0
-0.43928,0.47827,-0.076255,-6.3715,6.4251,0
0.13056,0.55522,-0.086552,4.3238,6.6409,0
1.2702,0.11918,-0.089126,5.9167,5.7059,0
0.89035,0.42697,-0.081403,-4.5511,5.9217,0
-0.91415,0.37567,-0.086552,-5.0062,4.4833,0
-0.62923,-0.13731,-0.096848,7.0545,4.8285,0
-0.34431,-0.18861,-0.12259,3.186,4.3107,0
0.13056,0.14483,-0.14447,-7.7369,4.3107,0
1.5552,0.45262,-0.14833,-2.0479,4.6991,0
2.125,0.24743,-0.11873,7.7372,3.5916,0
1.4602,0.042233,-0.058236,1.5931,3.9224,0
1.2702,0.042233,-0.022197,-7.0542,2.0382,0
0.89035,0.17048,-0.0054649,1.1379,1.5779,0
0.98533,-0.034715,0.025425,7.0545,0.70051,0
0.7004,-0.13731,-0.0054649,-3.4133,-0.047428,0
2.22,0.042233,-0.067245,-7.5093,0.80119,0
2.22,0.50392,-0.1213,4.3238,0.22586,0
0.7004,0.81171,-0.17665,4.5513,1.1464,0
0.035589,0.73476,-0.2114,-8.192,0.25462,0
1.3652,0.65782,-0.26803,-4.0959,-0.11935,0
1.4602,0.96561,-0.30922,7.282,-0.37825,0
0.32051,1.2477,-0.28862,0.91037,-1.4858,0
0.13056,1.1708,-0.23457,-8.4196,-1.0255,0
-0.059385,1.0939,-0.18952,0.45525,-2.1906,0
-1.1041,1.2734,-0.14833,7.0545,-1.8597,0
-1.7689,1.0426,-0.10972,-3.1857,-2.3344,0
-2.2438,0.70911,-0.098135,-7.5093,-2.881,0
-2.3388,0.37567,-0.10714,3.6411,-2.6508,0
-1.484,0.29873,-0.12645,4.7789,-3.6001,0
-0.91415,0.60652,-0.1213,-7.2818,-2.881,0
-1.294,1.1195,-0.068532,-5.4613,-3.7008,0
-0.62923,1.0939,-0.049226,6.3718,-3.2981,0
0.41548,0.73476,-0.041503,2.5033,-3.4707,0
0.89035,0.70911,-0.069819,-7.2818,-3.9885,0
0.22554,1.1965,-0.13289,-0.9101,-3.37,0
-0.62923,1.376,-0.18566,7.7372,-4.2618,0
0.41548,1.4786,-0.17922,-0.68254,-3.2405,0
1.6501,1.376,-0.15734,-7.7369,-3.6289,0
1.5552,1.1195,-0.16764,2.9584,-2.9816,0
0.32051,1.0169,-0.16635,7.5096,-2.4207,0
0.79538,1.0682,-0.1316,-4.3235,-2.5358,0
1.3652,1.2734,-0.11873,-5.4613,-1.27,0
-0.34431,1.0939,-0.13289,6.1442,-1.6728,0
-1.1041,0.99126,-0.1612,4.7789,-0.49331,0
-0.24933,0.78606,-0.17279,-6.5991,-0.3351,0
0.60543,1.0682,-0.17021,-3.8684,-0.004278,0
0.22554,0.73476,-0.15477,7.0545,0.85873,0
-0.34431,0.47827,-0.17279,1.8206,0.32654,0
-0.15436,0.96561,-0.21269,-7.7369,1.4484,0
-0.15436,1.812,-0.22041,-0.45498,0.84434,0
-0.53425,1.5555,-0.2217,7.5096,1.3478,0
0.035589,1.1195,-0.23714,-1.1377,1.5204,0
-0.7242,0.76041,-0.26031,-8.192,1.1608,0
-1.6739,0.58087,-0.23843,2.5033,2.0813,0
-0.059385,0.35002,-0.18437,7.282,1.3765,0
1.0803,0.55522,-0.16764,-4.3235,2.2827,0
0.79538,0.60652,-0.19338,-7.2818,2.0238,0
0.79538,0.70911,-0.24872,5.0064,2.1388,0
-0.43928,0.78606,-0.25259,5.0064,2.4409,0
-1.1041,0.35002,-0.21912,-6.5991,1.6642,0
0.98533,0.093531,-0.20882,-5.0062,2.3834,0
2.4099,0.45262,-0.24744,6.1442,1.3765,0
2.4099,0.78606,-0.28734,2.0482,1.8512,0
2.4099,0.93996,-0.24229,-8.192,1.3765,0
2.125,0.73476,-0.15091,-1.8203,0.75804,0
1.6501,0.37567,-0.077542,7.0545,1.0601,0
1.5552,0.19613,-0.037642,-0.45498,-0.11935,0
1.9351,-0.11166,0.017703,-8.192,0.62859,0
0.98533,-0.060364,0.083344,1.1379,-0.37825,0
-0.53425,0.63217,0.10394,7.0545,-0.27756,0
-0.059385,1.1452,0.082057,-3.6408,-0.52208,0
0.51046,0.86301,0.065325,-7.5093,-1.3563,0
0.89035,0.81171,0.065325,4.0962,-1.0974,0
0.89035,0.47827,0.037009,5.234,-2.0899,0
0.41548,0.27308,0.022851,-6.3715,-1.5002,0
0.13056,0.47827,0.051167,-5.6889,-2.1043,0
1.4602,0.47827,0.092354,6.1442,-2.0755,0
1.3652,0.067882,0.11938,3.6411,-1.8166,0
-0.43928,0.11918,0.076909,-8.192,-2.4638,0
-0.91415,-0.034715,-0.0016037,-2.7306,-1.5145,0
-0.24933,0.35002,-0.067245,8.4198,-2.3488,0
0.51046,0.52957,-0.11358,1.8206,-1.7159,0
0.13056,0.73476,-0.17665,-8.192,-1.831,0
0.32051,0.78606,-0.14576,0.45525,-2.1186,0
1.3652,0.37567,-0.036355,7.7372,-1.5002,0
1.4602,-0.034715,0.033148,-1.3652,-2.2337,0
0.22554,-0.16296,0.024138,-7.2818,-1.0687,0
0.22554,-0.18861,0.013841,2.9584,-1.3132,0
1.4602,-0.16296,-0.0041778,6.3718,-0.78098,0
2.03,-0.11166,-0.023484,-4.3235,-0.43578,0
1.9351,0.37567,-0.024771,-6.3715,-0.9392,0
1.6501,0.45262,0.0099801,6.3718,0.024489,0
1.0803,-0.29121,-0.00031657,3.6411,-0.72345,0
0.13056,-0.75289,-0.072394,-7.2818,0.16832,0
0.79538,-0.4451,-0.16635,-2.7306,0.11079,0
1.9351,-0.5477,-0.18308,7.7372,0.16832,0
0.41548,-0.5477,-0.13804,1.1379,0.87311,0
-1.484,-0.6503,-0.092987,-8.192,0.34092,0
-2.0538,-0.90679,-0.078829,0.2277,1.4197,0
-1.579,-0.90679,-0.092987,6.3718,0.75804,0
0.51046,-0.47075,-0.13031,-3.1857,1.4484,0
0.51046,-0.23991,-0.11615,-7.0542,1.2615,0
-0.81917,-0.16296,-0.083977,4.5513,0.87311,0
-1.1991,-0.26556,-0.041503,4.3238,1.6354,0
-0.15436,-0.47075,0.020277,-7.2818,0.91626,0
0.13056,-0.6503,0.083344,-3.6408,1.8368,0
-1.1041,-0.93244,0.10265,7.5096,1.2471,0
-1.484,-0.95809,0.091067,1.8206,1.5347,0
-0.91415,-0.6503,0.10522,-7.9645,1.8512,0
-1.294,-0.3938,0.12582,0.45525,1.5635,0
-2.6237,-0.57335,0.1374,7.282,2.9012,0
-2.3388,-1.0863,0.15542,-2.2755,2.8436,0
-0.34431,-1.0607,0.19532,-8.192,4.5409,0
-1.1991,-0.93244,0.1876,3.8687,4.9436,0
-3.0985,-0.67595,0.12067,5.6891,5.2169,0
-2.9086,-0.599,0.055028,-5.2337,5.9792,0
-0.34431,-0.75289,0.016416,-5.4613,5.2744,0
-0.24933,-0.62465,-0.018336,6.8269,6.2094,0
-1.579,-0.34251,-0.058236,3.8687,5.3751,0
-0.7242,-0.36816,-0.064671,-6.8267,5.8929,0
-0.24933,-0.72725,0.0035447,-2.503,5.9073,0
-1.8639,-0.82984,0.083344,7.9647,5.5477,0
-1.1991,-0.47075,0.13354,0.68281,5.9505,0
1.0803,-0.4964,0.13611,-7.7369,4.9005,0
0.79538,-0.4964,0.13869,0.91037,5.7059,0
1.0803,-0.31686,0.15285,7.7372,4.958,0
0.7004,-0.4964,0.16829,-2.0479,5.0587,0
0.41548,-0.52205,0.15285,-7.5093,4.771,0
1.2702,-0.21426,0.1078,4.5513,3.419,0
1.4602,0.093531,0.05889,7.0545,3.3327,0
1.5552,-0.16296,0.053741,-5.0062,1.319,0
2.03,-0.4964,0.066612,-6.3715,1.3765,0
2.4099,-0.599,0.076909,6.5994,0.88749,0
1.5552,-0.599,0.10136,4.3238,1.0889,0
0.98533,-0.6503,0.10394,-6.144,1.7217,0
1.4602,-0.36816,0.069186,-3.4133,0.64298,0
1.3652,0.70911,-0.013187,8.1923,0.93064,0
0.89035,1.7351,-0.0518,1.5931,-0.75222,0
0.89035,1.7351,-0.018336,-8.192,-0.91043,0
0.79538,1.6838,0.10265,0.45525,-1.4139,0
1.4602,1.5555,0.18502,7.7372,-1.8597,0
2.22,1.4786,0.13998,-2.503,-0.7666,0
1.1753,1.7351,0.026712,-8.192,-1.2413,0
-0.91415,1.8633,-0.010613,2.7309,-0.033045,0
-1.389,2.1198,0.088493,5.9167,-0.53646,0
-1.294,1.812,0.16443,-6.144,-0.45016,0
-1.0091,1.0939,0.13998,-6.144,-0.3351,0
0.32051,1.2477,0.04087,5.4616,-0.9392,0
0.035589,1.7351,-0.067245,3.8687,0.082022,0
-0.43928,1.9916,-0.12259,-7.9645,-0.63715,0
-1.389,1.299,-0.092987,-3.8684,-0.018661,0
-1.389,0.81171,-0.0054649,7.282,-0.47893,0
-0.81917,0.63217,0.082057,0.68281,-0.98235,0
0.035589,0.68346,0.1374,-8.192,-0.37825,0
0.7004,0.78606,0.15413,0.45525,-0.78098,0
-0.53425,0.47827,0.17859,6.8269,0.71489,0
-1.1041,0.50392,0.22106,-2.7306,0.64298,0
-0.91415,0.55522,0.26354,-6.5991,1.4053,0
-0.81917,0.29873,0.28156,4.0962,1.4916,0
-0.62923,0.19613,0.24037,4.5513,0.64298,0
0.035589,0.067882,0.21334,-6.3715,1.1464,0
-0.81917,-0.23991,0.21591,-4.5511,0.21147,0
-1.1041,0.067882,0.23522,7.282,1.3046,0
-0.7242,0.35002,0.20176,2.9584,1.3046,0
-0.059385,-0.060364,0.10136,-8.4196,1.693,0
-0.81917,-0.36816,0.0061189,-0.45498,2.0238,0
-1.7689,-0.0090658,-0.00031657,8.1923,0.98818,0
-0.62923,0.11918,0.0048318,0.00013542,1.3478,0
-0.24933,0.19613,0.011267,-7.7369,0.067639,0
-0.34431,0.27308,0.039583,1.8206,0.49914,0
-0.62923,0.60652,0.056315,6.5994,0.32654,0
-0.62923,1.1965,0.085918,-2.7306,0.29777,0
-0.62923,1.3503,0.057602,-6.3715,1.132,0
0.41548,1.1195,-0.0041778,4.0962,0.48476,0
1.4602,1.1708,-0.054374,5.4616,1.2902,0
-0.059385,1.5812,-0.086552,-6.144,0.038872,0
-1.294,1.7864,-0.10457,-4.7786,-0.1625,0
-1.484,1.5042,-0.102,6.8269,-0.36386,0
-1.294,1.4016,-0.047939,3.4135,-0.78098,0
-1.0091,1.1708,0.021564,-7.7369,0.42722,0
-0.059385,1.2477,0.034435,-2.2755,-0.14811,0
0.13056,1.0939,0.011267,7.0545,0.65736,0
-0.34431,0.91431,0.007406,-0.22742,-0.39263,0
-1.294,0.52957,0.016416,-8.4196,-1.3851,0
-1.8639,0.58087,-0.0041778,1.1379,-1.6584,0
-2.0538,1.1452,-0.023484,7.282,-2.5645,0
-1.484,1.0426,-0.031207,-3.6408,-1.4858,0
-0.91415,0.73476,-0.04279,-7.2818,-2.1043,0
0.79538,0.40132,-0.032494,4.3238,-1.3419,0
1.3652,-0.16296,-0.0041778,4.0962,-1.4426,0
1.8401,-0.23991,-0.0054649,-6.8267,-2.0755,0
0.51046,-0.29121,-0.006752,-4.0959,-1.8741,0
0.32051,-0.4451,-0.013187,8.1923,-3.3412,0
0.22554,-0.34251,-0.037642,2.2757,-2.8522,0
-1.0091,-0.47075,-0.090413,-8.6471,-3.6145,0
-0.43928,-0.34251,-0.13417,-1.1377,-3.3268,0
0.60543,-0.5477,-0.15219,7.5096,-2.7947,0
0.035589,-1.1889,-0.16506,-1.5928,-3.2549,0
-1.0091,-1.3685,-0.15091,-7.7369,-2.2769,0
-1.1991,-1.1889,-0.11358,2.9584,-3.2262,0
-0.81917,-1.3172,-0.10972,6.3718,-2.8666,0
-0.24933,-1.4454,-0.089126,-4.5511,-3.4131,0
0.7004,-1.8302,-0.036355,-6.144,-3.7583,0
0.60543,-2.3175,-0.00031657,6.5994,-2.8953,0
0.13056,-2.2919,0.015128,4.5513,-3.2405,0
-0.62923,-2.061,0.05889,-6.5991,-1.8885,0
-0.62923,-2.138,0.092354,-2.9581,-2.4207,0
-0.43928,-2.0097,0.087205,7.5096,-2.0755,0
-1.484,-2.1893,0.088493,0.45525,-2.3056,0
-1.389,-2.5227,0.094928,-7.9645,-3.1111,0
-0.81917,-2.5996,0.10909,1.5931,-2.4207,0
-0.62923,-2.7279,0.1181,7.282,-3.1974,0
-1.7689,-2.6253,0.079483,-3.1857,-2.0323,0
-1.8639,-2.2919,0.007406,-6.8267,-2.3632,0
-0.43928,-2.061,-0.081403,4.0962,-1.9029,0
0.60543,-2.1893,-0.15863,5.0064,-1.7447,0
0.98533,-2.4201,-0.241,-6.144,-2.4638,0
-0.059385,-2.1123,-0.27833,-4.3235,-1.9173,0
0.035589,-2.0867,-0.25387,7.0545,-3.1111,0
1.3652,-1.9071,-0.23071,0.91037,-2.3775,0
1.9351,-1.9071,-0.23585,-8.192,-2.7084,0
1.6501,-2.138,-0.23071,-0.68254,-2.6221,0
0.51046,-2.2406,-0.19209,7.0545,-2.1043,0
-0.53425,-2.2919,-0.14318,-1.8203,-2.996,0
-0.81917,-2.497,-0.08269,-8.192,-2.2912,0
-0.7242,-2.5227,-0.0080391,3.186,-3.3125,0
-0.43928,-2.7792,0.021564,5.0064,-2.9529,0
0.035589,-2.4714,0.022851,-6.3715,-3.183,0
1.2702,-2.2662,0.047306,-6.8267,-3.6577,0
1.5552,-2.1636,0.10136,5.6891,-2.9816,0
0.41548,-2.138,0.15671,3.6411,-3.8734,0
-0.43928,-1.7532,0.18889,-6.8267,-2.8953,0
-0.34431,-1.7789,0.22364,-1.8203,-3.4994,0
-0.62923,-1.9584,0.25195,7.7372,-3.3412,0
0.13056,-2.2919,0.2468,-0.22742,-3.0536,0
-0.15436,-2.0097,0.20047,-8.8747,-3.7008,0
-1.1041,-1.6763,0.15285,0.91037,-2.6077,0
-2.0538,-2.061,0.14641,7.0545,-3.2118,0
-1.484,-2.4457,0.17215,-3.1857,-2.1762,0
-0.24933,-2.0867,0.16186,-7.5093,-1.9604,0
-0.059385,-1.9841,0.15156,4.5513,-1.7734,0
-0.62923,-2.1123,0.17473,5.0064,-0.99673,0
0.22554,-2.0097,0.15413,-5.9164,-1.6008,0
1.1753,-2.1123,0.096215,-4.0959,-0.39263,0
2.03,-2.138,0.035722,7.9647,-0.8529,0
1.5552,-1.9328,0.024138,2.7309,-0.29195,0
0.32051,-1.8558,0.07176,-7.9645,0.024489,0
0.22554,-1.8815,0.078196,-0.68254,-0.43578,0
1.2702,-1.7789,-0.0041778,8.6474,0.42722,0
0.13056,-1.3941,-0.045365,-0.68254,-0.45016,0
-0.24933,-1.7019,-0.010613,-7.5093,0.32654,0
0.79538,-2.1123,0.012554,2.0482,-0.29195,0
0.7004,-2.1123,-0.010613,6.8269,-0.57961,0
-0.15436,-1.6506,-0.067245,-3.8684,-0.594,0
0.13056,-1.5737,-0.11229,-6.5991,-1.7734,0
-0.059385,-2.0097,-0.10714,4.3238,-0.98235,0
0.79538,-2.1123,-0.055661,4.0962,-1.7878,0
1.3652,-1.548,-0.045365,-6.144,-0.91043,0
0.41548,-1.2146,-0.073681,-4.5511,-0.89605,0
-1.1041,-1.3172,-0.085264,6.5994,-1.0974,0
-2.6237,-1.3428,-0.067245,1.8206,-0.39263,0
-2.1488,-1.1889,-0.022197,-8.8747,-1.1837,0
-0.24933,-1.3172,0.055028,-1.5928,-0.076195,0
0.60543,-1.4454,0.12582,6.8269,-0.66591,0
0.89035,-1.8302,0.17473,-2.2755,-0.4214,0
0.7004,-1.9841,0.18631,-8.4196,-0.2488,0
-0.43928,-1.4454,0.15285,1.8206,-0.8529,0
-0.91415,-1.3172,0.12453,5.9167,-0.004278,0
-0.15436,-1.0607,0.10909,-5.4613,-0.49331,0
-0.059385,-0.4964,0.070473,-5.0062,0.87311,0
-1.0091,-0.57335,0.046019,5.9167,1.0169,0
-1.294,-0.75289,-0.0093262,3.186,1.1608,0
-1.1041,-0.3938,-0.040216,-7.5093,1.2183,0
-1.1991,-0.26556,-0.053087,-2.503,-0.3351,0
-2.1488,-0.41945,-0.064671,7.282,0.15394,0
-2.1488,-0.36816,-0.069819,0.2277,-0.86728,0
-1.8639,-0.7016,-0.071106,-8.192,-0.076195,0
-2.1488,-0.599,-0.059523,1.8206,0.11079,0
-0.81917,-0.41945,-0.071106,7.282,-0.19126,0
-0.24933,-0.41945,-0.096848,-2.7306,0.28339,0
-0.62923,-0.21426,-0.086552,-7.7369,-1.0399,0
0.22554,-0.29121,-0.035068,4.0962,-0.72345,0
-0.059385,-0.36816,-0.018336,6.3718,-1.4139,0
0.22554,-0.060364,-0.027345,-4.7786,-1.1118,0
0.035589,-0.18861,-0.037642,-5.4613,-0.57961,0
-0.53425,-0.41945,-0.036355,6.1442,-1.2988,0
0.035589,-0.034715,-0.032494,4.0962,-0.57961,0
-0.059385,-0.21426,-0.031207,-7.0542,-1.5289,0
-0.53425,-0.4451,-0.041503,-3.6408,-0.53646,0
-0.059385,-0.47075,-0.072394,6.8269,-0.39263,0
2.125,-0.034715,-0.081403,1.3655,-0.20565,0
1.3652,-0.11166,-0.046652,-7.9645,0.39846,0
-0.81917,-0.11166,-0.013187,0.68281,-0.66591,0
-1.7689,0.042233,0.035722,6.8269,-0.004278,0
-0.81917,0.14483,0.073047,-2.7306,-0.86728,0
-0.91415,0.19613,0.075622,-7.5093,-0.29195,0
-2.4337,0.22178,0.055028,4.3238,-0.22003,0
-2.2438,0.19613,-0.044078,5.6891,-0.52208,0
0.22554,0.19613,-0.15734,-5.6889,0.38407,0
0.60543,0.17048,-0.19209,-5.4613,-0.46455,0
-1.0091,0.22178,-0.19724,6.5994,0.42722,0
-1.389,0.22178,-0.19724,3.4135,-0.13373,0
-0.24933,0.22178,-0.19595,-8.192,-0.30633,0
0.035589,0.17048,-0.19853,-2.7306,-0.37825,0
-0.34431,0.17048,-0.19724,7.5096,-1.457,0
-0.43928,0.19613,-0.19982,-0.45498,-0.57961,0
-1.294,0.14483,-0.15992,-8.192,-1.4139,0
-1.484,-0.086014,0.0048318,1.8206,-0.98235,0
-0.62923,-0.21426,0.097502,6.8269,-1.2844,0
-0.62923,-0.13731,0.10008,-3.1857,-1.4858,0
-0.53425,0.27308,0.070473,-7.0542,-0.60838,0
0.32051,0.016583,0.016416,5.9167,-1.1406,0
-0.15436,-0.086014,-0.017049,5.4616,-0.22003,0
-0.059385,0.11918,-0.022197,-7.2818,-1.0687,0
0.51046,0.42697,-0.062097,-4.5511,-0.88167,0
0.79538,0.32437,-0.10714,7.282,-0.49331,0
0.22554,0.22178,-0.11744,2.0482,-0.7666,0
-0.43928,0.17048,-0.11744,-7.0542,0.32654,0
-0.7242,0.17048,-0.11229,-0.9101,-0.45016,0
-0.43928,0.19613,-0.11229,7.0545,0.22586,0
-1.389,0.17048,-0.11744,-0.45498,-0.40701,0
-1.389,0.17048,-0.11487,-6.8267,-0.95358,0
-0.059385,0.24743,-0.11615,3.8687,-0.75222,0
0.60543,0.93996,-0.12516,6.8269,-1.4858,0
-0.43928,1.7094,-0.12388,-5.0062,-0.47893,0
-1.6739,1.6581,-0.12645,-6.5991,-1.3419,0
-2.0538,1.376,-0.10972,6.1442,-0.91043,0
-0.91415,0.81171,-0.053087,5.0064,-1.1118,0
-0.24933,0.52957,-0.0080391,-6.5991,-1.5865,0
-0.53425,1.0682,0.027999,-3.8684,-0.96797,0
-1.389,0.76041,0.074335,6.8269,-1.946,0
-1.1991,0.73476,0.10265,2.7309,-1.2125,0
-0.81917,0.76041,0.11681,-7.5093,-2.0755,0
-0.059385,0.47827,0.14641,-1.8203,-2.133,0
0.79538,0.58087,0.18502,7.7372,-1.6728,0
-0.059385,0.83736,0.21205,-1.1377,-1.8885,0
-0.34431,0.70911,0.24037,-8.6471,-0.63715,0
-0.7242,0.60652,0.29314,2.0482,-1.4426,0
0.13056,0.29873,0.30987,7.282,-0.70906,0
-0.24933,0.19613,0.2867,-3.4133,-0.52208,0
-0.43928,0.11918,0.26482,-7.0542,-0.19126,0
-0.62923,-0.11166,0.23136,4.3238,0.80119,0
-0.53425,-0.47075,0.2069,5.0064,0.053256,0
0.035589,-0.23991,0.20819,-6.5991,0.82996,0
-0.24933,-0.23991,0.18502,-6.144,-0.14811,0
-0.43928,-0.4964,0.15413,6.3718,0.067639,0
0.035589,-0.599,0.1477,3.6411,0.024489,0
0.79538,-0.47075,0.13354,-8.192,-0.43578,0
-0.7242,0.016583,0.10522,-3.4133,0.49914,0
-1.7689,0.47827,0.092354,7.9647,-0.018661,0
-2.1488,0.65782,0.055028,1.8206,1.1032,0
-0.81917,0.88866,0.0035447,-7.5093,0.67174,0
-0.15436,0.88866,-0.046652,0.45525,0.24024,0
-1.1041,1.4273,-0.046652,7.0545,0.21147,0
-2.0538,1.5042,-0.018336,-2.0479,-0.60838,0
-0.81917,1.0939,0.017703,-6.3715,0.65736,0
0.51046,0.81171,0.01899,3.6411,0.053256,0
0.035589,0.86301,-0.0016037,5.9167,0.68613,0
-0.91415,0.65782,-0.036355,-5.4613,0.29777,0
-1.294,0.55522,-0.064671,-5.0062,-0.13373,0
-1.294,0.19613,-0.085264,7.282,0.29777,0
-0.7242,0.86301,-0.085264,3.186,-0.46455,0
0.51046,1.6068,-0.073681,-7.7369,0.80119,0
0.79538,1.9146,-0.095561,-1.5928,0.31216,0
-0.62923,1.0169,-0.096848,7.9647,0.93064,0
-1.484,0.016583,-0.037642,0.2277,1.0601,0
-0.91415,-0.4451,0.0035447,-6.3715,0.39846,0
-0.81917,-0.5477,-0.0028907,3.4135,0.95941,0
-1.1041,-0.086014,-0.023484,6.8269,0.053256,0
-0.24933,-0.13731,-0.024771,-4.3235,1.1176,0
0.79538,-0.41945,0.0035447,-7.2818,0.98818,0
0.13056,-0.23991,0.061464,5.6891,1.0601,0
0.22554,0.016583,0.12196,4.3238,0.98818,0
0.7004,0.093531,0.12453,-7.2818,-0.23441,0
0.13056,-0.3938,0.078196,-4.0959,0.24024,0
0.7004,-0.47075,0.017703,7.0545,-0.80975,0
1.3652,-0.086014,-0.023484,1.3655,-0.20565,0
0.89035,-0.16296,-0.006752,-8.192,-0.23441,0
0.79538,-0.4451,-0.0016037,-0.45498,-0.11935,0
0.7004,-0.4451,-0.032494,7.282,0.88749,0
1.4602,-0.72725,-0.055661,-2.503,0.18271,0
1.5552,-0.62465,-0.047939,-8.4196,1.0745,0
1.0803,-0.21426,-0.081403,3.186,0.16832,0
0.79538,0.50392,-0.13675,6.5994,0.29777,0
0.79538,0.40132,-0.18051,-6.144,0.45599,0
0.035589,0.016583,-0.19595,-6.144,0.082022,0
0.22554,0.27308,-0.19982,5.6891,1.1895,0
-0.059385,1.0169,-0.23199,3.6411,0.45599,0
-1.294,1.4016,-0.27447,-7.2818,1.3478,0
-1.1041,1.2734,-0.26932,-2.9581,0.94503,0
-0.24933,0.73476,-0.2114,7.5096,0.91626,0
-0.059385,0.016583,-0.12645,-0.22742,1.5204,0
-0.62923,-0.5477,-0.074968,-7.9645,0.98818,0
0.035589,-0.93244,-0.071106,1.8206,2.2683,0
0.79538,-1.2146,-0.08269,7.5096,1.8799,0
0.22554,-0.62465,-0.086552,-2.0479,2.182,0
0.13056,0.22178,-0.08269,-7.2818,1.9806,0
0.7004,0.55522,-0.102,4.7789,1.319,0
2.03,0.24743,-0.12645,6.1442,2.2395,0
2.03,-0.4964,-0.12903,-7.2818,1.7793,0
1.8401,-1.0607,-0.12002,-5.0062,3.0306,0
2.03,-0.75289,-0.11873,6.8269,2.9299,0
2.125,-0.36816,-0.1316,3.4135,3.1601,0
1.4602,-0.47075,-0.16893,-7.2818,3.3471,0
0.32051,-0.31686,-0.2114,-1.1377,2.2971,0
0.13056,-0.13731,-0.23199,7.9647,3.0162,0
1.3652,0.37567,-0.21269,-0.22742,2.1532,0
2.7898,0.45262,-0.15734,-7.7369,3.1169,0
2.9798,0.016583,-0.11358,2.7309,3.3902,0
1.7451,-0.36816,-0.10071,6.5994,3.5053,0
1.6501,-0.18861,-0.11487,-3.6408,4.0231,0
1.5552,0.19613,-0.078829,-5.6889,3.0306,0
0.32051,1.0169,-0.017049,5.9167,3.5772,0
0.13056,1.4786,0.01899,5.4616,2.5128,0
0.60543,1.7864,0.034435,-7.2818,2.9443,0
0.035589,2.1198,0.061464,-3.8684,3.1313,0
-0.43928,2.0172,0.075622,8.1923,3.0594,0
-0.7242,1.9916,0.065325,2.2757,4.1669,0
-0.7242,1.6838,0.065325,-8.192,3.3758,0
-0.43928,1.3503,0.033148,-0.45498,4.2532,0
-0.7242,0.47827,-0.014475,7.5096,3.5197,0
0.035589,-1.4967,0.013841,-2.0479,3.0162,0
1.0803,-2.7535,0.11681,-8.4196,2.8149,0
2.125,-3.1639,0.20047,3.186,1.8799,0
1.6501,-2.3688,0.20819,6.1442,2.9299,0
0.32051,-0.7016,0.16572,-5.9164,2.5128,0
-1.1041,0.50392,0.17087,-6.3715,3.419,0
-1.294,0.58087,0.24552,5.9167,2.858,0
-0.81917,-0.41945,0.28413,3.6411,1.8799,0
-0.7242,-1.4711,0.27641,-7.0542,1.4916,0
-0.53425,-2.0867,0.24552,-3.1857,-0.11935,0
-1.294,-1.8302,0.19532,7.7372,0.31216,0
-0.53425,-1.2659,0.15156,1.5931,-0.39263,0
-0.34431,-0.67595,0.12582,-8.4196,-0.004278,0
-0.53425,-0.36816,0.12453,-0.9101,0.45599,0
-0.62923,-0.0090658,0.12839,8.1923,-0.076195,0
-0.7242,-0.086014,0.12067,-1.1377,0.51352,0
-0.7242,-0.13731,0.12711,-6.5991,-0.69468,0
-1.1041,-0.21426,0.16572,4.3238,-0.30633,0
-2.0538,-0.31686,0.15027,7.0545,-0.88167,0
-1.579,0.042233,0.10522,-4.5511,-0.95358,0
-1.0091,0.45262,0.10394,-5.4613,-0.55085,0
-0.53425,0.58087,0.085918,5.9167,-1.4282,0
-0.7242,0.55522,0.074335,3.8687,-0.6803,0
-1.1991,0.63217,0.074335,-7.5093,-1.4426,0
-2.0538,0.60652,0.070473,-3.1857,-0.79537,0
-1.484,0.65782,0.064038,7.0545,-0.57961,0
-1.389,0.81171,0.0061189,1.8206,-0.62276,0
-1.8639,2.0172,-0.046652,-6.8267,0.38407,0
-1.484,3.1714,-0.049226,0.45525,-0.27756,0
-0.91415,2.1968,-0.015762,7.7372,0.78681,0
-0.62923,-0.47075,0.096215,-2.9581,0.16832,0
-0.62923,-2.2919,0.20819,-6.8267,0.34092,0
-0.53425,-3.1126,0.23007,5.4616,0.45599,0
-0.7242,-3.1383,0.18116,6.3718,-0.30633,0
-0.62923,-2.497,0.097502,-5.2337,0.52791,0
0.7004,-0.599,-0.017049,-5.2337,-0.30633,0
1.0803,1.7351,-0.094274,6.3718,0.45599,0
0.98533,2.8637,-0.10843,2.7309,0.038872,0
0.7004,2.9406,-0.080116,-7.2818,-0.27756,0
0.13056,2.1455,-0.063384,-3.4133,-0.047428,0
0.7004,1.3503,-0.081403,6.8269,-0.96797,0
1.8401,0.99126,-0.15863,0.00013542,-0.076195,0
1.5552,0.76041,-0.21011,-8.6471,-0.62276,0
0.51046,0.93996,-0.20754,0.91037,-0.076195,0
-0.91415,1.0426,-0.2011,7.282,0.26901,0
-1.484,0.91431,-0.20882,-2.9581,-0.17688,0
-0.24933,0.76041,-0.16506,-8.192,0.64298,0
0.035589,0.91431,-0.041503,3.4135,-0.47893,0
-1.0091,1.0169,0.057602,4.7789,0.19709,0
-1.6739,0.99126,0.11166,-6.144,-0.14811,0
-2.1488,0.70911,0.12196,-6.144,-0.033045,0
-1.579,0.70911,0.14126,6.1442,0.41284,0
-0.81917,0.86301,0.11552,2.7309,-0.40701,0
-0.059385,1.3247,-0.0028907,-7.2818,0.39846,0
-0.81917,1.7351,-0.090413,-2.503,-0.49331,0
-1.6739,1.6325,-0.096848,7.282,0.11079,0
-2.1488,1.8633,-0.026058,0.68281,0.35531,0
-1.484,2.0942,0.015128,-7.5093,0.38407,0
-0.24933,2.0429,0.039583,0.91037,1.3909,0
0.79538,2.6328,0.035722,7.0545,0.65736,0
0.7004,3.5818,0.037009,-3.8684,1.3765,0
0.22554,4.2487,0.060177,-6.8267,0.75804,0
-0.43928,3.8896,0.07176,6.1442,1.0601,0
-0.059385,3.4792,0.016416,5.234,1.4197,0
-0.059385,3.274,-0.0119,-6.5991,0.74366,0
-0.24933,3.351,0.012554,-3.4133,1.621,0
0.13056,3.351,0.0099801,8.1923,0.72928,0
0.41548,2.6328,0.013841,1.5931,1.6067,0
-0.53425,2.4533,0.011267,-8.192,1.621,0
-1.294,3.0175,-0.041503,0.45525,1.5779,0
-0.7242,2.915,-0.14447,7.282,2.3978,0
-1.294,2.9406,-0.23972,-2.0479,1.693,0
-1.8639,2.7611,-0.27961,-7.5093,2.7573,0
-2.0538,2.4533,-0.25516,3.8687,2.1245,0
-1.389,2.5815,-0.16893,5.9167,2.5991,0
-1.484,2.6841,-0.08269,-5.2337,3.0594,0
-0.62923,2.9919,-0.038929,-6.3715,3.1457,0
0.51046,3.1714,0.007406,6.1442,4.5696,0
0.60543,2.4533,0.057602,3.6411,4.1525,0
0.22554,1.6068,0.061464,-7.9645,5.1306,0
-0.43928,1.7864,0.07176,-3.1857,4.9868,0
-0.62923,2.2994,0.16057,7.7372,5.3751,0
-0.81917,1.812,0.20047,0.91037,6.4539,0
-0.24933,0.58087,0.08077,-7.2818,6.4539,0
0.035589,-0.31686,-0.04279,0.2277,8.2806,0
-1.6739,-0.23991,-0.12002,7.5096,8.3956,0
-3.1935,1.1965,-0.20368,-1.8203,9.7477,0
-1.579,2.1968,-0.3105,-7.9645,10.194,0
1.5552,2.0429,-0.40575,3.4135,10.122,0
2.6949,2.0172,-0.41476,5.9167,11.244,0
1.3652,2.3763,-0.32595,-5.6889,11.215,0
-0.059385,2.4789,-0.26417,-6.144,12.898,0
0.035589,2.8893,-0.24872,5.9167,13.128,0
0.7004,3.2484,-0.22298,3.8687,13.976,0
0.13056,2.7611,-0.18694,-7.2818,14.954,0
-0.62923,1.9146,-0.14704,-2.503,14.868,0
-0.059385,1.7094,-0.12516,7.5096,16.048,0
0.51046,1.5555,-0.10328,0.2277,15.702,0
1.6501,1.5812,-0.037642,-8.6471,16.968,0
1.3652,2.0172,0.088493,1.1379,17.27,0
0.22554,2.1968,0.16314,7.7372,17.285,0
0.79538,1.9659,0.11166,-2.503,17.659,0
2.6949,1.812,0.020277,-7.7369,16.249,0
2.125,1.889,-0.019623,3.6411,16.191,0
0.51046,2.2737,-0.087839,5.9167,14.307,0
0.13056,3.1458,-0.12388,-4.7786,13.631,0
-0.7242,3.4023,-0.12259,-5.0062,12.898,0
-1.7689,3.3253,-0.16635,6.8269,11.574,0
-1.389,3.3766,-0.23071,3.8687,11.186,0
0.51046,3.4023,-0.2912,-6.8267,8.8271,0
1.2702,2.7611,-0.34526,-1.8203,7.7771,0
-0.15436,1.9146,-0.39803,7.9647,5.3032,0
-1.1041,1.7094,-0.39674,0.45525,3.2608,0
-0.15436,1.5812,-0.35555,-8.192,1.5779,0
0.60543,1.6838,-0.35298,0.00013542,-1.155,0
0.79538,1.5555,-0.35813,6.5994,-2.018,0
0.13056,1.4529,-0.36456,-2.9581,-4.7508,0
0.32051,1.4529,-0.36199,-7.2818,-6.2611,0
2.125,1.4273,-0.36199,3.8687,-8.5336,0
1.9351,1.4016,-0.3607,5.6891,-10.936,0
0.035589,1.4529,-0.36199,-6.3715,-12.029,0
-0.24933,1.1965,-0.31179,-6.5991,-14.316,0
1.6501,0.55522,-0.094274,5.6891,-14.488,0
1.9351,1.5555,-0.0119,3.6411,-15.999,0
-0.059385,3.1458,-0.077542,-7.0542,-16.516,0
0.41548,3.351,-0.19982,-3.1857,-16.905,0
1.6501,2.7098,-0.24486,7.5096,-17.883,0
1.4602,2.3507,-0.19853,0.2277,-17.049,0
0.41548,2.2224,-0.14447,-8.8747,-17.61,0
0.41548,1.9659,-0.15348,0.00013542,-16.2,0
0.60543,1.6068,-0.23457,7.0545,-15.653,0
-0.34431,1.7864,-0.30536,-2.0479,-14.402,0
-2.4337,2.5302,-0.36585,-7.2818,-12.446,0
-2.1488,3.1971,-0.40832,4.5513,-11.338,0
-0.24933,3.4023,-0.35555,5.4616,-8.3035,0
-0.15436,2.7611,-0.28348,-6.8267,-6.5919,0
0.22554,1.7607,-0.21269,-5.0062,-3.1542,0
0.60543,0.68346,-0.15477,6.3718,-0.004278,0
-0.62923,-0.11166,-0.14061,2.7309,2.9012,0
-1.1041,0.14483,-0.2011,-7.2818,6.8854,0
-0.91415,1.2734,-0.23071,-0.68254,9.1292,0
-0.059385,2.915,-0.16378,8.875,13.07,0
-0.7242,3.6331,-0.013187,0.2277,15.501,0
-2.4337,3.1201,0.14512,-7.9645,18.68,0
-2.0538,1.889,0.19017,2.5033,21.772,0
-2.5287,0.76041,0.12196,6.8269,23.513,0
-1.8639,-0.26556,-0.013187,-3.6408,26.404,0
-1.1041,-0.67595,-0.081403,-6.144,27.324,0
-0.24933,-0.21426,0.0035447,6.1442,29.813,0
-0.059385,-0.26556,0.12711,5.234,31.15,0
-0.43928,-0.75289,0.21591,-6.3715,32.517,0
0.7004,-1.3428,0.30344,-3.6408,34.271,0
1.8401,-1.5993,0.39997,7.282,34.084,0
2.315,-1.548,0.50165,2.5033,35.005,0
2.22,-1.3685,0.55699,-7.7369,33.84,0
1.6501,-0.6503,0.60462,-0.68254,33.351,0
0.32051,0.29873,0.6561,6.8269,32.085,0
0.89035,0.91431,0.73075,-2.0479,30.086,0
1.6501,0.19613,0.87104,-7.9645,29.266,0
1.6501,-0.4451,1.0538,3.4135,26.404,0
0.98533,-0.93244,1.2379,6.1442,24.937,0
0.7004,-1.5993,1.3975,-5.0062,22.002,0
-0.43928,-1.6506,1.5236,-6.8267,19.399,0
-1.1041,-1.1633,1.5468,5.9167,17.198,0
-0.81917,-0.90679,1.4824,3.4135,13.502,0
-0.7242,-1.4711,1.3331,-7.7369,11.229,0
-0.7242,-1.8045,1.14,-3.8684,6.9861,0
-1.1991,-1.7789,0.96243,6.8269,4.0087,0
-0.81917,-1.8558,0.85174,0.91037,0.19709,0
1.1753,-1.8558,0.76936,-8.6471,-3.8015,0
0.60543,-1.9328,0.66768,-0.22742,-6.7789,0
-0.91415,-1.7789,0.52996,7.0545,-11.223,0
-1.8639,-1.5224,0.41927,-1.5928,-14.014,0
-2.7186,-1.112,0.42571,-7.0542,-18.602,0
-2.8136,-1.0607,0.47462,3.186,-22.327,0
-2.4337,-1.2659,0.47333,6.3718,-25.952,0
-1.579,-1.3941,0.41927,-5.4613,-30.339,0
-0.91415,-1.4967,0.36522,-5.6889,-32.928,0
-0.62923,-1.6506,0.34076,7.5096,-37.099,0
0.035589,-1.3941,0.39739,4.5513,-39.343,0
-0.059385,-0.75289,0.50036,-7.0542,-42.004,0
-0.43928,-0.26556,0.50937,-4.0959,-44.262,0
-0.62923,0.016583,0.42056,7.7372,-45.254,0
-1.294,-0.0090658,0.36007,2.2757,-47.599,0
-1.1991,0.47827,0.39482,-7.5093,-48.088,0
-0.91415,0.99126,0.47591,-0.9101,-49.915,0
-0.059385,0.73476,0.54927,7.282,-50.03,0
0.60543,0.11918,0.61362,-1.3652,-50.332,0
-0.34431,0.14483,0.65739,-7.5093,-51.065,0
-1.1991,0.50392,0.6162,2.7309,-50.619,0
-0.81917,0.52957,0.44502,6.8269,-51.583,0
0.035589,0.35002,0.23522,-4.3235,-50.605,0
0.60543,0.14483,0.15542,-6.5991,-51.123,0
0.32051,0.067882,0.12711,4.3238,-50.864,0
-0.43928,-0.034715,0.05889,3.8687,-50.289,0
0.035589,-0.060364,-0.038929,-6.8267,-50.548,0
-0.91415,-0.85549,-0.12903,-4.5511,-49.152,0
-1.8639,-1.8302,-0.13675,7.282,-49.368,0
-2.1488,-2.2662,-0.11358,2.9584,-47.915,0
-1.579,-2.6509,-0.14447,-7.9645,-47.211,0
-1.0091,-2.9844,-0.19209,-2.7306,-45.916,0
-0.7242,-3.3691,-0.20754,7.5096,-43.514,0
-0.7242,-3.3178,-0.1612,-0.22742,-42.248,0
-0.53425,-3.3435,-0.06081,-8.8747,-39.199,0
-0.62923,-3.523,0.043444,0.2277,-37.718,0
-0.059385,-3.7026,0.065325,6.5994,-34.97,0
-0.53425,-3.4974,0.053741,-3.4133,-32.338,0
-2.3388,-2.8305,0.064038,-7.9645,-30.684,0
-2.8136,-2.0867,0.030574,3.8687,-27.836,0
-1.6739,-1.7019,-0.0016037,5.234,-26.93,0
-0.81917,-1.3172,-0.033781,-7.0542,-24.341,0
0.7004,-0.95809,-0.050513,-5.4613,-22.888,0
0.60543,-0.67595,-0.065958,5.4616,-20.961,0
-0.81917,-0.34251,-0.064671,3.186,-18.746,0
-0.7242,-0.57335,-0.055661,-7.2818,-18.07,0
0.51046,-1.1889,-0.037642,-1.1377,-16.243,0
0.51046,-1.7019,-0.028633,7.9647,-16.56,0
-0.15436,-2.061,-0.022197,0.00013542,-15.366,0
0.32051,-1.5737,-0.059523,-7.5093,-14.762,0
1.7451,-0.95809,-0.1818,2.9584,-14.1,0
1.3652,-0.85549,-0.3208,7.282,-12.216,0
1.3652,-0.75289,-0.38644,-4.0959,-11.899,0
0.89035,-0.98374,-0.39288,-7.0542,-9.9144,0
0.13056,-1.4198,-0.42506,6.1442,-9.6124,0
0.41548,-1.8558,-0.47525,4.5513,-8.4042,0
1.1753,-1.5224,-0.51901,-6.8267,-7.0521,0
1.3652,-1.2146,-0.60654,-3.4133,-5.7289,0
0.32051,-1.2402,-0.64257,8.6474,-2.4638,0
0.22554,-1.1633,-0.63743,2.0482,-0.88167,0
1.3652,-1.3428,-0.64901,-8.4196,1.8368,0
1.4602,-1.7532,-0.6503,-0.68254,2.369,0
1.0803,-1.9841,-0.64257,7.5096,2.9875,0
2.125,-1.8558,-0.66703,-1.1377,4.0518,0
2.125,-1.5737,-0.69534,-7.9645,4.4546,0
0.51046,-1.4454,-0.67861,2.9584,6.9573,0
0.22554,-1.7789,-0.64772,6.5994,7.734,0
2.03,-2.0867,-0.61683,-4.3235,9.8484,0
3.3597,-1.9071,-0.59624,-6.8267,10.927,0
2.4099,-1.9071,-0.59109,5.4616,11.431,0
1.1753,-2.0354,-0.64515,4.0962,12.653,0
0.7004,-1.9328,-0.67475,-7.2818,12.107,0
0.79538,-1.8302,-0.65158,-3.6408,13.516,0
1.4602,-1.7276,-0.59366,7.7372,13.574,0
1.3652,-1.5224,-0.55505,0.2277,14.58,0
1.0803,-1.4711,-0.52802,-8.192,15.113,0
0.79538,-2.138,-0.51515,0.45525,14.48,0
1.5552,-2.8305,-0.48684,7.282,14.839,0
1.6501,-3.3435,-0.48297,-2.7306,13.128,0
1.1753,-3.6513,-0.54347,-8.192,13.113,0
0.79538,-3.3178,-0.60654,2.9584,12.236,0
1.4602,-3.4204,-0.63614,5.234,12.409,0
1.4602,-3.3435,-0.6104,-5.4613,13.459,0
0.89035,-3.0613,-0.54476,-6.3715,13.531,0
1.4602,-3.7026,-0.51515,6.8269,15.185,0
1.3652,-4.0617,-0.50872,3.4135,14.897,0
0.89035,-4.036,-0.49456,-7.2818,15.976,0
0.79538,-4.1899,-0.43921,-2.0479,16.407,0
0.32051,-4.1899,-0.35298,7.0545,16.968,0
-0.53425,-3.7026,-0.30021,0.91037,18.852,0
-0.7242,-3.2152,-0.29892,-8.192,19.485,0
0.035589,-3.3178,-0.36456,0.68281,21.715,0
0.41548,-3.523,-0.4508,7.5096,22.362,0
0.035589,-3.9334,-0.49585,-2.9581,23.843,0
0.22554,-3.7026,-0.43793,-7.2818,24.85,0
0.51046,-3.2922,-0.34783,4.7789,24.476,0
-0.53425,-3.7282,-0.30793,6.1442,24.865,0
-0.7242,-4.1129,-0.27447,-5.6889,22.88,0
0.51046,-3.7539,-0.19209,-5.0062,22.736,0
1.5552,-3.8565,-0.064671,7.282,21.672,0
1.4602,-4.2155,0.065325,4.0962,21.441,0
1.2702,-4.4977,0.15027,-7.0542,22.031,0
0.79538,-4.549,0.17473,-2.2755,21.067,0
0.98533,-4.8568,0.1477,7.9647,21.398,0
0.22554,-4.8311,0.18502,0.91037,19.557,0
0.89035,-4.8055,0.25324,-7.7369,18.896,0
1.7451,-5.2159,0.31373,1.5931,18.033,0
1.5552,-5.1133,0.41155,7.0545,17.141,0
-0.24933,-4.549,0.53125,-3.1857,17.946,0
-0.43928,-4.3181,0.56858,-7.9645,17.198,0
-0.15436,-3.9591,0.48492,4.5513,17.889,0
0.22554,-3.9334,0.40383,5.4616,16.724,0
1.0803,-3.8052,0.41155,-7.2818,16.35,0
1.9351,-3.7539,0.48492,-4.5511,16.062,0
1.0803,-4.1129,0.52739,6.8269,15.084,0
0.22554,-4.5233,0.60848,2.2757,15.559,0
0.7004,-4.3438,0.69085,-8.6471,13.962,0
0.7004,-4.0873,0.76936,-2.0479,13.66,0
1.5552,-4.2155,0.84787,7.0545,12.135,0
0.79538,-4.2155,0.94827,-1.1377,10.611,0
0.41548,-3.9847,1.0178,-7.9645,9.7764,0
1.4602,-4.0104,1.0203,2.0482,7.7196,0
1.3652,-4.2412,0.92381,6.8269,7.7052,0
0.22554,-4.4977,0.77837,-3.1857,6.0511,0
-1.1041,-4.4464,0.69857,-6.5991,5.4902,0
-2.0538,-4.3438,0.67927,4.7789,4.3683,0
-1.484,-3.9591,0.6857,4.7789,2.743,0
-0.15436,-3.6769,0.70243,-6.8267,2.4409,0
-0.81917,-3.6,0.78095,-4.3235,0.80119,0
-1.6739,-3.7539,0.90579,7.282,0.94503,0
-1.9589,-3.9078,1.0139,2.2757,-0.45016,0
-0.91415,-3.6769,1.0306,-8.4196,-1.457,0
0.89035,-3.4974,1.0191,-1.3652,-2.1186,0
1.3652,-3.3435,1.113,7.9647,-3.37,0
1.0803,-2.9587,1.2675,-0.45498,-2.8378,0
0.98533,-3.1126,1.3305,-9.3298,-4.0172,0
-0.62923,-3.6513,1.2121,2.2757,-4.0748,0
-0.62923,-3.7026,1.1014,7.0545,-5.3118,0
-0.24933,-3.0613,0.98945,-3.8684,-6.635,0
-2.5287,-2.6766,0.72045,-7.0542,-7.1097,0
-2.6237,-2.3688,0.24552,5.6891,-8.6487,0
-1.1041,-2.1893,-0.26546,4.5513,-8.0158,0
-0.62923,-1.9328,-0.57307,-7.5093,-8.922,0
-0.43928,-1.8045,-0.71594,-3.8684,-8.7638,0
-0.91415,-1.5224,-0.86267,7.282,-9.2528,0
-1.389,-1.3941,-1.0351,1.5931,-10.605,0
-1.484,-1.0094,-1.2668,-7.9645,-10.634,0
-0.24933,-0.57335,-1.5487,0.45525,-12.245,0
0.60543,-0.82984,-1.855,7.282,-11.856,0
-0.34431,-1.2402,-2.1626,-2.2755,-12.489,0
-1.6739,-1.0607,-2.4612,-7.9645,-12.69,0
-2.1488,-0.62465,-2.7045,3.6411,-12.547,0
-2.1488,-0.086014,-2.9825,6.1442,-13.51,0
-1.484,-0.086014,-3.285,-5.6889,-12.849,0
-0.81917,-0.16296,-3.5154,-6.144,-14.028,0
-0.62923,-0.18861,-3.729,5.9167,-13.74,0
0.22554,0.016583,-3.9491,3.6411,-14.028,0
1.3652,-0.11166,-4.1731,-7.7369,-14.575,0
2.03,0.042233,-4.3648,-3.4133,-13.956,0
1.5552,-0.086014,-4.536,7.282,-14.949,0
1.6501,0.067882,-4.6776,0.00013542,-13.956,0
2.125,0.19613,-4.8166,-7.7369,-14.388,0
1.4602,0.19613,-4.9286,1.3655,-13.913,0
-0.91415,0.14483,-4.9415,6.3718,-13.553,0
-3.0985,0.14483,-4.8694,-3.6408,-14.172,0
-2.1488,0.22178,-4.8423,-7.2818,-13.295,0
-1.8639,0.29873,-4.9556,5.4616,-14.229,0
-2.0538,-0.11166,-5.0496,4.5513,-13.395,0
-1.294,0.42697,-5.0328,-7.2818,-13.539,0
-0.7242,1.0169,-4.9028,-3.6408,-13.453,0
0.035589,0.78606,-4.6776,6.8269,-12.806,0
0.60543,0.32437,-4.3867,2.7309,-13.683,0
0.13056,-0.23991,-4.1254,-7.5093,-12.921,0
-0.7242,-0.0090658,-3.9646,-0.45498,-13.769,0
-0.7242,0.22178,-3.832,7.7372,-13.021,0
-0.53425,0.32437,-3.6981,-0.68254,-12.69,0
0.60543,-0.034715,-3.572,-8.4196,-12.518,0
1.8401,0.52957,-3.3751,2.9584,-11.31,0
2.22,1.0169,-2.9825,6.8269,-11.784,0
1.5552,1.2734,-2.4419,-4.0959,-10.648,0
0.32051,1.4786,-2.0494,-7.2818,-11.108,0
0.13056,1.7607,-1.9708,5.4616,-10.547,0
1.2702,1.8377,-1.9734,4.3238,-9.785,0
1.5552,1.889,-1.8717,-7.5093,-9.6268,0
0.89035,2.2224,-1.6903,-4.3235,-7.9583,0
0.13056,2.5302,-1.5023,6.8269,-8.0734,0
-1.294,2.6585,-1.2321,1.8206,-6.7645,0
-2.0538,2.7098,-0.89613,-7.9645,-6.3474,0
-1.579,2.8893,-0.49327,-0.9101,-6.2179,0
-0.059385,2.3763,-0.071106,7.7372,-5.4124,0
-0.24933,1.9659,0.33819,-1.8203,-6.0453,0
-0.24933,1.8633,0.85174,-8.192,-4.7364,0
-1.389,1.7864,1.512,3.4135,-4.794,0
-1.1991,1.7351,2.1079,5.9167,-3.6145,0
-0.7242,1.4016,2.6421,-5.0062,-2.8234,0
-0.059385,1.6581,3.2393,-6.144,-2.8953,0
-0.7242,1.812,3.4735,6.5994,-1.8885,0
-1.1041,1.8377,3.525,3.6411,-2.8378,0
-0.62923,1.8377,3.5327,-7.7369,-2.0611,0
-0.15436,1.889,3.5315,-3.1857,-2.5501,0
0.035589,1.8633,3.5276,6.8269,-2.2337,0
-0.43928,1.8633,3.5315,0.00013542,-1.457,0
-0.7242,1.7607,3.5263,-8.192,-1.9892,0
-0.53425,1.8377,3.5315,1.1379,-0.9392,0
0.13056,1.812,3.5302,7.5096,-1.5721,0
-0.24933,2.0942,4.1686,-2.9581,-0.6803,0
-0.53425,2.9663,6.959,-6.8267,-0.49331,0
-0.62923,3.1201,8.34,5.234,-0.5077,0
-0.62923,3.1714,8.8652,4.5513,0.39846,0
-0.62923,3.5818,9.0544,-5.4613,-0.20565,0
-0.62923,4.1461,9.0209,-3.8684,1.0026,0
-0.62923,4.7104,8.7982,6.8269,0.64298,0
-1.294,5.2234,8.4739,2.0482,0.87311,0
-2.4337,5.1464,8.156,-7.5093,1.1176,0
-2.3388,4.9669,7.9114,0.68281,0.51352,0
-1.1041,5.0182,7.5729,7.282,1.4053,0
-0.81917,5.1464,7.0516,-1.8203,0.47037,0
-0.7242,5.0438,6.5754,-8.6471,1.1464,0
-0.7242,4.9156,6.2614,3.6411,0.80119,0
-1.294,5.0438,5.9872,6.3718,0.67174,0
-1.9589,5.1208,5.6255,-4.7786,0.95941,0
-1.389,4.7617,5.2832,-6.144,-0.018661,0
-0.15436,4.377,4.9588,6.3718,0.54229,0
0.51046,3.7101,4.6371,3.6411,-0.34948,0
0.7004,3.1201,4.2793,-7.7369,-0.004278,0
-0.62923,2.6328,3.9472,-1.8203,-0.14811,0
-0.43928,2.9406,3.6846,7.5096,-0.66591,0
0.22554,3.2227,3.3809,0.45525,0.096406,0
0.13056,2.838,3.0025,-8.8747,-0.79537,0
-0.53425,2.1455,2.6537,0.91037,-0.018661,0
-1.294,1.9916,2.3975,7.7372,-0.73783,0
-1.9589,2.0942,2.1646,-2.503,-0.75222,0
-0.91415,1.812,1.9007,-7.2818,-0.594,0
0.41548,1.0426,1.6201,4.3238,-1.3995,0
-1.389,0.60652,1.3524,4.5513,-0.62276,0
-3.0985,0.42697,1.1259,-6.3715,-1.6152,0
-2.4337,0.70911,0.89807,-5.0062,-1.3132,0
0.22554,0.32437,0.6664,7.7372,-1.4714,0
1.1753,0.093531,0.42314,2.2757,-2.0611,0
-0.43928,0.42697,0.167,-8.4196,-1.5433,0
-1.1041,0.50392,-0.086552,-1.1377,-2.6221,0
-0.7242,0.27308,-0.39545,7.282,-2.0899,0
-0.059385,-0.13731,-0.67475,-1.1377,-2.7947,0
0.41548,-0.4451,-0.83821,-7.9645,-2.8522,0
0.79538,-0.599,-0.85494,3.186,-2.6077,0
0.22554,-0.62465,-0.75584,7.282,-3.4419,0
-1.1041,-0.6503,-0.72366,-4.0959,-2.7084,0
-1.7689,-0.98374,-0.8099,-5.2337,-3.7152,0
-2.3388,-1.3428,-1.0145,5.9167,-3.557,0
-2.3388,-1.6506,-1.3119,3.8687,-3.9597,0
-1.484,-1.5224,-1.5242,-7.9645,-4.607,0
-0.15436,-1.7276,-1.5616,-4.0959,-4.1035,0
0.60543,-1.7532,-1.5448,8.4198,-4.9809,0
1.4602,-1.548,-1.5513,1.5931,-4.1467,0
1.2702,-1.4711,-1.6259,-7.9645,-4.9378,0
0.89035,-1.7276,-1.6967,0.91037,-5.0672,0
0.89035,-2.1636,-1.7327,7.7372,-5.2974,0
0.98533,-2.4201,-1.7842,-1.5928,-6.3186,0
1.9351,-2.3431,-1.7842,-7.5093,-5.6138,0
2.5049,-2.3688,-1.725,3.6411,-6.4337,0
1.6501,-2.7535,-1.6658,6.1442,-5.5275,0
0.41548,-2.7279,-1.6864,-5.2337,-5.6713,0
-1.1041,-2.5996,-1.7456,-5.2337,-5.7289,0
-1.8639,-2.1123,-1.7932,7.282,-5.1679,0
-0.91415,-2.1893,-1.81,2.0482,-5.9878,0
0.89035,-2.5483,-1.8241,-7.7369,-5.2974,0
1.4602,-2.5483,-1.8241,-2.0479,-6.2179,0
1.0803,-2.061,-1.8306,7.5096,-5.6857,0
0.89035,-1.8815,-1.8409,-1.3652,-5.4124,0
0.79538,-2.1123,-1.8383,-8.4196,-5.4412,0
1.4602,-1.8815,-1.8396,3.186,-4.2905,0
1.9351,-1.9328,-1.864,7.282,-4.8515,0
2.22,-2.1123,-1.8717,-4.3235,-3.7152,0
1.5552,-2.2919,-1.8267,-7.0542,-3.9597,0
1.7451,-2.3688,-1.8293,5.9167,-3.6577,0
2.03,-2.138,-1.8447,3.4135,-2.9529,0
1.6501,-2.1893,-1.8512,-7.9645,-3.1542,0
0.22554,-2.1893,-1.8666,-3.4133,-1.7015,0
-0.24933,-1.5993,-1.9335,7.0545,-1.9604,0
0.035589,-1.1889,-1.9966,0.2277,-0.82413,0
1.9351,-0.98374,-2.0249,-9.1023,-0.56523,0
2.4099,-0.90679,-2.0185,0.00013542,-0.3351,0
1.9351,-0.41945,-2.0275,7.282,0.82996,0
2.22,-0.0090658,-2.0262,-1.8203,0.65736,0
2.03,-0.0090658,-2.0223,-7.2818,2.182,0
0.51046,0.27308,-1.9979,3.186,2.0669,0
-0.24933,1.0426,-1.9361,6.8269,3.0882,0
-0.15436,1.0682,-1.8756,-5.0062,3.5916,0
0.22554,0.45262,-1.8293,-6.144,3.2895,0
0.13056,0.29873,-1.8254,5.4616,3.9368,0
0.13056,0.55522,-1.8614,5.234,2.7717,0
-0.34431,0.88866,-1.8936,-6.3715,3.4477,0
-0.7242,0.96561,-1.873,-3.6408,3.0882,0
-0.43928,0.65782,-1.8138,7.282,3.8505,0
-0.62923,0.42697,-1.7649,1.5931,5.2169,0
0.22554,0.47827,-1.7276,-7.2818,5.7922,0
0.13056,0.60652,-1.6658,0.2277,7.8778,0
-1.1991,0.65782,-1.6143,6.8269,7.9354,0
-1.8639,0.63217,-1.6002,-1.8203,9.1867,0
-0.81917,0.58087,-1.5101,-7.2818,9.5032,0
-0.24933,0.29873,-1.4238,5.0064,9.5895,0
0.035589,0.24743,-1.4135,6.3718,10.222,0
1.3652,0.45262,-1.3994,-6.3715,9.3306,0
0.7004,0.37567,-1.3093,-5.4613,9.9203,0
0.7004,0.55522,-1.2359,6.5994,8.6833,0
2.03,0.24743,-1.1806,3.186,8.6258,0
0.98533,-0.0090658,-1.1291,-8.4196,8.2374,0
0.035589,0.45262,-1.0931,-1.8203,7.6045,0
-0.53425,0.99126,-1.0351,7.9647,8.3812,0
-0.62923,1.3247,-0.98623,-0.22742,7.547,0
-0.059385,1.2734,-0.94761,-7.7369,8.2086,0
-0.059385,0.55522,-0.89999,0.68281,7.5902,0
-0.53425,0.24743,-0.80861,7.282,7.245,0
0.035589,0.27308,-0.70307,-2.9581,7.245,0
0.60543,0.29873,-0.63099,-7.7369,6.0799,0
0.79538,0.60652,-0.61297,4.7789,6.7272,0
0.79538,0.83736,-0.60139,5.4616,5.634,0
0.79538,0.96561,-0.54733,-6.144,6.0224,0
0.22554,0.68346,-0.49971,-5.0062,5.7922,0
0.32051,0.37567,-0.50872,5.9167,5.3895,0
0.60543,0.27308,-0.47783,2.9584,6.1087,0
-0.53425,0.60652,-0.42377,-7.7369,5.2169,0
-1.0091,1.4786,-0.41218,-1.8203,5.7347,0
0.89035,1.8633,-0.43278,7.282,4.6991,0
2.4099,2.3507,-0.45981,-1.5928,4.397,0
2.7898,3.0945,-0.50228,-7.9645,4.3683,0
2.03,3.5049,-0.58852,2.9584,3.2176,0
1.0803,3.5818,-0.61555,6.5994,3.5628,0
2.8848,3.7614,-0.49456,-4.3235,2.3258,0
3.5496,3.9409,-0.32209,-5.4613,2.369,0
2.03,4.1205,-0.26803,5.4616,1.5923,0
0.98533,3.8127,-0.3607,4.0962,0.71489,0
0.7004,3.864,-0.43793,-6.5991,1.2039,0
2.125,4.1718,-0.34654,-2.9581,0.31216,0
2.03,4.3,-0.2114,8.1923,1.2183,0
1.2702,4.3257,-0.2114,1.8206,0.38407,0
0.89035,4.2487,-0.28734,-8.4196,0.082022,0
-0.059385,4.0692,-0.29377,-0.22742,-0.4214,0
-1.7689,4.2744,-0.26674,8.4198,-1.7159,0
-2.5287,4.5309,-0.27833,-0.68254,-1.5145,0
-1.0091,4.3513,-0.3105,-7.0542,-2.7084,0
-0.34431,4.0692,-0.35427,3.8687,-2.018,0
0.13056,4.2744,-0.39417,6.5994,-2.2625,0
0.60543,4.5565,-0.37615,-5.2337,-2.2049,0
0.13056,4.4796,-0.30278,-6.8267,-1.7447,0
0.13056,4.5309,-0.22813,6.5994,-3.0248,0
0.7004,4.1205,-0.18952,3.4135,-2.6652,0
0.22554,3.9666,-0.17536,-7.7369,-3.8159,0
-0.24933,4.0948,-0.17407,-2.7306,-3.4131,0
-0.15436,4.5052,-0.15863,7.9647,-3.0679,0
0.89035,4.6848,-0.13546,-0.22742,-3.0679,0
0.51046,4.7873,-0.090413,-8.4196,-2.133,0
0.98533,4.9925,-0.072394,1.1379,-2.8666,0
0.79538,4.8386,-0.16764,7.0545,-1.9317,0
0.22554,4.7617,-0.19724,-4.0959,-2.4638,0
-0.53425,4.8386,-0.10972,-7.7369,-2.1906,0
-0.059385,5.3003,-0.028633,3.8687,-1.7878,0
0.13056,5.5055,-0.074968,5.4616,-2.3488,0
0.89035,5.249,-0.14447,-5.9164,-1.457,0
1.4602,5.0438,-0.12002,-6.3715,-2.2337,0
0.7004,5.6081,-0.054374,6.1442,-1.3995,0
0.13056,5.8646,-0.059523,3.6411,-1.3995,0
1.0803,5.6081,-0.068532,-7.7369,-1.644,0
1.3652,5.0182,-0.068532,-3.4133,-1.0687,0
0.32051,5.1977,-0.049226,7.9647,-1.8885,0
-0.81917,5.6081,-0.033781,0.68281,-0.70906,0
-1.1991,5.5568,-0.073681,-7.7369,-1.1406,0
-0.15436,5.3003,-0.14833,0.00013542,-0.4214,0
-0.059385,5.249,-0.1419,7.282,0.28339,0
0.035589,5.0951,-0.069819,-1.5928,0.24024,0
0.51046,4.8899,-0.033781,-7.5093,1.621,0
0.79538,4.9669,0.0035447,2.9584,1.0601,0
0.035589,4.813,0.056315,5.9167,2.0669,0
0.22554,4.4796,0.094928,-4.0959,1.9087,0
-0.15436,4.3,0.11037,-5.0062,2.4553,0
-0.34431,3.9666,0.12196,6.1442,3.6347,0
-0.53425,3.6588,0.078196,4.0962,3.5197,0
0.035589,3.4792,0.030574,-7.0542,4.6559,0
-0.059385,3.4792,0.069186,-2.0479,3.9224,0
-0.43928,3.4792,0.17344,7.7372,4.5984,0
-0.059385,3.4792,0.29958,1.1379,5.0155,0
0.60543,3.1201,0.34591,-8.4196,5.3751,0
0.60543,2.838,0.34462,0.00013542,6.7559,0
0.13056,2.7867,0.32403,7.282,6.3388,0
0.60543,3.274,0.26868,-3.1857,7.0292,0
1.8401,3.4279,0.19918,-7.9645,5.821,0
1.3652,2.9663,0.15027,3.8687,5.7635,0
1.2702,3.0432,0.17859,6.3718,6.1087,0
0.22554,3.1714,0.27769,-5.0062,6.0224,0
-0.24933,3.7101,0.35106,-5.4613,7.5614,0
-0.81917,3.8383,0.36522,6.3718,7.3169,0
0.035589,3.6075,0.31759,2.9584,8.1943,0
0.60543,3.351,0.33304,-7.5093,8.1367,0
1.4602,3.4023,0.427,-2.503,8.0792,0
1.4602,3.5818,0.47205,6.8269,8.9566,0
1.1753,3.8896,0.35235,-0.45498,8.5107,0
0.32051,4.1461,0.17988,-7.9645,9.8627,0
0.13056,4.4026,0.066612,1.3655,9.6182,0
0.13056,4.6591,0.060177,7.0545,9.8196,0
1.5552,4.7104,0.12711,-2.9581,9.9778,0
2.315,4.5052,0.21591,-7.0542,9.4169,0
2.315,4.6335,0.19918,4.7789,10.755,0
1.0803,4.813,0.12324,4.7789,10.381,0
-0.34431,5.0438,0.039583,-7.0542,11.344,0
-0.62923,5.1721,-0.10071,-3.6408,10.87,0
-0.059385,5.0951,-0.28734,7.5096,10.395,0
0.13056,4.8643,-0.28476,1.8206,10.755,0
-0.34431,4.7873,-0.17793,-8.6471,9.9347,0
-0.62923,4.7873,-0.18308,0.68281,11.028,0
-0.7242,4.7361,-0.18051,8.4198,10.496,0
-0.15436,4.5822,-0.076255,-2.503,11.114,0
-0.15436,3.9666,0.031861,-7.5093,11.459,0
-0.34431,3.8383,0.079483,4.7789,10.884,0
-0.7242,3.5562,0.11938,6.1442,11.574,0
0.7004,3.2227,0.16314,-5.0062,10.654,0
1.3652,3.1201,0.14512,-5.0062,11.287,0
0.41548,3.0945,0.12324,7.282,10.999,0
0.89035,3.0688,0.15671,2.9584,11.013,0
1.3652,2.915,0.12582,-8.192,11.733,0
0.22554,3.0175,0.070473,-2.0479,10.798,0
0.13056,3.0432,0.038296,8.4198,11.157,0
0.60543,2.7354,0.053741,0.68281,9.4744,0
0.035589,2.2737,0.026712,-7.7369,9.273,0
-0.34431,1.6068,-0.074968,1.3655,9.1148,0
0.13056,0.91431,-0.096848,7.282,8.7696,0
1.5552,0.86301,0.0022576,-3.1857,9.6326,0
2.6949,0.68346,0.078196,-8.4196,8.6689,0
2.22,0.29873,0.094928,5.234,9.1867,0
0.7004,-0.034715,0.10265,6.3718,8.2374,0
0.32051,-0.21426,0.093641,-5.9164,7.5614,0
1.2702,-0.4451,0.065325,-5.9164,7.3025,0
0.79538,-0.41945,0.069186,5.9167,6.0224,0
-0.24933,-0.90679,0.12839,3.4135,6.4683,0
-0.53425,-1.3172,0.1773,-7.9645,5.447,0
0.035589,-1.4711,0.24809,-3.1857,6.0224,0
0.13056,-1.9071,0.28542,7.9647,6.0655,0
-0.62923,-1.7019,0.28156,0.45525,5.5477,0
-0.15436,-1.8558,0.27898,-8.192,5.7347,0
0.7004,-2.4201,0.32532,0.45525,4.0806,0
1.5552,-2.8561,0.31502,7.282,3.9655,0
0.7004,-2.9074,0.26997,-2.7306,2.4265,0
-0.43928,-3.2152,0.25581,-8.192,2.369,0
-0.53425,-3.2922,0.32918,3.4135,2.7142,0
0.035589,-3.7026,0.44502,5.4616,2.6423,0
0.13056,-4.0104,0.52868,-5.9164,3.6203,0
-0.53425,-3.4974,0.53383,-5.4613,2.3258,0
0.22554,-3.5743,0.45917,5.9167,2.4553,0
-0.7242,-4.036,0.32918,4.0962,1.5347,0
-1.8639,-4.2925,0.18502,-7.7369,1.0889,0
-0.81917,-4.2925,0.15671,-4.0959,1.6354,0
-0.81917,-4.2668,0.21334,7.5096,1.0169,0
-1.1991,-4.0617,0.26482,0.91037,2.4121,0
-0.91415,-4.2155,0.25453,-8.192,1.9231,0
-1.294,-4.2668,0.2674,0.00013542,2.4553,0
-2.0538,-4.036,0.3266,8.4198,2.3402,0
-2.0538,-4.2668,0.34591,-1.3652,1.506,0
-1.389,-4.3438,0.3073,-7.2818,1.7361,0
-0.81917,-4.6003,0.24294,4.5513,0.57106,0
0.035589,-4.549,0.20433,6.5994,1.621,0
0.035589,-4.8311,0.22364,-5.2337,1.4772,0
-1.1991,-4.8055,0.24423,-5.0062,2.1532,0
-0.7242,-4.6772,0.22621,6.3718,2.4553,0
-0.7242,-4.3438,0.18116,3.6411,1.6067,0
-2.5287,-4.1642,0.098789,-6.8267,1.7361,0
-1.484,-4.1386,-0.0028907,-2.0479,0.067639,0
0.89035,-3.7026,-0.0917,7.9647,0.16832,0
0.7004,-3.5487,-0.17665,-0.45498,-0.39263,0
-0.15436,-3.7539,-0.17793,-8.192,-0.23441,0
0.035589,-3.9591,-0.076255,2.2757,0.59983,0
1.2702,-4.2925,0.057602,6.5994,0.26901,0
1.5552,-4.6003,0.12582,-3.4133,1.3478,0
0.89035,-4.8055,0.13354,-6.8267,0.26901,0
-0.53425,-4.9594,0.12324,3.8687,0.13956,0
-1.0091,-4.7798,0.11166,4.5513,-0.69468,0
-1.579,-4.4464,0.07176,-7.0542,-1.6871,0
-0.81917,-4.7798,0.0048318,-5.9164,-1.1406,0
0.41548,-5.1389,-0.02992,5.9167,-1.7591,0
-0.62923,-4.8824,0.0099801,2.5033,-0.43578,0
-0.62923,-4.8568,0.10909,-8.6471,-0.7666,0
0.22554,-5.0107,0.14384,-2.7306,-0.55085,0
-0.62923,-4.8568,0.083344,7.0545,-0.75222,0
-2.6237,-5.062,0.060177,0.45525,-1.7734,0
-2.1488,-5.062,0.1181,-7.9645,-1.1262,0
-0.53425,-4.7542,0.11938,1.3655,-2.1618,0
1.8401,-4.4207,0.057602,7.282,-1.2988,0
4.1195,-4.0104,-0.017049,-2.503,-1.3563,0
2.8848,-3.8308,-0.081403,-7.0542,-1.457,0
1.2702,-3.7539,-0.086552,4.7789,-0.78098,0
0.79538,-4.0873,-0.063384,6.1442,-1.6728,0
0.79538,-3.9078,-0.054374,-5.4613,-0.78098,0
0.79538,-3.6769,-0.059523,-4.7786,-1.3276,0
0.13056,-3.8308,-0.081403,6.8269,-0.72345,0
-0.43928,-3.9334,-0.1213,3.8687,-0.36386,0
-1.294,-4.1129,-0.12259,-7.0542,-0.57961,0
-1.1041,-3.6,-0.065958,-2.7306,0.74366,0
-1.579,-3.0357,-0.0080391,7.7372,0.16832,0
-1.389,-3.2665,-0.014475,0.91037,0.97379,0
-0.15436,-3.1126,-0.068532,-7.7369,0.12517,0
1.1753,-3.4461,-0.11229,1.1379,-0.3351,0
1.4602,-3.7026,-0.11744,7.7372,-0.076195,0
0.98533,-3.6769,-0.10972,-1.8203,-0.62276,0
-0.059385,-3.7795,-0.10328,-7.2818,0.64298,0
-0.53425,-3.6256,-0.11101,4.3238,0.18271,0
-0.53425,-3.7795,-0.12388,5.9167,1.1176,0
-0.43928,-3.6513,-0.11744,-5.0062,1.1032,0
-1.294,-4.0617,-0.102,-6.144,0.91626,0
-1.7689,-4.1899,-0.092987,5.4616,1.4053,0
-0.81917,-3.8052,-0.087839,3.186,0.36969,0
0.51046,-3.8565,-0.1213,-7.7369,1.0169,0
0.32051,-4.0617,-0.14962,-3.1857,0.31216,0
-0.34431,-3.6,-0.12388,7.282,0.81558,0
-0.7242,-3.2665,-0.072394,0.68281,1.4053,0
-1.1991,-3.3691,-0.028633,-7.2818,1.3909,0
-0.7242,-2.9074,-0.022197,0.68281,2.4409,0
0.51046,-2.7792,-0.037642,7.282,1.6067,0
0.60543,-2.9587,-0.047939,-3.4133,2.2971,0
1.5552,-3.01,-0.046652,-7.7369,1.6067,0
0.7004,-2.6766,-0.046652,4.0962,1.6354,0
-0.43928,-2.3688,-0.096848,5.234,2.1532,0
0.13056,-2.2919,-0.15091,-6.5991,1.6067,0
0.7004,-2.2149,-0.16764,-5.4613,2.7142,0
0.89035,-2.6253,-0.15863,6.5994,1.9806,0
1.4602,-2.9331,-0.11487,3.4135,2.4984,0
1.4602,-3.0357,-0.023484,-7.2818,2.3402,0
0.98533,-2.7022,0.04988,-3.4133,2.0238,0
0.32051,-2.3175,0.094928,7.7372,2.8149,0
0.79538,-1.9584,0.098789,1.3655,2.2683,0
1.9351,-2.1893,0.038296,-7.7369,3.3758,0
0.89035,-2.497,-0.0041778,1.3655,2.8868,0
-0.34431,-2.5227,0.025425,7.7372,3.1888,0
0.13056,-2.1636,0.091067,-2.503,3.4046,0
1.4602,-2.2406,0.14126,-7.2818,2.6854,0
1.3652,-2.3431,0.16186,4.0962,3.4477,0
0.32051,-1.8045,0.1773,6.3718,2.4553,0
0.13056,-2.061,0.1374,-6.144,3.1025,0
2.03,-2.138,-0.02992,-4.5511,3.0162,0
1.8401,-1.8815,-0.22556,6.8269,2.9299,0
0.60543,-1.4454,-0.3105,3.4135,3.6635,0
-0.34431,-1.1633,-0.32209,-6.5991,2.8724,0
-0.7242,-1.112,-0.37357,-1.8203,3.7642,0
0.22554,-1.5737,-0.38773,8.875,3.0162,0
-0.81917,-1.8302,-0.3311,0.45525,3.3183,0
-1.6739,-2.138,-0.23843,-7.9645,3.3327,0
-1.389,-2.4714,-0.16764,0.45525,2.7142,0
-0.81917,-2.5996,-0.099422,7.0545,3.3902,0
-0.7242,-2.2919,-0.081403,-2.503,2.3115,0
-0.7242,-2.061,-0.14833,-7.0542,2.7142,0
0.7004,-2.061,-0.2217,4.0962,1.9662,0
1.2702,-1.8302,-0.23585,5.9167,1.5779,0
-0.34431,-1.3685,-0.24486,-6.5991,1.5635,0
-1.579,-1.2915,-0.26674,-4.7786,0.54229,0
-2.2438,-1.3428,-0.26546,7.0545,1.2615,0
-0.7242,-1.0863,-0.20625,2.5033,0.22586,0
0.51046,-0.98374,-0.102,-8.192,0.75804,0
0.7004,-0.85549,-0.014475,-1.5928,0.42722,0
0.13056,-1.1376,-0.0016037,6.5994,0.15394,0
-0.24933,-1.035,0.034435,0.00013542,0.77243,0
0.13056,-0.80419,0.11037,-8.6471,0.010105,0
0.60543,-1.0863,0.16443,0.68281,0.94503,0
0.035589,-0.6503,0.14126,7.0545,0.082022,0
0.13056,-0.18861,0.079483,-2.2755,0.44161,0
1.5552,-0.29121,0.070473,-7.7369,0.41284,0
0.79538,-0.93244,0.13097,2.9584,-0.061812,0
-0.43928,-0.57335,0.1773,7.0545,0.70051,0
-0.15436,0.11918,0.12067,-5.0062,-0.30633,0
0.60543,0.22178,-0.0080391,-6.5991,0.48476,0
0.035589,-0.086014,-0.10843,6.1442,-0.29195,0
0.22554,-0.4964,-0.12903,4.7789,-0.26318,0
-0.15436,-0.4964,-0.12259,-6.8267,-0.11935,0
0.32051,0.22178,-0.12388,-3.1857,-0.82413,0
0.60543,0.17048,-0.15348,7.5096,-0.14811,0
-0.62923,-0.11166,-0.15863,1.8206,-1.1837,0
-1.1991,-0.34251,-0.15348,-7.9645,-0.72345,0
-0.81917,-0.23991,-0.13417,0.2277,-1.2413,0
0.7004,0.042233,-0.15219,8.1923,-1.5002,0
2.7898,-0.086014,-0.20754,-2.503,-0.98235,0
2.8848,-0.18861,-0.22427,-7.5093,-1.7591,0
1.2702,-0.21426,-0.18694,3.8687,-1.0111,0
1.2702,-0.4964,-0.12259,6.3718,-2.0467,0
1.8401,-0.4964,-0.035068,-5.0062,-2.0036,0
2.315,-0.4451,0.067899,-5.0062,-2.2193,0
2.4099,-0.6503,0.12196,7.282,-2.8378,0
1.5552,-1.1633,0.13225,3.186,-1.9173,0
0.60543,-1.3428,0.055028,-7.5093,-2.6221,0
-0.53425,-1.0607,-0.024771,-2.503,-1.9892,0
-0.53425,-0.75289,-0.019623,7.7372,-2.6508,0
-0.62923,-0.6503,0.07176,0.91037,-3.2837,0
1.2702,-0.4964,0.21463,-8.4196,-3.2549,0
2.03,-0.29121,0.3369,0.2277,-4.1755,0
0.32051,-0.0090658,0.39868,7.0545,-2.9673,0
-0.91415,-0.086014,0.39353,-3.1857,-3.5282,0
-1.389,-0.086014,0.29829,-7.2818,-3.1399,0
-1.484,0.27308,0.10651,4.5513,-3.557,0
-1.1991,0.27308,-0.018336,5.4616,-4.2186,0
-0.34431,0.27308,-0.027345,-6.144,-3.8303,0
0.51046,0.52957,-0.024771,-6.3715,-4.8946,0
1.4602,0.88866,-0.050513,5.6891,-4.2474,0
1.4602,0.73476,-0.094274,2.2757,-5.0672,0
-1.1041,0.93996,-0.06081,-8.192,-4.909,0
-1.579,0.93996,0.0035447,-3.4133,-4.8803,0
-0.24933,0.65782,0.044732,7.5096,-5.585,0
0.60543,0.29873,0.092354,0.45525,-4.8083,0
1.6501,-0.13731,0.12711,-8.4196,-5.6138,0
1.3652,-0.52205,0.14899,1.3655,-4.9522,0
0.22554,-0.77854,0.167,6.5994,-5.283,0
-0.34431,-0.47075,0.16958,-3.8684,-5.5994,0
-1.294,-0.16296,0.13869,-7.7369,-5.0097,0
-0.7242,0.27308,0.067899,4.5513,-5.7576,0
0.41548,0.27308,-0.0028907,5.9167,-4.722,0
0.60543,-0.034715,-0.02992,-5.6889,-5.283,0
1.0803,-0.4451,-0.0041778,-5.6889,-4.8659,0
0.89035,-0.47075,0.015128,5.6891,-4.909,0
0.13056,-0.11166,0.011267,3.186,-5.7289,0
-0.34431,-0.086014,-0.018336,-7.7369,-5.0816,0
-0.62923,-0.086014,-0.02091,-2.7306,-5.9878,0
-0.81917,0.45262,0.0099801,8.4198,-4.9953,0
0.13056,0.78606,0.0022576,1.8206,-5.3261,0
0.7004,0.91431,-0.053087,-7.9645,-5.2686,0
0.98533,0.78606,-0.099422,1.1379,-4.9666,0
0.22554,0.91431,-0.062097,7.0545,-6.0022,0
-1.1041,1.0169,-0.026058,-2.7306,-5.2974,0
-0.62923,0.99126,-0.078829,-7.5093,-6.1748,0
0.51046,1.0169,-0.15477,5.0064,-5.3693,0
0.035589,0.70911,-0.16635,5.234,-5.3261,0
0.13056,0.68346,-0.13417,-6.5991,-5.3693,0
0.51046,0.91431,-0.10071,-4.5511,-4.9378,0
1.4602,0.99126,-0.024771,7.282,-6.1172,0
0.035589,1.0169,0.026712,2.2757,-5.5563,0
-1.0091,0.93996,0.025425,-7.9645,-6.1891,0
1.2702,0.47827,0.039583,-2.0479,-5.7433,0
3.2647,0.27308,0.022851,7.7372,-5.2686,0
2.315,0.47827,-0.041503,0.45525,-5.4412,0
0.7004,0.76041,-0.062097,-7.7369,-4.4488,0
-0.34431,0.76041,-0.0080391,1.8206,-5.2111,0
-1.389,0.88866,0.069186,6.8269,-4.4344,0
-1.389,0.60652,0.14255,-5.0062,-4.7796,0
0.51046,0.093531,0.16958,-7.0542,-4.7796,0
1.0803,-0.13731,0.17859,5.234,-4.42,0
0.98533,-0.21426,0.17344,4.3238,-5.3405,0
0.13056,-0.21426,0.17473,-6.5991,-4.6214,0
0.22554,-0.18861,0.1773,-3.8684,-5.3549,0
0.035589,-0.18861,0.17601,7.282,-4.6501,0
-1.294,-0.21426,0.17473,1.8206,-4.4344,0
-1.389,-0.18861,0.1773,-7.9645,-4.9666,0
-0.91415,-0.21426,0.1374,-0.45498,-4.722,0
-0.62923,-0.52205,-0.024771,7.7372,-6.0165,0
0.035589,-0.85549,-0.040216,-0.9101,-5.3549,0
1.4602,-0.93244,0.04087,-7.7369,-5.9446,0
0.13056,-0.72725,0.12067,3.186,-5.5707,0
-1.389,-0.7016,0.1374,6.1442,-5.0529,0
-2.1488,-0.85549,0.013841,-5.6889,-5.6426,0
-1.389,-0.67595,-0.26031,-5.6889,-4.9234,0
-0.91415,-0.5477,-0.39803,6.5994,-6.146,0
0.22554,-0.31686,-0.24486,3.6411,-5.9015,0
0.60543,-0.21426,0.0035447,-6.8267,-6.3617,0
-0.43928,-0.13731,0.20176,-3.8684,-6.7069,0
-0.62923,0.067882,0.2867,7.7372,-5.9302,0
0.22554,0.19613,0.36393,1.1379,-6.5919,0
0.79538,0.19613,0.47848,-8.192,-5.4268,0
1.4602,0.22178,0.46818,0.68281,-5.9734,0
0.60543,0.50392,0.34848,7.7372,-5.7864,0
-0.15436,0.52957,0.24938,-1.8203,-5.8871,0
-0.15436,0.50392,0.158,-8.192,-6.7501,0
1.2702,1.2734,-0.018336,3.6411,-6.2467,0
0.7004,2.2481,-0.23457,7.0545,-7.2104,0
-0.91415,2.5559,-0.32338,-5.2337,-6.2898,0
-1.1041,2.5815,-0.34912,-5.6889,-6.1028,0
-0.81917,2.402,-0.37743,5.9167,-5.8439,0
-1.294,2.5046,-0.27575,3.6411,-5.3693,0
-1.294,1.9403,-0.10972,-7.0542,-6.5775,0
-0.7242,1.4016,0.024138,-2.0479,-6.146,0
-0.7242,1.5042,0.091067,7.282,-7.383,0
-0.62923,2.1711,0.070473,0.2277,-6.8652,0
0.60543,1.7094,0.048593,-7.9645,-6.6638,0
1.3652,1.376,0.066612,0.91037,-6.5487,0
2.125,1.4786,0.098789,6.8269,-5.4124,0
3.3597,1.1708,0.11295,-2.9581,-6.1172,0
2.315,0.86301,0.12067,-7.7369,-5.4556,0
1.1753,1.2734,0.061464,3.4135,-6.2611,0
0.79538,1.9659,-0.074968,5.4616,-6.333,0
0.89035,2.1968,-0.11744,-5.0062,-5.9734,0
0.79538,2.2737,-0.10457,-6.5991,-6.4912,0
0.22554,2.2994,-0.15605,5.6891,-5.1967,0
-0.53425,2.1455,-0.20754,4.5513,-5.6138,0
0.035589,2.0429,-0.2114,-6.3715,-4.6214,0
-0.15436,2.325,-0.19724,-3.1857,-4.6214,0
-0.43928,2.325,-0.21655,7.9647,-5.0529,0
-0.059385,2.2481,-0.21269,2.0482,-4.5638,0
0.035589,2.3507,-0.25001,-8.192,-5.3261,0
0.035589,2.7867,-0.2809,0.45525,-3.9166,0
0.51046,2.7098,-0.20625,7.0545,-3.9022,0
-0.43928,2.3763,-0.055661,-1.8203,-2.9816,0
-1.1041,2.1198,0.11681,-7.5093,-2.6652,0
-0.91415,1.376,0.30472,3.6411,-3.3125,0
-0.81917,1.0939,0.47333,6.5994,-2.6077,0
0.035589,1.2221,0.5763,-4.5511,-3.6289,0
-0.059385,0.83736,0.566,-6.144,-2.7803,0
-0.53425,1.0426,0.43987,6.5994,-2.7659,0
0.13056,1.5555,0.34848,4.0962,-2.32,0
0.7004,1.4786,0.27898,-6.5991,-1.1837,0
-0.34431,1.5042,0.15413,-3.6408,-1.7159,0
-1.0091,1.7094,-0.059523,7.7372,-1.1118,0
-0.81917,2.2994,-0.34912,1.1379,-2.32,0
0.035589,3.1458,-0.58852,-7.5093,-2.32,0
-1.0091,3.4279,-0.5898,0.68281,-1.9604,0
-1.1991,3.1714,-0.40961,7.282,-1.6152,0
0.035589,2.7867,-0.18051,-2.9581,-0.004278,0
-0.059385,2.2737,0.025425,-7.5093,-0.45016,0
0.22554,1.7351,0.10265,3.8687,0.22586,0
-0.059385,1.5812,0.075622,5.9167,-0.80975,0
-1.1991,2.0942,0.013841,-5.9164,-1.6008,0
-0.53425,2.3763,0.042157,-6.3715,-1.3419,0
0.41548,2.0429,0.15671,6.3718,-1.644,0
0.89035,1.5299,0.25453,3.6411,-0.018661,0
0.7004,1.4529,0.27898,-8.6471,-0.10496,0
0.79538,1.4016,0.28542,-2.503,1.0313,0
0.22554,1.1708,0.3768,7.282,0.80119,0
0.035589,1.0426,0.48234,-0.68254,-0.033045,0
0.60543,1.0939,0.46046,-7.9645,-0.32071,0
0.13056,1.3247,0.37165,1.1379,-1.8597,0
-0.34431,1.376,0.32403,6.5994,-1.2125,0
-0.43928,0.78606,0.35363,-4.0959,-1.6728,0
-1.1991,0.47827,0.41284,-7.0542,-0.78098,0
-1.389,0.73476,0.5068,4.7789,-0.076195,0
-0.34431,1.0682,0.50937,4.3238,-0.36386,0
1.2702,1.2734,0.36007,-6.8267,-0.047428,0
0.89035,1.2734,0.22364,-5.2337,-1.644,0
-0.81917,2.0942,0.12839,6.8269,-1.4426,0
-0.62923,3.0945,-0.0028907,2.9584,-2.1906,0
1.1753,3.4023,-0.21011,-8.6471,-2.0036,0
2.125,3.4023,-0.30922,-1.3652,-1.1262,0
0.89035,2.7867,-0.20368,7.9647,-1.0399,0
-0.34431,2.0172,0.007406,0.00013542,0.72928,0
-1.484,1.0426,0.30601,-8.192,0.35531,0
-1.294,-0.13731,0.57373,2.5033,0.87311,0
-0.91415,-0.52205,0.61105,7.5096,0.28339,0
-1.1041,-0.5477,0.52095,-2.9581,-0.66591,0
-0.7242,-0.52205,0.45403,-6.3715,-0.37825,0
0.41548,0.19613,0.25968,5.234,-1.1837,0
-0.34431,1.5042,-0.19209,4.5513,0.19709,0
-1.7689,2.6072,-0.61555,-7.2818,0.42722,0
-1.484,2.8637,-0.69148,-3.6408,1.1752,0
-0.24933,2.0942,-0.43407,7.282,1.7505,0
0.60543,1.0426,-0.095561,2.0482,0.84434,0
-0.7242,0.55522,0.07176,-7.5093,1.1895,0
-0.43928,-0.060364,0.11423,-0.22742,-0.076195,0
0.98533,-0.6503,0.097502,7.282,0.24024,0
1.4602,-0.29121,-0.083977,-3.1857,0.15394,0
1.0803,0.29873,-0.36842,-7.2818,0.19709,0
1.5552,0.58087,-0.53703,4.3238,1.2183,0
0.7004,0.68346,-0.48169,5.4616,0.64298,0
-0.24933,0.78606,-0.35169,-5.4613,1.4628,0
-0.53425,0.37567,-0.33367,-5.4613,0.67174,0
0.22554,0.14483,-0.36714,5.4616,0.68613,0
0.7004,-0.36816,-0.3414,2.7309,0.71489,0
0.60543,-0.5477,-0.32338,-7.5093,0.12517,0
1.3652,-0.18861,-0.31694,-2.503,1.1176,0
0.7004,0.24743,-0.27575,7.0545,0.45599,0
-0.15436,-0.034715,-0.2011,-0.9101,1.3334,0
0.79538,-0.4964,-0.12645,-7.7369,1.0169,0
1.4602,-0.93244,-0.024771,1.1379,0.77243,0
1.6501,-1.5993,0.10394,6.3718,1.0457,0
1.0803,-1.7276,0.17988,-3.8684,0.18271,0
0.41548,-1.4967,0.11037,-6.8267,1.132,0
-0.34431,-1.1376,0.056315,5.0064,0.36969,0
-0.62923,-1.112,0.061464,4.5513,1.0457,0
-0.7242,-1.3172,0.21077,-6.8267,1.1752,0
-0.059385,-1.7789,0.45789,-3.6408,0.93064,0
-0.15436,-2.1893,0.70887,7.0545,1.7936,0
0.32051,-2.7535,0.86718,1.1379,1.0169,0
0.79538,-2.5996,0.85817,-7.5093,2.0525,0
0.79538,-1.6763,0.68956,-1.1377,1.6067,0
0.79538,-0.599,0.44502,7.5096,2.0813,0
0.32051,0.042233,0.15928,-1.3652,2.5704,0
-1.0091,0.11918,-0.080116,-8.192,2.2108,0
-1.294,-0.16296,-0.17279,2.5033,3.2751,0
-0.24933,-0.5477,-0.14061,7.282,2.5128,0
0.32051,0.11918,-0.11101,-3.8684,3.1457,0
-0.53425,0.22178,-0.102,-6.5991,2.8724,0
-0.91415,-0.4451,-0.0041778,5.9167,2.5416,0
-0.059385,-1.4711,0.1773,5.6891,3.0162,0
-0.059385,-2.138,0.31631,-7.2818,2.1388,0
0.22554,-2.497,0.31116,-5.0062,2.9875,0
0.7004,-2.138,0.17215,7.282,2.0669,0
0.79538,-1.1376,0.062751,2.9584,2.2683,0
-0.15436,-1.3685,0.061464,-7.7369,2.2971,0
-1.1991,-2.0097,0.21591,-1.1377,1.7217,0
-0.7242,-2.3688,0.41155,7.282,2.4697,0
-0.059385,-2.0867,0.53769,-1.3652,1.4916,0
2.03,-2.1123,0.54026,-8.4196,2.1532,0
2.03,-1.4967,0.38066,3.4135,1.808,0
1.6501,-0.599,0.047306,5.6891,1.7505,0
2.6949,-0.34251,-0.22298,-5.6889,2.2683,0
2.22,-0.52205,-0.24486,-6.144,1.506,0
1.3652,-0.98374,-0.099422,5.4616,2.4409,0
0.7004,-1.5993,0.18116,4.5513,1.6786,0
0.89035,-1.8302,0.42828,-7.7369,2.0957,0
0.13056,-2.2919,0.56214,-4.0959,2.0957,0
-1.0091,-3.0613,0.66253,7.0545,1.7793,0
-1.1041,-2.8561,0.7256,0.45525,2.5704,0
0.035589,-2.4201,0.63808,-8.6471,2.0094,0
-0.059385,-2.2149,0.45917,-0.45498,3.0594,0
-0.7242,-1.8558,0.34977,7.5096,2.6998,0
-0.7242,-1.5224,0.34977,-2.2755,3.0882,0
-0.81917,-1.3941,0.37165,-8.6471,3.534,0
-1.484,-1.4198,0.36264,3.4135,3.1169,0
0.035589,-1.3941,0.24037,6.1442,4.2244,0
0.89035,-1.2915,0.047306,-5.4613,3.6635,0
1.7451,-0.82984,-0.12388,-6.3715,4.5409,0
1.4602,-0.6503,-0.12388,6.3718,4.4402,0
1.0803,-0.4964,-0.065958,4.3238,4.3539,0
0.7004,0.016583,-0.15605,-7.2818,5.0299,0
1.3652,0.42697,-0.2912,-3.6408,4.1957,0
2.03,0.29873,-0.29892,8.1923,5.1306,0
0.22554,-0.11166,-0.30278,1.8206,4.4114,0
-1.0091,-0.52205,-0.3015,-7.9645,4.7854,0
0.035589,-0.77854,-0.23328,-0.45498,4.7279,0
0.035589,-0.57335,-0.17793,6.5994,3.9943,0
1.5552,-0.0090658,-0.25387,-1.8203,4.6703,0
1.7451,-0.086014,-0.28991,-6.5991,3.7066,0
1.0803,-0.90679,-0.17279,4.7789,4.6991,0
1.4602,-1.2146,-0.032494,4.7789,4.3107,0
1.5552,-0.93244,0.033148,-6.8267,4.2101,0
0.89035,-1.1889,0.12453,-4.7786,4.3107,0
0.13056,-1.3685,0.20304,6.5994,2.9731,0
0.13056,-1.5224,0.28928,2.2757,3.3183,0
0.13056,-1.9328,0.40769,-8.192,1.9806,0
0.32051,-1.6763,0.56858,-2.503,2.1532,0
0.60543,-1.5993,0.57244,7.282,1.8368,0
-0.059385,-0.88114,0.33175,0.68281,1.3478,0
-0.43928,-0.086014,0.087205,-8.4196,1.7936,0
-0.24933,-0.034715,-0.12645,1.1379,0.47037,0
0.41548,0.40132,-0.38387,7.282,0.84434,0
0.79538,0.78606,-0.51,-3.4133,-0.3351,0
0.13056,0.35002,-0.34912,-7.5093,-0.594,0
0.32051,-0.4964,-0.071106,3.6411,-0.63715,0
0.79538,-1.0607,-0.019623,4.5513,-1.457,0
1.4602,-0.67595,-0.24872,-6.3715,-0.72345,0
1.4602,0.17048,-0.54218,-4.7786,-1.6152,0
0.89035,0.042233,-0.64644,6.8269,-1.1981,0
0.7004,-0.90679,-0.45852,2.2757,-1.7303,0
0.89035,-1.3172,-0.13289,-7.7369,-2.133,0
0.79538,-1.1376,0.11037,-2.2755,-1.8454,0
1.4602,-1.0094,0.17988,7.282,-2.809,0
0.79538,-1.1376,0.093641,0.00013542,-1.9892,0
0.32051,-0.21426,-0.058236,-8.192,-2.881,0
0.79538,0.067882,-0.18308,1.5931,-2.4638,0
0.13056,-0.47075,-0.20496,6.3718,-2.5789,0
-1.1041,-0.7016,-0.17407,-3.4133,-2.9097,0
-2.0538,-0.4451,-0.13675,-6.5991,-2.2337,0
-2.2438,-0.34251,-0.062097,4.5513,-3.0536,0
-0.81917,-0.82984,0.037009,5.9167,-2.133,0
-0.34431,-1.2659,0.096215,-5.9164,-2.6364,0
-0.43928,-1.2146,0.065325,-5.0062,-1.9604,0
-0.53425,-0.57335,0.0048318,7.5096,-1.3563,0
1.4602,-0.23991,-0.10843,3.4135,-1.3563,0
1.8401,0.22178,-0.30536,-7.2818,0.038872,0
1.3652,1.0169,-0.48812,-1.8203,-0.40701,0
0.79538,0.93996,-0.47525,7.7372,0.85873,0
0.32051,0.22178,-0.36842,0.2277,0.68613,0
-0.53425,0.24743,-0.37615,-7.9645,0.88749,0
-0.43928,1.0426,-0.51644,1.8206,1.5491,0
0.035589,1.3503,-0.58465,7.282,1.0169,0
0.51046,1.0426,-0.51258,-3.4133,2.0957,0
0.13056,0.45262,-0.33625,-6.5991,1.3621,0
0.22554,0.22178,-0.10457,5.234,1.9231,0
1.3652,0.093531,0.096215,5.9167,1.8799,0
1.2702,-0.4451,0.18245,-7.0542,1.3334,0
0.89035,-0.7016,0.16572,-4.5511,1.995,0
0.79538,-0.4451,0.13998,7.0545,0.97379,0
2.03,-0.5477,0.17215,2.5033,1.7793,0
2.7898,-0.4964,0.22879,-7.9645,0.97379,0
0.51046,-0.23991,0.16443,-2.503,0.88749,0
-0.43928,0.016583,0.017703,7.5096,0.90188,0
1.6501,0.35002,-0.11873,0.2277,0.010105,0
2.6949,1.0939,-0.25516,-8.192,0.48476,0
1.9351,1.376,-0.40318,2.0482,-0.7666,0
1.0803,1.2477,-0.45852,6.8269,-0.53646,0
-0.059385,0.32437,-0.40446,-3.8684,-1.2269,0
-0.43928,0.27308,-0.37357,-7.5093,-1.644,0
-0.7242,0.63217,-0.35941,3.6411,-1.4858,0
-0.15436,0.37567,-0.28219,4.7789,-2.6221,0
0.60543,0.016583,-0.17665,-7.2818,-1.9748,0
0.79538,0.17048,-0.13417,-4.5511,-3.0392,0
0.22554,0.70911,-0.21912,6.8269,-2.9529,0
-0.43928,0.65782,-0.3311,2.7309,-3.1974,0
0.60543,0.60652,-0.30793,-7.2818,-4.0316,0
0.60543,0.63217,-0.18437,-2.0479,-3.4851,0
-0.43928,0.73476,-0.069819,7.0545,-4.6357,0
0.035589,0.32437,-0.0016037,-0.45498,-4.1323,0
0.60543,-0.034715,0.034435,-8.8747,-4.9953,0
0.22554,0.093531,0.08978,2.0482,-5.3549,0
-0.43928,0.22178,0.16057,7.0545,-5.3837,0
-0.7242,0.32437,0.11037,-4.3235,-6.5487,0
-1.1991,0.81171,-0.064671,-5.6889,-6.0309,0
-1.1991,1.3503,-0.33496,6.8269,-7.3686,0
-1.579,1.7607,-0.53961,4.7789,-7.0234,0
-0.62923,1.7607,-0.51515,-6.8267,-7.383,0
-0.24933,1.4273,-0.33496,-3.6408,-8.0158,0
0.13056,0.88866,-0.19853,7.5096,-7.6275,0
0.7004,0.68346,-0.18051,2.2757,-8.7494,0
0.035589,0.70911,-0.23328,-7.5093,-8.2028,0
-0.7242,1.2477,-0.32338,-0.45498,-8.8788,0
0.035589,1.4786,-0.36199,7.282,-8.9364,0
0.41548,1.5555,-0.26932,-0.9101,-8.8213,0
0.13056,1.1965,-0.081403,-7.7369,-9.6268,0
0.79538,0.78606,0.037009,3.186,-8.9076,0
1.3652,0.81171,0.046019,6.8269,-10.173,0
0.32051,0.52957,-0.0016037,-5.4613,-9.8281,0
-0.62923,0.52957,-0.096848,-5.4613,-10.403,0
-0.62923,0.55522,-0.20239,6.8269,-10.677,0
-1.294,0.65782,-0.22041,2.5033,-10.159,0
-1.9589,0.86301,-0.14576,-8.192,-11.065,0
-0.91415,1.0169,-0.038929,-1.5928,-10.245,0
-1.0091,1.2734,0.011267,7.0545,-11.281,0
-2.4337,0.86301,0.015128,-1.8203,-11.036,0
-0.62923,0.63217,0.015128,-7.0542,-11.252,0
1.1753,0.70911,-0.014475,2.2757,-11.885,0
0.13056,1.0682,-0.0518,6.3718,-11.137,0
-0.34431,1.8633,-0.10714,-4.7786,-11.569,0
-0.059385,1.889,-0.11744,-6.8267,-10.245,0
0.035589,1.8633,-0.080116,5.6891,-9.9576,0
-0.53425,1.6325,-0.080116,3.4135,-9.4829,0
-1.8639,1.9916,-0.13031,-7.7369,-8.9364,0
-1.8639,1.8377,-0.13546,-3.4133,-9.785,0
-1.7689,1.3247,-0.074968,7.5096,-8.9795,0
-1.1991,1.0169,-0.017049,0.68281,-9.9432,0
-0.81917,0.96561,0.017703,-8.4196,-9.109,0
-0.62923,1.0426,0.025425,0.00013542,-8.8213,0
-0.7242,1.1965,0.0061189,7.5096,-8.5336,0
-0.059385,0.73476,0.0061189,-1.8203,-7.498,0
-0.15436,0.42697,0.0099801,-7.2818,-8.059,0
-1.1041,0.29873,0.017703,4.0962,-6.9946,0
-1.1991,0.35002,-0.0028907,5.6891,-7.6563,0
-0.24933,0.042233,-0.036355,-6.3715,-7.5412,0
0.51046,-0.13731,-0.041503,-4.7786,-7.3254,0
0.13056,-0.16296,-0.022197,7.0545,-7.8289,0
-1.0091,-0.18861,-0.0041778,2.9584,-6.5487,0
-0.43928,-0.23991,-0.050513,-7.0542,-6.8795,0
0.41548,-0.4451,-0.14061,-1.8203,-5.4412,0
0.7004,-0.086014,-0.19853,7.7372,-5.2542,0
-0.34431,0.86301,-0.17793,0.00013542,-5.1967,0
-1.0091,1.0169,-0.16249,-8.192,-4.7796,0
-0.7242,0.88866,-0.17793,1.5931,-5.8727,0
-0.62923,0.99126,-0.23972,6.8269,-5.2686,0
0.89035,1.2221,-0.36585,-4.3235,-6.2035,0
1.1753,0.73476,-0.41218,-6.8267,-5.8439,0
0.22554,0.27308,-0.34783,4.3238,-5.9159,0
-0.34431,-0.034715,-0.28348,5.234,-6.5487,0
-0.15436,0.093531,-0.24358,-6.8267,-6.0309,0
-0.059385,0.24743,-0.20754,-4.0959,-7.2967,0
-1.1991,0.067882,-0.19081,6.8269,-6.6494,0
-1.1041,-0.29121,-0.13031,2.2757,-6.7213,0
-0.62923,-0.26556,-0.058236,-8.6471,-5.9878,0
-0.81917,-0.18861,-0.0028907,-1.8203,-4.794,0
-1.389,-0.18861,0.043444,7.5096,-5.2542,0
-2.0538,-0.4964,0.034435,-1.3652,-4.5063,0
-3.3835,-0.6503,0.024138,-7.5093,-6.1891,0
-2.7186,-0.85549,0.046019,3.186,-6.52,0
-0.059385,-0.75289,0.084631,5.6891,-7.0809,0
1.0803,-0.85549,0.11552,-5.2337,-7.7282,0
0.22554,-0.7016,0.10651,-5.4613,-6.9227,0
0.13056,-0.599,0.074335,6.1442,-7.8864,0
1.2702,-0.5477,0.061464,4.5513,-7.6275,0
0.79538,-0.29121,0.074335,-7.2818,-8.8501,0
0.41548,0.11918,0.017703,-2.503,-9.1665,0
-0.059385,0.47827,-0.11744,7.7372,-8.7925,0
0.32051,0.55522,-0.17922,0.91037,-8.5336,0
0.51046,0.60652,-0.19467,-8.192,-6.1604,0
1.4602,0.63217,-0.20368,0.91037,-5.4124,0
0.79538,0.42697,-0.19338,7.9647,-3.6864,0
0.32051,-0.23991,-0.062097,-2.7306,-3.5282,0
0.51046,-0.5477,0.042157,-6.8267,-3.7871,0
1.5552,-0.67595,-0.013187,5.234,-3.5426,0
1.4602,-0.93244,-0.10457,5.234,-4.7796,0
1.0803,-0.95809,-0.13031,-6.3715,-4.5063,0
1.4602,-0.7016,-0.13932,-5.2337,-6.1316,0
2.125,-0.67595,-0.15863,7.0545,-6.4912,0
0.79538,-0.85549,-0.13031,3.186,-6.9515,0
-0.15436,-0.90679,-0.074968,-8.192,-7.4405,0
-1.294,-0.57335,-0.02091,-1.5928,-6.4337,0
-1.8639,-0.72725,0.037009,7.5096,-6.9946,0
-0.7242,-0.6503,0.094928,0.00013542,-6.0022,0
-0.24933,-0.34251,0.13869,-8.4196,-6.5775,0
0.22554,-0.3938,0.15671,2.2757,-6.52,0
1.4602,-0.72725,0.16057,7.0545,-6.3617,0
1.4602,-0.90679,0.12968,-2.7306,-7.0234,0
1.0803,-0.72725,0.088493,-7.2818,-5.9446,0
0.7004,-0.7016,0.022851,5.0064,-6.5919,0
0.89035,-0.90679,-0.010613,5.4616,-5.5707,0
0.89035,-0.95809,0.007406,-6.3715,-5.5563,0
0.7004,-0.80419,0.070473,-5.2337,-5.3837,0
-0.059385,-1.1633,0.1773,6.8269,-4.5207,0
-0.53425,-1.3685,0.25581,2.5033,-4.794,0
0.035589,-1.3941,0.2275,-8.8747,-3.0392,0
-0.059385,-1.112,0.15413,-2.0479,-2.8666,0
0.32051,-1.2402,0.064038,7.7372,-1.457,0
0.13056,-1.0094,-0.046652,0.2277,-0.69468,0
-0.53425,-0.47075,-0.11744,-7.2818,-0.36386,0
-1.294,-0.34251,-0.076255,1.5931,0.85873,0
-0.62923,-0.93244,0.033148,7.282,0.22586,0
0.60543,-1.6506,0.20304,-3.6408,0.94503,0
0.7004,-2.0354,0.39482,-7.5093,-0.004278,0
1.4602,-1.9841,0.45016,4.0962,-0.11935,0
1.2702,-1.8302,0.37937,5.6891,0.11079,0
0.22554,-1.625,0.31245,-5.9164,-0.19126,0
-1.1991,-1.625,0.29057,-4.7786,1.2039,0
-1.1041,-1.625,0.24294,7.5096,0.91626,0
-0.81917,-1.6763,0.14899,3.186,2.0669,0
-0.059385,-1.7532,0.027999,-7.7369,2.0094,0
0.60543,-1.5224,-0.02091,-1.1377,2.0094,0
0.7004,-1.4967,0.030574,8.4198,2.5416,0
1.4602,-1.8815,0.088493,0.00013542,1.9519,0
1.5552,-2.4201,0.13354,-7.5093,3.1025,0
1.1753,-2.6253,0.20304,2.5033,2.671,0
0.98533,-2.5996,0.27255,7.282,3.3902,0
0.32051,-2.2406,0.25453,-3.8684,3.534,0
0.035589,-1.9071,0.23522,-6.5991,3.0162,0
0.22554,-1.5737,0.27126,5.4616,3.4909,0
0.32051,-1.5224,0.33433,6.1442,2.0669,0
1.2702,-2.0867,0.36908,-6.3715,2.3978,0
1.8401,-2.8305,0.38581,-3.8684,1.4484,0
1.6501,-2.9074,0.39997,7.7372,1.0313,0
1.1753,-2.2919,0.36522,2.2757,0.98818,0
0.89035,-1.7276,0.29185,-7.2818,-0.27756,0
1.5552,-1.8815,0.24423,0.00013542,0.35531,0
2.8848,-2.2919,0.22492,7.5096,-0.55085,0
1.4602,-2.2919,0.19146,-2.2755,-0.1625,0
-0.15436,-1.9328,0.14899,-7.9645,-0.57961,0
-0.059385,-1.9328,0.069186,2.9584,-1.3851,0
0.13056,-2.4714,0.025425,6.3718,-1.1406,0
0.13056,-2.7535,0.022851,-4.7786,-2.507,0
1.9351,-2.1636,0.087205,-5.2337,-2.1043,0
2.6949,-1.9841,0.26096,5.6891,-3.0536,0
1.0803,-2.4201,0.41799,3.4135,-3.2693,0
1.0803,-2.6509,0.46561,-8.192,-3.2549,0
2.5049,-2.5483,0.45403,-3.8684,-4.2042,0
2.8848,-2.1123,0.427,7.0545,-3.6001,0
0.41548,-2.0097,0.36908,0.68281,-4.5351,0
-1.389,-2.2919,0.30344,-6.8267,-4.0604,0
-1.0091,-2.0354,0.24938,0.68281,-4.1611,0
0.32051,-1.6506,0.19532,7.0545,-4.4488,0
0.32051,-2.0097,0.1477,-3.4133,-3.672,0
-0.53425,-1.8815,0.096215,-7.0542,-4.2186,0
-1.1041,-1.5737,0.025425,4.3238,-2.9816,0
-1.294,-1.8302,-0.0518,5.9167,-3.0536,0
-1.389,-2.3944,-0.06081,-5.6889,-1.9892,0
-2.0538,-2.3688,-0.024771,-5.4613,-0.89605,0
-0.81917,-1.1633,-0.055661,7.0545,-0.20565,0
-1.0091,-0.52205,-0.1213,3.6411,1.7073,0
-1.294,-0.90679,-0.085264,-7.9645,1.2471,0
-0.15436,-1.625,0.035722,-1.8203,1.8512,0
-1.0091,-2.0354,0.16829,8.1923,1.1752,0
-1.1991,-1.8302,0.27641,0.2277,1.4772,0
0.13056,-1.3172,0.37037,-8.4196,3.3614,0
0.035589,-1.3685,0.43729,1.3655,4.4977,0
-1.294,-1.4454,0.43858,7.5096,7.1299,0
-1.294,-1.5737,0.32918,-3.4133,7.3888,0
-0.81917,-1.2146,0.19403,-6.8267,7.9354,0
0.035589,-1.112,0.12582,4.5513,7.1587,0
0.035589,-1.4711,0.079483,5.4616,5.821,0
-1.8639,-1.5224,0.030574,-6.8267,5.9648,0
-2.5287,-1.3428,-0.0080391,-5.0062,5.0443,0
-0.7242,-1.0607,-0.065958,7.282,6.5258,0
0.32051,-0.7016,-0.12645,3.4135,7.0292,0
0.13056,-0.4964,-0.102,-7.9645,8.2806,0
0.035589,-0.34251,-0.040216,-2.9581,9.3018,0
0.7004,-0.4964,0.062751,7.7372,8.9134,0
0.79538,-0.29121,0.15156,0.2277,9.9922,0
0.89035,-0.41945,0.14384,-8.6471,9.3737,0
0.13056,-0.21426,-0.035068,0.91037,10.323,0
-0.34431,0.27308,-0.26803,6.8269,10.251,0
0.7004,-0.034715,-0.30278,-3.4133,10.107,0
0.32051,-0.3938,-0.12516,-6.8267,10.496,0
-0.34431,-0.0090658,0.024138,4.0962,9.086,0
0.035589,0.14483,-0.006752,5.0064,9.0285,0
-0.24933,0.27308,-0.13546,-6.5991,7.1299,0
-0.24933,0.55522,-0.27061,-6.8267,6.2813,0
-0.53425,0.68346,-0.31437,5.4616,5.1594,0
-0.62923,-0.29121,-0.21655,3.4135,3.2608,0
-1.1991,-1.3941,-0.10328,-8.192,2.8436,0
-0.62923,-1.8045,0.0048318,-3.1857,1.0169,0
1.1753,-2.061,0.12453,7.5096,0.98818,0
1.4602,-1.8815,0.2172,1.3655,-0.10496,0
0.32051,-1.5224,0.23007,-7.0542,-0.66591,0
-1.1041,-1.1376,0.19146,-0.22742,-0.69468,0
-2.5287,-0.90679,0.13611,8.6474,-1.8597,0
-1.294,-0.41945,0.055028,-1.3652,-1.644,0
-1.1991,0.042233,-0.026058,-7.7369,-2.996,0
-1.1991,-0.086014,-0.013187,2.9584,-2.7515,0
-0.15436,-0.13731,0.057602,6.3718,-2.8378,0
0.035589,-0.18861,0.13998,-4.5511,-2.7659,0
-0.34431,-0.11166,0.15285,-6.3715,-1.6584,0
-0.43928,0.14483,0.07176,6.8269,-2.4351,0
0.60543,0.47827,-0.027345,3.8687,-2.1474,0
0.60543,0.55522,-0.081403,-7.2818,-3.6145,0
-1.0091,0.32437,-0.037642,-1.3652,-4.2474,0
-2.6237,0.27308,0.022851,8.4198,-4.1611,0
-2.1488,0.35002,-0.0028907,0.91037,-4.6357,0
-0.53425,0.016583,-0.067245,-7.9645,-3.3125,0
0.41548,-0.3938,-0.13031,0.45525,-3.9597,0
-0.34431,-0.29121,-0.14704,6.8269,-3.5282,0
-1.6739,-0.13731,-0.14447,-2.9581,-4.3768,0
-2.2438,0.067882,-0.14962,-7.2818,-5.5707,0
-2.9086,0.22178,-0.17021,3.6411,-5.4844,0
-1.484,0.50392,-0.20368,5.6891,-6.4049,0
0.22554,0.65782,-0.20368,-5.4613,-4.8659,0
-0.7242,0.63217,-0.15348,-5.2337,-4.4775,0
-1.1041,0.63217,-0.087839,6.5994,-3.183,0
-0.15436,0.65782,-0.015762,3.6411,-2.2337,0
-0.15436,0.86301,0.01899,-7.7369,-2.507,0
-0.53425,1.0169,-0.04279,-1.8203,-1.6152,0
-0.7242,1.0426,-0.13417,8.6474,-2.3775,0
-0.62923,1.2477,-0.102,-0.68254,-1.4282,0
-0.62923,1.0169,0.022851,-8.192,-1.2413,0
-0.7242,0.55522,0.043444,1.3655,-0.72345,0
-1.9589,0.96561,-0.02992,7.0545,0.41284,0
-1.8639,1.5042,-0.062097,-4.3235,0.12517,0
0.035589,1.5812,-0.089126,-7.0542,1.4053,0
1.6501,1.7864,-0.10586,4.7789,0.74366,0
0.22554,1.8633,-0.10071,4.3238,1.4197,0
-0.7242,2.1455,-0.1316,-6.8267,1.621,0
0.035589,2.2224,-0.18694,-3.8684,1.5347,0
1.9351,2.2481,-0.23328,7.0545,2.6854,0
1.9351,2.2737,-0.16635,1.1379,2.3834,0
1.2702,2.2994,-0.065958,-8.192,3.6203,0
0.7004,2.6841,-0.10972,0.45525,3.4334,0
0.32051,3.1971,-0.19338,7.282,3.6203,0
-0.62923,3.1458,-0.13675,-2.503,4.0375,0
-0.62923,3.0945,-0.047939,-7.5093,3.419,0
0.60543,2.915,0.017703,3.6411,4.5121,0
1.3652,2.8124,0.074335,6.3718,4.0231,0
-0.34431,2.5815,0.1181,-5.0062,5.0874,0
-1.484,2.6072,0.12582,-5.4613,5.3607,0
-1.1041,2.7354,0.14641,7.282,5.3607,0
-0.34431,3.1201,0.158,3.4135,6.1374,0
-1.294,3.4536,0.11166,-6.8267,5.3895,0
-1.8639,3.1201,0.05889,-2.503,6.195,0
0.035589,3.4792,-0.022197,7.0545,5.5046,0
0.79538,4.0435,-0.16249,1.1379,5.9936,0
-0.34431,3.9153,-0.33753,-7.7369,5.9505,0
-1.294,3.351,-0.49842,0.68281,4.7566,0
-0.059385,3.1458,-0.56664,7.9647,4.7279,0
0.51046,2.6841,-0.38258,-2.2755,3.8505,0
1.3652,2.1968,-0.10457,-7.2818,5.6484,0
1.3652,2.325,0.043444,3.6411,6.497,0
-0.24933,1.7094,0.013841,6.1442,7.734,0
-1.1041,1.3247,-0.074968,-5.0062,8.784,0
0.51046,1.6325,-0.090413,-7.0542,8.0936,0
1.3652,1.812,-0.081403,5.6891,8.6833,0
0.41548,2.1455,-0.10586,4.3238,7.5902,0
0.79538,2.3507,-0.19982,-6.3715,7.9066,0
0.60543,2.4789,-0.24486,-4.0959,7.9497,0
-1.7689,2.2481,-0.21912,7.5096,7.6621,0
-1.9589,1.7094,-0.2114,1.8206,8.3812,0
-0.43928,1.5299,-0.23843,-7.9645,7.1587,0
0.41548,1.7351,-0.23199,-1.3652,7.2881,0
0.13056,1.9146,-0.20754,7.5096,5.8066,0
-0.53425,2.1711,-0.1612,-1.5928,5.145,0
-0.059385,2.2737,-0.046652,-8.4196,5.0587,0
0.60543,2.325,0.051167,2.5033,4.4833,0
0.22554,2.6072,0.051167,5.9167,5.7635,0
0.32051,2.915,0.074335,-5.2337,5.3176,0
0.7004,2.7354,0.11295,-6.5991,6.2957,0
0.035589,2.7611,0.10909,6.1442,6.0943,0
-1.1991,2.9663,0.079483,4.3238,5.8066,0
-1.294,2.8124,0.04988,-7.0542,6.0655,0
0.41548,2.7098,0.056315,-3.8684,5.0299,0
1.2702,2.6072,0.069186,7.282,5.9217,0
0.32051,2.402,0.025425,2.0482,5.2313,0
-0.53425,2.3763,-0.04279,-7.5093,5.7491,0
-0.81917,2.7867,-0.14704,-1.1377,5.7491,0
0.035589,2.6585,-0.24872,7.7372,5.1018,0
-0.059385,2.3763,-0.30664,-1.3652,5.5477,0
0.035589,2.2224,-0.20368,-7.2818,4.2388,0
-0.7242,1.8377,0.0061189,3.6411,4.8285,0
-1.6739,1.0682,0.19403,6.3718,4.0806,0
-0.81917,1.3247,0.24552,-5.0062,4.0375,0
0.51046,1.6838,0.15928,-5.0062,4.5121,0
0.79538,1.5555,0.0099801,6.3718,3.8217,0
0.79538,1.5042,-0.11615,3.8687,4.8573,0
-1.1041,1.7607,-0.15863,-7.2818,4.1094,0
-0.91415,1.7864,-0.14962,-3.6408,4.7422,0
0.89035,1.6068,-0.1715,8.1923,4.6416,0
0.7004,1.6068,-0.2513,1.3655,4.3683,0
0.51046,2.0172,-0.31823,-7.7369,5.1306,0
1.2702,1.812,-0.32209,0.68281,4.4114,0
0.7004,1.376,-0.29506,8.1923,5.5333,0
-0.34431,1.2221,-0.2011,-2.0479,5.0443,0
-0.62923,0.76041,-0.037642,-7.5093,5.519,0
-0.059385,0.27308,0.083344,4.0962,5.8066,0
-0.059385,0.016583,0.1773,4.7789,5.3895,0
-1.0091,0.042233,0.26868,-6.3715,6.2957,0
-1.294,-0.3938,0.2867,-4.0959,5.519,0
0.32051,-0.21426,0.21205,6.5994,6.3244,0
1.3652,0.042233,0.16186,2.2757,6.1518,0
-0.43928,0.24743,0.16443,-7.9645,6.0224,0
-1.1991,0.55522,0.12582,0.2277,6.7272,0
-0.7242,0.93996,0.035722,7.7372,5.9361,0
-0.7242,1.4016,-0.086552,-1.8203,6.9429,0
-0.7242,1.7094,-0.20625,-8.192,6.2957,0
-0.7242,1.4273,-0.23714,3.186,6.6265,0
0.13056,0.91431,-0.11487,6.1442,6.7847,0
-0.059385,0.91431,0.056315,-5.0062,6.2094,0
-0.53425,0.99126,0.11938,-5.6889,7.0292,0
0.035589,1.0682,0.074335,5.9167,6.0943,0
1.3652,1.2734,0.017703,3.6411,6.8135,0
0.51046,0.99126,-0.0054649,-7.9645,6.31,0
-1.6739,0.47827,-0.0093262,-2.2755,6.2957,0
-2.6237,0.37567,-0.014475,7.7372,6.7847,0
-0.34431,0.65782,-0.035068,1.8206,5.5477,0
0.22554,0.27308,-0.032494,-8.192,4.2101,0
-1.7689,-0.23991,-0.019623,0.68281,0.62859,0
-1.8639,-0.13731,-0.045365,7.5096,0.096406,0
-0.91415,0.70911,-0.13031,-2.0479,1.3334,0
-0.7242,1.1708,-0.14704,-7.2818,3.9512,0
-0.7242,1.2221,-0.085264,3.6411,7.921,0
-0.62923,1.2477,-0.024771,6.3718,9.4025,0
-0.059385,0.81171,0.051167,-4.7786,11.517,0
0.7004,0.17048,0.17988,-6.144,11.013,0
0.13056,-0.57335,0.27126,5.6891,10.956,0
-1.1991,-0.57335,0.25581,4.5513,10.539,0
-2.0538,-0.11166,0.17988,-5.9164,9.5032,0
-2.1488,-0.13731,0.083344,-2.9581,9.9347,0
-1.484,-0.060364,-0.0119,7.9647,8.8703,0
-0.7242,0.63217,-0.15091,1.3655,9.5463,0
-0.059385,0.65782,-0.26031,-8.192,8.7696,0
0.51046,0.42697,-0.34397,0.2277,8.1511,0
0.13056,0.42697,-0.45595,7.282,7.9641,0
-0.53425,-0.034715,-0.45466,-2.7306,6.5258,0
0.035589,-0.5477,-0.19595,-6.8267,7.0724,0
-0.059385,-1.1633,0.10651,4.5513,6.0655,0
-1.1991,-1.0607,0.14899,5.9167,6.4395,0
-1.389,-0.67595,-0.063384,-6.8267,6.3244,0
0.32051,-0.34251,-0.22427,-5.6889,5.6196,0
1.2702,-0.62465,-0.19338,7.0545,6.0943,0
0.32051,-1.1376,-0.11873,2.5033,4.8717,0
0.035589,-1.548,-0.036355,-8.192,5.4614,0
-0.059385,-2.0354,0.10651,-2.0479,4.8573,0
-1.1991,-2.2149,0.21205,7.282,5.1018,0
-1.294,-2.2919,0.25968,0.45525,5.6628,0
-0.34431,-2.497,0.27769,-7.9645,5.0874,0
0.60543,-2.2406,0.23007,0.68281,5.9361,0
0.51046,-1.8815,0.11552,6.8269,4.9724,0
0.32051,-1.2915,0.037009,-3.6408,5.5477,0
0.13056,-1.2659,0.05889,-7.2818,5.3895,0
1.2702,-1.0863,0.082057,5.4616,5.332,0
0.7004,-1.0094,0.025425,4.0962,6.3676,0
-0.24933,-1.3172,-0.036355,-7.2818,5.8354,0
-1.9589,-1.4967,-0.067245,-5.2337,6.9861,0
-2.7186,-1.6763,-0.22298,7.9647,6.5977,0
-1.484,-1.548,-0.40961,2.5033,6.7415,0
-0.059385,-1.5224,-0.49327,-7.9645,7.0148,0
1.3652,-1.8302,-0.4302,-0.9101,6.1806,0
1.4602,-2.3944,-0.26031,7.282,7.0004,0
-0.34431,-2.5483,-0.068532,-0.68254,6.0368,0
-2.5287,-2.3688,0.096215,-7.0542,6.6984,0
-2.8136,-2.1123,0.1773,3.6411,6.4107,0
-1.6739,-1.7276,0.167,7.0545,6.0943,0
-0.91415,-1.9328,0.1374,-4.0959,6.382,0
0.035589,-1.8558,0.14512,-6.5991,5.2025,0
0.7004,-1.5224,0.15027,6.3718,5.7491,0
0.89035,-1.3941,0.14384,4.3238,4.771,0
0.79538,-1.0607,0.15671,-8.192,4.8142,0
0.22554,-0.72725,0.18889,-3.8684,4.6991,0
0.98533,-0.90679,0.22364,8.1923,4.0806,0
1.2702,-1.0863,0.24037,2.5033,4.9148,0
-0.34431,-1.5737,0.25067,-8.4196,4.0662,0
-0.24933,-1.7789,0.25324,-0.68254,4.7135,0
-0.34431,-1.8045,0.24938,7.7372,4.1669,0
-0.7242,-1.6506,0.2571,-1.1377,4.095,0
-0.62923,-1.7532,0.25453,-7.9645,4.4977,0
0.60543,-1.8815,0.19532,2.7309,3.7498,0
0.41548,-2.1636,0.12067,6.5994,4.7422,0
-0.24933,-2.5996,0.096215,-6.144,4.0518,0
-0.62923,-2.8818,0.11295,-7.2818,4.469,0
0.035589,-2.8048,0.158,4.5513,4.2532,0
-0.059385,-2.9331,0.19918,4.3238,3.5197,0
0.22554,-2.8818,0.22364,-6.8267,3.9512,0
1.2702,-3.2409,0.17087,-4.3235,2.7142,0
0.89035,-3.2152,0.060177,7.282,3.4046,0
-0.34431,-2.3175,-0.102,1.8206,2.7286,0
-1.484,-2.2406,-0.22813,-7.7369,2.8149,0
-1.294,-2.5227,-0.18823,-0.22742,3.1888,0
-0.15436,-2.6253,-0.06081,7.282,2.4553,0
-0.62923,-2.6509,-0.033781,-0.68254,3.3614,0
-2.4337,-2.7022,-0.074968,-7.9645,2.4553,0
-2.8136,-2.7022,-0.04279,2.2757,3.0594,0
-0.91415,-2.8048,0.053741,7.5096,2.7861,0
0.32051,-3.2152,0.12324,-3.8684,2.5416,0
0.89035,-3.3435,0.11938,-7.0542,3.1457,0
0.13056,-2.6766,0.039583,5.0064,2.1388,0
0.32051,-1.4198,-0.086552,5.234,2.6854,0
-0.62923,-0.85549,-0.17793,-6.144,1.5779,0
-1.1991,-0.95809,-0.22041,-4.3235,1.4053,0
0.035589,-1.4198,-0.15992,7.0545,1.0026,0
-0.15436,-2.0867,0.021564,2.7309,0.024489,0
-1.0091,-2.8048,0.16958,-7.7369,0.48476,0
0.13056,-2.9331,0.23908,0.00013542,-0.60838,0
1.7451,-2.5483,0.26868,7.7372,0.067639,0
2.22,-2.5483,0.24037,-0.9101,-0.53646,0
1.5552,-2.6766,0.19403,-7.9645,-0.46455,0
0.32051,-2.8305,0.16829,2.7309,-0.14811,0
-0.43928,-2.5227,0.15671,7.0545,-0.82413,0
-2.2438,-2.6253,0.14641,-4.5511,0.16832,0
-2.5287,-2.574,0.098789,-6.5991,-0.52208,0
-1.484,-2.0354,0.017703,6.1442,0.16832,0
-0.81917,-1.5224,-0.11229,3.6411,-0.004278,0
-0.53425,-1.1376,-0.30021,-7.2818,-0.23441,0
-0.53425,-1.0607,-0.49713,-3.6408,0.52791,0
-0.059385,-1.112,-0.53575,7.7372,-0.13373,0
-0.15436,-1.5224,-0.4508,1.3655,1.0601,0
-0.34431,-1.6506,-0.30664,-7.9645,0.70051,0
0.035589,-2.0867,-0.12645,-1.3652,1.0889,0
0.035589,-2.5227,0.082057,7.5096,0.88749,0
0.035589,-2.6509,0.18374,-1.3652,-0.061812,0
0.51046,-2.6253,0.11037,-8.192,0.44161,0
-0.53425,-2.1893,-0.02992,2.5033,-0.4214,0
-1.0091,-1.3685,-0.10586,5.9167,0.61421,0
-0.24933,-1.0094,-0.12388,-4.7786,0.25462,0
0.51046,-1.0607,-0.10071,-7.0542,0.13956,0
-0.53425,-1.3428,-0.013187,4.7789,-0.004278,0
-0.43928,-1.5993,0.092354,4.3238,-1.3563,0
1.0803,-1.4967,0.1374,-7.0542,-0.99673,0
0.60543,-1.3172,0.04988,-4.3235,-2.2625,0
1.0803,-0.77854,-0.11744,6.5994,-1.7734,0
2.03,-0.4964,-0.19467,2.2757,-1.9604,0
1.5552,0.14483,-0.11615,-8.4196,-2.1043,0
0.32051,-0.034715,-0.026058,-0.22742,-1.5002,0
-1.1041,-0.13731,0.08978,7.5096,-2.5214,0
-1.0091,-0.23991,0.25453,-1.3652,-1.7591,0
-0.81917,-0.4964,0.35878,-7.7369,-2.5358,0
-1.389,-0.26556,0.39611,4.3238,-2.2912,0
-2.0538,0.042233,0.39739,6.5994,-2.1043,0
-0.81917,-0.11166,0.37037,-5.2337,-2.6077,0
-0.34431,-0.23991,0.33047,-5.2337,-1.6008,0
-0.53425,-0.36816,0.30472,6.3718,-2.3919,0
-0.43928,-0.060364,0.33304,3.4135,-1.6871,0
-0.53425,-0.26556,0.3871,-7.5093,-2.3344,0
-0.059385,-0.77854,0.42571,-3.1857,-2.809,0
0.7004,-0.95809,0.44244,7.5096,-2.5214,0
-0.059385,-1.0607,0.44115,2.2757,-3.4851,0
-1.7689,-0.98374,0.4463,-7.9645,-2.4063,0
-3.0985,-1.0094,0.44373,-0.45498,-3.2981,0
-2.8136,-1.035,0.44502,7.5096,-2.8234,0
-1.6739,-0.98374,0.44244,-0.45498,-3.0679,0
-0.91415,-1.0094,0.44759,-7.9645,-3.4707,0
0.035589,-1.0607,0.44244,2.7309,-2.9673,0
-0.059385,-0.98374,0.44502,6.3718,-3.8734,0
-0.53425,-1.0094,0.44502,-5.2337,-3.0967,0
-0.53425,-0.98374,0.44244,-5.0062,-3.5426,0
0.035589,-1.0607,0.44373,6.8269,-3.0104,0
-0.62923,-1.0607,0.44373,2.9584,-2.5214,0
-1.6739,-1.035,0.44244,-7.9645,-3.0679,0
-1.579,-1.0607,0.44244,-2.7306,-2.2769,0
-0.91415,-1.035,0.44502,7.282,-3.2693,0
-0.91415,-1.0094,0.4463,0.45525,-2.7371,0
0.13056,-0.98374,0.44502,-9.5574,-2.8234,0
1.3652,-1.0094,0.4463,0.2277,-3.1111,0
0.79538,-1.035,0.44115,6.5994,-2.2769,0
-0.24933,-0.98374,0.44502,-3.6408,-3.1111,0
-0.43928,-0.98374,0.44502,-7.2818,-2.2769,0
0.60543,-0.75289,0.38581,3.186,-3.1111,0
1.8401,0.042233,0.13611,5.234,-3.183,0
2.22,0.016583,-0.045365,-6.3715,-3.0679,0
0.89035,0.17048,-0.068532,-5.6889,-3.7871,0
-1.484,0.58087,-0.033781,6.1442,-2.9529,0
-1.7689,0.93996,-0.019623,4.0962,-3.8303,0
-0.24933,1.2221,-0.038929,-6.144,-3.0967,0
0.51046,0.78606,-0.10843,-2.9581,-3.3556,0
0.60543,0.68346,-0.16249,7.5096,-3.6577,0
2.22,0.63217,-0.1612,0.91037,-3.1542,0
3.4546,0.63217,-0.14962,-7.9645,-4.2761,0
3.1697,0.65782,-0.17922,1.1379,-3.5426,0
1.8401,0.93996,-0.23328,7.5096,-4.42,0
0.98533,1.1452,-0.2513,-2.7306,-4.2042,0
0.89035,0.88866,-0.19338,-7.0542,-4.1467,0
0.79538,0.93996,-0.10843,4.0962,-4.7364,0
0.89035,1.0682,0.007406,6.1442,-3.8734,0
0.89035,1.0169,0.15413,-6.3715,-4.794,0
0.7004,1.0169,0.26611,-5.6889,-4.1323,0
0.60543,1.0426,0.25195,6.8269,-4.722,0
1.7451,1.2221,0.030574,3.6411,-4.8371,0
0.89035,1.0426,-0.21269,-7.0542,-4.4488,0
-1.0091,0.76041,-0.30021,-2.2755,-4.9953,0
-0.53425,0.60652,-0.18051,7.9647,-3.9885,0
0.41548,0.35002,0.065325,0.91037,-4.7652,0
0.13056,0.50392,0.25453,-7.5093,-4.3193,0
-0.62923,0.52957,0.28928,0.00013542,-4.6501,0
-1.294,0.22178,0.25195,6.8269,-5.0816,0
-1.8639,-0.0090658,0.21463,-3.4133,-4.3768,0
-0.91415,0.45262,0.1979,-7.7369,-5.0529,0
0.22554,0.86301,0.13225,3.4135,-3.9022,0
0.7004,1.0169,0.10265,5.234,-4.1898,0
-0.62923,0.96561,0.094928,-6.144,-3.6145,0
-0.62923,0.99126,0.093641,-5.9164,-3.4994,0
0.51046,0.99126,0.094928,6.3718,-4.3337,0
0.7004,0.99126,0.093641,3.6411,-4.0892,0
0.89035,1.0169,0.094928,-7.2818,-5.7576,0
0.60543,1.0426,0.092354,-3.4133,-5.6857,0
0.89035,1.0682,0.094928,7.282,-6.3186,0
-0.7242,1.0169,0.091067,1.3655,-6.0453,0
-1.7689,1.1452,0.062751,-7.9645,-4.9378,0
0.13056,1.5812,-0.059523,-0.45498,-5.0816,0
0.41548,1.7607,-0.15992,7.7372,-3.744,0
-0.91415,1.5042,-0.21397,-1.5928,-4.4919,0
-0.43928,1.2221,-0.2114,-7.9645,-4.1179,0
0.32051,1.3503,-0.17021,3.6411,-4.3049,0
0.13056,1.5042,-0.12388,6.5994,-4.6357,0
-0.24933,1.9659,-0.11744,-5.0062,-3.4994,0
-0.53425,1.9659,-0.24615,-5.4613,-3.8446,0
-1.294,2.0429,-0.37743,5.4616,-2.7227,0
-0.62923,1.889,-0.36585,3.8687,-3.1111,0
0.51046,1.8633,-0.34783,-7.9645,-3.1399,0
0.13056,1.8633,-0.34268,-2.0479,-2.9241,0
-0.53425,1.8633,-0.34268,8.875,-3.7296,0
-0.62923,1.812,-0.34011,0.91037,-2.7947,0
-1.389,1.8633,-0.34397,-6.8267,-3.7152,0
-1.1991,1.9403,-0.34011,2.7309,-3.1399,0
-0.059385,1.812,-0.34011,7.7372,-3.7727,0
0.7004,1.812,-0.34011,-3.6408,-4.5207,0
0.7004,1.8633,-0.3414,-7.2818,-4.3768,0
0.79538,1.8633,-0.34397,5.4616,-5.5275,0
0.035589,1.8377,-0.34011,5.234,-4.8227,0
-0.53425,1.812,-0.2912,-6.8267,-5.4124,0
0.035589,1.7607,-0.10457,-4.3235,-4.6933,0
-0.059385,1.6838,-0.06081,7.5096,-3.9453,0
0.32051,2.0172,-0.053087,3.4135,-3.8446,0
0.7004,2.1711,0.074335,-7.7369,-2.6364,0
0.89035,1.889,0.2468,-1.5928,-3.4275,0
0.035589,1.4786,0.32403,8.1923,-2.7659,0
0.32051,1.1965,0.28542,-0.9101,-3.4131,0
0.7004,1.0939,0.17859,-8.4196,-3.6001,0
0.7004,1.6068,0.066612,2.5033,-3.2118,0
0.79538,1.5299,0.021564,5.9167,-3.8878,0
0.79538,1.4529,0.015128,-5.0062,-2.7515,0
0.89035,1.4529,0.0099801,-6.3715,-3.4419,0
0.7004,1.4016,0.0099801,5.4616,-2.4782,0
0.22554,1.4273,0.007406,2.5033,-2.32,0
0.41548,1.4016,0.0086931,-8.192,-2.1618,0
1.3652,1.4273,0.007406,-2.0479,-1.1262,0
1.4602,1.4786,0.0099801,7.7372,-1.457,0
0.41548,1.4273,0.0035447,0.00013542,-0.11935,0
0.22554,1.0682,-0.022197,-8.192,-0.43578,0
-0.059385,0.78606,-0.040216,0.68281,0.19709,0
-1.1041,0.93996,-0.064671,7.0545,0.58544,0
-0.62923,0.93996,-0.13031,-3.4133,0.024489,0
0.51046,0.86301,-0.13289,-7.2818,1.0026,0
0.13056,1.1708,-0.032494,5.234,0.067639,0
0.22554,1.0169,0.11037,5.234,0.81558,0
0.60543,0.86301,0.2275,-5.6889,0.45599,0
0.32051,1.3247,0.30601,-5.2337,0.26901,0
0.22554,2.0172,0.35492,6.8269,0.82996,0
-0.15436,2.1968,0.37937,2.9584,0.25462,0
-1.294,1.9659,0.34977,-7.0542,1.4484,0
-1.1991,1.7864,0.31888,-1.5928,1.1176,0
0.60543,1.5555,0.38452,8.4198,1.9519,0
2.315,1.5299,0.41155,0.00013542,2.4409,0
2.22,1.6838,0.33304,-7.5093,2.2108,0
0.60543,1.4786,0.21334,1.5931,3.1457,0
-0.43928,1.4016,0.18245,7.0545,2.2108,0
-0.62923,1.0939,0.23265,-3.1857,2.8868,0
-0.53425,0.73476,0.26225,-6.3715,2.182,0
-0.7242,0.65782,0.26096,5.4616,2.0813,0
-0.62923,0.93996,0.24166,4.5513,2.2827,0
-0.059385,0.93996,0.19532,-7.0542,1.5491,0
0.7004,0.70911,0.12453,-3.8684,2.4265,0
-0.059385,0.65782,0.091067,7.9647,1.5491,0
0.98533,0.86301,0.11295,2.0482,2.1388,0
1.9351,0.96561,0.16057,-7.9645,1.8512,0
2.315,1.0169,0.2069,0.00013542,1.7073,0
0.98533,0.96561,0.25968,7.282,2.2827,0
0.51046,0.70911,0.32403,-1.5928,1.6067,0
0.51046,0.60652,0.33561,-7.9645,2.5847,0
0.7004,0.60652,0.30601,2.7309,2.0525,0
0.79538,0.42697,0.27126,6.5994,2.5416,0
0.79538,0.52957,0.23136,-4.7786,2.7142,0
1.5552,0.99126,0.22235,-6.144,2.4553,0
2.03,1.4016,0.20819,5.9167,3.4046,0
0.7004,0.86301,0.17087,3.6411,2.6998,0
-0.24933,0.067882,0.13354,-7.9645,3.6491,0
-0.53425,-0.13731,0.14512,-3.4133,3.3183,0
0.22554,0.11918,0.19017,7.282,3.3902,0
-0.059385,0.22178,0.21463,0.2277,3.7929,0
0.22554,0.22178,0.21591,-9.1023,3.1745,0
0.7004,0.24743,0.23265,1.1379,4.2532,0
0.41548,0.76041,0.28928,7.0545,3.5916,0
-1.389,0.70911,0.27512,-2.503,4.2964,0
-1.1041,0.63217,0.17087,-7.5093,4.2244,0
0.60543,0.60652,0.098789,3.4135,3.8936,0
1.1753,0.65782,-0.0093262,5.6891,4.7279,0
-0.43928,0.63217,-0.18308,-5.4613,4.0518,0
-2.4337,0.91431,-0.27575,-5.2337,5.1018,0
-2.3388,0.78606,-0.28219,6.5994,4.8429,0
-0.34431,0.78606,-0.2513,3.8687,5.2169,0
-0.7242,1.1965,-0.2011,-6.3715,5.9361,0
-0.91415,1.0682,-0.089126,-1.5928,5.4039,0
-0.81917,1.0682,-0.00031657,7.9647,6.4251,0
-0.81917,0.96561,-0.0054649,1.1379,5.6628,0
0.035589,0.78606,-0.015762,-7.7369,6.2525,0
0.035589,0.93996,0.065325,0.91037,6.0224,0
-0.62923,0.96561,0.14255,6.8269,5.6916,0
-1.389,0.81171,0.19532,-3.1857,6.1806,0
-1.7689,1.1452,0.23651,-7.9645,5.2313,0
-2.2438,1.2477,0.22235,4.3238,6.2381,0
-0.81917,1.7351,0.076909,5.9167,5.5909,0
-0.24933,2.3763,-0.08269,-5.2337,5.9648,0
-0.34431,2.1968,-0.20625,-4.5511,6.0511,0
-0.81917,1.4016,-0.32724,7.5096,5.4327,0
-0.53425,1.2734,-0.49713,2.7309,6.1087,0
-1.1991,1.5299,-0.68633,-7.7369,5.0299,0
-1.294,1.2221,-0.77257,-2.2755,5.6053,0
-0.7242,1.0939,-0.66574,7.0545,5.4183,0
-0.62923,0.93996,-0.40575,-0.22742,5.5046,0
-0.7242,0.47827,-0.24872,-8.4196,6.497,0
0.035589,0.35002,-0.28734,1.5931,5.7922,0
-0.059385,0.50392,-0.3208,6.5994,6.4395,0
-0.62923,0.81171,-0.27318,-2.9581,5.2169,0
-1.389,0.73476,-0.25259,-6.8267,5.4902,0
-0.059385,0.96561,-0.27447,3.6411,5.6916,0
1.3652,1.4016,-0.27575,5.4616,5.6916,0
1.6501,1.7351,-0.32466,-6.144,6.9573,0
1.4602,1.9403,-0.42377,-5.6889,6.3676,0
-0.43928,2.4533,-0.48297,5.9167,7.2306,0
-0.34431,2.5815,-0.4907,2.7309,6.5833,0
0.51046,2.1455,-0.49971,-7.2818,6.5833,0
1.3652,1.7094,-0.47654,-2.503,7.0148,0
2.03,1.0426,-0.40189,7.7372,6.3963,0
2.22,1.2221,-0.30021,1.5931,7.5614,0
0.7004,1.1708,-0.18952,-8.192,6.9429,0
0.51046,0.96561,-0.099422,0.45525,8.0792,0
0.60543,0.093531,0.011267,8.4198,8.3381,0
0.79538,-0.36816,0.075622,-1.5928,8.1799,0
0.89035,-0.21426,0.056315,-7.0542,8.8847,0
0.98533,0.042233,0.069186,3.6411,7.8922,0
0.035589,0.093531,0.158,6.5994,8.6833,0
0.89035,-0.060364,0.19403,-5.0062,7.734,0
2.5049,0.14483,0.19146,-5.2337,8.1943,0
2.315,0.17048,0.20176,7.5096,8.5682,0
1.1753,-0.13731,0.11037,3.6411,8.4532,0
0.79538,-0.7016,-0.087839,-7.5093,9.647,0
0.79538,-0.57335,-0.24358,-2.0479,8.8559,0
0.7004,0.016583,-0.34654,8.1923,9.3449,0
-0.15436,0.45262,-0.39931,0.00013542,8.41,0
0.13056,0.17048,-0.27961,-7.7369,7.8347,0
0.035589,-0.34251,-0.092987,1.8206,7.9354,0
-0.34431,-0.13731,-0.027345,7.0545,6.9429,0
0.13056,-0.0090658,-0.064671,-3.6408,7.9066,0
1.3652,-0.4451,-0.11101,-6.8267,7.1587,0
2.22,-0.75289,-0.15863,4.7789,7.8203,0
0.89035,-0.77854,-0.1316,4.3238,7.921,0
-0.91415,-0.95809,-0.06081,-7.0542,7.6189,0
-0.62923,-1.2146,-0.010613,-4.7786,8.3956,0
0.41548,-1.0863,0.066612,7.9647,7.5326,0
1.3652,-1.035,0.088493,2.2757,8.5538,0
2.125,-1.1633,0.017703,-8.192,8.3237,0
1.4602,-0.80419,0.061464,-1.3652,8.6689,0
1.7451,-0.29121,0.18374,7.9647,9.2586,0
2.03,-0.26556,0.20819,-0.9101,8.7265,0
1.5552,-0.4451,0.18116,-9.1023,9.5751,0
0.32051,-0.16296,0.18245,1.8206,8.6258,0
1.0803,0.37567,0.19661,7.5096,9.158,0
2.5049,0.52957,0.23136,-3.8684,8.971,0
2.7898,0.32437,0.27255,-7.2818,8.7552,0
2.5999,0.24743,0.29314,4.3238,9.4025,0
0.98533,0.47827,0.25968,5.6891,8.3237,0
-0.24933,0.68346,0.2468,-6.144,8.8847,0
-0.62923,0.88866,0.2674,-5.2337,7.7484,0
-0.059385,0.70911,0.31759,6.8269,7.9354,0
1.2702,0.47827,0.30601,3.6411,7.7196,0
0.035589,0.70911,0.297,-8.6471,7.36,0
-1.6739,0.47827,0.35749,-1.3652,8.3812,0
-1.8639,0.47827,0.36007,8.4198,7.734,0
-2.1488,0.52957,0.29314,0.00013542,8.6258,0
-2.1488,0.27308,0.32146,-7.7369,7.9785,0
-1.1991,0.093531,0.37809,2.5033,7.921,0
-1.7689,0.29873,0.34977,7.282,8.2374,0
-1.1991,0.29873,0.2468,-2.503,7.6333,0
-0.91415,0.47827,0.20433,-7.2818,8.784,0
-0.7242,0.27308,0.29185,4.3238,8.223,0
0.035589,-0.034715,0.38581,5.234,9.0141,0
0.51046,-0.21426,0.39225,-6.144,9.2011,0
0.89035,-0.52205,0.38581,-5.0062,8.9997,0
0.7004,-0.85549,0.38066,6.3718,9.7908,0
0.13056,-1.035,0.37551,3.4135,8.9566,0
-0.53425,-1.2146,0.41541,-7.0542,9.9059,0
-0.15436,-1.3685,0.44759,-1.1377,9.3162,0
0.79538,-1.0607,0.38581,7.282,9.6182,0
-0.059385,-0.72725,0.35106,-0.22742,9.9778,0
0.32051,-0.75289,0.43472,-8.6471,9.5319,0
0.60543,-1.2402,0.55699,0.68281,10.395,0
0.7004,-1.6506,0.65996,7.0545,9.2299,0
0.13056,-1.8558,0.73976,-2.9581,9.5607,0
-0.34431,-2.1893,0.81184,-7.7369,8.7696,0
-0.62923,-2.3944,0.85431,3.4135,8.2662,0
-0.53425,-2.3944,0.84144,5.4616,8.8847,0
-1.8639,-2.5483,0.81312,-5.2337,8.2518,0
-1.9589,-2.6509,0.79768,-5.9164,9.3162,0
-0.15436,-2.7022,0.78738,7.0545,8.5251,0
0.7004,-3.087,0.74105,2.7309,8.8703,0
0.32051,-3.8821,0.67412,-7.5093,8.6545,0
-0.24933,-4.2412,0.6162,-1.8203,8.0073,0
-0.059385,-4.0104,0.53383,7.5096,8.4532,0
-0.7242,-3.8565,0.39611,0.45525,7.1155,0
-0.24933,-3.9334,0.18631,-7.9645,7.4463,0
0.60543,-4.0873,-0.055661,0.91037,6.3532,0
0.035589,-3.3948,-0.3105,6.8269,6.1087,0
-1.579,-3.1639,-0.57436,-3.4133,5.9361,0
-2.5287,-2.9074,-0.81118,-7.7369,5.1018,0
-0.7242,-2.3431,-1.0326,4.3238,5.9361,0
-1.0091,-1.6506,-1.2578,5.9167,5.0874,0
-1.1991,-1.0607,-1.5191,-5.9164,5.9648,0
-0.059385,-0.80419,-1.7971,-5.6889,5.8642,0
-0.059385,-0.88114,-2.0622,6.3718,5.519,0
0.13056,-0.90679,-2.3763,3.6411,5.7779,0
0.51046,-0.6503,-2.6916,-7.0542,4.5409,0
-0.059385,-0.29121,-2.8602,-1.3652,5.2169,0
-0.059385,-0.26556,-2.9156,7.282,4.2532,0
0.7004,-0.41945,-3.0417,0.45525,4.6272,0
0.7004,-0.23991,-3.312,-7.2818,4.9868,0
0.13056,0.067882,-3.6608,0.45525,4.584,0
-0.24933,0.22178,-3.9736,7.7372,5.5621,0
0.13056,0.47827,-4.1975,-3.1857,4.5696,0
0.7004,0.55522,-4.361,-7.0542,5.0443,0
1.0803,0.24743,-4.4832,3.8687,4.3395,0
1.5552,0.27308,-4.5669,5.6891,3.8361,0
0.79538,0.24743,-4.6866,-6.5991,4.2101,0
-0.24933,0.55522,-4.8012,-5.6889,3.3758,0
0.7004,0.78606,-4.8256,6.3718,4.3539,0
1.7451,0.73476,-4.8359,3.6411,3.5484,0
0.7004,0.70911,-4.8745,-7.2818,3.5916,0
1.9351,0.93996,-4.8784,-2.0479,3.2032,0
1.7451,1.3247,-4.8822,8.875,2.1532,0
1.2702,1.4529,-4.8951,0.00013542,2.743,0
0.79538,1.4529,-4.9157,-7.7369,1.7505,0
2.125,1.5299,-4.9376,2.2757,2.2252,0
2.5049,1.7864,-4.9453,7.0545,1.4197,0
1.6501,1.812,-4.8166,-4.0959,0.71489,0
1.1753,1.889,-4.5051,-7.5093,1.0169,0
1.6501,2.1455,-4.2245,5.0064,0.096406,0
2.03,2.2481,-4.0534,5.234,0.90188,0
1.4602,2.1968,-3.9195,-6.3715,0.15394,0
1.6501,1.9659,-3.6917,-5.0062,0.16832,0
1.5552,1.9146,-3.4188,6.5994,0.082022,0
0.22554,1.9146,-3.0082,1.8206,-0.594,0
-0.43928,2.0172,-2.4329,-7.9645,0.41284,0
0.035589,1.9146,-1.8241,-1.1377,-0.23441,0
0.79538,1.7094,-1.3376,7.7372,0.59983,0
0.13056,1.7864,-1.0879,-0.9101,0.11079,0
0.13056,1.9659,-1.0686,-8.4196,-0.047428,0
-0.059385,2.7867,-1.1188,2.2757,0.35531,0
-0.34431,3.0688,-1.048,6.1442,-0.20565,0
-0.7242,3.274,-0.82019,-4.3235,1.2471,0
-0.53425,3.1458,-0.55119,-7.2818,1.1176,0
-0.7242,2.7867,-0.17021,5.9167,2.4265,0
-0.43928,2.4533,0.38838,5.234,2.4553,0
-1.0091,2.2737,0.93282,-6.5991,2.0094,0
-1.484,2.0942,1.3872,-4.0959,2.3402,0
-1.1041,1.2734,1.7939,7.7372,1.1752,0
-0.059385,0.88866,2.2341,2.9584,2.0669,0
1.4602,0.91431,2.7026,-6.8267,1.5635,0
1.5552,1.0169,3.1646,-1.3652,2.1101,0
0.32051,0.91431,3.6795,7.7372,2.4553,0
-1.1041,0.73476,4.2587,0.2277,1.7793,0
-1.7689,0.76041,4.8404,-7.9645,2.6423,0
-1.484,1.2477,5.3385,1.8206,1.7073,0
-1.0091,2.0685,5.7066,7.282,2.3978,0
-0.62923,2.5559,5.9242,-3.1857,1.8512,0
0.60543,2.915,6.1378,-7.2818,1.621,0
1.1753,2.838,6.5484,4.0962,2.0094,0
-0.34431,3.0688,7.0388,5.234,1.1895,0
-2.5287,3.4023,7.4339,-6.144,2.0813,0
-2.6237,3.5305,7.7222,-5.9164,1.319,0
-1.6739,3.8896,7.9307,6.8269,1.7217,0
-0.91415,4.3513,8.017,2.9584,1.5347,0
0.22554,4.8899,7.9771,-7.9645,0.81558,0
0.79538,5.1977,7.9745,-3.1857,1.5779,0
1.5552,5.5055,7.9938,7.5096,0.98818,0
1.4602,5.762,7.8767,-0.22742,2.0238,0
0.22554,5.6594,7.6115,-9.1023,1.8799,0
-0.43928,5.6851,7.2988,0.68281,1.9662,0
0.035589,5.7877,7.0066,6.3718,2.2539,0
0.51046,5.6851,6.7131,-2.7306,1.2183,0
1.3652,5.5568,6.4622,-7.2818,1.8799,0
0.7004,5.5055,6.2253,4.0962,0.85873,0
-0.91415,4.7873,5.9164,5.234,1.3621,0
-2.0538,3.9409,5.5702,-5.4613,1.2183,0
-0.53425,3.6588,5.2381,-4.3235,0.87311,0
-0.24933,2.8124,4.9074,6.1442,1.6354,0
-0.43928,1.7607,4.6165,2.7309,1.1176,0
-0.53425,1.4786,4.3475,-7.2818,2.2827,0
-0.81917,1.7094,3.9858,-2.0479,1.5347,0
0.035589,1.4273,3.5907,7.0545,1.6498,0
-0.059385,0.81171,3.2071,-0.45498,1.3478,0
-0.62923,0.22178,2.8467,-7.7369,0.54229,0
0.035589,-0.34251,2.579,2.2757,0.97379,0
0.60543,-0.26556,2.3718,7.9647,-0.004278,0
0.035589,-0.29121,2.1298,-3.1857,0.90188,0
0.32051,-0.47075,1.8582,-6.5991,0.91626,0
0.7004,-0.52205,1.5995,3.6411,1.2758,0
-0.43928,-0.34251,1.3872,4.5513,2.0382,0
-0.91415,-0.62465,1.2134,-6.3715,1.2183,0
-0.15436,-1.2146,0.99718,-4.7786,1.6498,0
-0.24933,-1.5224,0.70887,7.7372,0.067639,0
-1.1991,-1.3172,0.45274,3.186,-0.17688,0
-2.0538,-1.4967,0.25968,-8.192,-0.55085,0
-0.81917,-1.9328,0.10909,-0.9101,-1.0687,0
-0.059385,-1.9841,-0.017049,7.7372,-0.076195,0
-0.53425,-2.1893,-0.18952,-1.1377,-0.89605,0
-0.059385,-2.2919,-0.39545,-8.192,-0.11935,0
0.79538,-2.4714,-0.49713,2.5033,-1.4139,0
-0.53425,-2.3431,-0.54089,6.8269,-2.1186,0
-1.579,-2.3688,-0.63743,-5.0062,-2.6652,0
-2.7186,-2.8818,-0.77901,-6.3715,-3.4707,0
-1.389,-3.3435,-0.92702,5.6891,-2.2912,0
0.41548,-3.4717,-1.0686,4.5513,-2.6364,0
-0.34431,-3.1896,-1.1754,-6.8267,-1.4714,0
-0.15436,-3.0613,-1.2552,-3.8684,-1.7303,0
0.41548,-3.1126,-1.308,6.8269,-2.0899,0
-0.62923,-3.01,-1.3608,1.1379,-2.133,0
-1.0091,-2.4714,-1.4071,-8.6471,-3.3412,0
-0.7242,-2.3175,-1.429,0.00013542,-2.7227,0
-1.484,-2.5227,-1.4328,7.0545,-3.557,0
-2.0538,-2.5483,-1.4213,-1.5928,-2.6652,0
-1.484,-1.9841,-1.3891,-7.7369,-2.4207,0
-0.34431,-1.8302,-1.3093,2.7309,-2.5214,0
0.7004,-2.497,-1.2565,6.1442,-2.0467,0
0.89035,-2.3944,-1.2617,-4.7786,-3.3268,0
0.13056,-2.1636,-1.3041,-5.9164,-3.0392,0
-1.1991,-1.9071,-1.3543,5.0064,-4.3337,0
-2.8136,-1.8815,-1.3698,5.0064,-4.2905,0
-2.1488,-1.8558,-1.3646,-7.5093,-4.2042,0
-0.91415,-1.9328,-1.3852,-4.5511,-4.5351,0
-1.389,-2.061,-1.5062,6.8269,-3.5426,0
-1.484,-2.061,-1.6388,1.8206,-4.4919,0
-0.7242,-2.5483,-1.7263,-7.5093,-3.8734,0
-0.059385,-3.2922,-1.7688,-0.9101,-4.4775,0
0.79538,-3.4974,-1.7623,8.1923,-4.5638,0
0.7004,-3.7539,-1.7263,0.00013542,-4.0316,0
0.7004,-3.5743,-1.7572,-7.2818,-4.3768,0
1.7451,-3.4204,-1.7739,2.9584,-2.7227,0
1.1753,-3.1383,-1.7212,7.282,-2.8953,0
-0.62923,-3.087,-1.6916,-3.4133,-1.7303,0
-0.34431,-2.9844,-1.7173,-7.0542,-1.457,0
1.1753,-2.8048,-1.689,5.4616,-1.5002,0
1.3652,-2.9587,-1.6349,4.7789,-0.27756,0
0.89035,-2.7535,-1.6143,-6.5991,-0.45016,0
0.89035,-2.9074,-1.6182,-5.0062,1.1895,0
0.98533,-2.6509,-1.5821,6.8269,1.3765,0
1.4602,-2.0097,-1.5062,2.9584,2.2683,0
0.7004,-1.5993,-1.456,-8.192,2.9731,0
-0.24933,-1.7532,-1.4354,-2.0479,2.6423,0
0.7004,-1.9841,-1.4522,7.5096,3.5197,0
2.8848,-1.8815,-1.4856,-0.45498,2.5847,0
1.5552,-1.8558,-1.4843,-8.4196,3.1169,0
0.51046,-1.8045,-1.4225,0.45525,2.5128,0
0.60543,-1.8558,-1.3736,7.282,2.4984,0
2.03,-1.7019,-1.3633,-3.6408,3.045,0
1.9351,-1.3685,-1.4354,-7.9645,2.5272,0
0.51046,-1.5993,-1.5011,4.3238,3.6635,0
0.41548,-1.7789,-1.5049,4.5513,2.9299,0
1.3652,-1.7276,-1.4998,-6.5991,3.5628,0
1.2702,-1.4198,-1.5268,-4.7786,3.3614,0
0.89035,-1.1376,-1.5513,6.8269,3.1313,0
1.5552,-1.3428,-1.532,3.186,4.095,0
1.4602,-1.7019,-1.4637,-7.9645,3.5772,0
0.32051,-2.2406,-1.4007,-2.2755,4.9005,0
-0.43928,-2.7792,-1.3749,6.8269,4.4833,0
0.13056,-2.7022,-1.3801,0.45525,4.8717,0
0.035589,-2.3431,-1.3672,-8.4196,5.0443,0
-0.53425,-2.0867,-1.353,1.8206,4.1957,0
-0.7242,-2.1636,-1.3299,7.5096,4.6128,0
0.035589,-2.138,-1.299,-2.9581,3.2032,0
0.60543,-1.9584,-1.2604,-7.0542,3.4765,0
0.035589,-1.9071,-1.2076,4.0962,2.9299,0
0.13056,-2.061,-1.1703,5.234,2.6854,0
-0.059385,-1.9328,-1.1832,-6.8267,3.0306,0
-0.34431,-1.9071,-1.2565,-4.7786,1.9519,0
-1.389,-2.2406,-1.3299,6.5994,2.3115,0
-1.294,-2.574,-1.3041,3.6411,0.61421,0
-0.059385,-2.6253,-1.1793,-7.2818,0.082022,0
-0.15436,-2.4457,-1.0377,-1.8203,-0.72345,0
-1.0091,-1.5993,-0.96435,8.1923,-1.7015,0
-1.294,-0.7016,-0.91801,0.68281,-1.1837,0
-0.91415,-0.88114,-0.909,-7.9645,-2.1762,0
-0.7242,-1.1376,-0.89999,0.45525,-1.5721,0
-0.15436,-0.82984,-0.83564,6.8269,-2.4782,0
0.41548,-0.6503,-0.76613,-2.7306,-3.1399,0
0.89035,-0.5477,-0.74554,-6.5991,-3.6577,0
0.22554,-0.18861,-0.76227,4.5513,-5.1679,0
-1.8639,0.35002,-0.75841,5.6891,-4.8515,0
-1.7689,0.42697,-0.67604,-5.6889,-6.1316,0
0.51046,0.11918,-0.51387,-5.4613,-5.7289,0
1.0803,-0.67595,-0.39159,6.5994,-5.7864,0
0.13056,-1.3428,-0.32338,3.8687,-6.2754,0
0.32051,-1.7276,-0.24358,-7.2818,-5.8296,0
0.7004,-1.7789,-0.18051,-3.1857,-7.3254,0
0.79538,-1.6763,-0.16764,6.8269,-7.2391,0
1.5552,-2.1636,-0.13675,-0.9101,-8.433,0
0.79538,-2.7022,-0.098135,-8.6471,-8.7206,0
0.51046,-2.2662,-0.13031,1.5931,-8.6919,0
0.60543,-1.7019,-0.18823,6.3718,-9.4542,0
0.22554,-1.3941,-0.22427,-3.6408,-8.4761,0
-0.34431,-1.035,-0.31437,-7.9645,-9.3535,0
-0.43928,-0.52205,-0.44179,4.5513,-8.8501,0
-0.059385,0.50392,-0.51258,5.234,-9.2672,0
-0.059385,0.60652,-0.44308,-6.5991,-9.6268,0
0.79538,0.65782,-0.32595,-4.0959,-9.0658,0
1.2702,0.55522,-0.25645,6.3718,-9.7275,0
-0.34431,0.65782,-0.27575,2.2757,-8.6919,0
-1.1041,0.96561,-0.3311,-7.9645,-9.2528,0
-0.81917,1.299,-0.33882,-0.68254,-8.6487,0
-0.059385,1.1452,-0.34397,8.1923,-8.4617,0
0.035589,1.1965,-0.40318,-0.9101,-8.8069,0
0.22554,1.5299,-0.3903,-7.9645,-7.9583,0
0.60543,1.5042,-0.29377,2.7309,-8.6919,0
0.035589,1.4016,-0.22298,7.0545,-7.6706,0
-0.34431,1.1965,-0.17407,-4.3235,-8.059,0
-1.294,0.93996,-0.11229,-6.3715,-7.8145,0
-0.62923,0.45262,-0.068532,5.9167,-7.383,0
0.41548,0.47827,-0.054374,3.8687,-7.9727,0
1.5552,0.24743,-0.049226,-7.2818,-6.8364,0
1.4602,-0.13731,-0.036355,-3.8684,-7.6131,0
1.1753,-0.23991,-0.038929,6.8269,-6.7645,0
1.5552,-0.52205,-0.064671,1.3655,-6.6782,0
0.79538,-0.4451,-0.098135,-7.9645,-6.4912,0
-0.24933,0.042233,-0.10457,0.45525,-5.2398,0
-0.059385,0.45262,-0.073681,7.7372,-5.3405,0
1.2702,0.63217,-0.022197,-2.9581,-3.6433,0
0.79538,0.88866,0.053741,-7.9645,-3.5714,0
-0.34431,0.99126,0.11938,3.6411,-2.6077,0
0.22554,0.68346,0.12582,5.9167,-2.1762,0
0.7004,0.37567,0.13097,-6.144,-2.694,0
-0.53425,0.52957,0.13483,-6.3715,-1.946,0
-0.24933,0.42697,0.12839,6.5994,-2.809,0
0.41548,0.016583,0.10136,3.4135,-1.7159,0
2.22,-0.034715,0.084631,-7.7369,-1.7303,0
2.03,0.27308,0.087205,-3.1857,-1.1406,0
1.1753,0.32437,0.10394,7.0545,-0.29195,0
0.89035,0.27308,0.14899,0.45525,-0.62276,0
0.89035,0.50392,0.2275,-7.9645,0.19709,0
0.035589,0.68346,0.25968,0.68281,-0.98235,0
0.41548,1.2221,0.22364,6.1442,-0.55085,0
0.7004,1.3503,0.15285,-4.7786,-0.83852,0
0.22554,1.1965,0.085918,-7.7369,-0.92482,0
-1.1041,0.96561,0.079483,4.3238,0.082022,0
-0.62923,0.73476,0.12067,4.0962,-0.46455,0
-0.24933,0.50392,0.15156,-7.2818,0.72928,0
-0.62923,-0.034715,0.11552,-4.5511,0.067639,0
-0.62923,-0.41945,0.04988,7.7372,0.11079,0
0.89035,-0.3938,0.038296,2.2757,-0.1625,0
1.2702,-0.67595,0.053741,-7.9645,-0.7666,0
0.41548,-1.4454,0.064038,-1.8203,0.038872,0
0.32051,-1.2146,0.08077,7.7372,-0.49331,0
0.7004,-0.34251,0.079483,-1.1377,0.81558,0
0.7004,-0.52205,0.1078,-8.192,0.64298,0
0.79538,-0.82984,0.19532,2.9584,1.1032,0
0.7004,-1.0607,0.23651,7.5096,1.4772,0
1.5552,-1.1889,0.23136,-3.8684,0.70051,0
2.03,-0.77854,0.24552,-5.4613,1.4484,0
1.5552,-0.36816,0.28542,6.3718,0.42722,0
0.32051,-0.5477,0.3073,4.7789,1.0889,0
0.32051,-0.82984,0.29314,-6.5991,0.94503,0
0.41548,-0.7016,0.22879,-2.7306,1.0026,0
0.13056,-0.6503,0.167,8.4198,1.9087,0
0.22554,-0.6503,0.15542,1.5931,1.1464,0
-0.15436,-0.57335,0.22235,-7.7369,1.7793,0
0.035589,-0.6503,0.29443,0.00013542,0.36969,0
0.13056,-0.85549,0.29829,7.7372,0.34092,0
-1.294,-0.93244,0.28156,-1.1377,0.32654,0
-0.7242,-0.5477,0.3266,-8.192,0.11079,0
0.32051,-0.086014,0.43472,2.9584,1.3765,0
1.6501,-0.13731,0.52739,7.282,0.70051,0
2.22,-0.16296,0.55313,-4.5511,1.5491,0
1.7451,-0.23991,0.52353,-5.4613,0.70051,0
1.1753,-0.13731,0.48105,5.4616,0.35531,0
0.7004,0.067882,0.39225,3.8687,0.42722,0
0.13056,0.11918,0.26482,-6.8267,-0.37825,0
-0.34431,-0.13731,0.16958,-3.4133,0.70051,0
0.79538,-0.13731,0.14512,6.5994,0.096406,0
1.7451,-0.18861,0.21849,0.91037,0.71489,0
1.5552,-0.18861,0.30472,-8.6471,0.65736,0
0.13056,0.067882,0.35363,0.68281,0.32654,0
-1.0091,-0.034715,0.3472,6.5994,0.85873,0
-1.294,-0.88114,0.32403,-2.9581,-0.061812,0
0.60543,-0.98374,0.29185,-7.0542,0.61421,0
1.1753,-0.62465,0.27126,3.4135,-0.19126,0
0.41548,-0.034715,0.20304,6.3718,-0.32071,0
0.32051,0.042233,0.097502,-7.5093,-0.52208,0
0.7004,-0.47075,0.043444,-5.2337,-1.5865,0
0.22554,-0.98374,-0.0028907,6.8269,-1.1981,0
-0.62923,-1.4454,-0.031207,2.5033,-2.5501,0
-0.53425,-1.1633,-0.022197,-8.192,-2.2769,0
-0.7242,-0.7016,-0.0054649,-2.0479,-2.996,0
0.32051,-0.34251,0.037009,7.9647,-3.4419,0
0.60543,0.067882,0.088493,0.2277,-3.1111,0
1.3652,0.35002,0.15156,-7.2818,-4.0604,0
1.0803,0.68346,0.18245,2.0482,-3.183,0
0.41548,0.68346,0.17087,7.0545,-4.0316,0
0.035589,0.55522,0.12968,-3.1857,-3.672,0
0.13056,0.29873,0.12453,-6.144,-3.6577,0
0.13056,0.24743,0.19017,5.9167,-4.1323,0
0.7004,0.50392,0.24294,5.234,-3.2549,0
1.2702,0.58087,0.21463,-5.6889,-4.0748,0
1.3652,0.60652,0.15027,-4.0959,-3.1974,0
0.13056,0.88866,0.1876,7.0545,-3.6864,0
-0.43928,0.93996,0.2571,1.8206,-3.7727,0
0.41548,0.78606,0.30086,-8.4196,-3.4563,0
0.60543,0.88866,0.29443,-0.68254,-4.42,0
0.7004,0.63217,0.24423,7.7372,-3.6433,0
0.89035,0.32437,0.17859,-1.8203,-4.6501,0
0.98533,0.24743,0.12196,-8.4196,-4.1611,0
1.5552,0.47827,0.060177,2.7309,-4.4488,0
1.4602,0.91431,0.04087,6.8269,-5.0385,0
0.79538,0.96561,0.047306,-5.4613,-4.3768,0
0.98533,0.73476,0.044732,-6.3715,-5.3693,0
1.5552,1.0682,0.020277,5.0064,-4.4919,0
0.79538,1.5555,-0.0016037,3.186,-5.1823,0
-0.62923,1.4273,-0.0028907,-7.5093,-4.8659,0
-0.43928,1.2221,0.029286,-2.503,-4.607,0
-0.7242,0.81171,0.075622,7.5096,-4.9809,0
-0.91415,0.11918,0.098789,1.3655,-3.9741,0
-0.53425,-0.3938,0.087205,-8.4196,-4.6645,0
-0.7242,-0.52205,0.044732,-0.22742,-3.859,0
-0.62923,-0.29121,0.012554,6.8269,-4.1323,0
0.22554,-0.18861,0.017703,-2.2755,-4.1755,0
-0.059385,-0.13731,0.007406,-8.4196,-3.4994,0
-0.43928,0.17048,-0.017049,3.4135,-4.0604,0
-1.1041,0.52957,-0.032494,5.9167,-2.7227,0
-1.7689,0.78606,-0.04279,-5.0062,-3.0823,0
-1.389,0.65782,-0.038929,-6.144,-2.4638,0
-0.7242,0.35002,-0.044078,6.3718,-2.32,0
0.035589,0.45262,-0.022197,4.7789,-2.7659,0
0.7004,0.27308,0.033148,-7.5093,-2.0755,0
0.7004,0.22178,0.088493,-3.6408,-3.0392,0
0.13056,0.016583,0.15027,6.8269,-2.2193,0
-0.53425,0.11918,0.19532,0.91037,-2.7084,0
-1.294,0.27308,0.27641,-7.9645,-2.3056,0
-0.53425,0.45262,0.37294,0.00013542,-1.7015,0
0.98533,0.37567,0.32532,7.7372,-2.1906,0
1.4602,0.35002,0.17473,-1.3652,-1.2844,0
-0.34431,-0.060364,0.13225,-8.4196,-2.1186,0
-0.34431,-0.4451,0.21205,3.6411,-1.3419,0
-1.0091,-0.599,0.23265,6.8269,-1.2125,0
-1.1041,-0.57335,0.12453,-5.0062,-1.5002,0
-0.059385,-0.5477,0.048593,-6.3715,-0.96797,0
-0.7242,-0.29121,0.043444,5.4616,-2.018,0
-2.5287,0.067882,0.056315,5.4616,-1.1837,0
-1.7689,0.042233,0.091067,-6.3715,-1.8454,0
-0.91415,0.45262,0.11681,-4.5511,-1.457,0
-0.059385,0.83736,0.048593,6.8269,-1.2844,0
1.4602,0.99126,-0.028633,1.3655,-1.9029,0
0.98533,1.0682,-0.02992,-9.1023,-0.92482,0
0.41548,0.93996,0.033148,-1.8203,-1.7303,0
0.60543,0.37567,0.062751,7.5096,-0.95358,0
1.7451,0.29873,0.053741,-1.3652,-1.1118,0
1.3652,0.50392,0.04087,-7.7369,-0.92482,0
0.79538,0.91431,0.039583,2.9584,-0.14811,0
0.79538,1.0426,0.024138,5.9167,-0.6803,0
0.79538,1.0426,0.0099801,-6.144,0.64298,0
1.0803,0.91431,0.00097052,-5.6889,0.45599,0
0.89035,1.1708,-0.032494,6.5994,1.5779,0
-0.059385,0.99126,-0.047939,2.5033,1.8656,0
-0.43928,0.83736,-0.046652,-7.7369,1.506,0
-1.294,0.91431,-0.037642,-3.8684,2.2539,0
-0.62923,0.70911,-0.015762,7.7372,1.5347,0
1.7451,0.50392,0.062751,0.45525,2.4409,0
2.03,0.27308,0.20433,-8.4196,2.2683,0
0.41548,0.24743,0.27512,1.3655,2.5704,0
0.32051,0.17048,0.30344,7.5096,3.3183,0
0.79538,0.24743,0.34076,-2.9581,3.0162,0
0.79538,0.37567,0.40769,-7.2818,4.1669,0
0.89035,-0.0090658,0.41284,4.0962,3.4621,0
0.13056,-0.47075,0.35621,5.0064,3.8361,0
-0.34431,-0.67595,0.3073,-6.144,3.5916,0
0.035589,-0.82984,0.31888,-4.0959,3.2464,0
-0.7242,-0.85549,0.36779,7.5096,4.1525,0
-1.8639,-1.5224,0.4064,3.186,3.7498,0
-1.294,-2.061,0.42056,-7.7369,4.8429,0
1.2702,-2.1893,0.42056,-1.3652,4.397,0
3.2647,-2.2662,0.45145,7.7372,4.5984,0
1.6501,-2.6509,0.49779,0.68281,4.9005,0
-0.059385,-2.8818,0.48105,-7.9645,4.3539,0
0.98533,-2.6509,0.42314,1.8206,5.3032,0
1.1753,-2.497,0.4064,6.8269,4.5409,0
1.0803,-2.7792,0.40126,-2.9581,5.26,0
0.035589,-2.7535,0.33561,-7.0542,4.9148,0
1.6501,-3.01,0.24423,4.0962,4.9436,0
3.9295,-2.7792,0.15027,5.4616,5.6484,0
3.1697,-1.5993,0.026712,-7.2818,5.2313,0
0.79538,-1.3941,-0.102,-5.0062,6.4395,0
-0.24933,-1.3685,-0.10586,6.8269,5.6772,0
-0.53425,-1.3685,-0.063384,3.6411,5.7779,0
-0.91415,-1.112,-0.069819,-7.7369,5.4758,0
-0.059385,-0.98374,-0.080116,-2.7306,4.9005,0
0.51046,-1.0863,-0.086552,7.5096,5.7922,0
0.22554,-1.1376,-0.11358,0.2277,5.332,0
-0.43928,-0.5477,-0.12516,-9.1023,6.5258,0
-0.7242,-0.62465,-0.096848,0.45525,6.008,0
-0.53425,-1.0607,-0.068532,6.5994,6.0368,0
-0.059385,-0.62465,-0.065958,-3.6408,5.7635,0
-0.059385,0.11918,-0.12388,-7.9645,4.8142,0
-1.0091,0.016583,-0.19853,3.6411,5.4183,0
-2.0538,0.11918,-0.25387,4.7789,4.397,0
-2.1488,-0.23991,-0.2114,-6.5991,4.9724,0
-1.579,-0.7016,-0.16249,-5.4613,4.3251,0
-0.15436,-0.4451,-0.15992,7.282,4.0375,0
0.41548,-0.21426,-0.17793,2.7309,4.2388,0
-0.62923,-0.11166,-0.17665,-7.7369,3.3758,0
-1.0091,0.067882,-0.15734,-2.2755,4.3539,0
0.035589,-0.13731,-0.1213,7.5096,3.6347,0
-0.81917,-0.41945,-0.094274,0.68281,4.1957,0
-1.6739,-0.13731,-0.10972,-7.7369,3.9368,0
-1.484,0.35002,-0.16249,0.91037,2.9299,0
-0.24933,0.55522,-0.22813,6.8269,2.8005,0
0.13056,0.55522,-0.3015,-3.4133,1.4484,0
-0.34431,0.35002,-0.38516,-7.0542,2.3115,0
-1.1991,0.50392,-0.45595,3.6411,2.2395,0
-2.1488,0.52957,-0.50228,7.0545,2.743,0
-1.389,0.27308,-0.51129,-4.5511,3.0019,0
-1.0091,0.067882,-0.48169,-5.9164,1.8656,0
-0.15436,0.35002,-0.47654,7.5096,2.0669,0
1.4602,0.68346,-0.48297,3.4135,0.48476,0
0.7004,0.96561,-0.44951,-7.5093,0.61421,0
-0.53425,1.0939,-0.41605,-2.503,-0.13373,0
-0.53425,0.58087,-0.3414,7.9647,-0.37825,0
-0.62923,0.58087,-0.25902,0.45525,0.28339,0
-0.059385,0.70911,-0.17279,-8.4196,-0.3351,0
0.035589,1.2477,-0.090413,1.5931,0.78681,0
0.89035,1.7607,-0.076255,7.0545,-0.090578,0
1.1753,2.1198,-0.13546,-3.1857,-0.033045,0
0.79538,2.2994,-0.2011,-7.5093,-0.56523,0
0.035589,2.2224,-0.18952,4.0962,-1.4714,0
-0.53425,1.9146,-0.12903,6.3718,-0.6803,0
0.035589,1.5555,-0.10714,-5.9164,-1.3563,0
0.51046,1.4529,-0.076255,-5.6889,-0.11935,0
0.22554,1.7351,-0.027345,6.3718,-0.6803,0
0.22554,1.9659,-0.022197,3.6411,-0.92482,0
1.2702,2.5046,-0.11615,-7.7369,-1.0111,0
2.03,3.0175,-0.1715,-3.8684,-2.0323,0
1.5552,3.351,-0.1419,7.5096,-1.1981,0
0.98533,3.4023,-0.14704,-0.22742,-2.1043,0
1.5552,3.1458,-0.18437,-8.4196,-1.4426,0
1.9351,2.7098,-0.17536,1.1379,-1.7015,0
0.89035,2.6585,-0.10714,7.5096,-1.946,0
-0.24933,2.4533,-0.006752,-2.9581,-1.4426,0
0.035589,2.1968,0.013841,-7.9645,-2.2193,0
0.60543,1.6325,-0.094274,3.6411,-1.2988,0
0.035589,1.4529,-0.21397,6.3718,-1.9892,0
0.13056,1.4273,-0.31694,-6.144,-1.6152,0
0.7004,1.0169,-0.3607,-5.2337,-1.5721,0
0.13056,0.32437,-0.32595,6.3718,-2.1762,0
-0.34431,-0.21426,-0.21655,3.186,-1.5289,0
-0.62923,-0.060364,-0.11744,-8.192,-2.4926,0
-0.62923,-0.086014,-0.04279,-1.5928,-1.8166,0
-0.15436,0.067882,0.0086931,7.282,-2.5645,0
0.13056,0.14483,0.0099801,-0.45498,-2.6508,0
0.22554,0.19613,0.026712,-8.4196,-2.2769,0
0.7004,0.22178,0.04988,1.1379,-2.8234,0
0.13056,0.22178,0.020277,7.5096,-1.7447,0
-1.294,0.14483,-0.0080391,-3.4133,-2.5214,0
-1.8639,-0.13731,0.022851,-6.8267,-2.0323,0
-2.3388,-0.18861,0.062751,5.0064,-2.4926,0
-1.389,-0.034715,0.034435,5.4616,-2.7659,0
-0.91415,-0.36816,0.0022576,-6.3715,-1.8741,0
-0.62923,-0.5477,0.038296,-5.4613,-2.3344,0
-0.7242,-0.6503,0.074335,6.5994,-1.2269,0
-0.62923,-0.90679,0.070473,3.4135,-2.1762,0
0.13056,-0.80419,0.047306,-6.8267,-2.133,0
0.60543,-0.11166,-0.022197,-2.9581,-2.4926,0
0.22554,0.68346,-0.12774,7.5096,-3.3125,0
-0.34431,0.73476,-0.22041,1.1379,-2.5501,0
-0.53425,0.52957,-0.19595,-8.4196,-3.4707,0
-1.389,0.27308,-0.15219,-0.22742,-2.7659,0
-0.34431,-0.060364,-0.22298,7.9647,-3.2693,0
-1.8639,0.14483,-0.25902,-2.503,-3.4419,0
-1.8639,0.17048,-0.14447,-7.2818,-3.0679,0
-0.81917,0.17048,0.0061189,2.7309,-3.8015,0
-0.059385,0.17048,0.096215,5.9167,-2.7515,0
-0.059385,0.17048,0.13869,-5.4613,-3.3844,0
-0.43928,-0.16296,0.12968,-6.5991,-2.5789,0
-1.389,-0.80419,0.056315,6.8269,-2.4207,0
-0.7242,-1.2146,0.035722,4.3238,-2.6508,0
0.51046,-0.85549,0.10008,-6.8267,-1.8597,0
-0.53425,-0.6503,0.12711,-3.8684,-2.6221,0
-0.91415,0.17048,0.14255,7.5096,-1.7591,0
-0.91415,0.52957,0.18374,2.2757,-2.3919,0
-0.7242,0.70911,0.20562,-8.4196,-2.3056,0
-0.81917,1.1452,0.15285,0.00013542,-2.0899,0
-0.62923,1.3503,0.08978,7.5096,-2.8234,0
-1.389,1.1965,0.0086931,-1.3652,-2.0611,0
-1.8639,1.2734,-0.12002,-7.2818,-3.1111,0
-1.389,1.1452,-0.16764,2.2757,-2.8234,0
-0.81917,1.0169,-0.16249,7.0545,-3.3556,0
0.13056,0.91431,-0.19081,-4.3235,-4.0316,0
1.2702,0.47827,-0.1818,-6.8267,-3.6433,0
2.03,0.68346,-0.076255,5.234,-4.6789,0
0.60543,1.2734,0.052454,4.7789,-3.8015,0
-0.91415,1.6838,0.082057,-7.0542,-4.3049,0
-1.1991,1.5042,0.12968,-3.8684,-4.1467,0
-0.62923,1.2477,0.22364,7.7372,-3.6001,0
-0.7242,1.1965,0.22364,2.9584,-4.0029,0
-0.62923,0.91431,0.14255,-7.5093,-2.7515,0
0.13056,0.91431,0.069186,-0.45498,-3.2981,0
0.60543,1.0682,-0.013187,8.875,-2.3344,0
0.79538,1.3503,-0.081403,-0.45498,-2.3919,0
0.89035,1.376,-0.10328,-8.4196,-2.4207,0
0.79538,0.99126,-0.076255,1.8206,-1.831,0
0.7004,0.47827,0.0048318,7.0545,-2.7227,0
0.89035,0.24743,0.098789,-3.4133,-1.9029,0
0.13056,0.29873,0.088493,-6.5991,-2.809,0
-0.53425,0.52957,-0.026058,4.0962,-2.6221,0
0.035589,0.73476,-0.12388,5.0064,-2.6796,0
0.60543,0.35002,-0.10843,-6.5991,-3.4707,0
-0.15436,-0.086014,-0.033781,-5.2337,-2.694,0
0.035589,-0.5477,0.034435,6.5994,-3.6577,0
0.79538,-0.90679,0.038296,2.9584,-2.8953,0
0.89035,-1.0094,0.04988,-7.7369,-3.3125,0
1.3652,-0.88114,0.11423,-2.9581,-3.4994,0
1.5552,-0.29121,0.18374,7.5096,-2.9673,0
0.98533,0.27308,0.17344,0.45525,-3.8159,0
0.98533,0.14483,0.075622,-8.6471,-2.8234,0
1.6501,0.042233,0.024138,0.68281,-3.557,0
1.4602,0.22178,0.092354,5.9167,-3.2262,0
0.41548,0.32437,0.11681,-3.6408,-3.0967,0
-0.53425,0.067882,0.021564,-7.0542,-3.6145,0
0.13056,0.093531,-0.063384,4.7789,-2.7084,0
1.8401,0.24743,-0.065958,4.5513,-3.557,0
2.03,0.37567,-0.032494,-6.8267,-2.6221,0
1.1753,-0.060364,-0.0080391,-4.0959,-2.8522,0
1.4602,-0.31686,0.016416,7.5096,-2.694,0
1.4602,-0.034715,0.0086931,2.7309,-2.2337,0
-1.294,0.11918,-0.017049,-7.9645,-3.1255,0
-2.4337,-0.086014,-0.019623,-0.9101,-2.4207,0
-1.6739,-0.23991,0.0086931,7.7372,-3.5714,0
-0.059385,-0.4451,0.0099801,-0.45498,-3.4707,0
0.60543,-0.34251,0.0086931,-7.5093,-3.9741,0
0.13056,-0.4964,0.055028,2.5033,-4.4919,0
-0.34431,-0.26556,0.10394,7.5096,-4.046,0
-0.7242,-0.26556,0.10394,-3.8684,-4.9666,0
-0.7242,-0.52205,0.10522,-6.8267,-4.1611,0
-0.7242,-0.95809,0.057602,5.6891,-4.8659,0
-0.81917,-0.90679,-0.059523,5.4616,-4.6789,0
0.035589,-0.7016,-0.1213,-6.3715,-4.7508,0
1.4602,-0.34251,-0.096848,-4.0959,-5.6426,0
1.4602,-0.23991,-0.063384,7.282,-5.0672,0
1.7451,-0.21426,-0.090413,2.5033,-6.146,0
1.3652,-0.13731,-0.16506,-7.7369,-5.5563,0
0.41548,-0.29121,-0.22942,-2.2755,-5.8871,0
0.13056,-0.57335,-0.19982,8.1923,-6.0453,0
0.7004,-0.4451,-0.12903,-0.45498,-5.6713,0
0.7004,-0.21426,-0.094274,-8.8747,-6.5775,0
1.4602,0.35002,-0.058236,2.5033,-5.7433,0
2.125,1.5299,-0.056948,6.8269,-6.6063,0
1.3652,2.5815,-0.11101,-4.7786,-6.1316,0
0.98533,2.3507,-0.14447,-6.5991,-6.1316,0
1.6501,1.6838,-0.10328,5.6891,-6.7069,0
1.8401,1.1195,-0.054374,4.5513,-5.9159,0
2.125,0.35002,-0.054374,-7.7369,-6.9371,0
2.22,0.016583,-0.06081,-3.8684,-6.0309,0
1.6501,0.093531,-0.032494,7.9647,-6.6063,0
-0.34431,0.19613,-0.015762,0.68281,-6.4912,0
0.035589,0.22178,-0.11229,-9.3298,-6.0165,0
1.2702,0.17048,-0.22041,0.91037,-6.4768,0
-1.1991,0.093531,-0.2217,7.282,-5.3693,0
-2.3388,-0.4964,-0.074968,-3.1857,-6.0022,0
-1.579,-1.1376,0.074335,-7.7369,-5.0529,0
-1.1041,-1.3685,0.14899,4.3238,-4.9522,0
-0.81917,-1.0607,0.15413,5.6891,-4.9234,0
-0.53425,-0.77854,0.13097,-6.3715,-4.0172,0
-1.294,-0.98374,0.065325,-4.5511,-4.7508,0
-0.43928,-1.1633,-0.0016037,7.7372,-3.7152,0
-0.24933,-1.112,-0.031207,2.9584,-4.2905,0
0.22554,-1.035,-0.014475,-7.7369,-3.7152,0
-0.059385,-1.2659,0.030574,-1.5928,-3.3844,0
0.13056,-1.035,0.051167,7.7372,-3.6433,0
1.2702,-0.6503,0.017703,0.00013542,-2.6077,0
-0.059385,-0.31686,-0.023484,-7.5093,-3.2405,0
-0.62923,-0.34251,-0.028633,1.1379,-2.4926,0
-0.059385,-0.67595,0.017703,8.4198,-3.0248,0
1.4602,-0.4451,0.10265,-2.9581,-3.3988,0
1.2702,-0.41945,0.085918,-6.5991,-3.2693,0
1.5552,-0.0090658,-0.049226,4.0962,-4.046,0
2.22,0.14483,-0.18694,5.9167,-2.996,0
0.89035,0.19613,-0.21912,-6.144,-3.4419,0
-0.24933,-0.0090658,-0.23199,-5.2337,-2.4351,0
-0.53425,0.093531,-0.21655,7.0545,-2.1618,0
0.13056,0.14483,-0.16378,4.0962,-2.5789,0
-0.15436,0.22178,-0.0917,-6.3715,-2.1186,0
-1.1041,0.17048,-0.027345,-3.1857,-3.4275,0
-1.389,0.067882,0.015128,7.282,-2.7371,0
-1.0091,-0.36816,0.026712,0.91037,-3.183,0
-0.15436,-0.6503,0.034435,-8.4196,-2.5501,0
-0.15436,-0.82984,0.08077,0.00013542,-1.8885,0
0.79538,-0.34251,0.16057,7.9647,-2.5358,0
1.8401,-0.034715,0.20433,-2.7306,-1.8454,0
0.89035,-0.13731,0.14899,-7.7369,-3.1542,0
0.22554,-0.52205,-0.00031657,3.4135,-2.8234,0
-0.059385,-0.6503,-0.11101,5.9167,-3.3412,0
-0.34431,-0.88114,-0.094274,-6.8267,-3.4275,0
-0.62923,-0.77854,0.00097052,-6.3715,-2.5501,0
-1.294,-0.98374,0.075622,7.0545,-2.9673,0
-1.1041,-1.035,0.082057,3.4135,-1.6584,0
-0.91415,-0.90679,0.12582,-7.7369,-2.4063,0
-0.7242,-0.18861,0.22364,-2.0479,-1.8885,0
0.98533,-0.26556,0.21205,7.7372,-2.0467,0
1.3652,-0.72725,0.073047,-1.1377,-2.4638,0
0.32051,-0.67595,-0.036355,-9.3298,-1.5721,0
-0.34431,-0.3938,0.0086931,1.8206,-2.4207,0
0.035589,-0.36816,0.12968,6.5994,-1.7303,0
0.60543,0.067882,0.13483,-4.3235,-2.6508,0
0.79538,0.40132,0.04087,-6.8267,-2.5214,0
0.98533,0.58087,-0.056948,5.234,-1.9604,0
0.41548,0.63217,-0.10586,4.0962,-2.2769,0
-0.53425,0.58087,-0.102,-6.3715,-1.3132,0
0.035589,0.24743,-0.080116,-3.4133,-2.133,0
1.3652,-0.23991,-0.00031657,7.9647,-1.6008,0
2.8848,-0.599,0.10909,2.2757,-1.6728,0
1.4602,-0.36816,0.16958,-7.7369,-1.8166,0
0.13056,-0.29121,0.17215,0.00013542,-0.88167,0
-1.294,-0.5477,0.19532,7.9647,-1.5002,0
-0.43928,-0.77854,0.28928,-1.8203,-0.52208,0
1.0803,-0.4451,0.39225,-7.9645,-1.2413,0
1.3652,-0.4451,0.45016,3.6411,-1.2125,0
0.41548,-1.0607,0.41413,6.3718,-1.1693,0
-1.1041,-1.035,0.297,-5.2337,-1.8597,0
-1.0091,-0.6503,0.18374,-5.4613,-0.86728,0
-0.24933,-0.34251,0.16186,5.4616,-1.6728,0
0.7004,-0.13731,0.21978,4.5513,-0.92482,0
1.5552,-0.0090658,0.23265,-8.192,-1.27,0
1.6501,-0.086014,0.21849,-3.1857,-1.5002,0
-0.24933,0.11918,0.1876,7.0545,-0.89605,0
-0.91415,0.55522,0.16572,2.2757,-1.644,0
-0.34431,1.1452,0.17215,-8.4196,-0.75222,0
-0.24933,1.299,0.25195,-0.45498,-1.4714,0
0.22554,0.86301,0.3768,7.9647,-1.083,0
0.60543,0.91431,0.47076,-0.9101,-0.86728,0
0.79538,0.96561,0.5068,-7.9645,-1.2988,0
1.6501,0.60652,0.47076,2.7309,-0.6803,0
1.4602,0.32437,0.38838,6.5994,-1.5433,0
0.98533,0.24743,0.2571,-3.6408,-0.70906,0
0.13056,0.45262,0.14641,-6.8267,-1.27,0
-1.1991,0.27308,0.12453,4.3238,-1.1262,0
-1.1991,0.11918,0.14641,5.234,-0.60838,0
-1.1041,-0.18861,0.17473,-6.3715,-1.083,0
-1.579,-0.5477,0.2069,-4.5511,0.024489,0
-0.43928,-0.67595,0.2468,6.1442,-0.70906,0
-0.15436,-0.88114,0.27383,2.9584,-0.1625,0
-0.62923,-0.7016,0.27769,-7.5093,-0.34948,0
-1.294,-0.67595,0.22492,-2.7306,-0.6803,0
-0.62923,-0.88114,0.19403,7.5096,0.19709,0
0.89035,-0.72725,0.19532,0.2277,-0.52208,0
1.3652,-0.95809,0.20562,-7.5093,0.61421,0
0.32051,-0.95809,0.18889,1.3655,0.31216,0
-1.1041,-0.72725,0.14126,6.8269,0.77243,0
-1.294,-0.5477,0.12453,-2.9581,1.3046,0
-1.389,0.067882,0.13354,-7.2818,1.0313,0
-0.53425,0.93996,0.092354,5.0064,2.1964,0
0.41548,1.9146,0.070473,4.7789,1.6354,0
0.13056,2.4789,0.091067,-6.8267,2.5704,0
-1.1991,2.402,0.12196,-4.0959,2.6135,0
-1.0091,2.3763,0.098789,8.4198,2.671,0
-0.059385,2.7098,0.043444,1.8206,3.5053,0
-0.059385,2.4789,0.039583,-7.7369,2.9731,0
0.035589,2.4533,0.087205,0.45525,4.0518,0
-0.059385,2.8124,0.15928,7.7372,3.4334,0
-0.34431,2.7611,0.17601,-1.5928,3.908,0
-0.62923,2.6585,0.17215,-7.5093,4.1813,0
0.32051,2.5559,0.15413,3.4135,3.908,0
0.035589,2.0172,0.10008,6.1442,4.9724,0
-1.1991,1.6068,0.021564,-6.5991,4.3395,0
-1.1991,1.376,-0.015762,-6.3715,5.1737,0
0.7004,1.0939,0.0061189,6.5994,4.7135,0
1.2702,0.68346,0.084631,3.6411,4.6416,0
-0.34431,0.37567,0.1477,-7.5093,4.9292,0
-1.7689,0.19613,0.17601,-1.8203,3.908,0
-1.484,0.11918,0.19017,6.8269,4.6991,0
-1.6739,0.016583,0.18889,-1.1377,3.6635,0
-1.294,-0.0090658,0.14255,-8.6471,3.9224,0
-0.7242,-0.31686,0.065325,0.68281,3.7066,0
-0.62923,-0.26556,-0.0093262,6.8269,3.0594,0
-0.62923,-0.21426,-0.074968,-3.4133,3.5197,0
-0.62923,-0.23991,-0.12516,-6.5991,2.182,0
-0.059385,-0.16296,-0.10328,4.7789,2.5416,0
-0.81917,0.093531,-0.049226,4.5513,1.7073,0
-1.8639,0.17048,-0.035068,-7.5093,1.3621,0
-1.389,-0.11166,-0.032494,-5.4613,1.4628,0
-0.059385,-0.13731,-0.024771,7.0545,0.31216,0
0.035589,-0.16296,-0.010613,0.91037,0.90188,0
-1.389,0.067882,-0.045365,-8.6471,-0.3351,0
-1.7689,0.19613,-0.078829,-1.3652,-0.22003,0
-1.484,0.22178,-0.038929,7.9647,-0.6803,0
-0.53425,0.40132,0.011267,-1.3652,-1.4139,0
-0.059385,0.42697,-0.00031657,-7.5093,-1.0111,0
-0.43928,0.73476,-0.041503,3.4135,-2.0323,0
0.13056,0.35002,-0.077542,6.3718,-1.3132,0
1.2702,-0.086014,-0.0917,-5.4613,-1.8885,0
0.60543,-0.4451,-0.10586,-6.8267,-1.7447,0
-0.24933,-0.599,-0.10071,5.6891,-1.1837,0
-1.389,-0.57335,-0.069819,4.3238,-1.8741,0
-1.294,-0.29121,-0.055661,-6.144,-1.0255,0
-0.81917,-0.29121,-0.06081,-3.6408,-2.0323,0
0.035589,-0.52205,-0.095561,7.282,-1.5289,0
0.7004,-0.88114,-0.11487,1.5931,-1.4714,0
0.60543,-0.6503,-0.087839,-8.4196,-1.6008,0
-0.059385,-0.67595,-0.081403,-0.9101,-0.75222,0
-0.43928,-1.2659,-0.099422,8.1923,-1.4714,0
-0.7242,-1.4967,-0.10843,-1.1377,-0.55085,0
-0.62923,-1.9841,-0.095561,-7.7369,-1.2269,0
-0.7242,-1.8558,-0.086552,3.186,-1.2125,0
-0.7242,-1.548,-0.1213,6.1442,-0.99673,0
0.035589,-1.2402,-0.16635,-5.0062,-1.2988,0
-0.15436,-1.3685,-0.20496,-6.144,-0.090578,0
-1.1991,-1.5993,-0.23972,5.9167,-0.56523,0
-1.1991,-1.1889,-0.28734,4.3238,0.45599,0
-0.81917,-1.112,-0.31951,-7.2818,0.42722,0
0.7004,-1.1889,-0.28991,-3.6408,0.55667,0
1.8401,-0.80419,-0.21526,7.9647,1.5204,0
2.22,-0.72725,-0.17665,1.1379,1.1895,0
1.6501,-1.0863,-0.17665,-8.4196,2.8293,0
0.32051,-0.93244,-0.13546,-0.45498,2.9587,0
-1.0091,-0.52205,-0.062097,7.5096,4.1094,0
-2.7186,-0.599,-0.0080391,-2.7306,4.7135,0
-1.294,-1.0863,0.021564,-7.7369,4.4546,0
1.4602,-0.82984,0.097502,3.6411,5.2025,0
1.1753,-1.0607,0.18245,5.4616,4.0518,0
-0.81917,-1.4967,0.21205,-6.144,4.6703,0
-0.62923,-1.4454,0.167,-5.9164,4.0518,0
-0.15436,-1.2402,0.11552,5.4616,4.2532,0
-0.53425,-1.3685,0.070473,3.186,4.8429,0
0.7004,-1.3685,0.013841,-7.2818,4.5409,0
0.51046,-1.3941,-0.0041778,-2.9581,5.6053,0
-1.7689,-1.4198,0.052454,8.1923,4.7566,0
-1.8639,-1.5993,0.1181,0.45525,5.3032,0
-0.34431,-1.1633,0.15542,-9.1023,4.8573,0
-0.24933,-1.0863,0.16314,1.8206,4.4258,0
0.41548,-1.3685,0.17344,7.5096,4.8429,0
0.60543,-1.625,0.20948,-2.9581,3.9368,0
0.60543,-1.4711,0.22364,-7.2818,4.958,0
0.79538,-1.4454,0.20176,5.4616,4.5121,0
0.79538,-1.4198,0.17215,5.9167,4.9436,0
0.22554,-1.4454,0.16057,-5.6889,4.9292,0
0.13056,-1.2659,0.1477,-5.2337,3.9368,0
0.7004,-0.88114,0.11681,7.282,4.095,0
1.5552,-0.80419,0.10265,2.9584,2.5704,0
1.3652,-1.5224,0.061464,-7.7369,2.9156,0
0.22554,-1.6506,0.013841,-1.5928,2.4265,0
-0.43928,-1.3428,0.0035447,8.4198,2.5272,0
0.13056,-1.6506,-0.015762,0.00013542,2.7142,0
0.51046,-1.8302,-0.062097,-8.192,1.7505,0
1.5552,-1.7276,-0.054374,2.0482,2.0957,0
1.4602,-1.548,-0.024771,6.5994,0.82996,0
0.32051,-1.7276,0.033148,-3.6408,1.2039,0
-0.34431,-1.7789,0.0099801,-7.7369,1.0026,0
-0.43928,-1.4711,-0.087839,4.7789,0.90188,0
-0.059385,-1.3685,-0.1612,5.4616,1.5491,0
1.3652,-1.1633,-0.15992,-7.0542,0.51352,0
1.2702,-1.1376,-0.089126,-5.0062,1.0169,0
0.22554,-1.3428,-0.0028907,7.0545,-0.076195,0
-0.62923,-1.112,0.043444,2.9584,0.11079,0
0.22554,0.11918,0.013841,-7.7369,0.59983,0
-0.059385,0.93996,-0.056948,-1.5928,0.45599,0
-0.53425,0.68346,-0.16506,7.5096,1.5923,0
0.22554,0.37567,-0.32209,-0.9101,0.81558,0
0.60543,0.42697,-0.45208,-7.9645,1.5635,0
0.22554,1.0426,-0.41347,2.0482,1.2039,0
-0.43928,1.0939,-0.28219,6.3718,1.1176,0
-0.62923,1.0426,-0.23199,-5.2337,1.5635,0
-0.53425,0.99126,-0.2217,-6.5991,0.82996,0
-0.7242,0.99126,-0.21783,4.7789,1.8512,0
-0.43928,0.99126,-0.21912,4.0962,1.0601,0
-0.059385,1.0169,-0.21912,-7.0542,1.7361,0
-0.059385,1.0169,-0.21783,-3.8684,1.693,0
-1.1991,1.0169,-0.22041,7.7372,1.3909,0
-1.1991,1.0939,-0.2217,2.2757,2.3258,0
-0.34431,1.6068,-0.23199,-7.7369,1.4916,0
0.60543,1.6838,-0.23457,-0.9101,2.4265,0
1.4602,1.2734,-0.24229,7.7372,1.6498,0
0.79538,1.3503,-0.24229,0.2277,1.7505,0
0.22554,1.4273,-0.21269,-7.7369,1.9806,0
0.41548,1.4016,-0.20368,2.5033,1.5491,0
-0.059385,1.0939,-0.18952,7.282,2.6998,0
0.32051,0.78606,-0.10071,-4.0959,2.0094,0
0.51046,0.91431,-0.014475,-7.0542,2.9875,0
0.89035,1.0169,0.062751,5.6891,3.0306,0
0.13056,0.99126,0.08978,5.234,2.8436,0
0.32051,1.0169,0.092354,-7.7369,3.419,0
0.7004,1.0426,0.094928,-3.6408,2.2395,0
0.89035,1.0169,0.094928,7.7372,2.6423,0
0.89035,0.99126,0.092354,2.9584,1.6354,0
0.7004,1.0426,0.094928,-7.5093,1.693,0
-0.53425,0.99126,0.094928,-1.3652,1.9087,0
-0.91415,0.81171,0.07176,7.7372,1.506,0
0.035589,0.093531,-0.027345,-1.5928,2.2252,0
1.4602,-0.034715,-0.16764,-7.7369,0.94503,0
0.7004,0.45262,-0.29506,2.5033,0.98818,0
0.60543,0.78606,-0.30664,6.8269,-0.004278,0
1.4602,0.65782,-0.25387,-5.2337,-0.60838,0
0.7004,0.70911,-0.24615,-7.5093,-0.29195,0
-0.24933,0.91431,-0.24744,5.4616,-1.0687,0
-0.62923,0.65782,-0.17922,4.3238,-0.033045,0
-0.15436,0.37567,-0.11101,-7.7369,-0.62276,0
0.7004,0.55522,-0.0518,-4.5511,-0.11935,0
1.5552,0.78606,-0.024771,6.8269,-0.22003,0
1.4602,0.76041,-0.041503,2.0482,-0.92482,0
0.79538,0.58087,-0.102,-9.1023,-0.34948,0
-0.53425,0.24743,-0.11615,-0.68254,-1.3132,0
0.32051,0.24743,-0.092987,7.5096,-0.66591,0
1.1753,0.14483,-0.095561,-1.8203,-1.0974,0
0.32051,0.11918,-0.10714,-7.7369,-1.2269,0
-1.1041,-0.34251,-0.12259,2.5033,-1.0687,0
-1.1991,-0.4451,-0.11744,6.1442,-2.0467,0
-0.7242,-0.0090658,-0.12774,-5.0062,-1.4282,0
0.7004,0.19613,-0.16378,-5.6889,-2.5933,0
1.2702,0.40132,-0.15091,5.9167,-2.133,0
0.7004,-0.060364,-0.15219,3.8687,-2.5358,0
-0.62923,-0.36816,-0.14833,-7.5093,-3.1111,0
-1.1041,-0.11166,-0.11101,-2.503,-2.5358,0
0.035589,-0.4451,-0.077542,7.9647,-3.4131,0
1.2702,-0.5477,-0.15992,0.00013542,-2.2481,0
0.60543,-0.3938,-0.27961,-8.4196,-2.7084,0
-0.15436,-0.47075,-0.30278,1.5931,-2.2193,0
-1.1991,-0.36816,-0.25001,7.282,-1.8741,0
-0.059385,-0.62465,-0.16249,-3.1857,-2.4638,0
0.89035,-0.93244,-0.10457,-7.5093,-1.7159,0
0.13056,-0.95809,-0.062097,4.5513,-2.7947,0
-0.34431,-0.93244,-0.050513,5.0064,-2.1186,0
0.035589,-0.75289,-0.087839,-6.144,-2.4495,0
1.2702,-1.035,-0.14061,-4.0959,-2.4495,0
2.125,-1.5737,-0.1818,6.8269,-1.8454,0
1.6501,-1.5993,-0.12388,2.2757,-2.6508,0
-0.34431,-2.1123,0.012554,-7.9645,-1.7734,0
-1.8639,-2.5227,0.11166,-1.8203,-2.6796,0
-1.389,-2.6509,0.12196,7.7372,-2.3919,0
0.60543,-2.7022,0.12711,0.00013542,-2.6077,0
1.7451,-2.9587,0.15671,-7.9645,-3.1542,0
2.315,-3.01,0.17601,1.8206,-2.4638,0
1.5552,-2.9331,0.22235,7.0545,-3.2837,0
0.98533,-3.3435,0.29571,-3.6408,-2.3488,0
0.22554,-3.4204,0.35749,-7.5093,-2.881,0
0.89035,-3.01,0.39096,4.5513,-2.6221,0
1.2702,-2.3688,0.4064,4.5513,-2.3344,0
1.6501,-2.9074,0.43858,-6.5991,-2.7659,0
0.7004,-3.7795,0.47205,-5.0062,-1.7447,0
-0.24933,-4.2925,0.47462,6.5994,-2.5501,0
-0.62923,-3.8308,0.4463,2.0482,-1.5721,0
-0.53425,-3.5743,0.43215,-7.7369,-1.831,0
-1.294,-3.3435,0.36522,-0.45498,-1.9173,0
-1.1991,-3.0357,0.27126,7.7372,-1.6008,0
-0.059385,-3.0357,0.24423,-1.3652,-2.5358,0
-0.81917,-3.0613,0.25453,-7.9645,-1.6871,0
-1.1991,-3.1383,0.27641,3.186,-2.5789,0
0.60543,-3.3435,0.29829,6.3718,-2.0467,0
1.9351,-3.1383,0.32532,-4.7786,-2.0755,0
2.22,-2.7535,0.31631,-5.9164,-2.507,0
2.22,-2.7792,0.29185,6.8269,-1.8166,0
2.9798,-3.1639,0.28928,5.0064,-2.9097,0
2.315,-3.01,0.30472,-7.2818,-2.2912,0
1.2702,-2.3944,0.30472,-3.1857,-3.0248,0
0.22554,-1.7276,0.29314,6.8269,-2.8953,0
0.41548,-1.7532,0.25324,1.8206,-2.5501,0
0.41548,-1.4198,0.20948,-7.2818,-3.1542,0
1.0803,-0.75289,0.18889,0.2277,-2.0036,0
0.89035,-0.52205,0.20176,7.7372,-2.7515,0
0.13056,-1.0094,0.22879,-2.503,-2.0611,0
-0.53425,-0.93244,0.17601,-7.9645,-2.3344,0
0.22554,-0.41945,0.074335,3.6411,-2.7803,0
-0.15436,-0.18861,0.012554,5.6891,-2.3919,0
-0.34431,0.11918,-0.0119,-6.3715,-3.3988,0
-0.059385,0.47827,-0.037642,-5.4613,-2.6796,0
2.03,0.37567,-0.087839,6.3718,-3.5426,0
3.2647,-0.23991,-0.102,3.186,-3.1111,0
2.4099,-0.18861,-0.08269,-7.2818,-2.996,0
2.03,0.14483,-0.080116,-2.503,-3.6433,0
0.79538,0.50392,-0.089126,7.282,-3.0536,0
-0.43928,0.47827,-0.044078,0.45525,-4.3337,0
-0.059385,0.067882,0.013841,-8.4196,-4.0172,0
-0.7242,-0.086014,0.011267,0.45525,-4.8083,0
-1.1991,0.29873,-0.014475,6.8269,-5.1248,0
-0.24933,0.067882,-0.02091,-3.1857,-4.5063,0
-0.15436,0.52957,-0.047939,-7.9645,-4.8515,0
-0.43928,1.1452,-0.089126,3.4135,-3.3268,0
0.79538,1.376,-0.096848,5.4616,-3.744,0
1.2702,1.5299,-0.11101,-7.0542,-3.0104,0
-0.43928,2.0429,-0.1316,-5.4613,-3.0823,0
-1.7689,2.0685,-0.15091,6.5994,-3.4851,0
-2.1488,2.7611,-0.16893,3.186,-2.7659,0
-1.9589,2.915,-0.2011,-8.192,-3.557,0
-0.91415,2.5302,-0.25773,-1.3652,-2.4638,0
-0.24933,2.4533,-0.28348,7.7372,-2.7371,0
-1.9589,2.838,-0.28476,-1.8203,-2.2337,0
-2.0538,3.0688,-0.28862,-7.9645,-1.8166,0
0.32051,3.3766,-0.31694,2.2757,-2.3056,0
0.41548,3.3253,-0.29892,6.1442,-1.3276,0
-0.24933,2.8637,-0.25902,-5.2337,-2.0755,0
-0.62923,2.6328,-0.24744,-6.144,-1.1981,0
-0.81917,2.325,-0.2011,5.9167,-1.3419,0
0.035589,2.325,-0.1419,4.3238,-1.155,0
0.7004,2.2994,-0.11873,-7.0542,-0.47893,0
-0.7242,2.1711,-0.095561,-1.8203,-1.0399,0
-1.1041,1.9916,-0.083977,8.875,0.038872,0
-1.484,1.8633,-0.10457,1.8206,-0.79537,0
-2.0538,1.7864,-0.098135,-7.9645,-0.26318,0
-2.3388,1.6068,-0.045365,0.91037,-0.13373,0
-2.9086,1.812,-0.062097,7.7372,-0.49331,0
-2.1488,2.0172,-0.14447,-1.8203,0.47037,0
-0.34431,1.7607,-0.20368,-7.7369,-0.32071,0
0.89035,1.9146,-0.2011,4.0962,0.65736,0
0.22554,2.5046,-0.1715,6.8269,0.42722,0
0.13056,2.915,-0.11744,-5.0062,0.80119,0
0.7004,3.0688,-0.037642,-5.9164,1.5923,0
0.7004,3.1201,0.015128,6.3718,1.1752,0
-0.53425,3.351,-0.02091,3.186,2.4121,0
-1.0091,2.9919,-0.11615,-7.9645,1.8368,0
-0.62923,2.6328,-0.1213,-2.7306,2.4984,0
0.60543,3.0432,-0.022197,7.282,2.3546,0
2.03,3.6844,0.037009,0.45525,1.9662,0
1.5552,4.2487,0.011267,-8.4196,2.6279,0
0.41548,4.6078,0.012554,1.1379,1.9662,0
-0.059385,4.2231,0.0099801,7.282,2.9875,0
-0.059385,3.4536,0.012554,-2.9581,2.7573,0
0.7004,3.1458,0.043444,-8.192,3.1601,0
0.79538,2.915,0.13097,3.8687,3.534,0
0.13056,2.5302,0.20819,5.234,2.9299,0
-0.53425,2.7098,0.16572,-6.3715,3.7354,0
-0.62923,3.1971,0.035722,-5.2337,2.8005,0
0.13056,3.0945,-0.083977,5.6891,3.3902,0
0.7004,2.838,-0.12388,2.2757,3.2176,0
0.79538,2.9663,-0.064671,-7.9645,3.0738,0
0.13056,2.7354,0.024138,-2.0479,3.6635,0
0.13056,2.838,0.079483,7.282,2.8724,0
-0.059385,3.1971,0.051167,-0.45498,3.7354,0
-0.43928,3.1971,-0.02091,-7.9645,2.9443,0
0.7004,3.0688,-0.036355,0.91037,3.3327,0
1.3652,2.915,-0.0041778,6.3718,3.4334,0
-0.43928,2.915,0.075622,-3.4133,2.9012,0
-1.1991,2.6585,0.17988,-7.0542,3.8073,0
-0.91415,2.2737,0.28027,4.3238,2.9012,0
-0.43928,2.5046,0.3266,5.6891,3.6779,0
-0.62923,3.0175,0.33947,-5.4613,3.0594,0
-1.1991,3.351,0.30086,-5.9164,2.9875,0
-1.294,3.1458,0.26997,6.8269,3.1313,0
-0.15436,2.7098,0.23908,3.6411,2.3402,0
-0.24933,2.2994,0.13998,-6.8267,3.1025,0
0.41548,2.7354,0.091067,-2.2755,2.1388,0
0.7004,2.6585,0.16186,7.0545,2.6135,0
0.79538,2.4276,0.26611,0.00013542,2.182,0
1.4602,2.5046,0.3266,-8.192,1.7505,0
1.4602,2.2994,0.25067,1.5931,2.1532,0
0.32051,1.889,0.10136,7.0545,1.0457,0
-1.1991,1.6068,-0.022197,-4.0959,1.7361,0
-1.8639,1.7351,-0.11615,-6.3715,0.93064,0
-0.059385,1.7864,-0.19209,5.234,1.2327,0
1.1753,1.5555,-0.18952,4.3238,1.5635,0
0.32051,1.376,-0.13546,-6.3715,1.2183,0
0.32051,0.91431,-0.087839,-5.0062,2.1388,0
0.51046,0.88866,-0.067245,7.7372,1.3478,0
0.13056,1.6068,-0.08269,2.7309,2.2252,0
-1.1041,1.4529,-0.096848,-8.4196,1.8224,0
-1.294,0.42697,-0.08269,-2.7306,2.0238,0
-0.7242,-0.18861,-0.072394,7.9647,2.4409,0
-0.7242,-0.0090658,-0.059523,-0.45498,2.182,0
-0.7242,0.29873,-0.065958,-7.7369,3.2608,0
0.035589,0.65782,-0.12002,1.1379,2.5847,0
-0.24933,0.35002,-0.17665,7.282,3.2751,0
-0.53425,-0.086014,-0.21269,-3.4133,2.9012,0
0.13056,-0.086014,-0.25387,-7.5093,2.7573,0
0.79538,0.27308,-0.29506,4.3238,3.4046,0
0.035589,0.40132,-0.29506,4.5513,2.9731,0
-1.0091,0.76041,-0.30021,-6.5991,4.469,0
-1.9589,0.58087,-0.26031,-5.2337,4.2101,0
-1.484,0.22178,-0.19338,6.8269,4.9436,0
-0.62923,0.68346,-0.094274,2.5033,4.9724,0
-0.62923,0.42697,0.00097052,-7.7369,4.5121,0
0.13056,-0.11166,0.074335,-1.1377,5.3895,0
0.60543,-0.034715,0.14255,7.7372,4.8717,0
1.4602,-0.13731,0.22106,0.45525,6.2813,0
1.2702,-0.599,0.25839,-7.7369,6.2381,0
0.22554,-1.112,0.21077,1.3655,6.6696,0
-0.24933,-1.2402,0.12324,7.282,6.9861,0
-0.059385,-0.7016,0.056315,-3.4133,5.9936,0
0.79538,-0.16296,0.017703,-6.3715,6.4826,0
-0.059385,-0.18861,0.0022576,5.234,5.1594,0
-1.1991,-0.57335,0.0099801,5.4616,5.5621,0
-1.1991,-0.95809,0.04988,-6.3715,5.2457,0
0.41548,-1.6506,0.12711,-4.5511,5.0299,0
2.5049,-2.0097,0.23908,6.1442,5.6053,0
3.5496,-1.9071,0.27898,3.186,4.6416,0
3.2647,-1.5737,0.1979,-7.5093,5.4902,0
1.0803,-1.7532,0.038296,-1.1377,4.958,0
-0.24933,-2.0097,-0.049226,7.7372,5.7922,0
-0.43928,-1.8302,-0.054374,-0.22742,6.3532,0
0.035589,-1.5224,-0.040216,-7.5093,5.9073,0
1.2702,-1.1889,-0.036355,1.8206,6.5114,0
1.4602,-1.3685,-0.058236,6.8269,5.2169,0
0.32051,-1.6763,-0.10714,-3.1857,5.5046,0
-0.62923,-1.8045,-0.13675,-7.0542,4.8285,0
0.035589,-1.8302,-0.14061,5.0064,4.6128,0
0.035589,-1.9584,-0.15863,4.3238,4.9868,0
0.13056,-2.5227,-0.19209,-7.5093,4.2101,0
-0.059385,-3.1639,-0.21397,-5.2337,4.771,0
-0.059385,-3.0613,-0.22942,6.5994,3.5916,0
-0.059385,-2.5996,-0.2114,2.0482,3.9655,0
-1.1041,-2.6253,-0.15734,-8.192,3.6635,0
-0.53425,-2.9331,-0.13675,-1.1377,3.3614,0
0.51046,-2.8561,-0.1715,7.9647,4.0518,0
0.79538,-2.9587,-0.19081,-0.9101,3.2895,0
1.5552,-2.7535,-0.18566,-7.9645,4.2676,0
1.4602,-2.4457,-0.1316,0.68281,3.6347,0
1.0803,-1.7019,-0.045365,6.3718,3.8792,0
0.13056,-1.1889,0.0099801,-2.2755,3.8649,0
0.22554,-1.4454,0.033148,-7.5093,2.6854,0
0.7004,-2.1123,0.066612,4.0962,2.9587,0
0.32051,-2.8561,0.12196,5.4616,1.6354,0
-0.91415,-3.2665,0.17215,-5.6889,2.0238,0
-1.1991,-3.1126,0.18502,-5.0062,1.7217,0
-0.7242,-2.6253,0.16057,7.5096,1.5635,0
-0.62923,-1.7789,0.12196,3.4135,2.1101,0
-1.294,-1.548,0.074335,-6.8267,1.1032,0
-1.1991,-1.7276,-0.010613,-0.68254,1.7073,0
-1.0091,-1.9328,-0.098135,7.5096,0.54229,0
0.035589,-2.4201,-0.12516,-0.9101,0.45599,0
-0.24933,-2.4457,-0.11487,-7.9645,0.38407,0
0.79538,-1.7532,-0.095561,2.7309,0.11079,0
1.8401,-1.4454,-0.06081,7.5096,1.4484,0
0.98533,-1.3172,-0.035068,-3.1857,0.82996,0
-0.91415,-0.75289,0.012554,-6.8267,1.4484,0
-1.1991,-0.4964,0.076909,5.0064,0.62859,0
-0.34431,-1.2915,0.10394,5.4616,0.24024,0
0.13056,-2.3431,0.083344,-6.3715,0.45599,0
-0.53425,-2.6766,0.0099801,-4.3235,-0.27756,0
-0.62923,-1.8302,-0.062097,6.8269,0.54229,0
-0.62923,-1.2915,-0.090413,2.7309,-0.52208,0
-0.059385,-1.3172,-0.1213,-7.7369,-0.14811,0
0.41548,-1.5737,-0.13417,-2.9581,-0.594,0
0.79538,-2.4457,-0.12259,8.1923,-1.2556,0
0.13056,-3.087,-0.068532,0.2277,-0.69468,0
0.13056,-2.7792,-0.02992,-8.4196,-1.5865,0
0.13056,-2.061,-0.090413,1.5931,-0.60838,0
0.32051,-1.5993,-0.21397,7.282,-1.1693,0
1.9351,-1.2915,-0.30793,-3.1857,-1.2269,0
2.125,-0.67595,-0.34526,-7.7369,-1.2413,0
0.32051,-0.34251,-0.31694,3.186,-2.0611,0
-0.24933,0.27308,-0.26031,5.4616,-1.0111,0
-1.389,1.1452,-0.27704,-6.144,-1.4139,0
0.22554,1.6325,-0.38258,-6.144,-0.49331,0
1.2702,1.2734,-0.44951,6.8269,-0.47893,0
1.1753,-0.21426,-0.371,4.0962,-1.0543,0
0.89035,-1.625,-0.22684,-7.7369,-0.63715,0
0.89035,-1.4198,-0.10843,-2.2755,-1.7447,0
1.0803,-0.7016,-0.02992,7.5096,-1.1981,0
-0.62923,-0.93244,0.025425,1.1379,-2.1043,0
-0.34431,-1.1633,0.042157,-7.5093,-1.8885,0
1.2702,-0.75289,0.027999,0.45525,-1.7159,0
0.51046,0.016583,0.043444,7.5096,-2.5358,0
-0.91415,0.45262,0.060177,-3.1857,-2.2337,0
-1.1041,0.60652,0.062751,-7.9645,-3.9166,0
1.1753,0.60652,0.085918,5.0064,-3.8734,0
2.5049,0.55522,0.11037,5.234,-4.4919,0
0.98533,0.32437,0.12968,-5.4613,-4.6214,0
-0.24933,0.52957,0.15285,-4.3235,-3.859,0
-1.0091,0.55522,0.18502,6.8269,-4.4631,0
-2.0538,0.60652,0.20176,2.2757,-3.4851,0
-0.059385,0.63217,0.23779,-8.192,-4.5351,0
1.0803,0.58087,0.30344,-0.9101,-4.5494,0
0.22554,0.37567,0.36522,7.0545,-5.2974,0
0.89035,0.50392,0.40126,-2.2755,-6.6638,0
2.03,0.58087,0.3871,-7.0542,-6.5631,0
1.5552,0.24743,0.35363,3.6411,-7.8576,0
0.22554,-0.16296,0.31888,6.1442,-7.0665,0
0.32051,-0.5477,0.26096,-5.6889,-7.872,0
-0.15436,-0.88114,0.22621,-5.4613,-8.2891,0
-0.34431,-0.93244,0.20304,6.1442,-8.6775,0
0.22554,-0.599,0.19532,3.186,-10.101,0
1.2702,-0.034715,0.1876,-7.0542,-9.6412,0
0.7004,0.016583,0.20948,-3.1857,-10.95,0
0.32051,-0.62465,0.29314,7.282,-10.72,0
0.035589,-0.95809,0.3665,0.91037,-11.252,0
-0.24933,-1.0094,0.39353,-8.6471,-12.288,0
0.035589,-0.93244,0.45145,0.45525,-12.201,0
0.51046,-0.41945,0.5068,6.8269,-13.467,0
1.4602,-0.0090658,0.4669,-3.8684,-12.834,0
1.4602,0.29873,0.31245,-7.2818,-13.395,0
0.32051,0.76041,0.17601,4.0962,-13.453,0
-0.059385,0.88866,0.070473,5.0064,-13.597,0
2.03,1.1708,-0.032494,-6.3715,-14.805,0
1.9351,1.0939,-0.080116,-5.6889,-14.431,0
0.41548,1.0426,-0.087839,6.1442,-15.653,0
1.0803,1.0426,-0.077542,2.5033,-15.092,0
1.7451,1.1195,-0.077542,-7.7369,-15.366,0
1.2702,0.40132,-0.10071,-1.8203,-15.653,0
0.41548,-0.26556,-0.11358,8.1923,-15.279,0
0.22554,-0.26556,-0.13546,0.2277,-16.358,0
1.3652,-0.13731,-0.22556,-8.192,-15.61,0
0.79538,0.067882,-0.29377,2.5033,-16.387,0
0.51046,0.22178,-0.27704,7.5096,-15.999,0
-0.62923,0.52957,-0.26546,-3.6408,-15.898,0
-1.6739,0.93996,-0.20625,-8.4196,-16.128,0
-0.62923,0.93996,-0.10843,4.0962,-15.208,0
0.51046,0.76041,0.039583,6.5994,-16.027,0
0.035589,0.93996,0.24809,-4.5511,-15.107,0
-0.43928,0.93996,0.36908,-5.4613,-15.51,0
-0.53425,0.58087,0.32918,6.5994,-15.294,0
-0.62923,0.35002,0.2069,4.5513,-14.963,0
0.22554,-0.0090658,0.0086931,-7.5093,-15.51,0
-0.059385,-0.75289,-0.21269,-3.4133,-14.229,0
0.22554,-1.2402,-0.3414,8.4198,-14.56,0
0.13056,-1.4454,-0.39545,1.1379,-13.51,0
-0.7242,-1.625,-0.44951,-7.7369,-13.496,0
-0.62923,-1.0863,-0.47783,0.45525,-13.827,0
-0.62923,-0.086014,-0.49842,7.5096,-12.992,0
-0.059385,0.68346,-0.50872,-1.8203,-13.568,0
-0.059385,1.0682,-0.51773,-8.192,-12.201,0
0.13056,1.7351,-0.47525,3.186,-12.547,0
0.89035,2.2224,-0.36585,5.9167,-12.23,0
1.5552,1.6325,-0.241,-4.3235,-11.885,0
0.60543,0.91431,-0.15091,-5.6889,-12.144,0
-0.81917,0.32437,-0.027345,5.9167,-10.821,0
-0.62923,0.14483,0.18374,4.7789,-11.482,0
0.41548,-0.4451,0.38066,-7.9645,-10.634,0
0.60543,-2.0354,0.47333,-4.7786,-10.821,0
0.035589,-2.8048,0.54927,6.5994,-10.72,0
0.89035,-1.4454,0.57373,1.8206,-9.8713,0
1.2702,0.17048,0.48749,-7.9645,-10.188,0
0.7004,1.4529,0.32274,-1.3652,-8.6056,0
1.4602,1.5299,0.22106,7.0545,-8.5912,0
2.03,-0.034715,0.19918,-0.68254,-7.3973,0
0.89035,-2.2919,0.19532,-7.9645,-6.7357,0
-0.7242,-3.1383,0.16958,1.8206,-6.6206,0
-1.1991,-2.9074,0.11295,6.8269,-5.3981,0
-0.7242,-2.5996,0.064038,-3.6408,-6.0741,0
-0.7242,-2.1636,0.016416,-6.5991,-5.1823,0
-0.7242,-0.98374,-0.032494,5.9167,-5.1392,0
-0.7242,-0.23991,-0.035068,4.5513,-4.4631,0
-0.43928,0.55522,0.0035447,-6.5991,-3.3412,0
-0.62923,1.376,0.0099801,-4.5511,-3.6433,0
0.13056,0.99126,-0.045365,7.282,-2.7084,0
-0.059385,0.24743,-0.076255,2.2757,-3.5138,0
0.32051,0.14483,-0.00031657,-7.0542,-2.8522,0
-0.15436,-0.18861,0.14512,-0.9101,-2.4207,0
0.22554,-0.47075,0.31759,7.7372,-1.9317,0
0.7004,-0.75289,0.47591,-1.1377,-0.3351,0
0.22554,-1.2915,0.55957,-7.5093,-0.40701,0
0.22554,-1.6763,0.57501,3.4135,1.0745,0
0.7004,-1.5224,0.53511,6.8269,0.65736,0
-0.53425,-0.29121,0.43343,-4.7786,0.71489,0
-0.24933,0.73476,0.20948,-6.144,0.72928,0
0.41548,1.299,-0.028633,5.9167,0.32654,0
0.89035,1.299,-0.14704,4.5513,1.6786,0
0.13056,0.63217,-0.13289,-6.8267,1.506,0
0.32051,-0.57335,-0.022197,-2.9581,2.9012,0
1.4602,-1.3428,0.04087,8.1923,2.743,0
0.035589,-1.3172,0.030574,0.68281,2.5704,0
-0.81917,-0.82984,0.0035447,-7.9645,2.7286,0
0.60543,-0.4451,-0.0054649,0.2277,1.4916,0
0.32051,0.58087,-0.015762,7.7372,2.0382,0
-0.24933,0.96561,-0.040216,-2.2755,0.93064,0
0.22554,0.91431,-0.032494,-7.5093,1.2615,0
1.4602,0.52957,0.0022576,4.3238,1.3621,0
2.03,1.1452,0.0048318,5.9167,0.98818,0
0.98533,2.9663,-0.089126,-5.9164,1.7217,0
-0.24933,5.6594,-0.23843,-6.144,0.52791,0
-0.34431,7.6601,-0.27961,6.1442,1.0313,0
-0.43928,7.7114,-0.25902,4.0962,0.19709,0
0.13056,5.9929,-0.2513,-7.9645,0.22586,0
0.7004,3.787,-0.26546,-3.6408,0.80119,0
0.89035,1.3503,-0.13031,7.7372,0.48476,0
0.035589,0.24743,0.078196,0.00013542,1.7505,0
-0.62923,0.37567,0.22492,-7.7369,1.1464,0
-0.81917,0.63217,0.27512,0.00013542,1.8656,0
-2.0538,1.0169,0.23007,7.7372,1.621,0
-2.8136,1.1708,0.091067,-2.503,1.0026,0
-1.1041,1.2477,-0.038929,-7.7369,1.1608,0
0.32051,1.5299,-0.102,3.186,-0.14811,0
0.32051,1.4273,-0.1316,5.4616,0.34092,0
-0.34431,0.83736,-0.11101,-6.3715,-0.63715,0
-0.91415,0.65782,-0.050513,-5.6889,-0.69468,0
0.13056,0.68346,-0.015762,7.9647,-0.78098,0
-0.15436,1.0169,-0.050513,3.8687,-1.7734,0
0.22554,1.4529,-0.12259,-6.8267,-1.1981,0
0.79538,1.1452,-0.15219,-1.1377,-2.3919,0
1.3652,0.81171,-0.1316,7.5096,-1.9317,0
1.4602,1.1965,-0.13804,1.3655,-2.2337,0
1.0803,1.4529,-0.14318,-7.9645,-2.694,0
0.98533,1.7864,-0.076255,0.2277,-2.5358,0
0.035589,2.0429,0.0048318,7.282,-3.9022,0
0.32051,1.6325,0.064038,-2.7306,-3.3268,0
0.13056,1.1965,0.11681,-7.9645,-4.1755,0
-0.62923,1.2221,0.167,4.7789,-3.8015,0
-1.389,1.9916,0.20948,5.234,-3.6001,0
0.035589,2.4789,0.25453,-7.5093,-4.046,0
0.98533,2.5815,0.29314,-4.5511,-3.1542,0
1.7451,2.4533,0.26482,7.282,-4.0604,0
1.4602,2.7354,0.14126,2.7309,-3.6001,0
0.41548,3.6331,-0.036355,-8.4196,-4.6645,0
-1.1041,4.377,-0.24358,-2.9581,-5.3837,0
-1.294,4.4026,-0.41733,7.5096,-5.1392,0
-0.81917,4.2231,-0.54862,0.00013542,-5.8152,0
-1.484,4.0435,-0.6104,-8.192,-4.4775,0
-1.1991,4.7873,-0.61683,1.3655,-4.9234,0
-0.7242,5.0951,-0.5705,6.1442,-4.3768,0
-0.62923,3.9666,-0.54604,-3.1857,-4.4056,0
-1.389,3.1201,-0.54604,-7.7369,-5.0672,0
-1.1991,3.5562,-0.49198,4.0962,-4.5638,0
-0.81917,3.2484,-0.41605,5.4616,-5.8583,0
-0.059385,1.9659,-0.38129,-6.144,-5.4268,0
-0.059385,1.1965,-0.3903,-6.3715,-6.0597,0
-1.1991,0.96561,-0.37486,5.4616,-5.7145,0
-1.8639,1.9146,-0.27704,3.186,-4.7364,0
-1.294,2.4276,-0.14061,-7.7369,-5.1104,0
-1.579,1.3247,-0.032494,-3.8684,-4.1898,0
-1.8639,0.19613,0.070473,7.282,-5.1823,0
-0.059385,0.63217,0.18245,1.1379,-4.6789,0
0.51046,0.78606,0.26482,-8.4196,-4.6933,0
-1.0091,0.19613,0.33433,0.00013542,-5.1248,0
-0.53425,0.042233,0.35878,7.5096,-4.6645,0
1.1753,-0.23991,0.32146,-1.8203,-5.7864,0
1.2702,-1.1376,0.30987,-7.2818,-5.0385,0
0.32051,-2.0354,0.32918,2.7309,-5.7145,0
0.51046,-2.2919,0.34462,7.282,-5.3837,0
-0.15436,-2.6766,0.38066,-3.4133,-5.0816,0
-1.1991,-3.3435,0.44502,-6.144,-5.6857,0
-0.43928,-3.6769,0.49393,5.234,-4.9234,0
0.41548,-3.6256,0.4862,5.4616,-5.8152,0
0.7004,-3.523,0.45789,-5.9164,-4.9234,0
1.6501,-3.4717,0.45274,-4.7786,-5.3118,0
1.3652,-3.3691,0.46818,7.0545,-5.2398,0
0.22554,-2.7279,0.45403,2.9584,-4.6933,0
0.7004,-1.9841,0.38838,-7.7369,-5.096,0
1.9351,-1.5224,0.32403,-2.2755,-3.7152,0
1.6501,-1.0607,0.2468,8.875,-3.9885,0
1.0803,-0.6503,0.26482,-0.45498,-2.7515,0
0.13056,-0.36816,0.34334,-8.6471,-2.8378,0
-0.53425,-0.4964,0.42828,1.1379,-3.3412,0
0.22554,-0.4964,0.47977,7.5096,-3.1111,0
0.79538,-0.086014,0.50165,-2.9581,-4.3337,0
-0.059385,0.042233,0.46818,-7.9645,-3.4994,0
0.22554,-0.75289,0.45403,5.234,-4.1611,0
0.60543,-1.6506,0.45403,5.234,-3.6001,0
1.3652,-2.138,0.41927,-6.8267,-3.7152,0
0.60543,-2.5996,0.35749,-5.4613,-4.4344,0
-0.15436,-2.7792,0.30086,6.3718,-3.9166,0
0.7004,-2.1123,0.27641,3.4135,-4.9666,0
2.7898,-1.4198,0.28413,-7.7369,-3.9597,0
2.125,-0.599,0.25839,-2.2755,-4.233,0
1.8401,-0.36816,0.19403,7.5096,-3.6145,0
2.315,-0.67595,0.12582,-0.68254,-2.9529,0
2.315,-0.82984,0.04087,-7.7369,-3.2981,0
1.4602,-1.1889,0.0061189,2.2757,-2.3056,0
0.22554,-1.0607,0.007406,7.0545,-3.0104,0
-0.62923,-0.85549,0.030574,-3.1857,-2.1043,0
0.79538,-0.85549,0.062751,-7.2818,-1.7734,0
0.51046,-0.3938,0.097502,4.0962,-1.4858,0
-1.0091,-0.23991,0.10651,5.6891,-0.53646,0
-0.91415,-0.52205,0.087205,-5.6889,-1.0974,0
-0.24933,-0.4964,0.076909,-4.7786,-0.1625,0
0.60543,0.17048,0.017703,6.8269,-1.2125,0
0.13056,1.0426,-0.045365,2.7309,-1.1118,0
0.89035,1.0169,-0.080116,-7.9645,-1.6296,0
1.3652,0.86301,-0.096848,-1.3652,-2.1474,0
-0.53425,1.0169,-0.102,7.282,-1.3851,0
-1.0091,1.1452,-0.089126,-0.22742,-1.946,0
0.79538,0.76041,-0.050513,-7.9645,-0.72345,0
1.3652,0.32437,-0.038929,2.2757,-1.0111,0
1.2702,0.29873,-0.046652,7.0545,-0.594,0
0.79538,0.52957,-0.065958,-3.8684,-0.34948,0
2.22,0.76041,-0.089126,-6.8267,-1.1262,0
3.4546,1.2477,-0.12645,5.6891,-0.46455,0
2.125,1.8377,-0.1612,5.234,-1.4714,0
0.51046,2.5046,-0.17793,-6.8267,-0.96797,0
0.41548,2.6841,-0.20368,-4.3235,-1.3563,0
0.60543,2.2994,-0.21011,7.0545,-1.7447,0
1.4602,2.838,-0.19209,1.8206,-1.2988,0
0.51046,3.274,-0.19467,-7.0542,-2.1762,0
0.98533,3.4279,-0.2217,-1.5928,-1.2556,0
1.9351,3.1714,-0.26932,7.5096,-1.8885,0
0.89035,2.8893,-0.27318,-1.1377,-1.3132,0
-0.059385,3.1458,-0.29892,-8.192,-0.83852,0
0.13056,3.6588,-0.3504,1.8206,-0.91043,0
1.3652,3.864,-0.41347,6.8269,0.21147,0
0.60543,3.6331,-0.45852,-5.2337,-0.46455,0
0.51046,3.4279,-0.3903,-7.2818,0.49914,0
0.60543,3.4536,-0.28348,6.3718,0.22586,0
0.79538,4.3,-0.29892,3.6411,0.22586,0
-0.15436,4.3257,-0.42377,-6.8267,0.91626,0
-0.43928,4.0948,-0.53832,-5.0062,0.42722,0
0.13056,4.4026,-0.59109,6.3718,1.9231,0
1.4602,5.1464,-0.55891,3.4135,1.9662,0
2.03,5.0438,-0.51644,-7.9645,3.3614,0
1.6501,4.5052,-0.46238,-3.1857,4.0518,0
0.13056,4.0692,-0.41733,6.8269,3.9512,0
0.13056,3.8383,-0.37872,1.1379,4.5409,0
0.51046,3.6588,-0.36714,-7.5093,3.2464,0
0.7004,3.6588,-0.36842,1.3655,3.4046,0
-0.62923,3.2227,-0.34397,6.8269,1.9231,0
-1.1991,2.7354,-0.29377,-2.0479,1.4628,0
0.035589,2.0685,-0.25259,-7.2818,1.0313,0
0.7004,1.6068,-0.20882,3.6411,0.49914,0
0.22554,1.6325,-0.11873,6.1442,1.5923,0
0.41548,1.7094,-0.044078,-4.5511,1.3334,0
-0.059385,2.3763,-0.032494,-5.4613,2.9875,0
-0.34431,2.5046,-0.026058,6.3718,3.0019,0
0.32051,2.0172,0.042157,4.5513,3.4477,0
2.03,1.1708,0.091067,-6.8267,3.9512,0
3.4546,0.65782,0.084631,-3.1857,3.5197,0
1.9351,1.1452,0.033148,8.1923,4.6559,0
-0.059385,1.3503,0.00097052,0.68281,4.0375,0
0.22554,1.0426,-0.017049,-8.192,5.0731,0
1.3652,0.35002,-0.047939,1.3655,5.2744,0
1.3652,0.067882,-0.096848,7.282,5.447,0
0.22554,0.32437,-0.13546,-3.1857,6.2957,0
-0.43928,0.40132,-0.1419,-7.7369,5.5621,0
0.22554,0.58087,-0.15091,3.6411,6.7415,0
0.60543,0.52957,-0.15477,5.6891,6.7272,0
0.13056,0.14483,-0.16764,-6.144,8.036,0
-0.34431,-0.6503,-0.17665,-5.9164,9.0717,0
-0.059385,-0.77854,-0.17793,6.3718,8.9422,0
-0.24933,-0.4964,-0.12774,3.6411,9.8484,0
0.22554,-0.57335,-0.065958,-7.7369,8.8271,0
0.7004,-0.4964,0.007406,-2.7306,9.5895,0
0.7004,-0.26556,0.062751,7.0545,9.3306,0
0.7004,-0.23991,0.12324,-0.22742,9.4888,0
0.035589,-0.599,0.16572,-8.4196,10.366,0
-0.059385,-1.0094,0.15027,2.0482,9.8196,0
-0.059385,-1.4711,0.092354,6.1442,10.87,0
-0.53425,-1.2402,0.04988,-3.6408,10.309,0
0.035589,-1.3428,0.056315,-7.0542,10.697,0
1.6501,-1.4198,0.074335,5.9167,10.855,0
0.035589,-1.548,0.051167,5.4616,10.438,0
-1.0091,-1.112,-0.053087,-7.5093,11.603,0
-0.059385,-0.80419,-0.1419,-4.3235,11.258,0
0.60543,-0.62465,-0.17793,7.282,12.495,0
0.7004,-0.62465,-0.15992,2.0482,12.164,0
1.7451,-0.93244,-0.11615,-8.192,11.934,0
2.125,-1.3685,-0.046652,0.00013542,11.891,0
3.2647,-1.8302,0.026712,7.5096,10.769,0
2.8848,-2.3688,0.05889,-1.1377,11.675,0
1.7451,-2.4714,0.067899,-7.9645,11.272,0
0.51046,-1.9841,0.051167,2.7309,12.178,0
-1.1041,-1.7532,0.01899,7.0545,12.322,0
-1.1041,-2.2662,-0.02992,-4.7786,12.092,0
-0.24933,-2.3688,-0.049226,-6.5991,12.452,0
-0.24933,-2.4714,-0.045365,5.4616,10.97,0
0.32051,-2.138,-0.018336,4.5513,10.999,0
0.60543,-2.2149,0.00097052,-6.3715,9.6326,0
0.79538,-2.4714,0.011267,-3.4133,9.9203,0
0.7004,-2.4714,0.007406,7.0545,10.294,0
0.89035,-2.8818,-0.0028907,1.8206,10.294,0
0.89035,-2.9844,-0.017049,-8.6471,11.229,0
0.79538,-2.9844,-0.038929,-0.22742,10.194,0
1.5552,-2.7792,-0.047939,7.9647,10.237,0
1.3652,-2.9844,-0.063384,-1.3652,9.1004,0
1.6501,-3.3435,-0.065958,-7.0542,8.7696,0
1.9351,-3.4717,-0.033781,3.6411,9.3737,0
2.315,-3.523,0.0099801,5.4616,9.086,0
0.79538,-3.8308,0.038296,-6.144,10.265,0
-1.0091,-4.1129,0.092354,-6.5991,9.4025,0
-0.43928,-3.8565,0.12067,5.9167,9.7764,0
1.2702,-3.6513,0.11938,4.0962,9.5751,0
1.3652,-3.8308,0.12453,-7.2818,9.0285,0
0.98533,-4.0104,0.16443,-2.503,9.8915,0
1.6501,-3.5487,0.19532,7.7372,9.1867,0
2.125,-2.9844,0.17988,1.3655,10.107,0
0.79538,-2.9331,0.13998,-8.4196,9.647,0
-0.43928,-2.9331,0.093641,-1.3652,9.1292,0
-0.34431,-3.6769,0.062751,7.7372,8.8703,0
-0.62923,-4.6003,0.05889,-1.3652,7.6045,0
-0.059385,-5.1133,0.083344,-7.9645,8.3525,0
-0.059385,-4.8311,0.10008,2.5033,7.7484,0
0.22554,-4.549,0.083344,6.8269,8.7408,0
1.5552,-4.549,0.075622,-4.7786,8.9422,0
1.2702,-4.3438,0.047306,-7.0542,8.5251,0
1.0803,-4.036,-0.00031657,5.4616,8.7265,0
1.4602,-3.9334,-0.059523,4.5513,7.245,0
2.125,-3.9078,-0.1213,-6.3715,7.5326,0
1.8401,-3.8565,-0.18694,-4.0959,6.7128,0
1.6501,-3.523,-0.20625,6.3718,6.7272,0
0.79538,-3.3178,-0.17665,2.0482,7.1443,0
-0.34431,-4.036,-0.10328,-7.5093,6.5258,0
-0.15436,-4.6259,-0.024771,0.2277,7.4032,0
-0.059385,-5.0107,0.020277,7.282,6.3244,0
-0.059385,-5.0363,0.031861,-0.68254,6.3676,0
0.13056,-4.4207,0.007406,-7.0542,5.7059,0
0.13056,-4.0873,-0.0041778,3.6411,4.9868,0
0.89035,-4.3181,-0.0054649,5.9167,5.4614,0
1.3652,-5.0363,-0.014475,-6.5991,4.4977,0
0.98533,-5.6006,-0.02992,-4.5511,5.1737,0
0.035589,-5.1646,-0.059523,6.8269,3.9368,0
-1.294,-4.3951,-0.06081,3.4135,3.5484,0
-0.53425,-4.7285,-0.024771,-8.192,2.9731,0
-0.15436,-5.6263,0.015128,-2.7306,1.7217,0
-1.1991,-5.9853,0.088493,7.5096,1.8799,0
-1.1041,-6.3188,0.167,0.00013542,0.61421,0
0.60543,-6.6009,0.167,-7.9645,0.95941,0
1.8401,-6.7805,0.1374,1.5931,0.25462,0
2.315,-6.7035,0.14126,7.0545,-0.20565,0
1.6501,-6.2162,0.15542,-2.2755,-0.29195,0
0.98533,-6.0366,0.12067,-7.7369,-1.5145,0
-0.059385,-5.9084,0.061464,4.0962,-1.0255,0
-0.34431,-5.6519,-0.022197,5.4616,-2.2337,0
0.13056,-5.4724,-0.1213,-5.6889,-1.9317,0
1.4602,-5.0363,-0.18694,-5.0062,-2.2049,0
0.7004,-5.0363,-0.17665,5.9167,-2.6508,0
-0.43928,-5.0876,-0.13289,2.7309,-2.1043,0
-0.53425,-4.9081,-0.10457,-7.9645,-3.2262,0
0.035589,-4.7798,-0.098135,-2.503,-2.7803,0
1.4602,-4.8311,-0.096848,6.5994,-3.859,0
0.035589,-5.0107,-0.058236,-0.22742,-4.046,0
-1.6739,-4.8824,-0.0016037,-7.5093,-3.9022,0
0.13056,-5.1389,0.066612,2.2757,-4.6214,0
1.1753,-5.6519,0.15928,6.3718,-3.8878,0
1.1753,-5.4724,0.2069,-4.5511,-4.8227,0
2.22,-4.7029,0.22106,-7.0542,-4.1467,0
1.9351,-4.4977,0.18631,6.1442,-4.6645,0
1.1753,-4.9594,0.12067,4.0962,-4.794,0
0.22554,-4.9081,0.039583,-6.3715,-4.2042,0
-0.43928,-4.1642,-0.023484,-3.1857,-4.6501,0
-0.7242,-3.7795,-0.098135,8.1923,-3.4563,0
-0.7242,-4.0104,-0.1715,1.1379,-4.233,0
-1.294,-3.5487,-0.20882,-7.5093,-3.9597,0
-2.1488,-2.9587,-0.2217,0.2277,-4.5494,0
-2.3388,-2.8048,-0.17665,8.4198,-5.3549,0
-1.8639,-3.2409,-0.10071,-2.0479,-4.9809,0
0.32051,-3.0613,-0.037642,-7.5093,-5.8871,0
1.2702,-2.6766,-0.018336,4.0962,-4.8515,0
0.32051,-2.2406,-0.032494,6.1442,-5.5707,0
-1.1041,-2.7279,-0.062097,-5.9164,-4.9953,0
-1.9589,-2.6509,-0.086552,-4.3235,-4.4488,0
-0.81917,-2.1893,-0.12645,6.8269,-4.5782,0
-0.91415,-1.4711,-0.16764,3.4135,-3.7008,0
-1.7689,-1.4454,-0.22041,-7.2818,-4.8227,0
-2.0538,-1.548,-0.23328,-1.8203,-4.1179,0
-1.9589,-1.1376,-0.22427,7.5096,-4.2618,0
-2.1488,-0.77854,-0.19209,-0.9101,-3.8446,0
-2.9086,-0.52205,-0.18437,-8.4196,-2.7803,0
-2.1488,-0.034715,-0.2616,2.7309,-2.7947,0
0.41548,0.14483,-0.36714,6.8269,-1.27,0
0.41548,0.22178,-0.41733,-4.0959,-1.9029,0
-0.24933,0.29873,-0.41605,-6.3715,-1.7447,0
0.13056,0.50392,-0.42506,5.0064,-2.1474,0
0.41548,0.58087,-0.43921,4.3238,-2.809,0
0.13056,0.93996,-0.44308,-6.8267,-2.0611,0
-0.43928,1.2734,-0.42377,-5.4613,-2.8666,0
0.035589,1.3503,-0.37872,7.7372,-1.8597,0
0.7004,1.2477,-0.34011,2.7309,-2.3056,0
0.035589,1.5812,-0.26674,-8.192,-2.2481,0
-0.34431,1.4016,-0.17279,-1.3652,-1.831,0
0.13056,1.1195,-0.1419,7.5096,-2.133,0
0.60543,1.5812,-0.16764,-0.22742,-0.70906,0
0.79538,1.7607,-0.17279,-8.4196,-1.2556,0
0.13056,1.6581,-0.17536,0.45525,-0.65153,0
-1.1991,1.9916,-0.21912,7.7372,-0.57961,0
-1.8639,2.1968,-0.22427,-3.8684,-0.75222,0
-0.7242,2.2737,-0.1612,-7.9645,0.28339,0
-0.34431,2.2737,-0.087839,3.6411,-0.20565,0
0.41548,2.7098,-0.069819,5.9167,0.85873,0
0.7004,3.2484,-0.065958,-6.144,0.16832,0
0.7004,3.4279,-0.06081,-4.7786,-0.076195,0
1.6501,3.274,-0.074968,6.8269,-0.32071,0
0.60543,3.0945,-0.10972,3.4135,-1.3276,0
-0.059385,3.1714,-0.090413,-7.5093,-0.62276,0
-0.53425,3.7101,-0.0041778,-1.5928,-1.3563,0
0.13056,3.8896,0.082057,8.1923,-0.66591,0
0.7004,3.9153,0.13225,0.00013542,-0.72345,0
0.22554,3.9153,0.18116,-7.9645,-1.1262,0
-1.1041,4.1205,0.20562,2.9584,-0.83852,0
-1.294,3.9922,0.16057,6.5994,-2.4638,0
-0.91415,4.1461,0.13225,-5.0062,-2.3488,0
-0.7242,4.7617,0.15027,-6.5991,-3.7727,0
-1.389,4.7873,0.18245,5.4616,-3.8015,0
-1.1041,4.5822,0.17473,4.5513,-3.3268,0
-0.62923,4.7617,0.16443,-6.8267,-3.4275,0
-0.53425,4.5565,0.19017,-4.3235,-2.0323,0
-0.81917,4.4539,0.22492,7.0545,-2.7371,0
-0.62923,4.6335,0.24938,2.2757,-2.2193,0
0.79538,4.6078,0.25324,-8.192,-3.0536,0
1.3652,4.1461,0.22879,-1.5928,-3.8734,0
0.89035,3.787,0.23522,7.7372,-3.9597,0
0.13056,3.4023,0.30344,-1.1377,-5.1392,0
0.89035,3.4536,0.36522,-9.1023,-4.4631,0
0.60543,3.864,0.35492,1.5931,-5.47,0
-1.1041,4.0948,0.24037,6.1442,-5.2111,0
-0.24933,4.0948,0.14512,-3.6408,-5.3549,0
-0.059385,4.1461,0.21205,-8.192,-6.1172,0
-0.43928,3.8896,0.35621,4.5513,-5.5275,0
-0.7242,3.7614,0.47719,5.0064,-6.6494,0
-1.294,4.0692,0.47462,-7.2818,-5.9159,0
-1.1991,4.0692,0.45789,-4.5511,-6.3474,0
-0.059385,4.2487,0.54412,6.5994,-6.2467,0
-0.15436,4.4026,0.68699,1.5931,-5.6713,0
-0.34431,4.6078,0.72689,-8.6471,-6.3186,0
-1.294,4.7617,0.62006,-0.22742,-5.2255,0
-2.1488,4.6078,0.49264,7.9647,-6.0453,0
-2.3388,4.3,0.41026,-1.8203,-5.3837,0
-1.389,4.6335,0.32146,-7.0542,-5.3837,0
-1.0091,4.9669,0.26354,3.4135,-5.6426,0
-0.53425,4.9156,0.29314,6.3718,-4.8083,0
0.035589,5.0438,0.37037,-5.2337,-5.5994,0
0.7004,5.1208,0.41413,-5.9164,-4.7508,0
0.13056,5.1721,0.44115,7.0545,-5.1823,0
-0.34431,5.1464,0.46432,4.5513,-4.9953,0
-0.43928,5.1464,0.50036,-7.5093,-4.5351,0
-0.059385,5.1721,0.52224,-3.1857,-5.1248,0
0.79538,5.0951,0.49779,6.8269,-4.1179,0
-0.059385,4.813,0.47205,0.68281,-4.6789,0
-0.24933,4.4283,0.49521,-7.7369,-3.7008,0
-0.43928,4.4283,0.54412,1.1379,-3.4707,0
0.7004,5.0182,0.61362,7.5096,-3.2118,0
1.2702,5.3773,0.6265,-2.7306,-2.1043,0
0.22554,5.1977,0.6162,-7.0542,-2.5214,0
0.22554,4.8899,0.59174,4.3238,-1.3563,0
1.4602,4.6848,0.54927,5.4616,-1.6871,0
0.79538,4.813,0.48234,-6.5991,-1.3132,0
-0.059385,5.1721,0.42056,-5.2337,-0.82413,0
0.89035,5.6851,0.37937,7.0545,-1.0255,0
1.3652,5.5568,0.37037,2.2757,0.32654,0
1.6501,4.8899,0.33047,-7.5093,-0.14811,0
1.4602,4.3257,0.27383,-1.5928,0.91626,0
1.0803,4.7361,0.23007,7.7372,0.85873,0
0.98533,5.3003,0.2069,-0.68254,0.93064,0
1.0803,5.5055,0.19275,-7.9645,1.5491,0
1.5552,5.6081,0.15156,2.0482,0.90188,0
0.79538,5.8903,0.061464,6.1442,2.0094,0
0.22554,6.1211,-0.022197,-4.3235,1.4916,0
1.4602,5.7107,-0.045365,-7.0542,2.1964,0
1.3652,4.9156,-0.00031657,5.6891,2.3978,0
0.98533,4.4796,0.085918,4.0962,2.0669,0
0.79538,4.377,0.1477,-7.0542,3.0882,0
0.22554,4.3,0.16057,-4.5511,2.4121,0
0.32051,4.4283,0.12453,7.0545,3.2751,0
1.3652,4.9156,0.064038,2.0482,2.9875,0
2.03,5.0182,-0.0054649,-8.6471,3.0594,0
2.315,4.5309,-0.10714,0.00013542,3.5772,0
1.6501,4.377,-0.20368,6.5994,2.8005,0
0.22554,4.4026,-0.26288,-2.0479,3.7786,0
0.22554,4.8386,-0.28734,-7.5093,2.9299,0
0.7004,4.4796,-0.28605,3.6411,3.4621,0
1.4602,4.0692,-0.28219,6.1442,3.4909,0
1.3652,3.8896,-0.2912,-4.7786,3.1888,0
1.5552,4.0179,-0.28219,-5.6889,3.9368,0
2.4099,4.3513,-0.25773,6.5994,3.2464,0
1.6501,4.6848,-0.23328,3.8687,4.2388,0
-0.34431,4.1718,-0.23714,-6.8267,3.6203,0
-1.0091,3.5818,-0.23457,-3.1857,3.7642,0
-0.91415,3.1201,-0.2217,7.9647,3.9224,0
-0.7242,2.7611,-0.22427,1.8206,3.2032,0
-0.53425,2.6585,-0.241,-8.192,3.9368,0
0.035589,2.402,-0.27447,0.2277,2.9443,0
-0.059385,2.1711,-0.27704,7.7372,3.6347,0
0.13056,1.4529,-0.2616,-2.0479,3.3327,0
0.035589,1.1195,-0.28219,-7.5093,3.1025,0
-0.53425,0.24743,-0.28348,3.6411,3.606,0
-0.62923,0.016583,-0.27318,5.9167,2.556,0
-0.7242,0.29873,-0.24486,-5.6889,3.2176,0
-0.62923,-0.18861,-0.13546,-5.4613,2.2683,0
-0.62923,-0.90679,-0.015762,6.3718,2.4697,0
0.13056,-0.98374,0.064038,2.9584,2.3546,0
0.035589,-1.6763,0.15027,-6.8267,1.8943,0
-1.0091,-2.2919,0.20819,-2.2755,2.556,0
-1.294,-2.3431,0.21077,7.5096,1.6642,0
-0.059385,-2.3175,0.15285,0.00013542,2.4409,0
0.51046,-2.6509,0.08978,-8.6471,1.7217,0
-1.389,-3.2409,0.047306,0.45525,1.808,0
-2.4337,-3.4461,0.029286,6.8269,2.2539,0
-1.0091,-3.4204,0.0086931,-2.9581,1.6067,0
0.41548,-3.3948,0.034435,-8.4196,2.5128,0
0.98533,-3.3178,0.11552,4.0962,1.7217,0
0.7004,-3.4974,0.18502,5.9167,2.3115,0
0.22554,-3.6256,0.15285,-6.5991,2.1532,0
0.41548,-3.1639,0.11423,-5.2337,1.9375,0
0.7004,-2.7279,0.1078,5.9167,2.5847,0
0.79538,-2.4714,0.10394,3.186,1.7793,0
0.79538,-2.8305,0.1181,-7.5093,2.7861,0
0.7004,-2.8561,0.096215,-2.503,2.1964,0
0.13056,-2.574,0.039583,7.0545,2.3978,0
0.13056,-2.5483,-0.015762,0.91037,2.6423,0
1.4602,-2.5483,-0.013187,-7.9645,2.1101,0
1.4602,-2.3688,0.020277,1.3655,3.0882,0
2.5049,-2.6509,0.042157,7.7372,2.1964,0
2.03,-2.7792,-0.00031657,-2.9581,2.8724,0
1.3652,-2.5483,-0.0016037,-7.2818,2.5128,0
0.60543,-2.7022,0.038296,4.7789,2.3978,0
0.7004,-3.1896,0.067899,5.234,2.9875,0
0.7004,-3.1126,0.04988,-6.3715,2.2108,0
0.13056,-2.6766,-0.010613,-4.5511,3.1601,0
-0.53425,-2.0867,-0.072394,7.9647,2.556,0
0.035589,-1.8045,-0.13932,3.6411,3.0882,0
0.79538,-1.548,-0.15477,-7.2818,3.3614,0
0.7004,-1.7789,-0.085264,-2.0479,2.9731,0
0.79538,-1.9841,-0.0080391,8.4198,3.8649,0
0.035589,-1.5993,0.056315,1.3655,3.1025,0
-0.91415,-1.5224,0.158,-8.192,3.908,0
-0.43928,-2.0867,0.28928,-0.45498,3.4477,0
-0.24933,-2.3944,0.41541,8.4198,3.419,0
-1.1991,-2.0097,0.47848,-1.3652,3.8792,0
-0.43928,-1.9841,0.54026,-7.5093,3.2032,0
1.2702,-2.3688,0.5364,3.186,4.1094,0
1.3652,-2.5483,0.37423,6.5994,3.419,0
0.89035,-2.3175,0.14641,-3.8684,3.9943,0
0.22554,-1.9071,0.0099801,-6.8267,3.8361,0
0.13056,-1.8558,-0.037642,4.3238,3.4477,0
1.5552,-1.8045,-0.040216,5.6891,4.0231,0
2.125,-1.7789,0.01899,-6.8267,3.1888,0
1.4602,-1.6506,0.17988,-4.5511,4.0518,0
0.32051,-2.0097,0.3369,7.0545,3.4334,0
-1.1041,-2.2662,0.41284,2.5033,3.7498,0
-1.1991,-2.574,0.39482,-8.4196,3.9943,0
-1.389,-2.6253,0.33047,-1.3652,3.534,0
-2.1488,-2.5996,0.29571,7.282,4.3827,0
-0.81917,-2.5996,0.31116,-0.9101,3.5197,0
-0.059385,-2.0097,0.33304,-8.192,4.2244,0
0.22554,-1.5993,0.41026,1.1379,3.8505,0
-0.81917,-1.7019,0.50551,7.282,3.7642,0
-0.91415,-1.8302,0.53897,-3.1857,4.2964,0
-0.7242,-2.061,0.55828,-7.2818,3.5916,0
-0.53425,-3.1383,0.61877,5.6891,4.4833,0
-0.7242,-3.9847,0.68828,5.4616,3.8649,0
-0.7242,-4.3694,0.73461,-7.2818,4.2244,0
-0.62923,-4.6516,0.73461,-5.4613,4.3539,0
0.035589,-4.6516,0.71788,7.0545,3.9368,0
-0.059385,-4.2925,0.70372,2.2757,4.7998,0
-1.1991,-3.7282,0.71273,-7.9645,3.9655,0
-1.1991,-3.6513,0.73332,-0.9101,4.6703,0
1.4602,-4.0104,0.74748,8.6474,4.1238,0
3.2647,-3.9591,0.75392,0.00013542,3.9224,0
2.315,-3.6769,0.7359,-8.192,4.2532,0
-0.24933,-2.6509,0.63937,3.6411,3.3327,0
-0.15436,-1.9328,0.48878,6.5994,4.1381,0
1.3652,-1.8558,0.33819,-4.3235,3.1888,0
-0.15436,-1.9584,0.20562,-6.3715,3.7642,0
-1.6739,-2.5483,0.08077,5.4616,3.6635,0
-1.294,-3.0613,-0.049226,5.6891,3.232,0
-0.81917,-2.6509,-0.20625,-5.6889,3.7498,0
-0.7242,-2.6253,-0.43921,-4.7786,2.7861,0
-0.34431,-2.7022,-0.72752,6.8269,3.4765,0
-0.62923,-2.8048,-1.0429,2.7309,2.8149,0
0.035589,-1.9584,-1.3608,-8.192,2.8293,0
0.60543,-1.3172,-1.6619,-0.45498,3.1025,0
-0.15436,-1.4198,-1.9464,7.9647,2.4265,0
-0.53425,-2.1123,-2.1703,-0.68254,3.3471,0
-1.294,-2.5996,-2.3068,-8.4196,2.4121,0
-2.6237,-2.8305,-2.3866,2.2757,2.9443,0
-2.6237,-2.5996,-2.4973,6.3718,2.556,0
-1.0091,-1.9071,-2.7779,-5.0062,2.4697,0
0.60543,-1.8815,-3.1897,-7.7369,2.9731,0
0.7004,-2.3431,-3.5231,5.4616,2.3115,0
0.98533,-2.0867,-3.7354,5.4616,3.2176,0
0.13056,-1.0094,-3.944,-6.8267,2.3834,0
0.035589,-0.034715,-4.2799,-4.5511,2.9012,0
-0.81917,0.17048,-4.6853,7.0545,2.5704,0
-1.389,0.42697,-4.9801,2.0482,2.1676,0
-0.81917,0.91431,-5.1307,-7.9645,2.6135,0
1.1753,0.70911,-5.2079,-0.68254,1.7505,0
0.51046,0.35002,-5.2555,7.0545,2.6423,0
-0.15436,0.17048,-5.2903,-1.1377,1.9806,0
-0.34431,0.22178,-5.3276,-7.5093,2.369,0
0.13056,0.70911,-5.3971,2.5033,2.3834,0
0.7004,1.812,-5.5219,6.3718,1.7793,0
1.4602,2.0172,-5.6223,-4.0959,2.5128,0
2.03,1.4273,-5.5889,-6.8267,1.6354,0
2.315,0.35002,-5.4511,5.234,2.4697,0
2.315,0.24743,-5.2838,5.234,2.1101,0
2.4099,0.73476,-5.1345,-6.5991,2.2971,0
1.7451,0.29873,-4.9389,-4.0959,2.6135,0
1.8401,-1.6506,-4.6982,7.0545,1.8224,0
2.125,-2.8305,-4.4292,2.7309,2.671,0
1.4602,-2.2662,-4.1499,-7.7369,1.7217,0
1.6501,-0.95809,-3.9581,-0.9101,2.2395,0
1.9351,-0.16296,-3.7573,7.9647,2.0525,0
0.13056,-0.11166,-3.4098,-0.45498,1.5347,0
-0.15436,-0.52205,-2.9529,-8.4196,2.1676,0
0.32051,-0.4451,-2.4239,3.4135,1.1895,0
0.79538,-0.13731,-1.9503,7.282,2.0525,0
1.4602,-0.47075,-1.6504,-4.5511,1.3765,0
1.5552,-0.5477,-1.4715,-6.3715,1.7361,0
1.0803,-0.18861,-1.3196,6.1442,2.0094,0
0.035589,0.52957,-1.1381,4.0962,1.4053,0
-2.1488,1.5555,-0.91801,-6.8267,2.2683,0
-2.0538,2.325,-0.69663,-3.8684,1.319,0
-0.24933,1.9916,-0.44565,7.282,1.995,0
0.51046,0.52957,-0.14833,1.5931,1.6067,0
-0.059385,-0.90679,0.2172,-8.4196,1.6498,0
-1.1991,-1.4454,0.65996,-0.45498,2.1964,0
-2.0538,-1.2659,1.1413,6.8269,1.5491,0
-1.389,-0.29121,1.6253,-1.8203,2.556,0
-0.15436,0.96561,2.0951,-7.7369,1.808,0
-0.53425,1.3503,2.6537,2.2757,2.2827,0
-1.7689,1.2477,3.2251,5.9167,2.3978,0
-2.8136,1.4273,3.785,-5.0062,2.182,0
-2.9086,2.0429,4.4311,-5.4613,2.9731,0
-2.2438,2.0172,5.0863,5.6891,2.2683,0
-2.9086,1.2734,5.5882,3.6411,3.3039,0
-2.1488,0.83736,5.9538,-6.3715,2.743,0
-0.34431,1.812,6.2614,-2.0479,3.0306,0
-0.059385,2.5815,6.5793,7.5096,3.3183,0
-0.43928,2.9663,6.9435,0.91037,2.6423,0
-0.059385,3.0945,7.3245,-7.2818,3.5197,0
0.60543,2.9663,7.7248,1.5931,2.6567,0
-0.43928,2.6585,8.1058,6.8269,3.4477,0
0.32051,2.915,8.3374,-2.0479,3.2176,0
1.8401,3.1714,8.4121,-7.7369,3.1169,0
0.89035,2.5302,8.3967,4.5513,3.7642,0
0.60543,2.1198,8.2705,6.8269,2.9443,0
-0.059385,2.0942,8.1058,-4.7786,3.7498,0
-0.43928,1.9916,7.9616,-6.144,2.9299,0
-1.1991,2.2481,7.7943,6.8269,3.2176,0
-2.0538,2.3763,7.5626,3.8687,3.3183,0
-1.294,1.6325,7.3232,-7.2818,2.743,0
-0.15436,0.60652,7.0349,-2.9581,3.4765,0
-0.15436,0.32437,6.7003,7.7372,2.556,0
-0.53425,0.50392,6.3824,2.0482,3.2464,0
-0.7242,0.70911,6.0812,-8.4196,2.6567,0
-1.484,1.2477,5.8135,-0.22742,2.556,0
-1.484,1.8377,5.5522,7.282,2.9156,0
-0.81917,2.4533,5.206,-2.503,2.1676,0
-0.15436,2.838,4.7799,-7.7369,2.9731,0
1.4602,2.1968,4.3861,3.6411,2.1101,0
0.98533,0.47827,4.1274,5.9167,2.6567,0
-1.0091,-0.82984,3.8996,-5.4613,2.4121,0
-1.294,-1.5737,3.628,-5.4613,1.9087,0
0.51046,-1.625,3.3603,5.9167,2.3546,0
0.60543,-0.93244,3.0835,3.4135,1.2327,0
-0.91415,-0.29121,2.7618,-6.5991,1.7793,0
-1.8639,0.016583,2.4233,-2.7306,0.88749,0
-1.484,-0.16296,2.144,7.9647,1.0026,0
-0.24933,-0.57335,1.9277,0.45525,1.1895,0
-0.059385,-0.85549,1.6922,-8.4196,0.41284,0
-0.62923,-1.1376,1.4193,2.0482,1.0026,0
0.035589,-1.7276,1.1104,6.5994,-0.10496,0
0.7004,-2.4714,0.84401,-3.8684,0.21147,0
-0.62923,-2.8048,0.59432,-6.5991,-0.20565,0
-2.3388,-2.2662,0.28027,5.234,-0.60838,0
-2.0538,-1.2659,-0.00031657,4.7789,0.082022,0
-1.7689,-0.82984,-0.11744,-6.3715,-0.7666,0
-1.389,-2.0867,-0.13804,-3.8684,0.067639,0
0.035589,-3.087,-0.16249,7.5096,-0.80975,0
0.41548,-3.1383,-0.26674,2.0482,-0.60838,0
-0.53425,-2.9331,-0.39288,-7.5093,-0.73783,0
-1.7689,-2.3175,-0.49842,-0.68254,-1.4714,0
-0.62923,-2.7535,-0.58465,8.1923,-0.9392,0
-0.34431,-4.1386,-0.64644,0.00013542,-1.9604,0
0.22554,-4.5746,-0.71851,-7.0542,-1.4139,0
-0.15436,-4.4207,-0.79059,2.2757,-2.0323,0
-0.34431,-4.0873,-0.85237,7.5096,-2.1906,0
0.79538,-3.0357,-0.96821,-3.4133,-2.0611,0
1.8401,-2.061,-1.0635,-6.144,-3.0823,0
1.5552,-1.5737,-1.1085,6.1442,-2.4351,0
1.0803,-1.8558,-1.1909,5.234,-3.672,0
1.6501,-2.4714,-1.3157,-5.6889,-3.2981,0
0.7004,-2.5483,-1.4264,-3.8684,-3.6145,0
0.41548,-2.2919,-1.5204,7.0545,-3.9597,0
0.7004,-1.4454,-1.6632,2.7309,-3.3125,0
0.32051,-0.23991,-1.8409,-6.8267,-4.2905,0
0.13056,0.45262,-1.9631,-2.0479,-3.557,0
-0.059385,0.60652,-2.0095,7.0545,-4.4488,0
-0.43928,0.63217,-2.0738,-1.3652,-4.2618,0
0.79538,0.76041,-2.1626,-7.7369,-4.0029,0
2.03,1.1452,-2.2308,2.2757,-4.4056,0
1.5552,0.96561,-2.236,6.1442,-3.1111,0
2.4099,0.22178,-2.1974,-4.3235,-3.5714,0
1.4602,-0.62465,-2.1472,-7.2818,-2.5501,0
0.7004,-0.82984,-2.1395,4.0962,-2.5501,0
1.3652,-0.34251,-2.1575,4.5513,-2.8953,0
1.4602,-0.90679,-2.1227,-6.5991,-2.6364,0
1.5552,-1.5737,-2.0532,-3.8684,-4.0172,0
2.22,-1.9071,-2.0352,6.5994,-3.3268,0
2.22,-1.3685,-2.0648,1.3655,-3.8303,0
1.6501,-1.0863,-2.0584,-8.192,-2.7084,0
1.7451,-1.4198,-1.9747,-0.45498,-1.7447,0
0.7004,-1.5993,-1.8808,6.8269,-1.2988,0
-1.0091,-1.2915,-1.8524,-1.5928,-0.19126,0
-0.53425,-1.4711,-1.8241,-8.6471,-1.3995,0
0.41548,-1.8815,-1.7443,2.9584,-1.1262,0
-0.059385,-1.5224,-1.6542,7.0545,-1.9029,0
-0.62923,-0.90679,-1.5976,-4.0959,-1.4858,0
-0.53425,-0.67595,-1.6079,-6.3715,-0.26318,0
-0.059385,-0.599,-1.671,5.234,0.16832,0
0.60543,-0.52205,-1.734,5.234,2.0813,0
0.035589,-0.29121,-1.7894,-6.5991,1.4772,0
-1.1041,-0.13731,-1.8048,-3.6408,2.0238,0
-1.8639,0.11918,-1.7726,7.7372,1.8512,0
-1.484,0.37567,-1.7096,1.1379,1.5491,0
-0.62923,0.067882,-1.5976,-7.7369,3.2608,0
0.60543,0.11918,-1.4985,-0.9101,3.6347,0
1.4602,0.17048,-1.4715,7.7372,5.7203,0
0.89035,0.093531,-1.4753,-1.8203,5.7203,0
0.89035,-0.5477,-1.4779,-8.192,5.6484,0
0.98533,-1.4711,-1.4702,3.4135,5.1306,0
0.035589,-1.2659,-1.4663,7.5096,3.3614,0
-0.24933,-0.47075,-1.4444,-3.4133,3.5916,0
-0.62923,0.29873,-1.4612,-5.4613,2.6567,0
0.13056,0.17048,-1.4457,5.9167,3.6779,0
1.2702,-0.6503,-1.3762,4.5513,3.8505,0
2.125,-1.1633,-1.353,-6.3715,3.6923,0
1.0803,-0.62465,-1.3724,-3.4133,4.095,0
1.3652,0.27308,-1.3479,7.7372,2.6854,0
1.2702,0.88866,-1.2642,0.45525,2.6567,0
0.51046,0.93996,-1.2012,-7.5093,0.94503,0
-0.24933,0.60652,-1.1265,-0.22742,0.64298,0
-1.484,0.22178,-1.0055,7.5096,0.78681,0
-1.7689,-0.21426,-0.92316,-2.7306,0.82996,0
-0.62923,0.42697,-0.93474,-8.192,2.1532,0
-0.15436,1.5042,-1.0326,3.6411,1.5635,0
0.22554,2.1968,-1.196,6.5994,2.369,0
-0.059385,2.5046,-1.3518,-5.9164,1.7361,0
-1.7689,2.2481,-1.429,-6.144,1.2615,0
-1.7689,1.7864,-1.474,6.3718,1.0745,0
-0.34431,1.9916,-1.4213,4.3238,-0.076195,0
0.60543,1.812,-1.2642,-7.0542,0.81558,0
0.79538,1.7094,-1.0583,-4.0959,0.22586,0
0.22554,1.7094,-0.93989,7.0545,1.0457,0
-0.53425,1.6068,-0.93603,1.5931,0.74366,0
0.13056,2.0429,-0.94247,-8.192,-0.10496,0
0.7004,2.325,-0.90385,-1.3652,-0.27756,0
-0.81917,2.5815,-0.91286,7.0545,-2.1474,0
-1.6739,2.9919,-1.03,-0.22742,-2.1474,0
-1.484,2.8637,-1.1136,-7.5093,-3.2981,0
-0.7242,1.9916,-1.075,2.7309,-3.2405,0
0.035589,0.65782,-0.97593,7.0545,-2.9816,0
0.7004,-1.2402,-0.83178,-4.0959,-3.744,0
-0.34431,-2.3944,-0.67475,-6.144,-3.3556,0
-0.91415,-3.01,-0.46109,5.9167,-5.0529,0
-0.059385,-3.1126,-0.2513,5.234,-5.3261,0
0.60543,-2.2919,-0.18694,-5.0062,-6.1604,0
0.13056,-1.6763,-0.21783,-5.0062,-6.5343,0
-0.53425,-1.9328,-0.23457,8.1923,-5.5994,0
0.13056,-2.9844,-0.16249,2.5033,-5.9734,0
0.41548,-2.8305,-0.015762,-7.7369,-4.722,0
-0.15436,-1.5224,0.046019,-1.5928,-6.1172,0
-0.34431,-0.85549,-0.006752,7.5096,-6.6782,0
-0.7242,-0.98374,-0.081403,0.45525,-7.685,0
-1.294,-1.3172,-0.17922,-7.9645,-8.8645,0
-1.294,-1.5224,-0.2513,1.1379,-8.2028,0
-0.91415,-2.061,-0.16249,7.7372,-8.735,0
-0.81917,-2.2662,-0.006752,-3.6408,-7.3254,0
-1.484,-2.1893,0.056315,-7.2818,-7.2535,0
-1.0091,-2.2149,0.070473,4.5513,-7.0234,0
0.035589,-2.2919,0.070473,5.0064,-7.0809,0
0.7004,-2.2149,0.073047,-6.8267,-8.361,0
-0.62923,-1.8302,0.053741,-5.4613,-7.9871,0
-0.15436,-0.77854,-0.024771,7.282,-8.735,0
-0.15436,0.37567,-0.073681,3.6411,-7.685,0
-0.34431,-0.11166,-0.010613,-8.4196,-7.4693,0
-0.43928,-0.95809,0.10651,-1.3652,-6.9658,0
0.035589,-1.035,0.16958,7.9647,-6.2611,0
-0.15436,-0.5477,0.18245,-0.22742,-7.2391,0
-0.34431,0.45262,0.12324,-8.6471,-6.3042,0
0.79538,1.889,0.025425,2.7309,-6.6063,0
1.2702,2.8124,-0.02091,6.8269,-5.0529,0
0.22554,2.1198,0.013841,-4.5511,-4.1755,0
-0.34431,0.86301,0.046019,-6.3715,-4.0172,0
0.035589,-0.034715,0.076909,6.3718,-3.1255,0
0.79538,0.73476,0.076909,4.5513,-4.046,0
0.79538,2.6072,0.034435,-7.0542,-3.1399,0
0.7004,2.8893,0.015128,-4.5511,-3.4419,0
0.13056,1.812,0.007406,7.5096,-2.6508,0
0.13056,0.65782,-0.0093262,1.8206,-1.5289,0
-0.24933,-0.599,-0.022197,-7.9645,-1.4282,0
0.22554,-1.1633,-0.032494,-0.22742,-0.20565,0
1.4602,-1.2659,-0.050513,7.5096,-1.2125,0
-0.059385,-1.5737,-0.035068,-0.9101,-0.75222,0
-1.0091,-1.1376,-0.013187,-7.7369,-1.457,0
-0.059385,0.52957,-0.040216,2.7309,-1.6871,0
-0.059385,1.8633,-0.099422,7.282,-0.8529,0
0.22554,2.1968,-0.12002,-3.4133,-0.96797,0
0.51046,1.0426,-0.10071,-6.5991,0.67174,0
-0.43928,0.37567,-0.069819,5.4616,0.22586,0
-0.34431,0.19613,-0.028633,5.6891,0.65736,0
-0.91415,-0.21426,0.013841,-6.3715,0.42722,0
-2.6237,-0.77854,0.075622,-4.7786,-0.34948,0
-2.8136,-0.82984,0.07176,7.5096,0.45599,0
-0.059385,-0.16296,-0.006752,2.7309,-0.19126,0
1.6501,-0.21426,-0.073681,-8.4196,0.71489,0
1.4602,-0.4964,-0.069819,-0.68254,0.19709,0
0.22554,-0.80419,-0.045365,7.282,-0.10496,0
-0.53425,-0.599,-0.028633,-0.9101,0.11079,0
-0.53425,0.016583,0.0086931,-7.9645,-0.82413,0
-0.62923,0.19613,0.060177,2.2757,0.024489,0
-0.62923,0.27308,0.11295,7.0545,-0.91043,0
-1.389,0.52957,0.12582,-3.6408,-0.594,0
-1.1041,0.45262,0.10909,-6.8267,-1.0255,0
0.035589,-0.34251,0.13225,4.3238,-1.6728,0
0.7004,-0.72725,0.16958,4.7789,-0.96797,0
-0.34431,-0.29121,0.13611,-5.9164,-1.5865,0
-1.6739,0.40132,0.052454,-5.4613,-0.32071,0
-0.53425,0.70911,-0.032494,7.282,-0.66591,0
0.51046,1.3503,-0.10972,2.0482,-0.14811,0
1.5552,2.0942,-0.18566,-8.8747,0.25462,0
0.60543,2.6072,-0.25902,-0.45498,-0.20565,0
0.7004,3.4279,-0.30021,7.5096,0.61421,0
1.2702,4.3,-0.29249,-0.9101,-0.29195,0
0.60543,4.1461,-0.22942,-7.7369,0.62859,0
-0.24933,3.1201,-0.15605,2.5033,0.55667,0
-1.9589,2.2994,-0.10714,6.5994,0.64298,0
-3.3835,1.3503,-0.0518,-3.6408,0.98818,0
-1.8639,0.016583,0.033148,-6.8267,-0.033045,0
-1.0091,-0.4451,0.10651,5.6891,0.48476,0
-0.24933,0.35002,0.085918,4.5513,-0.32071,0
-0.059385,0.65782,0.00097052,-6.3715,0.11079,0
-0.53425,0.37567,-0.074968,-4.5511,0.13956,0
0.035589,0.63217,-0.15734,7.5096,-0.29195,0
0.60543,1.9916,-0.24744,2.9584,0.77243,0
0.79538,2.1455,-0.16764,-7.2818,0.49914,0
0.035589,-0.0090658,0.082057,-1.3652,1.8799,0
0.98533,-1.8815,0.23908,8.4198,1.5491,0
1.0803,-1.7532,0.23908,0.00013542,1.7073,0
0.32051,-0.95809,0.17344,-7.7369,1.7793,0
-0.53425,-0.57335,0.097502,0.91037,0.67174,0
-0.059385,-0.0090658,0.075622,7.5096,1.2758,0
-0.91415,0.093531,0.11938,-1.5928,0.57106,0
-1.9589,-0.13731,0.16186,-7.0542,1.7649,0
0.035589,-0.16296,0.17859,3.6411,2.1245,0
1.2702,-0.086014,0.14899,6.8269,2.1676,0
1.1753,0.24743,0.15671,-5.0062,2.4265,0
0.22554,-0.16296,0.2867,-6.5991,0.75804,0
-0.34431,-0.90679,0.40383,5.0064,0.85873,0
0.035589,-1.7532,0.40898,4.7789,-0.60838,0
0.60543,-1.7019,0.34977,-7.7369,-0.32071,0
0.13056,-1.4198,0.31373,-5.0062,0.11079,0
0.41548,-1.2146,0.30472,7.0545,0.25462,0
0.7004,-1.3172,0.32403,2.2757,1.693,0
0.51046,-1.2146,0.42314,-7.2818,1.0889,0
0.13056,-0.4964,0.4463,-2.7306,1.4916,0
-1.1991,-0.0090658,0.29571,6.8269,-0.004278,0
-2.0538,-0.29121,0.13097,-0.22742,-0.72345,0
-2.3388,-0.98374,0.16314,-7.7369,-0.63715,0
-0.81917,-1.0094,0.33819,2.2757,-1.083,0
1.3652,-0.36816,0.427,7.0545,0.16832,0
2.125,0.016583,0.36264,-4.5511,-0.594,0
0.7004,0.40132,0.26354,-6.8267,-0.37825,0
-0.43928,1.6325,0.15156,5.4616,-0.92482,0
-0.53425,3.1201,0.015128,4.7789,-1.457,0
-1.1991,4.3,-0.10714,-6.144,-0.88167,0
-0.34431,4.3513,-0.11101,-3.8684,-1.8885,0
0.41548,3.7101,-0.067245,7.5096,-1.2125,0
0.035589,3.2484,-0.02091,1.5931,-1.7734,0
-0.43928,3.0688,0.012554,-7.5093,-1.5721,0
-1.294,3.0175,-0.013187,1.1379,-1.5721,0
-1.1041,2.4789,-0.054374,7.7372,-2.6508,0
0.41548,0.99126,-0.024771,-1.3652,-2.3344,0
1.8401,0.17048,-0.0041778,-8.4196,-3.2837,0
1.4602,1.299,-0.046652,4.0962,-2.5358,0
1.0803,1.7351,0.00097052,6.5994,-2.694,0
0.89035,0.65782,0.13097,-5.4613,-2.8953,0
1.5552,-0.29121,0.24294,-5.4613,-2.4926,0
1.4602,-0.7016,0.3073,5.4616,-3.7152,0
0.22554,-1.5224,0.35235,4.5513,-3.3556,0
-0.43928,-2.8818,0.39096,-6.5991,-4.6357,0
-0.62923,-3.1126,0.38066,-3.4133,-4.0316,0
0.7004,-2.2919,0.32918,8.4198,-3.5282,0
1.0803,-2.2406,0.38581,2.0482,-3.3412,0
1.1753,-3.3948,0.54283,-7.5093,-2.4495,0
0.98533,-4.0617,0.58145,0.45525,-3.9022,0
0.79538,-3.6,0.53897,7.9647,-4.0172,0
0.035589,-3.0613,0.59303,-2.0479,-5.2974,0
0.32051,-3.4717,0.73976,-7.5093,-4.9666,0
1.4602,-4.3694,0.86461,4.3238,-4.1323,0
2.125,-5.0107,0.84144,5.6891,-4.4056,0
1.5552,-4.9337,0.70372,-6.3715,-3.8159,0
1.0803,-3.9591,0.58917,-5.4613,-5.2686,0
0.89035,-2.7535,0.51967,6.3718,-4.9953,0
1.2702,-2.1636,0.48749,2.5033,-5.3837,0
1.4602,-1.2402,0.51194,-7.2818,-5.4412,0
1.8401,-0.67595,0.46561,-2.2755,-4.4919,0
1.4602,-0.41945,0.30344,7.9647,-4.8659,0
0.32051,-0.85549,0.19146,-0.22742,-3.8015,0
-0.53425,-1.0094,0.18374,-7.7369,-4.42,0
-0.62923,-1.2402,0.22492,2.0482,-4.42,0
-1.484,-1.2402,0.25453,6.8269,-4.1179,0
-2.1488,-1.4711,0.2468,-2.9581,-4.6645,0
-0.62923,-1.8558,0.29443,-7.0542,-3.7727,0
-0.24933,-1.2146,0.32274,4.3238,-4.8083,0
-1.8639,0.81171,0.29057,6.1442,-4.1035,0
-1.7689,2.0172,0.25324,-6.144,-4.4919,0
-0.34431,1.6838,0.22106,-4.3235,-4.7508,0
0.7004,1.299,0.11423,7.282,-4.4056,0
0.89035,1.4273,-0.078829,2.7309,-5.2255,0
0.035589,0.99126,-0.19982,-8.192,-3.9309,0
0.41548,1.0169,-0.20239,-1.5928,-3.6577,0
1.4602,1.1708,-0.16635,8.1923,-1.8885,0
0.7004,0.81171,-0.085264,-1.8203,-0.72345,0
0.51046,0.73476,-0.049226,-7.7369,-0.5077,0
0.51046,1.376,-0.14061,3.8687,0.34092,0
0.13056,2.3763,-0.26417,6.3718,-0.69468,0
-0.62923,2.838,-0.30793,-4.7786,-0.018661,0
0.32051,2.4276,-0.26031,-4.5511,-0.32071,0
0.60543,1.9146,-0.21397,6.8269,0.024489,0
-0.53425,1.3247,-0.20239,3.6411,0.54229,0
-1.1041,0.24743,-0.19338,-7.9645,-0.26318,0
0.13056,-0.060364,-0.17279,-1.5928,0.19709,0
0.60543,0.35002,-0.11744,7.9647,-1.2269,0
0.035589,0.11918,-0.027345,0.00013542,-1.27,0
0.41548,-0.85549,0.073047,-7.5093,-1.9748,0
1.2702,-0.98374,0.11037,0.68281,-2.2193,0
0.98533,-0.4964,0.035722,7.5096,-1.0399,0
-0.34431,-0.52205,0.00097052,-3.4133,-0.96797,0
-0.81917,-0.086014,-0.02091,-7.2818,0.70051,0
-0.53425,0.78606,-0.072394,5.0064,0.22586,0
-0.53425,1.6838,-0.12774,4.5513,0.41284,0
-0.7242,2.6328,-0.16506,-7.0542,-0.14811,0
-1.1991,3.4536,-0.22427,-3.8684,-0.99673,0
-1.294,3.5562,-0.22041,7.0545,-0.26318,0
-1.484,2.9919,-0.10714,1.1379,-0.70906,0
-2.0538,1.8633,-0.086552,-8.8747,0.62859,0
-1.484,0.96561,-0.23714,-1.5928,0.42722,0
-1.0091,-0.67595,-0.33367,6.8269,0.26901,0
0.035589,-3.4717,-0.089126,-0.9101,0.038872,0
0.7004,-4.8824,0.31116,-7.0542,-1.1262,0
0.22554,-4.2668,0.45016,2.5033,-0.14811,0
-0.34431,-2.8818,0.30987,5.9167,-0.56523,0
0.13056,-2.2662,0.17988,-4.7786,0.81558,0
1.4602,-2.7535,0.27512,-5.9164,1.3909,0
1.4602,-2.9587,0.43472,6.3718,1.3909,0
-0.34431,-2.574,0.31888,3.8687,1.8799,0
-0.91415,-1.6763,0.070473,-6.8267,0.21147,0
-0.24933,-1.0094,-0.013187,-2.9581,0.11079,0
0.51046,-1.2146,0.079483,8.1923,-1.5721,0
-0.62923,-1.4454,0.19918,0.68281,-2.0467,0
-1.1991,-1.8815,0.2571,-7.5093,-2.133,0
-0.059385,-2.5483,0.19532,0.68281,-2.7371,0
-0.059385,-3.4204,0.079483,7.9647,-1.5002,0
-0.43928,-3.5487,0.091067,-1.8203,-1.9748,0
0.035589,-3.3178,0.26225,-6.5991,-0.89605,0
1.3652,-2.4201,0.39353,5.0064,-1.4858,0
1.4602,-1.3685,0.38967,6.3718,-1.9173,0
0.98533,-0.72725,0.31373,-5.4613,-1.7447,0
0.32051,-0.26556,0.25968,-6.3715,-2.5789,0
-0.53425,0.17048,0.2468,7.0545,-1.27,0
0.60543,0.93996,0.2275,3.4135,-1.5721,0
1.0803,1.7864,0.12839,-7.5093,-0.70906,0
-0.53425,2.5815,0.046019,-2.0479,-0.89605,0
-1.579,2.6585,-0.0080391,8.6474,-1.9748,0
-0.62923,3.274,-0.11873,0.68281,-2.0755,0
0.51046,3.6588,-0.20625,-8.4196,-3.4994,0
1.4602,3.1201,-0.21397,1.8206,-2.6652,0
1.3652,1.8377,-0.23972,7.5096,-2.8234,0
0.41548,1.0426,-0.29249,-3.1857,-1.946,0
0.32051,0.45262,-0.30407,-7.2818,-1.2413,0
0.79538,0.60652,-0.25645,4.5513,-1.7447,0
0.89035,0.81171,-0.19081,5.9167,-1.0687,0
-0.53425,0.73476,-0.098135,-6.5991,-2.3056,0
-1.7689,0.86301,-0.085264,-5.6889,-1.7591,0
-0.53425,0.65782,-0.1715,6.3718,-1.8741,0
-0.34431,0.47827,-0.26932,3.6411,-1.6584,0
-0.53425,0.19613,-0.26674,-8.192,-0.57961,0
0.32051,0.88866,-0.19595,-2.2755,-1.1262,0
0.7004,1.7351,-0.11873,7.9647,-0.20565,0
0.89035,1.3503,-0.059523,0.91037,-1.0399,0
0.32051,-0.16296,0.017703,-7.7369,-1.083,0
-0.53425,-1.5224,0.15027,1.1379,-1.3563,0
-0.7242,-2.1123,0.24037,6.5994,-2.1186,0
-0.15436,-1.0094,0.20047,-3.1857,-1.0687,0
-0.24933,0.067882,0.15413,-7.5093,-1.2988,0
0.13056,1.2221,0.13097,4.0962,0.22586,0
1.5552,2.0942,0.079483,5.234,0.42722,0
0.79538,2.2224,-0.04279,-5.9164,0.55667,0
-0.43928,1.2221,-0.026058,-5.0062,0.77243,0
-0.62923,-0.034715,0.055028,6.5994,-0.39263,0
-0.7242,0.016583,-0.02091,3.4135,0.41284,0
-0.62923,1.5812,-0.18308,-7.7369,-0.20565,0
0.035589,3.274,-0.22427,-2.0479,0.52791,0
0.51046,3.2227,-0.19982,7.7372,0.77243,0
0.89035,0.86301,-0.15734,0.2277,0.26901,0
-0.7242,-0.23991,-0.19595,-8.192,0.68613,0
-0.34431,0.29873,-0.19982,1.8206,-0.75222,0
0.51046,1.7351,-0.098135,8.4198,-0.20565,0
1.3652,2.3507,-0.040216,-3.1857,-0.75222,0
-0.15436,1.5555,-0.068532,-6.8267,-0.36386,0
-1.0091,0.60652,-0.18566,5.234,0.48476,0
-0.91415,0.73476,-0.29635,6.5994,0.16832,0
-1.389,1.376,-0.3414,-5.4613,1.319,0
-1.1041,1.1452,-0.32209,-5.6889,0.35531,0
-1.579,0.52957,-0.26932,6.8269,0.62859,0
-1.389,-0.23991,-0.21397,3.6411,-0.076195,0
0.41548,-0.4964,-0.15219,-7.7369,-0.99673,0
1.2702,-0.34251,-0.068532,-4.0959,-0.8529,0
0.22554,-0.23991,-0.026058,7.9647,-2.1618,0
-1.1991,-0.060364,-0.038929,2.0482,-1.5002,0
-1.484,0.47827,-0.090413,-7.9645,-2.2049,0
-0.91415,0.76041,-0.10457,-0.45498,-1.8022,0
-0.53425,0.55522,-0.11873,7.5096,-1.2556,0
0.035589,1.1708,-0.18437,-2.9581,-1.457,0
0.035589,2.7098,-0.19467,-7.5093,-0.36386,0
-1.1041,2.5559,-0.047939,3.186,-1.1837,0
-1.1991,-0.11166,0.16186,6.8269,-0.57961,0
-0.059385,-3.087,0.20047,-5.2337,-0.9392,0
-0.81917,-3.3435,-0.00031657,-6.144,-0.89605,0
-1.6739,-0.80419,-0.17279,5.9167,0.22586,0
-0.43928,1.812,-0.18952,3.8687,0.038872,0
0.51046,1.6838,-0.068532,-8.4196,1.4053,0
0.035589,-0.13731,0.047306,-4.0959,0.80119,0
-0.43928,-1.4711,0.075622,7.282,0.90188,0
-1.294,-1.112,0.0099801,1.8206,0.78681,0
-0.62923,-0.29121,0.007406,-7.7369,0.25462,0
0.60543,-0.41945,0.12453,0.45525,1.1608,0
2.22,-0.26556,0.17473,7.9647,0.28339,0
2.6949,0.65782,0.073047,-1.5928,0.84434,0
1.7451,0.45262,-0.033781,-7.5093,0.15394,0
0.89035,-0.086014,-0.095561,2.7309,0.082022,0
1.5552,-0.75289,-0.12774,5.6891,0.68613,0
0.60543,-2.0354,-0.12388,-4.5511,0.39846,0
-1.6739,-3.087,0.0022576,-5.6889,1.8656,0
-1.579,-3.2409,0.24037,7.9647,1.3765,0
-0.43928,-2.3688,0.35621,2.9584,1.9231,0
-0.15436,-2.2919,0.3266,-6.5991,1.2902,0
0.41548,-2.7792,0.31373,-2.503,0.62859,0
0.035589,-2.7792,0.37165,8.6474,0.88749,0
-0.53425,-2.9074,0.40126,0.45525,0.038872,0
-0.62923,-2.7022,0.36908,-7.5093,1.0601,0
-0.62923,-2.3431,0.27769,2.0482,0.49914,0
0.13056,-2.0354,0.24037,7.0545,1.2039,0
-0.7242,-1.7532,0.28413,-3.1857,1.3765,0
-1.0091,-1.4967,0.32146,-6.3715,0.82996,0
-0.15436,-1.0863,0.38452,5.234,1.1752,0
0.32051,-1.2659,0.4862,4.5513,-0.27756,0
0.79538,-2.2406,0.54155,-7.5093,0.11079,0
0.79538,-2.8305,0.53897,-4.7786,-0.56523,0
0.13056,-2.4201,0.48492,7.282,-0.52208,0
-1.1991,-0.88114,0.45917,2.2757,0.26901,0
0.13056,0.24743,0.53897,-8.4196,-0.13373,0
1.0803,-0.0090658,0.62778,0.00013542,1.3478,0
-0.24933,-0.7016,0.54155,7.9647,0.71489,0
-1.1041,-0.88114,0.34848,-2.503,1.2758,0
-0.059385,-0.67595,0.22879,-8.8747,1.0745,0
1.2702,-0.3938,0.091067,3.186,0.71489,0
1.4602,0.63217,-0.080116,6.3718,1.621,0
0.41548,1.0169,-0.20496,-3.8684,1.0026,0
0.22554,0.27308,-0.21397,-5.9164,1.9662,0
1.4602,0.24743,-0.11873,6.3718,1.2615,0
2.03,0.55522,-0.036355,4.3238,0.81558,0
2.5049,0.96561,-0.098135,-7.7369,0.55667,0
0.89035,1.7351,-0.22684,-3.6408,-0.55085,0
-0.24933,2.5815,-0.26417,7.5096,0.38407,0
0.13056,3.3253,-0.24358,2.5033,0.024489,0
0.7004,3.8383,-0.22942,-7.9645,1.2183,0
0.79538,4.377,-0.28862,0.45525,1.6354,0
0.13056,5.2234,-0.38516,7.7372,1.6498,0
0.22554,5.2747,-0.47268,-2.503,2.3978,0
1.3652,4.1205,-0.46109,-6.8267,1.4341,0
1.4602,2.5302,-0.40189,4.0962,2.2971,0
0.89035,0.86301,-0.39545,6.1442,1.8368,0
1.5552,-0.21426,-0.4405,-5.4613,2.4409,0
2.03,0.63217,-0.51129,-5.0062,2.9875,0
2.03,1.5555,-0.51,7.0545,2.8005,0
1.3652,2.1455,-0.39417,4.3238,3.7498,0
0.13056,2.4276,-0.34268,-6.3715,2.7573,0
-1.1041,3.6331,-0.39545,-3.4133,3.2895,0
-1.1991,5.4799,-0.46753,8.4198,2.7142,0
0.51046,5.5568,-0.41605,2.2757,2.4984,0
2.6949,3.5305,-0.29377,-6.8267,2.743,0
2.7898,2.5302,-0.29249,0.45525,1.7649,0
1.6501,3.1971,-0.35298,7.282,2.3978,0
0.32051,2.5815,-0.31951,-1.8203,1.0889,0
-0.43928,1.376,-0.23714,-7.2818,1.2758,0
-1.294,1.4016,-0.2011,3.8687,0.82996,0
-2.0538,1.812,-0.16506,5.6891,0.18271,0
-1.389,1.2477,-0.11615,-4.5511,0.81558,0
-0.24933,0.32437,-0.14061,-5.4613,-0.13373,0
1.4602,-0.34251,-0.14576,5.4616,0.74366,0
0.035589,-0.72725,-0.014475,2.9584,0.18271,0
-0.91415,-1.4198,0.10522,-7.9645,0.35531,0
-0.91415,-0.7016,0.11681,-2.2755,0.71489,0
-0.62923,1.5555,0.094928,7.5096,-0.061812,0
-0.43928,3.5818,0.060177,-0.45498,0.71489,0
0.035589,5.1464,0.011267,-8.8747,-0.26318,0
-0.62923,5.8903,-0.014475,2.0482,0.26901,0
-2.7186,4.5565,-0.045365,7.282,0.038872,0
-1.1041,0.73476,-0.00031657,-3.6408,-0.14811,0
1.6501,-3.6513,0.18889,-7.2818,0.65736,0
2.125,-5.1133,0.35106,4.3238,-0.090578,0
-0.34431,-3.3691,0.24938,3.8687,0.75804,0
-0.81917,-0.18861,-0.053087,-7.7369,-0.11935,0
-1.6739,2.4276,-0.16249,-4.5511,0.12517,0
-1.8639,2.6328,-0.028633,7.5096,0.21147,0
-2.9086,1.299,0.04087,1.8206,-0.27756,0
-2.1488,-0.18861,0.057602,-7.9645,0.29777,0
-0.24933,-1.1633,0.1477,-0.22742,-0.83852,0
-0.15436,-1.112,0.29185,7.7372,-0.27756,0
-0.53425,-0.77854,0.35621,-1.3652,-0.91043,0
-1.484,-1.0863,0.25195,-7.5093,-0.91043,0
-1.389,-1.8045,0.10394,3.186,-0.57961,0
-1.1041,-3.4717,0.13611,6.3718,-1.2125,0
-1.484,-5.4724,0.29571,-4.3235,-0.46455,0
0.22554,-5.575,0.4064,-5.2337,-1.4858,0
1.9351,-3.6,0.39225,6.3718,-1.0974,0
0.79538,-1.4198,0.25453,4.3238,-1.4714,0
-1.0091,0.067882,0.0061189,-6.8267,-1.7303,0
-1.7689,-0.23991,-0.076255,-4.0959,-1.2125,0
-2.3388,-2.4201,0.15413,8.1923,-2.1043,0
-2.1488,-4.1642,0.38452,1.5931,-1.2988,0
-0.15436,-4.5233,0.45274,-8.6471,-2.0036,0
1.0803,-3.4204,0.40126,-0.22742,-1.3851,0
0.89035,-1.3685,0.32403,7.7372,-1.155,0
0.22554,-0.4451,0.32274,-1.3652,-1.4858,0
0.13056,-1.3941,0.34591,-7.5093,-0.60838,0
-0.059385,-2.0097,0.4566,3.8687,-1.5433,0
-2.0538,-1.9584,0.55828,5.6891,-0.86728,0
-1.0091,-2.1636,0.50036,-5.2337,-1.457,0
-0.34431,-2.1636,0.33947,-5.4613,-1.5721,0
-0.43928,-2.0867,0.24938,6.5994,-1.1406,0
-0.62923,-2.7535,0.32403,4.3238,-1.7878,0
-0.7242,-4.036,0.45531,-6.8267,-0.75222,0
-0.7242,-3.6513,0.51709,-3.1857,-1.6152,0
-0.34431,-1.625,0.4669,7.9647,-1.0255,0
-0.7242,-0.6503,0.4566,0.45525,-1.1262,0
-2.1488,-0.62465,0.46175,-8.8747,-1.3563,0
-2.4337,-0.13731,0.39225,1.5931,-0.62276,0
-1.6739,-0.36816,0.39225,6.8269,-1.457,0
-0.7242,-0.060364,0.41284,-4.0959,-0.6803,0
-2.2438,1.1708,0.30344,-7.0542,-1.3707,0
-1.7689,2.7867,0.1181,4.0962,-1.155,0
-0.24933,3.7357,0.048593,5.6891,-0.82413,0
0.60543,3.2227,0.061464,-5.6889,-1.5289,0
0.79538,2.6328,0.026712,-5.4613,-0.65153,0
0.89035,2.5046,-0.0518,7.0545,-1.5721,0
0.22554,2.2481,-0.064671,3.8687,-1.0399,0
0.22554,1.4016,-0.019623,-7.5093,-1.4426,0
0.035589,1.1195,-0.056948,-1.8203,-1.6871,0
-0.43928,1.4786,-0.1612,7.7372,-1.155,0
0.51046,2.2994,-0.26417,0.45525,-1.8741,0
-0.15436,3.8383,-0.33367,-7.9645,-0.8529,0
-1.1991,4.9412,-0.39674,1.8206,-1.2844,0
-2.6237,5.5055,-0.47268,7.7372,-0.78098,0
-1.8639,5.8133,-0.53961,-2.7306,-0.72345,0
-0.15436,5.8903,-0.55505,-7.7369,-1.3707,0
0.51046,5.4799,-0.52802,4.3238,-0.7666,0
0.89035,4.9156,-0.56277,5.6891,-1.5721,0
0.22554,5.4286,-0.71851,-6.144,-0.46455,0
0.32051,4.5822,-0.82405,-5.0062,-0.34948,0
2.125,2.325,-0.73267,7.9647,0.25462,0
1.8401,0.22178,-0.45981,3.186,0.82996,0
-0.15436,-0.13731,-0.20368,-7.5093,-0.4214,0
-1.0091,0.55522,-0.11615,-1.5928,-0.72345,0
-0.059385,1.4786,-0.14833,7.5096,-3.0536,0
0.60543,2.0942,-0.17021,-0.22742,-3.557,0
-1.1991,2.0685,-0.19209,-7.7369,-3.9309,0
-2.3388,2.2481,-0.20368,1.8206,-3.744,0
-0.81917,1.1195,-0.16764,6.8269,-2.0899,0
0.60543,-0.4451,-0.083977,-4.0959,-2.1762,0
0.13056,-1.112,-0.0080391,-7.2818,-1.0543,0
0.32051,-0.85549,0.044732,4.7789,-1.831,0
-0.81917,-0.3938,0.034435,3.6411,-2.1618,0
-2.5287,-0.18861,0.031861,-6.8267,-2.3632,0
-1.8639,-0.23991,0.092354,-5.0062,-3.1974,0
-1.1041,-0.6503,0.15027,6.3718,-2.2193,0
-0.059385,-1.2402,0.16572,2.2757,-2.7659,0
-0.059385,-1.8045,0.16057,-7.7369,-1.7591,0
-0.34431,-2.5996,0.20948,-2.0479,-1.831,0
0.13056,-3.0613,0.28799,8.1923,-1.9317,0
1.9351,-2.4714,0.32403,0.00013542,-1.3995,0
1.8401,-1.7789,0.3369,-7.7369,-2.1906,0
-0.15436,-1.8302,0.36779,1.5931,-1.2125,0
-0.91415,-2.2662,0.31888,7.0545,-1.7303,0
-0.81917,-2.0867,0.24037,-3.4133,-1.1837,0
-0.81917,-1.8815,0.21205,-7.2818,-0.96797,0
-1.1991,-1.7789,0.23522,4.5513,-1.5145,0
-1.294,-1.6763,0.2674,4.7789,-1.1406,0
0.035589,-0.90679,0.27383,-6.5991,-2.6508,0
-0.059385,-0.3938,0.22621,-5.0062,-2.5501,0
-1.1041,-0.36816,0.21463,7.0545,-3.7008,0
-0.34431,-1.1376,0.22364,3.4135,-4.1323,0
-0.24933,-1.5224,0.17344,-6.5991,-4.233,0
-0.62923,-1.2146,0.18502,-1.5928,-5.1392,0
-0.7242,-1.0863,0.23908,8.4198,-4.4919,0
0.035589,-0.85549,0.23522,0.45525,-5.4556,0
0.79538,-0.47075,0.21463,-7.7369,-4.7796,0
0.13056,-0.23991,0.24294,1.3655,-5.0241,0
-1.1041,-0.21426,0.20047,7.5096,-4.6645,0
-2.0538,-0.13731,0.061464,-2.0479,-3.5714,0
-1.1991,0.14483,-0.055661,-7.0542,-3.5714,0
-0.91415,0.47827,-0.13031,4.0962,-1.8741,0
-0.7242,0.65782,-0.15477,6.5994,-1.9173,0
-0.7242,0.93996,-0.1612,-4.7786,-0.92482,0
0.035589,1.0169,-0.12259,-5.4613,-0.57961,0
-0.15436,1.1708,-0.090413,6.5994,-0.75222,0
-1.1991,1.5042,-0.090413,2.9584,0.34092,0
-2.8136,1.4016,-0.083977,-9.7849,-0.23441,0
-2.8136,0.91431,-0.064671,-2.0479,0.84434,0
-1.6739,1.299,-0.071106,8.1923,0.44161,0
-1.579,1.6325,-0.083977,0.00013542,0.34092,0
-0.53425,1.5555,-0.087839,-7.2818,0.45599,0
0.41548,1.6068,-0.0917,1.3655,-0.55085,0
0.79538,2.0942,-0.080116,7.0545,-0.061812,0
0.035589,2.4276,-0.086552,-3.1857,-1.27,0
-0.24933,2.2737,-0.085264,-6.3715,-0.92482,0
0.13056,1.9659,-0.080116,5.234,-1.0974,0
1.3652,1.9146,-0.092987,4.7789,-1.4714,0
1.4602,1.812,-0.11487,-6.5991,-0.73783,0
-0.53425,1.5555,-0.096848,-5.0062,-1.4714,0
-1.1991,1.5299,-0.063384,7.282,-0.36386,0
-1.6739,1.4016,-0.0518,2.2757,-0.73783,0
-0.62923,1.5812,-0.041503,-7.9645,-0.17688,0
0.60543,1.9659,-0.031207,-1.1377,0.52791,0
0.79538,1.812,-0.032494,7.5096,0.42722,0
0.7004,1.3503,-0.037642,0.00013542,1.9806,0
1.6501,1.376,-0.058236,-8.192,1.808,0
2.03,1.1965,-0.063384,0.91037,3.045,0
1.0803,0.63217,-0.036355,7.5096,3.4334,0
0.32051,0.65782,-0.014475,-3.4133,3.6491,0
1.4602,1.2221,-0.053087,-7.0542,4.5984,0
2.125,1.4016,-0.081403,4.7789,3.9943,0
1.4602,1.1452,-0.077542,5.234,5.0011,0
0.13056,1.1195,-0.076255,-6.3715,4.4402,0
1.0803,1.1965,-0.08269,-4.3235,4.9292,0
1.8401,0.78606,-0.080116,6.8269,4.9724,0
1.5552,0.60652,-0.069819,2.9584,4.6847,0
1.1753,0.42697,-0.065958,-6.5991,5.4183,0
1.5552,0.68346,-0.046652,-1.3652,4.6847,0
1.4602,0.27308,-0.056948,8.6474,5.6628,0
1.1753,-0.21426,-0.089126,0.00013542,5.0587,0
0.89035,0.14483,-0.090413,-6.5991,5.2888,0
0.22554,0.65782,-0.081403,3.186,5.634,0
-0.24933,0.32437,-0.076255,6.5994,5.0299,0
-0.7242,-0.034715,-0.087839,-4.7786,5.8929,0
-1.0091,0.067882,-0.080116,-7.5093,4.8429,0
-0.53425,-0.060364,-0.035068,4.5513,5.5333,0
0.41548,0.093531,-0.019623,5.234,5.2744,0
0.89035,0.37567,-0.032494,-7.7369,5.0731,0
0.89035,-0.034715,-0.065958,-4.0959,5.5333,0
0.79538,-0.41945,-0.045365,6.5994,4.5265,0
0.79538,-0.57335,0.0086931,1.5931,5.0443,0
0.98533,-0.7016,0.047306,-7.9645,3.8361,0
0.13056,-1.112,0.08077,-0.45498,3.5916,0
-0.34431,-1.2659,0.096215,7.0545,3.1313,0
-0.7242,-0.7016,0.12324,-2.2755,2.1532,0
-0.62923,-0.4451,0.1876,-7.5093,2.4984,0
-1.389,-0.5477,0.22492,4.3238,1.1032,0
-1.8639,-0.90679,0.20819,5.4616,1.1608,0
-0.62923,-0.90679,0.14384,-5.4613,0.16832,0
0.60543,-0.4964,0.08978,-5.4613,-0.62276,0
1.0803,-0.57335,0.046019,6.3718,-0.5077,0
0.89035,-0.6503,-0.033781,3.8687,-1.6871,0
0.13056,-0.88114,-0.10972,-8.6471,-0.89605,0
-1.1991,-0.599,-0.17279,-1.8203,-1.644,0
-1.9589,-0.11166,-0.17536,7.9647,-1.2844,0
-0.62923,-0.16296,-0.10328,-0.45498,-1.1262,0
1.1753,-0.62465,-0.046652,-7.7369,-1.644,0
0.60543,-1.1889,0.0035447,2.0482,-0.75222,0
-1.0091,-1.4711,0.065325,7.282,-1.5002,0
-1.1991,-1.6763,0.078196,-3.6408,-0.5077,0
-0.15436,-1.4711,0.048593,-6.8267,-0.55085,0
-0.24933,-1.1633,0.033148,4.7789,-0.17688,0
-1.1991,-1.0094,0.01899,5.6891,0.68613,0
-1.389,-0.67595,0.0048318,-5.6889,0.36969,0
-0.24933,-0.67595,-0.0041778,-4.7786,1.7649,0
-1.389,-0.7016,-0.0080391,6.5994,1.3765,0
-2.4337,-0.90679,-0.010613,3.186,2.3834,0
-1.484,-1.1376,-0.013187,-7.7369,2.8005,0
0.60543,-0.90679,-0.013187,-2.503,2.9443,0
1.1753,-1.2659,-0.036355,8.1923,4.4114,0
0.89035,-1.3941,-0.041503,1.5931,4.3251,0
0.13056,-1.3172,-0.062097,-8.4196,6.1087,0
-1.1991,-0.85549,-0.058236,1.1379,6.3676,0
-0.62923,-1.0094,0.0061189,7.282,7.1443,0
-0.15436,-1.1376,0.10394,-3.6408,8.0936,0
-1.0091,-0.80419,0.17859,-7.5093,7.9785,0
0.13056,-0.6503,0.23265,4.0962,9.3737,0
0.98533,-0.599,0.29185,5.234,9.0429,0
0.22554,-0.75289,0.30086,-5.6889,10.265,0
0.32051,-0.67595,0.23265,-5.4613,10.798,0
0.60543,-0.47075,0.15285,6.1442,11.287,0
-0.059385,-0.29121,0.066612,2.7309,12.394,0
-0.24933,0.016583,-0.022197,-7.7369,11.661,0
-0.7242,-0.34251,-0.089126,-3.1857,12.552,0
0.98533,-0.4451,-0.10714,7.5096,11.833,0
2.8848,-0.060364,-0.10972,-0.22742,12.135,0
3.0747,-0.13731,-0.13804,-8.8747,12.365,0
2.5999,-0.16296,-0.14833,0.00013542,11.905,0
2.22,-0.4451,-0.14447,7.282,13.228,0
0.7004,-0.26556,-0.15992,-2.7306,12.653,0
-0.24933,-0.21426,-0.19595,-7.5093,13.315,0
0.13056,-0.18861,-0.18308,4.5513,12.739,0
0.60543,-0.26556,-0.10714,6.3718,11.963,0
-0.059385,-0.4964,-0.014475,-5.2337,11.776,0
0.13056,-0.62465,0.026712,-5.0062,10.265,0
0.7004,-0.85549,0.070473,6.5994,10.467,0
0.13056,-0.95809,0.14126,4.0962,8.8847,0
-1.294,-0.90679,0.20562,-7.0542,8.41,0
-0.62923,-0.80419,0.20948,-1.8203,7.3313,0
0.60543,-0.90679,0.1773,8.6474,5.5477,0
0.7004,-0.90679,0.17215,-0.45498,4.9724,0
0.79538,-0.7016,0.14899,-8.4196,2.6567,0
0.89035,-0.72725,0.074335,1.8206,1.9519,0
2.315,-1.035,-0.040216,7.0545,-0.4214,0
1.9351,-0.95809,-0.089126,-4.3235,-1.9173,0
1.1753,-1.2659,-0.083977,-6.144,-3.0823,0
0.13056,-1.2146,-0.083977,6.3718,-4.8227,0
-0.34431,-0.85549,-0.10972,5.234,-4.6933,0
0.79538,-0.6503,-0.15863,-7.0542,-6.1748,0
1.8401,-0.67595,-0.17536,-4.0959,-5.959,0
0.7004,-1.1633,-0.14833,7.7372,-6.5056,0
-0.24933,-1.3172,-0.090413,2.0482,-6.9515,0
0.035589,-0.90679,-0.022197,-7.0542,-6.4193,0
1.4602,-0.93244,0.012554,-0.45498,-6.8364,0
2.03,-0.93244,0.015128,7.282,-5.0672,0
2.03,-0.67595,0.04087,-0.9101,-4.5638,0
1.4602,-0.599,0.017703,-8.192,-2.4495,0
0.41548,-0.599,0.027999,2.7309,-0.60838,0
-0.34431,-0.6503,0.21978,7.0545,0.75804,0
0.035589,-0.90679,0.45274,-4.7786,3.4621,0
0.60543,-0.95809,0.566,-6.8267,4.5696,0
-0.059385,-0.95809,0.56729,5.9167,7.6333,0
-1.1991,-0.72725,0.51581,4.3238,9.3881,0
-1.1991,-0.47075,0.34591,-7.2818,11.848,0
-1.389,0.067882,-0.0016037,-3.6408,14.624,0
-0.43928,0.50392,-0.34268,7.0545,16.307,0
1.2702,0.86301,-0.47397,1.3655,19.73,0
1.3652,0.88866,-0.4508,-8.4196,21.341,0
0.79538,0.35002,-0.3414,0.2277,24.304,0
1.5552,-0.18861,-0.14318,7.282,26.476,0
1.4602,-0.72725,0.039583,-1.5928,28.202,0
1.6501,-0.88114,0.088493,-7.2818,30.863,0
1.5552,-0.36816,-0.015762,3.6411,31.769,0
1.1753,0.067882,-0.16506,6.3718,34.66,0
0.32051,0.042233,-0.18823,-5.4613,35.81,0
-0.53425,-0.67595,-0.045365,-6.5991,37.608,0
-0.059385,-0.93244,0.10909,6.1442,39.234,0
0.51046,-1.1889,0.16958,4.0962,39.392,0
0.22554,-1.4711,0.17601,-7.2818,40.672,0
0.13056,-1.0094,0.21591,-3.4133,39.665,0
-0.15436,-0.52205,0.25453,7.0545,39.795,0
-1.1041,-0.18861,0.1876,1.8206,38.845,0
-0.34431,-0.11166,-0.0054649,-7.7369,37.709,0
-0.059385,0.32437,-0.31179,0.2277,37.306,0
-0.34431,1.3503,-0.70693,8.4198,35.249,0
-0.059385,2.5815,-1.075,-1.8203,34.703,0
0.7004,3.0175,-1.2205,-6.8267,32.186,0
-0.62923,2.5815,-1.0815,3.4135,30.33,0
-0.43928,1.4529,-0.74168,5.6891,28.043,0
0.51046,0.76041,-0.37486,-5.4613,24.951,0
0.13056,0.60652,-0.064671,-5.4613,23.369,0
-1.294,0.58087,0.098789,7.5096,20.176,0
-0.53425,0.29873,0.10008,4.3238,18.852,0
-0.15436,-0.0090658,0.069186,-7.9645,16.666,0
0.13056,0.093531,0.052454,-3.1857,14.35,0
0.035589,-0.0090658,0.037009,7.7372,11.215,0
-0.53425,0.067882,0.097502,1.1379,5.2744,0
0.89035,-0.086014,0.22235,-8.4196,-0.14811,0
1.1753,0.093531,0.26225,0.68281,-7.5556,0
1.2702,1.0426,0.1979,7.5096,-13.151,0
0.98533,1.5299,0.10136,-2.2755,-18.559,0
1.1753,1.2221,0.08978,-7.9645,-24.01,0
0.22554,1.1452,0.1477,4.5513,-28.21,0
-0.34431,1.7094,0.18631,6.3718,-34.136,0
-0.53425,2.4789,0.12196,-6.5991,-37.689,0
-0.7242,2.8893,-0.058236,-5.0062,-40.896,0
-1.294,2.9919,-0.27575,5.4616,-41.817,0
-1.294,3.6075,-0.4804,2.5033,-42.148,0
0.51046,3.9153,-0.65158,-7.2818,-43.888,0
1.2702,4.1461,-0.72366,-1.8203,-44.42,0
1.0803,3.9153,-0.66574,7.282,-46.995,0
-0.7242,3.6588,-0.47911,-0.22742,-48.793,0
-1.1991,3.7101,-0.28605,-8.4196,-52.561,0
-0.059385,4.4539,-0.18823,0.2277,-56.574,0
-0.24933,4.6848,-0.16506,7.282,-59.408,0
-1.1991,4.7873,-0.19338,-3.6408,-62.515,0
-0.34431,5.1464,-0.25902,-7.7369,-62.96,0
0.7004,5.6338,-0.30793,4.3238,-64.126,0
0.035589,5.839,-0.3903,6.3718,-63.205,0
-0.62923,6.4802,-0.5602,-5.0062,-62.428,0
-0.7242,6.9162,-0.63614,-5.4613,-62.443,0
0.79538,6.3776,-0.51258,6.5994,-61.407,0
0.41548,5.2747,-0.33496,3.8687,-61.896,0
-0.91415,4.2487,-0.23714,-7.9645,-60.285,0
-3.5734,3.864,-0.16249,-3.1857,-59.954,0
-2.5287,4.4026,-0.072394,7.7372,-59.192,0
0.22554,4.5822,0.012554,1.3655,-58.3,0
1.2702,4.5822,0.026712,-7.7369,-58.358,0
-0.62923,5.3516,-0.044078,0.45525,-56.474,0
-1.579,6.2237,-0.11744,7.282,-56.028,0
0.32051,6.7623,-0.18308,-2.9581,-53.712,0
1.7451,7.224,-0.241,-7.2818,-51.828,0
2.22,7.0188,-0.29249,3.8687,-49.857,0
3.1697,7.1471,-0.33753,6.5994,-47.038,0
1.3652,7.301,-0.35298,-5.4613,-46.319,0
-0.059385,6.6597,-0.32724,-5.2337,-44.794,0
-0.62923,6.0442,-0.30278,6.3718,-45.47,0
-0.7242,5.9929,-0.29377,3.6411,-44.866,0
-0.81917,6.1981,-0.30536,-7.7369,-43.989,0
-0.7242,6.1211,-0.2912,-3.4133,-42.421,0
-1.389,6.352,-0.22298,7.5096,-39.285,0
-1.8639,6.6084,-0.10071,1.5931,-38.092,0
-2.2438,6.3776,0.034435,-7.9645,-35.862,0
-2.4337,5.762,0.18245,-0.22742,-35.761,0
-1.484,5.4542,0.25324,7.0545,-36.481,0
-0.81917,5.7877,0.20948,-2.503,-37.473,0
-0.059385,6.2494,0.064038,-8.6471,-39.041,0
0.7004,6.275,-0.092987,2.9584,-37.833,0
-0.53425,6.0955,-0.18694,5.234,-36.97,0
-1.8639,5.7107,-0.21397,-6.3715,-32.712,0
-0.53425,5.5825,-0.23328,-5.9164,-27.491,0
1.2702,5.7877,-0.25902,5.9167,-22.486,0
1.9351,6.4033,-0.35169,1.8206,-17.725,0
0.035589,6.3007,-0.4302,-8.8747,-15.481,0
-1.6739,5.7107,-0.4804,-1.8203,-11.425,0
-1.389,5.1464,-0.42119,8.4198,-8.8357,0
0.51046,4.1461,-0.27961,1.3655,-5.4844,0
0.32051,3.2227,-0.11487,-7.2818,-2.8234,0
-0.15436,2.2737,0.079483,1.3655,-2.1043,0
0.13056,0.86301,0.23265,7.9647,-0.018661,0
-0.059385,-0.599,0.35235,-2.9581,0.77243,0
-0.62923,-1.3685,0.48105,-6.3715,3.5628,0
0.035589,-2.0097,0.55828,4.7789,5.1306,0
1.1753,-2.1893,0.53769,5.9167,6.31,0
2.03,-2.1893,0.38838,-5.4613,7.8778,0
1.4602,-2.061,0.20433,-5.0062,8.3669,0
1.1753,-2.6509,0.083344,6.1442,11.114,0
-0.43928,-3.6256,0.07176,3.4135,12.61,0
-0.53425,-4.5233,0.15413,-7.7369,15.386,0
-0.24933,-5.0107,0.22879,-3.1857,17.486,0
-1.1991,-5.4467,0.22879,7.7372,18.622,0
-1.8639,-5.6776,0.25968,1.1379,20.248,0
-0.81917,-6.524,0.30987,-8.4196,19.485,0
-0.24933,-7.2935,0.32403,0.45525,19.759,0
-0.43928,-7.473,0.34334,7.5096,18.881,0
-0.059385,-8.3194,0.3665,-2.9581,19.471,0
0.13056,-9.2428,0.38195,-7.2818,21.024,0
-0.62923,-9.6275,0.39353,5.234,22.031,0
0.22554,-9.7301,0.38195,6.1442,24.534,0
1.2702,-9.884,0.33819,-6.5991,25.109,0
1.2702,-9.4993,0.27126,-5.4613,26.806,0
0.32051,-9.2941,0.16443,6.3718,27.224,0
-0.53425,-9.3454,0.015128,2.7309,27.281,0
-0.059385,-9.4993,-0.031207,-8.192,27.842,0
0.51046,-9.6532,0.030574,-1.8203,26.835,0
0.79538,-9.7814,0.082057,6.8269,27.382,0
0.035589,-9.9097,0.016416,-0.68254,26.102,0
0.51046,-9.8071,-0.0119,-8.192,26.102,0
1.2702,-9.9866,0.10909,1.3655,25.929,0
2.03,-9.9866,0.23136,6.1442,25.555,0
1.6501,-9.6788,0.25453,-3.8684,26.389,0
0.41548,-9.4993,0.16057,-7.5093,25.267,0
-0.43928,-10.115,0.11295,4.7789,25.627,0
0.13056,-10.987,0.15928,4.0962,24.735,0
-0.059385,-11.5,0.22106,-7.2818,24.419,0
-0.7242,-11.013,0.2674,-3.8684,24.706,0
-0.059385,-10.705,0.2867,7.0545,24.016,0
0.79538,-10.551,0.26997,2.5033,24.678,0
-0.62923,-10.474,0.19403,-7.7369,23.211,0
-1.7689,-10.5,0.069186,-0.9101,22.707,0
-1.389,-10.371,0.024138,7.9647,21.039,0
-1.579,-9.9097,0.08978,-0.22742,19.298,0
-1.1991,-9.7301,0.23522,-7.5093,18.651,0
-0.7242,-9.7301,0.37551,3.8687,16.911,0
-1.389,-9.5762,0.38324,7.9647,17.198,0
-1.8639,-9.1146,0.25195,-4.7786,15.817,0
-0.059385,-9.1146,0.15285,-6.3715,15.53,0
0.32051,-9.1915,0.17988,5.6891,14.854,0
-1.1991,-9.2172,0.26096,5.234,13.099,0
-0.53425,-9.0889,0.297,-6.3715,12.452,0
-0.15436,-9.1915,0.27126,-3.1857,10.078,0
-0.34431,-9.1402,0.19532,7.5096,9.6038,0
0.13056,-8.8324,0.1773,1.3655,8.4532,0
-0.059385,-8.3451,0.19532,-7.7369,7.5614,0
-0.53425,-7.909,0.1181,-0.9101,7.3169,0
-0.62923,-7.473,-0.024771,7.7372,5.634,0
-0.7242,-7.473,-0.12645,-2.0479,5.5477,0
-0.7242,-7.037,-0.21011,-6.8267,3.908,0
-0.7242,-6.6522,-0.30536,3.8687,3.4477,0
-0.34431,-5.8827,-0.35427,5.6891,2.4553,0
-0.62923,-5.7289,-0.32595,-5.4613,1.2758,0
-1.484,-6.5753,-0.22942,-5.6889,1.4628,0
-1.1041,-7.0883,-0.1419,6.3718,0.54229,0
-0.7242,-7.473,-0.12903,3.186,1.4484,0
-1.1991,-7.3191,-0.11101,-7.2818,0.88749,0
-2.1488,-7.3191,-0.018336,-2.503,0.85873,0
-0.7242,-7.3961,0.097502,7.0545,0.44161,0
-0.059385,-7.7551,0.20948,-0.22742,-1.0255,0
1.1753,-7.6525,0.23007,-8.192,-0.66591,0
0.41548,-7.0883,0.16829,0.91037,-1.5865,0
-0.34431,-6.2931,0.11166,7.282,-0.53646,0
0.13056,-5.6006,0.031861,-2.2755,-0.69468,0
0.51046,-5.062,-0.053087,-7.5093,-0.98235,0
0.13056,-4.2155,-0.1213,3.6411,-1.27,0
-1.294,-3.7282,-0.10714,5.234,-2.8378,0
0.22554,-4.2412,0.026712,-6.144,-2.7659,0
0.98533,-4.8055,0.27255,-5.4613,-4.0748,0
-0.53425,-4.8055,0.4965,6.5994,-3.744,0
-0.24933,-4.3438,0.56472,3.186,-4.0892,0
1.2702,-3.8308,0.46818,-7.9645,-4.5063,0
1.4602,-3.8308,0.27641,-1.1377,-3.7727,0
0.32051,-3.523,0.11037,7.9647,-4.607,0
-0.43928,-2.2919,0.022851,0.45525,-3.6001,0
-0.059385,-1.3685,-0.024771,-7.9645,-4.3049,0
0.79538,-1.2146,-0.12259,2.2757,-3.9885,0
0.035589,-0.62465,-0.25645,7.5096,-4.1323,0
-0.62923,-0.13731,-0.2809,-3.1857,-4.6789,0
-2.2438,-0.13731,-0.16635,-7.2818,-3.6864,0
-1.6739,-0.18861,-0.037642,4.3238,-3.9166,0
-1.1041,-0.72725,0.060177,4.7789,-2.507,0
-1.484,-1.8302,0.167,-5.4613,-2.3632,0
-0.34431,-2.4457,0.24938,-4.3235,-2.1762,0
-0.24933,-2.4714,0.28542,6.3718,-1.8454,0
-0.43928,-2.7535,0.28928,2.9584,-2.996,0
-0.53425,-2.5996,0.31245,-6.8267,-2.5933,0
-0.059385,-1.9584,0.36393,-2.0479,-3.744,0
1.3652,-1.1376,0.36393,7.5096,-3.2118,0
1.9351,-0.85549,0.34591,0.00013542,-3.1542,0
0.79538,-0.85549,0.31759,-7.7369,-3.1974,0
0.51046,-0.90679,0.29185,0.91037,-2.3056,0
0.79538,-0.23991,0.26354,6.3718,-2.9816,0
-0.43928,0.27308,0.2275,-2.9581,-2.4063,0
-0.91415,0.37567,0.16958,-7.7369,-3.7871,0
-0.91415,0.76041,0.060177,3.6411,-4.0892,0
0.035589,2.0429,-0.069819,4.5513,-4.2186,0
-0.91415,3.1971,-0.090413,-6.8267,-4.1755,0
-1.8639,3.4279,-0.02091,-5.6889,-2.5789,0
-0.43928,3.9922,-0.065958,6.3718,-2.5933,0
0.41548,4.1718,-0.12645,2.5033,-1.3707,0
0.79538,3.787,-0.036355,-8.6471,-1.9748,0
0.79538,3.8383,0.10394,-1.5928,-2.0755,0
0.13056,3.8383,0.19017,7.5096,-1.7878,0
-1.1991,3.2484,0.23007,-0.9101,-1.9748,0
-1.1991,2.838,0.2468,-7.2818,-0.13373,0
0.60543,2.8637,0.22492,2.2757,0.19709,0
1.9351,3.9409,0.13354,5.9167,1.9375,0
1.7451,5.762,0.056315,-4.7786,2.2108,0
0.79538,6.6084,0.039583,-6.5991,2.0525,0
1.0803,5.5825,0.065325,5.6891,2.0094,0
2.03,4.5565,0.085918,3.6411,0.58544,0
1.9351,3.7357,0.042157,-7.0542,1.4628,0
1.0803,3.2227,-0.017049,-3.6408,1.1032,0
1.5552,3.351,-0.0054649,6.5994,2.3402,0
1.2702,3.3766,0.024138,2.2757,3.2464,0
1.0803,4.0179,0.027999,-7.5093,3.4046,0
0.98533,3.864,0.027999,-0.9101,4.2388,0
0.035589,3.3766,0.066612,7.7372,3.0162,0
-0.34431,3.1714,0.12582,-0.9101,3.3471,0
-0.53425,3.6075,0.19661,-6.8267,2.743,0
-0.059385,4.8386,0.23908,4.0962,3.0882,0
0.60543,6.275,0.18631,6.3718,3.8792,0
0.79538,7.737,0.088493,-5.6889,3.6347,0
1.7451,7.4805,-0.006752,-5.0062,4.9148,0
0.7004,6.1211,-0.023484,7.282,4.3251,0
-0.34431,5.0438,0.060177,2.7309,5.0731,0
-0.059385,3.5049,0.20047,-7.0542,4.6128,0
0.60543,2.7611,0.31373,-1.5928,4.0662,0
0.79538,3.4023,0.34462,7.0545,4.0806,0
0.98533,4.4283,0.31245,0.2277,2.9875,0
0.98533,5.0182,0.27126,-8.192,3.7642,0
0.79538,5.249,0.22621,0.68281,3.3902,0
0.13056,5.4799,0.17215,6.8269,4.0231,0
0.22554,5.3773,0.087205,-2.2755,4.1669,0
0.7004,4.7361,0.042157,-7.2818,3.1457,0
0.13056,4.7104,0.015128,3.6411,3.232,0
-1.1991,4.7617,-0.0119,5.234,1.6642,0
-1.294,5.1464,-0.056948,-5.4613,2.0957,0
-0.91415,5.7107,-0.11487,-5.6889,1.693,0
0.60543,5.6338,-0.16635,6.1442,1.7649,0
0.51046,5.5568,-0.11101,3.186,2.1245,0
-0.15436,5.1977,-0.006752,-7.7369,0.93064,0
0.035589,4.9669,0.013841,-2.7306,1.1176,0
1.3652,5.0438,-0.006752,7.282,-0.69468,0
2.8848,4.7361,0.016416,0.45525,-0.91043,0
2.03,4.377,0.091067,-7.9645,-1.3707,0
1.0803,4.1461,0.12968,1.1379,-1.6152,0
0.98533,4.1718,0.11552,7.0545,-0.26318,0
1.4602,4.1974,0.076909,-2.9581,-0.40701,0
1.5552,4.7617,0.064038,-6.8267,1.1752,0
1.0803,5.3003,0.04087,5.0064,0.84434,0
0.79538,6.0698,-0.024771,6.3718,0.85873,0
0.89035,6.5059,-0.065958,-6.3715,0.55667,0
0.60543,6.6854,-0.102,-5.4613,-0.79537,0
1.4602,6.8393,-0.12903,6.8269,-0.37825,0
1.2702,6.9162,-0.14576,4.0962,-1.6296,0
0.51046,6.4802,-0.15091,-7.2818,-1.1262,0
-0.34431,6.2237,-0.1419,-2.503,-1.5865,0
-1.1991,6.6597,-0.16249,7.9647,-1.8454,0
-1.9589,6.9932,-0.20239,1.3655,-1.5289,0
-0.7242,7.0445,-0.24229,-7.2818,-2.6796,0
-0.24933,7.737,-0.23457,1.3655,-2.1618,0
-2.3388,7.8653,-0.19982,7.5096,-3.4131,0
-2.6237,7.1984,-0.13932,-2.503,-3.4851,0
-0.81917,7.224,-0.12002,-7.2818,-3.7727,0
0.41548,7.6344,-0.11487,4.0962,-4.5926,0
-0.7242,7.3779,-0.1316,4.3238,-3.9453,0
-2.4337,7.224,-0.16249,-6.8267,-5.0097,0
-1.1991,7.1984,-0.16893,-4.5511,-4.3193,0
0.41548,7.1984,-0.15992,7.9647,-4.9234,0
0.7004,7.1214,-0.15863,2.0482,-5.2255,0
0.79538,6.8906,-0.17665,-8.8747,-5.0241,0
0.13056,6.7623,-0.19724,-1.5928,-5.8727,0
-0.53425,6.7367,-0.17407,6.5994,-5.0529,0
-0.7242,6.4802,-0.1419,-1.8203,-5.9015,0
0.13056,6.0955,-0.15477,-7.9645,-5.3693,0
-0.81917,6.1211,-0.17793,2.7309,-5.5994,0
-1.0091,6.6341,-0.17536,6.8269,-6.1028,0
-0.81917,6.6341,-0.1612,-5.6889,-5.5419,0
-0.7242,6.1468,-0.15605,-7.0542,-6.5775,0
-0.34431,6.0442,-0.13031,6.1442,-5.8727,0
-1.484,6.0442,-0.092987,3.6411,-6.7357,0
-1.294,6.1981,-0.080116,-6.8267,-6.6638,0
-0.15436,5.9929,-0.095561,-4.3235,-6.4624,0
-0.059385,5.6338,-0.13804,7.0545,-7.1528,0
-0.43928,5.4799,-0.15992,1.1379,-6.2611,0
-0.059385,5.7877,-0.18308,-8.192,-7.2104,0
-0.059385,5.8903,-0.19853,-0.68254,-6.6063,0
0.035589,5.6081,-0.19338,7.282,-6.9515,0
1.4602,5.0438,-0.22041,-1.1377,-7.009,0
1.2702,4.813,-0.27189,-7.7369,-6.0741,0
0.32051,4.9925,-0.28991,3.186,-6.4768,0
-0.43928,4.5309,-0.26288,6.5994,-5.0385,0
0.035589,3.5049,-0.20754,-5.0062,-5.3405,0
-0.059385,2.9919,-0.13932,-6.8267,-4.5926,0
-0.34431,3.3253,-0.11873,5.4616,-4.2474,0
0.13056,3.6588,-0.10843,5.234,-4.6645,0
-0.34431,3.5562,-0.087839,-7.2818,-4.0892,0
0.32051,3.1201,-0.056948,-4.0959,-5.2686,0
-0.15436,2.5046,-0.072394,7.282,-4.6501,0
-1.294,2.5302,-0.053087,3.4135,-5.2255,0
-1.9589,2.5815,-0.033781,-7.2818,-4.8803,0
-1.1991,2.1455,-0.072394,-1.1377,-4.2042,0
-0.91415,2.2224,-0.14061,7.7372,-4.5638,0
-0.53425,2.2481,-0.15091,-0.22742,-3.4131,0
-0.62923,2.1455,-0.15091,-7.7369,-4.2042,0
-1.294,1.5812,-0.18952,1.8206,-3.5282,0
-2.6237,0.91431,-0.23199,6.5994,-3.8303,0
-1.8639,1.0169,-0.23457,-3.6408,-4.0604,0
-1.484,1.299,-0.2114,-7.2818,-3.2837,0
-1.294,1.7864,-0.2114,4.0962,-3.9166,0
-1.579,1.7864,-0.21655,5.234,-2.7803,0
-1.294,1.5042,-0.21397,-6.3715,-3.3412,0
-0.91415,1.0939,-0.14962,-5.6889,-3.183,0
-0.62923,0.81171,-0.078829,7.0545,-3.3412,0
-0.34431,0.83736,-0.035068,2.5033,-4.1323,0
-0.62923,0.58087,-0.0119,-8.192,-3.6001,0
-1.389,0.81171,-0.028633,-1.8203,-4.5494,0
-1.1991,0.65782,-0.068532,7.7372,-3.557,0
-0.62923,0.50392,-0.11744,-0.45498,-3.744,0
-0.7242,0.042233,-0.092987,-8.192,-3.3125,0
-0.81917,-0.26556,-0.023484,2.5033,-2.7084,0
-0.7242,-0.80419,0.05889,7.282,-3.6001,0
-1.294,-1.0094,0.10394,-4.3235,-3.0536,0
-2.1488,-0.88114,0.12453,-7.0542,-4.1035,0
-2.8136,-0.4451,0.093641,5.6891,-3.0823,0
-2.0538,-0.34251,0.033148,4.5513,-2.1186,0
-0.15436,-0.77854,-0.0054649,-6.8267,-1.3419,0
0.60543,-1.0607,-0.04279,-3.4133,0.038872,0
0.89035,-1.3685,-0.074968,8.1923,-0.89605,0
0.7004,-1.625,-0.073681,2.2757,-0.39263,0
0.13056,-1.5224,-0.062097,-8.6471,-1.1981,0
1.1753,-1.4454,-0.069819,-0.22742,-1.0255,0
1.9351,-1.5224,-0.085264,7.7372,-0.3351,0
0.035589,-1.7789,-0.080116,-0.9101,-0.37825,0
-1.579,-2.2406,-0.033781,-7.2818,1.132,0
-1.389,-2.6253,0.035722,3.6411,0.93064,0
0.13056,-3.2409,0.038296,6.1442,2.3115,0
-0.15436,-3.3435,-0.0080391,-5.4613,2.6423,0
-0.34431,-3.1126,-0.032494,-4.3235,2.7717,0
-0.53425,-2.7792,-0.024771,7.282,3.2751,0
-0.81917,-2.5483,-0.031207,3.186,1.9231,0
-1.294,-2.1123,-0.054374,-7.0542,1.9806,0
-1.294,-2.3175,-0.055661,-1.8203,0.59983,0
-0.15436,-2.7535,-0.058236,7.9647,0.90188,0
0.51046,-2.7022,-0.08269,0.00013542,1.808,0
0.7004,-2.3944,-0.10843,-8.6471,2.0669,0
-0.059385,-2.2149,-0.12645,0.91037,3.6347,0
-1.294,-2.3688,-0.12903,7.0545,2.858,0
-0.53425,-2.8818,-0.11744,-3.8684,3.1601,0
1.2702,-3.2922,-0.095561,-7.9645,2.2827,0
2.125,-3.087,-0.089126,4.3238,1.506,0
2.22,-2.8305,-0.10328,4.5513,1.8512,0
2.03,-2.7792,-0.099422,-6.8267,1.1895,0
1.6501,-2.9587,-0.049226,-5.0062,2.4265,0
0.89035,-3.087,-0.0054649,6.1442,2.0094,0
0.89035,-3.3178,0.0086931,1.5931,2.7286,0
0.32051,-3.6256,0.037009,-8.192,3.1745,0
0.32051,-4.036,0.066612,-0.9101,3.2895,0
0.60543,-3.9591,0.04988,7.282,4.4546,0
0.79538,-3.9334,0.046019,-1.3652,3.9799,0
1.6501,-3.9078,0.047306,-7.9645,4.8573,0
2.03,-3.8565,0.035722,1.1379,4.1381,0
1.4602,-3.3691,0.013841,6.5994,4.0662,0
0.22554,-2.7022,-0.00031657,-4.0959,4.3827,0
0.89035,-3.0613,0.016416,-6.8267,3.9368,0
0.41548,-3.8052,0.042157,5.4616,5.2313,0
0.51046,-4.036,0.022851,4.0962,4.771,0
1.6501,-4.1129,0.015128,-6.144,5.7779,0
1.2702,-3.9847,0.0099801,-3.6408,5.6772,0
1.5552,-3.6,0.01899,7.282,5.1737,0
1.4602,-3.8308,0.060177,1.8206,5.6484,0
1.0803,-4.7798,0.10008,-7.9645,4.6272,0
0.7004,-5.2928,0.12582,-0.45498,5.3176,0
0.22554,-5.1646,0.13097,7.7372,4.2244,0
-1.9589,-4.8824,0.12453,-1.3652,4.1957,0
-2.4337,-4.7029,0.12324,-7.2818,4.0518,0
-0.81917,-4.5233,0.10265,4.0962,3.4046,0
-0.43928,-4.7798,0.094928,6.5994,4.3539,0
0.89035,-5.4211,0.15928,-4.5511,3.6347,0
1.3652,-6.2418,0.22621,-6.3715,4.3251,0
0.22554,-6.6779,0.22879,5.4616,3.5772,0
0.32051,-6.3444,0.18631,4.5513,3.1601,0
1.2702,-5.7545,0.13354,-7.9645,3.1457,0
1.9351,-5.3698,0.10008,-2.9581,2.0525,0
1.6501,-5.6263,0.098789,8.1923,2.5272,0
0.13056,-6.0366,0.15413,0.68281,1.4197,0
-0.34431,-6.1136,0.20819,-7.7369,2.1676,0
0.79538,-6.2675,0.18502,0.91037,2.4265,0
2.03,-6.2675,0.10909,7.7372,2.4265,0
0.89035,-5.8571,0.073047,-2.503,2.9875,0
0.41548,-5.8827,0.084631,-6.5991,1.7073,0
2.125,-5.9853,0.088493,4.3238,1.8799,0
2.5049,-6.2418,0.079483,5.234,0.54229,0
1.1753,-6.011,0.078196,-6.3715,0.42722,0
-1.0091,-5.6519,0.082057,-4.7786,0.54229,0
0.41548,-5.1646,0.053741,6.5994,0.12517,0
1.6501,-4.5746,0.016416,2.5033,0.98818,0
0.60543,-4.3181,0.013841,-8.4196,-0.32071,0
-0.24933,-4.3181,0.042157,-2.7306,-0.061812,0
0.7004,-4.1899,0.078196,7.282,-1.0255,0
1.1753,-3.9078,0.092354,0.2277,-1.2556,0
0.98533,-3.5487,0.10909,-8.4196,-0.6803,0
0.89035,-3.0613,0.12453,1.5931,-1.0399,0
1.6501,-2.497,0.12582,7.282,0.15394,0
1.4602,-2.3688,0.14126,-2.9581,-0.69468,0
0.32051,-2.8048,0.11295,-7.2818,-0.70906,0
0.32051,-2.5227,0.0061189,3.4135,-1.7447,0
0.13056,-1.7276,-0.077542,5.4616,-3.1542,0
-1.294,-1.112,-0.10071,-6.8267,-2.9673,0
-0.62923,-0.7016,-0.059523,-5.4613,-3.6289,0
1.4602,-0.4964,-0.036355,7.9647,-1.9892,0
1.5552,0.042233,-0.067245,3.186,-1.831,0
1.1753,0.45262,-0.12388,-8.192,-1.6584,0
0.035589,0.47827,-0.19081,-1.5928,-1.7303,0
0.22554,-0.13731,-0.21011,8.6474,-3.0679,0
0.7004,-0.77854,-0.15091,0.00013542,-2.507,0
0.7004,-1.2659,-0.062097,-7.7369,-3.4275,0
0.035589,-1.112,0.026712,1.8206,-2.5645,0
-0.53425,-1.0607,0.056315,7.5096,-2.4351,0
0.035589,-0.95809,0.024138,-3.8684,-2.5789,0
-0.81917,-0.82984,0.0048318,-6.3715,-2.2769,0
-1.0091,-1.3428,0.0061189,5.6891,-3.4994,0
-0.43928,-1.9841,0.012554,5.9167,-3.0679,0
-0.62923,-2.2406,0.024138,-7.2818,-3.8734,0
-0.7242,-2.4457,0.021564,-4.0959,-3.1399,0
-0.7242,-2.0354,0.0048318,6.8269,-2.6221,0
-0.62923,-1.6763,0.015128,2.7309,-2.8522,0
-1.389,-1.7532,0.055028,-8.4196,-2.133,0
-0.34431,-1.9841,0.070473,-1.3652,-3.3412,0
1.0803,-2.2919,0.076909,7.7372,-2.6364,0
0.13056,-1.8302,0.087205,-1.5928,-2.9816,0
-0.24933,-0.95809,0.083344,-8.4196,-2.809,0
1.4602,-0.599,0.08077,3.186,-2.3344,0
0.60543,-0.31686,0.060177,6.3718,-3.1255,0
-1.0091,-0.21426,0.044732,-5.4613,-2.3056,0
-1.1991,-0.23991,0.026712,-7.0542,-3.0967,0
-1.484,-0.29121,-0.049226,5.9167,-2.32,0
-1.1991,0.093531,-0.102,3.6411,-2.1186,0
-1.0091,-0.36816,-0.044078,-7.7369,-2.0755,0
-0.7242,-0.82984,0.051167,-4.7786,-1.0974,0
-1.389,-0.90679,0.098789,7.282,-1.7447,0
0.41548,-0.7016,0.10394,1.5931,-0.73783,0
0.98533,-0.57335,0.12196,-8.6471,-1.4426,0
-0.34431,-0.13731,0.10394,-1.1377,-1.2844,0
-2.4337,0.86301,0.033148,7.282,-0.98235,0
-0.62923,1.4786,-0.081403,0.00013542,-1.27,0
1.5552,1.5299,-0.16635,-7.7369,0.038872,0
1.6501,1.3247,-0.15219,2.5033,-0.4214,0
-0.24933,0.78606,-0.089126,7.5096,0.72928,0
-1.0091,0.50392,-0.036355,-3.1857,0.44161,0
-0.15436,0.70911,-0.017049,-6.5991,0.35531,0
-0.059385,0.47827,-0.024771,5.9167,0.62859,0
-0.34431,0.60652,-0.02091,3.8687,-0.29195,0
0.035589,0.68346,0.0048318,-6.8267,0.52791,0
-0.15436,0.067882,0.037009,-3.6408,-0.22003,0
0.32051,-0.47075,0.064038,8.1923,0.28339,0
1.2702,-0.80419,0.1374,2.7309,0.25462,0
2.03,-0.80419,0.20948,-7.5093,-0.090578,0
0.79538,-0.93244,0.27641,-1.1377,0.88749,0
-0.24933,-1.0094,0.27641,8.4198,0.34092,0
-0.34431,-1.4198,0.25581,-0.45498,1.4484,0
-1.484,-1.625,0.26225,-7.2818,0.85873,0
-1.1991,-1.6763,0.22235,2.0482,1.2327,0
-0.62923,-1.9584,0.17988,7.0545,1.6067,0
-1.484,-1.8302,0.18374,-4.3235,1.1464,0
-1.1041,-1.4967,0.29443,-7.7369,2.2971,0
-0.62923,-1.3941,0.41413,4.3238,1.5491,0
-1.1041,-1.4454,0.45274,4.7789,2.4984,0
-1.294,-1.7019,0.4167,-7.2818,2.4984,0
-0.81917,-1.548,0.42442,-5.4613,2.4984,0
-0.81917,-1.7276,0.44115,7.282,3.2464,0
-0.059385,-1.7276,0.42056,3.186,2.4697,0
-0.24933,-1.4198,0.36393,-7.7369,3.419,0
0.32051,-0.90679,0.32274,-1.1377,2.7286,0
0.51046,-0.93244,0.33175,7.7372,3.0738,0
0.89035,-1.2402,0.36908,0.00013542,3.1025,0
0.13056,-1.1376,0.36264,-9.1023,2.2971,0
-0.43928,-0.93244,0.3369,0.68281,2.9012,0
-0.53425,-0.82984,0.34205,6.1442,1.7649,0
0.035589,-0.21426,0.34977,-4.0959,2.2971,0
-0.24933,-0.31686,0.32918,-6.8267,1.7361,0
0.22554,-0.98374,0.30858,5.234,1.6642,0
0.7004,-0.95809,0.29571,4.5513,2.0669,0
0.7004,-0.34251,0.25067,-7.2818,1.4341,0
0.7004,0.11918,0.16186,-3.1857,2.4697,0
0.7004,0.27308,0.084631,8.6474,1.7073,0
0.98533,0.47827,0.060177,2.5033,2.2395,0
0.7004,0.68346,0.061464,-7.5093,2.0382,0
0.7004,1.2734,0.039583,-0.22742,1.4916,0
-0.059385,1.5812,0.016416,7.9647,2.0238,0
-0.81917,1.1708,-0.014475,-1.5928,1.1464,0
0.13056,0.81171,-0.067245,-8.4196,2.3978,0
-0.15436,0.93996,-0.1419,3.4135,2.0094,0
-0.53425,0.93996,-0.17793,6.3718,2.6135,0
-1.389,0.78606,-0.1715,-3.8684,2.8149,0
-2.1488,1.0682,-0.2011,-6.3715,2.2971,0
-1.294,1.5812,-0.27704,6.3718,3.045,0
-0.91415,1.3503,-0.34783,4.5513,2.0382,0
-1.484,1.0682,-0.40318,-7.7369,2.858,0
-2.0538,1.6581,-0.41733,-1.8203,2.5416,0
-0.7242,2.1198,-0.40832,8.4198,2.7573,0
-0.24933,2.1198,-0.38001,1.5931,3.3471,0
-0.43928,1.7351,-0.34654,-7.5093,2.5416,0
-0.62923,1.6838,-0.35941,1.1379,3.419,0
-0.62923,1.2221,-0.38129,7.7372,2.5991,0
-1.484,0.68346,-0.36328,-2.7306,3.2176,0
-1.294,0.32437,-0.31179,-7.0542,3.2608,0
0.51046,0.19613,-0.25387,4.5513,3.0019,0
1.9351,-0.13731,-0.19982,6.1442,3.9799,0
0.7004,-0.47075,-0.17279,-6.3715,3.2176,0
-1.1041,-0.4964,-0.11873,-5.4613,4.0662,0
-1.1041,-0.41945,-0.010613,6.5994,3.4334,0
-0.24933,-0.5477,0.057602,3.186,3.5484,0
0.035589,-0.98374,0.039583,-8.192,4.095,0
-1.1041,-1.4454,-0.0518,-3.6408,3.606,0
-1.294,-1.1633,-0.10457,7.5096,4.7422,0
-0.24933,-1.1633,-0.102,0.91037,4.1813,0
-0.15436,-1.5737,-0.10328,-8.6471,4.9292,0
0.13056,-1.7532,-0.12903,0.45525,4.7422,0
-0.24933,-1.5737,-0.12002,7.282,4.4114,0
-0.53425,-1.4967,-0.102,-2.7306,5.0155,0
-0.53425,-1.7276,-0.11873,-7.7369,4.282,0
-0.62923,-1.6506,-0.16506,3.6411,5.2744,0
-1.389,-0.72725,-0.23843,5.6891,4.5409,0
-2.3388,-0.060364,-0.33239,-6.144,4.7279,0
-0.7242,-0.11166,-0.36328,-5.6889,4.6703,0
0.32051,-0.26556,-0.34397,6.3718,4.2244,0
0.89035,-0.6503,-0.26031,3.186,5.7059,0
-0.7242,-1.2659,-0.12645,-7.7369,5.634,0
-1.1041,-1.7789,0.012554,-2.9581,7.1011,0
-0.059385,-2.3431,0.11037,7.7372,6.9861,0
0.7004,-2.3944,0.1181,0.2277,6.9573,0
0.98533,-2.497,0.055028,-7.9645,7.3888,0
0.13056,-2.2919,-0.00031657,1.1379,6.4539,0
0.98533,-2.0867,-0.033781,7.0545,7.2306,0
1.4602,-2.4201,-0.035068,-3.4133,6.3532,0
0.035589,-2.497,0.01899,-6.8267,7.0292,0
-0.53425,-2.2662,0.079483,5.4616,7.2162,0
-0.62923,-1.7019,0.085918,5.9167,6.7559,0
0.035589,-1.7789,0.069186,-6.3715,7.36,0
0.7004,-2.1123,0.075622,-5.0062,6.382,0
0.79538,-2.138,0.10008,6.8269,7.4032,0
0.89035,-1.9841,0.12067,1.5931,7.173,0
0.89035,-2.3431,0.14899,-8.192,7.5758,0
1.5552,-3.1383,0.16572,0.2277,7.9497,0
2.4099,-3.2152,0.11295,7.9647,6.9861,0
0.22554,-2.5996,0.060177,-2.503,7.4751,0
-1.6739,-2.3431,0.044732,-7.7369,6.2525,0
-2.2438,-2.3688,0.039583,3.6411,6.7128,0
-0.62923,-2.0097,0.051167,6.1442,6.6121,0
0.41548,-1.7276,0.066612,-6.5991,6.871,0
0.13056,-1.4454,0.056315,-4.5511,8.0648,0
-1.1991,-1.0094,-0.0041778,7.0545,7.4751,0
-0.62923,-0.7016,-0.035068,2.9584,8.3812,0
0.51046,-0.62465,-0.014475,-7.9645,7.5326,0
0.79538,-0.599,0.00097052,-3.1857,7.5902,0
0.13056,-0.599,-0.058236,6.8269,7.1587,0
-1.1991,-0.62465,-0.13546,-0.9101,6.0224,0
-0.53425,-0.5477,-0.15219,-8.4196,6.5114,0
1.0803,-0.16296,-0.15091,1.1379,6.0224,0
1.5552,0.37567,-0.13289,7.0545,7.734,0
0.32051,0.63217,-0.15992,-3.6408,7.7196,0
-0.15436,0.86301,-0.23972,-8.192,7.5182,0
-1.389,0.70911,-0.31823,3.186,7.245,0
-1.0091,0.76041,-0.38644,5.6891,5.9936,0
-0.059385,1.2477,-0.42248,-6.3715,6.8566,0
-0.91415,1.6581,-0.40575,-5.4613,6.1231,0
-1.0091,1.4786,-0.35941,7.0545,6.6121,0
-0.15436,1.2734,-0.33367,4.5513,6.0943,0
0.79538,1.6068,-0.33753,-5.9164,5.4614,0
0.13056,1.7094,-0.34783,-1.5928,6.0655,0
0.13056,1.5555,-0.31308,7.9647,5.6196,0
-0.059385,1.3503,-0.21397,1.8206,6.9141,0
-1.1991,0.68346,-0.11358,-7.7369,6.382,0
-1.294,0.11918,-0.080116,0.91037,6.6984,0
-0.34431,0.35002,-0.10843,7.7372,6.8278,0
0.7004,1.1708,-0.12388,-2.0479,6.4826,0
0.79538,1.7094,-0.15992,-7.7369,7.5039,0
1.4602,1.7607,-0.18437,4.0962,6.7415,0
1.5552,1.5812,-0.19081,5.9167,7.4319,0
0.89035,1.5299,-0.18566,-4.7786,6.7991,0
0.7004,1.7351,-0.19853,-5.2337,6.2813,0
0.79538,1.5299,-0.23328,6.1442,6.4683,0
0.035589,1.4016,-0.27575,4.0962,5.4183,0
0.13056,1.1965,-0.27961,-7.2818,6.2813,0
0.13056,1.1452,-0.26417,-1.5928,5.6628,0
-0.53425,1.3503,-0.25773,8.6474,6.4107,0
0.13056,1.6838,-0.22556,0.91037,6.4683,0
-0.62923,1.7864,-0.19467,-7.2818,5.7347,0
-0.34431,1.5042,-0.18566,0.2277,6.1806,0
-0.34431,0.99126,-0.15734,7.282,4.8717,0
0.035589,0.93996,-0.10586,-2.9581,5.3751,0
0.7004,0.99126,-0.077542,-8.192,4.7135,0
-0.7242,0.96561,-0.10457,3.4135,4.8861,0
-1.0091,0.73476,-0.13031,6.3718,5.5765,0
0.60543,0.73476,-0.12774,-5.6889,5.145,0
1.1753,1.1195,-0.12903,-6.8267,5.8354,0
0.13056,0.83736,-0.12645,5.234,4.3539,0
-0.43928,0.58087,-0.087839,3.8687,4.397,0
-0.34431,0.45262,-0.013187,-6.8267,3.8792,0
-1.389,0.88866,0.04988,-3.6408,3.4046,0
-0.43928,0.86301,0.08077,6.8269,4.4402,0
-0.91415,0.35002,0.078196,0.45525,4.1381,0
-1.1991,0.40132,0.01899,-7.9645,5.3895,0
0.13056,0.81171,-0.046652,0.45525,4.7998,0
-0.059385,1.299,-0.087839,8.1923,4.6416,0
-1.294,1.7607,-0.11229,-2.7306,4.2964,0
-0.62923,1.7351,-0.068532,-7.0542,3.3902,0
0.60543,1.3503,0.015128,3.4135,4.0662,0
0.79538,1.5042,0.0022576,6.1442,3.3471,0
1.6501,1.7864,-0.062097,-4.7786,4.3251,0
1.6501,2.1198,-0.098135,-6.3715,4.1381,0
0.89035,1.9659,-0.08269,6.3718,3.8217,0
1.4602,1.9403,-0.035068,4.3238,3.8505,0
1.2702,2.4789,-0.022197,-7.2818,2.7286,0
0.98533,2.7098,-0.040216,-2.503,3.5053,0
0.79538,3.1201,-0.0518,7.5096,2.8868,0
0.13056,3.5818,-0.086552,2.0482,3.6779,0
0.89035,3.5818,-0.18308,-7.7369,3.908,0
1.8401,3.6844,-0.24358,0.2277,3.4765,0
1.6501,4.0435,-0.23457,7.5096,3.9943,0
0.89035,3.9922,-0.18823,-1.8203,2.5416,0
0.60543,3.864,-0.20625,-8.192,2.8868,0
-0.7242,3.787,-0.27447,1.8206,1.9806,0
0.98533,4.0948,-0.30021,6.8269,1.9231,0
1.7451,3.8383,-0.21912,-3.1857,2.0813,0
-0.34431,3.3253,-0.11101,-6.8267,1.5779,0
-1.1041,3.2227,-0.053087,4.5513,2.7142,0
0.035589,3.6075,0.013841,5.0064,2.0525,0
-0.059385,3.4279,0.012554,-6.144,2.6423,0
-0.53425,2.9406,-0.032494,-5.4613,1.9231,0
-0.53425,2.6841,-0.0041778,7.5096,1.3334,0
0.13056,2.3507,0.065325,2.2757,1.6642,0
0.51046,2.2224,0.11166,-7.9645,1.1608,0
0.035589,2.325,0.12196,-2.0479,2.5704,0
-0.34431,2.5046,0.12711,7.282,1.8656,0
-0.43928,2.2994,0.12324,-0.45498,1.9087,0
-0.7242,1.9659,0.13097,-8.8747,1.1032,0
-0.62923,1.9659,0.14384,1.8206,-0.018661,0
-0.53425,2.1711,0.13354,6.8269,0.32654,0
-0.62923,2.1198,0.10265,-4.3235,-0.45016,0
-0.62923,1.6838,0.082057,-7.0542,0.71489,0
0.13056,1.4016,0.070473,5.0064,0.64298,0
0.7004,1.1452,0.052454,4.0962,1.0457,0
-0.059385,1.0939,0.01899,-7.2818,1.4484,0
-1.1991,1.0682,-0.022197,-4.3235,0.54229,0
-1.1041,1.299,-0.063384,7.7372,1.0169,0
0.035589,1.4273,-0.098135,0.91037,-0.13373,0
1.3652,1.6068,-0.10843,-8.4196,0.31216,0
0.51046,2.325,-0.092987,-0.22742,0.34092,0
0.22554,2.4789,-0.058236,8.875,0.13956,0
0.035589,2.3507,-0.02091,-1.3652,0.58544,0
-0.53425,2.1198,0.0061189,-7.5093,-0.78098,0
0.79538,2.1455,0.0022576,3.4135,-0.26318,0
2.03,1.8633,0.021564,7.282,-0.91043,0
1.6501,1.5812,0.096215,-5.0062,-0.57961,0
1.0803,1.5299,0.17473,-6.144,-0.17688,0
1.0803,1.6581,0.23651,6.5994,-0.5077,0
1.6501,1.7094,0.23265,4.0962,0.61421,0
0.79538,1.9146,0.11423,-6.8267,-0.30633,0
-0.24933,1.5812,-0.037642,-2.503,0.053256,0
0.22554,1.2734,-0.12903,7.9647,-0.91043,0
-0.059385,1.376,-0.13546,1.5931,-1.3419,0
-0.62923,1.4529,-0.0917,-8.192,-1.0543,0
0.13056,1.7864,-0.022197,0.45525,-1.7447,0
-0.059385,2.0172,-0.00031657,7.7372,-0.6803,0
-0.7242,1.7351,-0.0093262,-2.2755,-1.3995,0
0.7004,1.8633,-0.041503,-8.192,-0.46455,0
1.0803,2.1455,-0.11358,3.186,-0.29195,0
0.32051,2.2737,-0.1316,6.1442,-0.60838,0
-0.62923,2.2994,-0.102,-5.2337,-0.10496,0
1.3652,2.5559,-0.0518,-6.5991,-1.4139,0
2.5999,2.6328,-0.032494,5.234,-1.0111,0
0.89035,2.4276,-0.087839,3.8687,-1.7878,0
-0.24933,2.5302,-0.19081,-8.192,-1.6728,0
-1.294,2.5559,-0.2912,-3.6408,-0.98235,0
-1.1991,2.1455,-0.30793,6.8269,-1.2125,0
-0.34431,2.5046,-0.32595,1.1379,-0.033045,0
0.7004,2.6072,-0.36585,-7.9645,-1.0111,0
0.79538,2.4789,-0.37229,0.91037,-0.66591,0
-1.1991,2.8637,-0.30021,6.8269,-0.92482,0
-0.91415,2.7098,-0.241,-2.2755,-1.1262,0
1.2702,2.6841,-0.2616,-7.0542,-0.061812,0
1.4602,2.402,-0.26803,4.3238,-0.53646,0
-0.43928,2.6585,-0.25902,5.4616,0.59983,0
0.41548,2.8893,-0.28734,-6.144,0.024489,0
1.1753,2.6072,-0.30793,-5.0062,0.11079,0
0.13056,2.1455,-0.30407,5.9167,0.12517,0
-0.34431,2.2224,-0.30021,1.8206,-0.43578,0
-0.53425,2.4276,-0.28862,-8.4196,0.48476,0
-0.62923,2.1198,-0.29377,-0.9101,-0.39263,0
-0.43928,2.2737,-0.27575,8.1923,0.11079,0
-0.7242,2.7098,-0.22556,-1.1377,-0.73783,0
-0.62923,2.1455,-0.15348,-7.7369,-1.1837,0
0.13056,1.8633,-0.090413,2.9584,-0.96797,0
0.79538,1.9403,-0.031207,5.6891,-1.9029,0
-0.059385,2.1455,0.037009,-3.8684,-1.0255,0
-0.43928,1.8633,0.053741,-6.5991,-1.7015,0
0.79538,1.6068,0.073047,5.6891,-0.70906,0
1.1753,1.7351,0.15928,5.234,-0.36386,0
0.41548,1.7864,0.2275,-7.2818,-0.5077,0
-0.53425,1.4786,0.28542,-2.503,-0.033045,0
0.035589,1.0426,0.3369,8.875,-1.2556,0
-0.7242,0.60652,0.41284,1.8206,-0.6803,0
-1.8639,0.42697,0.4862,-8.192,-1.4426,0
-2.0538,0.47827,0.47848,0.00013542,-1.0111,0
-1.294,0.65782,0.42056,7.0545,-0.86728,0
-0.91415,0.42697,0.34334,-2.0479,-1.6008,0
-1.389,0.45262,0.28799,-7.7369,-1.083,0
-1.1991,0.70911,0.2867,2.2757,-2.4495,0
-0.7242,0.63217,0.31759,6.5994,-1.9748,0
-0.81917,0.24743,0.31116,-4.0959,-2.4926,0
0.32051,-0.21426,0.26997,-6.144,-2.1474,0
-0.62923,-1.0094,0.21463,5.234,-0.96797,0
-2.6237,-0.93244,0.20433,4.7789,-1.1981,0
-1.389,-0.47075,0.27126,-6.3715,-0.061812,0
-0.53425,-0.18861,0.297,-5.2337,-0.99673,0
-1.294,0.067882,0.21591,6.1442,-0.69468,0
-1.1041,-0.13731,0.17859,3.186,-1.0687,0
-0.059385,-0.13731,0.22492,-8.192,-1.3995,0
0.60543,-0.11166,0.22364,-2.0479,-0.73783,0
0.79538,0.14483,0.17473,8.4198,-1.6008,0
1.6501,0.50392,0.1078,-0.45498,-0.65153,0
2.125,0.63217,0.016416,-8.192,-1.2269,0
0.79538,0.93996,0.0022576,2.0482,-0.6803,0
-0.15436,1.2477,0.091067,7.282,-0.047428,0
-0.62923,1.0426,0.14641,-3.6408,-0.36386,0
-0.059385,0.70911,0.13998,-7.0542,0.68613,0
0.7004,0.83736,0.13483,5.0064,-0.19126,0
1.4602,1.4529,0.18889,5.4616,0.47037,0
2.8848,1.6581,0.24938,-6.8267,0.11079,0
2.315,1.2221,0.24552,-5.2337,-0.018661,0
1.1753,1.0682,0.20819,6.8269,0.47037,0
1.5552,0.81171,0.19918,3.6411,-0.27756,0
0.79538,0.37567,0.20304,-6.3715,0.82996,0
-0.24933,0.22178,0.15928,-3.1857,0.21147,0
-1.1041,0.11918,0.11166,7.9647,0.95941,0
-0.7242,-0.034715,0.13483,0.68281,1.132,0
0.32051,-0.13731,0.19532,-8.192,0.70051,0
1.6501,0.093531,0.25067,0.68281,1.5347,0
0.79538,0.067882,0.31245,7.282,0.64298,0
1.1753,-0.34251,0.37809,-2.7306,1.5635,0
1.4602,-0.26556,0.4167,-6.5991,1.3478,0
0.89035,-0.18861,0.43215,4.0962,1.7793,0
0.32051,-0.086014,0.4064,5.4616,2.4265,0
-1.8639,0.37567,0.35492,-5.9164,1.8368,0
-1.1991,0.47827,0.32918,-5.2337,2.7573,0
-1.0091,0.016583,0.36264,6.5994,1.7217,0
-1.294,0.042233,0.37165,2.2757,2.1532,0
0.60543,0.96561,0.34591,-8.6471,1.6786,0
1.3652,0.88866,0.30215,-2.9581,1.2327,0
0.89035,0.24743,0.29443,7.5096,1.7505,0
0.89035,0.45262,0.28156,-0.45498,0.87311,0
0.13056,0.78606,0.26482,-8.192,1.6498,0
0.13056,0.70911,0.24552,2.5033,0.82996,0
1.5552,0.50392,0.24294,7.282,0.87311,0
1.8401,0.016583,0.26096,-4.0959,0.93064,0
0.79538,-0.11166,0.2867,-7.5093,0.16832,0
0.51046,0.016583,0.29185,4.5513,0.97379,0
0.60543,-0.11166,0.2867,4.7789,-0.11935,0
1.6501,-0.18861,0.27641,-7.2818,0.36969,0
0.60543,-0.13731,0.23393,-4.3235,-0.22003,0
0.22554,-0.18861,0.16314,6.8269,-0.66591,0
0.79538,-0.13731,0.11552,2.2757,-0.46455,0
0.60543,0.016583,0.11938,-7.5093,-1.644,0
-0.62923,-0.3938,0.1374,-1.1377,-1.0255,0
-1.1041,-0.4451,0.11938,7.282,-1.9604,0
-1.389,-0.0090658,0.10394,-0.9101,-1.644,0
-1.294,-0.18861,0.11166,-8.8747,-1.7015,0
-0.81917,-0.41945,0.12453,2.7309,-2.1474,0
0.22554,-0.36816,0.1181,6.3718,-1.644,0
1.5552,-0.599,0.10909,-3.6408,-2.6508,0
1.3652,-0.88114,0.14512,-6.144,-1.8885,0
1.1753,-1.0607,0.18116,5.4616,-2.3775,0
1.6501,-1.2402,0.1979,4.5513,-2.0755,0
1.6501,-1.1376,0.20433,-6.8267,-1.4282,0
0.7004,-1.4454,0.167,-3.4133,-1.831,0
0.41548,-1.5993,0.14126,8.1923,-0.69468,0
0.89035,-1.5737,0.1876,1.3655,-1.5002,0
0.41548,-1.6506,0.24294,-8.192,-0.91043,0
-0.15436,-1.5224,0.30215,1.1379,-0.99673,0
-0.53425,-1.4198,0.3472,8.1923,-1.2556,0
-0.059385,-1.4198,0.36393,-1.1377,-0.5077,0
0.60543,-1.3941,0.33947,-6.8267,-1.2988,0
0.7004,-1.3941,0.3369,3.186,-0.4214,0
0.98533,-1.1889,0.30601,6.1442,-0.9392,0
0.7004,-1.035,0.18631,-5.4613,-0.75222,0
1.6501,-1.035,0.033148,-5.6889,-0.53646,0
1.5552,-1.0094,-0.035068,5.9167,-1.0543,0
1.6501,-0.95809,-0.018336,3.186,-0.090578,0
2.22,-0.80419,0.011267,-7.0542,-0.83852,0
2.22,-0.95809,0.0048318,-2.7306,0.082022,0
0.79538,-1.1633,-0.032494,7.282,-0.090578,0
0.32051,-0.7016,-0.040216,-0.45498,-0.13373,0
1.4602,-0.4451,-0.0119,-8.4196,0.55667,0
2.125,-0.4451,0.057602,1.8206,-0.27756,0
0.98533,-0.599,0.11681,6.3718,0.61421,0
-0.34431,-0.6503,0.10136,-4.3235,-0.10496,0
-1.389,-0.82984,0.007406,-7.5093,0.31216,0
-0.62923,-0.7016,-0.11744,5.4616,0.51352,0
0.51046,-0.62465,-0.19724,4.3238,-0.004278,0
1.6501,-0.62465,-0.20882,-6.5991,0.85873,0
2.03,-0.67595,-0.18952,-3.8684,0.010105,0
1.4602,-0.85549,-0.23328,6.3718,0.95941,0
1.0803,-0.6503,-0.21912,2.5033,0.55667,0
0.60543,-0.4451,-0.08269,-8.6471,0.58544,0
0.98533,-0.599,0.037009,-0.68254,1.0169,0
0.32051,-1.1376,-0.0041778,7.9647,0.082022,0
-0.34431,-1.112,-0.13932,-1.1377,0.77243,0
0.79538,-0.98374,-0.241,-7.7369,-0.22003,0
1.1753,-0.6503,-0.33753,3.4135,0.082022,0
-0.43928,-0.4451,-0.41476,6.5994,-0.1625,0
-0.24933,-0.80419,-0.44951,-5.0062,-0.78098,0
0.41548,-0.75289,-0.42506,-6.5991,-0.3351,0
0.79538,-0.4451,-0.39545,5.6891,-1.5145,0
0.89035,-0.29121,-0.40832,5.0064,-0.72345,0
0.13056,-0.47075,-0.3903,-5.9164,-1.5433,0
-1.1991,-0.62465,-0.26803,-3.8684,-1.2844,0
-1.7689,-0.88114,-0.11615,6.5994,-1.2556,0
-1.294,-0.75289,0.013841,2.7309,-1.8885,0
-0.7242,-0.88114,0.076909,-7.7369,-1.083,0
-1.389,-0.67595,0.047306,-0.45498,-2.1186,0
-1.8639,-0.7016,-0.00031657,7.9647,-1.457,0
-1.389,-0.82984,0.047306,-0.9101,-2.2049,0
-0.15436,-0.98374,0.13097,-8.4196,-2.3775,0
0.89035,-1.035,0.20819,2.0482,-2.2337,0
-0.53425,-1.035,0.2172,6.5994,-3.2118,0
-2.5287,-1.3685,0.10909,-4.7786,-2.6077,0
-2.0538,-1.3685,0.00097052,-7.7369,-3.6145,0
-0.34431,-1.2146,-0.041503,5.0064,-3.0536,0
-0.24933,-1.1889,-0.10328,4.5513,-3.2118,0
-1.294,-1.0607,-0.16378,-7.5093,-3.4994,0
-0.91415,-1.112,-0.17665,-4.5511,-2.7947,0
-0.15436,-1.3172,-0.16635,7.282,-3.6001,0
-0.059385,-1.4454,-0.11615,1.5931,-2.6652,0
0.22554,-1.4198,-0.026058,-8.192,-3.3556,0
-0.53425,-1.4711,0.094928,-0.45498,-2.8666,0
-1.7689,-1.4198,0.21463,7.9647,-2.3632,0
-2.2438,-1.3685,0.22106,-1.3652,-2.32,0
-0.53425,-1.1376,0.15413,-8.4196,-0.95358,0
0.60543,-1.2915,0.12324,2.5033,-1.2844,0
0.79538,-0.98374,0.11295,6.5994,-0.20565,0
0.7004,-0.599,0.1181,-3.8684,-0.26318,0
0.035589,-1.1889,0.20948,-6.8267,-0.090578,0
0.22554,-1.625,0.33819,4.5513,0.54229,0
0.7004,-1.4967,0.43601,4.0962,0.11079,0
0.89035,-1.4454,0.4862,-6.8267,1.3478,0
0.89035,-1.4711,0.50294,-3.1857,0.84434,0
0.79538,-1.3941,0.49779,7.9647,1.7649,0
1.5552,-1.4198,0.47205,2.0482,1.7505,0
1.4602,-1.5224,0.42314,-8.6471,1.7073,0
0.22554,-1.7276,0.32403,-0.68254,2.6135,0
0.89035,-1.6763,0.1876,7.9647,1.9806,0
1.8401,-1.0094,0.11552,-0.9101,3.0306,0
0.79538,-0.98374,0.12711,-6.8267,2.6135,0
-0.34431,-1.2659,0.15413,3.4135,3.1888,0
0.79538,-1.3685,0.12968,6.3718,3.5197,0
1.1753,-1.3941,0.085918,-5.0062,3.1025,0
0.79538,-1.5224,0.11681,-6.8267,3.8792,0
1.4602,-2.0097,0.23651,5.6891,2.8868,0
2.125,-2.2406,0.30987,3.8687,3.6635,0
1.6501,-2.2919,0.3768,-6.8267,3.1025,0
0.41548,-2.2919,0.45917,-3.4133,3.0738,0
-0.34431,-2.3175,0.50294,7.7372,3.6635,0
-0.059385,-1.8045,0.50036,2.7309,2.9875,0
-0.059385,-1.8302,0.45145,-7.5093,4.0662,0
-0.62923,-2.1636,0.3871,-1.3652,3.1601,0
-0.7242,-2.4457,0.3768,8.1923,3.419,0
-0.059385,-2.2662,0.42185,-0.68254,3.1888,0
-0.15436,-1.5993,0.45274,-8.6471,2.6423,0
-0.34431,-1.5224,0.45403,3.186,3.3471,0
-0.059385,-1.7276,0.39611,6.1442,2.5272,0
0.7004,-1.8302,0.30858,-5.2337,3.4765,0
-0.059385,-1.8045,0.3472,-6.144,3.1169,0
0.32051,-1.8815,0.47977,5.6891,3.3183,0
1.2702,-2.1893,0.63036,3.4135,3.7354,0
0.7004,-2.497,0.67283,-7.2818,3.1745,0
-0.81917,-2.5483,0.5866,-3.4133,4.1813,0
-1.0091,-2.2149,0.46947,7.5096,3.4046,0
-0.81917,-2.061,0.32403,0.91037,4.2532,0
-0.15436,-2.4714,0.15285,-8.8747,4.1094,0
0.51046,-2.5483,-0.023484,0.91037,3.9224,0
0.60543,-2.2919,-0.15734,6.8269,4.1813,0
0.7004,-1.9328,-0.27447,-2.0479,2.5272,0
1.6501,-1.8302,-0.43664,-7.5093,2.1532,0
1.3652,-1.7532,-0.65416,4.0962,0.55667,0
1.8401,-1.4711,-0.91158,5.234,0.75804,0
0.7004,-1.0094,-1.2153,-6.8267,1.4341,0
0.32051,-0.47075,-1.5229,-5.4613,1.995,0
0.035589,-0.599,-1.8022,7.0545,3.8073,0
0.7004,-1.0863,-2.0738,3.8687,3.8217,0
0.60543,-0.93244,-2.2888,-6.144,5.26,0
-0.34431,-0.4964,-2.4574,-3.6408,5.145,0
0.035589,-0.47075,-2.6092,7.7372,5.2457,0
0.60543,-0.26556,-2.7933,1.8206,5.6916,0
0.79538,-0.26556,-2.9786,-7.7369,4.8429,0
0.22554,-0.5477,-3.2605,-0.45498,5.4902,0
-0.53425,-0.88114,-3.6235,7.0545,4.4833,0
-0.059385,-0.93244,-3.9504,-0.68254,4.7422,0
0.79538,-0.7016,-4.1795,-7.7369,4.7566,0
-0.059385,-0.599,-4.3391,3.186,4.282,0
-0.24933,-0.599,-4.4691,6.3718,4.8285,0
0.22554,-0.52205,-4.6132,-4.5511,3.4909,0
0.035589,-0.34251,-4.7368,-5.6889,3.6347,0
0.22554,-0.52205,-4.796,5.9167,2.2395,0
1.5552,-0.85549,-4.7522,4.3238,1.7936,0
2.22,-0.6503,-4.6763,-7.2818,1.7793,0
0.89035,-0.7016,-4.7149,-3.8684,1.132,0
-0.43928,-0.93244,-4.9093,7.282,2.1676,0
-0.62923,-1.3172,-5.0521,0.45525,1.3046,0
0.035589,-1.3685,-5.0624,-8.192,1.8224,0
0.7004,-1.0094,-5.0238,0.2277,1.3621,0
1.5552,-0.5477,-4.9273,6.8269,1.0313,0
1.5552,-0.5477,-4.7175,-3.4133,1.693,0
0.98533,-0.67595,-4.4652,-8.6471,1.1176,0
1.8401,-0.21426,-4.1731,3.6411,2.3402,0
1.3652,-0.23991,-3.8848,5.4616,1.6786,0
0.22554,-0.88114,-3.6441,-6.144,1.9519,0
-0.43928,-1.4198,-3.3738,-5.4613,1.7361,0
-1.294,-1.1889,-2.9735,6.8269,1.0745,0
-2.0538,-0.7016,-2.5166,2.2757,1.8512,0
-0.53425,-0.36816,-2.0764,-8.4196,0.91626,0
1.1753,-0.47075,-1.7199,-1.1377,1.5779,0
1.3652,-0.18861,-1.4431,7.9647,0.67174,0
0.32051,0.37567,-1.2243,-0.9101,0.082022,0
0.32051,0.47827,-1.0133,-8.192,-0.1625,0
0.035589,0.17048,-0.80603,2.5033,-0.9392,0
0.32051,0.22178,-0.67475,6.8269,0.47037,0
0.7004,0.55522,-0.53703,-3.4133,0.42722,0
0.7004,0.99126,-0.3504,-6.5991,1.7217,0
0.89035,1.3503,-0.096848,4.7789,1.6642,0
0.22554,1.5042,0.21205,5.234,1.0601,0
-1.1991,1.5555,0.5364,-6.8267,1.0169,0
-2.0538,0.96561,0.85688,-4.3235,-0.26318,0
-2.1488,0.86301,1.2803,6.5994,0.52791,0
-0.7242,0.68346,1.8171,2.5033,0.053256,0
0.32051,0.63217,2.4001,-7.2818,0.59983,0
-0.62923,0.55522,3.0231,-0.45498,0.84434,0
-0.34431,0.27308,3.7104,7.5096,0.29777,0
1.4602,-0.0090658,4.4002,-1.8203,0.91626,0
-0.15436,0.11918,5.0103,-8.192,-0.076195,0
-0.15436,0.29873,5.5161,3.186,0.82996,0
-0.059385,0.73476,5.9911,6.8269,0.54229,0
-0.24933,0.70911,6.4853,-4.5511,0.93064,0
-2.0538,0.60652,6.892,-5.4613,1.5204,0
-1.0091,0.68346,7.228,5.6891,1.1752,0
0.22554,0.91431,7.4777,5.0064,2.4265,0
-0.7242,1.0426,7.6617,-6.3715,1.5635,0
-2.7186,1.3247,7.829,-2.503,2.182,0
-1.9589,1.4273,7.9487,7.282,1.7649,0
-1.1041,1.4273,8.0273,0.68281,1.3046,0
-0.81917,1.4786,8.035,-7.7369,1.8656,0
-0.7242,1.7607,7.9771,1.1379,1.1608,0
-1.294,2.1455,7.8522,7.5096,2.556,0
-1.8639,1.9146,7.6566,-2.0479,2.5416,0
-2.3388,1.5812,7.4532,-8.192,3.3758,0
-3.0985,1.9659,7.1997,3.186,3.7642,0
-2.5287,2.7611,6.8998,5.4616,2.9443,0
-1.484,3.2484,6.5741,-5.6889,3.4909,0
-0.91415,3.0945,6.2897,-6.5991,2.182,0
-1.389,2.9919,6.0117,6.3718,2.743,0
-0.53425,3.2227,5.6822,4.0962,2.4121,0
-0.34431,3.4279,5.3218,-7.9645,2.6423,0
-0.34431,3.5305,4.9653,-4.0959,3.3327,0
0.32051,3.5818,4.6512,6.8269,2.7286,0
-0.91415,2.9406,4.4144,2.2757,3.8649,0
-1.7689,2.1711,4.1982,-7.0542,3.1601,0
-2.0538,1.8633,3.951,-0.9101,4.0231,0
-1.294,1.4016,3.6627,8.4198,4.1381,0
0.60543,1.0169,3.3307,-0.9101,4.2101,0
1.1753,1.1965,2.978,-7.9645,4.958,0
1.8401,0.91431,2.6035,2.2757,4.0806,0
2.4099,0.093531,2.2534,7.0545,4.8285,0
2.315,-0.3938,1.9535,-5.2337,4.1094,0
2.315,-0.31686,1.727,-6.8267,4.2964,0
1.6501,-0.29121,1.5107,6.1442,4.6703,0
1.0803,-0.7016,1.3048,4.0962,4.1238,0
1.5552,-1.7276,1.1207,-7.5093,4.9868,0
2.03,-1.8045,0.94955,-2.503,4.095,0
0.7004,-1.5224,0.75134,7.7372,4.584,0
-1.1041,-1.4454,0.54541,0.2277,4.3251,0
-1.8639,-1.7019,0.37551,-8.192,4.0518,0
-1.389,-2.9331,0.20047,0.68281,4.7279,0
-0.059385,-3.3948,-0.010613,7.282,3.9943,0
-0.15436,-2.4457,-0.24229,-3.1857,4.958,0
0.32051,-1.4198,-0.4701,-7.9645,4.3251,0
-0.15436,-1.035,-0.67089,4.3238,4.4546,0
-0.53425,-1.0094,-0.83564,5.9167,4.5984,0
-0.7242,-1.0607,-0.97593,-6.3715,3.8505,0
-0.62923,-1.4198,-1.1175,-5.0062,4.5553,0
-1.1991,-1.7276,-1.2282,7.0545,3.5053,0
-2.1488,-2.1893,-1.2732,3.186,4.0662,0
-0.81917,-2.574,-1.3209,-7.9645,3.908,0
-0.24933,-2.9844,-1.3505,-2.503,3.5197,0
-1.389,-3.087,-1.3762,8.4198,4.0518,0
-2.3388,-2.9844,-1.4161,0.45525,2.8293,0
-2.2438,-2.3944,-1.4869,-7.9645,3.3614,0
-0.15436,-1.8302,-1.559,1.5931,2.3258,0
0.79538,-1.2915,-1.6169,7.0545,2.2683,0
0.035589,-1.2915,-1.6645,-2.0479,2.2971,0
0.13056,-1.0094,-1.6684,-7.5093,1.5204,0
1.3652,-0.5477,-1.6632,4.5513,2.3115,0
0.51046,-0.13731,-1.6517,5.4616,1.3621,0
1.8401,-0.41945,-1.7096,-6.8267,1.9375,0
3.5496,-0.67595,-1.743,-4.7786,1.4916,0
2.22,-0.98374,-1.7237,7.0545,1.0601,0
1.4602,-1.2915,-1.7018,2.9584,1.4484,0
1.4602,-1.112,-1.725,-7.7369,0.38407,0
1.2702,-0.95809,-1.7456,-1.1377,1.2039,0
1.7451,-0.34251,-1.7907,7.282,0.16832,0
3.1697,0.016583,-1.8666,-0.22742,0.32654,0
2.22,0.14483,-1.949,-8.192,0.024489,0
0.22554,0.11918,-2.0133,0.45525,-0.6803,0
1.2702,-0.060364,-2.0506,7.282,-0.11935,0
2.7898,-0.13731,-2.0326,-2.2755,-1.1118,0
2.125,-0.060364,-2.0198,-7.2818,-0.19126,0
1.2702,0.58087,-2.0584,4.3238,-0.66591,0
0.22554,1.5555,-2.0506,5.9167,-0.3351,0
0.035589,2.1198,-2.0172,-6.8267,-0.061812,0
0.60543,2.2224,-2.0017,-5.0062,-0.72345,0
-0.62923,2.2737,-1.9953,7.5096,0.11079,0
-1.1041,2.3507,-1.967,3.4135,-0.7666,0
-0.059385,1.6325,-1.9181,-7.9645,0.15394,0
1.2702,1.3247,-1.8447,-1.8203,-0.033045,0
2.03,1.5555,-1.819,7.5096,0.13956,0
1.5552,1.4529,-1.7945,1.1379,0.84434,0
-0.53425,0.83736,-1.716,-7.5093,0.21147,0
-1.1041,0.78606,-1.6735,1.5931,1.2902,0
0.035589,1.0939,-1.6735,6.5994,0.57106,0
0.60543,0.73476,-1.6581,-3.6408,1.2615,0
1.5552,0.55522,-1.6491,-7.0542,1.5204,0
1.2702,0.65782,-1.6452,4.5513,1.4484,0
1.5552,0.60652,-1.6478,4.3238,2.5991,0
1.4602,0.60652,-1.6478,-6.5991,2.0669,0
0.89035,0.58087,-1.6465,-4.0959,2.8724,0
0.89035,0.65782,-1.6452,7.0545,2.1101,0
0.98533,0.58087,-1.6465,0.68281,1.8512,0
0.13056,0.58087,-1.6465,-7.5093,1.9375,0
-0.53425,0.63217,-1.6465,-0.22742,1.2902,0
-0.7242,0.55522,-1.6465,6.3718,2.4697,0
-0.81917,0.55522,-1.6452,-2.9581,1.7505,0
0.035589,0.60652,-1.6491,-7.5093,2.3546,0
-1.0091,0.60652,-1.5886,4.5513,1.8368,0
-0.43928,0.24743,-1.3569,4.7789,1.0026,0
1.3652,-1.1633,-1.1909,-5.6889,1.0313,0
2.22,-1.2659,-1.0892,-6.3715,-0.34948,0
1.5552,-0.4451,-1.0107,5.4616,0.15394,0
1.1753,-0.11166,-0.93603,2.9584,-0.73783,0
2.4099,-0.47075,-0.9193,-7.2818,-0.52208,0
2.5999,-0.72725,-0.95148,-2.503,-0.52208,0
1.0803,-0.29121,-0.99524,7.5096,-1.3563,0
-0.34431,0.32437,-1.039,1.5931,-0.92482,0
-1.1991,0.55522,-1.0416,-7.9645,-2.4782,0
-2.0538,0.32437,-0.99524,1.8206,-2.2049,0
-0.62923,0.40132,-0.90385,7.5096,-2.7947,0
0.51046,1.0169,-0.80732,-3.1857,-2.881,0
-0.53425,0.81171,-0.71336,-7.0542,-2.3056,0
-1.1991,-0.34251,-0.67604,4.5513,-3.2693,0
-0.81917,-1.2659,-0.71851,5.4616,-2.7947,0
-0.81917,-1.035,-0.80603,-6.144,-4.2761,0
0.60543,-0.11166,-0.85108,-4.5511,-4.3337,0
0.41548,0.35002,-0.82534,7.282,-4.7364,0
-1.1041,0.016583,-0.78415,2.2757,-5.3837,0
-1.294,-0.18861,-0.71851,-7.5093,-4.7508,0
-0.15436,-0.086014,-0.63871,-0.68254,-5.8152,0
0.60543,0.55522,-0.56921,8.6474,-5.2686,0
0.32051,1.299,-0.52159,-1.1377,-6.1748,0
0.41548,1.7607,-0.43407,-7.2818,-6.3042,0
-0.15436,0.96561,-0.30021,2.9584,-6.3905,0
-2.0538,0.35002,-0.15992,6.3718,-6.9946,0
-2.4337,-0.0090658,-0.13804,-5.0062,-6.0453,0
-1.6739,-0.18861,-0.241,-6.3715,-6.7645,0
-0.91415,-0.11166,-0.28862,5.4616,-5.8152,0
-1.294,0.19613,-0.27575,4.5513,-5.9015,0
-1.8639,0.93996,-0.34783,-6.8267,-5.7576,0
-1.294,1.4273,-0.45337,-4.5511,-5.096,0
-0.7242,0.63217,-0.3903,6.5994,-5.8296,0
-0.62923,-0.31686,-0.27318,1.1379,-4.8371,0
-0.059385,0.093531,-0.25773,-7.9645,-5.657,0
-0.15436,1.2734,-0.27189,-0.68254,-4.9234,0
-0.43928,2.3763,-0.29506,7.7372,-4.8659,0
-1.8639,3.2227,-0.30922,-2.0479,-4.9234,0
-1.6739,3.4536,-0.28862,-7.7369,-3.8734,0
0.41548,3.1714,-0.21526,3.8687,-4.2905,0
1.1753,2.7611,-0.14962,5.9167,-3.0248,0
1.0803,2.7098,-0.15219,-5.6889,-3.4707,0
0.22554,2.2481,-0.12002,-5.9164,-3.0679,0
-1.1041,0.88866,0.084631,6.1442,-2.8522,0
-2.6237,0.63217,0.28156,2.9584,-3.4563,0
-2.0538,2.0429,0.32146,-8.192,-2.5645,0
-1.0091,2.4789,0.33433,-2.7306,-3.6001,0
-0.059385,2.1455,0.36908,7.7372,-2.9385,0
1.3652,2.2224,0.30215,1.1379,-3.1686,0
1.4602,2.0685,0.12453,-8.192,-3.2693,0
2.5049,1.4529,-0.032494,0.91037,-2.5501,0
3.4546,0.60652,-0.16635,7.5096,-3.2405,0
2.9798,0.99126,-0.26031,-0.9101,-2.1618,0
1.6501,3.1714,-0.28605,-7.0542,-2.809,0
0.13056,6.1468,-0.26031,2.7309,-2.3056,0
0.22554,8.4295,-0.23972,7.282,-2.2193,0
0.7004,8.4552,-0.14833,-3.6408,-2.694,0
0.13056,6.5315,0.055028,-6.3715,-1.9173,0
-2.1488,4.5052,0.14255,5.4616,-2.7947,0
-1.0091,2.9406,0.16057,5.4616,-2.0899,0
0.22554,1.0682,0.22235,-6.5991,-2.7084,0
0.035589,0.42697,0.29057,-4.5511,-2.8234,0
0.32051,0.81171,0.27126,7.282,-2.7515,0
0.51046,1.0939,0.092354,2.9584,-3.672,0
0.89035,0.65782,-0.077542,-7.7369,-2.9529,0
0.035589,1.2221,-0.08269,-2.0479,-4.0029,0
-1.1991,1.8377,0.0048318,7.282,-3.5282,0
-0.62923,1.8377,0.08077,-1.8203,-3.8446,0
1.2702,2.6072,0.047306,-8.192,-4.1755,0
1.4602,4.0435,-0.068532,2.0482,-3.5138,0
0.41548,5.0182,-0.19853,6.1442,-4.0748,0
-1.1991,4.2231,-0.19595,-4.0959,-2.7227,0
-1.8639,2.2994,0.021564,-6.8267,-3.0679,0
-0.81917,1.8377,0.2571,5.9167,-1.7878,0
-0.15436,3.0945,0.34591,4.3238,-0.88167,0
-0.62923,4.5822,0.31759,-6.8267,-0.090578,0
-0.7242,4.4283,0.24294,-4.0959,1.5923,0
-2.3388,2.7611,0.23393,7.0545,1.3909,0
-1.6739,1.5042,0.26482,1.8206,2.7717,0
-0.91415,1.4016,0.21849,-8.192,2.7861,0
-2.0538,2.6841,0.12839,-0.68254,3.2895,0
-2.6237,3.6075,0.074335,7.282,4.4402,0
-0.81917,3.6075,0.083344,-2.0479,4.6128,0
-0.15436,2.4276,0.12711,-7.7369,6.9429,0
0.22554,1.0682,0.13483,2.9584,7.5039,0
0.79538,1.9146,0.14384,6.3718,9.086,0
0.7004,3.7614,0.25324,-4.5511,9.5319,0
0.13056,4.6591,0.43215,-5.6889,8.9134,0
-0.62923,4.1974,0.55313,5.4616,9.5319,0
-0.62923,3.0945,0.48105,4.0962,8.8128,0
-0.059385,1.4529,0.26096,-7.2818,10.294,0
0.60543,-0.67595,0.094928,-2.503,10.913,0
0.79538,-0.36816,0.037009,7.7372,12.135,0
-0.059385,1.6068,0.022851,2.2757,13.214,0
-0.34431,2.9919,0.12839,-7.7369,12.912,0
-0.059385,2.9406,0.37423,0.68281,13.89,0
0.13056,2.2481,0.60462,7.7372,13.473,0
-1.294,1.9659,0.59432,-0.9101,14.595,0
-1.294,2.2224,0.41026,-7.5093,14.868,0
1.3652,2.6841,0.35106,3.4135,15.098,0
1.5552,3.0688,0.49521,6.8269,15.933,0
0.51046,3.6075,0.73075,-4.3235,15.185,0
-0.53425,3.5562,1.0319,-5.9164,15.774,0
-0.81917,3.3253,1.2237,5.9167,14.178,0
0.13056,3.3766,1.122,4.0962,13.372,0
0.60543,3.351,0.72946,-7.5093,11.876,0
0.60543,3.7101,0.3369,-2.9581,9.5607,0
0.98533,3.9666,0.11166,7.7372,8.4244,0
0.22554,4.2231,0.042157,0.2277,5.447,0
-1.1991,4.377,0.030574,-7.9645,4.095,0
-2.1488,4.3257,0.016416,1.3655,1.4053,0
-1.389,4.2744,-0.010613,6.5994,-0.92482,0
0.60543,3.9409,0.060177,-3.1857,-2.6221,0
1.8401,3.1971,0.13483,-7.7369,-5.2542,0
-0.53425,2.5815,0.098789,4.3238,-5.7289,0
-2.9086,2.7867,0.076909,4.7789,-7.5412,0
-1.484,3.6588,0.094928,-6.3715,-7.9152,0
0.13056,4.3513,0.066612,-4.7786,-8.7206,0
1.4602,4.1974,0.098789,6.8269,-10.202,0
0.7004,3.6844,0.23651,2.0482,-10.921,0
-0.34431,2.8637,0.34462,-8.6471,-13.597,0
0.22554,3.5305,0.33175,-2.503,-14.632,0
0.13056,5.0438,0.19403,6.8269,-17.034,0
-0.53425,5.7107,0.033148,0.00013542,-18.703,0
0.13056,5.3773,-0.081403,-8.6471,-20.112,0
0.51046,4.3257,-0.094274,1.8206,-22.615,0
0.60543,4.0435,-0.033781,7.282,-23.924,0
-0.62923,5.1208,0.029286,-4.0959,-27.246,0
-1.1041,4.7873,0.082057,-7.7369,-29.231,0
-1.484,3.864,0.18889,5.234,-32.108,0
-0.43928,3.4536,0.27641,4.5513,-34.294,0
0.32051,3.274,0.28027,-6.3715,-35.546,0
-0.53425,3.7357,0.20433,-3.6408,-37.718,0
-1.7689,4.0948,0.16057,8.1923,-37.775,0
-2.0538,3.5049,0.24037,2.5033,-39.257,0
-2.6237,2.6585,0.41413,-7.7369,-39.242,0
-2.0538,2.3507,0.59818,0.00013542,-39.631,0
-1.6739,2.3763,0.60848,8.4198,-40.105,0
-1.294,2.0429,0.43343,-0.9101,-39.487,0
-0.15436,1.6581,0.11037,-7.9645,-40.105,0
0.035589,1.7351,-0.18823,2.7309,-38.566,0
-0.24933,1.5555,-0.31565,6.5994,-38.264,0
-0.62923,0.88866,-0.28734,-4.7786,-37.085,0
-1.389,0.32437,-0.22298,-6.8267,-36.135,0
-2.2438,0.19613,-0.14447,6.5994,-35.833,0
-2.3388,0.19613,0.0035447,4.5513,-33.762,0
-1.9589,0.22178,0.14899,-7.9645,-33.403,0
-0.81917,0.29873,0.14899,-2.9581,-31.533,0
1.2702,0.76041,0.10008,7.5096,-30.641,0
1.4602,1.3247,0.14512,0.2277,-29.907,0
-0.43928,1.4529,0.27641,-8.8747,-28.57,0
-1.1991,1.1965,0.4064,0.68281,-29.001,0
-1.484,0.016583,0.47076,7.0545,-27.692,0
-2.1488,-0.16296,0.38452,-3.8684,-27.735,0
-1.579,-0.23991,0.2069,-7.2818,-26.168,0
0.13056,-0.67595,0.033148,4.5513,-24.586,0
-0.15436,-1.7019,-0.11101,5.4616,-23.406,0
-0.53425,-2.5996,-0.18051,-6.5991,-21.177,0
-0.7242,-2.6253,-0.15605,-5.6889,-20.903,0
-0.62923,-1.9071,-0.096848,6.1442,-19.005,0
0.035589,-1.1889,-0.072394,3.186,-18.487,0
0.51046,-0.85549,-0.083977,-7.9645,-17.034,0
-0.34431,-0.93244,-0.00031657,-2.503,-15.049,0
-0.34431,-1.5224,0.16958,6.8269,-13.784,0
0.41548,-2.3944,0.30215,0.68281,-10.504,0
0.13056,-2.8048,0.2867,-7.9645,-9.3247,0
0.22554,-2.574,0.20562,2.2757,-6.9083,0
0.7004,-1.7789,0.08978,7.7372,-6.0597,0
0.7004,-1.7276,-0.073681,-3.1857,-5.657,0
0.035589,-2.7792,-0.28219,-6.144,-4.5494,0
-0.43928,-3.9591,-0.44951,4.7789,-4.8803,0
-0.81917,-4.3951,-0.51773,5.4616,-3.183,0
0.13056,-5.0107,-0.49327,-6.5991,-3.1686,0
0.60543,-5.498,-0.3903,-4.7786,-1.9173,0
0.035589,-6.2418,-0.30021,7.282,-1.0111,0
-0.34431,-7.5756,-0.31951,2.7309,-0.72345,0
0.13056,-8.6529,-0.30536,-6.8267,1.1608,0
0.035589,-9.0633,-0.19982,-0.9101,1.2758,0
-1.1041,-9.1146,-0.12903,6.8269,2.9731,0
-0.62923,-9.1146,-0.12903,-0.9101,3.6491,0
0.60543,-8.9607,-0.15863,-7.9645,4.6847,0
0.13056,-9.1402,-0.21655,2.2757,6.4395,0
-0.62923,-9.8071,-0.30407,7.0545,6.8135,0
0.035589,-10.448,-0.35684,-4.0959,8.9134,0
0.60543,-10.859,-0.36971,-6.144,9.3018,0
0.89035,-11.192,-0.37357,5.4616,10.697,0
0.79538,-11.038,-0.36199,3.6411,11.474,0
0.13056,-11.064,-0.32595,-7.2818,11.373,0
-0.24933,-11.5,-0.28862,-3.1857,12.222,0
0.035589,-11.628,-0.26288,7.7372,11.488,0
0.60543,-11.397,-0.29249,0.68281,12.452,0
1.1753,-10.936,-0.32852,-7.2818,12.107,0
0.79538,-10.269,-0.34397,0.45525,12.049,0
1.6501,-10.064,-0.30021,7.282,11.991,0
1.4602,-11.115,-0.23585,-3.1857,10.798,0
0.89035,-12.09,-0.21655,-7.9645,11.128,0
0.51046,-12.064,-0.18952,3.4135,10.064,0
0.13056,-11.577,-0.14447,5.234,10.481,0
0.13056,-11.038,-0.087839,-6.3715,10.265,0
1.4602,-10.884,-0.033781,-5.6889,9.9203,0
2.125,-10.551,0.026712,6.3718,10.769,0
1.4602,-10.294,0.057602,1.5931,10.208,0
-0.43928,-10.32,0.065325,-7.5093,11.502,0
-0.34431,-10.192,0.10265,0.00013542,11.33,0
0.60543,-9.7045,0.13354,7.9647,11.819,0
0.79538,-9.0376,0.16829,-2.0479,11.948,0
0.79538,-8.3964,0.19403,-7.9645,11.085,0
0.98533,-7.8577,0.17601,4.3238,11.661,0
-0.62923,-7.8834,0.16958,6.5994,10.467,0
-0.24933,-7.6013,0.15413,-5.6889,10.683,0
0.60543,-6.8831,0.13097,-5.6889,9.6901,0
0.7004,-6.0623,0.12711,6.5994,8.9422,0
0.7004,-5.2159,0.11295,4.0962,9.1723,0
0.89035,-5.3954,0.10265,-7.5093,8.223,0
0.79538,-5.5237,0.10522,-2.0479,8.8128,0
0.035589,-5.498,0.1477,8.875,7.4463,0
-0.53425,-5.2672,0.1876,0.68281,7.1155,0
-0.53425,-5.5237,0.17988,-7.9645,6.4107,0
-0.7242,-5.8058,0.16314,2.2757,5.4758,0
0.13056,-5.934,0.14641,7.282,5.7203,0
0.7004,-5.498,0.15156,-3.6408,4.282,0
0.035589,-4.549,0.15542,-7.7369,4.5553,0
-1.389,-3.6,0.14899,4.0962,3.8217,0
-2.0538,-2.4201,0.12196,5.4616,4.2101,0
-0.7242,-1.5993,0.066612,-6.144,4.9005,0
0.60543,-1.1376,-0.022197,-5.2337,4.3395,0
-0.059385,-1.2402,-0.092987,7.0545,4.9292,0
-1.294,-1.8302,-0.089126,3.6411,3.5772,0
-1.294,-1.8045,-0.068532,-7.7369,3.908,0
0.035589,-1.4711,-0.086552,-3.1857,3.7929,0
1.3652,-1.035,-0.15477,7.5096,4.0806,0
0.51046,-0.5477,-0.17021,0.91037,5.519,0
0.32051,0.37567,-0.1715,-7.9645,5.0874,0
-0.81917,1.1708,-0.20754,-0.22742,5.821,0
-1.9589,1.2734,-0.24358,7.282,4.6847,0
-2.1488,0.60652,-0.25773,-2.7306,4.2676,0
-1.579,0.55522,-0.20882,-7.2818,4.0806,0
-0.24933,1.5555,-0.14576,3.6411,3.3471,0
0.60543,1.2734,-0.078829,6.3718,4.3395,0
0.035589,0.016583,-0.047939,-5.6889,3.7786,0
-0.34431,-0.52205,-0.017049,-6.144,4.9724,0
0.22554,-0.4451,0.024138,5.4616,5.1594,0
0.7004,0.35002,0.087205,3.8687,5.4758,0
0.79538,0.86301,0.16057,-7.2818,6.2813,0
0.13056,1.0682,0.14641,-2.503,5.6628,0
-0.53425,1.376,0.047306,7.5096,6.9861,0
-0.34431,1.7864,0.012554,0.68281,6.5977,0
-0.62923,1.8633,0.055028,-7.0542,7.6045,0
-0.62923,2.3763,0.16057,1.1379,7.8634,0
-0.059385,3.6331,0.23651,7.5096,7.6189,0
1.3652,4.4539,0.297,-1.3652,8.3525,0
1.2702,4.377,0.35878,-6.8267,7.3313,0
0.22554,4.1718,0.4064,3.6411,7.734,0
-0.62923,4.6335,0.41541,5.9167,6.7847,0
-0.7242,4.9925,0.38324,-5.4613,6.5402,0
-1.294,4.8643,0.32532,-4.5511,6.7415,0
-0.43928,4.7361,0.24938,5.9167,5.8498,0
1.1753,4.7873,0.22492,3.8687,6.6984,0
1.9351,4.5822,0.27383,-7.0542,5.9217,0
1.6501,3.6331,0.2867,-3.1857,6.5114,0
0.32051,2.6841,0.27641,8.4198,6.3676,0
1.4602,2.5302,0.27641,1.5931,5.8498,0
2.6949,2.325,0.28284,-7.7369,6.4826,0
2.5999,2.2994,0.30601,1.1379,5.6484,0
2.315,2.1968,0.34977,7.5096,6.684,0
1.6501,1.8377,0.40383,-2.503,6.1806,0
0.98533,1.3503,0.44502,-7.5093,6.2957,0
1.4602,1.4786,0.4862,4.5513,6.4251,0
1.2702,2.0172,0.50808,5.0064,5.4758,0
0.32051,2.1968,0.54927,-7.5093,6.0368,0
-0.53425,1.7864,0.69214,-5.6889,4.6559,0
0.035589,0.88866,0.88777,6.5994,4.7135,0
1.4602,0.42697,1.0512,2.0482,3.7066,0
2.03,0.55522,1.1735,-8.192,2.9443,0
1.2702,0.37567,1.1542,-1.1377,3.1025,0
0.98533,-0.34251,0.98945,7.5096,1.9519,0
1.7451,-0.85549,0.82986,-1.5928,2.3834,0
0.22554,-0.95809,0.76808,-8.4196,0.78681,0
-0.81917,-0.34251,0.72818,2.2757,-0.047428,0
-0.059385,1.2734,0.6162,6.8269,-1.4139,0
1.2702,2.2224,0.50422,-4.3235,-3.1111,0
0.51046,1.9403,0.47333,-7.2818,-3.1542,0
-1.0091,1.4273,0.48234,5.0064,-4.4056,0
-0.34431,1.7351,0.47977,5.234,-3.5857,0
-0.059385,1.9146,0.40769,-7.2818,-4.1179,0
0.22554,1.4273,0.30215,-3.6408,-4.3768,0
0.7004,0.60652,0.25581,8.1923,-4.9234,0
0.13056,0.68346,0.29057,0.91037,-6.7357,0
-0.059385,1.0939,0.32789,-7.5093,-6.8076,0
1.3652,0.78606,0.31373,0.91037,-8.246,0
0.60543,0.60652,0.30086,7.7372,-7.6275,0
0.41548,0.22178,0.29185,-2.503,-7.7282,0
-0.15436,-0.13731,0.26096,-7.9645,-7.8145,0
0.22554,-0.3938,0.25195,4.3238,-7.383,0
1.4602,-0.11166,0.21849,6.5994,-8.8213,0
0.60543,0.63217,0.15027,-4.7786,-8.7925,0
-0.15436,0.60652,0.082057,-5.4613,-10.475,0
0.13056,0.093531,0.073047,6.3718,-10.72,0
-0.059385,-1.0863,0.12453,4.5513,-11.008,0
0.79538,-1.7789,0.1773,-7.0542,-11.626,0
0.41548,-1.0094,0.15671,-3.1857,-10.893,0
-0.62923,-0.7016,0.15671,7.7372,-11.957,0
0.13056,-0.57335,0.23136,0.2277,-11.425,0
-0.059385,-0.7016,0.27769,-8.4196,-12.086,0
-0.34431,-1.4198,0.29057,1.5931,-12.489,0
-1.389,-2.2149,0.28799,7.282,-11.943,0
-0.34431,-2.2919,0.28928,-3.6408,-12.518,0
0.51046,-2.2662,0.26096,-7.0542,-11.18,0
0.89035,-2.2919,0.2069,4.7789,-11.569,0
1.5552,-2.2149,0.19146,5.4616,-10.662,0
0.60543,-2.2149,0.15671,-6.144,-10.317,0
0.51046,-1.9328,0.10522,-5.4613,-10.504,0
0.7004,-2.0867,0.043444,6.5994,-9.4686,0
0.98533,-1.7789,-0.02992,2.9584,-10.073,0
1.5552,-0.90679,-0.08269,-8.4196,-9.0227,0
0.79538,-0.31686,-0.14318,-2.7306,-9.0802,0
-0.15436,-0.31686,-0.18823,7.282,-8.735,0
-0.059385,-2.0097,-0.17021,-1.1377,-7.9583,0
0.51046,-3.8565,-0.1213,-8.6471,-8.3179,0
-0.53425,-4.3181,-0.056948,2.7309,-7.1241,0
-0.15436,-4.1386,-0.022197,7.282,-7.6706,0
0.7004,-4.2925,-0.019623,-3.6408,-6.822,0
-0.15436,-4.2155,-0.044078,-7.5093,-6.7932,0
-0.53425,-3.8565,-0.069819,6.3718,-6.6782,0
-0.62923,-3.2922,-0.10328,5.0064,-5.772,0
0.035589,-3.0613,-0.12002,-7.5093,-6.1891,0
0.7004,-3.087,-0.12002,-3.8684,-4.909,0
0.13056,-2.7535,-0.13417,8.4198,-5.2686,0
0.22554,-2.6766,-0.15863,2.5033,-4.42,0
1.5552,-2.6509,-0.20368,-7.9645,-4.0316,0
1.5552,-2.6766,-0.24872,0.00013542,-4.1755,0
0.89035,-2.5483,-0.29635,7.9647,-3.0679,0
-0.53425,-1.9584,-0.35684,-0.9101,-3.6145,0
-0.24933,-1.3172,-0.44565,-7.7369,-2.3344,0
0.51046,-1.3428,-0.51258,2.7309,-2.5789,0
0.13056,-1.1376,-0.51901,6.8269,-2.2625,0
-0.62923,-1.4198,-0.49842,-4.5511,-1.7591,0
0.035589,-2.1123,-0.48555,-6.3715,-2.3632,0
0.13056,-2.497,-0.47268,6.1442,-1.3419,0
-1.1991,-2.2919,-0.47268,5.0064,-2.0467,0
-0.43928,-1.9584,-0.50099,-8.192,-1.2844,0
-0.24933,-1.7532,-0.53317,-3.4133,-1.3563,0
0.79538,-1.4711,-0.53832,7.5096,-1.5865,0
1.2702,-0.85549,-0.52159,2.0482,-1.0111,0
0.32051,0.067882,-0.52416,-7.9645,-1.8741,0
-0.34431,0.22178,-0.51773,0.45525,-1.083,0
-0.7242,0.24743,-0.48684,7.0545,-1.6008,0
0.13056,0.042233,-0.4701,-2.2755,-0.9392,0
0.60543,-0.6503,-0.46367,-8.192,-0.53646,0
-0.62923,-0.72725,-0.45852,3.4135,-0.98235,0
-0.15436,-0.0090658,-0.46882,5.9167,-0.29195,0
0.51046,0.68346,-0.44822,-4.7786,-1.3995,0
-0.7242,0.65782,-0.41347,-6.5991,-0.82413,0
-1.0091,0.40132,-0.39803,5.6891,-1.3995,0
0.035589,0.50392,-0.41862,3.8687,-1.2988,0
-0.059385,0.52957,-0.4508,-7.2818,-0.594,0
0.13056,0.24743,-0.44694,-3.1857,-0.99673,0
0.7004,-0.13731,-0.37872,8.1923,0.038872,0
1.1753,-0.47075,-0.28476,0.45525,-0.7666,0
-0.059385,-0.29121,-0.19338,-7.9645,-0.46455,0
-0.43928,-0.11166,-0.11358,0.2277,-0.65153,0
0.32051,0.042233,-0.036355,7.9647,-1.0255,0
0.7004,-0.034715,0.07176,-2.0479,-0.22003,0
0.13056,0.067882,0.1876,-7.5093,-1.1693,0
-0.34431,0.14483,0.24938,4.0962,-0.55085,0
-0.62923,-0.0090658,0.20304,6.5994,-1.4858,0
0.7004,0.14483,0.097502,-4.5511,-1.6152,0
0.41548,0.50392,-0.02091,-6.144,-1.2556,0
-0.34431,0.58087,-0.095561,6.5994,-1.5577,0
0.7004,0.63217,-0.095561,3.6411,-0.27756,0
2.5049,0.63217,-0.087839,-7.9645,-0.86728,0
1.3652,0.63217,-0.11487,-2.0479,-0.32071,0
-0.059385,0.52957,-0.12516,8.1923,-1.083,0
0.035589,0.40132,-0.1612,0.00013542,-1.9317,0
0.89035,0.78606,-0.17665,-7.9645,-1.8741,0
-0.7242,0.93996,-0.16249,1.3655,-3.0392,0
-0.91415,0.81171,-0.13417,7.7372,-2.1186,0
-0.059385,1.0939,-0.10071,-2.9581,-2.5645,0
-0.24933,2.0172,-0.076255,-7.0542,-1.8597,0
0.32051,2.7867,-0.033781,4.7789,-1.644,0
0.60543,3.0945,0.0035447,5.4616,-2.6221,0
-0.7242,3.0175,-0.018336,-6.3715,-2.6796,0
-1.1041,1.9146,-0.02091,-5.0062,-4.5207,0
0.035589,1.3247,0.0099801,6.1442,-4.4056,0
0.035589,1.5812,0.084631,2.5033,-4.8946,0
-1.8639,1.9403,0.16314,-8.192,-4.5351,0
-2.7186,2.5815,0.18889,-1.1377,-3.5857,0
-1.6739,3.1971,0.12711,7.5096,-4.0316,0
-0.91415,3.1201,0.061464,-1.1377,-3.0823,0
-1.294,2.7098,0.01899,-8.192,-4.2761,0
-1.9589,2.1968,-0.071106,2.5033,-4.2186,0
-1.389,2.2737,-0.19209,6.5994,-4.607,0
-0.7242,3.0688,-0.2217,-4.5511,-5.1679,0
-0.81917,4.1974,-0.23199,-6.8267,-4.2042,0
-0.53425,4.1461,-0.23714,4.7789,-4.5494,0
0.22554,2.915,-0.22684,4.5513,-2.9241,0
-0.059385,1.812,-0.16249,-7.2818,-2.9385,0
-1.294,1.1708,-0.069819,-4.5511,-2.7947,0
-1.294,1.1965,0.0048318,6.8269,-2.8522,0
-0.059385,1.9146,-0.0119,1.5931,-4.0029,0
-0.15436,2.4533,-0.068532,-8.192,-3.4131,0
-0.34431,2.2224,-0.099422,-0.9101,-4.1179,0
-0.53425,1.6581,-0.062097,7.7372,-3.0823,0
-0.34431,1.7351,-0.056948,-1.3652,-2.5933,0
-0.53425,2.9406,-0.096848,-7.7369,-2.3056,0
-1.294,4.6335,-0.16893,3.8687,-1.27,0
-2.0538,6.0185,-0.26932,7.0545,-2.0755,0
0.035589,5.4029,-0.26932,-3.8684,-1.3995,0
0.98533,3.3253,-0.17536,-6.3715,-2.2769,0
1.6501,2.0172,-0.17922,5.6891,-2.0755,0
2.22,2.4533,-0.28219,5.234,-1.4282,0
2.03,2.7611,-0.20239,-6.8267,-1.5145,0
2.4099,2.1711,0.011267,-4.5511,-0.1625,0
2.7898,1.8633,0.12968,7.5096,-0.78098,0
2.22,2.7867,0.10522,3.4135,-0.047428,0
1.2702,3.5562,0.057602,-7.2818,-0.11935,0
1.5552,3.1458,0.038296,-1.1377,0.29777,0
2.8848,2.3763,0.00097052,8.1923,1.6786,0
2.7898,1.4786,-0.019623,0.2277,1.8943,0
1.2702,0.52957,-0.006752,-7.0542,3.5628,0
0.51046,-0.16296,0.022851,1.1379,2.9875,0
1.4602,-0.4964,0.039583,7.282,3.5053,0
0.60543,-0.6503,0.033148,-2.9581,3.2464,0
-0.24933,-0.57335,0.00097052,-7.2818,2.6423,0
-0.7242,0.78606,-0.056948,4.0962,3.534,0
0.79538,2.3763,-0.045365,6.3718,2.9875,0
1.2702,2.4789,0.076909,-5.4613,4.3683,0
0.98533,1.4786,0.25453,-5.4613,4.4114,0
-0.62923,0.73476,0.39353,6.3718,4.8573,0
-0.34431,0.32437,0.4064,4.3238,5.519,0
0.60543,0.58087,0.32918,-6.8267,5.1162,0
0.035589,0.96561,0.26868,-2.9581,6.3388,0
0.22554,1.3503,0.23779,6.3718,5.9217,0
0.7004,1.8633,0.20176,0.91037,7.0292,0
0.13056,2.4533,0.17473,-7.9645,7.3744,0
-1.1041,2.6841,0.17087,0.00013542,7.4895,0
-1.1991,2.9663,0.16443,5.9167,8.5682,0
-0.15436,2.7867,0.17215,-3.1857,8.036,0
0.7004,2.6328,0.16829,-7.2818,9.0429,0
0.79538,2.325,0.16829,3.6411,8.4675,0
0.13056,2.1198,0.1876,5.6891,8.7121,0
-1.1991,2.7098,0.2069,-6.8267,8.8991,0
-0.43928,2.5302,0.22235,-5.4613,8.41,0
0.51046,2.0172,0.25067,7.282,9.3449,0
-0.62923,1.2477,0.32017,2.2757,8.597,0
-1.1041,0.78606,0.38581,-7.7369,9.3449,0
0.60543,0.83736,0.38324,-0.9101,8.8559,0
2.03,0.63217,0.35749,6.8269,8.5395,0
0.89035,0.35002,0.36007,-0.9101,8.6689,0
-1.1041,0.42697,0.35749,-7.7369,7.4751,0
-0.62923,0.17048,0.34848,3.4135,7.9641,0
0.51046,0.37567,0.35235,6.3718,6.7703,0
0.79538,0.37567,0.34591,-3.8684,6.8278,0
-0.53425,0.58087,0.34848,-6.8267,6.4107,0
-1.7689,0.76041,0.37037,6.8269,5.5046,0
-0.62923,0.37567,0.36908,4.5513,5.8354,0
1.2702,0.24743,0.3266,-6.5991,4.5121,0
0.7004,0.17048,0.27126,-2.503,4.9292,0
-0.24933,0.32437,0.20948,8.4198,4.0662,0
-0.7242,0.96561,0.15027,2.7309,3.7786,0
-0.059385,1.5555,0.11166,-7.2818,3.8073,0
0.60543,1.6838,0.11295,-0.22742,2.7573,0
0.98533,1.4786,0.1078,8.1923,3.4765,0
0.035589,1.6325,0.08978,-1.5928,2.3978,0
-1.1041,2.1198,0.10136,-7.9645,2.8149,0
-1.1041,2.2224,0.14899,3.8687,2.369,0
0.51046,2.2994,0.17087,5.9167,1.8368,0
-0.24933,2.2994,0.167,-5.0062,2.2252,0
-2.4337,2.2737,0.13998,-6.3715,1.0889,0
-2.6237,2.402,0.084631,5.9167,1.7936,0
-0.059385,2.8893,-0.02091,4.5513,0.80119,0
0.32051,3.0688,-0.11873,-7.2818,0.88749,0
0.41548,3.1971,-0.17536,-3.4133,0.64298,0
0.79538,3.6844,-0.18566,7.0545,-0.43578,0
0.89035,3.7357,-0.21397,1.8206,0.12517,0
0.13056,2.9406,-0.25516,-7.2818,-1.0399,0
-1.1041,2.4789,-0.31694,0.00013542,-0.36386,0
-0.53425,2.6585,-0.36842,7.7372,-0.70906,0
0.41548,2.9406,-0.38129,-2.0479,-0.82413,0
1.0803,3.1971,-0.38902,-8.6471,-0.11935,0
0.60543,4.1461,-0.41476,3.186,-0.82413,0
1.6501,4.9669,-0.42506,5.234,0.26901,0
1.8401,5.3773,-0.40575,-5.2337,-0.34948,0
0.89035,5.1977,-0.37357,-5.4613,0.22586,0
0.51046,4.6078,-0.36199,7.0545,0.36969,0
1.2702,4.6078,-0.39288,3.4135,-0.076195,0
1.3652,3.9409,-0.4006,-7.0542,0.68613,0
0.98533,2.9919,-0.34397,-2.9581,-0.26318,0
0.32051,2.5046,-0.241,8.1923,0.31216,0
-0.62923,1.4273,-0.20754,1.1379,-0.23441,0
-0.43928,0.91431,-0.22556,-7.7369,0.29777,0
1.5552,0.99126,-0.18823,0.2277,1.319,0
2.5999,1.2734,-0.10071,7.5096,1.3765,0
1.6501,1.3503,-0.037642,-1.1377,2.556,0
0.41548,0.96561,-0.010613,-6.8267,1.6642,0
0.22554,0.093531,0.021564,4.3238,1.8368,0
0.60543,-0.23991,0.034435,6.1442,1.2758,0
0.7004,0.50392,0.064038,-5.2337,0.81558,0
0.035589,0.70911,0.079483,-5.6889,1.6786,0
-0.53425,0.70911,0.046019,6.3718,1.3621,0
0.13056,1.0682,-0.017049,3.8687,2.7717,0
0.51046,1.889,-0.031207,-6.8267,2.2683,0
0.79538,2.0429,-0.054374,-2.7306,2.5128,0
0.79538,1.5299,-0.14447,7.0545,2.5272,0
0.79538,1.3247,-0.18952,-0.68254,1.7936,0
1.6501,1.6325,-0.12903,-7.7369,2.6998,0
1.5552,1.9146,-0.054374,1.1379,1.9231,0
0.89035,2.4533,-0.053087,7.0545,2.7861,0
0.79538,2.5302,-0.068532,-3.1857,2.4409,0
0.13056,2.5302,-0.058236,-8.6471,2.0813,0
-0.34431,2.9919,-0.073681,4.3238,2.2539,0
0.035589,2.4789,-0.072394,6.3718,1.4628,0
0.035589,2.1198,-0.049226,-5.6889,2.6279,0
0.22554,2.2224,-0.015762,-5.6889,2.1676,0
1.4602,2.4789,0.047306,5.9167,2.8868,0
1.3652,2.0429,0.13225,4.0962,3.1601,0
0.98533,0.83736,0.18889,-7.7369,2.9443,0
0.035589,0.45262,0.20562,-4.0959,3.7929,0
0.98533,-0.16296,0.23136,7.9647,3.1025,0
0.60543,-1.1376,0.28928,1.1379,4.2101,0
-0.15436,-1.6763,0.3266,-7.9645,3.9224,0
0.035589,-1.9071,0.33561,-0.22742,4.3395,0
0.7004,-2.1636,0.37423,7.9647,5.0011,0
0.79538,-2.1636,0.42571,-2.0479,4.4402,0
0.79538,-1.9328,0.45016,-8.192,5.1018,0
0.79538,-1.6763,0.44888,3.8687,3.8361,0
0.79538,-1.1376,0.44502,6.3718,4.1669,0
0.035589,-0.77854,0.44759,-6.144,3.9512,0
-0.62923,-0.67595,0.46947,-5.9164,3.8505,0
-0.62923,-0.85549,0.51709,5.9167,4.8285,0
0.13056,-0.90679,0.58016,2.9584,4.2244,0
-0.059385,-0.4964,0.63293,-8.6471,5.2169,0
0.32051,0.24743,0.65739,-2.503,4.4833,0
1.3652,0.45262,0.64966,7.282,5.0011,0
2.125,0.067882,0.60976,0.45525,5.332,0
0.89035,0.22178,0.55442,-6.8267,5.2169,0
1.1753,0.47827,0.50165,1.8206,6.6696,0
0.51046,0.68346,0.40769,7.0545,6.2381,0
-0.24933,0.83736,0.28413,-2.0479,7.2306,0
-1.389,0.52957,0.20819,-7.0542,6.7847,0
-0.53425,-0.31686,0.20304,5.234,6.5833,0
0.22554,-0.52205,0.21978,5.0064,6.8278,0
0.035589,-0.16296,0.20819,-6.3715,6.1087,0
1.0803,0.40132,0.21205,-5.0062,7.1443,0
2.125,0.93996,0.19661,6.8269,6.3388,0
0.13056,1.299,0.11938,2.9584,6.6121,0
-0.24933,1.2734,0.042157,-7.0542,6.3676,0
-0.91415,1.4016,0.0086931,-0.9101,5.9648,0
-1.1041,1.6325,-0.023484,7.9647,6.9141,0
-0.81917,1.6068,-0.063384,-0.45498,6.2813,0
-0.53425,1.889,-0.10972,-7.7369,7.4607,0
-0.62923,2.6328,-0.17279,1.3655,7.2593,0
-0.43928,3.5305,-0.25902,5.4616,7.3888,0
-1.294,3.4023,-0.28476,-5.2337,7.4176,0
-1.1041,2.6585,-0.26288,-6.3715,6.1518,0
-0.059385,2.2737,-0.23714,5.9167,6.4683,0
-0.15436,2.2481,-0.25259,4.0962,5.3895,0
-0.34431,2.3763,-0.27447,-7.2818,6.0655,0
0.79538,2.5815,-0.31308,-3.8684,6.0799,0
0.41548,2.5815,-0.34268,6.5994,5.8066,0
-0.24933,2.1455,-0.34526,1.5931,6.1374,0
-0.62923,1.3247,-0.33753,-8.6471,4.7422,0
0.22554,0.70911,-0.28734,-0.22742,5.2025,0
-0.059385,0.35002,-0.18694,7.7372,4.4833,0
-1.1991,0.11918,-0.11487,-2.0479,5.145,0
-1.1041,-0.034715,-0.098135,-7.2818,5.8929,0
-0.81917,0.24743,-0.10843,3.186,5.8785,0
-0.7242,0.65782,-0.12645,6.3718,6.7847,0
-0.62923,0.22178,-0.12774,-5.0062,5.4758,0
-0.62923,-0.62465,-0.092987,-5.6889,5.6628,0
-1.9589,-0.85549,-0.032494,7.282,4.8861,0
-2.6237,-0.62465,0.013841,4.0962,4.7566,0
-1.579,-0.29121,0.017703,-7.5093,5.1018,0
-0.81917,-0.3938,-0.015762,-2.503,4.6272,0
-1.294,-0.80419,-0.047939,7.9647,5.7347,0
-1.1991,0.067882,-0.102,1.8206,5.0443,0
0.60543,1.4273,-0.20625,-7.5093,5.5046,0
1.0803,2.2994,-0.31308,0.00013542,5.0011,0
-1.1041,2.0172,-0.38902,7.7372,4.1957,0
-1.389,1.812,-0.45208,-1.8203,4.2388,0
-0.91415,1.6068,-0.49198,-7.2818,2.9587,0
-0.81917,1.7864,-0.50743,3.6411,3.6347,0
0.035589,2.0172,-0.52545,5.9167,2.7573,0
0.60543,2.3763,-0.54089,-5.4613,3.3758,0
1.5552,2.0172,-0.55634,-5.0062,3.4621,0
1.5552,1.9146,-0.55505,7.0545,2.6998,0
0.89035,1.8377,-0.45723,3.6411,3.2464,0
0.7004,1.2477,-0.31823,-7.2818,2.2827,0
0.79538,-0.0090658,-0.24615,-2.503,3.1601,0
0.79538,-1.3172,-0.25001,8.4198,3.0019,0
-0.059385,-2.0354,-0.28991,0.2277,3.2608,0
0.98533,-2.2149,-0.29506,-7.9645,3.9368,0
0.51046,-2.138,-0.28219,1.8206,3.3902,0
-1.1041,-2.1123,-0.26803,7.0545,4.3395,0
-1.1991,-2.9331,-0.25001,-2.9581,3.5628,0
-0.7242,-3.9078,-0.20882,-7.7369,4.1669,0
-0.62923,-4.3438,-0.18051,4.5513,4.3395,0
-0.059385,-4.6516,-0.15219,5.234,3.9799,0
-0.15436,-4.5233,-0.12774,-6.8267,4.7422,0
-0.62923,-3.8052,-0.12516,-5.4613,3.7786,0
0.79538,-3.3948,-0.095561,6.5994,4.3539,0
1.2702,-4.0104,-0.046652,2.7309,3.7642,0
-1.389,-4.4207,-0.02992,-8.4196,3.6923,0
-3.3835,-4.036,-0.0518,-1.8203,4.095,0
-2.1488,-3.3948,-0.065958,7.282,3.4477,0
-0.24933,-2.4201,-0.078829,-0.45498,4.3107,0
-0.91415,-1.8815,-0.11101,-7.5093,3.2464,0
-0.34431,-2.3431,-0.15863,2.7309,3.6635,0
-0.24933,-2.4714,-0.19467,6.1442,3.6491,0
-0.43928,-2.138,-0.22684,-4.5511,3.7642,0
-1.389,-2.497,-0.24744,-7.5093,5.1594,0
-1.7689,-2.8818,-0.25387,6.1442,4.9148,0
-2.1488,-2.7535,-0.24615,5.4616,5.9217,0
-1.484,-2.6766,-0.23457,-6.144,5.0155,0
-1.484,-2.8048,-0.19467,-2.0479,5.2888,0
-2.0538,-3.2922,-0.078829,7.9647,5.4758,0
-1.484,-3.523,0.04087,2.0482,4.9868,0
-0.15436,-3.4461,0.079483,-6.8267,5.8354,0
0.7004,-3.01,0.075622,0.91037,5.0011,0
0.89035,-2.1636,0.039583,7.7372,5.821,0
0.035589,-1.9584,-0.026058,-1.8203,5.3607,0
0.32051,-2.3688,-0.076255,-7.2818,4.9148,0
0.7004,-2.4201,-0.10843,3.6411,5.0011,0
0.89035,-2.1636,-0.14833,5.4616,3.7642,0
0.7004,-2.1893,-0.18823,-6.144,4.3107,0
0.79538,-2.4457,-0.22298,-6.144,3.534,0
0.89035,-2.2919,-0.23071,5.4616,3.9943,0
0.89035,-2.2662,-0.21912,4.5513,3.9512,0
0.7004,-2.061,-0.21269,-7.5093,3.0738,0
1.7451,-1.5737,-0.22942,-4.3235,3.3471,0
2.8848,-1.112,-0.23843,7.5096,2.0382,0
1.9351,-0.67595,-0.26288,1.8206,2.9012,0
0.41548,-0.6503,-0.31951,-8.6471,2.9156,0
0.32051,-0.4964,-0.39417,-1.3652,3.1888,0
0.60543,-0.31686,-0.45981,7.7372,3.5197,0
-0.7242,-0.18861,-0.51901,-1.3652,2.3402,0
-1.0091,-0.21426,-0.51773,-8.192,2.7861,0
0.7004,-0.4451,-0.46496,2.7309,1.693,0
1.0803,-0.62465,-0.37872,6.8269,2.1964,0
1.6501,-0.88114,-0.34011,-5.6889,2.4409,0
2.125,-0.98374,-0.3311,-7.0542,2.2539,0
2.22,-1.4454,-0.3015,4.7789,3.1745,0
1.5552,-1.8045,-0.26417,3.8687,2.1964,0
0.13056,-1.2146,-0.26674,-7.5093,2.8293,0
0.22554,-0.4964,-0.23199,-3.4133,2.3546,0
-0.15436,-0.21426,-0.17021,7.7372,2.3978,0
-0.43928,-0.060364,-0.16635,1.5931,2.556,0
0.22554,0.19613,-0.20625,-7.7369,1.3478,0
-0.059385,-0.4964,-0.23843,0.45525,1.9375,0
-0.62923,-1.5224,-0.22942,7.7372,1.132,0
0.035589,-2.138,-0.17793,-0.9101,1.7505,0
1.3652,-2.6509,-0.076255,-6.8267,1.7073,0
1.3652,-3.3691,0.034435,3.8687,1.0169,0
0.32051,-3.5487,0.15285,6.1442,1.506,0
-0.53425,-2.8561,0.21591,-4.5511,0.81558,0
0.89035,-2.1123,0.24294,-5.2337,2.1964,0
2.03,-1.8558,0.27383,6.3718,2.2252,0
2.4099,-1.4967,0.31759,4.0962,2.8005,0
1.5552,-1.3941,0.37165,-7.0542,3.3471,0
0.98533,-1.0863,0.37937,-2.503,2.4841,0
0.98533,-0.85549,0.38581,8.1923,2.9012,0
0.13056,-1.3685,0.46432,0.68281,1.3334,0
-1.1991,-2.497,0.54798,-7.7369,1.6354,0
-0.62923,-3.1639,0.60976,1.5931,1.4484,0
1.4602,-3.1639,0.58531,7.282,1.7361,0
2.03,-3.1126,0.51581,-3.8684,2.5272,0
1.0803,-3.2409,0.46818,-7.0542,1.6067,0
0.32051,-3.6256,0.46046,5.0064,1.7793,0
0.51046,-3.6256,0.4669,4.7789,0.096406,0
0.89035,-3.9334,0.46304,-6.3715,-0.004278,0
0.89035,-3.7539,0.44373,-4.3235,0.038872,0
0.035589,-3.3178,0.40769,6.3718,-0.018661,0
0.51046,-3.6,0.34591,2.2757,1.3478,0
-0.059385,-4.3181,0.28928,-8.4196,0.74366,0
0.22554,-4.2668,0.23522,-2.0479,1.4628,0
0.79538,-3.523,0.19661,7.7372,0.45599,0
2.125,-2.7535,0.15285,-0.68254,0.25462,0
2.7898,-3.1383,0.11681,-8.192,1.0889,0
1.8401,-3.4204,0.064038,1.1379,1.0745,0
0.89035,-3.1639,0.025425,7.5096,2.4841,0
0.035589,-3.0357,-0.006752,-3.1857,1.8656,0
-0.53425,-2.8305,-0.036355,-7.5093,2.4121,0
0.22554,-2.9844,-0.023484,4.0962,2.1964,0
0.79538,-2.9331,0.011267,5.9167,1.7217,0
0.035589,-2.3175,0.025425,-5.2337,2.2971,0
-0.43928,-1.625,0.038296,-5.9164,1.1464,0
0.60543,-1.4454,0.07176,6.3718,1.8799,0
2.5999,-1.3685,0.088493,4.3238,1.3478,0
1.6501,-1.035,0.082057,-6.5991,1.7936,0
-0.059385,-0.599,0.029286,-3.1857,2.3115,0
-0.34431,-0.0090658,-0.059523,8.1923,1.7505,0
-0.53425,0.37567,-0.11101,1.1379,2.4697,0
-1.294,1.1195,-0.14447,-7.9645,1.4484,0
0.22554,1.2221,-0.20239,0.91037,2.1676,0
1.8401,0.45262,-0.25259,8.1923,1.9375,0
1.5552,-0.086014,-0.25387,-2.2755,2.0957,0
0.13056,-0.5477,-0.22942,-7.5093,2.9156,0
0.32051,-0.6503,-0.22684,4.3238,2.4697,0
0.79538,0.093531,-0.241,6.1442,3.4909,0
0.89035,0.93996,-0.22942,-5.4613,2.6135,0
0.32051,0.63217,-0.23714,-5.0062,2.6279,0
0.13056,-0.36816,-0.27318,6.5994,2.1388,0
0.13056,-0.93244,-0.30407,2.9584,1.4197,0
-1.294,-0.5477,-0.30664,-6.5991,2.3258,0
-1.0091,-0.47075,-0.27061,-1.8203,1.8656,0
-0.15436,-0.23991,-0.23714,7.5096,2.9587,0
0.51046,0.22178,-0.241,0.45525,2.4553,0
0.22554,1.0939,-0.27061,-7.9645,2.4265,0
0.41548,2.2224,-0.2912,1.5931,2.5416,0
-0.059385,2.5302,-0.3015,7.0545,1.8512,0
-2.0538,2.402,-0.31694,-2.503,2.8005,0
-3.1935,2.7611,-0.33367,-7.2818,1.9519,0
-2.1488,3.5049,-0.33625,4.5513,2.4841,0
-0.43928,3.274,-0.31308,5.234,2.1101,0
-0.059385,2.0429,-0.26288,-6.5991,1.621,0
-1.1991,0.58087,-0.24615,-5.6889,2.0525,0
0.41548,-0.34251,-0.24358,6.3718,1.1895,0
1.7451,-0.72725,-0.2011,3.6411,2.2395,0
2.03,-1.3941,-0.1316,-8.192,1.7505,0
1.5552,-1.9841,-0.050513,-3.4133,2.182,0
0.22554,-2.1123,0.052454,7.7372,2.1964,0
-0.53425,-1.548,0.10394,0.00013542,1.3621,0
-0.62923,-0.75289,0.087205,-8.6471,1.808,0
0.22554,0.016583,0.075622,0.45525,0.48476,0
0.79538,0.29873,0.08077,7.0545,1.1032,0
0.22554,-0.47075,0.11295,-2.9581,0.70051,0
-1.1991,-1.3941,0.167,-7.7369,0.70051,0
-1.1991,-1.1889,0.167,4.0962,1.1895,0
-0.91415,-0.13731,0.12453,5.4616,0.24024,0
-1.294,0.73476,0.069186,-6.3715,0.80119,0
-2.1488,0.58087,-0.014475,-3.6408,-0.65153,0
0.13056,0.093531,-0.040216,6.8269,-0.62276,0
1.0803,-0.29121,0.007406,2.9584,-1.0255,0
1.0803,-0.75289,0.033148,-7.7369,-1.5289,0
0.22554,-0.62465,0.034435,-1.3652,-0.91043,0
-0.53425,-0.36816,0.043444,7.9647,-1.8741,0
-0.059385,-0.13731,0.085918,-0.9101,-1.1837,0
0.60543,0.093531,0.096215,-7.7369,-1.946,0
0.79538,0.24743,0.10008,2.7309,-1.8597,0
1.5552,0.40132,0.11166,6.1442,-1.8885,0
1.9351,0.14483,0.12196,-4.0959,-2.7659,0
2.125,-0.29121,0.10522,-5.2337,-2.1618,0
0.79538,-0.29121,0.12839,6.5994,-3.2262,0
-0.24933,-0.47075,0.18374,3.6411,-2.7227,0
-0.62923,-0.26556,0.18631,-7.5093,-2.9241,0
-0.53425,0.14483,0.14255,-2.9581,-3.2981,0
-1.389,0.58087,0.10008,8.1923,-2.809,0
-1.6739,0.88866,0.098789,1.1379,-3.859,0
-1.579,1.0169,0.12839,-8.192,-3.1399,0
-0.81917,1.1708,0.14899,0.68281,-4.1035,0
0.13056,1.6581,0.1181,6.3718,-3.9166,0
-0.81917,1.8377,0.092354,-2.503,-3.9885,0
-1.8639,1.8633,0.065325,-7.2818,-4.5782,0
-2.0538,1.8633,0.015128,4.5513,-3.859,0
-2.2438,2.1198,-0.022197,4.3238,-4.8946,0
-3.1935,3.6075,-0.049226,-6.144,-4.1179,0
-2.7186,4.9156,-0.053087,-5.2337,-4.4775,0
-1.484,4.7104,0.00097052,5.9167,-4.5782,0
-0.7242,3.787,0.085918,2.7309,-4.1611,0
0.7004,1.8633,0.14899,-7.0542,-5.1248,0
1.4602,0.042233,0.16057,-2.2755,-4.2618,0
0.22554,-0.41945,0.11552,7.5096,-5.096,0
0.22554,0.17048,0.084631,-0.22742,-4.4631,0
1.2702,-0.29121,0.094928,-8.4196,-4.4631,0
2.125,-1.4198,0.12453,1.3655,-4.722,0
2.22,-1.8815,0.16057,7.5096,-3.8878,0
1.5552,-1.5993,0.23007,-2.503,-4.6501,0
0.79538,-1.4198,0.26611,-7.0542,-3.744,0
1.5552,-0.95809,0.24938,4.5513,-4.2905,0
2.03,-0.57335,0.2069,5.9167,-4.1467,0
1.6501,-0.72725,0.21205,-5.6889,-3.7583,0
1.6501,-0.52205,0.21591,-5.6889,-4.4919,0
1.4602,0.17048,0.22492,6.5994,-3.5426,0
1.2702,-0.086014,0.30472,3.8687,-4.2042,0
0.89035,-0.34251,0.33047,-6.8267,-3.3412,0
1.6501,-0.086014,0.28027,-1.8203,-3.2693,0
1.2702,-0.18861,0.23265,7.9647,-3.2693,0
1.0803,-0.36816,0.24294,0.2277,-2.5214,0
1.1753,0.042233,0.23136,-8.192,-3.1111,0
0.7004,0.042233,0.18889,2.2757,-2.1043,0
1.5552,-0.29121,0.14255,8.4198,-2.7515,0
1.5552,-0.11166,0.11681,-2.7306,-2.1043,0
0.98533,0.29873,0.11552,-7.5093,-1.8022,0
0.89035,-0.23991,0.08978,3.6411,-2.0467,0
0.7004,-1.3172,0.08978,5.6891,-0.92482,0
0.60543,-1.5224,0.14255,-5.6889,-1.4139,0
0.13056,-0.57335,0.22492,-5.9164,-0.10496,0
-0.34431,0.24743,0.31116,6.5994,-0.26318,0
-0.53425,0.42697,0.35621,2.9584,0.12517,0
-0.81917,0.60652,0.3472,-8.4196,0.67174,0
-1.484,0.14483,0.32918,-2.0479,0.038872,0
-1.294,0.17048,0.25581,8.4198,0.98818,0
-1.0091,0.19613,0.14126,0.00013542,0.24024,0
-0.62923,0.58087,0.070473,-7.7369,0.98818,0
0.22554,0.81171,0.047306,2.2757,0.97379,0
1.3652,0.70911,0.062751,7.0545,1.0026,0
0.60543,0.78606,0.064038,-3.6408,1.7936,0
-0.24933,1.8377,0.029286,-6.5991,1.2183,0
0.13056,3.5562,-0.040216,5.6891,2.2539,0
0.7004,5.1208,-0.12388,4.5513,1.621,0
0.79538,5.5055,-0.17793,-7.0542,2.0094,0
0.79538,4.3,-0.17922,-4.0959,2.0957,0
1.5552,2.9919,-0.12002,7.7372,1.5347,0
1.4602,2.1198,-0.0518,2.2757,2.4265,0
1.6501,2.1711,-0.06081,-7.7369,1.4772,0
2.315,3.6075,-0.12903,-1.8203,2.3258,0
3.0747,4.9669,-0.20625,7.7372,2.0238,0
2.7898,5.1464,-0.27833,-1.1377,1.9087,0
1.8401,4.6591,-0.35169,-7.7369,2.3834,0
0.32051,3.4792,-0.41605,2.7309,1.4341,0
-1.294,1.5555,-0.38258,5.6891,2.1388,0
-0.43928,0.19613,-0.30407,-5.0062,1.1752,0
-1.0091,1.0939,-0.28862,-6.5991,1.5204,0
-1.0091,2.2481,-0.30793,6.3718,1.4628,0
-0.91415,2.0429,-0.30278,4.7789,0.93064,0
-0.62923,1.0169,-0.241,-7.2818,1.7936,0
-0.53425,0.63217,-0.14447,-3.8684,0.80119,0
-0.62923,1.376,-0.12903,7.5096,1.5347,0
-0.7242,1.4529,-0.13932,2.5033,0.91626,0
-0.53425,1.5812,-0.073681,-7.7369,0.98818,0
-1.389,2.1455,-0.019623,-0.22742,1.3478,0
-1.9589,3.0945,-0.026058,7.7372,0.67174,0
-1.294,4.1205,-0.096848,-1.1377,1.3621,0
-1.6739,3.6588,-0.11615,-7.7369,0.29777,0
-1.294,2.9919,-0.069819,3.8687,0.65736,0
-0.24933,1.5299,0.0048318,5.4616,0.15394,0
0.7004,-0.62465,0.074335,-5.0062,-0.36386,0
0.13056,-2.6766,0.13611,-6.5991,0.21147,0
-0.43928,-3.3948,0.22364,6.1442,-0.7666,0
0.035589,-3.087,0.33947,3.6411,0.16832,0
1.6501,-2.5227,0.46561,-7.7369,-0.43578,0
2.22,-2.1636,0.53254,-2.503,-0.004278,0
1.7451,-2.138,0.50294,8.1923,0.29777,0
-0.24933,-3.01,0.4669,1.8206,-0.2488,0
-1.0091,-4.1899,0.55442,-8.192,0.61421,0
-0.62923,-4.2668,0.63293,-0.22742,-0.47893,0
0.7004,-3.6513,0.63679,7.282,0.25462,0
1.8401,-2.7792,0.49779,-2.7306,-0.004278,0
2.125,-2.2149,0.27641,-7.5093,-0.061812,0
2.315,-2.5227,0.15027,4.3238,0.55667,0
0.79538,-2.9587,0.13869,5.234,-0.27756,0
1.3652,-3.3948,0.17215,-5.6889,0.65736,0
1.8401,-3.8052,0.22364,-5.4613,-0.2488,0
1.3652,-3.9334,0.26611,6.3718,0.34092,0
1.0803,-2.8305,0.26997,3.186,0.26901,0
0.22554,-1.1633,0.25453,-7.7369,-0.018661,0
-1.294,-0.4964,0.26096,-3.1857,0.77243,0
-1.294,-0.41945,0.25968,6.8269,-0.11935,0
-0.7242,-0.11166,0.18116,1.8206,0.71489,0
0.035589,0.55522,0.061464,-7.7369,-0.22003,0
0.035589,1.6325,-0.041503,1.1379,0.15394,0
0.22554,2.2224,-0.0917,7.7372,0.31216,0
-0.059385,1.1708,-0.064671,-2.2755,0.13956,0
-1.1041,-0.34251,-0.098135,-7.5093,1.3909,0
-1.1041,-0.29121,-0.16635,2.7309,0.74366,0
-0.62923,1.0682,-0.17021,6.5994,1.7649,0
-1.1991,1.0939,-0.044078,-4.3235,1.2758,0
-1.0091,-0.13731,0.10651,-5.4613,1.3478,0
-0.7242,-0.93244,0.19275,6.8269,1.8512,0
-0.53425,-0.7016,0.17859,3.6411,1.1752,0
-0.53425,0.016583,0.10522,-6.8267,2.2827,0
-0.7242,1.0939,-0.085264,-1.3652,1.4916,0
0.13056,2.4533,-0.33625,7.282,2.3546,0
-0.059385,2.6072,-0.39931,0.00013542,2.369,0
-0.53425,1.8377,-0.31823,-7.2818,2.2252,0
-0.7242,0.99126,-0.19724,1.3655,2.8724,0
-0.53425,0.19613,0.034435,7.0545,2.0957,0
-1.294,-0.21426,0.25453,-3.1857,2.8868,0
-1.1991,0.016583,0.34977,-7.7369,2.3402,0
-0.7242,0.29873,0.34977,5.234,2.6854,0
-0.7242,0.83736,0.29571,5.4616,2.9875,0
-1.484,1.0426,0.22621,-6.8267,2.743,0
-0.34431,0.96561,0.1477,-5.2337,3.721,0
0.7004,0.78606,0.098789,7.282,2.9012,0
0.035589,0.93996,0.065325,2.2757,3.4621,0
0.51046,1.0682,0.04087,-8.192,2.7717,0
0.035589,1.2221,-0.026058,-1.5928,2.6998,0
-0.43928,1.9403,-0.13804,6.8269,3.1457,0
0.89035,2.6328,-0.21655,-2.0479,2.4265,0
1.8401,3.1458,-0.27447,-8.192,3.2895,0
1.6501,2.8637,-0.33625,2.7309,2.1964,0
0.13056,2.4276,-0.38258,6.1442,2.3978,0
0.32051,2.325,-0.4006,-4.7786,1.9806,0
1.3652,2.6841,-0.44565,-6.144,1.3334,0
1.4602,3.5305,-0.47525,6.1442,1.9375,0
1.0803,4.813,-0.46753,3.186,0.84434,0
1.5552,5.326,-0.44822,-7.5093,1.6067,0
2.9798,4.3,-0.42506,-2.9581,0.59983,0
2.315,3.2484,-0.38258,8.875,0.80119,0
2.03,2.402,-0.32338,1.5931,0.95941,0
1.5552,2.0429,-0.31823,-8.192,0.55667,0
-0.53425,2.2481,-0.36971,-0.45498,1.5635,0
-0.15436,2.915,-0.43278,7.7372,0.68613,0
1.1753,3.6588,-0.4804,-2.2755,1.3478,0
1.5552,3.9153,-0.48426,-7.9645,1.0026,0
0.22554,3.6844,-0.45723,3.6411,0.93064,0
0.035589,2.7867,-0.42634,6.3718,1.621,0
-1.0091,1.299,-0.34912,-5.0062,0.77243,0
-1.0091,0.24743,-0.27061,-5.6889,1.6786,0
-0.81917,-0.16296,-0.18437,6.1442,0.80119,0
-0.91415,-1.5224,-0.081403,3.8687,1.0889,0
0.22554,-3.6256,-0.013187,-7.7369,1.0601,0
2.125,-3.3691,-0.019623,-3.1857,0.41284,0
1.9351,-1.035,-0.022197,7.282,1.0601,0
0.41548,-0.77854,-0.022197,1.8206,0.038872,0
-0.53425,-1.4454,-0.031207,-8.192,0.58544,0
-0.53425,-1.5993,-0.010613,-0.68254,0.11079,0
-0.15436,-0.72725,-0.037642,7.0545,0.096406,0
0.7004,0.37567,-0.15992,-2.0479,0.68613,0
-0.059385,1.1708,-0.24872,-7.5093,-0.10496,0
0.13056,1.1965,-0.17922,2.9584,0.74366,0
-0.059385,0.11918,-0.037642,6.1442,-0.076195,0
0.32051,-0.23991,0.067899,-5.0062,0.34092,0
-0.059385,0.58087,0.07176,-7.2818,0.19709,0
-0.34431,1.9146,0.007406,5.4616,-0.076195,0
0.035589,1.1708,-0.0041778,4.0962,0.70051,0
-0.059385,-1.035,0.075622,-7.7369,0.11079,0
-0.53425,-1.9841,0.17087,-3.6408,1.0601,0
-0.7242,-1.3941,0.23007,7.282,-0.090578,0
0.22554,-0.77854,0.24809,2.2757,-0.83852,0
0.7004,-0.72725,0.23522,-7.7369,-1.1981,0
0.13056,-0.82984,0.22106,-2.0479,-1.3851,0
-0.34431,-0.6503,0.13225,6.8269,0.67174,0
0.13056,-0.62465,-0.02091,-1.3652,1.0889,0
0.60543,-0.5477,-0.10972,-7.5093,2.858,0
-0.53425,-0.29121,-0.054374,3.186,2.9731,0
-1.0091,0.11918,0.051167,6.5994,2.858,0
-1.389,0.42697,0.10008,-4.3235,3.1313,0
-0.53425,0.042233,0.066612,-6.3715,2.0382,0
0.51046,-0.82984,0.038296,6.5994,2.858,0
0.89035,-0.98374,0.012554,4.3238,1.9231,0
0.79538,-0.75289,-0.014475,-7.2818,2.4409,0
0.13056,-0.82984,0.0048318,-4.3235,2.4553,0
-1.1991,-1.4711,0.092354,8.1923,2.1388,0
-0.43928,-1.548,0.17215,2.5033,3.0162,0
0.60543,-0.98374,0.17215,-7.7369,2.2395,0
-0.059385,-0.599,0.16572,-0.22742,3.0162,0
-0.24933,-0.29121,0.21849,7.9647,2.4409,0
0.035589,-0.16296,0.24809,-2.0479,2.5416,0
-0.7242,-0.086014,0.20047,-7.2818,2.9156,0
-1.294,-0.6503,0.10394,3.8687,2.2539,0
-0.059385,-1.0607,0.046019,7.282,3.1888,0
1.3652,-1.548,0.07176,-4.3235,2.369,0
1.5552,-1.3685,0.11295,-7.0542,3.0738,0
0.32051,-0.72725,0.079483,5.9167,3.0882,0
0.22554,-0.4451,0.029286,4.3238,2.8724,0
0.7004,-0.90679,0.047306,-7.2818,3.6203,0
0.89035,-1.4711,0.087205,-4.3235,2.9587,0
0.13056,-1.5737,0.16057,6.5994,3.908,0
-0.34431,-1.7276,0.23651,1.1379,2.9731,0
-0.53425,-1.8302,0.20047,-7.7369,2.7717,0
0.98533,-1.3172,0.10265,0.45525,2.5272,0
1.2702,-0.67595,0.017703,7.7372,2.1964,0
0.13056,-0.72725,-0.0041778,-1.8203,3.4909,0
-0.43928,-1.625,0.093641,-8.192,3.0882,0
1.6501,-2.2662,0.14384,3.4135,4.2532,0
1.8401,-1.9328,0.078196,6.1442,4.0087,0
0.41548,-1.4198,0.026712,-5.6889,4.0087,0
-1.8639,-0.95809,0.042157,-6.3715,4.2532,0
-2.3388,-1.2146,0.055028,5.9167,3.2608,0
-1.579,-1.1889,0.0048318,3.8687,3.8649,0
-0.15436,-0.34251,-0.078829,-7.7369,2.9443,0
0.51046,0.65782,-0.11744,-4.3235,3.5628,0
1.5552,0.73476,-0.064671,7.282,3.3902,0
1.4602,-0.34251,-0.014475,2.7309,3.1025,0
0.13056,-0.85549,-0.0054649,-7.5093,3.6347,0
0.41548,-0.086014,-0.056948,-1.8203,2.6279,0
0.60543,0.76041,-0.095561,7.5096,3.4477,0
0.7004,0.93996,-0.098135,0.00013542,2.8005,0
0.79538,0.50392,-0.041503,-8.4196,3.3039,0
0.13056,-0.57335,0.020277,1.1379,3.6203,0
-1.389,-0.93244,0.031861,7.5096,3.1745,0
-0.62923,-0.18861,-0.04279,-2.503,3.9799,0
0.51046,0.24743,-0.14576,-6.5991,2.9587,0
0.035589,-0.29121,-0.22427,4.7789,3.7066,0
0.98533,-0.88114,-0.26288,5.6891,3.2895,0
1.2702,-0.98374,-0.28734,-4.7786,3.3471,0
1.4602,-0.80419,-0.24744,-4.3235,3.6779,0
1.4602,-0.11166,-0.19467,6.3718,2.9012,0
0.7004,-0.060364,-0.15992,3.4135,3.6203,0
0.22554,0.17048,-0.13289,-7.2818,2.5128,0
-1.1041,0.40132,-0.0917,-1.5928,2.7861,0
-0.34431,-0.034715,-0.010613,7.5096,2.4409,0
0.51046,-0.6503,0.05889,-0.45498,1.9231,0
-0.7242,-1.5737,0.075622,-7.5093,2.4984,0
-1.0091,-1.9071,0.076909,1.5931,1.6067,0
-0.62923,-1.3685,0.051167,7.5096,2.3258,0
-0.43928,-1.3428,0.096215,-3.6408,1.6786,0
0.13056,-1.4198,0.13483,-7.2818,1.7936,0
1.3652,-1.3428,0.092354,5.234,1.8512,0
1.3652,-0.82984,0.061464,6.1442,1.1895,0
0.98533,-0.6503,0.075622,-6.5991,1.995,0
-0.059385,-0.599,0.047306,-6.144,1.1176,0
-0.43928,-0.5477,0.00097052,6.5994,1.8799,0
-0.15436,-0.29121,-0.04279,3.4135,1.6067,0
0.7004,-0.47075,-0.024771,-7.9645,1.506,0
-0.62923,-1.5224,0.015128,-2.9581,2.1101,0
-1.6739,-2.2406,-0.0080391,6.3718,1.4197,0
-0.62923,-1.625,-0.065958,0.91037,2.4121,0
0.51046,-1.0094,-0.14962,-8.8747,1.5779,0
0.79538,-1.0863,-0.21397,-0.68254,1.995,0
0.60543,-1.4711,-0.23714,7.7372,1.7936,0
-0.059385,-1.5224,-0.20368,-1.3652,1.2902,0
-0.43928,-1.7276,-0.19724,-8.192,1.8799,0
-0.62923,-1.6763,-0.19982,3.186,0.74366,0
-0.62923,-1.1376,-0.22942,6.3718,1.4916,0
0.32051,-0.75289,-0.25259,-5.0062,0.64298,0
0.7004,-0.52205,-0.22427,-6.5991,0.61421,0
0.89035,-0.18861,-0.20239,5.9167,0.57106,0
0.79538,0.22178,-0.22427,5.234,-0.3351,0
-0.62923,-0.4451,-0.22556,-5.6889,0.41284,0
-1.6739,-1.0607,-0.11873,-3.4133,-0.46455,0
-1.389,-1.2659,-0.0119,8.1923,0.21147,0
-0.15436,-1.7532,-0.018336,2.0482,-0.047428,0
2.03,-1.1376,-0.077542,-7.0542,-0.23441,0
1.8401,-0.41945,-0.074968,0.45525,0.31216,0
-0.15436,-0.29121,-0.0041778,8.1923,-0.57961,0
0.51046,-0.599,0.070473,-1.3652,0.26901,0
2.5999,-1.2659,0.07176,-7.0542,-0.69468,0
2.125,-1.3685,0.048593,3.186,-0.4214,0
-0.43928,-1.2146,0.039583,7.282,-0.62276,0
-0.15436,-0.57335,-0.006752,-4.7786,-1.3132,0
0.79538,-0.599,-0.077542,-6.3715,-0.7666,0
1.5552,-0.77854,-0.13546,5.4616,-1.9173,0
0.60543,-0.6503,-0.11744,4.0962,-1.2988,0
-0.15436,-0.5477,-0.049226,-7.2818,-2.0611,0
0.035589,-0.31686,0.038296,-3.8684,-1.9317,0
-0.059385,-0.21426,0.033148,7.0545,-1.7303,0
-1.1991,-0.18861,-0.058236,1.8206,-2.3488,0
-2.0538,0.19613,-0.1213,-8.6471,-1.6152,0
-1.389,0.81171,-0.13031,0.00013542,-2.6508,0
0.035589,0.93996,-0.1213,7.7372,-2.0611,0
0.60543,0.55522,-0.10714,-2.9581,-2.4926,0
0.7004,-0.11166,-0.080116,-7.9645,-2.7659,0
0.89035,-0.7016,-0.035068,3.6411,-2.2625,0
1.7451,-0.4451,0.015128,6.1442,-3.1111,0
1.4602,0.27308,0.035722,-4.5511,-2.1906,0
0.98533,0.52957,0.0061189,-6.144,-2.9385,0
0.79538,0.22178,-0.047939,6.5994,-2.4926,0
0.7004,-0.086014,-0.054374,4.0962,-2.4782,0
-0.53425,-0.23991,-0.024771,-7.5093,-3.0679,0
-1.8639,-0.47075,0.0022576,-3.8684,-2.2337,0
-1.294,-0.29121,0.029286,7.282,-3.0823,0
-1.579,-0.21426,0.05889,1.5931,-2.2193,0
-1.1041,-0.086014,0.057602,-8.4196,-2.694,0
0.79538,0.22178,0.026712,0.00013542,-2.6221,0
1.2702,0.68346,0.024138,7.9647,-2.1186,0
0.89035,0.24743,0.075622,-1.3652,-2.7371,0
0.79538,-0.4451,0.16572,-7.0542,-1.6728,0
0.32051,-0.85549,0.23908,2.9584,-2.4638,0
-0.62923,-0.93244,0.27769,6.1442,-1.8454,0
0.22554,-0.62465,0.27126,-5.4613,-1.8741,0
-0.15436,-0.13731,0.25581,-5.4613,-2.2049,0
0.13056,0.63217,0.22235,6.5994,-1.3419,0
-0.24933,0.65782,0.20176,2.7309,-1.9748,0
-1.294,0.067882,0.21849,-7.7369,-0.91043,0
-1.389,-0.75289,0.21978,-1.1377,-1.3276,0
-0.059385,-1.4711,0.19403,7.9647,-1.0974,0
-0.059385,-1.548,0.15542,-0.45498,-0.75222,0
-0.34431,-1.8045,0.158,-7.2818,-1.3563,0
-1.389,-2.0867,0.20176,2.2757,-0.29195,0
-0.62923,-1.8558,0.22106,7.282,-1.1406,0
0.60543,-1.548,0.22879,-5.0062,-0.37825,0
0.60543,-1.1376,0.20433,-5.6889,-0.594,0
0.22554,-1.0607,0.13225,5.4616,-0.66591,0
-1.1991,-1.2915,0.10909,3.8687,-0.090578,0
-1.294,-1.1376,0.11681,-7.0542,-0.78098,0
0.035589,-0.95809,0.11423,-3.1857,0.21147,0
-0.24933,-0.72725,0.087205,7.5096,-0.47893,0
0.89035,-0.67595,0.034435,1.8206,0.082022,0
1.3652,-1.035,0.022851,-8.192,0.15394,0
0.98533,-1.5737,0.04087,-0.45498,-0.23441,0
1.6501,-1.7019,0.056315,7.282,0.36969,0
2.22,-1.1889,0.087205,-1.3652,-0.56523,0
1.5552,-0.88114,0.11681,-6.8267,0.11079,0
1.1753,-0.31686,0.08978,4.0962,-0.56523,0
0.79538,0.29873,-0.023484,6.1442,-0.46455,0
0.89035,0.50392,-0.15605,-5.6889,-0.2488,0
1.6501,0.14483,-0.23843,-5.9164,-0.79537,0
2.9798,-0.5477,-0.24358,7.0545,0.24024,0
2.125,-0.62465,-0.23328,2.7309,-0.49331,0
1.0803,-0.29121,-0.20368,-7.5093,0.41284,0
0.32051,0.22178,-0.17407,-2.7306,0.15394,0
-0.62923,0.91431,-0.17536,7.7372,0.096406,0
-0.62923,1.5812,-0.18952,0.00013542,0.75804,0
0.035589,1.889,-0.18823,-7.5093,0.038872,0
0.51046,2.1198,-0.1715,1.5931,1.1752,0
0.13056,1.9403,-0.17665,6.8269,0.71489,0
0.13056,1.9659,-0.19853,-2.9581,1.2615,0
0.60543,1.3247,-0.2217,-5.6889,1.506,0
0.98533,1.0939,-0.2011,5.6891,0.94503,0
0.035589,1.1452,-0.12645,5.234,1.6067,0
-0.53425,0.40132,-0.098135,-7.5093,0.48476,0
-0.7242,-0.23991,-0.13031,-3.6408,1.2902,0
-0.059385,-0.26556,-0.13417,8.1923,0.91626,0
2.03,-0.26556,-0.11101,2.0482,1.1608,0
0.60543,-0.18861,-0.065958,-8.4196,1.7361,0
-1.389,0.016583,-0.032494,0.2277,0.90188,0
-0.53425,-0.086014,-0.049226,7.5096,1.6498,0
0.32051,-0.060364,-0.077542,-1.5928,0.41284,0
0.89035,0.32437,-0.074968,-8.192,0.68613,0
0.79538,0.11918,-0.080116,4.5513,0.28339,0
-0.059385,-0.23991,-0.089126,7.0545,-0.19126,0
0.32051,0.067882,-0.063384,-5.2337,0.35531,0
0.51046,0.37567,-0.0518,-5.0062,-0.65153,0
0.79538,0.27308,-0.099422,5.9167,0.067639,0
0.79538,-0.034715,-0.16378,3.6411,-0.8529,0
0.79538,0.093531,-0.21011,-7.2818,-0.86728,0
1.2702,0.093531,-0.18952,-3.8684,-0.91043,0
0.035589,-0.060364,-0.1316,6.5994,-1.9892,0
0.22554,-0.060364,-0.095561,0.2277,-1.4714,0
0.035589,0.093531,-0.11101,-7.9645,-2.6508,0
-1.1991,0.24743,-0.12774,0.91037,-2.1762,0
-1.1991,0.47827,-0.087839,6.8269,-2.6364,0
-0.15436,0.17048,-0.037642,-2.7306,-2.9241,0
-0.15436,-0.23991,0.020277,-8.192,-2.7371,0
-1.294,-0.29121,0.092354,3.186,-3.9453,0
-1.1991,-0.26556,0.12711,4.5513,-3.4851,0
-0.91415,-0.3938,0.10522,-6.3715,-4.6357,0
-0.62923,-0.34251,0.092354,-5.6889,-4.4919,0
-0.62923,-0.16296,0.10265,6.8269,-4.6357,0
1.5552,-0.16296,0.074335,3.186,-5.1392,0
3.2647,-0.23991,0.067899,-7.7369,-4.607,0
1.3652,-0.5477,0.057602,-2.0479,-5.7433,0
-0.15436,-0.72725,0.056315,8.1923,-5.3261,0
0.98533,-0.26556,0.076909,0.68281,-6.333,0
1.2702,-0.086014,0.12711,-8.192,-6.5487,0
0.22554,-0.31686,0.17859,0.68281,-6.5631,0
-0.62923,-0.18861,0.21978,7.5096,-7.2104,0
1.5552,-0.0090658,0.21463,-2.2755,-6.3474,0
2.22,-0.11166,0.19146,-7.7369,-7.2391,0
2.5049,-0.16296,0.17859,4.5513,-6.7501,0
0.98533,-0.18861,0.17988,6.5994,-7.2535,0
0.22554,-0.16296,0.17859,-5.6889,-7.7138,0
0.79538,-0.13731,0.16829,-5.0062,-7.5124,0
0.035589,0.067882,0.14384,7.7372,-8.6631,0
-1.1991,-0.23991,0.12453,3.6411,-7.9871,0
-0.34431,-0.67595,0.12067,-7.2818,-8.9651,0
0.98533,-0.26556,0.12839,-1.1377,-8.5336,0
1.2702,0.37567,0.12968,8.875,-8.6056,0
1.6501,0.50392,0.10522,-0.68254,-8.9364,0
1.5552,0.37567,0.11552,-7.9645,-8.2604,0
0.89035,0.47827,0.15671,2.5033,-9.296,0
0.89035,0.19613,0.21463,6.1442,-8.5624,0
0.035589,0.016583,0.23136,-5.0062,-9.2672,0
0.13056,-0.0090658,0.17601,-6.144,-9.0802,0
0.60543,-0.26556,0.12067,6.5994,-8.8645,0
0.98533,0.067882,0.10008,4.7789,-9.3103,0
2.315,0.32437,0.12324,-7.7369,-8.1453,0
1.8401,-0.034715,0.18374,-3.6408,-8.5336,0
0.51046,-0.4964,0.23265,7.0545,-7.4836,0
0.89035,-0.599,0.23136,1.8206,-7.4549,0
0.60543,-0.62465,0.19918,-8.192,-7.2823,0
-1.1041,-0.5477,0.13869,-0.9101,-6.5343,0
-1.7689,-0.086014,0.10136,7.9647,-7.0521,0
0.22554,0.19613,0.08077,-1.8203,-6.0022,0
0.13056,0.22178,0.085918,-7.7369,-6.7357,0
-1.7689,0.45262,0.12839,2.9584,-6.1316,0
-2.5287,0.37567,0.11423,6.3718,-6.1316,0
-0.7242,0.55522,0.011267,-5.2337,-6.448,0
-0.34431,0.88866,-0.10328,-6.5991,-5.5131,0
-0.53425,1.3503,-0.18694,5.6891,-5.8152,0
-0.53425,1.4016,-0.20368,4.0962,-4.4919,0
0.60543,1.4529,-0.11101,-7.7369,-4.42,0
1.3652,1.2221,0.0099801,-2.9581,-4.0316,0
0.89035,0.47827,0.10265,7.7372,-3.4275,0
0.13056,0.11918,0.18116,1.3655,-3.859,0
-0.43928,0.27308,0.19403,-7.7369,-2.7515,0
-0.53425,-0.086014,0.1876,0.68281,-3.3268,0
-0.62923,-0.3938,0.19661,7.9647,-2.4351,0
0.13056,-0.26556,0.21978,-2.7306,-2.1906,0
-0.059385,0.067882,0.23136,-7.2818,-2.2337,0
-2.1488,0.016583,0.17215,3.6411,-1.2844,0
-4.0483,-0.29121,0.12196,6.3718,-2.0755,0
-3.6684,-0.21426,0.093641,-5.2337,-1.0399,0
-1.7689,-0.16296,-0.00031657,-5.6889,-1.5145,0
-1.0091,0.17048,-0.10714,6.8269,-1.2556,0
0.41548,0.55522,-0.078829,4.3238,-0.82413,0
0.79538,0.78606,0.078196,-7.2818,-1.3563,0
-0.81917,0.65782,0.12582,-1.3652,-0.23441,0
-1.7689,0.27308,0.026712,7.9647,-1.0111,0
-0.53425,0.22178,-0.1213,0.45525,-0.29195,0
-0.24933,0.11918,-0.21011,-7.9645,-0.66591,0
-0.53425,-0.11166,-0.2513,2.2757,-0.86728,0
-0.7242,-0.18861,-0.241,7.0545,0.010105,0
-1.294,-0.11166,-0.13031,-3.6408,-0.29195,0
-1.1041,0.11918,-0.037642,-6.144,1.0601,0
0.60543,0.32437,-0.036355,5.6891,0.35531,0
2.6949,0.016583,-0.064671,4.3238,0.59983,0
1.2702,0.11918,-0.053087,-6.8267,0.082022,0
-0.059385,-0.11166,-0.044078,-5.0062,-1.27,0
0.13056,-0.16296,-0.062097,6.3718,-1.4139,0
-0.059385,-0.18861,-0.0917,1.8206,-2.881,0
0.22554,-0.23991,-0.047939,-7.7369,-1.5433,0
-0.15436,-0.18861,-0.02091,-1.3652,-0.32071,0
0.13056,-0.6503,-0.037642,7.282,1.621,0
-0.059385,-1.0863,-0.014475,-1.3652,2.6423,0
0.32051,-1.1889,-0.017049,-7.9645,1.0026,0
-0.059385,-1.2659,-0.019623,1.8206,-0.061812,0
0.035589,-0.95809,0.061464,5.9167,-2.32,0
-0.15436,-0.4964,0.16443,-6.144,-1.8741,0
0.32051,-0.599,0.17087,-5.9164,-0.45016,0
1.4602,-0.95809,0.08077,6.1442,1.5779,0
-0.15436,-1.2915,-0.0028907,4.0962,4.095,0
-0.91415,-0.57335,-0.036355,-7.9645,3.8505,0
0.13056,-0.034715,0.013841,-3.1857,3.7929,0
0.035589,-0.13731,0.066612,7.0545,1.132,0
0.22554,-0.18861,0.017703,1.5931,-0.55085,0
1.4602,-0.18861,-0.047939,-7.5093,-2.0755,0
1.2702,-0.29121,-0.045365,1.1379,-3.7152,0
0.51046,-0.62465,-0.02091,6.8269,-3.7152,0
0.22554,-1.1889,-0.040216,-2.7306,-5.5563,0
0.51046,-1.3428,-0.041503,-6.8267,-6.2179,0
0.7004,-1.2915,0.043444,4.7789,-8.2891,0
1.4602,-1.7019,0.19403,5.9167,-9.4686,0
1.2702,-2.0867,0.37037,-5.2337,-9.296,0
1.9351,-1.9584,0.5068,-4.5511,-9.3966,0
0.7004,-1.7789,0.57115,7.7372,-6.6638,0
-0.24933,-1.4711,0.51066,3.186,-4.8083,0
0.035589,-1.2146,0.33175,-7.2818,-1.155,0
0.7004,-1.4711,0.19275,-1.1377,2.0382,0
0.60543,-1.4967,0.15285,6.8269,5.0587,0
0.035589,-1.2146,0.17344,0.00013542,9.4025,0
-1.1991,-1.1889,0.22492,-7.7369,12.193,0
-1.1041,-1.5737,0.26354,2.0482,16.58,0
-0.059385,-1.2659,0.25453,7.282,19.039,0
-0.059385,-0.086014,0.15542,-3.4133,22.189,0
-0.7242,1.0682,0.01899,-6.3715,25.21,0
-0.7242,1.5299,-0.10714,4.3238,27.41,0
0.13056,0.81171,-0.13804,5.0064,31.093,0
0.035589,0.14483,-0.076255,-7.0542,32.776,0
-0.43928,-0.26556,-0.017049,-5.0062,35.724,0
-0.15436,-0.34251,0.013841,7.282,37.062,0
0.7004,-0.034715,0.074335,2.7309,38.241,0
0.13056,-0.26556,0.16572,-8.4196,39.795,0
-1.389,-0.5477,0.22879,-1.1377,40.111,0
-1.1991,0.016583,0.24166,7.282,42.153,0
-0.24933,0.37567,0.22621,-0.9101,42.657,0
2.03,-0.0090658,0.18502,-7.5093,44.484,0
3.5496,-0.26556,0.18502,2.9584,45.951,0
1.5552,-0.88114,0.2275,6.3718,46.914,0
-0.059385,-1.1889,0.28928,-6.5991,48.971,0
0.32051,-1.0094,0.33819,-6.5991,49.029,0
-0.059385,-0.5477,0.32918,5.4616,50.28,0
-1.294,0.11918,0.20433,3.6411,49.921,0
-1.1991,0.99126,-0.019623,-7.0542,49.331,0
0.035589,1.5555,-0.17279,-2.9581,48.655,0
0.7004,1.4786,-0.28348,6.8269,46.138,0
0.035589,1.1452,-0.35684,0.91037,44.843,0
-1.294,1.0169,-0.34397,-7.5093,41.219,0
-1.9589,1.0939,-0.30793,2.0482,38.514,0
-1.6739,1.4273,-0.34912,7.5096,34.746,0
-1.0091,1.8377,-0.52287,-2.9581,30.546,0
-0.53425,2.2224,-0.76227,-6.8267,27.18,0
-1.6739,2.6072,-0.9193,5.234,22.189,0
-1.1991,2.9406,-0.93217,5.6891,18.867,0
-0.059385,2.7098,-0.79445,-6.5991,13.919,0
-0.059385,2.2737,-0.53703,-4.7786,9.7477,0
-0.43928,1.5812,-0.28734,6.3718,5.3751,0
-0.24933,0.88866,-0.056948,2.9584,0.096406,0
-0.62923,0.88866,0.15413,-7.9645,-3.37,0
-0.43928,0.99126,0.27383,-2.503,-8.4905,0
-0.15436,0.96561,0.24423,8.6474,-11.396,0
-0.059385,0.73476,0.158,1.1379,-15.064,0
-0.43928,0.58087,0.060177,-7.9645,-18.487,0
-0.62923,0.65782,-0.054374,1.1379,-21.277,0
-0.7242,1.0682,-0.11229,6.5994,-25.779,0
1.6501,1.6838,-0.098135,-3.1857,-28.642,0
1.7451,2.1711,-0.12388,-7.5093,-32.77,0
0.98533,2.6072,-0.22427,3.8687,-35.33,0
-0.15436,2.7867,-0.34783,5.4616,-37.545,0
0.89035,3.0945,-0.49971,-6.8267,-40.364,0
0.60543,3.4023,-0.59495,-5.0062,-42.119,0
-0.24933,3.6075,-0.62842,6.8269,-46.161,0
-0.43928,3.9922,-0.62327,2.9584,-48.807,0
-0.53425,4.8643,-0.57307,-7.9645,-52.245,0
-1.1991,5.326,-0.47911,-1.8203,-54.445,0
-0.34431,5.3003,-0.37357,7.282,-55.093,0
-0.059385,5.3773,-0.3015,-0.45498,-56.258,0
0.32051,5.1464,-0.27318,-8.192,-55.754,0
0.7004,4.8386,-0.26417,1.5931,-57.293,0
0.035589,4.7617,-0.21783,6.5994,-57.854,0
-1.294,4.5565,-0.14447,-3.8684,-58.602,0
-1.294,3.8127,-0.102,-6.8267,-58.919,0
-0.91415,3.5562,-0.080116,5.0064,-57.193,0
0.035589,3.5562,-0.086552,4.5513,-56.459,0
0.60543,3.8896,-0.14061,-7.0542,-53.582,0
0.035589,4.1461,-0.1715,-4.0959,-52.317,0
-1.9589,4.0692,-0.15219,6.8269,-50.289,0
-3.2885,4.1974,-0.10328,2.5033,-48.318,0
-2.2438,3.9153,-0.04279,-7.5093,-47.225,0
-0.91415,3.5818,-0.00031657,-1.1377,-44.578,0
-0.7242,3.2997,-0.0119,6.8269,-43.5,0
0.13056,3.8127,-0.047939,-1.5928,-40.522,0
0.7004,4.1974,-0.062097,-8.4196,-38.293,0
-0.059385,4.7361,-0.11744,3.186,-35.646,0
0.13056,5.2747,-0.18437,6.8269,-32.583,0
1.4602,5.2747,-0.15605,-5.4613,-30.957,0
0.60543,5.2234,-0.083977,-6.144,-27.851,0
-0.15436,5.3516,-0.0093262,6.3718,-26.499,0
0.32051,5.1977,-0.019623,4.5513,-23.593,0
1.2702,6.1981,-0.18308,-7.9645,-20.918,0
1.0803,7.224,-0.3414,-3.1857,-18.401,0
0.22554,7.8653,-0.40575,7.7372,-14.704,0
-1.1991,8.1218,-0.41991,0.45525,-12.633,0
-0.62923,8.3526,-0.40832,-7.9645,-9.1665,0
-0.34431,8.4039,-0.39931,-0.22742,-7.2679,0
0.22554,8.5065,-0.37743,7.7372,-4.9378,0
1.5552,8.8399,-0.31823,-2.7306,-2.5358,0
0.60543,9.3016,-0.27447,-8.192,-0.99673,0
-0.34431,9.0195,-0.23199,4.3238,2.1676,0
-0.62923,8.9425,-0.10843,5.9167,3.419,0
-0.7242,9.1477,0.046019,-5.4613,6.0943,0
-0.62923,9.276,0.13998,-5.6889,7.5902,0
0.22554,9.2503,0.16057,6.1442,8.7121,0
1.4602,9.4042,0.13611,4.3238,10.639,0
1.3652,9.7633,0.12067,-7.2818,10.985,0
0.89035,9.3786,0.062751,-3.4133,13.085,0
0.60543,8.9938,0.0022576,7.5096,13.789,0
1.6501,9.1734,-0.017049,1.5931,15.487,0
-0.059385,10.071,-0.027345,-7.9645,16.968,0
-1.1041,10.405,0.0048318,-0.45498,17.63,0
0.79538,10.122,0.14641,7.282,19.471,0
1.2702,9.8916,0.30215,-0.9101,19.399,0
0.035589,10.122,0.29571,-7.9645,20.506,0
-0.34431,10.738,0.10522,2.7309,20.506,0
1.7451,10.969,-0.12388,6.3718,20.88,0
3.2647,10.276,-0.2217,-4.7786,21.715,0
3.6446,9.5581,-0.16893,-4.7786,21.067,0
2.22,9.1477,-0.074968,5.9167,22.103,0
0.60543,8.5321,0.042157,3.8687,21.312,0
0.22554,7.5575,0.1979,-7.2818,21.7,0
0.51046,6.1468,0.27769,-1.8203,21.585,0
0.89035,5.3773,0.21205,7.9647,20.924,0
1.4602,5.2747,0.12067,0.68281,21.47,0
1.4602,5.6594,0.18116,-7.9645,20.262,0
0.98533,5.5312,0.36779,1.3655,20.794,0
0.035589,5.1208,0.51581,7.5096,20.104,0
0.32051,4.7873,0.52224,-2.0479,19.874,0
2.125,3.8383,0.43472,-6.5991,19.413,0
3.3597,3.7101,0.39353,5.0064,17.558,0
1.3652,5.2234,0.39611,4.5513,17.285,0
-0.91415,5.326,0.4064,-6.3715,15.314,0
-0.43928,3.4536,0.41284,-4.5511,15.185,0
1.2702,2.2224,0.37937,6.5994,14.106,0
1.4602,1.9659,0.25581,2.9584,12.826,0
0.41548,2.2737,0.085918,-7.7369,11.977,0
-1.0091,2.7098,-0.015762,-1.1377,9.8771,0
-1.8639,2.1968,-0.0054649,7.282,9.9059,0
-1.294,0.65782,0.067899,-1.1377,8.2806,0
-0.62923,-0.26556,0.12582,-8.8747,7.8059,0
-0.62923,-0.7016,0.12453,2.2757,6.9861,0
-0.7242,-1.3172,0.082057,6.5994,5.5477,0
-2.2438,-2.061,0.082057,-4.7786,5.3463,0
-1.7689,-3.01,0.055028,-7.0542,3.2608,0
-1.1041,-4.2925,-0.0041778,4.7789,2.9731,0
0.79538,-5.6519,0.035722,4.5513,1.1752,0
1.8401,-6.8061,0.19017,-7.2818,0.18271,0
1.5552,-7.2422,0.31759,-4.3235,-0.594,0
-0.34431,-8.0886,0.38581,7.0545,-2.2769,0
-0.43928,-10.423,0.41799,1.8206,-2.3488,0
-0.15436,-12.988,0.44502,-7.2818,-3.9885,0
-0.53425,-15.219,0.47591,0.00013542,-4.1467,0
-0.34431,-16.553,0.49907,7.282,-5.1967,0
-0.62923,-17.528,0.53125,-2.0479,-6.4049,0
0.13056,-18.99,0.58145,-8.192,-6.3186,0
-0.81917,-20.759,0.64709,2.5033,-7.4549,0
-1.7689,-22.786,0.65224,6.3718,-6.9083,0
-2.8136,-24.35,0.61877,-5.6889,-8.1597,0
-3.6684,-25.556,0.64323,-7.0542,-8.6631,0
-2.2438,-26.3,0.71917,4.7789,-9.4686,0
-0.34431,-26.274,0.75392,4.5513,-10.979,0
0.79538,-26.3,0.73719,-6.8267,-10.72,0
0.60543,-26.479,0.7153,-4.3235,-11.928,0
1.6501,-26.659,0.72946,7.9647,-11.396,0
1.2702,-27.377,0.76293,2.2757,-11.741,0
0.22554,-27.992,0.76679,-7.7369,-12,0
0.60543,-27.223,0.75392,0.00013542,-11.899,0
1.3652,-26.197,0.72174,7.9647,-13.41,0
0.51046,-25.581,0.68828,-0.9101,-13.093,0
0.32051,-24.478,0.62521,-8.192,-14.158,0
1.2702,-23.735,0.57373,2.5033,-13.654,0
1.3652,-22.94,0.56085,6.3718,-13.453,0
0.79538,-21.837,0.52739,-5.4613,-13.424,0
0.98533,-20.605,0.45917,-6.5991,-12.417,0
-0.059385,-19.4,0.3871,5.234,-13.093,0
0.22554,-18.605,0.37037,4.0962,-12.101,0
0.035589,-18.451,0.41927,-6.8267,-12.662,0
0.32051,-18.887,0.45403,-4.3235,-12.072,0
0.7004,-19.041,0.47333,6.5994,-11.482,0
0.035589,-18.117,0.49779,2.0482,-11.511,0
0.22554,-16.091,0.46304,-7.9645,-10.13,0
0.32051,-14.604,0.38066,-0.68254,-10.475,0
-0.43928,-13.885,0.30344,7.0545,-9.2097,0
-0.62923,-13.629,0.26611,-1.8203,-9.0658,0
-0.62923,-14.116,0.2867,-7.2818,-8.9364,0
-0.53425,-14.86,0.33433,2.9584,-8.4042,0
-0.059385,-14.937,0.35235,6.3718,-8.9651,0
0.7004,-13.629,0.32274,-5.0062,-7.7138,0
1.6501,-12.218,0.27255,-6.8267,-8.059,0
1.5552,-11.218,0.22106,5.234,-7.1672,0
0.98533,-9.8327,0.13611,4.3238,-6.5919,0
0.89035,-8.0886,0.012554,-7.5093,-6.448,0
0.32051,-7.5756,-0.037642,-4.5511,-5.0529,0
0.32051,-8.0629,0.033148,7.282,-5.3261,0
-0.15436,-9.3711,0.12196,1.8206,-4.1898,0
0.13056,-10.577,0.12582,-8.192,-4.4919,0
1.3652,-10.525,0.092354,-0.45498,-4.2042,0
1.3652,-8.7555,0.074335,7.7372,-3.744,0
0.89035,-7.2165,0.053741,-0.22742,-4.0748,0
0.98533,-7.1652,0.013841,-8.192,-2.8234,0
0.13056,-7.3961,-0.024771,2.9584,-3.183,0
-1.8639,-7.1396,-0.073681,6.8269,-2.32,0
-2.5287,-6.2931,-0.098135,-4.7786,-2.3919,0
-0.7242,-5.6776,-0.1213,-6.3715,-2.5358,0
0.41548,-5.4211,-0.19853,5.6891,-2.1474,0
-0.81917,-4.8311,-0.19724,4.0962,-3.2405,0
-1.8639,-4.3951,-0.085264,-6.144,-2.6796,0
-0.53425,-3.8565,-0.058236,-3.6408,-3.8015,0
0.41548,-2.9331,-0.15863,7.9647,-3.8015,0
0.035589,-2.5996,-0.1818,2.0482,-4.3193,0
0.22554,-3.3691,-0.053087,-8.8747,-5.4987,0
0.035589,-4.2155,0.039583,0.45525,-5.3981,0
-1.389,-4.036,0.011267,7.9647,-6.9658,0
-1.1041,-2.5996,-0.12259,-1.5928,-6.7932,0
-0.24933,-1.1889,-0.26417,-8.4196,-7.7282,0
0.79538,-1.0094,-0.32981,3.186,-8.1309,0
0.035589,-1.0863,-0.29763,6.1442,-8.1309,0
-1.1041,-1.548,-0.17407,-5.2337,-9.296,0
-0.43928,-1.3172,-0.1213,-6.3715,-8.8645,0
-0.34431,-0.23991,-0.13932,5.4616,-10.332,0
-0.53425,1.4273,-0.16249,4.5513,-10.303,0
0.98533,2.6328,-0.16764,-6.8267,-10.921,0
1.2702,2.915,-0.21011,-3.1857,-11.626,0
0.32051,3.2997,-0.26288,7.282,-10.993,0
-0.7242,3.5818,-0.32209,0.91037,-11.842,0
-0.62923,3.1458,-0.31437,-8.6471,-10.864,0
-0.91415,3.9666,-0.23457,0.45525,-11.166,0
-1.484,5.5568,-0.20625,7.5096,-10.835,0
-0.62923,6.5059,-0.25259,-3.1857,-10.188,0
-1.1041,6.711,-0.34011,-8.192,-10.806,0
-1.1041,6.4289,-0.40575,3.8687,-9.9001,0
0.7004,6.1981,-0.371,5.4616,-10.849,0
1.7451,6.3007,-0.27318,-6.3715,-10.519,0
1.4602,6.8649,-0.21011,-5.9164,-10.893,0
0.32051,7.4805,-0.23328,7.0545,-11.813,0
0.51046,8.3013,-0.3311,2.5033,-11.597,0
-0.15436,8.9169,-0.39931,-7.7369,-13.05,0
-1.1991,8.7117,-0.38773,-2.503,-12.676,0
-1.8639,8.763,-0.39159,7.7372,-13.798,0
-1.484,8.8143,-0.37486,-0.22742,-14.086,0
-1.579,8.5834,-0.32466,-8.4196,-14.258,0
-1.294,8.9682,-0.31179,3.186,-15.078,0
-1.389,9.9942,-0.32209,7.282,-14.416,0
-1.294,10.969,-0.29635,-3.8684,-15.351,0
-0.91415,10.815,-0.23972,-7.0542,-14.805,0
-0.53425,8.9169,-0.17407,4.7789,-15.179,0
0.13056,6.8906,-0.102,4.7789,-15.294,0
-0.62923,5.8646,-0.086552,-6.5991,-14.589,0
0.41548,5.9672,-0.17407,-4.0959,-15.423,0
1.8401,7.0958,-0.27575,7.0545,-14.517,0
0.7004,7.6344,-0.33753,2.0482,-15.452,0
-0.53425,7.1727,-0.28991,-7.2818,-15.193,0
-0.7242,7.1727,-0.15734,0.2277,-15.366,0
-1.1041,7.1727,-0.074968,8.4198,-16.099,0
-1.1041,7.1214,-0.059523,0.2277,-15.279,0
-0.15436,7.0958,-0.022197,-7.9645,-16.301,0
-0.24933,7.8653,0.062751,2.2757,-15.898,0
0.41548,9.0708,0.098789,6.5994,-16.934,0
0.51046,10.122,0.051167,-4.7786,-17.523,0
0.13056,11.046,-0.041503,-7.2818,-17.264,0
-0.81917,10.328,-0.065958,4.3238,-18.084,0
1.8401,7.9422,0.088493,5.6891,-17.049,0
1.7451,5.1977,0.37551,-5.4613,-17.811,0
-0.24933,2.9663,0.6458,-4.7786,-17.394,0
-1.9589,2.6585,0.75134,6.5994,-17.825,0
-0.53425,5.1464,0.72946,2.9584,-18.631,0
1.2702,7.1984,0.6458,-7.5093,-18.257,0
1.3652,8.2757,0.54026,-2.9581,-19.019,0
0.13056,7.4292,0.50165,7.7372,-17.797,0
0.41548,5.249,0.55313,0.45525,-17.94,0
-0.7242,4.6591,0.58531,-8.4196,-17.207,0
-1.0091,5.5825,0.55184,0.91037,-16.588,0
0.60543,6.0185,0.52095,6.5994,-16.948,0
0.32051,5.4029,0.51323,-3.1857,-15.898,0
-1.8639,5.0951,0.44759,-7.5093,-16.646,0
-2.5287,5.4542,0.29057,4.7789,-15.711,0
-1.579,6.2237,0.1181,5.234,-15.524,0
-1.6739,6.711,0.044732,-6.144,-15.395,0
-2.0538,7.1984,0.020277,-4.0959,-14.345,0
-1.484,7.301,-0.050513,7.0545,-14.834,0
0.79538,6.6341,-0.064671,1.8206,-13.568,0
1.2702,6.0955,-0.049226,-7.9645,-13.611,0
-0.34431,5.7107,-0.031207,-1.8203,-12.935,0
-1.6739,5.8646,-0.080116,7.7372,-12.46,0
-0.43928,5.7107,-0.23585,-0.45498,-12.806,0
0.60543,5.5825,-0.34783,-8.4196,-11.569,0
-0.059385,5.4286,-0.50357,1.5931,-11.698,0
-1.294,4.7361,-0.76742,7.282,-10.36,0
0.51046,3.5049,-1.0377,-1.8203,-10.159,0
0.89035,3.0175,-1.3569,-7.2818,-10.001,0
-0.43928,3.9666,-1.7379,4.0962,-9.3679,0
-1.0091,5.7107,-2.1498,6.3718,-10.073,0
0.035589,6.0955,-2.5101,-5.4613,-8.8932,0
-0.24933,5.5312,-2.7457,-5.4613,-9.109,0
0.32051,5.5825,-2.9117,6.3718,-7.685,0
-0.059385,5.8646,-3.1138,3.186,-6.7069,0
0.32051,5.5312,-3.3609,-7.2818,-6.5631,0
0.13056,4.9925,-3.6003,-2.0479,-5.5563,0
0.22554,4.4539,-3.8796,7.282,-6.3761,0
-0.24933,4.4796,-4.2297,0.91037,-5.3693,0
0.51046,4.7873,-4.5618,-8.6471,-5.5707,0
0.79538,4.6078,-4.8218,0.2277,-5.1967,0
0.7004,4.9925,-5.1101,6.8269,-4.4056,0
0.79538,6.4033,-5.4022,-2.9581,-4.7508,0
0.79538,7.1214,-5.6288,-7.0542,-3.5426,0
1.6501,6.5571,-5.7497,2.9584,-4.2905,0
1.4602,6.1211,-5.8437,4.7789,-3.7727,0
0.32051,6.9419,-6.0831,-5.4613,-4.0748,0
0.13056,8.1731,-6.4255,-6.144,-4.6501,0
0.60543,8.9425,-6.6224,6.3718,-4.0316,0
0.7004,6.788,-6.419,3.4135,-4.5926,0
0.7004,2.4533,-5.8476,-7.7369,-3.1399,0
0.7004,0.11918,-5.4087,-2.7306,-3.2262,0
0.79538,0.93996,-5.3726,7.7372,-2.4638,0
0.89035,2.9663,-5.4125,0.2277,-2.3632,0
0.89035,3.4792,-5.3417,-7.5093,-3.2549,0
0.035589,3.3766,-5.1911,1.3655,-2.7803,0
0.41548,3.8383,-4.9865,7.282,-3.8303,0
1.4602,4.0948,-4.6531,-3.4133,-3.0248,0
1.4602,3.9922,-4.2194,-7.2818,-3.1399,0
0.13056,3.9922,-3.756,4.5513,-3.2262,0
0.32051,4.1718,-3.2772,6.3718,-2.694,0
2.125,4.9412,-2.6685,-5.4613,-3.37,0
4.2144,4.4026,-1.9515,-5.2337,-2.0611,0
5.5441,3.5562,-1.3312,7.282,-2.2769,0
3.7396,3.6844,-0.89356,3.186,-1.6296,0
0.41548,3.9153,-0.49713,-7.5093,-1.6296,0
-0.15436,3.787,-0.10972,-1.8203,-2.7659,0
-0.24933,3.0175,0.19146,8.1923,-2.8234,0
-0.53425,2.7867,0.38324,0.91037,-4.2186,0
0.89035,2.6841,0.53769,-8.6471,-3.3988,0
2.03,2.915,0.75907,0.91037,-3.1399,0
1.4602,2.6328,1.0499,8.1923,-2.4063,0
-0.24933,2.2481,1.3421,-1.8203,-1.4858,0
-1.0091,2.8637,1.6845,-7.5093,-2.2912,0
-0.62923,3.351,2.014,5.234,-1.9892,0
-1.389,3.351,2.3705,6.3718,-3.8303,0
-1.8639,2.9663,2.8068,-6.144,-4.4056,0
-0.62923,3.1971,3.2882,-5.4613,-5.1104,0
-0.34431,3.9666,3.7747,7.0545,-5.5419,0
-0.53425,4.2231,4.4028,3.186,-4.1467,0
-0.81917,4.0179,5.1673,-7.5093,-3.9022,0
0.13056,3.8896,5.9859,-2.7306,-2.1474,0
-0.7242,3.3253,6.7595,7.5096,-2.4207,0
-1.0091,2.0685,7.3451,0.2277,-3.183,0
-1.0091,1.0169,7.6875,-8.192,-3.9309,0
-1.484,0.86301,7.887,1.3655,-5.5275,0
-2.0538,1.5812,8.0749,7.0545,-4.4775,0
-1.389,2.2224,8.3207,-3.4133,-4.1323,0
-1.389,2.8637,8.5691,-7.2818,-2.1186,0
-0.34431,2.9919,8.8124,5.9167,-0.98235,0
-0.91415,3.0432,8.9977,4.5513,-0.86728,0
-1.7689,4.0692,9.0943,-7.5093,-0.36386,0
-2.0538,4.6078,9.1226,-5.2337,-2.0755,0
-2.1488,3.7614,9.0762,6.8269,-1.9604,0
-1.484,2.4789,8.9282,2.2757,-2.507,0
0.035589,1.1965,8.7326,-7.9645,-1.6152,0
1.4602,0.14483,8.4726,-1.5928,-0.090578,0
1.3652,0.19613,8.1367,7.282,0.13956,0
0.98533,2.0429,7.7711,0.00013542,1.5204,0
0.035589,4.3257,7.3554,-8.192,0.77243,0
-1.1991,6.0442,6.9075,2.5033,1.1895,0
-1.1041,6.0955,6.4454,7.282,0.45599,0
-0.24933,4.6078,6.0271,-3.8684,0.024489,0
-0.15436,3.1458,5.7066,-7.2818,1.0313,0
0.13056,2.7611,5.4132,4.5513,1.1464,0
2.22,2.9919,5.0824,5.4616,2.9443,0
0.60543,3.2227,4.7104,-6.3715,2.9012,0
-0.7242,2.6841,4.3951,-4.5511,3.5053,0
-0.059385,1.6068,4.1763,7.0545,3.4765,0
0.51046,0.24743,3.9678,3.186,3.1888,0
0.89035,-0.34251,3.6602,-8.4196,4.3395,0
1.6501,-0.16296,3.3049,0.00013542,4.095,0
2.125,0.68346,2.9497,7.9647,5.7203,0
0.79538,0.96561,2.5713,-1.5928,5.5909,0
-0.34431,1.0939,2.198,-7.9645,5.4327,0
0.13056,1.3503,1.8376,3.4135,5.5477,0
0.51046,1.5042,1.5313,7.0545,4.8429,0
0.035589,1.5555,1.2816,-4.3235,6.2237,0
-1.1991,1.0682,1.0268,-7.0542,6.1087,0
-1.1041,0.14483,0.7063,4.5513,7.36,0
1.4602,0.17048,0.41799,4.5513,7.4463,0
1.8401,0.14483,0.21978,-6.144,7.3313,0
-0.53425,-0.16296,0.092354,-4.0959,8.0073,0
-1.579,-0.75289,-0.024771,7.0545,7.0867,0
-1.1041,-1.1376,-0.18952,1.5931,7.7196,0
-1.579,-1.8045,-0.37872,-7.9645,6.7991,0
-1.1041,-1.7789,-0.57951,-0.22742,7.1874,0
-0.7242,-1.3428,-0.80346,7.282,7.8059,0
0.32051,-1.3685,-1.0313,-1.3652,7.9785,0
0.035589,-1.6763,-1.1741,-7.9645,9.6758,0
-1.294,-1.7276,-1.2694,3.4135,9.1723,0
-2.1488,-2.3688,-1.3865,6.1442,9.7621,0
-2.0538,-2.8305,-1.4921,-6.144,8.9854,0
-0.62923,-2.6766,-1.5719,-6.5991,8.7121,0
0.51046,-2.3431,-1.6311,6.5994,9.2299,0
0.13056,-2.4201,-1.6813,4.0962,8.8559,0
-1.1991,-3.1639,-1.7495,-7.5093,10.179,0
-1.1041,-3.4461,-1.846,-3.1857,9.3737,0
-0.81917,-3.3691,-1.9026,8.4198,9.6758,0
0.79538,-3.0613,-1.9065,2.5033,9.2443,0
1.9351,-3.8308,-1.9052,-7.7369,8.6833,0
1.4602,-4.9081,-1.8756,1.5931,9.1004,0
0.89035,-4.6772,-1.8975,7.5096,7.7771,0
0.13056,-3.7282,-1.9979,-3.4133,8.1367,0
0.32051,-2.8818,-2.0481,-6.8267,7.3744,0
-0.81917,-2.5227,-2.021,5.4616,7.8059,0
-1.0091,-2.9587,-2.0146,5.4616,8.3812,0
-0.62923,-3.2922,-2.0661,-7.2818,7.9641,0
-0.059385,-3.2922,-2.1034,-5.2337,8.6977,0
1.5552,-2.8048,-2.1292,7.5096,7.1587,0
2.125,-2.4457,-2.1639,2.7309,6.9573,0
1.7451,-2.6766,-2.1729,-7.2818,5.7779,0
-0.53425,-3.2152,-2.1858,-1.1377,5.3607,0
-1.0091,-2.9844,-2.2193,7.5096,5.9936,0
-0.81917,-2.0097,-2.263,-0.22742,5.7347,0
0.13056,-1.4967,-2.2913,-7.7369,7.1011,0
1.4602,-1.9841,-2.2257,3.186,6.3388,0
1.4602,-2.4201,-2.1266,6.8269,6.6552,0
1.1753,-2.4714,-2.0764,-5.4613,6.0655,0
0.79538,-2.9331,-2.0455,-5.9164,5.2888,0
0.79538,-3.4204,-1.9773,5.9167,5.8929,0
0.7004,-3.8052,-1.9142,3.8687,5.2744,0
0.89035,-3.7026,-1.9091,-7.9645,6.7272,0
1.6501,-2.8818,-1.9104,-3.4133,6.8278,0
0.7004,-2.0867,-1.8949,6.8269,7.3744,0
-1.294,-2.0097,-1.8769,0.68281,7.8059,0
-1.1041,-2.5483,-1.8499,-8.6471,7.1155,0
-0.91415,-3.087,-1.8743,0.00013542,7.9066,0
0.13056,-2.9331,-1.9322,7.0545,7.2018,0
0.51046,-3.1126,-1.8975,-2.7306,8.3093,0
0.035589,-3.6256,-1.7237,-7.7369,8.5826,0
0.32051,-3.9334,-1.586,2.7309,8.7408,0
0.7004,-4.1642,-1.5577,5.9167,9.5175,0
-0.059385,-3.8308,-1.5809,-5.9164,8.7265,0
0.035589,-3.2409,-1.6208,-5.4613,9.5032,0
0.7004,-2.7792,-1.604,5.9167,8.7552,0
0.13056,-2.6509,-1.5706,3.6411,9.2299,0
-0.34431,-2.3431,-1.5796,-6.8267,9.5895,0
0.13056,-2.2919,-1.5937,-3.4133,9.2874,0
0.7004,-2.2919,-1.5809,7.7372,10.381,0
0.22554,-2.574,-1.5551,1.8206,9.5895,0
0.13056,-2.7535,-1.5307,-7.5093,10.452,0
1.6501,-2.9074,-1.5023,0.45525,9.8484,0
0.60543,-2.6766,-1.4135,7.282,9.6758,0
0.60543,-2.3175,-1.353,-2.2755,10.208,0
0.13056,-1.8302,-1.3814,-6.3715,9.5175,0
-1.0091,-1.5737,-1.4496,5.4616,10.726,0
-0.34431,-1.5737,-1.4637,5.6891,10.208,0
0.32051,-2.3688,-1.3762,-6.144,11.071,0
0.79538,-2.9331,-1.2823,-4.5511,11.258,0
0.13056,-3.3691,-1.2424,7.5096,11.172,0
0.22554,-3.3435,-1.169,3.186,12.107,0
0.7004,-2.497,-1.1175,-7.2818,11.459,0
0.60543,-1.6763,-1.0338,-0.9101,12.279,0
0.7004,-1.3428,-0.94761,7.7372,11.344,0
0.035589,-0.95809,-0.97336,0.2277,10.913,0
0.98533,-0.18861,-1.1111,-8.4196,10.539,0
1.2702,0.50392,-1.1767,2.5033,9.3162,0
1.2702,-0.034715,-1.1252,6.8269,9.5463,0
0.035589,-0.75289,-1.0274,-4.0959,8.3237,0
0.22554,-1.3941,-0.93603,-6.144,8.6114,0
-0.15436,-2.0097,-0.83821,5.4616,8.0792,0
0.41548,-2.061,-0.74297,4.5513,7.6045,0
0.60543,-1.4967,-0.67861,-7.0542,7.8922,0
2.5999,-0.75289,-0.6001,-5.0062,6.871,0
2.7898,-0.47075,-0.5499,7.282,7.5614,0
0.89035,-0.77854,-0.66832,1.5931,6.7415,0
-0.15436,-1.1889,-0.85623,-9.1023,6.871,0
0.79538,-2.497,-0.93088,-0.45498,6.8422,0
1.2702,-3.8308,-0.8987,8.6474,6.2813,0
0.89035,-3.6256,-0.75584,-0.9101,7.1443,0
0.13056,-2.3688,-0.60911,-7.7369,6.2957,0
-0.62923,-1.4711,-0.50228,2.5033,7.0292,0
0.13056,-0.95809,-0.44694,6.5994,6.5689,0
0.035589,-1.625,-0.371,-4.3235,6.2957,0
-0.43928,-3.2152,-0.27189,-6.144,6.195,0
-1.389,-3.1639,-0.33496,5.4616,4.8717,0
-1.1991,-0.82984,-0.5602,4.5513,5.5333,0
-0.62923,1.0939,-0.73911,-5.9164,4.8429,0
0.79538,1.4273,-0.76485,-4.0959,5.5765,0
1.1753,1.2221,-0.66059,6.8269,5.4183,0
0.7004,0.96561,-0.52159,2.0482,4.8142,0
0.13056,0.37567,-0.3414,-8.4196,5.2313,0
-1.389,0.016583,-0.1715,-0.68254,4.0806,0
-1.1041,-0.3938,-0.069819,7.0545,4.7135,0
-0.62923,-1.9584,-0.00031657,-2.0479,4.1669,0
-1.579,-2.6253,0.055028,-7.5093,4.2964,0
-1.294,-1.8815,0.020277,4.0962,4.6847,0
-0.7242,-0.6503,-0.11744,6.8269,3.9368,0
-0.62923,-0.23991,-0.20368,-5.6889,4.9005,0
-0.62923,0.24743,-0.21397,-5.2337,3.8505,0
-1.389,0.76041,-0.14061,7.282,4.1238,0
-1.294,0.78606,-0.022197,3.6411,3.534,0
0.7004,0.76041,0.084631,-7.5093,2.671,0
0.51046,-0.26556,0.18889,-2.503,3.2032,0
-2.5287,-1.8302,0.33047,7.7372,2.743,0
-3.8583,-2.1123,0.35235,0.00013542,4.397,0
-1.484,-1.1633,0.27641,-8.192,4.5553,0
-0.43928,-0.62465,0.23908,1.3655,5.1594,0
-0.62923,-0.95809,0.24938,7.7372,4.9148,0
-1.579,-1.4711,0.24938,-3.6408,3.6491,0
-2.9086,-1.4454,0.21334,-7.7369,3.721,0
-1.389,-1.0607,0.14899,5.234,2.4841,0
0.41548,-0.5477,0.13998,5.6891,3.6203,0
-0.91415,0.14483,0.14384,-6.3715,3.8217,0
-0.34431,0.96561,0.10909,-4.5511,4.6416,0
0.51046,0.96561,0.039583,6.5994,5.7779,0
0.7004,0.47827,-0.062097,3.186,5.6196,0
0.89035,0.37567,-0.20496,-8.6471,6.4826,0
0.13056,0.91431,-0.32595,-2.7306,5.2169,0
-0.62923,1.3503,-0.3504,8.4198,5.4327,0
-0.81917,1.4529,-0.28348,0.91037,5.2313,0
-0.059385,1.6068,-0.22813,-8.192,5.1018,0
-0.15436,2.5302,-0.23972,1.1379,6.7128,0
-1.294,2.9663,-0.24872,7.9647,6.7415,0
-1.1041,1.6581,-0.11615,-1.5928,8.4388,0
-2.1488,-0.93244,0.094928,-7.5093,8.0936,0
-1.8639,-2.0354,0.2069,3.8687,8.1367,0
0.51046,-1.5224,0.21849,6.5994,8.0792,0
1.1753,-1.4967,0.24423,-5.0062,7.5039,0
-0.43928,-2.2919,0.29571,-6.144,8.6977,0
-0.24933,-2.5227,0.33175,6.3718,8.4388,0
-0.15436,-2.3688,0.36393,3.8687,9.6901,0
-0.43928,-2.2662,0.40512,-7.0542,9.8771,0
0.035589,-2.1893,0.39997,-3.4133,10.208,0
-0.24933,-1.7789,0.31888,7.7372,11.042,0
-1.1991,-1.035,0.2275,1.1379,10.208,0
-1.9589,-0.11166,0.16443,-7.7369,10.611,0
-1.1041,0.40132,0.12324,1.5931,9.4888,0
-1.484,0.19613,0.16186,7.0545,10.265,0
-2.7186,-0.41945,0.25324,-2.503,10.711,0
-1.1041,-0.90679,0.32017,-6.5991,10.812,0
0.89035,-1.035,0.29443,4.5513,11.718,0
1.2702,-1.112,0.16314,5.9167,10.424,0
-0.34431,-0.4964,0.020277,-5.4613,10.697,0
-1.0091,-0.31686,-0.0028907,-4.7786,9.3593,0
0.035589,-0.57335,0.016416,6.8269,9.4888,0
1.4602,-1.0094,0.055028,3.4135,9.834,0
0.60543,-1.5737,0.13998,-7.5093,9.5032,0
-0.24933,-1.7276,0.18374,-2.7306,10.366,0
-0.62923,-1.5737,0.15542,7.5096,9.273,0
-0.62923,-2.061,0.14641,0.45525,9.6758,0
0.22554,-2.1893,0.16186,-7.7369,9.1004,0
0.60543,-2.138,0.16186,1.1379,8.7696,0
-0.059385,-1.9584,0.17087,7.282,9.158,0
-0.53425,-2.0097,0.21334,-2.2755,8.1799,0
-0.62923,-1.7532,0.22621,-7.9645,8.8415,0
0.32051,-2.1123,0.21978,3.4135,7.8347,0
1.4602,-2.497,0.24809,5.4616,7.9497,0
1.3652,-2.2662,0.26868,-5.4613,7.921,0
1.7451,-2.061,0.25453,-6.5991,7.3888,0
2.125,-2.2662,0.20304,5.234,7.734,0
-0.059385,-2.9074,0.158,3.186,6.2957,0
0.035589,-3.2152,0.19661,-7.2818,6.4251,0
0.60543,-2.8305,0.27255,-3.4133,5.519,0
0.22554,-2.138,0.26997,7.5096,5.2888,0
-0.15436,-0.90679,0.21077,1.3655,5.3751,0
0.22554,-0.13731,0.13869,-8.4196,4.2532,0
0.13056,-0.4964,0.10909,0.2277,4.6272,0
-0.62923,-1.4711,0.16958,7.5096,3.2464,0
0.98533,-2.7535,0.26354,-2.2755,3.5197,0
1.3652,-3.0357,0.29829,-7.2818,3.2032,0
-0.43928,-1.3941,0.30215,3.186,2.743,0
-2.7186,-0.3938,0.34334,6.3718,3.1601,0
-3.2885,-0.85549,0.34848,-5.0062,2.0813,0
-2.9086,-1.625,0.27126,-6.144,2.7142,0
-3.0985,-2.138,0.23007,6.5994,1.8656,0
-1.8639,-2.3944,0.23136,3.186,2.0382,0
-0.15436,-1.6763,0.13611,-7.2818,1.9662,0
-1.7689,-1.1633,0.042157,-2.9581,1.0601,0
-1.579,-1.1633,0.11166,6.8269,1.5923,0
0.32051,-1.8302,0.23136,1.3655,0.39846,0
1.9351,-3.0613,0.24294,-8.192,0.93064,0
1.5552,-3.7795,0.16572,0.68281,0.51352,0
0.51046,-3.8565,0.079483,7.282,0.18271,0
0.13056,-3.4204,0.064038,-2.7306,0.42722,0
1.4602,-2.497,0.10136,-7.5093,-0.65153,0
2.125,-1.4454,0.14384,4.0962,0.12517,0
1.6501,-0.57335,0.1773,5.9167,-0.57961,0
1.1753,-0.57335,0.16958,-5.6889,-0.061812,0
0.98533,-0.67595,0.19661,-5.4613,-0.10496,0
0.7004,0.042233,0.21205,6.3718,-0.65153,0
0.79538,0.93996,0.15285,3.186,-0.13373,0
0.98533,0.86301,0.070473,-7.7369,-1.155,0
1.0803,0.016583,0.10136,-1.8203,-0.66591,0
1.0803,-0.72725,0.17473,7.0545,-1.2988,0
0.13056,-0.95809,0.18631,-0.22742,-1.1693,0
-0.62923,-0.75289,0.16443,-8.6471,-0.70906,0
0.89035,-0.95809,0.20047,1.5931,-1.3132,0
1.3652,-1.548,0.20562,6.5994,-0.52208,0
0.89035,-2.6509,0.19017,-5.0062,-1.7591,0
-0.53425,-3.1383,0.19532,-7.5093,-1.7015,0
0.60543,-2.3431,0.1876,5.6891,-2.2769,0
1.8401,-1.3428,0.088493,4.5513,-2.7084,0
1.4602,-0.82984,-0.024771,-6.5991,-2.0755,0
1.1753,-0.90679,-0.06081,-4.0959,-2.8953,0
0.79538,-0.90679,-0.028633,7.5096,-2.0467,0
-0.62923,-0.98374,0.024138,2.7309,-2.7515,0
-0.34431,-1.8045,0.12453,-7.9645,-2.7371,0
0.51046,-2.1123,0.1876,-0.45498,-2.7803,0
0.7004,-1.7532,0.14384,7.282,-3.6145,0
1.4602,-0.72725,0.078196,0.00013542,-2.7659,0
2.22,0.042233,0.048593,-7.0542,-3.7008,0
0.79538,0.24743,0.05889,1.5931,-3.0248,0
-0.059385,-0.29121,0.056315,7.5096,-3.4851,0
-1.579,-0.41945,0.061464,-2.9581,-3.9166,0
-1.1991,-0.034715,0.10008,-5.9164,-3.4994,0
-0.81917,0.093531,0.16186,5.4616,-4.4919,0
0.22554,-0.26556,0.16572,5.0064,-3.5282,0
0.035589,0.17048,0.13483,-6.5991,-4.0748,0
0.035589,0.65782,0.12711,-3.8684,-3.5426,0
0.60543,0.17048,0.16958,7.7372,-3.3412,0
0.79538,-0.5477,0.20948,1.3655,-3.7583,0
1.5552,-0.36816,0.18631,-8.4196,-2.9816,0
2.03,-0.11166,0.10909,-0.9101,-4.046,0
1.4602,0.27308,0.061464,7.7372,-3.3844,0
0.32051,0.35002,0.029286,0.00013542,-4.0604,0
0.32051,0.63217,-0.032494,-7.7369,-4.0316,0
1.6501,1.3247,-0.068532,1.5931,-3.7296,0
1.8401,1.9403,-0.12516,7.5096,-4.5782,0
0.79538,1.7864,-0.15091,-3.6408,-3.9022,0
-0.34431,1.1195,-0.073681,-6.8267,-4.9809,0
-0.62923,0.42697,0.01899,4.7789,-4.3912,0
0.13056,0.14483,0.083344,4.5513,-4.5638,0
-0.059385,-0.086014,0.14641,-6.8267,-4.7364,0
0.51046,-0.21426,0.19918,-5.0062,-3.8878,0
-0.15436,-0.52205,0.17473,5.9167,-4.3481,0
0.32051,-0.599,0.098789,2.2757,-3.1974,0
1.4602,-0.57335,0.04087,-7.0542,-3.5426,0
3.0747,-0.21426,-0.035068,-2.0479,-3.0104,0
2.6949,-0.0090658,-0.15477,7.7372,-2.6221,0
1.6501,-0.18861,-0.22942,0.2277,-3.0536,0
1.0803,-0.4451,-0.20882,-7.7369,-2.0899,0
0.13056,-0.29121,-0.19338,2.5033,-2.8378,0
-0.34431,-0.13731,-0.20368,7.282,-1.9892,0
0.13056,0.37567,-0.19081,-4.5511,-2.133,0
1.3652,0.47827,-0.16249,-7.0542,-2.1474,0
0.60543,0.22178,-0.1419,5.6891,-1.3419,0
-1.1041,-0.060364,-0.10328,5.0064,-2.0755,0
-1.294,-0.21426,0.015128,-6.5991,-1.1693,0
-0.15436,-0.5477,0.12711,-3.8684,-1.9892,0
-0.24933,-0.90679,0.16443,7.5096,-1.5433,0
0.32051,-1.0607,0.16057,2.0482,-1.5289,0
2.125,-0.98374,0.13225,-8.192,-1.8454,0
2.6949,-0.6503,0.082057,-0.22742,-0.99673,0
1.5552,-0.36816,0.04087,8.1923,-1.8166,0
0.98533,-0.3938,0.05889,-1.3652,-0.78098,0
0.79538,0.29873,0.097502,-6.3715,-1.1837,0
-0.7242,0.45262,0.158,4.3238,-1.0399,0
-2.5287,-0.060364,0.20433,7.5096,-0.52208,0
-1.1991,-0.3938,0.22106,-3.4133,-1.155,0
0.13056,-0.23991,0.21077,-5.9164,-0.29195,0
-0.7242,0.042233,0.24166,5.6891,-1.3563,0
-1.1041,0.29873,0.27383,5.234,-0.80975,0
-1.484,0.70911,0.2674,-6.144,-1.0399,0
-1.8639,0.60652,0.22106,-3.8684,-1.1118,0
-1.1991,0.32437,0.23393,6.5994,-0.46455,0
-0.24933,0.35002,0.26611,1.8206,-1.3419,0
0.60543,0.86301,0.26225,-7.9645,-0.55085,0
0.98533,1.3247,0.20047,-0.9101,-1.5865,0
0.79538,1.5042,0.15542,8.1923,-1.3563,0
2.4099,1.6325,0.15413,-1.1377,-1.083,0
2.6949,1.5555,0.15928,-8.6471,-1.083,0
1.7451,1.6325,0.12582,2.5033,0.11079,0
0.035589,2.402,0.088493,6.5994,-0.65153,0
0.22554,2.9919,0.097502,-4.5511,-0.018661,0
0.79538,3.3253,0.14512,-7.0542,-0.39263,0
0.13056,3.0175,0.11037,5.4616,-0.26318,0
-0.7242,2.5302,0.033148,4.0962,0.61421,0
-1.484,2.5046,0.0061189,-6.8267,0.35531,0
-1.1991,2.9919,-0.017049,-3.8684,1.7936,0
-1.579,3.6844,-0.080116,7.5096,1.1895,0
-1.0091,3.787,-0.12645,1.8206,1.4772,0
0.89035,3.1971,-0.074968,-8.4196,1.1032,0
1.3652,2.325,0.017703,-0.22742,0.32654,0
-0.53425,1.7607,0.069186,7.282,1.0026,0
-1.0091,2.1198,0.038296,-1.8203,0.31216,0
-0.7242,3.3766,0.04087,-7.2818,1.506,0
-0.059385,3.9409,0.070473,3.8687,1.2902,0
0.035589,4.2744,0.065325,6.5994,1.4484,0
-1.1991,4.4539,0.026712,-5.2337,1.6067,0
-1.1991,4.9669,-0.0028907,-5.4613,0.54229,0
-1.389,5.3003,-0.033781,6.8269,1.0601,0
-2.2438,6.1724,-0.08269,4.3238,-0.033045,0
-1.1991,6.8136,-0.1213,-6.8267,0.90188,0
-1.579,7.4549,-0.16378,-1.3652,1.319,0
-2.0538,8.1474,-0.23843,8.6474,1.5779,0
-1.294,8.1474,-0.29763,0.91037,2.3834,0
-0.15436,8.4295,-0.34912,-7.2818,1.2183,0
-1.1041,8.7886,-0.44436,1.1379,1.5204,0
-1.9589,9.0451,-0.54089,7.7372,0.34092,0
-1.1991,8.8656,-0.59753,-2.503,0.58544,0
0.035589,7.9422,-0.5602,-7.2818,0.94503,0
0.60543,6.5315,-0.46882,5.0064,0.61421,0
0.035589,5.9672,-0.41862,6.8269,1.7936,0
-0.53425,5.3773,-0.39545,-5.2337,0.94503,0
0.22554,4.0692,-0.36585,-5.4613,1.6786,0
1.5552,2.838,-0.38129,6.8269,1.2758,0
1.8401,2.8637,-0.39417,3.186,0.82996,0
1.5552,2.6841,-0.33496,-7.7369,1.1608,0
1.9351,2.2994,-0.26803,-3.1857,0.096406,0
0.7004,1.6581,-0.25001,7.7372,1.0457,0
0.32051,1.4529,-0.26803,1.5931,0.35531,0
1.6501,1.1708,-0.27189,-8.192,0.77243,0
1.4602,0.32437,-0.23585,-0.22742,0.91626,0
0.89035,-1.0607,-0.14704,6.3718,-0.004278,0
0.32051,-2.061,0.0099801,-2.9581,0.32654,0
-0.62923,-2.5227,0.15156,-8.192,-1.0111,0
-0.62923,-2.5483,0.25968,3.8687,-0.36386,0
0.035589,-2.061,0.33561,5.0064,-0.60838,0
0.7004,-1.7789,0.36393,-6.3715,-0.43578,0
0.89035,-1.4454,0.32918,-4.7786,-0.033045,0
0.13056,-1.1376,0.2867,7.282,-0.83852,0
0.32051,-0.93244,0.23908,2.9584,-0.061812,0
1.3652,-0.62465,0.20047,-7.7369,-0.88167,0
1.4602,-0.36816,0.16314,-1.8203,-0.22003,0
1.0803,-0.4451,0.11552,7.0545,-0.30633,0
0.13056,-0.13731,0.04087,0.2277,-0.22003,0
0.32051,0.50392,-0.047939,-8.192,0.36969,0
0.7004,1.2221,-0.10586,2.0482,-0.78098,0
0.89035,1.2734,-0.11487,6.5994,-0.23441,0
0.13056,0.73476,-0.10843,-5.2337,-1.0687,0
1.7451,0.19613,-0.073681,-6.144,-0.53646,0
1.8401,-0.4964,-0.0028907,5.9167,-0.14811,0
0.51046,-1.2146,0.070473,4.3238,-0.36386,0
0.22554,-1.3172,0.098789,-7.5093,0.26901,0
0.035589,-1.0607,0.04087,-3.1857,-1.0974,0
0.22554,-0.72725,-0.022197,8.1923,-0.86728,0
2.22,-1.0094,0.015128,1.8206,-2.0323,0
1.8401,-1.7019,0.087205,-8.192,-2.0755,0
0.7004,-2.2406,0.11037,0.45525,-1.5002,0
0.89035,-2.0097,0.14641,8.1923,-1.7159,0
0.7004,-1.9328,0.18889,-1.1377,-0.36386,0
0.13056,-2.1123,0.22235,-7.2818,-0.99673,0
0.32051,-1.9071,0.22492,3.6411,-0.52208,0
-0.059385,-1.8045,0.18245,6.8269,-0.99673,0
0.22554,-1.4454,0.13225,-5.6889,-1.3276,0
2.315,-1.1889,0.13998,-6.3715,-0.8529,0
1.9351,-1.2402,0.12324,6.3718,-1.644,0
0.89035,-0.6503,0.043444,3.6411,-0.89605,0
0.13056,0.093531,-0.089126,-7.5093,-1.7591,0
0.98533,0.88866,-0.25902,-3.1857,-1.6296,0
1.2702,1.1965,-0.27704,6.5994,-1.8166,0
-0.62923,0.52957,-0.12903,0.45525,-2.4207,0
-1.8639,-0.5477,0.094928,-8.192,-1.5002,0
-1.1991,-0.82984,0.25581,0.45525,-2.018,0
1.4602,-0.34251,0.24938,6.8269,-1.0111,0
1.7451,0.11918,0.14126,-2.9581,-1.644,0
0.32051,1.0426,0.01899,-6.8267,-2.1474,0
0.41548,1.7607,-0.087839,4.0962,-2.4638,0
1.8401,1.4786,-0.16506,5.4616,-3.6289,0
0.51046,0.86301,-0.12903,-5.9164,-2.7515,0
-1.389,0.78606,-0.036355,-5.2337,-3.183,0
-0.43928,1.1708,0.017703,6.5994,-1.9748,0
1.7451,1.3503,0.075622,2.7309,-1.9604,0
2.03,1.1195,0.061464,-7.7369,-2.4207,0
0.22554,1.1965,-0.017049,-1.8203,-1.946,0
-1.1041,1.6068,-0.092987,7.5096,-2.8378,0
-1.1991,1.7864,-0.10457,0.45525,-1.7015,0
-0.15436,1.4273,-0.074968,-7.7369,-1.9029,0
1.4602,0.86301,-0.032494,2.2757,-1.2988,0
1.4602,0.55522,-0.0080391,7.9647,-0.92482,0
0.32051,0.17048,0.030574,-2.9581,-1.6152,0
-0.24933,0.19613,0.14641,-7.5093,-1.1262,0
0.22554,-0.41945,0.25968,4.0962,-2.3488,0
0.7004,-0.82984,0.30472,6.5994,-1.7591,0
0.22554,-0.57335,0.24938,-5.2337,-1.9604,0
0.41548,-0.41945,0.12196,-5.0062,-1.6584,0
0.035589,-0.6503,0.067899,6.8269,-0.80975,0
0.32051,-1.0863,0.16057,4.0962,-1.2844,0
0.60543,-1.0094,0.28413,-7.0542,-0.27756,0
0.035589,-0.6503,0.32274,-2.503,-0.9392,0
-0.53425,-0.23991,0.29314,7.7372,-0.6803,0
-0.7242,0.27308,0.17215,1.1379,-0.6803,0
0.13056,1.0939,0.075622,-7.7369,-1.1693,0
0.79538,1.4786,0.057602,0.91037,-0.29195,0
0.60543,2.0429,0.052454,7.5096,-0.80975,0
0.79538,2.1198,0.007406,-1.8203,0.65736,0
0.035589,1.6838,-0.014475,-7.9645,0.71489,0
-0.34431,1.4786,0.05889,2.9584,1.0169,0
0.13056,1.376,0.14126,6.5994,1.2615,0
-0.91415,1.1195,0.15542,-4.3235,0.44161,0
-1.0091,0.93996,0.12582,-6.3715,1.2471,0
-0.53425,0.45262,0.14384,5.234,0.42722,0
-0.62923,0.50392,0.13998,3.8687,1.2039,0
-0.059385,1.299,0.091067,-6.8267,1.2902,0
0.32051,1.3247,0.037009,-3.4133,1.2902,0
0.13056,0.93996,-0.045365,7.282,1.9806,0
-1.294,0.99126,-0.20368,0.91037,0.88749,0
-1.1041,1.3503,-0.27318,-7.9645,1.5491,0
0.7004,1.5555,-0.19338,-0.22742,0.77243,0
1.1753,1.299,-0.095561,7.282,1.6067,0
0.89035,1.5299,-0.099422,-1.8203,2.1101,0
-0.7242,2.0429,-0.17793,-7.5093,1.995,0
-1.0091,2.5559,-0.24486,2.9584,2.6998,0
-0.059385,2.5046,-0.24872,5.9167,1.506,0
0.7004,1.5299,-0.19209,-4.0959,1.9087,0
0.7004,0.14483,-0.080116,-6.144,1.2039,0
0.035589,-0.57335,0.025425,6.1442,1.5491,0
0.22554,-0.29121,0.10136,4.5513,2.2395,0
-0.24933,0.42697,0.12196,-6.5991,1.7649,0
-0.62923,0.81171,0.17215,-4.7786,2.5272,0
-1.389,0.52957,0.19918,7.0545,1.2758,0
-0.53425,0.81171,0.12453,2.7309,1.5923,0
0.41548,1.7607,-0.044078,-7.7369,1.2183,0
0.89035,2.1455,-0.18566,0.2277,1.2471,0
-1.389,1.8377,-0.19338,8.1923,2.182,0
-1.0091,1.0939,-0.087839,-0.68254,1.9231,0
0.32051,0.40132,0.037009,-6.8267,3.0882,0
-0.059385,0.19613,0.079483,3.6411,2.2395,0
-0.43928,-0.16296,0.078196,7.0545,2.4121,0
0.7004,-0.36816,0.069186,-5.4613,2.0669,0
1.7451,-0.16296,0.04988,-5.9164,1.3334,0
2.22,0.27308,0.012554,7.0545,2.1101,0
2.315,0.14483,0.012554,4.5513,1.4772,0
0.89035,-0.29121,0.024138,-7.2818,2.4841,0
-0.91415,-0.31686,0.0061189,-2.503,2.0669,0
-0.34431,-0.6503,-0.062097,7.282,1.9519,0
0.51046,-1.1889,-0.099422,-0.45498,2.0382,0
0.035589,-1.3941,-0.06081,-8.8747,1.0313,0
0.32051,-1.4198,-0.0054649,1.1379,1.7217,0
1.3652,-1.3685,0.048593,6.5994,0.80119,0
1.9351,-0.93244,0.11423,-2.7306,1.4484,0
1.4602,-0.086014,0.13998,-7.2818,1.5779,0
1.0803,0.29873,0.084631,3.8687,1.3909,0
0.89035,0.067882,0.0035447,5.9167,2.182,0
0.13056,0.24743,-0.050513,-6.8267,1.2039,0
0.035589,0.76041,-0.099422,-5.6889,1.9231,0
-0.059385,0.58087,-0.069819,5.9167,1.1176,0
0.22554,0.24743,0.044732,3.4135,1.3765,0
1.4602,-0.034715,0.11681,-7.7369,1.5923,0
1.2702,0.067882,0.1477,-2.9581,1.2758,0
-0.53425,-0.16296,0.15156,7.0545,2.2971,0
-1.6739,-0.75289,0.13611,0.91037,1.5347,0
-1.389,-0.98374,0.10394,-7.9645,2.2971,0
0.035589,-0.93244,0.074335,0.00013542,1.621,0
0.60543,-0.72725,0.043444,7.9647,1.4053,0
1.4602,-0.5477,0.022851,-2.503,1.5779,0
3.6446,-0.26556,-0.022197,-7.2818,0.70051,0
4.3094,0.11918,-0.081403,4.7789,1.4484,0
2.5999,0.63217,-0.13932,5.9167,0.59983,0
1.2702,1.1708,-0.18694,-5.0062,1.2327,0
0.22554,1.4529,-0.22942,-5.6889,1.1464,0
-0.34431,1.7864,-0.27961,6.5994,0.95941,0
-0.53425,2.0942,-0.32466,3.6411,1.6067,0
0.79538,1.8633,-0.30278,-6.8267,0.80119,0
1.0803,1.4786,-0.23843,-2.0479,1.7217,0
-0.53425,0.93996,-0.13932,8.4198,1.132,0
-0.81917,0.29873,-0.054374,1.3655,1.4772,0
-1.484,0.78606,-0.006752,-7.5093,1.6786,0
-1.8639,0.86301,0.0048318,0.91037,1.1895,0
-2.1488,1.1965,-0.00031657,7.7372,1.9662,0
-2.1488,1.3503,0.0035447,-2.503,0.90188,0
-1.579,0.47827,0.0086931,-6.8267,1.5204,0
-0.81917,-0.4451,0.013841,5.0064,0.82996,0
-0.43928,-0.75289,0.030574,6.3718,0.54229,0
-1.389,-0.26556,-0.013187,-6.3715,0.87311,0
-1.1991,0.24743,-0.10071,-5.9164,0.024489,0
0.7004,0.016583,-0.22041,6.3718,0.94503,0
1.9351,-0.21426,-0.3414,3.4135,0.15394,0
0.89035,-0.5477,-0.3414,-7.9645,0.65736,0
-0.24933,-0.98374,-0.26288,-3.6408,0.80119,0
-1.0091,-1.3685,-0.16506,6.8269,0.39846,0
-2.1488,-1.6763,-0.040216,0.91037,1.2615,0
-3.1935,-1.4711,0.11938,-8.6471,0.41284,0
-3.6684,-1.548,0.23908,0.00013542,1.2471,0
-1.484,-2.2149,0.34462,7.5096,0.65736,0
-0.62923,-3.0613,0.44759,-2.503,0.80119,0
-2.1488,-3.3948,0.50937,-8.192,1.1608,0
-1.7689,-3.5743,0.59046,3.4135,0.42722,0
-1.0091,-3.9847,0.64838,5.6891,1.2902,0
-1.6739,-3.8308,0.61362,-5.6889,0.32654,0
-0.15436,-3.2152,0.49907,-5.4613,1.0026,0
0.41548,-2.4201,0.38452,5.9167,0.88749,0
-0.059385,-2.0097,0.31631,3.6411,0.55667,0
-0.43928,-1.625,0.23136,-7.5093,1.319,0
-1.389,-1.0094,0.10522,-3.6408,0.38407,0
-0.53425,-1.0607,-0.062097,7.0545,1.2902,0
-0.81917,-1.3685,-0.24358,1.3655,0.72928,0
-1.1041,-0.80419,-0.3607,-8.4196,1.0889,0
-0.53425,-0.5477,-0.32724,-0.22742,1.4053,0
-0.53425,-1.1633,-0.19982,7.7372,0.94503,0
0.13056,-1.625,-0.089126,-2.503,1.9231,0
0.60543,-1.5224,-0.045365,-7.7369,1.1895,0
0.22554,-1.4711,-0.050513,3.8687,2.0238,0
0.32051,-1.2915,-0.047939,6.8269,1.808,0
-0.059385,-0.72725,0.022851,-5.2337,1.7649,0
-1.1991,-0.3938,0.1181,-5.6889,2.3115,0
-1.1041,-0.34251,0.16572,6.5994,1.4053,0
-1.484,0.067882,0.19275,4.3238,2.2827,0
-1.0091,0.40132,0.19918,-7.2818,1.3909,0
-1.6739,0.17048,0.18374,-3.1857,1.8368,0
-0.91415,-0.62465,0.22235,7.5096,1.8943,0
-0.81917,-1.9841,0.29571,0.2277,1.3621,0
-1.389,-3.087,0.34977,-7.7369,2.2395,0
-1.1041,-3.0357,0.3369,1.5931,1.2183,0
-0.15436,-2.4714,0.23651,5.9167,2.0382,0
0.7004,-2.1893,0.17087,-4.3235,1.6067,0
0.41548,-2.7022,0.17988,-7.2818,1.5491,0
-2.0538,-2.6766,0.22879,5.0064,2.0382,0
-2.4337,-2.8561,0.28928,5.4616,1.2615,0
-1.389,-3.6,0.34334,-7.2818,2.3258,0
-0.7242,-3.7795,0.37809,-4.3235,1.5491,0
-0.53425,-3.7282,0.43472,7.0545,2.1964,0
-0.7242,-4.1899,0.47977,2.7309,2.1532,0
0.035589,-4.5233,0.46818,-8.4196,1.7217,0
-0.059385,-3.8308,0.39739,-1.1377,2.3978,0
-0.43928,-2.3944,0.297,7.282,1.4341,0
0.89035,-0.90679,0.18889,-2.2755,2.5416,0
1.4602,-0.11166,0.11037,-7.5093,2.0669,0
1.1753,0.22178,0.042157,3.4135,2.4697,0
1.4602,0.40132,-0.018336,6.1442,2.7142,0
1.4602,1.1195,-0.067245,-4.7786,2.1388,0
0.89035,1.2477,-0.065958,-7.0542,2.8293,0
0.79538,0.70911,-0.049226,5.6891,1.8224,0
0.98533,0.88866,-0.073681,5.234,2.4841,0
0.79538,1.1965,-0.12002,-7.2818,1.9806,0
0.7004,1.2221,-0.13804,-3.8684,2.1532,0
0.98533,1.7094,-0.12774,7.282,2.6135,0
0.98533,1.9403,-0.12774,2.5033,2.1101,0
1.6501,1.5812,-0.092987,-7.2818,3.1601,0
1.3652,0.91431,-0.0119,-0.68254,2.369,0
0.32051,0.60652,0.042157,7.5096,2.9587,0
-0.34431,0.11918,0.096215,-2.0479,2.8149,0
-0.53425,-0.90679,0.22879,-7.5093,2.4697,0
-0.53425,-2.1636,0.35621,3.4135,3.2032,0
0.7004,-3.4461,0.43472,6.3718,2.4121,0
0.41548,-4.1129,0.45403,-4.5511,3.3471,0
-1.1991,-4.0104,0.48363,-5.6889,2.671,0
-0.15436,-4.0104,0.52996,6.5994,3.0162,0
0.51046,-4.3694,0.54927,4.7789,3.2032,0
0.035589,-3.9078,0.56343,-6.8267,2.671,0
0.22554,-3.2409,0.56085,-3.6408,3.6347,0
0.7004,-2.7022,0.55442,7.7372,2.9587,0
0.89035,-2.5483,0.59174,2.0482,4.0375,0
0.13056,-2.9331,0.61234,-7.2818,3.9655,0
-1.9589,-3.2152,0.57887,0.2277,4.1381,0
-1.6739,-2.4201,0.4862,8.4198,4.7135,0
-0.059385,-0.95809,0.39225,-1.3652,4.0087,0
0.51046,-0.599,0.32789,-7.9645,5.0299,0
-0.059385,-0.88114,0.25067,2.7309,4.3395,0
-0.34431,-0.82984,0.15413,6.1442,5.0587,0
-0.53425,-0.3938,0.093641,-4.5511,5.1594,0
-0.62923,-0.13731,0.10909,-6.5991,4.8285,0
-0.7242,0.24743,0.13097,5.6891,5.447,0
0.22554,1.0939,0.12196,4.7789,4.4402,0
1.4602,2.1968,0.13097,-6.8267,5.2025,0
0.79538,2.4533,0.1876,-3.8684,4.4546,0
0.13056,1.9916,0.25067,6.8269,4.7422,0
0.89035,1.6838,0.26354,1.8206,5.0874,0
1.8401,1.812,0.20948,-8.6471,4.5409,0
2.315,2.2224,0.13483,-1.3652,5.3607,0
1.5552,2.4533,0.083344,7.5096,4.3827,0
-0.53425,2.6841,0.026712,-1.1377,4.9868,0
-1.0091,2.5559,-0.033781,-8.8747,4.469,0
-0.91415,2.0172,-0.015762,2.2757,4.2532,0
0.13056,1.7351,0.05889,5.9167,4.6703,0
0.60543,1.9916,0.083344,-4.7786,3.9368,0
1.0803,1.889,0.026712,-5.4613,4.9724,0
0.79538,1.9403,-0.059523,5.9167,4.3827,0
0.79538,1.9403,-0.18694,4.5513,5.1594,0
1.6501,2.7098,-0.3311,-7.2818,5.26,0
2.125,4.0948,-0.40961,-2.7306,5.0155,0
0.60543,5.2234,-0.39674,7.7372,5.9792,0
-1.1041,5.7107,-0.35169,0.91037,4.8285,0
-0.43928,4.9925,-0.33753,-7.9645,4.8285,0
0.51046,3.351,-0.32466,1.1379,3.1745,0
-0.7242,2.4276,-0.32209,8.1923,2.5991,0
-0.91415,2.2224,-0.34011,-1.5928,2.6567,0
-1.389,2.4276,-0.41862,-7.0542,2.2827,0
-1.1991,3.351,-0.49327,4.0962,3.3902,0
-0.059385,4.1205,-0.56406,5.9167,2.1388,0
1.4602,4.6078,-0.59881,-5.2337,1.9519,0
-0.059385,4.6848,-0.61941,-5.2337,0.35531,0
-0.7242,4.5052,-0.64386,6.5994,-1.2125,0
-1.484,3.4279,-0.58079,3.6411,-1.831,0
-1.294,2.6328,-0.46496,-7.2818,-3.37,0
-0.059385,2.2994,-0.43278,-2.0479,-2.5645,0
0.60543,1.299,-0.40961,8.4198,-3.0536,0
0.89035,0.60652,-0.34268,0.45525,-2.133,0
0.7004,0.91431,-0.24615,-6.8267,-1.6152,0
-0.059385,0.93996,-0.17793,1.8206,-1.7447,0
-1.1041,0.50392,-0.12002,7.282,-0.73783,0
-0.34431,-0.52205,-0.058236,-3.8684,-1.4858,0
-0.24933,-1.9071,0.011267,-8.192,-0.32071,0
-1.1991,-2.497,0.047306,3.8687,-0.10496,0
-1.9589,-2.7535,0.038296,4.7789,0.68613,0
0.22554,-2.9587,0.030574,-6.5991,1.8799,0
1.5552,-2.3944,0.088493,-4.7786,1.4916,0
1.3652,-0.90679,0.17859,6.8269,2.4553,0
-0.53425,0.58087,0.28284,1.5931,1.2758,0
-1.294,0.81171,0.34977,-8.192,1.2615,0
0.7004,0.37567,0.28799,-1.8203,0.36969,0
2.22,0.042233,0.16057,7.9647,-0.6803,0
1.5552,0.067882,0.14384,-2.2755,-0.4214,0
0.13056,-0.18861,0.24294,-7.9645,-1.1837,0
0.7004,-0.52205,0.27512,3.186,0.21147,0
1.9351,-0.52205,0.17601,7.0545,0.21147,0
1.3652,-0.34251,0.022851,-3.8684,1.0026,0
-1.484,-0.6503,-0.11744,-7.0542,1.1176,0
-0.91415,-0.36816,-0.21526,5.6891,0.16832,0
0.32051,-0.21426,-0.24358,5.0064,1.0313,0
-0.81917,-0.034715,-0.26932,-7.0542,0.64298,0
-1.1041,0.91431,-0.26031,-3.8684,2.4121,0
0.79538,1.7864,-0.21269,7.5096,2.9587,0
0.60543,1.7351,-0.21269,2.2757,3.4046,0
-1.1041,0.86301,-0.21655,-6.8267,3.908,0
-0.15436,0.11918,-0.19853,-0.22742,3.1745,0
0.41548,0.11918,-0.13031,8.1923,4.1094,0
-0.7242,0.37567,-0.049226,-1.3652,3.4621,0
-0.15436,1.1195,0.020277,-7.0542,4.4114,0
1.1753,1.5812,0.021564,4.3238,4.6128,0
1.3652,2.1198,-0.078829,6.1442,4.397,0
1.0803,2.5302,-0.22298,-5.4613,4.6847,0
1.5552,2.4533,-0.27961,-5.4613,3.1601,0
1.9351,1.5042,-0.20625,5.9167,3.534,0
1.6501,0.14483,-0.027345,4.0962,2.5847,0
0.89035,-1.0863,0.15027,-7.0542,2.8868,0
0.035589,-1.2915,0.18116,-3.6408,3.5772,0
-0.62923,-0.98374,0.098789,7.0545,3.4909,0
0.32051,-0.52205,0.0048318,1.8206,4.6703,0
0.79538,-0.4451,-0.046652,-7.9645,3.5053,0
0.89035,-0.13731,-0.10843,-0.22742,3.6779,0
0.22554,0.22178,-0.17279,7.7372,2.8868,0
0.22554,-0.086014,-0.20368,-3.1857,2.369,0
0.60543,-0.599,-0.13804,-7.9645,2.9587,0
0.79538,-1.5993,-0.024771,3.8687,2.3546,0
0.13056,-2.3688,0.046019,5.4616,3.4765,0
-0.53425,-2.6766,0.078196,-7.2818,3.1601,0
0.32051,-2.8305,0.14384,-5.4613,3.4765,0
0.51046,-2.2919,0.25067,6.5994,3.1888,0
1.3652,-1.6763,0.29314,2.9584,2.2108,0
2.7898,-1.2915,0.25453,-7.7369,2.7142,0
1.9351,-0.7016,0.16314,-2.0479,1.7649,0
1.1753,-0.34251,0.096215,7.5096,2.5128,0
1.6501,-0.086014,0.067899,0.00013542,2.2395,0
1.4602,0.19613,0.044732,-8.4196,2.3258,0
0.32051,0.52957,-0.04279,1.1379,2.9875,0
-1.294,0.29873,-0.10457,6.5994,2.4121,0
-0.43928,-1.035,-0.063384,-3.4133,3.3902,0
-0.059385,-1.9328,0.013841,-7.2818,2.5991,0
1.0803,-2.3175,0.08978,4.7789,2.9587,0
2.6949,-2.4457,0.12711,4.0962,3.0738,0
-0.059385,-1.8815,0.15542,-6.3715,2.5128,0
-2.0538,-1.0863,0.15928,-4.0959,3.4765,0
-0.81917,-0.060364,0.10008,7.5096,2.8436,0
-0.15436,0.91431,-0.031207,2.2757,3.6491,0
-0.53425,1.6325,-0.16249,-8.192,3.232,0
-0.059385,2.1198,-0.24872,0.00013542,2.9587,0
-0.34431,1.9916,-0.27704,8.4198,3.3327,0
-0.7242,2.0685,-0.24358,-1.8203,2.5991,0
-0.059385,1.812,-0.18952,-7.2818,3.6923,0
-0.15436,1.3503,-0.15734,3.8687,3.1745,0
-1.1041,1.6325,-0.17279,7.5096,4.0662,0
0.32051,1.5299,-0.19338,-4.5511,4.2676,0
1.7451,1.4016,-0.18437,-6.3715,4.0231,0
0.60543,1.0939,-0.21269,5.4616,4.7566,0
-1.9589,1.0426,-0.27833,4.0962,3.6779,0
-1.579,0.96561,-0.3414,-7.0542,4.4833,0
1.4602,0.76041,-0.37357,-3.4133,4.1525,0
2.5999,0.60652,-0.36971,7.5096,4.6991,0
0.89035,0.55522,-0.30664,2.0482,5.4039,0
-0.24933,0.37567,-0.16506,-8.6471,4.9148,0
-0.53425,0.58087,-0.078829,0.00013542,5.7922,0
-0.53425,0.96561,-0.095561,7.0545,4.4833,0
0.22554,1.3503,-0.17793,-2.503,4.6991,0
0.51046,1.6068,-0.25387,-6.8267,3.9224,0
0.13056,2.3763,-0.33239,3.8687,3.3614,0
-1.389,2.6841,-0.48426,5.6891,3.8649,0
-1.8639,2.915,-0.64257,-7.0542,3.3327,0
-1.484,2.6328,-0.65673,-6.3715,4.7422,0
-0.059385,2.1711,-0.53703,6.3718,4.282,0
-0.62923,2.1455,-0.42377,2.5033,4.8573,0
-1.0091,2.5302,-0.40189,-7.7369,4.8142,0
0.51046,3.1201,-0.40961,-1.8203,4.3107,0
-0.34431,3.1971,-0.39803,7.0545,4.9005,0
-1.484,2.9919,-0.40961,-0.68254,3.8361,0
-1.484,2.7611,-0.45466,-7.9645,4.584,0
-0.24933,2.325,-0.48684,2.0482,3.8936,0
0.51046,2.0172,-0.47397,7.282,3.8505,0
1.0803,2.0429,-0.41733,-3.6408,4.1525,0
0.035589,1.889,-0.37743,-7.2818,3.1745,0
0.13056,1.5812,-0.42248,5.4616,3.908,0
0.51046,1.4529,-0.49971,5.4616,2.858,0
-0.62923,1.3503,-0.53703,-6.3715,3.2032,0
-0.34431,1.1195,-0.48555,-4.0959,2.9875,0
2.125,0.99126,-0.35941,7.9647,2.369,0
3.5496,0.60652,-0.20754,2.7309,2.8149,0
2.125,0.042233,-0.11744,-7.9645,1.4628,0
1.1753,0.093531,-0.076255,-0.45498,1.8656,0
0.13056,-0.18861,-0.087839,8.4198,1.2758,0
-0.43928,-0.5477,-0.036355,-0.22742,1.9519,0
0.13056,-0.599,0.087205,-7.7369,2.7142,0
0.89035,-0.5477,0.14126,2.9584,2.2683,0
0.60543,-0.57335,0.04988,7.282,2.7861,0
0.22554,-0.62465,-0.056948,-4.0959,1.1032,0
-0.62923,-0.80419,-0.071106,-5.6889,0.81558,0
-0.53425,-0.7016,-0.010613,6.3718,-0.090578,0
-0.7242,-0.67595,0.065325,4.0962,-0.2488,0
0.13056,-0.85549,0.16057,-7.0542,0.80119,0
0.60543,-0.95809,0.25195,-3.8684,0.48476,0
0.22554,-0.85549,0.28928,7.9647,1.6067,0
-0.34431,-0.23991,0.24166,2.2757,0.61421,0
-0.059385,0.37567,0.075622,-8.8747,0.29777,0
0.035589,0.91431,-0.059523,-0.45498,-0.45016,0
0.13056,0.78606,-0.13031,7.5096,-1.5289,0
1.4602,-0.086014,-0.20496,-0.9101,-0.66591,0
2.125,-0.16296,-0.36585,-7.7369,-1.3276,0
0.98533,0.40132,-0.55248,1.8206,-0.27756,0
-0.24933,0.81171,-0.60267,6.3718,-0.45016,0
-0.7242,0.83736,-0.51129,-5.4613,-0.56523,0
-0.62923,0.19613,-0.41347,-7.5093,0.067639,0
-0.7242,0.27308,-0.40575,5.234,-0.72345,0
0.13056,0.68346,-0.45595,3.8687,0.038872,0
0.7004,0.58087,-0.45981,-7.2818,-1.1406,0
0.7004,0.29873,-0.3311,-3.8684,-0.89605,0
-0.53425,0.24743,-0.18566,7.7372,-0.62276,0
-0.059385,0.067882,-0.064671,2.0482,-0.82413,0
0.60543,-0.5477,0.12067,-8.4196,0.34092,0
0.13056,-1.2402,0.30858,-0.45498,-0.37825,0
1.6501,-1.3428,0.36779,7.7372,0.54229,0
1.8401,-0.95809,0.27255,0.00013542,-0.047428,0
0.41548,-0.62465,0.18502,-7.7369,-0.20565,0
0.41548,-0.41945,0.17087,2.5033,-0.34948,0
-0.059385,-0.82984,0.16057,7.282,-1.2269,0
-1.294,-0.95809,0.098789,-3.6408,-0.17688,0
-1.1041,-0.80419,0.013841,-6.8267,-0.7666,0
-0.62923,-0.18861,-0.058236,5.4616,0.25462,0
-0.62923,-0.086014,-0.11229,5.0064,0.024489,0
-0.43928,-0.086014,-0.13417,-7.0542,-0.29195,0
-1.389,0.042233,-0.10714,-4.0959,-0.20565,0
-1.0091,-0.18861,-0.085264,6.3718,-1.3276,0
-0.7242,-0.41945,-0.018336,2.2757,-0.37825,0
-0.7242,-0.47075,0.12196,-7.5093,-0.78098,0
-0.62923,-1.2402,0.20562,-1.1377,0.15394,0
-1.484,-1.9328,0.22364,7.7372,0.38407,0
-1.0091,-1.8045,0.23007,-1.1377,-0.23441,0
0.13056,-1.625,0.22621,-7.7369,0.21147,0
0.60543,-1.7276,0.22621,2.9584,-1.1262,0
0.13056,-1.8045,0.19403,7.0545,-0.73783,0
-1.1041,-1.8558,0.13611,-4.3235,-1.4426,0
-1.0091,-1.6763,0.12067,-7.2818,-1.27,0
0.7004,-1.0863,0.19918,5.234,-0.66591,0
2.125,-1.4198,0.35621,4.5513,-1.1406,0
0.79538,-2.0354,0.52224,-6.3715,-0.3351,0
-0.24933,-2.5483,0.58788,-3.8684,-1.6296,0
-1.389,-2.6509,0.53254,6.3718,-1.1406,0
-1.9589,-2.6509,0.4167,1.5931,-1.3419,0
-0.81917,-2.3688,0.30472,-8.192,-1.1981,0
-0.34431,-2.2406,0.23393,0.00013542,-0.40701,0
-0.24933,-2.1636,0.23522,7.282,-1.0687,0
-1.484,-1.7532,0.25067,-2.0479,-0.26318,0
-2.8136,-1.2402,0.2674,-8.192,-1.2844,0
-2.6237,-1.112,0.28928,2.9584,-0.95358,0
-0.81917,-1.2915,0.29057,6.5994,-1.2556,0
0.32051,-1.3428,0.25968,-5.4613,-1.7015,0
1.6501,-1.2659,0.20047,-6.5991,-1.2125,0
1.4602,-1.548,0.18245,5.9167,-1.8454,0
1.0803,-1.4198,0.21077,4.7789,-0.60838,0
0.13056,-1.3428,0.20047,-6.3715,-1.1262,0
-0.53425,-0.82984,0.12839,-4.5511,-0.82413,0
-1.389,-0.95809,0.04988,7.0545,-0.60838,0
-0.62923,-0.95809,0.039583,2.0482,-1.2844,0
-0.15436,-0.52205,0.05889,-7.7369,-0.75222,0
-0.53425,0.11918,0.074335,-0.9101,-1.9748,0
-0.7242,-0.060364,0.083344,7.282,-1.6152,0
-0.53425,-0.13731,0.074335,-0.22742,-1.9892,0
-0.059385,-0.29121,0.060177,-7.9645,-1.6008,0
1.4602,-0.7016,0.064038,2.2757,-0.69468,0
2.125,-0.72725,0.11938,7.0545,-1.2269,0
0.89035,-0.85549,0.14641,-3.8684,-0.57961,0
0.22554,-0.72725,0.11681,-6.5991,-1.9029,0
0.7004,-0.93244,0.087205,4.5513,-1.7303,0
1.6501,-1.0094,0.10522,5.9167,-1.644,0
1.2702,-0.85549,0.066612,-6.8267,-1.5721,0
-0.53425,-0.31686,-0.014475,-5.0062,-0.39263,0
-1.0091,0.067882,-0.089126,7.0545,-1.2556,0
-0.62923,0.19613,-0.12259,2.2757,-0.56523,0
-0.81917,-0.034715,-0.102,-7.9645,-1.4139,0
-0.059385,-0.034715,-0.067245,-1.8203,-1.3707,0
-0.7242,-0.4451,-0.064671,7.0545,-1.0399,0
-1.9589,-0.85549,-0.063384,-1.3652,-1.5002,0
-2.4337,-0.95809,-0.013187,-8.192,-0.5077,0
0.22554,-0.75289,0.10651,2.9584,-1.1837,0
1.1753,-0.93244,0.16186,6.8269,-0.30633,0
0.13056,-1.0607,0.11681,-5.2337,-0.6803,0
-0.53425,-1.1889,0.029286,-7.2818,-1.0255,0
-1.389,-0.85549,-0.0119,5.6891,-0.96797,0
-0.34431,-1.035,-0.06081,3.6411,-2.2193,0
1.4602,-1.1633,-0.068532,-7.9645,-1.5433,0
1.3652,-0.90679,0.022851,-2.9581,-2.2193,0
0.79538,-0.93244,0.13225,7.5096,-1.3132,0
1.8401,-0.95809,0.16958,0.2277,-1.083,0
0.51046,-0.62465,0.10008,-8.192,-1.4714,0
-1.1991,-0.34251,-0.064671,-0.22742,-0.96797,0
-1.1991,-0.16296,-0.19853,7.0545,-2.1186,0
-1.0091,0.11918,-0.22427,-3.1857,-1.4858,0
-0.53425,-0.060364,-0.16635,-7.9645,-2.1906,0
-0.7242,-0.67595,-0.04279,3.4135,-1.7878,0
-0.62923,-0.85549,0.079483,6.3718,-0.92482,0
-1.294,-0.41945,0.15156,-5.6889,-0.96797,0
-1.484,-0.21426,0.18502,-5.9164,0.15394,0
0.13056,-0.26556,0.16572,7.0545,-1.0687,0
-0.059385,-0.5477,0.082057,3.8687,-1.0255,0
-0.53425,-0.82984,-0.036355,-7.2818,-1.7734,0
-0.7242,-0.5477,-0.11101,-2.503,-2.2049,0
-0.34431,-0.16296,-0.089126,8.1923,-1.4714,0
-0.81917,-0.52205,-0.014475,0.91037,-1.6296,0
-2.1488,-0.75289,0.031861,-7.7369,-0.19126,0
-2.1488,-0.57335,-0.0016037,2.2757,-0.73783,0
-1.389,0.016583,-0.044078,7.0545,-0.40701,0
-1.6739,0.22178,-0.059523,-3.6408,-0.79537,0
-1.9589,0.65782,-0.071106,-7.2818,-1.5289,0
-0.53425,1.1708,-0.063384,4.7789,-0.95358,0
-0.24933,1.1708,-0.04279,4.3238,-1.4426,0
0.32051,0.067882,0.020277,-6.8267,-0.018661,0
1.4602,-1.0094,0.12711,-3.4133,-0.018661,0
1.3652,-1.4198,0.16958,7.5096,0.77243,0
1.0803,-1.5737,0.15413,2.2757,1.0745,0
0.22554,-1.2146,0.14899,-7.9645,0.47037,0
-1.0091,-0.80419,0.15928,-0.45498,1.0601,0
-2.8136,-0.90679,0.083344,7.282,0.038872,0
-2.8136,-0.77854,-0.010613,-1.3652,0.91626,0
-1.0091,-0.18861,-0.04279,-8.192,0.77243,0
-0.24933,-0.18861,-0.0119,2.7309,1.2758,0
0.98533,-0.18861,0.0099801,7.0545,2.0525,0
1.3652,-0.62465,0.034435,-4.5511,1.319,0
0.13056,-1.1376,0.026712,-6.5991,1.9087,0
-1.1041,-0.95809,0.013841,5.9167,0.55667,0
-0.34431,-0.41945,-0.017049,4.0962,0.64298,0
-0.059385,-0.21426,-0.085264,-6.8267,0.47037,0
-0.62923,-0.086014,-0.10457,-5.0062,0.25462,0
0.13056,0.093531,-0.049226,7.0545,1.3334,0
0.035589,0.14483,0.0022576,1.8206,0.95941,0
-0.62923,-0.086014,0.017703,-7.7369,2.1388,0
1.6501,-0.29121,0.04087,-1.1377,1.3765,0
2.5999,-0.4964,0.052454,7.0545,1.0745,0
2.5049,-0.57335,0.075622,-0.68254,0.62859,0
1.4602,-0.4964,0.10394,-7.7369,-0.66591,0
1.8401,-0.11166,0.16958,2.0482,-0.090578,0
0.60543,-0.21426,0.29958,6.3718,-0.52208,0
-1.1041,-0.52205,0.42571,-4.5511,1.0313,0
-0.34431,-0.52205,0.4463,-6.8267,1.5347,0
-0.15436,0.016583,0.33304,6.3718,1.7649,0
0.7004,0.19613,0.167,4.3238,1.8512,0
1.2702,0.40132,0.033148,-7.2818,0.48476,0
0.32051,0.99126,-0.054374,-3.1857,0.84434,0
-0.43928,0.65782,-0.1213,8.4198,-0.14811,0
0.035589,0.17048,-0.17536,1.8206,0.39846,0
0.7004,0.37567,-0.1715,-8.4196,0.52791,0
1.4602,0.24743,-0.077542,-0.45498,0.21147,0
2.315,-0.034715,0.062751,7.7372,0.97379,0
0.7004,0.067882,0.13998,-1.1377,-0.076195,0
-0.34431,-0.13731,0.14255,-8.4196,0.55667,0
0.98533,-0.11166,0.13225,3.4135,-0.20565,0
0.60543,0.17048,0.097502,7.282,-0.29195,0
-1.0091,0.65782,0.031861,-4.5511,-0.033045,0
-1.294,1.1708,-0.0518,-6.3715,-0.75222,0
0.22554,1.1708,-0.10843,6.3718,0.25462,0
0.7004,0.35002,-0.13546,3.8687,-0.46455,0
0.98533,-0.6503,-0.13932,-6.5991,0.42722,0
0.035589,-0.62465,-0.1316,-3.1857,0.19709,0
-0.43928,0.17048,-0.16249,7.0545,-0.17688,0
0.98533,0.99126,-0.16635,0.2277,0.067639,0
0.60543,1.0426,-0.092987,-7.5093,-1.0543,0
-0.34431,0.99126,-0.022197,1.1379,-0.27756,0
-0.059385,0.78606,0.011267,7.7372,-0.78098,0
1.4602,0.14483,0.037009,-2.503,-0.033045,0
1.2702,-0.16296,0.039583,-7.7369,0.36969,0
0.32051,-0.16296,-0.0080391,3.8687,-0.018661,0
-1.1991,-0.16296,-0.073681,5.9167,0.71489,0
-1.294,-0.26556,-0.12903,-6.144,-0.43578,0
-0.7242,-0.6503,-0.10457,-5.4613,0.024489,0
0.7004,-1.0607,0.017703,6.8269,-0.69468,0
1.8401,-1.1376,0.12968,2.7309,-0.89605,0
1.5552,-1.112,0.17473,-7.5093,-0.40701,0
1.7451,-1.1889,0.16057,-2.2755,-1.083,0
1.2702,-0.80419,0.14899,6.8269,-0.20565,0
0.32051,-0.85549,0.16572,-0.22742,-1.0974,0
0.41548,-0.599,0.20948,-7.7369,-0.62276,0
2.125,-0.21426,0.20047,2.2757,-0.79537,0
2.6949,0.067882,0.12067,6.5994,-0.98235,0
2.315,0.11918,0.057602,-4.0959,-0.14811,0
0.7004,-0.3938,0.04988,-7.2818,-0.7666,0
0.7004,-0.62465,0.04988,5.6891,0.32654,0
0.7004,-0.82984,0.046019,5.234,-0.11935,0
0.7004,-0.98374,0.084631,-5.9164,0.22586,0
1.4602,-1.0094,0.1181,-4.0959,0.42722,0
1.5552,-0.93244,0.12067,7.7372,-0.29195,0
0.41548,-0.72725,0.12968,2.2757,0.29777,0
-0.34431,-0.57335,0.13354,-7.2818,-0.83852,0
-0.62923,-0.6503,0.12196,-1.8203,-0.22003,0
0.89035,-1.0094,0.062751,7.9647,-0.80975,0
1.8401,-1.5224,0.0022576,0.2277,-0.88167,0
1.4602,-1.2915,0.015128,-7.9645,-0.55085,0
1.6501,-0.4964,0.065325,2.2757,-1.4858,0
1.4602,-0.41945,0.13097,6.3718,-0.75222,0
0.89035,-0.98374,0.16958,-4.3235,-1.8454,0
0.89035,-1.0607,0.15413,-6.144,-1.4139,0
0.79538,-0.90679,0.14126,5.4616,-1.6584,0
0.79538,-0.7016,0.10008,3.8687,-2.0323,0
-0.81917,-0.31686,0.053741,-7.0542,-1.4139,0
-1.1041,-0.16296,0.039583,-3.4133,-2.32,0
-0.7242,0.067882,0.060177,7.7372,-1.4139,0
1.4602,0.11918,0.053741,1.5931,-2.0323,0
0.79538,-0.0090658,-0.024771,-7.5093,-1.8166,0
0.51046,0.24743,-0.14447,0.00013542,-1.644,0
1.6501,0.29873,-0.23972,7.0545,-2.4495,0
0.51046,-0.21426,-0.26932,-2.0479,-1.6296,0
-1.1991,-0.82984,-0.2011,-8.4196,-2.5933,0
0.22554,-1.2915,-0.10714,2.0482,-1.9029,0
0.22554,-1.4198,-0.10457,5.6891,-2.2481,0
-1.7689,-1.4711,-0.14061,-5.4613,-2.4638,0
-2.5287,-1.7532,-0.11358,-5.9164,-1.9604,0
-0.81917,-1.6763,-0.059523,6.1442,-2.8234,0
0.51046,-1.2402,-0.047939,3.6411,-1.831,0
-1.484,-1.0094,-0.06081,-7.9645,-2.6364,0
-2.3388,-0.85549,-0.026058,-2.7306,-2.0036,0
-1.484,-1.1889,0.0099801,8.6474,-1.9029,0
-1.579,-1.0863,-0.013187,0.45525,-2.1906,0
-1.389,-1.0094,-0.064671,-8.192,-1.2988,0
0.79538,-0.88114,-0.13417,1.1379,-2.1043,0
1.2702,-0.7016,-0.17922,7.0545,-1.1837,0
0.13056,-0.34251,-0.19853,-1.8203,-1.7303,0
-0.34431,-0.36816,-0.19853,-6.8267,-1.6584,0
-1.389,-0.72725,-0.13546,3.6411,-1.2125,0
-1.1041,-0.599,-0.038929,6.3718,-1.9029,0
0.13056,-0.060364,-0.010613,-4.7786,-1.0111,0
1.3652,-0.16296,-0.0518,-5.6889,-1.9604,0
1.3652,-0.13731,-0.080116,6.3718,-1.5577,0
0.035589,0.067882,-0.10586,3.8687,-1.8022,0
0.22554,0.29873,-0.16249,-6.5991,-2.3056,0
0.51046,0.81171,-0.20754,-3.8684,-1.6152,0
-0.059385,0.76041,-0.18308,7.7372,-2.5358,0
-0.62923,0.016583,-0.090413,2.2757,-1.6871,0
-0.7242,-0.57335,0.0061189,-7.9645,-2.4495,0
-1.6739,-0.3938,0.048593,-0.22742,-2.4926,0
-1.294,-0.41945,0.08978,8.1923,-2.3488,0
-0.91415,-1.1633,0.16443,-1.1377,-3.0823,0
-1.389,-1.3685,0.29443,-7.7369,-2.2912,0
-0.53425,-1.3428,0.3768,3.186,-3.2981,0
0.41548,-1.112,0.35878,6.8269,-2.7371,0
0.7004,-0.90679,0.27126,-5.0062,-2.8378,0
-0.81917,-0.82984,0.2069,-5.4613,-3.2693,0
-1.8639,-1.3172,0.13998,6.1442,-2.5933,0
-2.1488,-1.6506,0.10008,4.0962,-3.4419,0
-0.7242,-1.5224,0.094928,-6.3715,-2.5645,0
-1.0091,-1.5224,0.079483,-3.6408,-3.1542,0
-2.9086,-1.8045,0.021564,7.0545,-3.1686,0
-2.6237,-1.9841,-0.046652,0.68281,-2.9097,0
-1.579,-1.4198,-0.094274,-8.192,-3.744,0
-0.059385,-0.4451,-0.15219,-0.22742,-2.8522,0
0.89035,0.27308,-0.16249,7.5096,-3.7727,0
0.79538,0.093531,-0.13932,-1.5928,-3.2262,0
0.89035,-0.62465,-0.10328,-8.8747,-3.4994,0
1.5552,-0.98374,-0.083977,2.2757,-4.2186,0
2.125,-1.2402,-0.094274,6.5994,-4.0029,0
1.3652,-1.1889,-0.1213,-4.5511,-5.2398,0
0.13056,-1.3172,-0.13675,-6.3715,-4.722,0
-0.43928,-1.1633,-0.094274,5.4616,-5.5275,0
0.32051,-0.29121,-0.022197,5.0064,-5.657,0
-0.059385,0.76041,0.056315,-6.8267,-5.6138,0
-0.43928,1.2221,0.13611,-4.0959,-6.5487,0
0.7004,0.22178,0.19661,7.5096,-5.9734,0
2.03,-0.6503,0.24938,2.0482,-7.2391,0
0.60543,-0.599,0.297,-8.192,-6.7645,0
-0.34431,0.067882,0.20562,-0.45498,-7.1816,0
0.22554,0.42697,0.0035447,8.1923,-7.4836,0
0.32051,0.42697,-0.11873,0.00013542,-6.8364,0
1.5552,0.58087,-0.14318,-7.9645,-7.7282,0
2.03,1.1965,-0.16378,2.7309,-6.8508,0
3.3597,1.299,-0.2011,7.5096,-7.7426,0
1.9351,1.0682,-0.22684,-5.0062,-7.3686,0
-0.43928,0.76041,-0.23972,-6.8267,-7.3686,0
-1.579,0.47827,-0.2217,5.4616,-7.872,0
-0.34431,-0.13731,-0.099422,4.0962,-7.0953,0
-0.15436,-0.62465,0.026712,-7.5093,-7.9152,0
0.22554,-0.41945,0.07176,-3.1857,-7.1672,0
1.4602,-0.67595,0.0048318,7.9647,-7.5843,0
2.125,-1.3172,-0.086552,1.5931,-7.6706,0
1.4602,-0.72725,-0.13031,-8.8747,-7.1816,0
-0.53425,0.042233,-0.073681,-0.68254,-7.7426,0
-0.7242,0.81171,-0.046652,7.5096,-6.52,0
-0.7242,1.1965,-0.15091,-0.9101,-6.8364,0
-1.484,1.0682,-0.27189,-8.6471,-5.959,0
-1.8639,0.58087,-0.34011,2.2757,-5.3405,0
-0.62923,0.042233,-0.34011,5.9167,-5.0816,0
0.41548,0.016583,-0.26031,-4.7786,-3.3844,0
0.79538,0.76041,-0.12259,-7.2818,-3.183,0
0.60543,1.0682,0.0099801,6.1442,-0.91043,0
0.79538,0.29873,0.067899,4.0962,0.22586,0
0.79538,0.32437,0.021564,-8.192,2.7142,0
-0.62923,1.0939,-0.046652,-3.6408,5.3751,0
-1.7689,1.3503,-0.071106,6.8269,6.3963,0
-1.1991,1.1708,-0.059523,0.91037,7.1299,0
0.035589,1.0426,-0.049226,-7.9645,4.6559,0
0.51046,0.58087,-0.085264,1.1379,4.095,0
0.7004,-0.26556,-0.13932,7.282,4.1525,0
1.6501,-0.77854,-0.19853,-2.2755,6.2669,0
2.22,-0.5477,-0.25902,-8.192,10.05,0
0.89035,0.042233,-0.27189,3.186,11.776,0
-1.1041,0.68346,-0.28991,5.9167,13.789,0
-1.0091,1.7607,-0.30021,-4.7786,12.509,0
0.035589,2.6841,-0.29506,-6.144,11.387,0
-0.24933,2.7611,-0.26546,6.1442,9.834,0
-1.1041,2.5046,-0.1612,4.5513,8.3812,0
-0.43928,1.6838,-0.0054649,-6.8267,9.6614,0
0.41548,0.83736,0.13097,-2.7306,10.294,0
0.13056,0.55522,0.16057,8.4198,13.027,0
-0.53425,1.5042,0.047306,1.8206,14.509,0
0.22554,2.8637,-0.036355,-7.2818,15.587,0
-0.24933,3.0175,-0.0093262,0.68281,16.551,0
-1.1991,2.5815,0.051167,7.7372,16.12,0
-1.8639,2.3507,0.060177,-2.7306,17.975,0
-2.0538,1.5555,0.08978,-7.0542,18.78,0
-0.059385,0.60652,0.18631,4.3238,20.852,0
1.6501,0.11918,0.24423,5.6891,21.743,0
-0.059385,-0.599,0.23136,-5.9164,21.571,0
-0.7242,-1.5737,0.24037,-4.5511,21.413,0
-0.62923,-1.8045,0.28799,7.282,18.982,0
-0.43928,-0.85549,0.28027,2.9584,17.788,0
-0.7242,0.016583,0.19275,-7.7369,15.098,0
0.13056,0.55522,0.082057,-1.3652,13.214,0
0.79538,0.78606,-0.00031657,7.7372,11.315,0
0.13056,0.42697,-0.028633,-0.22742,8.6401,0
1.1753,-0.72725,0.015128,-7.5093,7.4895,0
0.51046,-2.0867,0.08978,2.2757,4.6416,0
-0.24933,-3.087,0.11295,5.9167,3.4334,0
0.7004,-3.2152,0.12196,-5.0062,1.2902,0
2.125,-2.0097,0.12968,-6.3715,-0.36386,0
1.5552,-0.599,0.079483,5.234,-0.73783,0
0.32051,0.32437,0.031861,4.0962,-1.9173,0
-1.1991,1.4273,0.044732,-7.5093,-0.96797,0
-0.62923,1.3503,0.062751,-4.3235,-1.6152,0
-0.24933,0.24743,0.007406,7.0545,-1.1118,0
0.035589,0.24743,-0.065958,0.68281,-1.3419,0
0.035589,0.83736,-0.006752,-7.9645,-2.7515,0
-0.34431,1.1965,0.13611,-0.22742,-2.9816,0
0.22554,0.91431,0.28156,6.8269,-4.8227,0
1.4602,0.96561,0.44115,-2.0479,-4.8083,0
2.8848,0.93996,0.55828,-7.9645,-6.0022,0
2.22,0.73476,0.60204,3.6411,-7.009,0
0.41548,0.81171,0.52224,6.3718,-8.3035,0
0.13056,1.4786,0.40383,-5.4613,-11.64,0
-0.059385,1.6581,0.32789,-5.6889,-13.597,0
0.89035,1.1452,0.30987,6.8269,-17.293,0
2.03,0.86301,0.31116,3.186,-19.249,0
1.4602,0.96561,0.30472,-7.7369,-21.177,0
0.98533,1.4529,0.29571,-1.8203,-22.816,0
0.22554,1.7351,0.29829,8.4198,-23.046,0
-1.1991,1.6838,0.35235,0.2277,-24.916,0
-1.0091,1.2734,0.4167,-7.9645,-25.391,0
-0.24933,0.88866,0.45531,0.91037,-27.477,0
0.79538,0.29873,0.45016,7.7372,-28.527,0
0.035589,-0.23991,0.42442,-3.4133,-28.829,0
-0.43928,-0.086014,0.427,-6.144,-29.217,0
0.13056,-0.21426,0.43601,5.4616,-27.822,0
-0.91415,-0.57335,0.39611,5.6891,-27.908,0
-1.8639,-1.0863,0.34977,-7.2818,-26.743,0
0.32051,-1.2402,0.33175,-4.5511,-27.131,0
0.035589,-1.5224,0.40383,7.7372,-28.009,0
-0.43928,-1.0607,0.52095,2.5033,-28.138,0
-0.62923,-0.34251,0.58273,-7.2818,-29.533,0
-0.7242,-0.034715,0.59174,-0.45498,-28.901,0
-0.7242,-0.16296,0.57501,7.282,-29.663,0
0.79538,0.35002,0.49521,-0.9101,-29.648,0
1.2702,0.58087,0.38066,-8.4196,-30.209,0
1.1753,0.60652,0.2571,2.7309,-31.763,0
1.6501,0.93996,0.19403,5.9167,-31.993,0
1.1753,0.88866,0.20047,-5.2337,-33.388,0
-1.294,0.58087,0.18502,-6.5991,-32.712,0
-2.4337,0.86301,0.12453,5.4616,-32.669,0
-1.484,0.86301,0.04988,4.5513,-32.338,0
-0.91415,0.60652,-0.0080391,-7.2818,-31.446,0
-1.389,0.093531,-0.024771,-4.0959,-32.223,0
-1.0091,-0.6503,-0.026058,6.1442,-31.331,0
-0.059385,-0.88114,-0.027345,1.8206,-31.777,0
0.79538,-0.21426,-0.068532,-8.6471,-30.77,0
-0.059385,0.63217,-0.13031,-1.3652,-29.577,0
-0.43928,0.91431,-0.18051,7.0545,-28.685,0
-0.62923,0.73476,-0.24615,-1.5928,-26.441,0
-0.43928,0.60652,-0.31951,-7.2818,-26.125,0
0.22554,0.60652,-0.36328,2.9584,-24.212,0
1.4602,0.65782,-0.35169,6.1442,-24.082,0
1.4602,0.99126,-0.30278,-5.2337,-23.521,0
0.98533,1.2477,-0.28348,-6.144,-22.586,0
1.4602,1.1452,-0.26546,6.1442,-22.514,0
1.3652,1.1452,-0.19853,4.5513,-20.357,0
0.32051,1.4016,-0.073681,-7.5093,-19.911,0
-0.43928,1.6838,0.04988,-2.9581,-18.041,0
-0.53425,1.4529,0.11037,7.7372,-16.919,0
-0.7242,1.0939,0.055028,0.91037,-15.884,0
-0.62923,1.1195,-0.049226,-7.5093,-13.582,0
-0.62923,1.5042,-0.17279,0.68281,-12.532,0
0.22554,2.1198,-0.28476,8.1923,-9.3966,0
0.7004,1.5555,-0.34783,-2.7306,-7.4117,0
0.035589,0.78606,-0.32981,-7.9645,-4.4344,0
0.32051,0.42697,-0.3208,4.0962,-1.5289,0
-0.059385,0.52957,-0.3607,6.1442,0.61421,0
-0.43928,0.76041,-0.4302,-5.4613,3.9224,0
-0.7242,1.5299,-0.44951,-6.3715,5.3607,0
-0.7242,1.7864,-0.40704,6.5994,8.1943,0
1.1753,1.6581,-0.33625,3.6411,9.6326,0
1.2702,1.8633,-0.27189,-7.7369,11.359,0
-0.53425,2.6328,-0.27961,-3.1857,13.387,0
-1.1041,3.1458,-0.3504,7.7372,14.106,0
0.035589,2.7867,-0.40961,1.1379,16.148,0
-0.059385,2.2737,-0.47268,-8.192,16.278,0
-0.34431,1.5042,-0.58337,0.45525,17.788,0
-0.7242,0.52957,-0.67346,7.7372,18.795,0
-0.7242,-0.23991,-0.67089,-1.5928,19.572,0
0.13056,-1.0607,-0.58852,-8.192,21.47,0
1.3652,-1.1376,-0.51129,2.5033,21.672,0
0.7004,-0.47075,-0.42506,6.5994,23.326,0
-0.34431,-0.18861,-0.3015,-5.2337,23.469,0
0.13056,-1.035,-0.18437,-5.6889,24.347,0
1.2702,-1.5737,-0.16378,6.1442,25.167,0
0.60543,-1.3428,-0.23199,4.7789,25.239,0
0.98533,-0.90679,-0.35684,-6.8267,26.734,0
2.03,-0.80419,-0.45595,-4.7786,26.504,0
2.03,-0.36816,-0.45981,6.8269,27.713,0
1.7451,-0.21426,-0.37486,3.186,27.756,0
1.8401,-0.21426,-0.32981,-7.9645,27.439,0
1.5552,-0.4451,-0.36714,-1.8203,27.626,0
0.13056,-0.21426,-0.35555,7.7372,26.13,0
0.89035,0.042233,-0.31694,0.68281,26.102,0
1.8401,-0.18861,-0.28991,-7.5093,24.332,0
2.125,-0.36816,-0.21912,1.8206,23.34,0
1.4602,-0.086014,-0.10071,7.282,22.146,0
0.32051,0.32437,-0.0119,-2.9581,20.118,0
0.41548,0.29873,0.0022576,-6.8267,19.557,0
0.60543,-0.5477,-0.081403,5.4616,17.184,0
-0.15436,-0.80419,-0.18437,5.0064,16.479,0
-0.34431,-0.29121,-0.20368,-6.5991,14.897,0
0.79538,-0.034715,-0.17665,-4.3235,13.487,0
1.3652,-0.18861,-0.18051,7.282,12.768,0
1.1753,-0.36816,-0.2114,3.186,10.568,0
2.315,-0.086014,-0.27061,-8.192,9.9634,0
1.9351,0.60652,-0.38001,-2.0479,7.5758,0
-0.24933,0.65782,-0.42119,7.7372,6.31,0
-0.91415,0.65782,-0.34526,0.45525,4.397,0
-0.7242,0.63217,-0.23972,-8.6471,1.9375,0
0.32051,0.68346,-0.25387,1.3655,0.58544,0
-0.15436,1.2477,-0.40446,6.3718,-2.4207,0
0.13056,1.7864,-0.54604,-3.1857,-3.8446,0
0.89035,2.0942,-0.56535,-7.9645,-6.6206,0
0.7004,1.8633,-0.43664,3.6411,-8.922,0
0.035589,1.6581,-0.29763,5.234,-10.95,0
-2.0538,1.6581,-0.16635,-7.2818,-14.028,0
-2.7186,1.4529,-0.047939,-5.9164,-15.51,0
-2.1488,1.0169,-0.017049,6.1442,-18.473,0
-3.1935,0.37567,-0.013187,2.7309,-19.796,0
-2.6237,-0.086014,0.030574,-7.5093,-21.666,0
-0.91415,-0.4964,0.069186,-1.1377,-23.147,0
0.41548,-0.62465,0.088493,8.1923,-23.507,0
0.13056,-0.72725,0.069186,-0.68254,-25.103,0
0.41548,-1.3428,0.0035447,-8.192,-24.844,0
0.51046,-2.0097,-0.068532,2.5033,-26.11,0
0.79538,-2.0867,-0.16249,6.8269,-26.182,0
-0.15436,-1.5737,-0.15091,-5.0062,-26.585,0
-0.34431,-1.1633,-0.035068,-6.144,-27.534,0
-0.53425,-1.1376,0.091067,5.6891,-27.246,0
-0.7242,-1.3172,0.16958,3.8687,-28.598,0
-0.059385,-1.4198,0.2069,-7.2818,-28.124,0
-1.0091,-1.8302,0.28413,-3.4133,-28.901,0
-1.0091,-2.138,0.41413,7.7372,-28.972,0
-0.7242,-2.1893,0.54283,2.2757,-28.627,0
-1.0091,-2.0097,0.59947,-8.4196,-29.303,0
-2.2438,-1.8558,0.55957,0.45525,-28.311,0
-2.3388,-1.7019,0.43472,8.4198,-29.159,0
-0.7242,-1.112,0.25839,0.00013542,-28.397,0
-0.24933,-0.29121,0.12067,-7.5093,-28.44,0
-1.294,0.29873,0.10008,1.3655,-28.354,0
-0.91415,0.11918,0.12453,7.0545,-27.304,0
-0.81917,-0.47075,0.17473,-2.9581,-27.433,0
-1.389,-0.82984,0.30987,-6.8267,-25.664,0
-1.1041,-0.7016,0.46947,4.7789,-25.477,0
-2.3388,-0.4964,0.51323,6.3718,-24.096,0
-2.5287,-0.11166,0.44888,-5.4613,-22.975,0
-0.7242,-0.21426,0.36007,-4.5511,-22.227,0
0.32051,-0.72725,0.25581,6.8269,-20.141,0
-0.81917,-0.77854,0.20819,3.186,-19.451,0
-2.7186,-0.16296,0.22235,-7.5093,-17.005,0
-1.1041,-0.26556,0.23908,-0.9101,-15.74,0
0.22554,-0.7016,0.2571,7.7372,-14.1,0
0.7004,-0.6503,0.28284,-0.9101,-12.245,0
0.89035,-0.62465,0.29443,-7.9645,-11.569,0
-0.7242,-0.4964,0.23651,2.5033,-9.3823,0
-1.0091,-0.21426,0.14384,5.4616,-8.9508,0
0.7004,0.067882,0.13097,-5.4613,-7.0378,0
2.125,-0.086014,0.17859,-6.3715,-5.8439,0
2.03,-0.23991,0.2172,5.0064,-4.7077,0
1.5552,-0.34251,0.22235,5.234,-2.809,0
0.89035,-0.034715,0.22621,-7.0542,-2.4782,0
1.7451,-0.16296,0.25581,-5.0062,-0.5077,0
2.03,-0.47075,0.29829,7.0545,-0.27756,0
0.60543,-0.4451,0.3665,2.9584,0.97379,0
1.3652,0.11918,0.4064,-7.5093,2.2539,0
1.8401,0.73476,0.35363,-0.22742,2.8293,0
1.6501,0.99126,0.27641,8.1923,4.9436,0
0.22554,0.73476,0.19532,-0.68254,5.1881,0
-0.43928,0.81171,0.10651,-8.192,6.9141,0
0.13056,1.4273,0.015128,2.5033,7.3744,0
0.7004,1.376,-0.049226,7.0545,8.0792,0
0.79538,0.93996,-0.092987,-4.3235,9.4312,0
0.7004,1.0426,-0.13932,-6.8267,9.5895,0
2.5049,1.0939,-0.17279,5.9167,11.546,0
3.6446,1.2734,-0.20625,5.4616,11.661,0
1.4602,1.1195,-0.23199,-6.5991,12.97,0
-0.15436,0.96561,-0.24872,-3.1857,13.574,0
0.13056,0.73476,-0.24744,7.9647,13.43,0
0.7004,0.63217,-0.24744,2.2757,14.494,0
2.315,0.60652,-0.21011,-7.7369,13.674,0
2.7898,0.58087,-0.13932,0.45525,14.624,0
2.6949,0.29873,-0.092987,8.1923,14.149,0
0.79538,0.17048,-0.086552,-1.5928,14.135,0
-1.1041,-0.13731,-0.067245,-7.7369,14.35,0
-0.53425,-0.29121,-0.019623,4.0962,13.358,0
1.3652,-0.060364,0.038296,5.4616,13.89,0
2.22,-0.23991,0.055028,-6.3715,12.581,0
1.6501,-0.7016,-0.010613,-6.5991,12.898,0
-0.53425,-0.67595,-0.076255,7.0545,12.351,0
-0.15436,-0.6503,-0.055661,4.5513,11.905,0
-1.1991,-0.4964,0.01899,-6.5991,11.934,0
-1.1041,-0.26556,0.069186,-3.4133,10.452,0
0.035589,-0.23991,0.029286,8.1923,10.568,0
-0.15436,-0.57335,-0.010613,1.1379,9.0429,0
-0.53425,-0.77854,-0.0016037,-8.4196,8.8271,0
-0.43928,-0.57335,0.057602,0.00013542,8.3669,0
-0.81917,-0.23991,0.10136,6.8269,7.6621,0
-1.389,0.14483,0.08077,-2.0479,7.9929,0
0.41548,0.37567,0.047306,-7.7369,6.6552,0
2.6949,-0.034715,0.034435,3.6411,6.8135,0
2.03,-0.36816,0.024138,5.6891,5.26,0
1.0803,-0.18861,-0.022197,-7.2818,4.4546,0
1.6501,0.016583,-0.10843,-6.5991,3.6923,0
1.4602,0.11918,-0.10714,6.3718,2.1101,0
0.035589,-0.13731,-0.019623,3.186,2.1388,0
0.13056,-0.5477,0.060177,-7.7369,0.48476,0
0.41548,-0.4451,0.078196,-3.4133,0.39846,0
0.79538,-0.034715,0.04988,8.1923,-0.66591,0
0.79538,-0.11166,-0.033781,0.00013542,-1.644,0
0.60543,0.067882,-0.15477,-8.6471,-1.7734,0
-0.059385,0.14483,-0.17407,1.5931,-3.0967,0
-0.53425,0.016583,-0.10457,7.0545,-2.3632,0
1.0803,0.37567,-0.022197,-2.7306,-3.3844,0
1.0803,0.14483,0.011267,-6.8267,-3.1974,0
0.32051,-0.26556,-0.0119,4.5513,-4.0748,0
1.0803,-0.21426,-0.06081,6.1442,-5.5994,0
2.03,-0.31686,-0.087839,-5.0062,-5.8439,0
1.5552,-0.41945,-0.071106,-5.4613,-7.2391,0
0.13056,-0.21426,-0.047939,6.8269,-6.3617,0
0.32051,0.11918,-0.044078,3.6411,-6.6638,0
0.60543,0.58087,-0.086552,-7.2818,-6.5919,0
-0.059385,0.86301,-0.1316,-1.5928,-6.5775,0
-0.53425,0.99126,-0.11744,8.1923,-7.9871,0
1.8401,0.88866,0.012554,-0.68254,-7.4836,0
1.7451,0.35002,0.17215,-7.7369,-8.2028,0
0.13056,0.067882,0.2275,1.8206,-7.1816,0
-1.1041,-0.85549,0.14126,7.0545,-6.7357,0
-0.24933,-1.5737,0.051167,-3.6408,-7.3686,0
1.3652,-1.8045,0.0099801,-7.9645,-7.3254,0
1.4602,-1.5224,-0.028633,3.186,-9.224,0
1.6501,-1.3941,-0.0518,5.234,-9.1665,0
2.125,-1.4711,0.01899,-6.8267,-9.9576,0
1.5552,-1.6506,0.11938,-5.0062,-10.13,0
0.13056,-1.3941,0.16057,5.9167,-9.6843,0
-0.53425,-0.85549,0.10651,2.9584,-10.346,0
-0.43928,-0.75289,0.044732,-8.192,-9.2816,0
-1.484,-1.2402,0.04988,-2.0479,-10.044,0
-0.43928,-1.7276,0.13483,7.282,-9.224,0
1.1753,-1.8045,0.18631,-0.45498,-9.296,0
1.3652,-1.4967,0.12839,-8.192,-9.3679,0
0.41548,-1.1633,0.04988,1.8206,-8.4617,0
-1.294,-1.3172,-0.015762,6.8269,-8.7062,0
-2.0538,-2.2919,-0.08269,-3.4133,-7.2535,0
-3.0036,-2.6509,-0.15992,-6.5991,-7.6131,0
-2.6237,-1.9584,-0.20754,4.7789,-7.196,0
-0.7242,-0.93244,-0.19209,5.4616,-7.311,0
1.3652,-0.599,-0.18308,-6.144,-7.9871,0
1.4602,-0.41945,-0.18566,-4.3235,-7.0234,0
0.89035,-0.4451,-0.17922,6.8269,-7.383,0
0.89035,-0.36816,-0.16249,2.9584,-5.959,0
0.89035,-0.4964,-0.14962,-7.9645,-5.6857,0
0.7004,-0.4451,-0.13031,-1.1377,-5.1392,0
0.13056,0.067882,-0.12645,7.7372,-4.5207,0
-1.1991,0.42697,-0.102,-0.45498,-5.1967,0
-1.1041,0.22178,-0.036355,-7.7369,-4.4631,0
0.035589,-0.060364,0.079483,2.9584,-5.3118,0
0.7004,-0.47075,0.21205,7.9647,-4.5782,0
-0.81917,-1.4454,0.25067,-4.5511,-4.5063,0
-1.7689,-1.5737,0.15285,-6.144,-4.3625,0
-0.43928,-1.2915,0.020277,6.3718,-3.3125,0
-0.24933,-1.1889,-0.015762,4.7789,-3.7727,0
0.41548,-1.5993,0.035722,-6.5991,-2.6077,0
1.5552,-1.7276,0.10008,-3.6408,-3.2837,0
0.79538,-1.2402,0.15671,7.5096,-2.9816,0
-1.1991,-1.1376,0.18374,2.0482,-3.0823,0
-0.7242,-1.7276,0.2468,-8.192,-3.8303,0
0.60543,-2.061,0.30215,0.68281,-3.1399,0
1.6501,-2.1893,0.32918,7.9647,-4.0316,0
1.5552,-1.8815,0.31631,-1.3652,-3.0823,0
1.0803,-1.4198,0.25968,-7.5093,-3.2262,0
1.6501,-1.0094,0.1773,3.6411,-2.8234,0
0.60543,-1.3941,0.15671,5.9167,-2.133,0
-0.34431,-1.8045,0.1876,-5.4613,-2.6221,0
-0.62923,-1.6763,0.2275,-5.6889,-1.6728,0
-1.579,-1.6763,0.24552,6.3718,-2.7947,0
-1.1991,-1.4967,0.24037,3.6411,-2.5645,0
-0.059385,-1.112,0.21849,-7.7369,-3.0536,0
-0.059385,-0.98374,0.17473,-2.9581,-3.4994,0
-0.34431,-0.6503,0.12196,8.1923,-2.7803,0
-0.53425,-0.23991,0.11295,0.68281,-3.5714,0
0.13056,0.50392,0.11681,-8.6471,-2.6077,0
0.7004,0.73476,0.091067,1.3655,-3.2549,0
0.035589,0.17048,-0.022197,7.0545,-3.0104,0
0.035589,-0.13731,-0.16378,-3.6408,-2.9385,0
1.4602,-0.11166,-0.23328,-7.9645,-3.4419,0
0.60543,0.14483,-0.26674,3.186,-2.5214,0
1.3652,0.63217,-0.30278,6.5994,-3.3125,0
2.03,1.2734,-0.3208,-5.4613,-2.4638,0
1.5552,1.7607,-0.32724,-5.6889,-2.881,0
0.22554,1.7607,-0.29377,7.282,-3.0823,0
1.0803,1.1708,-0.18952,4.3238,-2.9385,0
1.8401,0.73476,-0.056948,-6.3715,-3.8734,0
1.5552,0.83736,0.069186,-3.1857,-3.2262,0
0.32051,1.5042,0.13354,7.7372,-4.2042,0
0.41548,1.4786,0.16057,2.2757,-3.7152,0
1.5552,0.78606,0.17473,-7.5093,-3.8303,0
2.8848,-0.7016,0.12582,0.00013542,-4.2905,0
2.03,-1.7276,0.017703,7.7372,-3.7152,0
-0.43928,-1.6763,-0.092987,-1.5928,-4.7077,0
-0.34431,-0.52205,-0.20239,-7.7369,-3.9597,0
0.60543,0.50392,-0.28348,3.186,-4.6501,0
0.7004,1.2734,-0.38773,6.8269,-4.6357,0
0.79538,1.7094,-0.45723,-4.3235,-4.4056,0
0.32051,1.9403,-0.4804,-6.8267,-5.0816,0
0.32051,2.0942,-0.45466,4.5513,-4.1611,0
1.4602,1.7864,-0.36971,5.234,-4.909,0
0.60543,0.93996,-0.26288,-6.3715,-4.3193,0
-1.294,0.76041,-0.23328,-4.3235,-4.6789,0
-0.43928,1.299,-0.28862,6.8269,-4.9666,0
0.035589,1.7351,-0.2912,2.2757,-4.4488,0
0.22554,1.7351,-0.2114,-7.9645,-5.3118,0
0.7004,1.0169,-0.090413,-2.503,-4.3337,0
1.8401,0.24743,0.031861,7.7372,-5.1823,0
0.7004,0.093531,0.1078,-0.22742,-4.722,0
0.41548,-0.16296,0.1477,-8.192,-4.9809,0
0.79538,-0.599,0.22235,1.8206,-5.5131,0
0.035589,-0.75289,0.29185,7.0545,-4.8946,0
0.13056,-0.47075,0.31116,-3.8684,-5.772,0
0.7004,0.24743,0.24294,-7.9645,-4.9522,0
0.7004,0.50392,0.12839,4.3238,-5.5563,0
0.79538,0.14483,0.046019,4.5513,-5.5131,0
1.6501,-0.3938,0.024138,-6.8267,-5.3693,0
-0.15436,-0.95809,0.064038,-3.6408,-6.1028,0
-0.81917,-1.2915,0.10522,7.5096,-5.2255,0
0.89035,-1.4711,0.07176,2.0482,-6.1316,0
1.2702,-1.4454,0.025425,-9.3298,-5.3118,0
0.32051,-1.7019,0.056315,-1.3652,-5.657,0
-0.43928,-3.1126,0.17988,7.5096,-5.5707,0
0.7004,-5.2928,0.33433,0.45525,-5.0816,0
2.03,-6.0623,0.44244,-6.8267,-5.8008,0
2.22,-4.7029,0.4566,2.2757,-4.9953,0
1.4602,-2.9587,0.36779,6.8269,-5.8727,0
0.79538,-1.3685,0.25067,-3.6408,-5.3405,0
0.89035,-0.34251,0.19017,-6.8267,-5.3118,0
0.79538,0.17048,0.16829,5.234,-5.6857,0
0.13056,-0.57335,0.14126,5.6891,-4.9953,0
-1.294,-1.625,0.00097052,-6.8267,-5.9015,0
0.41548,-1.7789,-0.18694,-3.8684,-4.9666,0
1.0803,-1.1376,-0.2809,7.0545,-5.3981,0
0.22554,-0.34251,-0.28991,2.9584,-5.3549,0
-1.1991,0.35002,-0.29635,-7.7369,-4.8515,0
-1.8639,0.40132,-0.2912,-1.3652,-5.5419,0
-1.1991,-0.29121,-0.26803,8.875,-4.5207,0
-1.0091,-0.4964,-0.29892,0.45525,-5.3118,0
-0.81917,-0.41945,-0.27447,-8.6471,-4.7077,0
0.13056,-0.62465,-0.15863,0.91037,-4.7508,0
-0.15436,-1.0863,-0.041503,7.7372,-5.1535,0
-1.294,-0.85549,0.075622,-2.7306,-4.3049,0
-1.1041,-1.0094,0.19275,-7.5093,-5.096,0
-0.81917,-1.3172,0.31502,3.8687,-4.0748,0
-1.389,-1.4198,0.47462,5.6891,-4.5782,0
-1.1991,-1.8815,0.57115,-5.9164,-4.3049,0
-0.7242,-2.138,0.50937,-5.0062,-3.9597,0
-0.91415,-1.3685,0.33433,6.8269,-4.5782,0
-0.7242,-0.80419,0.13998,2.9584,-3.557,0
-0.7242,-0.93244,0.027999,-7.5093,-4.4056,0
0.13056,-0.88114,-0.00031657,-2.2755,-3.744,0
1.2702,-0.599,0.007406,6.3718,-3.8734,0
0.7004,-0.16296,0.025425,-0.45498,-4.0316,0
-1.1041,0.29873,0.057602,-7.5093,-3.2693,0
-1.8639,0.32437,0.12067,1.8206,-3.9166,0
-2.2438,0.14483,0.16958,6.1442,-2.8234,0
-2.0538,-0.11166,0.16314,-4.0959,-3.4994,0
-2.2438,-0.18861,0.10651,-7.9645,-2.9385,0
-1.389,-0.18861,0.01899,5.6891,-2.881,0
-0.7242,-0.0090658,-0.13031,5.234,-3.2405,0
-0.7242,0.76041,-0.2809,-6.144,-2.3344,0
1.0803,1.376,-0.36328,-5.0062,-3.0967,0
1.8401,1.812,-0.39417,6.8269,-2.2049,0
1.4602,2.1711,-0.41862,3.8687,-2.4782,0
1.0803,2.1968,-0.40575,-7.7369,-2.3919,0
0.13056,2.2224,-0.36199,-1.8203,-1.8885,0
0.32051,2.2737,-0.31437,8.1923,-2.6652,0
0.60543,2.2994,-0.32595,0.68281,-1.7159,0
0.7004,2.6841,-0.3015,-7.7369,-2.507,0
1.6501,2.7867,-0.20754,0.45525,-1.8885,0
1.1753,2.4276,-0.1419,8.6474,-1.7878,0
0.22554,1.9659,-0.12645,-1.5928,-1.9748,0
-1.294,1.812,-0.13675,-7.2818,-1.1406,0
-1.294,1.5299,-0.11744,3.6411,-1.946,0
-0.62923,1.3503,-0.090413,7.0545,-0.91043,0
-1.294,1.2477,-0.12388,-4.0959,-1.4426,0
-1.1991,1.6838,-0.18308,-7.2818,-1.0974,0
0.60543,1.6838,-0.20496,5.4616,-0.47893,0
0.41548,1.1965,-0.19724,5.4616,-0.72345,0
-1.294,0.68346,-0.2011,-5.4613,0.72928,0
0.41548,0.35002,-0.26674,-4.5511,0.24024,0
0.89035,0.65782,-0.32852,5.9167,0.54229,0
0.13056,0.99126,-0.31565,3.6411,-0.92482,0
0.22554,1.3503,-0.28734,-7.2818,-2.8522,0
0.51046,1.6581,-0.32338,-3.6408,-3.8734,0
-0.059385,1.376,-0.39288,7.282,-5.4844,0
-0.43928,0.68346,-0.48684,0.91037,-4.046,0
-0.059385,1.0939,-0.55376,-7.9645,-3.2693,0
-0.059385,2.2737,-0.57178,-0.22742,-1.2125,0
-0.53425,2.8124,-0.58465,6.8269,0.31216,0
0.79538,2.4276,-0.62327,-2.7306,0.32654,0
1.1753,1.9403,-0.59624,-8.6471,0.71489,0
1.6501,1.5812,-0.51258,3.4135,-1.3707,0
2.315,1.7607,-0.44436,6.1442,-1.7447,0
0.89035,1.7351,-0.40575,-6.8267,-2.8666,0
0.41548,1.376,-0.26031,-5.9164,-2.809,0
1.3652,1.7864,-0.024771,6.3718,-1.5002,0
1.3652,2.5302,0.12324,2.2757,-1.2125,0
1.0803,2.7867,0.1181,-8.8747,0.71489,0
1.6501,2.325,0.012554,-1.3652,0.32654,0
2.125,1.8633,-0.10843,7.9647,0.82996,0
2.22,2.1711,-0.18308,0.68281,0.29777,0
0.51046,2.5302,-0.23972,-8.192,-0.39263,0
-0.34431,2.5302,-0.27061,1.1379,0.48476,0
-0.7242,1.9403,-0.26288,7.5096,0.12517,0
0.22554,0.93996,-0.21011,-4.0959,1.4916,0
0.79538,0.32437,-0.14061,-7.5093,0.94503,0
1.6501,0.52957,-0.04279,5.0064,0.62859,0
0.51046,1.5299,0.057602,5.4616,-0.090578,0
-0.34431,2.4789,0.11552,-6.5991,-1.8022,0
-0.62923,2.9663,0.14126,-5.2337,-1.8454,0
-1.294,3.274,0.18374,6.3718,-3.2837,0
-1.1991,2.6841,0.25968,3.6411,-2.7084,0
-0.7242,1.6068,0.30601,-7.5093,-3.0248,0
-1.6739,0.83736,0.29443,-1.5928,-2.8522,0
-1.389,0.42697,0.30601,7.9647,-2.3632,0
-0.7242,-0.13731,0.34205,-0.45498,-3.2118,0
0.32051,-0.7016,0.33047,-7.7369,-2.3919,0
1.3652,-0.52205,0.28928,2.0482,-3.4275,0
2.22,0.14483,0.25839,7.9647,-2.809,0
1.6501,0.65782,0.16186,-2.7306,-2.6508,0
0.22554,0.42697,0.043444,-7.2818,-2.694,0
0.32051,0.35002,0.064038,4.3238,-1.6008,0
-0.15436,0.88866,0.15413,6.3718,-2.1474,0
0.22554,1.376,0.19403,-6.3715,-1.155,0
0.035589,1.9659,0.167,-5.4613,-1.831,0
-0.53425,2.0942,0.096215,6.1442,-1.7303,0
-0.62923,1.5042,0.088493,2.7309,-1.4282,0
0.035589,0.96561,0.15671,-7.7369,-2.0036,0
0.7004,1.4016,0.2674,-3.1857,-1.0255,0
0.13056,1.9659,0.31116,7.7372,-1.7447,0
-0.34431,2.2994,0.25968,-0.68254,-1.0687,0
0.13056,2.5559,0.21849,-8.4196,-1.3995,0
0.60543,2.6072,0.24552,0.45525,-1.7447,0
0.79538,1.299,0.28928,7.7372,-1.155,0
-0.81917,-0.034715,0.3665,-2.503,-1.9604,0
-1.7689,-0.18861,0.4167,-7.9645,-0.79537,0
-0.53425,1.0169,0.32274,3.186,-1.155,0
0.51046,1.7864,0.16958,5.9167,-0.40701,0
0.7004,1.0426,0.167,-5.4613,0.21147,0
-0.059385,-0.47075,0.30472,-5.6889,-0.004278,0
-1.294,-0.77854,0.39868,5.9167,0.95941,0
-2.0538,-0.18861,0.39482,4.3238,0.22586,0
-2.0538,0.58087,0.31888,-6.5991,0.94503,0
-0.7242,0.35002,0.20304,-3.1857,0.70051,0
-0.24933,0.17048,0.10394,7.7372,0.62859,0
-2.2438,-0.13731,0.091067,1.8206,1.3765,0
-1.7689,-0.21426,0.13611,-8.192,0.78681,0
-1.1041,-0.16296,0.17601,0.00013542,1.7793,0
0.035589,0.093531,0.15928,7.7372,1.0745,0
-1.0091,0.11918,0.091067,-1.8203,1.3909,0
-1.0091,-0.16296,0.07176,-7.5093,1.4772,0
-0.059385,-0.3938,0.11166,3.6411,1.0889,0
0.60543,0.093531,0.18245,6.5994,2.0957,0
1.6501,0.35002,0.24809,-5.4613,1.4772,0
1.9351,0.093531,0.26482,-6.144,2.4553,0
0.7004,0.19613,0.23522,6.8269,2.2683,0
-0.34431,0.19613,0.23007,3.4135,2.369,0
0.22554,0.067882,0.26096,-7.2818,2.8868,0
1.3652,-0.36816,0.28928,-2.7306,2.2683,0
2.8848,-0.16296,0.26868,7.7372,3.2751,0
2.7898,0.47827,0.26611,0.68281,2.5416,0
1.6501,0.70911,0.33175,-8.192,3.1888,0
0.98533,0.32437,0.43086,1.8206,3.0738,0
0.035589,0.016583,0.52353,7.282,2.8436,0
-1.294,0.24743,0.53769,-3.6408,3.534,0
-0.43928,0.83736,0.50937,-7.2818,2.8868,0
0.60543,1.4273,0.45274,4.5513,3.8649,0
-0.15436,1.812,0.37937,5.9167,3.4334,0
-1.294,1.8633,0.31759,-6.8267,3.721,0
-1.389,0.99126,0.28027,-5.2337,4.095,0
-0.24933,0.58087,0.28799,6.8269,3.4765,0
-0.91415,1.2221,0.31888,2.7309,4.3683,0
-0.34431,1.4786,0.34076,-8.8747,3.5628,0
1.9351,0.88866,0.3472,-2.2755,4.1381,0
1.9351,0.45262,0.30987,8.1923,3.9224,0
0.41548,0.52957,0.23779,-1.5928,3.6491,0
0.32051,0.60652,0.22106,-7.7369,4.3251,0
-0.059385,0.70911,0.24166,2.5033,3.4765,0
0.035589,0.93996,0.27255,6.5994,4.2964,0
1.3652,1.0939,0.25324,-5.0062,3.534,0
2.125,1.299,0.18245,-6.8267,3.8073,0
1.4602,1.0426,0.078196,5.0064,3.8649,0
1.0803,0.24743,-0.006752,4.0962,3.1745,0
0.89035,-0.62465,-0.047939,-6.3715,3.9368,0
-0.53425,-0.77854,-0.055661,-3.6408,3.0162,0
-0.91415,0.016583,-0.067245,7.5096,3.6203,0
-0.059385,0.78606,-0.076255,2.7309,3.3039,0
-0.059385,0.78606,-0.067245,-7.0542,3.0738,0
-0.62923,0.37567,0.0022576,-0.9101,3.5628,0
0.13056,1.0426,0.088493,8.1923,2.6854,0
-0.059385,2.1711,0.088493,-0.45498,3.4909,0
-0.24933,1.9916,-0.0028907,-7.9645,2.6998,0
-0.53425,0.55522,-0.08269,3.186,2.9299,0
0.22554,-0.57335,-0.11873,6.3718,2.9875,0
0.60543,-0.75289,-0.17793,-4.3235,2.5128,0
1.4602,-0.0090658,-0.27961,-6.8267,3.2032,0
1.2702,0.47827,-0.37357,5.6891,2.2539,0
1.2702,0.60652,-0.41733,4.5513,2.9012,0
0.60543,0.83736,-0.37743,-7.5093,2.3402,0
0.22554,0.81171,-0.28476,-2.503,2.1245,0
1.0803,0.99126,-0.19724,7.7372,2.4841,0
2.6949,1.2734,-0.076255,1.1379,1.5635,0
2.03,0.73476,0.038296,-7.9645,2.3834,0
0.41548,0.27308,0.12067,-0.68254,1.319,0
0.32051,-0.16296,0.1773,7.0545,1.6786,0
-0.059385,-0.52205,0.17601,-1.8203,1.5635,0
0.035589,-0.599,0.098789,-7.7369,1.0169,0
0.7004,-0.62465,-0.017049,4.0962,1.7073,0
0.035589,-0.57335,-0.090413,6.1442,0.77243,0
-0.43928,-0.34251,-0.080116,-5.4613,1.6067,0
0.79538,-0.41945,-0.069819,-7.2818,0.97379,0
1.2702,-0.26556,-0.094274,4.7789,1.132,0
0.22554,-0.29121,-0.077542,3.6411,1.4197,0
-0.24933,-0.47075,-0.013187,-6.8267,0.72928,0
-0.7242,-0.5477,0.038296,-3.8684,1.7361,0
-0.81917,-0.57335,0.047306,6.8269,0.91626,0
0.035589,-0.18861,-0.0054649,1.1379,1.7361,0
0.79538,-0.034715,-0.074968,-7.5093,1.5779,0
0.79538,-0.13731,-0.13417,-0.22742,1.5635,0
0.98533,-0.060364,-0.16635,7.282,2.1964,0
0.89035,0.50392,-0.17021,-1.5928,1.4772,0
0.035589,0.86301,-0.16249,-7.7369,2.4841,0
-1.389,0.78606,-0.17407,3.8687,1.7505,0
0.22554,0.55522,-0.18952,6.5994,2.2539,0
1.6501,1.0169,-0.19209,-5.9164,2.4121,0
2.22,1.5042,-0.17922,-6.8267,1.9519,0
1.4602,1.4529,-0.17021,5.9167,2.8436,0
1.0803,1.1708,-0.19853,4.5513,1.9375,0
0.89035,1.1708,-0.25902,-7.0542,2.7861,0
0.79538,0.45262,-0.30664,-2.7306,2.3402,0
1.4602,-0.13731,-0.33367,8.1923,2.4409,0
0.60543,-0.88114,-0.3311,1.1379,2.8436,0
-0.34431,-1.625,-0.30407,-8.192,2.2683,0
-0.7242,-1.5737,-0.25773,0.45525,3.1313,0
0.13056,-0.5477,-0.22427,7.282,2.4265,0
0.7004,0.68346,-0.12774,-1.5928,3.0594,0
0.89035,0.37567,0.044732,-8.192,2.9012,0
0.035589,-1.3428,0.15413,2.9584,2.6998,0
-0.7242,-2.6253,0.13225,6.5994,3.2176,0
0.13056,-2.9331,0.061464,-5.0062,2.4265,0
1.5552,-2.4714,0.012554,-6.3715,3.2176,0
0.60543,-2.1893,-0.038929,5.4616,2.4984,0
0.51046,-1.9071,-0.073681,4.0962,2.8724,0
0.60543,-2.1123,-0.078829,-7.5093,2.9875,0
-0.62923,-3.1383,-0.015762,-3.8684,2.6279,0
-1.0091,-3.5487,0.08077,7.0545,3.419,0
-0.91415,-3.2152,0.17473,1.1379,2.5704,0
-0.7242,-2.6253,0.20047,-8.6471,3.4621,0
0.13056,-1.8302,0.15928,0.68281,3.0019,0
0.60543,-0.98374,0.10008,8.1923,3.0019,0
0.79538,-0.95809,0.10136,-1.8203,3.419,0
0.79538,-0.85549,0.17859,-8.4196,2.5704,0
0.79538,-0.36816,0.26611,2.9584,3.5053,0
0.98533,-0.36816,0.30344,6.3718,2.6423,0
-1.294,-0.7016,0.30987,-4.0959,3.2032,0
-1.579,-0.77854,0.3266,-6.3715,3.0738,0
-0.24933,-1.2146,0.31888,4.5513,2.7286,0
-0.15436,-1.2659,0.2867,4.5513,3.3471,0
-0.43928,-0.93244,0.24423,-6.3715,2.4409,0
-0.43928,-1.1633,0.18116,-2.9581,3.2032,0
0.79538,-1.112,0.1078,7.282,2.5128,0
1.9351,-0.90679,0.08077,1.5931,2.7861,0
1.6501,-0.13731,0.069186,-7.5093,2.858,0
1.7451,1.0426,0.060177,0.00013542,2.2971,0
1.5552,1.5042,0.084631,7.5096,2.9587,0
0.98533,1.0682,0.14512,-2.0479,2.0525,0
0.89035,0.27308,0.18374,-7.7369,2.7142,0
1.5552,-0.52205,0.23265,3.4135,2.3258,0
1.3652,-0.23991,0.28928,7.0545,2.369,0
1.0803,0.24743,0.29185,-5.4613,2.8005,0
1.8401,1.0426,0.30344,-6.144,2.0382,0
2.125,2.1198,0.28799,6.5994,3.0594,0
1.4602,1.7607,0.27898,4.5513,2.0382,0
0.89035,0.83736,0.34334,-7.5093,2.4409,0
-0.059385,-0.13731,0.46432,-3.1857,2.2971,0
-0.53425,-0.93244,0.61234,8.1923,1.8368,0
-0.7242,-0.85549,0.76679,2.0482,2.5416,0
-0.7242,-1.1376,0.86589,-8.4196,1.7505,0
0.13056,-1.8558,0.88649,1.5931,2.6854,0
0.7004,-1.4967,0.8556,6.3718,2.0813,0
0.035589,0.016583,0.79768,-2.7306,2.2539,0
-1.294,0.52957,0.7655,-6.3715,2.5272,0
-1.1991,-0.29121,0.73461,4.3238,1.9231,0
-0.81917,-1.1889,0.6561,5.4616,2.7717,0
-0.53425,-1.5224,0.60204,-6.8267,1.8656,0
-0.62923,-1.2659,0.62006,-5.0062,2.4841,0
-0.62923,-1.1889,0.63293,6.8269,2.2252,0
-0.53425,-0.72725,0.62263,2.5033,1.8368,0
0.89035,-0.16296,0.6162,-8.192,2.3258,0
2.125,-0.4964,0.57373,-1.5928,1.3334,0
0.89035,-0.82984,0.51581,7.282,2.1532,0
-0.24933,-0.7016,0.44244,-1.3652,1.4053,0
-0.53425,-0.67595,0.37423,-8.192,1.7073,0
-0.7242,-0.72725,0.28799,2.0482,1.8368,0
0.13056,-0.34251,0.14512,7.0545,1.2183,0
-0.15436,-0.23991,-0.027345,-4.3235,2.0957,0
-0.53425,-1.0863,-0.23843,-7.0542,1.2471,0
0.22554,-2.0097,-0.46109,4.7789,1.995,0
-0.059385,-2.4457,-0.73653,5.4616,1.5204,0
-1.294,-2.2662,-1.0493,-7.2818,1.3621,0
-0.34431,-1.5993,-1.2977,-4.3235,1.8512,0
-0.24933,-0.95809,-1.4586,6.8269,0.98818,0
-0.53425,-0.18861,-1.689,2.0482,1.9087,0
0.22554,0.22178,-1.9837,-7.5093,0.90188,0
1.5552,0.50392,-2.2489,-0.68254,1.3765,0
1.3652,0.47827,-2.5294,7.5096,1.1895,0
0.41548,0.093531,-2.7959,-1.1377,0.85873,0
-0.62923,-1.0863,-3.0121,-7.7369,1.621,0
-1.389,-2.5483,-3.2193,3.4135,0.81558,0
-1.1991,-2.138,-3.478,6.5994,1.7073,0
0.13056,-0.26556,-3.7947,-4.0959,1.1464,0
1.5552,0.78606,-4.1061,-6.144,1.3909,0
2.03,0.47827,-4.3919,5.6891,1.6354,0
1.3652,0.47827,-4.6802,4.3238,1.1752,0
0.22554,1.3247,-4.9505,-7.2818,2.0813,0
0.41548,2.6072,-5.1628,-3.8684,1.4197,0
-0.15436,3.8896,-5.3417,8.1923,2.0669,0
1.0803,4.1718,-5.4923,1.1379,1.6354,0
1.3652,3.6075,-5.5901,-7.9645,1.319,0
0.32051,2.915,-5.6867,0.45525,1.7217,0
1.0803,2.325,-5.7575,7.5096,0.82996,0
1.2702,0.81171,-5.7575,-2.2755,1.5923,0
0.7004,-0.85549,-5.7073,-7.9645,0.80119,0
-0.059385,-1.4967,-5.6403,4.5513,1.2902,0
1.0803,-1.3685,-5.5747,5.9167,1.2758,0
1.9351,-1.7019,-5.5091,-6.8267,0.88749,0
1.6501,-1.9841,-5.4305,-4.7786,1.6498,0
0.41548,-1.4198,-5.2903,6.8269,0.77243,0
-0.43928,-0.67595,-5.1049,2.2757,1.7217,0
0.98533,-1.112,-4.9157,-8.192,1.1464,0
1.1753,-2.1893,-4.6493,-1.1377,1.3765,0
1.7451,-2.3944,-4.2837,7.7372,1.5779,0
2.315,-2.138,-3.9414,-0.45498,0.85873,0
1.3652,-2.1123,-3.6119,-7.7369,1.7793,0
-0.7242,-1.7019,-3.2322,2.5033,0.71489,0
-0.34431,-0.82984,-2.7856,6.1442,1.2902,0
-0.24933,-0.21426,-2.3673,-4.5511,1.0313,0
0.13056,0.68346,-2.0738,-7.7369,0.80119,0
0.7004,0.70911,-1.8383,5.4616,1.4916,0
0.035589,-0.4451,-1.5744,4.7789,0.62859,0
-0.24933,-1.548,-1.2372,-6.8267,1.5635,0
0.035589,-1.2915,-0.84851,-4.7786,0.65736,0
0.035589,-0.98374,-0.51387,7.0545,0.95941,0
-0.62923,-0.67595,-0.20625,3.186,0.91626,0
-0.53425,-0.62465,0.17601,-8.4196,0.29777,0
0.13056,-0.4964,0.55957,-1.5928,1.1176,0
0.7004,-0.34251,0.88777,7.282,0.16832,0
0.79538,-0.52205,1.2314,-0.22742,1.0313,0
0.7004,-0.5477,1.6369,-8.6471,0.55667,0
0.51046,-0.52205,2.0835,1.8206,0.67174,0
0.89035,0.016583,2.5713,6.8269,1.1752,0
0.79538,1.376,3.0514,-2.7306,0.44161,0
0.89035,1.7864,3.5212,-7.7369,1.3478,0
-0.059385,0.65782,4.072,4.5513,0.54229,0
0.22554,-0.80419,4.7645,6.5994,1.0457,0
2.22,-1.1376,5.5316,-6.3715,1.0169,0
2.5999,-0.18861,6.2176,-5.2337,0.68613,0
2.5999,1.5042,6.7543,7.282,1.4341,0
1.6501,2.838,7.1713,3.4135,0.54229,0
0.51046,3.787,7.5459,-7.5093,1.319,0
-0.43928,4.1718,7.8689,-1.3652,0.67174,0
-0.7242,4.4796,8.0968,7.282,0.68613,0
-0.62923,5.326,8.3465,0.00013542,1.0601,0
-0.53425,5.3773,8.6258,-7.7369,0.42722,0
-0.7242,4.8643,8.8355,0.68281,1.4772,0
0.13056,3.9153,8.9565,7.0545,0.78681,0
-0.059385,3.0945,9.0003,-2.9581,1.4484,0
-1.294,3.0945,8.981,-7.0542,1.3765,0
-1.0091,3.4023,8.8754,4.5513,1.1608,0
-0.91415,3.6588,8.6785,5.6891,1.9087,0
-0.62923,4.813,8.416,-5.6889,1.1464,0
-0.62923,6.8393,8.1508,-5.4613,2.0957,0
-0.7242,8.3526,7.8677,6.1442,1.4484,0
-1.294,7.5575,7.5189,2.5033,1.6786,0
-1.9589,5.4799,7.1881,-7.7369,1.7649,0
-2.1488,3.351,6.8882,-1.8203,1.0457,0
-1.1991,2.2737,6.6166,7.5096,1.8656,0
-1.0091,1.4529,6.3103,-0.45498,0.87311,0
-0.91415,1.0169,5.9203,-8.192,1.693,0
-0.62923,1.4786,5.502,0.91037,1.2902,0
-1.1991,2.6585,5.0824,7.282,1.2183,0
-2.0538,4.0692,4.6358,-2.0479,1.7361,0
-0.62923,4.1718,4.2033,-7.2818,0.93064,0
-1.1041,3.2227,3.8262,4.3238,1.9662,0
-1.294,2.0172,3.5057,6.3718,1.1752,0
-0.059385,0.60652,3.2573,-5.6889,1.693,0
0.60543,0.016583,3.0128,-5.0062,1.5923,0
0.79538,0.22178,2.7746,6.8269,1.2758,0
0.89035,0.83736,2.5327,3.6411,1.9806,0
0.22554,1.1195,2.2186,-7.0542,1.0889,0
-0.43928,0.42697,1.8698,-3.1857,1.8224,0
0.89035,-0.34251,1.5429,8.1923,0.97379,0
1.2702,-0.57335,1.243,0.68281,1.2471,0
1.6501,-0.6503,1.0075,-8.192,1.3334,0
1.3652,-0.88114,0.77194,1.5931,0.75804,0
1.1753,-1.0863,0.5261,7.5096,1.5635,0
0.13056,-1.1889,0.28156,-2.9581,0.78681,0
-0.62923,-0.85549,0.056315,-7.7369,1.5204,0
-0.7242,-1.1633,-0.18308,3.8687,1.1032,0
0.79538,-1.8045,-0.38129,6.1442,1.1464,0
1.3652,-1.9071,-0.50872,-5.2337,1.5779,0
0.035589,-1.9328,-0.60782,-5.4613,0.95941,0
0.98533,-2.1893,-0.69277,6.3718,1.8943,0
1.3652,-2.5996,-0.80089,3.186,1.0026,0
0.89035,-2.8561,-0.95405,-7.2818,1.3909,0
0.035589,-2.7022,-1.1574,-2.2755,1.0745,0
-0.43928,-2.3688,-1.3247,7.282,0.55667,0
0.13056,-2.3944,-1.4187,0.68281,1.1032,0
1.3652,-2.8048,-1.4637,-8.192,0.010105,0
1.4602,-2.8561,-1.474,1.1379,0.67174,0
0.035589,-3.3948,-1.4573,7.0545,-0.1625,0
-0.43928,-4.4464,-1.4135,-2.9581,-0.20565,0
-0.62923,-5.498,-1.3968,-7.7369,-0.22003,0
0.035589,-5.0107,-1.4431,4.3238,-0.96797,0
1.2702,-4.0873,-1.5255,5.6891,-0.20565,0
2.7898,-3.6,-1.5577,-5.9164,-1.0111,0
2.03,-3.1896,-1.5757,-5.2337,-0.27756,0
1.2702,-3.3691,-1.6414,6.1442,-0.55085,0
0.89035,-3.523,-1.7044,2.7309,-0.69468,0
0.7004,-3.7795,-1.7031,-7.9645,-0.090578,0
0.035589,-3.8308,-1.7417,-2.7306,-0.82413,0
0.32051,-3.3948,-1.8923,7.5096,0.26901,0
0.60543,-2.574,-2.0301,0.45525,-0.22003,0
1.5552,-2.1893,-2.0764,-7.2818,0.55667,0
2.8848,-1.7532,-2.0532,1.8206,1.0313,0
2.6949,-1.1633,-2.0391,7.9647,0.91626,0
1.6501,-0.88114,-2.0725,-2.9581,2.1676,0
0.89035,-1.3172,-2.1588,-6.5991,1.5204,0
2.125,-1.8045,-2.2373,4.5513,2.5991,0
1.9351,-1.3941,-2.2489,6.1442,2.4697,0
0.89035,-0.75289,-2.1871,-6.3715,2.6998,0
0.7004,-1.0863,-2.0777,-5.6889,3.4334,0
0.035589,-0.95809,-1.958,6.5994,2.7286,0
-0.34431,-0.36816,-1.8872,3.186,3.6203,0
-0.059385,-0.29121,-1.837,-7.7369,2.6567,0
-0.91415,-0.85549,-1.7881,-1.5928,3.0019,0
-0.91415,-1.2659,-1.7675,7.0545,2.9875,0
1.6501,-1.8045,-1.7881,-1.3652,2.6423,0
3.2647,-2.1636,-1.8331,-7.2818,3.5053,0
2.03,-2.2149,-1.882,1.5931,2.743,0
1.2702,-2.0867,-1.8756,7.5096,3.6923,0
0.79538,-2.6253,-1.8627,-3.6408,3.2464,0
-0.059385,-2.3944,-1.8434,-7.0542,3.5628,0
0.13056,-0.98374,-1.7984,4.3238,3.8649,0
0.035589,0.81171,-1.801,4.7789,3.534,0
0.22554,1.376,-1.8447,-7.2818,4.771,0
0.79538,-0.18861,-1.8885,-4.0959,4.2964,0
0.13056,-2.8048,-1.8872,7.282,5.4614,0
-0.34431,-3.9334,-1.8898,2.5033,5.4902,0
0.89035,-1.9841,-1.8563,-8.4196,5.7922,0
1.8401,-0.086014,-1.7855,-2.0479,6.6121,0
1.3652,-0.7016,-1.7611,7.5096,6.0799,0
1.2702,-1.7276,-1.8228,-0.22742,7.2162,0
0.7004,-2.1636,-1.9052,-7.7369,6.5689,0
1.6501,-2.0354,-1.9889,1.1379,7.2593,0
0.79538,-1.112,-2.0288,7.5096,7.2593,0
-0.24933,-0.23991,-1.9606,-3.1857,6.7128,0
0.22554,-0.599,-1.855,-8.6471,7.1587,0
1.3652,-1.4454,-1.7714,4.3238,5.8354,0
2.125,-1.7019,-1.6465,6.3718,6.2237,0
1.3652,-1.6763,-1.4624,-5.6889,5.2744,0
1.5552,-2.2662,-1.3209,-5.9164,4.9868,0
-0.15436,-3.087,-1.3054,6.1442,5.0874,0
-0.91415,-3.01,-1.3518,3.8687,4.0806,0
-0.53425,-2.4714,-1.4135,-7.5093,4.7854,0
-0.62923,-2.2919,-1.4316,-3.4133,3.5916,0
0.13056,-2.3431,-1.3749,7.9647,3.9655,0
0.79538,-2.8818,-1.3119,1.3655,3.4046,0
0.89035,-3.4717,-1.2295,-8.6471,2.7861,0
0.7004,-3.7795,-1.1355,2.0482,3.0738,0
0.7004,-3.8565,-1.0995,7.7372,1.9231,0
2.4099,-3.6769,-1.0441,-2.2755,2.5704,0
1.0803,-3.6256,-0.96306,-6.8267,1.5779,0
-0.15436,-2.5996,-0.94247,4.7789,1.6498,0
-0.81917,-1.2659,-0.89999,5.9167,1.4341,0
-0.43928,-1.3685,-0.69663,-5.4613,0.57106,0
-1.579,-2.3944,-0.38902,-5.0062,1.0745,0
-0.53425,-2.4714,-0.18952,6.8269,-0.061812,0
0.7004,-1.4711,-0.15863,3.6411,0.44161,0
0.79538,-0.47075,-0.25516,-6.8267,-0.061812,0
-0.059385,-0.95809,-0.32595,-2.2755,-0.061812,0
0.22554,-2.0097,-0.40189,7.7372,0.36969,0
-0.059385,-1.5737,-0.53961,0.91037,-0.46455,0
-0.15436,0.11918,-0.62584,-7.9645,0.28339,0
0.13056,1.7094,-0.66574,0.91037,-0.66591,0
1.4602,1.9403,-0.66188,7.0545,-0.13373,0
1.4602,0.81171,-0.69921,-2.7306,-0.39263,0
0.89035,-0.62465,-0.71851,-7.2818,-0.75222,0
0.035589,-1.5737,-0.65802,3.4135,-0.22003,0
0.22554,-1.7532,-0.60525,5.9167,-1.1406,0
0.7004,-1.2659,-0.57565,-6.3715,-0.3351,0
1.6501,-0.5477,-0.54733,-5.6889,-1.1981,0
1.2702,-0.23991,-0.49585,6.1442,-1.155,0
0.89035,-0.060364,-0.43535,3.8687,-1.2125,0
0.035589,0.52957,-0.35298,-7.2818,-2.0036,0
0.89035,1.6325,-0.27061,-3.6408,-1.4282,0
1.8401,3.6331,-0.23199,7.282,-2.5501,0
0.79538,5.0182,-0.20882,1.3655,-1.9029,0
0.51046,3.7614,-0.1715,-8.6471,-2.3775,0
-0.059385,1.3247,-0.15219,0.45525,-2.4063,0
-1.294,0.76041,-0.19724,7.0545,-2.0755,0
-1.0091,1.8633,-0.2912,-2.0479,-2.8953,0
0.79538,1.7864,-0.39288,-7.2818,-1.8741,0
1.2702,0.83736,-0.35813,4.3238,-2.5501,0
0.13056,-0.034715,-0.25773,5.6891,-1.9317,0
-0.53425,-0.67595,-0.20496,-5.6889,-1.7878,0
0.035589,-0.13731,-0.20754,-4.7786,-2.1186,0
-0.15436,0.76041,-0.17922,7.282,-1.2556,0
-0.53425,0.37567,-0.063384,4.0962,-2.133,0
-1.294,-0.11166,0.073047,-7.7369,-1.1837,0
-1.0091,-0.3938,0.10909,-2.503,-1.6296,0
-0.7242,-0.16296,0.069186,8.1923,-1.3995,0
-0.34431,0.50392,0.029286,0.91037,-0.62276,0
-0.62923,1.299,0.025425,-7.9645,-0.80975,0
-0.7242,1.889,0.0099801,1.8206,0.77243,0
-0.62923,2.1968,-0.0054649,7.5096,0.13956,0
-1.294,1.6068,-0.026058,-3.1857,0.31216,0
-1.1991,0.88866,-0.044078,-6.3715,-0.076195,0
-0.81917,1.0169,-0.058236,4.5513,-0.1625,0
0.035589,1.4529,-0.11229,5.0064,1.8512,0
1.2702,2.1198,-0.19724,-7.0542,2.3402,0
2.315,2.5302,-0.27961,-3.8684,3.1745,0
1.4602,2.6841,-0.31565,7.7372,1.0169,0
0.22554,2.7611,-0.30922,0.91037,-1.3995,0
0.32051,2.9663,-0.29635,-7.9645,-2.507,0
-0.24933,3.0945,-0.25259,-0.22742,-3.1686,0
-0.53425,2.9663,-0.20882,7.0545,-0.66591,0
0.22554,2.3763,-0.21655,-1.5928,0.87311,0
0.13056,1.889,-0.17407,-7.9645,3.4477,0
0.32051,1.812,-0.069819,3.4135,4.0375,0
0.60543,2.3507,-0.054374,6.1442,3.2032,0
0.7004,2.5815,-0.095561,-5.2337,2.7142,0
0.89035,2.3507,-0.0917,-6.8267,0.78681,0
-0.53425,2.1455,-0.056948,6.1442,1.2183,0
-1.6739,1.4529,-0.02992,4.0962,0.84434,0
-1.389,0.35002,-0.018336,-7.7369,1.7505,0
-0.059385,-0.5477,0.013841,-4.3235,3.1888,0
0.60543,-0.599,0.08978,6.8269,3.5053,0
0.79538,-0.52205,0.18889,2.2757,4.9148,0
0.035589,-1.1889,0.24294,-8.192,4.1669,0
-0.53425,-1.4711,0.21077,-0.9101,5.1737,0
-0.53425,-0.88114,0.17473,7.282,5.3463,0
0.13056,-0.34251,0.18245,-1.8203,5.9361,0
0.7004,-0.060364,0.2275,-7.9645,7.3313,0
0.98533,0.45262,0.26225,3.4135,7.0436,0
0.035589,0.81171,0.29057,6.3718,7.8491,0
1.0803,0.78606,0.32274,-4.3235,6.1374,0
0.32051,1.1195,0.3266,-5.9164,5.2169,0
-1.1041,1.5555,0.28928,6.8269,3.908,0
-1.389,1.299,0.26482,3.8687,2.0669,0
-0.7242,0.47827,0.29443,-7.7369,1.1464,0
0.79538,-0.11166,0.3369,-2.2755,-1.4282,0
0.51046,-0.4964,0.34334,8.4198,-1.5289,0
-0.34431,-0.599,0.35878,0.45525,-2.1186,0
-0.62923,-0.599,0.427,-7.9645,-1.644,0
-0.62923,-0.5477,0.49006,2.0482,-0.78098,0
-0.62923,-0.13731,0.47076,6.5994,-1.155,0
-0.7242,0.29873,0.39997,-5.2337,0.13956,0
-1.389,0.22178,0.35749,-6.144,-0.57961,0
0.32051,-0.0090658,0.31759,5.234,0.36969,0
1.7451,0.27308,0.30344,5.9167,1.0026,0
0.7004,0.65782,0.29958,-6.3715,1.4053,0
-1.1041,0.37567,0.29443,-3.8684,2.7286,0
-0.059385,0.24743,0.28799,6.8269,2.0094,0
0.51046,0.42697,0.33819,1.5931,2.7717,0
-0.91415,1.2477,0.35363,-7.5093,1.9231,0
-0.24933,1.9146,0.25581,-0.9101,2.0957,0
0.51046,1.6581,0.18502,6.8269,2.0813,0
-0.059385,0.52957,0.14126,-1.8203,1.319,0
1.0803,-0.26556,0.08077,-8.8747,2.0813,0
0.51046,-0.21426,0.08077,2.2757,0.77243,0
-1.0091,-0.034715,0.14384,6.5994,0.52791,0
-0.15436,-0.4964,0.17988,-5.0062,-0.98235,0
-0.43928,-0.85549,0.17859,-6.5991,-2.2337,0
-0.53425,-0.36816,0.16186,6.1442,-2.2049,0
-1.484,1.1452,0.11938,4.3238,-2.8378,0
-2.1488,2.4533,0.1181,-7.5093,-1.457,0
-1.389,2.2994,0.1477,-4.5511,-1.5865,0
0.7004,1.299,0.2571,7.0545,-0.6803,0
1.2702,-0.67595,0.39868,1.8206,-0.018661,0
0.89035,-2.3431,0.48363,-8.192,0.010105,0
0.89035,-2.4714,0.44888,0.68281,1.5635,0
0.98533,-1.2659,0.32146,7.5096,1.1895,0
0.22554,0.067882,0.16958,-1.3652,2.858,0
-0.53425,1.3503,0.096215,-7.2818,3.1025,0
-0.059385,1.7094,0.13611,4.0962,3.6203,0
0.41548,1.4529,0.21205,7.0545,4.0662,0
-0.059385,0.91431,0.2468,-4.5511,3.0162,0
-1.1041,1.0426,0.20433,-6.144,3.4909,0
-1.0091,1.0426,0.15671,7.0545,2.2971,0
-1.6739,-0.26556,0.1477,4.3238,2.671,0
-1.294,-2.3175,0.21077,-7.5093,2.1964,0
-0.7242,-3.087,0.25839,-2.7306,1.7217,0
0.13056,-2.3175,0.26611,7.282,2.0957,0
0.035589,-0.93244,0.27126,0.68281,0.81558,0
0.22554,0.042233,0.26611,-8.192,1.2039,0
0.79538,0.19613,0.24938,0.91037,0.12517,0
0.41548,-0.80419,0.19532,7.282,0.34092,0
-0.7242,-1.7019,0.08077,-2.7306,0.95941,0
-1.0091,-0.77854,-0.017049,-6.3715,0.72928,0
0.7004,1.4786,-0.053087,5.4616,1.5779,0
1.9351,3.2227,-0.023484,4.7789,-0.076195,0
2.22,2.2224,0.038296,-7.5093,-0.72345,0
1.6501,0.067882,0.035722,-4.0959,-2.3344,0
0.98533,-0.11166,-0.023484,7.7372,-2.8522,0
-0.62923,0.76041,-0.054374,0.91037,-1.9604,0
-0.81917,1.2477,-0.058236,-8.6471,-1.644,0
-1.579,0.96561,-0.076255,-1.1377,0.26901,0
-1.294,0.14483,-0.12516,7.9647,-0.018661,0
-0.059385,-0.90679,-0.16249,-1.5928,0.58544,0
0.51046,-1.035,-0.14447,-7.5093,0.024489,0
0.13056,-0.95809,-0.032494,3.186,-0.91043,0
-1.294,-0.4451,0.08978,5.4616,-0.9392,0
-1.1041,-0.29121,0.16572,-5.6889,-2.1618,0
-0.7242,-0.34251,0.23651,-6.3715,-1.27,0
0.98533,0.067882,0.297,6.3718,-1.457,0
1.3652,0.40132,0.37294,3.8687,-0.70906,0
0.32051,-0.086014,0.46046,-7.9645,-0.37825,0
-0.53425,-0.47075,0.50808,-3.1857,-1.2269,0
-0.81917,-0.75289,0.51452,6.5994,-1.0111,0
0.035589,-1.2915,0.4566,0.91037,-2.4063,0
1.4602,-1.7789,0.39482,-7.9645,-2.133,0
0.51046,-1.7789,0.32146,0.45525,-2.5358,0
-1.294,-1.1889,0.22364,7.5096,-2.0755,0
-1.1041,0.11918,0.12453,-1.8203,-0.95358,0
1.5552,0.60652,0.030574,-7.5093,-1.2125,0
2.5049,-0.086014,0.033148,3.186,-0.22003,0
0.89035,-1.3428,0.11166,6.3718,-1.2844,0
-0.15436,-2.6766,0.19017,-4.5511,-1.0543,0
0.13056,-2.9587,0.22879,-6.5991,-1.5289,0
-0.7242,-1.4967,0.22621,5.4616,-2.3056,0
-1.0091,0.68346,0.18374,4.5513,-2.0036,0
-0.15436,1.9659,0.11938,-6.5991,-3.37,0
0.7004,1.9403,0.084631,-2.7306,-2.6221,0
-0.059385,0.96561,0.082057,7.9647,-2.8522,0
0.32051,0.37567,0.08077,1.8206,-1.8597,0
0.035589,0.17048,0.05889,-7.9645,-0.70906,0
-0.62923,-0.23991,0.030574,0.68281,-0.80975,0
0.89035,-0.7016,0.04988,8.1923,-0.018661,0
1.4602,-0.6503,0.083344,-1.5928,-1.4426,0
-0.62923,-0.3938,0.11037,-8.192,-1.4282,0
0.41548,-0.5477,0.1374,2.9584,-1.7303,0
1.7451,-0.93244,0.18889,6.5994,-1.4714,0
1.5552,-0.90679,0.22492,-4.5511,-0.14811,0
0.32051,-0.31686,0.19403,-6.144,-0.52208,0
0.22554,0.093531,0.17859,6.1442,0.34092,0
0.60543,0.22178,0.22235,4.0962,-0.82413,0
-0.7242,0.24743,0.2571,-7.0542,-1.2556,0
-1.1041,0.47827,0.24809,-3.4133,-1.3995,0
-0.059385,0.40132,0.24166,7.5096,-1.7303,0
0.60543,-0.4451,0.23779,1.1379,-0.20565,0
0.79538,-1.1376,0.23908,-8.192,-0.20565,0
0.13056,-1.3685,0.22492,-0.9101,1.132,0
-0.43928,-1.1376,0.14384,7.5096,1.0745,0
0.89035,-0.0090658,0.024138,-1.5928,0.68613,0
1.9351,0.99126,-0.047939,-7.5093,0.88749,0
1.6501,1.0939,-0.080116,3.4135,0.053256,0
1.0803,1.0682,-0.10457,5.9167,1.506,0
0.79538,0.86301,-0.16378,-5.2337,1.7649,0
0.22554,0.47827,-0.23843,-6.3715,3.2176,0
-0.43928,0.58087,-0.25516,5.9167,3.7498,0
0.035589,0.70911,-0.18437,4.3238,3.0019,0
-0.24933,-0.0090658,-0.13031,-8.192,2.8436,0
-0.34431,-0.599,-0.14704,-3.1857,1.3046,0
-0.62923,0.067882,-0.17922,7.7372,2.1964,0
-0.81917,0.63217,-0.2011,2.2757,2.4553,0
-0.81917,0.65782,-0.22942,-7.7369,3.6347,0
0.035589,0.42697,-0.24358,-0.68254,4.584,0
0.7004,0.58087,-0.21912,7.5096,3.8792,0
0.98533,0.78606,-0.19338,-0.9101,3.8505,0
0.035589,0.76041,-0.21269,-7.0542,1.6354,0
-1.1041,0.65782,-0.22942,3.186,1.0169,0
-1.1991,0.65782,-0.23071,6.8269,0.39846,0
-0.91415,0.70911,-0.20882,-5.2337,0.70051,0
0.79538,0.14483,-0.19982,-6.144,2.3834,0
1.8401,0.14483,-0.20882,5.9167,2.2539,0
2.4099,0.24743,-0.2011,4.5513,3.1888,0
0.7004,0.52957,-0.18694,-6.3715,2.0525,0
1.1753,0.78606,-0.14833,-3.8684,1.6642,0
2.03,0.47827,-0.12259,8.1923,1.132,0
0.79538,0.19613,-0.11873,1.8206,0.18271,0
-0.43928,-0.11166,-0.12002,-7.7369,1.3334,0
-0.62923,-0.11166,-0.073681,0.45525,1.2327,0
0.22554,0.093531,-0.015762,7.282,2.6567,0
0.51046,0.19613,0.015128,-2.9581,2.3978,0
0.79538,0.27308,0.022851,-6.8267,1.5635,0
0.89035,0.42697,0.046019,4.3238,1.0026,0
0.51046,0.24743,0.084631,6.5994,-0.73783,0
0.79538,0.11918,0.10008,-6.8267,-0.11935,0
0.035589,-0.0090658,0.076909,-5.4613,-0.47893,0
-1.1991,0.093531,0.026712,7.282,1.0169,0
-1.1991,0.17048,-0.044078,2.5033,1.6067,0
0.035589,0.17048,-0.098135,-8.4196,1.0745,0
-0.15436,0.45262,-0.12903,-1.8203,1.2327,0
-0.34431,1.2221,-0.14576,7.282,-0.3351,0
-0.53425,1.9659,-0.14962,-1.1377,0.42722,0
-0.7242,1.9659,-0.14061,-7.9645,0.38407,0
-0.7242,1.1965,-0.13546,2.7309,1.2902,0
-0.53425,0.58087,-0.12774,7.0545,1.9375,0
-0.81917,0.86301,-0.089126,-4.3235,1.3478,0
0.98533,0.96561,-0.032494,-6.8267,2.182,0
1.1753,0.63217,0.012554,5.4616,1.5204,0
0.98533,0.14483,0.034435,4.7789,2.6135,0
0.41548,-0.7016,0.060177,-7.7369,2.6998,0
0.32051,-1.112,0.066612,-3.6408,2.2108,0
1.3652,-0.88114,0.067899,7.282,1.9662,0
2.9798,-1.0094,0.087205,1.3655,0.39846,0
2.7898,-1.2146,0.098789,-8.4196,0.84434,0
1.6501,-1.112,0.066612,0.2277,0.010105,0
1.0803,-1.1633,-0.00031657,8.875,0.54229,0
0.79538,-0.85549,-0.055661,-1.3652,0.49914,0
0.79538,-1.0094,-0.045365,-6.8267,-0.14811,0
0.13056,-1.1376,0.0048318,4.5513,0.64298,0
-0.62923,-0.75289,0.020277,5.9167,-0.047428,0
0.035589,-0.29121,0.022851,-5.0062,1.0745,0
1.4602,0.14483,0.051167,-4.0959,0.61421,0
1.5552,0.32437,0.10522,6.3718,0.32654,0
0.32051,-0.18861,0.16572,2.9584,0.15394,0
-0.34431,-0.88114,0.24166,-8.6471,-0.9392,0
-0.62923,-1.1889,0.34591,-1.5928,-0.018661,0
-0.7242,-1.035,0.40512,7.5096,-0.62276,0
0.22554,-0.80419,0.3871,-0.68254,0.32654,0
-0.059385,-0.90679,0.35749,-8.4196,0.52791,0
0.22554,-0.98374,0.34205,0.68281,0.12517,0
0.60543,-1.0094,0.34334,6.5994,0.59983,0
0.035589,-1.0863,0.33947,-3.1857,-0.37825,0
-0.53425,-1.0094,0.3369,-7.2818,0.94503,0
-0.7242,-1.035,0.34205,4.3238,1.1176,0
-0.7242,-1.0094,0.34076,5.234,1.9087,0
-0.62923,-0.98374,0.3369,-5.4613,2.1964,0
-0.7242,-1.035,0.33819,-5.9164,1.3046,0
1.6501,-1.0094,0.34076,7.0545,1.693,0
3.2647,-1.0863,0.33819,2.9584,0.11079,0
3.4546,-0.80419,0.28156,-6.8267,0.28339,0
1.5552,-0.16296,0.079483,-2.2755,-0.19126,0
-0.24933,0.016583,-0.046652,7.0545,-0.004278,0
0.60543,0.47827,-0.12388,0.00013542,0.77243,0
1.2702,0.76041,-0.14962,-7.9645,0.038872,0
0.7004,0.73476,-0.1612,0.68281,0.85873,0
1.6501,0.76041,-0.19467,6.5994,0.13956,0
0.60543,1.2221,-0.24615,-2.0479,0.77243,0
-0.24933,1.3503,-0.2809,-6.3715,1.0169,0
0.22554,1.299,-0.27961,4.3238,0.52791,0
0.51046,0.83736,-0.25387,3.6411,0.87311,0
1.4602,0.52957,-0.2114,-7.2818,-0.66591,0
0.60543,0.42697,-0.20625,-3.8684,-0.090578,0
0.41548,0.93996,-0.26932,7.9647,-0.55085,0
2.125,1.4016,-0.27575,1.3655,0.13956,0
1.0803,0.78606,-0.18437,-7.5093,1.0313,0
-1.0091,0.29873,-0.10586,0.68281,1.1176,0
-1.1991,0.042233,-0.078829,7.5096,2.6567,0
-0.059385,0.042233,-0.054374,-1.1377,1.7936,0
-0.059385,-0.18861,0.0061189,-7.7369,1.9375,0
-0.62923,-0.18861,0.04988,3.6411,0.74366,0
0.13056,-0.23991,0.016416,6.3718,-0.34948,0
-0.059385,-0.21426,-0.096848,-5.2337,0.31216,0
-0.34431,-0.034715,-0.2809,-5.9164,0.38407,0
0.035589,0.40132,-0.37743,6.3718,2.3546,0
-0.43928,0.58087,-0.30922,4.0962,2.3115,0
-0.7242,0.47827,-0.13417,-7.2818,2.5272,0
-0.7242,-0.034715,0.016416,-3.1857,2.4409,0
0.13056,-0.4451,0.088493,6.8269,1.3765,0
2.22,-0.6503,0.11938,1.1379,1.9662,0
2.5049,-0.599,0.14512,-8.192,0.81558,0
0.98533,-0.72725,0.15413,0.45525,1.3334,0
-0.24933,-0.93244,0.16572,7.7372,1.1895,0
0.89035,-1.0094,0.19403,-2.503,0.88749,0
1.2702,-0.95809,0.17988,-6.8267,1.2327,0
2.5049,-0.6503,0.158,3.8687,-0.018661,0
1.8401,-0.3938,0.18889,5.9167,0.61421,0
1.7451,-0.4964,0.22621,-6.3715,-0.2488,0
0.60543,-0.62465,0.2468,-6.5991,0.096406,0
-0.059385,-0.88114,0.25195,6.1442,0.19709,0
-0.62923,-1.0607,0.27383,3.4135,-0.2488,0
0.22554,-1.2915,0.31245,-7.9645,0.90188,0
0.51046,-1.1376,0.32918,-3.4133,0.29777,0
1.5552,-0.95809,0.26096,6.5994,1.132,0
1.4602,-0.7016,0.13998,-0.68254,0.81558,0
0.13056,-0.67595,0.015128,-7.7369,0.95941,0
-0.62923,-0.6503,-0.10457,1.3655,1.7505,0
-1.389,-0.11166,-0.17279,7.5096,1.4197,0
-2.0538,-0.23991,-0.15477,-3.6408,2.4121,0
-0.53425,-0.6503,-0.11101,-6.3715,1.506,0
0.32051,-0.6503,-0.092987,6.1442,1.6498,0
-0.7242,-0.31686,-0.11229,4.7789,1.0169,0
-1.1041,-0.23991,-0.087839,-6.5991,-0.018661,0
-0.7242,-0.18861,0.029286,-3.4133,0.22586,0
0.79538,-0.21426,0.1477,7.9647,-0.75222,0
2.8848,-0.41945,0.18502,2.0482,0.29777,0
2.03,-0.0090658,0.17473,-8.192,0.28339,0
1.2702,0.14483,0.13225,-0.22742,1.2471,0
0.89035,-0.0090658,0.074335,7.282,2.2539,0
1.0803,0.016583,0.047306,-1.8203,2.2395,0
0.89035,-0.16296,0.057602,-6.8267,3.4477,0
1.5552,-0.26556,0.05889,4.0962,2.5416,0
1.2702,0.24743,0.069186,5.4616,2.9299,0
-0.62923,0.22178,0.074335,-5.2337,2.0957,0
-1.0091,0.22178,0.007406,-4.7786,1.3909,0
0.13056,0.47827,-0.19209,6.8269,1.4628,0
0.7004,1.4016,-0.41476,2.7309,0.47037,0
-0.059385,1.5812,-0.47783,-7.5093,1.5491,0
-0.34431,0.78606,-0.4006,-1.1377,0.93064,0
0.13056,0.042233,-0.29249,7.7372,1.7793,0
-0.15436,-0.26556,-0.19982,-0.9101,2.1532,0
-0.62923,-0.599,-0.078829,-7.5093,2.1964,0
-0.62923,-0.599,0.04988,2.9584,3.4909,0
-0.7242,-0.5477,0.062751,7.282,3.045,0
-0.62923,-0.23991,0.00097052,-4.3235,3.8073,0
-1.484,-0.23991,-0.019623,-7.2818,2.9156,0
-1.1991,-0.3938,0.024138,4.0962,2.5272,0
-0.24933,-0.29121,0.029286,4.7789,2.4121,0
0.7004,-0.13731,-0.036355,-7.0542,1.4484,0
-0.91415,-0.034715,-0.11744,-4.5511,2.1676,0
-1.7689,-0.16296,-0.17793,6.5994,0.84434,0
-0.34431,0.29873,-0.22684,1.8206,1.0889,0
1.3652,0.37567,-0.2513,-8.192,0.68613,0
1.1753,-0.26556,-0.21011,-0.68254,0.84434,0
0.22554,-0.3938,-0.1213,7.5096,2.3402,0
-1.1991,-0.086014,-0.044078,-1.3652,2.369,0
-1.294,-0.16296,-0.00031657,-8.192,3.7066,0
-0.059385,-0.36816,-0.0054649,2.0482,2.743,0
0.7004,0.093531,-0.027345,6.1442,2.4697,0
0.035589,0.42697,-0.059523,-4.3235,2.3115,0
-1.1991,0.40132,-0.086552,-7.2818,2.0813,0
0.22554,0.22178,-0.15219,5.4616,3.9943,0
1.8401,0.19613,-0.19081,4.3238,4.6847,0
2.22,0.24743,-0.17922,-6.3715,6.871,0
0.7004,0.55522,-0.1818,-3.1857,7.5758,0
-0.34431,0.50392,-0.241,7.282,7.6765,0
0.13056,0.32437,-0.27961,2.0482,7.8922,0
0.51046,0.22178,-0.22427,-7.0542,6.5546,0
-0.62923,0.14483,-0.1419,0.00013542,7.173,0
-0.91415,-0.034715,-0.0917,7.7372,6.5833,0
0.89035,-0.16296,-0.083977,-1.8203,7.8347,0
2.125,-0.086014,-0.11101,-7.7369,8.5251,0
0.79538,0.11918,-0.10457,3.8687,8.6401,0
0.51046,0.17048,-0.072394,6.3718,9.2443,0
0.7004,-0.13731,-0.058236,-5.2337,7.9497,0
0.035589,-0.47075,-0.02992,-5.6889,8.2374,0
-0.53425,-0.4964,-0.037642,7.0545,7.1874,0
-0.7242,-0.4451,-0.047939,3.6411,7.1443,0
-1.579,-0.72725,-0.02091,-7.5093,7.2593,0
-1.1991,-0.72725,0.0048318,-2.9581,6.8278,0
-0.15436,-0.93244,0.039583,7.282,8.0936,0
0.13056,-0.95809,0.047306,0.45525,7.4463,0
0.035589,-1.0094,0.066612,-8.192,8.3956,0
0.7004,-1.035,0.12324,0.2277,8.108,0
-0.81917,-1.0094,0.17215,7.282,8.0504,0
-1.9589,-1.0094,0.16314,-1.3652,8.6401,0
-1.294,-1.0607,0.087205,-8.8747,7.7915,0
-0.7242,-1.112,0.020277,3.4135,8.8415,0
0.13056,-1.2659,0.0048318,5.9167,7.9929,0
-0.81917,-1.4454,0.046019,-5.2337,8.3525,0
-0.91415,-1.4454,0.092354,-5.9164,8.4244,0
0.13056,-1.4454,0.11295,6.1442,7.7915,0
-0.059385,-1.4198,0.12968,3.4135,8.7265,0
-0.43928,-1.3685,0.13225,-8.192,7.8491,0
1.1753,-1.035,0.13869,-2.7306,8.41,0
1.8401,-0.6503,0.1374,8.1923,7.5758,0
2.125,-0.599,0.10522,0.00013542,6.8998,0
1.5552,-0.67595,0.13869,-7.9645,6.6265,0
0.13056,-1.1376,0.20304,0.45525,5.0011,0
-0.34431,-0.95809,0.19532,7.7372,5.0731,0
-1.389,-0.4451,0.11681,-2.7306,3.6491,0
-1.1041,-0.29121,0.05889,-7.0542,4.1813,0
0.79538,-0.52205,0.04087,4.5513,4.5121,0
1.2702,-0.36816,0.051167,5.0064,4.8142,0
1.0803,0.042233,0.067899,-6.144,5.6196,0
0.13056,0.19613,0.084631,-5.4613,3.9368,0
0.41548,0.11918,0.076909,7.0545,3.0019,0
0.7004,-0.11166,0.097502,3.4135,0.61421,0
1.5552,-0.18861,0.17344,-7.0542,-0.061812,0
1.3652,-0.086014,0.2275,-1.5928,0.096406,0
0.32051,0.35002,0.21591,8.1923,0.16832,0
0.32051,0.55522,0.17988,0.45525,1.9231,0
0.035589,0.24743,0.12711,-7.2818,1.8368,0
0.32051,-0.034715,0.087205,1.8206,3.0306,0
0.60543,-0.034715,0.074335,7.7372,3.0019,0
-1.0091,0.093531,0.05889,-2.503,3.3902,0
-1.1991,0.27308,0.0022576,-7.5093,4.5696,0
0.7004,0.47827,-0.062097,4.3238,4.7279,0
0.32051,0.50392,-0.063384,5.9167,6.5546,0
-1.1041,0.042233,0.013841,-5.4613,6.5546,0
-0.53425,-0.29121,0.11552,-5.0062,7.7484,0
0.60543,-0.6503,0.19918,5.9167,8.4388,0
-0.059385,-0.41945,0.26225,3.4135,8.784,0
0.22554,-0.4451,0.28156,-7.0542,10.553,0
0.7004,-0.21426,0.23651,-2.0479,10.783,0
0.22554,0.042233,0.16057,7.9647,12.783,0
-0.34431,-0.086014,0.08978,-0.68254,13.243,0
-0.81917,-0.16296,0.035722,-9.5574,13.531,0
-0.7242,-0.16296,-0.015762,0.91037,13.631,0
-1.1991,-0.11166,-0.050513,6.5994,12.294,0
-1.9589,0.17048,-0.032494,-3.6408,12.826,0
-1.389,0.50392,-0.022197,-6.5991,11.517,0
1.5552,0.60652,-0.08269,5.6891,11.603,0
2.5049,0.76041,-0.16506,4.7789,10.927,0
0.89035,1.3247,-0.19982,-6.8267,10.179,0
-1.1041,1.5555,-0.19209,-4.5511,10.625,0
-0.34431,1.0939,-0.14061,7.0545,9.4744,0
1.1753,0.45262,-0.02091,2.0482,10.381,0
1.5552,0.22178,0.070473,-8.4196,9.7477,0
0.32051,0.11918,0.064038,-0.9101,9.6614,0
-1.1991,-0.034715,-0.04279,7.282,9.5607,0
-0.43928,-0.0090658,-0.15734,-1.1377,8.3956,0
1.2702,-0.086014,-0.2011,-7.7369,9.2299,0
2.125,-0.23991,-0.14833,2.7309,8.6977,0
3.1697,-0.4964,-0.026058,7.282,10.323,0
1.1753,-0.599,0.11037,-4.0959,11.474,0
-0.059385,-0.52205,0.19403,-6.3715,12.639,0
1.0803,-0.29121,0.23265,5.6891,13.804,0
1.9351,-0.21426,0.25195,4.5513,13.013,0
-0.24933,-0.29121,0.25324,-6.3715,13.415,0
-1.8639,-0.67595,0.24166,-3.1857,12.552,0
-1.294,-0.62465,0.22879,7.7372,13.329,0
0.035589,-0.36816,0.16829,0.91037,13.833,0
-0.15436,-0.4964,0.048593,-7.5093,13.415,0
-0.62923,-0.47075,-0.083977,0.91037,13.344,0
-0.43928,-0.034715,-0.14833,7.0545,11.301,0
-1.579,-0.34251,-0.14318,-3.1857,11.445,0
-2.0538,-1.0094,-0.078829,-6.5991,10.855,0
-1.484,-0.95809,-0.00031657,3.8687,10.683,0
-0.7242,-1.0094,0.042157,6.8269,10.582,0
-0.91415,-1.0607,0.066612,-5.2337,9.0429,0
1.5552,-1.0094,0.069186,-5.6889,9.2011,0
2.125,-0.88114,0.020277,5.9167,7.8634,0
1.6501,-0.36816,-0.038929,3.8687,8.108,0
0.98533,-0.23991,-0.056948,-7.2818,8.2806,0
1.6501,-0.26556,-0.04279,-2.7306,8.6114,0
1.4602,-0.57335,-0.022197,7.5096,10.74,0
0.79538,-0.72725,0.031861,0.91037,11.344,0
0.035589,-0.4964,0.11166,-8.6471,12.682,0
-1.389,-0.47075,0.167,-0.22742,11.172,0
-0.34431,-0.3938,0.15671,7.9647,8.6833,0
1.4602,0.42697,0.12968,-3.6408,6.4251,0
2.03,1.0682,0.13869,-8.192,3.6347,0
1.5552,1.1708,0.17473,4.3238,3.3471,0
0.22554,1.299,0.22621,5.6891,2.2252,0
0.13056,1.1195,0.27255,-5.6889,3.0162,0
-0.15436,1.1195,0.31245,-5.4613,3.232,0
-0.62923,1.4273,0.27126,7.0545,2.7573,0
-0.62923,1.7351,0.12067,2.2757,2.9156,0
0.32051,1.7094,-0.031207,-7.7369,1.1608,0
1.5552,1.2221,-0.027345,-1.8203,1.3478,0
1.3652,1.0682,0.052454,7.5096,0.082022,0
0.98533,0.93996,0.033148,0.68281,-0.076195,0
-0.7242,0.73476,-0.055661,-7.0542,-0.061812,0
-1.0091,0.96561,-0.078829,0.91037,-0.75222,0
-1.484,0.78606,-0.0093262,7.5096,-0.36386,0
-1.1991,0.14483,0.083344,-2.503,-1.9029,0
-0.059385,-0.0090658,0.18374,-7.5093,-1.7447,0
-0.059385,0.042233,0.24809,4.0962,-2.6364,0
-0.53425,0.016583,0.29314,6.5994,-3.2262,0
0.22554,0.40132,0.32532,-5.4613,-3.0823,0
-0.24933,0.50392,0.30086,-5.6889,-3.9166,0
-0.53425,0.35002,0.27383,6.5994,-2.9673,0
-0.81917,0.11918,0.26482,3.8687,-3.8303,0
1.6501,-0.11166,0.25067,-7.0542,-3.5426,0
2.315,-0.18861,0.21463,-2.0479,-3.8734,0
1.6501,-0.086014,0.14899,8.4198,-4.6214,0
1.0803,0.11918,0.084631,1.3655,-4.42,0
0.7004,0.52957,0.035722,-7.5093,-5.6713,0
0.79538,0.73476,0.027999,1.5931,-4.8659,0
-0.059385,0.37567,0.046019,6.8269,-5.4268,0
0.32051,0.24743,0.12453,-4.0959,-4.9666,0
1.5552,0.22178,0.21334,-7.0542,-4.8659,0
0.60543,0.27308,0.25968,5.234,-5.3837,0
-0.15436,0.60652,0.25067,5.0064,-4.0892,0
-0.62923,0.76041,0.20176,-6.8267,-4.233,0
-0.7242,0.55522,0.13097,-4.0959,-2.6652,0
0.035589,-0.0090658,0.060177,6.5994,-2.1474,0
-0.15436,-0.11166,0.0099801,1.8206,-1.1981,0
-0.62923,0.11918,0.024138,-8.192,0.84434,0
1.8401,0.14483,0.065325,-1.5928,1.6642,0
2.5049,0.27308,0.1078,7.282,4.0087,0
1.8401,0.27308,0.16186,-0.9101,5.2169,0
-0.62923,0.45262,0.19661,-7.9645,8.3812,0
-1.7689,0.17048,0.24037,2.2757,9.8771,0
-1.484,-0.0090658,0.24037,7.0545,8.1367,0
-0.059385,0.22178,0.20819,-4.0959,4.5121,0
0.79538,0.35002,0.22879,-6.144,-2.1043,0
0.7004,0.35002,0.26482,5.6891,-6.7069,0
0.60543,0.55522,0.23522,3.6411,-11.367,0
0.79538,0.91431,0.167,-6.5991,-14.186,0
2.4099,1.0682,0.087205,-2.9581,-16.43,0
2.5999,1.4016,0.026712,7.7372,-19.652,0
0.98533,1.7094,0.044732,1.5931,-21.378,0
0.41548,1.889,0.085918,-8.6471,-24.14,0
0.7004,2.1711,0.14126,-0.68254,-23.838,0
0.035589,2.1198,0.20562,7.7372,-22.557,0
-1.1041,1.7094,0.21205,-1.3652,-19.623,0
-0.34431,1.4529,0.18889,-7.7369,-14.618,0
0.41548,1.1708,0.18116,2.9584,-11.008,0
-0.059385,1.0426,0.15928,6.8269,-6.2611,0
-1.1991,1.0682,0.084631,-4.3235,-3.859,0
-2.0538,1.1965,0.0035447,-6.3715,-1.5002,0
-1.484,1.1195,-0.019623,6.1442,-0.004278,0
-0.059385,1.0682,-0.0028907,3.6411,0.26901,0
0.60543,1.0426,-0.02091,-6.5991,1.4628,0
1.4602,1.0939,-0.080116,-3.1857,0.58544,0
2.315,1.4273,-0.12259,7.282,1.1176,0
1.6501,1.9146,-0.10714,2.0482,-0.033045,0
1.0803,2.0172,-0.044078,-7.5093,-1.3995,0
1.0803,2.1968,0.015128,-0.9101,-2.507,0
1.1753,2.2481,-0.00031657,7.7372,-4.607,0
0.79538,2.2481,-0.027345,-0.22742,-4.42,0
2.22,2.325,-0.058236,-7.9645,-5.3981,0
2.5049,2.2224,-0.077542,2.0482,-4.9809,0
1.7451,2.3763,-0.1213,7.282,-5.1823,0
0.89035,2.8893,-0.1818,-4.3235,-5.585,0
-0.059385,3.1458,-0.19853,-6.3715,-4.6501,0
-0.62923,3.3766,-0.19982,5.4616,-4.8946,0
-0.81917,3.4536,-0.21783,4.7789,-3.2405,0
-0.7242,3.6331,-0.23972,-6.5991,-2.8378,0
0.89035,4.0435,-0.22298,-4.0959,-1.4714,0
1.9351,4.0435,-0.15219,6.8269,0.31216,0
0.79538,4.2231,-0.058236,0.91037,1.2471,0
-0.34431,3.9922,0.048593,-8.8747,3.7066,0
-0.81917,4.0692,0.13354,0.2277,3.9512,0
1.8401,4.6335,0.1477,6.5994,5.3607,0
2.5049,4.9156,0.12711,-3.4133,5.4758,0
0.89035,4.5565,0.12067,-7.9645,5.3176,0
-0.34431,4.4026,0.12582,3.6411,5.9073,0
0.22554,4.5822,0.11037,5.234,4.7998,0
0.60543,4.6591,0.085918,-5.9164,5.3463,0
1.6501,4.1718,0.070473,-5.0062,3.9224,0
1.3652,4.0692,0.048593,6.5994,3.7642,0
0.89035,4.2231,-0.0054649,3.8687,3.3902,0
-0.7242,4.2744,-0.076255,-6.5991,2.3402,0
-1.7689,3.8896,-0.1316,-2.7306,2.7861,0
-1.6739,3.5562,-0.14962,8.1923,1.8224,0
-0.81917,3.9922,-0.14447,1.3655,2.7861,0
-0.62923,3.9666,-0.13031,-8.192,2.5272,0
0.13056,3.8127,-0.16378,2.2757,2.9012,0
1.4602,3.4536,-0.22942,8.1923,3.534,0
0.7004,2.8893,-0.26803,-2.9581,3.1313,0
-0.53425,2.7098,-0.28862,-7.5093,4.1094,0
0.13056,2.6585,-0.32338,4.3238,3.4621,0
0.60543,2.6841,-0.3105,6.5994,4.1238,0
-0.059385,2.5302,-0.22684,-5.2337,3.7786,0
-0.53425,2.0942,-0.15863,-5.0062,3.3327,0
0.89035,1.812,-0.13675,7.0545,3.6635,0
1.0803,1.6325,-0.17665,3.4135,2.8436,0
0.32051,1.7607,-0.22427,-7.5093,3.8792,0
-0.53425,1.6325,-0.20882,-2.7306,3.1025,0
1.0803,1.0426,-0.15734,7.7372,3.6347,0
1.2702,0.99126,-0.1316,0.45525,3.4046,0
0.32051,0.99126,-0.17793,-8.192,2.7573,0
0.32051,0.88866,-0.25387,1.1379,3.3327,0
0.7004,0.50392,-0.25001,6.5994,2.4841,0
0.60543,0.70911,-0.21269,-3.8684,3.5772,0
-0.62923,1.0169,-0.18694,-7.5093,3.1888,0
-1.9589,0.83736,-0.18308,4.0962,3.3758,0
-0.53425,0.93996,-0.16249,5.234,3.5916,0
0.51046,1.0426,-0.14447,-6.3715,2.858,0
1.6501,0.96561,-0.14833,-5.2337,3.8217,0
2.22,0.68346,-0.13289,7.282,3.2032,0
1.6501,0.70911,-0.076255,2.2757,4.1813,0
1.1753,0.86301,-0.054374,-8.192,4.095,0
-0.62923,0.76041,-0.086552,-1.8203,3.7354,0
-0.24933,0.86301,-0.12903,8.6474,4.282,0
2.03,0.65782,-0.18051,0.00013542,3.3327,0
2.6949,0.24743,-0.19982,-7.9645,4.3251,0
0.98533,-0.034715,-0.16764,2.0482,3.7642,0
0.51046,-0.31686,-0.098135,6.5994,4.2532,0
0.79538,-0.4451,-0.064671,-3.1857,4.4833,0
1.4602,-0.13731,-0.067245,-6.8267,4.2101,0
1.9351,0.27308,-0.069819,4.0962,5.0155,0
1.5552,-0.034715,-0.081403,5.4616,4.0662,0
0.89035,-0.21426,-0.11873,-5.6889,4.6847,0
-0.059385,-0.4964,-0.17021,-5.0062,3.9368,0
-0.62923,-0.62465,-0.18566,6.8269,3.6923,0
-1.389,-0.5477,-0.15863,2.7309,3.7642,0
-2.0538,-0.599,-0.13932,-7.0542,2.743,0
-1.294,-0.52205,-0.16764,-0.9101,3.3327,0
-0.7242,-0.21426,-0.18952,8.1923,2.2683,0
-1.579,-0.13731,-0.14962,0.91037,2.5991,0
-1.1991,-0.72725,-0.10586,-7.5093,2.4553,0
-0.7242,-1.1376,-0.1316,2.0482,2.0094,0
-0.62923,-0.85549,-0.1316,8.1923,2.9731,0
-0.62923,-0.85549,-0.080116,-2.2755,2.6567,0
0.22554,-0.7016,-0.06081,-6.8267,4.1957,0
0.7004,-1.0094,-0.065958,5.234,4.0231,0
0.89035,-1.4454,-0.069819,4.7789,3.1025,0
1.7451,-2.138,-0.073681,-5.9164,0.93064,0
2.03,-1.9328,-0.056948,-4.0959,-2.5214,0
2.315,-1.4454,-0.006752,7.5096,-3.3268,0
1.5552,-1.1889,0.024138,2.0482,-3.9885,0
0.98533,-1.5224,0.043444,-8.192,-1.6008,0
-0.059385,-1.9328,0.04988,-1.3652,-0.018661,0
-0.34431,-1.9841,0.022851,6.8269,0.72928,0
0.89035,-2.1123,-0.049226,-2.2755,0.82996,0
1.2702,-1.9071,-0.14962,-8.192,-1.5002,0
0.22554,-1.7789,-0.20496,4.0962,-1.7447,0
0.32051,-1.4711,-0.15091,5.4616,-2.4495,0
0.79538,-1.3685,-0.098135,-6.8267,-0.80975,0
0.7004,-1.1633,-0.076255,-5.2337,0.98818,0
0.79538,-1.3428,-0.074968,6.3718,1.4628,0
0.22554,-1.3172,-0.085264,2.9584,2.3115,0
0.13056,-1.0094,-0.10714,-7.7369,0.75804,0
0.7004,-0.98374,-0.18437,-1.3652,0.80119,0
0.89035,-1.4454,-0.27447,8.1923,0.010105,0
0.32051,-1.4711,-0.3607,-0.45498,-0.11935,0
0.41548,-1.5993,-0.34654,-8.8747,0.59983,0
0.60543,-1.9584,-0.24615,0.91037,0.010105,0
0.60543,-1.9328,-0.19724,7.282,0.85873,0
0.13056,-2.0354,-0.18823,-3.1857,-0.40701,0
0.41548,-2.8561,-0.13031,-7.7369,-0.594,0
-0.059385,-3.4204,0.0048318,4.3238,-1.1981,0
-0.62923,-3.3435,0.12839,5.6891,-2.2193,0
-1.294,-2.9074,0.17215,-6.5991,-1.8166,0
-1.1991,-2.8305,0.16186,-3.6408,-3.0536,0
-1.484,-3.1639,0.14641,7.5096,-2.4063,0
-2.0538,-3.01,0.16572,3.4135,-3.2837,0
-1.294,-2.4201,0.20562,-7.7369,-3.3844,0
0.13056,-2.3175,0.19918,-1.3652,-3.2693,0
-0.15436,-2.6253,0.167,7.9647,-3.9453,0
-0.7242,-2.8048,0.15156,-0.68254,-2.881,0
0.79538,-2.3175,0.12196,-7.5093,-3.4275,0
2.125,-1.9328,0.047306,1.5931,-2.4638,0
1.4602,-2.1893,-0.026058,7.0545,-2.6077,0
-0.62923,-1.8302,-0.0518,-2.9581,-2.6652,0
-1.7689,-1.2659,-0.054374,-7.2818,-2.3056,0
-0.53425,-1.1633,-0.081403,3.8687,-3.4563,0
1.1753,-1.3172,-0.11101,5.4616,-2.8522,0
1.2702,-1.4198,-0.13546,-5.6889,-3.6577,0
0.98533,-1.8558,-0.096848,-5.0062,-2.7227,0
0.98533,-2.0354,-0.02091,6.5994,-1.9892,0
0.7004,-2.061,-0.014475,2.9584,-1.8166,0
1.6501,-2.4201,-0.044078,-7.7369,-0.63715,0
0.51046,-2.5227,-0.083977,-0.9101,-1.2844,0
0.41548,-2.4457,-0.11229,6.5994,-0.83852,0
1.5552,-2.7022,-0.096848,-1.8203,-1.9317,0
2.125,-2.9074,-0.062097,-8.192,-2.0899,0
0.51046,-2.8561,-0.059523,2.5033,-1.3851,0
-1.1991,-3.0613,-0.078829,5.0064,-1.4714,0
-1.0091,-3.3691,-0.094274,-6.3715,-0.19126,0
-0.81917,-3.4461,-0.12388,-6.3715,-1.1693,0
0.22554,-3.4974,-0.1213,6.1442,-0.7666,0
0.60543,-3.6769,-0.045365,3.6411,-1.3995,0
1.6501,-3.2922,0.037009,-8.4196,-1.8885,0
1.8401,-3.2409,0.04988,-2.503,-1.1981,0
2.315,-3.2665,0.015128,7.282,-1.2556,0
1.5552,-2.9587,0.0086931,1.1379,0.70051,0
1.6501,-3.0613,0.017703,-7.7369,0.61421,0
2.125,-3.3435,0.052454,1.1379,0.97379,0
0.51046,-2.9844,0.098789,7.5096,0.41284,0
0.41548,-2.4457,0.10522,-1.8203,-0.73783,0
1.4602,-2.2406,0.087205,-7.0542,-0.39263,0
0.60543,-2.2919,0.053741,3.6411,-1.4139,0
-0.34431,-2.497,-0.031207,5.9167,-0.92482,0
-0.81917,-2.3944,-0.090413,-5.0062,-1.5865,0
-1.1991,-2.5227,-0.058236,-5.2337,-1.831,0
-1.1041,-2.3944,0.04988,6.5994,-1.3563,0
-1.579,-2.2662,0.15027,3.186,-2.0323,0
-2.0538,-2.2149,0.16572,-7.5093,-0.98235,0
-1.294,-2.4201,0.14512,-1.3652,-1.5433,0
-0.7242,-2.9331,0.11938,8.4198,-0.79537,0
-1.579,-3.2922,0.10265,0.00013542,-0.72345,0
-1.294,-3.3178,0.085918,-7.5093,-1.083,0
-0.7242,-3.01,0.066612,1.8206,-0.72345,0
-0.91415,-3.0613,0.05889,7.282,-2.0036,0
-0.7242,-3.01,0.078196,-3.6408,-1.7159,0
0.22554,-2.8048,0.12968,-7.2818,-2.7947,0
0.13056,-2.8305,0.17859,3.8687,-2.8522,0
-0.43928,-2.4457,0.20433,5.234,-2.6221,0
-0.62923,-2.4201,0.20819,-6.144,-3.1974,0
-0.62923,-2.7535,0.20562,-5.9164,-2.32,0
0.035589,-2.3688,0.12196,5.9167,-3.2693,0
0.7004,-2.1123,0.029286,2.9584,-2.7659,0
0.79538,-2.0097,0.0035447,-7.5093,-3.2693,0
0.13056,-1.9584,0.027999,-2.9581,-3.6289,0
-0.53425,-2.0867,0.057602,7.7372,-2.8378,0
-0.53425,-1.8815,0.065325,0.68281,-3.2405,0
0.13056,-1.9328,0.047306,-8.192,-2.0036,0
-0.15436,-1.9328,0.024138,0.2277,-2.7659,0
-0.7242,-1.6763,0.0035447,6.8269,-2.7227,0
-0.059385,-1.3941,-0.027345,-2.7306,-2.8378,0
0.60543,-1.1889,-0.056948,-8.192,-3.2262,0
0.79538,-1.3172,-0.0518,3.8687,-2.1762,0
0.60543,-1.2402,-0.0028907,5.0064,-2.9816,0
-0.15436,-0.88114,0.033148,-5.4613,-2.4063,0
-1.294,-0.90679,0.037009,-5.2337,-2.996,0
0.32051,-1.112,0.0061189,6.3718,-2.809,0
0.22554,-1.6506,-0.00031657,2.7309,-2.2049,0
-0.53425,-1.7019,-0.0080391,-7.7369,-2.996,0
-0.81917,-1.3685,-0.032494,-1.1377,-2.3775,0
-0.62923,-0.88114,-0.022197,8.1923,-3.6145,0
-0.43928,-1.0094,0.0099801,-0.22742,-3.1686,0
-1.484,-1.2146,0.01899,-7.7369,-2.6652,0
-0.34431,-1.0863,0.047306,1.8206,-2.3775,0
-0.15436,-1.0094,0.064038,7.0545,-1.1837,0
0.98533,-0.93244,0.015128,-4.5511,-2.1043,0
2.125,-0.7016,-0.033781,-7.2818,-1.644,0
2.315,-0.7016,-0.0041778,5.0064,-2.5501,0
1.4602,-0.90679,0.05889,5.234,-2.7515,0
0.89035,-1.035,0.075622,-6.5991,-2.3919,0
0.79538,-1.4198,0.10522,-4.5511,-2.9385,0
1.6501,-1.6763,0.16186,7.282,-1.7159,0
2.22,-1.548,0.1979,3.186,-2.2912,0
0.41548,-1.2402,0.16958,-7.7369,-1.6008,0
-0.34431,-0.82984,0.065325,-1.3652,-1.6584,0
-0.53425,-0.5477,0.0022576,8.1923,-2.4926,0
-0.53425,-0.23991,0.0035447,-0.45498,-2.5501,0
-0.81917,0.042233,0.0099801,-8.192,-4.1179,0
0.13056,-0.060364,0.012554,1.1379,-3.4851,0
0.7004,-0.13731,0.0035447,7.0545,-3.8878,0
0.98533,-0.26556,-0.02091,-3.8684,-3.2262,0
0.7004,-0.4964,-0.027345,-7.2818,-2.6508,0
1.6501,-0.62465,-0.019623,4.7789,-3.2549,0
0.51046,-0.4451,0.026712,6.1442,-2.7659,0
1.0803,-0.11166,0.093641,-6.144,-3.9597,0
1.3652,-0.11166,0.13998,-5.9164,-3.4707,0
0.22554,-0.23991,0.14641,6.3718,-3.9741,0
0.32051,-0.41945,0.12453,2.9584,-4.1467,0
1.3652,-0.23991,0.10394,-8.192,-3.7727,0
1.3652,0.11918,0.052454,-2.503,-4.9378,0
1.1753,0.11918,-0.023484,7.9647,-4.5494,0
1.7451,-0.16296,-0.046652,0.2277,-5.6713,0
0.79538,-0.4451,-0.0041778,-7.9645,-5.1248,0
0.32051,-0.26556,0.020277,0.68281,-4.4775,0
-0.81917,-0.18861,-0.015762,6.8269,-4.046,0
-1.1041,0.11918,-0.049226,-2.7306,-2.6508,0
0.89035,0.11918,-0.077542,-8.6471,-3.4131,0
0.51046,0.067882,-0.10328,4.3238,-2.6796,0
-1.1991,0.47827,-0.15091,5.4616,-3.2981,0
-0.91415,0.78606,-0.22942,-5.6889,-3.0248,0
0.79538,0.81171,-0.3208,-5.2337,-2.7227,0
1.8401,0.96561,-0.36199,7.0545,-3.2837,0
1.4602,0.96561,-0.29892,3.6411,-2.6796,0
0.41548,1.0682,-0.20239,-7.5093,-4.2905,0
-0.62923,1.299,-0.13932,-1.5928,-4.2186,0
-1.484,0.99126,-0.078829,7.9647,-4.8946,0
-2.9086,0.70911,0.0022576,0.45525,-4.6501,0
-2.6237,0.68346,0.04988,-7.2818,-3.4707,0
-2.3388,0.93996,0.070473,2.0482,-3.5426,0
-1.389,1.0169,0.08077,7.9647,-1.5721,0
0.7004,0.88866,0.10394,-2.2755,-1.1981,0
0.51046,0.42697,0.08978,-6.8267,-0.2488,0
-0.15436,0.40132,0.007406,4.5513,-0.80975,0
-0.7242,0.86301,-0.064671,6.1442,-2.5501,0
-0.7242,0.91431,-0.098135,-6.3715,-3.0392,0
-0.53425,0.68346,-0.096848,-4.3235,-4.3912,0
-1.389,0.86301,-0.087839,6.8269,-3.0679,0
-1.1041,1.4786,-0.10071,3.186,-2.7227,0
0.035589,1.812,-0.083977,-7.5093,-1.8885,0
0.51046,1.7351,-0.046652,-2.503,-1.1981,0
0.7004,1.7094,-0.017049,7.282,-1.8166,0
0.98533,1.7607,-0.014475,0.2277,-0.91043,0
1.5552,1.7864,-0.0080391,-8.4196,-1.6296,0
2.03,1.7351,0.007406,1.3655,-0.45016,0
1.4602,1.9659,0.017703,7.282,-0.061812,0
0.89035,1.812,-0.0054649,-4.7786,0.44161,0
0.79538,1.3503,-0.022197,-8.192,1.9231,0
0.98533,1.299,-0.023484,4.0962,1.8224,0
1.5552,1.299,0.007406,5.0064,2.8868,0
2.125,1.0426,0.046019,-7.2818,1.7361,0
1.4602,1.5299,0.074335,-4.7786,1.1608,0
1.9351,1.6838,0.065325,7.282,0.25462,0
0.60543,1.1708,0.026712,1.8206,-0.9392,0
-0.15436,1.0426,-0.0041778,-8.192,-0.19126,0
0.035589,1.0169,-0.022197,-1.5928,-0.594,0
0.79538,1.1195,-0.024771,7.7372,0.87311,0
0.89035,1.1965,-0.022197,-1.3652,0.90188,0
1.7451,1.0682,-0.040216,-8.4196,1.0601,0
1.4602,0.70911,-0.046652,2.0482,1.4772,0
0.98533,0.68346,-0.058236,6.5994,0.87311,0
0.13056,1.0169,-0.073681,-3.8684,1.9662,0
0.32051,1.2221,-0.064671,-6.5991,1.4484,0
0.79538,1.0426,-0.018336,6.1442,2.5704,0
0.035589,0.73476,0.015128,4.0962,2.6135,0
-0.34431,0.68346,-0.017049,-7.0542,2.0957,0
-0.53425,0.58087,-0.022197,-2.2755,2.4409,0
-0.81917,0.73476,0.025425,8.4198,1.8368,0
-0.7242,1.2221,0.053741,2.0482,3.7066,0
0.22554,1.3247,0.039583,-7.7369,3.721,0
0.51046,1.2221,0.024138,0.45525,3.8217,0
0.79538,1.4273,-0.0054649,7.0545,2.6567,0
0.035589,1.812,0.00097052,-1.5928,0.71489,0
-0.43928,2.1968,0.015128,-7.0542,0.80119,0
0.22554,2.5302,0.029286,3.6411,-0.076195,0
0.60543,2.5815,0.044732,5.6891,1.0169,0
-1.0091,2.3507,0.038296,-5.6889,1.0169,0
-2.3388,2.402,0.00097052,-5.4613,0.70051,0
-2.5287,2.9919,-0.032494,6.8269,0.67174,0
-1.389,3.351,-0.037642,2.0482,-0.57961,0
-1.484,3.4279,-0.040216,-7.7369,0.24024,0
-2.0538,3.274,-0.024771,-2.0479,-0.2488,0
-1.579,3.2997,-0.038929,7.282,0.59983,0
0.89035,3.3253,-0.080116,-0.45498,1.2902,0
1.2702,3.6331,-0.10071,-7.5093,1.6067,0
-0.62923,3.2484,-0.092987,1.1379,2.743,0
-3.4784,3.1201,-0.065958,6.8269,1.1895,0
-2.4337,2.9406,-0.031207,-4.0959,0.48476,0
-1.0091,2.402,0.0086931,-6.3715,-1.3851,0
0.035589,2.0172,0.034435,5.4616,-2.0036,0
-0.059385,2.0685,0.05889,4.0962,-1.6728,0
-1.1991,1.5812,0.066612,-7.2818,-1.8022,0
-2.2438,1.1452,0.056315,-4.3235,-0.10496,0
0.32051,1.1708,0.051167,6.8269,-0.14811,0
0.32051,1.376,0.052454,2.0482,1.0169,0
-0.15436,1.299,0.060177,-7.9645,0.78681,0
-0.53425,0.70911,0.11423,-0.45498,0.26901,0
-0.059385,0.65782,0.16958,6.8269,0.81558,0
0.7004,1.3503,0.10008,-2.0479,0.34092,0
1.6501,1.6325,-0.028633,-7.5093,1.808,0
2.22,2.0942,-0.102,4.0962,1.4628,0
1.5552,2.1455,-0.1213,5.6891,2.0669,0
1.0803,2.0172,-0.096848,-6.144,1.9087,0
1.4602,2.1455,-0.064671,-6.3715,1.0601,0
1.3652,2.2224,-0.0518,6.5994,1.5779,0
0.98533,2.1198,-0.065958,3.4135,0.31216,0
1.5552,1.6838,-0.11101,-7.0542,0.71489,0
2.22,1.5042,-0.12903,-1.8203,-0.11935,0
2.9798,1.6068,-0.12645,8.4198,0.11079,0
1.3652,1.8633,-0.10457,1.3655,0.88749,0
1.2702,1.4273,-0.038929,-8.192,-0.033045,0
1.4602,0.52957,0.025425,1.5931,0.010105,0
1.0803,0.35002,0.043444,7.0545,-1.9892,0
1.5552,0.58087,0.034435,-3.8684,-2.6652,0
0.60543,0.76041,0.030574,-6.8267,-3.2549,0
-1.1991,0.32437,0.043444,5.0064,-3.9166,0
-1.9589,0.042233,0.085918,5.4616,-2.9673,0
-2.1488,0.14483,0.13097,-6.8267,-3.557,0
-1.484,0.35002,0.11295,-6.3715,-2.7084,0
-1.484,0.83736,0.04087,7.0545,-3.2693,0
-1.294,1.0169,-0.0080391,2.7309,-3.2837,0
-0.81917,1.1965,-0.0041778,-7.7369,-2.694,0
-0.81917,1.6325,0.065325,-3.1857,-2.7084,0
-0.91415,1.6581,0.1876,7.5096,-1.0974,0
-0.81917,1.1708,0.30472,0.45525,-1.5002,0
1.0803,0.78606,0.40512,-8.4196,-0.9392,0
1.2702,1.0426,0.37037,0.91037,-1.4714,0
0.035589,1.6325,0.14512,6.5994,-2.1474,0
0.32051,2.1968,-0.0518,-3.6408,-1.6008,0
0.79538,2.1968,-0.040216,-7.0542,-1.8454,0
-0.059385,2.2481,0.08978,4.3238,-0.090578,0
-1.1991,1.8633,0.17087,4.5513,-0.22003,0
-1.9589,1.5042,0.14512,-6.8267,-0.14811,0
-2.0538,0.86301,0.04988,-5.2337,-0.37825,0
-2.2438,0.50392,-0.06081,7.0545,-1.1693,0
-2.3388,1.2734,-0.15863,2.2757,-0.10496,0
-0.62923,1.376,-0.19724,-8.192,-0.57961,0
0.51046,1.1965,-0.17793,-0.45498,0.45599,0
0.7004,1.376,-0.12002,7.282,-0.018661,0
1.6501,1.1965,-0.013187,0.2277,-0.53646,0
1.3652,0.24743,0.092354,-7.5093,-0.34948,0
0.79538,-0.85549,0.1876,2.0482,-1.27,0
0.7004,-0.62465,0.28413,7.0545,-0.10496,0
0.035589,-0.3938,0.33561,-3.1857,-0.53646,0
-0.34431,-0.34251,0.28542,-6.3715,0.29777,0
-1.484,-0.18861,0.17473,5.4616,0.44161,0
-1.0091,-0.11166,0.10265,5.4616,-0.061812,0
-1.579,-0.41945,0.11166,-6.5991,0.68613,0
-1.1991,-0.4964,0.16186,-4.7786,-0.13373,0
0.035589,-0.3938,0.15928,7.282,0.77243,0
0.79538,-0.41945,0.084631,3.4135,0.39846,0
-0.059385,-0.23991,-0.045365,-7.7369,0.75804,0
-1.1991,0.11918,-0.16249,-2.0479,1.3478,0
-2.1488,0.042233,-0.21011,7.9647,0.75804,0
-0.53425,-0.16296,-0.2011,-0.22742,1.6354,0
0.51046,0.22178,-0.16893,-8.192,0.59983,0
0.13056,0.093531,-0.098135,0.91037,1.0457,0
-0.53425,-0.4964,-0.0119,7.0545,0.98818,0
-0.53425,-1.1376,0.070473,-2.7306,0.68613,0
-0.059385,-1.5224,0.12711,-7.0542,1.5347,0
0.7004,-1.5737,0.15413,5.0064,0.74366,0
0.7004,-1.2402,0.14899,5.9167,1.7361,0
0.79538,-1.3685,0.16186,-6.3715,1.2471,0
0.89035,-1.4198,0.1876,-5.0062,1.5204,0
0.7004,-1.548,0.21978,7.0545,1.7073,0
0.035589,-1.548,0.23393,2.2757,1.132,0
0.22554,-1.112,0.18631,-8.192,2.1101,0
-0.059385,-0.57335,0.094928,-2.503,1.4916,0
-1.389,-0.23991,0.022851,7.5096,2.4265,0
-2.6237,-0.7016,0.007406,-0.22742,2.182,0
-1.8639,-0.85549,0.0048318,-8.192,2.0813,0
-0.81917,-0.7016,-0.0041778,0.2277,2.5416,0
-0.059385,-0.599,0.013841,7.7372,1.808,0
0.13056,-0.62465,0.043444,-2.7306,2.8005,0
-0.43928,-1.0094,0.056315,-7.2818,2.1532,0
-0.62923,-1.3172,0.037009,4.0962,2.5991,0
-0.43928,-1.2146,0.015128,5.9167,2.4409,0
-1.484,-0.6503,0.0061189,-6.144,1.7793,0
-1.8639,-0.90679,0.04087,-5.4613,2.2971,0
-2.1488,-1.1889,0.082057,6.3718,1.3621,0
-0.53425,-0.98374,0.10265,2.9584,2.182,0
0.41548,-0.29121,0.082057,-7.7369,1.693,0
0.7004,0.093531,0.034435,-1.8203,1.7505,0
-0.7242,0.11918,0.026712,8.1923,1.9519,0
-1.294,-0.034715,0.05889,-0.68254,1.0313,0
0.60543,0.067882,0.061464,-9.3298,1.7793,0
1.8401,-0.034715,-0.02992,2.5033,0.77243,0
0.79538,-0.034715,-0.16635,7.9647,1.1608,0
-1.1041,-0.36816,-0.28734,-2.9581,0.81558,0
-1.1041,-0.34251,-0.33496,-6.5991,0.21147,0
-0.91415,-0.90679,-0.25259,5.0064,0.62859,0
0.035589,-2.2919,-0.10328,5.234,-0.53646,0
0.41548,-3.3435,0.094928,-6.5991,0.16832,0
0.79538,-4.0617,0.28413,-4.5511,-0.40701,0
0.79538,-4.3438,0.34591,6.8269,-0.37825,0
-0.059385,-4.2925,0.29443,2.5033,-0.23441,0
0.13056,-4.2412,0.21463,-7.7369,-1.0399,0
-0.24933,-3.9078,0.1773,-0.9101,-0.29195,0
-0.34431,-3.6,0.19017,7.5096,-1.2269,0
0.22554,-3.4461,0.20562,-0.22742,-0.56523,0
0.7004,-3.3178,0.20562,-7.7369,-0.75222,0
0.79538,-2.8818,0.19918,1.5931,-0.79537,0
0.89035,-2.5996,0.17215,7.5096,-0.061812,0
0.13056,-2.2919,0.15928,-3.1857,-0.69468,0
0.22554,-2.0354,0.16057,-8.192,0.42722,0
-0.15436,-2.0867,0.1773,5.0064,-0.30633,0
-0.62923,-1.9584,0.17087,5.234,0.36969,0
-0.53425,-2.0354,0.12196,-7.0542,0.45599,0
0.13056,-1.7276,0.069186,-5.2337,0.16832,0
0.7004,-0.88114,0.024138,6.8269,0.91626,0
0.89035,-0.29121,-0.038929,1.8206,-0.004278,0
1.5552,0.067882,-0.08269,-7.9645,0.74366,0
1.9351,0.29873,-0.0518,-0.45498,-0.090578,0
1.5552,0.42697,0.031861,7.5096,-0.10496,0
2.03,0.27308,0.039583,-1.3652,0.053256,0
1.4602,0.14483,-0.026058,-7.2818,-0.56523,0
0.13056,-0.060364,-0.069819,2.5033,0.67174,0
-0.43928,0.14483,-0.069819,5.9167,0.18271,0
-0.53425,0.17048,-0.074968,-4.5511,1.3334,0
1.1753,0.19613,-0.12388,-5.6889,1.4628,0
2.03,0.19613,-0.18694,7.7372,1.2758,0
2.315,0.11918,-0.22298,3.8687,1.8512,0
0.51046,-0.034715,-0.16378,-7.0542,0.88749,0
-0.34431,-0.034715,-0.094274,-2.7306,1.8512,0
0.22554,-0.7016,-0.1419,7.9647,1.2183,0
0.60543,-0.52205,-0.2809,2.0482,1.506,0
0.51046,-0.0090658,-0.32724,-7.9645,1.5491,0
0.7004,-0.0090658,-0.2513,1.1379,1.0313,0
0.79538,-0.77854,-0.20625,8.1923,2.0525,0
0.79538,-1.1889,-0.20368,-2.9581,1.3334,0
0.79538,-0.95809,-0.17793,-7.2818,2.0094,0
0.79538,-0.52205,-0.13804,4.3238,1.808,0
0.89035,-0.82984,-0.10071,6.5994,1.5491,0
1.4602,-1.7276,-0.045365,-5.4613,2.4121,0
2.03,-1.8558,0.033148,-5.0062,1.8368,0
2.22,-1.7789,0.073047,7.0545,3.1457,0
1.4602,-1.5737,0.012554,3.6411,2.7286,0
-0.43928,-1.7789,-0.076255,-7.2818,2.9299,0
-0.81917,-1.8045,-0.12388,-1.8203,2.4697,0
0.035589,-1.6506,-0.063384,7.282,1.2902,0
2.22,-1.1633,0.007406,-0.68254,2.0094,0
1.9351,-0.88114,0.053741,-8.4196,1.4053,0
0.13056,-1.1889,0.043444,2.7309,2.8724,0
-0.53425,-1.3172,-0.0028907,6.8269,2.9587,0
-0.059385,-1.4454,-0.0518,-3.1857,2.8005,0
-1.0091,-1.4198,-0.062097,-7.9645,3.0019,0
-1.8639,-1.4967,-0.032494,4.3238,2.1532,0
-2.9086,-1.7019,-0.0080391,4.7789,3.1313,0
-1.1041,-1.4454,-0.0119,-7.0542,2.5272,0
0.32051,-1.2146,-0.027345,-5.4613,3.1313,0
-0.81917,-1.1376,-0.058236,7.0545,3.232,0
-2.6237,-0.75289,-0.096848,2.7309,2.6279,0
-2.5287,-0.7016,-0.099422,-7.5093,3.3039,0
-0.91415,-0.98374,-0.053087,-2.7306,2.369,0
0.41548,-1.0863,0.0035447,7.7372,3.1888,0
-0.24933,-1.2915,0.073047,1.1379,3.045,0
-1.1991,-1.3941,0.13998,-8.4196,3.1313,0
-1.1041,-1.548,0.15542,0.68281,3.9224,0
-0.81917,-1.8815,0.15285,7.5096,3.2608,0
-0.7242,-1.9328,0.15413,-2.503,4.1381,0
-0.62923,-1.3428,0.16057,-7.7369,3.2176,0
-0.7242,-0.599,0.17215,4.0962,3.2895,0
-0.62923,-0.95809,0.18245,6.1442,3.3758,0
-1.484,-1.1376,0.14384,-5.4613,3.2032,0
-1.1991,-0.77854,0.083344,-5.2337,4.5265,0
0.13056,-0.57335,0.061464,6.1442,4.0087,0
0.51046,-0.31686,0.064038,4.0962,4.6128,0
0.79538,-0.16296,0.056315,-7.0542,3.7498,0
0.79538,0.14483,0.065325,-2.9581,3.2464,0
0.7004,0.11918,0.094928,7.5096,3.5628,0
1.6501,-0.18861,0.076909,1.1379,3.1601,0
1.2702,-0.3938,0.011267,-8.4196,4.7566,0
-0.62923,-0.23991,-0.023484,0.68281,4.6559,0
-0.81917,-0.26556,-0.00031657,7.7372,5.7203,0
0.13056,-0.62465,0.027999,-1.8203,5.2744,0
1.3652,-1.112,0.030574,-7.2818,4.2532,0
1.4602,-1.0863,-0.0054649,2.9584,4.0662,0
-0.53425,-1.112,-0.055661,5.9167,2.8149,0
-1.0091,-1.3428,-0.076255,-4.7786,4.0806,0
0.89035,-1.7019,-0.06081,-5.4613,4.2388,0
0.41548,-1.9584,-0.050513,6.3718,5.4327,0
-0.53425,-2.3431,-0.045365,3.6411,5.9936,0
-0.62923,-2.3431,-0.06081,-7.9645,5.3895,0
0.13056,-2.2662,-0.055661,-2.7306,5.8498,0
-0.15436,-2.1123,-0.035068,6.8269,4.5409,0
-1.1991,-1.9071,0.013841,-1.1377,4.8573,0
-1.294,-1.8815,0.043444,-8.4196,4.2388,0
-0.7242,-2.138,0.067899,2.2757,4.3395,0
-0.53425,-2.1636,0.096215,6.5994,4.6272,0
0.035589,-1.8302,0.11552,-4.5511,3.4046,0
-0.059385,-1.6506,0.094928,-6.5991,3.6779,0
-1.294,-1.7532,0.061464,5.234,1.9375,0
-2.1488,-1.9071,0.030574,4.3238,1.9519,0
-0.53425,-2.0354,0.0048318,-6.144,1.5779,0
-0.43928,-1.5224,0.024138,-4.5511,1.3621,0
-0.7242,-1.2659,0.070473,6.8269,2.3978,0
-0.81917,-1.1633,0.070473,2.2757,1.7936,0
-0.62923,-0.77854,0.027999,-7.9645,2.8724,0
-1.1041,-0.6503,0.0099801,-1.3652,2.3115,0
-1.1991,-0.52205,0.020277,7.7372,2.5991,0
-0.24933,-0.26556,0.033148,-1.1377,2.5272,0
0.7004,-0.18861,0.053741,-8.4196,1.621,0
-0.059385,-0.47075,0.082057,2.2757,2.1101,0
-0.62923,-0.5477,0.094928,6.8269,0.95941,0
-0.62923,-0.62465,0.098789,-4.0959,1.8943,0
0.13056,-0.57335,0.057602,-5.9164,1.7217,0
2.9798,-0.5477,0.029286,5.9167,1.7936,0
2.5049,-0.31686,0.04087,4.0962,1.9087,0
0.41548,-0.26556,0.070473,-6.5991,0.48476,0
-1.1991,-0.11166,0.055028,-3.4133,0.57106,0
-0.24933,0.14483,-0.006752,7.7372,-0.88167,0
0.60543,0.50392,-0.068532,0.68281,-0.40701,0
-0.81917,0.73476,-0.11229,-8.6471,-0.14811,0
-1.0091,1.2477,-0.11873,0.91037,-0.090578,0
0.79538,1.4016,-0.074968,7.5096,0.72928,0
0.41548,1.4016,-0.028633,-3.1857,-0.23441,0
-1.1991,1.5042,-0.035068,-7.2818,0.54229,0
-0.53425,1.7351,-0.10457,5.234,-0.076195,0
0.41548,1.5299,-0.13031,5.234,0.29777,0
0.13056,1.4016,-0.1213,-6.5991,0.55667,0
-1.1991,1.1965,-0.13031,-5.4613,-0.11935,0
-1.1991,1.376,-0.17279,7.7372,0.80119,0
0.13056,1.7094,-0.17536,3.186,-0.018661,0
0.7004,1.7094,-0.13932,-7.5093,0.71489,0
0.89035,1.1452,-0.14962,-1.3652,0.28339,0
-0.81917,0.73476,-0.18694,6.5994,-0.40701,0
-1.0091,0.47827,-0.19338,-2.2755,0.096406,0
-0.7242,0.27308,-0.18566,-8.192,-0.46455,0
0.13056,0.067882,-0.20239,2.9584,1.2902,0
1.6501,0.45262,-0.26288,5.9167,1.3765,0
1.4602,0.78606,-0.32981,-5.4613,1.808,0
0.98533,0.60652,-0.33753,-6.3715,1.808,0
0.13056,0.29873,-0.2616,5.0064,0.90188,0
-1.1991,0.27308,-0.15605,4.3238,1.6067,0
-1.1041,0.37567,-0.086552,-6.5991,0.59983,0
0.7004,0.093531,-0.064671,-3.6408,1.6354,0
2.03,0.19613,-0.033781,7.7372,1.8512,0
2.125,0.40132,-0.028633,1.8206,2.3115,0
2.125,0.093531,-0.055661,-8.192,3.0594,0
2.315,0.22178,-0.071106,0.68281,2.1101,0
1.4602,0.76041,-0.098135,8.4198,2.7861,0
1.0803,1.4529,-0.13289,-1.5928,1.9806,0
2.315,1.4016,-0.12645,-7.0542,2.5128,0
1.8401,1.2221,-0.10457,4.0962,2.7861,0
1.1753,1.4016,-0.098135,6.1442,2.3834,0
1.6501,1.3503,-0.10972,-5.4613,3.045,0
2.03,1.2734,-0.11229,-5.2337,1.8368,0
-0.059385,1.5299,-0.053087,6.3718,2.4409,0
-0.15436,1.3503,0.020277,3.4135,2.1245,0
1.2702,0.91431,0.035722,-8.192,2.743,0
1.4602,0.93996,-0.0080391,-2.503,3.6491,0
0.89035,0.81171,-0.059523,8.4198,3.3902,0
0.7004,0.32437,-0.049226,0.68281,4.6991,0
0.89035,0.067882,0.021564,-7.5093,4.397,0
-0.059385,0.40132,0.10136,2.0482,5.7059,0
1.1753,0.40132,0.1078,7.7372,5.7203,0
1.2702,-0.060364,0.053741,-3.1857,5.519,0
1.0803,-0.31686,0.043444,-6.8267,5.6916,0
0.035589,-0.086014,0.10909,4.5513,4.5409,0
-1.294,-0.18861,0.1773,5.0064,5.3895,0
-1.0091,-0.31686,0.14899,-6.3715,4.771,0
-1.484,0.22178,0.035722,-4.7786,5.4039,0
-0.53425,0.78606,-0.076255,6.8269,5.3176,0
1.3652,0.76041,-0.15863,2.9584,4.5984,0
0.41548,0.19613,-0.16249,-8.192,5.145,0
-0.059385,0.27308,-0.14576,-1.3652,4.2532,0
0.79538,0.96561,-0.14704,7.7372,5.5333,0
-0.24933,1.5299,-0.17922,-0.9101,5.5621,0
-0.91415,1.5812,-0.17536,-8.6471,5.9792,0
0.035589,1.7607,-0.13031,1.1379,6.1374,0
1.5552,2.1455,-0.080116,6.8269,4.6416,0
0.60543,2.8124,-0.049226,-4.3235,4.7279,0
-0.34431,2.8637,-0.049226,-7.9645,3.1601,0
0.13056,2.4276,-0.04279,4.7789,3.6491,0
-0.34431,2.3763,-0.0054649,5.0064,3.8073,0
-0.62923,2.0942,0.051167,-6.3715,3.7498,0
0.13056,1.5299,0.075622,-4.5511,4.397,0
-0.24933,0.86301,0.065325,7.7372,3.1457,0
-1.294,0.83736,0.076909,2.9584,3.5484,0
-0.34431,1.0426,0.12067,-7.5093,2.6135,0
1.3652,0.91431,0.18374,-1.5928,2.6279,0
2.125,0.91431,0.18502,7.0545,2.8005,0
0.60543,1.0426,0.13354,0.00013542,1.8656,0
-1.1991,0.99126,0.051167,-7.5093,2.3258,0
-1.294,0.99126,-0.04279,2.5033,1.2902,0
-0.81917,1.1195,-0.067245,7.5096,1.8656,0
-0.81917,1.2477,-0.02091,-2.9581,1.808,0
-0.7242,1.299,0.056315,-6.144,1.6786,0
0.035589,1.6068,0.13998,5.234,2.2395,0
0.7004,1.4273,0.16186,5.6891,1.1895,0
0.13056,1.2477,0.12711,-6.3715,1.6642,0
-1.1991,1.4786,0.060177,-5.6889,0.55667,0
-1.0091,1.7094,-0.014475,6.8269,0.59983,0
-0.15436,1.7351,-0.06081,3.186,0.55667,0
0.51046,1.4529,-0.035068,-6.8267,0.61421,0
0.13056,1.2477,0.021564,-1.5928,2.2539,0
-0.53425,1.4016,0.052454,7.9647,2.1676,0
0.89035,1.6581,0.047306,-0.22742,3.0594,0
1.8401,1.4529,0.069186,-8.6471,2.0382,0
0.79538,0.88866,0.08077,2.2757,1.3765,0
-0.34431,0.24743,0.061464,7.5096,1.2327,0
0.035589,0.60652,0.0022576,-3.8684,0.57106,0
-0.7242,1.1708,-0.049226,-6.8267,1.9231,0
-2.7186,1.0426,-0.050513,5.0064,1.8656,0
-1.1041,0.68346,0.007406,5.6891,3.3902,0
0.41548,0.24743,0.079483,-7.2818,3.7498,0
0.60543,-0.086014,0.08077,-5.6889,3.7929,0
0.60543,-0.29121,0.043444,6.8269,4.6703,0
0.035589,-0.34251,0.0061189,2.5033,4.2964,0
-1.294,-0.086014,-0.033781,-7.2818,5.8354,0
0.22554,-0.23991,-0.028633,-1.3652,5.7059,0
1.9351,-0.57335,0.029286,7.282,6.3244,0
0.7004,-0.80419,0.097502,0.2277,6.31,0
-0.34431,-0.6503,0.097502,-8.192,5.7491,0
0.22554,-0.5477,0.051167,1.8206,6.7703,0
0.98533,-0.11166,0.01899,7.5096,6.1806,0
0.7004,0.22178,-0.006752,-4.3235,7.6477,0
0.98533,-0.086014,-0.027345,-6.5991,7.8347,0
0.60543,-0.41945,-0.02992,6.1442,8.1655,0
-0.81917,-0.41945,-0.037642,4.5513,8.3525,0
-1.8639,-0.086014,-0.078829,-6.8267,7.058,0
-0.34431,-0.18861,-0.12259,-3.1857,7.4895,0
0.51046,-0.4451,-0.099422,8.1923,6.3388,0
0.035589,-0.57335,-0.014475,2.2757,6.5977,0
-0.53425,-0.5477,0.066612,-7.9645,5.9792,0
0.32051,-0.26556,0.062751,-1.1377,5.1737,0
0.035589,-0.21426,0.04988,7.5096,5.2744,0
-0.81917,-0.16296,0.10265,0.2277,4.0806,0
-0.059385,-0.16296,0.15027,-7.7369,4.6128,0
-0.81917,-0.0090658,0.12324,1.5931,3.7786,0
-1.6739,0.65782,0.024138,6.8269,4.2388,0
-1.389,0.83736,-0.062097,-3.1857,4.5696,0
-0.91415,1.0939,-0.13675,-6.144,4.3251,0
-0.059385,0.73476,-0.17021,5.4616,5.0155,0
0.7004,0.63217,-0.15477,5.4616,3.3039,0
0.79538,0.60652,-0.11873,-6.144,2.4984,0
0.51046,0.47827,-0.080116,-3.6408,0.61421,0
1.4602,-0.11166,-0.053087,7.5096,0.067639,0
2.315,-0.36816,-0.033781,2.5033,1.3909,0
1.6501,-0.4451,-0.013187,-8.8747,2.1532,0
0.13056,-0.36816,0.012554,-0.45498,4.3395,0
-0.43928,-0.26556,0.055028,7.282,3.8505,0
-1.484,0.016583,0.11423,-2.7306,3.6203,0
-2.0538,0.70911,0.13869,-8.192,2.4553,0
-1.484,0.76041,0.10651,3.4135,1.1176,0
0.13056,0.11918,0.044732,5.9167,1.3765,0
0.79538,-0.060364,-0.010613,-5.0062,0.19709,0
0.035589,0.22178,-0.077542,-5.9164,0.88749,0
-1.294,0.58087,-0.12388,5.9167,0.082022,0
-1.8639,0.093531,-0.102,2.0482,0.47037,0
-1.389,-0.11166,-0.040216,-8.4196,0.90188,0
-0.059385,-0.060364,-0.032494,-1.8203,0.52791,0
0.60543,0.37567,-0.068532,7.7372,1.3909,0
1.0803,0.45262,-0.068532,-0.22742,0.34092,0
0.7004,0.27308,-0.02091,-8.4196,1.0457,0
0.035589,0.32437,0.021564,1.8206,0.88749,0
0.32051,0.47827,0.052454,6.8269,1.0026,0
0.7004,0.63217,0.055028,-3.8684,1.8656,0
0.13056,0.60652,0.039583,-7.5093,1.319,0
-0.34431,0.78606,-0.006752,3.8687,2.3402,0
-0.62923,1.4016,-0.053087,5.6891,1.3334,0
0.13056,1.889,-0.083977,-6.3715,2.0382,0
1.5552,1.7094,-0.072394,-4.7786,2.4409,0
0.7004,1.7094,-0.0054649,7.282,2.7717,0
0.13056,1.1195,0.057602,3.4135,3.6923,0
0.89035,0.19613,0.11295,-7.7369,2.743,0
0.035589,-0.16296,0.17473,-1.1377,3.3471,0
1.1753,-0.31686,0.24166,8.1923,2.5847,0
1.1753,-0.599,0.25067,0.2277,2.9587,0
0.89035,-0.29121,0.18889,-7.9645,3.3758,0
0.035589,0.11918,0.1181,1.5931,3.0738,0
0.60543,0.27308,0.10008,6.8269,4.2101,0
1.5552,0.50392,0.064038,-3.6408,3.5916,0
2.8848,0.78606,0.013841,-6.3715,4.4833,0
3.6446,1.4273,-0.0028907,6.3718,4.0518,0
2.03,2.0172,0.0099801,4.7789,3.9512,0
0.7004,2.1455,0.057602,-6.8267,4.6128,0
-0.43928,1.5555,0.16572,-3.8684,3.9799,0
0.22554,1.0939,0.24423,8.4198,4.6991,0
1.3652,0.78606,0.29571,0.91037,3.419,0
-0.34431,0.88866,0.27641,-8.6471,3.534,0
-1.579,0.76041,0.20562,-1.3652,2.9299,0
-0.53425,1.0682,0.14899,7.282,2.1676,0
0.41548,1.1708,0.084631,-2.2755,2.7142,0
0.89035,0.86301,0.024138,-8.4196,2.2108,0
0.035589,0.93996,-0.015762,3.6411,3.7786,0
0.32051,0.93996,-0.0041778,6.3718,3.5484,0
-0.059385,0.55522,0.013841,-4.3235,3.3471,0
0.41548,0.91431,0.0048318,-6.8267,2.8005,0
-0.059385,1.0939,-0.027345,5.9167,1.2902,0
0.41548,0.73476,-0.054374,3.8687,1.7936,0
0.13056,0.37567,-0.028633,-7.0542,0.95941,0
-0.53425,0.70911,0.038296,-3.4133,1.7505,0
0.035589,1.299,0.051167,6.5994,1.7936,0
-0.059385,1.6325,0.015128,0.2277,1.3765,0
-0.53425,1.5299,-0.041503,-8.6471,1.7936,0
-0.62923,1.4016,-0.10586,0.00013542,0.47037,0
0.32051,1.1965,-0.16893,6.5994,1.1176,0
0.7004,1.3503,-0.19595,-2.503,0.48476,0
0.035589,1.4273,-0.22813,-7.5093,1.1176,0
-1.294,1.3503,-0.27189,3.8687,2.1388,0
-1.1991,1.1452,-0.24744,5.9167,2.0238,0
-0.7242,1.1965,-0.15605,-5.4613,3.1169,0
-0.62923,1.5555,-0.12388,-5.4613,2.2252,0
-0.62923,1.4016,-0.17536,6.5994,2.5991,0
-2.1488,0.99126,-0.21912,3.8687,2.1676,0
-2.5287,0.32437,-0.19209,-6.5991,1.5779,0
0.98533,-0.26556,-0.10843,-3.1857,2.1388,0
1.6501,-0.75289,-0.026058,7.9647,1.2615,0
-0.53425,-0.77854,-0.065958,1.3655,2.1964,0
-0.91415,-0.67595,-0.19081,-7.2818,1.4628,0
-1.579,-0.0090658,-0.25259,0.00013542,1.7936,0
-3.0036,0.37567,-0.22041,7.7372,1.9806,0
-2.7186,0.40132,-0.14318,-2.2755,1.4484,0
-1.484,0.52957,-0.068532,-7.7369,1.9231,0
-0.62923,0.52957,-0.013187,3.6411,0.26901,0
0.13056,0.37567,0.029286,5.9167,0.25462,0
-0.24933,0.55522,0.025425,-4.7786,-0.69468,0
-1.389,0.63217,-0.006752,-5.6889,-1.0255,0
-0.34431,0.78606,-0.046652,6.1442,-0.5077,0
-0.24933,1.0426,-0.058236,3.8687,-1.1262,0
0.22554,0.63217,-0.0028907,-7.5093,-0.45016,0
0.7004,0.067882,0.037009,-3.8684,-1.9892,0
0.7004,0.19613,0.026712,7.0545,-2.6652,0
0.035589,0.14483,0.030574,1.8206,-3.8015,0
-0.43928,-0.36816,0.060177,-7.5093,-4.8659,0
-0.7242,-0.47075,0.11166,-0.68254,-4.1179,0
-1.1991,-0.4451,0.11552,6.8269,-4.6933,0
-2.1488,-0.85549,0.051167,-2.0479,-3.7152,0
-0.53425,-0.85549,-0.044078,-8.192,-4.607,0
-0.059385,-0.34251,-0.10714,2.5033,-5.096,0
-0.43928,0.11918,-0.16764,5.9167,-5.6138,0
-0.62923,0.55522,-0.19595,-5.6889,-7.1241,0
-0.53425,0.60652,-0.16249,-6.144,-6.7932,0
0.22554,0.52957,-0.11615,5.4616,-7.9727,0
-0.15436,0.63217,-0.16249,3.186,-7.4693,0
-0.34431,0.78606,-0.21912,-7.2818,-7.9295,0
0.89035,1.0426,-0.15091,-2.7306,-8.4905,0
1.4602,0.42697,0.0035447,7.7372,-8.1597,0
0.89035,-0.599,0.091067,0.91037,-9.1377,0
0.89035,-1.0607,0.11295,-8.4196,-7.872,0
0.7004,-1.4198,0.11681,1.8206,-8.3754,0
1.0803,-1.5993,0.11037,7.9647,-7.5843,0
0.79538,-1.2402,0.082057,-3.4133,-7.3254,0
0.89035,-0.5477,0.016416,-7.2818,-7.7713,0
0.035589,-0.18861,-0.045365,5.234,-6.8076,0
-0.34431,-0.086014,-0.092987,6.3718,-7.5124,0
0.22554,0.11918,-0.15091,-6.3715,-6.4768,0
1.4602,0.11918,-0.19081,-3.1857,-6.8364,0
1.4602,-0.060364,-0.18308,7.9647,-6.7069,0
0.13056,-0.7016,-0.14447,2.7309,-6.333,0
0.41548,-1.0607,-0.11873,-7.0542,-7.0953,0
-0.34431,-1.3172,-0.086552,-0.45498,-6.2754,0
-0.62923,-1.3172,-0.040216,8.1923,-7.0953,0
-1.484,-1.0863,-0.0093262,-0.68254,-6.2898,0
-2.0538,-0.90679,-0.00031657,-8.192,-6.3474,0
-1.294,-0.3938,0.016416,2.7309,-6.2467,0
-1.6739,-0.47075,0.016416,7.0545,-5.3261,0
0.13056,-1.1633,-0.010613,-3.8684,-5.6282,0
1.2702,-1.3941,-0.0016037,-6.8267,-4.046,0
0.13056,-1.6506,0.024138,4.3238,-4.0316,0
0.22554,-2.5227,0.055028,4.5513,-2.6652,0
-0.059385,-2.9844,0.11295,-6.3715,-1.7159,0
-0.53425,-3.4974,0.16958,-3.6408,-1.1981,0
0.22554,-4.2412,0.18245,7.282,0.39846,0
-0.059385,-4.5233,0.158,1.1379,0.36969,0
-2.0538,-4.2668,0.10909,-8.192,1.8799,0
-3.5734,-3.5743,0.042157,0.45525,1.9375,0
-2.7186,-3.01,-0.019623,6.3718,2.2827,0
-1.294,-2.3944,-0.06081,-2.503,2.8149,0
-0.91415,-2.1123,-0.074968,-7.9645,2.0669,0
-0.62923,-1.625,-0.047939,3.4135,2.8436,0
0.32051,-1.6763,0.0086931,5.6891,1.808,0
0.89035,-1.9328,0.098789,-6.3715,2.0238,0
0.7004,-1.7789,0.22106,-6.144,1.4484,0
0.79538,-1.3685,0.31116,6.8269,0.36969,0
0.89035,-0.5477,0.3073,2.7309,0.48476,0
0.79538,0.35002,0.25067,-7.5093,-0.92482,0
0.79538,1.0426,0.19403,-1.5928,-0.46455,0
0.89035,1.8633,0.13225,7.9647,-1.2988,0
1.5552,2.402,0.046019,0.2277,-1.3563,0
1.4602,2.4276,0.0086931,-8.8747,-1.2556,0
0.32051,2.5559,0.048593,2.0482,-1.9892,0
-0.53425,1.9916,0.098789,6.8269,-1.0399,0
-1.579,0.99126,0.08978,-3.4133,-1.946,0
-1.294,0.70911,0.052454,-7.2818,-1.27,0
-1.6739,0.93996,0.061464,5.4616,-1.5577,0
-1.1041,1.0682,0.094928,5.9167,-1.8597,0
-0.7242,1.0939,0.11552,-6.3715,-1.457,0
-0.059385,0.58087,0.12839,-5.0062,-2.5358,0
0.60543,0.78606,0.12582,7.282,-1.8022,0
0.7004,1.376,0.096215,3.186,-2.5358,0
-0.059385,1.0426,0.046019,-7.5093,-2.4207,0
-1.1991,0.60652,-0.0080391,-2.503,-2.5214,0
-1.0091,0.99126,-0.010613,7.7372,-3.5714,0
-1.484,1.5812,0.034435,-1.1377,-3.2118,0
-2.7186,2.3763,0.094928,-7.9645,-4.3912,0
-2.7186,2.5559,0.11938,2.2757,-3.744,0
-2.2438,2.6328,0.088493,7.5096,-4.046,0
-1.294,3.5562,0.037009,-3.8684,-4.4775,0
0.79538,4.8386,-0.0093262,-7.5093,-4.4631,0
1.2702,5.1721,-0.06081,4.0962,-6.1316,0
0.035589,4.4539,-0.11101,5.6891,-5.9734,0
-1.294,3.8383,-0.14833,-7.5093,-7.1816,0
-1.1041,3.7357,-0.15605,-4.7786,-7.0378,0
-1.7689,3.4023,-0.13031,7.282,-6.9227,0
-0.53425,2.9406,-0.10457,2.0482,-7.1672,0
0.51046,2.5815,-0.076255,-8.192,-6.1748,0
1.4602,2.1198,-0.096848,-1.3652,-6.9658,0
2.125,1.9403,-0.12645,7.0545,-6.1604,0
1.6501,1.1965,-0.11101,-0.68254,-6.7357,0
0.98533,0.78606,-0.077542,-8.4196,-6.6638,0
0.79538,0.96561,-0.06081,2.0482,-6.0885,0
0.79538,0.91431,-0.056948,7.0545,-6.4912,0
0.89035,0.65782,-0.062097,-3.4133,-5.096,0
1.4602,0.35002,-0.050513,-6.3715,-5.2686,0
1.8401,0.35002,-0.054374,5.4616,-4.2186,0
1.5552,0.73476,-0.10843,4.7789,-4.0604,0
0.32051,0.68346,-0.14833,-6.5991,-4.42,0
-0.62923,0.52957,-0.14962,-4.0959,-3.744,0
-0.7242,0.016583,-0.16506,7.7372,-4.607,0
-2.3388,-0.93244,-0.14833,1.8206,-3.5426,0
-4.0483,-1.5224,-0.06081,-8.192,-3.4563,0
-3.3835,-1.3685,0.017703,0.45525,-2.809,0
-1.484,-1.0094,-0.006752,7.7372,-1.946,0
-1.0091,-1.2659,-0.12388,-1.3652,-2.2049,0
0.89035,-1.625,-0.23457,-7.5093,-0.89605,0
2.7898,-1.625,-0.23071,3.8687,-1.3276,0
1.1753,-1.7276,-0.17536,6.5994,-0.34948,0
-0.15436,-1.5224,-0.15091,-5.0062,-0.14811,0
-0.7242,-0.93244,-0.17665,-5.2337,-0.10496,0
0.32051,-0.95809,-0.2114,6.8269,0.85873,0
1.5552,-0.85549,-0.25001,4.3238,0.24024,0
2.125,-0.086014,-0.28991,-7.2818,1.2902,0
3.0747,0.70911,-0.34654,-2.9581,0.81558,0
3.9295,0.88866,-0.3903,7.9647,1.0457,0
3.6446,0.78606,-0.40704,1.3655,1.3765,0
2.125,0.91431,-0.37229,-7.9645,0.75804,0
1.2702,0.76041,-0.30536,0.45525,1.808,0
1.7451,0.73476,-0.28476,7.0545,1.2327,0
0.51046,0.19613,-0.26031,-3.1857,1.8368,0
-1.8639,0.067882,-0.14962,-7.7369,1.8368,0
-3.3835,-0.18861,0.026712,4.0962,1.4197,0
-1.389,-0.4964,0.1477,5.4616,2.1532,0
0.41548,-0.57335,0.17215,-6.8267,1.4628,0
1.6501,-0.6503,0.13998,-4.7786,2.671,0
2.8848,-0.75289,0.04988,6.1442,2.5128,0
2.6949,-0.41945,-0.062097,2.0482,3.2464,0
2.5049,-0.6503,-0.090413,-8.4196,3.7786,0
2.5049,-1.3428,-0.056948,-1.8203,3.6347,0
2.03,-1.9071,-0.014475,7.282,4.8573,0
1.5552,-1.7276,0.016416,-0.9101,4.469,0
0.13056,-1.0863,0.015128,-7.9645,5.7922,0
-1.1991,-0.85549,-0.017049,1.8206,5.6484,0
-2.7186,-0.95809,-0.015762,6.3718,6.0943,0
-1.9589,-1.1633,0.030574,-4.0959,6.8422,0
0.51046,-0.72725,0.0035447,-7.9645,6.4539,0
-0.34431,-0.85549,-0.078829,4.3238,7.6621,0
-1.7689,-1.2402,-0.10457,5.9167,7.1587,0
-1.389,-1.4711,-0.055661,-6.3715,8.108,0
-1.484,-1.6506,0.0048318,-4.3235,8.1511,0
-2.9086,-1.5737,0.061464,7.7372,8.1655,0
-2.6237,-1.7276,0.11552,3.6411,8.8271,0
-1.389,-1.9071,0.14641,-7.5093,7.9066,0
0.035589,-2.2406,0.13611,-1.3652,8.6545,0
0.51046,-2.3175,0.062751,7.7372,7.6908,0
0.32051,-2.0354,0.017703,-0.9101,7.7628,0
-1.389,-1.8045,0.020277,-7.7369,7.6189,0
-0.43928,-1.8815,0.061464,1.3655,7.0436,0
0.60543,-2.3431,0.15928,7.282,7.9641,0
0.035589,-2.8048,0.25839,-1.8203,7.2881,0
-1.1991,-2.5483,0.28027,-6.3715,7.9641,0
-0.34431,-1.8815,0.23651,5.234,7.2593,0
0.60543,-1.3428,0.17344,5.234,7.1587,0
0.7004,-1.2915,0.17215,-5.4613,7.2593,0
0.89035,-1.035,0.16186,-5.2337,6.195,0
-0.15436,-0.85549,0.12324,6.1442,6.8854,0
-1.389,-0.18861,0.082057,3.6411,6.1662,0
-2.6237,0.47827,0.048593,-7.5093,7.0292,0
-2.5287,0.99126,0.007406,-2.503,7.2306,0
-2.3388,1.4786,0.013841,7.282,7.1874,0
-1.484,1.5555,0.060177,0.91037,7.9641,0
-0.81917,0.91431,0.087205,-7.5093,6.9861,0
-0.53425,0.58087,0.064038,0.68281,7.5614,0
-1.389,0.11918,0.043444,6.8269,6.3244,0
-1.1991,-0.41945,0.046019,-2.9581,5.9361,0
-0.15436,-0.6503,0.051167,-7.7369,5.4183,0
2.125,-1.1376,0.067899,3.8687,4.3827,0
3.5496,-1.9328,0.11681,5.0064,4.8717,0
3.7396,-1.9328,0.14384,-6.5991,3.6779,0
2.03,-1.2402,0.12067,-5.6889,3.9943,0
0.41548,-0.93244,0.066612,5.9167,2.9156,0
-0.34431,-1.3941,0.057602,2.7309,2.2539,0
0.13056,-2.0097,0.096215,-8.192,2.0525,0
1.3652,-2.138,0.15671,-2.503,1.1032,0
1.2702,-2.061,0.19661,7.0545,2.2395,0
0.22554,-2.1123,0.19403,-0.68254,1.7793,0
-1.1991,-1.9071,0.16958,-7.7369,2.1964,0
-2.0538,-1.8558,0.13998,2.9584,1.8368,0
-3.2885,-1.625,0.16057,5.9167,0.91626,0
-2.7186,-1.0863,0.17215,-4.0959,1.4916,0
-0.53425,-0.57335,0.1477,-7.5093,0.58544,0
-0.34431,-0.13731,0.16057,4.5513,1.693,0
-2.2438,0.50392,0.20562,4.3238,1.3621,0
-3.2885,0.76041,0.1876,-7.2818,1.7217,0
-3.7634,0.70911,0.091067,-4.0959,2.0957,0
-2.9086,1.2734,0.026712,7.5096,1.2758,0
-1.294,2.1455,0.024138,2.9584,1.9806,0
-0.059385,2.2224,0.024138,-7.0542,0.90188,0
-1.6739,1.9659,0.030574,-0.45498,1.506,0
-3.0985,1.9403,0.082057,8.1923,1.2183,0
-2.8136,1.8377,0.11552,-1.3652,0.94503,0
-3.4784,1.5812,0.11295,-7.2818,1.7073,0
-3.5734,1.1195,0.11295,3.6411,1.0889,0
-1.1991,1.1965,0.12711,6.3718,2.1245,0
1.0803,0.88866,0.21463,-4.5511,1.1464,0
3.0747,0.35002,0.37294,-7.0542,0.82996,0
3.7396,-0.060364,0.42314,6.1442,0.26901,0
2.22,-0.13731,0.38967,4.3238,-0.55085,0
1.1753,-0.26556,0.39225,-6.8267,0.29777,0
0.79538,-0.62465,0.40512,-3.8684,-0.3351,0
0.98533,-0.93244,0.37937,7.0545,0.72928,0
2.22,-1.4711,0.31888,2.0482,0.41284,0
4.4993,-2.1123,0.25195,-8.4196,0.62859,0
4.3094,-2.3944,0.2069,-0.68254,0.81558,0
4.0245,-2.2662,0.22106,7.282,-0.46455,0
2.9798,-1.9584,0.25453,-0.9101,-0.23441,0
1.6501,-1.7019,0.27383,-7.7369,-1.7015,0
0.98533,-1.2659,0.23651,1.8206,-1.2844,0
0.13056,-1.4711,0.19275,6.8269,-1.5721,0
-0.62923,-1.7019,0.22492,-5.2337,-2.4207,0
-1.484,-1.7532,0.26482,-7.2818,-2.3056,0
-0.24933,-1.4711,0.24423,4.5513,-3.6001,0
0.32051,-1.3941,0.21978,4.0962,-2.9673,0
0.79538,-1.1889,0.17344,-7.2818,-3.6864,0
0.89035,-0.34251,0.13225,-5.6889,-3.2981,0
-0.81917,0.55522,0.12067,8.1923,-3.0392,0
-2.0538,1.2221,0.12968,2.5033,-3.4851,0
-1.9589,1.3503,0.12968,-8.6471,-2.7803,0
-2.3388,1.0426,0.12582,-1.5928,-3.8446,0
-1.294,0.55522,0.13483,7.0545,-3.1399,0
-0.7242,-0.034715,0.14126,-0.9101,-3.6577,0
-0.81917,-0.11166,0.12839,-8.6471,-3.7583,0
-1.389,0.22178,0.12839,3.4135,-3.6001,0
-1.1041,0.35002,0.10651,6.5994,-4.5351,0
-0.15436,0.22178,0.073047,-4.7786,-3.8159,0
-0.81917,-0.11166,0.074335,-6.8267,-4.4919,0
-1.6739,-0.67595,0.12968,6.3718,-3.2837,0
-1.389,-1.3428,0.20433,4.5513,-2.5789,0
-0.059385,-2.0097,0.26482,-7.0542,-1.8166,0
-0.24933,-2.1893,0.29185,-3.8684,-0.56523,0
-0.53425,-1.6763,0.26868,8.4198,-1.155,0
-0.43928,-0.85549,0.16572,1.5931,-0.076195,0
-0.62923,-0.36816,0.030574,-7.7369,-0.91043,0
1.2702,-0.3938,-0.090413,0.00013542,-0.6803,0
3.6446,-0.29121,-0.14576,8.1923,-0.75222,0
3.4546,0.067882,-0.092987,-0.45498,-1.6152,0
3.4546,0.76041,-0.049226,-7.5093,-1.3707,0
2.03,0.68346,-0.14833,2.5033,-3.1399,0
0.32051,-0.0090658,-0.31308,5.9167,-3.2405,0
-0.43928,-0.3938,-0.38902,-4.0959,-4.6214,0
0.13056,-0.77854,-0.3414,-6.5991,-5.2255,0
-0.24933,-1.2146,-0.26674,3.6411,-5.3261,0
-0.53425,-1.4967,-0.21269,4.3238,-6.1316,0
-1.579,-1.4198,-0.11487,-7.7369,-5.0816,0
-2.9086,-1.1889,0.0061189,-4.5511,-5.7864,0
-1.0091,-0.77854,0.04087,5.9167,-5.0672,0
1.1753,-0.85549,-0.038929,1.8206,-5.1823,0
1.2702,-1.2146,-0.13289,-8.6471,-5.2542,0
1.7451,-1.3941,-0.20882,-1.8203,-4.0892,0
2.9798,-1.2402,-0.26803,7.282,-4.1467,0
2.8848,-0.82984,-0.27061,-1.1377,-2.6508,0
0.035589,-0.57335,-0.22427,-8.6471,-3.3125,0
-1.579,-0.5477,-0.15605,2.9584,-3.7727,0
-1.294,-0.34251,-0.069819,7.0545,-4.3768,0
-0.7242,-0.67595,-0.027345,-5.0062,-5.5563,0
0.22554,-1.1633,-0.067245,-6.3715,-4.8515,0
-0.24933,-1.1376,-0.13546,5.234,-5.772,0
0.22554,-1.4454,-0.21912,3.8687,-5.3261,0
1.4602,-1.8815,-0.29249,-6.8267,-5.8152,0
3.0747,-1.9071,-0.3414,-4.3235,-5.9878,0
4.4993,-1.5737,-0.32595,7.282,-5.4556,0
4.3094,-1.4198,-0.2809,2.0482,-6.448,0
1.4602,-0.85549,-0.27318,-8.192,-5.8296,0
-0.81917,-0.086014,-0.27961,-1.8203,-6.7213,0
-1.9589,0.093531,-0.2616,8.1923,-6.0597,0
-1.1991,-0.0090658,-0.241,0.2277,-5.3261,0
-0.15436,-0.6503,-0.21269,-8.6471,-4.8946,0
2.9798,-0.62465,-0.17021,1.8206,-3.1686,0
3.3597,-0.67595,-0.11615,7.282,-3.4563,0
2.5999,-0.57335,-0.10071,-2.9581,-2.2481,0
0.60543,0.016583,-0.11229,-7.2818,-2.8522,0
-0.15436,0.83736,-0.1419,4.5513,-3.0679,0
-0.53425,1.4016,-0.18952,5.234,-2.9816,0
-2.1488,1.1452,-0.22041,-5.6889,-3.7008,0
-4.1432,0.32437,-0.19467,-4.0959,-2.507,0
-3.1935,-1.0607,-0.12903,7.7372,-3.0536,0
-1.579,-1.8815,-0.13804,2.9584,-2.4207,0
-0.059385,-1.8558,-0.22427,-7.9645,-2.9241,0
0.51046,-1.6506,-0.3414,-2.0479,-3.672,0
-1.484,-1.7276,-0.38644,7.9647,-3.5857,0
-3.0985,-1.7276,-0.34268,0.91037,-4.722,0
-1.0091,-1.6506,-0.27833,-8.4196,-3.8878,0
1.2702,-1.8558,-0.23972,0.68281,-4.3337,0
1.3652,-2.0354,-0.22427,7.282,-3.557,0
0.13056,-1.8045,-0.20239,-2.7306,-2.9673,0
0.13056,-1.4198,-0.17793,-7.9645,-3.1111,0
-0.15436,-1.0607,-0.15219,3.4135,-1.9892,0
-0.53425,-0.85549,-0.12388,5.234,-2.5645,0
-0.43928,-1.1889,-0.092987,-5.4613,-1.457,0
0.79538,-1.1633,-0.019623,-5.6889,-1.5721,0
2.7898,-0.4964,0.043444,5.9167,-1.1981,0
4.3094,0.32437,0.034435,3.6411,-0.45016,0
4.4993,0.58087,0.0035447,-6.8267,-0.78098,0
3.2647,0.76041,0.016416,-2.503,0.16832,0
1.6501,1.2477,0.07176,7.282,-0.73783,0
-0.62923,1.7607,0.15027,0.91037,-0.27756,0
-1.1991,2.9406,0.22621,-8.6471,-0.49331,0
0.13056,3.8127,0.26225,0.91037,-0.3351,0
0.79538,3.2484,0.34591,7.5096,0.78681,0
0.79538,2.0172,0.5364,-2.9581,0.41284,0
0.89035,0.73476,0.69986,-8.192,1.7073,0
-0.059385,-0.34251,0.76164,3.4135,0.97379,0
-1.1991,-0.77854,0.74619,6.1442,1.2758,0
-3.9533,-0.77854,0.73332,-5.4613,1.1032,0
-2.8136,-0.77854,0.67927,-6.3715,0.31216,0
-2.5287,-0.29121,0.54412,7.0545,1.0745,0
-1.484,-0.11166,0.42314,2.7309,-0.033045,0
0.7004,-0.4451,0.38195,-6.8267,0.67174,0
1.1753,-0.67595,0.41799,-1.8203,-0.004278,0
-0.53425,-0.82984,0.51194,7.7372,-0.3351,0
-0.81917,-0.67595,0.58531,0.2277,-0.1625,0
-0.53425,-0.7016,0.63808,-7.9645,-1.3132,0
1.0803,-0.72725,0.72303,1.3655,-0.46455,0
2.7898,-0.5477,0.80798,7.282,-1.2844,0
2.03,-0.85549,0.82342,-3.6408,-0.49331,0
0.32051,-0.93244,0.86847,-7.2818,-0.37825,0
0.41548,-1.2402,0.98431,5.4616,-0.60838,0
0.035589,-1.5993,1.0435,5.4616,0.25462,0
-2.0538,-1.4198,0.97272,-6.8267,-0.66591,0
-0.81917,-0.4964,0.86075,-4.3235,0.024489,0
3.6446,0.24743,0.81312,7.0545,-0.69468,0
4.4993,0.96561,0.85431,2.0482,-0.40701,0
3.2647,1.0426,0.94569,-8.4196,-0.033045,0
0.89035,0.29873,1.0294,-0.45498,-0.39263,0
0.51046,-0.29121,1.0139,7.0545,0.67174,0
0.7004,-0.086014,0.86847,-1.8203,-0.23441,0
1.6501,0.47827,0.69342,-7.9645,0.28339,0
3.7396,0.96561,0.58016,3.8687,-0.11935,0
2.5049,1.2221,0.5068,6.5994,-0.2488,0
-0.34431,0.86301,0.37165,-5.2337,0.59983,0
-1.8639,0.99126,0.15413,-5.6889,0.26901,0
-1.389,1.0682,-0.13031,6.1442,1.8656,0
-0.91415,1.4016,-0.44694,3.6411,1.7217,0
0.32051,1.7864,-0.74168,-7.2818,2.4984,0
1.4602,2.0942,-1.0197,-2.2755,2.858,0
0.79538,1.9403,-1.2681,7.7372,2.4697,0
-0.34431,1.9916,-1.5397,-0.68254,3.606,0
-0.7242,2.2224,-1.8421,-8.192,3.1888,0
-1.389,2.1455,-2.1716,2.0482,4.3395,0
-3.5734,1.7351,-2.4677,7.0545,4.1813,0
-4.1432,1.0426,-2.747,-3.8684,4.4258,0
-2.9086,0.45262,-2.9928,-6.5991,4.8142,0
-3.2885,0.11918,-3.2039,5.0064,4.1238,0
-1.8639,-0.086014,-3.4163,3.6411,5.0443,0
0.7004,-0.23991,-3.6428,-7.0542,4.2532,0
3.6446,-0.4451,-3.9182,-3.4133,4.7566,0
5.0692,-0.3938,-4.2207,7.282,4.8142,0
2.7898,-0.4451,-4.4524,1.8206,4.4258,0
1.4602,-0.31686,-4.6017,-7.7369,5.0874,0
0.035589,-0.34251,-4.7072,0.00013542,4.095,0
0.22554,0.14483,-4.823,7.5096,4.8429,0
-0.059385,0.76041,-4.9723,-2.0479,4.2101,0
1.6501,1.812,-5.0599,-7.2818,4.3539,0
3.3597,2.7867,-5.0933,3.8687,4.8861,0
1.3652,2.915,-5.1487,6.1442,4.2244,0
-0.15436,2.4789,-5.2491,-5.9164,5.1018,0
-1.6739,2.325,-5.3263,-4.0959,4.0518,0
-0.34431,2.0172,-5.3392,6.8269,4.3251,0
0.51046,1.4273,-5.3199,2.9584,3.9368,0
0.79538,0.14483,-5.3057,-7.7369,3.3471,0
-0.91415,-0.88114,-5.2864,-1.3652,4.1094,0
-2.5287,-1.0607,-5.1911,7.7372,3.2176,0
-3.4784,-0.77854,-5.0418,-0.9101,4.095,0
-1.9589,0.29873,-4.8925,-8.6471,3.4046,0
-0.059385,1.6325,-4.63,1.1379,3.3183,0
1.4602,2.8637,-4.285,7.0545,3.3471,0
2.125,3.9922,-4.0238,-3.6408,2.5128,0
0.60543,4.377,-3.8654,-7.9645,3.3758,0
0.22554,4.6848,-3.6428,4.3238,2.3115,0
0.79538,5.4799,-3.2953,4.5513,2.8436,0
2.5049,6.6597,-2.8229,-5.9164,2.4841,0
3.6446,7.6857,-2.3377,-6.144,2.3115,0
2.8848,7.6344,-1.9477,5.6891,3.0594,0
1.5552,6.5315,-1.6632,3.186,2.3258,0
0.98533,5.3003,-1.4174,-6.8267,3.3183,0
1.4602,4.4283,-1.1729,-2.9581,2.5272,0
2.8848,3.8127,-0.92959,7.5096,2.8868,0
2.22,3.2227,-0.68762,0.2277,2.9875,0
0.22554,2.6072,-0.40575,-7.9645,2.4265,0
-2.3388,1.9659,-0.053087,0.91037,3.1313,0
-3.3835,1.5812,0.36264,7.282,2.0957,0
-2.7186,1.299,0.82599,-2.0479,2.7861,0
-0.7242,0.50392,1.2919,-7.7369,2.0525,0
-0.24933,-0.5477,1.7939,4.0962,1.808,0
-1.294,-1.2915,2.3422,6.8269,2.0094,0
-0.34431,-0.6503,2.8622,-5.4613,1.132,0
0.41548,-0.13731,3.3822,-5.4613,1.995,0
2.315,0.11918,3.9536,5.9167,1.2183,0
3.6446,0.93996,4.5238,3.4135,1.7936,0
2.22,1.7351,5.0296,-7.5093,1.9087,0
0.22554,2.402,5.4981,-2.503,1.5491,0
-0.62923,2.1968,5.9332,8.875,2.4265,0
0.13056,1.7094,6.3605,1.5931,1.5204,0
0.60543,0.65782,6.7801,-7.9645,2.4984,0
0.98533,-0.75289,7.1791,1.8206,2.0238,0
-0.91415,-2.2149,7.5124,7.9647,2.2108,0
-1.0091,-2.6253,7.7634,-2.2755,2.3402,0
0.13056,-2.0354,7.9114,-6.3715,1.5779,0
0.60543,-1.625,8.0105,4.5513,2.2971,0
-0.059385,-1.8045,8.0826,4.5513,1.3478,0
-1.1041,-1.7019,8.1894,-6.3715,2.0238,0
-2.1488,-1.4198,8.3374,-4.3235,1.7793,0
-2.1488,-1.0094,8.3812,6.3718,1.6354,0
-2.9086,-0.41945,8.2409,2.0482,2.2539,0
-2.8136,0.29873,7.9874,-7.7369,1.319,0
-1.389,0.65782,7.663,-2.0479,1.995,0
-1.389,1.1708,7.2833,7.7372,0.87311,0
-1.9589,1.9659,6.9191,-0.22742,1.1752,0
-2.0538,2.1711,6.6063,-8.192,1.1895,0
-1.294,1.6838,6.3103,2.0482,0.71489,0
0.7004,0.96561,6.0516,6.3718,1.506,0
0.98533,0.73476,5.8572,-4.3235,0.48476,0
-0.62923,1.0169,5.6487,-6.8267,1.2039,0
-0.24933,1.3503,5.408,5.4616,0.52791,0
-0.43928,1.4529,5.1262,5.234,0.34092,0
-1.389,1.3503,4.8044,-6.5991,0.59983,0
-2.8136,1.299,4.4337,-5.0062,-0.29195,0
-2.8136,1.7864,4.0656,6.5994,0.61421,0
-3.2885,1.9916,3.758,1.8206,-0.32071,0
-2.7186,1.6838,3.4684,-8.192,0.16832,0
-0.53425,1.812,3.1865,-1.5928,-0.004278,0
1.5552,1.5555,2.8853,7.7372,-0.47893,0
2.22,0.63217,2.6022,-0.9101,0.010105,0
1.5552,-0.7016,2.395,-7.9645,-1.0399,0
1.7451,-2.6509,2.2135,2.9584,-0.52208,0
1.2702,-4.3181,1.9844,6.8269,-1.3563,0
0.22554,-5.0363,1.7051,-3.8684,-1.2413,0
0.13056,-5.498,1.4657,-5.9164,-1.1262,0
1.4602,-5.7545,1.2456,5.6891,-1.8022,0
2.125,-5.7545,1.0049,5.234,-0.80975,0
2.22,-6.011,0.72045,-7.0542,-1.6584,0
1.6501,-7.1396,0.47462,-4.0959,-0.96797,0
0.13056,-7.8321,0.32918,7.282,-1.5433,0
-2.0538,-7.1652,0.23136,2.2757,-1.9317,0
-3.5734,-6.2675,0.079483,-7.7369,-1.5433,0
-2.7186,-5.7032,-0.12903,-1.1377,-2.3488,0
-2.3388,-5.6006,-0.32981,7.9647,-1.457,0
-1.294,-5.6006,-0.50357,-0.68254,-2.3056,0
0.13056,-5.2672,-0.63356,-8.192,-2.0899,0
1.4602,-4.2155,-0.70693,2.0482,-2.4638,0
2.22,-2.8561,-0.78673,6.3718,-3.2981,0
0.7004,-1.7019,-0.88069,-4.0959,-2.9241,0
1.2702,-1.0863,-0.96821,-5.2337,-4.0748,0
1.2702,-0.88114,-1.0699,5.4616,-3.2981,0
0.13056,-0.85549,-1.1535,3.6411,-4.1467,0
-1.294,-0.82984,-1.2179,-7.7369,-4.0892,0
-2.2438,-0.599,-1.2475,-3.6408,-4.1755,0
-1.389,-0.21426,-1.2668,7.7372,-4.8803,0
-0.81917,0.32437,-1.326,0.91037,-4.2042,0
0.13056,0.91431,-1.4303,-8.8747,-5.1392,0
0.13056,1.4016,-1.5783,-0.22742,-4.3912,0
-1.484,1.7607,-1.7546,7.5096,-4.8227,0
-1.294,1.9146,-1.8936,-1.3652,-4.5638,0
-0.81917,2.3507,-1.9902,-8.192,-3.9741,0
0.22554,2.915,-2.0017,2.5033,-4.5207,0
-0.15436,2.9406,-1.9104,6.8269,-3.4707,0
-0.62923,2.6585,-1.7984,-3.6408,-4.0748,0
-0.43928,2.2737,-1.7572,-7.2818,-3.4275,0
1.1753,1.7607,-1.7649,4.5513,-3.3412,0
4.4044,0.86301,-1.8125,5.234,-3.5138,0
4.6893,-0.16296,-1.9091,-6.3715,-2.6508,0
1.7451,-0.4964,-2.0288,-4.5511,-3.2262,0
-0.15436,-0.31686,-2.0815,7.0545,-2.1762,0
-0.62923,-0.3938,-2.0494,2.7309,-2.5214,0
-0.7242,-1.035,-2.0172,-8.192,-2.1762,0
-0.7242,-1.5993,-2.0275,-2.7306,-1.6871,0
0.98533,-1.9071,-2.0597,7.5096,-1.9892,0
3.5496,-2.1636,-2.0236,0.2277,-0.66591,0
4.0245,-2.497,-1.9013,-7.7369,-1.083,0
1.4602,-3.3948,-1.8048,2.7309,-0.29195,0
-0.81917,-4.0873,-1.743,7.5096,-0.20565,0
-0.15436,-4.5746,-1.6722,-3.8684,-0.2488,0
0.51046,-5.1902,-1.5963,-7.5093,0.64298,0
0.79538,-6.3188,-1.559,5.0064,0.067639,0
-0.059385,-7.6782,-1.5796,5.234,1.1176,0
-1.1991,-8.9607,-1.6118,-7.0542,0.55667,0
-2.0538,-9.2941,-1.6555,-5.0062,0.85873,0
-1.294,-8.4733,-1.6954,7.282,1.0169,0
0.7004,-6.9344,-1.7443,2.5033,0.57106,0
2.8848,-5.062,-1.7714,-7.9645,1.5779,0
2.6949,-3.8565,-1.7636,-1.8203,1.0889,0
0.13056,-3.4974,-1.725,7.5096,2.3115,0
-0.059385,-3.087,-1.7289,-1.1377,2.4121,0
1.5552,-2.0867,-1.7559,-8.192,2.7861,0
1.0803,-1.3685,-1.7623,2.9584,3.8649,0
0.22554,-0.7016,-1.7495,6.3718,3.4621,0
0.32051,-0.034715,-1.7237,-4.5511,4.6703,0
0.79538,1.0682,-1.6658,-7.2818,3.9943,0
2.5049,2.2737,-1.6169,4.7789,4.397,0
1.8401,3.1201,-1.6246,3.8687,4.2244,0
0.32051,3.864,-1.6233,-6.5991,3.6635,0
-0.43928,4.4796,-1.5731,-5.0062,4.2532,0
-1.294,4.0435,-1.5204,7.0545,3.2176,0
-1.7689,2.6328,-1.4624,2.2757,3.7354,0
-0.62923,1.2734,-1.4213,-8.192,2.9156,0
0.41548,1.0939,-1.3543,-1.5928,2.7286,0
0.035589,1.6068,-1.317,7.0545,2.9875,0
-2.0538,2.7867,-1.3273,0.00013542,2.0957,0
-1.7689,4.4283,-1.29,-8.4196,2.4553,0
-0.059385,5.1208,-1.2153,2.0482,0.93064,0
0.60543,4.9669,-1.1407,7.282,0.84434,0
0.98533,4.9925,-1.0454,-3.8684,0.35531,0
4.9742,5.1208,-0.97593,-7.5093,-0.29195,0
6.8737,4.5565,-0.90514,4.5513,0.34092,0
5.2591,3.7101,-0.79831,5.4616,-0.37825,0
0.7004,2.6072,-0.72237,-6.144,0.71489,0
-0.62923,1.5299,-0.70564,-5.0062,0.31216,0
0.035589,1.4786,-0.74297,6.8269,0.42722,0
1.6501,1.5299,-0.80732,3.4135,0.61421,0
1.3652,0.83736,-0.8588,-7.0542,-0.076195,0
-0.53425,-0.36816,-0.86395,-1.3652,0.82996,0
-1.6739,-1.2915,-0.8099,7.7372,0.21147,0
-1.389,-1.9841,-0.74039,0.45525,1.0745,0
-1.0091,-2.6509,-0.72623,-7.7369,1.1176,0
-1.579,-3.4461,-0.78158,2.5033,1.0745,0
-1.8639,-3.9078,-0.88069,7.282,1.8512,0
-0.7242,-3.4461,-1.0017,-3.4133,1.0026,0
-0.34431,-2.6766,-1.0609,-7.0542,1.9519,0
0.41548,-1.9071,-1.0274,4.5513,1.132,0
0.79538,-1.2659,-0.95148,4.7789,1.0745,0
1.5552,-1.3172,-0.85752,-7.2818,0.97379,0
2.315,-1.8302,-0.81633,-4.5511,-0.090578,0
1.6501,-1.9071,-0.77772,6.5994,0.35531,0
0.22554,-1.8815,-0.68247,2.2757,-0.96797,0
0.41548,-2.061,-0.58465,-7.7369,-0.70906,0
2.315,-2.4201,-0.55634,-1.3652,-1.457,0
4.4993,-1.7789,-0.58079,7.282,-2.0036,0
3.6446,-0.13731,-0.54347,-0.45498,-1.8597,0
0.79538,0.73476,-0.41733,-7.5093,-2.996,0
-1.1041,0.73476,-0.30664,2.0482,-2.2912,0
-1.294,0.016583,-0.22298,5.234,-3.3268,0
-0.53425,-0.29121,-0.14061,-5.9164,-3.0104,0
-0.059385,0.35002,-0.090413,-6.144,-3.1542,0
0.79538,1.6325,-0.13031,5.9167,-3.8446,0
0.89035,2.5815,-0.21912,4.5513,-3.4275,0
0.89035,3.1458,-0.28219,-7.2818,-4.8083,0
-0.15436,4.0435,-0.3015,-3.4133,-4.2186,0
-0.15436,5.2234,-0.27961,7.7372,-4.9522,0
0.13056,6.6854,-0.25259,0.2277,-4.8946,0
-0.24933,7.6857,-0.21269,-7.9645,-4.794,0
-1.294,7.9679,-0.12516,2.0482,-5.4987,0
-1.9589,7.8653,-0.047939,7.282,-4.1035,0
-1.484,6.9675,-0.0080391,-2.7306,-3.8446,0
-3.1935,5.4286,-0.010613,-6.5991,-1.5289,0
-1.484,3.5562,0.012554,5.9167,-0.49331,0
0.98533,2.5046,0.091067,5.234,0.024489,0
2.125,1.2734,0.15928,-7.2818,0.57106,0
0.7004,0.32437,0.17473,-4.5511,-0.32071,0
-1.1041,0.042233,0.21205,6.8269,0.88749,0
-0.62923,0.17048,0.30215,3.186,0.61421,0
-0.24933,0.45262,0.35235,-7.7369,1.5635,0
-3.0985,0.60652,0.27126,-0.9101,1.8656,0
-2.2438,0.70911,0.10265,8.4198,1.6642,0
-0.15436,1.1452,-0.037642,-0.9101,2.6279,0
-1.7689,1.6838,-0.11487,-7.7369,2.1388,0
-3.2885,1.9403,-0.14576,2.5033,3.1457,0
-1.1041,2.1711,-0.15605,7.0545,2.5991,0
1.0803,1.9403,-0.16249,-4.3235,2.3258,0
1.3652,0.99126,-0.15734,-7.5093,2.0525,0
0.22554,0.067882,-0.23457,4.5513,0.39846,0
-0.34431,-0.57335,-0.35427,4.7789,0.053256,0
-0.7242,-0.7016,-0.371,-6.8267,-1.946,0
0.13056,-0.26556,-0.26674,-4.5511,-2.4638,0
2.125,0.067882,-0.16378,6.3718,-3.3268,0
2.5999,0.14483,-0.18566,1.8206,-4.1755,0
0.89035,0.042233,-0.27833,-7.2818,-3.9885,0
-0.059385,0.32437,-0.37615,-1.3652,-5.4412,0
-0.53425,1.4016,-0.45466,6.8269,-5.1967,0
-0.7242,2.5046,-0.51129,-1.3652,-6.4624,0
0.035589,3.0175,-0.50743,-8.192,-6.4912,0
1.5552,2.2994,-0.45208,2.5033,-6.635,0
0.60543,1.5042,-0.36199,6.1442,-7.3398,0
0.32051,0.96561,-0.24615,-4.0959,-6.8076,0
0.7004,-0.060364,-0.15091,-7.0542,-8.0734,0
-0.7242,-1.4454,-0.13031,4.7789,-7.8432,0
-1.0091,-2.138,-0.10714,3.6411,-8.6919,0
-0.059385,-2.138,0.025425,-7.2818,-9.0946,0
0.60543,-1.4454,0.1979,-4.0959,-8.9651,0
-0.7242,-0.18861,0.26354,6.3718,-9.8713,0
0.035589,0.93996,0.26096,1.1379,-9.3247,0
-0.43928,2.5559,0.2275,-8.6471,-10.447,0
-0.7242,3.8383,0.21077,-0.68254,-9.8138,0
0.98533,3.8383,0.20819,8.6474,-9.4254,0
1.2702,3.0175,0.20562,-0.9101,-9.2097,0
0.41548,1.9146,0.19918,-7.5093,-7.8001,0
1.9351,1.0426,0.16186,3.8687,-8.1309,0
2.22,1.1452,0.13225,6.5994,-6.4768,0
0.13056,1.9659,0.12968,-5.0062,-5.7145,0
-2.6237,2.838,0.082057,-5.4613,-3.5714,0
-1.8639,3.4023,-0.035068,7.282,-0.99673,0
1.4602,3.3253,-0.12002,3.4135,0.19709,0
3.3597,2.8124,-0.077542,-7.7369,2.3978,0
2.8848,2.1198,0.067899,-1.8203,2.3834,0
1.6501,0.19613,0.21077,7.7372,3.8505,0
2.5999,-1.8815,0.29571,0.45525,4.5121,0
4.4044,-3.2409,0.35621,-7.7369,5.26,0
2.5999,-3.9078,0.4463,1.1379,6.7847,0
1.1753,-4.6772,0.48234,7.0545,6.6552,0
0.035589,-6.0366,0.44115,-2.2755,7.9354,0
0.41548,-6.5496,0.45274,-7.2818,7.4463,0
0.79538,-6.7035,0.56085,4.0962,7.8347,0
0.7004,-7.2678,0.69471,4.7789,7.9785,0
0.035589,-8.0886,0.8157,-6.3715,7.5758,0
-0.62923,-7.7551,0.8955,-5.0062,8.5538,0
-0.7242,-6.9087,0.89807,5.4616,7.8203,0
-0.62923,-6.3701,0.83629,2.7309,8.5826,0
-0.7242,-5.4211,0.75006,-8.192,7.9066,0
-2.3388,-4.7029,0.6857,-1.8203,6.8566,0
-3.1935,-3.7282,0.65867,8.1923,6.5689,0
-2.1488,-2.2149,0.71273,-0.9101,6.0799,0
1.2702,-0.52205,0.79124,-8.192,8.5538,0
3.1697,1.4786,0.78738,1.1379,9.3593,0
1.2702,3.6331,0.74362,6.8269,10.409,0
-0.91415,4.6591,0.8054,-4.0959,9.7764,0
-3.0036,3.5562,0.90579,-7.5093,7.9641,0
-2.5287,1.9146,0.85045,4.3238,7.1874,0
-1.294,0.42697,0.69986,4.7789,5.3032,0
-0.15436,-0.4964,0.56085,-7.2818,5.8354,0
-1.0091,-0.80419,0.43858,-5.2337,5.3751,0
-1.9589,-0.57335,0.33819,6.5994,5.8929,0
-2.2438,0.11918,0.24809,2.2757,6.3532,0
-2.0538,1.5042,0.13225,-7.7369,5.8785,0
-0.53425,3.3253,0.062751,-1.3652,6.5977,0
1.5552,5.1208,0.078196,8.1923,5.447,0
0.51046,6.7623,0.069186,-0.22742,5.7347,0
0.51046,7.7883,0.007406,-8.192,5.2025,0
2.5049,7.224,-0.054374,2.7309,4.9436,0
1.2702,5.1721,-0.032494,7.0545,5.6772,0
-0.15436,3.2484,0.078196,-3.1857,5.1018,0
-0.62923,2.2481,0.1876,-5.6889,6.008,0
0.035589,1.4529,0.24423,5.4616,5.145,0
0.7004,1.3503,0.23007,5.4616,5.1018,0
0.7004,1.6838,0.11037,-6.3715,4.8142,0
-0.059385,1.6581,-0.076255,-4.7786,4.1238,0
-0.34431,1.1708,-0.19724,7.9647,4.9436,0
-1.294,1.0939,-0.21011,2.7309,4.1813,0
-0.24933,1.3247,-0.17536,-7.2818,4.9868,0
2.125,1.3503,-0.12645,-1.8203,4.3539,0
1.8401,1.0939,-0.11487,8.1923,4.0518,0
-1.294,0.58087,-0.14447,-0.68254,4.2964,0
-1.6739,-0.599,-0.17279,-7.2818,3.6347,0
-0.15436,-1.2146,-0.19467,2.7309,4.771,0
-0.059385,-0.6503,-0.2217,6.8269,4.282,0
-0.62923,0.52957,-0.241,-3.1857,5.2169,0
0.22554,1.9146,-0.24358,-6.8267,5.1881,0
0.89035,3.2997,-0.23972,6.1442,4.5409,0
-0.81917,3.4279,-0.22813,4.3238,4.7566,0
-1.0091,2.0172,-0.20239,-7.9645,3.6779,0
-0.7242,1.376,-0.19338,-4.0959,4.6703,0
-0.43928,1.9146,-0.19982,6.3718,4.1525,0
0.89035,2.2737,-0.18952,0.45525,4.3251,0
0.22554,2.0685,-0.20239,-8.4196,4.3251,0
-1.1991,1.812,-0.2217,-0.22742,3.2176,0
-2.9086,1.5299,-0.2011,7.0545,3.4621,0
-1.9589,1.4273,-0.14447,-2.2755,1.8943,0
-0.91415,1.4529,-0.065958,-7.7369,1.995,0
-0.7242,1.7094,0.022851,3.186,1.3621,0
0.13056,1.0682,0.10651,5.6891,0.78681,0
0.13056,-0.36816,0.15027,-5.6889,0.77243,0
0.22554,-1.0863,0.1773,-5.9164,-0.594,0
1.3652,-0.62465,0.19146,6.3718,0.024489,0
0.41548,0.99126,0.19017,3.6411,-0.594,0
-0.24933,2.5302,0.16186,-8.192,0.18271,0
1.1753,3.351,0.10136,-2.9581,0.45599,0
0.32051,4.0948,0.031861,7.9647,-0.047428,0
-2.9086,4.0692,-0.040216,1.1379,0.61421,0
-3.2885,3.6844,-0.11744,-7.9645,-0.49331,0
-0.91415,3.6075,-0.22942,0.2277,0.19709,0
-0.15436,3.9153,-0.34526,7.282,-0.22003,0
1.1753,3.9409,-0.33367,-2.9581,0.038872,0
1.8401,3.1458,-0.20496,-6.144,0.97379,0
0.60543,2.4276,-0.085264,5.234,0.64298,0
-1.0091,2.3763,-0.073681,5.6891,1.5491,0
-1.1041,3.8127,-0.12259,-6.3715,0.41284,0
-0.059385,5.0951,-0.16378,-4.3235,0.74366,0
-0.15436,5.249,-0.20368,6.5994,0.70051,0
-1.294,4.2231,-0.26031,3.186,0.22586,0
-1.1991,3.2227,-0.32852,-8.192,0.49914,0
1.5552,3.5562,-0.35427,-0.68254,-0.95358,0
1.6501,5.1977,-0.33239,7.7372,-0.45016,0
-0.62923,5.7107,-0.34397,-1.1377,-1.083,0
-0.24933,4.5565,-0.37872,-9.3298,-0.79537,0
-1.1041,3.5305,-0.36971,1.8206,-0.73783,0
-1.8639,3.6331,-0.32595,6.8269,-1.6584,0
-2.0538,4.6078,-0.26674,-4.0959,-1.5865,0
-2.9086,5.8133,-0.21783,-7.5093,-3.2981,0
-2.7186,5.5825,-0.12645,4.5513,-3.2405,0
0.13056,3.9153,0.038296,4.5513,-3.8159,0
2.5999,2.1711,0.18631,-7.2818,-3.5426,0
1.9351,1.5299,0.22621,-5.4613,-3.0248,0
0.32051,1.7864,0.21591,6.3718,-5.2974,0
-0.62923,1.4016,0.27769,2.5033,-6.2035,0
0.13056,0.42697,0.36393,-7.7369,-7.0234,0
-0.059385,-0.67595,0.39611,-0.9101,-4.1755,0
-1.484,-1.8045,0.40898,7.0545,-1.2413,0
-1.294,-3.3435,0.44888,-0.45498,0.54229,0
0.035589,-4.549,0.52868,-7.5093,1.9519,0
0.51046,-5.575,0.55957,2.7309,0.62859,0
0.13056,-6.2931,0.51709,6.8269,0.36969,0
-0.34431,-6.8831,0.45789,-3.8684,-1.3707,0
0.13056,-7.2422,0.4669,-6.8267,-2.2049,0
2.4099,-6.9087,0.54412,5.4616,-2.3488,0
1.2702,-6.7292,0.61749,4.0962,-3.0536,0
-1.0091,-7.5243,0.64065,-7.5093,-1.9892,0
-0.24933,-8.9607,0.62263,-4.3235,-2.6796,0
0.41548,-10.012,0.56986,7.0545,-2.133,0
-0.059385,-10.679,0.51452,1.3655,-2.6796,0
-1.294,-10.782,0.45016,-7.5093,-3.2262,0
-0.43928,-11.269,0.39611,1.1379,-2.6796,0
0.41548,-11.269,0.38581,7.0545,-3.37,0
-1.8639,-10.115,0.40512,-2.503,-2.1474,0
-3.0985,-8.5759,0.38066,-6.8267,-2.2912,0
-2.0538,-7.4474,0.30987,4.3238,-1.1981,0
1.4602,-6.8061,0.24294,6.8269,-0.55085,0
3.4546,-6.3957,0.18245,-5.0062,-0.78098,0
2.125,-6.011,0.1773,-5.0062,0.067639,0
1.1753,-5.575,0.18889,7.5096,-0.86728,0
0.89035,-5.1133,0.22235,4.0962,0.16832,0
1.5552,-4.6259,0.23651,-7.0542,0.010105,0
1.0803,-3.9334,0.25067,-3.1857,0.21147,0
0.13056,-3.1126,0.25839,7.7372,0.65736,0
0.41548,-2.3175,0.18245,0.68281,-0.1625,0
-0.15436,-1.5224,0.062751,-7.7369,1.0169,0
-2.3388,-0.4451,-0.014475,0.2277,0.82996,0
-2.5287,-0.034715,-0.046652,7.0545,1.8799,0
-0.7242,-0.11166,-0.087839,-2.503,2.3115,0
-0.34431,0.27308,-0.17021,-7.2818,2.1964,0
-1.389,1.9403,-0.26546,3.8687,3.0594,0
-1.1041,4.377,-0.36971,5.234,2.4553,0
1.6501,6.7367,-0.4907,-6.144,3.5916,0
2.4099,7.5831,-0.58723,-5.4613,3.2751,0
2.5049,7.2753,-0.61426,6.3718,3.7498,0
1.6501,6.6084,-0.56792,2.9584,4.2676,0
1.8401,4.9669,-0.53832,-8.4196,3.6923,0
1.2702,2.9406,-0.49585,-2.2755,4.4114,0
-0.91415,0.83736,-0.371,7.282,3.4334,0
-2.0538,-1.7019,-0.21269,-0.68254,4.095,0
-2.0538,-3.8821,-0.096848,-7.9645,4.1957,0
-1.294,-4.8311,-0.035068,2.5033,4.5984,0
-0.81917,-4.4977,-0.036355,7.0545,5.6053,0
-0.7242,-3.6513,-0.056948,-4.7786,4.8285,0
-1.294,-2.7792,-0.06081,-6.3715,5.4039,0
-1.1991,-2.2919,-0.068532,6.1442,4.1669,0
1.5552,-1.8815,-0.047939,5.0064,4.4258,0
2.5049,-1.9071,0.0061189,-7.2818,4.5265,0
-0.91415,-1.9584,0.016416,-3.6408,4.2964,0
-3.9533,-1.112,-0.033781,7.7372,5.4039,0
-2.5287,0.83736,-0.10714,0.91037,4.6991,0
0.41548,3.6588,-0.14576,-8.192,5.7203,0
1.2702,5.3773,-0.08269,-0.45498,5.3463,0
0.13056,4.5822,0.053741,7.7372,5.6772,0
0.32051,3.2227,0.14641,-2.0479,6.2525,0
2.315,3.1971,0.13483,-7.2818,5.4758,0
1.9351,4.6848,0.070473,3.186,5.9936,0
0.51046,5.8903,0.016416,6.3718,4.5984,0
-1.389,5.1977,-0.006752,-5.9164,4.6703,0
-2.9086,2.4276,0.017703,-6.3715,4.0087,0
-2.8136,-0.21426,0.066612,5.9167,3.1745,0
-0.62923,-2.2406,0.11166,4.0962,2.9875,0
1.3652,-3.6513,0.12196,-7.9645,1.4341,0
0.51046,-3.8565,0.13869,-3.1857,1.5635,0
-0.24933,-3.8052,0.15285,7.7372,0.082022,0
1.3652,-4.4207,0.17087,0.45525,-0.004278,0
2.7898,-5.1133,0.158,-8.4196,0.038872,0
2.03,-4.3438,0.10651,0.45525,-0.22003,0
0.22554,-3.0357,0.096215,6.8269,0.82996,0
1.2702,-2.7535,0.15413,-3.1857,0.067639,0
1.4602,-3.01,0.26482,-7.0542,0.71489,0
0.22554,-2.497,0.35106,4.0962,0.28339,0
0.41548,-1.3941,0.36393,4.7789,0.18271,0
0.60543,-0.6503,0.297,-7.0542,0.94503,0
1.5552,-0.6503,0.24423,-5.0062,0.77243,0
1.1753,-0.26556,0.21334,6.1442,2.4697,0
0.98533,-0.31686,0.22364,2.2757,2.3978,0
0.7004,-2.061,0.2571,-7.0542,3.2464,0
0.89035,-4.2668,0.31888,-0.9101,3.2032,0
0.035589,-5.7802,0.41541,7.282,2.7717,0
0.32051,-7.0626,0.44888,-1.1377,3.3614,0
-0.15436,-8.3451,0.42957,-8.6471,2.4265,0
-2.2438,-8.2168,0.45016,2.9584,3.6635,0
-2.3388,-7.2935,0.45789,6.3718,3.6347,0
-2.2438,-6.4727,0.3472,-4.7786,4.4833,0
-2.0538,-5.8315,0.20562,-6.3715,4.9005,0
-0.62923,-4.9594,0.13483,5.234,4.0662,0
1.3652,-3.9078,0.096215,3.8687,4.5121,0
0.41548,-2.5227,0.024138,-6.3715,3.1313,0
-2.0538,-1.3685,-0.037642,-3.1857,3.7929,0
-3.3835,-0.52205,-0.02091,8.1923,3.6491,0
-2.7186,-0.086014,-0.022197,0.45525,3.8649,0
-0.62923,0.016583,-0.078829,-7.9645,4.5984,0
0.13056,-0.31686,-0.10586,0.91037,3.5053,0
-0.15436,-0.57335,-0.10843,7.0545,3.8936,0
-0.34431,0.093531,-0.12388,-2.503,2.4409,0
0.13056,1.8633,-0.12259,-7.9645,2.1964,0
0.41548,3.351,-0.073681,3.6411,1.9231,0
-0.059385,3.9922,-0.035068,6.5994,1.5779,0
-0.62923,4.4283,-0.1316,-5.2337,2.9299,0
-0.7242,5.3773,-0.27575,-6.3715,2.5272,0
-0.43928,6.1724,-0.33239,6.3718,3.0738,0
-0.81917,5.1977,-0.29249,5.0064,2.0957,0
-0.7242,3.1458,-0.24229,-8.192,1.2327,0
-0.7242,1.299,-0.2011,-3.6408,1.1752,0
0.22554,-0.18861,-0.15219,7.282,0.22586,0
-1.1041,-1.1376,-0.102,1.8206,1.1752,0
-1.8639,-1.2915,-0.074968,-7.2818,0.51352,0
-2.0538,-0.98374,-0.10586,0.68281,1.2327,0
-0.62923,-0.52205,-0.1419,7.0545,1.319,0
0.41548,0.40132,-0.15605,-2.9581,1.1032,0
-0.059385,1.5555,-0.19209,-8.192,1.9662,0
0.22554,1.8633,-0.23457,3.6411,1.2183,0
0.51046,1.5042,-0.2616,5.6891,2.2108,0
-0.62923,2.2224,-0.27189,-6.3715,1.9519,0
-1.9589,3.5562,-0.29377,-6.3715,2.2827,0
-1.1991,3.8383,-0.27833,5.9167,2.9012,0
-0.7242,2.915,-0.18308,2.7309,2.3834,0
-1.389,2.1711,-0.10328,-8.4196,3.232,0
-1.1041,2.5046,-0.14576,-2.7306,2.2683,0
-0.62923,3.787,-0.25516,7.5096,2.556,0
0.035589,6.0698,-0.31694,-0.22742,2.6135,0
1.5552,8.5321,-0.32338,-8.4196,2.4841,0
2.9798,10.174,-0.33496,2.0482,3.419,0
2.8848,10.918,-0.37229,7.282,2.5991,0
4.0245,11.328,-0.40961,-3.4133,3.419,0
4.3094,10.969,-0.43407,-6.3715,2.8868,0
3.8345,9.5581,-0.38258,5.4616,3.1457,0
5.4491,7.7114,-0.26674,4.5513,3.5484,0
4.8792,6.4546,-0.17279,-6.5991,3.1025,0
2.4099,6.0698,-0.14318,-3.6408,4.2964,0
1.9351,5.9672,-0.13546,7.7372,3.4909,0
2.22,3.6844,-0.0518,1.8206,4.2244,0
1.6501,-1.8558,0.11423,-7.9645,3.5628,0
0.22554,-4.0617,0.12968,-0.68254,3.1601,0
0.32051,-4.0104,0.096215,7.7372,3.7066,0
2.22,-3.6256,0.12453,-0.9101,3.1457,0
1.1753,-3.7026,0.14641,-7.9645,4.4546,0
-0.91415,-4.036,0.17601,3.6411,3.7066,0
-1.1041,-3.8308,0.25581,6.8269,4.0087,0
-1.6739,-3.6,0.36264,-4.5511,3.6779,0
-1.1991,-3.3948,0.45274,-5.4613,3.0162,0
-2.5287,-2.8305,0.49264,6.3718,3.7929,0
-3.1935,-2.6509,0.5068,4.7789,2.8436,0
-1.1991,-2.6253,0.50422,-7.5093,3.4334,0
1.8401,-2.6253,0.5068,-2.9581,2.6135,0
3.4546,-2.7022,0.5068,7.282,2.2827,0
2.8848,-2.6766,0.49393,0.91037,2.3115,0
0.13056,-2.3431,0.43729,-8.4196,1.3334,0
-0.81917,-1.4454,0.29443,0.00013542,1.9806,0
-0.91415,-0.7016,0.15285,7.0545,0.58544,0
-1.389,-0.88114,0.12711,-1.8203,0.62859,0
-1.0091,-0.85549,0.18631,-7.5093,-0.29195,0
-0.059385,-0.57335,0.24423,3.4135,-1.0687,0
-0.059385,-0.086014,0.26096,5.234,-0.6803,0
-1.294,0.52957,0.23007,-5.2337,-1.3563,0
-1.8639,0.81171,0.16314,-6.5991,-0.11935,0
-2.1488,0.68346,0.098789,6.1442,-0.45016,0
-2.8136,0.37567,0.056315,3.6411,0.21147,0
-2.8136,0.14483,-0.026058,-7.9645,0.25462,0
-1.389,0.35002,-0.13417,-2.7306,-0.29195,0
0.7004,0.093531,-0.15477,8.4198,0.42722,0
0.41548,-0.4964,-0.096848,0.91037,-0.5077,0
-1.1991,-0.72725,-0.08269,-8.192,0.41284,0
-0.53425,-0.67595,-0.12002,0.2277,0.12517,0
1.4602,-0.62465,-0.12903,7.9647,0.67174,0
1.4602,-0.599,-0.11101,-1.3652,1.132,0
-0.059385,-0.75289,-0.12388,-7.7369,0.19709,0
-2.0538,-1.5993,-0.16635,3.186,0.77243,0
-2.5287,-2.6509,-0.16378,6.8269,-0.37825,0
0.13056,-2.7279,-0.102,-5.4613,0.067639,0
3.5496,-1.7276,-0.033781,-5.4613,-0.20565,0
3.4546,-0.41945,0.022851,5.9167,-0.65153,0
1.0803,0.81171,0.007406,3.6411,0.15394,0
-0.43928,1.9146,-0.053087,-7.9645,-0.594,0
0.035589,2.1968,-0.10457,-1.8203,0.57106,0
1.6501,1.9916,-0.13031,8.1923,0.024489,0
2.22,2.4789,-0.14576,0.68281,0.22586,0
1.3652,2.9406,-0.16249,-7.2818,0.32654,0
0.13056,2.4276,-0.19338,2.0482,-0.56523,0
-0.34431,1.7864,-0.21397,6.5994,0.13956,0
0.89035,1.0939,-0.18308,-2.9581,-0.92482,0
2.125,1.1452,-0.14962,-7.0542,-0.39263,0
4.1195,2.0429,-0.17665,4.0962,-0.92482,0
2.5049,2.8637,-0.21912,5.234,-1.2413,0
0.51046,2.6072,-0.20368,-6.8267,-0.83852,0
1.0803,0.86301,-0.10457,-5.2337,-1.644,0
0.60543,-1.035,0.046019,7.282,-0.78098,0
-1.0091,-1.8302,0.18889,2.5033,-1.4714,0
-1.1041,-1.7789,0.2275,-7.9645,-0.62276,0
0.13056,-1.8302,0.17473,-1.5928,-0.34948,0
-0.059385,-2.3431,0.05889,7.5096,-0.26318,0
-0.53425,-3.0613,-0.024771,-0.9101,0.94503,0
0.035589,-4.0104,0.037009,-8.6471,0.58544,0
-0.24933,-4.9081,0.13869,1.3655,1.8512,0
-1.294,-5.498,0.11295,6.5994,1.693,0
-2.7186,-5.062,0.0048318,-4.3235,2.2683,0
-2.5287,-3.8821,-0.056948,-7.7369,2.743,0
-0.62923,-3.1383,-0.031207,4.3238,2.4984,0
0.51046,-2.5996,0.04988,5.6891,3.606,0
-1.0091,-1.8815,0.097502,-7.2818,3.1601,0
-1.0091,-1.112,0.07176,-4.5511,4.095,0
-0.7242,0.47827,0.0061189,7.282,3.908,0
0.22554,2.2481,-0.074968,2.0482,3.8073,0
-0.059385,2.8124,-0.10972,-8.6471,4.3827,0
-0.43928,2.5302,-0.04279,-1.3652,3.5628,0
0.22554,1.9916,0.057602,7.282,4.3827,0
0.51046,1.5555,0.096215,-0.9101,3.5197,0
-0.059385,1.5555,0.11552,-7.7369,3.7929,0
0.41548,1.7094,0.17215,3.186,3.6779,0
0.51046,1.6838,0.23007,6.3718,3.0162,0
-0.91415,1.9146,0.26096,-4.0959,3.7642,0
-2.5287,2.4276,0.23908,-5.4613,2.7142,0
-1.6739,3.1971,0.15027,7.5096,3.2176,0
-0.91415,2.6328,0.024138,3.4135,2.671,0
0.13056,1.1452,-0.046652,-7.5093,2.4697,0
2.4099,-0.29121,-0.0054649,-2.503,2.7142,0
0.98533,-0.62465,0.047306,7.0545,1.6786,0
-0.24933,-0.18861,0.10651,-0.22742,2.4841,0
-0.34431,-0.599,0.167,-7.9645,1.6498,0
-0.43928,-2.2406,0.16314,1.8206,1.9519,0
1.0803,-3.7026,0.10394,6.8269,1.693,0
1.9351,-3.3691,0.067899,-3.4133,0.91626,0
2.03,-1.7276,0.020277,-6.5991,1.3621,0
0.60543,-0.4451,-0.063384,3.8687,0.16832,0
-2.0538,0.11918,-0.14447,5.0064,0.71489,0
-0.91415,0.11918,-0.14447,-6.5991,0.11079,0
0.035589,0.016583,-0.10843,-4.0959,-0.17688,0
-0.24933,0.29873,-0.059523,7.0545,0.010105,0
-1.294,1.1965,-0.04279,1.8206,-1.1262,0
-1.1041,2.838,-0.099422,-8.4196,-0.62276,0
-0.81917,4.7617,-0.20239,0.00013542,-1.7447,0
-2.2438,4.8643,-0.29892,6.8269,-1.6584,0
-0.7242,2.6328,-0.36714,-2.503,-1.9029,0
0.32051,0.68346,-0.41862,-8.6471,-2.5214,0
1.6501,-0.34251,-0.38387,3.186,-1.8597,0
1.3652,-1.3172,-0.35169,6.1442,-2.9385,0
0.32051,-1.9071,-0.38258,-5.6889,-2.2625,0
1.6501,-1.1633,-0.38258,-6.5991,-3.1111,0
1.8401,0.22178,-0.32724,5.6891,-3.1399,0
0.32051,1.812,-0.32466,4.0962,-2.996,0
-0.53425,2.838,-0.35298,-7.2818,-3.5714,0
-0.62923,2.325,-0.32338,-2.9581,-2.6508,0
-0.62923,1.3503,-0.23972,7.5096,-3.5138,0
-0.7242,0.22178,-0.15091,2.0482,-2.881,0
0.89035,-0.034715,-0.059523,-7.9645,-3.2549,0
2.03,0.29873,0.035722,-0.22742,-3.3268,0
2.22,0.99126,0.11166,7.7372,-2.9097,0
2.22,1.5042,0.15928,-1.1377,-3.6145,0
0.89035,1.2477,0.16958,-8.4196,-2.5933,0
-0.43928,0.65782,0.14384,2.0482,-3.1399,0
0.13056,1.1708,0.15285,7.0545,-2.2337,0
0.7004,1.8377,0.23651,-3.4133,-1.9892,0
0.035589,1.9659,0.32274,-6.144,-2.0755,0
-0.62923,2.7098,0.35492,5.9167,-1.0974,0
-1.484,4.8643,0.32146,5.234,-1.7734,0
-0.91415,7.0958,0.19532,-6.8267,-0.60838,0
0.13056,7.5318,0.065325,-4.7786,-0.75222,0
1.4602,5.1464,0.078196,7.282,-0.19126,0
1.3652,1.1452,0.2468,2.2757,0.39846,0
0.22554,-2.7535,0.43086,-8.192,-0.23441,0
-0.43928,-5.0876,0.53254,-0.45498,0.55667,0
-0.059385,-5.2415,0.4965,8.4198,-0.43578,0
0.60543,-5.1902,0.37551,-1.1377,0.49914,0
0.13056,-5.0107,0.29314,-8.6471,0.68613,0
-0.53425,-4.5746,0.30987,2.2757,0.80119,0
0.22554,-3.3948,0.37294,7.0545,1.808,0
-0.15436,-2.2406,0.45016,-3.6408,1.0745,0
-0.43928,-1.8302,0.55313,-7.7369,1.7793,0
0.13056,-1.2402,0.63679,5.6891,0.88749,0
-1.0091,-0.16296,0.58917,4.3238,0.97379,0
-2.8136,1.0939,0.42442,-7.5093,1.3334,0
-1.6739,2.5302,0.24294,-3.6408,0.80119,0
1.4602,3.9666,0.087205,7.0545,1.6642,0
4.2144,5.0951,-0.0518,0.45525,0.64298,0
3.3597,4.7873,-0.10843,-8.192,1.0889,0
1.0803,3.787,-0.12259,-0.45498,0.90188,0
-2.0538,3.9409,-0.13546,7.0545,0.93064,0
-3.2885,4.4796,-0.15091,-1.8203,1.8224,0
-2.0538,5.326,-0.14833,-8.192,1.0889,0
-0.15436,5.0695,-0.10328,2.5033,1.8224,0
1.4602,3.4279,0.035722,6.8269,0.68613,0
0.60543,1.4529,0.25453,-4.7786,0.77243,0
0.41548,0.47827,0.40898,-6.3715,0.62859,0
1.5552,0.68346,0.41927,5.9167,0.19709,0
1.2702,1.8377,0.37165,3.8687,1.3621,0
0.13056,2.4276,0.36264,-7.0542,0.90188,0
1.3652,2.3507,0.35621,-1.8203,1.9231,0
2.6949,2.1968,0.33947,7.5096,1.3621,0
2.8848,1.8377,0.31631,0.2277,0.98818,0
0.89035,1.1965,0.29571,-8.4196,0.68613,0
-0.24933,-0.26556,0.31373,1.3655,-0.63715,0
-0.62923,-2.574,0.37937,6.8269,0.096406,0
0.13056,-4.1642,0.44115,-3.8684,-0.46455,0
0.60543,-4.8568,0.44759,-6.8267,0.39846,0
1.6501,-4.5233,0.37165,5.9167,-0.018661,0
0.60543,-3.5487,0.30215,5.4616,-1.1118,0
-1.1991,-3.1126,0.27383,-6.8267,-1.0399,0
-2.6237,-3.523,0.27898,-4.5511,-1.9317,0
-1.7689,-4.3181,0.29829,7.0545,-0.52208,0
-1.0091,-4.985,0.31245,2.5033,-0.4214,0
-0.62923,-4.8055,0.30215,-8.6471,0.57106,0
0.13056,-4.0617,0.25324,0.00013542,1.3046,0
1.5552,-3.7282,0.23007,7.5096,1.2615,0
-1.1041,-3.9334,0.22492,-2.0479,2.4409,0
-3.0985,-4.0873,0.19532,-8.6471,1.7505,0
-1.294,-3.7795,0.17215,3.6411,2.6998,0
2.6949,-3.1126,0.17215,6.1442,2.6567,0
4.8792,-2.4714,0.18116,-5.4613,3.1313,0
5.3541,-2.3688,0.17859,-5.6889,4.1381,0
3.7396,-2.574,0.13225,6.3718,3.7498,0
2.5999,-2.2919,0.061464,2.7309,5.0299,0
1.5552,-1.035,-0.04279,-7.9645,4.7854,0
1.8401,0.11918,-0.12645,-2.2755,6.0511,0
1.4602,0.73476,-0.1419,6.8269,6.8998,0
0.89035,0.19613,-0.10071,-0.45498,6.9717,0
0.89035,-1.0094,-0.11101,-8.8747,8.1367,0
0.035589,-1.548,-0.16506,1.5931,7.2162,0
-0.62923,-1.1633,-0.20625,6.8269,7.6333,0
-0.53425,-0.29121,-0.2217,-2.9581,6.8135,0
-1.1991,0.58087,-0.21655,-7.7369,6.7991,0
-1.9589,0.96561,-0.23199,4.5513,7.36,0
-3.0036,0.86301,-0.2217,5.234,6.8566,0
-1.7689,1.7351,-0.14576,-7.0542,7.7052,0
-0.15436,2.3507,-0.10071,-4.3235,6.5114,0
-0.34431,2.1968,-0.1818,7.0545,6.5402,0
0.41548,1.889,-0.30278,2.2757,5.634,0
1.4602,1.1708,-0.28734,-8.192,4.4546,0
0.41548,-0.060364,-0.1715,-1.3652,4.3107,0
-1.1041,-1.035,-0.10328,7.0545,3.1457,0
-0.91415,-0.88114,-0.081403,-0.68254,4.1381,0
-0.059385,-0.599,-0.055661,-8.192,3.5628,0
-0.15436,-0.95809,-0.055661,2.0482,4.0518,0
-0.53425,-1.3941,-0.12002,7.5096,3.8073,0
-1.484,-1.8558,-0.18823,-2.9581,2.8724,0
-2.9086,-2.1636,-0.23199,-6.144,3.1601,0
-3.5734,-1.9071,-0.26674,5.234,1.7936,0
-1.1991,-2.2406,-0.30664,5.4616,2.2539,0
0.32051,-2.574,-0.29635,-6.8267,1.6498,0
0.13056,-2.3688,-0.241,-3.8684,1.2902,0
-1.9589,-1.5224,-0.24872,7.7372,1.5779,0
-2.6237,-0.34251,-0.4109,2.0482,0.44161,0
-1.294,0.93996,-0.60654,-7.0542,0.87311,0
-1.0091,0.78606,-0.67475,-1.3652,-0.46455,0
0.13056,-0.13731,-0.64,7.282,-0.89605,0
-0.059385,-1.0607,-0.5499,-0.68254,-1.8022,0
-2.0538,-2.1893,-0.42377,-7.9645,-3.0536,0
-1.8639,-2.7279,-0.26546,2.0482,-2.6364,0
-1.1041,-2.1123,-0.10586,7.0545,-3.1974,0
0.035589,-0.90679,-0.02091,-3.1857,-1.9892,0
0.7004,0.37567,-0.0016037,-7.7369,-2.2912,0
0.79538,1.3503,-0.014475,4.3238,-2.2912,0
0.7004,2.5302,-0.0054649,6.1442,-2.1186,0
1.5552,3.6331,0.021564,-5.6889,-3.1111,0
2.03,4.9669,0.00097052,-5.9164,-2.1474,0
1.6501,5.7107,-0.054374,6.8269,-2.4926,0
1.8401,5.5568,-0.10843,3.186,-0.95358,0
-0.24933,5.326,-0.1612,-7.5093,-0.46455,0
-0.81917,5.249,-0.19724,-2.0479,-0.29195,0
-0.7242,3.6588,-0.13804,7.7372,0.26901,0
-1.579,0.58087,-0.037642,0.00013542,-0.83852,0
-2.7186,-1.4967,0.044732,-7.0542,-0.1625,0
-1.9589,-1.9328,0.11938,2.5033,-1.1262,0
1.3652,-2.0097,0.19918,7.9647,-0.53646,0
2.5049,-2.2149,0.26868,-4.0959,0.082022,0
0.79538,-2.0354,0.35363,-6.8267,0.29777,0
-1.294,-1.4967,0.39868,6.1442,1.4341,0
-2.0538,-1.2915,0.35878,4.5513,0.31216,0
-1.294,-2.1893,0.33561,-6.8267,0.34092,0
-0.059385,-3.7282,0.38838,-2.9581,-0.70906,0
0.79538,-4.9594,0.50808,7.7372,-1.0111,0
3.4546,-5.3954,0.58016,1.5931,-0.17688,0
4.9742,-5.1646,0.57373,-7.9645,-0.27756,0
2.9798,-4.2412,0.52996,0.68281,0.90188,0
0.51046,-3.6769,0.41927,7.7372,-0.1625,0
-1.389,-3.7539,0.25968,-1.8203,-0.29195,0
-2.1488,-3.3178,0.12196,-7.2818,-0.72345,0
-1.294,-1.7789,0.042157,4.0962,-1.2988,0
-1.0091,-1.0607,0.046019,7.5096,-0.37825,0
-0.7242,-2.0097,0.083344,-4.5511,-0.91043,0
0.22554,-4.5746,0.12711,-7.0542,-0.11935,0
-0.7242,-6.3444,0.18245,6.1442,-1.0399,0
-0.81917,-6.1649,0.20176,4.5513,-1.2988,0
0.035589,-4.985,0.21077,-7.2818,-1.3419,0
-0.15436,-4.0104,0.21591,-4.3235,-2.3344,0
-0.43928,-3.6513,0.16186,7.0545,-1.6728,0
-1.6739,-3.1126,0.087205,2.0482,-2.7227,0
-2.0538,-1.035,0.047306,-8.192,-2.2049,0
-0.53425,1.6325,-0.026058,0.2277,-2.5501,0
0.60543,4.9669,-0.18694,8.4198,-2.9673,0
1.0803,7.224,-0.3414,-1.3652,-2.8234,0
-0.15436,7.7627,-0.41218,-8.4196,-4.1467,0
0.41548,6.9419,-0.43149,3.186,-3.3268,0
2.4099,4.9669,-0.4109,5.4616,-3.7583,0
0.79538,2.5302,-0.32852,-5.6889,-2.6796,0
-0.15436,0.76041,-0.27189,-6.3715,-1.8741,0
-0.62923,0.81171,-0.3311,5.9167,-1.8741,0
0.13056,1.4273,-0.41605,4.3238,-0.7666,0
0.7004,0.93996,-0.40704,-7.9645,-1.5721,0
-0.059385,-0.21426,-0.27833,-4.3235,-0.56523,0
-0.53425,-0.47075,-0.16635,7.7372,-0.36386,0
0.13056,0.96561,-0.16635,2.0482,0.34092,0
1.3652,3.2484,-0.19982,-8.4196,1.3478,0
1.3652,5.0951,-0.27961,-0.45498,0.58544,0
-0.7242,6.5571,-0.41218,7.9647,1.2183,0
-1.484,6.8649,-0.54089,-2.2755,0.16832,0
-0.34431,6.2494,-0.63356,-7.7369,0.61421,0
0.60543,4.8643,-0.65544,3.8687,0.77243,0
-1.0091,3.9153,-0.60267,6.1442,0.41284,0
-1.1041,3.351,-0.54862,-4.3235,1.4772,0
0.22554,2.2481,-0.48555,-5.4613,1.0313,0
2.315,1.8633,-0.39159,6.5994,2.182,0
1.9351,1.5812,-0.2809,4.0962,1.7793,0
0.22554,0.29873,-0.20754,-7.9645,1.3909,0
-0.34431,-1.0863,-0.19724,-2.7306,1.2758,0
0.32051,-0.80419,-0.15477,8.1923,0.11079,0
-0.24933,0.42697,-0.019623,0.91037,1.0601,0
-0.43928,1.0939,0.16314,-7.7369,0.61421,0
0.98533,1.1195,0.28928,0.68281,1.319,0
2.125,1.0682,0.29057,7.5096,1.0026,0
3.2647,0.78606,0.18889,-1.1377,-0.090578,0
2.03,0.68346,0.020277,-6.5991,-0.34948,0
1.2702,1.3247,-0.045365,3.4135,-1.8597,0
0.13056,1.3503,0.00097052,5.6891,-0.9392,0
-1.1041,1.0682,0.087205,-5.6889,-1.1118,0
-1.8639,1.2221,0.11938,-6.144,-0.43578,0
-1.484,0.91431,0.061464,5.9167,-0.14811,0
-0.7242,0.83736,-0.0041778,2.9584,-1.1118,0
-1.6739,2.0429,0.027999,-7.7369,-1.0255,0
-1.1991,3.0945,0.08978,-3.4133,-2.8953,0
-1.389,3.0175,0.11423,7.7372,-2.9673,0
-1.0091,2.7098,0.083344,1.3655,-4.1755,0
2.125,3.1971,0.0099801,-8.8747,-5.3261,0
3.0747,3.6331,-0.067245,0.2277,-6.333,0
0.89035,2.3507,-0.077542,6.3718,-8.059,0
0.60543,0.22178,0.007406,-2.9581,-6.0309,0
1.4602,-1.0094,0.13998,-7.0542,-3.3125,0
1.3652,-1.0863,0.17087,4.0962,2.0238,0
-1.579,-0.90679,0.04087,6.5994,5.6053,0
-3.3835,-0.34251,-0.14576,-5.9164,7.4176,0
-1.8639,1.0682,-0.27318,-5.9164,8.6114,0
0.60543,2.0429,-0.26932,6.1442,7.3313,0
0.32051,1.4529,-0.15348,3.186,7.2162,0
-0.43928,0.093531,-0.078829,-7.2818,4.9436,0
-0.53425,-0.21426,-0.087839,-1.8203,3.5484,0
-0.7242,-0.23991,-0.08269,7.7372,2.0094,0
-1.484,-0.4964,-0.0041778,0.2277,0.010105,0
-2.1488,-1.0863,0.11295,-8.4196,-0.26318,0
-1.1991,-0.88114,0.167,2.5033,-2.1043,0
-0.53425,0.35002,0.10651,7.0545,-2.1906,0
-0.62923,1.1708,-0.0028907,-2.9581,-3.0679,0
0.79538,1.299,-0.11101,-6.8267,-3.183,0
3.6446,1.3503,-0.16893,4.7789,-2.2337,0
2.6949,2.325,-0.17922,5.234,-2.3775,0
-0.24933,3.3253,-0.19595,-5.9164,-1.0974,0
-2.6237,3.8383,-0.23714,-4.3235,-2.0755,0
-2.1488,2.2994,-0.24615,7.5096,-2.3344,0
0.51046,-0.88114,-0.23199,2.5033,-2.809,0
1.3652,-2.7535,-0.25001,-6.8267,-3.3268,0
-0.53425,-2.6253,-0.26288,-0.9101,-1.9173,0
-1.0091,-2.2919,-0.20625,7.5096,-1.9604,0
-0.7242,-2.6253,-0.12903,-0.9101,-0.88167,0
-0.62923,-2.7279,-0.089126,-7.0542,-1.8022,0
-0.53425,-2.3431,-0.055661,2.9584,-2.9097,0
0.22554,-1.3941,-0.0028907,6.8269,-3.2693,0
3.1697,-0.13731,0.08978,-4.0959,-4.2618,0
2.5049,0.58087,0.15542,-6.5991,-3.2549,0
1.2702,0.99126,0.051167,5.6891,-4.0029,0
3.4546,1.4786,-0.14576,4.3238,-3.6864,0
3.2647,2.2481,-0.25645,-6.5991,-4.2474,0
2.5049,3.5562,-0.21397,-4.3235,-5.1248,0
2.5049,4.4539,-0.11101,6.5994,-4.8371,0
1.3652,4.7873,-0.062097,1.1379,-6.1172,0
-0.62923,4.6078,-0.064671,-8.192,-5.5131,0
-1.7689,5.3003,-0.1419,-0.22742,-6.2179,0
-2.1488,6.6597,-0.28862,7.0545,-5.9159,0
-2.2438,6.7367,-0.42892,-2.2755,-5.3405,0
-2.1488,5.0695,-0.49327,-8.6471,-5.8583,0
-2.0538,1.9146,-0.49842,3.6411,-4.9809,0
-1.9589,-1.3172,-0.49198,5.4616,-6.1748,0
-2.1488,-3.6769,-0.44822,-5.0062,-5.959,0
-2.1488,-4.5233,-0.36585,-5.9164,-6.3761,0
-2.0538,-4.6003,-0.31823,5.6891,-6.5487,0
-2.0538,-5.6263,-0.29377,3.186,-5.5131,0
-1.389,-7.037,-0.22427,-6.8267,-5.9878,0
-0.7242,-7.1139,-0.092987,-3.4133,-4.7508,0
-1.579,-6.3701,-0.006752,7.5096,-5.3261,0
-2.8136,-5.9853,-0.026058,2.0482,-4.6789,0
-1.8639,-5.7802,-0.019623,-6.8267,-4.5638,0
-0.24933,-5.5237,0.096215,-0.22742,-5.096,0
0.60543,-6.3188,0.22364,8.1923,-4.4631,0
0.13056,-7.8064,0.30472,-0.68254,-5.2974,0
-0.43928,-8.6272,0.33819,-7.7369,-4.2905,0
0.22554,-7.3961,0.30472,2.5033,-4.3337,0
1.4602,-4.2925,0.23007,7.282,-3.6577,0
0.51046,-0.47075,0.20948,-3.6408,-2.3344,0
0.41548,3.8896,0.28413,-6.144,-2.7803,0
0.7004,7.8653,0.32532,5.9167,-2.1906,0
0.89035,9.9429,0.30472,4.0962,-3.8878,0
1.4602,10.507,0.25453,-6.3715,-3.8446,0
1.3652,10.635,0.11295,-2.503,-3.6577,0
0.13056,10.815,-0.072394,7.7372,-3.0823,0
-0.43928,9.9685,-0.20496,0.45525,-1.1118,0
-1.484,6.5315,-0.23328,-8.4196,-1.0255,0
-2.0538,2.4789,-0.13417,0.45525,-0.14811,0
-3.0985,-0.13731,0.051167,7.282,-1.6728,0
-1.8639,-1.8045,0.2468,-2.0479,-2.507,0
-0.24933,-3.523,0.29571,-7.5093,-2.8522,0
-1.0091,-4.3181,0.18631,3.8687,-2.7947,0
-1.0091,-4.3181,0.13225,6.8269,-0.594,0
-0.059385,-4.7798,0.2069,-5.6889,-0.11935,0
-0.91415,-5.2672,0.3472,-5.9164,1.132,0
-3.4784,-5.2672,0.43215,6.8269,0.64298,0
-5.6628,-5.6006,0.4669,2.9584,-0.30633,0
-2.5287,-6.447,0.51581,-7.7369,-0.30633,0
0.13056,-6.9344,0.55184,-3.1857,-1.2269,0
1.4602,-6.0879,0.49006,7.7372,0.067639,0
2.9798,-5.4724,0.35363,0.68281,-0.30633,0
3.4546,-5.7545,0.26225,-8.192,0.29777,0
3.9295,-6.2418,0.20562,0.45525,0.29777,0
0.32051,-6.6779,0.14512,7.7372,-0.83852,0
-3.2885,-6.524,0.066612,-2.0479,-0.73783,0
-1.579,-5.5237,0.061464,-7.7369,-2.3919,0
0.22554,-4.549,0.16057,3.8687,-1.9604,0
0.89035,-3.9078,0.27383,5.6891,-2.0899,0
0.7004,-3.6769,0.29057,-5.6889,-1.5577,0
-0.059385,-3.9078,0.24294,-5.0062,-0.55085,0
-1.294,-4.1642,0.16314,5.9167,-1.083,0
-1.1991,-3.7282,0.060177,4.0962,-0.2488,0
-0.91415,-2.7792,0.0048318,-7.9645,-1.3995,0
-1.8639,-2.061,0.0022576,-2.503,-1.2413,0
-1.6739,-1.9584,0.04988,8.1923,-1.0974,0
-0.34431,-2.574,0.13611,0.2277,-1.1406,0
-0.059385,-3.4461,0.18374,-7.9645,0.038872,0
0.32051,-3.1896,0.16057,2.2757,-0.96797,0
0.60543,-1.6506,0.14126,7.282,-0.594,0
0.13056,0.11918,0.17087,-3.8684,-1.7015,0
0.41548,0.91431,0.18116,-6.8267,-1.9604,0
1.4602,1.1195,0.088493,5.4616,-2.1618,0
1.1753,1.0682,-0.069819,5.0064,-2.9385,0
0.98533,0.17048,-0.1612,-7.0542,-1.6152,0
0.89035,-0.6503,-0.14061,-3.8684,-1.6008,0
0.7004,-0.34251,-0.15219,6.8269,-0.090578,0
-0.7242,0.32437,-0.17407,2.5033,-0.19126,0
-1.1991,-0.0090658,-0.096848,-7.7369,-0.79537,0
0.79538,-1.6506,0.052454,-0.45498,-0.89605,0
1.2702,-2.6509,0.11037,7.7372,-2.1618,0
0.13056,-1.5993,0.00097052,-1.1377,-0.92482,0
-1.1991,0.45262,-0.15091,-7.5093,-0.8529,0
-1.1991,2.1198,-0.18566,2.0482,0.61421,0
0.13056,2.325,-0.10972,6.8269,1.506,0
0.51046,1.9403,-0.027345,-4.3235,1.1032,0
0.60543,2.402,0.013841,-7.5093,1.4197,0
0.79538,3.351,0.0061189,5.234,-0.3351,0
-0.81917,4.1718,-0.069819,3.8687,-0.20565,0
-1.7689,4.3257,-0.1316,-7.0542,-0.95358,0
-2.1488,2.9406,-0.1213,-3.8684,-0.39263,0
-2.1488,1.2477,-0.11873,7.7372,1.0745,0
-1.8639,0.11918,-0.1213,1.5931,1.4053,0
-2.3388,0.29873,-0.0119,-8.192,3.0882,0
-2.1488,1.6325,0.12711,-0.9101,2.0382,0
-2.0538,2.7354,0.16443,7.5096,1.9375,0
-2.3388,3.3253,0.15413,-1.1377,0.82996,0
0.41548,3.9666,0.10909,-7.9645,-0.22003,0
1.9351,4.8386,0.017703,4.0962,0.64298,0
1.4602,5.2747,-0.032494,6.1442,0.65736,0
-0.62923,4.1461,-0.062097,-6.144,2.9156,0
-0.91415,1.8633,-0.12259,-6.144,3.2176,0
-1.6739,-0.3938,-0.21783,6.3718,3.5484,0
-0.24933,-1.9584,-0.24744,3.4135,3.2176,0
0.32051,-2.7792,-0.18952,-7.0542,1.8943,0
0.98533,-3.6,-0.1612,-2.503,2.4841,0
0.035589,-4.2412,-0.23972,7.9647,1.9231,0
0.22554,-4.0617,-0.37486,0.68281,3.3471,0
-0.15436,-3.6256,-0.4804,-8.192,3.7929,0
-0.62923,-2.9074,-0.50743,0.2277,4.1381,0
-0.62923,-2.5996,-0.44951,7.7372,4.7566,0
-0.53425,-2.061,-0.3903,-2.0479,3.3039,0
-2.4337,-1.3172,-0.34526,-7.5093,3.1745,0
-1.7689,-1.035,-0.26417,4.0962,1.5347,0
-0.81917,-0.67595,-0.19209,6.3718,1.8512,0
-0.7242,0.19613,-0.14962,-6.8267,2.1676,0
0.035589,1.0426,-0.13417,-5.4613,2.0957,0
1.5552,1.0426,-0.13932,6.8269,2.9443,0
0.7004,0.88866,-0.12388,3.186,1.8943,0
-0.53425,0.86301,-0.049226,-8.6471,1.995,0
1.6501,1.9146,0.020277,-2.0479,0.91626,0
2.4099,3.9922,0.043444,8.6474,0.91626,0
0.79538,5.3003,0.007406,-0.45498,1.7073,0
0.60543,5.4286,-0.032494,-7.5093,1.6642,0
0.7004,3.7101,0.088493,2.0482,2.7286,0
-0.81917,1.4786,0.35235,7.0545,1.5204,0
-2.7186,0.65782,0.54283,-3.6408,1.693,0
-1.9589,0.99126,0.51323,-7.5093,0.91626,0
1.6501,1.4273,0.38324,4.5513,0.57106,0
1.5552,2.0685,0.31373,4.7789,1.0601,0
-1.294,2.1711,0.2674,-6.5991,0.067639,0
-3.0985,2.0942,0.10651,-5.6889,0.74366,0
-1.8639,0.96561,-0.033781,6.5994,-0.19126,0
0.51046,-1.4198,0.0099801,2.5033,0.16832,0
1.0803,-3.6769,0.17859,-7.5093,0.42722,0
0.035589,-3.8821,0.28928,-1.3652,0.082022,0
-0.53425,-2.1123,0.297,7.7372,1.1176,0
0.32051,-0.3938,0.297,0.68281,0.32654,0
0.7004,1.0939,0.31888,-7.2818,1.1608,0
2.4099,2.0942,0.33304,1.8206,1.0889,0
1.6501,1.9403,0.31245,8.1923,1.3046,0
0.13056,1.0426,0.24037,-1.5928,1.7793,0
-0.34431,-0.5477,0.15285,-7.2818,0.55667,0
0.51046,-1.9584,0.088493,3.4135,0.82996,0
0.035589,-2.6509,0.10394,5.9167,-0.40701,0
0.22554,-3.2152,0.22879,-5.4613,0.34092,0
-0.059385,-3.523,0.31245,-5.2337,0.55667,0
-1.294,-2.2406,0.24423,6.1442,0.75804,0
-2.0538,0.93996,0.098789,4.0962,1.7073,0
-0.43928,3.1201,0.046019,-7.2818,1.0026,0
0.7004,2.5815,0.12196,-2.2755,2.2252,0
-1.6739,1.8633,0.22106,8.875,1.9375,0
-4.1432,3.3253,0.19275,1.1379,2.6135,0
-4.2382,6.1211,-0.046652,-7.5093,3.0882,0
-2.1488,7.1984,-0.33625,1.8206,2.5847,0
-1.1041,5.9672,-0.4804,7.5096,3.2608,0
-1.389,4.2487,-0.54218,-3.1857,2.0238,0
-1.1041,3.0432,-0.57307,-6.8267,2.4553,0
-0.059385,1.5555,-0.4701,4.5513,1.8512,0
1.4602,-0.3938,-0.22041,5.4616,1.8799,0
1.4602,-1.9071,0.034435,-7.0542,2.2971,0
0.13056,-3.0357,0.11037,-5.4613,1.5204,0
0.32051,-4.1642,-0.015762,6.3718,2.3978,0
2.8848,-3.7282,-0.18694,3.4135,1.4772,0
5.734,-1.9841,-0.26932,-7.7369,2.1101,0
4.8792,-0.34251,-0.26674,-2.7306,2.0382,0
1.6501,1.1965,-0.20754,7.0545,2.1101,0
0.60543,2.5046,-0.081403,-0.9101,2.743,0
0.60543,2.4533,0.08978,-8.6471,1.808,0
0.98533,2.1968,0.26096,1.1379,2.4121,0
0.13056,3.5818,0.32274,7.0545,1.621,0
0.22554,6.3776,0.26868,-3.8684,1.8224,0
0.60543,9.0195,0.21978,-5.9164,1.7361,0
1.7451,9.9429,0.19532,5.0064,1.0313,0
0.60543,8.8399,0.17215,4.0962,1.7505,0
-0.34431,6.4802,0.1374,-7.5093,0.70051,0
0.79538,3.7357,0.12067,-4.0959,1.2902,0
2.7898,0.60652,0.18889,7.282,0.26901,0
2.6949,-1.8815,0.33304,2.7309,-0.65153,0
2.315,-2.1123,0.49521,-8.4196,-0.91043,0
1.4602,-0.599,0.5763,-0.68254,-1.9029,0
0.13056,1.4016,0.49264,7.7372,-0.594,0
-0.53425,3.864,0.2275,-1.1377,-0.72345,0
-0.81917,6.352,-0.071106,-7.5093,0.19709,0
-1.389,6.7623,-0.16893,3.186,0.52791,0
-1.8639,5.2747,-0.06081,7.282,-0.047428,0
-2.0538,2.9663,-0.032494,-3.8684,0.19709,0
-1.1041,1.0426,-0.18694,-4.7786,-1.3276,0
0.89035,0.042233,-0.26288,6.3718,-0.89605,0
1.0803,0.042233,-0.14061,4.0962,-1.4426,0
0.035589,-0.29121,0.0061189,-7.5093,-0.96797,0
-1.1991,-1.8302,-0.023484,-3.1857,-0.19126,0
-1.1991,-2.9844,-0.14704,7.7372,-0.63715,0
0.035589,-3.0357,-0.17793,2.0482,-0.076195,0
-0.059385,-2.8818,-0.065958,-7.9645,-1.5433,0
-1.1991,-2.9331,0.035722,0.45525,-1.3851,0
-2.6237,-2.3688,0.029286,7.9647,-1.9173,0
-1.8639,-0.7016,-0.023484,-1.5928,-2.0323,0
-0.7242,1.7607,-0.040216,-7.7369,-1.3419,0
0.22554,3.9153,-0.035068,2.9584,-1.8597,0
-0.15436,4.6335,-0.037642,6.3718,-0.7666,0
0.41548,4.4026,-0.022197,-4.3235,-1.5721,0
1.6501,5.1977,0.042157,-7.2818,-1.3995,0
0.60543,6.6854,0.046019,4.7789,-1.6008,0
-0.34431,7.1471,-0.054374,5.4616,-2.0467,0
-1.579,7.224,-0.10972,-6.3715,-1.27,0
-2.2438,7.5062,-0.14447,-4.0959,-1.9604,0
-2.2438,8.0705,-0.21912,6.8269,-1.0974,0
-0.34431,7.224,-0.25001,2.2757,-1.946,0
1.4602,4.2744,-0.21397,-8.192,-2.1186,0
1.2702,1.2221,-0.14833,-0.9101,-2.0755,0
-0.53425,-0.21426,-0.038929,7.7372,-2.694,0
-1.0091,-0.52205,0.12324,-0.45498,-1.4426,0
-0.62923,-0.62465,0.3369,-8.4196,-1.8454,0
0.98533,-1.2915,0.47977,2.2757,-0.57961,0
1.3652,-1.4454,0.37809,6.3718,-0.5077,0
-0.059385,-0.34251,0.043444,-4.5511,-0.43578,0
-0.53425,1.5555,-0.3105,-6.8267,0.25462,0
-0.62923,2.3507,-0.52545,5.0064,-0.43578,0
1.0803,1.0682,-0.55376,5.234,0.59983,0
2.03,-1.5224,-0.44822,-6.5991,-0.20565,0
1.5552,-4.3181,-0.29249,-3.8684,0.25462,0
0.79538,-5.7032,-0.2011,7.282,-0.004278,0
0.60543,-5.1389,-0.23585,2.2757,-0.47893,0
1.6501,-3.2665,-0.37743,-7.2818,0.36969,0
1.3652,-2.2406,-0.49585,-0.68254,-0.32071,0
0.13056,-3.4204,-0.42634,8.1923,0.77243,0
-0.24933,-5.3698,-0.22813,-0.9101,0.25462,0
-0.53425,-6.011,-0.12388,-7.2818,0.39846,0
-0.7242,-5.4467,-0.16378,4.0962,0.58544,0
-0.24933,-4.7542,-0.21783,6.3718,-0.018661,0
0.13056,-4.7285,-0.22041,-6.144,1.0313,0
-0.24933,-4.549,-0.24358,-6.144,0.44161,0
-0.62923,-4.2668,-0.27189,6.1442,1.4197,0
-0.62923,-3.6,-0.20754,3.6411,1.5779,0
-0.62923,-3.3435,-0.11615,-7.2818,1.6354,0
-2.4337,-2.6253,-0.032494,-2.7306,2.4984,0
-4.2382,-2.3175,0.073047,8.4198,1.9231,0
-5.8528,-2.574,0.20819,1.1379,2.9587,0
-3.0985,-2.1636,0.29443,-8.192,2.5847,0
1.2702,-1.4711,0.3266,0.00013542,3.0738,0
3.1697,-0.82984,0.30858,7.282,3.5053,0
1.4602,-0.086014,0.26096,-2.0479,3.1025,0
-0.059385,-0.13731,0.20433,-8.4196,4.1381,0
0.13056,-0.82984,0.1181,3.6411,3.2608,0
-0.24933,-1.2915,-0.026058,6.1442,3.9799,0
0.13056,-1.8302,-0.14318,-5.9164,3.4046,0
0.79538,-3.1639,-0.14447,-6.144,3.2751,0
1.7451,-3.9078,-0.11873,5.9167,3.5484,0
1.4602,-4.472,-0.14318,3.4135,2.5991,0
0.22554,-5.1646,-0.15734,-7.0542,3.232,0
-0.53425,-5.498,-0.12903,-3.4133,2.1388,0
-0.53425,-6.1136,-0.089126,7.5096,2.4121,0
0.13056,-6.2931,-0.068532,1.5931,2.1532,0
1.5552,-5.934,-0.044078,-7.5093,1.7505,0
2.125,-5.0363,-0.015762,0.2277,2.4841,0
1.3652,-4.3181,-0.024771,7.282,1.621,0
-0.62923,-4.549,-0.053087,-2.9581,2.556,0
-1.1991,-4.8824,-0.15219,-8.192,1.995,0
-1.579,-3.5487,-0.27833,4.0962,2.1964,0
-1.294,-1.5224,-0.32338,4.3238,2.671,0
0.22554,-0.5477,-0.26803,-6.3715,2.3115,0
0.60543,0.22178,-0.18952,-4.0959,3.5484,0
0.98533,0.58087,-0.18952,7.0545,2.9731,0
0.7004,-0.41945,-0.23972,3.186,3.9368,0
0.035589,-1.4454,-0.18823,-7.2818,3.8361,0
-0.53425,-1.548,-0.044078,0.2277,3.6923,0
-0.53425,-1.7276,0.056315,8.875,4.4258,0
1.8401,-2.5227,0.079483,0.2277,3.7498,0
2.4099,-2.574,0.070473,-7.5093,4.9292,0
3.2647,-1.4198,0.085918,2.9584,4.3395,0
1.2702,0.19613,0.12067,5.9167,4.7135,0
-1.0091,1.3503,0.26096,-5.4613,4.6991,0
-1.0091,1.812,0.41541,-5.6889,3.9799,0
-0.15436,2.9406,0.31245,7.0545,4.6703,0
-1.0091,4.7617,0.067899,4.3238,3.6491,0
-1.0091,6.711,-0.0041778,-7.2818,4.3107,0
-0.7242,7.9422,0.15285,-2.503,3.6923,0
-0.53425,7.9166,0.40898,8.4198,3.6491,0
0.32051,6.8649,0.66382,0.00013542,3.908,0
1.3652,4.8386,0.82342,-8.4196,3.1313,0
-0.15436,3.0175,0.84015,2.2757,3.9799,0
-2.4337,2.1968,0.74877,7.282,3.0019,0
-0.24933,2.4789,0.61749,-4.3235,3.6635,0
3.3597,3.5562,0.45016,-7.2818,3.534,0
2.6949,4.8386,0.26354,5.4616,3.2895,0
-0.24933,5.9159,0.17859,4.5513,4.1669,0
0.60543,5.5568,0.21334,-6.8267,3.4909,0
0.22554,3.8127,0.25195,-4.0959,4.584,0
-0.43928,1.9659,0.22235,7.5096,4.0518,0
1.7451,1.1965,0.083344,0.91037,4.4402,0
4.2144,1.0169,-0.10843,-8.192,4.6703,0
3.3597,0.73476,-0.23714,-0.22742,4.1669,0
1.2702,-1.0607,-0.21783,7.282,5.145,0
-0.53425,-3.3691,-0.12516,-1.8203,4.3827,0
-0.059385,-5.498,-0.073681,-7.7369,5.3463,0
-0.15436,-7.5243,-0.078829,2.7309,5.0011,0
-0.53425,-8.6016,-0.10843,6.5994,5.1594,0
-0.62923,-7.986,-0.12516,-4.0959,5.634,0
0.22554,-6.1905,-0.13031,-5.9164,4.8285,0
0.7004,-3.087,-0.12002,6.1442,5.821,0
0.89035,-0.060364,-0.11615,3.8687,5.1306,0
0.035589,1.0939,-0.11615,-7.9645,5.7635,0
0.32051,0.73476,-0.11744,-3.1857,5.8785,0
0.60543,-0.36816,-0.12774,7.9647,5.519,0
0.98533,-1.0863,-0.10714,1.8206,6.3963,0
0.79538,-0.88114,-0.053087,-8.6471,5.6196,0
0.035589,-0.11166,-0.049226,0.2277,6.4826,0
-1.294,0.52957,-0.046652,7.7372,5.9648,0
0.41548,0.14483,0.07176,-1.3652,6.1374,0
0.89035,-1.112,0.2468,-6.5991,6.5546,0
0.13056,-2.6253,0.35621,3.6411,5.9073,0
-1.389,-3.7795,0.31502,6.5994,6.8278,0
-1.1991,-3.3948,0.16186,-6.144,5.9936,0
-0.7242,-1.3941,-0.045365,-5.4613,6.5402,0
-2.4337,0.81171,-0.21269,6.5994,6.3244,0
-1.8639,1.8377,-0.27061,3.4135,5.7059,0
-0.059385,0.73476,-0.19595,-7.5093,6.2381,0
-1.1041,-0.67595,-0.028633,-1.8203,5.1594,0
-1.484,-1.7532,0.14512,8.1923,5.5909,0
-0.43928,-3.3178,0.23779,-1.1377,4.9868,0
1.3652,-4.3438,0.26868,-7.2818,4.7135,0
1.4602,-4.2925,0.20304,2.9584,4.9724,0
0.035589,-3.523,-0.017049,6.8269,3.9224,0
-1.389,-2.1123,-0.2809,-4.3235,4.4977,0
0.41548,-1.5224,-0.40704,-6.8267,3.3614,0
1.8401,-1.7532,-0.37743,4.5513,3.5916,0
1.3652,-0.57335,-0.29892,4.5513,3.3039,0
1.7451,2.2224,-0.25001,-6.3715,2.6567,0
1.7451,4.1461,-0.241,-5.4613,3.1745,0
0.32051,4.1461,-0.30536,7.5096,2.0957,0
0.41548,2.6585,-0.41218,1.8206,2.671,0
1.6501,1.7351,-0.44822,-7.5093,1.8656,0
1.3652,2.0172,-0.38644,-1.8203,1.8656,0
1.0803,3.5049,-0.37486,7.0545,1.8512,0
-0.059385,5.8646,-0.4701,-1.8203,1.0745,0
-0.43928,7.8396,-0.56149,-8.192,1.8224,0
-0.62923,7.4292,-0.61168,2.7309,0.82996,0
0.41548,4.1461,-0.53188,6.5994,1.3334,0
3.0747,1.0939,-0.30021,-5.0062,0.85873,0
4.3094,1.6581,-0.080116,-5.9164,0.68613,0
2.4099,4.6848,-0.054374,6.8269,1.1032,0
0.51046,6.7623,-0.18051,4.3238,0.29777,0
-1.1991,8.5321,-0.31951,-7.2818,1.2327,0
-0.24933,9.276,-0.39545,-2.503,0.096406,0
0.60543,6.711,-0.33367,8.4198,0.32654,0
1.5552,1.6581,-0.16378,1.1379,-0.13373,0
2.125,-2.0867,-0.018336,-7.7369,-0.83852,0
2.03,-3.523,0.085918,1.1379,-0.17688,0
0.7004,-4.3181,0.17087,7.9647,-1.0543,0
-0.15436,-4.9594,0.26354,-2.9581,-0.23441,0
0.13056,-5.0107,0.37551,-7.2818,-0.83852,0
0.60543,-4.4464,0.46175,3.8687,-0.80975,0
0.89035,-3.1639,0.46175,6.8269,-0.60838,0
0.98533,-2.0354,0.38967,-5.0062,-1.3419,0
1.6501,-1.4454,0.32532,-5.6889,-0.5077,0
-0.15436,-1.1376,0.31502,6.3718,-1.457,0
-1.7689,-0.90679,0.33433,3.4135,-0.89605,0
-1.294,-0.80419,0.3472,-7.7369,-1.0974,0
0.13056,-0.67595,0.29185,-3.6408,-1.2844,0
-0.34431,0.45262,0.15413,7.282,-0.63715,0
-1.389,1.6325,0.022851,0.91037,-1.4426,0
-2.0538,1.4529,0.00097052,-7.9645,-0.49331,0
-1.1041,0.19613,0.08077,-0.45498,-0.92482,0
0.32051,-0.67595,0.20948,7.5096,-0.1625,0
0.60543,-1.3941,0.297,-2.9581,0.39846,0
-0.91415,-2.138,0.28799,-7.5093,0.038872,0
-1.7689,-2.7535,0.23265,4.0962,0.87311,0
-2.0538,-3.7282,0.17087,4.5513,0.082022,0
-1.294,-4.7798,0.21205,-7.5093,0.75804,0
0.13056,-4.7029,0.31116,-5.4613,0.61421,0
1.4602,-3.4461,0.38967,7.282,0.62859,0
1.3652,-2.0354,0.40254,2.5033,1.2183,0
0.98533,-1.3428,0.33947,-7.7369,0.45599,0
0.79538,-1.0094,0.21077,-2.2755,1.2471,0
-0.7242,-0.31686,0.13097,7.0545,0.24024,0
-1.0091,-0.0090658,0.15671,0.2277,0.80119,0
-0.81917,-0.086014,0.1876,-7.9645,0.70051,0
-0.81917,-0.34251,0.1477,1.3655,0.58544,0
-0.62923,-0.85549,0.051167,7.0545,1.3909,0
-2.3388,-0.88114,-0.0518,-3.4133,0.65736,0
-2.6237,-0.80419,-0.1715,-6.8267,1.6498,0
-1.484,-1.4711,-0.2616,5.0064,0.98818,0
-1.6739,-2.9074,-0.26674,5.0064,1.3334,0
-1.7689,-4.0873,-0.22041,-6.8267,1.6354,0
-1.579,-5.0876,-0.20882,-4.5511,1.1464,0
-1.0091,-6.9344,-0.21397,7.9647,2.1101,0
0.13056,-9.3711,-0.2011,2.9584,1.2471,0
1.4602,-12.192,-0.13932,-7.2818,1.9519,0
2.125,-14.937,-0.068532,-0.68254,1.5923,0
1.5552,-16.091,-0.053087,8.4198,1.5347,0
0.32051,-15.322,-0.02992,-1.1377,1.9806,0
0.89035,-13.629,0.020277,-6.5991,1.1032,0
1.9351,-11.397,0.069186,3.186,1.995,0
1.4602,-9.1402,0.087205,6.3718,0.91626,0
-0.81917,-6.3957,0.060177,-4.5511,1.2902,0
-1.7689,-3.8821,0.073047,-5.6889,1.0601,0
-1.389,-1.9584,0.14899,6.1442,0.42722,0
-0.059385,-0.034715,0.12582,4.3238,0.93064,0
-0.15436,0.93996,-0.02091,-6.144,-0.20565,0
-2.2438,0.65782,-0.11487,-3.8684,0.31216,0
-3.1935,0.093531,-0.072394,7.9647,-0.63715,0
-1.1991,0.067882,0.030574,2.5033,-0.82413,0
2.8848,-0.23991,0.098789,-7.7369,-0.80975,0
3.8345,-0.4964,0.062751,-1.3652,-1.6152,0
1.2702,-0.034715,-0.0518,7.7372,-0.91043,0
-0.059385,1.7607,-0.241,-0.9101,-1.9748,0
-1.389,4.1974,-0.54218,-8.6471,-1.6584,0
-2.7186,6.4546,-0.83692,1.1379,-2.2481,0
-2.8136,6.0185,-0.83692,6.3718,-2.9673,0
-2.3388,2.325,-0.5203,-3.4133,-2.7371,0
-1.389,-1.625,-0.20368,-6.8267,-3.7008,0
-1.484,-3.8821,-0.078829,5.0064,-2.9529,0
-1.8639,-4.1642,0.0022576,5.234,-3.9166,0
-2.0538,-2.8818,0.091067,-6.3715,-3.7871,0
-1.294,-2.2406,0.17087,-4.3235,-4.0892,0
-0.059385,-3.7539,0.2674,8.1923,-4.8083,0
1.5552,-5.8058,0.32146,2.5033,-4.2761,0
1.4602,-6.0879,0.26096,-8.6471,-5.1392,0
1.8401,-4.4977,0.1181,-1.1377,-4.3768,0
2.03,-2.0867,0.066612,7.9647,-4.8227,0
1.4602,1.3503,0.13097,-0.45498,-4.7364,0
0.22554,4.6591,0.21205,-7.9645,-4.3768,0
-1.9589,6.4546,0.15027,3.4135,-5.1392,0
-1.7689,7.0958,-0.00031657,6.5994,-4.1323,0
-0.059385,7.3779,-0.086552,-5.0062,-4.7796,0
1.1753,8.0705,-0.12259,-5.9164,-3.9453,0
0.22554,8.2757,-0.14704,5.234,-3.8015,0
-1.1991,6.4802,-0.10328,5.4616,-3.859,0
-1.7689,2.838,0.016416,-6.144,-3.0536,0
-1.1991,-0.31686,0.12324,-4.5511,-3.8303,0
-0.24933,-1.3941,0.1773,7.5096,-2.9241,0
1.3652,-0.72725,0.23651,2.0482,-3.5714,0
1.3652,0.91431,0.25581,-8.6471,-3.0679,0
-0.53425,3.0688,0.19275,-1.1377,-2.7659,0
-1.8639,6.4033,0.11166,7.9647,-3.2118,0
-0.53425,10.174,0.046019,0.2277,-2.2337,0
1.3652,11.2,-0.022197,-6.8267,-3.1255,0
1.4602,7.6601,-0.02992,2.2757,-2.5933,0
0.22554,1.299,0.10522,6.5994,-3.0823,0
-1.294,-3.6513,0.31759,-3.8684,-3.3412,0
-1.1991,-5.934,0.55957,-6.8267,-2.8378,0
-0.53425,-6.8574,0.70758,5.234,-3.4994,0
-3.0985,-6.5753,0.70372,4.3238,-2.4063,0
-5.5679,-5.498,0.64065,-7.5093,-2.8378,0
-4.903,-4.1129,0.56986,-3.6408,-2.3344,0
-2.1488,-3.2409,0.45917,6.8269,-1.946,0
-1.7689,-2.9587,0.40254,0.68281,-2.018,0
-1.294,-3.1126,0.50422,-8.8747,-0.92482,0
-1.579,-2.6509,0.696,-0.45498,-1.6296,0
-0.34431,-1.8558,0.80025,7.7372,-0.79537,0
-0.15436,-1.2402,0.70372,-3.1857,-1.2988,0
-0.53425,-1.5737,0.47977,-7.9645,-1.457,0
0.41548,-2.0867,0.297,3.4135,-1.8022,0
1.5552,-1.8045,0.20948,5.234,-3.7296,0
2.03,-0.72725,0.17215,-6.144,-4.7364,0
-0.15436,-0.086014,0.1773,-5.9164,-7.8145,0
-0.62923,-0.4451,0.2571,6.1442,-8.9651,0
0.79538,-1.3172,0.37809,2.7309,-9.6555,0
2.03,-2.061,0.41799,-7.5093,-8.9651,0
2.315,-2.1893,0.31502,-1.1377,-6.8652,0
2.315,-2.1893,0.20948,7.282,-6.5487,0
0.60543,-2.1123,0.21463,-0.9101,-5.5131,0
-1.1991,-1.9328,0.28542,-7.9645,-6.7932,0
-1.1991,-0.62465,0.25195,3.186,-6.7069,0
-0.81917,1.0939,0.056315,6.8269,-6.0741,0
-1.0091,2.5046,-0.10457,-3.8684,-4.722,0
-1.579,2.3507,-0.10714,-6.8267,-1.4858,0
-0.059385,1.0426,-0.026058,5.4616,0.024489,0
0.51046,-0.26556,0.044732,4.5513,2.4265,0
0.13056,-0.90679,0.10909,-6.8267,2.3546,0
1.0803,-1.0863,0.16057,-3.1857,2.6854,0
2.03,-1.3941,0.18502,7.7372,2.9587,0
2.315,-1.3172,0.167,0.2277,2.5272,0
3.0747,-0.13731,0.15285,-7.7369,3.5916,0
1.7451,1.0169,0.21334,1.5931,2.5272,0
0.32051,1.9916,0.27512,7.282,2.7142,0
-2.0538,3.9409,0.25195,-3.4133,1.5491,0
-1.7689,5.9929,0.11423,-7.5093,0.47037,0
0.89035,6.8136,-0.053087,4.5513,0.31216,0
0.32051,6.1724,-0.20239,5.4616,-1.1837,0
-0.34431,5.0695,-0.29635,-6.5991,-1.0399,0
1.8401,4.5565,-0.33753,-5.0062,-2.7659,0
1.8401,4.4283,-0.40704,6.8269,-3.0536,0
-1.389,3.6075,-0.45723,3.186,-3.7583,0
-4.1432,2.3763,-0.42377,-8.192,-4.8371,0
-1.484,2.0429,-0.39417,-1.3652,-4.722,0
1.2702,2.0685,-0.41733,7.282,-6.1748,0
2.9798,1.7351,-0.44694,-0.68254,-5.5275,0
3.4546,0.93996,-0.49327,-7.2818,-6.0453,0
4.6893,-0.21426,-0.57436,1.5931,-5.5275,0
5.2591,-0.98374,-0.66574,5.9167,-5.1535,0
3.6446,-0.75289,-0.69534,-3.1857,-5.9302,0
0.22554,-0.26556,-0.7301,-6.8267,-5.1248,0
-3.0985,0.91431,-0.83692,4.5513,-6.0165,0
-1.579,1.812,-0.95405,5.4616,-5.0672,0
0.98533,3.0945,-1.0261,-6.3715,-5.1248,0
0.41548,4.9669,-1.0506,-4.5511,-5.3261,0
-1.8639,5.5825,-0.95662,7.282,-5.1248,0
-1.6739,4.0435,-0.70435,2.5033,-6.1748,0
-0.24933,1.8377,-0.49327,-7.7369,-5.3405,0
-1.1041,1.8633,-0.45981,-0.68254,-6.0022,0
-3.7634,4.2744,-0.51,7.9647,-5.3405,0
-3.4784,6.711,-0.61941,-0.45498,-5.3837,0
-1.6739,7.9935,-0.81633,-8.192,-5.9878,0
0.7004,7.6601,-1.0068,2.9584,-5.2686,0
2.8848,6.1981,-1.075,6.8269,-5.9446,0
2.03,4.6078,-0.93346,-3.8684,-4.6357,0
0.89035,2.4533,-0.58337,-6.144,-4.4919,0
1.0803,0.067882,-0.28219,6.1442,-4.0029,0
-0.059385,-1.1376,-0.19081,5.234,-3.6145,0
-0.62923,-0.75289,-0.20754,-6.8267,-4.4056,0
0.13056,0.47827,-0.10714,-4.0959,-3.5857,0
0.60543,1.3247,0.10136,7.282,-4.2761,0
0.79538,0.68346,0.25324,2.2757,-3.1542,0
0.7004,-0.90679,0.29185,-7.2818,-3.0823,0
0.60543,-2.4201,0.32532,-0.9101,-3.2981,0
0.7004,-2.8818,0.27512,8.1923,-2.9241,0
1.5552,-1.8302,0.11938,-1.3652,-3.9453,0
1.2702,-0.31686,0.04087,-7.7369,-2.8378,0
-0.7242,0.96561,0.096215,2.7309,-2.8953,0
-1.1991,1.7864,0.23393,6.3718,-2.2481,0
0.32051,1.9659,0.38838,-4.0959,-1.6728,0
1.2702,1.9659,0.49779,-6.3715,-2.0323,0
0.41548,4.0179,0.50036,4.7789,-0.82413,0
-0.43928,7.8396,0.44759,4.3238,-1.1262,0
-0.62923,10.02,0.41541,-7.7369,0.21147,0
0.13056,9.7633,0.37809,-4.3235,0.64298,0
2.22,8.1474,0.38838,7.7372,0.72928,0
1.8401,6.3776,0.48878,2.0482,1.2327,0
-0.53425,4.1974,0.62006,-8.192,-0.090578,0
-0.059385,2.325,0.64065,-0.45498,0.42722,0
-0.15436,1.7864,0.54927,7.7372,-0.37825,0
-1.579,2.3763,0.3768,-1.3652,0.16832,0
-2.0538,3.1714,0.07176,-8.192,0.64298,0
-0.43928,2.838,-0.28991,1.8206,0.24024,0
0.51046,0.96561,-0.51515,5.6891,0.81558,0
0.7004,-1.4198,-0.45337,-4.7786,-0.62276,0
1.7451,-4.2412,-0.241,-6.3715,-0.70906,0
1.3652,-6.9087,-0.086552,5.4616,-1.7878,0
1.6501,-8.0116,-0.022197,4.7789,-2.133,0
-0.34431,-7.55,0.016416,-7.5093,-1.5289,0
-0.91415,-5.8315,-0.035068,-4.3235,-1.7447,0
0.98533,-3.0613,-0.1213,7.282,-0.57961,0
2.125,-1.0863,-0.14061,1.8206,-1.2556,0
2.22,-1.1376,-0.102,-8.4196,-0.65153,0
2.315,-2.497,-0.076255,0.00013542,-0.594,0
-0.24933,-3.2665,-0.092987,7.9647,-0.83852,0
-1.7689,-2.8048,-0.10457,-1.8203,-0.23441,0
-0.43928,-2.2662,-0.068532,-6.5991,-1.3851,0
0.51046,-1.8045,-0.059523,3.6411,-0.56523,0
-2.5287,-0.98374,-0.0518,6.5994,-0.7666,0
-4.6181,0.68346,-0.006752,-5.2337,0.45599,0
-4.4282,2.8637,0.056315,-5.2337,1.9519,0
-2.3388,5.1464,0.064038,6.1442,2.1964,0
-0.91415,6.6597,0.01899,3.8687,3.1313,0
-1.484,8.0705,-0.045365,-7.2818,1.5635,0
-2.1488,10.02,-0.17536,-3.8684,1.5347,0
-1.294,11.02,-0.37357,7.282,0.94503,0
-1.0091,10.328,-0.51258,1.8206,1.0601,0
-1.484,7.8396,-0.43793,-8.192,2.0669,0
0.41548,4.8386,-0.2513,-1.1377,1.5204,0
0.13056,2.1711,-0.11487,7.7372,2.5128,0
-0.34431,0.70911,0.0061189,0.00013542,1.5204,0
-0.53425,0.37567,0.16572,-7.9645,1.8512,0
2.5999,0.093531,0.28928,1.5931,1.9231,0
4.6893,-0.21426,0.29829,6.3718,1.5347,0
5.1642,-0.95809,0.24809,-5.0062,2.3834,0
5.3541,-2.9331,0.22621,-6.8267,1.4484,0
2.9798,-5.0363,0.25839,5.6891,2.1964,0
1.3652,-6.3444,0.31373,3.186,1.4053,0
1.6501,-6.7035,0.39225,-7.2818,0.94503,0
0.51046,-5.7802,0.40898,-3.8684,0.77243,0
-1.9589,-3.8821,0.39997,7.282,-0.32071,0
-1.6739,-2.4714,0.42828,0.91037,0.55667,0
0.035589,-2.3944,0.46561,-8.192,-0.033045,0
0.79538,-2.8305,0.50422,-1.3652,0.91626,0
-0.91415,-2.9074,0.54155,7.7372,1.2758,0
-1.0091,-2.4457,0.51838,-0.9101,1.132,0
-1.579,-1.5737,0.4064,-8.4196,1.6786,0
-0.43928,-0.5477,0.3073,2.7309,0.47037,0
-0.24933,0.60652,0.23007,7.282,1.1608,0
-0.53425,2.0172,0.083344,-3.8684,0.64298,0
-1.389,4.1974,-0.11873,-7.2818,0.91626,0
-1.8639,6.788,-0.31694,5.9167,1.132,0
-3.0036,7.9166,-0.4701,5.6891,0.31216,0
-3.2885,6.5571,-0.53575,-6.5991,0.87311,0
-2.1488,4.0179,-0.52931,-5.2337,-0.29195,0
0.60543,1.6581,-0.51901,6.8269,0.11079,0
1.0803,-0.13731,-0.49198,3.186,-0.047428,0
1.3652,-1.5737,-0.37486,-7.0542,0.096406,0
0.7004,-2.8048,-0.22041,-1.8203,1.5923,0
1.6501,-3.2922,-0.102,8.1923,1.4053,0
2.125,-3.3691,-0.062097,-0.45498,2.3978,0
2.4099,-3.8565,-0.081403,-7.7369,1.2471,0
2.125,-4.5233,-0.078829,2.0482,0.91626,0
1.1753,-4.6003,-0.031207,7.0545,0.98818,0
-0.059385,-4.4977,-0.006752,-3.8684,0.71489,0
-0.34431,-4.3438,-0.033781,-6.8267,2.1676,0
0.32051,-3.6769,-0.073681,4.7789,1.7649,0
1.3652,-3.1639,-0.11744,5.4616,2.6135,0
1.9351,-2.8818,-0.102,-6.8267,2.1245,0
1.3652,-2.4457,-0.0119,-4.5511,1.5347,0
1.7451,-2.3431,0.076909,7.0545,1.2902,0
3.0747,-2.3175,0.067899,2.0482,-0.20565,0
3.5496,-1.6763,-0.040216,-7.9645,0.58544,0
2.03,-0.26556,-0.11744,-0.9101,0.19709,0
1.0803,0.86301,-0.089126,7.0545,1.4341,0
0.035589,1.4273,-0.024771,-1.5928,2.0382,0
0.41548,1.4016,0.10136,-8.6471,2.0813,0
1.4602,0.42697,0.29443,2.0482,2.8005,0
-0.24933,-1.0863,0.40769,6.3718,1.2615,0
-1.8639,-1.9841,0.33947,-5.0062,1.1176,0
-2.4337,-2.1123,0.15027,-7.0542,-0.047428,0
-0.62923,-1.9071,0.00097052,5.234,0.21147,0
-0.24933,-1.548,0.038296,4.0962,1.4628,0
0.32051,-0.82984,0.26096,-7.5093,2.1388,0
1.5552,-0.34251,0.4862,-3.8684,4.095,0
1.9351,-0.47075,0.53254,7.5096,3.6203,0
1.4602,-1.1633,0.39611,0.91037,3.8217,0
0.98533,-1.1633,0.17344,-8.6471,2.5128,0
0.89035,-0.4964,-0.047939,0.2277,1.3334,0
-0.15436,-0.13731,-0.11487,7.7372,1.7073,0
-0.53425,-1.3428,-0.027345,-1.1377,1.8656,0
-0.62923,-2.3688,0.074335,-7.5093,4.3395,0
0.32051,-2.4457,0.12196,2.0482,4.8142,0
0.51046,-1.9328,0.092354,6.1442,5.3176,0
1.4602,-1.5737,0.085918,-4.7786,4.4833,0
3.0747,-1.4454,0.10909,-6.5991,2.5128,0
1.4602,-1.1376,0.084631,5.234,2.2252,0
-0.15436,-0.90679,0.066612,4.3238,1.1895,0
0.32051,-1.6763,0.11166,-7.0542,2.4841,0
1.4602,-2.5227,0.158,-3.4133,2.556,0
1.3652,-2.9331,0.18889,7.282,3.0882,0
-0.7242,-3.0357,0.25324,1.3655,3.3614,0
-2.8136,-3.0613,0.31116,-8.4196,2.556,0
-4.3332,-3.0613,0.25581,-0.22742,3.0306,0
-2.6237,-2.2919,0.11938,7.5096,1.8943,0
-0.34431,-1.7276,0.037009,-1.3652,2.6567,0
0.7004,-1.4967,-0.044078,-7.2818,2.6423,0
0.035589,-0.4451,-0.15734,2.7309,3.1025,0
1.0803,0.86301,-0.19209,6.5994,3.9368,0
1.9351,1.6325,-0.095561,-5.0062,3.2032,0
0.60543,1.9916,0.042157,-5.6889,3.7929,0
-1.1991,1.812,0.15928,5.9167,2.3546,0
0.51046,0.68346,0.18374,3.6411,2.4265,0
1.0803,0.11918,0.07176,-7.9645,1.808,0
0.98533,1.1708,-0.20496,-4.0959,1.0313,0
0.89035,3.1201,-0.4508,7.282,1.4916,0
1.7451,4.6848,-0.47911,1.5931,0.52791,0
0.32051,3.7357,-0.33753,-8.192,1.6786,0
-0.24933,1.2477,-0.17407,0.00013542,1.3765,0
-1.484,-0.93244,-0.06081,6.5994,1.621,0
-1.8639,-1.6506,-0.06081,-1.8203,1.808,0
-2.2438,-0.6503,-0.13417,-7.5093,0.74366,0
-1.1991,0.24743,-0.16378,2.9584,1.3765,0
-0.81917,0.58087,-0.14962,5.9167,0.75804,0
-0.62923,0.78606,-0.15863,-5.4613,1.808,0
0.035589,0.99126,-0.13289,-6.3715,1.9375,0
0.60543,0.17048,-0.019623,5.234,1.5923,0
-0.15436,-0.6503,0.10008,3.6411,1.621,0
0.32051,-0.72725,0.096215,-8.192,0.15394,0
-0.15436,-0.62465,0.007406,-3.4133,0.91626,0
-1.1991,-1.1376,-0.085264,7.9647,0.57106,0
-0.24933,-1.7789,-0.15863,1.3655,1.6067,0
0.51046,-1.2402,-0.23457,-7.7369,2.182,0
0.89035,-0.21426,-0.30278,-0.45498,1.5491,0
0.13056,0.99126,-0.32338,7.0545,1.6354,0
2.03,2.2224,-0.31437,-2.7306,-0.30633,0
1.8401,3.6075,-0.34397,-7.5093,-0.32071,0
-1.389,6.5571,-0.42763,3.186,-0.95358,0
-1.389,9.5581,-0.52287,6.5994,-0.43578,0
-0.15436,11.2,-0.54347,-4.7786,0.70051,0
-1.1041,11.123,-0.48169,-5.9164,0.55667,0
-1.0091,10.122,-0.47525,5.234,1.4484,0
0.79538,8.9682,-0.55634,4.7789,0.13956,0
2.125,7.6344,-0.59881,-6.3715,0.16832,0
1.4602,5.9672,-0.54218,-3.6408,-0.29195,0
0.13056,3.4536,-0.44179,7.7372,-0.4214,0
-0.24933,1.1452,-0.35813,3.186,0.81558,0
1.6501,-0.034715,-0.32209,-7.0542,0.28339,0
3.1697,-0.52205,-0.34011,-2.7306,1.0026,0
1.2702,-0.67595,-0.40832,7.5096,-0.36386,0
-0.059385,-0.95809,-0.52545,0.00013542,-0.69468,0
0.98533,-1.1633,-0.56277,-7.7369,-0.83852,0
1.0803,-1.5224,-0.44951,1.3655,-1.4139,0
-0.059385,-2.0867,-0.3015,7.282,-0.4214,0
0.13056,-2.0097,-0.26546,-3.6408,-1.27,0
-0.24933,-1.3685,-0.26031,-8.192,-0.53646,0
-0.53425,-0.98374,-0.12774,3.8687,-0.63715,0
-0.7242,-1.4711,0.08077,5.0064,-0.72345,0
-0.34431,-1.9071,0.22235,-6.5991,-0.061812,0
0.13056,-1.8302,0.23522,-5.4613,-1.0974,0
-0.059385,-1.4198,0.14126,6.5994,-0.55085,0
2.03,-1.4711,0.039583,2.7309,-1.6008,0
2.5049,-2.3431,-0.0054649,-8.4196,-1.3419,0
1.5552,-2.8818,0.0048318,-1.5928,-0.89605,0
0.13056,-3.2922,0.046019,7.5096,-0.99673,0
-1.1041,-3.6256,0.098789,-0.68254,0.26901,0
0.41548,-3.7026,0.11037,-7.9645,-0.52208,0
1.8401,-3.8565,0.1181,2.2757,-0.004278,0
2.125,-3.6513,0.21463,6.8269,-0.34948,0
2.315,-3.2409,0.32146,-4.0959,-0.45016,0
1.5552,-3.4974,0.33047,-7.2818,0.36969,0
0.13056,-4.3951,0.32918,4.7789,-0.1625,0
0.22554,-4.6772,0.36908,4.7789,1.0026,0
0.51046,-3.4461,0.37423,-6.5991,0.39846,0
-1.6739,-1.5737,0.35749,-3.8684,0.91626,0
-3.1935,-0.75289,0.40126,7.0545,0.98818,0
-1.9589,-0.5477,0.45145,1.8206,0.18271,0
0.51046,-0.4964,0.51709,-7.2818,0.77243,0
2.7898,-1.112,0.60848,0.2277,-0.55085,0
2.9798,-1.8815,0.6265,8.4198,-0.061812,0
0.89035,-1.9584,0.58273,-1.1377,-0.47893,0
-0.34431,-1.3428,0.51194,-8.4196,-0.033045,0
1.0803,-0.47075,0.46947,2.7309,1.0313,0
2.8848,-0.086014,0.51838,6.5994,0.68613,0
1.1753,0.27308,0.58531,-4.0959,1.621,0
-2.1488,1.2734,0.53897,-7.5093,0.41284,0
-2.3388,2.7354,0.33175,4.5513,0.67174,0
-0.7242,3.4536,0.060177,4.5513,0.38407,0
2.315,3.4023,-0.090413,-7.0542,0.038872,0
1.6501,2.0172,-0.10071,-4.5511,0.88749,0
-0.43928,0.27308,-0.063384,7.5096,0.22586,0
-0.91415,-0.26556,-0.013187,1.3655,1.3334,0
0.13056,-0.11166,0.085918,-7.7369,0.35531,0
0.51046,-0.3938,0.16958,-1.3652,-0.22003,0
0.98533,-1.1889,0.24037,7.7372,-0.92482,0
1.5552,-1.8302,0.31631,-0.45498,-2.0611,0
1.3652,-1.9328,0.30601,-8.192,-1.2844,0
0.32051,-1.2915,0.23651,2.5033,-2.018,0
0.22554,-0.11166,0.24037,5.4616,-1.2125,0
1.6501,1.3247,0.29443,-5.4613,-1.7734,0
1.2702,2.6841,0.35106,-6.8267,-2.1618,0
0.13056,3.7101,0.4064,4.5513,-1.7159,0
-0.53425,4.1461,0.42828,3.8687,-2.3919,0
0.035589,3.9922,0.36264,-8.192,-1.2413,0
0.51046,5.3003,0.21463,-3.8684,-1.9892,0
0.79538,9.7633,0.025425,7.282,-1.7303,0
-0.059385,14.047,-0.13289,1.1379,-1.7878,0
0.32051,14.303,-0.22041,-7.7369,-2.2193,0
-0.059385,11.328,-0.28605,-0.22742,-1.1837,0
-0.53425,7.5062,-0.33496,8.4198,-1.7159,0
-0.81917,4.813,-0.33496,-1.3652,-0.79537,0
-0.7242,3.1714,-0.3208,-7.7369,-1.5577,0
-0.81917,1.1965,-0.28734,3.6411,-2.1043,0
-1.579,-0.31686,-0.23071,6.3718,-1.8166,0
-2.6237,-1.0607,-0.16506,-4.0959,-2.4638,0
-1.8639,-1.7789,-0.076255,-5.2337,-0.98235,0
-0.059385,-2.2919,0.056315,6.8269,-1.1837,0
0.7004,-2.4714,0.20562,4.0962,-0.62276,0
0.60543,-2.3688,0.26611,-6.5991,-0.78098,0
0.22554,-2.5227,0.23007,-1.3652,-1.9317,0
0.22554,-2.497,0.14126,7.5096,-1.7159,0
1.2702,-1.5993,-0.0041778,0.00013542,-2.8234,0
2.9798,-1.1889,-0.1419,-7.9645,-1.9173,0
1.8401,-1.3172,-0.1715,1.3655,-2.0323,0
1.9351,-2.4201,-0.072394,7.7372,-1.6008,0
0.41548,-3.9078,-0.0016037,-3.4133,-1.4139,0
-1.1041,-4.7285,0.0022576,-7.7369,-2.4063,0
-1.7689,-5.0363,-0.02091,3.8687,-1.831,0
-1.389,-5.2159,0.015128,5.9167,-2.4207,0
-0.059385,-5.4724,0.12067,-5.9164,-1.0255,0
1.4602,-5.8571,0.18116,-5.6889,-0.32071,0
2.03,-6.2931,0.23393,7.0545,0.21147,0
2.22,-5.8315,0.29829,3.186,0.98818,0
-0.24933,-4.9337,0.3073,-7.2818,-0.047428,0
-1.6739,-4.3438,0.20304,-2.9581,0.54229,0
0.22554,-3.7795,0.067899,7.5096,-0.37825,0
2.03,-2.9074,0.11037,1.5931,0.24024,0
2.8848,-2.5483,0.34591,-7.7369,0.31216,0
2.7898,-2.5483,0.59689,-0.22742,-0.090578,0
1.5552,-2.8818,0.70887,6.5994,0.58544,0
0.98533,-2.9074,0.6059,-1.5928,-0.29195,0
0.79538,-2.3431,0.35621,-8.4196,0.57106,0
0.035589,-1.4454,0.11166,2.9584,-0.17688,0
0.32051,-0.13731,-0.040216,5.9167,-0.090578,0
2.22,0.29873,-0.12645,-5.4613,-0.19126,0
2.7898,-0.5477,-0.1419,-5.6889,-1.0543,0
0.79538,-1.8302,-0.065958,6.3718,-0.20565,0
-1.1991,-2.6509,-0.038929,4.3238,-1.0111,0
-1.0091,-2.9587,-0.12388,-7.0542,-0.14811,0
-1.8639,-3.2409,-0.26546,-3.6408,-0.53646,0
-2.0538,-3.3178,-0.25001,7.282,-0.73783,0
-0.43928,-2.4201,-0.017049,2.0482,-0.32071,0
0.51046,-1.8045,0.24166,-7.2818,-1.3851,0
0.7004,-1.0094,0.28928,-0.45498,-0.60838,0
0.89035,0.016583,0.18889,7.7372,-1.3995,0
0.98533,1.3503,0.11681,-0.9101,-0.73783,0
-0.059385,2.838,0.064038,-7.9645,-0.30633,0
-1.294,4.377,0.04087,2.9584,-0.55085,0
-1.9589,5.1208,0.093641,5.4616,0.19709,0
-1.294,5.6851,0.18631,-5.0062,-0.8529,0
-1.6739,5.1977,0.21334,-5.0062,-0.090578,0
-2.1488,3.7101,0.10651,7.282,-0.4214,0
-3.7634,2.4276,-0.080116,3.6411,-0.26318,0
-3.1935,3.2484,-0.23199,-7.9645,0.010105,0
-2.5287,4.5052,-0.26674,-2.0479,-0.92482,0
-1.389,3.8896,-0.23457,7.9647,-0.061812,0
0.13056,1.9659,-0.15219,0.91037,-0.6803,0
3.2647,0.067882,-0.0028907,-8.4196,0.28339,0
3.3597,-0.88114,0.1374,-0.22742,0.35531,0
0.89035,-1.2915,0.19918,7.0545,0.067639,0
0.51046,-1.5224,0.2069,-3.1857,0.41284,0
1.4602,-2.3175,0.1979,-8.4196,-0.36386,0
1.2702,-4.036,0.26354,4.0962,0.94503,0
1.7451,-5.062,0.39096,6.3718,0.70051,0
0.60543,-5.0107,0.37551,-5.6889,1.621,0
0.51046,-4.8824,0.17859,-5.9164,1.693,0
-0.059385,-4.0104,-0.08269,5.9167,0.94503,0
-1.579,-1.8302,-0.32338,3.186,1.2758,0
-1.1041,1.1708,-0.56406,-7.9645,0.053256,0
0.13056,3.6331,-0.73911,-4.0959,0.90188,0
-0.15436,4.0692,-0.7198,7.7372,0.95941,0
-2.1488,2.6585,-0.58337,0.68281,1.621,0
-2.4337,0.68346,-0.36199,-7.9645,2.3978,0
-0.059385,-0.80419,-0.027345,-0.22742,1.5204,0
3.5496,-1.5993,0.18502,7.0545,1.9519,0
1.6501,-1.625,0.15285,-1.5928,0.72928,0
-0.81917,-0.95809,0.039583,-8.192,1.1464,0
-2.8136,-0.21426,0.0099801,2.5033,1.5491,0
-2.8136,0.60652,0.0048318,6.1442,1.6067,0
-0.62923,1.299,0.0048318,-5.4613,2.4697,0
-0.24933,2.3763,0.037009,-6.144,1.1464,0
-0.62923,4.0435,0.015128,6.5994,0.93064,0
0.98533,4.5565,-0.10071,4.3238,-0.6803,0
2.8848,2.325,-0.032494,-7.5093,-1.3419,0
2.8848,-0.41945,0.34591,-2.7306,-1.2413,0
1.5552,-1.5737,0.71788,8.4198,-1.6871,0
0.60543,-1.3941,0.85817,0.91037,-0.26318,0
-3.0985,-1.7276,0.85045,-7.9645,-0.73783,0
-3.7634,-1.7789,0.93025,0.2277,-0.22003,0
-3.0036,-1.8045,1.0924,6.8269,-0.9392,0
-2.3388,-1.9841,1.1787,-2.0479,-1.8166,0
-0.62923,-1.8045,1.1053,-8.192,-1.3851,0
1.5552,-1.112,0.87104,4.3238,-1.8885,0
3.7396,-0.34251,0.64194,6.5994,-0.32071,0
3.2647,0.45262,0.53511,-5.9164,-0.10496,0
-0.059385,0.86301,0.50036,-4.7786,0.57106,0
-2.4337,-0.13731,0.46947,7.0545,0.45599,0
-2.7186,-2.138,0.4463,3.4135,-0.63715,0
-2.4337,-4.1386,0.47977,-7.2818,-0.40701,0
0.32051,-5.4467,0.65352,-1.5928,-1.5865,0
0.98533,-6.2162,0.85431,7.7372,-0.75222,0
0.035589,-6.0623,0.89164,-0.68254,-1.2269,0
2.03,-5.062,0.82085,-7.5093,-1.4282,0
3.3597,-3.6,0.76679,3.186,-1.4282,0
2.03,-2.6253,0.77837,6.3718,-2.5358,0
-0.53425,-2.7279,0.85688,-5.6889,-1.7303,0
-2.7186,-3.4717,0.86976,-6.8267,-2.32,0
-3.6684,-4.8824,0.69471,5.9167,-1.2413,0
-0.43928,-5.6263,0.38452,4.3238,-1.0255,0
0.13056,-5.3698,0.047306,-7.9645,-0.9392,0
0.41548,-4.3951,-0.20625,-3.4133,0.067639,0
-0.059385,-3.4461,-0.35941,7.9647,-0.46455,0
-0.53425,-2.4714,-0.54604,0.45525,0.78681,0
-0.81917,-0.47075,-0.909,-8.192,0.26901,0
-0.62923,2.1711,-1.3659,0.68281,0.87311,0
0.22554,4.0179,-1.7559,7.9647,1.0313,0
1.6501,4.6335,-2.0404,-2.0479,0.45599,0
0.51046,4.4539,-2.2913,-7.5093,1.0745,0
-1.1991,3.351,-2.5758,4.0962,-0.19126,0
-2.0538,2.1455,-2.9503,5.9167,0.55667,0
-1.1991,1.7864,-3.3699,-5.2337,0.13956,0
-1.579,2.5046,-3.711,-5.6889,0.11079,0
0.41548,3.2484,-3.8848,7.282,0.24024,0
1.2702,4.4283,-3.9877,3.4135,-1.0543,0
0.98533,5.0695,-4.1435,-7.0542,-0.65153,0
0.035589,4.0435,-4.3635,-2.9581,-1.831,0
0.41548,1.4016,-4.6042,7.7372,-1.1118,0
1.6501,-1.1889,-4.7317,2.0482,-0.70906,0
0.41548,-2.9074,-4.7741,-7.7369,-0.53646,0
-0.34431,-4.7285,-4.8977,0.45525,0.77243,0
0.98533,-5.9597,-5.0444,8.1923,0.18271,0
3.7396,-6.0366,-5.0805,-1.8203,1.0601,0
3.2647,-4.9081,-5.0457,-7.5093,-0.018661,0
1.6501,-3.3178,-5.0007,3.6411,-0.55085,0
0.035589,-1.7532,-4.9762,5.9167,-0.99673,0
-0.53425,-0.6503,-5.0573,-5.9164,-1.9173,0
0.22554,-1.0863,-5.1911,-6.3715,-0.88167,0
0.7004,-2.497,-5.2182,6.8269,-1.1981,0
0.60543,-3.4717,-5.1345,2.9584,-0.14811,0
0.79538,-3.2665,-4.9247,-7.7369,-0.47893,0
0.79538,-2.5483,-4.6145,-2.9581,-1.0399,0
2.4099,-2.2919,-4.2966,8.4198,-0.86728,0
2.6949,-2.3688,-4.0714,0.91037,-1.7303,0
1.5552,-1.9841,-3.9131,-8.6471,-0.62276,0
-0.059385,0.24743,-3.7367,0.2277,-1.1837,0
1.0803,3.7357,-3.451,6.8269,-0.52208,0
2.03,7.0445,-3.0198,-3.4133,-0.80975,0
0.51046,9.4299,-2.5655,-7.2818,-1.5433,0
-0.24933,11.123,-2.2231,4.0962,-1.3419,0
-1.389,11.738,-2.0288,4.5513,-2.6364,0
-1.8639,10.815,-1.8949,-6.8267,-2.0611,0
-2.2438,9.0195,-1.6941,-5.2337,-2.5645,0
-3.0036,6.8649,-1.2926,6.5994,-2.0323,0
-2.5287,4.4026,-0.78801,2.5033,-1.3707,0
-1.294,1.7351,-0.45337,-7.9645,-2.0036,0
-1.6739,-0.16296,-0.31308,-2.503,-1.6008,0
-0.24933,-0.77854,-0.19724,7.282,-3.2837,0
3.0747,-0.599,-0.010613,-1.1377,-3.0679,0
4.0245,-0.086014,0.17344,-7.2818,-3.1542,0
3.8345,0.17048,0.36393,2.5033,-2.507,0
4.0245,-0.21426,0.65996,6.8269,-1.2269,0
2.8848,-0.5477,1.068,-3.1857,-1.644,0
2.22,0.40132,1.539,-6.8267,-0.99673,0
2.315,1.6581,2.0783,4.7789,-2.1762,0
2.22,1.7351,2.6627,5.234,-2.1474,0
0.51046,0.93996,3.2341,-7.0542,-2.2337,0
-0.43928,-0.16296,3.8429,-3.8684,-2.6508,0
0.13056,-1.3941,4.4968,7.5096,-1.5289,0
0.79538,-2.4714,5.1004,2.9584,-2.018,0
2.5999,-2.8048,5.6307,-7.5093,-0.88167,0
2.8848,-2.7279,6.1507,-1.3652,-1.6008,0
0.60543,-3.2409,6.6488,7.7372,-1.9604,0
-0.91415,-3.3178,7.0594,0.2277,-2.1043,0
-2.0538,-3.2922,7.3644,-7.7369,-3.1686,0
-2.2438,-2.8305,7.6463,1.3655,-2.1186,0
-1.294,-1.2402,7.9024,8.6474,-2.4638,0
0.89035,0.093531,8.0646,-3.1857,-1.0974,0
1.9351,1.0169,8.1972,-6.8267,-0.98235,0
0.60543,1.9659,8.313,5.0064,-1.1981,0
-1.1991,3.1458,8.331,4.7789,-1.2269,0
-1.9589,4.2744,8.2602,-6.144,-2.507,0
-3.0036,4.3257,8.192,-5.0062,-1.7015,0
-3.8583,5.0182,8.0852,7.0545,-2.2625,0
-3.6684,7.4549,7.7866,1.8206,-1.2125,0
-2.9086,10.687,7.3181,-8.192,-0.62276,0
-2.5287,12.995,6.7981,-0.45498,-0.75222,0
-2.1488,12.713,6.3103,8.1923,-0.018661,0
-2.2438,11.02,5.9435,-1.8203,-1.2413,0
-3.0985,9.8916,5.7208,-7.7369,-0.8529,0
-4.3332,8.2244,5.538,3.6411,-1.8597,0
-3.3835,6.0442,5.26,5.9167,-1.8454,0
-0.059385,4.2744,4.8829,-5.2337,-1.4714,0
1.7451,3.0688,4.5341,-6.3715,-1.8885,0
0.60543,2.2481,4.3024,5.234,-0.8529,0
0.51046,1.4529,4.1351,3.6411,-1.7159,0
1.5552,0.78606,4.0296,-7.5093,-1.27,0
1.3652,1.0939,3.8867,-4.0959,-1.8022,0
1.8401,2.0942,3.5366,7.5096,-2.2481,0
1.4602,2.5815,3.0771,2.2757,-1.7303,0
-0.7242,2.0172,2.7142,-7.5093,-2.3632,0
-1.0091,1.5812,2.5224,-0.45498,-1.155,0
0.035589,1.4273,2.4078,8.4198,-1.5433,0
1.2702,1.3247,2.3422,-0.45498,-1.155,0
0.51046,1.0169,2.2135,-7.2818,-1.1981,0
0.41548,0.78606,1.866,2.7309,-2.1043,0
1.6501,1.4016,1.3344,7.5096,-1.644,0
-0.24933,2.1455,0.88777,-4.0959,-2.8378,0
-1.6739,1.7094,0.64451,-6.8267,-2.133,0
-0.43928,0.93996,0.51323,5.6891,-2.5645,0
-0.34431,0.68346,0.33819,5.0064,-2.3632,0
-2.3388,1.0682,0.094928,-7.2818,-1.8022,0
-1.6739,1.1452,-0.092987,-4.5511,-2.4782,0
-0.24933,0.65782,-0.17279,7.7372,-1.6152,0
-0.15436,0.29873,-0.24615,3.6411,-2.4351,0
-0.43928,-0.086014,-0.43407,-7.7369,-2.0323,0
-1.294,-1.0094,-0.64129,-1.8203,-2.0899,0
-3.6684,-2.061,-0.76742,7.9647,-2.5214,0
-4.2382,-2.7279,-0.85752,0.45525,-1.8741,0
-1.1991,-3.3435,-0.99781,-8.192,-2.996,0
1.1753,-3.0613,-1.1754,0.91037,-2.4495,0
-0.24933,-1.8045,-1.3672,7.282,-3.0248,0
-0.81917,-0.90679,-1.5345,-2.503,-2.8378,0
0.035589,-1.9071,-1.6118,-7.7369,-2.3056,0
0.79538,-3.8565,-1.5204,4.5513,-2.881,0
2.7898,-4.4977,-1.3878,5.234,-2.1618,0
3.3597,-3.523,-1.4123,-7.2818,-3.2118,0
2.315,-2.3175,-1.5847,-4.7786,-2.6364,0
-1.389,-1.4711,-1.7894,6.5994,-2.7947,0
-2.2438,-1.9584,-1.9129,2.0482,-2.8378,0
-1.484,-2.7792,-1.9232,-8.192,-2.1762,0
-1.6739,-2.6253,-1.8666,-1.5928,-2.9673,0
-2.1488,-1.3685,-1.8898,7.282,-2.1906,0
-1.389,0.17048,-1.994,-1.8203,-3.1399,0
0.7004,1.7351,-2.0996,-7.5093,-2.7371,0
1.8401,3.4792,-2.1691,3.8687,-2.5645,0
2.4099,5.3003,-2.2244,6.1442,-2.6508,0
3.0747,5.4542,-2.2592,-4.5511,-1.4426,0
2.7898,3.787,-2.1459,-6.144,-2.1186,0
0.89035,1.4016,-1.949,5.9167,-1.5865,0
-0.34431,-0.34251,-1.8743,5.0064,-2.3919,0
1.0803,-0.29121,-1.8962,-7.5093,-2.6652,0
1.1753,1.0939,-1.8589,-4.0959,-2.0611,0
-0.62923,2.5302,-1.7881,7.282,-2.0467,0
-1.0091,2.5046,-1.7726,1.5931,-0.30633,0
-1.579,1.8633,-1.8203,-8.4196,-0.56523,0
-2.1488,1.3247,-1.8473,-1.3652,-0.061812,0
-2.9086,1.5299,-1.8164,8.4198,-0.66591,0
-1.1041,2.2481,-1.7701,-0.9101,-1.3851,0
0.41548,2.4533,-1.7186,-7.5093,-0.49331,0
0.60543,1.1965,-1.6645,2.9584,-0.60838,0
-0.059385,-0.67595,-1.5989,7.0545,0.91626,0
0.22554,-2.061,-1.5217,-3.8684,0.62859,0
-0.059385,-2.2662,-1.4959,-6.3715,0.44161,0
2.03,-1.6763,-1.5667,6.1442,0.12517,0
1.7451,-1.1376,-1.6877,4.3238,-1.27,0
0.41548,-1.1889,-1.7636,-7.7369,-0.7666,0
-0.53425,-2.061,-1.7417,-3.4133,-1.4858,0
-0.7242,-3.4717,-1.6813,7.5096,-0.30633,0
-0.53425,-4.549,-1.6426,2.0482,0.24024,0
-0.62923,-4.3181,-1.6439,-8.8747,0.68613,0
0.13056,-3.7026,-1.6941,0.00013542,1.6354,0
0.41548,-3.7795,-1.743,6.8269,0.90188,0
0.89035,-4.5746,-1.7417,-1.8203,1.5491,0
0.89035,-4.9594,-1.7276,-7.5093,0.36969,0
-0.53425,-4.7029,-1.7482,3.4135,0.59983,0
-1.7689,-3.9847,-1.7662,6.5994,0.91626,0
-2.1488,-3.4204,-1.6954,-5.4613,1.1895,0
-1.1991,-2.4457,-1.586,-6.8267,2.7142,0
1.7451,-1.1889,-1.5152,6.3718,2.3978,0
3.2647,-0.85549,-1.5294,4.0962,3.1457,0
2.125,-2.4201,-1.5912,-7.9645,2.4409,0
0.13056,-4.2925,-1.5912,-3.4133,2.3546,0
0.51046,-5.5237,-1.4805,7.7372,2.9299,0
1.6501,-6.2675,-1.3337,0.68281,2.8724,0
1.3652,-6.7805,-1.2025,-8.4196,4.469,0
1.2702,-7.1909,-1.0429,0.45525,4.1525,0
1.7451,-7.2678,-0.87296,6.8269,4.8285,0
2.125,-7.55,-0.79059,-2.9581,4.6128,0
1.4602,-7.2165,-0.82663,-7.2818,4.1957,0
0.22554,-6.0366,-0.90128,3.6411,4.7135,0
-0.53425,-5.0107,-0.92316,7.0545,4.0662,0
0.22554,-4.5233,-0.85494,-3.8684,5.2457,0
2.125,-3.3691,-0.77,-6.3715,4.584,0
2.4099,-0.4451,-0.77386,5.234,4.9005,0
1.6501,3.5305,-0.84722,3.8687,4.7422,0
-0.53425,6.9675,-0.9193,-7.7369,3.7786,0
-1.7689,9.199,-0.97207,-3.4133,4.3107,0
-1.294,9.9685,-1.0544,7.9647,3.3039,0
-0.81917,10.122,-1.1458,1.8206,4.2101,0
-1.389,9.6351,-1.1973,-7.2818,3.9655,0
-1.0091,7.7883,-1.1883,0.00013542,4.1525,0
-0.059385,5.1464,-1.1059,7.5096,4.469,0
1.5552,2.6585,-0.93217,-1.8203,3.4621,0
1.8401,1.0426,-0.71336,-7.2818,4.0231,0
0.7004,-0.31686,-0.54733,4.0962,2.7861,0
-0.15436,-1.4198,-0.51129,5.6891,3.1601,0
1.9351,-1.9071,-0.56535,-6.144,3.0594,0
3.1697,-2.138,-0.56792,-5.4613,2.7573,0
2.8848,-2.3688,-0.47525,6.8269,3.4909,0
1.6501,-2.138,-0.3903,2.2757,2.4697,0
0.89035,-1.3172,-0.32724,-7.9645,3.045,0
0.89035,-0.93244,-0.22556,-2.7306,2.1532,0
0.13056,-1.112,-0.087839,8.1923,1.8224,0
-2.3388,-1.5993,0.012554,0.2277,1.693,0
-2.5287,-2.061,0.026712,-7.2818,0.71489,0
-0.43928,-3.0357,-0.036355,1.8206,1.3621,0
1.2702,-3.4717,-0.18437,7.282,0.21147,0
2.9798,-3.4974,-0.34654,-3.8684,0.52791,0
1.9351,-3.8821,-0.40961,-6.8267,-0.23441,0
-0.43928,-4.3438,-0.41991,5.6891,-0.91043,0
-0.15436,-4.3181,-0.45981,4.3238,-0.8529,0
-0.24933,-3.523,-0.4405,-7.2818,-1.9892,0
-3.0985,-3.0357,-0.39288,-5.0062,-1.4139,0
-2.1488,-2.9587,-0.36328,6.8269,-2.3488,0
0.7004,-3.01,-0.31308,2.0482,-2.018,0
1.6501,-3.1896,-0.29763,-8.4196,-2.0611,0
-0.059385,-3.3178,-0.31565,-1.3652,-2.5358,0
-0.81917,-3.3178,-0.33239,7.7372,-1.9317,0
-0.059385,-3.3948,-0.33625,-0.45498,-2.996,0
1.3652,-3.7539,-0.30278,-7.2818,-2.2193,0
2.125,-4.2668,-0.22556,2.5033,-2.8953,0
0.51046,-3.8565,-0.17665,6.5994,-2.9241,0
-1.1991,-3.2922,-0.21526,-3.1857,-2.7371,0
-1.1991,-3.2922,-0.29763,-7.0542,-3.6145,0
-0.7242,-3.3178,-0.3504,5.4616,-2.9673,0
-2.4337,-2.1636,-0.38001,5.234,-4.1035,0
-2.7186,-0.3938,-0.39803,-6.8267,-3.744,0
-1.389,0.70911,-0.40961,-4.7786,-4.1898,0
0.13056,1.0939,-0.4006,7.7372,-4.722,0
0.7004,0.93996,-0.33625,2.7309,-4.233,0
0.79538,0.32437,-0.26288,-7.5093,-5.2542,0
0.13056,0.50392,-0.2114,-1.3652,-4.5063,0
-0.43928,0.68346,-0.1419,7.9647,-5.4268,0
-2.3388,0.70911,0.00097052,-0.45498,-5.3405,0
-2.3388,0.37567,0.2069,-7.7369,-5.3549,0
-1.389,0.35002,0.28156,3.186,-6.1316,0
1.6501,0.99126,0.16057,7.7372,-5.3693,0
2.5049,2.402,0.016416,-3.4133,-6.3474,0
2.4099,3.0945,0.020277,-7.5093,-5.5994,0
1.5552,2.6841,0.1477,5.234,-5.9734,0
1.6501,1.8633,0.29185,5.4616,-5.959,0
1.3652,1.3247,0.3871,-6.3715,-5.4987,0
0.13056,1.6838,0.45531,-5.4613,-6.1891,0
1.8401,2.4789,0.45789,6.1442,-5.2111,0
1.6501,2.838,0.39997,2.9584,-5.959,0
-0.62923,2.325,0.41413,-8.192,-5.3549,0
-1.1041,0.91431,0.56858,-2.2755,-5.3261,0
0.035589,-0.18861,0.73719,7.5096,-5.6713,0
-0.91415,-0.62465,0.80154,-1.1377,-4.8946,0
-0.91415,-0.3938,0.7758,-8.192,-5.6426,0
0.7004,-0.599,0.78867,1.5931,-4.607,0
2.03,-2.3175,0.85431,7.0545,-5.0385,0
1.5552,-4.5746,0.86203,-3.4133,-4.6357,0
1.0803,-5.4724,0.79768,-7.7369,-4.233,0
0.79538,-5.2672,0.69986,4.0962,-4.5494,0
-0.7242,-4.8824,0.61105,5.4616,-3.37,0
-2.6237,-4.8568,0.58402,-6.5991,-3.7296,0
-1.7689,-5.2159,0.6162,-5.2337,-2.6364,0
1.6501,-5.5237,0.6561,6.5994,-2.4495,0
4.2144,-5.1902,0.69085,3.6411,-1.9748,0
3.4546,-4.2412,0.67798,-7.7369,-1.0111,0
0.41548,-3.7282,0.64451,-1.5928,-1.2413,0
-0.81917,-3.7026,0.64323,8.1923,0.22586,0
0.035589,-3.1383,0.6265,-0.68254,-0.14811,0
1.2702,-1.9071,0.49521,-8.192,0.84434,0
1.2702,-0.21426,0.31502,1.8206,1.1464,0
0.89035,2.3507,0.23522,7.282,1.1176,0
1.4602,4.6335,0.24294,-3.1857,2.0813,0
2.03,5.4799,0.29958,-8.4196,1.506,0
1.5552,5.4542,0.39482,5.6891,2.5416,0
0.13056,6.7367,0.39611,5.6891,1.8943,0
-0.53425,8.8656,0.25067,-6.3715,2.3115,0
-2.2438,9.4042,0.062751,-5.0062,2.4697,0
-2.5287,7.5831,-0.032494,7.9647,1.8943,0
-1.484,4.8899,-0.083977,2.7309,2.6854,0
-1.6739,2.6328,-0.086552,-7.7369,1.5635,0
-2.1488,1.0939,-0.035068,-0.22742,2.1388,0
-2.9086,-0.034715,-0.0016037,7.7372,1.4484,0
-2.4337,-0.4964,-0.0054649,-0.45498,1.3046,0
-1.484,-0.4451,-0.024771,-7.9645,1.6067,0
0.79538,0.52957,-0.081403,2.9584,0.64298,0
1.4602,2.1968,-0.18694,6.3718,1.3621,0
2.7898,3.6075,-0.31565,-5.0062,0.32654,0
3.3597,3.787,-0.35555,-6.3715,0.62859,0
3.1697,2.5302,-0.24615,5.6891,0.31216,0
2.315,1.0426,-0.090413,3.6411,-0.27756,0
0.7004,0.22178,-0.0016037,-7.7369,0.25462,0
-0.059385,-0.16296,0.034435,-2.2755,-0.66591,0
0.32051,-0.23991,0.094928,7.282,0.16832,0
0.035589,0.42697,0.15928,0.00013542,-0.4214,0
0.32051,1.0426,0.14512,-8.6471,-0.2488,0
0.51046,1.6838,0.087205,-1.1377,0.010105,0
0.22554,1.6838,0.11166,7.282,-0.69468,0
0.32051,1.1195,0.19918,-1.1377,0.082022,0
-0.059385,0.32437,0.22364,-7.7369,-0.83852,0
-1.294,-0.57335,0.1078,2.7309,-0.14811,0
-1.8639,-0.36816,-0.059523,6.3718,-0.52208,0
-1.389,0.32437,-0.12516,-4.7786,-0.594,0
-0.62923,0.73476,-0.033781,-5.9164,-0.20565,0
0.035589,1.1708,0.16443,5.9167,-0.98235,0
2.5999,1.0169,0.32403,3.8687,-0.090578,0
2.6949,0.96561,0.29314,-6.5991,-0.98235,0
1.5552,1.4529,0.14899,-2.9581,-0.60838,0
0.89035,1.9403,0.10651,6.8269,-0.66591,0
0.89035,1.8633,0.17344,2.2757,-1.155,0
0.7004,1.3247,0.24037,-7.2818,-0.52208,0
0.32051,0.58087,0.22492,-0.45498,-1.5002,0
-0.53425,0.067882,0.13869,8.1923,-0.92482,0
-0.53425,0.11918,-0.0041778,-1.8203,-1.5721,0
0.13056,0.19613,-0.17021,-7.7369,-1.6296,0
0.60543,0.19613,-0.34783,3.6411,-1.4714,0
0.60543,-0.34251,-0.43921,7.0545,-2.2625,0
0.79538,-1.9584,-0.371,-5.0062,-1.4139,0
0.89035,-3.9078,-0.28476,-5.4613,-2.32,0
2.4099,-5.3698,-0.28348,6.5994,-1.6871,0
4.4044,-6.96,-0.22556,4.3238,-1.9892,0
4.4044,-7.7808,-0.090413,-6.3715,-2.2912,0
1.3652,-7.8064,0.026712,-3.1857,-1.644,0
-0.15436,-7.3448,0.20176,7.7372,-2.4063,0
0.22554,-6.6522,0.31502,2.0482,-1.5865,0
-0.059385,-5.4467,0.20047,-8.6471,-2.1618,0
1.2702,-4.1386,-0.077542,0.00013542,-1.831,0
1.9351,-3.1126,-0.2616,7.282,-1.5433,0
0.51046,-1.2915,-0.1715,-2.503,-1.9604,0
-1.8639,0.76041,0.022851,-7.7369,-0.9392,0
-0.91415,2.1455,0.098789,3.4135,-1.644,0
0.41548,3.1201,0.14512,6.1442,-0.65153,0
-1.0091,4.0179,0.23007,-5.9164,-0.88167,0
-1.0091,5.0182,0.24423,-5.6889,-0.78098,0
-0.53425,5.7877,0.24166,6.8269,-0.29195,0
1.0803,7.3779,0.25453,2.9584,-0.88167,0
2.125,10.584,0.19918,-7.7369,0.29777,0
1.4602,13.226,0.046019,-2.7306,-0.43578,0
0.7004,13.2,-0.12645,7.5096,0.25462,0
1.3652,10.635,-0.19982,-0.45498,0.19709,0
0.60543,6.3263,-0.2011,-8.4196,-0.17688,0
-0.24933,2.5302,-0.14318,1.1379,0.55667,0
0.13056,-0.3938,0.0061189,6.8269,-0.30633,0
-1.0091,-2.4457,0.13354,-2.9581,0.55667,0
-1.8639,-3.7795,0.20819,-7.5093,-0.20565,0
-0.53425,-4.2155,0.27383,4.7789,-0.10496,0
-0.34431,-3.3435,0.31631,5.234,-0.061812,0
0.41548,-1.8558,0.3871,-5.6889,-0.82413,0
0.7004,-0.26556,0.427,-5.6889,-0.1625,0
-0.15436,1.0169,0.30472,6.5994,-1.1981,0
-1.389,1.8377,0.08077,3.8687,-0.56523,0
-1.1041,1.6068,-0.026058,-7.0542,-1.1693,0
1.6501,0.93996,0.030574,-2.2755,-1.4139,0
3.3597,-0.21426,0.064038,8.875,-1.1262,0
2.6949,-1.0607,0.0022576,0.00013542,-1.9748,0
-0.15436,-1.0863,-0.049226,-7.2818,-1.0687,0
-1.6739,-0.11166,-0.11615,2.0482,-1.8885,0
-1.294,1.5299,-0.21783,6.3718,-1.2556,0
-0.7242,3.3766,-0.28862,-4.0959,-1.27,0
-0.7242,4.7361,-0.2513,-6.5991,-1.7159,0
-0.62923,5.839,-0.12002,5.0064,-1.0399,0
-0.62923,6.6597,-0.045365,5.9167,-2.1186,0
0.79538,6.5059,-0.06081,-6.5991,-1.3563,0
1.0803,4.6591,-0.068532,-4.7786,-1.9029,0
1.0803,1.1965,-0.024771,6.8269,-1.7447,0
0.035589,-1.2659,0.060177,2.9584,-1.2844,0
-0.34431,-2.9074,0.18631,-8.4196,-1.8454,0
-0.62923,-3.9591,0.35492,-2.2755,-0.89605,0
-0.53425,-4.8311,0.50808,7.7372,-1.8454,0
0.22554,-4.8311,0.57115,-1.3652,-1.3276,0
-0.24933,-4.2155,0.52482,-7.9645,-1.7447,0
-1.389,-3.9078,0.38967,2.9584,-2.0755,0
-0.34431,-3.2152,0.20948,7.0545,-1.6008,0
-1.1991,-2.7535,-0.0054649,-4.0959,-2.3919,0
-2.6237,-2.9074,-0.14704,-7.0542,-1.457,0
-2.5287,-3.2409,-0.1419,4.7789,-2.1186,0
-1.484,-4.0873,-0.081403,4.3238,-1.4714,0
-0.7242,-5.4211,-0.11873,-6.8267,-1.2269,0
-2.3388,-6.3188,-0.16764,-4.0959,-1.5145,0
-1.579,-5.8058,-0.081403,6.8269,-0.66591,0
0.035589,-4.8311,0.076909,1.1379,-1.3276,0
0.7004,-3.8308,0.16186,-7.2818,-0.3351,0
0.89035,-2.6253,0.13869,0.45525,-0.60838,0
0.7004,-1.9328,0.043444,7.282,-0.39263,0
-0.059385,-1.9328,-0.02992,-2.9581,0.12517,0
-0.34431,-1.5993,-0.090413,-8.192,-0.5077,0
1.2702,-0.77854,-0.15863,4.0962,0.44161,0
1.9351,-0.62465,-0.15348,5.6891,-0.594,0
2.22,-1.3685,-0.10071,-6.144,-0.1625,0
0.60543,-2.1636,-0.049226,-5.4613,-0.53646,0
-1.8639,-2.574,-0.013187,6.5994,-0.7666,0
-2.5287,-2.497,0.096215,3.186,-0.22003,0
-2.1488,-1.7276,0.2674,-8.192,-0.99673,0
-1.389,-0.5477,0.4064,-1.3652,-0.004278,0
-0.62923,0.78606,0.44502,7.9647,-0.7666,0
-1.579,2.6841,0.41284,0.2277,-0.26318,0
-2.0538,4.8386,0.30601,-7.9645,-0.1625,0
-2.2438,6.9419,0.1181,0.91037,-0.60838,0
-1.1991,8.0705,-0.056948,7.5096,0.19709,0
0.89035,8.4808,-0.08269,-1.5928,-0.66591,0
1.8401,8.0961,0.046019,-6.144,0.16832,0
3.1697,7.0445,0.158,4.7789,-0.594,0
3.7396,5.6594,0.10008,4.7789,-0.70906,0
3.6446,4.3257,-0.053087,-6.3715,-0.62276,0
1.4602,3.1971,-0.17536,-4.7786,-1.5002,0
0.60543,2.5046,-0.20625,7.282,-0.70906,0
1.6501,1.8377,-0.15219,2.7309,-1.6152,0
2.8848,1.1452,-0.11358,-8.192,-0.98235,0
3.8345,1.0939,-0.14704,-1.8203,-1.2269,0
2.03,1.2734,-0.18823,8.875,-1.3851,0
1.1753,0.99126,-0.22556,0.00013542,-0.78098,0
0.98533,0.40132,-0.27318,-8.8747,-1.5289,0
-0.059385,-0.6503,-0.29635,1.5931,-0.46455,0
-0.62923,-1.7276,-0.26674,6.5994,-1.1837,0
-1.484,-1.9328,-0.23328,-4.0959,-0.55085,0
-2.8136,-2.2406,-0.26674,-7.2818,-0.43578,0
-2.8136,-2.574,-0.36456,4.3238,-0.6803,0
-1.389,-2.6509,-0.46753,5.4616,0.12517,0
-0.62923,-2.8048,-0.43921,-7.2818,-0.66591,0
0.22554,-2.9844,-0.25516,-5.0062,0.35531,0
0.7004,-2.9074,-0.036355,6.8269,-0.061812,0
-0.15436,-2.061,0.064038,2.5033,0.35531,0
-1.1991,-0.75289,0.027999,-7.7369,1.0169,0
-1.0091,-0.11166,-0.013187,-0.9101,0.70051,0
0.035589,-0.29121,0.020277,7.282,2.0238,0
-0.15436,-0.4964,0.084631,-1.3652,1.5204,0
-0.43928,-0.23991,0.16314,-8.4196,2.5272,0
-0.62923,-0.72725,0.24552,2.9584,2.4553,0
-1.389,-1.5737,0.29443,7.282,2.4121,0
-1.9589,-1.5993,0.27126,-4.3235,3.1601,0
-1.1041,-0.90679,0.15542,-6.5991,2.4409,0
-1.6739,-0.060364,0.029286,5.0064,3.4046,0
-1.1041,0.40132,-0.073681,4.7789,2.6854,0
-0.81917,0.70911,-0.11487,-6.144,2.9587,0
0.13056,0.042233,0.00097052,-3.6408,3.0882,0
-0.24933,-0.52205,0.29057,7.0545,2.4553,0
-0.53425,-0.31686,0.49006,2.9584,3.0306,0
0.89035,-0.31686,0.46561,-8.192,1.9519,0
-1.294,-0.57335,0.41284,-1.3652,2.5704,0
-3.1935,-0.6503,0.49264,7.7372,1.808,0
-1.9589,-0.11166,0.63937,-1.1377,1.6354,0
-1.0091,-0.29121,0.7153,-7.7369,1.7361,0
-1.294,-0.5477,0.63036,2.2757,0.80119,0
-0.24933,-0.13731,0.45403,6.1442,1.4341,0
0.60543,0.32437,0.34591,-4.0959,0.41284,0
1.6501,0.11918,0.36007,-6.8267,0.77243,0
2.7898,-0.52205,0.36264,5.0064,0.25462,0
3.8345,-1.0607,0.26997,3.8687,-0.19126,0
3.5496,-1.8558,0.13611,-7.5093,0.25462,0
2.9798,-2.6509,0.15027,-3.8684,-0.79537,0
0.89035,-3.3435,0.29571,7.5096,-0.033045,0
0.41548,-3.5743,0.34591,1.5931,-0.92482,0
-0.15436,-3.2409,0.25324,-8.8747,-0.63715,0
-2.9086,-2.8561,0.15413,0.00013542,-0.66591,0
-4.0483,-2.3688,0.10909,6.5994,-1.3419,0
-3.0036,-1.8558,0.12582,-2.9581,-0.78098,0
-1.579,-1.4198,0.12196,-7.9645,-1.8022,0
-0.91415,-0.4964,0.047306,3.8687,-1.155,0
-1.294,1.0426,-0.074968,6.1442,-1.7447,0
-0.15436,1.8377,-0.17665,-5.6889,-1.6871,0
0.51046,0.81171,-0.17793,-5.9164,-1.4282,0
1.6501,-1.2659,-0.087839,5.9167,-2.1474,0
-0.43928,-1.9841,0.0086931,3.186,-1.2988,0
-1.6739,-1.112,0.01899,-7.5093,-2.1906,0
0.41548,0.093531,-0.0518,-1.8203,-1.7591,0
0.22554,1.3503,-0.13804,8.4198,-2.0899,0
-0.34431,3.2484,-0.21783,0.00013542,-2.3775,0
1.7451,5.5312,-0.28862,-8.4196,-1.831,0
0.79538,6.1724,-0.36328,1.8206,-2.6796,0
-0.24933,4.7361,-0.43793,7.0545,-1.8166,0
0.89035,2.5815,-0.53446,-3.6408,-2.5933,0
0.22554,1.8633,-0.68633,-6.5991,-2.3488,0
0.60543,1.9403,-0.78287,4.0962,-2.3056,0
0.79538,1.4529,-0.73524,5.234,-2.809,0
-0.15436,0.016583,-0.59881,-6.3715,-1.8741,0
-2.1488,-2.061,-0.45723,-3.8684,-2.6364,0
-0.81917,-3.4461,-0.34011,8.6474,-1.7303,0
0.41548,-3.9334,-0.24615,2.7309,-1.9604,0
0.7004,-4.0104,-0.16506,-8.4196,-1.9173,0
0.89035,-3.2409,-0.11229,-1.5928,-1.2844,0
-0.059385,-1.7019,-0.11101,7.5096,-2.0323,0
-0.53425,0.17048,-0.14447,-0.45498,-1.155,0
0.035589,1.4529,-0.1818,-8.4196,-1.9029,0
1.4602,1.5555,-0.21011,2.2757,-1.3132,0
2.9798,1.0426,-0.17021,6.3718,-1.2413,0
2.7898,0.22178,-0.047939,-4.5511,-1.5002,0
2.22,-0.4451,0.060177,-6.3715,-0.52208,0
1.3652,-0.4964,0.033148,5.9167,-1.3276,0
0.89035,0.016583,-0.11229,3.6411,-0.60838,0
-0.15436,0.96561,-0.21269,-7.2818,-1.3276,0
-1.294,1.7351,-0.19724,-3.8684,-1.4426,0
-1.8639,1.9916,-0.16893,7.0545,-1.155,0
-2.9086,1.7094,-0.17021,2.0482,-1.6296,0
-3.2885,1.4273,-0.21526,-7.9645,-0.5077,0
-2.7186,2.3763,-0.25516,-1.1377,-1.2125,0
-1.484,4.0179,-0.28476,7.0545,-0.78098,0
-1.0091,3.787,-0.28862,-1.1377,-1.2269,0
0.13056,2.2481,-0.29892,-7.7369,-2.0755,0
-0.059385,0.50392,-0.31565,3.186,-1.9317,0
0.22554,-0.4964,-0.3311,6.3718,-3.1974,0
1.4602,-0.75289,-0.31823,-5.0062,-2.3919,0
-0.34431,0.042233,-0.34011,-7.2818,-2.8234,0
-2.7186,1.0169,-0.39417,5.4616,-2.2912,0
-3.4784,1.1965,-0.41347,2.7309,-2.0755,0
-3.7634,1.5299,-0.33367,-7.7369,-2.6508,0
-3.8583,1.8633,-0.18051,-3.1857,-1.9029,0
-4.4282,1.376,-0.064671,7.7372,-2.5645,0
-3.2885,0.93996,-0.036355,0.45525,-1.6152,0
-0.7242,0.86301,-0.10972,-8.4196,-1.9604,0
-0.24933,0.50392,-0.17922,0.91037,-1.831,0
-0.53425,-0.0090658,-0.19595,7.282,-1.4139,0
1.0803,-0.23991,-0.15734,-2.9581,-2.0467,0
1.3652,-0.77854,-0.019623,-6.5991,-1.0255,0
0.13056,-1.0607,0.14899,4.7789,-1.6296,0
1.1753,0.042233,0.26096,6.3718,-0.75222,0
2.7898,0.99126,0.27383,-6.3715,-0.82413,0
2.9798,0.78606,0.20304,-4.7786,-1.0111,0
2.5049,0.067882,0.083344,7.7372,-0.69468,0
1.4602,-0.13731,-0.010613,3.186,-1.7015,0
2.6949,-0.18861,0.016416,-7.0542,-1.0399,0
3.4546,-0.88114,0.17087,-1.1377,-1.831,0
2.125,-1.3172,0.36908,7.9647,-1.3419,0
0.13056,-1.112,0.427,0.00013542,-1.1693,0
0.32051,-0.26556,0.34334,-7.9645,-1.5145,0
0.035589,0.37567,0.26482,1.5931,-0.60838,0
0.32051,0.73476,0.20562,6.8269,-1.5433,0
0.7004,1.1708,0.15156,-4.0959,-0.86728,0
-0.15436,1.4786,0.17087,-6.5991,-1.4282,0
0.32051,1.0939,0.23908,5.234,-1.3132,0
0.60543,0.60652,0.2468,5.0064,-0.70906,0
1.3652,0.37567,0.2172,-7.2818,-1.0543,0
1.3652,0.42697,0.26482,-4.0959,0.13956,0
0.98533,0.37567,0.33819,6.5994,-0.62276,0
-0.059385,0.35002,0.39739,1.5931,0.12517,0
-0.53425,-0.034715,0.36779,-8.192,-0.11935,0
-0.7242,-0.57335,0.27512,-2.503,-0.55085,0
0.035589,-1.6506,0.18245,7.5096,-0.033045,0
1.6501,-2.0097,0.082057,-0.68254,-0.80975,0
1.4602,-0.75289,-0.032494,-8.192,0.42722,0
0.13056,0.96561,-0.077542,1.5931,-0.090578,0
0.32051,1.1195,0.048593,6.8269,0.26901,0
1.5552,-0.47075,0.29314,-3.6408,0.11079,0
2.7898,-1.8302,0.42314,-7.5093,-0.82413,0
1.0803,-2.2406,0.32403,5.4616,-0.27756,0
-0.24933,-2.0867,0.097502,5.6891,-1.5002,0
0.32051,-1.3685,-0.11358,-6.3715,-0.88167,0
1.5552,-0.599,-0.22813,-5.2337,-1.4858,0
2.9798,-0.23991,-0.2217,6.8269,-1.644,0
1.8401,-0.62465,-0.10972,2.9584,-1.2988,0
2.6949,-1.4454,0.024138,-7.7369,-1.8885,0
3.7396,-2.138,0.085918,-1.3652,-0.89605,0
1.4602,-2.5996,0.039583,8.1923,-1.8597,0
-0.059385,-2.6253,-0.0016037,0.00013542,-1.5577,0
1.0803,-2.5483,0.021564,-7.9645,-1.9892,0
2.03,-2.4201,0.012554,2.0482,-2.3919,0
0.51046,-2.6766,-0.022197,6.8269,-1.6296,0
-1.484,-2.9587,0.029286,-2.9581,-2.2193,0
-1.1991,-2.9844,0.10008,-6.8267,-1.155,0
-0.91415,-2.6509,0.061464,4.7789,-1.7303,0
-0.059385,-2.3431,-0.04279,4.7789,-1.3851,0
0.79538,-2.1893,-0.13031,-6.8267,-1.2125,0
0.7004,-1.548,-0.17922,-5.2337,-1.5433,0
-0.059385,-0.5477,-0.15992,7.0545,-0.49331,0
-1.389,0.73476,-0.14576,3.186,-1.3132,0
-1.9589,1.889,-0.15863,-7.2818,-0.65153,0
-1.389,2.1455,-0.20368,-2.7306,-1.4139,0
-1.6739,1.7607,-0.29635,7.9647,-1.5433,0
-3.7634,1.376,-0.32724,0.91037,-0.82413,0
-4.998,1.7351,-0.28991,-8.8747,-1.0255,0
-2.5287,2.7867,-0.22942,0.45525,0.31216,0
-0.24933,3.0688,-0.089126,7.282,-0.40701,0
-0.24933,2.2994,0.037009,-2.7306,-0.090578,0
-1.294,1.6325,0.046019,-7.7369,-0.60838,0
-2.1488,1.6838,-0.0054649,4.0962,-1.1837,0
-2.0538,1.889,-0.037642,5.6891,-0.55085,0
-1.294,1.1965,-0.006752,-5.6889,-1.155,0
0.89035,0.17048,0.047306,-6.3715,0.15394,0
2.7898,-0.4451,0.13354,6.5994,-0.34948,0
2.7898,-1.112,0.22235,3.186,0.024489,0
1.6501,-0.95809,0.19403,-7.7369,-0.29195,0
0.98533,-0.67595,0.11681,-3.1857,-1.3132,0
1.6501,-0.77854,0.065325,7.7372,-0.79537,0
2.8848,-1.2146,0.057602,0.91037,-1.5433,0
2.7898,-1.4967,0.12067,-8.192,-0.090578,0
2.4099,-1.6763,0.167,1.1379,0.24024,0
2.125,-1.9584,0.10909,7.282,0.91626,0
3.0747,-2.8561,-0.0054649,-2.2755,1.4484,0
1.3652,-3.8052,-0.089126,-6.8267,0.58544,0
1.6501,-4.0104,-0.15992,4.7789,1.0169,0
1.2702,-3.6513,-0.26932,4.7789,-0.14811,0
-0.62923,-3.523,-0.35169,-6.3715,0.61421,0
-1.0091,-3.523,-0.32852,-4.3235,0.97379,0
-0.059385,-3.3178,-0.19081,6.8269,1.621,0
-0.24933,-2.2662,-0.02992,2.9584,2.9012,0
0.22554,-1.5737,0.082057,-7.0542,2.0813,0
-1.1041,-0.34251,0.16057,-1.3652,2.2252,0
-1.1041,1.1708,0.20176,8.1923,0.36969,0
-1.579,1.9659,0.18245,0.68281,-0.19126,0
-2.1488,1.9659,0.12968,-7.7369,-0.20565,0
-2.1488,2.3507,0.10909,1.1379,-0.29195,0
-3.9533,3.6331,0.08978,7.282,1.319,0
-5.093,5.2234,0.0086931,-3.1857,0.84434,0
-1.8639,7.1727,-0.12002,-6.8267,1.4053,0
1.8401,8.0961,-0.19209,5.234,0.48476,0
1.9351,7.6088,-0.2217,5.6891,-0.32071,0
0.22554,6.1981,-0.25001,-6.144,-0.32071,0
-0.62923,4.4796,-0.21011,-4.7786,-1.0543,0
0.32051,2.402,0.0022576,6.8269,0.35531,0
-0.059385,0.60652,0.24552,2.2757,0.16832,0
-0.43928,-0.29121,0.37165,-8.6471,1.0169,0
-2.3388,0.60652,0.33561,-0.9101,1.0457,0
-1.7689,2.8124,0.22106,7.5096,0.38407,0
-0.91415,4.1205,0.13869,-1.1377,0.87311,0
-0.62923,3.6844,0.13097,-7.2818,0.010105,0
-0.53425,2.1711,0.12067,2.5033,1.2327,0
-0.7242,0.58087,0.079483,6.5994,1.2327,0
-0.81917,-0.26556,0.042157,-5.2337,1.9087,0
-1.294,-0.62465,0.01899,-7.5093,2.2683,0
-1.8639,-0.6503,-0.045365,4.3238,1.2327,0
0.41548,-1.3172,-0.1419,3.8687,1.693,0
2.5049,-1.8045,-0.1818,-6.3715,0.75804,0
2.7898,-2.574,-0.094274,-4.0959,2.1101,0
0.7004,-3.5743,0.042157,6.8269,2.6423,0
-1.8639,-3.3948,0.12324,2.5033,2.7861,0
-1.7689,-2.1123,0.16443,-7.9645,2.9156,0
-0.059385,-1.2659,0.23136,-1.1377,1.0889,0
1.3652,-1.112,0.32403,7.7372,1.1176,0
0.22554,-1.625,0.38195,-1.3652,-0.2488,0
-0.43928,-2.3688,0.37551,-8.192,0.11079,0
-0.7242,-2.7792,0.33433,3.4135,0.26901,0
0.035589,-3.1896,0.35621,6.8269,-0.047428,0
-0.15436,-3.6769,0.39997,-5.6889,0.59983,0
-1.484,-3.5743,0.40512,-5.9164,-0.594,0
-1.1991,-2.8305,0.36264,6.5994,-0.018661,0
0.79538,-1.8815,0.30858,3.6411,-0.70906,0
1.1753,-0.4964,0.24938,-6.5991,-0.69468,0
0.035589,0.11918,0.19146,-2.0479,-0.32071,0
-0.43928,0.27308,0.19532,7.7372,-0.66591,0
0.32051,0.88866,0.19146,2.0482,0.58544,0
-1.0091,1.8633,0.10008,-8.192,-0.20565,0
-1.9589,3.274,-0.031207,0.2277,0.22586,0
-0.24933,4.7873,-0.0518,6.3718,-0.52208,0
2.125,4.9925,0.015128,-1.5928,-1.2988,0
2.6949,3.6075,0.074335,-6.8267,-0.92482,0
1.7451,2.1198,0.10265,3.8687,-1.8022,0
1.1753,1.1452,0.08978,5.9167,-0.60838,0
1.5552,0.45262,0.047306,-6.5991,-1.0255,0
1.3652,-0.82984,0.015128,-6.144,-0.57961,0
0.98533,-2.3175,0.055028,6.5994,-0.62276,0
1.7451,-2.7535,0.16057,3.4135,-1.7159,0
2.03,-2.3431,0.27383,-7.2818,-1.2413,0
-0.15436,-2.0354,0.32403,-3.1857,-2.3344,0
-1.7689,-1.8302,0.31373,7.7372,-1.644,0
-2.1488,-1.1633,0.35621,0.45525,-1.8885,0
-1.1041,-0.7016,0.44502,-8.192,-1.9173,0
-0.059385,-0.6503,0.44888,0.00013542,-1.1693,0
-0.059385,-0.77854,0.36779,7.282,-1.8885,0
-1.294,-0.6503,0.30472,-2.7306,-1.0687,0
-2.0538,-0.57335,0.32274,-5.9164,-1.9892,0
-2.2438,-0.52205,0.38452,4.0962,-1.7734,0
-1.389,-0.6503,0.46175,6.1442,-1.8741,0
-1.579,-0.47075,0.51452,-5.9164,-2.1043,0
-3.5734,-0.57335,0.52224,-4.7786,-1.0111,0
-3.2885,-0.90679,0.52482,6.3718,-1.831,0
-2.3388,-1.1633,0.46046,2.5033,-1.5721,0
0.32051,-2.1893,0.33819,-7.9645,-2.9816,0
0.98533,-3.6256,0.27641,-1.8203,-3.4851,0
0.89035,-4.0617,0.30601,7.7372,-3.1255,0
0.89035,-3.1126,0.29057,-0.45498,-3.0104,0
1.5552,-2.1123,0.17344,-7.9645,-0.83852,0
1.3652,-1.035,0.052454,2.0482,-0.30633,0
-0.81917,0.73476,-0.00031657,7.7372,1.1032,0
-0.24933,2.402,-0.019623,-3.4133,1.2902,0
3.0747,1.9146,-0.00031657,-5.6889,0.93064,0
2.22,-0.34251,0.08077,4.7789,1.7793,0
0.51046,-2.4201,0.19532,5.0064,1.6067,0
-0.53425,-3.7282,0.24037,-7.0542,3.534,0
-0.53425,-4.3694,0.27126,-3.8684,3.9368,0
-2.3388,-4.7542,0.36393,7.5096,4.8717,0
-1.7689,-4.1899,0.45531,2.9584,5.332,0
0.035589,-3.2665,0.47848,-7.7369,4.8429,0
0.60543,-2.7792,0.45403,-0.68254,5.5909,0
-0.7242,-2.4201,0.40898,8.1923,4.584,0
0.60543,-1.6763,0.32403,-0.45498,5.4039,0
2.5049,-0.57335,0.2275,-8.192,5.3895,0
2.6949,0.73476,0.17087,2.2757,5.6196,0
3.3597,2.2737,0.20304,6.3718,6.195,0
1.9351,3.7101,0.27383,-4.7786,5.0299,0
1.2702,4.813,0.26225,-6.3715,5.2313,0
2.4099,6.0185,0.13611,5.234,3.5053,0
1.7451,6.9162,0.01899,5.234,3.0019,0
0.22554,6.7623,0.029286,-7.7369,2.4409,0
0.22554,5.9159,0.060177,-4.3235,1.7217,0
0.60543,5.8133,0.029286,6.8269,2.556,0
0.79538,6.2237,0.051167,1.5931,1.5779,0
1.6501,6.3776,0.14641,-8.8747,2.0957,0
1.3652,6.1981,0.19532,-0.68254,1.0601,0
1.8401,5.5825,0.14899,7.0545,0.67174,0
1.3652,4.7104,0.10909,-1.5928,1.1464,0
-1.6739,2.8637,0.10136,-7.9645,0.55667,0
-0.7242,1.9146,0.14126,2.9584,1.7073,0
0.41548,1.4529,0.25067,7.282,0.90188,0
-0.059385,0.47827,0.39353,-4.5511,1.5204,0
-1.1991,-0.67595,0.47333,-5.6889,1.5347,0
-1.0091,-0.95809,0.42185,5.6891,1.1608,0
-0.7242,-1.1633,0.2468,5.234,1.6642,0
0.32051,-1.1889,0.10522,-7.0542,0.45599,0
0.7004,-1.0607,0.048593,-3.8684,1.3334,0
-0.81917,-0.72725,-0.062097,7.7372,0.90188,0
-2.7186,0.11918,-0.25516,2.2757,2.0094,0
-2.0538,0.93996,-0.36199,-8.192,2.3258,0
0.51046,1.1965,-0.34912,0.2277,1.506,0
1.2702,1.0169,-0.34783,7.282,1.4628,0
-0.62923,0.91431,-0.43664,-1.1377,0.11079,0
-1.7689,1.1452,-0.57693,-7.2818,1.0169,0
-2.1488,1.0426,-0.63743,4.0962,0.98818,0
-0.15436,0.83736,-0.5499,6.3718,1.5491,0
-0.059385,0.58087,-0.36456,-6.144,2.2539,0
0.89035,0.65782,-0.21011,-6.5991,1.8512,0
2.8848,0.067882,-0.14704,7.0545,2.6854,0
2.125,-0.62465,-0.16506,3.8687,1.2327,0
0.32051,-0.41945,-0.16635,-6.8267,0.87311,0
-0.62923,0.52957,-0.13417,-1.8203,-0.3351,0
1.8401,1.3503,-0.12645,7.7372,-1.3707,0
3.4546,1.6068,-0.13675,0.45525,-1.3563,0
3.8345,1.1452,-0.12774,-8.6471,-2.3919,0
2.7898,-0.0090658,-0.092987,1.5931,-1.2988,0
0.79538,-0.88114,-0.053087,7.282,-1.8022,0
0.51046,-1.2146,0.0022576,-3.8684,-1.155,0
-0.15436,-1.7019,0.074335,-6.8267,-1.5289,0
-2.3388,-2.2919,0.12324,4.0962,-2.8234,0
-0.91415,-2.9587,0.10651,4.7789,-3.0104,0
0.32051,-2.6509,-0.040216,-7.2818,-4.2042,0
-0.7242,-1.7276,-0.21269,-5.2337,-2.6796,0
-2.0538,-1.0607,-0.32466,7.0545,-2.0611,0
-2.0538,-0.41945,-0.371,2.0482,-1.4858,0
-0.53425,0.81171,-0.36971,-8.192,-1.6584,0
0.41548,2.6585,-0.42377,-1.1377,-3.9741,0
0.22554,3.8127,-0.43793,7.5096,-4.607,0
0.41548,3.4536,-0.36714,-1.3652,-6.448,0
0.7004,2.2994,-0.30536,-8.4196,-6.1028,0
-0.15436,1.8377,-0.31437,3.186,-5.8152,0
0.41548,1.4273,-0.31951,6.5994,-5.4124,0
0.60543,1.0426,-0.26417,-5.0062,-4.2042,0
0.035589,0.45262,-0.16506,-6.144,-4.9378,0
-1.1991,0.11918,-0.063384,5.4616,-4.1611,0
-2.7186,0.45262,-0.019623,4.0962,-4.9234,0
-2.6237,0.24743,-0.063384,-7.2818,-4.5638,0
-2.1488,-0.52205,-0.12002,-4.0959,-3.7583,0
-2.2438,-0.90679,-0.13932,7.0545,-3.1686,0
-0.43928,-0.5477,-0.14318,2.0482,-1.1693,0
0.51046,-0.4451,-0.16635,-7.9645,-1.0399,0
0.7004,-0.4964,-0.18823,-0.22742,0.31216,0
0.89035,-0.90679,-0.1612,8.1923,0.024489,0
-0.91415,-1.2915,-0.18308,-1.1377,-0.53646,0
-1.8639,-0.98374,-0.27961,-7.5093,-0.79537,0
-0.34431,-0.0090658,-0.32595,3.6411,-2.0323,0
0.60543,0.37567,-0.28476,6.5994,-0.95358,0
0.7004,0.27308,-0.22041,-5.4613,-1.1262,0
0.7004,-0.21426,-0.19982,-5.6889,0.038872,0
0.13056,-0.34251,-0.22813,6.1442,0.29777,0
-0.43928,-0.4964,-0.26674,4.3238,-0.27756,0
-0.62923,-0.93244,-0.31951,-7.2818,0.24024,0
-1.6739,-1.1889,-0.3607,-2.7306,-0.66591,0
-1.1041,-1.1633,-0.3504,8.1923,0.28339,0
-2.5287,-1.5737,-0.32724,0.91037,0.47037,0
-2.5287,-1.9584,-0.33496,-8.192,1.1176,0
-1.389,-1.8815,-0.30407,0.91037,1.8799,0
-0.91415,-1.8815,-0.19853,7.0545,1.1176,0
-0.62923,-1.6763,-0.12002,-3.4133,1.9231,0
0.035589,-1.0863,-0.11101,-8.4196,1.0313,0
-0.15436,-0.95809,-0.11229,3.8687,1.4916,0
0.13056,-2.061,-0.13289,5.4616,1.3909,0
0.035589,-3.3178,-0.17665,-6.3715,1.2471,0
-0.62923,-3.523,-0.17665,-6.3715,2.369,0
-0.62923,-3.7282,-0.13804,7.0545,1.6354,0
-0.62923,-4.3694,-0.12002,3.186,2.3978,0
-1.484,-4.7542,-0.14576,-7.9645,1.3909,0
-1.0091,-4.472,-0.16378,-2.0479,1.2183,0
-0.81917,-4.1899,-0.17279,7.7372,1.3478,0
0.035589,-3.3948,-0.21783,0.00013542,1.0601,0
0.60543,-2.497,-0.25001,-8.192,2.8293,0
-1.0091,-2.0867,-0.22427,0.2277,2.7142,0
-0.91415,-1.548,-0.16764,6.3718,3.5053,0
-0.7242,-1.2659,-0.15477,-3.1857,2.858,0
-2.5287,-0.52205,-0.23843,-7.9645,2.1532,0
-2.6237,-0.034715,-0.32595,3.6411,2.4409,0
-2.5287,0.29873,-0.3414,5.9167,1.7505,0
-2.0538,0.58087,-0.31823,-6.8267,2.8868,0
-0.53425,1.1452,-0.34654,-5.0062,2.4265,0
0.41548,2.6841,-0.3903,6.5994,2.9012,0
-0.15436,4.0692,-0.37357,3.6411,2.858,0
-0.53425,4.6335,-0.34912,-7.5093,2.1676,0
-1.389,5.0951,-0.36456,-1.8203,2.4553,0
0.60543,6.4289,-0.4006,8.4198,1.2758,0
1.8401,7.6088,-0.42634,0.68281,2.3115,0
2.315,7.6857,-0.39545,-7.2818,2.5416,0
1.4602,6.7623,-0.2912,2.0482,3.534,0
-0.7242,5.4286,-0.15734,7.282,4.3251,0
-1.6739,4.4539,-0.063384,-3.4133,3.1313,0
0.32051,3.864,-0.046652,-6.8267,2.7861,0
1.8401,2.9406,-0.076255,5.0064,0.91626,0
2.125,1.889,-0.11358,5.4616,1.2039,0
2.4099,1.1195,-0.10071,-6.5991,1.7649,0
3.0747,0.40132,-0.045365,-3.8684,1.8368,0
1.8401,-0.52205,-0.0028907,7.282,2.3115,0
1.0803,-1.2659,-0.024771,2.2757,0.65736,0
0.98533,-1.4711,-0.08269,-7.9645,0.90188,0
1.5552,-2.0097,-0.092987,-1.3652,0.19709,0
2.125,-2.9074,-0.047939,7.5096,0.44161,0
2.315,-3.5487,-0.040216,-1.1377,0.75804,0
0.51046,-4.1386,-0.078829,-7.7369,-0.32071,0
-1.1991,-4.2155,-0.102,2.2757,-0.076195,0
-0.34431,-4.036,-0.099422,6.1442,-1.2844,0
0.7004,-3.6,-0.045365,-5.2337,-0.91043,0
1.5552,-2.7792,-0.0054649,-6.5991,-1.2269,0
0.51046,-2.4714,-0.06081,5.9167,-1.5289,0
0.32051,-2.5996,-0.17279,3.6411,-1.1406,0
0.60543,-2.9844,-0.21011,-7.7369,-2.4351,0
0.79538,-3.7282,-0.074968,-3.8684,-2.1762,0
0.79538,-4.1899,0.11681,7.5096,-3.1686,0
0.89035,-4.3181,0.15156,0.91037,-2.7515,0
1.6501,-4.2155,0.069186,-7.7369,-2.2337,0
2.03,-4.2155,0.044732,-0.22742,-2.6796,0
1.4602,-4.549,0.094928,7.282,-2.0899,0
2.7898,-4.6003,0.167,-2.7306,-3.2693,0
3.4546,-4.3181,0.23265,-7.9645,-2.3344,0
2.7898,-3.8052,0.26611,3.6411,-2.0467,0
0.7004,-3.0613,0.21591,6.5994,-1.5433,0
0.32051,-2.5227,0.12196,-5.0062,-0.55085,0
1.6501,-2.497,0.10394,-5.0062,-0.78098,0
1.1753,-2.4201,0.2069,6.5994,0.55667,0
-1.579,-2.497,0.33819,3.6411,0.12517,0
-3.0985,-1.9328,0.40898,-7.2818,0.64298,0
-2.9086,-0.75289,0.38967,-2.503,0.48476,0
-2.2438,0.50392,0.27769,8.1923,0.024489,0
-4.1432,2.3763,0.12453,0.00013542,0.67174,0
-4.0483,4.2231,-0.028633,-7.9645,-0.19126,0
-2.9086,5.1977,-0.12645,0.68281,0.61421,0
-1.294,6.0955,-0.068532,7.0545,0.038872,0
-2.4337,6.711,0.05889,-2.7306,0.12517,0
-3.3835,6.4802,0.07176,-6.3715,0.49914,0
-1.7689,6.4289,-0.035068,5.234,-0.061812,0
-0.059385,7.5575,-0.13546,5.234,0.75804,0
1.5552,9.4299,-0.20625,-6.3715,-0.36386,0
1.3652,10.302,-0.25516,-4.5511,-0.14811,0
0.7004,9.5325,-0.28734,7.282,-0.13373,0
-0.059385,7.9166,-0.28734,4.0962,0.082022,0
-1.579,6.0185,-0.28476,-7.5093,1.4053,0
-1.8639,4.2487,-0.3105,-2.9581,0.85873,0
-2.0538,3.1714,-0.31437,7.282,1.5491,0
-2.8136,2.6841,-0.27061,0.68281,0.18271,0
-2.8136,2.1711,-0.23199,-7.7369,-0.30633,0
-1.484,1.3247,-0.19595,1.8206,-0.60838,0
-0.15436,0.52957,-0.22942,7.5096,-1.0399,0
-0.7242,0.11918,-0.3208,-3.4133,0.42722,0
-0.059385,-0.0090658,-0.37357,-6.8267,0.42722,0
2.8848,0.24743,-0.36328,4.5513,1.8943,0
3.9295,0.73476,-0.35555,3.8687,1.6354,0
2.8848,0.27308,-0.34912,-6.3715,1.4053,0
2.4099,-1.0094,-0.23199,-4.7786,1.319,0
-0.24933,-1.8302,-0.02091,7.282,0.22586,0
-2.7186,-1.9841,0.11938,3.8687,1.1176,0
-2.7186,-2.1893,0.11938,-7.7369,0.42722,0
-0.81917,-2.061,0.056315,-2.503,1.319,0
0.51046,-1.1633,-0.024771,7.282,1.4053,0
-0.059385,-0.36816,-0.12388,0.45525,1.3478,0
-1.389,-0.4451,-0.19467,-7.5093,2.1388,0
-0.34431,-0.47075,-0.241,1.8206,1.132,0
0.89035,-0.599,-0.23585,7.282,1.6067,0
-0.059385,-1.4454,-0.15348,-2.503,0.54229,0
2.03,-2.1893,-0.024771,-7.5093,0.65736,0
5.1642,-2.6766,0.07176,4.5513,1.0026,0
3.0747,-3.2665,0.088493,5.4616,0.68613,0
-0.15436,-4.2155,0.074335,-6.5991,1.8656,0
-0.81917,-4.6772,0.056315,-4.3235,1.1176,0
-0.059385,-4.8311,0.070473,6.3718,1.7649,0
-0.24933,-5.1902,0.12196,2.5033,1.3909,0
-0.43928,-5.1902,0.13869,-7.9645,1.1176,0
0.89035,-4.3694,0.14512,-0.45498,1.995,0
1.2702,-3.7282,0.14641,8.1923,1.5779,0
-0.43928,-3.8308,0.16057,-0.45498,2.7861,0
-0.91415,-4.3694,0.21463,-7.2818,2.3402,0
0.89035,-4.2668,0.27383,2.9584,2.4841,0
1.3652,-4.0104,0.3266,7.0545,2.1245,0
-0.15436,-3.6769,0.36522,-4.0959,0.62859,0
-0.53425,-3.087,0.41799,-6.5991,0.42722,0
-2.5287,-2.1893,0.4965,5.234,-1.4714,0
-3.3835,-0.95809,0.52996,4.7789,-1.3563,0
-2.8136,0.19613,0.51323,-7.2818,-1.5002,0
-0.7242,1.3503,0.5261,-4.3235,-1.1406,0
0.60543,2.1711,0.58016,7.0545,-0.076195,0
0.035589,2.7867,0.56085,0.68281,-0.99673,0
0.51046,3.351,0.42828,-10.24,-0.594,0
-1.0091,3.2227,0.29057,0.2277,-1.9748,0
-2.6237,2.8637,0.22235,7.5096,-2.0611,0
-1.7689,2.5302,0.18116,-2.7306,-1.9892,0
0.035589,1.8377,0.15156,-7.5093,-2.0036,0
0.7004,1.0939,0.18245,3.8687,-0.55085,0
-0.15436,0.50392,0.26868,5.6891,-0.95358,0
-0.62923,-0.060364,0.3266,-5.6889,-0.34948,0
0.32051,-0.36816,0.3073,-5.4613,-1.2988,0
0.60543,-0.41945,0.22621,6.3718,-1.9604,0
0.22554,-0.67595,0.17859,2.5033,-1.7015,0
-0.53425,-0.98374,0.12968,-8.6471,-2.3488,0
-2.2438,-0.47075,0.08077,-2.0479,-1.083,0
-2.5287,0.19613,0.096215,7.7372,-1.7015,0
-1.484,0.24743,0.15542,-0.9101,-1.1262,0
-0.81917,0.52957,0.16186,-8.4196,-1.1837,0
-0.81917,1.1965,0.087205,2.5033,-1.5433,0
-0.7242,1.1965,0.0061189,7.0545,-0.5077,0
0.13056,0.70911,-0.02091,-3.8684,-0.80975,0
0.60543,0.58087,-0.024771,-6.8267,0.55667,0
0.89035,0.78606,-0.063384,5.234,0.067639,0
0.79538,0.58087,-0.1213,4.0962,0.25462,0
-0.15436,0.35002,-0.16249,-5.9164,0.54229,0
-0.53425,0.70911,-0.18694,-3.8684,-0.061812,0
-0.7242,1.1195,-0.25259,7.5096,0.68613,0
-0.62923,0.96561,-0.33753,2.5033,-0.53646,0
-0.7242,0.63217,-0.34912,-7.5093,-0.1625,0
-2.4337,0.24743,-0.30922,-1.3652,-0.594,0
-3.4784,-0.23991,-0.23714,7.0545,-0.7666,0
-1.9589,-0.34251,-0.12903,-0.9101,-0.20565,0
-0.24933,-0.086014,-0.074968,-7.0542,-1.27,0
-0.24933,-0.21426,-0.077542,3.186,-0.73783,0
-0.62923,-0.57335,-0.0518,6.8269,-1.7447,0
0.22554,-0.599,0.0061189,-5.4613,-1.3563,0
1.4602,-0.4964,0.020277,-6.8267,-0.88167,0
3.1697,-0.26556,-0.0041778,5.4616,-0.80975,0
2.8848,-0.599,0.030574,4.0962,0.54229,0
0.89035,-1.4967,0.12324,-7.2818,-0.10496,0
0.41548,-1.6763,0.22879,-3.8684,0.59983,0
1.5552,-1.5993,0.26354,6.5994,-0.033045,0
2.125,-1.8815,0.22621,1.8206,0.053256,0
3.0747,-2.1636,0.1979,-8.6471,0.91626,0
3.7396,-1.9328,0.19146,-0.45498,0.85873,0
2.7898,-1.112,0.15156,7.9647,2.2971,0
1.6501,-0.80419,0.067899,-1.8203,1.5635,0
1.6501,-1.035,-0.0041778,-8.192,1.5779,0
1.4602,-1.3172,-0.054374,2.9584,0.47037,0
1.8401,-1.3941,-0.058236,5.9167,-0.5077,0
1.4602,-1.1376,-0.037642,-5.4613,0.096406,0
0.98533,-0.5477,-0.024771,-7.2818,-0.32071,0
0.51046,-0.5477,-0.018336,5.9167,1.2183,0
0.79538,-0.599,-0.054374,3.4135,1.0601,0
-0.059385,-0.52205,-0.068532,-6.8267,1.1608,0
-0.53425,-0.11166,-0.069819,-2.7306,1.0169,0
0.22554,0.27308,-0.081403,7.9647,0.010105,0
0.60543,0.35002,-0.11487,0.45525,0.85873,0
-1.6739,0.60652,-0.15091,-8.6471,0.24024,0
-2.2438,1.0939,-0.16893,1.3655,1.2471,0
-0.43928,1.5812,-0.12259,7.0545,0.84434,0
1.3652,1.6068,-0.062097,-2.503,0.35531,0
0.51046,1.6581,-0.046652,-6.5991,0.48476,0
-0.43928,1.4273,-0.040216,4.3238,-0.66591,0
-0.7242,1.2221,-0.0518,5.4616,-0.004278,0
-0.62923,1.1708,-0.064671,-7.2818,-1.2556,0
0.22554,0.83736,-0.064671,-5.2337,-1.7303,0
1.4602,0.99126,-0.047939,7.282,-2.2193,0
1.2702,1.1708,-0.02091,2.9584,-3.0536,0
0.22554,1.6325,-0.018336,-7.7369,-1.9892,0
0.41548,1.4529,-0.0119,-0.9101,-2.5501,0
0.60543,0.68346,0.056315,7.7372,-1.8166,0
1.6501,0.016583,0.15156,-1.8203,-2.7371,0
-0.34431,0.17048,0.12968,-7.7369,-3.6289,0
0.035589,1.2734,0.012554,3.4135,-3.7296,0
0.41548,2.1198,-0.10972,6.8269,-4.5494,0
0.79538,1.6838,-0.13804,-5.2337,-3.1974,0
-1.389,0.83736,-0.08269,-5.9164,-3.2118,0
-3.1935,0.47827,-0.045365,6.3718,-2.0611,0
-1.9589,1.1965,-0.046652,4.0962,-1.8166,0
-0.34431,1.889,-0.058236,-7.2818,-2.5358,0
-0.24933,1.5042,-0.0028907,-2.7306,-2.4638,0
-0.53425,0.81171,0.04988,8.875,-3.9597,0
-0.53425,1.0426,0.011267,0.68281,-3.6145,0
-2.1488,1.3247,-0.064671,-8.192,-4.2186,0
-2.5287,1.2221,-0.10714,0.91037,-3.8303,0
-1.294,0.70911,-0.12259,7.0545,-3.0823,0
0.035589,0.093531,-0.080116,-3.1857,-3.3844,0
1.4602,-0.5477,0.065325,-7.0542,-2.6221,0
1.4602,-1.2146,0.22621,4.5513,-4.1323,0
0.89035,-1.9328,0.27255,5.234,-4.4775,0
1.6501,-2.138,0.22235,-7.2818,-5.4124,0
0.41548,-1.9841,0.15285,-4.5511,-5.47,0
0.51046,-1.9584,0.1181,7.282,-3.9022,0
1.6501,-2.2919,0.093641,2.0482,-3.4275,0
2.8848,-2.574,0.073047,-8.4196,-1.7015,0
1.3652,-2.6766,0.052454,-0.9101,-2.0755,0
-2.0538,-2.8818,0.039583,8.4198,-1.9892,0
-2.6237,-3.4974,0.033148,-0.22742,-2.1474,0
-3.0985,-4.0873,0.033148,-7.7369,-2.9529,0
-3.7634,-3.9847,0.04988,2.9584,-1.9173,0
-4.3332,-4.0104,0.12067,6.8269,-2.2193,0
-5.2829,-4.3181,0.19532,-3.4133,-0.78098,0
-1.7689,-4.549,0.1876,-6.5991,-0.43578,0
1.0803,-4.3951,0.17215,5.6891,-0.43578,0
1.9351,-4.2412,0.15542,5.4616,0.024489,0
0.79538,-3.5743,0.11552,-6.5991,-1.3707,0
1.2702,-2.2406,0.11681,-4.0959,-1.0543,0
1.1753,-0.75289,0.15671,8.1923,-2.0611,0
0.79538,0.24743,0.21849,2.0482,-1.946,0
0.79538,1.2734,0.18116,-7.0542,-1.5002,0
1.6501,1.8377,0.084631,-0.68254,-1.9173,0
2.22,2.4533,0.026712,7.282,-1.0399,0
0.89035,3.6588,0.016416,-0.9101,-1.9173,0
-1.389,4.9669,0.034435,-7.5093,-1.1406,0
-0.53425,5.3003,0.096215,2.5033,-1.2556,0
-0.43928,5.6851,0.1979,6.3718,-1.0255,0
-0.53425,6.2237,0.23651,-4.5511,-0.37825,0
-1.484,6.275,0.20304,-6.3715,-0.96797,0
-0.24933,6.3263,0.17344,4.5513,0.24024,0
1.3652,6.7367,0.167,3.4135,-0.1625,0
1.1753,6.9932,0.14641,-7.2818,0.61421,0
0.13056,6.5571,0.098789,-3.6408,0.16832,0
1.1753,5.5568,0.087205,7.282,-1.1262,0
2.7898,4.7104,0.12839,0.91037,-1.7015,0
2.7898,4.5565,0.13097,-8.6471,-3.5426,0
-0.059385,4.5052,0.007406,0.45525,-2.996,0
-2.4337,4.7361,-0.089126,6.8269,-3.0536,0
-2.5287,5.249,-0.10714,-2.7306,-1.8597,0
-3.1935,5.9159,-0.12259,-8.192,-1.0543,0
-4.4282,6.5828,-0.19724,3.8687,-1.6728,0
-3.3835,6.8136,-0.3015,5.0064,-1.7015,0
-1.484,5.4029,-0.39417,-5.6889,-3.4275,0
-0.059385,3.4023,-0.41218,-5.6889,-3.1399,0
-1.0091,1.9659,-0.36456,6.8269,-3.1974,0
-0.34431,0.96561,-0.31951,2.5033,-2.1186,0
0.51046,0.14483,-0.2912,-7.5093,-0.6803,0
0.79538,-0.599,-0.20368,-2.2755,-1.0111,0
0.035589,-1.4198,-0.050513,7.9647,-0.49331,0
-0.24933,-2.1893,0.075622,0.91037,-2.0755,0
1.0803,-2.7535,0.12582,-7.9645,-1.8597,0
1.1753,-3.6513,0.14899,1.8206,-2.1762,0
0.13056,-4.3181,0.13483,6.8269,-2.1043,0
-0.24933,-4.2668,0.082057,-2.9581,-1.3707,0
-1.579,-3.8308,0.04988,-6.5991,-2.2193,0
-1.1041,-3.3435,0.08978,5.234,-1.083,0
-0.7242,-3.523,0.13097,5.9167,-1.4139,0
-0.62923,-3.9078,0.14641,-7.5093,-0.033045,0
0.89035,-4.4464,0.18116,-3.8684,0.74366,0
-0.53425,-4.8824,0.23007,7.9647,0.39846,0
-1.579,-4.7285,0.27255,1.8206,0.93064,0
-1.1041,-4.5746,0.27126,-7.7369,-0.39263,0
-0.7242,-4.7542,0.22621,0.2277,0.29777,0
0.035589,-4.7029,0.16958,7.5096,0.34092,0
0.60543,-3.6769,0.078196,-1.5928,1.2758,0
-0.059385,-1.7789,-0.045365,-7.5093,2.3978,0
-1.294,-0.086014,-0.16506,3.6411,2.0238,0
-1.7689,-0.086014,-0.20882,6.8269,2.8724,0
-1.294,-1.0607,-0.1612,-5.0062,1.6354,0
-0.7242,-1.2659,-0.033781,-6.3715,1.9231,0
-1.389,-1.2402,0.12968,5.234,1.5923,0
-1.1041,-1.4711,0.25195,4.7789,1.6498,0
0.79538,-1.8302,0.25453,-6.8267,3.045,0
2.125,-2.2662,0.21205,-4.5511,2.9156,0
0.60543,-2.4457,0.16057,6.5994,4.1381,0
0.60543,-2.0354,0.15671,0.91037,3.3758,0
1.6501,-1.4967,0.158,-8.192,3.1745,0
0.60543,-1.8558,0.14126,-0.68254,2.8724,0
0.51046,-2.574,0.10136,7.0545,2.0382,0
0.51046,-2.7792,0.085918,-2.0479,2.8868,0
0.22554,-2.138,0.082057,-7.5093,2.4121,0
-1.294,-0.95809,0.069186,2.7309,3.3327,0
-0.43928,-0.0090658,0.05889,6.1442,2.9443,0
1.2702,-0.23991,0.062751,-5.2337,2.8005,0
1.9351,-1.3428,0.10394,-6.5991,2.9443,0
1.5552,-2.1123,0.15542,5.234,2.4553,0
0.035589,-1.8045,0.19661,4.5513,4.0375,0
0.41548,-1.1889,0.27383,-6.5991,4.1381,0
0.51046,-0.95809,0.33047,-2.2755,5.4902,0
0.79538,-0.31686,0.30215,7.9647,5.3032,0
-0.91415,0.81171,0.19403,0.45525,4.469,0
-1.1041,1.1965,0.091067,-9.1023,4.3107,0
-2.5287,0.58087,0.037009,0.00013542,3.1457,0
-2.7186,0.35002,0.051167,7.282,4.2532,0
-0.62923,0.40132,0.097502,-2.0479,3.8217,0
-0.53425,0.067882,0.098789,-7.5093,4.2101,0
-2.4337,-0.47075,0.020277,3.8687,4.1238,0
-2.5287,-0.41945,-0.11487,6.1442,2.9156,0
-1.389,0.73476,-0.23071,-5.2337,2.9731,0
-0.81917,1.2221,-0.27189,-6.144,1.4916,0
-1.294,0.99126,-0.29249,6.1442,2.3258,0
-1.0091,0.63217,-0.34268,4.5513,2.1676,0
-0.81917,0.70911,-0.36585,-6.8267,2.5847,0
-0.81917,1.5042,-0.33882,-4.0959,3.3327,0
0.41548,2.1198,-0.3311,7.0545,2.6854,0
-0.15436,2.7098,-0.37743,1.8206,3.2895,0
-0.43928,2.6328,-0.44565,-7.7369,1.9662,0
-0.62923,2.1968,-0.46109,-1.1377,2.1532,0
0.22554,1.5042,-0.42248,7.5096,2.1245,0
-0.15436,1.0939,-0.36842,-2.0479,2.2252,0
-0.53425,0.93996,-0.32466,-8.192,3.1025,0
0.41548,0.47827,-0.27704,2.7309,1.9087,0
0.7004,-0.13731,-0.20882,6.8269,2.4265,0
-0.62923,-0.4451,-0.11101,-4.5511,1.4916,0
-2.6237,-0.31686,-0.053087,-7.0542,1.9087,0
-2.7186,-0.21426,-0.033781,4.5513,2.6854,0
-0.62923,-0.18861,-0.028633,4.3238,2.4553,0
2.03,-0.16296,-0.02992,-6.5991,3.419,0
2.7898,-0.18861,-0.031207,-2.9581,2.3115,0
0.60543,-0.21426,-0.02992,7.0545,2.4697,0
-2.0538,-0.18861,-0.031207,0.45525,1.7649,0
-2.5287,-0.18861,-0.031207,-8.8747,1.4484,0
-2.3388,0.78606,-0.059523,0.2277,2.0094,0
-1.1991,3.0688,-0.11744,7.7372,1.4197,0
-1.484,3.9666,-0.14318,-1.5928,2.3402,0
-0.43928,4.0179,-0.19338,-7.2818,1.1608,0
1.3652,4.7361,-0.25773,3.4135,1.5779,0
1.5552,5.1464,-0.30021,6.8269,1.4628,0
2.6949,4.6078,-0.31308,-5.0062,1.0457,0
4.4993,3.7614,-0.30278,-5.9164,1.4053,0
2.6949,3.1458,-0.34011,5.6891,0.067639,0
1.2702,2.0942,-0.40832,4.3238,0.54229,0
0.89035,1.1965,-0.45337,-7.2818,-0.39263,0
0.7004,0.40132,-0.4405,-4.0959,-0.40701,0
-0.15436,-0.18861,-0.38129,7.9647,-0.033045,0
-1.389,-0.62465,-0.32724,1.3655,-0.46455,0
-2.0538,-1.0094,-0.32595,-8.6471,0.54229,0
-2.3388,-1.3428,-0.33239,0.68281,-0.73783,0
-2.2438,-1.6763,-0.30407,7.7372,-0.73783,0
-0.43928,-3.087,-0.22041,-2.503,-1.7015,0
-1.1041,-5.2672,-0.067245,-6.5991,-2.2625,0
-1.8639,-6.8831,0.096215,4.7789,-1.2125,0
-2.1488,-7.4474,0.18631,5.6891,-1.3276,0
-3.9533,-7.473,0.2275,-5.9164,0.11079,0
-3.3835,-7.0113,0.29958,-5.6889,-0.4214,0
-0.91415,-6.7548,0.4064,7.282,-0.53646,0
1.3652,-6.2418,0.47848,3.186,-0.95358,0
1.2702,-5.6263,0.49907,-8.4196,-2.0467,0
1.7451,-4.9594,0.49393,-0.9101,-1.3132,0
0.41548,-4.2412,0.47462,7.282,-1.7734,0
-0.53425,-3.9591,0.42957,-1.1377,-0.2488,0
-0.53425,-3.9078,0.40512,-7.5093,0.39846,0
0.035589,-3.6769,0.42314,2.5033,0.41284,0
1.5552,-3.1383,0.41541,7.0545,0.18271,0
2.9798,-2.3688,0.35878,-4.0959,-1.8741,0
2.22,-1.1633,0.2867,-7.5093,-1.5865,0
1.8401,-0.34251,0.21205,5.4616,-1.8885,0
2.125,0.73476,0.16057,5.6891,-0.49331,0
0.60543,2.8124,0.1181,-6.5991,0.48476,0
-1.1991,5.5825,0.078196,-4.0959,0.34092,0
-0.34431,7.9166,0.038296,6.8269,0.77243,0
0.32051,8.6347,-0.054374,1.5931,-0.49331,0
1.6501,7.301,-0.12645,-8.192,0.096406,0
2.125,5.3003,-0.092987,-1.1377,-0.27756,0
0.51046,4.7873,-0.056948,7.5096,0.25462,0
-1.1991,5.7877,-0.19338,-1.1377,1.0026,0
-0.24933,7.0445,-0.43407,-6.8267,0.57106,0
1.2702,6.8906,-0.54733,2.9584,1.2615,0
1.3652,5.5568,-0.53446,6.8269,-0.004278,0
0.13056,3.5818,-0.50614,-4.7786,0.35531,0
0.60543,2.325,-0.44308,-6.3715,0.28339,0
-0.15436,1.2734,-0.32852,6.3718,0.77243,0
-0.62923,0.042233,-0.21011,5.6891,1.995,0
2.03,-0.599,-0.10586,-5.6889,1.5347,0
3.6446,-0.85549,-0.02992,-3.4133,2.4553,0
2.8848,-0.7016,-0.019623,7.9647,1.808,0
1.7451,-0.5477,-0.081403,2.2757,2.1676,0
0.22554,-0.29121,-0.15605,-7.7369,2.2108,0
-1.1991,-0.23991,-0.12903,0.00013542,1.4341,0
-1.1991,-0.29121,-0.0016037,7.282,2.0094,0
-0.91415,-0.52205,0.12582,-1.1377,1.0601,0
-0.62923,-0.57335,0.20176,-7.7369,2.2252,0
-1.6739,-0.85549,0.22235,3.4135,2.0238,0
-1.8639,-1.625,0.19146,6.8269,2.2108,0
-1.389,-2.7792,0.12582,-5.0062,2.2252,0
-0.7242,-3.4717,0.11295,-5.6889,0.67174,0
-0.62923,-3.9078,0.15156,6.8269,0.54229,0
-0.7242,-4.1129,0.1773,3.6411,-1.2844,0
0.89035,-3.4461,0.16443,-7.5093,-0.92482,0
2.8848,-1.9584,0.10651,-2.503,-0.62276,0
1.1753,-0.98374,0.060177,7.5096,-0.27756,0
-0.91415,-1.1633,0.065325,0.45525,0.58544,0
-1.1991,-1.7276,0.052454,-8.192,-0.96797,0
-1.6739,-2.061,-0.017049,0.91037,-1.2125,0
-1.1041,-1.5737,-0.11229,7.0545,-2.9385,0
0.035589,-0.47075,-0.17279,-3.6408,-3.1686,0
-0.24933,0.68346,-0.20368,-7.2818,-2.7084,0
-0.34431,1.1708,-0.22556,4.7789,-2.4782,0
1.1753,1.1452,-0.25645,4.7789,-0.91043,0
1.3652,0.96561,-0.3208,-7.2818,-1.3132,0
0.98533,1.0169,-0.36328,-4.7786,-0.69468,0
0.79538,2.0429,-0.3311,7.0545,-1.644,0
2.6949,3.5562,-0.2912,2.0482,-2.1906,0
3.4546,4.1974,-0.30922,-8.8747,-1.5002,0
2.125,3.864,-0.36456,-0.68254,-1.3132,0
-0.62923,2.7354,-0.39674,7.9647,0.52791,0
-2.0538,2.3507,-0.33367,-1.1377,-0.14811,0
-2.1488,2.0685,-0.20625,-7.9645,-0.22003,0
-1.8639,1.6325,-0.053087,3.6411,-0.9392,0
-0.34431,1.5555,0.061464,7.7372,-1.457,0
1.4602,1.8633,0.091067,-3.8684,-0.1625,0
1.4602,2.2224,0.060177,-6.144,-0.47893,0
0.89035,2.7354,0.07176,6.3718,0.65736,0
1.5552,3.0175,0.1477,5.234,-0.23441,0
0.41548,2.9663,0.21334,-7.2818,-0.594,0
-0.34431,2.8124,0.20176,-3.6408,-0.46455,0
-2.3388,3.1971,0.13097,7.7372,-0.7666,0
-2.5287,3.3253,0.04988,1.8206,0.68613,0
0.32051,2.1455,0.013841,-7.2818,0.038872,0
1.6501,0.29873,0.042157,0.00013542,0.55667,0
1.3652,-2.2149,0.13225,7.282,-0.37825,0
0.22554,-4.3438,0.24037,-2.0479,-0.96797,0
-0.43928,-4.9594,0.25195,-7.7369,-0.46455,0
0.89035,-4.3438,0.17087,3.8687,-1.155,0
1.3652,-4.472,0.11938,5.9167,0.053256,0
-0.62923,-5.2159,0.19017,-4.7786,-0.96797,0
-0.43928,-6.0623,0.29314,-5.6889,-1.1981,0
1.2702,-6.0366,0.28027,6.5994,-2.3775,0
-0.43928,-5.1646,0.16443,3.186,-3.6001,0
-1.8639,-3.9847,0.098789,-7.9645,-2.996,0
-3.0036,-3.2922,0.082057,-1.8203,-3.5714,0
-3.5734,-3.01,0.087205,7.9647,-2.3632,0
-3.8583,-2.3175,0.11295,0.2277,-2.9673,0
-3.6684,-1.5224,0.18631,-8.6471,-3.0679,0
-3.0036,-1.3941,0.27512,0.68281,-3.1111,0
-1.389,-1.6506,0.30987,6.5994,-4.2042,0
0.22554,-1.4198,0.27383,-4.3235,-3.5282,0
1.5552,-0.93244,0.1979,-6.5991,-4.0172,0
3.2647,-0.4964,0.13483,4.7789,-2.4351,0
2.6949,-0.75289,0.098789,4.7789,-1.6728,0
0.60543,-1.1376,0.078196,-6.3715,-1.3707,0
-2.0538,-0.98374,0.094928,-5.2337,-1.2988,0
-1.579,-0.85549,0.16572,6.5994,-2.9385,0
-1.0091,-1.1376,0.27898,3.186,-2.4926,0
-0.7242,-1.3941,0.39739,-7.5093,-2.9816,0
0.89035,-0.41945,0.44115,-1.5928,-1.9748,0
1.9351,1.7864,0.37165,8.4198,-1.5865,0
0.7004,3.4792,0.22621,0.2277,-2.2337,0
-0.24933,3.0688,0.13225,-7.7369,-2.018,0
-0.53425,1.7351,0.10522,1.8206,-3.3556,0
-0.62923,1.0682,0.031861,7.282,-2.5789,0
-0.62923,1.4529,-0.10586,-2.7306,-2.8666,0
0.22554,1.8633,-0.21655,-6.3715,-2.7659,0
0.60543,1.6068,-0.3208,5.0064,-2.4638,0
0.89035,1.2734,-0.47268,5.234,-3.37,0
0.79538,0.27308,-0.60396,-6.8267,-2.7803,0
-0.059385,-0.93244,-0.59366,-5.2337,-3.8303,0
-1.389,-1.1889,-0.46882,6.1442,-3.2981,0
-1.1991,-0.95809,-0.36842,3.8687,-3.2693,0
-0.91415,-1.4454,-0.39545,-6.8267,-3.0536,0
0.22554,-2.138,-0.41991,-2.503,-1.831,0
-0.34431,-2.6766,-0.33753,7.9647,-2.2193,0
-0.53425,-3.087,-0.2114,0.00013542,-0.92482,0
-0.81917,-3.4974,-0.065958,-7.7369,-1.5433,0
0.13056,-3.5743,0.15928,0.68281,-0.89605,0
0.7004,-2.9844,0.38195,7.0545,-0.43578,0
0.7004,-2.2919,0.50808,-3.1857,-0.14811,0
-0.7242,-1.625,0.55571,-7.5093,1.319,0
-1.294,-1.4967,0.54026,4.0962,0.72928,0
-1.294,-1.625,0.48878,5.9167,1.4772,0
-1.1991,-1.4967,0.43601,-6.3715,0.35531,0
0.32051,-1.7276,0.43472,-4.5511,0.024489,0
-0.34431,-2.9331,0.55313,7.5096,0.19709,0
-0.53425,-4.3694,0.74877,2.0482,-0.2488,0
0.22554,-4.9081,0.85688,-7.7369,1.132,0
1.4602,-4.8055,0.83629,-1.5928,0.80119,0
1.3652,-4.5233,0.80669,6.8269,1.9375,0
0.13056,-4.2668,0.84144,-0.45498,1.995,0
-1.294,-4.6003,0.9148,-9.5574,2.0813,0
-1.1041,-4.6772,0.9251,1.1379,2.9299,0
-0.15436,-4.8311,0.87104,6.5994,2.3402,0
-0.059385,-4.7285,0.82728,-3.4133,3.1888,0
-1.484,-3.9847,0.79897,-6.3715,2.2683,0
-2.0538,-2.7792,0.74105,5.234,2.4697,0
-2.3388,-1.112,0.64065,5.6891,2.743,0
-1.1991,-0.0090658,0.53769,-6.8267,3.045,0
-1.7689,0.52957,0.46304,-4.3235,4.8861,0
-1.484,0.83736,0.39611,7.0545,4.8861,0
-0.7242,1.4529,0.32789,2.7309,5.7059,0
-0.53425,1.9916,0.23651,-7.7369,4.8285,0
-1.389,1.7607,0.16314,-1.8203,4.6272,0
-1.1991,1.3503,0.07176,7.9647,5.332,0
-1.579,1.6581,-0.0518,-0.68254,5.2744,0
-0.91415,2.3507,-0.14833,-7.5093,6.8998,0
-0.7242,2.6072,-0.19853,2.9584,6.3388,0
1.1753,2.7354,-0.23714,7.0545,6.8998,0
2.125,2.5815,-0.27061,-3.8684,6.3388,0
3.8345,2.4789,-0.29249,-6.5991,5.6196,0
4.1195,2.5302,-0.31437,5.234,6.2381,0
2.22,2.3763,-0.37615,4.7789,5.7347,0
1.3652,2.2481,-0.45981,-7.2818,7.0292,0
0.79538,2.325,-0.48426,-5.4613,6.3963,0
-0.24933,2.2224,-0.4804,8.1923,6.3532,0
-0.62923,2.4276,-0.51773,2.0482,6.1806,0
-1.484,2.7867,-0.63743,-7.9645,5.4902,0
-1.1041,2.8637,-0.75712,-0.45498,6.5833,0
0.79538,3.0945,-0.75326,7.5096,6.1087,0
0.51046,3.351,-0.62455,-1.5928,7.0724,0
-0.43928,3.2484,-0.52287,-7.7369,6.2094,0
-0.62923,3.2227,-0.51644,3.4135,5.1306,0
-0.7242,3.0175,-0.53575,6.5994,4.7135,0
-0.7242,3.351,-0.55891,-5.2337,3.5053,0
0.32051,3.3766,-0.57822,-5.9164,4.4258,0
-0.15436,3.0945,-0.56664,5.9167,3.6491,0
-1.294,2.6841,-0.49713,2.9584,3.9655,0
-1.1991,2.1455,-0.39931,-7.9645,3.3039,0
-0.15436,1.6068,-0.32724,-2.9581,2.4553,0
0.60543,1.2477,-0.33625,7.0545,2.7717,0
0.035589,1.0426,-0.41862,0.91037,2.0238,0
0.22554,1.6581,-0.50486,-7.7369,3.3039,0
0.41548,2.0172,-0.54862,0.45525,2.9012,0
-1.0091,1.812,-0.54089,7.282,3.3614,0
-1.1991,1.5042,-0.50872,-2.503,3.1888,0
0.13056,1.1452,-0.49198,-7.2818,2.0094,0
-0.059385,1.1965,-0.5203,2.9584,2.2395,0
-0.53425,1.9146,-0.53575,6.1442,1.0601,0
-0.53425,2.915,-0.51901,-4.5511,2.1101,0
-0.62923,4.0692,-0.45337,-6.144,2.0957,0
0.13056,4.5309,-0.3903,5.4616,1.9231,0
0.51046,4.1461,-0.40704,4.7789,1.7073,0
-0.91415,2.915,-0.49585,-6.144,0.22586,0
-1.1041,1.812,-0.49713,-4.0959,0.95941,0
-1.579,1.4786,-0.38001,7.282,0.57106,0
-1.9589,1.4016,-0.25001,2.0482,1.4916,0
-1.1991,0.99126,-0.13031,-7.7369,1.4772,0
-0.91415,0.73476,-0.072394,-0.68254,0.62859,0
-0.81917,0.83736,-0.102,8.1923,0.94503,0
-2.3388,1.0682,-0.15348,-0.68254,0.12517,0
-2.6237,0.35002,-0.1612,-7.5093,1.2758,0
-1.294,-0.75289,-0.14704,2.5033,0.71489,0
-0.81917,-1.4711,-0.15605,7.0545,0.48476,0
-0.53425,-2.3688,-0.15734,-4.0959,0.26901,0
0.13056,-3.3691,-0.11615,-6.3715,-0.80975,0
-1.6739,-3.8052,-0.026058,5.9167,-0.090578,0
-2.3388,-3.9591,0.057602,5.234,-0.89605,0
1.1753,-3.9591,0.085918,-6.5991,-0.20565,0
3.1697,-3.9591,0.08978,-4.0959,-0.17688,0
1.9351,-4.1129,0.083344,7.0545,-0.60838,0
-0.62923,-3.8308,0.12067,1.8206,-0.23441,0
0.60543,-2.9587,0.20819,-7.7369,-1.5002,0
2.7898,-2.061,0.27641,-0.22742,-0.86728,0
2.8848,-1.2146,0.27769,7.9647,-1.2413,0
1.7451,-0.29121,0.21849,-0.68254,-0.79537,0
2.5049,0.37567,0.13869,-7.9645,-0.43578,0
2.7898,0.63217,0.073047,3.186,-1.2988,0
0.7004,0.91431,0.04087,6.1442,-0.98235,0
-0.43928,1.9916,0.046019,-5.0062,-2.4638,0
0.41548,3.3766,0.053741,-6.3715,-2.3344,0
1.3652,4.7361,-0.023484,5.9167,-2.8234,0
1.3652,6.352,-0.12388,3.6411,-3.2693,0
0.89035,6.5059,-0.15863,-7.0542,-2.7803,0
0.7004,5.0695,-0.102,-4.0959,-3.9309,0
0.89035,4.2487,0.0022576,6.8269,-3.2262,0
0.7004,4.4283,0.092354,1.8206,-4.0029,0
0.98533,4.9925,0.15156,-7.9645,-4.0172,0
0.98533,4.8386,0.18889,-0.9101,-3.859,0
0.60543,3.9666,0.18631,7.5096,-4.4631,0
0.035589,2.9919,0.11423,-2.7306,-3.3556,0
-1.484,2.2737,0.030574,-7.5093,-3.7152,0
-0.34431,2.1711,-0.02992,4.5513,-2.6364,0
1.3652,1.8377,-0.096848,6.8269,-2.9673,0
1.2702,0.58087,-0.1715,-5.6889,-3.4131,0
0.89035,-0.77854,-0.23199,-5.0062,-3.2405,0
1.4602,-1.7276,-0.23457,7.0545,-4.1611,0
1.3652,-2.574,-0.18952,3.6411,-3.0536,0
0.32051,-3.4461,-0.15992,-7.5093,-3.3556,0
1.2702,-3.5487,-0.15219,-1.5928,-2.3632,0
2.7898,-3.6256,-0.18952,7.7372,-1.9604,0
2.5999,-3.8052,-0.22427,-0.22742,-2.0611,0
0.7004,-4.036,-0.26674,-7.7369,-1.27,0
-1.1991,-4.0104,-0.28991,2.2757,-2.0899,0
-1.294,-3.4461,-0.28476,6.3718,-1.1837,0
-1.7689,-2.7535,-0.26932,-4.5511,-1.6008,0
-2.1488,-2.4457,-0.24229,-7.2818,-1.0543,0
-0.43928,-2.3431,-0.22427,4.7789,-0.29195,0
-0.24933,-1.8558,-0.20239,4.5513,-0.45016,0
-0.24933,-1.5993,-0.13031,-6.5991,0.77243,0
0.13056,-1.7532,-0.0080391,-4.0959,0.13956,0
0.60543,-1.5993,0.091067,7.282,0.88749,0
0.89035,-0.67595,0.15027,1.8206,0.74366,0
2.5049,0.99126,0.19146,-9.1023,0.68613,0
2.5999,2.6072,0.19403,-0.9101,1.2902,0
0.7004,3.6588,0.13998,7.9647,0.48476,0
-0.15436,4.0179,0.05889,-0.45498,1.4053,0
0.32051,3.3253,0.039583,-8.4196,0.64298,0
0.60543,2.0429,0.08978,1.8206,0.90188,0
1.8401,1.1708,0.19275,6.8269,0.82996,0
1.1753,0.29873,0.2674,-4.3235,-0.004278,0
0.13056,-0.72725,0.30344,-7.2818,0.57106,0
-1.484,-1.3428,0.34076,5.234,-0.62276,0
-1.1991,-1.1889,0.36007,5.6891,-0.1625,0
-1.6739,-1.0094,0.33561,-6.8267,-1.0255,0
-2.9086,-1.3428,0.31759,-5.6889,-1.3276,0
-2.6237,-1.5993,0.32274,5.9167,-1.3276,0
-3.1935,-1.4967,0.36522,3.6411,-2.4063,0
-1.7689,-1.4198,0.42957,-7.7369,-1.831,0
0.79538,-1.4198,0.41541,-3.1857,-2.996,0
1.8401,-1.3685,0.31759,8.1923,-2.5358,0
0.60543,-1.2402,0.22492,1.8206,-2.8522,0
0.41548,-1.4198,0.16958,-7.7369,-3.2981,0
1.4602,-1.1376,0.14255,0.45525,-2.7659,0
1.3652,-0.4451,0.091067,7.9647,-3.8015,0
1.0803,-0.29121,0.022851,-1.3652,-3.0248,0
0.7004,-0.52205,-0.068532,-6.8267,-3.7008,0
0.13056,-0.52205,-0.14061,3.186,-3.5714,0
-0.62923,-0.0090658,-0.16893,6.5994,-3.4419,0
-0.91415,1.2734,-0.20368,-5.2337,-4.2042,0
-1.389,2.6841,-0.2114,-6.144,-3.3844,0
-2.1488,3.6075,-0.2217,6.5994,-4.3625,0
-0.43928,3.9666,-0.26674,4.0962,-3.7727,0
0.60543,3.3253,-0.2912,-7.0542,-4.0604,0
0.13056,2.0172,-0.28991,-3.8684,-4.1755,0
-1.1991,1.2477,-0.27061,7.5096,-3.7008,0
-1.1041,0.83736,-0.2114,2.0482,-4.5782,0
-0.62923,0.40132,-0.1419,-7.9645,-3.7727,0
-1.389,0.37567,-0.065958,0.45525,-4.5638,0
-2.0538,0.65782,-0.010613,7.9647,-4.233,0
-1.294,0.32437,-0.024771,-2.7306,-4.1323,0
-0.81917,0.40132,-0.090413,-9.1023,-4.5638,0
-1.1041,0.55522,-0.18952,3.4135,-3.7008,0
-1.579,0.83736,-0.29635,6.3718,-4.5494,0
-1.1991,0.70911,-0.31179,-5.6889,-3.6145,0
-0.81917,0.96561,-0.26803,-5.9164,-3.9741,0
-1.484,1.6581,-0.23199,5.9167,-3.7583,0
-1.1041,2.0429,-0.24229,4.0962,-3.1111,0
-0.62923,2.2224,-0.29506,-7.5093,-3.744,0
-0.7242,2.838,-0.35427,-3.8684,-2.6652,0
-1.484,2.6328,-0.39803,7.282,-3.4131,0
-0.34431,1.376,-0.39803,0.91037,-2.5501,0
1.4602,0.042233,-0.3208,-8.4196,-2.4926,0
1.1753,-0.36816,-0.18437,-0.22742,-2.5933,0
-0.62923,-0.4964,-0.065958,7.5096,-1.6871,0
-1.0091,-1.0607,0.00097052,-2.2755,-2.3632,0
-1.389,-1.8815,0.061464,-8.4196,-1.155,0
-2.1488,-2.574,0.16314,2.7309,-1.644,0
0.41548,-2.9587,0.26997,6.3718,-1.1693,0
1.6501,-2.6509,0.33304,-5.0062,-0.82413,0
0.51046,-1.548,0.37037,-7.5093,-1.2125,0
-0.24933,-0.77854,0.38324,6.5994,-0.090578,0
0.13056,-0.52205,0.41541,4.0962,-0.8529,0
1.6501,-0.23991,0.5068,-7.2818,0.067639,0
2.315,-0.13731,0.6059,-3.1857,-0.34948,0
1.3652,0.11918,0.64323,7.282,-0.27756,0
1.8401,0.067882,0.63036,1.8206,0.13956,0
2.22,-0.086014,0.61362,-8.192,-0.57961,0
1.4602,-0.18861,0.6162,-0.68254,0.47037,0
0.98533,-0.060364,0.60462,8.4198,-0.27756,0
0.035589,0.093531,0.56343,-0.9101,0.41284,0
-1.294,0.42697,0.52353,-7.9645,0.38407,0
-1.1041,1.0169,0.50294,3.4135,-0.018661,0
-0.91415,0.88866,0.50294,6.3718,0.59983,0
0.13056,-0.26556,0.52224,-3.8684,-0.32071,0
-0.15436,-1.7789,0.566,-5.0062,0.41284,0
0.41548,-2.7535,0.61105,6.8269,-0.34948,0
0.13056,-3.0613,0.63036,3.186,-0.37825,0
-1.1991,-3.2922,0.6265,-8.6471,-0.27756,0
-1.9589,-3.8565,0.566,-1.1377,-1.083,0
-0.62923,-3.9078,0.4965,7.7372,-0.29195,0
-1.1041,-3.4461,0.43086,-0.22742,-1.3851,0
-0.91415,-3.523,0.38838,-9.1023,-0.7666,0
-1.579,-3.8821,0.35621,1.8206,-1.0974,0
-2.1488,-4.3438,0.28284,7.282,-1.2988,0
-2.4337,-4.6003,0.17859,-3.8684,-0.80975,0
-2.9086,-4.2925,0.12067,-7.9645,-1.7159,0
-1.7689,-3.7026,0.092354,4.0962,-0.80975,0
0.035589,-3.01,0.065325,5.234,-1.7447,0
1.4602,-2.7535,0.097502,-7.5093,-1.3563,0
0.51046,-2.7792,0.15285,-4.5511,-1.4426,0
-0.43928,-2.4457,0.20304,7.0545,-1.9604,0
0.22554,-2.1636,0.24938,0.68281,-1.2556,0
1.4602,-1.5737,0.31502,-7.7369,-2.2337,0
-0.53425,-0.90679,0.35363,-0.45498,-1.3851,0
-1.6739,-0.95809,0.33175,6.8269,-2.0036,0
-1.1041,-1.9328,0.28413,-3.1857,-1.9029,0
-0.91415,-2.9844,0.24166,-7.5093,-1.5145,0
-1.389,-3.3948,0.25195,3.8687,-2.1762,0
-1.1041,-3.8821,0.30086,5.0064,-1.1981,0
-0.7242,-4.0104,0.34977,-6.144,-1.9029,0
-0.62923,-3.4717,0.37551,-4.7786,-1.1837,0
-2.3388,-2.5227,0.37423,7.282,-1.1837,0
-2.5287,-1.3428,0.32918,2.7309,-1.3851,0
-0.53425,-0.086014,0.22106,-7.5093,-0.62276,0
1.2702,0.37567,0.12067,-1.1377,-1.3995,0
1.3652,-0.21426,0.11037,7.5096,-0.4214,0
1.1753,-1.1633,0.15156,0.00013542,-1.0974,0
2.6949,-1.112,0.17473,-7.5093,-0.82413,0
1.8401,-0.98374,0.15027,2.2757,-0.60838,0
0.32051,-1.1376,0.12711,6.8269,-1.2556,0
-0.34431,-1.2146,0.13483,-3.8684,-0.36386,0
0.035589,-0.5477,0.15671,-6.3715,-1.1981,0
0.51046,0.96561,0.13611,5.4616,-0.46455,0
-0.059385,2.915,0.055028,4.7789,-0.66591,0
-0.53425,4.9925,-0.059523,-6.3715,-0.7666,0
0.41548,6.4802,-0.15863,-3.6408,-0.22003,0
0.7004,6.9419,-0.23328,7.7372,-1.1837,0
1.6501,7.0958,-0.32595,1.1379,-0.46455,0
2.03,7.5575,-0.45981,-7.7369,-1.4714,0
0.7004,7.9422,-0.54604,0.2277,-1.2413,0
-0.43928,7.7627,-0.56792,8.1923,-1.457,0
-0.7242,6.9675,-0.53703,-2.0479,-2.0467,0
-1.6739,5.4542,-0.44308,-7.5093,-1.457,0
-2.0538,3.787,-0.30407,3.4135,-2.5789,0
-2.0538,2.9406,-0.19081,6.1442,-1.9892,0
-2.3388,2.7354,-0.14061,-4.7786,-2.8666,0
-1.1991,2.915,-0.13932,-5.4613,-2.9816,0
0.035589,2.6841,-0.16764,7.0545,-2.7659,0
-0.15436,2.3763,-0.1612,2.9584,-3.5282,0
-0.43928,2.5046,-0.1715,-8.4196,-2.5501,0
-0.62923,2.7867,-0.21011,-3.4133,-3.4563,0
-0.62923,2.5815,-0.20882,8.1923,-2.9385,0
-0.53425,1.889,-0.12645,-0.22742,-3.1974,0
-0.62923,1.2734,-0.055661,-7.9645,-3.5857,0
-1.389,0.70911,-0.038929,1.8206,-2.996,0
-2.0538,0.40132,-0.027345,6.8269,-3.8446,0
-1.1991,0.016583,-0.0041778,-3.6408,-2.7515,0
-0.7242,-1.3172,-0.017049,-6.3715,-3.3988,0
-1.484,-2.2919,-0.072394,5.6891,-2.8378,0
-1.0091,-2.7279,-0.065958,4.3238,-2.6652,0
-0.91415,-3.4204,0.034435,-6.5991,-2.9816,0
0.13056,-4.3694,0.15928,-3.6408,-2.0467,0
2.22,-4.9337,0.18889,7.9647,-2.6652,0
1.8401,-5.1646,0.16572,2.0482,-1.6584,0
0.32051,-5.1133,0.13869,-7.2818,-1.9317,0
0.60543,-5.2159,0.11938,0.91037,-1.644,0
1.5552,-4.8568,0.11681,7.9647,-1.0687,0
3.8345,-4.5746,0.098789,-1.1377,-1.6296,0
3.3597,-3.9334,0.056315,-7.0542,-0.49331,0
0.79538,-3.4974,0.042157,4.7789,-1.2269,0
1.4602,-3.1383,0.075622,6.3718,-0.49331,0
0.32051,-3.1126,0.093641,-5.0062,-0.34948,0
-1.294,-3.1126,0.10909,-5.0062,-0.52208,0
-0.15436,-3.0613,0.092354,6.3718,0.41284,0
0.60543,-3.0613,0.046019,4.3238,-0.1625,0
-1.0091,-3.087,0.015128,-6.8267,0.80119,0
-1.6739,-2.8818,-0.024771,-2.9581,0.44161,0
-1.1991,-2.138,-0.10586,7.9647,0.64298,0
0.13056,-1.1889,-0.2011,0.91037,1.1176,0
-0.15436,-0.62465,-0.26803,-7.9645,0.42722,0
-0.43928,-0.0090658,-0.31951,0.45525,1.3046,0
-0.53425,1.0682,-0.35555,6.8269,0.52791,0
-0.7242,1.9659,-0.38001,-1.5928,1.1176,0
-0.7242,2.1198,-0.38902,-8.192,0.88749,0
-1.579,1.9659,-0.36971,3.6411,0.29777,0
-1.1991,1.889,-0.35813,6.3718,0.31216,0
0.13056,1.812,-0.36199,-5.6889,-1.3132,0
0.79538,1.4273,-0.38644,-5.9164,-1.3851,0
-0.91415,1.0939,-0.36842,6.5994,-2.8666,0
-1.1041,0.91431,-0.29377,4.0962,-3.1974,0
-0.24933,0.81171,-0.241,-7.7369,-3.3556,0
-0.15436,0.99126,-0.22942,-2.2755,-4.1179,0
-1.389,1.1965,-0.25387,6.5994,-3.2981,0
-1.7689,1.5299,-0.2809,0.45525,-4.0029,0
-1.1991,1.0682,-0.30278,-7.9645,-3.1255,0
0.89035,0.52957,-0.32981,1.5931,-3.0104,0
1.2702,0.22178,-0.32466,7.5096,-2.8666,0
1.8401,0.63217,-0.27447,-3.1857,-1.946,0
2.315,1.4273,-0.22041,-7.7369,-2.7803,0
1.6501,1.8633,-0.15477,4.5513,-1.8885,0
0.89035,1.812,-0.098135,5.4616,-2.5933,0
-0.059385,2.4276,-0.044078,-5.9164,-2.4063,0
-0.43928,3.2227,-0.027345,-5.2337,-2.2049,0
-0.059385,3.4536,-0.031207,6.3718,-2.8378,0
-1.0091,3.5305,-0.027345,4.5513,-1.9604,0
-1.7689,3.2997,0.0035447,-7.2818,-2.9529,0
-1.1991,2.7354,0.083344,-3.1857,-2.2193,0
0.13056,2.1968,0.1876,7.7372,-2.4063,0
0.51046,1.5042,0.27383,1.5931,-2.3056,0
0.13056,0.81171,0.32017,-7.5093,-1.4282,0
-0.62923,-0.23991,0.38581,1.5931,-1.7159,0
-1.579,-1.3941,0.47848,7.5096,-0.2488,0
-0.53425,-2.2919,0.5364,-2.9581,-0.63715,0
-0.24933,-2.7535,0.57115,-7.5093,0.15394,0
0.22554,-2.3944,0.61877,4.5513,0.19709,0
0.89035,-2.3688,0.69986,6.5994,-0.4214,0
0.035589,-2.6766,0.78223,-5.0062,-0.076195,0
-2.1488,-2.9844,0.80025,-5.2337,-1.4282,0
-1.484,-3.2922,0.78996,6.8269,-0.98235,0
-0.81917,-3.7539,0.81956,3.186,-1.7734,0
-2.2438,-3.7539,0.88263,-7.7369,-1.831,0
-3.2885,-3.5743,0.90837,-2.0479,-1.6728,0
-1.7689,-3.2665,0.87619,7.9647,-2.5214,0
-0.81917,-2.8305,0.77966,1.1379,-1.9029,0
0.98533,-2.3175,0.68699,-9.1023,-2.9241,0
2.03,-1.7276,0.61491,0.45525,-2.3056,0
1.5552,-1.4198,0.56858,6.8269,-2.4495,0
0.89035,-1.2915,0.55442,-3.6408,-2.4351,0
-0.91415,-0.80419,0.46818,-8.192,-1.6008,0
-1.1041,0.042233,0.34848,3.6411,-2.3632,0
-0.62923,0.42697,0.297,5.6891,-1.5002,0
1.6501,0.19613,0.29185,-7.2818,-2.2912,0
2.6949,0.042233,0.27126,-5.2337,-1.9748,0
2.315,0.14483,0.2069,7.282,-1.946,0
3.1697,0.067882,0.093641,2.5033,-2.3775,0
1.8401,-0.21426,-0.083977,-8.6471,-1.3851,0
0.51046,-0.72725,-0.26546,-2.9581,-2.1043,0
-1.389,-1.4198,-0.41991,7.282,-1.2988,0
-3.0036,-1.9841,-0.55634,0.45525,-1.7447,0
-3.5734,-1.5737,-0.70307,-7.7369,-1.7878,0
-2.8136,-0.77854,-0.87811,2.0482,-1.4426,0
-2.1488,-0.21426,-1.1124,7.9647,-2.1618,0
-2.2438,0.24743,-1.3775,-2.9581,-1.0687,0
-0.62923,0.42697,-1.6684,-6.3715,-1.7159,0
0.41548,-0.034715,-2.0017,3.6411,-0.86728,0
1.5552,-1.0094,-2.2592,5.9167,-0.53646,0
2.8848,-1.9328,-2.3917,-5.0062,-0.55085,0
3.5496,-2.138,-2.505,-4.5511,0.70051,0
1.8401,-1.9071,-2.6878,7.7372,0.47037,0
-0.43928,-1.8045,-2.8937,3.6411,2.0094,0
-0.24933,-1.9071,-3.1215,-7.5093,2.2539,0
0.41548,-2.1636,-3.3969,-1.5928,3.0738,0
0.79538,-1.8302,-3.7058,7.7372,4.1094,0
-1.0091,-0.88114,-3.9748,-0.22742,3.7786,0
-1.7689,-0.23991,-4.1743,-8.192,4.9292,0
-1.1041,-0.13731,-4.3159,0.2277,3.8936,0
0.035589,-0.77854,-4.4755,7.5096,4.2101,0
2.125,-2.0867,-4.6634,-1.3652,3.7786,0
1.7451,-2.9587,-4.7947,-6.8267,3.1457,0
2.125,-3.2409,-4.8539,5.234,3.6347,0
1.4602,-3.1126,-4.9067,5.9167,2.5128,0
0.98533,-2.9331,-4.9826,-5.6889,3.0882,0
-0.059385,-2.7022,-5.0805,-5.6889,2.3258,0
-0.53425,-2.4201,-5.15,5.6891,2.2971,0
0.89035,-2.5227,-5.1409,3.6411,2.4265,0
0.32051,-2.2406,-5.0766,-8.4196,1.7217,0
-0.34431,-1.6506,-5.0019,-3.6408,2.671,0
1.2702,-0.90679,-4.8655,7.5096,1.8224,0
1.8401,-0.72725,-4.6956,0.68281,2.6279,0
1.3652,-0.62465,-4.5386,-8.192,2.1676,0
0.035589,0.29873,-4.3391,0.2277,2.2971,0
-2.1488,1.0426,-4.0572,7.282,2.8293,0
-1.7689,1.2221,-3.6904,-2.7306,2.2971,0
-1.0091,1.6581,-3.2567,-7.9645,3.0738,0
-0.7242,2.8124,-2.7972,3.186,1.9519,0
-0.81917,4.0948,-2.3441,6.3718,2.4984,0
0.41548,5.0951,-1.9129,-7.0542,2.6567,0
0.7004,5.7877,-1.5847,-5.6889,2.671,0
0.7004,6.4546,-1.3826,6.8269,3.606,0
0.89035,6.3776,-1.2256,4.0962,2.5128,0
1.6501,5.8646,-1.0055,-6.8267,3.0738,0
1.3652,5.2234,-0.69792,-2.2755,2.2827,0
1.0803,4.8643,-0.41476,7.7372,2.3546,0
0.035589,4.9669,-0.21783,0.00013542,2.6135,0
0.22554,5.4286,-0.054374,-8.6471,2.2395,0
1.3652,5.6851,0.12711,1.3655,3.5053,0
1.2702,6.275,0.38066,7.282,3.2895,0
0.22554,6.9932,0.71016,-3.1857,4.9724,0
-0.34431,6.8649,1.1053,-7.2818,5.4039,0
-0.62923,6.0955,1.5635,5.4616,5.8498,0
0.035589,5.1977,2.0719,6.3718,6.3244,0
1.4602,4.3257,2.6125,-6.144,5.2313,0
2.125,3.5049,3.2238,-5.2337,5.7491,0
2.315,2.915,3.906,7.0545,4.3683,0
2.315,2.4789,4.5843,3.6411,4.7422,0
0.51046,1.7351,5.251,-7.2818,5.0155,0
-1.1991,0.99126,5.8431,-2.2755,5.1018,0
-1.0091,0.83736,6.3026,7.282,6.1231,0
-1.7689,0.83736,6.708,0.45525,4.958,0
-1.8639,1.1452,7.0787,-8.192,5.1306,0
-0.34431,1.0939,7.3837,1.5931,3.8936,0
0.60543,0.96561,7.627,7.7372,3.4477,0
-0.81917,0.63217,7.8419,-3.6408,3.3614,0
-1.1041,0.14483,8.0504,-7.2818,2.3834,0
-0.62923,-0.41945,8.1959,5.4616,3.1888,0
-0.7242,-0.6503,8.2589,5.9167,2.3402,0
-1.389,-1.0094,8.2744,-7.2818,2.671,0
-2.2438,-1.3685,8.219,-5.4613,2.2971,0
-2.1488,-1.3941,8.0877,6.8269,1.5779,0
-2.1488,-1.6506,7.9179,1.8206,1.8368,0
-0.53425,-2.1636,7.7068,-7.2818,0.70051,0
-0.15436,-2.5227,7.4442,-0.22742,1.5923,0
-0.62923,-2.4201,7.1533,7.282,1.0313,0
-0.62923,-1.8815,6.8766,-1.3652,1.4628,0
-1.294,-1.3941,6.5934,-7.7369,1.693,0
-2.0538,-0.57335,6.2562,2.7309,1.2183,0
-1.1991,0.042233,5.8958,5.9167,2.0525,0
-0.7242,0.042233,5.52,-4.3235,1.132,0
0.035589,0.016583,5.1596,-6.3715,2.0669,0
-0.059385,0.067882,4.861,4.5513,2.2252,0
-0.43928,0.093531,4.5791,5.234,2.4984,0
0.22554,-0.29121,4.3127,-5.9164,3.2895,0
0.89035,-0.80419,4.0553,-3.8684,2.2252,0
-0.15436,-0.75289,3.7902,7.5096,2.5128,0
-0.62923,-0.23991,3.4993,1.8206,1.1752,0
-2.3388,0.50392,3.1595,-7.2818,1.3765,0
-0.91415,1.299,2.8493,0.91037,1.8224,0
-0.43928,2.1198,2.5803,7.7372,2.3258,0
-0.7242,2.838,2.2856,-1.1377,4.1238,0
0.89035,3.864,1.9612,-7.2818,3.7929,0
0.41548,5.2234,1.6317,4.0962,4.6559,0
-1.389,6.0185,1.3125,6.5994,3.5916,0
-2.1488,6.1981,1.0178,-4.3235,3.0162,0
-0.34431,6.0185,0.77451,-6.3715,2.3402,0
-0.43928,5.5568,0.566,6.1442,0.57106,0
-0.7242,4.813,0.37037,4.5513,0.25462,0
-0.53425,4.3257,0.19403,-7.0542,-1.4714,0
-1.579,3.787,0.024138,-4.0959,-1.3851,0
-1.1041,3.1714,-0.17793,7.7372,-1.8454,0
-0.7242,2.6585,-0.41605,2.5033,-2.1906,0
-0.059385,2.3763,-0.67604,-7.0542,-1.8022,0
0.035589,2.6072,-0.98108,-1.5928,-2.881,0
-0.53425,2.6841,-1.3016,7.5096,-1.8166,0
0.13056,2.7867,-1.5693,-0.22742,-1.9029,0
1.4602,2.7611,-1.752,-8.8747,-0.594,0
0.51046,1.7864,-1.8743,1.5931,0.010105,0
-1.294,0.78606,-1.985,6.8269,-0.49331,0
-0.34431,0.14483,-2.0996,-4.5511,-0.26318,0
0.60543,-0.3938,-2.1755,-7.9645,-2.0611,0
0.035589,-0.36816,-2.2489,4.0962,-2.3775,0
-0.53425,-0.21426,-2.3119,5.4616,-3.9597,0
0.32051,-0.7016,-2.339,-7.5093,-4.8803,0
-0.059385,-1.3685,-2.3261,-6.144,-5.0529,0
-1.1991,-1.8045,-2.2823,6.1442,-6.0597,0
-0.34431,-2.138,-2.1794,3.4135,-5.0097,0
0.60543,-2.4201,-2.0597,-7.2818,-5.657,0
0.035589,-3.087,-1.9567,-2.7306,-4.9809,0
-1.389,-3.7282,-1.8486,7.7372,-5.1248,0
-1.1041,-3.8821,-1.7701,0.45525,-5.5131,0
-1.484,-4.1129,-1.734,-8.192,-4.7077,0
-2.2438,-4.4977,-1.7057,0.68281,-5.1679,0
-1.1991,-4.549,-1.6684,7.282,-3.5714,0
-0.15436,-4.0617,-1.6323,-3.4133,-3.4419,0
1.4602,-3.8308,-1.6066,-7.2818,-2.5501,0
1.4602,-3.4974,-1.5873,4.7789,-1.7447,0
1.8401,-3.0613,-1.586,5.234,-1.9029,0
1.1753,-2.7792,-1.5796,-5.2337,-0.45016,0
-0.62923,-2.8818,-1.5834,-4.7786,-0.8529,0
-1.1041,-3.0613,-1.6092,6.8269,0.34092,0
-0.62923,-2.8048,-1.5667,2.7309,0.38407,0
-1.579,-2.7535,-1.4354,-7.7369,0.12517,0
-1.1041,-3.087,-1.2771,-1.3652,0.57106,0
0.32051,-3.3948,-1.1638,7.9647,-0.46455,0
1.6501,-3.4461,-1.1239,0.45525,0.16832,0
2.03,-3.2922,-1.1124,-7.2818,-0.75222,0
0.51046,-2.5227,-1.1034,1.8206,-0.40701,0
1.1753,-1.5737,-1.1819,7.282,-0.10496,0
0.51046,-1.035,-1.3222,-3.6408,-0.5077,0
-0.34431,-0.75289,-1.3968,-7.0542,0.44161,0
0.98533,-1.4198,-1.3453,4.5513,-0.43578,0
1.9351,-2.9331,-1.2514,5.6891,0.35531,0
3.1697,-4.3951,-1.2321,-6.3715,-0.13373,0
1.9351,-5.498,-1.2771,-5.0062,0.038872,0
-0.34431,-5.6263,-1.2835,7.5096,0.94503,0
-0.15436,-5.6776,-1.2218,2.7309,0.84434,0
1.4602,-5.6776,-1.1638,-7.2818,2.4841,0
2.125,-5.3185,-1.178,-2.0479,2.4265,0
1.5552,-5.1389,-1.263,7.5096,3.5053,0
0.13056,-5.0107,-1.3788,0.00013542,3.9512,0
0.32051,-4.472,-1.447,-8.6471,3.606,0
-0.059385,-3.3178,-1.4624,0.91037,4.3539,0
-0.62923,-1.8558,-1.4624,7.0545,3.3614,0
-0.7242,-0.88114,-1.4251,-3.4133,4.2532,0
-0.62923,-0.599,-1.411,-6.3715,4.0087,0
0.13056,-0.34251,-1.4689,5.0064,4.3395,0
0.51046,0.47827,-1.5551,4.0962,4.9868,0
0.89035,0.99126,-1.5912,-7.0542,4.2964,0
1.0803,0.99126,-1.6118,-3.6408,4.7135,0
1.0803,0.78606,-1.6542,7.7372,3.1457,0
0.22554,1.1708,-1.6864,2.2757,3.1888,0
-2.3388,1.7864,-1.6607,-7.9645,3.0162,0
-2.3388,2.1711,-1.586,-0.68254,2.9587,0
-1.389,2.3763,-1.5384,8.875,4.0662,0
0.60543,2.838,-1.5371,-0.68254,3.0594,0
0.22554,3.5562,-1.5371,-7.9645,3.1888,0
-1.1041,3.9409,-1.5023,2.9584,1.621,0
-1.9589,3.5305,-1.4393,8.4198,0.72928,0
-1.389,3.2227,-1.3852,-3.4133,0.41284,0
-0.059385,3.1201,-1.3428,-6.144,-0.60838,0
0.60543,2.7611,-1.2797,5.4616,0.47037,0
0.13056,1.7864,-1.1909,4.7789,0.038872,0
2.315,0.83736,-1.0969,-6.8267,1.0313,0
2.4099,0.35002,-1.0248,-3.6408,1.3334,0
0.51046,0.52957,-0.98237,7.282,0.95941,0
0.51046,0.47827,-0.94761,2.0482,1.4197,0
-0.059385,0.11918,-0.90385,-8.192,-0.1625,0
-1.389,-0.21426,-0.80861,-0.9101,-0.018661,0
-1.294,0.17048,-0.71336,8.4198,-1.1406,0
0.22554,0.42697,-0.66574,-1.3652,-1.155,0
1.5552,-0.034715,-0.58852,-7.9645,-0.70906,0
0.60543,-0.72725,-0.45208,3.186,-1.5002,0
-1.389,-0.95809,-0.32852,6.1442,-1.0687,0
-1.1991,-0.88114,-0.2616,-5.6889,-2.4495,0
0.7004,-0.5477,-0.26031,-6.8267,-2.1906,0
1.9351,-0.18861,-0.30922,5.4616,-2.4063,0
2.22,0.29873,-0.37872,4.3238,-2.1906,0
1.3652,0.81171,-0.40832,-7.2818,-0.8529,0
2.6949,1.0169,-0.39417,-4.0959,-1.0399,0
3.5496,1.0682,-0.36842,7.5096,0.22586,0
2.7898,1.2221,-0.38258,1.5931,-0.53646,0
0.13056,1.6581,-0.38644,-8.192,-0.52208,0
-0.059385,1.9403,-0.34654,-1.1377,-0.5077,0
0.7004,2.1711,-0.26932,7.5096,-1.1837,0
1.4602,2.2737,-0.20239,-0.68254,-0.17688,0
0.41548,2.3507,-0.14833,-8.4196,-0.88167,0
-1.484,2.4276,-0.1316,1.8206,-0.23441,0
-2.9086,2.4276,-0.15863,6.8269,-0.55085,0
-2.7186,2.5302,-0.19209,-3.1857,-1.0255,0
-1.294,2.6585,-0.24615,-6.3715,-0.53646,0
-1.7689,3.1714,-0.30278,5.4616,-1.3995,0
-1.1041,3.0175,-0.33239,3.8687,-0.34948,0
-0.059385,2.5815,-0.3208,-6.5991,-0.89605,0
1.5552,1.9403,-0.26288,-2.9581,-0.49331,0
1.3652,1.6838,-0.22298,7.7372,-0.39263,0
0.22554,1.5555,-0.22684,0.45525,-1.083,0
0.32051,1.299,-0.22298,-7.0542,-0.39263,0
0.7004,1.299,-0.21783,1.5931,-1.5433,0
-0.15436,1.3503,-0.18952,8.1923,-1.3707,0
-2.2438,1.0169,-0.1715,-1.8203,-2.3056,0
-3.3835,0.70911,-0.12903,-7.0542,-2.9097,0
-2.0538,0.76041,-0.090413,4.5513,-2.4063,0
0.79538,1.0426,-0.086552,6.5994,-2.9673,0
2.03,1.1965,-0.10714,-6.144,-1.7015,0
1.2702,0.99126,-0.12002,-5.4613,-2.1618,0
1.8401,0.70911,-0.11744,7.0545,-1.4714,0
2.8848,0.78606,-0.099422,3.6411,-1.3851,0
2.8848,1.2734,-0.065958,-7.2818,-1.7303,0
1.6501,1.4786,-0.062097,-1.3652,-1.0687,0
1.8401,1.5812,-0.11101,7.7372,-2.0323,0
1.3652,0.96561,-0.18308,0.45525,-1.4714,0
0.89035,0.35002,-0.20496,-7.5093,-2.1618,0
-0.059385,0.45262,-0.19209,1.3655,-2.2769,0
-1.484,1.0169,-0.16764,7.0545,-1.6008,0
-1.294,1.6325,-0.12388,-3.6408,-1.7878,0
0.035589,1.6068,-0.10071,-7.7369,-0.13373,0
-0.24933,1.0682,-0.087839,5.6891,-0.29195,0
-0.43928,0.70911,-0.068532,4.7789,1.0026,0
0.89035,0.60652,-0.031207,-7.0542,1.621,0
1.9351,0.68346,0.007406,-5.0062,2.0238,0
-0.24933,0.70911,0.047306,6.5994,3.2895,0
-1.579,0.47827,0.10008,2.0482,3.2032,0
-1.1041,0.65782,0.12711,-8.6471,4.9005,0
-0.059385,0.96561,0.12067,-1.8203,5.0155,0
0.60543,0.81171,0.11166,6.8269,5.6484,0
-0.059385,0.37567,0.085918,-1.5928,5.8642,0
-0.43928,0.27308,0.060177,-7.9645,4.9292,0
-0.53425,0.65782,0.025425,2.9584,5.3607,0
-0.81917,1.1452,-0.032494,7.282,4.2244,0
1.0803,1.9146,-0.073681,-5.2337,4.8573,0
1.2702,2.6072,-0.098135,-6.5991,4.9148,0
0.035589,3.0688,-0.13804,6.3718,5.4039,0
-0.53425,3.4023,-0.18051,4.3238,6.7128,0
-0.7242,3.5049,-0.19467,-7.0542,6.2957,0
-1.484,3.4279,-0.18823,-3.8684,7.1443,0
-1.294,3.0688,-0.15091,8.1923,5.9073,0
-1.579,2.6841,-0.074968,2.0482,5.7635,0
-0.24933,2.0685,0.021564,-7.2818,5.4183,0
0.22554,1.1965,0.08978,-0.22742,4.9724,0
-0.15436,0.73476,0.15928,7.7372,5.9361,0
-1.294,0.63217,0.22492,-1.1377,5.0587,0
-0.43928,0.52957,0.26997,-7.7369,5.8066,0
-0.24933,-0.034715,0.3073,2.7309,4.7854,0
-0.34431,-0.90679,0.35878,7.0545,4.5121,0
0.32051,-1.7276,0.41799,-4.3235,4.3251,0
-0.15436,-2.3431,0.49521,-6.144,3.6347,0
-0.43928,-2.8561,0.58531,5.9167,4.4402,0
0.22554,-3.1383,0.6857,4.5513,3.534,0
0.7004,-3.6256,0.75649,-6.8267,4.0375,0
-0.91415,-4.2155,0.76808,-3.6408,3.3902,0
-0.15436,-4.3694,0.71144,6.8269,2.8293,0
2.22,-3.7795,0.62392,0.91037,2.5991,0
2.5049,-2.7792,0.52224,-7.7369,1.1176,0
0.7004,-2.0354,0.44502,-0.22742,1.5635,0
0.41548,-1.7789,0.43343,7.282,0.51352,0
0.60543,-1.5224,0.47205,-2.7306,1.2471,0
0.7004,-1.3172,0.50036,-7.5093,1.2183,0
1.7451,-1.3172,0.51967,3.6411,0.77243,0
1.3652,-1.7532,0.53897,5.6891,0.70051,0
0.13056,-1.9328,0.56343,-5.9164,-1.3995,0
-0.62923,-1.4711,0.5763,-5.0062,-1.9317,0
-0.7242,-1.2915,0.566,6.3718,-3.8303,0
-1.579,-1.4967,0.54927,3.6411,-4.7077,0
-2.1488,-1.0863,0.53383,-7.5093,-5.0241,0
-1.9589,-0.7016,0.5068,-2.2755,-5.9302,0
-1.9589,-0.18861,0.4463,7.5096,-4.8515,0
-1.294,0.55522,0.35492,0.00013542,-5.4124,0
-0.91415,0.65782,0.25067,-8.6471,-4.5207,0
-0.53425,0.63217,0.16057,0.91037,-4.6357,0
-0.7242,0.60652,0.085918,6.8269,-5.0672,0
0.22554,0.70911,0.029286,-3.1857,-4.5207,0
0.79538,0.93996,-0.031207,-7.9645,-5.4556,0
0.035589,1.2221,-0.089126,4.0962,-4.3337,0
-0.43928,1.5299,-0.12774,6.3718,-4.4344,0
0.13056,1.376,-0.12002,-5.0062,-3.744,0
1.6501,1.1195,-0.12645,-6.144,-3.3125,0
1.2702,1.1965,-0.11744,5.9167,-3.9166,0
-1.484,1.2734,-0.036355,3.4135,-3.3268,0
-2.3388,0.99126,0.11295,-7.5093,-4.6357,0
-0.62923,0.58087,0.21591,-3.1857,-4.2905,0
0.60543,0.24743,0.23136,8.1923,-4.7796,0
0.98533,0.093531,0.24294,0.91037,-4.6645,0
0.13056,-0.11166,0.25067,-7.9645,-3.8303,0
-1.389,-0.11166,0.24294,0.2277,-4.2186,0
-0.24933,0.042233,0.25581,7.7372,-3.1111,0
1.2702,-0.23991,0.29314,-2.503,-3.7727,0
-0.34431,-0.5477,0.31245,-7.2818,-3.1111,0
-2.5287,-0.3938,0.30987,3.186,-3.0392,0
-2.6237,-0.060364,0.27383,5.4616,-3.0104,0
0.41548,0.17048,0.23136,-5.0062,-2.0467,0
2.125,0.76041,0.22621,-6.144,-2.694,0
1.4602,1.0939,0.25581,7.0545,-1.7591,0
0.98533,1.4529,0.2468,4.0962,-2.7803,0
-0.059385,2.0429,0.17473,-6.3715,-2.881,0
-1.294,3.0432,0.08978,-3.4133,-2.9241,0
-2.1488,3.7357,0.056315,7.7372,-3.4851,0
-1.1991,3.6075,0.020277,1.8206,-2.4351,0
-0.81917,2.9663,-0.026058,-8.4196,-3.0679,0
-1.1041,2.915,-0.06081,-0.68254,-2.1762,0
-1.1991,3.274,-0.095561,7.0545,-2.507,0
0.035589,3.3766,-0.15863,-2.9581,-2.9673,0
0.51046,3.6075,-0.2616,-7.2818,-2.996,0
-0.059385,4.6335,-0.3414,3.6411,-4.42,0
1.2702,5.1464,-0.37229,5.9167,-4.046,0
1.1753,4.6591,-0.37615,-5.4613,-5.3405,0
0.32051,3.5049,-0.34397,-5.2337,-5.3261,0
0.32051,1.889,-0.25001,6.3718,-5.7864,0
0.60543,1.4016,-0.14704,3.4135,-6.4049,0
1.5552,1.5555,-0.10071,-7.9645,-5.4412,0
2.125,1.2221,-0.063384,-2.7306,-6.0597,0
1.4602,0.63217,-0.014475,7.7372,-5.0816,0
-0.7242,0.22178,0.042157,0.68281,-5.7433,0
-1.6739,0.40132,0.14641,-7.9645,-5.9159,0
-1.389,0.37567,0.28928,1.3655,-5.8152,0
-0.62923,-0.21426,0.3871,7.282,-6.9083,0
0.13056,-0.599,0.41284,-3.6408,-6.0741,0
-0.24933,-0.3938,0.42828,-7.0542,-7.0953,0
-1.294,-0.599,0.50808,4.3238,-6.5631,0
-0.15436,-0.599,0.62778,5.9167,-6.7357,0
-0.34431,0.067882,0.69857,-5.6889,-7.3398,0
-0.43928,0.91431,0.69729,-5.0062,-6.8652,0
0.32051,2.2224,0.63422,7.7372,-8.0446,0
0.60543,3.3253,0.54026,2.9584,-7.3686,0
-0.15436,3.787,0.4463,-6.8267,-8.0446,0
1.9351,3.9153,0.34591,-1.1377,-7.6994,0
3.2647,4.0948,0.26611,8.1923,-7.498,0
2.22,4.7617,0.2069,-0.9101,-8.5336,0
1.8401,5.4799,0.14384,-7.7369,-8.2891,0
2.03,5.7107,0.091067,2.5033,-10.001,0
0.7004,5.7364,0.025425,6.8269,-9.9432,0
0.60543,5.7107,-0.040216,-4.3235,-10.547,0
0.79538,5.1464,-0.067245,-7.0542,-10.677,0
1.6501,4.4026,-0.031207,5.4616,-10.159,0
-1.1991,3.9666,0.034435,5.234,-11.051,0
-2.3388,3.351,0.075622,-6.5991,-10.547,0
-1.579,2.3507,0.093641,-3.6408,-11.626,0
-0.7242,1.8377,0.11938,7.5096,-11.266,0
0.035589,1.4016,0.13869,2.9584,-11.065,0
-0.059385,1.2221,0.12196,-7.5093,-10.979,0
-1.484,1.7607,0.064038,-1.3652,-9.5261,0
-2.1488,2.6841,0.020277,6.8269,-9.5405,0
-0.7242,2.5302,-0.006752,-2.0479,-7.8145,0
0.51046,1.7351,-0.013187,-8.6471,-7.5124,0
0.89035,1.0169,0.012554,3.4135,-6.6782,0
-0.059385,1.0939,0.05889,6.5994,-5.7576,0
-2.0538,1.3503,0.1181,-5.9164,-5.8583,0
-3.1935,1.4016,0.20176,-5.6889,-4.3337,0
-1.1991,1.2734,0.27641,6.5994,-4.5494,0
-1.1991,0.78606,0.24294,3.6411,-3.0392,0
-1.1041,0.83736,0.12196,-7.5093,-2.4207,0
0.035589,1.2734,0.012554,-2.7306,-2.0899,0
-1.0091,1.0939,-0.018336,7.7372,-0.63715,0
-2.1488,0.76041,-0.02091,1.1379,-0.73783,0
-0.43928,1.299,-0.010613,-7.5093,1.2039,0
1.1753,1.9916,0.021564,0.45525,1.506,0
-0.24933,2.4533,0.029286,7.282,2.9875,0
-2.5287,2.6585,-0.022197,-2.2755,4.282,0
-3.6684,2.5046,-0.099422,-7.7369,4.6559,0
-1.7689,2.2994,-0.15992,4.5513,6.3388,0
0.7004,2.5046,-0.18952,6.3718,6.1374,0
0.13056,2.7354,-0.22041,-5.6889,7.4319,0
-1.294,3.1201,-0.26546,-5.4613,7.547,0
-2.0538,3.3253,-0.28991,6.3718,7.9641,0
-0.24933,2.915,-0.33882,3.6411,8.9854,0
1.2702,1.9659,-0.42119,-7.5093,8.7265,0
0.60543,1.6325,-0.47783,-3.1857,10.15,0
0.41548,1.7094,-0.40704,8.6474,9.7333,0
0.79538,1.4786,-0.26674,2.0482,10.409,0
-0.059385,0.96561,-0.1818,-8.6471,10.237,0
0.41548,0.29873,-0.17021,1.3655,9.3306,0
0.7004,-0.18861,-0.17021,7.282,9.5175,0
-0.059385,-0.599,-0.14318,-2.0479,8.2949,0
0.32051,-1.0607,-0.10843,-7.5093,9.1004,0
0.41548,-1.3685,-0.087839,3.6411,8.6401,0
-1.6739,-1.6763,-0.064671,6.3718,8.9278,0
-1.389,-2.4201,-0.04279,-6.3715,8.9566,0
-0.15436,-2.6766,-0.037642,-5.4613,8.1223,0
0.7004,-2.5483,-0.067245,6.3718,8.7265,0
0.7004,-2.3431,-0.10843,2.9584,7.5758,0
0.89035,-2.2406,-0.12903,-7.5093,8.0504,0
2.22,-2.3944,-0.1316,-2.9581,7.6477,0
3.5496,-2.5483,-0.13932,8.1923,7.2306,0
2.7898,-2.6509,-0.14833,0.45525,7.3744,0
1.4602,-2.8305,-0.14962,-8.4196,5.8785,0
0.89035,-3.3435,-0.12645,0.45525,5.8642,0
0.98533,-3.3435,-0.080116,6.1442,4.3107,0
0.035589,-3.2922,-0.017049,-2.503,4.1238,0
0.32051,-3.1896,-0.0041778,-7.5093,3.7786,0
-0.34431,-2.8818,-0.044078,4.0962,2.7861,0
-1.389,-3.0613,-0.11358,5.6891,3.0019,0
-2.0538,-3.2665,-0.1715,-6.3715,1.6498,0
-2.3388,-3.0613,-0.19209,-4.7786,2.1676,0
-2.1488,-2.7535,-0.2217,6.5994,1.5347,0
-0.62923,-2.8048,-0.30664,2.9584,1.1752,0
0.41548,-2.8818,-0.39931,-7.2818,1.3046,0
0.7004,-2.574,-0.45466,-2.7306,0.38407,0
-0.91415,-1.9071,-0.4804,7.282,1.3046,0
-0.15436,-1.2659,-0.47911,1.5931,0.62859,0
1.4602,-1.2659,-0.46624,-7.9645,1.4484,0
2.03,-2.3175,-0.4405,0.00013542,1.6354,0
1.5552,-2.7792,-0.4109,8.4198,1.6354,0
1.0803,-2.5483,-0.3903,-1.8203,2.6998,0
1.6501,-2.0097,-0.38001,-7.7369,2.0094,0
2.22,-1.9584,-0.34783,3.6411,2.9443,0
2.125,-2.138,-0.27061,6.8269,2.3978,0
2.03,-2.1123,-0.18437,-4.7786,2.6423,0
2.125,-1.7789,-0.14576,-5.0062,3.1745,0
3.1697,-1.4967,-0.11615,5.9167,2.743,0
2.6949,-2.2406,-0.047939,3.186,3.9368,0
1.5552,-2.9844,0.033148,-7.5093,3.3327,0
0.13056,-3.3691,0.12582,-2.9581,3.8649,0
0.13056,-3.2922,0.20819,7.5096,3.2032,0
0.7004,-3.3691,0.26096,1.1379,2.1964,0
1.6501,-4.0617,0.27641,-7.9645,2.3115,0
0.41548,-4.8055,0.28413,0.68281,1.5491,0
-0.34431,-4.985,0.30344,7.0545,2.6854,0
-0.62923,-4.7285,0.36393,-3.6408,2.4841,0
0.13056,-4.7285,0.48363,-6.5991,3.0594,0
0.51046,-5.1646,0.59818,5.0064,3.6779,0
0.7004,-5.0107,0.66768,5.6891,3.4765,0
-0.059385,-4.3694,0.70887,-6.144,4.5696,0
-0.43928,-3.9847,0.69471,-5.9164,3.8361,0
-0.34431,-3.8565,0.63036,6.8269,4.5121,0
0.13056,-3.8052,0.55184,2.7309,4.0231,0
1.4602,-3.2665,0.46818,-7.7369,3.9368,0
1.3652,-2.3944,0.35235,-1.5928,4.6416,0
-0.62923,-1.8302,0.20562,7.282,4.3683,0
1.3652,-1.6763,0.043444,-1.3652,6.008,0
2.5049,-1.9328,-0.067245,-7.9645,5.9217,0
2.125,-1.8815,-0.10972,2.7309,7.0292,0
1.2702,-1.7019,-0.10328,7.0545,7.1155,0
-0.7242,-1.2402,-0.11615,-4.7786,6.6265,0
-1.0091,-0.88114,-0.14447,-7.0542,7.1299,0
-2.5287,-0.95809,-0.17407,5.9167,6.3676,0
-1.389,-0.75289,-0.16249,4.3238,7.6045,0
0.7004,-0.4451,-0.10972,-6.8267,7.4895,0
1.2702,-0.67595,-0.036355,-3.8684,8.0648,0
0.22554,-1.3428,0.024138,6.5994,8.4675,0
-0.53425,-1.7276,0.030574,2.2757,8.036,0
-1.294,-1.9071,0.026712,-8.4196,8.9854,0
-1.1041,-2.2149,0.085918,0.2277,8.0648,0
-0.62923,-2.3175,0.1773,7.5096,8.4963,0
-0.62923,-2.5996,0.23779,-2.2755,7.547,0
-0.62923,-2.5996,0.25324,-7.2818,6.7991,0
-0.62923,-2.1893,0.23651,4.7789,7.1011,0
-1.6739,-1.7019,0.14512,6.3718,6.684,0
-1.8639,-0.95809,0.042157,-6.144,8.4675,0
-1.1991,-0.90679,0.01899,-5.4613,8.4244,0
1.6501,-1.0863,0.037009,6.5994,8.7696,0
1.5552,-0.77854,0.034435,3.6411,7.9354,0
-1.7689,0.27308,0.0048318,-8.192,5.9361,0
-1.484,0.68346,0.0086931,-2.503,5.0587,0
-0.059385,0.19613,0.043444,7.9647,2.7573,0
1.4602,-0.3938,0.060177,0.2277,2.5272,0
2.03,-0.4964,0.064038,-8.192,1.1608,0
0.7004,-0.34251,0.11166,1.8206,0.58544,0
1.4602,-0.72725,0.20433,6.8269,0.024489,0
1.1753,-1.3428,0.27255,-2.9581,-1.7591,0
1.7451,-1.5993,0.28542,-7.9645,-1.7303,0
0.41548,-1.1633,0.26997,2.9584,-2.4063,0
0.51046,-0.4964,0.26482,5.4616,-0.65153,0
0.79538,-0.26556,0.26354,-5.4613,0.31216,0
1.4602,-0.31686,0.20176,-6.3715,0.47037,0
1.5552,0.11918,0.074335,4.5513,0.38407,0
0.13056,0.55522,-0.023484,4.5513,-1.8166,0
-0.43928,1.0426,-0.064671,-5.6889,-3.1974,0
-0.7242,1.3247,-0.087839,-3.6408,-6.4912,0
0.13056,1.7607,-0.10457,7.282,-8.2891,0
2.22,2.2737,-0.15348,2.2757,-9.3535,0
3.5496,2.1711,-0.18694,-7.9645,-10.116,0
1.4602,2.2737,-0.16764,-0.68254,-9.3247,0
-0.24933,2.8124,-0.17279,7.7372,-9.8713,0
-0.7242,2.838,-0.20625,-0.9101,-8.5624,0
0.32051,2.5302,-0.21011,-7.9645,-8.548,0
0.7004,2.6072,-0.15605,1.8206,-8.3898,0
0.035589,2.3763,-0.11229,7.5096,-8.9076,0
-1.294,1.7094,-0.090413,-3.6408,-11.971,0
-1.6739,1.5042,-0.085264,-6.5991,-13.654,0
-0.53425,1.5042,-0.13417,5.9167,-16.445,0
0.32051,1.0682,-0.23714,5.4616,-16.862,0
1.4602,0.60652,-0.32338,-6.5991,-16.934,0
1.5552,0.24743,-0.3504,-4.0959,-16.401,0
0.32051,0.42697,-0.34011,8.1923,-13.597,0
0.41548,0.70911,-0.31308,2.0482,-11.295,0
-0.15436,0.78606,-0.2616,-7.9645,-6.4337,0
-0.43928,0.83736,-0.19982,-0.22742,-2.7803,0
0.13056,0.68346,-0.14704,7.9647,1.132,0
0.7004,0.32437,-0.14061,-1.5928,4.0806,0
0.13056,0.14483,-0.17922,-6.5991,5.0011,0
-1.294,0.47827,-0.17665,3.4135,6.3532,0
0.41548,0.29873,-0.13932,6.3718,5.0587,0
1.8401,-0.16296,-0.14318,-3.8684,5.1881,0
2.125,-0.34251,-0.24358,-5.6889,4.4402,0
2.22,-0.29121,-0.35684,5.9167,4.4114,0
2.315,0.14483,-0.40189,3.186,5.3032,0
2.22,0.37567,-0.33753,-7.5093,5.2025,0
2.22,0.29873,-0.24486,-1.8203,6.9429,0
1.4602,0.11918,-0.25645,7.5096,6.5689,0
1.7451,-0.11166,-0.33753,-0.68254,7.1011,0
-0.43928,-0.13731,-0.37229,-7.7369,6.6265,0
-2.7186,-0.11166,-0.33753,2.7309,5.447,0
-2.7186,0.067882,-0.29635,6.3718,5.5621,0
-0.62923,-0.034715,-0.26803,-4.0959,4.1238,0
0.51046,-0.52205,-0.20239,-7.7369,4.6703,0
0.13056,-0.98374,-0.10071,3.8687,4.1669,0
0.41548,-1.4967,-0.017049,4.3238,4.7566,0
1.3652,-2.1893,0.024138,-7.5093,5.6053,0
0.60543,-2.4201,0.05889,-4.3235,4.958,0
-0.24933,-2.3431,0.10008,7.282,5.26,0
-0.62923,-2.497,0.096215,1.8206,2.8868,0
-1.389,-3.1126,0.073047,-7.9645,1.4053,0
-2.1488,-3.8052,0.043444,0.00013542,-1.155,0
-2.2438,-4.1129,0.031861,6.5994,-3.9166,0
-2.1488,-3.8052,0.046019,-2.503,-5.2686,0
-1.294,-2.6253,0.11552,-7.9645,-7.3398,0
-0.7242,-1.3428,0.21978,3.6411,-6.9083,0
-0.53425,-1.4454,0.29571,6.3718,-7.5268,0
-0.62923,-1.7532,0.35235,-5.2337,-7.2391,0
0.13056,-1.7532,0.37165,-6.144,-7.2823,0
1.5552,-1.6763,0.36908,6.3718,-8.3035,0
1.4602,-2.3688,0.31631,4.3238,-7.7857,0
2.5049,-3.523,0.28542,-6.5991,-8.548,0
3.6446,-4.4464,0.30601,-3.1857,-7.3254,0
2.125,-4.3951,0.34334,8.6474,-6.9658,0
1.8401,-3.8308,0.35363,0.68281,-6.4624,0
0.41548,-4.0873,0.33947,-7.7369,-5.3693,0
0.41548,-4.6516,0.32918,1.3655,-6.1028,0
-0.059385,-5.062,0.34334,6.8269,-5.4556,0
-1.1041,-5.2159,0.34334,-2.2755,-6.3761,0
1.4602,-5.3698,0.30987,-7.2818,-5.7289,0
3.3597,-4.8055,0.24938,4.7789,-4.8227,0
2.8848,-3.7539,0.2172,4.7789,-4.233,0
1.6501,-3.1896,0.22235,-6.5991,-2.4351,0
0.98533,-3.0613,0.21334,-4.3235,-2.7371,0
0.13056,-3.0357,0.17087,6.5994,-2.0611,0
1.2702,-2.9074,0.13354,2.2757,-2.9816,0
0.22554,-2.1636,0.08978,-7.5093,-2.7659,0
-0.34431,-1.7532,0.025425,-1.3652,-1.6008,0
0.41548,-1.7276,-0.044078,7.5096,-1.0687,0
0.60543,-1.5993,-0.0518,-0.45498,0.82996,0
-0.7242,-1.1633,-0.024771,-8.192,0.51352,0
-0.15436,-1.2146,-0.013187,0.2277,1.3334,0
0.60543,-1.5224,-0.023484,7.0545,1.2615,0
0.035589,-1.1376,-0.06081,-2.503,0.88749,0
-2.1488,-1.1889,-0.086552,-7.7369,1.506,0
-3.6684,-1.3172,-0.054374,4.0962,0.67174,0
-0.91415,-0.80419,0.047306,5.0064,2.0382,0
0.41548,-0.80419,0.12582,-6.8267,2.0957,0
0.79538,-1.1633,0.093641,-5.0062,3.1601,0
1.7451,-1.112,0.015128,6.5994,4.1669,0
0.51046,-1.6763,-0.0054649,2.2757,4.3539,0
-0.34431,-2.3944,0.026712,-6.8267,5.9792,0
-0.53425,-2.4714,0.069186,-1.3652,5.4614,0
0.22554,-1.8558,0.11166,8.6474,6.195,0
-0.53425,-1.5993,0.13225,-0.45498,5.8498,0
-3.0985,-1.8302,0.10265,-7.7369,5.3751,0
-3.9533,-2.1636,0.038296,2.2757,5.5333,0
-2.2438,-2.2919,0.013841,7.282,4.2244,0
-0.81917,-2.6509,0.082057,-3.6408,4.9148,0
-1.6739,-2.7535,0.1773,-5.9164,4.2964,0
-1.9589,-2.6509,0.23779,5.6891,5.2457,0
-1.9589,-2.8561,0.24037,5.234,6.3532,0
-1.9589,-3.01,0.21849,-6.5991,6.7128,0
-1.389,-2.9844,0.23522,-3.6408,8.2518,0
0.32051,-2.9074,0.2867,6.8269,7.7484,0
2.22,-3.1126,0.34205,2.5033,8.6833,0
2.315,-3.3691,0.44244,-7.9645,8.0504,0
1.6501,-3.3691,0.52739,0.2277,7.4751,0
0.89035,-3.0613,0.51194,8.1923,7.6045,0
0.7004,-2.4201,0.4064,-0.9101,6.5977,0
0.79538,-1.9328,0.30601,-7.7369,7.4463,0
0.98533,-1.4711,0.24294,3.186,6.5114,0
1.6501,-1.548,0.2069,6.1442,6.5689,0
3.9295,-1.3685,0.17601,-5.6889,6.0511,0
2.9798,-0.90679,0.15027,-6.8267,4.6847,0
0.89035,-0.3938,0.11938,5.9167,4.4402,0
0.51046,-0.47075,0.097502,4.5513,2.6854,0
0.51046,0.042233,0.053741,-7.0542,3.1457,0
0.79538,1.0682,-0.0518,-4.3235,2.8436,0
0.7004,1.9146,-0.2114,7.282,3.1025,0
-1.0091,2.1198,-0.371,1.5931,3.3471,0
-1.8639,1.8377,-0.42506,-8.6471,2.0238,0
-1.294,1.6068,-0.38387,-1.3652,1.9662,0
0.035589,1.8633,-0.35555,7.282,0.053256,0
0.60543,2.3507,-0.35813,-1.8203,-0.018661,0
0.79538,2.8893,-0.33625,-8.4196,-0.39263,0
0.7004,3.0432,-0.26803,2.7309,-0.52208,0
0.035589,3.0175,-0.2217,5.9167,0.096406,0
-1.294,2.6841,-0.21397,-4.7786,-1.155,0
-1.0091,2.1968,-0.22041,-6.3715,-1.0543,0
-0.7242,1.2221,-0.24615,5.4616,-2.5933,0
-0.43928,0.093531,-0.28734,3.6411,-2.9816,0
-0.81917,-0.4451,-0.30021,-7.2818,-3.5282,0
-1.484,-0.16296,-0.28862,-3.8684,-4.3481,0
-1.1041,-0.11166,-0.25387,7.9647,-3.6577,0
-1.484,-0.62465,-0.17922,1.3655,-4.2761,0
-2.9086,-1.2402,-0.090413,-8.192,-2.9816,0
-1.8639,-1.1633,-0.050513,0.2277,-3.0104,0
0.7004,-0.47075,-0.024771,7.9647,-3.0679,0
1.0803,-0.26556,0.013841,-2.7306,-3.1399,0
0.035589,-0.086014,0.051167,-7.5093,-4.722,0
-0.53425,0.19613,0.044732,3.6411,-4.4775,0
-0.7242,-0.034715,0.029286,6.3718,-5.3693,0
-1.6739,-0.36816,0.055028,-5.4613,-4.3337,0
-2.7186,-0.47075,0.091067,-5.4613,-3.5714,0
-0.91415,-0.29121,0.13225,6.5994,-3.7296,0
1.3652,-0.31686,0.17473,3.8687,-3.3412,0
2.125,-0.599,0.23393,-7.5093,-4.8803,0
0.7004,-0.93244,0.30086,-2.7306,-4.4056,0
-0.43928,-0.72725,0.30987,7.7372,-4.8659,0
0.13056,-0.11166,0.26868,1.8206,-4.1467,0
1.5552,0.45262,0.23007,-8.192,-2.8522,0
1.3652,-0.34251,0.23651,0.45525,-2.8953,0
0.89035,-1.4711,0.32918,7.9647,-1.5433,0
-0.059385,-1.8045,0.43858,-2.0479,-2.3775,0
0.41548,-1.548,0.47977,-8.4196,-1.8454,0
0.7004,-0.93244,0.40126,2.5033,-2.0755,0
-0.059385,-0.93244,0.26997,6.5994,-2.6796,0
0.32051,-0.77854,0.16829,-4.3235,-2.0611,0
-0.24933,-0.26556,0.15285,-6.8267,-2.7515,0
1.0803,0.27308,0.12839,4.7789,-1.5289,0
0.32051,0.45262,0.084631,4.0962,-1.8454,0
-1.0091,0.42697,0.11037,-6.144,-1.8022,0
-1.7689,0.60652,0.19017,-4.0959,-1.5002,0
-2.1488,0.88866,0.23393,7.0545,-2.0467,0
-1.294,1.0426,0.16572,2.5033,-0.72345,0
-0.62923,1.2221,0.034435,-7.5093,-1.155,0
-1.484,1.8633,-0.063384,-1.5928,-0.004278,0
-0.15436,2.325,-0.076255,6.8269,0.54229,0
1.3652,1.9146,0.0061189,-1.5928,0.52791,0
1.3652,1.6581,0.12582,-7.5093,1.2902,0
0.98533,1.7094,0.18631,2.7309,-0.13373,0
0.89035,1.4273,0.19017,6.1442,-0.090578,0
-0.24933,1.1452,0.20819,-5.4613,-1.1837,0
-1.389,1.1195,0.23136,-6.5991,-1.2556,0
-1.9589,1.3247,0.19918,4.5513,-0.57961,0
-2.4337,1.4016,0.13097,5.234,-0.52208,0
-1.1041,1.0939,0.091067,-5.6889,1.0313,0
0.13056,0.86301,0.08978,-3.6408,0.64298,0
1.4602,0.37567,0.070473,7.282,1.3478,0
-0.34431,0.093531,0.04087,1.8206,1.1032,0
-1.6739,-0.0090658,0.039583,-7.2818,0.81558,0
-1.1991,0.22178,0.015128,1.3655,1.621,0
-1.484,0.63217,-0.02992,7.7372,1.5204,0
-2.1488,0.96561,-0.024771,-1.5928,3.4334,0
-1.484,1.0682,0.011267,-7.9645,3.7786,0
-0.059385,1.1195,0.038296,4.5513,4.2964,0
1.5552,1.2221,0.060177,5.9167,3.9943,0
1.1753,1.0426,0.042157,-5.9164,2.6135,0
1.0803,0.52957,0.035722,-4.7786,2.8724,0
1.8401,0.067882,0.10394,6.3718,1.8799,0
2.03,0.27308,0.15156,3.6411,2.9012,0
1.5552,0.37567,0.15671,-6.8267,2.858,0
0.13056,0.19613,0.14126,-2.503,3.1313,0
-0.43928,-0.29121,0.085918,7.282,3.6779,0
-0.62923,-0.75289,0.020277,-0.22742,2.4984,0
1.0803,-0.4451,-0.017049,-7.2818,2.9587,0
2.8848,0.32437,-0.00031657,2.0482,2.0813,0
3.6446,1.0426,-0.017049,5.9167,3.1025,0
4.0245,0.99126,-0.071106,-4.3235,3.9799,0
3.7396,0.65782,-0.074968,-7.0542,4.469,0
3.8345,0.29873,-0.0028907,4.3238,6.2237,0
3.8345,0.60652,0.053741,4.3238,6.0943,0
3.7396,1.5299,-0.018336,-6.5991,7.2306,0
2.125,2.1711,-0.14704,-5.0062,6.7703,0
0.98533,2.1198,-0.22041,6.8269,6.7128,0
1.4602,1.6325,-0.20882,1.8206,6.5402,0
1.3652,1.2477,-0.15605,-8.8747,5.4902,0
-0.7242,0.93996,-0.083977,-1.1377,6.382,0
-1.0091,1.0682,-0.0119,7.5096,5.8642,0
0.035589,1.5299,-0.024771,-0.22742,6.871,0
0.51046,2.1198,-0.13932,-7.2818,6.8566,0
0.035589,2.2737,-0.23843,2.0482,6.2525,0
-0.62923,2.0685,-0.21912,6.8269,6.5114,0
-0.81917,1.3503,-0.076255,-4.3235,5.3895,0
-1.389,0.37567,0.074335,-7.2818,5.9073,0
-2.2438,0.042233,0.15285,5.6891,4.8285,0
-1.1041,0.32437,0.1773,4.7789,5.4183,0
0.60543,0.60652,0.14126,-7.2818,6.4107,0
-1.389,0.47827,0.052454,-3.6408,6.4683,0
-3.0985,0.73476,-0.019623,8.1923,7.2018,0
-0.15436,1.2734,-0.04279,1.5931,5.519,0
2.5999,1.4273,-0.069819,-7.7369,5.4039,0
2.5049,1.3503,-0.102,0.68281,4.7135,0
1.4602,0.99126,-0.083977,7.9647,4.9148,0
2.6949,0.73476,-0.041503,-2.9581,5.7491,0
3.7396,0.37567,-0.017049,-7.2818,5.26,0
2.9798,0.24743,-0.0054649,3.8687,5.8498,0
3.2647,0.86301,0.030574,5.6891,4.282,0
2.8848,1.1708,0.10008,-5.9164,4.0662,0
1.5552,1.0939,0.15027,-5.9164,3.1745,0
0.89035,1.0426,0.20819,7.7372,2.4984,0
0.7004,0.76041,0.297,3.4135,3.3183,0
0.79538,0.58087,0.37165,-7.5093,2.8005,0
0.89035,0.37567,0.37551,-2.0479,3.9799,0
1.7451,0.042233,0.30472,8.4198,3.045,0
0.51046,-0.21426,0.24423,0.00013542,2.9299,0
-0.34431,-0.47075,0.26354,-8.4196,2.7286,0
0.13056,-0.57335,0.35363,0.45525,2.2971,0
-0.15436,-0.599,0.38195,7.5096,3.4477,0
0.22554,-0.77854,0.33561,-2.9581,2.6854,0
0.60543,-1.112,0.25581,-7.7369,3.2464,0
-0.24933,-0.98374,0.22364,3.6411,2.6567,0
-0.7242,-0.82984,0.2468,5.234,2.4697,0
-1.6739,-1.0607,0.27383,-5.9164,3.0594,0
-0.24933,-1.4198,0.25968,-5.4613,2.6135,0
0.51046,-1.4454,0.21077,6.3718,4.1381,0
1.4602,-0.5477,0.13483,2.9584,4.1669,0
1.2702,0.19613,0.061464,-6.8267,5.5046,0
-1.6739,0.11918,0.013841,-1.8203,5.9217,0
-1.6739,-0.0090658,-0.022197,7.7372,5.5477,0
-0.81917,0.17048,-0.050513,0.2277,6.1806,0
-0.7242,0.11918,-0.13675,-8.4196,5.0155,0
-2.4337,0.22178,-0.2809,2.0482,5.9648,0
-3.5734,0.24743,-0.42892,8.1923,5.9073,0
-3.7634,0.067882,-0.50357,-4.0959,6.5977,0
-4.4282,-0.23991,-0.52545,-6.3715,7.2162,0
-4.1432,-0.5477,-0.55248,6.3718,6.3532,0
-3.1935,-0.16296,-0.60782,4.3238,6.6696,0
-3.2885,0.27308,-0.61555,-7.7369,4.9005,0
-5.188,0.32437,-0.51515,-3.6408,4.584,0
-4.7131,0.29873,-0.38644,7.7372,4.1525,0
-0.34431,0.68346,-0.3015,2.5033,3.6635,0
3.4546,0.68346,-0.2513,-7.9645,4.2244,0
4.1195,0.32437,-0.24615,0.00013542,3.0882,0
3.0747,0.29873,-0.26031,7.7372,3.4477,0
1.7451,0.22178,-0.26803,-0.9101,2.1245,0
1.8401,-0.29121,-0.26803,-7.2818,1.693,0
2.125,-0.26556,-0.30021,2.7309,1.621,0
3.0747,0.32437,-0.37229,6.1442,1.0745,0
3.5496,0.50392,-0.48812,-5.6889,2.369,0
2.125,0.40132,-0.58465,-6.144,1.808,0
1.1753,0.65782,-0.57565,5.9167,2.4121,0
-0.059385,1.0426,-0.47525,4.5513,1.808,0
0.41548,1.299,-0.3311,-7.5093,0.71489,0
3.4546,1.5555,-0.19982,-2.9581,0.28339,0
3.9295,1.9916,-0.12774,7.282,-1.5865,0
3.2647,1.7864,-0.14447,0.45525,-1.1981,0
1.6501,1.7351,-0.21526,-8.4196,-1.6728,0
1.9351,2.1711,-0.24872,1.1379,-0.70906,0
1.3652,2.2481,-0.22813,7.282,-0.37825,0
0.32051,1.5042,-0.21011,-3.1857,-1.2988,0
-2.0538,0.88866,-0.21912,-7.7369,-1.2988,0
-0.7242,1.0426,-0.2114,3.6411,-2.8522,0
0.41548,1.2221,-0.15348,4.7789,-2.0323,0
-0.81917,0.99126,-0.080116,-6.3715,-2.3775,0
-0.24933,0.76041,-0.032494,-5.2337,-2.2769,0
1.4602,0.68346,-0.023484,7.0545,-2.1474,0
1.2702,0.68346,-0.019623,2.9584,-3.183,0
1.6501,0.27308,-0.017049,-7.7369,-2.5501,0
0.41548,0.067882,-0.006752,-1.8203,-3.744,0
-1.1991,0.40132,-0.023484,7.7372,-3.2118,0
-3.7634,0.42697,-0.072394,0.45525,-3.2693,0
-3.1935,0.14483,-0.13417,-7.7369,-3.3268,0
-2.6237,-0.0090658,-0.20882,0.68281,-2.507,0
-1.294,0.24743,-0.29249,7.282,-3.0967,0
-0.7242,0.50392,-0.37743,-2.0479,-1.5433,0
-1.484,0.50392,-0.39159,-7.9645,-1.5433,0
-0.53425,0.19613,-0.35684,4.3238,-1.083,0
-0.24933,0.093531,-0.33625,5.9167,-1.1693,0
-2.3388,0.55522,-0.35813,-5.2337,-2.3488,0
-3.0985,0.93996,-0.42377,-5.2337,-1.8166,0
-1.0091,0.88866,-0.49713,6.5994,-2.7803,0
2.03,0.78606,-0.53703,3.8687,-1.7878,0
2.4099,0.99126,-0.49713,-6.5991,-1.457,0
-0.15436,0.76041,-0.35427,-2.0479,-1.1693,0
-1.579,0.14483,-0.15091,6.8269,-0.60838,0
-1.1991,-0.31686,0.0086931,1.8206,-1.946,0
-0.059385,-0.47075,0.094928,-7.9645,-1.8741,0
0.79538,-0.7016,0.074335,0.2277,-3.4275,0
0.13056,-0.5477,-0.040216,7.0545,-2.9673,0
-0.24933,-0.23991,-0.11487,-2.9581,-2.8666,0
0.32051,-0.34251,-0.062097,-7.5093,-3.2118,0
2.315,-0.62465,0.055028,4.0962,-2.6364,0
2.7898,-0.75289,0.15156,5.6891,-3.6864,0
1.4602,-0.47075,0.20176,-6.3715,-2.6652,0
0.89035,-0.62465,0.20047,-5.4613,-2.7084,0
0.035589,-1.0094,0.14384,6.3718,-2.1186,0
-2.4337,-1.3428,0.033148,1.8206,-1.7447,0
-3.5734,-1.3428,-0.10328,-8.192,-2.7227,0
-1.8639,-1.0863,-0.19595,-2.2755,-2.3775,0
-1.0091,-1.2146,-0.23972,7.0545,-3.6577,0
0.22554,-1.4967,-0.21397,-1.5928,-3.2262,0
3.0747,-1.625,-0.15734,-8.8747,-3.4707,0
3.0747,-1.625,-0.12774,2.2757,-3.8446,0
1.1753,-1.5224,-0.10972,6.3718,-3.1542,0
1.3652,-1.4198,-0.064671,-4.0959,-3.8015,0
1.6501,-1.3941,-0.045365,-7.0542,-2.4063,0
-1.1041,-1.3941,-0.02992,5.6891,-2.5789,0
-3.0036,-1.5993,0.026712,5.234,-1.6008,0
0.60543,-2.061,0.11552,-6.144,-1.2413,0
1.9351,-1.7019,0.17344,-4.5511,-1.7159,0
0.7004,-0.77854,0.18245,7.5096,-1.0974,0
-1.294,-0.85549,0.13225,2.7309,-2.018,0
-1.9589,-0.72725,0.042157,-7.0542,-1.1262,0
-1.1991,-0.47075,-0.031207,-0.45498,-1.3995,0
-1.7689,-0.62465,-0.067245,7.7372,-1.7591,0
-2.9086,-0.7016,-0.077542,-2.0479,-1.9748,0
-2.7186,-0.29121,-0.076255,-8.4196,-3.6289,0
-0.53425,0.067882,-0.087839,2.5033,-3.3125,0
2.125,0.067882,-0.068532,7.282,-4.1035,0
2.315,-0.13731,-0.086552,-3.6408,-3.1542,0
0.89035,-0.21426,-0.12903,-6.144,-2.7227,0
1.3652,-0.11166,-0.14061,6.5994,-3.0823,0
2.9798,-0.18861,-0.10328,4.3238,-2.7515,0
1.7451,0.093531,-0.11873,-5.6889,-4.3481,0
-0.62923,1.0169,-0.26417,-2.0479,-4.0604,0
-1.6739,2.1198,-0.49327,6.8269,-5.1967,0
-1.1041,2.7611,-0.59366,1.8206,-5.3837,0
-0.15436,2.5302,-0.5203,-7.5093,-5.3837,0
-0.059385,2.1711,-0.39288,1.1379,-5.9734,0
-0.43928,2.3507,-0.34654,7.5096,-4.5926,0
-1.6739,2.3763,-0.35427,-2.7306,-4.6501,0
-3.0036,2.0172,-0.35427,-7.0542,-3.4275,0
-1.6739,1.7607,-0.36199,4.0962,-3.7583,0
-1.0091,1.4016,-0.37615,5.9167,-4.5351,0
-0.7242,0.91431,-0.32595,-7.0542,-4.4775,0
-1.294,0.32437,-0.21397,-5.2337,-5.3261,0
-0.24933,0.016583,-0.15091,7.0545,-4.2186,0
1.2702,0.11918,-0.19338,2.5033,-4.9666,0
1.2702,0.14483,-0.22298,-8.192,-4.6645,0
-1.294,-0.086014,-0.16893,-2.2755,-4.6933,0
-1.389,-0.7016,-0.056948,7.5096,-4.9522,0
-0.059385,-1.1889,0.085918,-0.9101,-3.7296,0
0.7004,-1.6506,0.24037,-8.4196,-4.4344,0
1.5552,-1.5993,0.29057,2.7309,-3.859,0
1.3652,-1.3172,0.25968,6.8269,-4.8371,0
1.8401,-1.2659,0.26482,-5.0062,-5.2111,0
2.03,-0.98374,0.30987,-5.6889,-4.8371,0
1.4602,-0.75289,0.3369,5.4616,-5.3118,0
0.035589,-0.82984,0.31759,3.186,-3.9309,0
-1.389,-0.57335,0.28284,-7.7369,-4.4919,0
-1.8639,-0.26556,0.2674,-4.3235,-4.0029,0
-1.389,-0.29121,0.31631,7.0545,-4.6214,0
-0.81917,-0.34251,0.41155,2.2757,-5.3405,0
-0.62923,0.042233,0.50937,-7.9645,-4.9522,0
0.32051,0.067882,0.62778,-0.45498,-5.6426,0
1.4602,-0.23991,0.73719,7.7372,-4.4344,0
2.22,-0.4964,0.78481,-1.8203,-4.7508,0
1.4602,-0.5477,0.76293,-7.9645,-4.1898,0
1.8401,-0.599,0.7153,4.3238,-3.557,0
0.51046,-0.4964,0.69857,6.8269,-3.557,0
-1.1041,-0.31686,0.6664,-5.0062,-2.1906,0
-1.294,-0.36816,0.58402,-5.9164,-3.0248,0
-0.7242,-0.34251,0.47719,5.9167,-2.5214,0
-0.53425,-0.4451,0.36908,3.8687,-3.0536,0
-1.484,-0.18861,0.23522,-7.2818,-2.881,0
-0.91415,0.067882,0.12711,-2.2755,-1.3563,0
0.035589,0.19613,0.04087,8.6474,-0.98235,0
0.79538,-0.086014,-0.019623,0.2277,0.68613,0
1.3652,-0.5477,-0.044078,-8.4196,-0.19126,0
0.41548,-0.086014,-0.072394,0.68281,-0.73783,0
-1.8639,0.93996,-0.13675,7.0545,-1.8022,0
-1.6739,1.7864,-0.21011,-3.1857,-2.8234,0
-0.91415,1.9403,-0.27961,-6.5991,-1.8741,0
-2.5287,1.6838,-0.29249,4.0962,-2.018,0
-1.6739,1.6581,-0.20625,6.1442,-0.56523,0
-1.1041,1.4529,-0.090413,-5.6889,-0.96797,0
-2.5287,1.1195,-0.033781,-4.3235,-1.155,0
-2.5287,0.93996,-0.062097,7.0545,-1.0543,0
-2.0538,1.0939,-0.102,3.186,-1.3419,0
-1.1991,1.0169,-0.072394,-8.6471,0.22586,0
1.8401,-0.0090658,0.00097052,-2.0479,0.34092,0
4.3094,-1.112,0.069186,8.1923,1.9519,0
4.4044,-1.8045,0.15928,-0.22742,2.4265,0
2.22,-2.0354,0.25324,-8.8747,2.9443,0
0.22554,-1.7789,0.2571,0.91037,3.7642,0
0.32051,-1.4454,0.20819,7.282,2.8293,0
1.5552,-0.98374,0.15027,-3.1857,3.3902,0
0.32051,-0.599,0.069186,-7.5093,2.5272,0
-0.24933,-0.23991,-0.014475,4.0962,3.2176,0
-0.7242,-0.18861,-0.067245,5.0064,3.534,0
0.22554,-0.4451,-0.10714,-6.8267,3.0306,0
0.51046,-0.85549,-0.13031,-4.7786,3.6779,0
-0.91415,-1.0094,-0.12645,7.7372,2.5272,0
0.035589,-0.95809,-0.095561,3.186,3.2608,0
0.7004,-0.95809,-0.041503,-6.5991,3.232,0
0.035589,-0.57335,0.0061189,-1.1377,3.5197,0
0.32051,-0.36816,0.029286,8.4198,4.5696,0
1.5552,-0.47075,0.007406,0.68281,3.9943,0
1.4602,-0.034715,-0.031207,-8.192,4.7422,0
-0.059385,0.35002,-0.10457,2.9584,3.1457,0
-1.1991,0.50392,-0.18308,7.0545,2.4265,0
-1.1991,1.1452,-0.17536,-3.6408,1.2615,0
-0.7242,2.1968,-0.072394,-7.2818,0.42722,0
0.22554,2.7611,0.024138,4.7789,1.4197,0
1.5552,2.6585,0.030574,5.6891,1.0457,0
1.9351,2.3763,-0.019623,-6.8267,2.0238,0
0.60543,2.2737,-0.064671,-4.3235,0.72928,0
-1.1991,2.0429,-0.094274,7.0545,-0.018661,0
-1.0091,1.7094,-0.1419,2.9584,-0.56523,0
-0.81917,1.889,-0.20754,-8.192,-1.2988,0
-1.579,2.0429,-0.27189,-1.5928,0.19709,0
-2.7186,1.9146,-0.25259,7.9647,0.096406,0
-1.579,1.7351,-0.14318,-1.1377,1.3334,0
-0.059385,1.4786,-0.037642,-8.4196,0.70051,0
1.6501,1.1195,0.013841,2.5033,-0.34948,0
-0.24933,1.0169,0.037009,6.5994,-0.98235,0
-1.579,0.99126,0.069186,-4.3235,-2.4351,0
-1.1041,0.73476,0.1078,-6.5991,-1.5145,0
-0.81917,0.32437,0.19146,5.4616,-1.7591,0
-0.62923,0.24743,0.28413,3.186,-0.86728,0
-0.81917,0.067882,0.30086,-7.9645,-0.96797,0
-1.389,-0.21426,0.28928,-3.6408,-2.3919,0
-0.43928,-0.599,0.30472,7.5096,-2.7947,0
1.6501,-1.035,0.3768,-0.45498,-4.5782,0
3.0747,-1.3941,0.45531,-7.7369,-4.1323,0
3.6446,-1.7276,0.4965,0.91037,-4.5063,0
2.125,-1.7276,0.43729,7.0545,-4.3193,0
0.22554,-1.3172,0.2867,-3.1857,-3.6001,0
0.41548,-0.57335,0.18245,-7.2818,-4.0029,0
1.4602,0.11918,0.16314,4.5513,-2.9673,0
-0.43928,0.50392,0.16186,5.234,-4.0316,0
-0.81917,0.50392,0.13611,-6.3715,-3.9885,0
1.6501,0.35002,0.093641,-4.5511,-4.6357,0
3.5496,0.63217,0.021564,6.8269,-5.3837,0
0.13056,1.0169,-0.068532,1.8206,-5.0385,0
-1.389,1.3503,-0.1419,-7.5093,-6.1604,0
-2.0538,1.4273,-0.12903,-0.9101,-5.3261,0
-3.0985,1.1708,-0.08269,8.4198,-5.8727,0
-2.5287,0.73476,-0.077542,-0.9101,-5.3837,0
0.32051,0.17048,-0.089126,-7.0542,-5.0385,0
2.7898,-0.31686,-0.13675,3.6411,-5.7576,0
1.7451,-0.85549,-0.21783,6.8269,-5.0097,0
1.1753,-1.035,-0.25259,-4.5511,-5.8583,0
0.7004,-0.93244,-0.24615,-5.4613,-4.5638,0
-0.059385,-0.88114,-0.23071,7.282,-4.233,0
0.13056,-0.95809,-0.19338,3.8687,-3.7871,0
0.7004,-1.2146,-0.13546,-7.2818,-3.4707,0
0.7004,-1.548,-0.024771,-2.0479,-5.0385,0
-1.0091,-1.4711,0.082057,7.282,-5.1535,0
-1.7689,-1.0094,0.13869,1.1379,-6.7501,0
-2.1488,-0.67595,0.17473,-7.5093,-6.635,0
-0.24933,-0.77854,0.25968,0.45525,-6.5343,0
1.4602,-1.035,0.37165,7.5096,-6.2898,0
2.03,-0.5477,0.42957,-3.1857,-4.8515,0
1.5552,-0.034715,0.46561,-8.4196,-5.3981,0
0.89035,0.24743,0.51066,3.4135,-4.6645,0
0.7004,0.37567,0.55828,6.1442,-5.585,0
-0.059385,0.86301,0.57887,-5.6889,-5.3118,0
0.22554,1.0169,0.5866,-5.9164,-4.7508,0
1.5552,1.1195,0.58917,6.8269,-4.9234,0
2.125,1.5299,0.56986,2.7309,-3.744,0
2.125,2.1711,0.48363,-8.4196,-4.8083,0
1.4602,2.402,0.36779,-3.1857,-4.7364,0
0.89035,1.9146,0.28027,7.7372,-5.8727,0
1.6501,0.93996,0.21205,0.68281,-6.3474,0
0.51046,0.50392,0.12453,-7.7369,-5.6857,0
-0.62923,0.27308,0.0086931,0.00013542,-6.0597,0
1.7451,-0.060364,-0.080116,6.8269,-4.7364,0
1.6501,-0.95809,-0.099422,-3.1857,-5.5419,0
0.22554,-1.9071,-0.11615,-7.7369,-5.4412,0
0.41548,-2.2919,-0.12388,4.0962,-5.657,0
0.60543,-1.7276,-0.12388,5.234,-5.8727,0
-2.5287,-0.7016,-0.15734,-6.5991,-4.5063,0
-2.7186,-0.0090658,-0.19209,-5.6889,-4.9234,0
0.13056,-0.0090658,-0.21397,6.5994,-3.8734,0
0.7004,-0.0090658,-0.20368,2.9584,-4.3625,0
-1.7689,0.70911,-0.23457,-8.4196,-4.2905,0
-2.5287,0.86301,-0.3208,-2.503,-3.9022,0
-1.389,0.47827,-0.30407,8.4198,-4.7652,0
-0.81917,-0.086014,-0.14447,0.45525,-4.2042,0
-0.62923,-0.29121,-0.0054649,-8.192,-5.6426,0
0.22554,0.14483,0.0022576,0.91037,-5.7864,0
0.60543,0.52957,-0.08269,7.7372,-6.3761,0
-0.059385,0.88866,-0.1715,-2.503,-6.5056,0
2.125,0.91431,-0.26417,-7.2818,-4.722,0
4.3094,0.37567,-0.38644,4.5513,-4.2618,0
3.5496,0.32437,-0.44822,6.3718,-2.7227,0
-0.059385,0.73476,-0.39159,-4.7786,-3.6577,0
-1.6739,0.96561,-0.30278,-4.3235,-4.1035,0
-1.1041,0.63217,-0.25516,7.5096,-4.6789,0
1.7451,0.32437,-0.23714,3.4135,-5.4124,0
0.89035,0.19613,-0.20368,-7.2818,-4.2042,0
-1.1041,0.11918,-0.13546,-2.503,-4.046,0
-1.1991,-0.4451,-0.04279,7.0545,-2.2625,0
-0.81917,-1.1633,-0.006752,-0.45498,-1.9317,0
-1.484,-1.3172,-0.022197,-7.7369,-2.018,0
-0.15436,-0.95809,-0.055661,0.2277,-1.8597,0
2.315,-0.599,-0.094274,6.8269,-2.809,0
1.7451,-0.086014,-0.17665,-3.1857,-1.4714,0
0.98533,0.55522,-0.23199,-7.5093,-1.3132,0
1.0803,0.78606,-0.16893,2.9584,0.13956,0
0.89035,0.70911,-0.026058,5.0064,0.65736,0
0.79538,0.35002,0.062751,-5.2337,0.45599,0
-0.15436,-0.62465,0.12453,-5.4613,1.4916,0
-2.3388,-1.4967,0.22879,6.1442,1.0026,0
-1.389,-1.4454,0.2867,3.186,1.8368,0
-0.059385,-0.57335,0.23136,-8.192,0.91626,0
1.6501,-0.36816,0.15671,-3.1857,0.68613,0
0.60543,-0.62465,0.096215,7.7372,1.0889,0
-0.53425,-0.82984,0.047306,0.68281,1.2327,0
-1.6739,-0.599,0.10136,-8.6471,3.1601,0
-1.1041,-0.31686,0.23651,0.45525,2.9587,0
0.035589,-0.7016,0.30987,7.282,3.534,0
-0.43928,-1.2146,0.32403,-1.8203,2.5991,0
-1.294,-1.3172,0.35363,-7.7369,1.2615,0
-2.0538,-1.2915,0.34848,4.5513,0.68613,0
-0.43928,-1.6763,0.28156,6.3718,-0.75222,0
-0.43928,-1.5224,0.21978,-4.7786,0.61421,0
-1.484,-1.0094,0.19146,-5.0062,0.74366,0
-2.7186,-1.035,0.13869,6.1442,1.6067,0
-3.7634,-1.1633,0.065325,3.8687,1.4484,0
-2.7186,-0.67595,0.037009,-7.0542,0.010105,0
-1.579,-0.47075,0.08077,-1.5928,0.21147,0
-1.6739,-0.75289,0.10651,7.282,-0.79537,0
-3.8583,-0.5477,0.10008,0.2277,0.22586,0
-2.8136,-0.086014,0.13225,-7.9645,-0.061812,0
-0.62923,0.32437,0.15285,1.8206,-0.004278,0
3.1697,0.17048,0.15928,7.5096,0.44161,0
4.0245,0.11918,0.19017,-4.5511,-0.29195,0
3.2647,0.63217,0.20047,-6.144,0.68613,0
2.4099,1.3503,0.17215,6.1442,0.024489,0
2.125,1.7607,0.084631,4.5513,0.65736,0
1.9351,1.6581,-0.047939,-7.2818,0.54229,0
0.7004,1.2734,-0.1715,-3.4133,-0.10496,0
-0.24933,1.376,-0.24872,7.282,0.038872,0
-0.81917,1.3247,-0.20625,2.0482,-1.2125,0
-1.579,0.99126,-0.10843,-7.2818,-0.66591,0
-1.294,0.76041,-0.068532,0.45525,-1.5577,0
-0.81917,0.73476,-0.077542,7.5096,-1.5577,0
-0.53425,1.1452,-0.098135,-1.5928,-1.6296,0
0.32051,1.5299,-0.074968,-7.9645,-2.4063,0
1.6501,1.4786,-0.010613,2.9584,-1.644,0
2.9798,1.5299,0.052454,5.9167,-2.4495,0
1.1753,1.812,0.069186,-5.4613,-1.6871,0
-1.0091,1.6581,0.042157,-6.3715,-2.1474,0
-0.81917,1.3247,-0.0028907,6.3718,-2.3919,0
1.6501,1.1965,-0.08269,2.7309,-1.7303,0
1.4602,0.76041,-0.17793,-7.7369,-1.8885,0
0.22554,0.63217,-0.23457,-2.2755,0.024489,0
0.41548,0.68346,-0.2809,7.282,0.19709,0
1.6501,1.2477,-0.37615,0.2277,1.0026,0
1.3652,1.9146,-0.48169,-7.2818,0.85873,0
0.98533,1.812,-0.46367,1.8206,0.067639,0
-0.059385,1.812,-0.32338,7.5096,0.65736,0
0.41548,1.9916,-0.22298,-4.0959,-0.11935,0
0.60543,1.7607,-0.21397,-6.5991,0.77243,0
0.60543,1.5299,-0.23972,5.4616,0.12517,0
0.60543,1.4786,-0.23328,5.4616,-0.11935,0
1.6501,1.299,-0.2217,-6.5991,-0.14811,0
0.51046,0.96561,-0.20239,-4.0959,-1.1118,0
-0.43928,0.37567,-0.12259,7.7372,0.038872,0
1.1753,-0.47075,-0.033781,2.9584,-0.27756,0
1.3652,-0.77854,0.01899,-7.5093,1.1608,0
0.13056,-0.72725,0.043444,-0.68254,1.4053,0
-1.294,-0.85549,0.035722,7.282,0.98818,0
-1.484,-0.72725,0.0022576,-1.1377,0.98818,0
-1.6739,-0.95809,0.016416,-7.2818,-0.82413,0
-2.0538,-1.2146,0.088493,2.7309,-0.70906,0
-2.3388,-1.4711,0.13483,6.3718,-1.8885,0
-1.389,-1.0094,0.087205,-5.0062,-1.6152,0
-1.7689,-0.29121,-0.024771,-6.8267,-1.155,0
-1.8639,0.19613,-0.12259,5.4616,-1.7591,0
0.60543,0.60652,-0.1612,4.0962,-1.3995,0
3.8345,1.0939,-0.15219,-7.7369,-2.8953,0
4.0245,1.4016,-0.14962,-2.9581,-2.4782,0
2.03,1.5042,-0.17021,7.282,-3.0104,0
0.22554,1.7351,-0.18566,0.91037,-3.183,0
-1.1041,1.6068,-0.17536,-8.192,-2.9673,0
2.5049,0.99126,-0.1612,1.3655,-3.859,0
3.7396,0.35002,-0.1715,7.282,-3.183,0
2.03,0.40132,-0.20625,-3.6408,-4.1323,0
0.22554,0.93996,-0.22942,-6.8267,-3.37,0
-0.43928,1.4016,-0.24358,3.6411,-3.4563,0
-1.6739,1.9403,-0.24229,5.4616,-3.4275,0
-2.0538,2.3763,-0.241,-5.9164,-3.1686,0
-3.0985,2.3763,-0.27318,-4.5511,-4.6357,0
-2.0538,2.2737,-0.3105,6.5994,-4.4919,0
-1.0091,2.3763,-0.36971,3.4135,-5.5275,0
-1.6739,2.2481,-0.39288,-7.7369,-4.6933,0
-1.8639,1.3503,-0.3504,-2.2755,-4.0892,0
-1.389,0.55522,-0.2809,7.7372,-4.2618,0
-1.579,0.45262,-0.23972,0.00013542,-3.4851,0
-2.0538,-0.034715,-0.17665,-8.6471,-4.3049,0
-0.24933,-0.72725,-0.081403,1.8206,-3.0823,0
1.5552,-0.93244,-0.019623,6.8269,-2.9241,0
-0.34431,-0.57335,0.015128,-4.5511,-2.1474,0
-3.4784,-0.29121,0.055028,-6.5991,-0.95358,0
-2.5287,-0.26556,0.092354,5.4616,-1.1693,0
-1.0091,-0.57335,0.085918,5.234,-0.033045,0
1.2702,-0.95809,0.046019,-6.8267,-0.95358,0
1.0803,-1.0863,0.016416,-3.8684,-0.26318,0
-1.389,-1.2402,0.039583,7.7372,0.12517,0
-0.81917,-0.93244,0.05889,1.1379,0.38407,0
1.2702,-0.4964,0.053741,-7.9645,1.7217,0
1.2702,-0.6503,0.098789,-0.45498,1.1032,0
0.035589,-0.77854,0.18245,7.7372,2.0382,0
0.51046,-0.67595,0.22879,-1.5928,1.2758,0
3.2647,-0.57335,0.20948,-7.7369,1.2327,0
5.829,-0.31686,0.15671,4.5513,1.4484,0
4.9742,0.35002,0.10522,6.3718,0.75804,0
3.3597,0.42697,0.088493,-4.7786,1.7649,0
3.3597,-0.16296,0.11295,-5.9164,1.0169,0
1.8401,-0.5477,0.14512,6.5994,2.0813,0
-0.62923,-0.4964,0.15027,3.6411,2.369,0
-1.8639,-0.41945,0.16057,-7.5093,2.7573,0
-0.43928,-0.57335,0.22879,-3.1857,3.7929,0
-0.24933,-1.0094,0.30344,7.282,3.4909,0
-1.294,-1.4198,0.31502,0.91037,5.0011,0
0.60543,-1.5993,0.32403,-8.6471,4.8429,0
2.5999,-1.0863,0.34205,0.2277,5.5046,0
2.7898,-0.21426,0.3073,7.0545,5.4758,0
0.79538,-0.16296,0.31245,-2.2755,4.5696,0
0.32051,-0.26556,0.39997,-7.7369,4.9148,0
-0.91415,-0.7016,0.44888,3.186,3.7642,0
0.60543,-1.4454,0.45016,5.9167,4.5121,0
0.98533,-1.7532,0.427,-6.5991,4.4546,0
-0.62923,-0.95809,0.34076,-5.2337,5.0155,0
-1.6739,-0.16296,0.21205,6.3718,5.9792,0
-1.1991,-0.23991,0.091067,3.186,5.7059,0
-0.7242,-0.599,0.011267,-7.9645,6.9285,0
0.13056,-1.035,-0.015762,-2.0479,6.2525,0
-0.91415,-1.6763,-0.014475,7.9647,6.684,0
-1.6739,-1.5737,-0.0080391,0.2277,6.0224,0
-1.294,-1.112,0.0086931,-8.4196,5.0587,0
-0.15436,-0.599,0.057602,0.91037,5.3607,0
0.7004,-0.29121,0.074335,7.7372,4.5409,0
-0.91415,-0.29121,0.067899,-2.2755,5.6053,0
-3.0985,-0.599,0.094928,-6.5991,4.6272,0
-3.5734,-0.80419,0.19146,4.7789,4.1381,0
-2.6237,-0.67595,0.30472,5.4616,3.0738,0
-2.3388,-0.62465,0.34848,-6.3715,1.621,0
-0.62923,-0.599,0.30987,-3.4133,2.0669,0
-0.34431,-0.77854,0.25324,6.8269,1.2902,0
0.32051,-0.72725,0.2275,2.0482,2.3402,0
-1.1041,-0.41945,0.22879,-7.2818,1.7361,0
-2.7186,-0.13731,0.19403,-0.68254,1.4197,0
-2.6237,0.11918,0.15928,7.9647,1.0313,0
-1.484,-0.086014,0.1477,-1.3652,-0.4214,0
-2.4337,-0.34251,0.13998,-7.7369,-0.22003,0
-2.4337,-0.34251,0.10008,2.7309,-1.6728,0
-1.389,-0.36816,-0.015762,6.1442,-1.6152,0
-0.7242,0.016583,-0.12388,-5.2337,-1.9892,0
0.035589,0.042233,-0.1818,-6.144,-2.2625,0
2.5049,-0.26556,-0.20625,5.4616,-0.86728,0
3.4546,-0.80419,-0.2217,3.186,-0.89605,0
-0.53425,-1.0607,-0.21397,-7.5093,0.70051,0
-1.1991,-1.3685,-0.21783,-2.9581,0.54229,0
0.7004,-1.3172,-0.26803,7.5096,0.98818,0
0.41548,-1.0094,-0.36585,0.45525,1.4053,0
-3.0985,-0.7016,-0.47525,-8.192,1.0026,0
-3.0036,-0.80419,-0.5705,0.68281,2.1532,0
-0.62923,-1.0607,-0.59881,7.7372,1.2902,0
0.41548,-0.57335,-0.54476,-2.0479,1.621,0
0.035589,-0.034715,-0.40318,-7.7369,0.62859,0
0.51046,0.37567,-0.26674,4.0962,-0.32071,0
1.5552,0.73476,-0.2217,5.6891,-0.061812,0
0.51046,0.65782,-0.23199,-5.2337,-0.36386,0
1.2702,0.83736,-0.25259,-6.3715,1.4916,0
1.9351,1.5555,-0.3311,5.9167,1.6354,0
0.51046,2.6328,-0.4804,3.8687,2.5416,0
-1.1991,3.4792,-0.62455,-7.5093,2.5991,0
-1.294,3.9666,-0.6799,-3.4133,1.8368,0
0.13056,3.2484,-0.61168,8.1923,2.3402,0
1.6501,2.0942,-0.45337,0.91037,1.4628,0
1.1753,1.5555,-0.26031,-7.5093,2.4553,0
1.2702,1.4786,-0.13932,0.2277,2.4553,0
1.6501,1.376,-0.13289,7.7372,2.8149,0
1.2702,0.91431,-0.11873,-1.3652,3.534,0
-0.059385,0.093531,-0.069819,-7.2818,2.671,0
-1.389,-0.23991,-0.024771,3.8687,3.4334,0
-2.0538,-0.599,0.021564,6.5994,2.7286,0
-2.1488,-1.112,0.08077,-4.5511,3.5197,0
-0.24933,-2.0867,0.18631,-6.5991,4.095,0
3.0747,-3.1639,0.28542,6.1442,3.9368,0
3.8345,-3.4461,0.33947,4.3238,4.5984,0
1.4602,-3.1639,0.33947,-7.0542,2.9443,0
3.4546,-2.1636,0.2571,-2.503,2.9156,0
5.829,-1.1889,0.13225,7.5096,1.6067,0
4.9742,-0.90679,0.047306,0.91037,0.94503,0
1.4602,-1.4967,0.047306,-7.7369,1.0313,0
-0.059385,-2.1636,0.087205,1.1379,0.082022,0
1.2702,-2.3431,0.097502,7.5096,1.0169,0
1.1753,-1.9071,0.048593,-2.9581,0.18271,0
-0.7242,-1.6506,0.012554,-7.5093,0.87311,0
-1.0091,-1.7789,0.0048318,3.6411,0.71489,0
0.89035,-1.8815,0.037009,6.3718,0.16832,0
1.9351,-1.9584,0.066612,-5.6889,0.19709,0
-0.34431,-1.3941,0.074335,-5.9164,-1.5002,0
-1.6739,-0.75289,0.092354,6.5994,-1.2413,0
-1.1041,-0.72725,0.14255,3.4135,-1.8454,0
-0.059385,-0.75289,0.19403,-7.2818,-1.1406,0
-1.1041,-0.34251,0.29829,-2.9581,0.12517,0
-0.81917,-0.18861,0.43858,7.0545,0.55667,0
0.7004,-0.31686,0.52868,0.00013542,2.3978,0
1.2702,-0.5477,0.54412,-7.7369,2.0669,0
0.79538,-0.599,0.51709,2.2757,2.9299,0
-0.059385,-0.36816,0.45917,7.282,2.671,0
-0.62923,0.042233,0.39353,-2.503,2.2827,0
0.22554,0.067882,0.33819,-7.5093,2.5416,0
0.79538,-0.13731,0.28928,4.5513,1.0026,0
0.79538,0.14483,0.24552,4.3238,0.94503,0
-0.34431,0.81171,0.1876,-7.2818,-0.53646,0
-2.2438,1.3503,0.07176,-5.6889,-0.6803,0
-0.91415,1.6325,-0.085264,7.282,-0.8529,0
-0.34431,2.3763,-0.2513,3.4135,-1.6296,0
-2.2438,3.4536,-0.34654,-7.0542,-1.0111,0
-0.059385,3.9153,-0.40704,-1.1377,-1.7015,0
1.6501,3.274,-0.45337,7.7372,-0.60838,0
1.3652,2.2224,-0.39803,-0.68254,-0.78098,0
0.89035,1.6838,-0.23457,-7.7369,-1.1406,0
1.7451,1.3247,-0.085264,1.8206,-1.4858,0
1.2702,1.4786,-0.055661,7.5096,-3.3268,0
0.7004,2.0429,-0.15992,-3.4133,-3.4994,0
0.035589,2.915,-0.32209,-7.7369,-5.0816,0
-0.53425,3.2484,-0.41605,4.7789,-5.0529,0
-1.389,3.0688,-0.4701,6.1442,-5.096,0
-1.1041,2.7354,-0.49713,-5.6889,-5.1248,0
0.79538,2.5815,-0.45723,-4.3235,-3.9022,0
1.2702,2.3763,-0.35941,6.8269,-4.3768,0
0.13056,2.1968,-0.3414,3.6411,-3.183,0
-0.43928,1.7607,-0.37357,-7.7369,-3.2118,0
-0.62923,0.86301,-0.34268,-2.7306,-2.7227,0
-1.484,-0.16296,-0.18566,7.5096,-2.0755,0
-1.9589,-0.85549,0.046019,0.91037,-2.7947,0
0.41548,-0.82984,0.23908,-7.9645,-2.0467,0
4.4993,-0.72725,0.35621,0.2277,-3.1542,0
3.7396,-0.82984,0.39225,6.8269,-2.7227,0
0.98533,-0.599,0.3768,-1.5928,-2.8234,0
0.41548,-0.3938,0.37037,-7.5093,-2.7803,0
0.79538,-0.4964,0.39096,3.186,-1.7447,0
1.6501,-0.67595,0.4463,6.8269,-2.3344,0
2.22,-1.2146,0.51066,-4.5511,-1.27,0
0.41548,-1.6763,0.48105,-6.5991,-2.0611,0
0.60543,-1.1376,0.30601,5.0064,-1.9317,0
-1.0091,-0.93244,0.11295,3.8687,-2.3056,0
-1.7689,-1.3428,0.044732,-6.8267,-3.1255,0
-1.294,-1.5224,0.074335,-4.5511,-2.4926,0
-1.579,-1.035,0.084631,7.282,-2.9816,0
-1.1991,-0.7016,0.065325,2.0482,-1.6008,0
-0.7242,-0.4451,0.060177,-7.2818,-1.4858,0
-0.62923,0.093531,0.13998,-0.45498,-1.3132,0
-0.43928,0.52957,0.24552,7.7372,-1.5289,0
-0.53425,0.52957,0.29314,0.00013542,-3.2262,0
-0.53425,0.24743,0.29057,-7.0542,-3.2693,0
-1.7689,0.40132,0.29571,1.8206,-4.7796,0
-1.9589,0.83736,0.27383,7.0545,-4.5063,0
-2.1488,0.99126,0.15413,-3.1857,-4.9522,0
-2.9086,0.76041,-0.092987,-6.8267,-5.4556,0
0.035589,0.47827,-0.35555,4.0962,-5.2686,0
3.5496,0.40132,-0.46882,5.4616,-6.2611,0
4.4044,0.27308,-0.4109,-5.6889,-5.4987,0
3.1697,-0.13731,-0.27704,-4.3235,-6.1172,0
3.2647,-0.62465,-0.15091,8.1923,-5.5563,0
2.8848,-0.5477,-0.099422,3.8687,-4.8946,0
1.6501,-0.29121,-0.077542,-7.7369,-4.4344,0
2.6949,-0.23991,-0.0080391,-1.5928,-2.5501,0
2.03,-0.26556,0.08978,7.7372,-2.7084,0
1.8401,-0.36816,0.19918,0.00013542,-1.9604,0
2.125,-0.23991,0.33175,-8.192,-2.6221,0
0.41548,-0.086014,0.4463,1.1379,-2.9529,0
-1.389,0.093531,0.42571,7.0545,-2.3344,0
-1.7689,0.11918,0.31245,-1.8203,-2.6652,0
0.41548,-0.18861,0.18502,-7.5093,-1.155,0
2.6949,-0.57335,0.1181,3.6411,-1.3995,0
1.8401,-1.2146,0.1876,6.1442,-0.5077,0
0.13056,-2.0867,0.30344,-5.0062,-0.45016,0
-0.34431,-2.3688,0.25839,-6.3715,-0.73783,0
-1.484,-1.8302,0.062751,6.3718,0.16832,0
-1.0091,-1.1889,-0.073681,3.4135,-0.34948,0
-0.7242,-0.85549,-0.12516,-7.9645,1.1752,0
-0.53425,-0.18861,-0.17021,-2.7306,1.3765,0
0.32051,0.45262,-0.16764,6.8269,2.2683,0
1.6501,0.29873,-0.063384,0.45525,2.9012,0
2.8848,-0.47075,0.034435,-8.6471,2.4121,0
2.5999,-0.57335,-0.0028907,-0.22742,2.9587,0
2.4099,0.11918,-0.18823,7.9647,1.6354,0
3.1697,0.78606,-0.40704,-2.9581,1.9662,0
1.9351,0.78606,-0.51644,-7.2818,1.2183,0
0.41548,0.35002,-0.46753,3.8687,1.3478,0
0.60543,-0.11166,-0.34011,5.9167,1.9375,0
0.32051,-0.90679,-0.18566,-4.7786,1.506,0
0.98533,-1.3941,-0.094274,-6.5991,2.5128,0
0.7004,-1.0607,-0.15605,6.5994,1.7073,0
-0.15436,-0.72725,-0.2912,4.5513,2.3978,0
-0.34431,-0.47075,-0.33367,-7.0542,2.4121,0
0.32051,-0.31686,-0.28219,-3.4133,2.5272,0
-1.0091,-0.086014,-0.21397,7.0545,3.7929,0
-2.8136,0.093531,-0.18051,0.91037,3.5772,0
-1.8639,-0.0090658,-0.17021,-7.2818,4.9436,0
-0.059385,-0.6503,-0.20239,-0.22742,4.4402,0
-1.9589,-1.0094,-0.2809,7.7372,4.6991,0
-2.3388,-0.4964,-0.38902,-0.9101,4.8573,0
0.51046,0.11918,-0.48169,-6.3715,4.2676,0
2.5999,0.24743,-0.49456,4.0962,5.1881,0
-3.1935,-0.4451,-0.42634,6.3718,4.4546,0
-7.0874,-0.7016,-0.32466,-5.9164,5.3751,0
-1.8639,-0.36816,-0.1612,-5.9164,5.145,0
2.22,-0.21426,0.020277,6.1442,5.1018,0
0.035589,-0.086014,0.10522,3.4135,5.4183,0
-0.53425,0.27308,0.046019,-7.5093,4.469,0
-0.81917,1.0682,-0.023484,-2.9581,5.4039,0
0.22554,1.4529,-0.013187,7.5096,4.6272,0
0.60543,0.88866,0.0035447,0.68281,5.2025,0
-0.15436,0.19613,-0.0080391,-7.2818,5.1018,0
-1.389,0.14483,-0.035068,1.1379,4.3827,0
-1.1041,0.19613,0.052454,7.0545,4.9148,0
0.13056,0.27308,0.26096,-3.1857,3.9224,0
-1.0091,0.47827,0.43858,-6.5991,5.0299,0
-2.8136,0.37567,0.50808,4.7789,5.4902,0
-2.8136,0.65782,0.49264,4.3238,6.6265,0
-0.62923,1.0939,0.44759,-6.8267,8.3237,0
-0.24933,1.1452,0.44888,-4.5511,8.1511,0
0.035589,0.70911,0.4669,6.8269,8.9422,0
-1.0091,0.37567,0.40254,2.5033,7.2737,0
-0.81917,0.22178,0.31245,-8.192,6.4107,0
-0.62923,0.19613,0.26096,-1.1377,5.4902,0
0.32051,0.016583,0.22621,7.9647,4.6847,0
1.4602,-0.62465,0.20176,-1.3652,5.6484,0
2.9798,-1.3685,0.21591,-7.5093,4.7854,0
2.9798,-1.7532,0.25324,3.186,4.771,0
2.22,-2.0354,0.24294,5.9167,2.5272,0
-1.1991,-2.5227,0.18245,-5.4613,0.67174,0
-3.0985,-2.3175,0.098789,-6.8267,-0.32071,0
-3.0036,-1.4454,-0.044078,7.5096,-1.6728,0
-2.4337,-0.62465,-0.2011,2.9584,-1.2125,0
-2.0538,-0.6503,-0.25902,-7.7369,-2.5645,0
-1.294,-0.88114,-0.20239,-1.5928,-2.9097,0
-1.579,-1.0607,-0.13417,8.1923,-4.1179,0
-0.81917,-0.77854,-0.11744,0.91037,-5.1679,0
1.8401,-0.31686,-0.15091,-7.5093,-4.5782,0
5.1642,-0.31686,-0.16378,0.2277,-4.8659,0
6.3988,-0.7016,-0.087839,7.9647,-3.2405,0
0.7004,-1.0094,0.013841,-1.5928,-3.4419,0
-1.9589,-0.57335,0.043444,-7.7369,-3.0823,0
-2.0538,0.042233,0.017703,3.186,-2.9097,0
-1.294,0.14483,0.031861,6.5994,-3.3844,0
1.2702,0.093531,0.1078,-5.6889,-2.2625,0
2.9798,-0.21426,0.14126,-5.4613,-2.7084,0
4.4044,-0.3938,0.1876,7.282,-1.6296,0
4.4993,-0.36816,0.24294,2.9584,-1.831,0
3.7396,-0.4964,0.19017,-7.0542,-2.1186,0
2.03,-0.4964,0.039583,-1.8203,-1.9029,0
0.22554,-0.086014,0.012554,7.7372,-2.8234,0
2.8848,0.60652,0.13483,-0.22742,-1.7591,0
2.9798,1.0682,0.24037,-8.192,-2.32,0
-0.91415,1.1708,0.25453,1.8206,-1.3707,0
-1.389,1.5555,0.20047,6.5994,-1.1406,0
-0.7242,1.9403,0.11295,-3.6408,-1.2556,0
0.22554,1.5299,-0.015762,-7.5093,-0.65153,0
1.5552,1.0426,-0.11615,5.234,-1.8741,0
1.3652,0.68346,-0.18566,4.5513,-1.5433,0
-0.7242,0.70911,-0.22942,-6.144,-2.9673,0
-0.15436,0.93996,-0.26031,-5.2337,-3.0967,0
1.3652,0.91431,-0.27318,7.282,-3.2262,0
-1.389,0.55522,-0.16764,2.7309,-3.7008,0
-2.1488,0.37567,0.034435,-7.9645,-2.5358,0
-0.53425,0.58087,0.13354,-1.1377,-2.9816,0
-0.34431,0.63217,0.1078,7.5096,-1.6728,0
-1.389,0.29873,0.030574,0.00013542,-1.9317,0
-1.294,0.73476,-0.063384,-7.2818,-2.3919,0
-0.059385,1.2221,-0.11615,2.2757,-3.0536,0
-1.0091,1.0939,-0.069819,7.5096,-4.909,0
-2.8136,0.35002,0.026712,-4.3235,-4.1611,0
-3.6684,-0.034715,0.13354,-6.8267,-4.0604,0
-2.8136,-0.086014,0.18889,5.234,-1.9892,0
0.32051,0.11918,0.16572,4.3238,-1.2125,0
1.8401,0.29873,0.10909,-7.2818,-1.644,0
2.4099,0.60652,0.10909,-3.6408,-1.9892,0
3.9295,0.60652,0.12453,7.282,-3.9166,0
5.0692,-0.34251,0.1078,1.3655,-3.9022,0
5.2591,-1.4198,0.078196,-7.5093,-5.0672,0
4.4044,-1.7019,0.015128,1.1379,-5.2255,0
1.2702,-1.625,-0.096848,7.7372,-5.6426,0
-0.15436,-1.625,-0.20754,-2.503,-6.9227,0
0.035589,-0.93244,-0.26417,-7.5093,-7.1528,0
-0.15436,-0.75289,-0.2912,4.5513,-9.1234,0
-1.294,-1.0863,-0.37743,6.3718,-9.411,0
-1.294,-0.85549,-0.52674,-5.4613,-10.576,0
-1.579,-0.41945,-0.62842,-5.2337,-10.475,0
-1.8639,-0.086014,-0.6297,6.8269,-9.296,0
-1.294,0.11918,-0.59109,3.8687,-8.9651,0
-0.91415,-0.060364,-0.5705,-7.0542,-7.57,0
0.13056,0.60652,-0.52931,-2.2755,-8.5624,0
1.5552,1.7351,-0.40704,8.4198,-8.548,0
1.2702,1.4529,-0.17665,0.2277,-9.2097,0
0.13056,0.86301,0.04988,-7.9645,-9.5261,0
0.41548,1.1708,0.22621,0.68281,-8.2604,0
0.60543,1.1195,0.37294,7.5096,-7.9008,0
-0.7242,0.24743,0.46304,-2.2755,-5.6857,0
-0.34431,-0.34251,0.41927,-8.192,-5.4556,0
-1.1991,-0.16296,0.28027,3.6411,-5.2974,0
-2.8136,0.22178,0.15542,5.6891,-6.2898,0
-2.5287,0.73476,0.039583,-5.4613,-8.361,0
-1.6739,1.7094,-0.080116,-5.6889,-8.5624,0
-1.579,2.325,-0.10457,6.3718,-9.6268,0
-3.0036,1.1708,-0.059523,4.0962,-8.3898,0
-3.5734,-0.5477,-0.056948,-8.4196,-8.2028,0
-2.6237,-1.112,-0.11615,-4.3235,-8.0446,0
-1.484,-0.67595,-0.17665,7.5096,-7.6994,0
2.7898,-0.34251,-0.21397,1.3655,-8.9364,0
5.639,-0.16296,-0.24744,-7.7369,-8.4617,0
4.8792,0.067882,-0.2616,0.45525,-9.4686,0
1.4602,0.37567,-0.26803,7.0545,-8.8213,0
0.51046,0.22178,-0.24358,-3.6408,-8.0734,0
-1.0091,-0.36816,-0.19595,-7.2818,-7.8145,0
-1.1041,-0.36816,-0.17793,4.3238,-6.7645,0
-0.7242,0.19613,-0.13932,5.9167,-7.872,0
-1.6739,0.93996,-0.10714,-6.5991,-7.6419,0
-2.1488,1.1965,-0.10586,-5.0062,-8.6919,0
0.7004,1.0426,-0.058236,7.5096,-8.8213,0
3.4546,0.93996,-0.019623,3.6411,-8.2604,0
2.315,0.91431,-0.041503,-7.2818,-8.4186,0
1.2702,-0.034715,-0.00031657,-0.9101,-7.196,0
-0.15436,-1.4711,0.093641,8.1923,-8.3179,0
-2.1488,-1.5993,0.15413,-0.45498,-8.6343,0
-0.91415,-0.4451,0.17215,-7.2818,-9.7131,0
1.3652,0.35002,0.16829,2.2757,-10.188,0
3.2647,0.83736,0.15413,7.282,-8.9795,0
4.4993,1.1452,0.16314,-2.503,-9.0227,0
3.2647,1.0682,0.14641,-6.8267,-7.872,0
1.6501,0.70911,0.11423,5.4616,-8.4042,0
-0.059385,0.35002,0.092354,5.234,-8.1741,0
-1.484,-0.23991,0.12067,-7.2818,-7.7282,0
-1.1041,-0.88114,0.13998,-3.6408,-7.685,0
0.89035,-0.80419,0.064038,8.1923,-6.1891,0
2.7898,0.016583,-0.076255,0.45525,-6.7213,0
1.8401,1.2734,-0.18952,-7.9645,-6.1748,0
-0.53425,1.9146,-0.26288,1.1379,-7.1528,0
0.035589,1.6068,-0.32852,7.0545,-7.8864,0
1.3652,0.96561,-0.35813,-4.0959,-7.6706,0
1.3652,0.96561,-0.32724,-8.192,-8.1597,0
-0.7242,0.68346,-0.24358,4.5513,-6.6926,0
-1.1041,-0.11166,-0.12388,5.4616,-7.0234,0
-1.0091,-1.2146,-0.0016037,-6.5991,-5.8008,0
-1.579,-2.497,0.10008,-5.0062,-4.6933,0
-3.0985,-3.1639,0.17215,6.8269,-3.8159,0
-3.5734,-2.9587,0.21463,3.8687,-1.946,0
-1.9589,-2.4714,0.20562,-7.9645,-2.1906,0
-0.7242,-1.9071,0.13998,-3.4133,-1.2125,0
-1.389,-1.1889,0.037009,7.0545,-2.0036,0
-0.34431,-0.7016,-0.017049,0.00013542,-2.1186,0
1.4602,-0.67595,0.053741,-7.5093,-1.6008,0
1.3652,-0.90679,0.20948,2.0482,-1.5433,0
-1.579,-0.80419,0.27383,7.282,0.45599,0
-0.62923,-0.57335,0.2069,-2.9581,0.64298,0
-0.53425,-0.88114,0.07176,-7.0542,1.5923,0
-1.484,-1.0863,-0.081403,5.0064,1.506,0
-0.24933,-1.3428,-0.19338,5.234,1.0026,0
1.2702,-1.3685,-0.21011,-6.3715,1.2902,0
2.03,-1.3685,-0.19081,-5.2337,-0.26318,0
1.3652,-0.67595,-0.24744,6.8269,-0.3351,0
0.79538,0.37567,-0.34783,3.6411,-1.946,0
-0.059385,0.88866,-0.37743,-7.2818,-2.5933,0
-1.389,0.78606,-0.35555,-2.503,-2.694,0
-2.0538,0.29873,-0.34268,8.6474,-3.1686,0
-3.0985,-0.29121,-0.38258,1.1379,-1.8597,0
-2.6237,-0.77854,-0.36714,-8.192,-1.8885,0
-1.294,-1.0094,-0.2912,0.91037,0.067639,0
-2.7186,-0.98374,-0.21783,7.282,1.319,0
-0.81917,-1.112,-0.19724,-2.2755,2.3978,0
2.125,-1.3172,-0.31308,-7.5093,3.5916,0
2.315,-1.1889,-0.40961,4.0962,2.8436,0
3.4546,-0.6503,-0.3414,6.1442,3.5053,0
1.8401,-0.4451,-0.19982,-6.3715,2.6279,0
-1.484,-0.72725,-0.13417,-5.6889,2.9012,0
-0.62923,-1.2146,-0.16506,6.1442,2.9156,0
0.60543,-1.3941,-0.19853,3.6411,2.4553,0
0.7004,-1.3172,-0.16249,-7.2818,3.1888,0
-0.24933,-0.98374,-0.069819,-3.4133,2.2827,0
-1.294,-0.80419,0.012554,6.5994,3.0594,0
-0.34431,-0.62465,0.0099801,0.91037,2.858,0
0.7004,0.093531,-0.022197,-7.9645,3.232,0
0.79538,0.40132,0.0099801,0.2277,4.2964,0
-0.91415,0.35002,0.084631,6.8269,4.2244,0
-1.9589,0.47827,0.14512,-2.7306,5.6772,0
-2.8136,0.58087,0.18631,-7.5093,4.8285,0
-2.7186,0.65782,0.25968,3.8687,5.0443,0
-3.0985,0.37567,0.39868,6.1442,4.5696,0
-1.6739,-0.086014,0.56085,-6.5991,4.584,0
-0.24933,-0.77854,0.69342,-5.9164,5.9505,0
-2.0538,-1.6763,0.75649,6.8269,5.3176,0
-1.484,-2.061,0.77966,3.6411,5.5765,0
0.60543,-1.625,0.74491,-7.5093,3.8361,0
-0.62923,-0.47075,0.58273,-1.3652,3.1745,0
-1.6739,1.0939,0.32274,7.5096,3.1745,0
-0.62923,2.2481,0.083344,0.2277,3.0882,0
-0.62923,2.3507,-0.018336,-7.9645,4.8285,0
-3.0985,1.4786,-0.028633,1.1379,4.4402,0
-2.0538,0.70911,-0.026058,6.8269,4.9724,0
-1.389,0.47827,-0.0041778,-3.1857,3.9512,0
-2.5287,0.93996,0.0035447,-7.5093,2.9875,0
-1.6739,1.3503,-0.0016037,4.5513,3.0738,0
-0.15436,1.4786,0.064038,6.1442,1.9231,0
-0.34431,1.1708,0.21205,-6.5991,2.8149,0
-1.389,0.76041,0.35106,-4.0959,2.2971,0
-1.8639,1.5555,0.41026,7.5096,2.9875,0
-0.34431,2.6328,0.39611,3.186,2.7573,0
3.2647,3.2997,0.35235,-6.8267,1.4628,0
4.9742,3.3766,0.31373,-0.9101,1.2758,0
4.4044,3.1971,0.23779,8.1923,0.082022,0
4.1195,3.0945,0.079483,0.91037,1.3478,0
3.5496,2.7354,-0.15734,-6.8267,1.4341,0
1.0803,1.812,-0.36971,2.5033,2.0813,0
-1.1041,1.0169,-0.55634,7.0545,2.2539,0
-1.0091,1.2477,-0.74683,-4.3235,1.0745,0
1.5552,1.9403,-0.8691,-6.3715,1.2615,0
2.315,2.1455,-0.92702,4.7789,-0.26318,0
1.6501,2.1198,-0.93088,5.0064,0.35531,0
-0.059385,2.7867,-0.89098,-6.3715,0.26901,0
-0.53425,3.787,-0.78287,-4.0959,0.48476,0
0.035589,3.787,-0.5602,7.0545,1.0457,0
0.035589,2.4789,-0.26546,2.0482,0.010105,0
-1.294,0.86301,-0.013187,-8.6471,0.39846,0
-2.2438,-0.26556,0.20562,-0.45498,-0.8529,0
-2.3388,-1.2402,0.4463,7.5096,-0.63715,0
-3.0985,-1.8302,0.5866,-1.8203,-0.8529,0
-3.6684,-1.6763,0.59818,-7.9645,-0.75222,0
-3.7634,-0.4451,0.62392,3.4135,0.98818,0
-0.91415,0.042233,0.75778,6.3718,1.1464,0
0.41548,-0.34251,0.94055,-5.2337,2.369,0
0.98533,-0.47075,1.0384,-5.9164,1.1032,0
3.4546,-0.26556,1.0551,6.1442,0.48476,0
1.3652,-0.4451,1.0667,3.6411,-0.26318,0
-1.8639,-0.98374,1.0898,-7.2818,-0.88167,0
-0.7242,-1.3941,1.1104,-2.7306,0.62859,0
0.41548,-1.8558,1.1182,7.7372,0.90188,0
-0.15436,-2.2662,1.1336,0.68281,2.5704,0
-0.53425,-2.7792,1.131,-8.192,2.2539,0
0.22554,-2.6253,1.0397,0.45525,1.808,0
1.6501,-2.2406,0.85946,6.8269,1.3909,0
1.9351,-1.9841,0.68699,-3.4133,-0.061812,0
1.5552,-1.8045,0.5763,-7.2818,0.51352,0
0.89035,-1.7276,0.52224,4.5513,-0.11935,0
1.7451,-1.5737,0.55699,5.6891,1.1032,0
1.2702,-1.6506,0.68055,-6.5991,1.4053,0
1.1753,-1.4967,0.76421,-5.2337,1.0026,0
0.79538,-1.3941,0.64451,6.5994,1.4053,0
1.7451,-0.80419,0.38452,4.0962,0.57106,0
2.03,0.016583,0.20176,-6.3715,1.9519,0
0.7004,0.55522,0.14641,-1.8203,2.0957,0
-0.15436,1.1195,0.094928,7.9647,3.419,0
-1.579,1.5555,-0.038929,-0.22742,4.0375,0
-1.1991,1.4273,-0.16249,-7.5093,3.419,0
-2.6237,1.2221,-0.16764,2.0482,3.5916,0
-3.3835,1.4786,-0.12645,7.282,2.2539,0
-1.8639,1.8633,-0.17021,-2.7306,2.9012,0
1.6501,2.4789,-0.2809,-7.9645,2.9875,0
0.7004,3.3766,-0.35298,3.6411,3.5628,0
-1.1991,3.7101,-0.37872,6.3718,4.282,0
-0.91415,2.6841,-0.39159,-6.8267,3.5772,0
0.79538,1.5812,-0.42634,-6.8267,4.2676,0
1.1753,1.0169,-0.43407,5.4616,3.2032,0
1.7451,0.78606,-0.371,4.0962,3.6491,0
2.125,0.63217,-0.28605,-7.2818,3.5053,0
2.315,-0.13731,-0.26932,-2.7306,3.2895,0
1.3652,-0.72725,-0.32338,7.282,4.3395,0
0.13056,-0.77854,-0.37357,0.68281,3.5916,0
0.32051,-0.47075,-0.39417,-7.9645,4.2532,0
1.5552,-0.52205,-0.45337,0.45525,3.0882,0
1.1753,-0.36816,-0.57565,7.282,3.0019,0
0.89035,0.22178,-0.65158,-2.2755,3.4621,0
0.22554,0.91431,-0.57565,-6.5991,3.2608,0
1.9351,1.4016,-0.48426,4.3238,4.6991,0
1.4602,1.1708,-0.45337,5.9167,3.8792,0
-1.389,-0.6503,-0.36199,-5.4613,3.8073,0
-0.62923,-2.574,-0.30021,-5.4613,2.4409,0
3.8345,-4.0104,-0.39931,7.282,1.4053,0
4.4044,-4.036,-0.54733,3.8687,1.6067,0
2.22,-2.497,-0.55891,-7.0542,0.55667,0
1.1753,-0.5477,-0.52159,-2.2755,1.0313,0
2.5049,0.37567,-0.57307,8.1923,-0.49331,0
1.0803,0.40132,-0.65416,1.3655,-0.72345,0
-1.1041,0.22178,-0.64901,-7.9645,-1.0111,0
-1.9589,0.24743,-0.54862,1.1379,-1.5002,0
-2.2438,-0.034715,-0.4109,7.9647,-0.34948,0
-1.389,-0.599,-0.25387,-2.503,-0.8529,0
-2.5287,-1.2402,-0.10328,-7.7369,0.29777,0
-3.3835,-0.67595,-0.054374,3.4135,0.31216,0
-0.24933,1.0426,-0.14833,5.234,0.81558,0
2.7898,2.2994,-0.22813,-5.6889,1.319,0
1.7451,1.7607,-0.077542,-4.5511,0.34092,0
0.32051,0.76041,0.2275,6.5994,0.87311,0
-0.43928,0.19613,0.45531,2.9584,-0.17688,0
-0.7242,-0.060364,0.55442,-8.192,1.0745,0
-0.7242,0.14483,0.53254,-2.7306,1.7936,0
-0.7242,0.17048,0.45917,7.5096,2.6567,0
-1.579,0.19613,0.42314,-0.45498,3.7066,0
-2.7186,0.11918,0.38967,-8.6471,2.4697,0
-1.7689,-0.16296,0.26868,2.0482,2.4121,0
0.79538,-0.52205,0.10265,6.8269,0.64298,0
2.03,-0.5477,0.031861,-4.3235,0.47037,0
2.315,-0.060364,0.062751,-7.7369,0.36969,0
0.7004,0.42697,0.10265,3.6411,-0.10496,0
-0.53425,0.63217,0.065325,5.234,0.38407,0
-1.484,0.63217,0.00097052,-7.2818,-1.1262,0
-1.8639,0.58087,-0.04279,-6.144,-0.82413,0
-2.2438,0.60652,-0.080116,6.3718,-1.4714,0
-3.8583,0.63217,-0.077542,2.5033,-1.155,0
-1.389,0.47827,0.051167,-7.9645,-0.1625,0
-0.81917,0.37567,0.23522,-1.3652,-0.4214,0
-1.389,0.73476,0.27898,7.9647,0.97379,0
-2.8136,1.6581,0.079483,-0.9101,0.21147,0
-1.6739,2.8124,-0.18952,-7.7369,0.72928,0
0.89035,3.1714,-0.33496,2.7309,0.35531,0
2.03,2.7867,-0.35555,7.7372,-0.19126,0
3.2647,2.6072,-0.38001,-3.6408,0.41284,0
1.8401,2.1198,-0.38773,-6.8267,-0.23441,0
-0.53425,1.1965,-0.25773,4.5513,1.2471,0
-0.059385,-0.0090658,-0.02091,5.4616,1.4197,0
0.60543,-0.93244,0.18374,-5.9164,2.1388,0
-1.7689,-1.3428,0.2468,-4.5511,2.4553,0
-3.2885,-0.85549,0.25324,7.5096,1.4916,0
-1.7689,-0.5477,0.28027,2.5033,2.0525,0
-1.7689,-0.060364,0.26997,-7.5093,0.91626,0
-2.2438,0.65782,0.26096,-1.8203,1.5635,0
-0.91415,1.3503,0.297,7.9647,1.2471,0
0.89035,1.3247,0.4064,0.91037,0.87311,0
1.9351,0.47827,0.5763,-7.5093,1.1895,0
1.4602,-0.086014,0.73332,0.68281,-0.090578,0
0.79538,-0.18861,0.73719,7.7372,0.25462,0
1.4602,-0.4451,0.62006,-1.1377,-1.3276,0
2.125,-0.7016,0.566,-7.0542,-1.5289,0
2.4099,-0.95809,0.71016,3.6411,-1.8166,0
2.22,-1.8045,0.99718,6.8269,-2.0611,0
1.4602,-2.3688,1.1941,-4.3235,-0.75222,0
-1.6739,-2.4714,1.2005,-7.0542,-1.3563,0
-4.0483,-2.8561,1.1207,5.0064,-0.65153,0
-3.0985,-2.7535,1.0191,4.0962,-1.4282,0
0.13056,-2.4457,0.9251,-7.2818,-1.1981,0
0.79538,-2.3175,0.93926,-4.3235,-0.13373,0
-0.7242,-3.087,1.1272,8.4198,0.12517,0
-1.8639,-3.9591,1.3202,1.8206,1.6786,0
-0.34431,-3.7282,1.3228,-8.8747,0.97379,0
2.125,-3.3435,1.1838,-2.0479,1.5491,0
1.5552,-3.4204,0.96886,6.5994,0.98818,0
-0.7242,-3.5487,0.71659,-1.5928,0.36969,0
-0.81917,-3.7282,0.51581,-7.7369,0.26901,0
1.7451,-3.5743,0.39225,2.5033,-1.1981,0
2.5999,-3.523,0.24294,6.8269,-0.66591,0
0.51046,-3.3948,0.039583,-4.3235,-1.5289,0
-2.1488,-2.9074,-0.16635,-7.2818,-0.80975,0
-1.6739,-2.4714,-0.40575,3.8687,-0.4214,0
-0.91415,-2.6766,-0.70564,5.4616,-0.47893,0
-1.579,-3.4717,-1.0004,-6.144,0.48476,0
-1.9589,-3.2409,-1.2269,-4.3235,-0.32071,0
-2.0538,-2.5227,-1.4367,7.5096,0.44161,0
-1.294,-2.0867,-1.7212,1.8206,-0.49331,0
0.035589,-1.4711,-2.0931,-8.192,-0.65153,0
-0.059385,-1.0607,-2.4368,-0.9101,-0.49331,0
-0.53425,-0.82984,-2.6672,6.8269,-1.1118,0
-0.34431,-0.95809,-2.8821,-0.22742,-0.14811,0
0.22554,-0.77854,-3.1176,-6.5991,-1.27,0
2.22,-0.26556,-3.357,3.6411,-1.2413,0
3.4546,0.17048,-3.6441,6.8269,-2.0755,0
2.03,0.42697,-3.9092,-5.2337,-3.0536,0
1.2702,0.29873,-4.0945,-5.0062,-2.694,0
1.6501,0.22178,-4.2374,6.3718,-3.1399,0
3.7396,0.22178,-4.4228,3.8687,-1.0687,0
4.3094,0.22178,-4.6094,-7.0542,-0.45016,0
3.5496,0.37567,-4.742,-2.503,1.0601,0
-0.62923,0.70911,-4.8887,7.9647,1.7361,0
-4.903,0.78606,-5.065,1.5931,1.3334,0
-3.7634,1.0169,-5.1667,-8.6471,2.2252,0
-1.1041,1.3247,-5.1873,0.45525,1.4197,0
0.51046,1.4016,-5.2298,6.8269,2.2971,0
1.5552,1.3247,-5.334,-2.503,2.1388,0
2.9798,1.0682,-5.3932,-7.0542,2.4121,0
2.6949,0.50392,-5.3379,3.6411,3.0019,0
2.22,0.19613,-5.2105,5.4616,2.4697,0
2.22,0.47827,-5.0792,-6.8267,3.2464,0
1.4602,0.45262,-4.9826,-5.6889,2.2252,0
0.98533,0.29873,-4.9814,6.1442,2.5704,0
-0.059385,0.19613,-5.0071,2.9584,2.182,0
-2.2438,0.016583,-4.9286,-7.2818,2.0238,0
-3.5734,-0.0090658,-4.7793,-2.7306,2.5991,0
-3.6684,0.35002,-4.7175,6.3718,1.8368,0
-1.294,0.99126,-4.7111,0.45525,2.4553,0
-0.34431,1.4786,-4.563,-8.8747,1.3765,0
0.22554,1.8633,-4.1486,1.3655,1.3478,0
-0.24933,1.7864,-3.5141,6.8269,1.1176,0
-0.43928,2.1198,-2.7869,-3.8684,0.55667,0
0.13056,2.0942,-2.1202,-7.0542,1.4197,0
-0.15436,1.812,-1.7327,4.5513,0.52791,0
-0.7242,1.7351,-1.5873,5.6891,1.2758,0
-2.3388,2.325,-1.4393,-6.144,0.84434,0
-2.5287,2.9919,-1.2256,-3.8684,0.59983,0
-0.53425,3.4279,-0.99524,6.8269,0.91626,0
-0.43928,3.274,-0.72495,2.9584,0.024489,0
-1.294,2.6841,-0.35941,-7.5093,1.0889,0
-2.1488,2.2481,0.057602,-1.1377,0.61421,0
-2.0538,2.5302,0.3665,7.7372,1.4628,0
-0.43928,3.0175,0.58402,-1.3652,1.9231,0
1.2702,2.8124,0.85302,-7.5093,1.5491,0
2.03,2.7354,1.2726,2.9584,2.0813,0
0.60543,2.6072,1.754,7.7372,0.91626,0
-0.43928,2.325,2.1864,-3.8684,1.4484,0
0.22554,2.2737,2.6755,-5.9164,0.51352,0
0.60543,1.7351,3.3603,6.1442,0.12517,0
-1.579,0.58087,4.1904,4.7789,-0.11935,0
-1.389,0.19613,4.964,-5.9164,-1.3563,0
0.79538,0.78606,5.5457,-4.0959,-0.82413,0
1.8401,0.83736,5.9164,7.282,-1.6296,0
-0.24933,0.88866,6.2176,1.8206,-0.82413,0
-3.2885,1.2734,6.6333,-8.4196,-0.83852,0
-2.2438,1.3247,7.1765,-1.1377,-1.3995,0
-0.15436,1.2477,7.6913,7.7372,-1.2556,0
-0.059385,1.4529,8.0736,-0.9101,-2.5645,0
0.41548,1.5299,8.3825,-7.2818,-1.7015,0
1.4602,1.1965,8.6348,3.4135,-2.1762,0
0.60543,0.91431,8.7712,6.3718,-1.3419,0
-0.34431,0.91431,8.8458,-5.2337,-1.4139,0
-2.6237,1.6838,8.8433,-6.5991,-2.3919,0
-4.4282,3.0432,8.6862,5.9167,-2.3488,0
-3.1935,4.0948,8.3709,3.4135,-3.7871,0
-0.53425,4.6591,8.0337,-6.8267,-3.0679,0
2.03,4.7361,7.8226,-3.8684,-3.0679,0
1.0803,4.3,7.6746,8.1923,-2.3632,0
-0.15436,3.2484,7.3914,1.3655,-1.5002,0
-0.62923,2.5302,6.9551,-7.9645,-2.018,0
-0.53425,2.402,6.6346,1.1379,-1.0687,0
-1.484,1.6581,6.5329,7.5096,-1.946,0
-0.34431,1.376,6.3978,-2.0479,-1.27,0
-0.34431,1.8633,6.1648,-7.9645,-1.1981,0
-0.34431,1.7351,5.8585,3.6411,-1.27,0
1.1753,1.1965,5.4351,5.6891,-0.60838,0
2.5999,1.1452,4.9653,-6.144,-1.6152,0
2.7898,1.299,4.6152,-5.2337,-1.0543,0
1.4602,1.5299,4.3912,6.5994,-1.9317,0
1.8401,3.0175,4.157,3.186,-1.6584,0
2.125,4.7361,3.8339,-7.5093,-1.27,0
1.4602,4.0179,3.462,-1.1377,-1.3563,0
1.7451,1.9403,3.1337,7.9647,0.11079,0
1.8401,1.0939,2.933,-0.22742,-0.27756,0
2.22,0.91431,2.875,-7.7369,0.82996,0
0.60543,0.093531,2.8339,3.186,0.54229,0
-2.3388,-0.6503,2.7257,7.0545,0.55667,0
-5.2829,-0.90679,2.5082,-3.6408,1.0889,0
-5.4729,-0.4964,2.1916,-5.6889,0.80119,0
-2.5287,-0.086014,1.8325,5.6891,2.1676,0
1.5552,-0.18861,1.4361,4.5513,1.8512,0
0.7004,-0.57335,1.0744,-7.2818,2.5847,0
-1.1041,-0.95809,0.75649,-3.1857,2.3258,0
-0.43928,-1.0863,0.45274,8.4198,1.6354,0
0.51046,-1.548,0.23265,1.8206,1.7361,0
-0.34431,-2.3431,0.12711,-8.192,0.55667,0
-2.3388,-3.2665,0.0061189,1.3655,1.5779,0
-2.6237,-3.8821,-0.16764,7.5096,1.5635,0
1.2702,-4.4207,-0.37615,-2.2755,2.7861,0
2.315,-4.5746,-0.57307,-7.7369,3.4477,0
-0.34431,-3.4717,-0.63485,3.186,2.8868,0
-3.2885,-2.2406,-0.60525,6.3718,3.1025,0
-2.9086,-1.7276,-0.69921,-5.0062,1.2902,0
0.13056,-2.2406,-0.99009,-6.3715,1.0457,0
2.8848,-2.2406,-1.2385,5.4616,-0.2488,0
1.9351,-2.2149,-1.2449,3.4135,-0.69468,0
0.32051,-3.0357,-1.1664,-7.2818,-0.4214,0
0.41548,-3.6,-1.1227,-2.7306,-0.79537,0
2.315,-3.523,-1.0493,7.7372,0.42722,0
2.5049,-3.4461,-0.9785,0.45525,-0.26318,0
0.41548,-3.1639,-0.95019,-8.192,0.35531,0
-2.1488,-2.8561,-0.90771,1.3655,0.16832,0
-1.579,-2.1893,-0.89227,7.5096,0.067639,0
-2.7186,-1.625,-0.90128,-3.8684,0.48476,0
-3.3835,-1.4454,-0.93732,-7.2818,-1.2413,0
-1.8639,-1.5224,-1.0158,5.4616,-1.7591,0
0.89035,-1.625,-1.1162,4.3238,-4.2474,0
2.9798,-1.5737,-1.2501,-6.3715,-5.2974,0
2.7898,-1.5224,-1.4431,-4.3235,-5.8727,0
3.2647,-1.2659,-1.5744,7.5096,-6.1316,0
3.6446,-1.548,-1.6015,2.5033,-3.9309,0
1.4602,-1.8558,-1.6208,-7.7369,-2.8666,0
-1.0091,-2.2149,-1.6336,0.00013542,0.15394,0
-1.1991,-2.3175,-1.6568,8.1923,1.4341,0
-1.579,-1.8045,-1.6825,-1.1377,2.858,0
-1.1991,-1.548,-1.7417,-7.9645,3.9943,0
-0.7242,-2.0354,-1.8061,3.186,3.3758,0
0.13056,-1.8558,-1.8318,6.5994,4.1381,0
1.4602,-0.93244,-1.8499,-3.6408,3.0738,0
3.0747,-0.47075,-1.8795,-6.3715,3.7642,0
3.5496,-1.0607,-1.9876,6.5994,4.0518,0
2.125,-1.0863,-2.1343,3.6411,3.8505,0
-0.43928,-0.31686,-2.2514,-8.192,4.4546,0
-1.1041,0.067882,-2.3312,-2.0479,3.3471,0
-0.91415,-0.16296,-2.3003,7.282,3.9799,0
0.035589,-0.75289,-2.1897,1.3655,3.2176,0
-0.24933,-0.72725,-2.1871,-7.7369,3.2608,0
0.51046,-0.26556,-2.254,0.91037,3.4909,0
1.4602,0.11918,-2.2553,7.282,2.8724,0
1.4602,0.27308,-2.2463,-2.7306,3.9368,0
-0.7242,0.63217,-2.3428,-7.5093,3.3902,0
-1.7689,0.86301,-2.4445,3.4135,4.4546,0
0.51046,0.37567,-2.4342,5.234,4.584,0
0.98533,-0.13731,-2.3274,-5.6889,5.1162,0
2.4099,0.042233,-2.1935,-5.6889,6.195,0
4.4044,-0.23991,-2.0416,7.0545,5.7779,0
0.98533,-0.41945,-1.9052,3.186,6.1518,0
0.22554,-0.13731,-1.8859,-7.9645,3.8649,0
0.51046,0.17048,-1.9747,-2.9581,2.2971,0
-0.15436,0.52957,-2.0056,7.282,0.11079,0
-0.53425,0.68346,-1.9374,0.91037,-1.4714,0
1.1753,0.35002,-1.846,-8.192,-1.0543,0
1.9351,-0.060364,-1.7482,0.00013542,-1.3419,0
0.41548,-0.34251,-1.6362,6.8269,0.21147,0
-1.389,-0.18861,-1.6143,-2.7306,-0.061812,0
-1.8639,-0.034715,-1.6491,-6.5991,0.57106,0
-0.34431,-0.31686,-1.604,3.186,0.85873,0
1.6501,-0.3938,-1.4341,5.0064,0.42722,0
1.3652,-0.599,-1.2475,-6.144,1.3334,0
1.0803,-0.82984,-1.2359,-5.4613,0.47037,0
0.98533,-0.82984,-1.3273,6.3718,1.3334,0
2.5049,-1.0094,-1.3633,3.4135,0.98818,0
2.7898,-0.82984,-1.3775,-7.7369,0.65736,0
1.4602,-0.26556,-1.42,-2.2755,0.62859,0
-1.484,-0.11166,-1.4316,8.1923,-1.0399,0
-1.389,-0.52205,-1.3337,0.68281,-1.0687,0
-1.0091,-1.0094,-1.1922,-7.7369,-2.7947,0
-1.579,-1.1889,-1.1638,2.0482,-2.809,0
-1.1041,-0.52205,-1.326,7.282,-2.9097,0
0.98533,0.68346,-1.55,-2.503,-3.1542,0
3.6446,0.78606,-1.6272,-7.0542,-2.2769,0
4.1195,-0.4964,-1.4612,5.0064,-3.3412,0
3.0747,-1.4198,-1.2565,5.4616,-2.7659,0
2.315,-1.4454,-1.1832,-5.6889,-3.6145,0
-0.24933,-1.1633,-1.1793,-5.4613,-3.4275,0
-3.3835,-0.5477,-1.1651,7.0545,-2.7227,0
-2.1488,-0.5477,-1.1754,2.5033,-2.6652,0
3.5496,-0.36816,-1.3144,-7.9645,-1.3276,0
4.4044,-0.034715,-1.5217,-0.68254,-2.0755,0
0.51046,0.27308,-1.6143,7.7372,-1.7303,0
-1.579,0.73476,-1.5178,-1.5928,-2.6364,0
-0.34431,1.3247,-1.3518,-8.4196,-3.3988,0
0.60543,1.4529,-1.2308,2.0482,-3.2981,0
-0.24933,1.3503,-1.1471,5.6891,-4.2905,0
-1.294,1.6325,-1.0866,-4.7786,-3.3268,0
-0.34431,1.8633,-1.003,-6.5991,-3.9166,0
-0.15436,1.7607,-0.80861,6.3718,-3.1255,0
-0.43928,1.4016,-0.51515,3.8687,-2.809,0
-0.62923,1.0426,-0.29506,-7.7369,-3.0248,0
-0.7242,0.70911,-0.24229,-3.6408,-2.2337,0
-1.579,0.68346,-0.30407,8.1923,-2.8953,0
-0.15436,0.73476,-0.35298,1.1379,-1.9892,0
0.41548,0.22178,-0.30407,-8.6471,-2.7659,0
-1.0091,0.042233,-0.23328,0.2277,-3.0104,0
-3.5734,0.11918,-0.21397,6.5994,-3.0823,0
-0.62923,-0.0090658,-0.14704,-2.0479,-3.6864,0
0.89035,-0.5477,0.01899,-7.9645,-2.4207,0
-0.059385,-0.88114,0.167,3.6411,-2.507,0
-0.34431,-0.88114,0.19532,5.0064,-1.0687,0
0.32051,-0.82984,0.17988,-5.4613,-0.60838,0
0.7004,-0.95809,0.18502,-5.4613,-0.49331,0
1.9351,-0.95809,0.17859,7.282,0.44161,0
3.9295,-1.112,0.18116,3.8687,-0.20565,0
3.1697,-1.3172,0.18374,-6.8267,1.3334,0
0.79538,-1.3172,0.17473,-1.3652,1.2327,0
-1.294,-0.93244,0.19661,7.5096,2.3546,0
-2.0538,-0.4451,0.20176,-0.68254,3.0019,0
-2.1488,-0.62465,0.091067,-7.7369,2.8436,0
-2.1488,-0.85549,-0.069819,2.5033,3.8217,0
-1.1041,-0.6503,-0.13804,7.0545,2.671,0
0.13056,-0.0090658,-0.17279,-4.7786,3.1169,0
1.6501,0.14483,-0.23071,-5.6889,2.2539,0
1.2702,0.067882,-0.24486,6.3718,2.0094,0
1.1753,-0.23991,-0.17021,3.6411,2.4984,0
0.98533,-0.034715,-0.036355,-7.2818,1.9519,0
1.7451,-0.23991,0.094928,-5.0062,3.1888,0
1.2702,-0.7016,0.16057,7.9647,2.6854,0
-0.43928,-1.0094,0.039583,0.00013542,3.5053,0
-1.8639,-0.5477,-0.19724,-8.6471,3.8792,0
-1.9589,0.016583,-0.31179,0.68281,3.721,0
1.5552,0.042233,-0.31437,7.282,4.4258,0
4.0245,-0.23991,-0.32981,-2.503,3.232,0
3.4546,-0.4451,-0.39931,-7.5093,3.6779,0
2.6949,-0.26556,-0.43921,3.8687,2.7573,0
4.2144,0.32437,-0.3903,5.4616,2.6135,0
4.0245,0.042233,-0.28476,-6.8267,2.8436,0
1.5552,-1.3428,-0.20239,-4.5511,2.2827,0
0.51046,-2.2919,-0.1612,7.7372,3.3471,0
0.89035,-2.2406,-0.10457,2.2757,2.2827,0
-1.7689,-1.4967,0.012554,-8.192,2.5991,0
-2.6237,-1.1633,0.083344,-1.8203,2.0094,0
-1.484,-0.4451,-0.0119,7.5096,1.2758,0
-3.4784,0.42697,-0.15091,-1.5928,1.6067,0
-2.0538,0.68346,-0.1612,-8.192,0.67174,0
1.5552,0.35002,-0.047939,2.7309,1.5491,0
3.4546,0.35002,0.073047,6.3718,0.84434,0
2.03,0.65782,0.20176,-4.0959,1.0026,0
0.13056,1.1195,0.3073,-7.2818,0.80119,0
0.32051,1.7607,0.39611,5.6891,-0.26318,0
2.5049,2.0172,0.48105,5.234,0.15394,0
1.7451,1.8633,0.57887,-6.3715,-1.1118,0
-1.579,1.5555,0.67927,-3.4133,-0.62276,0
-3.2885,1.3247,0.71016,7.282,-1.0543,0
-1.8639,1.0939,0.67283,2.5033,-1.3276,0
-1.0091,1.1452,0.61105,-7.7369,-0.99673,0
-1.389,1.3247,0.55957,-0.9101,-2.1474,0
-0.15436,1.4016,0.48492,7.9647,-1.7159,0
-0.43928,1.4529,0.38324,-1.3652,-3.0679,0
-0.62923,1.6838,0.35492,-7.5093,-3.183,0
0.13056,2.1198,0.42442,3.6411,-3.5282,0
1.5552,1.9146,0.5068,6.5994,-4.4919,0
2.03,1.2221,0.55442,-4.7786,-4.0748,0
2.125,0.78606,0.55699,-5.4613,-5.2974,0
1.3652,0.50392,0.52868,6.5994,-4.7796,0
1.7451,0.24743,0.47719,3.8687,-5.4412,0
2.03,0.042233,0.41284,-7.0542,-5.6138,0
0.79538,0.093531,0.39997,-3.1857,-5.2398,0
0.41548,0.093531,0.43729,7.282,-6.146,0
-0.24933,-0.41945,0.41541,0.2277,-5.3405,0
0.41548,-1.1633,0.34977,-7.9645,-6.4337,0
2.4099,-1.3172,0.3665,-0.22742,-6.0741,0
1.9351,-1.1376,0.51194,6.8269,-6.4193,0
0.41548,-0.93244,0.66125,-2.9581,-6.8364,0
0.51046,-0.88114,0.66768,-8.192,-6.1316,0
-2.0538,-0.82984,0.55957,3.186,-7.0521,0
-2.2438,-0.77854,0.4566,6.3718,-6.1891,0
-1.389,-0.82984,0.43215,-5.4613,-6.6494,0
-1.7689,-0.6503,0.43343,-7.2818,-6.2754,0
-4.6181,-0.52205,0.41284,4.7789,-5.8008,0
-5.3779,-0.086014,0.38195,4.3238,-6.4912,0
-3.4784,0.35002,0.39096,-7.7369,-5.8008,0
-1.579,0.27308,0.41413,-4.0959,-6.7789,0
0.89035,0.11918,0.41026,7.282,-6.0309,0
1.8401,-0.11166,0.41413,0.68281,-6.2179,0
-1.1991,-0.21426,0.46046,-8.6471,-6.1891,0
-2.3388,-0.18861,0.46175,-1.1377,-5.3981,0
0.32051,-0.11166,0.38838,7.0545,-6.0022,0
3.8345,-0.0090658,0.37937,-1.8203,-4.909,0
5.829,-0.16296,0.53511,-8.4196,-5.6138,0
5.5441,-0.85549,0.75649,3.4135,-4.9809,0
1.1753,-1.8815,0.89678,6.1442,-4.7364,0
-0.53425,-2.6509,0.90966,-5.0062,-4.9522,0
0.98533,-2.5483,0.84015,-4.7786,-3.9309,0
3.7396,-1.5224,0.64966,6.5994,-4.7652,0
2.125,-0.23991,0.43086,3.6411,-3.8446,0
-2.2438,0.24743,0.30344,-7.5093,-4.1755,0
-3.6684,0.70911,0.29057,-2.503,-3.9741,0
-0.15436,0.91431,0.29314,7.9647,-3.2262,0
4.4993,0.93996,0.21334,1.1379,-3.7008,0
3.5496,0.52957,0.10651,-8.192,-2.4782,0
-0.7242,-0.086014,0.10136,-0.45498,-3.1399,0
-2.2438,-0.13731,0.10008,6.8269,-2.3344,0
0.32051,0.52957,-0.017049,-2.503,-2.2625,0
1.1753,1.1452,-0.16378,-7.9645,-2.4351,0
0.98533,0.81171,-0.20496,3.8687,-1.6152,0
0.89035,0.50392,-0.1715,5.6891,-2.4495,0
-0.059385,0.65782,-0.11615,-5.9164,-1.5002,0
-1.6739,0.96561,-0.055661,-6.5991,-1.9892,0
-1.9589,1.0426,-0.0016037,6.5994,-1.5865,0
-1.1041,0.88866,-0.0028907,3.8687,-1.0111,0
0.13056,0.78606,-0.047939,-7.2818,-1.457,0
2.4099,0.91431,-0.049226,-2.9581,-0.37825,0
2.5999,1.1452,-0.018336,6.8269,-1.0974,0
1.5552,1.4016,-0.00031657,1.5931,-0.40701,0
-0.53425,1.5042,0.012554,-7.7369,-0.53646,0
-2.6237,0.88866,0.052454,0.00013542,-0.6803,0
-3.5734,0.14483,0.12839,6.3718,0.082022,0
-1.7689,0.17048,0.18889,-2.503,-0.6803,0
2.5049,0.067882,0.19275,-8.4196,0.15394,0
4.7843,-0.13731,0.16186,2.9584,-0.56523,0
3.3597,-0.16296,0.12968,5.9167,-0.5077,0
0.035589,-0.18861,0.16314,-5.6889,-0.37825,0
-0.62923,-0.29121,0.18374,-7.2818,-1.1262,0
0.89035,-0.26556,0.10394,5.9167,-0.3351,0
2.315,0.016583,0.0048318,5.0064,-1.2269,0
2.03,0.17048,-0.019623,-8.192,-0.63715,0
1.4602,0.016583,0.00097052,-4.5511,-1.1262,0
1.8401,-0.5477,-0.00031657,7.282,-1.5289,0
3.9295,-1.0863,0.015128,2.0482,-1.2125,0
4.9742,-1.8045,0.025425,-7.2818,-1.9892,0
1.6501,-2.138,0.00097052,-0.45498,-0.9392,0
-0.91415,-2.1893,0.012554,7.0545,-1.6296,0
-2.0538,-1.9841,0.024138,-1.5928,-1.3276,0
-3.0985,-1.5224,-0.031207,-7.7369,-1.6152,0
-2.5287,-1.2402,-0.096848,3.6411,-2.2769,0
0.32051,-1.3172,-0.12903,6.5994,-1.6296,0
1.9351,-1.0094,-0.14318,-5.0062,-2.3488,0
2.22,0.17048,-0.12903,-6.144,-1.2125,0
0.51046,1.0169,-0.10972,6.1442,-1.3276,0
-2.8136,0.65782,-0.11615,4.5513,-0.60838,0
-3.8583,-0.4451,-0.1213,-6.8267,0.21147,0
-0.15436,-1.2146,-0.13031,-2.503,0.010105,0
0.79538,-1.548,-0.15219,7.0545,1.2471,0
-1.6739,-1.7532,-0.15863,0.2277,0.65736,0
-3.3835,-1.6506,-0.14318,-8.192,1.7217,0
-2.6237,-1.2146,-0.1715,1.3655,1.8799,0
-1.484,-1.1889,-0.24358,7.282,2.0525,0
-0.059385,-1.5224,-0.20882,-3.8684,2.8436,0
-0.24933,-1.3685,-0.058236,-7.2818,1.9231,0
-1.484,-1.0094,0.051167,4.7789,2.4697,0
-1.8639,-0.31686,0.052454,5.234,1.4484,0
-0.62923,0.86301,-0.054374,-6.5991,1.4916,0
-0.34431,1.8633,-0.18823,-3.6408,1.5923,0
-0.15436,2.402,-0.30793,7.0545,1.1608,0
0.32051,2.1711,-0.37486,1.5931,2.0957,0
0.60543,1.5555,-0.39674,-8.4196,1.4053,0
-1.8639,1.376,-0.35941,-1.1377,2.3115,0
-3.0985,0.93996,-0.30793,7.9647,2.0669,0
-2.5287,0.60652,-0.23199,-0.68254,2.3402,0
-1.484,0.11918,-0.13417,-7.7369,3.1025,0
-1.389,-0.18861,-0.090413,2.9584,2.6279,0
0.60543,-0.31686,-0.13289,6.3718,3.7642,0
0.41548,-0.034715,-0.19081,-4.5511,3.0738,0
-0.43928,0.093531,-0.26674,-6.3715,3.7354,0
-0.7242,0.52957,-0.32852,5.6891,3.5484,0
-2.6237,0.78606,-0.28991,4.7789,3.2176,0
-4.2382,0.37567,-0.14833,-6.5991,3.8936,0
-3.1935,-0.4451,-0.033781,-4.3235,2.9299,0
-2.4337,-0.75289,0.042157,7.282,3.6347,0
-2.0538,-0.34251,0.158,2.0482,2.743,0
-0.34431,0.52957,0.20176,-8.192,2.671,0
0.51046,0.93996,0.14255,-1.3652,2.6135,0
0.89035,0.27308,0.12453,8.1923,1.7361,0
1.8401,-0.34251,0.25067,-0.9101,2.1676,0
4.0245,-0.29121,0.36264,-8.4196,0.95941,0
4.9742,-0.26556,0.28928,2.2757,1.4484,0
3.5496,-0.086014,0.096215,7.0545,1.1608,0
0.89035,0.14483,-0.00031657,-4.7786,1.0169,0
-1.1991,0.19613,-0.0093262,-6.144,1.6498,0
0.035589,0.016583,-0.038929,5.6891,0.91626,0
0.60543,-0.5477,-0.040216,4.3238,1.8512,0
0.13056,-1.112,0.047306,-7.0542,1.3478,0
2.22,-1.4967,0.12711,-3.6408,2.0382,0
2.4099,-1.4711,0.15542,7.282,2.6279,0
0.79538,-1.5993,0.16057,2.0482,2.7142,0
-0.34431,-2.0867,0.13225,-8.4196,3.7498,0
0.22554,-2.1893,0.092354,-1.5928,2.5991,0
2.4099,-1.8302,0.064038,8.1923,2.556,0
2.6949,-1.4967,0.04988,-2.0479,1.2183,0
-0.43928,-1.548,0.043444,-7.2818,0.096406,0
-3.5734,-1.6506,0.025425,2.7309,-0.7666,0
-4.0483,-1.1889,-0.018336,6.5994,-2.6364,0
-2.1488,-0.16296,-0.0119,-6.144,-1.7015,0
-1.7689,0.73476,0.085918,-6.3715,-0.79537,0
-2.1488,0.93996,0.18889,6.3718,3.1313,0
-1.1041,0.73476,0.17215,4.0962,6.5114,0
2.7898,0.60652,0.07176,-7.9645,9.0429,0
4.8792,0.68346,0.017703,-2.9581,11.1,0
2.8848,1.2477,0.082057,7.5096,10.107,0
0.41548,2.0942,0.19146,0.45525,9.9203,0
-1.1991,2.2481,0.24294,-9.1023,7.7052,0
0.60543,1.4016,0.29185,1.1379,6.7559,0
3.7396,0.42697,0.33304,6.8269,5.8929,0
4.2144,-0.086014,0.37423,-3.4133,4.0375,0
3.0747,-0.31686,0.41155,-7.7369,2.9731,0
1.6501,-0.599,0.42314,4.7789,-0.49331,0
3.5496,-0.98374,0.35878,5.234,-2.5933,0
2.9798,-1.112,0.25968,-6.8267,-5.3549,0
-0.15436,-0.36816,0.19403,-4.7786,-6.6494,0
-3.3835,1.0426,0.18502,7.0545,-6.1028,0
-4.6181,2.2737,0.21334,2.2757,-5.7433,0
-2.2438,2.2737,0.19532,-7.2818,-3.3125,0
-0.34431,1.5042,0.17215,-0.68254,-3.2118,0
-0.34431,0.86301,0.16572,7.282,-2.7947,0
-2.0538,0.70911,0.083344,-0.9101,-3.744,0
-0.91415,1.1965,0.012554,-7.5093,-4.8803,0
-0.34431,2.1968,0.037009,2.7309,-3.6145,0
1.3652,2.3507,-0.014475,8.1923,-2.6364,0
3.8345,1.3503,-0.12388,-3.8684,0.51352,0
2.315,0.68346,-0.20239,-7.2818,1.6354,0
0.32051,0.24743,-0.24229,4.7789,2.556,0
2.125,-0.034715,-0.23457,6.1442,2.6567,0
1.6501,0.29873,-0.21397,-6.5991,1.3765,0
0.13056,0.63217,-0.21783,-4.7786,1.0601,0
-0.34431,0.35002,-0.28734,7.0545,-1.0974,0
-1.294,0.22178,-0.3015,3.6411,-0.82413,0
-1.8639,0.17048,-0.16764,-7.5093,-0.40701,0
-1.1041,0.40132,-0.059523,-2.503,1.0026,0
0.13056,1.0682,-0.064671,7.282,2.8005,0
0.60543,1.7607,-0.13804,-0.45498,2.2827,0
-0.15436,1.889,-0.19209,-8.8747,2.6854,0
-0.43928,1.2221,-0.14447,1.1379,1.0313,0
0.13056,1.0426,-0.040216,6.5994,0.88749,0
-1.0091,1.2221,-0.018336,-3.8684,0.11079,0
-0.24933,1.9659,-0.090413,-6.8267,-1.5865,0
0.7004,2.7867,-0.15992,5.6891,-2.2625,0
0.79538,2.7867,-0.14318,4.5513,-4.5494,0
0.51046,2.1711,-0.040216,-7.0542,-4.7796,0
-0.15436,1.2734,0.051167,-3.8684,-5.7145,0
0.32051,0.50392,-0.0041778,7.0545,-5.4987,0
2.4099,0.29873,-0.20496,1.8206,-4.0892,0
1.6501,1.2734,-0.42506,-8.8747,-3.4275,0
-2.4337,2.7098,-0.53317,-1.1377,-1.5145,0
-2.9086,3.1458,-0.4302,7.7372,-2.1186,0
0.13056,2.5815,-0.18823,-1.1377,-1.6728,0
1.7451,1.4529,0.012554,-8.6471,-2.0611,0
1.3652,0.93996,0.05889,2.7309,-2.1762,0
2.7898,1.0169,0.051167,6.5994,-0.88167,0
3.6446,1.3503,0.035722,-4.3235,-0.92482,0
3.6446,1.3503,-0.078829,-5.9164,0.67174,0
2.8848,0.86301,-0.17407,5.9167,0.28339,0
0.89035,0.22178,-0.15734,4.0962,0.74366,0
2.03,-0.18861,-0.10972,-6.3715,1.4484,0
1.5552,-0.5477,-0.096848,-2.503,1.8224,0
-1.484,-0.95809,-0.085264,7.5096,3.8073,0
-1.294,-1.3428,-0.11744,0.91037,3.534,0
0.89035,-1.2915,-0.15992,-7.9645,4.469,0
1.1753,-1.1889,-0.15477,1.1379,3.721,0
0.89035,-1.4454,-0.14061,7.282,3.1457,0
0.035589,-1.6763,-0.11358,-2.7306,3.3758,0
1.3652,-1.4198,-0.065958,-7.2818,2.6998,0
4.6893,-1.2146,-0.0093262,4.0962,3.6491,0
4.4044,-1.5224,0.088493,6.3718,2.5847,0
0.60543,-2.3688,0.15542,-5.2337,2.3258,0
-1.579,-3.01,0.14512,-5.4613,1.1464,0
-2.0538,-2.7535,0.11037,5.4616,-0.37825,0
-1.484,-2.3431,0.11938,4.3238,-0.20565,0
-1.7689,-2.4457,0.17988,-7.0542,-0.86728,0
-3.0036,-2.7279,0.26096,-3.4133,0.70051,0
-1.6739,-2.4457,0.33175,7.5096,0.82996,0
-1.0091,-1.5224,0.31759,2.2757,1.621,0
0.32051,-0.57335,0.20176,-8.6471,2.0525,0
-1.1041,0.60652,0.024138,0.45525,1.0169,0
-2.7186,2.325,-0.15091,7.0545,1.0457,0
-1.8639,2.8637,-0.32595,-2.7306,-0.79537,0
-1.8639,3.3766,-0.44308,-8.4196,-0.70906,0
-2.9086,5.3773,-0.47525,3.6411,-1.0111,0
-1.6739,7.3523,-0.47783,5.6891,-0.594,0
-0.15436,7.1727,-0.43407,-5.4613,0.91626,0
-0.24933,4.8643,-0.29892,-5.4613,1.0889,0
-2.3388,1.7864,-0.15091,5.9167,2.8724,0
-2.7186,-0.26556,-0.090413,3.4135,2.369,0
-1.294,-0.4964,-0.16378,-7.9645,2.5991,0
0.22554,0.58087,-0.34011,-3.6408,2.2683,0
-0.059385,1.5299,-0.45852,7.282,1.9231,0
1.2702,1.889,-0.45981,0.91037,3.2895,0
2.03,2.2994,-0.4508,-8.192,2.9299,0
1.4602,2.5302,-0.45723,0.45525,3.6635,0
0.98533,2.0942,-0.42506,7.282,2.743,0
-0.059385,1.4786,-0.42763,-2.9581,2.5128,0
-1.389,0.70911,-0.4804,-7.7369,3.232,0
-1.8639,-0.75289,-0.47911,4.3238,3.4477,0
-2.1488,-2.3688,-0.38902,5.234,5.1881,0
-1.1041,-3.1126,-0.22041,-6.3715,4.7135,0
-1.6739,-2.8048,-0.11487,-4.7786,5.2025,0
-1.1041,-1.9328,-0.13289,7.282,3.9655,0
-0.7242,-1.548,-0.15348,3.186,2.0382,0
0.41548,-2.2406,-0.089126,-7.2818,0.51352,0
2.5049,-2.7022,-0.031207,-0.9101,-1.9604,0
3.4546,-2.7279,-0.02091,7.9647,-1.644,0
-0.7242,-2.574,0.039583,-1.1377,-1.8022,0
-2.8136,-1.9328,0.10265,-7.7369,-0.32071,0
-1.8639,-0.62465,0.091067,2.2757,0.55667,0
-0.7242,0.093531,0.10265,7.7372,0.067639,0
-1.579,-0.16296,0.23265,-5.0062,0.010105,0
-1.8639,-0.77854,0.41799,-6.5991,-2.1618,0
1.3652,-1.3428,0.52095,6.1442,-2.5645,0
3.2647,-0.82984,0.51581,3.8687,-3.1255,0
2.03,-0.13731,0.43987,-7.5093,-1.9892,0
0.32051,-0.11166,0.31888,-4.5511,0.024489,0
-2.0538,-0.72725,0.22106,7.282,0.80119,0
0.035589,-0.77854,0.17988,1.5931,2.2252,0
4.4044,-0.34251,0.23651,-9.1023,1.4772,0
4.7843,-0.62465,0.3472,-0.22742,2.2252,0
3.2647,-1.2402,0.37294,7.7372,2.2395,0
2.22,-1.112,0.29443,-3.1857,2.5704,0
-0.34431,-1.1889,0.24423,-8.4196,3.5916,0
-1.8639,-1.4711,0.30215,4.3238,3.0594,0
-2.0538,-0.88114,0.37037,7.0545,3.606,0
-3.1935,-0.47075,0.3768,-5.6889,1.7361,0
-2.5287,-0.72725,0.30601,-6.5991,0.84434,0
-2.2438,-1.1889,0.20819,5.4616,-0.11935,0
-0.43928,-1.4198,0.12067,3.4135,-0.89605,0
1.6501,-1.4967,0.039583,-6.8267,-0.22003,0
3.8345,-1.5224,0.0086931,-2.503,-1.3276,0
4.2144,-1.1633,0.046019,7.5096,-0.63715,0
3.8345,-0.98374,0.10265,0.68281,-1.4282,0
3.1697,-0.6503,0.1773,-7.9645,-1.644,0
3.0747,-0.599,0.25195,1.5931,-1.7303,0
1.9351,-0.67595,0.31116,7.0545,-2.5933,0
1.0803,-1.0607,0.36393,-3.8684,-1.4714,0
-0.059385,-1.112,0.42957,-7.9645,-1.6871,0
-0.62923,-0.85549,0.46304,5.0064,-0.53646,0
0.41548,-0.85549,0.41799,6.3718,-0.78098,0
0.60543,-0.47075,0.34977,-5.0062,-1.2125,0
0.035589,0.093531,0.29314,-5.4613,-1.0974,0
-0.43928,0.37567,0.24423,6.8269,-1.9604,0
-0.62923,0.32437,0.16186,4.5513,-0.82413,0
1.9351,0.14483,0.031861,-7.0542,-0.99673,0
2.5049,0.29873,-0.099422,-3.1857,0.15394,0
1.4602,0.52957,-0.17021,8.4198,0.70051,0
1.9351,0.65782,-0.13675,1.1379,0.58544,0
2.03,0.68346,-0.072394,-7.7369,1.3478,0
1.4602,0.83736,-0.073681,-0.45498,0.19709,0
-0.62923,0.73476,-0.15992,7.5096,0.58544,0
-2.7186,1.0682,-0.26546,-1.5928,-0.27756,0
-1.7689,2.1198,-0.30021,-7.9645,-0.29195,0
-1.1041,2.6585,-0.21011,2.7309,0.39846,0
-2.4337,1.812,-0.076255,6.5994,0.25462,0
-1.6739,0.016583,0.0061189,-4.7786,1.4772,0
-1.484,-0.82984,-0.067245,-6.3715,0.42722,0
-3.8583,0.22178,-0.32595,6.3718,0.62859,0
-3.1935,1.889,-0.59753,3.6411,-0.22003,0
-1.484,2.6328,-0.67604,-7.9645,-1.27,0
-1.0091,2.402,-0.6696,-2.0479,-1.3995,0
-1.484,2.5559,-0.76356,7.282,-3.1542,0
0.7004,2.8637,-0.89484,0.2277,-3.0536,0
2.7898,3.0945,-0.93088,-8.192,-4.2186,0
2.6949,3.4023,-0.88841,1.8206,-4.5638,0
-0.15436,3.0175,-0.77386,6.5994,-4.8371,0
-0.53425,2.1455,-0.57822,-3.6408,-5.6857,0
1.1753,1.4786,-0.39288,-7.0542,-4.5638,0
2.125,0.68346,-0.3414,4.5513,-4.8803,0
3.2647,-0.4451,-0.28219,5.234,-3.5714,0
1.7451,-1.112,-0.080116,-7.2818,-3.2405,0
-1.484,-1.2146,0.17344,-5.4613,-2.7803,0
-1.389,-1.4967,0.35492,7.0545,-1.831,0
0.035589,-1.8045,0.44244,3.4135,-2.2912,0
2.5049,-1.9071,0.45531,-7.7369,-1.3851,0
1.7451,-1.625,0.46818,-2.503,-2.7659,0
-0.53425,-1.3685,0.49521,7.7372,-3.0679,0
-1.7689,-0.77854,0.43472,0.00013542,-3.7727,0
-0.43928,-0.23991,0.36779,-7.9645,-4.607,0
0.41548,-0.95809,0.48234,2.2757,-3.4707,0
-0.81917,-2.2662,0.70115,7.282,-3.0392,0
-2.7186,-2.5227,0.71659,-3.4133,-0.19126,0
-0.91415,-1.8302,0.46947,-6.5991,1.2615,0
-0.34431,-1.8815,0.33819,4.7789,2.4553,0
0.32051,-1.8045,0.4566,5.234,2.6854,0
1.6501,-1.2915,0.55571,-6.144,1.2039,0
-0.62923,-1.2146,0.59689,-3.6408,1.3765,0
-1.579,-1.3428,0.67798,7.9647,0.88749,0
-1.1991,-0.599,0.72946,2.5033,2.6854,0
-0.62923,-0.11166,0.65867,-8.4196,3.7786,0
-3.1935,-0.4964,0.59818,-0.68254,4.1525,0
-5.5679,-1.6506,0.65867,7.5096,4.6703,0
-4.6181,-2.2406,0.75006,-0.22742,3.2032,0
-0.43928,-2.0867,0.76808,-7.5093,3.606,0
0.79538,-2.2919,0.67669,1.1379,2.9443,0
1.8401,-2.2662,0.51581,6.8269,4.4833,0
2.03,-1.5737,0.32918,-3.4133,6.3532,0
0.7004,-1.035,0.20047,-6.144,7.7628,0
0.41548,-1.0607,0.13611,4.5513,9.5175,0
2.4099,-1.4967,0.14899,5.4616,8.0504,0
2.6949,-2.3431,0.22492,-6.144,6.9573,0
2.315,-3.0613,0.24552,-5.0062,4.6272,0
0.51046,-2.8305,0.16958,7.5096,3.6635,0
-0.34431,-1.8045,0.092354,3.6411,4.3683,0
0.32051,-0.82984,0.04087,-7.9645,4.8142,0
-2.7186,-0.4964,-0.064671,-2.2755,6.6696,0
-2.8136,-0.086014,-0.1612,7.282,5.7491,0
0.22554,0.86301,-0.14962,0.00013542,5.4039,0
1.0803,2.1711,-0.13417,-8.8747,4.0375,0
1.0803,2.6585,-0.2513,2.0482,3.0306,0
2.5999,2.1711,-0.42634,6.8269,3.6491,0
4.3094,1.6581,-0.52674,-3.4133,3.1457,0
4.3094,2.3763,-0.54476,-7.2818,4.4114,0
2.7898,2.9663,-0.5705,5.4616,3.8505,0
-0.24933,2.8893,-0.67733,5.234,3.9368,0
-2.6237,3.4792,-0.89098,-6.3715,4.0231,0
-2.5287,4.3,-1.1265,-4.5511,3.6635,0
0.32051,4.6078,-1.3106,7.0545,5.2169,0
1.7451,5.1977,-1.4328,2.2757,5.1306,0
0.7004,5.8133,-1.4264,-7.5093,6.0368,0
-1.1041,5.6338,-1.2887,0.2277,5.2888,0
-0.24933,4.6335,-1.0737,7.9647,4.1094,0
2.315,3.1971,-0.83435,-1.1377,3.5628,0
3.8345,2.5046,-0.71851,-7.9645,2.2108,0
5.5441,3.1458,-0.75841,2.7309,3.1457,0
2.8848,3.8127,-0.76742,6.5994,2.7861,0
-1.1991,3.6331,-0.64901,-4.3235,3.6491,0
-3.0036,3.3253,-0.46367,-7.0542,3.2176,0
-0.91415,2.325,-0.1818,5.6891,1.9231,0
0.60543,0.73476,0.1876,3.8687,1.506,0
1.6501,-0.599,0.43601,-7.0542,-0.11935,0
1.4602,-2.0354,0.51581,-3.4133,0.42722,0
0.13056,-3.2409,0.51581,7.282,-0.033045,0
-0.43928,-3.4717,0.48234,1.5931,0.62859,0
-0.81917,-3.1896,0.50165,-8.4196,1.2471,0
-0.62923,-3.3178,0.67927,-0.9101,0.78681,0
-2.4337,-2.574,0.78867,7.282,1.3765,0
-1.579,-0.11166,0.66125,-1.5928,0.11079,0
1.6501,1.1965,0.44244,-8.8747,0.45599,0
3.2647,-0.13731,0.3266,2.7309,0.21147,0
1.2702,-2.3944,0.34591,6.8269,0.39846,0
-1.1041,-3.0613,0.48749,-4.5511,1.5204,0
-2.0538,-2.7022,0.6265,-6.8267,1.132,0
-1.294,-2.9844,0.66125,5.6891,2.0094,0
-0.62923,-3.1639,0.6162,4.5513,0.95941,0
-0.34431,-3.01,0.66511,-7.5093,0.71489,0
-0.43928,-3.7026,0.86332,-4.7786,0.47037,0
-0.81917,-4.7798,1.059,7.282,0.18271,0
-0.62923,-5.4724,1.1349,1.5931,1.8799,0
-0.7242,-5.062,1.225,-8.192,1.9519,0
-1.7689,-4.5233,1.3576,0.00013542,3.1169,0
-1.8639,-4.4464,1.3563,7.0545,2.0813,0
0.41548,-4.2925,1.2186,-2.503,1.0457,0
1.1753,-3.3435,1.059,-6.8267,0.31216,0
0.79538,-1.7789,1.0422,3.6411,-1.155,0
1.7451,-0.47075,1.1066,5.9167,-0.29195,0
-1.389,0.093531,1.0976,-4.7786,-0.594,0
-6.4226,0.14483,1.0126,-5.4613,0.49914,0
-6.5176,0.52957,0.90966,6.1442,0.58544,0
-5.6628,1.4786,0.78867,4.3238,0.082022,0
-4.4282,2.4789,0.61105,-6.5991,0.36969,0
-5.4729,2.7867,0.46947,-2.7306,-0.55085,0
-3.8583,2.1968,0.45145,8.6474,0.91626,0
-0.15436,1.3247,0.50036,1.5931,1.4341,0
-2.6237,-0.034715,0.51709,-7.5093,2.6854,0
-5.3779,-1.4454,0.52095,0.91037,3.6491,0
-4.7131,-1.7789,0.54541,7.9647,2.9299,0
-1.389,-1.112,0.54541,-2.9581,3.2032,0
0.22554,-0.62465,0.44244,-8.192,1.4772,0
2.5049,0.11918,0.2069,4.0962,1.5635,0
3.5496,0.78606,0.070473,6.1442,1.1895,0
5.4491,-0.599,0.19532,-5.4613,1.4628,0
1.9351,-3.3178,0.36908,-5.9164,2.556,0
-0.91415,-4.2668,0.28413,5.9167,2.2683,0
-1.8639,-2.8048,0.10651,4.3238,3.3327,0
-2.1488,-0.75289,0.029286,-7.7369,2.4553,0
-2.2438,0.32437,0.013841,-3.8684,2.7142,0
-2.1488,-0.0090658,0.030574,7.7372,2.6423,0
0.41548,-0.31686,0.01899,0.91037,2.4409,0
1.7451,0.50392,-0.098135,-9.1023,3.6347,0
2.4099,1.7864,-0.28991,-0.22742,3.4477,0
3.0747,2.402,-0.33625,7.5096,5.0155,0
4.6893,1.8633,-0.22813,-1.8203,5.0874,0
5.0692,1.3503,-0.21011,-7.5093,5.447,0
3.4546,1.7094,-0.32466,2.7309,5.6196,0
1.0803,2.1711,-0.44436,6.3718,4.6128,0
0.22554,1.6581,-0.44179,-5.0062,5.634,0
-1.0091,0.91431,-0.28991,-6.3715,5.1881,0
-1.0091,0.73476,-0.11873,5.6891,6.3963,0
0.32051,1.0426,-0.0518,4.5513,6.684,0
1.4602,1.4529,-0.08269,-7.5093,6.5546,0
1.0803,1.5042,-0.14318,-4.0959,7.0436,0
1.0803,1.1965,-0.2011,8.875,5.7203,0
2.6949,1.1965,-0.28348,2.9584,6.0943,0
2.5049,1.3247,-0.31437,-8.192,5.0587,0
0.60543,1.3503,-0.19467,-0.9101,4.9005,0
-0.15436,0.91431,-0.059523,7.5096,4.6703,0
1.9351,0.29873,-0.099422,-1.5928,3.7642,0
0.7004,0.65782,-0.27833,-6.5991,4.2101,0
-1.8639,2.325,-0.39545,4.0962,2.6854,0
-0.7242,3.4792,-0.40446,5.9167,2.671,0
2.03,3.5049,-0.44308,-6.144,1.4628,0
2.5049,2.9406,-0.55376,-5.2337,0.68613,0
-0.24933,1.812,-0.59624,7.7372,0.51352,0
-2.3388,1.0426,-0.5499,3.186,-0.79537,0
0.89035,1.299,-0.45208,-7.7369,-0.34948,0
3.0747,2.402,-0.36714,-1.5928,-1.8022,0
2.22,3.3253,-0.29377,8.1923,-1.8741,0
1.1753,3.1714,-0.17665,0.2277,-2.6796,0
0.60543,2.6585,-0.076255,-7.7369,-3.6864,0
-1.1041,2.0942,-0.062097,2.5033,-3.4275,0
-2.9086,1.7351,-0.11101,6.8269,-4.722,0
-2.7186,1.6838,-0.077542,-4.0959,-4.1179,0
-1.389,1.0426,-0.0041778,-6.8267,-5.1823,0
-2.7186,-0.3938,0.013841,6.1442,-5.4124,0
-4.2382,-1.0094,-0.018336,4.3238,-5.5131,0
-2.3388,-0.599,-0.040216,-6.8267,-6.3186,0
-1.0091,-0.23991,0.012554,-4.0959,-5.4987,0
-0.81917,-0.5477,0.10522,7.282,-6.2611,0
0.41548,-0.6503,0.10008,2.0482,-5.5563,0
0.7004,-0.23991,-0.0093262,-7.7369,-6.1891,0
-0.059385,-0.26556,-0.11358,-1.1377,-6.9371,0
0.32051,-0.88114,-0.15863,7.5096,-7.1241,0
0.79538,-1.3428,-0.20754,-0.68254,-8.4905,0
0.89035,-1.4198,-0.21912,-8.192,-7.7857,0
1.1753,-1.4454,-0.12903,2.5033,-8.4186,0
1.6501,-1.2402,-0.096848,6.5994,-7.5412,0
1.9351,-0.7016,-0.17536,-4.0959,-7.1384,0
0.7004,-0.41945,-0.28605,-6.8267,-7.2679,0
-1.294,0.067882,-0.35684,4.5513,-6.52,0
-1.1041,0.14483,-0.38258,5.234,-7.498,0
0.035589,-0.13731,-0.39931,-6.5991,-6.8076,0
1.6501,-1.2915,-0.38773,-5.6889,-7.3686,0
1.2702,-2.061,-0.35941,7.0545,-6.9658,0
-1.579,-2.0354,-0.37872,3.4135,-6.2611,0
-4.0483,-1.7019,-0.42506,-7.7369,-6.5056,0
-0.53425,-1.9328,-0.43149,-2.0479,-4.9522,0
0.51046,-2.138,-0.39931,7.7372,-5.1248,0
-1.6739,-1.9328,-0.3414,0.2277,-3.7296,0
-2.3388,-1.1376,-0.26932,-7.2818,-3.5282,0
-0.43928,-0.599,-0.2616,1.8206,-3.4419,0
1.5552,-0.23991,-0.30278,7.282,-2.6796,0
1.2702,-0.18861,-0.31694,-3.4133,-3.3844,0
1.1753,-0.21426,-0.32338,-7.5093,-2.0467,0
2.6949,-0.18861,-0.32209,4.3238,-2.4926,0
2.6949,-0.21426,-0.31694,5.9167,-1.6296,0
-0.15436,0.11918,-0.23457,-6.5991,-1.1693,0
0.22554,0.76041,-0.080116,-4.5511,-1.457,0
3.1697,0.99126,-0.077542,6.5994,-0.49331,0
5.924,1.2477,-0.19209,3.4135,-1.3419,0
3.9295,1.3503,-0.3607,-7.7369,-0.3351,0
1.6501,0.88866,-0.55376,-0.45498,-0.4214,0
1.6501,0.70911,-0.67346,7.5096,-0.11935,0
0.32051,0.63217,-0.69921,-0.9101,0.49914,0
-0.43928,-0.13731,-0.67861,-7.7369,-0.32071,0
0.98533,-0.82984,-0.60267,2.2757,0.41284,0
1.9351,-1.112,-0.4405,6.8269,-0.82413,0
1.4602,-1.2915,-0.30021,-4.5511,-0.79537,0
0.035589,-1.0094,-0.18308,-6.8267,-1.5145,0
-0.53425,-0.599,-0.081403,4.7789,-2.3344,0
-0.43928,-0.29121,-0.031207,5.0064,-2.0755,0
0.98533,-0.034715,-0.10972,-7.0542,-3.2837,0
2.125,0.35002,-0.30793,-5.4613,-2.6221,0
1.4602,0.78606,-0.43535,6.8269,-3.4563,0
0.79538,0.60652,-0.36328,2.5033,-3.3412,0
-1.8639,0.45262,-0.1715,-8.192,-3.8734,0
-4.0483,0.29873,0.0022576,-1.3652,-5.2542,0
-3.4784,-0.18861,0.15413,7.5096,-5.096,0
-4.2382,-0.21426,0.2468,-1.3652,-6.0741,0
-2.1488,0.45262,0.26482,-8.192,-4.9809,0
0.7004,0.86301,0.23522,2.7309,-4.9953,0
0.32051,0.96561,0.19403,6.8269,-4.5782,0
-1.1991,1.0169,0.19661,-4.3235,-3.8303,0
-1.1991,0.68346,0.18889,-5.9164,-4.2905,0
-0.059385,0.52957,0.060177,5.6891,-2.9816,0
1.6501,1.3247,-0.076255,4.3238,-3.37,0
0.51046,1.5042,-0.081403,-6.3715,-2.2481,0
-0.53425,0.52957,-0.024771,-3.1857,-1.8741,0
-2.4337,-0.3938,-0.026058,7.7372,-1.6728,0
-3.5734,-1.4711,-0.053087,2.2757,-0.60838,0
-0.24933,-2.4714,-0.053087,-7.9645,-1.083,0
0.7004,-2.7279,-0.072394,-1.1377,0.18271,0
-1.579,-2.0354,-0.12388,7.282,-0.10496,0
-3.1935,-0.6503,-0.18308,-0.22742,0.55667,0
-3.5734,0.63217,-0.27961,-7.9645,1.0457,0
-5.3779,1.812,-0.41991,1.8206,0.71489,0
-5.4729,2.9406,-0.55634,7.282,1.7505,0
-1.6739,2.8637,-0.58723,-2.503,0.84434,0
1.9351,1.4273,-0.49842,-7.2818,1.4916,0
1.7451,0.093531,-0.3208,4.7789,1.0026,0
1.2702,-0.4451,-0.10457,6.3718,0.67174,0
2.6949,-0.11166,0.10394,-6.3715,1.2039,0
2.5049,0.32437,0.19146,-6.5991,0.28339,0
1.2702,0.93996,0.16186,6.5994,1.1032,0
-2.5287,1.2221,0.083344,3.4135,0.31216,0
-2.8136,1.2221,0.035722,-7.2818,0.62859,0
0.13056,1.299,0.062751,-3.1857,0.45599,0
0.98533,1.0939,0.16314,7.9647,-0.3351,0
-0.7242,0.11918,0.27126,1.1379,0.11079,0
0.7004,-0.93244,0.29185,-7.2818,-1.0687,0
4.6893,-1.4198,0.19275,-0.22742,-0.56523,0
6.3988,-0.88114,0.067899,6.3718,-1.4426,0
5.1642,-0.060364,0.042157,-1.8203,-1.6871,0
2.315,0.22178,-0.0028907,-7.9645,-1.7447,0
1.1753,-0.086014,-0.11229,3.6411,-2.7227,0
2.7898,-0.599,-0.17407,6.1442,-2.1186,0
1.7451,-0.57335,-0.1612,-5.4613,-3.1255,0
0.13056,-0.52205,-0.14447,-6.3715,-2.7947,0
0.32051,-0.88114,-0.12903,4.7789,-3.0536,0
1.4602,-0.88114,-0.12774,4.7789,-3.4419,0
2.22,-0.47075,-0.14833,-6.8267,-2.7371,0
1.3652,0.37567,-0.15219,-3.8684,-3.5138,0
-0.81917,1.0169,-0.092987,7.0545,-2.5645,0
-1.9589,0.52957,0.012554,1.1379,-3.1974,0
-1.389,-0.98374,0.12324,-7.9645,-2.8953,0
-0.7242,-2.3944,0.21334,0.00013542,-2.7515,0
-0.81917,-2.8305,0.24037,7.282,-3.3988,0
-1.484,-2.574,0.24166,-2.7306,-2.5933,0
-2.9086,-2.2406,0.30344,-7.5093,-3.5857,0
-2.3388,-2.7535,0.37165,4.3238,-2.8234,0
0.13056,-3.01,0.29443,7.0545,-3.3268,0
-0.7242,-1.7019,0.094928,-5.2337,-3.37,0
-1.8639,0.37567,-0.078829,-5.6889,-3.1255,0
-3.0036,1.376,-0.15477,6.8269,-4.046,0
-1.7689,0.40132,-0.1316,3.186,-3.2837,0
0.89035,0.093531,-0.077542,-6.8267,-4.2186,0
-0.43928,1.2477,-0.067245,-1.5928,-3.6001,0
-1.6739,1.8633,-0.087839,8.1923,-3.7583,0
-2.1488,1.5042,-0.11101,-0.68254,-3.9453,0
-1.1991,0.19613,-0.10071,-7.5093,-3.2118,0
0.98533,-1.3172,-0.018336,2.9584,-3.8159,0
1.3652,-2.138,0.091067,7.0545,-2.6652,0
0.79538,-1.548,0.1181,-3.6408,-3.1974,0
0.7004,-0.57335,0.015128,-7.0542,-2.6652,0
0.89035,-0.23991,-0.10328,4.7789,-2.4495,0
2.6949,-0.26556,-0.12388,5.0064,-2.8666,0
3.4546,-0.62465,-0.081403,-7.2818,-1.9604,0
2.03,-0.82984,-0.0518,-4.3235,-2.7227,0
-1.6739,-0.67595,-0.072394,7.0545,-1.8454,0
-2.4337,-0.52205,-0.17665,2.0482,-2.1618,0
1.1753,-0.060364,-0.31951,-9.1023,-2.1618,0
0.60543,0.63217,-0.39288,-1.5928,-1.6584,0
-1.1041,1.3247,-0.37615,7.7372,-2.3632,0
0.60543,1.8377,-0.35427,-1.1377,-1.2556,0
1.9351,2.1711,-0.35941,-7.9645,-1.831,0
1.4602,2.1711,-0.34268,2.2757,-1.0687,0
0.13056,1.9403,-0.31179,6.1442,-1.0399,0
-1.1991,1.7351,-0.24229,-4.5511,-1.2125,0
0.51046,1.299,-0.1213,-6.8267,-0.4214,0
2.7898,0.58087,0.025425,5.6891,-1.0255,0
3.4546,0.093531,0.17988,5.234,0.11079,0
0.41548,0.52957,0.28413,-6.5991,-0.30633,0
-2.4337,1.1452,0.32017,-3.6408,0.26901,0
-0.7242,0.42697,0.38967,7.9647,0.57106,0
-0.62923,-0.52205,0.49264,2.0482,0.25462,0
-1.484,-0.57335,0.54283,-7.9645,1.0745,0
-1.1991,-0.34251,0.6059,-1.1377,0.26901,0
-1.0091,-0.62465,0.61877,8.6474,0.95941,0
-1.484,-1.2915,0.50036,-0.9101,0.36969,0
-1.8639,-0.95809,0.29057,-7.5093,-0.52208,0
0.41548,-0.11166,0.14899,2.2757,-1.9892,0
0.32051,0.73476,0.14255,6.5994,-5.3261,0
1.2702,0.68346,0.2468,-3.8684,-6.0309,0
2.315,-0.060364,0.3073,-6.3715,-4.9953,0
2.315,-0.4964,0.24294,5.9167,1.5347,0
1.4602,-0.5477,0.10265,4.5513,8.8847,0
0.79538,-0.599,0.020277,-7.7369,14.509,0
-1.0091,-1.2915,0.0022576,-3.1857,17.011,0
-2.7186,-1.4711,0.0022576,8.875,13.919,0
-0.91415,-1.0607,-0.032494,0.91037,10.654,0
0.51046,-0.6503,-0.090413,-7.9645,5.7491,0
0.13056,-0.3938,-0.102,0.00013542,3.1457,0
1.2702,-0.21426,-0.095561,7.5096,1.8799,0
0.32051,-0.34251,-0.15605,-1.1377,0.26901,0
-1.1991,-0.23991,-0.13546,-7.7369,-0.40701,0
0.7004,-0.21426,0.074335,2.5033,-3.557,0
2.03,-0.13731,0.20948,6.1442,-5.5419,0
2.9798,0.24743,0.10136,-3.8684,-8.0158,0
1.9351,0.58087,-0.019623,-5.9164,-8.6343,0
-0.62923,0.60652,0.085918,5.0064,-6.9658,0
-1.8639,-0.23991,0.33433,5.234,-5.2974,0
-2.9086,-1.1376,0.60333,-7.2818,-1.9173,0
-2.7186,-1.7789,0.82471,-4.5511,-1.155,0
0.41548,-2.6253,0.94827,8.4198,-0.22003,0
2.6949,-2.9844,0.97916,1.3655,-0.78098,0
1.2702,-2.138,0.93154,-9.1023,-1.8741,0
0.79538,-1.112,0.84659,-1.3652,-1.27,0
0.7004,-0.29121,0.72174,7.7372,-1.4858,0
0.7004,0.093531,0.56472,-1.1377,0.58544,0
0.7004,0.17048,0.37809,-8.4196,1.4484,0
-0.81917,0.11918,0.2571,2.9584,2.3834,0
-1.8639,0.016583,0.24294,6.8269,3.0882,0
-3.0036,-0.0090658,0.21334,-4.5511,2.1101,0
-2.5287,-0.086014,0.15156,-5.6889,2.6567,0
-1.294,-0.086014,0.15542,6.1442,1.9231,0
0.32051,-0.034715,0.167,3.6411,2.8868,0
2.4099,-0.060364,0.10008,-7.9645,4.0087,0
4.4993,-0.086014,-0.037642,-3.8684,4.5409,0
4.4044,0.24743,-0.16378,7.282,5.7635,0
1.4602,0.60652,-0.28348,0.91037,4.4977,0
-0.24933,1.0169,-0.40575,-7.2818,4.0375,0
-1.484,1.1452,-0.46624,0.91037,2.0813,0
-1.1991,0.37567,-0.43407,8.1923,0.68613,0
-1.484,-0.599,-0.371,-1.8203,0.15394,0
-1.294,-0.72725,-0.28862,-7.0542,-1.0543,0
0.98533,-0.23991,-0.18051,4.0962,-0.20565,0
-0.62923,-0.034715,-0.095561,6.1442,-1.1693,0
-3.7634,0.19613,-0.087839,-5.6889,-0.7666,0
-2.4337,0.68346,-0.16378,-5.0062,-1.1837,0
-2.9086,0.68346,-0.26417,8.1923,-1.7303,0
-2.5287,0.60652,-0.27575,3.6411,-1.0687,0
-0.15436,0.29873,-0.19595,-8.192,-1.8597,0
2.315,-0.36816,-0.12645,-1.1377,-0.60838,0
3.8345,-0.85549,-0.067245,7.5096,-0.75222,0
3.8345,-1.4711,0.034435,-2.0479,-0.004278,0
3.8345,-1.3941,0.11423,-7.5093,0.91626,0
2.8848,-1.0607,0.12067,3.4135,1.2902,0
1.4602,-0.599,0.074335,5.9167,3.9224,0
-0.91415,-0.21426,-0.035068,-6.144,5.5333,0
-1.7689,-0.34251,-0.14447,-5.4613,8.2086,0
-2.0538,-0.95809,-0.20882,6.5994,7.2306,0
-0.53425,-0.7016,-0.27318,2.2757,4.1813,0
1.5552,0.47827,-0.34268,-7.7369,1.0026,0
2.22,1.5555,-0.38902,-1.3652,-2.2769,0
2.315,1.4016,-0.38258,7.5096,-2.2193,0
1.5552,0.81171,-0.371,-1.1377,-3.0823,0
0.22554,0.86301,-0.41733,-8.6471,-3.1255,0
-0.53425,0.93996,-0.48169,2.7309,-4.607,0
-1.389,0.22178,-0.45466,6.1442,-7.009,0
0.51046,-0.34251,-0.30021,-4.0959,-7.6706,0
2.125,-0.34251,-0.12645,-5.4613,-8.9651,0
2.5049,0.32437,-0.087839,5.9167,-7.311,0
3.2647,1.376,-0.16378,3.8687,-6.0165,0
2.8848,2.0942,-0.2217,-7.2818,-4.0316,0
1.6501,2.0172,-0.24486,-2.9581,-1.946,0
0.89035,1.4786,-0.21912,7.7372,-1.457,0
0.79538,1.4786,-0.12388,0.68281,0.21147,0
0.51046,2.402,0.042157,-7.7369,-0.061812,0
-1.0091,3.5049,0.17344,0.45525,1.0745,0
-1.1041,3.6331,0.21591,7.7372,1.4628,0
-1.6739,3.3253,0.23393,-1.3652,1.6067,0
-1.0091,3.3766,0.29829,-7.0542,2.4409,0
-0.7242,4.2231,0.3073,5.234,1.6354,0
-0.81917,4.1461,0.27383,6.3718,2.1676,0
-0.53425,2.3507,0.28413,-5.0062,0.35531,0
-0.62923,-0.23991,0.35749,-5.4613,-0.57961,0
-0.62923,-2.3688,0.35492,7.0545,-1.9173,0
-0.53425,-2.2919,0.24294,3.6411,-3.2405,0
-1.389,-0.41945,0.16057,-7.2818,-2.7515,0
-2.8136,1.0169,0.10265,-1.5928,-3.4131,0
-2.7186,1.0169,0.035722,8.1923,-2.1043,0
-0.53425,-0.034715,-0.0054649,-0.22742,-2.3775,0
0.41548,-0.93244,-0.0080391,-8.192,-2.0611,0
-0.81917,-1.3172,-0.046652,1.1379,-1.831,0
-1.7689,-1.2915,-0.11873,6.8269,-2.1474,0
-1.294,-1.0607,-0.16635,-2.9581,-0.594,0
0.035589,-0.95809,-0.18051,-7.5093,-0.37825,0
0.89035,-0.52205,-0.16378,4.5513,1.6354,0
3.4546,-0.060364,-0.1818,5.9167,2.3978,0
5.639,-0.0090658,-0.24615,-5.0062,2.7861,0
2.315,0.067882,-0.31694,-5.4613,3.5772,0
0.035589,-0.0090658,-0.35555,6.1442,2.7861,0
0.32051,0.42697,-0.36714,2.7309,3.8936,0
2.22,1.0939,-0.34011,-7.7369,3.4046,0
2.5999,0.96561,-0.30793,-2.7306,3.8936,0
-0.15436,0.50392,-0.24615,7.5096,3.7929,0
-2.5287,0.067882,-0.096848,0.45525,2.6567,0
-1.6739,0.24743,0.069186,-7.9645,2.6998,0
0.60543,0.37567,0.13483,0.68281,1.0745,0
2.125,0.29873,0.12839,6.5994,1.1895,0
3.0747,0.016583,0.14384,-2.2755,0.067639,0
2.7898,-0.85549,0.23265,-6.8267,-0.11935,0
1.6501,-1.7532,0.38066,4.0962,0.25462,0
-0.91415,-1.7019,0.57501,5.6891,-0.34948,0
-2.7186,-1.2146,0.73461,-5.9164,0.58544,0
-2.5287,-1.1376,0.78223,-5.0062,-0.10496,0
-1.389,-1.2659,0.68055,6.8269,0.47037,0
0.22554,-1.0607,0.50294,2.7309,0.84434,0
0.60543,-1.0094,0.32918,-7.5093,0.62859,0
-0.059385,-1.1889,0.17344,-2.0479,1.2039,0
-0.43928,-1.625,0.091067,7.7372,-0.39263,0
0.22554,-1.5737,0.16186,0.68281,-0.69468,0
2.5049,-1.5224,0.28799,-7.7369,-2.1043,0
2.5999,-1.8815,0.29314,1.8206,-2.4638,0
0.60543,-1.625,0.1979,7.0545,-2.2912,0
-2.1488,-1.0094,0.062751,-3.8684,-2.8522,0
-3.6684,-0.31686,-0.0917,-7.2818,-1.9317,0
-4.5231,0.24743,-0.20882,5.0064,-2.7947,0
-0.53425,0.76041,-0.27961,6.1442,-2.1906,0
4.4993,1.4529,-0.34397,-5.6889,-2.3632,0
6.4938,2.1711,-0.4109,-5.4613,-2.2337,0
5.1642,2.2481,-0.43535,7.0545,-1.0255,0
3.8345,1.5299,-0.41605,3.4135,-0.9392,0
2.9798,0.81171,-0.39417,-7.2818,0.85873,0
2.315,0.96561,-0.35555,-2.0479,0.85873,0
-0.059385,1.5555,-0.30922,7.282,1.693,0
-1.8639,1.812,-0.26803,0.45525,1.9806,0
-1.389,1.3247,-0.19982,-7.9645,1.5204,0
-2.4337,0.11918,-0.13546,1.1379,2.3978,0
-1.579,-0.62465,-0.056948,7.282,1.4628,0
1.5552,-1.035,-0.014475,-3.8684,2.2683,0
2.5049,-0.47075,0.0048318,-7.5093,1.7217,0
0.51046,0.27308,0.034435,3.8687,1.4197,0
-2.3388,0.35002,0.055028,5.0064,1.5491,0
-3.4784,-0.13731,0.044732,-7.0542,0.42722,0
-2.7186,-0.57335,0.035722,-5.0062,1.0601,0
-1.579,-0.93244,0.070473,6.5994,-0.033045,0
-1.579,-0.90679,0.084631,3.186,0.54229,0
-1.1041,-0.72725,0.064038,-6.3715,0.22586,0
-0.62923,-0.47075,0.055028,-2.0479,-0.22003,0
-0.62923,-0.060364,0.024138,7.7372,0.053256,0
0.98533,0.40132,-0.072394,-0.22742,-1.5721,0
2.22,0.24743,-0.15348,-8.6471,-1.4858,0
1.4602,-0.34251,-0.13546,1.5931,-2.8234,0
0.98533,-0.11166,-0.078829,7.5096,-2.996,0
0.13056,0.47827,-0.073681,-3.4133,-2.8234,0
0.32051,0.19613,-0.080116,-6.8267,-3.3125,0
-0.15436,-0.13731,-0.014475,4.5513,-2.3056,0
-0.34431,-0.23991,0.082057,5.4616,-2.881,0
1.1753,0.042233,0.12582,-6.144,-1.644,0
1.1753,0.093531,0.04988,-4.5511,-1.3563,0
0.89035,-0.0090658,-0.064671,7.5096,-0.49331,0
1.6501,0.067882,-0.13675,3.186,0.72928,0
1.4602,0.042233,-0.14704,-7.2818,0.29777,0
-0.059385,0.45262,-0.089126,-0.9101,0.91626,0
-0.34431,0.58087,-0.0518,8.1923,-0.88167,0
1.1753,0.60652,-0.076255,0.00013542,-1.1837,0
0.13056,0.81171,-0.12903,-7.7369,-1.5002,0
0.79538,1.299,-0.16506,2.9584,-1.3563,0
2.4099,1.1965,-0.16893,7.0545,0.11079,0
2.5049,0.76041,-0.14833,-2.7306,-0.27756,0
1.4602,0.88866,-0.096848,-6.5991,0.18271,0
-1.6739,1.1708,-0.0093262,4.3238,-1.5865,0
-3.0985,0.99126,0.053741,5.0064,-2.4351,0
-0.81917,0.58087,0.037009,-6.144,-3.1111,0
0.51046,0.40132,-0.017049,-4.3235,-3.7008,0
0.79538,0.35002,-0.038929,7.0545,-2.3344,0
1.0803,0.24743,-0.028633,2.2757,-2.2481,0
-0.91415,-0.0090658,-0.022197,-7.9645,-0.73783,0
-2.0538,-0.47075,-0.024771,-1.8203,-0.92482,0
-2.1488,-0.7016,-0.0093262,6.3718,-0.8529,0
-2.0538,-1.0607,0.025425,-1.8203,-0.57961,0
1.3652,-1.3685,0.033148,-7.5093,-1.3419,0
1.3652,-1.3941,0.052454,3.6411,-0.11935,0
0.22554,-1.6763,0.12453,5.6891,-0.27756,0
-1.389,-1.9584,0.23007,-6.5991,1.2327,0
-0.34431,-1.7019,0.32017,-4.5511,1.9806,0
0.7004,-1.5993,0.34977,7.282,2.2971,0
0.98533,-1.6763,0.30472,2.2757,3.1888,0
0.89035,-1.3172,0.25968,-9.1023,2.1245,0
0.79538,-0.80419,0.25453,-1.5928,2.4265,0
-0.15436,-0.93244,0.26482,7.9647,1.2902,0
-1.6739,-1.4711,0.29185,0.00013542,1.0889,0
-2.8136,-1.3428,0.2867,-7.5093,0.98818,0
-0.91415,-1.2146,0.26354,2.7309,0.25462,0
0.60543,-1.2915,0.27383,7.0545,0.82996,0
0.7004,-1.2915,0.36522,-4.5511,-0.14811,0
0.22554,-1.5224,0.41799,-6.144,0.52791,0
-0.53425,-0.72725,0.33561,5.6891,0.067639,0
1.0803,0.27308,0.22621,4.5513,0.24024,0
2.6949,0.11918,0.20176,-7.2818,0.65736,0
1.8401,-0.98374,0.17215,-2.7306,0.24024,0
1.3652,-1.7789,0.055028,8.4198,1.6786,0
1.7451,-1.6763,0.0022576,2.2757,1.2902,0
2.22,-1.2402,0.057602,-7.5093,1.9806,0
1.4602,-1.0863,0.15285,-0.45498,1.6067,0
-0.81917,-1.112,0.22492,7.0545,1.0889,0
-1.1041,-1.2402,0.22492,-1.1377,1.4197,0
-0.15436,-1.1376,0.21334,-7.2818,0.19709,0
-0.15436,-1.0607,0.21077,2.9584,0.70051,0
-0.34431,-1.112,0.18631,7.0545,-0.076195,0
-1.389,-1.1633,0.11423,-3.6408,0.68613,0
0.7004,-0.6503,-0.035068,-7.7369,1.6067,0
1.9351,0.58087,-0.23457,4.7789,1.6067,0
2.22,1.4529,-0.3903,5.6891,2.556,0
2.9798,1.3503,-0.48169,-6.8267,1.132,0
2.6949,1.0939,-0.56406,-5.6889,1.2615,0
3.3597,1.0426,-0.6104,6.1442,0.12517,0
2.6949,1.3503,-0.59624,2.5033,-0.20565,0
1.5552,2.0685,-0.56406,-8.6471,0.82996,0
0.035589,2.4276,-0.5499,-2.503,0.97379,0
-0.24933,2.4533,-0.51773,7.0545,2.9587,0
0.32051,2.3763,-0.38387,-0.9101,2.7142,0
0.79538,1.9659,-0.18566,-8.4196,3.0738,0
-0.059385,1.6325,-0.035068,2.2757,2.2827,0
-0.62923,1.6325,0.067899,7.7372,0.98818,0
-1.484,1.4016,0.12582,-4.5511,0.97379,0
-2.9086,0.93996,0.11938,-6.144,-0.37825,0
-1.484,0.27308,0.084631,5.4616,0.35531,0
0.60543,-0.21426,0.14126,4.7789,-0.26318,0
-0.62923,-0.75289,0.28542,-7.2818,0.082022,0
-5.3779,-1.4454,0.39096,-4.3235,0.42722,0
-3.9533,-2.2662,0.40126,7.282,-0.13373,0
-0.91415,-2.7535,0.43858,1.3655,0.77243,0
0.41548,-2.6253,0.50036,-7.7369,-0.10496,0
0.60543,-2.3431,0.51452,0.2277,0.45599,0
0.7004,-2.3688,0.49521,8.1923,0.22586,0
-0.15436,-2.8048,0.54927,-1.8203,0.082022,0
-0.53425,-3.5487,0.65739,-7.9645,0.78681,0
-0.81917,-3.8565,0.6664,3.186,-0.018661,0
-0.62923,-3.1126,0.53383,6.3718,0.70051,0
-0.62923,-2.3431,0.34591,-5.0062,-0.13373,0
-0.7242,-1.8302,0.21463,-5.6889,0.082022,0
0.13056,-1.2146,0.12582,5.6891,0.32654,0
0.7004,-0.36816,-0.04279,3.6411,0.053256,0
1.4602,-0.0090658,-0.22041,-6.8267,1.2758,0
0.41548,-0.11166,-0.26932,-3.6408,0.90188,0
0.32051,-0.11166,-0.23328,7.9647,1.9519,0
-0.059385,0.22178,-0.23328,1.5931,1.6498,0
0.41548,0.27308,-0.23071,-7.7369,1.5204,0
3.4546,-0.086014,-0.19724,0.91037,1.6354,0
4.8792,0.067882,-0.16506,7.0545,0.29777,0
3.3597,0.63217,-0.15219,-1.5928,0.35531,0
0.89035,1.2221,-0.11229,-7.7369,-1.3995,0
-0.34431,1.1452,-0.044078,2.9584,-1.644,0
-1.6739,0.86301,0.0061189,7.0545,-1.8454,0
-1.8639,1.0682,0.017703,-5.0062,-2.0755,0
-0.24933,1.376,-0.041503,-6.3715,-0.92482,0
0.51046,1.7607,-0.14833,5.234,-1.4139,0
0.13056,1.8633,-0.23843,5.0064,-0.47893,0
-0.7242,1.7094,-0.27961,-6.144,-1.2125,0
0.41548,1.5812,-0.28991,-3.6408,-1.3563,0
1.4602,1.6068,-0.29635,7.0545,-1.4714,0
0.41548,1.889,-0.3015,0.68281,-2.2193,0
-1.1041,2.2994,-0.3015,-8.6471,-1.3132,0
-1.8639,2.402,-0.31179,-0.22742,-1.9748,0
-1.1991,1.9916,-0.35555,7.282,-1.2556,0
0.89035,1.8633,-0.43149,-0.9101,-1.8166,0
1.1753,1.8633,-0.4701,-8.192,-1.9748,0
0.13056,1.9146,-0.51773,2.7309,-1.4858,0
0.32051,2.0429,-0.57822,6.8269,-2.0036,0
0.7004,1.9916,-0.60139,-5.2337,-0.82413,0
0.79538,1.6325,-0.5898,-6.8267,-1.5433,0
0.79538,1.299,-0.5602,6.1442,-0.98235,0
0.035589,1.2734,-0.51515,5.0064,-1.3851,0
0.41548,1.0682,-0.40575,-6.3715,-2.0323,0
0.60543,0.99126,-0.24615,-5.2337,-1.831,0
0.13056,1.0426,-0.11101,7.7372,-2.7803,0
-0.62923,1.1708,-0.064671,2.7309,-1.7015,0
-1.6739,1.376,-0.074968,-8.6471,-1.9748,0
-1.8639,0.65782,-0.040216,-1.3652,-1.0111,0
-0.059385,0.016583,0.05889,7.5096,-0.32071,0
1.6501,-0.18861,0.19275,-0.22742,-0.37825,0
2.03,0.042233,0.32146,-8.192,0.59983,0
0.41548,0.42697,0.37423,1.1379,-0.13373,0
-3.0036,0.58087,0.33047,7.7372,0.88749,0
-2.9086,0.68346,0.23908,-2.503,0.67174,0
-0.62923,0.73476,0.12067,-6.8267,1.0601,0
-0.43928,0.24743,0.064038,5.234,1.506,0
-0.53425,-0.086014,0.060177,5.4616,0.52791,0
-2.4337,-0.16296,0.047306,-6.8267,0.85873,0
-2.4337,-0.4451,0.051167,-5.2337,-0.72345,0
-1.484,-0.6503,0.094928,7.0545,-0.6803,0
0.13056,-0.18861,0.15285,2.2757,-1.2988,0
0.7004,-0.26556,0.22106,-7.2818,-1.7159,0
-0.15436,-0.7016,0.25453,-2.0479,-0.9392,0
0.51046,-0.57335,0.19532,7.7372,-1.5433,0
-0.24933,-0.52205,0.093641,-0.22742,-0.32071,0
0.51046,-0.85549,0.05889,-8.192,-0.72345,0
0.7004,-0.88114,0.12067,0.91037,-0.30633,0
-0.15436,-0.7016,0.15542,6.3718,0.082022,0
-0.53425,-0.4451,0.074335,-4.3235,-0.2488,0
0.13056,0.042233,-0.046652,-7.0542,0.88749,0
0.7004,-0.0090658,-0.1419,4.7789,0.067639,0
-0.15436,-0.31686,-0.20239,4.3238,0.78681,0
-1.294,-0.4451,-0.19853,-5.6889,0.26901,0
-0.15436,-0.82984,-0.11101,-4.7786,-0.43578,0
1.5552,-0.75289,-0.019623,7.5096,-0.37825,0
3.1697,-0.3938,-0.0054649,2.2757,-1.7303,0
4.4993,-0.34251,-0.083977,-7.7369,-1.2269,0
2.5049,-0.36816,-0.17922,-1.1377,-2.133,0
1.2702,0.093531,-0.18823,8.1923,-1.9317,0
1.5552,0.14483,-0.14704,-0.45498,-1.5865,0
1.2702,0.22178,-0.13289,-7.0542,-1.9748,0
1.0803,0.093531,-0.1715,3.4135,-0.8529,0
0.98533,-0.11166,-0.2616,6.1442,-1.3995,0
-0.059385,-0.18861,-0.3414,-5.2337,-0.49331,0
2.125,-0.16296,-0.2809,-5.6889,-0.4214,0
0.60543,-0.23991,-0.12774,7.0545,-0.32071,0
-2.0538,-0.060364,-0.054374,3.6411,0.47037,0
-2.5287,0.016583,-0.086552,-7.0542,-0.29195,0
-1.294,-0.034715,-0.10328,-2.2755,0.70051,0
-0.059385,0.11918,-0.076255,7.7372,-0.061812,0
-0.34431,0.042233,-0.044078,0.68281,0.38407,0
-0.53425,-0.11166,-0.013187,-8.8747,0.39846,0
0.32051,-0.16296,0.035722,0.2277,-0.13373,0
0.89035,-0.18861,0.076909,7.9647,0.42722,0
0.7004,-0.41945,0.11552,-2.0479,-0.53646,0
-1.0091,-1.0863,0.15156,-8.192,0.038872,0
-3.0036,-1.3941,0.18631,4.5513,-0.66591,0
-1.579,-0.95809,0.22879,7.0545,-0.92482,0
-0.81917,-0.36816,0.23908,-5.0062,-0.80975,0
0.89035,0.016583,0.20433,-5.9164,-1.9029,0
0.22554,0.47827,0.12968,5.9167,-1.3132,0
-1.389,0.73476,0.048593,4.5513,-2.4638,0
0.79538,0.93996,-0.0028907,-7.5093,-2.0323,0
1.6501,0.91431,-0.049226,-3.8684,-2.2049,0
1.5552,0.58087,-0.083977,7.7372,-2.4351,0
0.13056,0.24743,-0.089126,0.91037,-1.7303,0
-0.62923,0.016583,-0.027345,-7.7369,-2.6652,0
-1.484,0.22178,0.051167,0.45525,-1.8166,0
-1.8639,0.42697,0.038296,8.4198,-2.5501,0
-1.1041,0.42697,-0.027345,-1.8203,-2.3344,0
1.1753,0.45262,-0.056948,-8.192,-1.8597,0
2.03,0.11918,-0.053087,3.4135,-2.1762,0
1.4602,-0.034715,-0.041503,6.1442,-0.75222,0
2.6949,-0.034715,-0.0054649,-5.0062,-1.2269,0
2.4099,-0.4964,0.012554,-6.144,-0.14811,0
1.4602,-0.67595,-0.00031657,4.3238,-0.076195,0
1.2702,-1.035,0.025425,2.9584,-0.3351,0
1.6501,-1.1633,0.078196,-7.0542,0.31216,0
1.2702,-0.82984,0.10394,-2.9581,-0.66591,0
0.79538,-0.7016,0.10265,7.282,-0.1625,0
-1.1991,-0.80419,0.096215,0.68281,-1.3419,0
-1.1041,-0.4964,0.11037,-7.9645,-1.7015,0
1.6501,0.016583,0.12453,1.3655,-2.0755,0
0.89035,0.042233,0.17087,7.7372,-3.0392,0
-1.1991,-0.3938,0.20562,-3.1857,-2.4207,0
-1.8639,-1.2402,0.13611,-7.5093,-3.4275,0
-0.43928,-1.5224,0.052454,4.5513,-2.7371,0
0.60543,-0.93244,0.026712,5.234,-2.9529,0
2.5049,-0.31686,-0.00031657,-6.144,-2.8666,0
1.6501,0.016583,-0.037642,-5.0062,-2.2337,0
1.0803,0.016583,-0.040216,6.5994,-2.694,0
0.60543,0.067882,-0.024771,3.4135,-1.5433,0
-0.15436,-0.21426,-0.027345,-7.9645,-1.9892,0
-0.62923,-0.4964,-0.014475,-1.8203,-1.2125,0
0.13056,-0.34251,0.0086931,7.7372,-1.1118,0
-0.15436,-0.52205,-0.010613,0.45525,-1.3276,0
-0.53425,-0.47075,-0.073681,-8.192,-0.55085,0
0.035589,-0.18861,-0.10457,0.68281,-1.4426,0
-0.15436,0.14483,-0.013187,7.7372,-0.55085,0
-0.62923,0.29873,0.14255,-2.7306,-1.1118,0
-0.62923,0.32437,0.22879,-7.9645,-0.88167,0
-0.7242,-0.16296,0.21849,4.3238,-0.594,0
-0.43928,-0.4964,0.2468,6.5994,-1.2413,0
1.2702,-0.72725,0.33047,-4.5511,-0.47893,0
1.1753,-0.85549,0.34977,-6.3715,-1.4714,0
1.0803,-0.72725,0.29057,5.9167,-0.99673,0
0.89035,-0.6503,0.16829,3.6411,-1.5002,0
0.79538,-0.52205,0.046019,-7.7369,-1.7447,0
-0.059385,-0.3938,0.025425,-3.1857,-1.3851,0
-0.53425,-0.5477,0.08077,7.5096,-2.2193,0
-0.62923,-0.52205,0.091067,0.2277,-1.27,0
-0.53425,-0.47075,0.060177,-7.7369,-2.018,0
-0.62923,-0.29121,0.00097052,0.68281,-1.4282,0
-1.6739,-0.086014,-0.12516,7.0545,-1.3995,0
-1.7689,-0.13731,-0.24744,-2.7306,-1.7591,0
1.3652,-0.29121,-0.27447,-7.2818,-1.0543,0
4.1195,-0.36816,-0.23457,2.9584,-1.9892,0
4.0245,-0.23991,-0.22942,5.9167,-1.155,0
1.3652,-0.21426,-0.32466,-4.7786,-1.7591,0
-0.34431,-0.34251,-0.43664,-7.2818,-1.5577,0
0.41548,-0.36816,-0.51515,5.0064,-1.1406,0
2.315,-0.4451,-0.49198,3.6411,-1.6008,0
4.3094,-0.4964,-0.39288,-6.8267,-0.56523,0
3.0747,-0.57335,-0.3105,-4.0959,-1.3563,0
-0.15436,-0.62465,-0.28734,7.5096,-0.66591,0
-1.7689,-0.4451,-0.25902,2.2757,-0.92482,0
-2.3388,-0.26556,-0.18952,-7.7369,-1.083,0
-1.389,-0.18861,-0.096848,-0.45498,-0.36386,0
-0.91415,-0.21426,-0.02992,7.5096,-1.1981,0
0.41548,-0.16296,-0.027345,-1.3652,-0.20565,0
0.79538,-0.13731,-0.0016037,-6.3715,-0.7666,0
2.4099,0.016583,0.065325,2.9584,-0.22003,0
3.6446,0.016583,0.12067,5.9167,0.067639,0
0.13056,0.093531,0.14899,-5.0062,-0.43578,0
-2.5287,0.32437,0.13869,-5.0062,0.44161,0
-1.6739,0.50392,0.092354,7.282,-0.53646,0
-0.15436,0.50392,0.055028,3.8687,0.053256,0
-0.24933,0.32437,0.046019,-7.7369,-0.75222,0
0.22554,0.11918,0.04087,-2.0479,-1.4714,0
1.3652,-0.16296,0.046019,8.4198,-1.5865,0
-0.53425,-0.21426,0.055028,0.2277,-2.133,0
-1.579,-0.18861,0.05889,-8.192,0.51352,0
-1.389,-0.060364,0.04988,0.68281,2.858,0
1.7451,0.11918,0.052454,7.282,7.2018,0
1.5552,0.11918,0.013841,-2.9581,10.021,0
-0.43928,-0.11166,-0.046652,-6.8267,10.755,0
-0.91415,-0.086014,-0.067245,4.5513,10.424,0
-0.81917,0.11918,-0.0028907,5.0064,6.871,0
0.32051,0.14483,0.075622,-6.8267,4.3251,0
0.79538,-0.034715,0.065325,-4.7786,0.41284,0
0.035589,0.093531,0.015128,6.8269,-2.018,0
-0.53425,0.067882,-0.0054649,2.5033,-3.4707,0
-0.62923,-0.086014,-0.04279,-8.4196,-5.4844,0
-1.579,-0.18861,-0.098135,-2.0479,-5.9878,0
-0.15436,-0.21426,-0.089126,7.0545,-7.6131,0
0.60543,-0.0090658,-0.059523,-0.22742,-6.5487,0
-0.81917,0.45262,-0.064671,-8.4196,-5.47,0
-2.0538,0.42697,-0.059523,1.3655,-4.3481,0
-1.1041,0.19613,-0.028633,7.282,-3.4419,0
1.8401,-0.0090658,0.030574,-3.8684,-4.9378,0
1.4602,0.27308,0.10909,-6.8267,-5.096,0
0.98533,0.32437,0.15928,5.4616,-6.4768,0
-0.81917,-0.034715,0.19275,4.7789,-5.5563,0
-0.91415,-0.23991,0.2069,-6.8267,-3.6433,0
0.13056,-0.57335,0.20176,-4.0959,-1.2556,0
0.60543,-0.62465,0.20819,7.0545,2.369,0
-0.059385,-0.7016,0.23393,3.186,3.4046,0
-0.62923,-1.0094,0.2468,-7.9645,4.771,0
-1.484,-1.0863,0.24294,-1.8203,3.419,0
-2.3388,-0.7016,0.19017,8.4198,2.2683,0
-2.1488,-0.62465,0.046019,0.91037,1.4197,0
0.60543,-0.62465,-0.092987,-8.6471,0.44161,0
2.8848,-0.72725,-0.11101,1.8206,1.6354,0
3.8345,-0.90679,-0.0041778,7.0545,1.3909,0
3.6446,-0.93244,0.10651,-2.2755,2.5704,0
2.03,-1.112,0.12968,-6.8267,2.2683,0
0.22554,-1.0863,0.091067,3.8687,1.8224,0
0.32051,-0.67595,0.012554,5.9167,1.8943,0
0.51046,-0.41945,-0.10328,-5.2337,1.0745,0
-0.81917,-0.36816,-0.19853,-5.0062,2.2108,0
-0.91415,0.14483,-0.25773,6.3718,1.8368,0
0.035589,0.50392,-0.27961,2.7309,2.671,0
1.5552,0.35002,-0.2513,-7.9645,2.7861,0
1.3652,0.19613,-0.23972,-0.45498,2.182,0
1.9351,0.68346,-0.27061,7.5096,2.4409,0
0.13056,1.1965,-0.29249,-0.9101,0.91626,0
-0.34431,1.0682,-0.21011,-8.192,1.1464,0
0.13056,0.27308,-0.076255,1.8206,0.18271,0
0.7004,-0.36816,0.056315,6.5994,0.22586,0
0.7004,-0.599,0.19918,-4.7786,0.38407,0
-0.059385,-0.77854,0.32017,-5.9164,-0.29195,0
-0.53425,-1.1376,0.34977,5.9167,0.32654,0
0.32051,-0.85549,0.30858,4.0962,-0.55085,0
-0.24933,-0.18861,0.28799,-6.5991,0.32654,0
-1.484,0.24743,0.32532,-3.1857,0.77243,0
-1.1041,-0.36816,0.40512,7.5096,1.4341,0
0.13056,-1.1376,0.52482,0.91037,2.8724,0
1.3652,-1.5224,0.61362,-7.7369,2.556,0
1.2702,-1.7019,0.66125,1.3655,3.5916,0
1.1753,-2.0097,0.67283,6.8269,2.671,0
1.0803,-2.3431,0.64194,-4.0959,2.858,0
0.98533,-2.0867,0.59561,-6.8267,2.9731,0
-0.059385,-1.5993,0.56085,5.0064,2.8436,0
2.315,-1.1889,0.51709,5.4616,4.1525,0
4.0245,-0.6503,0.41541,-6.5991,3.534,0
2.4099,-0.4451,0.32403,-4.7786,4.3107,0
-1.1991,-0.90679,0.3073,7.5096,3.8073,0
-1.484,-1.2915,0.27898,1.8206,4.0806,0
0.035589,-0.95809,0.16958,-7.2818,5.0587,0
0.60543,-0.67595,0.056315,0.2277,5.0011,0
0.79538,-0.6503,-0.0119,7.7372,6.1087,0
0.7004,-0.80419,-0.049226,-1.5928,4.8285,0
0.79538,-0.4451,-0.063384,-7.9645,4.1813,0
-0.15436,0.016583,-0.046652,4.0962,2.4697,0
1.1753,0.093531,-0.0016037,6.8269,0.85873,0
2.5999,-0.11166,0.04988,-5.0062,0.55667,0
1.1753,-0.23991,0.069186,-6.144,-0.78098,0
0.60543,-0.34251,0.093641,6.8269,0.12517,0
0.60543,-0.36816,0.13611,3.4135,-0.26318,0
0.79538,-0.26556,0.13611,-7.5093,0.74366,0
0.7004,-0.11166,0.10265,-2.7306,1.5635,0
0.51046,0.19613,0.078196,8.6474,1.5491,0
-0.059385,0.60652,0.007406,-0.45498,2.4841,0
-1.389,1.1452,-0.12774,-8.4196,1.7217,0
-1.0091,1.6838,-0.24872,1.5931,2.4409,0
-0.91415,1.8377,-0.33239,6.8269,2.3978,0
-0.91415,1.7607,-0.42377,-4.3235,2.8868,0
-1.484,1.4529,-0.49585,-7.5093,3.6491,0
-2.1488,1.0682,-0.4907,3.8687,2.8724,0
-1.1991,0.86301,-0.40189,4.7789,3.1601,0
1.8401,1.1965,-0.30021,-7.2818,1.5923,0
3.2647,1.5555,-0.27575,-5.0062,1.6354,0
2.125,1.4016,-0.35555,6.8269,1.3334,0
0.22554,1.1452,-0.42248,2.0482,1.0601,0
-0.53425,1.0169,-0.43149,-8.192,1.7361,0
0.32051,1.0939,-0.4302,-0.45498,0.77243,0
1.3652,1.5042,-0.41862,7.5096,1.3909,0
2.22,1.7351,-0.37486,-0.9101,0.34092,0
2.125,1.9403,-0.36971,-7.7369,0.29777,0
0.51046,1.7864,-0.39417,1.8206,0.22586,0
-0.43928,1.1452,-0.37872,6.1442,-0.6803,0
0.41548,0.60652,-0.32595,-4.5511,-0.061812,0
1.6501,0.73476,-0.23585,-5.6889,-1.2413,0
2.22,0.60652,-0.11487,5.234,-0.60838,0
1.4602,0.29873,-0.036355,3.8687,-0.80975,0
1.8401,0.29873,-0.0518,-6.8267,-0.47893,0
1.2702,0.55522,-0.10071,-1.8203,0.68613,0
0.79538,0.68346,-0.10586,6.8269,0.16832,0
-0.059385,1.0682,-0.094274,-0.45498,1.1176,0
-0.7242,1.376,-0.081403,-7.7369,0.053256,0
-2.4337,1.2221,-0.028633,0.91037,0.38407,0
-1.579,0.58087,0.020277,8.1923,0.15394,0
-1.1991,0.042233,0.0099801,-1.8203,-0.72345,0
-0.7242,0.24743,-0.033781,-7.9645,-0.55085,0
-1.1991,0.70911,-0.037642,3.186,-2.1186,0
-1.0091,1.3503,-0.033781,6.3718,-1.4426,0
0.13056,1.6325,-0.077542,-5.2337,-1.6584,0
0.60543,1.299,-0.11744,-6.144,-0.78098,0
0.79538,0.99126,-0.12259,5.9167,0.42722,0
-0.059385,0.93996,-0.13289,4.0962,0.34092,0
-1.294,1.1452,-0.21912,-7.2818,1.5635,0
-1.1041,1.3503,-0.28348,-3.6408,0.77243,0
-0.91415,1.1965,-0.30536,7.0545,1.1895,0
-0.53425,1.0169,-0.37357,2.0482,0.71489,0
0.32051,1.4786,-0.51129,-8.192,0.29777,0
2.4099,2.0429,-0.53832,-0.68254,1.0889,0
1.7451,2.1198,-0.41218,6.8269,0.74366,0
-0.81917,1.6838,-0.26288,-2.503,2.1245,0
-2.0538,0.88866,-0.19724,-7.9645,1.2758,0
-0.34431,0.86301,-0.18437,3.6411,1.0745,0
1.2702,1.4273,-0.17665,5.234,0.39846,0
-0.43928,1.7094,-0.1316,-5.2337,-0.6803,0
-2.5287,1.4273,-0.095561,-6.5991,0.13956,0
-0.81917,0.93996,-0.086552,5.4616,-0.39263,0
-1.389,0.73476,-0.087839,2.9584,0.94503,0
-1.8639,0.42697,-0.11615,-8.4196,0.84434,0
-1.389,-0.11166,-0.15863,-2.2755,1.0889,0
-1.6739,-0.034715,-0.19081,7.282,1.5204,0
-2.8136,0.016583,-0.18437,0.00013542,0.81558,0
-2.4337,-0.16296,-0.17407,-8.192,1.7505,0
-0.34431,-0.086014,-0.15992,1.1379,0.93064,0
1.5552,-0.086014,-0.12645,8.4198,1.6786,0
0.22554,-0.6503,-0.044078,-2.0479,1.5347,0
-1.1991,-1.2402,0.024138,-7.7369,1.2183,0
-1.9589,-1.2915,0.075622,3.4135,1.6498,0
-2.1488,-1.0607,0.11295,5.9167,0.58544,0
-1.389,-1.2146,0.19275,-4.7786,1.2615,0
0.22554,-1.548,0.30858,-5.4613,0.54229,0
0.7004,-1.2659,0.3871,6.8269,0.94503,0
0.89035,-0.6503,0.39225,3.8687,1.4628,0
-0.15436,-0.29121,0.38195,-7.0542,1.319,0
-1.484,-0.3938,0.41284,-2.9581,2.5704,0
-1.8639,-0.98374,0.44888,7.282,1.9231,0
-0.24933,-1.1889,0.4463,0.45525,2.6567,0
1.4602,-0.7016,0.39868,-8.192,2.2539,0
2.9798,0.37567,0.34334,1.8206,2.1388,0
0.41548,0.35002,0.27769,7.0545,2.6567,0
-0.81917,-0.95809,0.21978,-3.4133,1.8943,0
0.13056,-2.497,0.24037,-6.8267,2.8149,0
1.6501,-3.1126,0.33819,5.4616,2.0813,0
2.125,-2.7535,0.42828,5.4616,2.5128,0
2.315,-2.497,0.44888,-6.8267,2.3115,0
1.5552,-2.4457,0.43343,-4.3235,1.5923,0
0.89035,-2.0097,0.41541,7.7372,2.0238,0
1.4602,-1.2915,0.34848,2.7309,0.84434,0
1.0803,-0.80419,0.22235,-7.2818,1.3046,0
0.035589,0.067882,0.097502,-1.8203,0.45599,0
0.41548,1.1965,0.0022576,7.7372,0.32654,0
-0.15436,1.6325,-0.096848,-0.68254,0.19709,0
-1.484,1.299,-0.12388,-8.192,-0.6803,0
-2.0538,0.47827,-0.033781,1.8206,0.024489,0
-2.1488,-0.21426,0.051167,7.5096,-0.95358,0
-0.34431,0.27308,0.027999,-4.0959,-0.3351,0
-0.24933,1.6325,-0.090413,-7.5093,-0.79537,0
2.125,2.4533,-0.26546,5.0064,-1.0399,0
5.1642,2.6585,-0.40189,5.9167,-0.72345,0
1.8401,2.5815,-0.38516,-7.2818,-1.7303,0
-0.7242,1.9403,-0.17279,-4.7786,-0.98235,0
-0.059385,0.58087,0.079483,6.3718,-1.9604,0
1.5552,-0.034715,0.21334,3.4135,-1.6728,0
3.9295,0.27308,0.20819,-7.0542,-1.5721,0
3.1697,0.78606,0.20433,-1.5928,-1.6152,0
1.6501,0.76041,0.297,8.1923,-0.34948,0
0.13056,0.22178,0.4064,0.68281,-0.72345,0
0.32051,-0.086014,0.42957,-8.192,0.32654,0
-0.15436,-0.21426,0.38967,1.3655,-0.23441,0
-1.579,-0.18861,0.32532,7.282,-0.3351,0
-0.91415,0.22178,0.20433,-2.9581,-0.27756,0
0.98533,1.0939,0.088493,-7.7369,-1.4282,0
1.9351,1.299,0.053741,4.0962,-0.99673,0
2.03,0.58087,0.061464,6.1442,-2.3775,0
1.4602,-1.0607,0.085918,-5.2337,-2.1906,0
-0.81917,-2.1893,0.1477,-5.4613,-2.5933,0
-2.9086,-1.0863,0.12196,6.8269,-3.0536,0
-2.8136,0.42697,0.0061189,3.8687,-2.3632,0
-2.3388,1.0682,-0.064671,-7.0542,-3.0823,0
-3.0985,1.6068,-0.024771,-2.7306,-1.9748,0
-1.7689,1.889,0.04988,7.7372,-2.4207,0
-0.7242,1.5299,0.026712,0.91037,-1.7591,0
2.03,0.91431,-0.033781,-8.192,-1.1837,0
2.5049,0.093531,0.024138,0.68281,-1.1262,0
2.315,-0.7016,0.11423,6.8269,0.19709,0
1.4602,-0.75289,0.084631,-3.1857,-0.45016,0
0.7004,-0.3938,0.062751,-7.2818,0.26901,0
0.035589,-0.13731,0.15413,4.7789,-0.20565,0
0.41548,-0.13731,0.27255,4.7789,-0.37825,0
-1.294,-0.41945,0.3665,-7.2818,0.067639,0
-2.7186,-0.75289,0.42314,-5.2337,-0.6803,0
-1.1041,-1.3941,0.42571,6.8269,0.16832,0
-0.43928,-1.7276,0.38195,2.9584,-0.96797,0
-0.43928,-1.4711,0.31631,-7.9645,-0.66591,0
0.13056,-0.85549,0.23393,-3.1857,-0.92482,0
0.60543,-0.6503,0.16057,7.7372,-0.89605,0
-0.059385,-0.67595,0.1181,-0.45498,-0.033045,0
-1.294,-0.98374,0.11681,-7.9645,-0.9392,0
-1.1041,-1.035,0.12839,0.91037,-0.55085,0
-2.6237,-0.82984,0.13611,6.8269,-1.6008,0
-2.4337,-0.57335,0.20304,-2.7306,-1.5002,0
-2.4337,-1.1376,0.297,-7.5093,-1.2125,0
-2.3388,-1.9584,0.36393,3.8687,-1.5433,0
-1.9589,-1.9071,0.41413,7.0545,-0.6803,0
0.51046,-0.80419,0.47719,-5.0062,-1.7734,0
0.79538,0.27308,0.47205,-5.4613,-1.3563,0
-0.62923,0.58087,0.3472,5.4616,-1.9317,0
-0.24933,0.65782,0.16443,4.3238,-2.018,0
1.5552,0.47827,0.013841,-7.0542,-1.5289,0
0.32051,0.24743,-0.031207,-2.9581,-2.2769,0
-0.24933,0.29873,0.034435,7.7372,-1.3563,0
0.32051,0.29873,0.18502,0.68281,-2.3344,0
2.5999,-0.62465,0.37294,-7.7369,-1.9029,0
3.3597,-2.3175,0.52482,1.1379,-2.2912,0
2.7898,-2.9587,0.57501,6.5994,-2.9673,0
-0.059385,-1.9584,0.4862,-4.0959,-2.5501,0
-0.91415,-0.47075,0.25195,-6.8267,-3.6864,0
1.8401,0.29873,0.046019,5.0064,-3.0104,0
1.6501,-0.034715,-0.014475,5.9167,-3.6145,0
-0.7242,-0.90679,0.013841,-5.9164,-3.2837,0
-1.6739,-1.3685,0.064038,-4.7786,-2.809,0
-1.1991,-1.0607,0.066612,6.3718,-3.3125,0
0.13056,-0.5477,-0.026058,2.9584,-2.3632,0
0.7004,-0.034715,-0.10843,-7.2818,-3.2405,0
0.60543,0.042233,-0.13546,-1.8203,-2.5645,0
0.60543,-0.23991,-0.1316,7.7372,-2.9097,0
0.89035,-0.26556,-0.19724,-0.9101,-2.996,0
0.035589,0.22178,-0.32466,-7.9645,-2.4782,0
1.2702,0.73476,-0.37357,1.8206,-3.1542,0
0.89035,0.17048,-0.3015,7.0545,-2.0323,0
0.89035,-1.0094,-0.21655,-4.7786,-2.694,0
0.035589,-1.035,-0.14833,-7.2818,-1.9892,0
-0.15436,-0.4451,-0.08269,5.4616,-2.1186,0
0.22554,-0.23991,-0.054374,3.8687,-2.6796,0
0.60543,-0.18861,-0.059523,-6.8267,-2.2481,0
0.035589,-0.060364,-0.074968,-4.3235,-3.3556,0
-0.43928,0.29873,-0.16249,7.282,-2.6077,0
0.13056,0.96561,-0.30407,2.2757,-3.2262,0
0.51046,1.5299,-0.41991,-7.5093,-2.9816,0
-0.15436,2.0942,-0.45466,-1.5928,-2.5358,0
-1.579,2.0429,-0.40575,6.8269,-3.0392,0
-0.15436,1.6325,-0.39288,-1.5928,-1.9604,0
1.5552,1.4529,-0.40575,-7.9645,-2.7659,0
2.125,1.4529,-0.34397,2.9584,-2.0467,0
4.0245,1.3247,-0.24358,6.8269,-2.0899,0
4.2144,0.58087,-0.14447,-3.8684,-2.1043,0
2.8848,-0.80419,-0.038929,-6.8267,-1.3851,0
1.4602,-1.6763,0.083344,4.5513,-2.1043,0
0.13056,-2.497,0.16314,4.3238,-1.155,0
0.22554,-3.2152,0.14512,-6.144,-1.6871,0
-0.15436,-3.4717,0.08077,-3.6408,-1.0111,0
-1.484,-3.5743,0.04087,7.9647,-0.56523,0
-2.9086,-3.8052,0.047306,1.1379,-0.72345,0
-0.81917,-3.7795,0.057602,-7.7369,0.16832,0
1.2702,-3.4974,0.060177,0.2277,-0.89605,0
2.22,-2.8305,0.11166,7.282,-0.55085,0
1.5552,-1.9071,0.17859,-1.5928,-1.5577,0
0.98533,-1.035,0.11295,-8.192,-1.7303,0
0.89035,-0.599,0.013841,3.6411,-1.2413,0
0.035589,-0.41945,0.039583,6.3718,-1.8597,0
-1.389,-0.4964,0.12968,-4.7786,-0.91043,0
-2.0538,-0.086014,0.12067,-6.144,-1.7015,0
-2.1488,1.0939,0.021564,5.9167,-1.0543,0
-1.1991,1.299,-0.022197,4.7789,-1.1837,0
-0.81917,0.29873,0.024138,-7.2818,-1.2556,0
0.13056,-0.4451,0.12196,-5.2337,-0.47893,0
0.7004,-0.82984,0.11681,6.5994,-1.2125,0
0.79538,-0.4964,0.060177,0.45525,-0.39263,0
1.3652,0.17048,0.039583,-7.5093,-1.2413,0
-0.53425,0.50392,0.074335,-0.22742,-1.0687,0
-2.8136,0.81171,0.10522,7.282,-0.9392,0
-2.5287,1.1452,0.076909,-1.5928,-1.4139,0
-2.4337,1.2734,0.052454,-8.192,-0.40701,0
-3.0985,1.812,0.10008,3.6411,-0.96797,0
-2.6237,1.9659,0.15285,5.4616,-0.10496,0
0.13056,1.6325,0.12968,-5.0062,-0.29195,0
0.13056,1.7864,0.05889,-6.3715,-0.2488,0
-1.1041,2.6585,0.08077,5.4616,0.35531,0
-1.9589,2.8637,0.19146,4.3238,-0.37825,0
-1.294,1.4529,0.35492,-7.9645,0.55667,0
-0.81917,-0.6503,0.46947,-4.5511,-0.2488,0
0.22554,-1.2146,0.41927,7.0545,0.038872,0
1.6501,0.45262,0.28542,0.00013542,0.010105,0
0.32051,1.4529,0.30344,-8.192,-0.47893,0
-0.53425,1.0426,0.49521,-0.45498,0.38407,0
-1.484,0.22178,0.68699,7.7372,-0.23441,0
-0.24933,-0.599,0.81827,-1.8203,0.81558,0
2.22,-1.6763,0.84015,-7.9645,0.54229,0
-0.059385,-2.3944,0.75907,3.6411,0.70051,0
-1.6739,-1.7276,0.63422,6.8269,1.0169,0
-0.15436,-0.77854,0.53897,-5.4613,0.28339,0
0.32051,-0.57335,0.40383,-6.144,0.94503,0
0.22554,-0.82984,0.28413,5.9167,-0.3351,0
0.41548,-1.112,0.30215,4.5513,0.024489,0
1.4602,-1.625,0.3472,-6.3715,-0.69468,0
2.03,-2.1636,0.23908,-3.8684,-0.83852,0
1.4602,-1.8302,0.047306,7.0545,-0.23441,0
0.60543,-1.4198,-0.10714,2.2757,-0.75222,0
1.7451,-0.98374,-0.28734,-7.5093,0.41284,0
2.22,-0.67595,-0.50228,-0.45498,-0.27756,0
1.4602,-0.80419,-0.69148,7.9647,0.22586,0
0.035589,-1.5224,-0.85623,-1.5928,0.067639,0
-0.34431,-2.3175,-1.0274,-7.5093,-0.60838,0
0.13056,-2.5227,-1.178,2.9584,-0.076195,0
-0.24933,-1.9841,-1.326,6.3718,-1.155,0
-0.53425,-1.0607,-1.5667,-5.0062,-0.45016,0
0.98533,-0.29121,-1.985,-6.144,-0.92482,0
2.03,0.016583,-2.4175,6.1442,-0.78098,0
0.60543,-0.086014,-2.7161,4.0962,-0.26318,0
-2.3388,0.14483,-2.9272,-7.2818,-0.91043,0
-3.2885,1.0939,-3.1112,-3.4133,0.067639,0
-2.7186,1.889,-3.3004,7.7372,-0.89605,0
-2.4337,1.5555,-3.4922,1.8206,-0.40701,0
-1.1991,1.0169,-3.7432,-9.1023,-0.65153,0
-0.62923,1.4786,-3.9774,0.00013542,-1.0111,0
0.035589,2.6841,-4.1563,7.9647,-0.52208,0
-0.34431,2.6841,-4.4189,-2.7306,-1.3851,0
-1.484,2.2481,-4.7471,-8.192,-0.5077,0
-0.91415,2.325,-5.0354,2.9584,-1.2269,0
0.22554,2.3763,-5.2169,6.5994,-0.86728,0
-0.059385,1.4786,-5.2156,-5.0062,-0.78098,0
-0.43928,0.27308,-5.1268,-6.8267,-1.3995,0
0.32051,0.042233,-5.1255,5.9167,-0.86728,0
0.89035,0.60652,-5.1783,4.0962,-1.9892,0
1.7451,1.2477,-5.1924,-7.0542,-1.5289,0
1.9351,1.4273,-5.1911,-3.8684,-2.1043,0
0.60543,1.5299,-5.1899,7.7372,-2.1906,0
1.3652,1.5555,-5.1294,1.8206,-1.6584,0
2.6949,1.299,-5.083,-7.7369,-2.1906,0
3.6446,1.3503,-5.038,0.00013542,-1.0543,0
2.7898,1.4786,-4.908,7.0545,-1.5721,0
1.4602,1.4529,-4.6815,-1.5928,-0.69468,0
-0.059385,1.3503,-4.4331,-7.2818,-0.45016,0
-1.1991,1.1452,-4.2091,3.6411,-0.27756,0
-0.15436,1.1452,-4.016,6.8269,1.0889,0
1.4602,1.5812,-3.756,-5.0062,0.81558,0
-0.62923,2.2994,-3.3609,-5.2337,2.2683,0
-1.0091,2.8637,-2.913,6.3718,1.9519,0
0.13056,2.8893,-2.4677,3.6411,2.369,0
1.4602,2.1198,-2.0597,-6.5991,2.6998,0
1.1753,1.3503,-1.7456,-1.8203,2.0813,0
0.13056,1.1965,-1.5435,8.6474,2.9299,0
-0.53425,1.6325,-1.3839,1.1379,1.8656,0
-0.53425,2.402,-1.1677,-8.4196,2.1964,0
-0.7242,2.4533,-0.89098,1.8206,1.0026,0
-0.81917,1.7607,-0.66317,7.282,-0.57961,0
-0.62923,0.88866,-0.49713,-3.4133,-1.6008,0
1.2702,0.58087,-0.25259,-7.5093,-1.644,0
1.0803,0.093531,0.167,3.8687,3.7642,0
1.0803,-0.26556,0.67798,5.234,10.208,0
2.5049,-0.13731,1.1748,-7.2818,17.414,0
2.5999,0.32437,1.6356,-5.2337,20.794,0
0.51046,0.99126,2.0732,6.8269,19.068,0
-2.1488,1.0426,2.476,1.8206,15.141,0
-1.6739,0.37567,2.9046,-7.9645,8.3237,0
0.13056,-0.26556,3.4426,-1.3652,3.8936,0
-0.059385,-1.035,4.0875,7.0545,-0.4214,0
-0.34431,-1.3172,4.8031,-0.9101,-2.9529,0
1.9351,-0.75289,5.4608,-8.8747,-5.4556,0
3.3597,-0.29121,5.946,2.2757,-9.1234,0
2.5049,-0.13731,6.3077,6.1442,-11.669,0
0.7004,-0.18861,6.6938,-4.5511,-15.251,0
-0.34431,-0.82984,7.1623,-7.5093,-15.668,0
-0.62923,-0.3938,7.5987,5.234,-14.977,0
0.13056,0.50392,7.9693,4.5513,-12.331,0
0.60543,0.50392,8.2744,-7.5093,-8.2604,0
0.035589,0.40132,8.4739,-4.3235,-5.8008,0
-0.62923,0.58087,8.5241,7.9647,-2.9385,0
-0.81917,0.93996,8.4867,2.2757,-3.0248,0
1.2702,1.7607,8.4983,-7.2818,-2.5501,0
2.03,2.5302,8.5125,-0.45498,-2.4638,0
0.7004,3.1201,8.3439,7.7372,-1.8741,0
-0.24933,3.6331,8.0311,-1.1377,0.42722,0
-1.579,3.787,7.7518,-8.192,1.2758,0
-2.2438,4.4283,7.5227,3.6411,3.232,0
-1.484,4.8899,7.2756,6.8269,2.9875,0
-1.6739,4.6848,6.9796,-4.3235,2.3402,0
-2.0538,4.5052,6.6977,-6.8267,1.5635,0
-2.9086,4.6848,6.4531,5.0064,-0.11935,0
-1.6739,4.5822,6.2511,4.3238,0.42722,0
-0.15436,3.9666,6.0336,-7.0542,-0.22003,0
-0.24933,3.5049,5.7452,-3.8684,1.132,0
-1.389,3.1971,5.3874,7.5096,1.621,0
-2.1488,2.8637,5.0193,1.1379,1.693,0
-0.24933,2.6841,4.668,-8.192,2.2971,0
1.1753,2.4789,4.3732,-0.22742,1.1032,0
0.51046,1.7607,4.1583,6.3718,1.808,0
-0.43928,1.3503,3.9498,-2.503,1.2471,0
-1.6739,0.99126,3.6486,-6.5991,1.9375,0
-2.9086,0.65782,3.283,5.0064,2.8436,0
-3.5734,0.88866,2.9034,5.234,2.743,0
-2.7186,1.1452,2.5185,-6.3715,3.721,0
-1.484,1.2477,2.1671,-5.6889,2.6279,0
-1.7689,1.5299,1.9252,7.0545,2.8293,0
-2.3388,1.5299,1.7501,3.4135,1.7217,0
-2.3388,1.1452,1.5365,-8.192,1.2039,0
-2.0538,0.65782,1.3048,-3.6408,1.2471,0
-1.1041,0.29873,1.0705,7.9647,0.38407,0
0.98533,0.22178,0.82213,-0.22742,1.1464,0
1.9351,-0.034715,0.60719,-7.7369,0.24024,0
1.4602,-0.52205,0.45789,1.1379,0.65736,0
0.035589,-0.72725,0.3369,6.5994,0.19709,0
-0.34431,-0.72725,0.21591,-3.6408,-0.4214,0
0.22554,-0.7016,0.04988,-7.2818,-0.018661,0
-0.34431,-1.0094,-0.15477,4.5513,-0.80975,0
-2.3388,-1.3941,-0.32595,5.234,0.11079,0
-3.3835,-1.8815,-0.42634,-4.7786,-0.5077,0
-0.24933,-2.2406,-0.48941,-5.0062,-0.13373,0
0.79538,-2.3175,-0.56406,6.8269,-0.36386,0
-0.81917,-1.7532,-0.69792,3.4135,-1.2125,0
-0.15436,-1.3685,-0.88712,-8.4196,-0.89605,0
2.22,-1.8815,-1.0622,-2.7306,-2.2769,0
1.6501,-2.5227,-1.178,8.4198,-1.8741,0
0.98533,-2.4714,-1.2823,1.1379,-2.694,0
0.89035,-2.0097,-1.3994,-8.192,-2.7515,0
1.7451,-1.7789,-1.4985,1.5931,-2.507,0
1.6501,-1.4454,-1.5641,7.7372,-3.2118,0
1.7451,-1.0863,-1.6838,-2.2755,-2.2193,0
1.1753,-0.93244,-1.8705,-7.0542,-2.9673,0
-0.81917,-0.82984,-2.0519,3.8687,-2.2193,0
-1.0091,-0.95809,-2.1794,5.9167,-2.133,0
-0.7242,-0.599,-2.2656,-6.144,-2.32,0
1.1753,0.17048,-2.3299,-5.2337,-1.457,0
2.03,0.37567,-2.3801,6.5994,-2.2337,0
2.22,0.68346,-2.4149,3.4135,-1.2988,0
2.125,1.0169,-2.4767,-7.7369,-1.8597,0
0.51046,1.3503,-2.5706,-2.7306,-1.6008,0
0.60543,1.5299,-2.6157,7.282,-1.0687,0
0.60543,1.3247,-2.5552,0.2277,-1.457,0
0.79538,0.17048,-2.4522,-7.7369,-0.17688,0
-0.91415,-1.112,-2.3866,0.68281,-0.78098,0
0.7004,-1.3685,-2.3621,7.0545,0.010105,0
2.7898,-0.85549,-2.3351,-3.6408,0.15394,0
3.6446,-0.7016,-2.2489,-7.7369,0.096406,0
3.8345,-1.1376,-2.1639,3.8687,1.1032,0
2.6949,-1.9071,-2.1073,5.9167,0.54229,0
0.7004,-2.6766,-2.0352,-7.2818,1.7217,0
-1.1991,-3.2152,-1.9322,-5.6889,1.3621,0
-1.0091,-3.1639,-1.8512,6.5994,2.0094,0
0.13056,-3.1383,-1.8048,2.7309,2.4697,0
1.5552,-3.2152,-1.7688,-8.192,2.1676,0
-0.43928,-3.2409,-1.707,-2.7306,3.1601,0
-0.059385,-3.3178,-1.6439,7.5096,2.4553,0
0.41548,-3.8052,-1.5706,-1.3652,3.3471,0
0.89035,-4.3438,-1.4779,-8.6471,3.1888,0
0.7004,-4.6259,-1.4084,2.2757,3.2895,0
0.035589,-4.6003,-1.3659,7.5096,4.0806,0
1.1753,-4.036,-1.3505,-3.6408,3.5053,0
0.98533,-3.2409,-1.3556,-6.8267,4.5553,0
-0.7242,-2.574,-1.3518,5.4616,4.0087,0
-1.7689,-1.8815,-1.344,4.7789,4.469,0
-1.389,-1.3941,-1.3891,-7.2818,4.5696,0
-0.7242,-0.98374,-1.474,-3.4133,4.1669,0
-0.53425,-0.72725,-1.4689,7.7372,5.1018,0
0.32051,-1.035,-1.3608,2.7309,4.3683,0
1.6501,-1.1889,-1.2359,-7.5093,5.2169,0
2.125,-1.1633,-1.1986,-1.1377,4.8717,0
0.51046,-1.4711,-1.2591,8.1923,4.8717,0
-0.34431,-1.8558,-1.3505,-0.68254,5.332,0
0.32051,-2.138,-1.4123,-8.4196,4.6272,0
-0.15436,-2.138,-1.4045,2.9584,5.3895,0
0.13056,-1.8302,-1.3621,6.8269,4.4833,0
1.6501,-2.061,-1.2835,-3.6408,4.7566,0
2.8848,-2.5996,-1.1214,-6.8267,4.397,0
1.8401,-3.087,-0.96949,5.9167,3.7642,0
0.41548,-3.2409,-0.92573,4.3238,4.1238,0
0.32051,-3.01,-1.0158,-7.2818,2.8868,0
0.89035,-2.6253,-1.1947,-4.3235,3.3614,0
1.7451,-2.3944,-1.3337,7.0545,2.3546,0
1.1753,-2.5227,-1.2951,1.3655,2.1964,0
0.13056,-1.9071,-1.187,-8.6471,1.9087,0
1.0803,-0.95809,-1.1111,-0.9101,0.90188,0
1.2702,-0.75289,-1.0338,7.9647,1.3621,0
0.89035,-1.1376,-0.94118,-1.1377,0.082022,0
0.89035,-1.7019,-0.84207,-7.9645,0.38407,0
0.79538,-1.625,-0.80089,1.5931,-0.34948,0
0.98533,-1.0863,-0.7893,6.1442,-0.80975,0
0.98533,-0.599,-0.78415,-4.5511,-0.55085,0
0.7004,-0.18861,-0.83178,-7.2818,-1.5721,0
-0.15436,0.22178,-0.94247,4.7789,-0.96797,0
-1.389,0.65782,-1.057,4.7789,-2.1043,0
-2.0538,1.0682,-1.1059,-7.0542,-1.946,0
-1.294,1.299,-1.0995,-4.3235,-2.3919,0
-1.579,1.1965,-1.0686,7.9647,-3.1399,0
-0.24933,0.78606,-1.0454,1.3655,-2.7659,0
0.41548,0.50392,-1.0493,-7.5093,-3.9597,0
-0.91415,0.47827,-1.021,0.00013542,-3.3988,0
-1.8639,0.88866,-0.98751,7.7372,-4.3481,0
-2.2438,0.99126,-0.96048,-1.8203,-4.2042,0
-1.294,1.2221,-0.91801,-8.192,-4.1755,0
0.035589,1.6838,-0.83435,3.8687,-4.6933,0
0.60543,1.5555,-0.71465,6.3718,-3.7296,0
0.79538,0.99126,-0.62842,-5.4613,-4.5926,0
0.7004,0.32437,-0.55248,-4.7786,-3.6001,0
0.98533,-0.26556,-0.47268,7.0545,-3.8159,0
1.5552,-0.80419,-0.42506,3.6411,-3.4563,0
0.60543,-0.85549,-0.37615,-7.9645,-2.4638,0
0.60543,-0.36816,-0.33882,-2.503,-2.7371,0
2.5049,0.45262,-0.3208,7.9647,-1.3132,0
2.4099,0.60652,-0.31694,0.68281,-1.6728,0
1.5552,0.067882,-0.3414,-8.4196,-0.73783,0
-0.81917,0.19613,-0.44308,1.5931,-0.39263,0
-1.8639,0.78606,-0.51773,7.7372,-0.39263,0
-1.1041,0.83736,-0.48426,-2.7306,0.64298,0
1.9351,0.70911,-0.39803,-7.9645,0.11079,0
3.2647,0.65782,-0.36328,4.7789,1.2615,0
2.6949,0.68346,-0.38129,5.9167,0.80119,0
0.60543,0.91431,-0.35684,-5.6889,1.319,0
-0.34431,0.83736,-0.27961,-6.144,1.4916,0
0.22554,0.27308,-0.1818,5.4616,0.90188,0
0.7004,-0.086014,-0.10714,3.186,1.7217,0
-0.15436,0.016583,-0.13546,-7.9645,0.70051,0
-0.43928,0.37567,-0.23972,-2.9581,1.3621,0
-0.7242,0.47827,-0.30793,7.9647,0.77243,0
-0.81917,0.40132,-0.32338,0.2277,0.51352,0
-2.4337,0.73476,-0.3105,-7.7369,0.90188,0
-2.5287,1.0939,-0.28348,0.45525,0.082022,0
-1.294,1.1452,-0.25259,7.282,0.97379,0
1.0803,0.70911,-0.24486,-3.6408,-0.004278,0
1.8401,0.19613,-0.26803,-7.7369,0.18271,0
-0.24933,0.14483,-0.25387,4.5513,-0.018661,0
-1.1041,0.067882,-0.16249,6.1442,-0.49331,0
-1.7689,-0.13731,-0.015762,-5.6889,0.35531,0
-2.8136,0.042233,0.062751,-5.6889,-0.4214,0
-1.7689,0.35002,0.04988,6.8269,0.45599,0
-0.059385,0.093531,0.012554,2.9584,-0.1625,0
1.6501,-0.41945,-0.0080391,-8.192,-0.23441,0
2.125,-0.5477,-0.0054649,-1.5928,-0.29195,0
1.4602,-0.29121,-0.059523,7.5096,-1.3851,0
0.035589,0.29873,-0.10714,-0.68254,-0.62276,0
0.41548,-0.18861,-0.046652,-7.9645,-1.5002,0
0.79538,-0.93244,0.035722,2.2757,-0.73783,0
0.035589,-0.82984,0.08077,7.0545,-1.4282,0
0.32051,-0.21426,0.11552,-4.5511,-2.2481,0
-0.15436,-0.11166,0.13869,-6.8267,-2.3919,0
-0.34431,-0.34251,0.22106,5.4616,-3.744,0
0.22554,-0.060364,0.32789,5.234,-3.0679,0
2.315,0.14483,0.38967,-7.2818,-3.8878,0
1.7451,-0.36816,0.41284,-3.4133,-3.4275,0
-0.91415,-0.36816,0.40898,8.1923,-3.3125,0
0.035589,0.016583,0.43601,0.68281,-3.3844,0
2.315,-0.13731,0.50294,-7.9645,-2.2625,0
3.4546,-0.5477,0.52353,1.1379,-2.8666,0
0.32051,-0.41945,0.48363,6.5994,-1.6871,0
-1.6739,-0.4451,0.43729,-4.3235,-1.4139,0
-0.34431,-0.13731,0.38838,-7.2818,-0.2488,0
1.6501,0.067882,0.33561,4.3238,1.319,0
2.7898,0.042233,0.30601,5.234,1.6067,0
2.8848,-0.23991,0.28284,-6.8267,3.5484,0
2.5049,-0.4451,0.25453,-5.4613,3.534,0
1.4602,-0.11166,0.22621,7.282,4.8573,0
0.035589,0.24743,0.18245,2.0482,5.2744,0
-0.43928,0.60652,0.10008,-8.4196,5.447,0
-0.62923,1.3503,-0.02091,-2.0479,6.3963,0
0.22554,2.3763,-0.10843,7.282,5.332,0
0.60543,2.4533,-0.14962,-0.45498,5.9361,0
-0.24933,1.889,-0.19982,-8.6471,4.9868,0
-0.62923,1.5812,-0.24358,0.45525,5.0155,0
-1.484,1.4273,-0.2114,7.0545,5.0443,0
-0.34431,1.1965,-0.11615,-2.0479,4.0231,0
-0.34431,1.0169,-0.065958,-8.6471,4.5409,0
-1.484,1.5042,-0.14833,2.7309,3.1025,0
-3.0036,1.7351,-0.24872,6.1442,3.1169,0
-1.7689,1.1965,-0.22684,-5.2337,2.4409,0
-1.1991,1.0426,-0.13546,-5.9164,1.8512,0
-2.7186,1.6068,-0.059523,5.6891,2.2683,0
-1.6739,1.7607,0.0022576,3.6411,1.1895,0
-0.91415,1.7351,0.022851,-7.2818,1.8512,0
-0.7242,1.9659,0.00097052,-4.3235,0.68613,0
-1.484,1.5042,0.00097052,7.7372,0.70051,0
-1.389,0.78606,0.007406,2.0482,0.68613,0
-0.81917,0.86301,0.016416,-8.6471,0.51352,0
-0.53425,1.0169,0.075622,0.45525,1.7505,0
1.3652,0.93996,0.13611,7.5096,0.91626,0
1.9351,0.73476,0.16572,-3.6408,1.5923,0
2.125,0.63217,0.18631,-7.2818,1.1752,0
1.3652,0.52957,0.19403,4.7789,1.1895,0
0.13056,0.14483,0.18374,5.4616,1.8224,0
-0.62923,-0.18861,0.17859,-6.5991,1.3046,0
0.13056,-0.62465,0.18245,-5.4613,2.5272,0
-0.24933,-0.57335,0.21205,7.9647,2.0382,0
1.3652,-0.034715,0.30472,2.7309,1.8943,0
4.7843,0.042233,0.45917,-7.0542,0.81558,0
3.7396,-0.086014,0.55571,-0.9101,-1.0111,0
1.6501,-0.11166,0.48234,7.282,-1.2413,0
0.13056,0.17048,0.35235,-1.5928,-2.7515,0
0.41548,0.067882,0.30601,-8.6471,-2.4351,0
0.79538,-0.75289,0.32274,2.2757,-3.3988,0
0.79538,-2.138,0.36522,6.1442,-4.42,0
-0.15436,-2.3431,0.4064,-5.4613,-5.0385,0
-1.294,-1.8302,0.44502,-6.144,-6.5056,0
-1.1041,-1.5737,0.4862,5.6891,-5.6138,0
0.98533,-0.93244,0.52482,4.3238,-6.1891,0
-0.62923,-0.3938,0.5866,-7.2818,-5.4844,0
-0.91415,-0.31686,0.64838,-3.6408,-5.3981,0
-0.91415,-0.7016,0.69986,6.5994,-5.7864,0
-1.6739,-1.3428,0.72689,0.45525,-4.6357,0
-2.2438,-1.8045,0.73204,-8.4196,-5.1392,0
-1.1041,-2.4714,0.74877,-0.45498,-4.1755,0
-0.059385,-3.5487,0.79253,7.282,-4.607,0
-0.24933,-4.2155,0.79639,-2.503,-4.722,0
-0.43928,-4.1899,0.72946,-7.9645,-4.5207,0
0.32051,-3.8565,0.65996,3.186,-5.8296,0
0.60543,-2.8305,0.62907,5.6891,-5.3261,0
-0.91415,-2.3175,0.58402,-6.3715,-6.4049,0
-2.0538,-1.9071,0.52095,-6.3715,-5.8727,0
-2.0538,-2.0354,0.56085,7.282,-6.0741,0
-1.1041,-2.7279,0.69471,3.4135,-6.8076,0
-0.7242,-3.1896,0.75006,-7.5093,-6.5631,0
-0.62923,-2.4457,0.63937,-1.8203,-8.0302,0
-0.62923,-2.0867,0.51194,7.7372,-7.4836,0
-0.62923,-1.8302,0.45016,0.45525,-8.2891,0
0.13056,-0.95809,0.38195,-7.7369,-8.0302,0
-0.24933,-0.23991,0.29185,0.68281,-7.4693,0
-0.53425,-0.47075,0.23265,7.7372,-7.5987,0
0.13056,-0.72725,0.25067,-3.8684,-6.2754,0
1.6501,-0.93244,0.28928,-7.0542,-7.3254,0
0.41548,-1.112,0.28542,5.234,-7.383,0
-0.15436,-1.548,0.19532,5.234,-8.2604,0
-0.62923,-1.9071,0.067899,-6.144,-8.6056,0
-0.53425,-1.3685,-0.023484,-6.144,-7.5987,0
-0.62923,-0.4964,-0.040216,6.8269,-7.8001,0
-0.62923,0.47827,-0.049226,3.186,-6.1748,0
0.51046,1.1195,-0.10457,-7.7369,-6.2467,0
0.60543,1.7351,-0.16893,-3.4133,-5.1679,0
0.7004,1.7094,-0.18823,7.282,-5.0672,0
-0.15436,0.58087,-0.1818,0.68281,-5.7145,0
-1.389,-0.18861,-0.15992,-8.4196,-4.9953,0
-1.484,0.042233,-0.11101,0.91037,-5.5131,0
-0.34431,0.83736,-0.06081,6.8269,-4.0316,0
0.79538,1.5299,-0.023484,-2.9581,-4.1323,0
1.4602,1.9403,-0.006752,-7.5093,-3.672,0
0.41548,1.9146,-0.044078,3.6411,-3.1255,0
-1.294,1.812,-0.055661,4.7789,-3.3125,0
-2.0538,1.9916,-0.013187,-6.144,-1.4858,0
-1.1041,1.9146,0.025425,-5.0062,-1.5433,0
-0.059385,1.5042,0.029286,5.9167,-0.5077,0
-0.15436,1.1708,0.013841,2.7309,-0.46455,0
-0.43928,1.1452,-0.006752,-7.9645,-0.26318,0
-0.7242,1.376,-0.055661,-2.9581,1.0313,0
-1.294,1.4786,-0.10972,7.0545,0.64298,0
-0.53425,0.86301,-0.11487,0.00013542,1.6786,0
0.7004,0.24743,-0.063384,-7.9645,0.91626,0
0.7004,0.45262,-0.0054649,0.68281,1.1032,0
1.6501,0.58087,0.0099801,6.5994,1.2758,0
2.7898,0.73476,-0.026058,-4.3235,0.90188,0
2.7898,1.1195,-0.11615,-6.5991,2.3258,0
2.4099,1.2221,-0.18694,5.0064,1.9662,0
1.4602,1.0939,-0.21783,4.7789,2.7142,0
1.0803,1.0169,-0.23585,-7.7369,2.0957,0
0.7004,1.0426,-0.25259,-3.6408,1.6786,0
-2.6237,1.0426,-0.26288,7.5096,2.6135,0
-2.9086,1.1965,-0.27704,0.91037,2.6567,0
-0.7242,1.4529,-0.25902,-7.9645,4.5409,0
0.41548,1.6581,-0.19853,0.91037,4.469,0
0.79538,1.3503,-0.16893,7.7372,5.2744,0
1.6501,0.76041,-0.2011,-3.1857,5.1881,0
0.51046,0.70911,-0.22556,-7.2818,4.5696,0
0.32051,1.0682,-0.18694,4.0962,5.2744,0
-0.059385,1.3247,-0.13804,6.1442,4.4114,0
-1.484,1.4529,-0.12388,-4.7786,5.4183,0
-1.9589,1.6581,-0.13675,-5.6889,4.9292,0
-1.1041,1.9916,-0.14318,6.3718,5.1306,0
-0.7242,1.812,-0.15863,3.6411,5.3032,0
-0.7242,1.2221,-0.20239,-7.2818,4.5265,0
-1.6739,0.37567,-0.21397,-2.7306,5.3895,0
-0.24933,-0.086014,-0.18051,7.0545,4.4833,0
0.51046,0.067882,-0.1715,0.45525,5.145,0
-0.059385,0.68346,-0.20368,-8.8747,4.7566,0
-0.62923,1.2734,-0.27318,1.3655,4.6847,0
-0.81917,1.1195,-0.33753,6.8269,5.6053,0
-1.6739,0.22178,-0.28862,-3.1857,5.2025,0
-2.8136,-0.4451,-0.1419,-7.7369,6.1374,0
-1.484,-0.21426,-0.0518,3.8687,5.0731,0
-0.91415,0.35002,-0.035068,5.9167,4.9436,0
-1.579,0.50392,-0.033781,-5.4613,4.5409,0
-2.7186,0.22178,-0.00031657,-6.5991,3.7786,0
-3.3835,0.016583,0.011267,6.1442,4.6559,0
-1.0091,0.11918,-0.014475,2.9584,4.2101,0
1.3652,0.19613,-0.06081,-7.5093,5.3032,0
1.3652,0.32437,-0.12259,-3.1857,4.8285,0
1.7451,0.47827,-0.17665,7.0545,4.7998,0
2.22,0.47827,-0.20239,0.00013542,5.3895,0
0.41548,0.55522,-0.16506,-8.6471,5.1594,0
-0.53425,0.11918,-0.087839,2.2757,6.7703,0
0.22554,0.067882,0.021564,7.7372,6.4251,0
0.41548,-0.0090658,0.13354,-3.1857,6.8998,0
-0.059385,0.24743,0.18116,-6.5991,6.5546,0
-0.34431,0.42697,0.17087,4.7789,5.9505,0
-0.81917,0.37567,0.11681,5.9167,6.5833,0
-1.389,0.63217,-0.054374,-6.3715,5.634,0
-0.43928,0.63217,-0.19724,-5.4613,6.3388,0
-0.24933,-0.13731,-0.18823,5.4616,5.2169,0
-1.484,-0.4964,-0.12645,3.4135,5.1162,0
-1.1991,0.14483,-0.089126,-7.0542,5.1018,0
-0.91415,0.29873,-0.049226,-1.1377,4.4258,0
-0.7242,0.067882,-0.024771,8.1923,5.634,0
-1.579,-0.060364,-0.023484,0.00013542,5.0587,0
-2.8136,-0.4451,-0.015762,-8.4196,5.9073,0
-0.81917,-0.34251,-0.006752,2.0482,5.7635,0
0.13056,0.14483,0.013841,6.3718,5.8066,0
0.98533,0.29873,0.039583,-4.5511,6.7559,0
2.5049,-0.11166,0.039583,-6.3715,6.1087,0
1.8401,-0.47075,0.024138,5.9167,6.8566,0
0.035589,-0.57335,0.033148,4.7789,5.6053,0
-0.53425,-0.57335,0.056315,-7.5093,5.7491,0
-1.484,-0.5477,0.087205,-4.3235,5.4758,0
-1.1041,-0.47075,0.10522,7.0545,4.7998,0
-0.059385,-0.41945,0.12839,1.3655,5.4039,0
0.51046,-0.95809,0.17087,-7.5093,4.5696,0
0.7004,-1.2402,0.21849,-0.45498,5.5333,0
-0.24933,-0.90679,0.25453,6.8269,4.7279,0
-0.34431,-0.95809,0.29958,-2.9581,3.8792,0
0.035589,-1.548,0.34205,-7.7369,3.1888,0
-0.34431,-1.8045,0.36522,3.8687,2.0669,0
-1.294,-1.7276,0.35106,5.4616,3.0594,0
-1.1041,-1.6763,0.29571,-5.0062,2.2252,0
-0.81917,-1.5993,0.21077,-6.5991,2.369,0
-0.81917,-1.1633,0.14899,5.234,1.4053,0
0.32051,-0.41945,0.088493,2.9584,0.067639,0
0.79538,0.17048,0.0099801,-7.5093,-0.076195,0
-0.91415,0.73476,-0.026058,-4.0959,-1.155,0
-1.9589,1.4016,-0.049226,7.7372,0.038872,0
-2.1488,1.5299,-0.13031,1.5931,-0.27756,0
-1.1041,1.1965,-0.15091,-7.9645,-0.27756,0
-0.7242,0.93996,-0.085264,-0.45498,-0.52208,0
-0.53425,0.78606,-0.10328,6.8269,-1.4858,0
-0.62923,0.99126,-0.2011,-1.3652,-0.3351,0
-0.7242,0.99126,-0.26546,-6.3715,-0.66591,0
-1.579,1.0169,-0.23843,3.186,0.35531,0
-0.15436,0.93996,-0.16635,5.9167,-0.004278,0
1.4602,0.93996,-0.11487,-5.0062,-0.6803,0
1.2702,1.1452,-0.10843,-5.6889,-0.36386,0
0.035589,1.3503,-0.1419,6.5994,-1.2413,0
0.41548,1.8377,-0.17536,4.3238,-0.3351,0
-0.24933,1.9403,-0.18694,-7.0542,-1.1406,0
-0.34431,1.3503,-0.21011,-3.1857,-1.1981,0
-1.484,0.91431,-0.22427,8.1923,-1.4139,0
-1.1991,1.0682,-0.24486,1.3655,-2.3632,0
0.98533,0.96561,-0.241,-8.192,-1.5865,0
0.22554,0.14483,-0.22684,1.1379,-2.4207,0
-1.389,-0.6503,-0.18051,7.5096,-1.6008,0
-1.7689,-1.112,-0.12259,-2.7306,-1.7878,0
-1.389,-1.035,-0.13546,-6.5991,-2.0611,0
-0.7242,-0.3938,-0.17665,4.5513,-1.8166,0
0.035589,0.17048,-0.18308,5.4616,-2.881,0
-0.15436,0.40132,-0.15863,-6.8267,-1.9029,0
-1.389,0.016583,-0.12388,-5.2337,-2.507,0
-1.1991,-0.41945,-0.065958,6.1442,-1.9029,0
-0.91415,-0.599,-0.0054649,2.2757,-1.8741,0
0.13056,-0.6503,0.044732,-8.192,-2.6508,0
-0.15436,-0.7016,0.12968,-0.68254,-2.5933,0
2.22,-1.035,0.24938,7.282,-4.0604,0
2.4099,-1.3428,0.32403,-1.5928,-3.3412,0
0.51046,-1.3685,0.30215,-8.192,-3.672,0
-1.0091,-1.3172,0.21591,1.8206,-3.4131,0
0.60543,-0.95809,0.12711,6.1442,-3.1111,0
1.6501,-0.90679,0.055028,-4.5511,-3.8734,0
-0.24933,-1.3172,0.037009,-6.3715,-3.0248,0
-0.91415,-1.625,0.064038,5.0064,-3.9022,0
1.1753,-1.2402,0.08978,3.4135,-3.4419,0
1.2702,-0.34251,0.097502,-7.9645,-3.7296,0
0.035589,0.19613,0.083344,-3.6408,-3.5857,0
-0.34431,0.17048,0.08077,7.0545,-2.5214,0
1.1753,-0.4451,0.097502,1.1379,-3.0823,0
1.9351,-0.75289,0.12196,-7.9645,-2.2049,0
2.315,-0.57335,0.19403,-0.22742,-3.0104,0
2.315,-0.4964,0.297,7.0545,-2.6508,0
1.4602,-1.035,0.36522,-1.5928,-2.3775,0
0.98533,-1.8558,0.40383,-7.7369,-2.9816,0
1.6501,-2.5227,0.45016,3.4135,-2.1762,0
1.2702,-3.0613,0.52095,5.6891,-3.0248,0
0.13056,-3.4204,0.59689,-5.6889,-2.0467,0
0.32051,-3.01,0.61362,-4.7786,-2.2193,0
1.5552,-1.8558,0.59303,7.0545,-2.5358,0
0.22554,-0.88114,0.56472,4.0962,-2.32,0
-1.1991,-0.72725,0.5068,-7.7369,-3.4419,0
-1.7689,-0.93244,0.38581,-2.9581,-2.8234,0
-1.1991,-0.88114,0.23908,7.282,-3.672,0
-0.62923,-0.72725,0.1181,1.1379,-2.7947,0
-0.62923,-0.75289,0.01899,-7.7369,-2.2193,0
-0.53425,-0.85549,-0.06081,0.68281,-2.1474,0
0.32051,-0.57335,-0.10071,7.0545,-1.3851,0
-0.059385,-0.36816,-0.10586,-2.503,-2.2912,0
1.2702,-0.47075,-0.10071,-7.2818,-1.4714,0
1.9351,-0.18861,-0.11358,3.8687,-2.0899,0
0.41548,0.11918,-0.12388,5.0064,-2.0611,0
1.3652,0.042233,-0.11873,-6.5991,-2.0899,0
1.9351,-0.13731,-0.11101,-6.144,-3.2262,0
1.3652,-0.16296,-0.12002,6.3718,-2.6077,0
-0.91415,-0.11166,-0.12774,2.9584,-3.3268,0
-1.0091,0.14483,-0.11744,-7.7369,-1.9604,0
0.89035,0.29873,-0.085264,-3.1857,-1.5721,0
1.0803,0.32437,-0.081403,6.8269,-1.3995,0
-1.7689,0.042233,-0.0917,0.2277,-0.91043,0
-1.579,0.24743,-0.13031,-7.9645,-1.8166,0
-1.1041,0.96561,-0.20368,-0.45498,-0.86728,0
-0.62923,1.6581,-0.28862,6.8269,-1.4858,0
-1.389,1.6068,-0.33753,-2.503,-0.60838,0
-0.059385,1.4786,-0.31565,-7.7369,-0.29195,0
0.51046,1.3503,-0.25259,3.4135,-0.13373,0
0.035589,1.0939,-0.23843,5.9167,0.85873,0
-0.62923,1.1195,-0.26803,-6.3715,0.42722,0
0.41548,1.1452,-0.23972,-6.3715,1.6067,0
-0.059385,0.88866,-0.16764,6.3718,1.2758,0
-1.389,0.88866,-0.11358,3.186,2.0525,0
-2.0538,0.55522,-0.046652,-7.7369,3.0306,0
-1.389,0.35002,0.0022576,-2.503,3.5197,0
-0.91415,0.19613,0.0061189,7.282,5.1162,0
-0.81917,0.19613,-0.013187,0.45525,4.3251,0
-0.62923,0.22178,-0.010613,-8.6471,4.8573,0
-0.43928,0.22178,0.047306,1.3655,4.2676,0
0.98533,0.27308,0.12324,8.4198,4.5265,0
1.2702,0.35002,0.14384,-1.8203,5.8066,0
-0.059385,-0.086014,0.13097,-8.192,6.0511,0
-1.294,-0.13731,0.087205,3.8687,7.7052,0
-1.0091,-0.29121,0.047306,5.6891,7.2162,0
0.13056,-0.36816,0.04087,-5.6889,7.7628,0
-0.24933,-0.060364,0.024138,-4.7786,8.1511,0
0.32051,0.45262,-0.033781,6.5994,8.1367,0
-1.1041,0.58087,-0.095561,4.0962,9.4312,0
-1.8639,0.68346,-0.1213,-6.5991,8.8847,0
-0.15436,0.86301,-0.1213,-2.9581,9.8915,0
0.60543,0.58087,-0.11744,7.0545,9.4312,0
0.60543,0.37567,-0.081403,-0.22742,9.6901,0
-0.24933,0.35002,-0.065958,-8.4196,9.9922,0
-1.389,0.14483,-0.064671,0.91037,9.5319,0
-2.0538,0.58087,-0.064671,7.9647,10.769,0
-2.0538,1.0682,-0.11101,-2.9581,10.237,0
-0.34431,1.2221,-0.19724,-7.0542,10.884,0
-0.059385,1.1965,-0.25773,3.8687,10.381,0
1.1753,1.4529,-0.24615,4.7789,9.8196,0
1.3652,1.6581,-0.21783,-6.5991,10.007,0
0.035589,1.5042,-0.21783,-5.0062,9.3881,0
0.22554,1.4529,-0.22298,6.5994,10.539,0
-0.34431,1.4529,-0.20625,1.5931,9.9203,0
-0.53425,1.6838,-0.20625,-7.9645,10.337,0
-0.7242,2.0685,-0.21397,-1.3652,9.8627,0
-0.7242,1.9916,-0.21269,7.7372,8.9854,0
-0.43928,1.7351,-0.19724,-1.5928,8.971,0
-0.7242,1.7351,-0.17279,-8.4196,7.2737,0
-0.62923,1.4016,-0.14962,2.2757,7.3744,0
-1.484,1.3503,-0.14576,6.3718,6.6121,0
-1.1991,1.376,-0.12259,-4.3235,6.7991,0
0.035589,0.78606,-0.11744,-6.5991,7.1587,0
0.7004,0.19613,-0.18566,5.234,6.2669,0
0.79538,0.042233,-0.23585,4.0962,6.5977,0
-0.81917,0.27308,-0.26031,-7.9645,5.0443,0
-0.81917,0.42697,-0.26674,-3.8684,5.0299,0
0.22554,0.52957,-0.24615,6.8269,4.0662,0
-0.34431,0.93996,-0.18566,2.0482,3.4621,0
-2.4337,0.88866,-0.12774,-7.9645,3.4477,0
-1.484,0.63217,-0.10071,-1.1377,2.0382,0
-0.059385,0.27308,-0.080116,7.9647,2.0525,0
1.5552,0.016583,-0.049226,-1.5928,0.11079,0
0.51046,-0.67595,0.016416,-7.5093,-0.66591,0
0.51046,-1.0863,0.10265,3.186,-1.7447,0
0.7004,-1.1376,0.1773,5.9167,-3.2693,0
-0.059385,-1.2915,0.25839,-5.0062,-3.2262,0
0.41548,-1.9071,0.3073,-6.5991,-4.6214,0
1.6501,-2.2406,0.29185,5.9167,-4.0029,0
1.1753,-1.6506,0.24037,3.8687,-4.7652,0
-0.81917,-0.88114,0.18631,-8.4196,-5.1823,0
0.035589,-0.41945,0.15542,-3.4133,-5.9878,0
0.32051,0.093531,0.11166,7.0545,-7.5843,0
-0.15436,0.45262,0.047306,1.1379,-7.1241,0
-1.294,0.50392,-0.019623,-7.9645,-7.8001,0
0.51046,0.88866,-0.083977,-0.45498,-6.7069,0
0.32051,1.0169,-0.17793,7.7372,-6.7069,0
-0.34431,1.0939,-0.25773,-2.9581,-6.9227,0
1.1753,1.5042,-0.29635,-8.4196,-6.6206,0
2.03,1.8633,-0.31951,3.8687,-7.7282,0
0.51046,2.1711,-0.31951,5.9167,-7.2535,0
1.3652,2.3507,-0.26674,-5.4613,-8.1165,0
0.32051,2.6328,-0.15863,-5.9164,-7.7282,0
-0.43928,2.4533,-0.038929,5.9167,-7.5124,0
0.41548,1.7607,0.037009,3.4135,-7.8145,0
0.7004,1.3247,0.096215,-7.9645,-6.7789,0
0.035589,1.4016,0.13354,-3.1857,-7.5124,0
0.13056,1.0939,0.14512,7.282,-7.0521,0
-1.1041,0.11918,0.20819,0.68281,-7.7857,0
-2.7186,-0.7016,0.31631,-8.4196,-8.246,0
-1.7689,-0.95809,0.37937,0.00013542,-7.8001,0
-1.0091,-1.035,0.40383,6.8269,-8.1741,0
-0.91415,-1.8302,0.41799,-2.9581,-6.5631,0
-0.53425,-2.3175,0.4167,-7.5093,-6.4768,0
0.32051,-2.3175,0.39739,4.0962,-5.4412,0
-0.15436,-2.0354,0.36779,5.234,-5.2398,0
0.41548,-1.5993,0.35235,-5.6889,-5.7145,0
0.60543,-1.3428,0.33561,-5.4613,-4.909,0
-1.0091,-0.93244,0.2867,6.1442,-5.1823,0
-1.0091,-0.7016,0.23007,3.4135,-3.1399,0
-0.81917,-0.77854,0.17215,-7.5093,-2.3344,0
-1.579,-1.3428,0.13869,-2.0479,-1.0111,0
-1.1041,-1.548,0.12582,7.7372,0.082022,0
-1.6739,-1.2915,0.12839,0.00013542,-0.26318,0
-1.1041,-1.3941,0.11938,-7.9645,0.57106,0
-1.579,-1.112,0.069186,1.5931,-0.47893,0
-1.0091,-0.3938,0.0048318,7.7372,0.35531,0
0.89035,0.11918,-0.040216,-2.503,0.71489,0
1.2702,0.17048,-0.027345,-7.5093,1.0601,0
0.13056,0.37567,0.016416,3.8687,2.2108,0
2.03,0.83736,0.10136,6.3718,1.7649,0
3.3597,0.65782,0.1979,-5.2337,2.9012,0
1.8401,-0.086014,0.21205,-5.9164,2.1101,0
-0.7242,-0.36816,0.17087,5.6891,2.3115,0
-1.8639,-0.31686,0.158,4.5513,2.2827,0
-1.1041,-0.23991,0.19403,-6.5991,1.506,0
0.13056,-0.21426,0.22106,-4.0959,2.2539,0
1.5552,-0.41945,0.2069,7.5096,1.4053,0
1.2702,-0.88114,0.19403,1.3655,2.5416,0
0.035589,-1.0863,0.16186,-8.192,2.5416,0
-0.43928,-0.4964,0.094928,-0.45498,2.7573,0
0.98533,-0.18861,0.066612,7.0545,3.3902,0
1.8401,-0.6503,0.074335,-1.5928,2.4697,0
0.41548,-1.1376,0.097502,-8.4196,3.1313,0
-0.34431,-1.4198,0.10651,2.5033,2.4121,0
-0.7242,-1.1633,0.057602,6.8269,3.5916,0
0.22554,-0.77854,0.013841,-4.3235,4.6559,0
0.60543,-0.6503,0.042157,-7.2818,5.6053,0
1.4602,-0.88114,0.11295,5.234,7.4319,0
1.4602,-0.90679,0.17601,5.0064,7.0148,0
1.7451,-0.6503,0.23651,-6.5991,7.3744,0
0.98533,-0.599,0.29958,-4.5511,5.6196,0
-0.81917,-0.4964,0.31631,7.282,4.1094,0
-1.0091,-0.29121,0.29443,1.8206,2.858,0
0.32051,-0.31686,0.28928,-7.5093,0.87311,0
-1.1991,-0.599,0.28928,-0.68254,0.67174,0
-1.7689,-0.95809,0.297,7.9647,-0.98235,0
-1.1991,-0.98374,0.29057,-2.2755,-1.0399,0
0.98533,-0.90679,0.30472,-7.7369,-1.9173,0
1.9351,-0.6503,0.35235,3.4135,-2.4638,0
0.32051,-0.77854,0.37937,7.5096,-1.8166,0
-0.43928,-1.2915,0.37294,-5.0062,-2.4351,0
-0.62923,-1.4198,0.36393,-7.5093,-1.1837,0
-0.81917,-1.2146,0.28156,4.7789,-1.4282,0
-0.7242,-0.75289,0.14512,5.234,-0.49331,0
-0.62923,-0.5477,0.05889,-6.3715,-0.26318,0
-1.6739,-0.4964,0.029286,-4.5511,-0.98235,0
-2.8136,-0.77854,0.0048318,6.8269,-0.30633,0
-2.4337,-0.7016,-0.02992,2.5033,-1.1981,0
-0.53425,-0.62465,-0.062097,-7.7369,-0.11935,0
0.41548,-0.57335,-0.040216,-1.1377,-0.37825,0
-0.34431,-0.67595,0.047306,8.4198,-0.43578,0
-1.389,-0.93244,0.12582,0.45525,-0.27756,0
-1.294,-0.88114,0.13354,-7.9645,-1.3851,0
-2.5287,-0.72725,0.11423,0.91037,-0.7666,0
-4.4282,-0.5477,0.12839,6.8269,-1.8454,0
-2.9086,-0.4964,0.16443,-3.1857,-1.4714,0
-0.91415,-0.93244,0.18374,-7.2818,-1.457,0
0.7004,-1.6506,0.18502,5.4616,-1.6871,0
0.7004,-1.9584,0.19146,5.234,-0.66591,0
-0.24933,-1.2659,0.22879,-7.5093,-1.4714,0
-0.53425,-0.93244,0.29185,-5.0062,-0.80975,0
-0.53425,-1.1633,0.27512,7.282,-1.4714,0
1.0803,-0.88114,0.19918,1.8206,-1.7015,0
1.9351,-0.3938,0.15671,-8.192,-1.4139,0
0.32051,-0.29121,0.15928,-0.9101,-2.0467,0
-1.294,-0.31686,0.17215,6.8269,-0.7666,0
-0.15436,0.042233,0.1477,-2.9581,-1.0687,0
-0.34431,0.76041,0.062751,-8.4196,-0.19126,0
-0.62923,0.99126,-0.02992,3.4135,-0.14811,0
-0.62923,1.0682,-0.06081,5.9167,-0.55085,0
-0.53425,0.65782,-0.006752,-5.9164,0.16832,0
-0.62923,0.24743,0.065325,-4.5511,-0.46455,0
1.1753,0.60652,0.05889,7.0545,0.64298,0
1.0803,0.76041,-0.006752,3.8687,0.053256,0
-1.0091,0.70911,-0.10457,-8.192,0.096406,0
-1.0091,0.73476,-0.14576,-3.1857,0.45599,0
0.13056,0.93996,-0.081403,7.282,0.28339,0
-0.34431,1.0169,-0.00031657,1.1379,1.3621,0
-1.579,1.0169,0.04087,-8.192,0.34092,0
-0.15436,0.93996,0.067899,1.5931,0.64298,0
0.51046,0.73476,0.12196,7.282,-0.061812,0
-0.15436,0.68346,0.1477,-1.8203,-0.090578,0
-1.579,0.91431,0.082057,-7.7369,0.95941,0
-1.0091,1.0939,-0.0093262,4.3238,1.0889,0
0.035589,1.2477,-0.032494,6.1442,2.743,0
-0.15436,1.0939,0.025425,-5.4613,2.0238,0
0.32051,1.1452,0.08978,-5.9164,2.0525,0
-0.24933,1.4016,0.14126,6.8269,1.4053,0
-0.62923,1.7351,0.14512,4.0962,0.81558,0
-0.62923,1.5555,0.094928,-7.2818,1.7793,0
-0.81917,1.376,0.053741,-2.503,1.3334,0
-1.579,1.9659,0.04988,7.7372,2.5704,0
-1.1041,2.4533,0.033148,0.68281,1.8368,0
0.22554,2.7354,-0.0119,-8.6471,1.4772,0
0.7004,3.1458,-0.045365,0.2277,0.95941,0
-0.91415,3.1971,-0.028633,7.282,-0.11935,0
-2.0538,2.9406,-0.024771,-2.9581,0.88749,0
-1.1991,3.1971,-0.041503,-7.7369,0.25462,0
-0.81917,3.5305,-0.059523,3.6411,1.0313,0
0.13056,3.1714,-0.089126,5.4616,0.47037,0
0.41548,2.8124,-0.102,-5.6889,-0.22003,0
-1.1041,2.7867,-0.12388,-5.2337,-0.23441,0
-2.0538,2.8124,-0.19338,7.0545,-1.5145,0
-2.9086,2.2224,-0.2217,2.2757,-0.7666,0
-1.0091,1.3247,-0.19595,-8.192,-1.3707,0
-0.15436,0.35002,-0.15091,-1.8203,-0.80975,0
0.13056,-0.13731,-0.081403,7.5096,-0.34948,0
0.7004,-0.57335,0.0061189,-1.1377,-0.594,0
-0.15436,-0.75289,0.060177,-7.9645,0.71489,0
-1.484,-1.2146,0.046019,1.1379,0.19709,0
-1.1991,-1.2915,0.033148,6.1442,1.1464,0
-0.91415,-0.98374,0.04988,-3.8684,0.91626,0
0.32051,-0.47075,0.044732,-7.2818,1.0601,0
0.7004,-0.060364,-0.0016037,4.3238,1.9087,0
0.89035,-0.11166,-0.015762,5.234,1.4772,0
0.79538,-0.11166,-0.044078,-6.3715,2.4121,0
1.7451,-0.086014,-0.12645,-5.0062,1.5204,0
0.41548,0.27308,-0.19081,6.8269,1.7793,0
-0.43928,0.27308,-0.20754,2.7309,1.9231,0
0.22554,-0.21426,-0.19724,-6.8267,1.9231,0
1.5552,-0.72725,-0.18308,-2.0479,3.232,0
1.3652,-0.52205,-0.19209,8.1923,2.4409,0
0.22554,-0.034715,-0.241,0.68281,2.858,0
0.51046,-0.26556,-0.27189,-8.6471,1.9231,0
1.5552,-0.57335,-0.26031,1.8206,1.9087,0
1.1753,-0.599,-0.23199,7.282,2.671,0
-0.15436,-0.6503,-0.21269,-3.1857,2.5128,0
-0.62923,-0.4964,-0.2217,-6.8267,4.0231,0
0.22554,-0.3938,-0.23972,4.7789,3.606,0
0.51046,-0.41945,-0.24872,5.4616,4.4258,0
1.5552,-0.34251,-0.25773,-6.144,4.3107,0
1.3652,-0.41945,-0.25259,-5.0062,3.9368,0
0.98533,-0.41945,-0.23328,6.8269,4.958,0
0.7004,-0.72725,-0.20239,3.4135,4.7998,0
0.79538,-1.2915,-0.16893,-7.5093,6.4539,0
0.7004,-1.7019,-0.14318,-2.0479,5.8929,0
0.7004,-1.6506,-0.13804,6.8269,6.0655,0
1.0803,-1.1633,-0.14447,-1.1377,6.1087,0
1.6501,-1.0094,-0.13031,-8.8747,5.5477,0
3.0747,-0.90679,-0.10714,2.2757,6.3532,0
2.6949,-0.57335,-0.13031,6.8269,5.3463,0
0.7004,-0.086014,-0.16506,-4.5511,5.8498,0
-0.24933,0.35002,-0.15348,-6.8267,4.8142,0
0.41548,0.042233,-0.15219,5.9167,4.1669,0
1.3652,-0.18861,-0.17665,4.5513,4.0375,0
0.32051,0.11918,-0.18437,-7.0542,3.1025,0
-0.34431,0.093531,-0.12774,-4.3235,3.8792,0
1.2702,-0.060364,-0.046652,6.8269,2.9443,0
2.8848,-0.18861,-0.014475,0.91037,3.232,0
2.6949,-0.086014,-0.036355,-8.192,2.8293,0
2.125,0.19613,-0.047939,-0.9101,1.8656,0
2.4099,0.45262,-0.037642,7.282,1.9519,0
2.315,0.50392,-0.027345,-2.0479,0.72928,0
1.2702,0.76041,-0.0041778,-7.9645,1.7217,0
0.22554,0.86301,0.0022576,3.186,1.3334,0
-0.34431,1.1965,-0.024771,6.8269,1.1752,0
-1.6739,1.1708,-0.059523,-5.2337,0.42722,0
-2.1488,1.1452,-0.099422,-6.3715,-1.5721,0
-2.3388,0.83736,-0.11358,5.9167,-1.7447,0
-2.1488,0.83736,-0.10972,3.8687,-3.0248,0
-1.389,0.65782,-0.11358,-6.5991,-2.2337,0
-0.7242,0.63217,-0.12259,-2.9581,-2.2769,0
-0.7242,0.60652,-0.17021,7.0545,-2.6796,0
0.51046,0.60652,-0.22813,0.2277,-2.7515,0
2.315,0.63217,-0.25259,-7.7369,-4.5207,0
2.7898,0.58087,-0.23457,1.8206,-4.2761,0
0.89035,0.58087,-0.19724,7.0545,-5.1967,0
-0.24933,0.58087,-0.1715,-3.4133,-4.8371,0
0.035589,0.60652,-0.18694,-7.0542,-4.5494,0
-0.059385,0.60652,-0.22041,4.3238,-5.1392,0
-1.484,0.63217,-0.23457,5.0064,-4.3337,0
-2.7186,0.63217,-0.22813,-6.144,-5.3261,0
-2.4337,0.60652,-0.20625,-4.7786,-4.8083,0
0.41548,0.37567,-0.19081,7.282,-5.1967,0
-0.059385,0.22178,-0.1818,2.9584,-5.5131,0
-1.9589,0.42697,-0.18952,-7.7369,-4.8946,0
-1.484,0.35002,-0.22427,-1.3652,-5.6138,0
-0.81917,-0.086014,-0.26674,7.5096,-4.4488,0
-1.579,-0.13731,-0.29506,-0.45498,-4.9809,0
-1.1041,-0.31686,-0.34397,-7.9645,-4.6214,0
-0.7242,-0.5477,-0.40575,1.3655,-4.6501,0
-0.7242,-0.41945,-0.42634,6.8269,-5.4987,0
-1.0091,-0.36816,-0.38773,-2.9581,-4.8515,0
-0.62923,-0.72725,-0.29506,-7.5093,-5.6713,0
-0.81917,-1.1889,-0.20368,4.0962,-4.909,0
0.22554,-1.4454,-0.15348,5.4616,-5.1248,0
0.51046,-1.5737,-0.13804,-7.0542,-5.1248,0
-0.91415,-1.625,-0.15219,-5.0062,-4.3049,0
-0.91415,-1.4711,-0.14962,7.5096,-5.0097,0
-0.62923,-1.4454,-0.10972,2.2757,-3.9166,0
-1.579,-1.4198,-0.053087,-8.192,-4.8659,0
-0.24933,-1.3941,-0.0080391,-0.9101,-4.7508,0
-0.34431,-1.1633,-0.0093262,7.5096,-4.8371,0
-1.389,-0.82984,-0.047939,-1.1377,-5.2111,0
-1.1991,-0.47075,-0.086552,-8.6471,-3.8015,0
-1.6739,-0.34251,-0.10071,1.8206,-4.1323,0
-1.1041,-0.4451,-0.094274,7.282,-3.0248,0
-0.53425,-0.31686,-0.067245,-3.6408,-3.37,0
0.32051,-0.21426,-0.026058,-6.5991,-3.6145,0
0.79538,-0.26556,0.015128,5.234,-3.2262,0
0.79538,-0.5477,0.033148,5.0064,-4.046,0
-0.059385,-0.4964,0.039583,-7.0542,-3.0392,0
0.51046,-0.13731,0.025425,-4.0959,-3.7008,0
2.315,0.14483,-0.00031657,6.3718,-3.0967,0
2.6949,0.14483,-0.0041778,2.5033,-3.1255,0
1.4602,0.11918,0.0035447,-7.7369,-3.5426,0
0.035589,-0.21426,-0.0119,-1.5928,-2.7803,0
-0.34431,-0.36816,-0.064671,8.4198,-3.6289,0
-0.7242,-0.26556,-0.090413,0.00013542,-2.881,0
-2.3388,-0.31686,-0.063384,-8.4196,-3.5857,0
-1.579,-0.36816,-0.013187,1.5931,-3.4994,0
0.035589,-0.26556,0.056315,6.8269,-3.0679,0
1.5552,-0.31686,0.14126,-3.4133,-3.2837,0
1.8401,-0.6503,0.23265,-6.8267,-1.9748,0
1.3652,-0.90679,0.25581,3.6411,-3.0248,0
-0.059385,-0.82984,0.23522,4.7789,-2.8378,0
-1.484,-0.5477,0.19275,-6.8267,-3.6001,0
-1.1041,-0.98374,0.13611,-5.9164,-3.8878,0
-0.81917,-1.0863,0.076909,7.282,-3.2693,0
0.13056,-0.6503,0.035722,2.7309,-3.6001,0
-0.91415,-0.16296,0.022851,-8.192,-2.1043,0
-1.8639,0.11918,0.035722,-1.5928,-2.4063,0
0.7004,0.016583,0.060177,8.1923,-1.6584,0
1.7451,-0.29121,0.056315,-0.68254,-1.6008,0
0.7004,-0.034715,0.01899,-8.6471,-1.7159,0
-0.15436,0.37567,0.012554,2.5033,-0.55085,0
-0.62923,0.52957,0.056315,6.1442,-0.98235,0
0.32051,0.35002,0.10394,-3.6408,0.024489,0
-0.24933,0.50392,0.11938,-6.144,-0.17688,0
-0.34431,0.50392,0.13611,4.5513,0.21147,0
0.89035,0.22178,0.19017,4.5513,0.93064,0
0.98533,-0.18861,0.25581,-6.3715,0.28339,0
-0.059385,-0.67595,0.29443,-4.5511,1.2183,0
-1.484,-1.035,0.29571,7.0545,0.42722,0
0.035589,-0.80419,0.25453,2.0482,1.2615,0
1.2702,-0.4964,0.20047,-7.9645,1.8224,0
-0.62923,-0.21426,0.13225,-0.68254,2.2252,0
-1.8639,0.016583,0.044732,8.1923,3.4621,0
-1.1991,-0.086014,-0.0093262,-1.5928,2.8868,0
-1.0091,-0.36816,0.017703,-8.192,3.7929,0
-1.579,-0.85549,0.062751,3.8687,3.1313,0
-2.2438,-0.85549,0.1181,6.1442,3.1169,0
-2.1488,-0.5477,0.18116,-5.0062,2.743,0
-2.3388,-0.36816,0.26482,-5.2337,1.2039,0
-1.9589,-0.4964,0.3369,7.282,1.2471,0
-2.0538,-0.77854,0.37165,3.4135,-0.13373,0
-1.389,-1.3941,0.37809,-7.7369,0.41284,0
-1.6739,-1.5993,0.39225,-2.9581,-0.004278,0
-1.1041,-1.3685,0.41155,8.1923,-0.594,0
-0.7242,-1.112,0.42056,-0.22742,-0.60838,0
-0.81917,-1.0094,0.41284,-7.9645,-1.9317,0
-0.62923,-0.77854,0.38581,1.5931,-1.4139,0
0.41548,-0.34251,0.36393,6.3718,-2.2912,0
0.41548,-0.16296,0.32274,-3.8684,-2.4638,0
-1.0091,-0.11166,0.25581,-7.0542,-2.6364,0
-2.8136,-0.034715,0.20176,5.0064,-3.2693,0
-1.484,-0.29121,0.1979,5.0064,-2.6077,0
-1.0091,-0.16296,0.21591,-7.0542,-3.8159,0
-0.53425,0.14483,0.19918,-4.7786,-3.9166,0
1.8401,0.093531,0.158,6.5994,-5.3837,0
1.7451,-0.060364,0.14255,3.186,-6.3905,0
-0.53425,-0.21426,0.14255,-8.6471,-6.2323,0
-1.1041,-0.034715,0.12196,-2.0479,-6.9946,0
-0.53425,0.73476,0.07176,7.7372,-6.0453,0
0.98533,1.6581,0.017703,-1.3652,-6.9227,0
0.22554,2.1711,-0.027345,-7.9645,-7.0521,0
-1.484,2.402,-0.063384,3.186,-7.3686,0
-1.1041,2.4276,-0.10972,6.3718,-7.9152,0
-0.81917,2.0172,-0.16378,-4.5511,-6.5919,0
-0.53425,1.9659,-0.20368,-7.2818,-6.822,0
0.32051,1.9916,-0.20625,5.234,-5.6713,0
0.41548,1.6325,-0.15992,5.0064,-5.8583,0
-0.059385,0.55522,-0.074968,-7.0542,-6.0741,0
1.3652,-0.21426,-0.036355,-4.0959,-6.0165,0
2.22,-0.21426,-0.092987,6.8269,-7.0521,0
2.03,-0.086014,-0.13932,2.0482,-6.1748,0
1.5552,0.22178,-0.13417,-7.5093,-6.9946,0
2.5049,0.55522,-0.1316,0.00013542,-6.1172,0
2.6949,0.58087,-0.15605,7.7372,-5.7289,0
2.5049,0.47827,-0.13546,-1.1377,-5.4268,0
3.0747,0.17048,-0.086552,-8.192,-4.1179,0
2.9798,-0.0090658,-0.069819,2.9584,-4.5638,0
1.4602,0.27308,-0.077542,7.0545,-3.7152,0
-0.059385,0.29873,-0.074968,-3.8684,-4.6645,0
-2.5287,-0.060364,-0.058236,-6.5991,-4.5782,0
-3.2885,-0.16296,-0.014475,5.4616,-4.1755,0
-1.8639,-0.21426,0.0061189,4.5513,-4.0316,0
-0.81917,-0.13731,-0.019623,-6.8267,-2.3632,0
-1.389,0.093531,-0.065958,-3.4133,-2.7084,0
-1.1041,0.11918,-0.099422,7.282,-1.9317,0
0.22554,-0.060364,-0.13675,2.0482,-2.5214,0
-0.059385,0.17048,-0.19338,-8.4196,-3.0967,0
0.41548,0.32437,-0.25516,-1.3652,-2.6221,0
0.60543,0.76041,-0.30922,7.7372,-3.1111,0
0.7004,1.2477,-0.31951,-1.3652,-1.5002,0
-0.34431,1.4016,-0.30407,-7.7369,-1.2125,0
-1.1041,1.1965,-0.29763,2.9584,-0.23441,0
0.035589,0.91431,-0.32209,7.282,0.31216,0
1.4602,1.0682,-0.35298,-4.0959,-0.2488,0
2.125,1.3247,-0.36328,-7.7369,0.31216,0
0.60543,1.5042,-0.3504,5.9167,-0.72345,0
-0.53425,1.2734,-0.32852,4.5513,0.51352,0
-1.294,0.68346,-0.28476,-6.8267,0.88749,0
-3.0036,0.40132,-0.23328,-3.8684,1.8512,0
-1.8639,0.65782,-0.18823,7.5096,2.7286,0
-0.15436,0.91431,-0.19724,1.1379,2.2252,0
-0.34431,1.0939,-0.27833,-8.6471,3.2464,0
-1.1991,1.2477,-0.35684,0.45525,2.5128,0
-1.1041,1.2734,-0.39288,7.7372,3.4477,0
-0.62923,1.812,-0.40318,-3.1857,3.5484,0
0.035589,1.9146,-0.38773,-7.0542,4.0231,0
-0.24933,1.2734,-0.32595,4.5513,5.4614,0
-0.53425,0.37567,-0.24872,5.234,5.4039,0
-0.53425,0.042233,-0.22041,-6.144,7.058,0
-1.484,0.24743,-0.20625,-5.0062,6.8854,0
-0.91415,0.42697,-0.16378,6.1442,7.4895,0
0.035589,-0.0090658,-0.090413,2.7309,7.7771,0
-0.15436,-0.7016,-0.028633,-7.7369,7.547,0
-0.43928,-0.95809,0.0035447,-1.8203,8.9278,0
0.22554,-1.3428,0.046019,7.5096,8.6977,0
-0.24933,-2.2919,0.11295,0.00013542,9.8771,0
0.41548,-2.9587,0.17344,-8.4196,9.6038,0
-0.15436,-2.8048,0.15285,1.3655,9.5175,0
-1.389,-2.4457,0.055028,7.5096,9.8627,0
-0.24933,-1.9841,-0.0518,-2.9581,8.7552,0
0.60543,-1.5993,-0.12774,-6.5991,9.1004,0
-1.8639,-1.035,-0.16764,4.3238,7.6621,0
-2.2438,-0.75289,-0.15219,5.4616,7.7628,0
-1.294,-1.0607,-0.11744,-5.6889,7.5758,0
-0.7242,-1.2915,-0.090413,-5.4613,7.1443,0
-0.81917,-1.2915,-0.032494,6.5994,7.8347,0
-1.389,-1.0863,0.066612,2.9584,6.5689,0
-1.9589,-1.1376,0.15156,-7.7369,6.8135,0
-0.24933,-1.548,0.18889,-0.9101,5.5765,0
1.4602,-1.8815,0.20433,7.7372,5.26,0
1.9351,-1.2402,0.18245,-0.9101,5.1306,0
-0.34431,-0.3938,0.10008,-7.9645,3.9512,0
-1.8639,-0.0090658,0.027999,3.186,4.095,0
-1.294,-0.23991,0.01899,5.4616,2.3115,0
-0.91415,-0.67595,0.082057,-5.0062,2.0525,0
-1.579,-1.2402,0.17859,-5.6889,0.87311,0
-1.1041,-1.1633,0.2571,5.0064,0.024489,0
-0.059385,-0.7016,0.28027,3.186,-0.17688,0
-1.0091,-0.29121,0.25067,-8.192,-1.8597,0
-1.9589,-0.21426,0.17344,-3.1857,-2.0036,0
-0.24933,-0.16296,0.074335,7.7372,-3.7296,0
-0.24933,0.093531,0.0022576,1.8206,-3.7296,0
-0.34431,0.99126,-0.054374,-8.192,-3.8015,0
-1.389,1.6068,-0.15348,0.68281,-4.2618,0
-0.24933,1.8377,-0.20882,7.0545,-3.4851,0
0.51046,2.0942,-0.19081,-3.6408,-4.3768,0
0.79538,2.6072,-0.19081,-6.8267,-3.4131,0
0.79538,2.7098,-0.20882,3.8687,-4.1035,0
-0.81917,2.5302,-0.20496,6.1442,-3.9597,0
-0.91415,2.4789,-0.1419,-6.144,-3.557,0
0.98533,2.1711,-0.019623,-5.4613,-4.0316,0
0.7004,1.8377,0.082057,6.5994,-2.7371,0
-0.059385,1.5299,0.12839,3.8687,-3.0392,0
-0.62923,1.299,0.16057,-7.9645,-1.7159,0
-0.43928,1.0169,0.20047,-2.503,-1.457,0
-0.7242,0.58087,0.25195,8.1923,-1.6296,0
0.98533,0.27308,0.3073,0.00013542,-1.2413,0
1.1753,-0.034715,0.36136,-8.8747,-2.4638,0
-0.91415,-0.36816,0.37294,2.0482,-1.5865,0
-0.91415,-0.599,0.37037,7.0545,-1.8597,0
-0.81917,-1.2402,0.39868,-3.1857,-1.0111,0
1.0803,-2.138,0.45531,-5.9164,-0.60838,0
0.22554,-2.7535,0.48878,5.4616,-1.2844,0
-1.294,-2.5996,0.48105,6.1442,-0.92482,0
-1.294,-2.5483,0.45403,-6.5991,-2.1762,0
-0.81917,-2.9331,0.43729,-4.0959,-1.5721,0
-1.579,-3.1126,0.43343,7.7372,-1.946,0
-0.34431,-3.4974,0.46947,1.8206,-1.5145,0
-0.059385,-3.3948,0.47848,-8.192,-0.8529,0
-0.24933,-2.1636,0.44502,-0.22742,-1.5433,0
-0.7242,-1.112,0.36393,7.7372,-0.92482,0
-1.579,-0.85549,0.28284,-1.3652,-2.3632,0
-1.8639,-0.6503,0.19146,-8.192,-2.1186,0
-2.2438,-0.57335,0.11681,3.8687,-2.3632,0
-1.9589,-0.4964,0.070473,7.0545,-2.5645,0
-1.294,-0.23991,0.043444,-5.0062,-1.5865,0
-0.91415,-0.034715,0.042157,-5.6889,-2.2481,0
-0.7242,0.45262,0.05889,5.234,-1.4714,0
0.32051,0.58087,0.04988,3.6411,-2.507,0
0.60543,0.60652,0.017703,-7.9645,-2.7515,0
0.60543,0.52957,-0.038929,-4.5511,-2.9097,0
0.035589,0.29873,-0.095561,7.5096,-3.3412,0
0.32051,0.27308,-0.10714,0.68281,-1.8454,0
0.79538,0.40132,-0.073681,-9.5574,-1.8454,0
0.7004,0.76041,-0.071106,-0.22742,-0.63715,0
0.7004,0.60652,-0.087839,6.8269,-0.89605,0
0.51046,0.55522,-0.10972,-2.9581,-1.1981,0
0.79538,0.24743,-0.094274,-8.192,-0.594,0
0.79538,0.22178,-0.076255,2.7309,-1.0255,0
0.89035,0.17048,-0.069819,5.4616,0.72928,0
0.79538,0.22178,-0.073681,-5.6889,1.1608,0
0.79538,0.52957,-0.10714,-5.0062,2.9731,0
0.89035,1.0939,-0.12645,6.8269,4.0518,0
0.79538,0.86301,-0.1213,3.6411,3.908,0
-0.059385,0.19613,-0.085264,-7.2818,4.6128,0
-0.53425,-0.52205,-0.047939,-2.2755,3.3758,0
-1.579,-1.035,-0.044078,8.1923,4.3395,0
-2.7186,-1.2146,-0.073681,0.45525,4.3251,0
-1.8639,-0.88114,-0.10071,-8.192,5.1594,0
-1.0091,-0.26556,-0.092987,1.5931,6.497,0
0.13056,0.22178,-0.081403,7.0545,6.2381,0
2.5049,0.50392,-0.10972,-2.9581,7.2306,0
3.3597,0.68346,-0.15605,-6.144,5.8498,0
2.8848,1.0939,-0.14962,5.4616,5.9073,0
0.7004,1.3503,-0.080116,5.234,5.6053,0
-0.24933,1.376,-0.0080391,-6.5991,5.4039,0
1.1753,0.91431,0.0048318,-4.7786,6.6552,0
2.125,0.63217,-0.015762,7.0545,6.3532,0
1.2702,0.96561,-0.058236,2.5033,7.5902,0
1.0803,1.2477,-0.095561,-7.5093,6.8135,0
0.79538,1.1965,-0.10586,-1.1377,6.8135,0
0.89035,1.1965,-0.099422,8.1923,6.8998,0
1.6501,0.76041,-0.12002,-0.22742,6.497,0
2.03,0.86301,-0.1818,-8.192,7.7052,0
0.60543,1.4016,-0.20882,2.5033,7.3456,0
-0.43928,1.7094,-0.16893,6.1442,8.4819,0
-0.43928,1.5042,-0.10586,-4.5511,8.1943,0
0.13056,1.5555,-0.037642,-7.2818,7.7915,0
-0.34431,1.6581,-0.022197,4.7789,7.734,0
-0.53425,1.8633,-0.041503,4.0962,6.497,0
2.03,2.5046,-0.076255,-6.8267,7.1299,0
3.5496,2.6841,-0.064671,-4.3235,6.382,0
3.6446,1.7864,-0.014475,6.5994,7.0004,0
0.98533,0.68346,0.05889,1.8206,6.8278,0
-0.24933,-0.11166,0.14641,-8.192,6.195,0
-0.7242,-0.29121,0.17601,-2.0479,6.4826,0
-0.91415,0.067882,0.15542,7.282,5.2313,0
-0.62923,0.37567,0.14255,-1.5928,5.9361,0
-0.7242,0.86301,0.11938,-7.0542,5.1737,0
-1.484,0.78606,0.10909,3.186,5.2888,0
-2.0538,0.067882,0.11037,5.9167,5.2169,0
-2.2438,-0.4964,0.083344,-5.2337,4.3539,0
-2.1488,-0.21426,0.087205,-5.6889,4.8142,0
-0.24933,-0.11166,0.1078,6.8269,3.4477,0
1.4602,-0.47075,0.085918,3.4135,3.5053,0
1.3652,-0.41945,0.013841,-7.0542,2.5704,0
-0.62923,-0.41945,-0.0518,-3.1857,1.7793,0
-0.15436,-0.5477,-0.08269,7.5096,1.9375,0
0.51046,-0.3938,-0.10972,0.91037,0.78681,0
-0.24933,0.042233,-0.13289,-7.9645,1.3621,0
-0.53425,0.24743,-0.10714,0.68281,0.010105,0
0.22554,-0.0090658,-0.062097,7.0545,-0.45016,0
0.035589,-0.62465,-0.032494,-2.7306,-1.3563,0
1.4602,-1.112,-0.022197,-7.0542,-2.7659,0
3.9295,-0.85549,-0.040216,4.0962,-2.4638,0
3.2647,-0.26556,-0.096848,6.3718,-3.5138,0
0.60543,0.11918,-0.16764,-5.6889,-2.9241,0
-0.43928,0.40132,-0.2217,-4.5511,-4.0029,0
-0.7242,0.91431,-0.20754,6.8269,-4.7508,0
-0.91415,0.76041,-0.12002,2.9584,-5.1104,0
-0.7242,0.093531,-0.02091,-7.9645,-6.3761,0
0.22554,-0.7016,-0.0041778,-1.5928,-5.7864,0
0.89035,-0.88114,-0.040216,6.5994,-6.7932,0
0.89035,-0.4964,-0.063384,-1.1377,-6.0022,0
0.035589,0.11918,-0.086552,-7.2818,-6.0453,0
-0.62923,0.37567,-0.13289,3.6411,-6.3042,0
-0.53425,0.47827,-0.17536,6.1442,-5.8152,0
-0.81917,0.91431,-0.20496,-5.6889,-6.7357,0
-1.484,0.81171,-0.22298,-5.6889,-5.8871,0
-1.8639,0.55522,-0.22942,6.5994,-6.5056,0
-0.34431,0.55522,-0.21397,3.4135,-5.9878,0
-0.24933,0.58087,-0.17922,-8.192,-5.657,0
0.13056,0.37567,-0.12774,-2.9581,-5.8152,0
-1.1041,-0.034715,-0.11873,7.282,-4.722,0
-1.9589,0.11918,-0.14704,0.68281,-5.2398,0
-2.1488,0.88866,-0.16249,-8.8747,-3.9741,0
-0.24933,1.0939,-0.15863,1.1379,-4.0029,0
0.51046,0.45262,-0.15734,7.282,-3.5138,0
0.035589,-0.034715,-0.13804,-2.9581,-3.0392,0
-0.53425,0.24743,-0.11487,-7.7369,-3.4707,0
-0.34431,0.016583,-0.074968,4.5513,-2.0467,0
1.0803,-0.5477,0.0035447,6.1442,-2.3344,0
0.32051,-0.6503,0.062751,-5.0062,-1.27,0
-0.43928,-0.82984,0.07176,-5.0062,-1.155,0
0.51046,-1.3941,0.075622,6.5994,-1.2988,0
0.035589,-1.112,0.051167,2.7309,-0.37825,0
0.32051,-0.18861,0.0022576,-7.2818,-0.7666,0
-0.059385,0.52957,-0.017049,-2.0479,0.78681,0
-0.62923,0.32437,-0.055661,7.7372,0.75804,0
-0.62923,0.32437,-0.13417,0.68281,1.5923,0
-0.62923,0.35002,-0.15605,-7.5093,1.9662,0
-0.34431,-0.11166,-0.10328,1.5931,1.5204,0
0.13056,-0.7016,-0.072394,7.282,2.4121,0
0.98533,-1.1376,-0.090413,-3.4133,1.6642,0
-0.15436,-1.0607,-0.13417,-6.3715,2.5704,0
-0.43928,-1.2146,-0.11615,3.8687,2.2539,0
-0.62923,-1.5224,-0.027345,5.9167,2.4553,0
-0.7242,-1.3428,0.026712,-5.9164,3.0162,0
-2.4337,-1.1889,0.05889,-5.2337,2.5991,0
-1.7689,-1.3172,0.12839,7.0545,3.6635,0
0.035589,-1.2659,0.14512,1.8206,2.8005,0
0.7004,-1.1889,0.075622,-8.4196,3.4765,0
1.5552,-1.3428,0.038296,-1.5928,3.232,0
0.13056,-1.3172,0.079483,7.282,2.9731,0
-1.1041,-1.4967,0.15027,-0.45498,3.5484,0
-1.1041,-2.4457,0.22364,-8.192,2.8293,0
-0.7242,-2.9587,0.30858,2.0482,3.8936,0
-0.7242,-2.8305,0.38581,6.8269,3.4621,0
0.13056,-2.4714,0.42571,-3.8684,4.0087,0
-0.24933,-2.7022,0.38452,-7.5093,4.2244,0
-0.43928,-2.7279,0.31631,4.7789,3.5053,0
-1.389,-2.3944,0.31888,5.234,3.9368,0
-1.1991,-2.2406,0.34076,-6.5991,2.7286,0
-1.6739,-2.2149,0.33561,-5.2337,3.4046,0
-1.1991,-2.1893,0.33175,6.8269,3.1169,0
-0.43928,-2.0867,0.32789,2.7309,3.3471,0
-0.7242,-1.8815,0.3073,-8.4196,3.9943,0
0.41548,-1.7276,0.30215,-2.2755,3.2895,0
-0.15436,-1.3941,0.29443,7.282,4.1525,0
-1.389,-1.0607,0.27641,-0.9101,3.5197,0
-1.8639,-1.3428,0.24938,-7.9645,4.5984,0
-2.2438,-1.8045,0.23007,2.7309,4.9868,0
-0.24933,-1.5224,0.22492,6.8269,4.8285,0
2.4099,-1.3428,0.24037,-4.5511,5.5477,0
1.6501,-1.0094,0.21077,-6.8267,4.5696,0
-0.53425,-0.5477,0.13483,5.6891,5.3607,0
-2.8136,-0.26556,0.08978,4.5513,4.958,0
-3.2885,0.016583,0.061464,-7.2818,5.1737,0
-1.9589,0.45262,0.026712,-3.8684,5.6628,0
-0.91415,0.50392,-0.015762,6.5994,4.7998,0
-0.53425,0.47827,-0.064671,2.5033,5.2888,0
0.13056,1.0169,-0.13031,-7.7369,3.7786,0
0.60543,1.3503,-0.20625,-0.45498,3.5916,0
1.7451,1.3503,-0.23328,7.9647,3.1601,0
1.3652,1.1195,-0.23457,-1.8203,2.6567,0
0.32051,1.2734,-0.22813,-8.4196,3.4334,0
1.3652,1.6838,-0.23071,3.6411,2.4409,0
2.6949,1.812,-0.28219,7.0545,3.1745,0
0.79538,1.9146,-0.32981,-5.2337,2.2683,0
-0.059385,1.9659,-0.34011,-6.3715,1.6498,0
0.32051,2.1968,-0.30021,5.9167,1.4916,0
-0.24933,2.2481,-0.28219,3.186,0.54229,0
-1.484,2.1455,-0.29377,-7.0542,1.2902,0
-0.24933,1.8633,-0.28862,-1.8203,0.19709,0
-0.15436,1.4529,-0.25773,7.5096,0.31216,0
0.60543,1.4273,-0.22942,0.2277,-0.27756,0
2.315,2.0942,-0.22427,-7.9645,-1.0111,0
1.4602,2.838,-0.25001,2.2757,-0.56523,0
-0.53425,3.0945,-0.29892,6.5994,-1.946,0
0.035589,2.9406,-0.31308,-4.3235,-1.5721,0
0.41548,2.9406,-0.25259,-7.2818,-2.8234,0
-0.15436,2.5559,-0.15477,5.234,-3.1974,0
-0.43928,1.9403,-0.073681,4.0962,-3.4275,0
-0.62923,1.4529,-0.018336,-7.0542,-4.3768,0
-0.62923,0.96561,-0.019623,-5.2337,-3.8159,0
0.13056,0.58087,-0.056948,7.282,-4.9809,0
0.51046,0.32437,-0.092987,2.2757,-4.5638,0
-1.1991,0.067882,-0.078829,-8.192,-5.2542,0
-2.0538,-0.13731,-0.046652,-1.8203,-5.7576,0
-1.0091,-0.16296,-0.049226,7.5096,-5.3118,0
0.13056,-0.16296,-0.062097,0.68281,-5.9878,0
1.6501,-0.21426,-0.023484,-8.6471,-4.9378,0
0.32051,-0.18861,0.04087,0.91037,-5.9446,0
-0.43928,-0.11166,0.07176,7.7372,-5.7145,0
0.13056,0.42697,0.062751,-3.1857,-5.9015,0
-0.24933,1.4529,0.0022576,-7.2818,-6.2035,0
-1.294,2.325,-0.050513,4.7789,-5.3693,0
-1.8639,2.2481,-0.062097,5.234,-6.146,0
-1.294,1.9659,-0.056948,-5.9164,-5.0385,0
1.9351,1.889,-0.027345,-3.6408,-5.0241,0
2.315,1.6068,0.026712,7.5096,-4.4631,0
1.6501,0.88866,0.075622,2.7309,-3.9885,0
0.22554,0.067882,0.091067,-7.7369,-4.8083,0
0.22554,-0.060364,0.076909,-0.22742,-3.7152,0
0.60543,0.093531,0.026712,8.875,-4.1611,0
-0.24933,-0.13731,-0.010613,-0.9101,-2.9097,0
-0.43928,-0.77854,0.0099801,-7.7369,-2.2625,0
-0.7242,-1.1376,0.061464,1.8206,-1.831,0
-1.484,-1.3172,0.11166,7.7372,-0.19126,0
-0.15436,-1.4198,0.158,-4.7786,-0.19126,0
0.41548,-1.5224,0.20047,-6.8267,1.4772,0
-1.6739,-1.6506,0.21978,5.234,1.5491,0
-2.5287,-1.5737,0.23265,3.8687,2.3115,0
-2.9086,-1.8302,0.23522,-7.5093,3.3039,0
-0.7242,-2.2149,0.22235,-3.1857,3.2608,0
0.41548,-2.4201,0.17344,7.5096,4.8717,0
0.51046,-2.1893,0.1181,0.2277,4.6128,0
-0.15436,-1.9071,0.10394,-8.8747,5.7059,0
-0.62923,-1.6763,0.11681,2.0482,5.6196,0
0.22554,-1.4454,0.10394,7.5096,5.4758,0
0.60543,-1.3172,0.082057,-3.4133,6.1662,0
0.79538,-0.95809,0.084631,-7.9645,5.5333,0
0.89035,-0.67595,0.12711,4.0962,6.6984,0
0.89035,-0.5477,0.20304,4.5513,5.9505,0
0.89035,-0.4964,0.27641,-6.8267,6.0799,0
0.89035,-0.29121,0.31888,-5.9164,6.0511,0
0.13056,-0.034715,0.35235,7.0545,5.5909,0
1.0803,0.14483,0.34462,2.0482,6.6696,0
2.9798,0.17048,0.29185,-8.4196,6.2957,0
2.8848,0.65782,0.2069,-0.9101,7.4463,0
1.6501,1.5042,0.12067,8.4198,6.871,0
1.8401,1.9403,0.070473,-0.22742,6.7559,0
0.41548,1.9659,0.055028,-7.9645,6.8566,0
0.41548,1.4786,0.079483,2.7309,6.0655,0
-0.059385,1.1452,0.13097,7.282,6.8998,0
-1.484,0.93996,0.1374,-3.1857,5.7203,0
-1.1041,0.76041,0.070473,-7.2818,5.5621,0
-1.6739,1.0426,0.00097052,5.234,4.5696,0
-2.9086,1.9403,-0.0518,5.4616,3.419,0
-1.6739,2.0429,-0.11358,-6.144,3.5916,0
0.035589,1.5299,-0.17922,-4.3235,2.4553,0
0.79538,1.1452,-0.24229,6.5994,2.9875,0
-1.0091,1.0169,-0.27447,2.2757,2.0382,0
-2.5287,1.0682,-0.30664,-7.2818,1.5779,0
-0.91415,0.88866,-0.33239,-1.8203,1.3334,0
-0.34431,0.68346,-0.32595,7.5096,0.15394,0
0.41548,0.63217,-0.28219,-0.45498,0.70051,0
0.7004,0.50392,-0.24872,-7.7369,-0.1625,0
0.89035,0.37567,-0.22427,2.2757,0.52791,0
1.6501,0.37567,-0.19724,7.282,0.067639,0
1.2702,0.17048,-0.21011,-4.0959,-0.52208,0
0.89035,-0.11166,-0.24358,-6.5991,-0.6803,0
-1.9589,-0.034715,-0.24615,4.7789,-1.8741,0
-2.3388,0.11918,-0.22942,5.234,-1.0399,0
-0.34431,0.37567,-0.19853,-6.5991,-1.4714,0
0.60543,0.91431,-0.15734,-4.7786,-0.6803,0
1.6501,1.0682,-0.16764,6.8269,-0.46455,0
2.125,0.93996,-0.2114,2.7309,-0.83852,0
1.4602,0.88866,-0.24229,-7.9645,-0.14811,0
1.0803,0.68346,-0.24872,-1.3652,-1.3419,0
-0.059385,0.52957,-0.25387,7.7372,-0.6803,0
-0.53425,0.42697,-0.23843,0.00013542,-1.0111,0
0.32051,0.73476,-0.2011,-7.7369,-0.46455,0
0.7004,0.99126,-0.16249,1.5931,0.29777,0
0.79538,0.50392,-0.13932,7.282,-0.4214,0
1.6501,0.29873,-0.14576,-3.4133,0.28339,0
1.9351,0.73476,-0.17279,-7.2818,-0.82413,0
-0.34431,0.68346,-0.17536,3.6411,-0.1625,0
-0.91415,-0.086014,-0.14833,5.234,-0.033045,0
0.32051,-0.80419,-0.13417,-5.6889,-0.004278,0
1.4602,-0.90679,-0.12645,-5.4613,0.71489,0
2.125,-0.4451,-0.15219,7.282,-0.033045,0
1.2702,0.19613,-0.21011,2.9584,0.90188,0
-0.059385,0.81171,-0.22813,-8.192,0.010105,0
0.51046,0.99126,-0.18694,-1.1377,0.21147,0
1.5552,1.4016,-0.14833,7.9647,0.12517,0
1.2702,1.9146,-0.15219,-0.9101,-0.10496,0
0.98533,1.7864,-0.16764,-7.9645,0.78681,0
-0.059385,1.3503,-0.15734,2.2757,-0.076195,0
0.22554,0.78606,-0.1213,6.5994,0.62859,0
0.60543,0.40132,-0.087839,-4.0959,0.010105,0
1.6501,-0.034715,-0.0518,-7.5093,0.31216,0
1.9351,-0.29121,-0.0119,5.9167,0.55667,0
0.51046,-0.85549,0.029286,5.0064,-0.27756,0
-2.1488,-1.4198,0.053741,-6.3715,0.29777,0
-0.7242,-1.3428,0.061464,-4.3235,-0.36386,0
0.51046,-1.548,0.08077,7.5096,0.87311,0
0.60543,-1.7019,0.11552,3.186,0.95941,0
-0.059385,-2.1123,0.1477,-7.0542,0.87311,0
0.32051,-2.2149,0.19918,-1.5928,1.0026,0
-0.15436,-2.1636,0.28928,8.1923,-0.22003,0
-0.34431,-2.2662,0.37037,0.45525,0.49914,0
-1.579,-2.8561,0.39611,-7.5093,-0.32071,0
-1.8639,-2.8305,0.39482,1.5931,0.18271,0
-0.24933,-2.3944,0.39868,7.0545,0.11079,0
-1.294,-2.1636,0.41799,-3.8684,-0.6803,0
-1.9589,-1.8815,0.43215,-7.2818,-0.27756,0
-1.1991,-1.7532,0.41541,5.0064,-1.2988,0
0.89035,-1.6763,0.3871,4.7789,0.15394,0
1.1753,-1.625,0.36136,-6.8267,0.36969,0
-0.059385,-1.5224,0.33947,-5.2337,0.82996,0
-0.15436,-1.4454,0.3073,7.7372,0.84434,0
0.41548,-1.3941,0.26611,2.7309,-0.3351,0
0.7004,-1.3428,0.22106,-7.9645,0.19709,0
0.7004,-1.1633,0.18116,-2.0479,-0.82413,0
-0.059385,-0.88114,0.15285,7.9647,-0.23441,0
-0.24933,-0.6503,0.13483,-0.22742,-1.0255,0
-0.059385,-0.57335,0.15285,-7.5093,-1.8166,0
-0.24933,-0.4964,0.16314,1.5931,-1.8741,0
1.2702,-0.23991,0.15413,8.1923,-3.0248,0
1.1753,-0.21426,0.14126,-3.4133,-2.0899,0
0.13056,-0.11166,0.14384,-7.5093,-2.996,0
0.41548,0.11918,0.16186,4.3238,-2.881,0
0.7004,-0.0090658,0.19146,5.0064,-3.3125,0
-0.15436,-0.31686,0.18631,-5.6889,-4.1898,0
-0.7242,-0.060364,0.11295,-3.6408,-3.7152,0
-0.43928,0.65782,0.034435,6.3718,-5.0672,0
0.13056,1.4529,-0.04279,2.9584,-4.7508,0
0.89035,2.0429,-0.10714,-6.8267,-5.9159,0
1.6501,2.1711,-0.13932,0.00013542,-6.3186,0
2.03,1.9403,-0.14576,7.5096,-5.7864,0
-0.34431,1.6581,-0.1419,-0.45498,-6.0885,0
-1.7689,1.2221,-0.16635,-6.8267,-5.0097,0
-0.34431,1.0426,-0.21526,2.0482,-6.0309,0
0.51046,1.376,-0.26803,7.282,-5.8296,0
0.98533,1.7607,-0.31308,-4.0959,-6.6206,0
0.89035,1.6581,-0.32724,-6.8267,-6.9083,0
0.89035,1.8377,-0.33882,5.4616,-5.9878,0
0.035589,1.9659,-0.33239,4.3238,-6.333,0
-0.24933,2.0685,-0.32209,-6.3715,-4.8946,0
0.98533,2.0685,-0.30664,-4.3235,-5.3405,0
0.22554,1.9659,-0.31308,7.282,-4.9953,0
0.41548,1.6325,-0.32466,2.0482,-5.4987,0
-0.24933,1.4786,-0.31308,-8.6471,-6.5919,0
-0.34431,1.5299,-0.28219,-1.5928,-5.9015,0
0.13056,1.5555,-0.23972,7.7372,-6.3042,0
-0.24933,0.70911,-0.14318,-0.68254,-4.4488,0
-1.294,-0.41945,-0.038929,-8.192,-4.3625,0
0.60543,-0.95809,0.031861,2.0482,-4.1323,0
0.13056,-1.3941,0.079483,5.9167,-4.3337,0
-1.294,-2.1636,0.10394,-4.5511,-5.5994,0
-0.059385,-2.5483,0.10909,-7.9645,-4.8083,0
-0.24933,-2.574,0.097502,6.1442,-5.0241,0
-0.24933,-2.3431,0.10394,4.3238,-3.37,0
1.2702,-2.2662,0.1477,-7.9645,-3.1111,0
2.125,-2.138,0.18631,-3.6408,-3.2405,0
3.0747,-1.9071,0.17215,7.282,-2.9673,0
3.7396,-1.7276,0.14384,0.91037,-3.859,0
3.8345,-1.4967,0.12968,-7.9645,-2.694,0
2.7898,-1.4967,0.12324,-0.45498,-2.9385,0
1.4602,-1.8815,0.14126,7.282,-2.0755,0
0.89035,-2.0097,0.16572,-1.1377,-1.644,0
1.7451,-1.8302,0.17344,-7.7369,-2.1043,0
1.2702,-1.4711,0.15542,3.8687,-1.2988,0
0.22554,-1.625,0.097502,7.282,-2.2769,0
0.32051,-1.8815,0.026712,-5.0062,-1.4714,0
-0.15436,-1.5224,-0.040216,-5.4613,-1.5289,0
0.41548,-1.0863,-0.065958,7.0545,-1.3419,0
2.4099,-1.1633,-0.04279,4.0962,-0.47893,0
1.5552,-1.1889,0.012554,-6.8267,-0.91043,0
0.035589,-1.0094,0.060177,-3.4133,0.26901,0
0.32051,-0.67595,0.08077,7.9647,-0.27756,0
-0.24933,-0.5477,0.083344,1.3655,0.36969,0
-0.43928,-0.4451,0.097502,-8.4196,0.61421,0
0.32051,-0.88114,0.12968,0.91037,0.29777,0
0.7004,-0.95809,0.15156,8.1923,1.4916,0
-0.059385,-0.75289,0.13354,-2.2755,0.98818,0
-1.389,-0.26556,0.075622,-7.0542,1.9231,0
-1.9589,0.11918,0.034435,5.0064,1.6067,0
-1.1991,0.22178,0.04087,6.5994,1.506,0
-0.62923,0.40132,0.069186,-5.6889,2.0094,0
0.22554,1.0939,0.079483,-5.9164,1.1608,0
-1.1041,1.7094,0.069186,6.5994,1.9375,0
-1.1991,1.6838,0.07176,3.186,1.0457,0
-2.5287,1.9146,0.11938,-7.0542,1.4916,0
-2.7186,2.2994,0.17344,-2.0479,1.8512,0
-0.34431,2.2994,0.20948,7.5096,2.1532,0
0.51046,2.2994,0.2069,0.45525,3.5197,0
0.60543,2.1711,0.23136,-8.4196,2.7861,0
-0.059385,1.6838,0.28156,0.45525,3.1601,0
-0.53425,1.0426,0.31245,6.3718,1.9662,0
-0.7242,0.60652,0.30215,-3.1857,1.808,0
0.32051,-0.0090658,0.29443,-7.7369,2.182,0
1.3652,-0.4451,0.3266,3.8687,1.995,0
1.0803,-0.36816,0.35878,6.3718,3.3758,0
-0.91415,-0.13731,0.35749,-5.6889,2.8724,0
-1.0091,-0.5477,0.33304,-6.8267,3.8073,0
-0.62923,-0.98374,0.30987,5.4616,3.606,0
-0.7242,-1.3428,0.30858,2.9584,3.6635,0
-0.62923,-1.2146,0.30987,-7.7369,4.1957,0
0.41548,-0.6503,0.26482,-3.4133,2.9875,0
1.4602,-0.3938,0.16186,7.9647,3.419,0
-0.53425,-0.3938,0.061464,0.91037,2.4409,0
-1.7689,0.042233,0.034435,-8.6471,2.9587,0
-1.294,0.58087,0.025425,0.91037,3.1888,0
-0.62923,0.19613,-0.0054649,8.1923,2.9156,0
0.13056,-0.34251,-0.037642,-1.8203,3.6779,0
-0.15436,-0.52205,-0.037642,-7.0542,2.7573,0
-1.484,-0.82984,-0.024771,4.5513,3.5484,0
-3.0036,-1.4454,-0.040216,5.9167,3.0882,0
-3.4784,-2.2919,-0.062097,-5.0062,3.3614,0
-1.7689,-2.8818,-0.056948,-5.4613,3.9655,0
-0.81917,-2.9587,-0.044078,6.3718,3.419,0
0.035589,-2.9331,-0.037642,4.0962,4.2244,0
1.4602,-3.3691,-0.0028907,-7.5093,3.1169,0
1.9351,-3.3435,0.033148,-3.1857,3.7786,0
0.51046,-3.2665,0.051167,7.5096,3.8361,0
-1.1991,-3.4461,0.066612,1.5931,3.9799,0
-1.1991,-3.8052,0.10136,-7.9645,4.771,0
0.7004,-3.9847,0.10651,0.2277,4.0087,0
0.13056,-3.8821,0.10136,7.7372,4.9724,0
-0.34431,-3.2152,0.079483,-1.5928,4.2388,0
-0.62923,-2.574,0.013841,-7.2818,4.4977,0
-0.81917,-1.8045,-0.064671,2.2757,4.771,0
-0.7242,-1.3172,-0.12774,5.234,4.5121,0
-0.34431,-1.1376,-0.16506,-5.0062,5.6196,0
-0.53425,-0.4451,-0.15091,-6.8267,4.771,0
0.035589,0.32437,-0.11358,6.1442,5.3607,0
0.60543,0.60652,-0.064671,3.6411,4.7422,0
-0.81917,0.78606,-0.010613,-7.7369,4.5696,0
-0.15436,0.88866,0.00097052,-2.7306,5.2744,0
0.60543,0.78606,-0.0028907,7.0545,4.6991,0
2.5999,1.1452,-0.014475,1.1379,5.9073,0
2.315,1.9659,-0.045365,-7.9645,5.0731,0
-0.15436,2.8124,-0.11873,0.68281,5.1881,0
0.13056,3.0688,-0.18308,7.282,4.6847,0
0.51046,3.4536,-0.2011,-3.1857,3.4765,0
0.89035,4.3513,-0.21269,-7.5093,3.8792,0
1.5552,4.8643,-0.22942,4.0962,2.6567,0
0.41548,5.0438,-0.25001,5.9167,3.3183,0
0.51046,5.7364,-0.27447,-5.6889,2.5272,0
0.79538,6.7367,-0.32724,-5.6889,2.3115,0
2.6949,7.5575,-0.41218,6.8269,2.3402,0
2.5999,8.1218,-0.51129,2.9584,1.2039,0
1.4602,8.4552,-0.60267,-7.5093,1.6498,0
1.8401,7.6601,-0.67733,-1.8203,0.38407,0
2.125,5.7877,-0.65544,8.4198,0.88749,0
1.4602,3.7101,-0.52545,0.91037,0.74366,0
0.98533,2.4789,-0.38258,-7.7369,0.65736,0
0.7004,1.889,-0.30922,1.1379,1.3334,0
-0.059385,1.5812,-0.28605,7.7372,0.51352,0
-2.4337,1.2734,-0.2616,-3.1857,1.1608,0
-2.7186,1.3247,-0.24229,-6.5991,0.082022,0
-2.3388,0.81171,-0.22684,5.234,0.38407,0
-2.1488,0.093531,-0.18308,5.234,0.84434,0
-2.0538,-0.034715,-0.12388,-6.144,1.2758,0
-2.3388,0.042233,-0.08269,-4.3235,2.6998,0
-1.484,-0.23991,-0.080116,7.7372,1.7793,0
-1.8639,-0.52205,-0.056948,3.186,1.808,0
-1.1041,-0.599,0.026712,-7.9645,0.36969,0
0.22554,-0.72725,0.11681,-1.3652,0.18271,0
0.7004,-0.98374,0.17859,7.5096,1.0745,0
-1.1041,-1.0094,0.22106,-0.45498,1.0601,0
-1.8639,-0.95809,0.21334,-8.8747,2.0382,0
-2.9086,-0.75289,0.17601,1.8206,0.65736,0
-2.5287,-0.29121,0.15928,7.9647,0.54229,0
-1.484,0.42697,0.12453,-2.9581,-0.14811,0
-0.81917,1.2734,0.030574,-7.9645,-0.53646,0
-0.62923,1.9403,-0.074968,4.3238,0.39846,0
0.32051,2.2737,-0.14061,5.234,-0.11935,0
1.6501,1.9916,-0.16764,-6.8267,0.95941,0
1.2702,1.6838,-0.17665,-6.5991,0.067639,0
0.7004,1.2221,-0.1612,5.9167,0.42722,0
-1.0091,0.63217,-0.11229,4.0962,0.51352,0
-0.81917,-0.23991,-0.050513,-7.7369,0.053256,0
-0.15436,-0.34251,-0.0016037,-3.1857,0.81558,0
0.41548,0.37567,0.021564,6.8269,-0.34948,0
0.035589,0.58087,0.027999,0.45525,0.024489,0
-0.62923,-0.11166,0.031861,-8.192,-0.72345,0
0.22554,-0.29121,0.013841,-0.45498,-0.8529,0
0.60543,0.067882,-0.026058,6.8269,-0.55085,0
1.5552,0.11918,-0.055661,-2.2755,-1.6584,0
2.03,0.042233,-0.040216,-7.7369,-1.3276,0
2.125,-0.57335,-0.0093262,4.0962,-2.9385,0
2.4099,-1.0863,0.012554,5.234,-2.8666,0
1.4602,-1.7789,0.00097052,-6.144,-3.3412,0
0.79538,-2.497,0.020277,-5.4613,-3.6433,0
0.79538,-3.3435,0.065325,6.1442,-3.0104,0
0.98533,-3.8308,0.14255,4.0962,-4.1467,0
-0.7242,-4.5746,0.23136,-6.144,-3.5426,0
-1.8639,-5.4211,0.27512,-1.5928,-4.3768,0
-0.24933,-5.5237,0.22106,7.282,-4.1179,0
1.4602,-4.8824,0.1374,0.2277,-3.9597,0
2.03,-4.3694,0.078196,-8.192,-4.7077,0
0.32051,-3.8821,0.030574,0.45525,-4.046,0
-1.484,-2.7535,-0.0080391,7.7372,-4.909,0
-0.15436,-2.061,-0.044078,-1.8203,-4.2186,0
0.51046,-1.6506,-0.06081,-7.5093,-4.5638,0
0.13056,-1.1633,-0.053087,3.6411,-4.7364,0
1.4602,-0.93244,-0.044078,6.1442,-4.233,0
1.0803,-0.62465,0.0022576,-6.3715,-5.0672,0
0.035589,0.016583,0.043444,-5.0062,-4.42,0
-1.389,0.91431,0.027999,6.3718,-5.3118,0
-0.91415,1.5812,-0.037642,2.5033,-4.8659,0
-0.34431,2.1198,-0.11101,-8.192,-4.2761,0
1.9351,2.2481,-0.13675,-1.3652,-4.1467,0
2.5999,2.5046,-0.1316,8.1923,-3.1255,0
1.6501,2.915,-0.15091,-0.45498,-4.6357,0
1.0803,3.3766,-0.2114,-8.4196,-5.096,0
-0.81917,4.0692,-0.2513,1.8206,-6.5631,0
-1.8639,4.5565,-0.28348,6.5994,-7.0953,0
-2.2438,4.813,-0.3311,-5.2337,-6.333,0
-2.0538,4.9156,-0.36842,-7.2818,-6.6063,0
-1.1991,5.0438,-0.36328,4.5513,-5.5131,0
-0.7242,5.1977,-0.40446,5.0064,-6.6206,0
0.7004,5.0438,-0.46753,-6.8267,-6.635,0
2.22,4.7104,-0.50486,-4.7786,-7.0234,0
0.89035,4.1974,-0.52159,7.0545,-7.2535,0
-0.34431,3.6588,-0.50872,1.3655,-5.9734,0
0.32051,3.5562,-0.47139,-9.1023,-6.2754,0
0.60543,3.2997,-0.41605,-0.45498,-4.9953,0
0.60543,3.0175,-0.3414,7.7372,-5.283,0
-0.15436,3.1971,-0.25387,-1.3652,-4.9953,0
-0.43928,2.9406,-0.18952,-7.2818,-4.7077,0
-0.34431,2.325,-0.17793,3.186,-5.2686,0
1.1753,1.8377,-0.15992,6.8269,-3.8878,0
1.0803,1.4529,-0.11873,-5.0062,-4.2186,0
1.6501,0.96561,-0.078829,-6.3715,-2.9241,0
-1.484,0.65782,-0.056948,6.5994,-2.507,0
-2.6237,0.32437,-0.02992,4.5513,-2.133,0
-2.1488,-0.13731,0.033148,-7.7369,-1.457,0
-0.34431,-0.88114,0.10651,-2.503,-2.4495,0
0.7004,-1.4967,0.16314,7.7372,-1.7303,0
-0.91415,-1.6763,0.16829,1.1379,-2.5789,0
-1.294,-2.0867,0.14899,-7.0542,-1.9748,0
-0.62923,-2.4201,0.15156,0.2277,-1.7591,0
-0.81917,-3.0613,0.18245,7.9647,-2.1618,0
-0.7242,-3.2665,0.21205,-1.8203,-1.5865,0
-1.6739,-3.1639,0.24809,-8.6471,-2.7227,0
-3.0036,-3.0613,0.25581,2.2757,-2.1618,0
-1.7689,-3.087,0.21077,6.5994,-2.694,0
-1.1041,-3.1126,0.15156,-5.2337,-2.1618,0
-3.2885,-3.3178,0.12324,-7.2818,-1.083,0
-3.6684,-3.3948,0.11037,5.4616,-1.0111,0
-0.81917,-2.7792,0.08978,4.7789,0.28339,0
0.32051,-2.6509,0.066612,-7.2818,-0.69468,0
0.035589,-2.9074,0.055028,-3.4133,-0.52208,0
-0.24933,-3.0357,0.01899,7.5096,-1.1837,0
2.03,-3.01,-0.013187,1.3655,-1.6584,0
2.5049,-2.6509,-0.053087,-7.5093,-0.95358,0
3.2647,-2.1123,-0.08269,-0.22742,-1.3132,0
2.5999,-1.3685,-0.083977,6.8269,-0.004278,0
0.60543,-0.6503,-0.067245,-1.5928,-0.49331,0
-0.15436,-0.62465,-0.038929,-7.7369,-0.43578,0
1.0803,-1.1889,0.022851,2.5033,-0.75222,0
2.7898,-1.8302,0.11037,6.1442,-1.3563,0
0.035589,-2.7279,0.18245,-4.3235,-0.46455,0
-0.7242,-2.8818,0.21205,-6.8267,-1.0255,0
1.0803,-2.5483,0.20304,5.6891,0.51352,0
2.9798,-2.8048,0.18889,3.6411,0.85873,0
0.79538,-3.2665,0.20433,-8.4196,1.4628,0
-1.8639,-3.4717,0.24037,-3.8684,1.4772,0
-0.34431,-3.3691,0.27126,7.9647,-0.11935,0
0.22554,-3.2409,0.29443,2.2757,-0.49331,0
-0.24933,-3.5743,0.30215,-7.2818,-2.4207,0
-1.294,-3.4461,0.32789,0.00013542,-2.0467,0
-1.389,-2.9074,0.37037,7.282,-2.1043,0
-1.6739,-2.6253,0.41155,-1.3652,-1.9317,0
-1.1991,-2.2662,0.43472,-7.5093,-1.3419,0
0.13056,-1.1633,0.43343,4.7789,-2.4495,0
-1.294,0.45262,0.40254,6.5994,-1.946,0
-1.1041,1.7351,0.36136,-5.4613,-3.0104,0
-1.579,2.2737,0.32017,-5.2337,-2.5933,0
-1.8639,1.6838,0.28284,6.8269,-2.0323,0
-0.24933,0.99126,0.26482,3.4135,-1.7878,0
0.51046,1.0682,0.27641,-7.9645,-0.39263,0
-0.15436,1.376,0.25324,-2.0479,-1.2125,0
-1.294,1.376,0.2069,8.4198,-0.66591,0
0.035589,1.3247,0.19403,0.68281,-1.6728,0
0.7004,1.889,0.22879,-8.8747,-1.7591,0
0.7004,2.838,0.28413,0.91037,-1.4139,0
0.7004,3.6588,0.30215,7.282,-1.644,0
-0.15436,3.5562,0.29185,-2.7306,-0.43578,0
0.41548,2.7611,0.29958,-8.192,-1.3419,0
1.5552,1.8377,0.32403,3.6411,-1.1837,0
0.51046,0.88866,0.35106,6.1442,-1.7303,0
-0.62923,0.042233,0.3665,-5.6889,-2.0467,0
-1.579,-0.23991,0.39482,-6.8267,-0.98235,0
-2.8136,-0.77854,0.44888,5.9167,-1.155,0
-2.3388,-1.1376,0.50294,3.6411,0.35531,0
-0.62923,-0.72725,0.50551,-7.7369,-0.11935,0
-1.1991,-0.13731,0.46818,-4.5511,0.11079,0
-1.9589,-0.41945,0.44759,6.5994,0.16832,0
-1.1041,-1.0607,0.48363,0.91037,0.010105,0
0.13056,-0.90679,0.5364,-7.7369,1.6354,0
-0.24933,-0.85549,0.54541,-0.68254,1.4197,0
-1.389,-0.75289,0.53769,7.282,2.4697,0
-1.1041,-0.4964,0.54412,-0.45498,2.0813,0
-1.0091,-0.4451,0.54541,-8.4196,2.1964,0
-1.7689,-0.34251,0.52996,2.5033,3.2032,0
-1.9589,-0.88114,0.47719,6.8269,3.0738,0
-0.24933,-1.4711,0.41155,-4.0959,4.469,0
2.125,-1.2402,0.37551,-6.8267,3.606,0
3.4546,-0.80419,0.33947,5.4616,3.8505,0
2.9798,-0.18861,0.2674,4.5513,3.4909,0
1.4602,1.1452,0.15671,-6.8267,3.1457,0
-0.81917,2.4533,0.055028,-3.4133,4.1957,0
-0.059385,3.0688,-0.010613,8.4198,3.9512,0
2.4099,3.5562,-0.058236,1.3655,5.5046,0
2.4099,3.5305,-0.086552,-7.9645,5.2744,0
2.4099,2.7354,-0.094274,1.1379,5.5333,0
2.22,2.1455,-0.11744,8.1923,5.2744,0
2.315,2.4533,-0.22041,-2.0479,4.0806,0
2.4099,2.7098,-0.35941,-7.5093,4.5409,0
2.125,2.325,-0.41218,3.6411,3.5772,0
0.41548,1.4273,-0.33625,6.5994,4.6272,0
0.32051,-0.52205,-0.18952,-4.7786,4.7135,0
0.79538,-2.7279,-0.036355,-5.4613,5.1737,0
0.79538,-4.2155,0.048593,6.8269,6.195,0
0.79538,-5.062,0.056315,3.6411,5.4758,0
0.98533,-5.2672,0.053741,-7.9645,6.1087,0
1.6501,-5.0363,0.047306,-1.1377,4.9005,0
1.2702,-4.6516,0.020277,8.1923,4.7998,0
-0.059385,-4.9594,0.00097052,-1.3652,5.1737,0
0.41548,-5.9853,0.024138,-8.192,5.3607,0
0.98533,-6.7035,0.039583,1.8206,6.9141,0
1.7451,-6.4214,0.04087,6.8269,6.6409,0
2.125,-6.3188,0.067899,-3.1857,7.5039,0
2.125,-6.7548,0.12582,-7.5093,6.7847,0
1.2702,-7.0626,0.17859,4.3238,6.5833,0
-0.81917,-7.0626,0.2275,5.234,6.8854,0
-2.1488,-6.7035,0.26096,-6.3715,6.31,0
-2.0538,-6.2675,0.30601,-5.2337,7.3456,0
-2.1488,-5.5493,0.32918,6.3718,6.7415,0
-0.34431,-4.6772,0.29314,2.0482,7.6045,0
0.51046,-3.8052,0.23265,-7.9645,7.8059,0
0.79538,-2.8818,0.15285,-0.9101,7.5902,0
0.98533,-2.5483,0.069186,7.7372,7.8491,0
1.7451,-1.8815,-0.015762,-0.68254,6.382,0
1.2702,-0.47075,-0.0518,-8.4196,6.6552,0
0.13056,1.299,-0.063384,1.8206,5.821,0
-0.43928,2.8124,-0.10586,7.0545,5.9648,0
1.2702,4.6335,-0.19209,-3.4133,6.4826,0
2.03,6.2494,-0.28219,-6.8267,6.31,0
0.7004,6.8906,-0.32595,5.0064,7.3456,0
1.2702,7.0188,-0.38516,5.6891,6.2525,0
0.035589,6.6854,-0.45723,-6.5991,6.5402,0
-2.0538,5.8646,-0.4907,-4.7786,5.8642,0
-2.4337,5.2747,-0.49585,7.282,5.5477,0
-1.1991,5.4542,-0.53703,2.7309,6.195,0
0.98533,5.6851,-0.6104,-7.9645,5.4758,0
1.7451,5.9159,-0.6297,-0.68254,6.3676,0
0.60543,6.4289,-0.57693,7.7372,5.332,0
-0.24933,7.4805,-0.52159,-0.68254,5.1737,0
-0.7242,8.6604,-0.52545,-7.5093,4.7998,0
0.89035,9.7377,-0.59753,3.186,4.2101,0
1.3652,9.9429,-0.6799,6.8269,5.26,0
0.13056,9.8146,-0.77643,-5.0062,4.4546,0
-0.43928,9.5068,-0.86267,-7.0542,4.9724,0
0.41548,8.8143,-0.89356,5.234,4.095,0
0.7004,7.8653,-0.86267,4.3238,3.5197,0
1.7451,6.5315,-0.77,-7.0542,3.534,0
4.8792,4.9925,-0.65931,-2.7306,2.4409,0
5.5441,3.9153,-0.55634,7.282,3.1169,0
4.5943,3.0688,-0.46882,2.2757,2.3115,0
2.125,2.0685,-0.36714,-8.8747,2.7717,0
0.035589,0.86301,-0.22684,-0.22742,2.7142,0
-1.389,-0.82984,-0.081403,6.3718,1.8943,0
-1.0091,-2.5227,0.022851,-3.1857,2.0957,0
-0.91415,-3.7282,0.091067,-6.8267,0.62859,0
-1.579,-4.5233,0.14899,4.5513,1.1464,0
-0.7242,-5.6263,0.27641,4.7789,0.85873,0
1.0803,-6.4983,0.41155,-6.8267,1.3334,0
1.2702,-6.9857,0.43215,-5.0062,2.0238,0
1.6501,-7.1652,0.38838,6.8269,1.2327,0
1.8401,-5.9597,0.32146,2.7309,1.5204,0
0.41548,-4.1386,0.21591,-8.192,-0.061812,0
-1.294,-2.8305,0.10008,-2.9581,0.067639,0
-0.91415,-2.2149,0.007406,7.282,-0.2488,0
0.035589,-1.5737,-0.047939,0.00013542,-0.27756,0
-0.15436,-0.4451,-0.073681,-8.6471,0.57106,0
-1.389,1.1195,-0.081403,2.0482,-0.047428,0
-1.0091,2.838,-0.099422,6.8269,0.65736,0
-0.81917,3.8896,-0.10843,-4.0959,-0.43578,0
-1.6739,4.0692,-0.085264,-6.5991,-0.49331,0
-1.7689,3.9153,-0.019623,4.7789,-0.57961,0
1.0803,2.9919,0.05889,5.234,-0.80975,0
0.32051,2.2481,0.08978,-6.3715,0.64298,0
-1.9589,2.5302,0.05889,-4.3235,0.38407,0
-1.1041,3.0945,0.017703,7.7372,1.693,0
0.89035,2.7867,0.01899,2.5033,1.3765,0
1.0803,2.0172,0.056315,-8.192,1.1464,0
-0.059385,1.4273,0.10909,-1.1377,1.2615,0
-0.62923,0.68346,0.14255,7.5096,0.36969,0
-1.579,-0.4964,0.167,-1.3652,1.4628,0
-1.1991,-1.548,0.21463,-7.0542,1.0457,0
-1.8639,-2.5483,0.26482,2.5033,2.1532,0
-3.0985,-2.8818,0.31116,6.8269,2.4984,0
-3.5734,-2.574,0.34205,-4.0959,2.2108,0
-2.8136,-2.2662,0.3369,-6.8267,2.6854,0
-2.3388,-2.497,0.34591,5.9167,1.506,0
-2.9086,-2.9074,0.43086,5.4616,2.0669,0
0.51046,-3.1639,0.54155,-5.2337,1.3046,0
4.5943,-3.3691,0.60204,-5.0062,1.4916,0
4.4044,-3.5743,0.60719,7.5096,1.693,0
-0.53425,-4.0617,0.62778,2.5033,1.0601,0
-2.1488,-4.549,0.68441,-7.5093,1.9087,0
-2.0538,-4.6772,0.75392,-2.503,1.0745,0
0.7004,-4.3951,0.80154,7.5096,1.6642,0
1.8401,-4.4207,0.86461,-0.68254,1.132,0
1.9351,-4.549,0.88777,-7.9645,0.54229,0
2.125,-4.4207,0.79253,1.1379,0.48476,0
0.32051,-4.4464,0.62392,6.3718,-0.8529,0
-2.1488,-4.7798,0.46175,-3.8684,-0.14811,0
-0.81917,-5.2672,0.36264,-6.3715,-0.66591,0
0.41548,-5.8058,0.26096,5.234,0.038872,0
0.13056,-5.7289,0.094928,4.3238,0.082022,0
3.2647,-5.4724,-0.068532,-6.8267,-0.9392,0
5.5441,-5.6006,-0.21397,-3.8684,-1.1693,0
2.9798,-5.934,-0.39288,7.282,-2.8378,0
0.32051,-6.3188,-0.5898,1.8206,-2.3344,0
-1.294,-6.4983,-0.7494,-8.8747,-2.507,0
-1.1041,-6.8318,-0.88069,-0.45498,-1.3851,0
0.22554,-7.0113,-1.0635,8.1923,-0.26318,0
1.3652,-6.7035,-1.3093,-0.68254,-0.62276,0
1.2702,-6.011,-1.6298,-7.9645,-0.37825,0
0.7004,-5.5237,-1.9966,2.0482,-2.3056,0
-1.0091,-5.1902,-2.3248,7.5096,-2.3488,0
-1.1041,-4.7029,-2.5874,-3.6408,-2.7371,0
0.22554,-4.3951,-2.7843,-7.2818,-2.1618,0
0.79538,-4.0873,-2.9812,6.1442,-0.96797,0
0.89035,-3.2152,-3.2103,4.5513,-1.3995,0
0.79538,-2.1636,-3.4922,-6.3715,-0.65153,0
-0.15436,-1.625,-3.8346,-3.1857,-2.0467,0
-1.484,-0.85549,-4.1306,8.875,-2.2337,0
-0.15436,0.22178,-4.2889,2.5033,-2.5214,0
0.51046,1.4786,-4.424,-7.5093,-2.9385,0
0.13056,2.2481,-4.5952,0.45525,-1.6152,0
1.2702,2.2224,-4.6724,7.5096,-1.7878,0
2.03,2.1711,-4.648,-2.2755,-0.22003,0
1.4602,2.838,-4.6042,-8.192,-0.14811,0
1.1753,3.7614,-4.6081,3.6411,-0.14811,0
0.89035,3.864,-4.6493,5.9167,0.13956,0
0.79538,3.1971,-4.6905,-5.4613,-0.83852,0
1.6501,2.915,-4.7226,-5.9164,0.16832,0
2.03,3.0945,-4.7252,6.3718,-0.52208,0
1.4602,3.4536,-4.6905,4.0962,0.18271,0
0.22554,3.7357,-4.5862,-7.0542,0.12517,0
0.22554,3.4792,-4.4112,-3.4133,-0.13373,0
0.035589,3.0175,-4.2027,7.0545,0.62859,0
-1.389,2.8893,-3.9877,0.68281,-0.1625,0
-1.7689,2.8124,-3.7998,-8.192,0.88749,0
-0.15436,2.402,-3.6569,-0.45498,0.49914,0
1.6501,1.9916,-3.433,7.5096,1.132,0
2.03,0.93996,-3.0649,-0.9101,1.9662,0
1.4602,0.042233,-2.6067,-7.0542,1.8512,0
1.2702,-0.060364,-2.1909,2.7309,2.8724,0
1.6501,0.32437,-1.9181,6.1442,1.6642,0
1.2702,0.99126,-1.752,-5.0062,1.808,0
0.22554,1.4273,-1.6298,-6.5991,1.2758,0
0.41548,1.9403,-1.4599,6.3718,1.132,0
2.5049,2.4276,-1.2321,3.8687,2.0525,0
3.7396,2.1198,-0.97078,-7.7369,1.4628,0
4.4993,1.6325,-0.7095,-3.1857,2.1676,0
3.1697,1.4273,-0.37486,7.7372,0.97379,0
-0.24933,1.4786,0.04087,0.91037,1.2471,0
-1.484,1.1965,0.47591,-7.5093,1.1464,0
-0.24933,0.45262,0.86589,0.45525,1.0026,0
-1.484,-0.62465,1.2044,8.1923,2.0525,0
-2.0538,-1.3941,1.512,-1.3652,1.5923,0
-1.1991,-0.90679,1.8325,-6.8267,2.9156,0
-0.81917,0.60652,2.2289,3.8687,2.6567,0
-0.62923,2.1198,2.7064,6.3718,3.1457,0
0.13056,2.8124,3.2213,-4.5511,3.419,0
-0.53425,2.9663,3.7451,-6.5991,2.743,0
-4.1432,3.8127,4.2509,5.6891,3.6923,0
-4.3332,5.0182,4.6718,5.0064,3.1745,0
-3.9533,6.0955,5.0142,-7.2818,4.3395,0
-2.1488,7.224,5.3424,-4.0959,4.4114,0
-2.1488,8.0705,5.6783,7.0545,4.4258,0
-1.8639,7.8909,6.022,1.8206,4.8285,0
0.51046,7.5062,6.3489,-7.9645,3.8073,0
0.7004,7.8909,6.6218,-0.9101,4.5696,0
0.13056,8.8912,6.8238,7.7372,3.6347,0
-0.43928,10.045,6.9886,-1.8203,4.2676,0
-1.8639,10.764,7.1147,-8.4196,4.4546,0
-3.9533,11.225,7.1829,2.2757,4.2964,0
-4.903,12.277,7.2473,6.3718,5.2025,0
-4.3332,12.944,7.264,-4.5511,4.0662,0
-3.8583,12.687,7.1881,-7.0542,4.7135,0
-3.6684,11.815,7.0632,5.6891,3.7498,0
-2.6237,10.994,6.968,4.5513,3.5628,0
1.2702,9.8403,6.8817,-7.2818,3.4765,0
1.5552,7.6601,6.753,-3.6408,2.369,0
1.2702,5.9672,6.5947,7.0545,2.6854,0
1.6501,5.2234,6.412,1.1379,1.2902,0
0.41548,4.813,6.1919,-8.6471,1.4341,0
-0.15436,4.0435,5.9962,0.68281,0.93064,0
-0.81917,3.3253,5.8148,7.7372,0.72928,0
-0.53425,2.2737,5.6062,-1.3652,1.3765,0
-0.059385,1.7607,5.3385,-7.5093,0.77243,0
-2.0538,2.0942,5.0077,3.6411,1.7936,0
-3.1935,2.9663,4.6306,6.3718,1.1032,0
-1.7689,3.1714,4.2934,-4.5511,1.4916,0
-0.81917,2.6841,4.054,-6.8267,1.6067,0
-0.43928,2.2481,3.8288,6.3718,1.1176,0
1.4602,1.9146,3.5585,4.0962,1.995,0
2.8848,2.2481,3.2264,-7.5093,1.2471,0
1.6501,2.915,2.8377,-4.3235,2.0094,0
-0.53425,3.2997,2.3924,7.5096,1.1752,0
-0.7242,2.9663,1.9136,2.9584,0.59983,0
0.13056,2.402,1.503,-7.2818,0.47037,0
-0.34431,1.5812,1.2044,-0.45498,-0.70906,0
0.32051,0.42697,0.9354,7.7372,-0.29195,0
-1.1991,-1.112,0.67541,-1.1377,-1.7159,0
-1.9589,-2.6253,0.46818,-7.5093,-1.7734,0
-2.3388,-3.9334,0.29571,3.6411,-2.2769,0
-2.3388,-5.4211,0.13097,7.282,-2.8234,0
-1.9589,-7.1909,0.0022576,-5.0062,-2.133,0
-1.294,-8.6016,-0.038929,-6.5991,-2.9673,0
-1.484,-9.5249,-0.023484,6.3718,-2.2049,0
-1.1041,-10.115,-0.035068,4.0962,-3.1255,0
0.13056,-9.961,-0.11487,-7.9645,-3.3412,0
1.9351,-9.448,-0.2616,-2.503,-3.4419,0
2.125,-9.5249,-0.37615,7.7372,-4.5782,0
0.32051,-9.9353,-0.41476,0.45525,-3.9453,0
-1.389,-10.32,-0.45723,-8.192,-5.0385,0
-1.8639,-10.859,-0.54733,0.2277,-4.2186,0
-1.1991,-10.859,-0.64644,7.282,-4.1898,0
-1.6739,-9.9353,-0.74554,-3.4133,-3.8446,0
-1.9589,-8.7042,-0.83692,-7.5093,-2.809,0
-0.059385,-8.2168,-0.88455,4.0962,-3.1974,0
1.5552,-8.1655,-0.90385,4.3238,-1.9604,0
4.1195,-7.3448,-0.95276,-6.8267,-2.4782,0
6.0189,-5.9084,-1.0377,-5.0062,-1.7591,0
4.8792,-4.4207,-1.0789,5.6891,-1.5433,0
2.03,-3.7795,-1.0943,3.6411,-1.4858,0
0.89035,-3.8308,-1.0737,-7.7369,-0.36386,0
-0.059385,-3.7795,-1.084,-2.2755,-0.70906,0
-0.34431,-3.1383,-1.1124,8.1923,0.67174,0
0.22554,-2.3944,-1.1098,0.00013542,0.62859,0
0.7004,-2.061,-1.0712,-7.7369,1.7505,0
0.7004,-2.138,-1.0596,0.45525,2.6279,0
0.98533,-2.138,-1.1342,7.0545,2.5272,0
0.60543,-1.6506,-1.2823,-4.3235,3.4621,0
-0.91415,-1.0863,-1.4251,-7.7369,2.4409,0
-1.7689,-0.52205,-1.5178,4.7789,2.9299,0
-1.1041,-0.26556,-1.6002,5.9167,2.6423,0
-0.81917,0.24743,-1.6594,-5.4613,2.9587,0
-1.294,1.1965,-1.6864,-4.5511,3.7498,0
-0.91415,1.7864,-1.6529,7.5096,3.5197,0
-0.53425,2.2224,-1.6118,3.4135,4.9868,0
-0.62923,3.3253,-1.6092,-7.2818,4.6703,0
-0.7242,4.377,-1.6246,-0.9101,5.519,0
-3.1935,4.5309,-1.6452,7.5096,5.6916,0
-1.9589,4.3,-1.6426,-0.22742,5.519,0
1.5552,4.1718,-1.6259,-7.0542,6.5689,0
1.5552,3.787,-1.6053,2.7309,6.0943,0
-0.62923,2.9663,-1.586,7.7372,7.0724,0
-0.91415,1.9146,-1.5757,-2.9581,6.3244,0
0.89035,0.96561,-1.5667,-6.8267,5.9505,0
0.98533,-0.13731,-1.5242,5.4616,5.332,0
-0.7242,-1.1889,-1.5036,4.5513,3.8792,0
-1.0091,-1.9328,-1.5538,-7.0542,4.2964,0
-0.43928,-2.1893,-1.6542,-3.4133,3.2751,0
1.3652,-2.2406,-1.7083,7.282,4.1669,0
2.03,-2.4457,-1.6542,1.8206,3.9943,0
0.41548,-2.9074,-1.541,-8.4196,3.9224,0
-0.34431,-3.1126,-1.4792,-1.1377,4.3251,0
1.1753,-3.4717,-1.4599,7.282,3.5484,0
1.1753,-3.8052,-1.4097,-0.68254,4.397,0
-0.7242,-3.5487,-1.3736,-8.192,3.6347,0
-1.0091,-2.7792,-1.4084,2.0482,4.1381,0
1.7451,-2.3175,-1.4727,6.1442,4.0087,0
3.3597,-1.9841,-1.5371,-5.0062,3.4765,0
2.7898,-1.3941,-1.6053,-5.9164,4.0231,0
1.5552,-0.47075,-1.6285,5.9167,2.7861,0
1.8401,0.50392,-1.6542,3.186,3.2895,0
1.1753,1.3503,-1.7572,-6.8267,2.3258,0
1.1753,2.6072,-1.8512,-3.6408,1.9519,0
1.7451,3.0688,-1.8653,7.7372,1.5779,0
1.2702,2.838,-1.8306,0.45525,0.35531,0
-1.0091,2.6841,-1.7495,-8.192,0.62859,0
-1.579,3.0945,-1.6671,0.45525,-0.88167,0
-0.24933,3.4536,-1.6323,7.0545,-0.9392,0
2.4099,3.0945,-1.6311,-2.0479,-1.7159,0
2.7898,2.5559,-1.6323,-7.2818,-2.4638,0
1.4602,1.7864,-1.6401,4.0962,-2.0899,0
0.7004,1.2221,-1.6336,5.6891,-3.0392,0
-0.91415,0.78606,-1.5757,-5.2337,-2.1474,0
-1.1041,0.042233,-1.4805,-4.7786,-2.9241,0
0.22554,-1.0607,-1.3865,7.0545,-2.6364,0
0.89035,-2.1893,-1.2578,3.6411,-2.5214,0
1.6501,-3.4717,-1.0879,-7.7369,-3.1542,0
0.41548,-4.9594,-0.93346,-2.7306,-2.4351,0
0.7004,-5.7545,-0.81633,7.7372,-3.4131,0
2.315,-5.8571,-0.70822,0.00013542,-2.5789,0
1.5552,-5.9597,-0.56921,-7.9645,-3.0679,0
-1.0091,-6.8831,-0.40704,1.5931,-3.2118,0
-1.6739,-7.5243,-0.33239,6.1442,-2.9673,0
-1.0091,-7.3191,-0.38387,-4.0959,-3.7296,0
0.13056,-7.2165,-0.47525,-6.8267,-2.7659,0
-0.34431,-6.7292,-0.49713,4.3238,-3.4131,0
-1.294,-5.4467,-0.46367,5.234,-2.7371,0
0.51046,-4.3181,-0.4508,-7.2818,-2.6077,0
0.79538,-3.7282,-0.42377,-5.2337,-2.8953,0
-0.81917,-2.9074,-0.38387,6.8269,-2.2193,0
-1.1041,-1.7019,-0.39417,2.2757,-3.1255,0
-1.7689,-0.57335,-0.4701,-7.9645,-2.3056,0
-1.8639,-0.11166,-0.53575,-2.0479,-2.996,0
-1.9589,0.11918,-0.55634,7.5096,-2.9673,0
-0.43928,0.37567,-0.61812,-0.45498,-2.9529,0
-1.1991,1.1708,-0.74683,-8.4196,-3.7727,0
-1.6739,2.2224,-0.89227,1.5931,-3.0823,0
-0.059385,2.8124,-0.9592,6.8269,-4.2618,0
2.315,2.4276,-0.9193,-3.6408,-3.9022,0
1.7451,1.7607,-0.78544,-7.5093,-4.7796,0
1.9351,1.3503,-0.58723,4.0962,-5.3549,0
2.22,1.1195,-0.43921,6.1442,-5.1535,0
0.22554,1.4786,-0.38644,-6.144,-6.2179,0
-1.1991,2.915,-0.37743,-5.9164,-5.4987,0
-0.81917,4.4283,-0.41218,7.282,-6.4624,0
0.89035,5.1464,-0.50614,3.6411,-6.1748,0
1.9351,5.5568,-0.55763,-7.2818,-6.0309,0
0.32051,5.5568,-0.52674,-2.7306,-6.4049,0
-0.53425,5.5568,-0.50486,6.8269,-5.3261,0
0.22554,5.3773,-0.54733,0.45525,-5.9734,0
0.7004,4.3,-0.61168,-7.2818,-5.3549,0
0.79538,2.8637,-0.63871,2.5033,-6.0741,0
-0.059385,2.1455,-0.60782,7.5096,-6.635,0
-0.62923,2.2481,-0.59495,-3.6408,-6.4337,0
-0.91415,2.325,-0.61812,-5.9164,-7.1097,0
-1.484,1.6838,-0.57307,5.234,-5.9015,0
-3.0036,0.76041,-0.50099,5.6891,-6.5056,0
-2.4337,0.067882,-0.47654,-7.2818,-5.8583,0
-0.43928,-0.62465,-0.50099,-4.7786,-5.8439,0
0.51046,-1.4454,-0.47397,7.9647,-6.0309,0
-1.0091,-2.4201,-0.34268,2.7309,-5.1535,0
0.035589,-3.1126,-0.2217,-7.7369,-5.9734,0
1.6501,-3.2922,-0.16249,-0.22742,-5.1535,0
2.125,-3.3948,-0.083977,7.5096,-5.959,0
2.125,-3.3435,-0.017049,-1.8203,-5.5994,0
-0.53425,-2.9844,-0.024771,-7.5093,-5.1104,0
-2.7186,-2.6766,-0.081403,3.8687,-5.4412,0
-2.6237,-2.497,-0.073681,6.1442,-4.2761,0
-2.3388,-2.7792,-0.0054649,-5.4613,-4.9522,0
-1.1041,-3.523,0.070473,-6.144,-3.9453,0
0.13056,-3.8308,0.12711,5.4616,-3.8303,0
-0.059385,-3.0613,0.10522,4.0962,-3.4275,0
-0.34431,-2.6766,0.037009,-7.2818,-2.3344,0
-0.62923,-2.7022,0.016416,-5.0062,-2.809,0
-2.5287,-1.9584,0.021564,6.8269,-1.8022,0
-1.484,-1.0863,-0.050513,2.5033,-2.5933,0
0.98533,-0.90679,-0.21011,-8.192,-2.2337,0
1.9351,-0.31686,-0.35684,-2.503,-2.1186,0
2.4099,0.45262,-0.4508,7.282,-2.4207,0
2.315,1.1708,-0.48941,-0.9101,-1.3419,0
1.3652,1.4786,-0.47525,-7.9645,-2.1618,0
-0.53425,1.1708,-0.42892,1.8206,-1.3707,0
0.22554,1.2477,-0.37615,7.0545,-1.6871,0
2.315,1.812,-0.2809,-4.7786,-1.5721,0
2.5999,2.1711,-0.19467,-7.2818,-0.9392,0
2.315,1.9659,-0.20625,5.234,-1.7015,0
1.5552,1.299,-0.22556,4.5513,-0.9392,0
1.6501,1.1452,-0.13546,-7.2818,-1.946,0
1.2702,1.3503,-0.014475,-3.8684,-1.6871,0
-0.62923,1.0682,0.087205,7.282,-1.6871,0
-2.9086,0.76041,0.16314,2.2757,-1.7015,0
-2.5287,1.5812,0.17859,-8.6471,-0.4214,0
-0.53425,2.6841,0.12582,0.45525,-0.7666,0
1.3652,3.4023,0.1078,8.1923,0.35531,0
0.22554,2.8893,0.17087,-1.5928,-0.3351,0
-1.294,1.9403,0.28413,-7.0542,-0.26318,0
-0.24933,1.3247,0.40512,4.5513,-0.018661,0
-0.24933,1.1965,0.47462,6.8269,-0.55085,0
-0.34431,0.63217,0.48492,-5.0062,0.45599,0
0.51046,0.47827,0.46818,-4.7786,-0.13373,0
3.2647,1.1965,0.427,7.282,0.68613,0
2.8848,2.0942,0.38581,3.6411,0.35531,0
-0.43928,2.1455,0.38452,-7.5093,-0.018661,0
-1.579,1.0682,0.45531,-2.0479,0.038872,0
-0.34431,-0.0090658,0.60719,7.282,-1.2125,0
-0.43928,-0.23991,0.79897,0.2277,-0.66591,0
-0.53425,0.067882,0.95213,-7.5093,-1.3851,0
-0.7242,0.17048,1.0294,2.5033,-0.79537,0
0.32051,0.32437,1.0474,6.5994,-0.57961,0
0.41548,0.50392,1.001,-4.3235,-1.0255,0
-0.059385,0.27308,0.90322,-7.2818,-0.46455,0
-0.34431,-0.77854,0.82599,5.4616,-1.6584,0
1.2702,-2.0867,0.77322,4.0962,-1.0255,0
2.125,-3.0357,0.70115,-7.5093,-1.2988,0
2.22,-3.7282,0.66768,-4.3235,-0.96797,0
2.315,-4.5233,0.68699,7.0545,-0.32071,0
0.41548,-4.7285,0.67412,1.5931,-1.0687,0
-0.43928,-4.7029,0.6664,-7.5093,-0.45016,0
-1.579,-4.8311,0.70372,-0.9101,-1.6296,0
-2.2438,-4.6003,0.77194,7.7372,-1.4282,0
-2.1488,-3.8821,0.82342,-1.8203,-1.5289,0
-3.0985,-3.0613,0.84144,-8.192,-1.7878,0
-1.6739,-1.9071,0.80411,2.9584,-1.0399,0
-0.7242,-1.0094,0.71788,6.8269,-1.831,0
1.0803,-1.0094,0.60333,-5.9164,-1.0543,0
1.2702,-1.1889,0.51709,-6.8267,-1.7015,0
0.7004,-1.0863,0.46304,6.3718,-1.7447,0
-0.059385,-1.0607,0.3665,3.6411,-1.644,0
-0.43928,-0.47075,0.23265,-6.8267,-2.7227,0
-0.7242,0.68346,0.17344,-3.1857,-2.1906,0
-1.484,1.6581,0.23136,8.1923,-3.2693,0
-0.059385,2.6328,0.29571,0.45525,-2.5214,0
2.4099,2.9919,0.29057,-7.9645,-2.2912,0
2.315,2.2737,0.26096,0.91037,-2.3919,0
-0.53425,1.5299,0.2571,8.1923,-2.018,0
-1.579,0.99126,0.27769,-0.9101,-3.5426,0
0.51046,0.60652,0.20819,-7.9645,-3.2693,0
0.98533,0.86301,0.091067,3.186,-4.3481,0
1.9351,1.812,0.020277,6.5994,-3.8878,0
2.4099,1.9146,0.030574,-5.0062,-3.6433,0
3.5496,1.1965,0.10651,-6.3715,-4.0892,0
3.6446,0.96561,0.17859,7.0545,-3.4131,0
1.9351,1.376,0.17344,4.0962,-4.5638,0
0.98533,1.889,0.13483,-6.8267,-4.1323,0
1.7451,2.2224,0.14384,-3.4133,-4.8946,0
2.125,2.0172,0.17087,7.9647,-5.1248,0
1.3652,1.7351,0.15285,0.91037,-4.9953,0
-1.1041,1.9916,0.091067,-9.1023,-6.0309,0
-3.1935,2.7098,0.096215,0.68281,-5.3693,0
-4.2382,3.4536,0.18502,6.1442,-6.52,0
-4.2382,3.4536,0.27126,-4.0959,-5.9159,0
-3.0985,2.6585,0.24552,-7.5093,-6.2898,0
-3.1935,2.402,0.10909,4.7789,-6.7501,0
-1.7689,3.0688,-0.063384,5.234,-6.6926,0
-0.15436,3.3253,-0.14447,-7.0542,-8.059,0
-0.34431,2.2737,-0.080116,-5.2337,-7.5556,0
-3.2885,0.29873,0.016416,6.8269,-8.4473,0
-1.8639,-1.6506,0.087205,2.2757,-8.3179,0
0.035589,-3.1383,0.093641,-7.9645,-8.0446,0
0.22554,-3.8052,0.0048318,-2.0479,-8.5049,0
-0.91415,-3.7795,-0.15734,7.5096,-7.3542,0
0.035589,-3.7026,-0.27833,0.2277,-8.1165,0
1.5552,-4.0617,-0.30407,-7.9645,-7.1672,0
0.13056,-4.6259,-0.28348,1.8206,-7.1384,0
0.60543,-4.7798,-0.25516,7.5096,-6.7357,0
0.7004,-4.7285,-0.22942,-4.5511,-5.2255,0
-1.0091,-4.7285,-0.21912,-6.5991,-5.0672,0
-1.8639,-4.7285,-0.21912,4.3238,-3.3844,0
-2.3388,-4.7285,-0.21783,5.234,-3.6577,0
-3.0036,-4.7285,-0.21912,-6.5991,-3.1399,0
-1.294,-4.7542,-0.21783,-3.6408,-2.8953,0
1.8401,-4.7029,-0.22041,7.7372,-3.1974,0
1.4602,-3.6256,-0.14447,2.0482,-2.1474,0
-0.62923,-1.2915,-0.037642,-7.9645,-3.0536,0
-0.81917,-0.29121,-0.028633,-0.22742,-2.2625,0
0.035589,0.22178,-0.035068,7.7372,-2.8953,0
-0.15436,0.93996,-0.085264,-1.5928,-2.694,0
0.60543,2.1711,-0.16506,-8.192,-2.0467,0
2.5049,2.2224,-0.18952,3.186,-2.4063,0
2.5999,0.78606,-0.1316,5.9167,-1.3132,0
1.5552,-0.18861,-0.12002,-5.2337,-2.0899,0
0.60543,-0.13731,-0.16893,-5.4613,-1.457,0
-0.91415,0.067882,-0.23071,5.9167,-1.6296,0
-1.9589,0.22178,-0.25645,4.5513,-1.5002,0
-1.1991,0.14483,-0.25902,-7.7369,-0.57961,0
0.13056,0.29873,-0.28734,-3.4133,-0.75222,0
0.51046,0.78606,-0.35941,7.7372,1.0745,0
0.7004,1.4529,-0.4302,0.91037,1.1608,0
1.6501,2.1968,-0.48812,-8.192,2.4121,0
1.2702,2.5559,-0.53317,0.00013542,3.232,0
0.13056,2.5815,-0.56277,6.8269,3.7066,0
-0.43928,2.4533,-0.60267,-1.5928,5.2313,0
-1.579,2.4533,-0.60267,-7.7369,5.0731,0
-1.294,2.0172,-0.53317,2.5033,6.4107,0
0.22554,1.1195,-0.43535,5.4616,6.382,0
1.7451,0.42697,-0.36971,-5.6889,7.1874,0
1.9351,0.22178,-0.33625,-6.144,8.1223,0
0.32051,0.27308,-0.3208,6.3718,8.036,0
1.4602,0.60652,-0.26546,3.4135,8.9997,0
1.1753,0.47827,-0.14061,-7.0542,7.9641,0
-1.8639,-0.6503,0.013841,-3.6408,8.597,0
-1.9589,-1.7532,0.158,7.282,8.3237,0
1.7451,-2.9587,0.3073,1.1379,8.4963,0
4.3094,-4.7285,0.4064,-7.7369,9.3881,0
3.2647,-6.7035,0.42185,-0.68254,8.8415,0
1.3652,-7.2935,0.39353,7.5096,9.9059,0
-0.059385,-7.1909,0.37165,-1.8203,8.9997,0
-0.43928,-6.6522,0.29958,-7.2818,9.1292,0
-1.7689,-6.1136,0.18116,3.6411,8.7265,0
-2.9086,-6.0879,0.1477,6.1442,7.7196,0
-2.7186,-6.1905,0.167,-4.3235,8.0504,0
-3.3835,-5.9597,0.14641,-6.3715,6.8135,0
-4.4282,-5.9853,0.12711,6.1442,7.3169,0
-3.0036,-6.0623,0.13225,4.3238,6.7847,0
-2.5287,-6.1905,0.13998,-7.2818,6.684,0
-2.0538,-5.6006,0.060177,-3.4133,7.0004,0
-1.1041,-4.7542,-0.067245,8.1923,5.9792,0
-0.62923,-3.8821,-0.18952,0.45525,6.6696,0
-0.62923,-3.1126,-0.34783,-8.4196,5.6772,0
0.22554,-2.5227,-0.49842,0.68281,6.31,0
1.5552,-1.7789,-0.61168,7.5096,6.31,0
1.4602,-1.4967,-0.69277,-2.503,6.1231,0
1.5552,-1.8558,-0.70693,-7.0542,6.6265,0
1.2702,-1.9071,-0.63871,5.0064,5.447,0
0.035589,-2.061,-0.51387,5.4616,5.8066,0
-1.389,-2.8305,-0.41862,-6.3715,4.5121,0
-1.1991,-3.4974,-0.33367,-4.3235,4.2532,0
-1.1041,-3.5487,-0.20368,7.0545,4.1238,0
-1.389,-3.9847,-0.095561,2.5033,3.4046,0
-1.0091,-5.0363,-0.04279,-7.7369,4.1238,0
-0.7242,-6.0879,0.025425,-1.5928,3.2895,0
0.13056,-7.037,0.18631,7.5096,3.9368,0
-1.1041,-7.5243,0.3871,-1.3652,3.4334,0
0.035589,-8.0373,0.52224,-6.8267,3.2608,0
3.4546,-9.4736,0.59947,2.9584,3.5197,0
4.0245,-11.731,0.65996,6.1442,2.671,0
3.6446,-13.937,0.7359,-5.2337,3.4909,0
0.13056,-13.834,0.80926,-7.0542,2.5991,0
-1.294,-12.09,0.80411,6.1442,3.1601,0
-0.15436,-10.269,0.67154,4.3238,2.8868,0
2.4099,-9.6532,0.55699,-7.5093,2.4121,0
4.3094,-8.7811,0.54541,-3.6408,2.8436,0
2.125,-6.96,0.57373,6.8269,1.8656,0
-0.62923,-4.8568,0.60075,1.3655,2.8724,0
0.22554,-3.6769,0.66382,-7.9645,2.6135,0
1.5552,-3.1126,0.73847,-0.9101,3.5197,0
1.2702,-1.112,0.79768,7.282,4.4114,0
-0.059385,1.2477,0.83887,-0.45498,4.4977,0
-2.5287,3.2227,0.81312,-7.0542,5.7635,0
-3.3835,5.326,0.71917,2.9584,4.9868,0
-2.7186,7.301,0.57244,7.0545,5.6484,0
-2.4337,9.276,0.41284,-3.8684,5.26,0
-1.9589,11.046,0.32017,-6.3715,5.0011,0
-1.1041,12.123,0.2867,5.4616,5.3751,0
0.98533,11.969,0.30215,4.7789,4.2388,0
1.1753,11.661,0.32403,-7.0542,4.771,0
-0.91415,11.815,0.26868,-3.4133,3.5772,0
-1.1041,12.303,0.096215,7.5096,3.721,0
-1.7689,13.457,-0.18051,2.0482,3.4621,0
-0.91415,15.15,-0.51258,-7.9645,3.1457,0
0.22554,15.714,-0.7494,0.45525,4.1669,0
0.035589,14.662,-0.77772,8.1923,3.8505,0
0.41548,13.123,-0.66188,-2.9581,5.2888,0
0.51046,11.584,-0.49585,-7.2818,5.0443,0
-0.91415,9.6864,-0.33496,5.4616,5.519,0
-1.1991,7.6344,-0.20239,6.5994,5.634,0
-1.6739,5.7877,-0.078829,-5.6889,4.9292,0
-1.8639,4.6335,0.011267,-5.6889,6.0368,0
-1.0091,3.6588,0.037009,6.3718,5.5621,0
0.32051,2.9663,-0.0093262,3.4135,6.8135,0
1.5552,2.4789,-0.040216,-7.5093,6.6265,0
0.98533,2.0429,0.011267,-3.1857,6.382,0
0.89035,1.3503,0.067899,7.282,6.3532,0
-0.24933,0.37567,0.030574,0.68281,5.1306,0
-1.6739,-0.90679,-0.040216,-8.4196,5.6916,0
-1.8639,-1.2915,-0.058236,-0.22742,4.5265,0
-0.24933,-0.6503,-0.056948,7.282,4.5265,0
1.3652,0.29873,-0.06081,-2.0479,4.1957,0
-0.53425,1.6068,-0.054374,-8.192,3.8073,0
-0.53425,2.6841,0.0099801,2.9584,4.8285,0
0.89035,2.9663,0.085918,5.0064,4.1238,0
0.13056,2.325,0.13097,-5.2337,5.0299,0
-1.389,1.376,0.14126,-7.0542,4.1094,0
-2.8136,1.2477,0.18631,5.9167,4.1669,0
-2.6237,1.299,0.24552,4.0962,4.3539,0
-3.0985,1.1965,0.23007,-7.5093,3.8217,0
-1.579,0.93996,0.16186,-3.4133,4.7566,0
0.32051,0.83736,0.10394,7.7372,3.6779,0
3.2647,0.88866,0.057602,1.1379,3.9368,0
3.0747,1.4529,-0.038929,-8.4196,3.3471,0
0.98533,2.3763,-0.17793,-0.68254,3.0738,0
0.41548,3.4536,-0.38001,8.6474,3.8936,0
0.51046,4.2231,-0.56921,-0.9101,3.1313,0
-0.91415,4.6848,-0.5898,-7.2818,4.0662,0
-0.7242,4.6848,-0.45723,4.0962,3.2895,0
0.13056,4.5309,-0.371,6.5994,3.3614,0
1.3652,5.1721,-0.41991,-5.0062,3.5772,0
2.22,6.1724,-0.48812,-5.6889,2.9875,0
2.9798,6.8136,-0.48684,5.9167,4.0231,0
2.5999,7.4805,-0.47654,4.3238,3.1025,0
0.60543,8.6091,-0.50357,-7.7369,3.8792,0
-0.15436,9.6094,-0.50228,-2.0479,3.6347,0
2.315,9.5325,-0.44694,8.6474,3.606,0
3.3597,8.7886,-0.38001,0.45525,4.4546,0
1.7451,7.8909,-0.36714,-8.6471,3.8649,0
0.035589,6.8393,-0.35555,2.0482,5.3176,0
-0.43928,6.4546,-0.31694,7.0545,5.1162,0
-1.579,6.6854,-0.31437,-2.9581,6.0943,0
-0.059385,6.3263,-0.32724,-7.5093,6.5833,0
1.4602,5.5568,-0.28991,5.234,6.3244,0
1.3652,5.2747,-0.21783,5.234,7.2881,0
1.2702,5.5312,-0.16893,-5.9164,6.5546,0
0.79538,5.7107,-0.10586,-5.4613,7.3313,0
0.7004,5.5312,-0.040216,7.7372,6.9141,0
0.035589,4.8899,-0.0054649,2.5033,7.0292,0
-0.62923,4.3257,-0.018336,-8.4196,7.4895,0
-0.53425,4.0179,-0.08269,-2.0479,7.0724,0
-0.62923,3.9666,-0.15348,7.5096,8.3093,0
0.035589,3.9409,-0.19982,-0.9101,7.6908,0
-0.34431,3.0175,-0.21655,-8.192,8.3237,0
-2.3388,1.9403,-0.20239,0.68281,7.9929,0
-1.294,1.2221,-0.14447,7.0545,7.5326,0
0.98533,1.4529,-0.098135,-2.9581,8.0073,0
0.98533,1.9146,-0.068532,-7.5093,6.9861,0
0.035589,0.86301,-0.013187,5.4616,7.5326,0
-0.62923,-0.21426,-0.0054649,4.3238,6.5546,0
-1.294,-0.21426,-0.10714,-7.2818,6.5833,0
-0.43928,0.50392,-0.22041,-4.0959,6.4683,0
1.2702,1.1452,-0.26674,7.5096,5.821,0
0.41548,1.812,-0.27704,1.1379,6.5689,0
-1.1991,1.9403,-0.25645,-7.9645,5.8066,0
-1.1041,1.6325,-0.2114,1.1379,6.9141,0
-0.7242,1.5555,-0.1213,7.5096,6.4683,0
-0.62923,2.1968,-0.089126,-2.7306,6.2669,0
-0.91415,2.8637,-0.11873,-6.5991,5.9936,0
-1.484,2.4276,-0.074968,5.0064,4.6847,0
-1.6739,2.5302,0.026712,5.9167,5.3607,0
0.7004,4.0948,0.076909,-6.3715,4.4402,0
3.8345,5.5825,0.046019,-5.0062,5.0731,0
2.315,5.2234,0.039583,7.282,4.3539,0
1.2702,3.8383,0.12453,3.6411,3.3327,0
0.89035,2.4276,0.22492,-7.2818,3.2608,0
1.0803,1.4016,0.24552,-2.7306,1.7505,0
2.5049,0.78606,0.18889,7.9647,2.3115,0
1.5552,0.73476,0.12839,-0.22742,1.4628,0
0.22554,0.81171,0.13611,-7.5093,1.4628,0
0.41548,0.60652,0.21591,1.5931,1.2758,0
0.7004,0.17048,0.34334,7.0545,0.038872,0
-0.15436,-0.29121,0.43472,-3.8684,0.39846,0
0.32051,-0.85549,0.43729,-7.2818,-0.79537,0
0.60543,-1.0607,0.42571,3.8687,-0.29195,0
1.6501,-1.0094,0.42957,5.0064,-0.63715,0
1.4602,-0.21426,0.37423,-6.8267,-0.9392,0
0.035589,0.76041,0.23651,-4.7786,-0.63715,0
-0.62923,1.6581,0.11552,7.0545,-1.7591,0
-1.484,2.0429,0.10265,2.5033,-1.4139,0
-2.0538,1.8633,0.18116,-8.4196,-2.809,0
-0.43928,1.7864,0.21334,-1.5928,-2.7371,0
-1.1991,1.299,0.16829,6.8269,-3.0392,0
-0.81917,0.50392,0.12711,-0.45498,-3.4419,0
0.89035,-0.36816,0.13483,-9.3298,-2.809,0
0.13056,-0.88114,0.17087,0.91037,-3.7583,0
0.60543,-1.5737,0.23007,6.8269,-2.8522,0
0.79538,-1.2146,0.22235,-3.6408,-3.2262,0
0.89035,-0.13731,0.13354,-7.2818,-2.507,0
0.60543,0.37567,0.11166,4.0962,-2.0036,0
0.7004,-0.034715,0.17859,5.0064,-2.4063,0
0.035589,-0.95809,0.19918,-7.0542,-1.7015,0
0.7004,-1.4967,0.17859,-5.0062,-2.6796,0
2.5049,-1.1376,0.19918,7.7372,-2.0611,0
3.5496,-0.3938,0.22879,2.9584,-2.4926,0
3.6446,0.067882,0.22106,-7.0542,-2.4207,0
1.8401,0.19613,0.23136,-2.0479,-1.6728,0
0.13056,-0.41945,0.3266,8.1923,-2.2625,0
-0.43928,-2.138,0.46046,1.5931,-1.2125,0
0.79538,-3.0357,0.52868,-7.5093,-1.7447,0
0.32051,-2.0354,0.47977,0.91037,-0.86728,0
-0.43928,-0.034715,0.35492,7.282,-0.34948,0
-1.579,1.7094,0.31888,-1.8203,-0.32071,0
-0.91415,2.4533,0.39611,-7.5093,0.70051,0
0.98533,3.0945,0.4167,4.5513,-0.29195,0
0.035589,3.4536,0.28799,6.3718,0.38407,0
-2.4337,3.6075,0.098789,-5.0062,-0.46455,0
-3.2885,3.8896,-0.02992,-5.4613,-0.1625,0
-2.7186,3.787,-0.090413,5.6891,0.54229,0
-0.43928,3.2997,-0.10972,3.4135,0.47037,0
0.41548,2.2994,-0.086552,-8.192,1.693,0
-0.34431,0.78606,-0.056948,-3.1857,0.64298,0
-2.3388,-0.086014,-0.024771,7.7372,0.70051,0
-2.2438,-0.88114,0.04087,0.2277,-0.13373,0
1.1753,-2.2662,0.15285,-8.192,-0.3351,0
1.3652,-3.9334,0.26225,1.5931,0.54229,0
0.41548,-4.6003,0.3073,6.5994,0.024489,0
1.2702,-4.7542,0.29571,-3.6408,0.90188,0
1.8401,-4.6259,0.21978,-7.7369,0.082022,0
1.2702,-4.7542,0.15156,4.0962,0.42722,0
-0.15436,-5.4724,0.20948,4.7789,0.55667,0
-0.81917,-6.1649,0.32918,-7.0542,0.18271,0
-2.5287,-6.3444,0.43729,-5.0062,1.0313,0
-2.3388,-6.1905,0.45403,7.0545,-0.018661,0
-1.389,-5.3185,0.36393,2.5033,0.52791,0
-0.81917,-3.7795,0.21205,-7.7369,-0.14811,0
0.22554,-2.0097,0.051167,-1.1377,-0.36386,0
0.79538,-0.98374,-0.065958,7.7372,-0.047428,0
0.79538,-0.11166,-0.14576,-0.45498,-0.594,0
0.89035,0.91431,-0.17793,-7.2818,0.57106,0
0.79538,2.4276,-0.20496,2.0482,-0.1625,0
0.7004,4.0948,-0.22684,6.5994,0.22586,0
0.13056,4.8899,-0.25516,-3.8684,-0.14811,0
2.03,5.6851,-0.38387,-6.8267,-0.45016,0
3.1697,7.1984,-0.57178,5.234,0.22586,0
2.8848,8.9682,-0.70435,5.4616,-0.60838,0
2.315,11.071,-0.76356,-7.0542,0.25462,0
1.0803,12.508,-0.77257,-4.5511,-0.65153,0
-1.7689,12.277,-0.70049,7.7372,-0.37825,0
-0.43928,10.071,-0.58465,1.8206,-0.37825,0
1.2702,7.5831,-0.53703,-7.7369,-1.083,0
0.13056,6.5571,-0.54862,0.00013542,-0.53646,0
0.22554,5.4799,-0.52416,7.0545,-1.7734,0
-0.059385,2.9919,-0.39674,-1.5928,-1.3707,0
-1.484,0.29873,-0.22298,-7.7369,-2.0899,0
-1.7689,-1.4454,-0.087839,2.7309,-2.1906,0
-0.24933,-2.497,0.024138,6.5994,-1.5865,0
0.7004,-3.5743,0.13998,-4.3235,-2.0611,0
0.89035,-4.3181,0.23007,-6.3715,-0.98235,0
0.89035,-4.0873,0.28156,6.3718,-2.0611,0
2.4099,-3.01,0.31502,3.6411,-2.1186,0
1.9351,-1.8815,0.36393,-7.9645,-3.0967,0
0.13056,-1.0094,0.35621,-2.503,-3.9166,0
0.32051,-0.5477,0.31502,6.8269,-3.0823,0
-0.15436,-0.086014,0.29185,0.45525,-3.2981,0
-1.389,0.32437,0.26997,-8.6471,-1.5721,0
-1.8639,0.17048,0.22879,0.91037,-1.8885,0
-2.1488,-0.13731,0.17859,7.0545,-1.8885,0
-2.1488,-0.060364,0.1477,-3.4133,-2.1043,0
-0.34431,0.22178,0.075622,-7.5093,-3.0823,0
0.60543,0.37567,-0.027345,3.186,-2.3632,0
0.98533,0.067882,-0.067245,6.8269,-3.4131,0
0.79538,-0.31686,-0.1213,-6.144,-2.8953,0
0.79538,-0.16296,-0.19338,-5.6889,-3.2981,0
0.79538,0.22178,-0.20625,6.8269,-3.4131,0
0.79538,0.22178,-0.18566,3.6411,-3.2549,0
1.6501,-0.4964,-0.2114,-7.9645,-4.4775,0
0.51046,-1.3428,-0.25387,-2.7306,-3.9453,0
0.60543,-2.7535,-0.23714,8.1923,-4.8515,0
0.7004,-4.3951,-0.18051,0.91037,-4.1898,0
-0.15436,-5.8571,-0.12645,-7.2818,-4.2474,0
0.41548,-6.8061,-0.063384,2.2757,-4.794,0
1.7451,-7.7295,0.043444,7.5096,-4.4056,0
2.9798,-8.7555,0.097502,-3.1857,-5.4987,0
2.5049,-9.0889,0.10265,-6.3715,-4.9234,0
1.3652,-8.7042,0.12968,4.7789,-5.6426,0
-0.059385,-7.2165,0.13225,5.6891,-5.8871,0
-1.484,-5.4467,0.076909,-5.2337,-6.2467,0
-1.8639,-4.2155,0.027999,-5.4613,-7.2104,0
-0.15436,-3.01,0.046019,6.5994,-6.4193,0
0.60543,-2.3175,0.13225,3.186,-6.7932,0
0.60543,-2.8305,0.20562,-7.5093,-5.6282,0
0.7004,-3.523,0.22235,-1.3652,-5.4124,0
0.035589,-3.4461,0.1979,7.0545,-5.6426,0
0.60543,-3.2152,0.17988,-0.22742,-5.3261,0
0.79538,-3.01,0.16958,-7.2818,-6.4049,0
1.6501,-2.4201,0.11037,2.7309,-5.657,0
1.2702,-1.6763,0.060177,6.8269,-6.0885,0
0.13056,-1.3428,0.061464,-4.5511,-5.7145,0
0.51046,-0.75289,0.073047,-7.2818,-5.2398,0
-0.15436,0.37567,0.029286,5.0064,-5.6857,0
-0.62923,2.1711,-0.096848,5.0064,-4.7364,0
-0.62923,4.0692,-0.25259,-6.5991,-5.6713,0
-1.294,5.0695,-0.35941,-5.0062,-5.3261,0
0.22554,5.7364,-0.41218,6.3718,-5.8008,0
3.8345,5.9159,-0.38902,2.2757,-6.1316,0
2.4099,5.0438,-0.29377,-7.2818,-5.1104,0
-0.53425,4.3257,-0.2114,-0.68254,-5.4556,0
-0.81917,4.2744,-0.27061,7.5096,-3.9309,0
-1.579,3.8127,-0.39674,-0.68254,-4.2905,0
-0.91415,2.5815,-0.41991,-7.7369,-3.8303,0
0.79538,1.889,-0.38129,2.2757,-3.6289,0
1.0803,0.96561,-0.38516,6.5994,-4.0029,0
-0.91415,-0.57335,-0.37872,-3.6408,-2.8953,0
-2.1488,-1.6763,-0.31823,-7.2818,-3.557,0
-1.8639,-1.9071,-0.21269,5.4616,-2.507,0
-1.484,-1.2915,-0.083977,4.7789,-2.694,0
-1.484,-0.599,0.048593,-6.8267,-2.4638,0
-0.15436,-0.23991,0.13225,-3.8684,-1.8454,0
2.22,0.81171,0.15156,6.8269,-2.6652,0
1.5552,1.299,0.12839,2.9584,-1.7159,0
-0.81917,-0.16296,0.13225,-7.9645,-2.2049,0
-1.7689,-2.0354,0.17988,-1.5928,-1.1262,0
-0.15436,-2.2919,0.20176,7.5096,-0.3351,0
0.51046,-1.2915,0.10394,-0.9101,0.067639,0
-0.91415,-0.3938,-0.074968,-8.4196,1.2902,0
-1.1041,-0.90679,-0.22427,2.5033,0.39846,0
-1.6739,-2.138,-0.3208,7.282,0.68613,0
-2.2438,-3.2152,-0.36328,-4.0959,-0.66591,0
-0.24933,-4.0617,-0.31437,-6.3715,-0.98235,0
1.4602,-3.8052,-0.21783,5.6891,-0.89605,0
2.125,-2.5483,-0.12903,5.234,-1.2844,0
2.125,-1.3172,-0.053087,-6.144,-0.018661,0
0.60543,0.68346,-0.0028907,-3.6408,-0.5077,0
-0.62923,1.9916,0.052454,7.282,0.32654,0
-1.389,1.4529,0.13611,1.5931,-0.29195,0
-1.8639,0.093531,0.27898,-7.9645,-0.66591,0
-1.1041,-0.82984,0.46947,-0.9101,-0.72345,0
0.32051,-1.7276,0.68956,7.7372,-1.7878,0
1.8401,-2.1123,0.88391,-1.3652,-0.96797,0
2.03,-2.1636,1.0152,-7.5093,-1.5289,0
1.2702,-1.9584,1.104,3.8687,-0.57961,0
-1.0091,-2.061,1.1388,5.9167,-0.32071,0
-1.6739,-2.5996,1.1568,-5.6889,-0.91043,0
-1.1041,-2.6253,1.1761,-5.2337,-0.47893,0
-0.059385,-1.5993,1.1529,6.1442,-2.0036,0
-0.34431,-0.34251,1.0808,2.7309,-1.4858,0
-1.484,0.45262,0.97658,-7.2818,-1.9029,0
-2.0538,0.60652,0.88777,-1.3652,-1.5289,0
-1.389,0.50392,0.86461,7.9647,-0.34948,0
-1.579,0.37567,0.85302,-0.45498,-0.72345,0
0.60543,0.32437,0.76293,-8.6471,0.25462,0
3.2647,-0.5477,0.65867,2.5033,-0.89605,0
1.6501,-2.4714,0.62392,6.8269,-0.80975,0
0.7004,-4.549,0.64194,-4.7786,-0.75222,0
0.79538,-5.9853,0.67283,-6.8267,-0.92482,0
1.1753,-7.1652,0.71273,5.6891,-0.090578,0
1.6501,-7.8321,0.72045,4.7789,-1.2844,0
2.125,-7.909,0.67154,-7.7369,-1.083,0
0.41548,-7.473,0.63293,-4.7786,-2.2193,0
0.41548,-6.6266,0.63036,6.5994,-1.9029,0
-0.24933,-5.7802,0.61749,2.7309,-1.0974,0
-0.43928,-4.8568,0.53254,-7.2818,-0.63715,0
0.035589,-4.1642,0.43086,-1.3652,1.0313,0
-1.1041,-3.6769,0.36393,8.6474,0.61421,0
-2.9086,-2.9074,0.3369,-0.9101,1.0601,0
-3.0985,-1.8045,0.35106,-7.9645,-0.047428,0
0.98533,-0.62465,0.37809,3.6411,-0.80975,0
3.0747,0.11918,0.39482,6.5994,-0.69468,0
1.2702,0.96561,0.4064,-4.3235,-1.2988,0
0.60543,2.3763,0.41284,-5.4613,-0.13373,0
2.4099,3.7357,0.3472,5.234,-0.73783,0
2.6949,4.7617,0.17087,3.8687,-0.2488,0
1.5552,5.7107,-0.026058,-6.8267,-0.3351,0
-0.15436,6.6854,-0.16764,-3.1857,-0.62276,0
-1.579,6.6854,-0.24229,7.7372,0.39846,0
-3.0036,5.8646,-0.27961,0.91037,-0.14811,0
-2.8136,5.6851,-0.31694,-7.9645,0.85873,0
-2.2438,5.8133,-0.38902,-0.45498,0.11079,0
-2.1488,4.7361,-0.45208,7.5096,0.13956,0
-1.1991,2.0942,-0.41733,-2.7306,0.12517,0
-0.81917,-1.0607,-0.28348,-8.192,-0.73783,0
-0.53425,-3.523,-0.18694,3.4135,0.11079,0
-0.15436,-5.2159,-0.18823,6.3718,-0.6803,0
-2.0538,-5.5237,-0.18308,-4.7786,0.49914,0
-1.9589,-4.7798,-0.11873,-6.3715,0.45599,0
1.5552,-3.9078,-0.12259,5.9167,0.68613,0
3.3597,-3.1383,-0.23071,4.3238,1.2615,0
3.5496,-2.8048,-0.3414,-7.9645,0.77243,0
0.89035,-3.01,-0.38387,-3.6408,2.1245,0
-1.1041,-2.7792,-0.3607,7.0545,2.0094,0
-1.1991,-1.625,-0.29892,2.0482,3.232,0
-0.81917,-0.5477,-0.28476,-7.7369,3.721,0
0.51046,0.093531,-0.30793,-1.3652,3.4621,0
2.315,1.0939,-0.32466,7.282,4.2964,0
2.125,2.1455,-0.37486,-1.1377,3.8217,0
1.4602,3.1971,-0.50614,-7.9645,5.3032,0
0.51046,4.9156,-0.66188,2.2757,5.4902,0
1.8401,5.8133,-0.75326,7.0545,6.0368,0
1.7451,6.0442,-0.78801,-4.3235,6.2237,0
0.98533,6.275,-0.81247,-7.0542,5.0011,0
0.035589,6.4289,-0.84079,4.0962,4.9436,0
-0.43928,5.7877,-0.82791,4.0962,3.2608,0
-1.389,4.5822,-0.79831,-6.8267,3.721,0
-1.1991,3.2227,-0.75584,-3.8684,3.8936,0
-2.5287,2.3507,-0.72366,7.282,4.1094,0
-1.579,1.8377,-0.73911,2.5033,4.6128,0
-1.0091,1.1965,-0.77257,-7.7369,2.8436,0
-1.484,0.067882,-0.70435,-1.3652,2.369,0
-2.0538,-1.2915,-0.50614,7.5096,0.54229,0
-1.1991,-2.3688,-0.32724,0.2277,0.39846,0
1.0803,-2.9331,-0.30021,-8.4196,0.68613,0
2.9798,-2.1123,-0.33753,2.2757,0.54229,0
2.315,-1.0607,-0.36199,7.282,1.4772,0
-0.53425,-0.4451,-0.36971,-3.4133,0.48476,0
-1.7689,-0.41945,-0.33239,-6.5991,0.80119,0
-0.7242,-0.599,-0.22684,5.234,-0.10496,0
1.8401,-1.035,-0.10972,5.9167,-0.83852,0
2.6949,-1.1633,-0.014475,-6.5991,-0.66591,0
2.6949,-1.3172,0.030574,-4.0959,-1.7878,0
4.3094,-1.112,0.0035447,7.0545,-1.3851,0
4.2144,-0.23991,-0.014475,2.0482,-3.0679,0
3.6446,0.24743,0.035722,-8.6471,-3.5857,0
2.03,0.52957,0.084631,-2.2755,-4.2761,0
0.98533,0.81171,0.08077,7.9647,-4.909,0
-1.0091,1.2221,0.051167,-0.22742,-4.1179,0
-1.8639,1.4786,0.038296,-8.192,-4.6501,0
-0.43928,1.299,0.088493,1.5931,-3.1974,0
-1.579,1.1708,0.15156,7.5096,-3.1399,0
-2.8136,0.27308,0.1979,-4.0959,-2.5214,0
-2.5287,-0.80419,0.22621,-7.2818,-2.2625,0
-1.1991,-1.2402,0.20562,4.7789,-3.2837,0
1.0803,-1.0607,0.16057,4.0962,-2.507,0
2.03,-0.93244,0.12324,-7.5093,-3.1542,0
1.3652,-0.23991,0.038296,-4.7786,-1.9317,0
-0.7242,0.68346,-0.090413,7.5096,-1.5289,0
-1.579,0.78606,-0.17279,1.3655,-1.5002,0
-0.43928,0.067882,-0.21655,-8.192,-1.0399,0
-0.43928,-1.2659,-0.24744,-0.22742,-2.0755,0
-2.3388,-2.3688,-0.26803,7.5096,-1.2269,0
-2.4337,-3.087,-0.3105,-2.0479,-1.5577,0
0.51046,-3.2922,-0.35684,-7.7369,-0.39263,0
0.98533,-2.8305,-0.34397,3.186,0.62859,0
-0.059385,-2.2406,-0.31437,6.5994,0.77243,0
0.13056,-1.7276,-0.32852,-5.2337,1.693,0
-2.1488,-0.90679,-0.37357,-6.144,0.78681,0
-2.1488,-1.0094,-0.33239,5.9167,1.7217,0
-1.1991,-1.5993,-0.19853,5.234,1.6067,0
-0.059385,-1.5737,-0.033781,-6.8267,1.8368,0
1.6501,-0.7016,0.093641,-3.4133,2.2252,0
0.32051,0.86301,0.10651,8.4198,1.1464,0
-0.34431,2.838,0.022851,2.0482,1.9087,0
-0.91415,4.6335,-0.068532,-8.192,1.319,0
-2.5287,4.8386,-0.12774,-0.9101,2.2108,0
-3.1935,4.2744,-0.17536,7.282,2.3978,0
-0.91415,3.6844,-0.21011,-1.3652,1.8656,0
0.41548,3.787,-0.22041,-6.3715,1.8943,0
0.035589,4.9156,-0.21783,3.186,0.28339,0
-0.62923,6.0185,-0.23972,6.3718,0.61421,0
-1.7689,5.9672,-0.26674,-5.2337,-0.11935,0
-1.7689,5.4029,-0.27961,-6.144,0.61421,0
1.4602,5.4799,-0.27061,5.4616,1.3909,0
3.3597,5.9416,-0.25259,4.0962,1.1752,0
3.4546,5.6851,-0.22684,-7.9645,1.8368,0
2.315,5.1208,-0.22427,-4.5511,0.13956,0
1.9351,3.8383,-0.24486,6.5994,0.082022,0
2.22,2.1968,-0.27961,0.91037,-0.56523,0
1.7451,1.1965,-0.33625,-8.192,-0.14811,0
1.6501,1.4786,-0.42377,-0.68254,0.75804,0
0.98533,1.9659,-0.48169,5.9167,0.13956,0
0.035589,1.6838,-0.48426,-2.7306,0.41284,0
0.41548,1.1965,-0.44951,-7.9645,-1.3563,0
-0.34431,1.0682,-0.45852,3.4135,-1.5002,0
-2.2438,0.27308,-0.47268,5.9167,-2.0755,0
-1.294,-1.9584,-0.38902,-5.9164,-2.1906,0
1.7451,-3.8308,-0.25902,-5.2337,-0.92482,0
0.7004,-3.9847,-0.18823,6.3718,-0.96797,0
0.51046,-3.4461,-0.22041,3.4135,0.61421,0
-0.24933,-2.8048,-0.26031,-7.9645,0.41284,0
-1.484,-2.6766,-0.25259,-3.1857,0.95941,0
-1.8639,-2.574,-0.18694,7.282,1.3765,0
-2.1488,-2.5483,-0.096848,0.45525,0.84434,0
-1.294,-3.2922,-0.013187,-7.9645,1.9087,0
-0.7242,-3.8052,0.052454,1.8206,1.2471,0
0.22554,-3.1639,0.076909,7.282,2.3115,0
-0.15436,-1.7276,0.082057,-2.503,2.0094,0
-1.484,-0.31686,0.097502,-6.8267,1.319,0
-3.0985,0.29873,0.12968,4.3238,0.52791,0
-2.3388,-0.29121,0.13998,6.8269,-1.9317,0
-0.24933,-1.8302,0.1078,-5.0062,-2.1186,0
2.22,-3.1383,0.017703,-5.4613,-2.9097,0
1.6501,-3.3948,-0.027345,7.282,-1.3995,0
0.13056,-3.0613,0.012554,3.8687,-0.061812,0
-0.43928,-2.6509,0.07176,-6.8267,0.38407,0
-0.7242,-2.3431,0.064038,-2.7306,1.1752,0
0.035589,-1.9584,0.0061189,7.7372,-0.53646,0
0.79538,-1.625,-0.094274,1.8206,-0.98235,0
0.89035,-1.548,-0.17793,-7.7369,-2.4351,0
1.5552,-1.8302,-0.24872,0.2277,-2.6077,0
1.2702,-2.3688,-0.27061,7.9647,-1.8597,0
0.98533,-3.3435,-0.21655,-1.8203,-1.9748,0
0.7004,-4.1899,-0.072394,-7.7369,-0.82413,0
-0.059385,-3.9591,0.079483,1.8206,-1.7591,0
-0.43928,-3.5743,0.21334,6.3718,-1.1406,0
-0.53425,-3.5743,0.32274,-4.3235,-1.2125,0
-1.6739,-3.7795,0.3768,-6.5991,-1.3851,0
-1.0091,-3.8821,0.36264,5.234,-0.73783,0
0.035589,-4.2155,0.33047,3.6411,-1.7447,0
-1.0091,-5.0107,0.34334,-7.5093,-1.155,0
-2.0538,-5.6006,0.34462,-4.5511,-1.9748,0
-1.9589,-5.5237,0.36264,6.8269,-1.4714,0
-1.9589,-4.3951,0.41799,2.2757,-0.80975,0
0.60543,-2.4714,0.39997,-8.192,-1.0974,0
0.7004,-0.13731,0.2674,-1.1377,-0.60838,0
-0.059385,2.1455,0.091067,7.0545,-2.6077,0
-0.34431,4.6848,0.0035447,-1.5928,-3.2981,0
0.035589,6.1211,0.007406,-7.2818,-4.794,0
-1.1041,5.1464,-0.019623,3.186,-5.2255,0
-1.9589,1.9403,-0.090413,5.9167,-4.046,0
-0.24933,-1.0094,-0.14447,-5.0062,-3.6433,0
1.3652,-1.548,-0.22427,-6.3715,-1.2556,0
1.3652,-0.85549,-0.26031,5.4616,-1.0111,0
0.89035,-1.3172,-0.17665,3.8687,-0.36386,0
2.6949,-1.8815,-0.040216,-7.5093,-0.96797,0
2.22,-1.4198,0.070473,-3.4133,-2.1762,0
0.32051,-0.95809,0.11681,7.282,-1.8022,0
-1.1991,-1.2146,0.13869,0.91037,-2.3919,0
-2.1488,-1.9584,0.19918,-8.6471,-0.80975,0
-3.9533,-2.1123,0.26868,0.2277,-0.80975,0
-4.8081,-2.1123,0.29443,7.9647,-0.30633,0
-1.1991,-2.7535,0.29057,-2.0479,0.096406,0
1.2702,-3.2665,0.28284,-7.2818,-0.19126,0
0.98533,-3.2665,0.29057,3.8687,1.319,0
0.22554,-3.0613,0.30601,7.282,1.2471,0
0.32051,-3.3178,0.30858,-4.0959,2.6135,0
0.51046,-3.7282,0.32274,-5.6889,2.858,0
-2.1488,-5.1646,0.35749,5.9167,2.7717,0
-3.1935,-6.447,0.39997,5.0064,3.2895,0
-2.4337,-6.3957,0.38066,-6.5991,2.4265,0
-0.53425,-5.7545,0.30344,-3.8684,3.3758,0
0.7004,-4.6772,0.18631,7.7372,2.6423,0
1.8401,-3.4461,0.10651,2.0482,2.8149,0
3.1697,-2.8305,0.12968,-7.9645,2.2252,0
3.5496,-3.3948,0.23393,-0.22742,1.0601,0
3.7396,-3.5487,0.30472,8.6474,1.319,0
2.8848,-2.9844,0.30858,-1.8203,0.18271,0
3.2647,-1.548,0.24552,-8.4196,1.0026,0
1.4602,1.0682,0.10651,2.7309,0.55667,0
0.13056,3.8383,-0.017049,6.5994,0.54229,0
-0.43928,5.9929,-0.059523,-5.0062,0.81558,0
0.22554,8.2757,-0.10843,-7.2818,-0.11935,0
1.7451,10.687,-0.19338,5.234,0.75804,0
2.7898,12.226,-0.33625,4.0962,-0.061812,0
2.5999,11.636,-0.44565,-6.8267,0.77243,0
1.5552,9.8916,-0.44694,-4.3235,0.91626,0
1.7451,8.7373,-0.35427,6.5994,1.2183,0
1.2702,7.9679,-0.2011,2.0482,2.1964,0
0.98533,5.4542,-0.073681,-8.192,1.3909,0
0.7004,1.9403,0.016416,-0.9101,2.0382,0
0.7004,-0.086014,0.066612,8.4198,0.85873,0
0.7004,-0.67595,0.079483,-0.9101,0.84434,0
0.79538,-1.4967,0.020277,-7.9645,0.91626,0
0.79538,-3.1126,-0.010613,2.7309,0.61421,0
-0.059385,-4.2155,0.034435,6.8269,1.7217,0
-2.4337,-3.9078,0.016416,-3.6408,1.0457,0
-2.2438,-2.8305,-0.074968,-6.5991,1.6786,0
-0.62923,-2.8048,-0.074968,5.234,1.621,0
-0.53425,-3.8565,0.093641,5.4616,2.2539,0
-1.484,-4.985,0.3073,-7.2818,3.4765,0
-1.1991,-5.0876,0.42828,-5.2337,3.1457,0
-1.579,-3.9847,0.39225,6.8269,3.9368,0
-2.3388,-2.2406,0.25067,3.8687,2.858,0
-3.9533,-0.6503,0.12324,-6.8267,3.2464,0
-3.9533,0.68346,0.042157,-1.8203,3.3183,0
-2.7186,2.0685,-0.032494,8.6474,3.1169,0
-2.2438,3.5305,-0.041503,0.68281,3.721,0
-1.294,4.7104,-0.028633,-8.192,2.5704,0
-0.81917,5.1977,-0.083977,1.8206,3.0594,0
0.22554,4.5822,-0.15219,7.7372,2.1388,0
-0.15436,3.4792,-0.16893,-2.2755,1.995,0
-1.389,2.5815,-0.15605,-6.8267,2.0669,0
-1.294,2.5046,-0.17665,5.0064,1.2327,0
-1.8639,2.3507,-0.27318,6.1442,1.9087,0
-4.6181,2.2994,-0.46624,-6.8267,0.82996,0
-2.1488,1.8377,-0.65544,-5.4613,1.4053,0
1.7451,0.50392,-0.66188,7.0545,0.93064,0
2.315,-1.5224,-0.48684,2.7309,0.85873,0
0.60543,-2.7792,-0.32338,-7.7369,1.5491,0
-0.34431,-2.8048,-0.2912,-2.503,1.0457,0
0.22554,-2.6509,-0.29892,7.282,2.369,0
-0.24933,-3.0357,-0.23328,0.2277,1.9806,0
1.2702,-3.3178,-0.12645,-7.9645,2.8436,0
3.0747,-3.7795,-0.033781,1.5931,3.0594,0
3.7396,-4.7029,0.098789,7.282,2.8005,0
3.5496,-5.1389,0.33561,-4.0959,3.1313,0
0.98533,-4.3438,0.57887,-7.7369,1.6498,0
-1.0091,-2.3431,0.6664,4.7789,1.5204,0
0.60543,0.24743,0.58016,4.7789,0.16832,0
0.035589,2.4789,0.47076,-7.2818,0.32654,0
-0.34431,3.5305,0.36393,-4.7786,1.0169,0
1.3652,3.1201,0.24037,7.7372,0.75804,0
1.5552,1.9916,0.12839,1.8206,1.8368,0
4.7843,1.376,0.051167,-8.192,0.51352,0
6.9687,0.91431,0.012554,-1.3652,0.28339,0
3.5496,-0.72725,0.033148,7.282,-1.2844,0
0.60543,-2.6253,0.14512,-0.68254,-2.7371,0
0.41548,-3.087,0.26096,-7.9645,-2.809,0
1.6501,-3.087,0.29185,2.0482,-3.672,0
2.125,-3.1639,0.25067,6.8269,-2.133,0
2.125,-3.8821,0.2069,-3.4133,-2.1474,0
2.315,-4.7798,0.2069,-6.5991,-1.0399,0
0.51046,-4.7285,0.19146,5.6891,-0.57961,0
-0.62923,-3.8821,0.18502,4.3238,-1.0974,0
-1.579,-2.6253,0.22235,-6.5991,-0.2488,0
-2.9086,-1.3428,0.26482,-4.0959,-1.1837,0
-3.3835,-0.67595,0.25067,7.0545,-0.22003,0
-3.7634,-1.4198,0.17215,2.9584,0.12517,0
-3.8583,-2.8561,0.085918,-7.5093,1.2758,0
-4.7131,-3.9078,0.04988,-1.1377,2.6567,0
-4.0483,-5.1133,0.10394,8.1923,1.9087,0
-4.903,-6.7292,0.18245,0.00013542,1.7649,0
-4.903,-8.2681,0.27255,-8.6471,-0.98235,0
-2.3388,-9.6532,0.36522,0.45525,-2.9816,0
-0.24933,-9.5506,0.37809,7.0545,-3.9741,0
-1.1041,-8.0373,0.24294,-3.1857,-3.4851,0
-0.059385,-6.7292,0.046019,-8.6471,-0.018661,0
1.5552,-6.3957,-0.083977,4.0962,2.0813,0
2.315,-6.2418,-0.15091,5.4616,5.0011,0
4.8792,-5.7802,-0.19081,-6.5991,5.5621,0
4.3094,-5.1646,-0.22556,-5.4613,5.332,0
1.3652,-4.6003,-0.26288,6.5994,4.958,0
-0.059385,-3.4974,-0.31565,2.2757,3.3758,0
1.2702,-1.7019,-0.3414,-8.192,3.5484,0
3.0747,-0.11166,-0.32852,-1.5928,2.0382,0
3.6446,0.52957,-0.27575,7.282,2.0382,0
3.6446,1.4786,-0.23328,-1.3652,1.3621,0
1.9351,4.3,-0.22684,-8.192,0.55667,0
0.13056,7.5575,-0.25001,2.9584,0.85873,0
-1.484,10.302,-0.31437,6.5994,-0.29195,0
-3.0036,11.738,-0.38129,-3.8684,0.45599,0
-2.6237,11.405,-0.41347,-7.0542,-0.11935,0
-0.43928,10.789,-0.43921,4.5513,0.52791,0
-1.294,11.225,-0.44565,4.7789,1.319,0
-3.7634,10.045,-0.34912,-7.5093,1.2615,0
-3.0985,6.7367,-0.15605,-3.8684,2.5991,0
-2.3388,3.9666,0.066612,7.282,1.7793,0
-0.91415,3.2227,0.21591,1.8206,2.369,0
1.6501,3.4536,0.25195,-7.0542,1.6786,0
0.60543,3.8896,0.19918,0.00013542,0.81558,0
-0.34431,3.9409,0.11166,8.1923,0.85873,0
-0.53425,2.9406,0.088493,-1.1377,-0.40701,0
0.41548,1.4786,0.13097,-6.5991,0.024489,0
2.4099,0.68346,0.12968,4.5513,-1.2844,0
2.8848,1.5555,0.029286,5.9167,-1.4282,0
2.4099,3.2997,-0.11101,-5.2337,-1.7159,0
2.125,4.4283,-0.1818,-5.2337,-2.2912,0
2.22,4.3257,-0.13804,6.8269,-1.3132,0
1.3652,2.9406,-0.078829,2.9584,-2.1043,0
-0.059385,1.0426,-0.06081,-7.7369,-0.99673,0
-1.484,-0.18861,-0.062097,-1.5928,-1.3563,0
-1.9589,-0.4964,-0.065958,8.4198,-0.92482,0
-1.1041,-0.62465,-0.08269,-0.45498,0.082022,0
0.035589,-1.548,-0.081403,-8.8747,0.19709,0
0.7004,-2.4714,-0.080116,1.3655,2.0669,0
-0.15436,-2.5483,-0.10457,7.0545,2.0669,0
-1.1991,-1.4454,-0.13289,-3.6408,3.2608,0
-0.91415,-0.599,-0.15348,-7.7369,3.3471,0
0.035589,-0.52205,-0.18952,4.7789,2.9443,0
1.1753,-0.599,-0.24744,5.0064,3.3327,0
2.5049,-0.62465,-0.28219,-7.5093,2.2252,0
1.5552,-0.4964,-0.26031,-5.4613,2.6854,0
-1.0091,-0.18861,-0.18952,6.3718,1.808,0
-1.579,-0.034715,-0.090413,1.8206,1.9231,0
-0.62923,-0.034715,-0.013187,-8.192,2.1388,0
-2.4337,0.52957,0.022851,-2.0479,1.621,0
-4.2382,1.6581,0.033148,7.282,2.4697,0
-3.0985,2.1455,0.042157,-0.45498,1.4628,0
-1.389,1.6838,0.094928,-8.192,2.0382,0
-0.7242,0.17048,0.16572,2.2757,1.4628,0
-0.7242,-1.1633,0.17344,6.8269,1.506,0
-0.53425,-1.8045,0.12453,-3.1857,2.2971,0
-0.34431,-2.3431,0.055028,-7.5093,1.9231,0
2.03,-2.7792,-0.0041778,5.234,3.2464,0
3.3597,-2.6253,-0.010613,4.7789,2.6279,0
2.6949,-2.5227,0.064038,-6.8267,3.232,0
2.315,-3.01,0.17087,-5.2337,3.1313,0
0.41548,-3.2409,0.24037,6.3718,2.9012,0
0.7004,-2.8818,0.25453,3.6411,3.6347,0
1.5552,-2.2662,0.26482,-7.0542,2.6279,0
0.41548,-1.8045,0.24809,-0.9101,3.2751,0
-2.2438,-1.4711,0.26096,7.7372,2.1532,0
-2.6237,-1.7532,0.31888,-0.45498,1.995,0
-2.9086,-2.5483,0.3768,-8.192,1.8368,0
-0.7242,-2.8561,0.4463,1.8206,0.78681,0
2.03,-3.0613,0.47205,7.282,1.1608,0
0.7004,-3.6513,0.4167,-2.503,-0.17688,0
-2.0538,-3.8821,0.31245,-6.8267,0.15394,0
-3.1935,-3.5487,0.20562,5.0064,-0.46455,0
-1.8639,-3.1126,0.065325,5.9167,-1.0255,0
-1.6739,-3.4461,-0.083977,-5.9164,-0.75222,0
-2.2438,-3.4717,-0.18051,-5.0062,-1.9892,0
-1.9589,-2.2406,-0.17793,7.5096,-1.5721,0
-0.81917,-0.3938,-0.081403,2.9584,-2.6652,0
1.8401,0.83736,-0.00031657,-7.5093,-2.4926,0
2.315,1.4786,-0.015762,-2.2755,-2.4207,0
1.6501,1.889,-0.076255,6.8269,-2.8666,0
1.6501,2.2994,-0.13804,0.45525,-2.1043,0
2.125,2.2481,-0.23457,-8.192,-3.1542,0
0.60543,1.5555,-0.3015,0.2277,-2.5789,0
0.22554,0.83736,-0.28862,6.3718,-3.2262,0
-0.24933,-0.47075,-0.23457,-2.7306,-3.1974,0
-0.53425,-1.548,-0.16764,-8.6471,-2.7371,0
-0.43928,-2.0097,-0.087839,3.186,-3.4563,0
1.3652,-1.2915,-0.068532,6.1442,-2.6508,0
1.2702,0.88866,-0.12388,-5.4613,-3.6145,0
0.89035,3.4536,-0.20625,-5.4613,-3.0536,0
1.6501,5.2234,-0.25387,6.3718,-3.3412,0
0.22554,5.4542,-0.25645,2.7309,-3.672,0
-1.1991,4.377,-0.25387,-7.0542,-3.0967,0
-1.1041,3.4792,-0.24486,-2.7306,-3.9741,0
-2.0538,3.1971,-0.15992,7.282,-3.2405,0
-3.0985,2.5046,-0.062097,0.00013542,-3.9885,0
-2.6237,1.1195,-0.031207,-7.7369,-3.8159,0
-2.2438,-0.4964,-0.0119,1.1379,-3.744,0
-3.0985,-1.4967,0.05889,7.0545,-4.3049,0
-2.4337,-1.4198,0.18502,-3.6408,-3.4419,0
-0.15436,-1.2146,0.3266,-6.3715,-4.3337,0
2.22,-1.0094,0.41155,5.234,-3.4707,0
3.3597,0.067882,0.42957,5.234,-3.8159,0
1.0803,1.8377,0.39997,-7.2818,-4.0748,0
1.6501,3.7614,0.34462,-4.0959,-3.672,0
2.22,5.7877,0.27383,7.282,-4.4919,0
2.8848,7.0188,0.26225,2.5033,-3.3988,0
1.1753,7.2753,0.34848,-7.7369,-3.8159,0
-0.24933,7.2497,0.4566,-0.9101,-2.9673,0
-1.484,7.9935,0.4965,7.5096,-2.4207,0
-1.1041,8.5321,0.49264,-1.3652,-2.2481,0
0.32051,8.4808,0.43343,-7.5093,-0.70906,0
1.6501,7.4292,0.30987,3.6411,-1.0255,0
0.22554,5.326,0.12196,6.5994,0.12517,0
-1.294,2.7354,-0.073681,-5.4613,-0.26318,0
-2.0538,0.45262,-0.15348,-5.9164,-0.2488,0
-1.1991,-1.9841,-0.11487,5.9167,-0.076195,0
0.13056,-4.1386,-0.077542,4.3238,-1.2125,0
0.79538,-5.3954,-0.069819,-7.7369,-0.82413,0
1.5552,-5.9853,-0.063384,-2.7306,-2.0611,0
0.13056,-6.1905,-0.074968,7.5096,-1.8022,0
-1.1041,-5.8315,-0.1213,1.5931,-1.6584,0
-1.1041,-5.2672,-0.16249,-8.6471,-1.4714,0
-0.059385,-4.6516,-0.19081,-0.22742,-0.10496,0
-0.15436,-4.036,-0.15605,7.282,-0.3351,0
-0.62923,-3.8052,-0.072394,-2.2755,0.82996,0
0.51046,-3.7539,0.0099801,-7.9645,0.13956,0
0.60543,-4.0104,0.084631,3.186,-0.22003,0
-0.15436,-3.7282,0.13869,6.5994,-0.80975,0
0.32051,-2.8048,0.13611,-4.7786,-2.3488,0
0.7004,-1.112,0.070473,-6.3715,-2.4063,0
0.89035,1.1708,-0.0518,5.6891,-3.8878,0
0.60543,3.3766,-0.14061,4.0962,-3.6433,0
-0.15436,4.5565,-0.12259,-7.5093,-4.3193,0
-0.43928,4.1974,0.016416,-3.1857,-4.607,0
0.60543,3.3766,0.18889,7.5096,-4.0748,0
2.4099,3.1201,0.33047,1.1379,-4.6789,0
1.6501,3.1971,0.38324,-8.4196,-3.4707,0
0.13056,3.1458,0.35492,0.00013542,-3.8878,0
0.13056,2.7354,0.30601,7.9647,-2.9097,0
-0.34431,2.6072,0.2468,-1.3652,-2.3919,0
-2.4337,2.8124,0.15156,-7.7369,-2.1474,0
-2.3388,2.6328,0.083344,2.7309,-0.6803,0
0.32051,2.0942,0.07176,5.6891,-0.60838,0
0.89035,1.0426,0.10265,-4.3235,1.3046,0
-0.059385,-0.52205,0.17473,-5.9164,1.6642,0
0.60543,-1.1889,0.17988,6.3718,2.6567,0
-0.059385,-0.599,0.093641,4.5513,3.7066,0
-1.7689,0.042233,-0.044078,-7.2818,3.5484,0
-3.8583,0.29873,-0.15477,-3.4133,4.9148,0
-3.1935,0.52957,-0.19982,7.9647,4.3107,0
-1.484,0.58087,-0.1818,0.91037,4.9868,0
-0.81917,0.73476,-0.16764,-7.9645,4.9005,0
0.89035,0.68346,-0.21011,0.2277,4.4258,0
0.98533,-0.11166,-0.30664,7.9647,5.0443,0
-1.8639,-0.80419,-0.35555,-2.7306,3.9368,0
-3.1935,-1.1633,-0.33753,-7.2818,4.5984,0
-2.5287,-1.6763,-0.36199,3.6411,3.7929,0
-1.484,-1.9071,-0.47525,6.3718,3.7786,0
-1.7689,-2.1893,-0.6001,-5.9164,3.8936,0
-2.2438,-2.497,-0.59753,-5.4613,3.1025,0
-0.15436,-3.1126,-0.44694,6.3718,3.8073,0
1.4602,-3.9334,-0.3015,2.9584,2.8005,0
2.315,-4.7542,-0.20882,-7.9645,3.5484,0
0.32051,-5.2415,-0.096848,-2.2755,3.2464,0
-2.3388,-4.9337,0.0035447,7.0545,3.419,0
-2.4337,-4.2925,0.0048318,-0.9101,4.0087,0
-1.294,-3.087,-0.046652,-7.9645,3.3614,0
0.32051,-1.548,-0.092987,1.8206,4.2676,0
2.315,-0.5477,-0.087839,7.0545,3.3327,0
1.6501,-0.57335,-0.027345,-4.0959,3.7786,0
0.22554,-0.23991,0.033148,-7.2818,3.5197,0
2.315,0.81171,0.047306,4.5513,3.0738,0
3.2647,2.3507,0.029286,4.5513,3.5772,0
1.8401,3.9922,0.0061189,-6.3715,2.5416,0
0.98533,4.6335,-0.049226,-3.8684,3.1745,0
1.6501,3.1971,-0.085264,6.8269,2.2252,0
2.125,1.2477,-0.050513,2.2757,2.4409,0
1.3652,-0.34251,0.037009,-7.9645,2.2827,0
0.035589,-1.548,0.15156,-0.22742,1.7217,0
-1.484,-2.3688,0.25839,7.9647,2.2683,0
-1.1991,-2.8818,0.36264,-1.3652,1.2758,0
-2.5287,-2.9587,0.41799,-7.5093,1.9231,0
-1.294,-2.7535,0.36908,2.0482,1.1464,0
0.13056,-2.6509,0.24938,6.3718,1.3765,0
1.6501,-2.9844,0.12839,-4.0959,1.8224,0
1.9351,-3.6256,0.04988,-6.5991,1.4341,0
0.51046,-3.6513,0.0061189,4.5513,2.4553,0
0.7004,-3.3691,-0.045365,4.7789,1.5204,0
1.4602,-3.1383,-0.094274,-6.3715,2.1101,0
-0.7242,-2.574,-0.13289,-3.6408,1.6067,0
-2.5287,-0.98374,-0.19338,7.0545,1.132,0
0.035589,1.1965,-0.25902,1.1379,1.4197,0
0.79538,3.5305,-0.32724,-8.4196,0.44161,0
-1.1041,5.4286,-0.40318,-0.45498,1.2902,0
-2.8136,6.6341,-0.48684,7.5096,0.62859,0
-2.5287,6.788,-0.51258,-1.5928,1.3046,0
-1.1991,6.2494,-0.44951,-7.5093,1.5779,0
2.125,6.1468,-0.41862,2.9584,1.3909,0
4.2144,6.2494,-0.49713,6.3718,2.2395,0
6.0189,5.6851,-0.56792,-5.2337,1.4772,0
3.7396,5.0438,-0.48941,-6.3715,2.3115,0
0.89035,5.1464,-0.26803,6.5994,1.7361,0
0.51046,4.8899,-0.076255,3.4135,2.1532,0
-0.24933,3.2227,0.05889,-7.9645,2.6279,0
-0.62923,-0.34251,0.20819,-3.4133,2.2827,0
0.51046,-3.3691,0.34977,6.8269,3.3039,0
1.6501,-4.036,0.39739,0.45525,2.4409,0
2.22,-3.3178,0.34591,-8.4196,3.1888,0
2.03,-2.4201,0.29443,0.2277,2.9012,0
1.2702,-1.7276,0.33947,7.7372,2.556,0
-0.91415,-1.0094,0.39482,-2.7306,3.2032,0
-1.7689,-0.7016,0.36779,-7.9645,2.2971,0
-2.2438,-0.21426,0.31502,3.6411,3.0882,0
-1.294,0.91431,0.29443,6.3718,2.4121,0
-1.484,1.6325,0.31245,-5.4613,2.556,0
-1.1991,1.7607,0.3665,-6.3715,2.6423,0
0.13056,1.9403,0.37551,7.0545,1.9519,0
0.7004,2.9406,0.23651,4.0962,2.743,0
1.5552,4.1974,0.025425,-7.2818,1.9231,0
0.32051,5.7107,-0.11101,-2.7306,2.3834,0
-1.294,6.788,-0.16764,8.1923,1.5347,0
-1.0091,5.8646,-0.17922,1.3655,0.42722,0
0.035589,3.1201,-0.13932,-7.0542,0.48476,0
-0.24933,0.73476,-0.090413,0.00013542,-0.076195,0
0.41548,0.11918,-0.086552,7.282,1.7073,0
2.5049,0.067882,-0.102,-1.8203,2.0525,0
1.6501,-0.85549,-0.10328,-6.8267,3.2464,0
0.13056,-2.3431,-0.056948,4.0962,3.7642,0
-0.15436,-3.6256,-0.044078,6.5994,3.4046,0
0.41548,-4.2925,-0.10457,-4.7786,4.3395,0
0.41548,-4.9594,-0.095561,-5.6889,3.4046,0
-0.24933,-6.0366,0.051167,6.3718,4.0231,0
-0.53425,-7.6013,0.19403,2.7309,3.3758,0
-0.7242,-9.2685,0.25067,-7.5093,2.7573,0
-0.62923,-9.1659,0.22364,-3.6408,2.6854,0
1.2702,-6.8061,0.15027,7.5096,1.3765,0
3.0747,-3.523,0.069186,0.91037,1.8368,0
2.8848,-0.82984,0.030574,-8.192,0.62859,0
0.41548,0.63217,0.022851,0.2277,0.91626,0
-0.24933,0.50392,0.01899,7.0545,0.80119,0
-0.62923,-0.93244,0.056315,-2.503,0.28339,0
-0.62923,-1.625,0.158,-6.8267,0.88749,0
0.41548,-1.1376,0.30215,2.7309,-0.11935,0
0.035589,-1.0094,0.47719,5.4616,0.59983,0
-0.62923,-1.112,0.63422,-6.3715,-0.39263,0
-0.43928,-0.88114,0.65739,-6.144,-0.594,0
-0.81917,-0.23991,0.47462,5.9167,-0.66591,0
-1.484,0.19613,0.1876,2.5033,-1.6728,0
-0.91415,0.52957,0.0086931,-8.4196,-0.96797,0
-0.7242,0.76041,-0.018336,-1.8203,-2.0899,0
-0.53425,1.0682,-0.015762,7.5096,-1.644,0
-0.34431,1.5042,-0.086552,0.00013542,-1.9748,0
0.32051,1.7864,-0.13031,-8.192,-2.3632,0
0.51046,1.6068,-0.069819,1.8206,-1.7159,0
0.89035,0.96561,-0.037642,6.8269,-2.5933,0
2.03,-0.086014,-0.083977,-3.6408,-1.6296,0
0.32051,-1.3685,-0.12774,-6.5991,-2.1762,0
-1.1991,-2.0354,-0.1818,5.9167,-1.5433,0
-1.294,-2.1123,-0.28862,5.0064,-1.1837,0
-1.579,-1.5993,-0.39288,-6.5991,-1.6584,0
0.035589,-0.82984,-0.40961,-4.0959,-0.91043,0
0.7004,-0.41945,-0.36971,7.282,-1.8597,0
0.79538,0.22178,-0.33367,2.9584,-1.2556,0
-0.15436,0.63217,-0.28991,-7.5093,-1.6871,0
-0.7242,0.016583,-0.18566,-1.5928,-1.8885,0
-1.579,-1.0607,-0.046652,8.1923,-1.5433,0
-1.9589,-1.6506,0.11938,0.00013542,-2.4495,0
-2.1488,-0.72725,0.24423,-7.5093,-1.8885,0
-2.0538,1.0426,0.20948,1.8206,-2.9673,0
-0.34431,2.915,0.037009,6.8269,-2.7515,0
0.60543,4.6591,-0.1213,-4.5511,-2.809,0
-1.0091,5.5825,-0.20496,-6.3715,-3.3412,0
0.7004,5.6338,-0.31565,5.9167,-2.5789,0
0.98533,5.4029,-0.44565,4.3238,-3.4419,0
0.7004,4.4539,-0.43664,-7.2818,-2.6364,0
0.22554,2.7867,-0.24486,-4.5511,-3.1974,0
2.03,0.81171,-0.053087,7.7372,-3.2262,0
2.315,-0.4451,0.0048318,1.3655,-2.9673,0
1.4602,-0.67595,-0.02091,-8.6471,-3.7296,0
0.79538,-0.086014,-0.064671,0.2277,-2.7227,0
1.0803,0.60652,-0.14061,8.1923,-3.4707,0
-0.059385,0.32437,-0.21783,-2.0479,-2.7084,0
0.51046,-0.7016,-0.23199,-8.192,-2.5789,0
1.5552,-1.6506,-0.17021,2.7309,-2.6652,0
1.2702,-1.9328,-0.080116,6.3718,-1.7015,0
-0.15436,-1.8815,-0.046652,-5.6889,-2.3344,0
-0.34431,-2.3431,-0.065958,-6.5991,-1.1837,0
-0.62923,-1.9841,-0.12645,6.5994,-1.7159,0
-1.579,-0.85549,-0.15605,2.9584,-1.3563,0
-0.81917,0.47827,-0.044078,-7.2818,-1.0974,0
1.6501,1.3247,0.19146,-1.8203,-1.6008,0
0.51046,1.6838,0.43601,7.7372,-0.62276,0
-3.1935,1.5555,0.57759,0.45525,-1.4426,0
-3.7634,2.3507,0.59947,-8.4196,-0.57961,0
-2.6237,4.8643,0.53125,2.2757,-0.78098,0
-0.43928,7.0188,0.41413,7.0545,-0.88167,0
-0.34431,7.4549,0.19017,-3.6408,-0.13373,0
-1.484,6.9675,-0.11873,-7.2818,-0.92482,0
-2.6237,5.2747,-0.36328,5.234,0.010105,0
-0.7242,2.6072,-0.46882,5.4616,-0.8529,0
2.03,0.68346,-0.45852,-6.144,-0.47893,0
1.6501,-0.7016,-0.34654,-5.2337,-0.46455,0
-0.7242,-2.061,-0.1818,8.1923,-0.91043,0
-1.8639,-3.3948,-0.022197,2.5033,-0.14811,0
-1.294,-4.1386,0.16443,-7.0542,-1.1262,0
-0.62923,-4.5746,0.30472,-0.9101,-0.46455,0
-0.53425,-5.1902,0.26096,7.9647,-1.083,0
-0.53425,-5.9084,0.1773,-1.3652,-1.1981,0
-0.34431,-6.2418,0.23393,-7.2818,-0.8529,0
0.13056,-6.3444,0.35749,3.6411,-1.831,0
-0.059385,-5.9084,0.41026,6.8269,-1.3851,0
0.41548,-4.4977,0.34462,-5.4613,-2.7947,0
0.60543,-3.3948,0.26354,-6.8267,-2.5933,0
0.89035,-2.574,0.24037,5.4616,-2.7227,0
-0.059385,-2.5483,0.21463,4.3238,-2.5645,0
-0.43928,-3.4461,0.17988,-7.7369,-1.0974,0
1.0803,-4.5746,0.20562,-3.4133,-1.8166,0
1.9351,-4.2925,0.28156,7.5096,-1.4426,0
0.32051,-3.4717,0.3073,0.91037,-3.3412,0
0.51046,-2.8818,0.30472,-7.9645,-4.2905,0
0.7004,-2.3688,0.34076,0.2277,-4.3768,0
0.79538,-1.8558,0.34205,8.1923,-4.5638,0
-1.1991,-0.4451,0.24037,-1.8203,-2.5501,0
-2.9086,1.8633,0.07176,-8.192,-2.2769,0
-2.4337,4.6335,-0.058236,2.9584,-0.99673,0
-1.389,6.8136,-0.19595,6.3718,-1.1837,0
-1.579,8.3269,-0.38129,-5.0062,-1.7303,0
-2.0538,8.9682,-0.52287,-6.5991,-1.3276,0
-0.15436,8.1987,-0.49713,5.9167,-1.8885,0
2.315,6.7367,-0.41862,3.8687,-0.23441,0
1.7451,6.0185,-0.4109,-7.0542,0.010105,0
0.13056,6.4546,-0.45852,-3.8684,0.98818,0
0.51046,7.0188,-0.45852,8.6474,1.2183,0
1.4602,6.6597,-0.36971,1.5931,0.29777,0
1.2702,5.5055,-0.27704,-7.2818,0.55667,0
1.1753,4.7361,-0.21397,0.00013542,-0.69468,0
0.89035,3.8896,-0.083977,6.5994,0.16832,0
-0.24933,2.8893,0.070473,-1.8203,-0.14811,0
-0.53425,1.9659,0.158,-7.2818,-0.033045,0
-0.7242,0.93996,0.18502,2.9584,0.16832,0
-2.4337,-0.16296,0.17859,6.5994,-0.95358,0
-2.4337,-1.035,0.10909,-4.7786,-0.39263,0
1.4602,-1.9584,0.044732,-6.3715,-1.3132,0
1.3652,-2.8048,0.022851,5.9167,-0.55085,0
0.41548,-3.2409,-0.019623,4.7789,-0.37825,0
-0.62923,-3.8821,-0.12388,-7.9645,-0.75222,0
-1.7689,-4.3438,-0.23071,-3.8684,-0.43578,0
-1.8639,-4.6772,-0.27575,7.7372,-1.9029,0
-1.0091,-4.7029,-0.26932,1.5931,-1.644,0
1.2702,-4.8824,-0.26546,-7.0542,-2.4495,0
1.8401,-4.9594,-0.28348,0.00013542,-1.9892,0
-0.62923,-4.9594,-0.20754,7.7372,-1.3132,0
-1.8639,-4.985,-0.006752,-1.8203,-1.6296,0
-2.1488,-4.2668,0.17087,-7.9645,-0.65153,0
-1.389,-2.5483,0.21205,2.7309,-1.3563,0
-0.81917,0.016583,0.18502,6.1442,-0.70906,0
0.51046,3.3253,0.1876,-5.0062,-0.92482,0
1.5552,5.4542,0.25067,-5.4613,-1.2269,0
-0.53425,6.275,0.32918,5.9167,-0.91043,0
-2.6237,7.0188,0.38838,3.8687,-2.3344,0
-2.5287,7.0445,0.39739,-7.0542,-2.3344,0
0.51046,5.9416,0.3871,-3.1857,-3.8734,0
1.8401,2.9406,0.41413,7.282,-3.7152,0
1.2702,-0.5477,0.43858,0.45525,-3.3125,0
0.89035,-3.6256,0.41413,-8.4196,-2.881,0
0.7004,-4.985,0.36779,0.00013542,-1.5002,0
-0.15436,-5.1902,0.297,7.282,-2.4063,0
-0.62923,-4.8055,0.20948,-2.2755,-2.0036,0
-0.62923,-4.3951,0.12711,-7.9645,-3.4994,0
0.60543,-3.9078,0.05889,3.4135,-4.0029,0
1.4602,-3.7795,-0.038929,6.3718,-3.9453,0
0.035589,-4.3951,-0.14447,-6.8267,-4.1611,0
-1.1041,-4.7798,-0.19853,-5.9164,-2.5789,0
-1.8639,-4.8055,-0.17536,6.3718,-2.9385,0
-0.15436,-5.6776,-0.13804,2.7309,-1.8741,0
2.22,-6.524,-0.086552,-7.0542,-2.0755,0
2.4099,-6.447,-0.036355,-2.7306,-2.2769,0
1.5552,-5.3441,-0.035068,8.1923,-1.7015,0
-0.7242,-4.036,-0.13804,-0.9101,-2.4926,0
-2.7186,-2.9844,-0.27447,-8.192,-1.3563,0
-2.6237,-2.3431,-0.33239,2.2757,-1.9029,0
-2.8136,-1.5993,-0.30407,6.8269,-1.155,0
-2.3388,-0.4964,-0.27189,-3.8684,-0.8529,0
0.32051,0.91431,-0.2217,-6.3715,-1.1406,0
-0.81917,2.6328,-0.12903,5.9167,-0.57961,0
-0.7242,4.1974,-0.10071,5.234,-1.8166,0
0.98533,4.7873,-0.20239,-6.5991,-1.4714,0
0.98533,4.0179,-0.36714,-3.4133,-2.2193,0
-1.7689,3.5305,-0.41347,7.282,-2.0467,0
-3.0985,4.4796,-0.36714,2.0482,-1.5433,0
-0.7242,5.5312,-0.39288,-8.192,-2.1186,0
0.51046,5.9159,-0.43407,0.2277,-1.4714,0
0.98533,5.9159,-0.36585,8.4198,-2.6221,0
2.4099,5.1721,-0.2513,-1.5928,-2.5358,0
4.4044,4.0179,-0.13675,-8.192,-2.9097,0
5.0692,3.3253,0.020277,2.9584,-3.3412,0
4.5943,2.8637,0.11166,6.8269,-2.7803,0
4.0245,2.4276,0.10522,-5.0062,-3.8015,0
2.8848,2.1455,0.14641,-6.3715,-3.1111,0
0.41548,1.889,0.24423,4.5513,-4.1755,0
-1.0091,1.6068,0.24552,4.5513,-4.0604,0
-1.294,0.86301,0.158,-7.2818,-4.1179,0
-0.81917,-0.80419,0.13869,-3.8684,-4.5926,0
-0.62923,-4.1386,0.20433,7.9647,-3.6145,0
-1.484,-7.9603,0.27898,1.8206,-4.2761,0
-1.0091,-9.8327,0.31888,-7.9645,-3.37,0
0.035589,-9.5249,0.37165,0.2277,-3.8015,0
-0.43928,-8.3194,0.42314,7.5096,-3.9885,0
-0.62923,-6.4727,0.37423,-3.1857,-3.8878,0
-1.484,-4.5746,0.18116,-7.7369,-4.8803,0
-0.81917,-3.6769,-0.046652,3.8687,-3.9453,0
0.89035,-3.2152,-0.23714,5.234,-4.6501,0
1.2702,-2.3688,-0.35427,-6.8267,-3.5426,0
1.7451,-1.2915,-0.38258,-4.5511,-3.2262,0
0.41548,-0.4964,-0.28734,7.5096,-3.2981,0
-0.15436,-0.3938,-0.092987,3.6411,-2.4495,0
-0.43928,-1.1633,0.11166,-7.9645,-3.3268,0
0.41548,-1.2915,0.25839,-1.8203,-2.3919,0
1.5552,-0.3938,0.34591,7.282,-3.0823,0
2.03,0.40132,0.36136,-0.22742,-2.5214,0
0.7004,1.8377,0.34848,-8.192,-2.0467,0
0.41548,3.8383,0.33819,2.0482,-2.2337,0
0.79538,5.4542,0.2867,7.282,-1.083,0
0.13056,6.4546,0.20433,-2.9581,-1.7734,0
-0.53425,7.3523,0.14384,-6.8267,-1.0255,0
0.32051,7.9166,0.084631,4.7789,-1.2556,0
0.60543,7.0188,0.025425,7.0545,-1.2269,0
-1.0091,4.9925,0.0048318,-5.0062,-0.37825,0
-1.8639,3.7614,0.012554,-5.4613,-0.89605,0
-1.9589,2.4533,0.0086931,7.9647,0.34092,0
-1.1991,0.45262,-0.0080391,3.4135,-0.13373,0
0.41548,-1.4967,0.04988,-8.4196,0.47037,0
1.6501,-2.2919,0.12968,-1.5928,0.44161,0
1.2702,-2.138,0.1374,7.282,0.038872,0
-0.15436,-1.5224,0.12968,0.45525,0.81558,0
-1.389,-0.62465,0.15413,-7.5093,-0.033045,0
-1.8639,0.40132,0.15027,2.5033,0.95941,0
-2.1488,1.0426,0.15413,6.5994,0.47037,0
-2.1488,1.1195,0.18889,-4.5511,0.71489,0
-1.8639,0.093531,0.24552,-6.5991,0.98818,0
-2.1488,-2.1123,0.36136,5.234,0.39846,0
-2.1488,-4.0104,0.47462,4.5513,1.2039,0
-1.1041,-3.9847,0.4566,-6.8267,0.31216,0
0.89035,-3.5743,0.3472,-4.5511,0.88749,0
-0.7242,-3.6769,0.23136,6.5994,0.64298,0
-1.9589,-3.3948,0.15928,2.9584,0.35531,0
-3.0036,-2.7792,0.1181,-7.9645,1.0026,0
-2.7186,-2.4714,0.065325,-1.8203,0.18271,0
-0.24933,-1.548,0.04988,6.8269,1.0601,0
3.3597,-0.060364,0.035722,-1.5928,0.36969,0
4.7843,1.299,-0.037642,-8.4196,0.65736,0
3.2647,1.6325,-0.099422,2.2757,0.78681,0
-0.059385,0.50392,-0.11358,6.3718,0.19709,0
-0.91415,-1.112,-0.090413,-4.7786,1.0026,0
1.3652,-2.1636,-0.038929,-6.5991,0.067639,0
3.7396,-2.1893,-0.0041778,6.3718,0.84434,0
2.8848,-1.8815,0.022851,5.0064,0.38407,0
-1.1041,-1.7532,0.082057,-7.2818,0.35531,0
-2.0538,-1.9071,0.15928,-4.0959,0.77243,0
0.51046,-2.4201,0.13869,7.282,-0.047428,0
0.98533,-2.7535,0.035722,1.5931,0.85873,0
0.7004,-2.4714,-0.067245,-7.7369,-0.033045,0
0.60543,-1.8302,-0.16249,0.00013542,0.48476,0
-1.1991,-0.88114,-0.25259,8.4198,0.38407,0
-2.7186,0.29873,-0.38644,-1.3652,-0.061812,0
-0.53425,1.2734,-0.53188,-8.4196,0.57106,0
1.4602,1.7864,-0.62584,2.9584,-0.34948,0
1.3652,2.0429,-0.66188,6.3718,0.42722,0
-0.24933,2.402,-0.62713,-4.0959,-0.32071,0
-1.294,2.7098,-0.56406,-5.4613,-0.1625,0
-0.24933,3.6844,-0.50228,6.3718,0.038872,0
0.60543,4.4539,-0.48426,4.5513,-0.72345,0
-1.294,4.3513,-0.47525,-7.2818,0.096406,0
-1.7689,3.2997,-0.45337,-2.9581,-0.8529,0
-0.059385,2.0942,-0.40961,8.1923,-0.17688,0
1.4602,1.3247,-0.38902,0.91037,-0.46455,0
1.2702,0.60652,-0.37357,-8.192,-0.65153,0
0.035589,-0.13731,-0.32595,0.68281,-0.10496,0
-0.62923,-0.29121,-0.26674,7.282,-0.70906,0
0.13056,-0.18861,-0.26932,-3.1857,0.35531,0
-1.1041,-0.67595,-0.30922,-7.9645,-0.11935,0
0.035589,-1.4967,-0.37229,4.3238,0.38407,0
1.3652,-2.497,-0.43921,5.9167,0.49914,0
1.4602,-3.0613,-0.44308,-6.144,0.096406,0
-0.059385,-3.2665,-0.34397,-6.5991,1.0313,0
0.32051,-3.1383,-0.13804,6.1442,0.16832,0
0.79538,-3.3691,0.057602,3.186,0.94503,0
0.79538,-3.4974,0.18502,-7.5093,0.41284,0
1.7451,-3.087,0.25581,-3.1857,0.41284,0
1.3652,-2.6509,0.23522,7.282,0.71489,0
1.0803,-1.9071,0.16958,0.91037,-0.061812,0
2.5999,-0.67595,0.13097,-8.4196,0.68613,0
2.6949,0.40132,0.033148,-0.22742,-0.2488,0
1.5552,2.325,-0.14447,6.8269,0.29777,0
0.79538,4.6078,-0.31437,-3.4133,0.12517,0
0.7004,6.3263,-0.42892,-7.5093,-0.090578,0
-0.059385,7.5062,-0.52674,4.5513,0.75804,0
0.32051,8.25,-0.64644,5.4616,0.13956,0
0.60543,9.3786,-0.72109,-5.4613,1.132,0
-0.059385,10.071,-0.71465,-4.5511,0.58544,0
-1.7689,10.071,-0.65287,7.282,0.94503,0
-2.6237,9.712,-0.57565,1.8206,1.0889,0
-0.91415,8.9682,-0.52674,-7.7369,0.38407,0
-0.53425,7.4036,-0.49198,0.2277,1.1032,0
-0.81917,5.1208,-0.4302,7.5096,0.12517,0
-0.7242,2.0429,-0.3311,-1.8203,0.75804,0
-1.484,-0.36816,-0.22942,-7.7369,0.59983,0
-1.8639,-1.4198,-0.20496,4.0962,0.44161,0
-1.484,-1.8558,-0.24615,5.9167,1.0745,0
-1.8639,-1.9071,-0.30922,-6.144,0.29777,0
-2.8136,-1.5993,-0.36199,-5.2337,1.2327,0
-1.6739,-1.0863,-0.42506,5.9167,0.51352,0
0.13056,-0.11166,-0.48555,3.6411,0.95941,0
2.6949,0.32437,-0.53703,-7.2818,1.1608,0
5.3541,-1.1633,-0.54089,-2.0479,0.80119,0
3.5496,-3.9078,-0.4804,8.1923,1.6498,0
0.7004,-5.7545,-0.42377,1.1379,0.70051,0
0.51046,-5.9853,-0.38902,-7.9645,1.3909,0
0.7004,-6.1905,-0.35169,0.68281,0.85873,0
1.7451,-6.3701,-0.25387,7.0545,0.78681,0
0.51046,-5.9084,-0.16893,-2.503,1.1752,0
0.60543,-5.2415,-0.12259,-7.9645,0.39846,0
0.51046,-4.549,-0.054374,4.0962,1.2615,0
0.035589,-3.6513,0.04087,5.234,0.31216,0
0.41548,-2.9331,0.10394,-6.8267,0.80119,0
0.035589,-2.2919,0.16057,-5.0062,0.38407,0
1.3652,-2.1123,0.31759,7.9647,-0.090578,0
1.8401,-2.061,0.54026,2.9584,0.34092,0
0.60543,-0.62465,0.68699,-8.6471,-0.6803,0
-1.1991,1.5555,0.73461,-2.2755,-0.004278,0
-0.059385,3.9153,0.69342,7.9647,-0.96797,0
1.3652,5.7364,0.54155,0.00013542,-0.96797,0
2.125,6.711,0.33561,-7.7369,-0.98235,0
1.4602,7.5831,0.14512,0.68281,-1.8022,0
2.03,8.6091,0.0035447,6.5994,-1.1406,0
0.22554,8.9682,-0.0518,-3.6408,-2.1618,0
-0.7242,8.5065,-0.019623,-7.5093,-1.5865,0
-1.6739,7.8909,0.022851,3.8687,-1.8454,0
-2.0538,7.0445,0.037009,5.4616,-1.9748,0
-1.1041,5.1721,0.065325,-5.2337,-1.2988,0
0.13056,2.8124,0.1374,-5.0062,-2.0467,0
1.7451,1.5299,0.2674,6.3718,-1.0111,0
2.8848,1.2221,0.39739,2.7309,-1.5145,0
1.8401,1.7607,0.51452,-7.7369,-0.88167,0
0.32051,2.8637,0.61749,-2.7306,-0.62276,0
-0.34431,3.0175,0.64966,7.282,-0.89605,0
1.2702,2.7098,0.61362,1.5931,0.18271,0
1.7451,2.6841,0.58917,-7.2818,-0.40701,0
0.51046,1.9659,0.59303,1.3655,0.57106,0
-0.24933,0.99126,0.62778,6.8269,0.35531,0
0.13056,0.96561,0.68313,-3.6408,0.65736,0
0.79538,1.5042,0.69857,-6.5991,1.4628,0
0.79538,1.0169,0.6458,4.7789,1.0889,0
0.60543,-0.18861,0.59174,5.9167,2.369,0
-0.15436,-1.5993,0.59689,-6.5991,1.9231,0
-1.389,-2.8561,0.63164,-5.4613,2.5991,0
-2.1488,-3.3948,0.62778,7.282,2.8868,0
-1.1991,-3.4974,0.56214,2.5033,2.6423,0
-0.53425,-3.4461,0.4669,-7.7369,3.6491,0
0.51046,-3.2152,0.39353,-1.3652,2.9875,0
0.51046,-2.574,0.35235,7.9647,3.9943,0
-0.059385,-1.6506,0.32789,-0.45498,3.5772,0
0.32051,-0.72725,0.26225,-8.6471,3.7354,0
0.79538,-0.41945,0.1477,1.8206,4.0806,0
2.6949,-0.599,0.025425,7.0545,3.4477,0
3.5496,-1.0094,-0.02992,-5.4613,4.3395,0
1.5552,-1.4711,0.0022576,-6.8267,3.419,0
-0.059385,-2.0867,0.085918,5.9167,4.0231,0
-1.389,-2.6509,0.20176,4.0962,3.7354,0
-1.8639,-2.2919,0.30086,-7.7369,3.3327,0
0.51046,-2.0354,0.34462,-3.1857,3.7498,0
1.9351,-1.8558,0.33175,7.7372,2.7142,0
1.4602,-0.90679,0.34205,1.8206,3.419,0
0.13056,0.14483,0.38838,-7.9645,2.4409,0
-0.43928,0.83736,0.39353,-1.1377,2.6423,0
-0.81917,0.93996,0.31502,7.282,2.5128,0
-0.53425,0.37567,0.25453,-2.0479,1.8656,0
1.0803,-0.52205,0.2674,-7.5093,2.5847,0
2.03,-1.112,0.34462,3.4135,1.5923,0
2.315,-1.4198,0.46175,6.1442,2.1676,0
2.315,-1.7789,0.59947,-4.5511,1.621,0
1.5552,-1.1376,0.67412,-5.6889,1.4341,0
1.5552,-0.26556,0.63164,6.1442,1.7505,0
0.22554,-0.060364,0.55442,4.3238,0.85873,0
-0.43928,-0.23991,0.52996,-6.5991,1.6498,0
-1.7689,-1.1633,0.54541,-4.3235,0.78681,0
-2.2438,-1.7276,0.54026,7.9647,1.1176,0
-2.1488,-1.112,0.46304,2.7309,0.87311,0
-1.484,-0.060364,0.38838,-7.5093,0.19709,0
-1.6739,0.11918,0.43601,0.00013542,0.84434,0
-1.0091,-0.77854,0.5763,8.1923,-0.23441,0
0.98533,-2.0097,0.7153,0.45525,0.51352,0
1.3652,-2.6253,0.78996,-7.7369,-0.061812,0
2.5049,-2.8818,0.70372,1.1379,-0.047428,0
1.7451,-2.2919,0.48878,7.7372,0.32654,0
0.98533,-1.035,0.24166,-2.503,-0.40701,0
0.89035,0.35002,0.042157,-7.0542,0.49914,0
0.7004,1.7607,-0.077542,4.3238,-0.47893,0
0.60543,2.4533,-0.096848,5.9167,0.010105,0
-0.24933,2.5302,-0.036355,-5.9164,-0.076195,0
-1.389,1.812,0.0048318,-5.6889,-0.3351,0
-0.62923,0.19613,0.025425,5.6891,0.35531,0
-1.389,-1.0607,0.026712,2.9584,-0.55085,0
-2.8136,-1.1889,0.024138,-8.192,0.21147,0
-1.484,-0.75289,-0.013187,-2.2755,-0.57961,0
0.98533,-0.7016,-0.12259,7.0545,-0.40701,0
2.7898,-0.599,-0.26932,-0.22742,-0.2488,0
0.79538,-0.086014,-0.32338,-8.6471,-0.8529,0
-1.294,-0.36816,-0.26674,0.91037,-0.004278,0
-1.1991,-0.93244,-0.22556,7.0545,-0.92482,0
0.13056,-1.6506,-0.27704,-3.4133,-0.1625,0
0.51046,-2.3944,-0.39674,-7.9645,-0.60838,0
-1.1041,-2.5996,-0.49842,4.0962,-0.63715,0
-0.91415,-2.7022,-0.53188,5.234,0.024489,0
-0.7242,-3.2152,-0.48684,-6.3715,-0.46455,0
-0.53425,-3.2922,-0.37357,-4.5511,0.80119,0
0.41548,-2.7022,-0.27833,7.282,0.34092,0
-1.0091,-2.3688,-0.24486,2.7309,0.98818,0
-1.8639,-2.2662,-0.28862,-7.5093,1.0169,0
-1.8639,-2.1123,-0.40832,-1.1377,0.64298,0
-0.43928,-2.0354,-0.52545,7.0545,1.3478,0
0.7004,-2.0867,-0.54347,-0.68254,0.48476,0
1.6501,-2.2406,-0.42634,-7.2818,1.2615,0
2.22,-2.2919,-0.3105,2.5033,0.72928,0
3.2647,-2.0867,-0.34654,7.282,0.74366,0
4.6893,-1.3685,-0.46496,-4.7786,0.97379,0
3.2647,-0.26556,-0.5203,-7.0542,0.16832,0
0.79538,0.52957,-0.49327,5.9167,0.85873,0
-1.0091,1.1195,-0.45337,4.3238,-0.3351,0
0.79538,2.1455,-0.41862,-6.3715,0.067639,0
2.5049,3.5305,-0.48555,-3.6408,-0.40701,0
1.7451,4.4539,-0.60396,7.7372,-0.78098,0
0.89035,4.5309,-0.65544,2.5033,-0.37825,0
0.7004,3.9153,-0.6503,-7.0542,-1.4858,0
-0.15436,3.4792,-0.67733,-1.1377,-0.89605,0
-0.34431,2.838,-0.69663,7.0545,-1.7303,0
0.51046,1.5042,-0.67346,-0.9101,-1.6296,0
0.51046,-0.034715,-0.59881,-7.7369,-1.7591,0
0.13056,-0.77854,-0.52931,2.2757,-2.3919,0
1.3652,-1.0094,-0.46753,6.5994,-1.7159,0
1.2702,-1.2659,-0.38644,-4.5511,-2.694,0
0.98533,-1.7276,-0.30922,-6.5991,-2.133,0
0.60543,-2.574,-0.21269,5.234,-2.6796,0
-1.0091,-3.7282,-0.096848,4.7789,-2.9673,0
-1.8639,-4.0873,-0.036355,-7.0542,-2.5789,0
-0.34431,-3.8308,-0.013187,-3.8684,-3.3988,0
1.3652,-3.4461,0.067899,7.0545,-2.4782,0
-0.81917,-2.574,0.21849,1.1379,-3.2981,0
-1.7689,-1.2915,0.34977,-8.8747,-2.6364,0
-3.0985,-0.62465,0.39611,-0.45498,-2.809,0
-4.5231,0.19613,0.37294,7.0545,-2.996,0
-3.8583,1.2477,0.34848,-2.503,-2.4351,0
-1.1991,1.6581,0.39739,-6.5991,-3.2405,0
0.60543,1.6581,0.49006,3.6411,-2.3632,0
1.7451,2.3507,0.48749,6.3718,-3.2118,0
2.22,3.9153,0.39611,-6.3715,-2.9241,0
3.3597,5.0951,0.297,-5.6889,-2.8953,0
4.6893,5.0951,0.24037,6.5994,-3.2549,0
3.9295,4.1718,0.23265,3.186,-2.4063,0
1.4602,2.0942,0.25968,-7.2818,-3.2262,0
1.4602,0.22178,0.29958,-0.9101,-2.4782,0
1.3652,-0.599,0.38452,7.282,-3.0104,0
2.6949,-1.1889,0.51967,-0.68254,-3.1399,0
2.5049,-1.7532,0.60848,-6.8267,-2.694,0
2.22,-1.9328,0.65867,3.186,-3.3412,0
0.51046,-2.1123,0.72045,6.5994,-2.2625,0
-0.34431,-1.5224,0.79639,-3.8684,-2.881,0
-1.6739,-0.75289,0.85174,-6.5991,-2.2337,0
-3.0985,-0.16296,0.835,5.6891,-2.2049,0
-3.2885,0.24743,0.78738,5.4616,-2.5789,0
-0.81917,0.88866,0.76293,-7.5093,-1.9892,0
0.41548,1.7094,0.76679,-3.4133,-2.7659,0
0.89035,1.7351,0.80411,7.9647,-1.831,0
0.89035,0.70911,0.85817,1.5931,-2.1906,0
1.6501,-0.4964,0.88134,-7.7369,-1.8022,0
1.9351,-1.625,0.80926,-0.45498,-1.2269,0
2.03,-1.9071,0.71917,7.0545,-1.7447,0
-0.43928,-1.625,0.75649,-1.5928,-0.6803,0
-1.6739,-2.0097,0.89807,-8.4196,-1.5289,0
-0.34431,-3.5743,0.98559,2.7309,-0.95358,0
-1.1991,-4.6516,0.93025,6.1442,-1.1118,0
-2.8136,-4.8311,0.80669,-5.2337,-1.1693,0
-3.2885,-4.8311,0.68956,-6.3715,-0.27756,0
-1.9589,-4.9594,0.56343,5.9167,-0.88167,0
-1.7689,-4.3694,0.43858,4.0962,0.096406,0
-3.6684,-3.3178,0.30215,-7.0542,-0.60838,0
-2.8136,-2.7792,0.076909,-3.6408,-0.57961,0
0.51046,-2.4714,-0.20754,7.0545,-0.63715,0
2.7898,-1.7276,-0.51773,1.8206,-1.2844,0
3.4546,-0.75289,-0.78029,-8.8747,-0.52208,0
0.98533,0.60652,-1.0055,-0.68254,-1.4426,0
-0.15436,1.7094,-1.2797,7.7372,-0.72345,0
0.51046,1.9659,-1.604,-0.68254,-1.1981,0
2.6949,1.2477,-1.9065,-8.4196,-1.2556,0
4.4044,0.042233,-2.1176,2.5033,-0.9392,0
3.4546,-1.4198,-2.3132,6.8269,-1.7303,0
2.4099,-2.5227,-2.5269,-4.5511,-0.88167,0
0.32051,-2.8818,-2.7457,-6.3715,-1.7447,0
-1.389,-2.7279,-2.9439,5.234,-1.155,0
-0.91415,-2.8048,-3.0765,4.0962,-1.3276,0
0.22554,-3.3435,-3.1949,-7.5093,-1.644,0
1.4602,-4.2668,-3.3699,-4.3235,-0.9392,0
2.125,-5.062,-3.6647,7.0545,-1.6871,0
-0.53425,-5.575,-4.0032,2.2757,-0.6803,0
-1.7689,-5.7032,-4.2876,-7.7369,-1.3132,0
-2.1488,-4.985,-4.5,0.91037,-1.083,0
-2.2438,-3.8565,-4.6287,7.7372,-0.96797,0
-2.9086,-2.3431,-4.7407,-0.22742,-1.5289,0
-2.7186,-0.57335,-4.8977,-6.5991,-0.65153,0
-0.53425,1.3247,-5.0406,3.4135,-1.5145,0
-0.34431,3.0945,-5.1409,6.8269,-0.57961,0
0.60543,3.4536,-5.1706,-4.5511,-0.86728,0
2.125,2.2737,-5.0702,-6.5991,-0.70906,0
1.4602,0.29873,-4.8745,5.234,-0.27756,0
-1.6739,-0.95809,-4.7226,4.3238,-0.9392,0
-2.4337,-0.82984,-4.6982,-6.8267,0.053256,0
-1.389,0.27308,-4.666,-4.3235,-0.78098,0
-1.294,1.3503,-4.5836,7.9647,-0.11935,0
1.6501,2.5302,-4.5231,1.1379,-0.26318,0
3.3597,3.8383,-4.5013,-8.6471,-0.65153,0
2.6949,4.3257,-4.4614,-0.45498,0.22586,0
-0.53425,4.1974,-4.3391,8.1923,-0.46455,0
-1.6739,4.0692,-4.0984,-1.1377,0.61421,0
-1.1991,3.351,-3.8024,-8.4196,-0.076195,0
0.79538,2.7867,-3.5347,1.3655,0.13956,0
0.98533,2.7354,-3.2193,6.8269,0.18271,0
0.035589,2.0172,-2.7997,-3.6408,-0.53646,0
0.51046,1.0939,-2.2965,-7.9645,0.44161,0
0.41548,0.37567,-1.8061,4.5513,-0.46455,0
-0.81917,0.17048,-1.4663,5.234,0.42722,0
-1.0091,0.093531,-1.2552,-6.8267,0.13956,0
0.035589,-0.47075,-1.0261,-4.5511,0.11079,0
-0.53425,-0.80419,-0.78158,7.0545,0.52791,0
-2.3388,0.093531,-0.64772,2.0482,-0.3351,0
-0.53425,1.4016,-0.55763,-9.3298,0.65736,0
1.3652,2.0172,-0.3607,-1.3652,-0.10496,0
2.03,2.6072,-0.095561,7.5096,0.65736,0
0.41548,2.7867,0.15413,-0.9101,0.59983,0
-1.389,2.1198,0.45274,-7.9645,0.39846,0
-2.9086,1.3503,0.86718,2.7309,1.0026,0
-1.7689,0.68346,1.4026,7.0545,-0.004278,0
-0.15436,-0.4451,2.0204,-5.2337,0.65736,0
-1.0091,-1.4711,2.6189,-6.3715,0.067639,0
-0.81917,-1.2659,3.193,6.1442,0.22586,0
-0.91415,0.58087,3.7078,4.7789,0.45599,0
-1.484,3.4023,4.1325,-6.5991,-0.22003,0
-2.3388,6.1724,4.5354,-3.1857,0.68613,0
-2.1488,8.1218,4.9962,8.1923,-0.22003,0
-3.0985,8.5834,5.4917,2.2757,0.34092,0
-2.6237,8.1987,5.9666,-8.6471,-0.047428,0
-2.1488,7.0958,6.3553,0.2277,-0.2488,0
-1.294,6.2494,6.6488,7.282,0.28339,0
0.22554,5.7107,6.9654,-2.7306,-0.57961,0
1.5552,4.5052,7.3438,-7.7369,0.31216,0
2.22,3.2227,7.6283,4.3238,-0.60838,0
2.03,2.1198,7.7776,6.1442,-0.23441,0
0.41548,1.0682,7.8985,-6.144,-0.1625,0
-0.24933,0.45262,8.035,-4.7786,-0.72345,0
0.32051,0.83736,8.1431,6.8269,0.15394,0
1.7451,1.4786,8.1727,2.5033,-0.73783,0
1.2702,2.402,8.0903,-7.7369,0.19709,0
0.7004,3.274,7.8612,-1.3652,-0.23441,0
-1.9589,3.8896,7.5176,7.9647,0.024489,0
-2.4337,4.0692,7.1971,-1.1377,0.41284,0
-3.0985,3.5562,6.9809,-8.192,-0.1625,0
-1.6739,2.7611,6.8509,2.7309,0.87311,0
-1.1991,1.8633,6.6617,6.1442,0.082022,0
-1.484,2.0429,6.282,-5.4613,0.90188,0
-0.24933,2.7354,5.7555,-6.8267,0.84434,0
0.7004,3.4279,5.2806,5.4616,0.70051,0
0.79538,3.7357,4.9717,4.0962,1.3765,0
-0.34431,3.6844,4.7786,-7.7369,0.62859,0
-1.294,4.5309,4.5791,-2.9581,1.6067,0
-1.1041,5.9416,4.2252,7.5096,0.95941,0
-1.8639,6.9162,3.7116,1.5931,1.4484,0
-1.8639,8.1218,3.1582,-8.192,1.693,0
-0.34431,8.8399,2.7154,0.45525,1.2758,0
0.41548,8.1731,2.4799,7.0545,2.1676,0
-1.0091,6.6084,2.476,-2.0479,1.3478,0
-0.059385,5.1208,2.4941,-8.6471,2.2395,0
0.51046,3.5818,2.3666,3.4135,1.7217,0
-0.24933,1.9659,2.0873,6.8269,1.8512,0
-0.7242,0.52957,1.7733,-5.0062,2.1532,0
-0.53425,-0.31686,1.521,-5.6889,1.693,0
1.2702,-0.52205,1.3357,6.5994,2.4841,0
1.3652,0.32437,1.1349,4.5513,1.7361,0
1.1753,1.7864,0.85302,-6.144,2.4553,0
1.6501,1.9146,0.51709,-3.8684,2.0094,0
1.2702,0.88866,0.21334,7.0545,2.0525,0
-0.15436,-0.21426,0.0086931,2.0482,2.4265,0
-1.389,-0.5477,-0.11101,-8.192,1.8656,0
-1.7689,-0.57335,-0.25902,-0.9101,2.743,0
-0.24933,-0.7016,-0.44179,6.5994,1.808,0
0.60543,-1.1633,-0.56149,-1.1377,2.2108,0
1.0803,-1.6506,-0.58723,-7.2818,1.7793,0
2.5049,-1.548,-0.60782,2.9584,1.1608,0
2.5999,-1.1376,-0.67861,7.282,1.4772,0
0.60543,-0.7016,-0.78415,-4.7786,0.36969,0
-0.15436,-0.62465,-0.87168,-5.9164,1.1176,0
1.2702,-0.93244,-0.92573,5.9167,0.38407,0
0.98533,-2.138,-0.96949,4.7789,0.51352,0
-1.0091,-3.6769,-1.0274,-6.8267,0.38407,0
-1.8639,-4.4464,-1.003,-5.4613,-0.72345,0
-0.43928,-4.5746,-0.97593,7.5096,-0.2488,0
0.41548,-4.7798,-1.0313,2.0482,-1.3707,0
-0.34431,-5.2159,-1.1368,-8.6471,-0.62276,0
-1.294,-5.3698,-1.1458,-0.9101,-0.89605,0
-0.15436,-4.8311,-1.0956,6.5994,-1.0255,0
1.6501,-3.8308,-1.0699,-2.0479,-0.53646,0
1.0803,-2.8818,-1.0905,-7.9645,-1.5289,0
0.89035,-2.5227,-1.1188,2.9584,-0.80975,0
1.6501,-2.6766,-1.1484,5.9167,-1.831,0
1.2702,-2.7535,-1.2488,-5.4613,-1.4858,0
-0.059385,-2.3688,-1.4084,-5.9164,-1.4282,0
0.41548,-2.497,-1.541,5.234,-1.8022,0
0.60543,-3.01,-1.6375,4.0962,-0.91043,0
-0.059385,-3.6769,-1.6851,-6.8267,-1.7303,0
0.51046,-4.4977,-1.6722,-2.9581,-0.88167,0
0.60543,-5.498,-1.6362,7.9647,-1.4139,0
-1.1041,-6.2931,-1.6362,0.68281,-1.1981,0
-0.62923,-6.7035,-1.6928,-7.9645,-0.62276,0
2.22,-6.6009,-1.7469,1.5931,-0.99673,0
4.9742,-5.9084,-1.7855,7.0545,0.28339,0
3.4546,-5.1133,-1.8486,-3.4133,-0.061812,0
0.60543,-4.2668,-1.9207,-7.0542,1.0745,0
-1.6739,-4.0104,-1.9425,4.3238,1.2615,0
-3.7634,-4.6259,-1.8949,4.7789,1.2039,0
-2.2438,-4.8055,-1.8113,-6.3715,2.2971,0
-1.1991,-4.2668,-1.707,-4.3235,1.7073,0
-2.3388,-2.9074,-1.6632,7.282,2.9587,0
-0.43928,-0.90679,-1.6671,3.186,2.7286,0
0.32051,-0.21426,-1.6259,-7.7369,3.2608,0
-0.059385,-0.62465,-1.5821,-1.8203,3.8936,0
-0.53425,-1.4454,-1.6143,8.1923,3.419,0
-0.62923,-2.1636,-1.6465,0.2277,4.4258,0
0.41548,-2.5996,-1.6658,-8.6471,3.606,0
0.79538,-2.2662,-1.7044,0.91037,4.2676,0
2.7898,-1.0863,-1.8022,6.5994,4.1094,0
3.3597,0.32437,-1.8537,-3.1857,3.7929,0
1.9351,0.55522,-1.7984,-7.9645,4.4546,0
0.22554,-0.26556,-1.6851,3.8687,3.4621,0
0.60543,-1.3428,-1.5912,4.3238,4.1525,0
0.7004,-1.7276,-1.5152,-6.3715,3.3614,0
1.6501,-0.88114,-1.4354,-5.2337,3.3471,0
1.0803,0.58087,-1.4071,5.9167,3.3902,0
-0.7242,2.9919,-1.4393,3.6411,2.4984,0
-0.059385,5.6594,-1.4895,-8.192,3.1457,0
1.6501,7.7114,-1.5924,-2.9581,2.0957,0
1.9351,8.9682,-1.7649,7.5096,2.5128,0
1.4602,10.122,-1.9322,-0.45498,1.9087,0
-0.7242,10.584,-2.0056,-7.9645,1.3478,0
-1.0091,9.3529,-1.9824,2.0482,1.5635,0
-1.6739,6.9675,-1.8679,7.0545,0.38407,0
-2.1488,4.1718,-1.6285,-3.8684,1.0026,0
-2.3388,1.9146,-1.3582,-7.2818,-0.061812,0
-2.3388,1.7864,-1.2835,4.3238,0.19709,0
-2.2438,3.1458,-1.3904,5.4616,-0.004278,0
-1.484,3.6844,-1.4792,-6.3715,-0.62276,0
-0.62923,2.5559,-1.4895,-4.0959,-0.033045,0
0.41548,1.2734,-1.4406,7.0545,-1.155,0
1.7451,0.58087,-1.3788,2.5033,-0.46455,0
3.0747,-0.086014,-1.2668,-7.5093,-1.3132,0
2.4099,-1.2146,-1.0326,-0.9101,-1.1837,0
1.5552,-2.6253,-0.75584,7.7372,-0.89605,0
1.7451,-3.8308,-0.60267,-1.5928,-1.5002,0
1.3652,-4.472,-0.60911,-7.7369,-0.63715,0
-0.059385,-4.3951,-0.70564,4.5513,-1.4714,0
-1.389,-4.2668,-0.79574,6.3718,-0.55085,0
-1.1991,-4.2155,-0.83178,-6.3715,-0.80975,0
0.32051,-4.0617,-0.80603,-4.7786,-0.72345,0
1.7451,-4.3694,-0.77,7.282,-0.19126,0
3.1697,-4.7285,-0.77,2.9584,-0.7666,0
3.4546,-4.9337,-0.77643,-6.8267,0.18271,0
1.7451,-4.6772,-0.74554,-1.8203,-0.60838,0
-1.484,-4.4207,-0.68376,8.1923,-0.19126,0
-1.484,-4.4464,-0.62198,0.45525,-0.39263,0
-0.059385,-4.7285,-0.63099,-7.9645,-0.91043,0
-1.1041,-5.2159,-0.63228,0.45525,-0.46455,0
-0.91415,-5.1646,-0.55763,7.7372,-1.5721,0
0.13056,-4.549,-0.4701,-2.9581,-0.89605,0
-1.484,-4.2155,-0.43535,-7.7369,-1.8741,0
-3.7634,-4.0104,-0.42377,4.0962,-1.8597,0
-3.8583,-3.6769,-0.38902,6.1442,-2.018,0
-0.7242,-3.1896,-0.34783,-5.9164,-2.9529,0
1.4602,-2.3688,-0.36456,-5.4613,-2.5358,0
1.3652,-1.2146,-0.49198,6.5994,-3.8446,0
0.035589,-0.26556,-0.64901,4.0962,-3.4707,0
-1.294,-0.13731,-0.72752,-7.5093,-4.1755,0
-1.0091,-0.3938,-0.68633,-3.8684,-4.5638,0
0.13056,-0.82984,-0.59109,7.282,-4.4631,0
0.89035,-0.72725,-0.51129,0.91037,-5.5275,0
0.98533,-0.18861,-0.43149,-8.4196,-4.9378,0
1.6501,0.86301,-0.36328,1.5931,-6.1172,0
2.125,2.3507,-0.32724,7.7372,-5.8296,0
2.125,3.6844,-0.29635,-2.7306,-6.0741,0
2.22,4.2744,-0.25902,-7.2818,-6.7645,0
1.3652,4.9925,-0.24872,3.6411,-6.0597,0
0.035589,5.6594,-0.29635,6.5994,-7.1097,0
-0.53425,5.1464,-0.36199,-4.7786,-6.3474,0
0.98533,4.0692,-0.40704,-5.4613,-6.7357,0
1.9351,3.7614,-0.39545,6.8269,-6.8364,0
1.2702,3.3253,-0.3105,2.9584,-6.4337,0
-0.81917,2.2737,-0.20239,-7.5093,-7.196,0
-0.059385,0.47827,-0.089126,-2.0479,-6.1891,0
-0.53425,-0.93244,0.037009,7.7372,-6.7789,0
-1.389,-1.625,0.19403,0.68281,-5.772,0
-1.9589,-2.3431,0.35106,-7.2818,-5.5419,0
-1.294,-3.1383,0.43343,0.91037,-5.4987,0
-1.579,-3.7539,0.43858,7.282,-4.7077,0
-0.15436,-4.036,0.43601,-2.9581,-5.3693,0
1.4602,-3.9078,0.43472,-6.8267,-4.3337,0
0.22554,-3.2152,0.38452,4.5513,-4.8083,0
-0.34431,-2.4714,0.25453,5.9167,-4.2474,0
-0.43928,-1.4711,0.13483,-5.6889,-3.9166,0
-0.62923,-1.035,0.082057,-5.4613,-4.2761,0
0.41548,-1.1376,0.04087,6.3718,-3.3556,0
2.4099,-1.0863,0.0061189,3.186,-4.2618,0
1.8401,-0.88114,0.044732,-7.0542,-3.5138,0
0.89035,-0.5477,0.15027,-2.503,-3.9885,0
1.0803,-0.0090658,0.19403,7.282,-3.9022,0
1.7451,0.35002,0.19403,0.91037,-3.3125,0
3.1697,0.40132,0.23651,-7.7369,-3.8015,0
2.6949,0.86301,0.23393,0.91037,-2.7084,0
1.5552,1.6838,0.088493,6.8269,-3.3556,0
0.13056,2.1198,-0.094274,-3.1857,-2.5645,0
1.4602,2.6328,-0.20754,-7.5093,-2.507,0
1.0803,3.2227,-0.241,3.6411,-2.6364,0
-0.15436,3.9153,-0.27061,5.0064,-1.7447,0
-0.43928,5.0438,-0.30664,-6.3715,-2.4495,0
-0.7242,5.326,-0.30664,-5.2337,-1.3132,0
-0.7242,3.8896,-0.27061,7.282,-1.644,0
-1.6739,1.299,-0.20754,3.4135,-1.3563,0
-2.1488,-0.93244,-0.13804,-7.2818,-0.92482,0
-2.1488,-1.7019,-0.095561,-2.9581,-1.5721,0
-1.294,-1.7532,-0.080116,7.9647,-0.52208,0
0.13056,-1.625,-0.0518,0.45525,-1.3851,0
-0.43928,-2.1636,0.044732,-9.1023,-0.60838,0
-1.294,-2.8048,0.22235,0.00013542,-0.78098,0
-0.91415,-3.0613,0.39096,7.5096,-0.91043,0
0.22554,-2.7279,0.44115,-1.1377,-0.23441,0
-0.24933,-1.7276,0.38324,-7.5093,-1.0974,0
-0.53425,-0.6503,0.31116,3.186,-0.004278,0
-0.7242,-0.034715,0.25067,6.1442,-0.57961,0
-0.53425,0.016583,0.17344,-5.4613,-0.14811,0
-1.579,0.016583,0.13225,-5.2337,0.19709,0
-1.0091,0.016583,0.158,7.7372,-0.19126,0
-1.0091,0.24743,0.23136,3.4135,0.81558,0
-1.389,0.067882,0.30086,-6.5991,0.15394,0
-1.0091,-1.4454,0.39868,-3.1857,0.94503,0
0.32051,-3.4204,0.47719,8.1923,0.68613,0
0.41548,-3.9847,0.45789,0.2277,0.61421,0
0.13056,-3.4461,0.39997,-8.192,1.132,0
-0.53425,-3.087,0.39997,1.1379,0.41284,0
-1.579,-3.087,0.44888,6.5994,1.2902,0
-1.9589,-2.5483,0.43601,-3.1857,0.44161,0
-1.1991,-1.8302,0.36522,-7.5093,0.80119,0
-1.1041,-1.1633,0.34334,5.4616,0.68613,0
-2.4337,-1.0863,0.35878,5.0064,-0.004278,0
-2.5287,-1.3428,0.38452,-6.3715,0.64298,0
-2.2438,-1.2146,0.4064,-5.0062,-0.2488,0
-2.0538,-0.62465,0.47076,7.7372,0.54229,0
-1.1991,-0.11166,0.55571,2.0482,0.038872,0
1.3652,0.96561,0.5763,-8.6471,0.082022,0
2.9798,2.5046,0.49264,-1.3652,0.48476,0
1.8401,3.5305,0.41284,7.9647,-0.22003,0
2.125,4.7361,0.43987,0.00013542,0.70051,0
4.2144,6.7367,0.53511,-8.192,-0.26318,0
4.0245,8.8399,0.57244,1.3655,0.31216,0
0.98533,9.6607,0.45145,7.5096,0.18271,0
-0.24933,8.8912,0.22879,-2.7306,-0.1625,0
-0.62923,7.4292,0.047306,-6.5991,0.57106,0
-0.91415,6.2237,0.013841,2.9584,-0.4214,0
-0.7242,4.7361,0.061464,5.9167,0.49914,0
-1.6739,3.9922,0.056315,-6.144,-0.19126,0
-2.9086,3.9409,-0.049226,-5.6889,0.038872,0
-2.3388,3.4023,-0.14576,6.3718,0.31216,0
-0.43928,2.7354,-0.19081,3.8687,-0.39263,0
-0.62923,2.1968,-0.22813,-7.0542,0.54229,0
-2.4337,1.5812,-0.26031,-2.2755,-0.3351,0
-2.0538,0.40132,-0.22427,7.282,0.34092,0
0.60543,-0.98374,-0.1419,0.45525,0.010105,0
2.03,-1.9328,-0.053087,-8.192,-0.17688,0
1.2702,-1.8045,-0.010613,0.45525,0.36969,0
-0.7242,-0.6503,-0.038929,7.282,-0.47893,0
-0.91415,0.35002,-0.065958,-2.9581,0.42722,0
0.035589,0.58087,-0.040216,-7.2818,-0.40701,0
-2.0538,0.63217,0.013841,4.0962,0.038872,0
-1.294,0.52957,0.04988,5.6891,-0.061812,0
0.89035,0.067882,0.05889,-6.3715,-0.46455,0
2.03,-0.75289,0.10265,-4.0959,0.25462,0
1.1753,-1.6763,0.22106,7.282,-0.72345,0
0.13056,-2.3431,0.38838,2.0482,0.15394,0
-1.579,-2.9587,0.52739,-7.2818,-0.37825,0
-1.7689,-2.7279,0.5068,-1.1377,-0.23441,0
-1.1991,-1.3941,0.40126,7.7372,0.11079,0
0.22554,-0.82984,0.37937,-0.45498,-0.49331,0
-0.24933,-1.1376,0.45145,-7.9645,0.52791,0
-0.7242,-1.5224,0.49393,2.9584,-0.20565,0
-1.579,-1.2146,0.42442,6.8269,0.54229,0
-2.7186,-0.82984,0.25324,-6.144,0.52791,0
-1.389,-1.0607,0.13354,-6.5991,0.51352,0
-0.15436,-1.4454,0.15156,5.234,1.3334,0
-0.34431,-1.9584,0.22492,3.186,0.74366,0
-1.294,-2.5227,0.23265,-7.7369,1.7505,0
0.60543,-3.1126,0.21591,-4.0959,1.2615,0
1.1753,-4.1386,0.2172,7.7372,1.621,0
1.0803,-4.7798,0.23265,1.1379,1.9662,0
1.1753,-4.8824,0.26354,-8.192,1.4341,0
1.6501,-4.6003,0.26096,-0.68254,2.3978,0
0.32051,-4.2155,0.21463,6.5994,1.506,0
-0.53425,-4.3694,0.14512,-1.3652,2.0669,0
-1.6739,-4.3951,0.083344,-7.7369,1.7361,0
-1.0091,-3.9078,0.11681,1.3655,1.2327,0
1.0803,-3.4974,0.20562,6.3718,1.7505,0
2.03,-2.7022,0.22106,-3.8684,0.80119,0
1.3652,-1.7532,0.15413,-7.9645,1.6786,0
0.035589,-1.1889,0.073047,4.3238,0.85873,0
1.3652,-0.52205,-0.024771,5.234,1.1464,0
0.98533,-0.0090658,-0.16764,-7.2818,1.2615,0
-1.0091,0.14483,-0.29892,-6.8267,0.67174,0
-2.0538,0.42697,-0.33625,6.3718,1.3621,0
-2.3388,0.88866,-0.29892,3.8687,0.44161,0
-1.0091,0.88866,-0.22813,-7.2818,1.1464,0
-0.059385,1.0682,-0.18566,-1.3652,0.70051,0
0.035589,1.812,-0.25387,7.5096,0.57106,0
0.32051,2.2481,-0.40446,0.00013542,0.98818,0
1.7451,2.0172,-0.45852,-6.8267,0.082022,0
1.8401,1.6325,-0.31308,2.9584,1.0026,0
0.51046,1.1195,-0.062097,7.0545,0.15394,0
0.60543,0.47827,0.13869,-4.0959,0.47037,0
1.6501,-0.13731,0.21591,-6.5991,0.42722,0
2.7898,-0.62465,0.24423,4.7789,-0.1625,0
2.7898,-0.85549,0.27126,4.0962,0.59983,0
1.6501,-1.0094,0.30472,-6.8267,-0.39263,0
1.7451,-1.0094,0.31245,-3.4133,0.29777,0
2.9798,-0.98374,0.32017,7.282,-0.29195,0
0.89035,-1.0094,0.32274,0.45525,-0.26318,0
-0.43928,-1.0094,0.32274,-8.6471,0.038872,0
0.98533,1.9659,0.092354,0.91037,-0.62276,0
1.1753,6.9162,-0.3208,7.7372,0.15394,0
-0.15436,6.711,-0.40575,-2.0479,-0.65153,0
-0.34431,4.4796,-0.26546,-7.2818,-0.004278,0
1.2702,2.6585,-0.056948,3.6411,-0.22003,0
1.8401,1.6068,0.069186,5.4616,-0.36386,0
0.32051,1.0426,0.055028,-5.6889,0.19709,0
-1.294,1.4786,-0.047939,-6.144,-0.57961,0
-0.7242,2.0685,-0.13804,7.5096,0.25462,0
2.7898,1.812,-0.20496,3.4135,-0.55085,0
4.0245,0.99126,-0.22813,-7.2818,-0.22003,0
2.8848,0.60652,-0.23843,-4.0959,-0.32071,0
2.22,0.58087,-0.241,7.282,-0.7666,0
0.41548,0.58087,-0.23843,0.91037,-0.13373,0
-1.484,0.63217,-0.23585,-8.6471,-1.0399,0
-1.9589,0.65782,-0.23457,0.45525,-0.29195,0
-1.484,0.65782,-0.23972,7.282,-0.99673,0
-0.7242,0.37567,-0.24744,-2.9581,-0.75222,0
-0.7242,-0.26556,-0.25001,-7.7369,-0.53646,0
-0.53425,-1.035,-0.21526,3.8687,-1.0687,0
-0.7242,-2.0867,-0.14962,5.6891,-0.14811,0
-0.53425,-3.01,-0.086552,-5.6889,-0.99673,0
0.035589,-3.2409,-0.054374,-5.4613,-0.2488,0
-0.24933,-3.2152,-0.068532,6.3718,-0.5077,0
-0.43928,-2.7279,-0.069819,3.186,-0.56523,0
0.32051,-2.7535,-0.026058,-7.9645,0.067639,0
0.51046,-3.2409,0.0086931,-2.2755,-0.60838,0
-0.059385,-3.3691,0.0022576,8.1923,0.41284,0
-0.62923,-3.0613,-0.032494,-0.22742,-0.22003,0
-0.7242,-2.7792,-0.071106,-7.9645,0.32654,0
-0.81917,-2.8818,-0.096848,2.0482,0.45599,0
-1.6739,-3.3178,-0.086552,7.5096,0.038872,0
-1.579,-3.7282,-0.045365,-2.503,0.93064,0
-0.24933,-4.1129,0.035722,-7.0542,0.18271,0
0.60543,-4.0617,0.167,4.5513,1.0026,0
0.035589,-3.3435,0.26997,4.7789,0.67174,0
-0.53425,-2.1636,0.30344,-7.5093,0.82996,0
0.13056,-1.3941,0.32918,-4.7786,1.2758,0
-0.24933,-1.2659,0.3266,7.282,0.65736,0
-1.6739,-1.2402,0.22879,2.7309,1.6067,0
-2.1488,-1.6763,0.069186,-7.7369,0.64298,0
-2.1488,-2.4714,-0.0028907,-1.5928,1.2471,0
-2.3388,-2.8561,-0.0093262,6.8269,1.0601,0
-3.0036,-2.6253,-0.053087,-0.9101,0.80119,0
-2.5287,-2.3175,-0.12002,-7.9645,1.7217,0
-1.389,-2.0867,-0.16764,1.8206,1.0313,0
-0.81917,-1.4711,-0.20754,6.1442,1.995,0
0.41548,-0.90679,-0.22942,-5.6889,1.3621,0
1.5552,-0.47075,-0.17279,-7.5093,1.4053,0
2.22,-0.29121,-0.047939,5.9167,1.5204,0
0.51046,0.14483,0.013841,4.3238,0.80119,0
0.51046,0.52957,-0.013187,-7.5093,1.7361,0
0.60543,0.73476,-0.086552,-3.6408,1.0457,0
1.9351,1.2734,-0.11744,7.7372,1.8656,0
3.1697,2.0942,-0.046652,1.1379,1.7361,0
2.7898,2.5302,0.098789,-8.4196,1.6786,0
-0.24933,2.6841,0.17215,0.00013542,2.2395,0
-0.7242,2.7611,0.158,6.8269,1.4772,0
0.22554,2.9406,0.21463,-2.9581,2.2252,0
0.79538,2.8124,0.31373,-7.2818,1.3765,0
1.6501,3.4536,0.34334,3.8687,1.6498,0
0.41548,4.6335,0.34591,5.4616,1.7793,0
-1.1991,5.3773,0.28156,-5.4613,1.4197,0
0.035589,5.3773,0.12839,-5.2337,2.2971,0
0.51046,4.7104,0.062751,6.5994,1.3621,0
0.035589,3.4023,0.10909,3.4135,2.0238,0
0.32051,1.812,0.14899,-7.7369,1.1895,0
-1.1041,1.1195,0.12711,-2.2755,0.68613,0
-1.0091,0.88866,0.070473,8.1923,0.48476,0
-0.81917,0.70911,0.035722,0.45525,-0.47893,0
-0.81917,0.50392,-0.0080391,-7.5093,0.34092,0
-0.7242,0.067882,-0.064671,2.2757,-0.63715,0
-1.484,-0.4451,-0.06081,7.282,-0.10496,0
-1.8639,-0.34251,0.056315,-3.8684,-0.53646,0
0.79538,-0.0090658,0.19661,-7.0542,-1.1693,0
1.7451,0.29873,0.23393,5.4616,-0.91043,0
0.32051,1.0939,0.18889,5.234,-1.9317,0
-0.53425,2.1711,0.13869,-7.0542,-0.89605,0
-2.6237,1.7607,0.088493,-4.5511,-1.4714,0
-3.3835,0.42697,0.027999,7.7372,-1.1118,0
-1.7689,-0.5477,-0.0028907,3.4135,-1.0543,0
-1.7689,-0.7016,0.020277,-8.192,-1.7015,0
-3.8583,-0.4964,0.012554,-0.9101,-0.89605,0
-3.7634,-0.41945,-0.11873,7.7372,-1.7591,0
-2.8136,-0.3938,-0.24229,-1.3652,-0.91043,0
-2.4337,-1.2402,-0.22041,-7.9645,-1.4139,0
-3.0985,-2.3944,-0.1316,3.6411,-1.6152,0
-2.4337,-2.2406,-0.065958,6.8269,-1.27,0
-0.53425,-1.4711,-0.015762,-5.4613,-2.133,0
-0.43928,-1.4967,0.024138,-7.5093,-1.1406,0
-1.294,-1.7532,0.0022576,6.3718,-1.6584,0
0.035589,-1.5993,-0.064671,3.8687,-0.73783,0
2.6949,-0.82984,-0.15734,-8.192,-0.46455,0
6.4938,0.093531,-0.29506,-4.3235,-0.82413,0
6.1139,0.73476,-0.41991,6.3718,0.024489,0
4.5943,1.5812,-0.44951,2.0482,-0.78098,0
2.9798,2.2994,-0.40961,-7.9645,0.31216,0
1.5552,2.1198,-0.37615,0.2277,-0.11935,0
0.89035,1.6325,-0.38129,6.8269,0.11079,0
-0.91415,1.4016,-0.41991,-2.0479,0.32654,0
-1.1041,1.812,-0.50099,-7.2818,-0.45016,0
0.22554,2.2994,-0.63743,3.6411,0.21147,0
0.79538,2.2737,-0.77901,5.9167,-1.0543,0
1.6501,2.5046,-0.87554,-6.144,-0.57961,0
2.125,2.5302,-0.86138,-4.3235,-1.27,0
1.3652,1.4786,-0.71851,7.7372,-1.6008,0
-0.059385,0.042233,-0.51515,3.4135,-1.3276,0
0.22554,-0.93244,-0.30664,-7.2818,-2.0755,0
0.60543,-0.98374,-0.17922,-1.3652,-1.0255,0
0.22554,-0.57335,-0.13417,7.9647,-1.6728,0
1.4602,-0.6503,-0.13031,0.45525,-0.88167,0
1.6501,-0.90679,-0.13675,-7.7369,-0.9392,0
0.41548,-1.0607,-0.095561,2.7309,-1.1837,0
0.51046,-1.1889,0.0099801,7.0545,-0.29195,0
0.7004,-1.3685,0.16572,-3.1857,-0.86728,0
1.7451,-2.2406,0.32789,-7.0542,0.38407,0
2.22,-2.7535,0.47977,4.5513,-0.090578,0
3.0747,-2.6253,0.60333,6.3718,0.19709,0
1.7451,-2.4714,0.68313,-6.3715,0.38407,0
0.22554,-2.497,0.68699,-3.8684,-0.26318,0
0.32051,-2.138,0.62778,7.5096,0.64298,0
0.79538,-2.0097,0.59947,2.7309,-0.11935,0
0.79538,-2.3944,0.66382,-8.192,0.78681,0
0.60543,-2.8561,0.74748,0.00013542,0.54229,0
1.6501,-2.9587,0.81956,7.5096,0.42722,0
0.41548,-2.6509,0.84015,-1.5928,0.70051,0
-1.294,-2.138,0.79124,-8.192,-0.27756,0
-1.294,-1.2402,0.68699,2.7309,0.47037,0
-0.7242,-0.21426,0.59432,6.3718,-0.30633,0
0.13056,0.76041,0.54927,-4.5511,0.28339,0
-1.1991,1.7864,0.44244,-7.2818,0.48476,0
-1.8639,2.4276,0.20819,6.1442,0.15394,0
-1.1041,2.8124,-0.10071,3.8687,0.74366,0
-0.7242,2.6328,-0.38516,-6.8267,-0.4214,0
-0.62923,2.2224,-0.55248,-3.4133,0.19709,0
-0.7242,1.6838,-0.57822,6.8269,-0.14811,0
0.98533,1.0169,-0.55248,0.91037,0.28339,0
0.035589,0.55522,-0.57693,-8.4196,1.2039,0
-1.389,0.22178,-0.6297,0.45525,0.67174,0
-1.8639,0.22178,-0.62713,7.7372,1.4484,0
-1.1991,0.093531,-0.58465,-2.2755,0.18271,0
-1.579,-0.13731,-0.53446,-7.2818,0.22586,0
0.13056,-0.26556,-0.44565,5.0064,-0.20565,0
0.32051,-0.5477,-0.33367,6.1442,-0.43578,0
-1.0091,-0.7016,-0.23972,-5.6889,0.74366,0
-1.7689,-0.7016,-0.14318,-6.144,0.54229,0
-0.43928,-0.31686,-0.037642,5.9167,1.7361,0
-0.24933,0.016583,0.057602,3.4135,1.0169,0
-0.53425,0.73476,0.17215,-6.8267,0.70051,0
-1.579,1.0169,0.28156,-3.1857,0.54229,0
-2.1488,0.60652,0.30344,8.1923,-0.27756,0
-1.1991,0.067882,0.30086,1.5931,0.80119,0
-0.91415,-0.7016,0.29958,-7.2818,0.25462,0
-1.6739,-1.3941,0.28284,0.68281,1.132,0
-3.1935,-0.67595,0.23007,7.5096,1.0026,0
-3.1935,0.11918,0.19403,-3.1857,0.59983,0
-0.91415,-0.060364,0.23522,-7.2818,1.0026,0
0.41548,-1.0094,0.31631,4.0962,-0.047428,0
1.0803,-1.9071,0.37937,5.4616,0.72928,0
1.7451,-2.5483,0.38066,-5.4613,0.010105,0
3.1697,-3.01,0.34848,-5.6889,0.26901,0
1.7451,-2.9587,0.32274,6.8269,0.38407,0
0.98533,-2.7792,0.29443,2.9584,-0.37825,0
0.79538,-2.8048,0.27255,-7.7369,0.16832,0
-0.059385,-3.1383,0.24938,-1.8203,-0.88167,0
-0.34431,-3.1896,0.22106,6.8269,-0.27756,0
1.1753,-3.2665,0.21463,-0.68254,-0.57961,0
1.8401,-3.5743,0.25195,-7.7369,-0.60838,0
1.6501,-2.497,0.26482,2.0482,0.024489,0
2.5999,-0.85549,0.15285,6.5994,-0.78098,0
1.5552,1.1452,-0.049226,-3.6408,-0.018661,0
0.035589,3.1458,-0.2217,-7.0542,-0.92482,0
-1.389,4.3513,-0.32852,5.4616,-0.55085,0
-0.91415,4.7361,-0.38644,4.5513,-0.594,0
0.98533,4.4539,-0.39545,-7.2818,-1.0543,0
1.3652,3.6588,-0.39288,-5.0062,-0.20565,0
0.89035,3.3253,-0.39674,7.7372,-1.0111,0
-0.059385,2.7867,-0.38902,2.9584,-0.37825,0
-0.62923,1.299,-0.36456,-7.9645,-1.0399,0
-1.6739,0.016583,-0.31823,-0.22742,-1.3995,0
-2.8136,-0.599,-0.21912,7.0545,-1.1262,0
0.13056,-0.93244,-0.10071,-1.3652,-1.831,0
1.5552,-0.6503,-0.019623,-8.192,-0.82413,0
1.2702,0.29873,-0.0028907,2.0482,-1.3419,0
0.98533,1.299,-0.010613,6.8269,-0.6803,0
0.035589,2.0172,-0.014475,-2.9581,-0.6803,0
-0.53425,1.9146,0.042157,-7.5093,-1.1262,0
0.035589,0.93996,0.13225,4.5513,-0.60838,0
-1.294,0.73476,0.16314,5.6891,-1.6871,0
-1.8639,1.4273,0.13354,-6.5991,-0.79537,0
-1.1991,1.8633,0.093641,-5.9164,-1.155,0
-0.7242,1.4273,0.051167,6.8269,-0.55085,0
-0.81917,0.78606,0.033148,3.6411,-0.11935,0
-1.389,-0.18861,0.046019,-6.5991,-0.75222,0
-1.0091,-0.93244,0.039583,-2.0479,-0.076195,0
1.0803,-1.2146,-0.0054649,7.7372,-1.0543,0
0.32051,-0.6503,-0.067245,0.68281,-0.40701,0
-1.294,0.14483,-0.076255,-8.192,-0.75222,0
-1.1991,0.016583,-0.10071,0.45525,-0.8529,0
-0.7242,-0.4451,-0.20625,6.1442,-0.3351,0
0.13056,-0.26556,-0.28862,-3.1857,-1.1693,0
-0.34431,0.042233,-0.27061,-7.2818,-0.29195,0
-2.2438,-0.62465,-0.19853,4.0962,-1.1406,0
-0.34431,-1.035,-0.17665,5.4616,-0.56523,0
2.315,-0.75289,-0.18051,-5.2337,-0.43578,0
3.2647,-0.36816,-0.16378,-5.2337,-0.62276,0
1.7451,-0.23991,-0.15863,5.9167,0.38407,0
-1.0091,-1.1633,-0.20625,2.7309,-0.2488,0
-1.9589,-1.9071,-0.26932,-7.7369,0.84434,0
-2.1488,-1.3941,-0.241,-2.9581,0.34092,0
-3.0036,-0.5477,-0.102,7.0545,0.59983,0
-3.1935,-0.0090658,-0.006752,-1.5928,1.3334,0
-1.6739,0.78606,0.01899,-8.6471,1.0889,0
0.035589,1.812,0.0061189,2.2757,2.2539,0
-0.24933,2.7867,-0.028633,6.8269,1.2327,0
-1.389,3.6331,-0.10843,-4.3235,1.3334,0
-0.24933,3.9922,-0.19081,-6.8267,0.55667,0
-0.24933,3.9922,-0.23328,4.5513,-0.19126,0
-1.294,3.2227,-0.26288,4.3238,-0.033045,0
-0.15436,2.1711,-0.31437,-5.6889,-1.1837,0
0.51046,2.0429,-0.35555,-4.5511,-0.53646,0
-0.34431,2.1711,-0.31437,6.5994,-1.3276,0
-1.6739,1.7607,-0.18952,2.5033,-1.0255,0
-1.8639,0.73476,-0.083977,-8.6471,-1.1406,0
0.7004,-0.086014,-0.037642,-1.3652,-1.946,0
1.7451,-0.5477,0.012554,7.7372,-1.4714,0
0.51046,-0.599,0.08077,-1.3652,-2.694,0
-0.62923,-0.62465,0.10394,-8.4196,-1.9317,0
-1.484,-0.72725,0.098789,2.2757,-2.3344,0
-1.0091,-1.0094,0.12324,6.1442,-2.1618,0
-0.53425,-1.3172,0.17087,-3.1857,-1.4282,0
0.32051,-1.0863,0.1979,-5.4613,-1.9029,0
1.5552,-1.5224,0.21591,6.1442,-1.0111,0
1.3652,-2.4714,0.28027,3.6411,-1.9173,0
1.9351,-2.9587,0.3768,-6.144,-1.5289,0
1.0803,-3.087,0.46947,-2.9581,-1.6871,0
-0.7242,-2.9331,0.49006,7.0545,-1.8885,0
0.13056,-2.8561,0.44373,0.45525,-1.0687,0
1.4602,-3.1126,0.41026,-7.7369,-1.7734,0
1.2702,-3.0357,0.39997,0.68281,-0.7666,0
0.7004,-2.5483,0.37037,7.7372,-1.4282,0
0.035589,-2.2406,0.35878,-1.8203,-1.155,0
-0.53425,-1.9584,0.42185,-7.5093,-1.0543,0
-1.6739,-1.3685,0.53897,2.9584,-1.4426,0
-1.8639,-0.82984,0.59174,6.3718,-0.37825,0
-1.0091,-0.85549,0.51452,-5.4613,-0.80975,0
-1.1041,-0.5477,0.37423,-5.4613,0.39846,0
-2.4337,-0.5477,0.25968,6.8269,0.45599,0
-2.3388,-1.112,0.20819,2.9584,0.62859,0
-2.1488,-1.5224,0.22106,-8.192,1.1608,0
-2.2438,-1.548,0.24294,-2.7306,0.35531,0
-2.0538,-1.4454,0.2468,7.282,1.1608,0
-1.1991,-1.3172,0.2674,0.91037,0.29777,0
-1.6739,-0.90679,0.28156,-9.1023,0.82996,0
-2.2438,-0.72725,0.2674,0.68281,0.75804,0
-3.1935,-1.3428,0.25067,6.3718,0.31216,0
-1.294,-1.7019,0.2867,-2.9581,0.97379,0
1.8401,-1.9841,0.30601,-7.9645,-0.13373,0
2.315,-1.7789,0.26354,3.6411,0.58544,0
0.60543,-0.88114,0.17344,6.1442,-0.076195,0
-0.43928,-0.11166,0.11295,-4.7786,-0.004278,0
-0.43928,-0.18861,0.17215,-5.6889,0.32654,0
0.22554,-0.7016,0.32789,7.0545,-0.30633,0
1.5552,-0.41945,0.40898,3.6411,0.64298,0
1.2702,0.78606,0.29057,-7.2818,-0.30633,0
1.1753,2.1455,0.069186,-3.6408,0.31216,0
3.3597,3.864,-0.10457,8.1923,-0.076195,0
4.7843,5.9416,-0.26031,1.8206,-0.29195,0
2.22,6.711,-0.34654,-8.192,0.11079,0
0.22554,5.6594,-0.29763,1.5931,-0.7666,0
0.51046,4.7873,-0.18823,6.8269,0.13956,0
0.60543,4.8899,-0.14576,-2.503,-0.6803,0
1.0803,5.4029,-0.18051,-7.2818,-0.29195,0
0.89035,5.2747,-0.28605,3.6411,-0.55085,0
0.79538,4.5565,-0.37615,5.4616,-0.92482,0
0.89035,2.7867,-0.42634,-5.9164,-0.20565,0
1.7451,0.52957,-0.49198,-4.5511,-1.0543,0
2.125,-0.82984,-0.55505,7.0545,-0.11935,0
0.22554,-1.3941,-0.49713,2.7309,-0.8529,0
-2.1488,-1.4198,-0.30922,-6.8267,-0.6803,0
-1.389,-1.5224,-0.12774,-1.1377,-0.66591,0
0.035589,-1.6763,-0.0080391,6.3718,-1.3851,0
-0.34431,-1.5993,0.070473,0.00013542,-0.57961,0
-0.62923,-1.8302,0.16958,-8.4196,-1.3276,0
0.13056,-2.2662,0.31116,0.68281,-0.40701,0
-1.1041,-2.4201,0.39096,6.3718,-0.594,0
-1.1041,-1.8815,0.39739,-4.0959,-0.5077,0
-1.579,-0.5477,0.47333,-7.2818,-0.047428,0
-2.1488,0.73476,0.60462,4.7789,-0.73783,0
-1.7689,1.4016,0.67541,4.0962,0.28339,0
-1.0091,1.6581,0.70115,-7.7369,-0.56523,0
3.0747,0.63217,0.73976,-4.5511,0.11079,0
4.5943,-1.6763,0.73332,7.7372,0.11079,0
1.3652,-3.0613,0.7256,1.8206,-0.061812,0
-3.1935,-3.7026,0.78352,-9.1023,0.67174,0
-4.903,-4.9081,0.89936,-0.68254,-0.26318,0
-5.2829,-6.2418,0.9753,7.7372,0.52791,0
-4.1432,-6.4983,0.95985,-1.3652,-0.22003,0
-1.8639,-5.6519,0.87877,-7.2818,0.053256,0
-1.7689,-4.8055,0.74491,3.186,0.31216,0
-1.6739,-4.8568,0.62521,6.1442,-0.2488,0
0.98533,-5.2928,0.58531,-5.4613,0.61421,0
1.7451,-5.0876,0.59303,-5.2337,-0.3351,0
1.3652,-3.3435,0.56343,7.282,0.13956,0
0.13056,-1.4198,0.45274,3.4135,-0.70906,0
-0.53425,-0.034715,0.29057,-7.2818,-1.1981,0
-0.62923,0.96561,0.13869,-3.1857,-1.1406,0
-0.62923,2.1455,0.017703,7.5096,-2.0467,0
0.22554,2.5302,-0.018336,1.1379,-1.1837,0
0.79538,2.5302,0.0086931,-8.6471,-2.0323,0
0.89035,3.4792,0.015128,0.45525,-1.5002,0
0.98533,4.9925,-0.02992,8.1923,-1.831,0
2.5049,6.0185,-0.0917,-0.9101,-2.2769,0
3.5496,6.6854,-0.18952,-7.2818,-1.8741,0
2.5999,6.788,-0.34268,3.6411,-2.6221,0
-0.7242,6.7623,-0.46753,6.8269,-1.5289,0
-3.6684,6.788,-0.50486,-5.0062,-2.018,0
-3.2885,6.9162,-0.49327,-5.4613,-1.2988,0
-2.3388,7.0958,-0.48812,6.5994,-1.0399,0
-0.24933,7.0701,-0.46496,3.186,-1.1981,0
1.6501,6.6341,-0.4109,-7.7369,-0.36386,0
2.03,5.6851,-0.37357,-3.1857,-1.1837,0
2.5049,4.2487,-0.36456,7.7372,-0.090578,0
4.3094,2.7354,-0.34912,0.45525,-0.34948,0
4.1195,0.91431,-0.3414,-9.3298,0.19709,0
1.9351,-0.26556,-0.35298,0.68281,0.97379,0
1.1753,-0.52205,-0.3607,7.0545,0.51352,0
1.8401,-0.31686,-0.37743,-2.7306,1.6067,0
2.03,-0.57335,-0.41862,-8.192,0.82996,0
1.3652,-1.0863,-0.4405,4.0962,1.4772,0
0.98533,-0.85549,-0.45466,5.4616,1.4916,0
-0.059385,-0.52205,-0.49198,-6.5991,1.2183,0
-0.53425,-0.93244,-0.45595,-5.0062,2.1101,0
-1.579,-1.9328,-0.3414,6.8269,1.2615,0
-2.9086,-2.9074,-0.26546,3.4135,2.0382,0
-1.484,-2.6509,-0.26031,-7.9645,1.2615,0
0.79538,-1.2659,-0.26674,-2.9581,1.2758,0
1.3652,-0.36816,-0.26932,8.1923,1.3909,0
0.98533,0.11918,-0.27189,0.2277,0.64298,0
0.89035,0.83736,-0.22813,-8.192,1.2902,0
0.79538,0.78606,-0.10843,0.91037,0.21147,0
-0.24933,0.35002,0.016416,6.3718,0.71489,0
-0.43928,0.40132,0.092354,-2.503,0.21147,0
-1.579,0.63217,0.12582,-6.5991,-0.13373,0
-1.0091,1.0426,0.12196,4.5513,0.11079,0
0.035589,1.0939,0.12711,5.234,-0.92482,0
-0.34431,0.52957,0.16572,-7.0542,-0.090578,0
-2.5287,-0.23991,0.20433,-3.8684,-1.1118,0
-1.294,-0.95809,0.22621,8.1923,-0.49331,0
-0.7242,-1.548,0.23136,2.9584,-0.594,0
-2.6237,-2.0354,0.16958,-8.192,-0.72345,0
-2.4337,-1.9071,0.079483,-0.68254,0.21147,0
-1.1991,-2.0867,-0.0054649,7.9647,-0.37825,0
-0.62923,-2.3431,-0.065958,0.00013542,0.70051,0
1.3652,-2.4714,-0.094274,-8.192,0.19709,0
3.9295,-1.9584,-0.081403,2.5033,0.64298,0
4.0245,-0.6503,-0.046652,7.282,0.87311,0
2.5999,0.58087,-0.038929,-3.6408,0.36969,0
-0.62923,1.1452,-0.077542,-7.2818,1.1752,0
-2.8136,0.96561,-0.11615,5.4616,0.36969,0
-3.6684,0.37567,-0.099422,4.5513,1.0889,0
-3.3835,-0.47075,-0.033781,-7.2818,0.75804,0
-2.8136,-0.75289,0.030574,-4.5511,0.67174,0
-1.294,-0.57335,0.10394,6.5994,1.3046,0
-1.7689,-0.26556,0.1876,1.3655,0.78681,0
-1.8639,-0.16296,0.2468,-8.192,2.0669,0
-1.1041,0.14483,0.297,-0.9101,1.5204,0
2.125,0.29873,0.39225,7.282,2.0669,0
2.22,0.37567,0.50422,-1.8203,2.0525,0
0.51046,0.14483,0.60075,-7.9645,1.3046,0
0.41548,-0.47075,0.63679,3.186,1.6786,0
-0.15436,-1.1889,0.60333,6.3718,0.41284,0
-0.43928,-1.0094,0.54283,-6.144,1.0169,0
1.4602,-0.6503,0.47977,-6.5991,0.41284,0
2.125,-1.1376,0.44115,5.4616,0.41284,0
3.0747,-1.7532,0.38967,2.9584,0.68613,0
1.7451,-2.0097,0.33561,-7.5093,-0.34948,0
0.89035,-1.9071,0.30086,-4.0959,0.34092,0
0.035589,-1.6506,0.28027,7.5096,-0.80975,0
-0.53425,-1.1376,0.24166,1.8206,-0.34948,0
1.1753,-1.0607,0.17859,-7.5093,-0.46455,0
0.035589,-1.7019,0.12711,0.00013542,-0.43578,0
-1.389,-2.2406,0.093641,7.5096,0.62859,0
-1.6739,-2.4457,0.053741,-0.45498,0.038872,0
-0.34431,-2.1123,-0.006752,-8.192,1.0169,0
-0.43928,-1.4711,-0.055661,3.4135,0.12517,0
-1.389,-1.0863,-0.10328,7.0545,0.29777,0
-1.9589,-0.75289,-0.22556,-5.4613,0.28339,0
-0.62923,-0.26556,-0.41476,-6.8267,-0.29195,0
-2.2438,0.11918,-0.58465,5.9167,0.57106,0
-3.1935,0.58087,-0.68119,4.3238,-0.32071,0
-1.579,1.4786,-0.73396,-7.5093,0.45599,0
0.035589,2.0429,-0.77772,-3.1857,-0.13373,0
-0.059385,2.4276,-0.79445,7.7372,-0.37825,0
0.51046,2.1711,-0.81762,1.1379,-0.018661,0
1.4602,1.1195,-0.83564,-7.7369,-0.5077,0
0.32051,0.52957,-0.80089,-0.22742,0.70051,0
-1.294,0.58087,-0.75326,8.4198,0.28339,0
-1.9589,0.73476,-0.78029,-1.3652,1.1176,0
-2.3388,1.0169,-0.89356,-7.5093,1.3046,0
-3.0036,1.0939,-0.99009,3.6411,1.0889,0
-2.4337,0.73476,-0.97078,6.3718,2.0669,0
-2.2438,0.52957,-0.8794,-5.4613,1.4053,0
-0.34431,0.042233,-0.80346,-6.144,2.4409,0
-0.53425,-1.0094,-0.76613,7.282,1.9662,0
-1.579,-2.3431,-0.70435,4.3238,2.0669,0
-3.0036,-2.9844,-0.63099,-8.192,2.4121,0
-3.2885,-2.9587,-0.56664,-4.0959,1.6498,0
-1.7689,-2.6253,-0.5203,8.4198,2.3978,0
-1.8639,-2.1123,-0.46496,0.45525,1.2758,0
-1.6739,-1.5993,-0.39674,-9.3298,1.506,0
0.89035,-1.112,-0.29249,0.91037,1.0313,0
4.0245,-0.26556,-0.1715,7.282,0.68613,0
7.0636,0.58087,-0.083977,-3.1857,1.4053,0
7.9184,0.78606,-0.014475,-8.192,0.71489,0
4.4044,0.47827,0.066612,3.6411,1.7936,0
1.1753,0.093531,0.11681,5.6891,1.4053,0
1.7451,0.68346,0.13869,-6.8267,1.5779,0
3.7396,1.9659,0.14384,-5.6889,1.7361,0
2.125,2.6585,0.13097,7.0545,0.84434,0
0.41548,3.0945,0.14899,3.6411,1.621,0
0.32051,3.3253,0.29443,-7.5093,0.88749,0
-0.24933,2.5815,0.46432,-2.0479,2.0238,0
-2.5287,1.0939,0.49006,8.1923,2.3402,0
-3.0985,-0.034715,0.37165,0.45525,2.2395,0
-1.7689,-0.52205,0.29185,-8.192,2.5847,0
-0.81917,-0.75289,0.29443,1.8206,1.0889,0
-0.81917,-0.90679,0.29443,7.282,1.3909,0
-1.389,-1.2915,0.27126,-3.1857,0.42722,0
-1.9589,-1.9328,0.2674,-6.8267,0.77243,0
-1.294,-2.6509,0.2571,5.234,1.3046,0
-1.6739,-2.5227,0.20819,6.1442,1.1464,0
-0.81917,-1.4198,0.11552,-5.6889,2.2108,0
1.9351,-0.4451,-0.0041778,-5.0062,1.4484,0
2.125,-0.52205,-0.059523,7.282,1.9519,0
-0.34431,-1.2146,-0.019623,3.4135,1.5491,0
-1.0091,-1.0094,0.042157,-6.8267,1.2471,0
-1.7689,-0.11166,0.07176,-2.0479,1.9806,0
-0.91415,0.37567,0.051167,7.7372,1.506,0
0.60543,-0.13731,-0.045365,0.45525,2.8724,0
2.4099,-0.23991,-0.23585,-7.7369,2.6423,0
1.5552,0.067882,-0.43149,1.5931,2.9299,0
0.13056,0.067882,-0.45723,6.5994,2.8149,0
-1.579,-0.086014,-0.31437,-3.4133,1.7936,0
-1.8639,0.093531,-0.15992,-7.0542,2.182,0
-0.059385,0.60652,-0.12002,4.3238,1.0313,0
1.5552,1.0682,-0.20754,4.7789,1.9087,0
2.03,0.50392,-0.32595,-6.144,1.8799,0
1.3652,-0.82984,-0.38516,-5.6889,2.2395,0
-0.15436,-1.548,-0.37743,5.9167,3.0738,0
-1.389,-1.6506,-0.37229,2.2757,2.3115,0
-0.7242,-1.6763,-0.40446,-7.5093,2.7717,0
1.6501,-1.3685,-0.42248,-2.2755,1.6067,0
1.5552,-1.2659,-0.39288,7.7372,1.7361,0
-0.059385,-1.5737,-0.31565,-0.45498,2.0094,0
-1.579,-2.574,-0.18694,-9.1023,2.1245,0
-2.3388,-3.9591,-0.022197,2.7309,3.5484,0
-4.1432,-5.2159,0.1181,6.8269,3.1169,0
-3.6684,-6.2418,0.16572,-4.5511,4.0375,0
-1.0091,-6.9087,0.15928,-5.9164,3.1313,0
1.3652,-7.1909,0.17215,6.1442,2.6135,0
1.1753,-6.9087,0.22106,3.6411,2.4984,0
0.13056,-6.7805,0.2468,-7.5093,1.7217,0
0.51046,-6.4214,0.25453,-3.4133,2.9443,0
0.60543,-5.0363,0.24552,7.5096,2.5991,0
0.7004,-2.6253,0.23136,0.91037,3.534,0
-0.24933,-0.13731,0.18889,-8.8747,3.5053,0
-0.62923,0.93996,0.11938,0.45525,2.671,0
-1.294,0.93996,0.05889,7.7372,2.9731,0
-1.0091,1.4786,0.026712,-2.503,1.7793,0
-0.62923,2.5815,0.0086931,-7.7369,2.6567,0
-0.7242,3.351,-0.010613,3.6411,2.2683,0
-0.7242,4.0692,-0.02091,6.3718,2.8005,0
-0.53425,5.7107,-0.026058,-5.4613,3.2608,0
-0.81917,7.0701,-0.023484,-6.8267,2.7286,0
-1.8639,8.5578,0.015128,6.3718,3.7498,0
-2.2438,10.764,0.033148,3.8687,2.7717,0
-2.0538,12.508,-0.050513,-7.0542,3.2464,0
-0.15436,12.354,-0.15091,-3.8684,2.8005,0
1.6501,10.712,-0.12259,7.9647,2.4553,0
2.03,8.9425,0.024138,1.8206,3.1745,0
1.4602,7.7883,0.15285,-7.0542,2.4121,0
1.7451,6.4802,0.23522,-0.45498,3.1457,0
0.32051,4.1461,0.3073,7.5096,2.0382,0
-0.34431,2.1711,0.4064,-1.3652,1.7936,0
0.41548,1.1708,0.49006,-8.192,1.132,0
1.4602,0.88866,0.4669,2.2757,-0.26318,0
0.32051,0.37567,0.4064,6.3718,-0.11935,0
-0.34431,-0.36816,0.38324,-5.2337,-1.457,0
0.22554,-0.80419,0.38324,-7.5093,-1.0687,0
-0.15436,-0.4451,0.30858,5.234,-1.7447,0
-0.15436,-0.4964,0.20047,4.0962,-2.0036,0
1.0803,-0.6503,0.12968,-7.0542,-1.8597,0
2.315,-0.13731,0.083344,-3.8684,-2.8953,0
4.0245,-0.0090658,0.026712,7.282,-2.2625,0
4.8792,-0.95809,-0.035068,0.91037,-3.4419,0
3.2647,-1.8045,-0.076255,-8.6471,-3.1974,0
0.7004,-2.3944,-0.080116,0.2277,-3.6577,0
-0.43928,-2.9844,-0.068532,7.0545,-4.1898,0
0.41548,-2.9074,-0.055661,-2.0479,-3.6577,0
0.79538,-2.4201,-0.076255,-7.2818,-4.6357,0
0.7004,-3.3178,-0.13932,3.6411,-3.8159,0
0.035589,-4.6772,-0.22041,6.3718,-4.722,0
0.41548,-4.6772,-0.30793,-6.8267,-5.0241,0
1.5552,-3.9334,-0.42248,-5.2337,-5.585,0
2.22,-3.2152,-0.51387,6.1442,-6.8939,0
1.2702,-3.1383,-0.52545,3.6411,-6.333,0
0.98533,-2.8048,-0.49456,-7.5093,-6.9515,0
0.79538,-2.2149,-0.44951,-1.8203,-5.6138,0
0.79538,-1.625,-0.37872,7.7372,-5.1535,0
-1.294,-1.548,-0.30793,-0.22742,-4.8946,0
-1.6739,-1.7276,-0.22684,-8.4196,-4.4056,0
-0.43928,-1.7019,-0.14447,2.0482,-5.6426,0
-0.24933,-1.112,-0.16249,7.5096,-5.0385,0
0.22554,0.17048,-0.26674,-3.4133,-5.7433,0
0.51046,2.0942,-0.36842,-6.8267,-4.7508,0
-1.1041,3.6075,-0.39931,5.4616,-3.9166,0
-1.7689,3.351,-0.30021,4.7789,-3.6289,0
-1.7689,0.91431,-0.083977,-5.9164,-2.3488,0
-1.1041,-1.4967,0.11938,-3.6408,-3.0536,0
-0.059385,-1.7276,0.23393,7.282,-2.3919,0
-0.15436,-0.0090658,0.2275,1.1379,-3.1974,0
0.32051,3.1971,0.11166,-7.7369,-3.4275,0
0.035589,6.1468,-0.045365,-0.45498,-3.183,0
-0.53425,6.788,-0.16893,7.282,-3.7583,0
-1.484,5.0695,-0.19209,-2.9581,-2.4351,0
-1.294,2.5815,-0.10843,-7.0542,-2.6652,0
-1.6739,1.1965,0.0022576,4.5513,-1.5002,0
-1.8639,0.47827,0.047306,5.4616,-1.4139,0
-1.294,-0.5477,0.033148,-5.9164,-1.6296,0
-1.484,-1.5737,-0.019623,-6.3715,-1.0687,0
0.41548,-1.8045,-0.054374,6.3718,-1.7591,0
-0.62923,-1.0607,-0.11358,3.4135,-0.55085,0
-1.8639,-0.23991,-0.19081,-8.192,-0.66591,0
-1.1991,0.22178,-0.22813,-3.6408,0.24024,0
1.2702,1.0426,-0.19853,7.0545,0.82996,0
1.1753,2.325,-0.14704,0.68281,0.39846,0
-0.91415,3.7614,-0.13932,-7.7369,1.2183,0
-2.0538,4.6591,-0.17793,0.45525,0.36969,0
-3.2885,4.5565,-0.1818,7.7372,1.0601,0
-2.3388,3.9666,-0.12774,-2.503,0.90188,0
-0.15436,3.6844,-0.065958,-7.5093,0.81558,0
2.315,3.7101,-0.046652,2.7309,1.4053,0
2.7898,3.4023,-0.06081,6.3718,0.49914,0
1.4602,2.6328,-0.076255,-5.4613,1.3334,0
1.8401,1.5299,-0.049226,-6.5991,0.39846,0
1.2702,1.1195,0.0022576,6.5994,1.0026,0
0.98533,1.1452,0.033148,5.4616,0.94503,0
1.6501,0.47827,0.046019,-6.3715,0.52791,0
1.2702,-0.82984,0.094928,-4.0959,1.3046,0
-1.0091,-1.2402,0.16057,8.1923,0.51352,0
-1.0091,-0.36816,0.18116,2.2757,1.5923,0
-1.0091,0.83736,0.21077,-7.2818,1.0313,0
-1.8639,1.3503,0.26482,-0.22742,1.1464,0
-2.9086,1.5555,0.30472,8.1923,1.3046,0
-2.7186,1.6838,0.34334,-0.68254,0.31216,0
-2.3388,0.96561,0.41155,-8.192,0.88749,0
-2.4337,-0.29121,0.5068,2.7309,-0.26318,0
-2.9086,-1.1633,0.5364,7.5096,0.19709,0
-2.5287,-1.3172,0.48878,-4.0959,0.024489,0
-0.24933,-1.1889,0.42442,-7.2818,-0.13373,0
0.60543,-1.3428,0.38838,5.0064,0.45599,0
-0.24933,-1.4454,0.37551,4.7789,-0.47893,0
-1.484,-1.7789,0.39611,-7.5093,0.11079,0
-1.9589,-2.6766,0.39868,-3.8684,-0.80975,0
-1.1041,-3.3178,0.36007,7.5096,-0.34948,0
-0.34431,-3.4717,0.35878,2.0482,0.024489,0
1.2702,-3.4974,0.35621,-7.7369,0.22586,0
2.125,-3.3435,0.31631,-1.1377,1.506,0
2.22,-3.4204,0.23651,7.5096,0.93064,0
1.4602,-3.6,0.16443,-1.5928,1.7936,0
1.0803,-3.6256,0.16057,-7.7369,0.98818,0
0.7004,-3.8052,0.19017,2.2757,0.80119,0
1.0803,-3.8052,0.2069,5.9167,0.94503,0
1.6501,-3.4717,0.1876,-4.0959,0.32654,0
2.125,-3.4974,0.13611,-6.5991,1.319,0
2.4099,-3.3435,0.046019,5.9167,0.38407,0
3.3597,-2.7535,-0.053087,4.5513,0.87311,0
3.4546,-1.9584,-0.15605,-7.5093,0.19709,0
1.7451,-1.4711,-0.24358,-4.5511,-0.2488,0
0.035589,-1.5224,-0.2912,7.282,0.11079,0
-0.7242,-1.9584,-0.31308,2.2757,-0.60838,0
-2.4337,-2.3688,-0.33367,-7.2818,0.45599,0
-2.2438,-2.0867,-0.31823,0.00013542,-0.1625,0
-0.53425,-1.2402,-0.23714,7.282,0.47037,0
-0.34431,-0.3938,-0.1612,-1.1377,0.51352,0
-1.389,-0.34251,-0.13546,-8.192,0.18271,0
0.7004,-0.36816,-0.16378,3.186,0.87311,0
0.79538,0.067882,-0.19982,6.3718,-0.018661,0
0.035589,0.83736,-0.26546,-6.3715,0.84434,0
0.41548,1.4016,-0.38258,-5.2337,0.19709,0
0.89035,2.1711,-0.50872,7.0545,0.28339,0
1.6501,2.7354,-0.56921,4.5513,0.47037,0
0.98533,2.6585,-0.56664,-7.9645,-0.43578,0
0.13056,1.812,-0.55376,-2.0479,0.31216,0
-0.43928,1.0939,-0.51387,7.9647,-0.78098,0
-0.24933,0.63217,-0.42248,1.1379,-0.26318,0
0.32051,0.27308,-0.29763,-8.192,-0.57961,0
-1.8639,0.45262,-0.17922,1.3655,-0.98235,0
-1.294,1.2477,-0.086552,7.7372,-0.30633,0
-0.059385,1.7351,-0.045365,-2.7306,-1.0687,0
1.7451,1.299,-0.033781,-7.9645,0.067639,0
2.22,0.45262,-0.00031657,4.3238,-0.49331,0
2.125,-0.72725,0.10522,5.234,-0.047428,0
0.32051,-1.3428,0.24423,-5.6889,0.067639,0
-1.484,-0.93244,0.31373,-6.144,-0.69468,0
-2.0538,-0.72725,0.34334,6.3718,-0.076195,0
-2.2438,-1.4454,0.37294,2.9584,-1.3276,0
-2.2438,-2.0354,0.40126,-8.8747,-0.75222,0
-2.0538,-1.9841,0.41927,-2.9581,-1.1406,0
-2.0538,-1.5737,0.41799,7.282,-1.1262,0
0.035589,-1.8302,0.40769,-0.22742,-0.60838,0
2.22,-2.2662,0.40254,-7.9645,-1.4139,0
2.5049,-1.5224,0.42442,1.5931,-0.49331,0
2.22,0.042233,0.47205,6.3718,-1.2269,0
0.32051,1.1708,0.51967,-4.5511,-0.73783,0
-0.7242,1.2734,0.50551,-7.0542,-0.66591,0
-1.7689,1.0169,0.41927,4.5513,-1.1118,0
-2.9086,0.45262,0.32403,4.7789,-0.061812,0
-2.7186,0.042233,0.22235,-7.0542,-0.56523,0
-2.2438,0.52957,0.11681,-5.0062,0.62859,0
-1.0091,1.3247,0.096215,6.8269,0.44161,0
0.13056,1.5299,0.14899,2.5033,0.78681,0
0.79538,1.0426,0.17087,-8.192,1.1752,0
0.51046,0.78606,0.13998,-1.5928,0.51352,0
0.60543,0.91431,0.069186,7.9647,1.3334,0
-0.059385,0.50392,0.01899,-2.0479,0.38407,0
-0.62923,-0.034715,0.0022576,-7.7369,0.98818,0
0.32051,0.093531,-0.00031657,3.186,0.61421,0
1.5552,0.22178,-0.0054649,6.8269,0.22586,0
1.0803,0.093531,-0.045365,-4.5511,0.80119,0
0.035589,0.17048,-0.10586,-5.6889,-0.047428,0
0.60543,0.73476,-0.12388,6.8269,0.91626,0
0.89035,0.76041,-0.089126,3.6411,0.41284,0
0.60543,-0.13731,-0.0518,-7.7369,0.84434,0
0.51046,-0.67595,-0.022197,-2.9581,1.2183,0
-0.059385,-0.5477,-0.018336,8.6474,0.67174,0
0.51046,-0.16296,-0.006752,1.3655,1.7073,0
0.7004,-0.23991,0.042157,-7.9645,0.84434,0
-0.15436,-0.6503,0.10394,0.45525,1.4053,0
-0.7242,-0.4451,0.16186,7.0545,1.1464,0
-1.579,0.27308,0.20304,-2.503,0.70051,0
-2.1488,0.99126,0.20562,-7.2818,1.2183,0
-2.1488,1.7094,0.17988,4.7789,0.082022,0
-1.0091,2.4533,0.16057,5.234,0.84434,0
0.13056,2.3763,0.20047,-7.0542,0.15394,0
0.51046,1.8377,0.29443,-5.6889,0.67174,0
-0.91415,1.2734,0.3472,6.5994,1.2758,0
-1.579,1.4786,0.32918,3.186,1.1176,0
0.51046,1.4273,0.29057,-7.9645,2.1101,0
1.2702,1.0169,0.22621,-3.1857,1.132,0
0.79538,0.60652,0.11423,7.5096,1.7361,0
-0.059385,0.37567,0.0022576,0.2277,1.3334,0
-0.7242,0.27308,-0.028633,-8.6471,1.5491,0
-0.7242,0.14483,0.012554,1.1379,2.3546,0
-1.6739,0.27308,0.067899,7.0545,1.6354,0
-3.0036,-0.18861,0.11295,-2.9581,2.4409,0
-3.5734,-0.47075,0.18889,-7.2818,1.2039,0
-2.8136,-0.34251,0.22364,5.234,1.3046,0
-1.1041,-0.7016,0.12839,5.9167,0.82996,0
0.89035,-1.2915,0.020277,-6.3715,0.26901,0
1.1753,-2.5227,-0.071106,-4.7786,1.2039,0
-0.15436,-3.8308,-0.17021,7.282,0.80119,0
-1.389,-4.8568,-0.19467,3.6411,2.1532,0
-2.1488,-5.8827,-0.090413,-7.9645,1.7793,0
-3.0036,-6.4983,0.0086931,-0.9101,1.8656,0
-0.91415,-6.8831,0.039583,7.5096,1.6786,0
-1.484,-6.6009,0.021564,-1.1377,0.91626,0
-1.579,-5.9084,-0.031207,-7.5093,2.0382,0
2.03,-5.2928,-0.10071,3.4135,1.6354,0
5.1642,-4.8568,-0.13546,7.5096,3.0019,0
3.4546,-3.7026,-0.15091,-5.4613,2.6998,0
0.51046,-1.8302,-0.16635,-5.6889,2.3978,0
-1.389,-0.5477,-0.16764,6.3718,2.4121,0
-2.0538,-0.4451,-0.15863,3.8687,1.1464,0
-2.1488,-0.4964,-0.13675,-7.7369,2.0957,0
-1.1991,0.50392,-0.073681,-3.4133,1.7649,0
0.22554,1.7351,0.013841,8.1923,2.8724,0
-0.059385,2.9663,0.094928,1.3655,3.3183,0
-0.81917,4.2744,0.082057,-8.192,2.7861,0
-2.6237,5.8646,-0.0518,2.0482,3.1025,0
-3.0985,8.1987,-0.2217,6.8269,1.7936,0
-1.7689,10.148,-0.31565,-2.7306,2.4265,0
-0.91415,10.789,-0.35813,-6.8267,2.0094,0
-0.53425,10.507,-0.36714,5.0064,2.182,0
0.22554,9.0708,-0.32466,5.234,2.4409,0
-1.0091,7.2753,-0.22427,-7.2818,1.4053,0
-1.1991,5.4542,-0.15863,-5.4613,1.7073,0
0.22554,3.9922,-0.14447,6.5994,0.18271,0
-0.34431,3.274,-0.14704,2.0482,0.26901,0
-1.389,2.5559,-0.14576,-8.4196,-0.34948,0
-1.484,1.2477,-0.13804,-1.3652,-0.80975,0
1.8401,0.016583,-0.12903,7.7372,-0.60838,0
5.2591,-0.599,-0.099422,-1.3652,-1.9604,0
5.734,-1.1376,-0.035068,-8.6471,-1.5433,0
5.2591,-1.9328,0.037009,2.5033,-2.5933,0
4.2144,-2.2406,0.074335,6.5994,-2.1186,0
3.0747,-1.6763,0.083344,-4.5511,-1.8597,0
3.1697,-0.34251,0.08978,-6.3715,-2.507,0
2.5999,0.47827,0.07176,5.0064,-2.2912,0
0.51046,0.016583,0.022851,3.6411,-4.0316,0
1.2702,-0.7016,-0.0119,-7.0542,-3.9453,0
1.2702,-0.29121,-0.027345,-3.1857,-4.8371,0
0.89035,0.50392,-0.028633,7.5096,-4.9666,0
0.89035,1.1708,-0.073681,2.2757,-4.4056,0
0.79538,1.299,-0.12774,-7.2818,-4.8515,0
0.035589,0.70911,-0.10843,-0.22742,-3.4563,0
-2.1488,0.32437,-0.074968,7.7372,-3.859,0
-2.1488,0.29873,-0.102,-2.0479,-3.2262,0
0.51046,0.68346,-0.1715,-7.9645,-3.4563,0
1.1753,0.70911,-0.19595,4.0962,-3.9022,0
0.98533,0.042233,-0.15348,5.9167,-3.1111,0
0.7004,-0.80419,-0.094274,-5.4613,-3.5714,0
0.035589,-1.4711,-0.037642,-5.4613,-2.4638,0
0.60543,-1.3172,0.0061189,7.0545,-2.809,0
1.3652,-1.1633,0.11423,4.0962,-2.6221,0
0.32051,-1.7789,0.2571,-7.0542,-2.2193,0
-0.34431,-2.3944,0.28799,-2.0479,-3.1111,0
-0.7242,-2.1123,0.18374,7.9647,-2.6221,0
0.13056,-0.5477,0.091067,0.68281,-3.8303,0
-0.91415,1.3247,0.034435,-8.6471,-3.1686,0
-0.91415,2.2737,-0.04279,0.00013542,-2.881,0
-0.62923,1.4273,-0.089126,7.282,-2.3775,0
-1.579,-0.41945,-0.10328,-3.6408,-1.1262,0
-1.8639,-1.5224,-0.14962,-7.0542,-1.7159,0
-1.389,-1.8558,-0.21912,4.3238,-1.083,0
-1.8639,-1.7532,-0.28862,5.4616,-2.3919,0
-2.9086,-1.5993,-0.27833,-6.3715,-2.6364,0
-1.484,-2.2149,-0.15863,-4.7786,-2.8378,0
0.22554,-3.4204,-0.046652,6.8269,-3.4419,0
0.60543,-3.8565,-0.026058,1.1379,-2.2912,0
1.0803,-3.4204,-0.06081,-8.192,-2.694,0
2.6949,-2.9844,-0.086552,-2.0479,-1.644,0
1.6501,-2.7535,-0.086552,7.7372,-2.0323,0
-0.7242,-2.497,-0.058236,-0.9101,-2.3632,0
-1.7689,-2.5996,-0.0080391,-7.2818,-2.1043,0
-1.294,-2.9074,0.042157,1.5931,-3.0823,0
-0.53425,-3.3435,0.064038,6.1442,-2.2481,0
-0.62923,-3.2152,0.10136,-4.5511,-3.0679,0
0.22554,-2.3175,0.16829,-6.3715,-2.2049,0
0.60543,-1.4967,0.20562,6.1442,-1.7303,0
-0.15436,-1.5224,0.23651,4.0962,-1.6296,0
-1.484,-1.8302,0.25324,-6.8267,-0.79537,0
-2.0538,-1.7019,0.2069,-2.503,-2.1186,0
-1.484,0.067882,0.13611,7.7372,-1.7303,0
-0.62923,2.6585,0.12196,0.91037,-2.7947,0
-0.81917,4.1974,0.16057,-7.7369,-2.4495,0
-1.484,3.8896,0.19403,0.68281,-1.7447,0
-1.0091,2.8637,0.17215,7.7372,-1.9029,0
0.22554,2.2481,0.12196,-2.7306,-0.91043,0
0.7004,2.0942,0.085918,-7.2818,-1.9892,0
0.89035,2.402,0.087205,4.3238,-1.6728,0
1.8401,2.6328,0.1078,6.5994,-2.0899,0
2.315,2.1455,0.11423,-4.5511,-1.7591,0
2.22,1.6068,0.12711,-6.144,-0.65153,0
1.3652,1.5299,0.13225,7.0545,-0.79537,0
-0.91415,1.7864,0.11681,3.6411,0.35531,0
-1.9589,1.7607,0.085918,-7.2818,-0.37825,0
-2.3388,1.2477,0.062751,-2.7306,0.067639,0
-3.0985,0.27308,0.060177,7.282,0.45599,0
-1.484,-1.3172,0.043444,0.91037,0.71489,0
0.32051,-2.9074,-0.013187,-7.9645,2.3402,0
0.79538,-3.6256,-0.080116,1.1379,1.9519,0
2.6949,-3.4461,-0.15219,6.3718,3.1025,0
1.4602,-3.3948,-0.15863,-3.1857,2.8868,0
-0.62923,-3.7539,-0.072394,-6.8267,3.534,0
0.035589,-3.523,0.013841,5.234,4.2388,0
-0.24933,-2.7535,0.031861,4.5513,3.8936,0
-0.43928,-2.3944,0.04988,-6.8267,4.7422,0
0.13056,-2.7535,0.091067,-4.7786,3.6779,0
0.035589,-2.574,0.10136,6.8269,4.5265,0
0.51046,-1.4454,0.053741,1.8206,4.5265,0
0.89035,-0.11166,0.043444,-8.192,4.7854,0
0.41548,0.76041,0.10008,-0.9101,5.3607,0
-1.0091,1.1452,0.18374,6.5994,4.2244,0
-1.1041,0.99126,0.24037,-1.3652,4.4114,0
-0.91415,0.60652,0.2571,-7.7369,3.0019,0
-1.579,0.65782,0.23265,2.2757,3.3183,0
-1.0091,1.3247,0.14899,6.1442,3.4477,0
-0.62923,1.7864,0.04087,-5.0062,3.045,0
-0.53425,2.1198,-0.026058,-6.3715,3.534,0
0.22554,2.5559,-0.047939,5.9167,1.9806,0
-0.34431,2.5815,-0.071106,4.7789,1.7936,0
-3.2885,2.4276,-0.16249,-7.0542,0.13956,0
-3.6684,2.6072,-0.3208,-4.3235,-0.60838,0
-2.7186,2.5559,-0.41605,6.8269,-1.0111,0
-0.53425,2.2224,-0.37615,1.3655,-2.1762,0
-0.24933,1.6068,-0.2912,-8.6471,-1.5433,0
0.13056,0.067882,-0.20368,-0.9101,-2.6796,0
0.035589,-1.4711,-0.12645,7.7372,-2.3344,0
0.32051,-1.5224,-0.077542,-0.68254,-2.7659,0
0.7004,-0.21426,-0.056948,-8.192,-3.183,0
0.79538,0.68346,-0.032494,2.0482,-2.7227,0
0.79538,0.88866,0.01899,7.7372,-3.7152,0
0.51046,0.52957,0.074335,-3.8684,-2.8234,0
-2.0538,0.29873,0.085918,-6.8267,-3.2981,0
-2.2438,0.32437,0.098789,5.4616,-2.7371,0
-0.53425,0.58087,0.11166,4.7789,-2.2337,0
0.60543,0.83736,0.094928,-6.8267,-2.5789,0
0.7004,1.9403,0.021564,-4.7786,-1.5433,0
-1.1041,2.9663,-0.071106,7.0545,-2.3344,0
-1.1041,2.402,-0.098135,3.4135,-1.831,0
-0.53425,0.88866,-0.077542,-7.7369,-2.5645,0
0.60543,-0.13731,-0.063384,-2.0479,-3.1111,0
2.5999,-1.3685,-0.063384,7.282,-2.881,0
4.4044,-1.9071,-0.04279,0.00013542,-3.5426,0
4.2144,-1.5224,-0.032494,-7.9645,-2.2337,0
2.8848,-0.72725,-0.068532,0.91037,-2.7371,0
0.51046,-0.41945,-0.13417,7.5096,-1.946,0
0.51046,-0.5477,-0.19853,-3.4133,-2.2049,0
-0.24933,-0.75289,-0.22041,-7.5093,-3.1255,0
0.79538,-1.5224,-0.14704,5.234,-2.9529,0
1.8401,-2.4457,-0.044078,4.5513,-3.9022,0
1.6501,-2.3431,0.038296,-6.5991,-2.5358,0
0.32051,-1.7276,0.096215,-4.0959,-2.5358,0
-0.34431,-0.95809,0.083344,6.5994,-1.9604,0
-0.53425,-1.112,0.025425,2.0482,-1.8454,0
0.035589,-0.95809,-0.0016037,-7.9645,-2.8522,0
-0.059385,-0.16296,-0.0041778,-1.3652,-2.3056,0
0.22554,0.22178,-0.0080391,7.282,-3.4131,0
0.79538,-0.034715,-0.027345,-1.5928,-2.6796,0
2.7898,-0.0090658,-0.015762,-7.5093,-2.6652,0
2.315,-0.034715,0.0035447,2.9584,-2.4782,0
-0.34431,-0.11166,-0.00031657,6.5994,-1.457,0
-0.62923,0.067882,-0.022197,-5.6889,-2.2049,0
0.22554,0.47827,-0.08269,-6.3715,-1.7015,0
0.60543,0.58087,-0.15734,6.3718,-3.1542,0
0.7004,0.42697,-0.21912,3.4135,-3.3268,0
0.7004,-0.13731,-0.21655,-6.8267,-3.5138,0
1.6501,-0.62465,-0.2011,-3.4133,-3.744,0
1.2702,-0.85549,-0.2217,8.4198,-2.3488,0
-0.059385,-0.5477,-0.22942,2.5033,-2.694,0
0.41548,-0.16296,-0.16249,-7.7369,-1.7015,0
0.79538,0.63217,-0.032494,0.00013542,-2.3775,0
0.7004,2.0172,0.075622,7.282,-2.9097,0
0.7004,3.3253,0.055028,-2.503,-3.0104,0
0.89035,3.5818,-0.044078,-7.9645,-3.9166,0
0.7004,2.915,-0.102,3.4135,-2.6652,0
0.51046,1.6068,-0.077542,6.1442,-2.8234,0
0.79538,0.24743,0.024138,-4.7786,-1.6871,0
-0.62923,-0.7016,0.12582,-5.2337,-1.5145,0
1.0803,-1.5224,0.16572,6.3718,-1.9317,0
2.03,-2.2406,0.20562,2.5033,-1.4714,0
2.315,-2.574,0.26997,-8.192,-2.4207,0
2.315,-2.2662,0.28928,-2.0479,-1.3419,0
2.125,-1.2659,0.25839,7.9647,-1.6584,0
1.3652,-0.41945,0.22364,-0.22742,-1.0399,0
-0.15436,-0.21426,0.20304,-7.2818,-0.82413,0
-0.53425,-0.29121,0.21849,1.8206,-1.2988,0
0.22554,-0.36816,0.2468,5.9167,-0.3351,0
0.89035,-0.67595,0.27769,-5.9164,-0.82413,0
2.6949,-1.5993,0.32532,-7.2818,0.29777,0
2.7898,-2.7792,0.38581,5.9167,0.15394,0
2.22,-3.9078,0.44115,3.4135,0.024489,0
1.3652,-4.3951,0.47076,-6.8267,0.57106,0
-0.059385,-3.7795,0.43729,-3.8684,-0.004278,0
-1.294,-2.3944,0.34205,7.5096,1.0889,0
-1.1041,-1.5737,0.23393,1.3655,0.38407,0
0.13056,-1.8045,0.19661,-8.4196,0.64298,0
-1.389,-2.2919,0.21334,-0.22742,0.57106,0
-2.7186,-1.9071,0.20948,7.282,0.12517,0
-1.579,-0.34251,0.12067,-1.8203,1.0313,0
-1.7689,1.5555,0.0035447,-7.5093,0.24024,0
-2.1488,2.5302,-0.065958,2.7309,0.94503,0
-2.1488,2.9919,-0.081403,6.3718,0.57106,0
-1.8639,3.2227,-0.069819,-5.2337,0.75804,0
-0.24933,3.0432,-0.045365,-5.9164,1.5491,0
2.6949,2.3507,-0.0028907,6.1442,1.2039,0
3.3597,1.9403,0.0048318,4.3238,2.2683,0
2.6949,2.0172,-0.063384,-7.5093,1.2327,0
-0.34431,2.1968,-0.1715,-2.2755,1.3909,0
-1.0091,2.0172,-0.3015,8.1923,1.1464,0
-0.91415,1.7094,-0.42892,1.3655,0.81558,0
-1.484,2.4533,-0.57307,-7.9645,1.6354,0
-1.1041,3.6588,-0.71851,0.91037,0.98818,0
-0.81917,3.9922,-0.8099,8.1923,2.182,0
-0.7242,3.8127,-0.82019,-1.3652,1.5923,0
-0.34431,3.787,-0.78029,-7.9645,1.6067,0
0.32051,3.0945,-0.67346,4.0962,1.1032,0
0.7004,1.7864,-0.51773,6.3718,-0.23441,0
-0.24933,0.58087,-0.36714,-6.5991,0.13956,0
-0.43928,0.22178,-0.19982,-5.9164,-0.86728,0
0.22554,0.35002,-0.038929,5.4616,-0.10496,0
-0.24933,0.042233,0.065325,3.186,-0.37825,0
-1.389,-0.57335,0.10909,-7.2818,-0.37825,0
-1.294,-0.6503,0.12968,-3.8684,-0.033045,0
-1.579,-0.26556,0.15413,7.5096,-1.0687,0
0.51046,-0.57335,0.21205,1.8206,-0.6803,0
1.0803,-2.1893,0.31631,-8.6471,-2.018,0
0.035589,-4.985,0.42828,-0.68254,-1.6008,0
-0.34431,-7.1396,0.47719,7.282,-1.5577,0
0.32051,-7.3961,0.46304,-0.9101,-1.5145,0
1.4602,-5.9597,0.39997,-8.192,-0.66591,0
1.1753,-3.6513,0.35878,1.5931,-1.5002,0
0.98533,-1.1633,0.33304,6.8269,-0.66591,0
0.79538,0.76041,0.27898,-3.8684,-1.2413,0
0.89035,1.4273,0.21463,-7.5093,-0.62276,0
-0.91415,1.0682,0.19017,5.234,-0.033045,0
-0.15436,0.99126,0.20562,4.7789,-0.5077,0
-0.15436,1.5042,0.21077,-6.8267,0.25462,0
0.22554,1.5555,0.18374,-3.8684,-0.79537,0
-0.15436,0.83736,0.17473,7.0545,-0.1625,0
0.22554,0.81171,0.22621,1.8206,-0.14811,0
0.7004,0.93996,0.31888,-7.9645,0.010105,0
-0.15436,0.45262,0.36007,0.2277,0.85873,0
-0.43928,-0.75289,0.30858,7.282,0.34092,0
0.13056,-1.6763,0.19275,-2.0479,1.5635,0
1.4602,-0.95809,0.082057,-7.2818,0.94503,0
-0.62923,0.35002,0.0048318,3.186,1.4341,0
-1.8639,0.78606,-0.017049,6.8269,1.6786,0
-1.1041,0.11918,-0.017049,-5.2337,1.9231,0
-0.62923,-1.2915,-0.024771,-5.4613,3.6779,0
-1.6739,-3.2152,-0.036355,6.8269,3.7642,0
-1.8639,-4.7798,-0.0028907,4.0962,5.3463,0
-1.294,-5.575,0.052454,-6.8267,5.2888,0
-0.53425,-4.8311,0.055028,-2.0479,6.2237,0
-0.62923,-3.1383,0.042157,7.0545,7.0724,0
-1.7689,-1.6763,0.031861,0.91037,6.9717,0
-2.3388,-0.7016,0.021564,-8.4196,8.036,0
-1.7689,-0.41945,-0.006752,0.45525,7.2737,0
-0.24933,-0.4964,-0.065958,7.0545,8.0217,0
0.41548,-0.4451,-0.15605,-2.2755,7.5758,0
-0.059385,0.093531,-0.21269,-7.5093,7.058,0
0.41548,0.81171,-0.24358,2.9584,6.6696,0
1.4602,0.99126,-0.24229,5.9167,4.9724,0
0.32051,1.376,-0.22298,-5.0062,4.9724,0
0.41548,2.4276,-0.26417,-6.144,3.3614,0
-0.15436,3.4023,-0.35555,6.3718,2.9012,0
-0.53425,4.0435,-0.42377,2.9584,1.7936,0
0.22554,5.0951,-0.46496,-7.5093,0.096406,0
0.89035,6.3007,-0.54089,-1.5928,-0.5077,0
1.5552,7.1727,-0.60396,7.7372,-2.4495,0
1.0803,7.0958,-0.63485,0.00013542,-2.2769,0
-0.059385,5.9416,-0.65802,-9.1023,-3.0536,0
-0.53425,3.9666,-0.65287,1.5931,-2.7515,0
0.22554,1.6581,-0.59238,6.1442,-2.4638,0
0.79538,-0.34251,-0.50486,-3.8684,-3.2405,0
1.7451,-2.1123,-0.38773,-7.2818,-2.5358,0
2.22,-3.01,-0.29377,4.3238,-3.4851,0
1.2702,-2.9074,-0.31437,5.234,-2.9529,0
-0.059385,-2.2919,-0.40961,-7.2818,-3.557,0
-1.484,-1.7789,-0.45981,-5.0062,-4.0604,0
-1.0091,-1.3428,-0.45466,7.0545,-3.7727,0
-0.81917,-0.98374,-0.43278,1.5931,-4.7364,0
-1.6739,-0.67595,-0.42119,-8.192,-3.7583,0
-0.81917,-0.3938,-0.38773,-1.1377,-4.607,0
0.22554,0.14483,-0.32209,7.7372,-4.2761,0
-0.24933,0.63217,-0.24486,0.68281,-4.0604,0
-0.62923,1.1965,-0.2011,-7.2818,-4.2042,0
0.13056,1.7607,-0.18823,2.5033,-3.1399,0
-1.1041,1.9659,-0.16378,7.9647,-3.859,0
-0.91415,2.5559,-0.1316,-3.1857,-2.7803,0
0.32051,3.9153,-0.099422,-6.8267,-2.8378,0
0.60543,5.9929,-0.08269,5.0064,-2.6364,0
-1.0091,7.737,-0.102,5.9167,-2.3344,0
-1.0091,8.3526,-0.1213,-5.9164,-3.4707,0
-1.8639,7.5575,-0.10972,-5.0062,-2.9673,0
-1.9589,5.9159,-0.086552,7.9647,-4.046,0
-2.0538,3.9153,-0.019623,2.7309,-3.557,0
-0.24933,1.7864,0.097502,-7.7369,-3.5426,0
0.51046,0.093531,0.21205,-2.2755,-3.8015,0
1.8401,-0.85549,0.28928,7.282,-2.9097,0
3.0747,-1.1633,0.33433,-0.45498,-3.5138,0
1.7451,-1.3685,0.39353,-7.5093,-2.3919,0
1.0803,-2.2149,0.46561,2.5033,-2.7659,0
1.8401,-3.1896,0.49393,5.9167,-2.5214,0
1.8401,-3.8308,0.52095,-4.0959,-2.3775,0
0.60543,-4.7542,0.58016,-7.7369,-2.8666,0
0.60543,-5.8315,0.60333,5.4616,-1.7878,0
1.6501,-6.6779,0.58402,4.5513,-2.3056,0
2.4099,-7.1396,0.52868,-7.2818,-1.2556,0
4.1195,-7.2165,0.46046,-4.3235,-1.5145,0
3.8345,-7.1652,0.45789,7.0545,-1.3132,0
-0.059385,-6.9857,0.49779,2.7309,-1.0543,0
-0.91415,-6.4214,0.49779,-7.5093,-2.133,0
-0.53425,-5.6776,0.47076,0.00013542,-1.9029,0
1.0803,-4.9337,0.45145,7.5096,-3.0392,0
1.1753,-4.7285,0.44759,-1.1377,-2.0611,0
0.79538,-4.5746,0.42314,-7.9645,-1.9029,0
0.13056,-3.9078,0.39611,2.5033,-1.7591,0
-0.62923,-2.8561,0.38324,6.1442,-1.1693,0
0.22554,-2.1123,0.38195,-5.0062,-2.133,0
-0.059385,-1.4711,0.38967,-5.4613,-1.4139,0
0.22554,-0.95809,0.36779,6.5994,-2.2193,0
0.035589,0.14483,0.28027,3.8687,-1.4858,0
-1.579,1.812,0.13225,-7.9645,-0.69468,0
-1.8639,3.1971,-0.031207,-2.2755,0.067639,0
-1.1991,4.1461,-0.13031,7.9647,2.182,0
-0.62923,3.9153,-0.1419,1.1379,1.9806,0
0.22554,2.915,-0.10586,-7.9645,2.5704,0
0.79538,1.5812,-0.036355,1.3655,1.2327,0
-0.15436,-0.23991,0.05889,7.282,0.87311,0
-0.53425,-1.7789,0.15285,-3.1857,1.319,0
-0.91415,-1.9071,0.19017,-7.2818,1.0889,0
-1.389,-1.4711,0.16314,4.5513,2.4265,0
-1.1041,-1.1376,0.16314,5.234,1.4628,0
0.13056,-0.62465,0.1876,-6.3715,1.7649,0
-1.0091,0.50392,0.17087,-4.0959,0.97379,0
-0.91415,1.4273,0.11423,7.0545,-0.004278,0
-0.81917,0.78606,0.08077,2.0482,0.038872,0
-3.4784,-0.23991,0.087205,-7.7369,-1.1693,0
-3.5734,-0.67595,0.07176,0.00013542,0.067639,0
-2.1488,-0.80419,0.042157,7.7372,0.024489,0
-1.7689,-0.34251,0.011267,-1.5928,1.0313,0
-0.81917,0.83736,0.007406,-8.6471,1.4628,0
0.22554,2.2224,0.021564,2.2757,0.49914,0
0.89035,2.7867,-0.0093262,7.7372,0.78681,0
1.9351,3.1201,-0.10972,-3.6408,-0.56523,0
3.0747,3.6844,-0.20239,-6.3715,-0.033045,0
1.6501,4.3,-0.20625,4.5513,-0.3351,0
0.13056,4.7873,-0.15734,4.3238,-0.36386,0
0.13056,4.6848,-0.11101,-7.5093,0.45599,0
-0.34431,4.0435,-0.094274,-4.0959,0.28339,0
-2.4337,2.915,-0.11229,6.8269,2.0238,0
-1.389,1.8633,-0.13031,2.2757,1.9519,0
-0.15436,0.91431,-0.10843,-7.7369,2.8724,0
-2.0538,0.24743,-0.072394,-2.2755,2.4697,0
-2.5287,-0.21426,-0.073681,7.282,1.7217,0
-1.1041,-0.41945,-0.092987,-0.45498,2.2108,0
-0.91415,-0.41945,-0.102,-8.4196,1.6067,0
-2.4337,-0.67595,-0.12774,0.91037,2.6998,0
-2.4337,-0.90679,-0.16635,6.8269,1.9231,0
-1.1991,-1.1633,-0.1612,-4.5511,2.0094,0
-0.7242,-1.4711,-0.102,-6.8267,1.7505,0
-0.81917,-1.7532,-0.037642,4.7789,0.77243,0
-0.62923,-1.9328,0.0035447,5.9167,1.506,0
-0.53425,-2.4714,0.016416,-7.0542,0.77243,0
1.2702,-2.9074,0.0022576,-3.8684,1.9806,0
1.7451,-2.7535,-0.045365,7.0545,2.1964,0
0.60543,-1.9584,-0.15863,2.5033,2.3834,0
-0.15436,-1.2659,-0.28862,-7.5093,3.1745,0
1.0803,-1.0607,-0.31179,0.45525,2.7717,0
1.3652,-1.0094,-0.27061,9.1025,4.3107,0
1.1753,-0.7016,-0.23199,-1.1377,3.9368,0
1.7451,-0.29121,-0.19338,-7.5093,4.3251,0
3.1697,0.042233,-0.16378,3.186,4.2532,0
2.6949,0.73476,-0.15091,5.9167,3.6635,0
2.22,1.4016,-0.15734,-4.7786,4.6559,0
0.41548,1.6581,-0.1818,-6.3715,4.2101,0
-1.294,1.4273,-0.1612,5.0064,5.4902,0
-1.9589,1.0939,-0.10843,4.3238,5.6484,0
-1.1041,1.0682,-0.074968,-6.5991,6.0943,0
-0.53425,0.83736,-0.058236,-4.0959,6.871,0
0.89035,0.42697,-0.072394,7.282,6.1662,0
0.13056,-0.29121,-0.099422,1.8206,6.871,0
-0.53425,-1.3685,-0.069819,-7.9645,5.6484,0
-1.294,-2.3175,0.024138,0.00013542,5.821,0
-0.34431,-2.3688,0.11681,7.282,5.8066,0
-1.294,-1.9841,0.16186,-3.1857,5.5909,0
-2.7186,-2.1123,0.1876,-7.9645,6.6121,0
-1.7689,-2.2406,0.19532,4.3238,5.9217,0
-1.7689,-1.9328,0.18374,5.9167,6.7559,0
-1.1041,-1.8302,0.18374,-6.5991,6.1662,0
-0.059385,-1.8302,0.19146,-4.5511,5.8929,0
-0.059385,-1.5737,0.19661,6.1442,5.6916,0
0.32051,-0.98374,0.20433,3.6411,4.4114,0
-1.1041,-0.5477,0.24809,-7.5093,4.9005,0
-0.7242,-0.3938,0.30472,-2.503,3.8505,0
0.13056,-0.599,0.33433,7.7372,4.3827,0
0.7004,-0.67595,0.31502,0.68281,3.7786,0
1.5552,-0.26556,0.26482,-8.192,2.8868,0
1.1753,0.68346,0.22235,0.91037,2.5272,0
0.035589,1.1708,0.17601,7.7372,0.67174,0
-1.6739,1.0939,0.087205,-2.503,0.55667,0
-0.24933,1.4016,-0.023484,-7.5093,-0.91043,0
0.51046,1.7864,-0.102,4.0962,-0.8529,0
-1.484,1.0682,-0.15605,5.6891,-0.92482,0
-2.8136,0.016583,-0.17922,-5.6889,-1.6152,0
-2.5287,-0.4964,-0.18308,-5.4613,-1.3563,0
-0.34431,-0.62465,-0.23843,6.8269,-3.0823,0
0.51046,-0.88114,-0.30922,3.8687,-3.0248,0
-0.24933,-1.1633,-0.30278,-7.2818,-3.8303,0
-0.62923,-0.82984,-0.23843,-1.8203,-3.6001,0
-0.62923,-0.3938,-0.18566,8.1923,-2.8666,0
-1.294,-0.3938,-0.1715,0.45525,-3.2693,0
-1.1041,-0.6503,-0.1715,-7.7369,-2.2193,0
-0.7242,-0.95809,-0.18952,2.0482,-2.9241,0
-0.62923,-0.6503,-0.20239,8.1923,-2.4063,0
-0.7242,0.093531,-0.19081,-3.6408,-2.9529,0
-1.6739,0.78606,-0.18694,-7.5093,-3.8734,0
-2.0538,1.3503,-0.18694,5.6891,-3.3844,0
-3.0985,2.325,-0.18823,5.0064,-4.1035,0
-1.389,3.7614,-0.22427,-5.9164,-2.8378,0
1.7451,5.2234,-0.31694,-4.3235,-3.2262,0
3.2647,6.3263,-0.43407,7.5096,-2.996,0
1.6501,6.2237,-0.51773,3.4135,-2.5789,0
0.035589,4.9156,-0.5306,-7.7369,-3.0679,0
-1.484,3.351,-0.51,-1.8203,-2.1043,0
-0.81917,1.812,-0.49327,8.1923,-3.1111,0
1.2702,0.45262,-0.48555,0.2277,-2.5214,0
3.7396,-0.41945,-0.47397,-7.7369,-2.6221,0
2.22,-0.31686,-0.43921,0.91037,-2.1186,0
0.13056,-0.034715,-0.39288,6.1442,-0.5077,0
-0.53425,0.093531,-0.34912,-3.6408,-0.29195,0
-0.53425,0.60652,-0.32852,-7.5093,1.3334,0
0.32051,0.96561,-0.32852,3.8687,0.67174,0
0.51046,1.2477,-0.33367,5.234,1.0026,0
-0.24933,1.5555,-0.33882,-6.3715,0.88749,0
-0.53425,1.6068,-0.34912,-5.4613,0.77243,0
-0.34431,1.7864,-0.3414,6.3718,2.2252,0
1.2702,1.7351,-0.28348,3.186,1.9375,0
1.8401,1.4273,-0.20496,-7.9645,2.9443,0
1.4602,1.0169,-0.13932,-2.2755,2.3115,0
0.79538,0.58087,-0.12388,7.282,2.2108,0
1.7451,0.81171,-0.14704,-0.22742,2.3258,0
1.9351,1.5555,-0.17021,-8.192,1.6354,0
1.2702,1.3247,-0.14833,2.2757,2.743,0
0.13056,0.067882,-0.10457,7.5096,2.3402,0
0.41548,-0.4964,-0.072394,-3.4133,3.4477,0
1.1753,0.016583,-0.087839,-6.8267,3.5916,0
3.6446,0.73476,-0.10972,4.0962,3.3902,0
4.6893,0.86301,-0.085264,5.9167,4.1094,0
3.0747,0.19613,-0.054374,-5.4613,3.1601,0
0.60543,-0.80419,-0.02091,-4.5511,3.7354,0
-0.24933,-1.3172,-0.006752,7.0545,2.6854,0
0.41548,-0.98374,0.012554,2.7309,2.5272,0
0.51046,-0.5477,0.05889,-7.7369,2.6998,0
-0.059385,-0.67595,0.12582,-2.9581,1.9519,0
0.51046,-0.67595,0.18245,8.4198,2.6854,0
0.7004,-0.47075,0.21463,1.5931,1.621,0
-0.24933,-0.3938,0.25581,-7.7369,2.3978,0
-0.62923,-0.26556,0.28027,1.5931,2.4121,0
-0.53425,-0.060364,0.26096,7.5096,2.6998,0
-0.059385,0.27308,0.22492,-1.5928,3.8217,0
-1.0091,0.50392,0.20433,-7.7369,3.3471,0
-0.059385,0.76041,0.20433,2.7309,4.3107,0
1.3652,0.78606,0.21334,5.9167,3.419,0
0.32051,0.86301,0.22364,-5.4613,3.7498,0
-1.389,0.63217,0.23265,-4.3235,3.7498,0
-0.81917,-0.13731,0.24423,7.282,3.1457,0
0.035589,-0.36816,0.24166,2.9584,3.6635,0
-0.53425,-0.13731,0.22621,-7.5093,2.2252,0
-1.579,-0.0090658,0.2468,-1.8203,2.4841,0
-2.1488,-0.26556,0.30215,6.8269,1.319,0
-2.0538,-0.599,0.33819,-0.45498,0.94503,0
-1.1991,-1.2146,0.34848,-8.4196,1.0745,0
0.22554,-1.7019,0.3472,1.1379,0.13956,0
0.60543,-1.6506,0.32274,6.8269,0.78681,0
0.035589,-1.2659,0.29958,-3.6408,-0.49331,0
0.41548,-0.75289,0.28542,-7.0542,-0.4214,0
0.7004,-0.77854,0.28156,5.0064,-1.0399,0
-1.1041,-1.1633,0.29185,4.3238,-1.5721,0
-2.6237,-1.8045,0.31631,-7.2818,-0.66591,0
-0.43928,-2.1636,0.33047,-4.3235,-1.0687,0
3.3597,-2.2662,0.32274,7.9647,0.038872,0
4.5943,-2.138,0.30601,2.2757,-0.8529,0
1.2702,-1.8815,0.24294,-7.0542,-0.7666,0
-1.6739,-1.8045,0.16057,-0.22742,-1.1981,0
0.32051,-1.7019,0.13097,9.1025,-1.9317,0
1.7451,-1.3428,0.16314,0.00013542,-1.2556,0
-0.62923,-1.0607,0.24166,-7.7369,-1.7591,0
-0.7242,-0.13731,0.33175,2.5033,-0.37825,0
-1.6739,0.81171,0.39353,7.0545,-0.36386,0
-2.3388,1.3503,0.37037,-3.4133,-0.061812,0
-2.0538,1.6838,0.26354,-7.0542,-0.033045,0
-1.389,2.7354,0.1181,5.234,-1.0399,0
-0.81917,3.8127,-0.015762,4.5513,-0.061812,0
-1.6739,3.5305,-0.098135,-7.0542,-0.39263,0
-1.8639,2.3763,-0.074968,-4.3235,1.0601,0
-1.1041,0.96561,0.015128,7.5096,1.4916,0
0.32051,-0.034715,0.11938,2.7309,1.3765,0
-0.15436,-0.82984,0.20948,-7.7369,1.7505,0
-0.24933,-1.2146,0.26096,-1.5928,0.49914,0
0.13056,-0.62465,0.26611,7.282,1.2902,0
0.79538,0.11918,0.24037,-0.22742,0.88749,0
2.5049,0.63217,0.20562,-8.4196,1.9519,0
2.7898,1.299,0.14512,2.0482,2.5704,0
1.7451,1.7607,0.046019,6.8269,2.4409,0
0.89035,1.7351,-0.036355,-3.8684,3.3471,0
0.89035,1.6838,-0.040216,-5.6889,2.3115,0
1.0803,1.5555,0.007406,5.234,2.7573,0
2.315,1.299,0.047306,4.7789,1.7361,0
1.5552,1.4016,0.067899,-6.144,1.5347,0
1.1753,1.3503,0.085918,-4.5511,1.7793,0
0.7004,1.6068,0.13354,6.3718,1.1752,0
-1.1041,1.6581,0.19532,1.8206,2.2827,0
-2.4337,1.6068,0.2571,-8.8747,1.7217,0
-3.9533,1.6581,0.29958,-1.3652,2.3402,0
-2.8136,1.6581,0.34977,7.282,2.0094,0
0.51046,1.812,0.3871,-0.9101,1.3621,0
1.8401,1.9403,0.37423,-8.192,1.7361,0
1.4602,2.7098,0.30987,2.2757,0.80119,0
0.98533,3.3766,0.25968,6.3718,2.0238,0
0.79538,2.1711,0.30858,-4.5511,1.693,0
0.89035,-0.31686,0.42056,-6.8267,2.3258,0
2.03,-2.1636,0.4862,6.3718,2.369,0
4.0245,-2.4714,0.49135,5.234,1.3909,0
4.6893,-1.9584,0.40383,-7.2818,1.7936,0
3.1697,-0.7016,0.23651,-3.4133,1.0601,0
-0.15436,0.29873,0.13611,7.7372,2.0957,0
-0.15436,-0.18861,0.15413,3.186,2.3258,0
-0.24933,-1.5224,0.19918,-6.8267,2.2683,0
0.41548,-2.2662,0.20304,-1.3652,2.3978,0
0.89035,-2.574,0.16572,7.282,0.87311,0
-0.24933,-2.6509,0.12839,-0.9101,0.90188,0
-1.7689,-2.6766,0.12324,-7.7369,-0.56523,0
-1.8639,-2.5483,0.15671,2.5033,-0.13373,0
-1.389,-2.4457,0.2172,7.7372,0.13956,0
-1.0091,-2.5996,0.24809,-3.8684,-0.11935,0
-1.389,-2.5483,0.23265,-5.6889,0.61421,0
-0.91415,-1.9328,0.18631,5.234,-0.46455,0
0.22554,-1.3941,0.12324,5.6891,0.28339,0
-0.91415,-1.4711,0.085918,-6.8267,-0.004278,0
0.035589,-1.7276,0.12196,-3.6408,0.42722,0
-0.62923,-1.8045,0.17344,7.7372,0.98818,0
-2.3388,-1.9328,0.18116,2.0482,0.44161,0
-1.389,-2.2406,0.14255,-7.2818,1.3909,0
-0.7242,-2.3688,0.11295,-0.9101,0.75804,0
-1.7689,-2.6253,0.14255,6.5994,1.7793,0
-3.1935,-2.6509,0.18889,-2.9581,1.808,0
-3.7634,-2.497,0.2069,-8.192,1.2183,0
-3.3835,-2.0867,0.167,4.7789,1.0889,0
-1.484,-1.548,0.10909,6.1442,-0.7666,0
1.8401,-1.4198,0.093641,-6.8267,-0.27756,0
2.5049,-1.4454,0.14641,-5.6889,-0.92482,0
2.4099,-1.4198,0.17988,6.5994,-0.076195,0
2.4099,-1.4198,0.13097,2.5033,0.41284,0
2.4099,-1.3172,0.061464,-7.9645,-0.13373,0
2.125,-0.95809,0.0035447,-1.3652,0.54229,0
-0.43928,-0.599,-0.069819,8.6474,-0.66591,0
-0.62923,-0.13731,-0.15091,-0.68254,-0.2488,0
-1.0091,-0.034715,-0.19853,-8.192,-1.2125,0
-1.484,-0.57335,-0.18952,1.1379,-1.5577,0
-1.0091,-1.0863,-0.13675,6.8269,-1.1981,0
-1.0091,-0.93244,-0.062097,-3.4133,-1.27,0
-1.389,-1.0094,-0.019623,-7.2818,0.096406,0
-1.1041,-1.4711,-0.0041778,5.6891,-0.79537,0
-0.91415,-1.7789,-0.014475,5.0064,-0.75222,0
-0.81917,-1.7019,-0.0518,-7.0542,-1.8454,0
0.41548,-1.3685,-0.102,-4.5511,-2.6221,0
1.2702,-1.112,-0.14576,7.282,-2.1618,0
-0.53425,-1.1376,-0.18437,2.5033,-2.8522,0
-1.6739,-1.2915,-0.19081,-7.7369,-1.5289,0
-0.059385,-1.0607,-0.14061,-0.68254,-2.0323,0
2.6949,-1.035,-0.058236,7.9647,-1.6296,0
2.4099,-1.112,-0.033781,-1.3652,-1.8885,0
0.60543,-1.0607,-0.076255,-8.4196,-2.4207,0
-0.34431,-0.4964,-0.12388,3.4135,-1.5002,0
-0.62923,0.067882,-0.16249,7.282,-2.018,0
-1.484,0.29873,-0.20754,-4.5511,-0.7666,0
-1.9589,0.40132,-0.25001,-7.0542,-1.0111,0
-1.1991,0.093531,-0.26546,6.1442,-0.69468,0
-0.34431,-0.11166,-0.23328,4.5513,-0.27756,0
1.2702,-0.060364,-0.17536,-7.2818,-0.99673,0
1.8401,0.24743,-0.15734,-4.0959,-0.22003,0
0.22554,0.68346,-0.22684,7.7372,-1.2844,0
-1.579,1.0682,-0.3208,2.9584,-0.73783,0
-1.1041,1.2477,-0.37743,-7.2818,-0.75222,0
-0.62923,1.1965,-0.39674,-0.9101,-0.26318,0
-1.7689,1.376,-0.40318,7.0545,1.132,0
-2.2438,1.2734,-0.36328,-0.9101,0.95941,0
-2.0538,0.63217,-0.29249,-7.7369,2.1676,0
-2.0538,-0.36816,-0.28605,2.5033,1.5635,0
-1.9589,-1.1889,-0.32466,5.0064,2.182,0
-0.059385,-1.2659,-0.31694,-4.7786,2.3115,0
1.5552,-1.1376,-0.27189,-5.4613,1.8943,0
1.3652,-1.035,-0.2114,5.9167,2.556,0
1.9351,-1.0094,-0.15863,3.6411,1.4484,0
1.1753,-1.3172,-0.12645,-6.3715,1.9662,0
0.035589,-1.548,-0.102,-3.1857,1.2471,0
0.60543,-1.3685,-0.047939,6.5994,1.4053,0
2.03,-1.0863,0.04087,-0.22742,2.2539,0
4.1195,-1.035,0.13097,-8.192,1.9375,0
3.9295,-0.88114,0.16057,0.91037,2.858,0
2.03,-0.36816,0.16057,7.282,1.5491,0
1.2702,0.14483,0.18374,-3.1857,1.5635,0
1.6501,0.40132,0.23393,-7.5093,1.2327,0
2.315,0.016583,0.28928,4.3238,1.5923,0
1.9351,-0.72725,0.30601,5.234,3.1313,0
0.32051,-0.93244,0.32146,-6.3715,3.2176,0
-1.484,-0.77854,0.36264,-4.3235,4.4114,0
-2.0538,-0.7016,0.41799,7.7372,3.3902,0
-1.1041,-1.0863,0.49264,3.4135,3.3902,0
-0.059385,-1.1889,0.51194,-7.7369,3.0306,0
0.51046,-0.90679,0.44759,0.00013542,2.6423,0
1.0803,-0.67595,0.44888,8.1923,3.6635,0
2.6949,-0.57335,0.5467,-0.9101,3.3039,0
1.8401,-0.62465,0.63679,-7.2818,4.6991,0
1.2702,-0.57335,0.67154,2.9584,4.2532,0
-0.24933,-0.82984,0.67541,7.0545,4.5553,0
-1.389,-1.3685,0.65224,-4.3235,4.6128,0
-2.7186,-1.9841,0.63036,-5.9164,3.8073,0
-1.579,-2.3944,0.62006,4.7789,4.5984,0
1.1753,-2.0354,0.64194,3.8687,3.9368,0
2.03,-1.5737,0.67669,-7.9645,5.0587,0
0.41548,-1.4454,0.67927,-3.8684,5.3463,0
-0.43928,-1.548,0.63808,7.5096,5.8066,0
-0.24933,-1.5993,0.60333,1.8206,6.8422,0
1.3652,-1.4711,0.52095,-7.7369,6.2669,0
1.8401,-1.3172,0.38324,-0.45498,7.173,0
2.22,-0.95809,0.25324,8.1923,6.195,0
2.125,-0.4964,0.10651,-2.0479,6.5114,0
0.79538,-0.060364,-0.074968,-8.192,6.5402,0
1.4602,0.24743,-0.28734,2.7309,6.1231,0
2.03,0.50392,-0.51258,5.6891,6.8422,0
1.1753,0.47827,-0.68762,-5.4613,5.7203,0
0.22554,0.35002,-0.81891,-5.4613,6.1806,0
-0.34431,0.32437,-0.96306,6.8269,4.9868,0
0.32051,0.65782,-1.1291,2.7309,4.4258,0
0.32051,0.81171,-1.3582,-7.7369,4.0518,0
-1.1991,0.60652,-1.6568,-2.0479,2.7286,0
-3.0985,0.016583,-1.958,8.1923,3.1888,0
-3.4784,-0.599,-2.2321,0.91037,1.808,0
-2.7186,-0.6503,-2.5089,-8.192,2.0957,0
-1.1041,-0.4451,-2.7431,1.3655,1.621,0
-0.91415,-0.95809,-2.9323,7.0545,1.1176,0
-0.43928,-1.7019,-3.1061,-2.503,1.3765,0
0.51046,-2.0354,-3.303,-7.5093,0.024489,0
0.60543,-1.5993,-3.5398,3.6411,0.36969,0
-0.24933,-1.2659,-3.7921,6.5994,-0.91043,0
-1.484,-1.0863,-4.0302,-5.2337,-1.1981,0
-1.8639,-0.4964,-4.2348,-6.3715,-1.3995,0
-0.24933,0.58087,-4.4112,6.3718,-2.0899,0
-0.24933,1.5299,-4.6158,4.3238,-1.2844,0
-0.91415,2.1198,-4.8475,-6.8267,-2.1618,0
-1.6739,2.7867,-5.0238,-4.5511,-1.5721,0
-0.91415,2.8124,-5.0766,7.9647,-2.5789,0
1.0803,1.8633,-5.0393,1.8206,-3.183,0
3.1697,1.6068,-5.0084,-7.9645,-3.1686,0
4.3094,2.1455,-5.0277,0.68281,-3.9885,0
2.315,2.5815,-5.0792,8.4198,-2.9097,0
0.13056,2.402,-5.0998,-1.5928,-3.6145,0
-1.579,1.7864,-5.0238,-7.2818,-3.0823,0
-0.7242,1.0682,-4.8668,2.9584,-3.5857,0
1.9351,0.93996,-4.666,6.5994,-4.3481,0
2.7898,1.2477,-4.4717,-4.3235,-3.8303,0
3.0747,1.5555,-4.2722,-7.5093,-4.7508,0
2.6949,1.9146,-4.0122,5.9167,-3.5714,0
1.2702,2.1968,-3.7432,4.5513,-3.9166,0
-0.059385,1.8633,-3.5038,-6.8267,-3.7296,0
-0.43928,0.93996,-3.2322,-3.1857,-3.6001,0
0.41548,-0.086014,-2.8589,7.7372,-4.5926,0
1.5552,-0.7016,-2.4471,2.5033,-3.7727,0
2.125,-0.5477,-2.0532,-7.9645,-4.6645,0
1.4602,0.37567,-1.7057,-1.8203,-3.6864,0
1.5552,0.91431,-1.4457,7.7372,-3.5282,0
-0.059385,0.55522,-1.2964,-0.68254,-3.557,0
-1.389,0.29873,-1.1561,-9.1023,-3.0967,0
-1.9589,0.29873,-0.92573,1.8206,-4.4344,0
-0.15436,0.55522,-0.65158,6.8269,-3.8446,0
-0.34431,0.70911,-0.38258,-4.3235,-4.7508,0
0.32051,1.0682,-0.063384,-7.5093,-4.0029,0
0.79538,1.2221,0.31245,5.4616,-3.1542,0
1.5552,0.65782,0.6857,5.4616,-2.8378,0
0.41548,0.17048,1.0422,-6.144,-1.5577,0
0.60543,0.27308,1.4129,-4.3235,-2.7515,0
1.0803,0.35002,1.8093,7.282,-2.4207,0
1.6501,0.17048,2.1877,2.5033,-3.1255,0
-0.43928,0.016583,2.5932,-7.7369,-2.881,0
-0.91415,0.042233,3.0823,-0.22742,-1.7447,0
-0.53425,-0.29121,3.673,7.9647,-1.7878,0
0.41548,-0.0090658,4.2805,-0.68254,-0.37825,0
-0.62923,1.2734,4.7735,-7.2818,-1.1406,0
-2.3388,2.7867,5.1056,2.5033,-0.75222,0
-2.5287,3.5562,5.3849,6.8269,-1.1693,0
-1.1991,3.5562,5.7221,-3.4133,-1.7303,0
0.13056,3.4536,6.1043,-5.6889,-0.98235,0
0.60543,3.3766,6.4609,5.9167,-1.3132,0
0.79538,3.274,6.7466,3.6411,0.34092,0
-0.43928,3.5818,7.0014,-6.5991,0.59983,0
-2.6237,3.4536,7.2267,-2.9581,1.319,0
-3.3835,3.1971,7.4403,7.5096,1.621,0
-2.3388,3.6331,7.6012,1.1379,0.59983,0
-0.34431,3.9153,7.654,-6.8267,0.91626,0
0.89035,3.5818,7.6051,0.68281,-0.36386,0
1.6501,3.6844,7.5214,7.282,0.36969,0
1.2702,3.5049,7.4236,-1.3652,0.64298,0
-0.15436,3.1971,7.2743,-7.5093,1.2615,0
-0.7242,3.1201,7.0413,3.186,2.369,0
-1.579,3.2227,6.7312,6.3718,1.6786,0
-1.0091,2.9919,6.403,-5.0062,2.4984,0
0.035589,2.4276,6.1262,-7.0542,1.5923,0
-0.059385,2.402,5.9036,5.234,2.1532,0
-0.34431,2.7611,5.7182,3.6411,2.6998,0
0.22554,3.2997,5.493,-7.5093,2.7717,0
0.035589,3.6331,5.206,-4.0959,4.0518,0
0.32051,3.0175,4.9215,7.5096,3.0738,0
-0.15436,2.1455,4.6512,1.3655,3.5197,0
-0.62923,2.1455,4.3848,-8.192,2.4553,0
0.22554,2.4789,4.1454,0.00013542,2.182,0
-1.294,2.6328,3.933,7.7372,2.7142,0
-2.4337,2.6328,3.7451,-2.0479,2.6998,0
0.32051,2.2737,3.5315,-7.7369,4.4546,0
1.6501,2.2737,3.3114,3.4135,4.1669,0
0.41548,1.9916,3.1016,5.4616,4.7279,0
-0.62923,1.7094,2.8956,-5.6889,4.0806,0
-1.389,1.5042,2.6923,-5.6889,3.1457,0
-1.0091,1.0682,2.4709,6.8269,3.4477,0
0.13056,0.88866,2.1736,3.186,2.5704,0
-0.34431,0.96561,1.8467,-7.9645,3.8361,0
-1.294,0.65782,1.5571,-1.8203,3.606,0
-1.0091,0.29873,1.2958,7.9647,4.1525,0
-0.91415,0.50392,1.0358,0.45525,4.469,0
-0.81917,0.19613,0.80411,-7.5093,3.7354,0
-1.294,-0.3938,0.62521,2.0482,4.4546,0
-0.34431,-0.47075,0.47462,6.8269,3.5628,0
0.79538,0.29873,0.28284,-3.4133,4.2101,0
1.9351,1.299,0.060177,-6.8267,3.8217,0
3.2647,2.0429,-0.14318,5.4616,3.5916,0
3.4546,2.5302,-0.31179,4.5513,3.7498,0
0.7004,2.3763,-0.45208,-7.5093,2.6135,0
-1.0091,1.9146,-0.57178,-5.0062,3.0306,0
-1.1041,1.2477,-0.69148,7.282,1.6786,0
0.035589,0.93996,-0.78029,2.0482,1.7073,0
-2.2438,0.78606,-0.86009,-8.192,1.0601,0
-3.1935,0.35002,-0.92573,0.2277,0.24024,0
-1.7689,0.11918,-0.9888,6.8269,0.74366,0
-1.6739,0.29873,-1.1021,-2.0479,-0.23441,0
0.035589,0.47827,-1.2385,-7.0542,0.44161,0
2.5049,0.70911,-1.3196,3.186,-0.43578,0
3.3597,0.99126,-1.3711,5.234,-0.66591,0
2.9798,0.76041,-1.4316,-5.6889,-0.5077,0
3.3597,0.73476,-1.5023,-5.4613,-1.4426,0
1.5552,1.4273,-1.5616,6.5994,-0.55085,0
-0.91415,2.0942,-1.6169,3.4135,-1.5721,0
-1.0091,2.2224,-1.6517,-6.8267,-1.0543,0
-0.53425,2.2481,-1.6542,-2.9581,-1.2988,0
0.13056,2.2737,-1.6349,7.0545,-1.6728,0
-0.24933,2.2481,-1.6272,0.2277,-1.1262,0
0.22554,2.2481,-1.6259,-8.8747,-2.0611,0
-1.484,1.8633,-1.6529,1.3655,-1.2413,0
-3.0036,1.2221,-1.7147,7.282,-1.8885,0
-2.6237,0.78606,-1.7572,-3.6408,-1.6728,0
-1.1041,0.29873,-1.7482,-7.9645,-1.3707,0
0.035589,0.22178,-1.734,4.3238,-1.7303,0
-0.34431,0.093531,-1.7546,5.234,-0.49331,0
0.41548,-0.13731,-1.7868,-5.9164,-0.95358,0
0.79538,0.042233,-1.7868,-4.5511,-0.11935,0
1.6501,0.60652,-1.81,7.282,-0.22003,0
1.3652,0.83736,-1.8666,2.7309,-0.56523,0
0.79538,0.70911,-1.9052,-7.9645,0.26901,0
0.98533,0.60652,-1.9155,-1.8203,-0.4214,0
-0.15436,0.60652,-1.9155,7.7372,0.82996,0
-0.43928,0.52957,-1.9194,0.00013542,0.45599,0
0.41548,0.63217,-1.9026,-8.6471,1.0457,0
0.7004,0.78606,-1.8705,1.5931,1.2902,0
-0.34431,0.99126,-1.8318,7.282,0.75804,0
-1.389,0.91431,-1.8164,-3.1857,1.5923,0
-1.1991,0.81171,-1.8602,-6.3715,0.70051,0
-0.53425,1.1965,-1.9412,4.7789,1.4916,0
0.98533,1.7094,-2.0107,6.1442,1.1032,0
-0.81917,1.7094,-2.0506,-5.4613,1.0313,0
-2.0538,1.4016,-2.0584,-5.2337,1.3478,0
-2.3388,0.78606,-2.0223,6.8269,0.31216,0
-3.9533,0.067882,-1.9245,2.9584,0.94503,0
-3.6684,-0.67595,-1.81,-7.7369,0.11079,0
-1.8639,-1.2659,-1.6993,-2.503,0.59983,0
0.41548,-1.5737,-1.6375,8.4198,0.74366,0
1.4602,-1.8558,-1.6195,0.68281,0.39846,0
1.0803,-1.8815,-1.5963,-8.4196,1.2039,0
0.035589,-1.7532,-1.5616,1.8206,0.31216,0
1.2702,-1.7276,-1.5204,7.0545,1.132,0
1.3652,-1.7532,-1.456,-3.8684,0.61421,0
0.89035,-2.3944,-1.3608,-7.7369,0.59983,0
1.9351,-3.0613,-1.2501,4.3238,0.61421,0
2.125,-3.4461,-1.1613,5.4616,-0.43578,0
1.4602,-3.2409,-1.1136,-5.9164,-0.004278,0
1.4602,-2.7022,-1.1059,-4.3235,-1.457,0
-1.1991,-2.061,-1.1342,6.8269,-1.3707,0
-0.34431,-1.7276,-1.1664,2.9584,-2.1474,0
0.32051,-1.9841,-1.169,-7.2818,-2.7803,0
-0.15436,-2.3944,-1.1085,-1.1377,-2.4638,0
1.0803,-1.9071,-1.0068,7.282,-3.6001,0
1.1753,-0.95809,-0.91158,0.00013542,-3.0536,0
-0.059385,-0.21426,-0.85623,-7.9645,-4.1035,0
0.60543,0.40132,-0.86781,1.3655,-4.0172,0
2.315,0.88866,-0.9193,6.8269,-4.1035,0
2.5999,1.4529,-0.95534,-3.8684,-4.7364,0
1.4602,2.2481,-1.0197,-7.0542,-4.046,0
0.89035,2.7354,-1.1175,5.234,-5.0385,0
1.2702,3.1458,-1.1819,5.234,-4.1611,0
1.6501,3.5305,-1.1793,-6.8267,-4.607,0
1.2702,3.7614,-1.1265,-3.8684,-4.5207,0
0.89035,3.6844,-1.0776,8.1923,-4.1179,0
0.7004,3.864,-1.0248,2.7309,-4.6933,0
-1.1041,3.8383,-0.95405,-7.5093,-3.7583,0
-1.8639,3.3766,-0.87296,0.2277,-4.5926,0
-1.1991,2.2994,-0.77772,7.9647,-3.9453,0
-0.62923,1.3503,-0.66832,-1.5928,-4.1611,0
-0.62923,1.0169,-0.60396,-7.9645,-4.5063,0
0.41548,1.5299,-0.60396,2.9584,-4.1323,0
0.7004,2.3507,-0.63099,6.3718,-5.2974,0
-0.15436,3.1971,-0.62713,-6.3715,-4.7796,0
-0.62923,3.3253,-0.58079,-5.6889,-5.9015,0
-1.484,2.4276,-0.53832,5.4616,-5.9015,0
-1.1991,1.5812,-0.49842,3.4135,-6.1172,0
-1.7689,0.73476,-0.46496,-7.2818,-6.8795,0
-2.1488,0.042233,-0.40832,-2.7306,-6.2323,0
-1.294,-0.034715,-0.32595,7.5096,-7.2535,0
-0.7242,-0.0090658,-0.26288,0.68281,-6.6063,0
0.41548,0.11918,-0.25516,-8.6471,-7.2247,0
1.4602,0.73476,-0.30536,0.2277,-7.3542,0
1.2702,1.2477,-0.35427,7.282,-6.9515,0
0.035589,1.1965,-0.33625,-3.8684,-7.7569,0
0.41548,0.50392,-0.26288,-7.9645,-6.8652,0
0.7004,-0.16296,-0.21269,4.0962,-7.6706,0
0.79538,-1.1376,-0.18952,6.1442,-7.1672,0
2.5999,-1.9328,-0.1612,-5.6889,-7.2823,0
2.5999,-1.5224,-0.16378,-5.6889,-7.8145,0
2.4099,-0.52205,-0.16249,6.5994,-7.2391,0
2.125,-0.13731,-0.14962,2.5033,-8.2172,0
1.2702,0.17048,-0.15219,-7.2818,-7.4405,0
0.89035,0.042233,-0.16249,-1.8203,-8.2028,0
1.6501,0.016583,-0.14318,7.0545,-8.2316,0
2.03,0.27308,-0.14962,-0.9101,-8.0878,0
0.32051,0.65782,-0.20496,-8.192,-8.8788,0
-1.1991,0.68346,-0.2616,2.0482,-8.0878,0
0.89035,0.35002,-0.23714,7.5096,-8.9939,0
1.8401,0.093531,-0.14061,-2.2755,-8.1741,0
1.2702,-0.13731,-0.031207,-6.8267,-8.2028,0
0.13056,-0.21426,0.027999,5.4616,-8.059,0
0.41548,-0.31686,0.042157,5.9167,-7.196,0
1.4602,-0.5477,0.025425,-5.9164,-7.5268,0
1.2702,-0.23991,-0.0041778,-5.4613,-5.959,0
0.13056,0.35002,-0.056948,6.8269,-5.9878,0
0.035589,0.81171,-0.12259,2.7309,-4.7652,0
-2.9086,1.3247,-0.2011,-7.2818,-3.9309,0
-1.8639,1.0169,-0.27318,-2.503,-3.7871,0
-0.34431,0.52957,-0.31565,8.875,-2.2193,0
-2.3388,0.52957,-0.3208,0.68281,-2.4926,0
-2.4337,0.83736,-0.29377,-7.2818,-1.0111,0
-0.91415,1.2734,-0.23328,1.5931,-0.8529,0
0.79538,1.4016,-0.14962,7.5096,-0.40701,0
-0.91415,1.3503,-0.0518,-2.9581,0.57106,0
-2.6237,1.4273,0.035722,-8.192,0.15394,0
-1.484,1.7094,0.079483,4.3238,1.5204,0
-0.7242,1.812,0.10651,5.9167,0.98818,0
0.98533,1.6838,0.14512,-6.144,1.9519,0
1.0803,1.2734,0.20304,-5.2337,2.0957,0
0.89035,0.45262,0.27769,6.8269,1.995,0
1.6501,-0.0090658,0.38581,2.9584,2.8436,0
1.2702,-0.34251,0.52739,-8.6471,2.1676,0
0.98533,-0.80419,0.65996,-3.1857,3.3039,0
1.7451,-1.2915,0.74877,7.7372,3.1025,0
1.2702,-1.6763,0.82085,0.91037,3.7786,0
-1.0091,-2.3688,0.87233,-7.7369,4.3107,0
-1.1041,-2.6509,0.8955,0.91037,3.8361,0
-0.53425,-2.2662,0.88005,7.7372,4.6416,0
0.32051,-1.8045,0.82342,-2.503,3.5772,0
0.7004,-1.548,0.75392,-7.9645,4.2964,0
1.9351,-1.5737,0.67283,3.6411,3.8936,0
1.1753,-1.8815,0.5866,5.234,3.8361,0
0.035589,-2.1636,0.50036,-6.3715,4.3683,0
0.41548,-2.138,0.42442,-5.0062,3.4046,0
-0.15436,-1.9328,0.36393,6.5994,4.1669,0
-1.294,-1.7019,0.31245,2.7309,3.1457,0
-1.1991,-1.2146,0.26611,-8.4196,3.5484,0
-0.62923,-0.4451,0.2571,-1.5928,3.3039,0
-0.62923,-0.0090658,0.27255,7.7372,2.6998,0
0.32051,0.55522,0.27126,0.2277,3.2608,0
3.7396,0.93996,0.24294,-7.5093,2.182,0
5.829,1.1452,0.18889,2.2757,2.8436,0
5.4491,1.5042,0.158,6.8269,2.182,0
1.6501,1.6581,0.16057,-4.0959,2.0669,0
-0.62923,1.6838,0.17344,-7.2818,2.2395,0
-2.4337,1.6068,0.16958,4.7789,1.4053,0
-1.484,1.376,0.14512,5.234,2.1964,0
0.22554,1.1195,0.11938,-6.3715,1.4484,0
0.7004,1.1708,0.084631,-4.3235,2.1532,0
-0.059385,1.2221,0.029286,6.8269,2.0525,0
-0.53425,1.2221,-0.064671,2.2757,1.808,0
-0.43928,1.2477,-0.15219,-8.6471,2.5128,0
-0.53425,0.78606,-0.20625,-2.2755,1.7505,0
0.41548,0.60652,-0.21655,7.282,2.8293,0
0.79538,0.73476,-0.19209,0.45525,2.2395,0
-0.24933,0.65782,-0.15348,-8.4196,2.8293,0
-0.34431,0.63217,-0.12388,1.5931,3.1313,0
-0.24933,0.58087,-0.10071,7.7372,2.7573,0
1.2702,0.50392,-0.077542,-3.4133,3.7642,0
0.89035,0.14483,-0.074968,-7.2818,2.858,0
-0.24933,-0.18861,-0.065958,4.3238,3.534,0
-0.34431,-0.77854,-0.035068,6.1442,3.1169,0
1.2702,-1.3685,0.0099801,-5.4613,3.2176,0
0.79538,-1.9841,0.026712,-5.6889,3.9512,0
-1.1041,-2.2149,-0.0041778,6.3718,3.3902,0
-1.9589,-1.8045,-0.02091,3.186,4.4833,0
-1.1041,-1.7276,0.033148,-7.7369,3.7929,0
0.035589,-2.2406,0.10394,-2.503,4.3827,0
-1.389,-2.5996,0.14899,7.7372,4.3251,0
-2.9086,-3.0613,0.1773,0.68281,4.0518,0
-3.3835,-4.1129,0.22106,-8.4196,4.8573,0
-1.389,-4.8568,0.30858,1.8206,4.1094,0
1.2702,-4.8055,0.42442,6.3718,5.1306,0
2.7898,-4.1642,0.49393,-5.4613,4.584,0
0.60543,-3.6256,0.51194,-7.0542,4.6847,0
-1.0091,-3.3435,0.52482,6.1442,4.7135,0
-0.34431,-3.1126,0.53511,4.0962,3.908,0
-1.294,-2.9331,0.55184,-7.5093,4.4833,0
-1.0091,-2.5996,0.55699,-3.4133,3.3614,0
-0.53425,-2.3688,0.52482,8.1923,3.8792,0
-0.62923,-2.1123,0.45531,0.45525,3.3327,0
-0.81917,-1.5993,0.37551,-7.5093,3.0882,0
-1.7689,-0.85549,0.29314,0.91037,3.3758,0
-2.8136,-0.599,0.22364,7.0545,2.2971,0
-1.579,-0.72725,0.17087,-1.5928,2.7573,0
0.89035,-0.13731,0.11166,-7.0542,1.5779,0
0.22554,0.83736,0.055028,3.8687,1.7649,0
-0.53425,1.3503,0.038296,5.9167,1.5635,0
-1.1991,1.299,0.067899,-5.2337,1.0601,0
-0.91415,1.2477,0.074335,-4.3235,1.693,0
-0.7242,1.5042,0.020277,7.0545,0.61421,0
-0.34431,1.3503,-0.023484,4.5513,1.3334,0
0.32051,0.68346,-0.013187,-7.2818,0.64298,0
1.7451,0.042233,0.04087,-4.0959,0.78681,0
0.98533,-0.36816,0.07176,7.282,1.1032,0
-0.91415,-0.16296,0.060177,1.5931,0.45599,0
-0.91415,-0.11166,0.048593,-8.4196,1.3621,0
-1.484,-0.62465,0.053741,-0.45498,0.36969,0
-0.059385,-0.6503,0.066612,7.0545,1.0457,0
-0.24933,-0.4451,0.05889,-1.3652,0.62859,0
0.7004,-0.77854,0.047306,-7.9645,0.41284,0
1.7451,-1.7019,0.085918,2.2757,0.95941,0
1.7451,-2.5996,0.15542,6.1442,0.34092,0
-0.53425,-2.7279,0.22106,-4.0959,1.4341,0
0.13056,-2.2406,0.25067,-6.5991,0.77243,0
1.5552,-1.7276,0.2571,4.5513,1.3478,0
1.1753,-1.7532,0.297,5.9167,1.3909,0
0.7004,-2.1123,0.34462,-6.5991,1.1032,0
0.13056,-2.2149,0.36779,-5.0062,1.9375,0
0.32051,-2.3688,0.39353,6.1442,1.1176,0
-0.059385,-2.2149,0.40383,2.7309,2.1388,0
0.41548,-1.3941,0.36779,-7.7369,1.5347,0
0.89035,-0.75289,0.31373,-2.503,1.8656,0
0.89035,-0.21426,0.24552,8.1923,2.2539,0
0.60543,0.68346,0.15671,-0.22742,1.6786,0
0.13056,1.2477,0.027999,-7.5093,2.5416,0
1.5552,1.7094,-0.10071,2.0482,1.621,0
2.7898,2.5815,-0.1715,7.282,2.2395,0
1.7451,3.1714,-0.23328,-2.503,1.7793,0
1.8401,3.2997,-0.30922,-6.5991,1.5779,0
1.1753,3.5818,-0.33496,4.3238,2.0238,0
-1.1991,3.4023,-0.30407,5.0064,1.319,0
-3.0985,3.1714,-0.2513,-6.3715,2.2108,0
-3.3835,3.5305,-0.22684,-4.3235,1.319,0
-2.7186,3.6844,-0.241,7.282,1.7361,0
-1.1991,3.4279,-0.25902,2.0482,1.5347,0
0.51046,3.0432,-0.28219,-7.5093,1.0026,0
1.6501,2.7354,-0.30021,-0.9101,1.6067,0
2.03,2.7611,-0.30278,7.7372,0.62859,0
1.0803,3.0432,-0.24358,-0.9101,1.319,0
-1.0091,2.8124,-0.16249,-7.2818,0.55667,0
-0.91415,1.9916,-0.102,2.0482,0.41284,0
-0.62923,0.86301,-0.077542,7.0545,0.36969,0
-0.81917,0.17048,-0.076255,-3.6408,-0.65153,0
-0.53425,0.14483,-0.046652,-7.2818,-0.004278,0
-0.7242,0.093531,0.0048318,4.0962,-1.0687,0
-0.62923,-0.26556,0.022851,4.5513,-0.45016,0
-0.53425,-0.52205,0.033148,-7.2818,-0.69468,0
-0.7242,-0.52205,0.04988,-4.5511,-0.96797,0
-1.6739,-0.23991,0.12067,7.0545,-0.2488,0
-1.0091,-0.47075,0.19532,2.2757,-1.0543,0
2.03,-0.82984,0.21978,-8.192,0.15394,0
1.3652,-1.0094,0.16443,-0.45498,-0.26318,0
0.035589,-1.1633,0.084631,6.5994,0.31216,0
-0.24933,-1.3172,0.038296,-1.5928,0.67174,0
0.13056,-1.112,0.021564,-7.5093,0.29777,0
-0.43928,-1.0094,0.039583,2.9584,1.3909,0
-2.6237,-1.2915,0.051167,6.5994,0.72928,0
-1.294,-1.1376,0.0099801,-5.6889,1.7649,0
0.89035,-0.599,-0.054374,-6.8267,2.0382,0
1.0803,-0.23991,-0.095561,5.4616,2.7142,0
0.035589,-0.18861,-0.085264,3.186,4.397,0
-0.62923,-0.21426,-0.046652,-8.192,4.7422,0
-1.6739,-0.31686,-0.02091,-2.9581,6.5977,0
-1.9589,-0.5477,-0.006752,7.7372,6.6696,0
-1.294,-0.31686,-0.027345,0.68281,7.4751,0
-0.91415,-0.21426,-0.056948,-8.192,7.5902,0
-0.62923,-0.72725,-0.054374,0.00013542,6.5689,0
0.32051,-0.88114,-0.049226,8.6474,6.6984,0
0.51046,-0.26556,-0.050513,0.00013542,5.0443,0
-0.91415,-0.034715,-0.064671,-7.7369,5.0011,0
-0.91415,-0.6503,-0.064671,2.9584,3.7642,0
-0.81917,-1.625,-0.033781,7.282,2.9012,0
-1.579,-1.7532,-0.031207,-4.0959,2.3978,0
-0.81917,-1.2402,-0.055661,-5.4613,0.94503,0
0.13056,-1.1889,-0.087839,6.3718,1.0169,0
0.79538,-1.5737,-0.087839,4.5513,-0.57961,0
0.60543,-2.3688,-0.04279,-6.5991,-0.79537,0
-0.7242,-3.01,0.027999,-3.4133,-1.8022,0
-0.81917,-3.2665,0.10136,7.7372,-2.809,0
0.89035,-3.1126,0.14126,2.7309,-3.0392,0
1.0803,-2.9844,0.13869,-8.192,-4.6214,0
0.13056,-2.8561,0.11166,-0.22742,-4.6214,0
1.2702,-2.7022,0.088493,7.5096,-6.0885,0
0.13056,-2.3175,0.098789,-1.5928,-6.5056,0
-0.43928,-2.3175,0.12582,-7.7369,-6.8939,0
0.98533,-2.3431,0.16572,3.4135,-7.7569,0
0.035589,-2.7279,0.18374,6.1442,-6.9946,0
-2.3388,-2.6509,0.12453,-5.6889,-7.8001,0
-1.389,-1.8815,0.025425,-5.4613,-6.6638,0
0.7004,-1.5224,-0.045365,5.6891,-6.6206,0
0.89035,-1.3941,-0.0518,4.0962,-6.1604,0
0.035589,-1.8045,-0.019623,-7.5093,-5.0816,0
0.41548,-2.2919,0.016416,-2.7306,-5.2398,0
1.6501,-1.9071,0.007406,7.282,-3.7727,0
0.32051,-1.3941,-0.022197,0.00013542,-4.1611,0
-0.24933,-1.3428,-0.0041778,-7.9645,-3.1974,0
-0.43928,-1.6763,0.076909,1.5931,-2.694,0
0.89035,-2.3688,0.15671,6.8269,-2.0611,0
1.1753,-2.7792,0.19532,-5.0062,0.19709,0
-0.15436,-2.7792,0.20433,-7.0542,1.506,0
-1.389,-2.6766,0.2275,5.0064,4.6559,0
-2.1488,-2.9587,0.29443,4.5513,5.2744,0
-2.0538,-3.6,0.39225,-7.2818,4.9868,0
-2.1488,-4.2668,0.46818,-3.8684,2.4697,0
-2.9086,-4.4977,0.49907,7.0545,-3.3988,0
-2.4337,-4.3951,0.46432,1.5931,-9.0946,0
-1.294,-4.3438,0.41284,-6.8267,-16.617,0
-1.7689,-4.0617,0.41284,-0.68254,-21.134,0
-1.294,-3.5487,0.42442,6.8269,-23.449,0
-0.7242,-3.2665,0.39096,-1.3652,-23.046,0
-0.34431,-3.3178,0.29829,-8.6471,-19.393,0
-0.34431,-3.1383,0.2172,3.4135,-16.286,0
0.22554,-3.2665,0.22492,6.8269,-11.842,0
-0.34431,-3.4717,0.26997,-4.7786,-9.6268,0
-1.389,-3.3691,0.30086,-6.3715,-7.5268,0
-1.0091,-2.7535,0.29443,5.9167,-6.1748,0
-0.7242,-2.2149,0.24294,3.4135,-5.7864,0
-0.62923,-2.1636,0.1876,-6.8267,-3.859,0
-0.24933,-2.2406,0.158,-4.3235,-3.7296,0
2.22,-2.2662,0.10522,7.5096,-2.2481,0
3.4546,-2.2149,0.025425,1.8206,-2.4495,0
3.5496,-2.1893,-0.04279,-7.0542,-2.8522,0
2.7898,-1.8302,-0.10586,0.2277,-3.0823,0
1.9351,-1.2659,-0.18308,7.7372,-4.3481,0
-1.484,-1.0607,-0.26803,-0.45498,-3.5282,0
-2.8136,-0.98374,-0.33625,-8.192,-4.1035,0
0.41548,-1.1633,-0.37229,2.7309,-3.0536,0
3.4546,-1.4711,-0.38001,6.8269,-2.7803,0
3.2647,-1.5993,-0.3903,-5.0062,-2.996,0
3.1697,-1.4711,-0.39545,-7.5093,-2.507,0
2.5049,-1.3172,-0.38387,5.234,-3.5714,0
1.2702,-0.98374,-0.35427,4.7789,-2.8378,0
-0.81917,-0.82984,-0.30922,-7.5093,-3.2837,0
-0.059385,-1.2146,-0.25773,-4.0959,-2.6364,0
1.7451,-1.6763,-0.26417,6.3718,-1.8885,0
1.9351,-1.9841,-0.32209,2.7309,-2.1043,0
0.60543,-2.1893,-0.35427,-7.9645,-0.86728,0
0.51046,-2.0867,-0.33239,-2.0479,-1.5721,0
0.79538,-2.1636,-0.33625,7.5096,-0.7666,0
-0.34431,-2.6766,-0.34526,-0.22742,-0.92482,0
-0.62923,-2.8305,-0.29249,-9.3298,-0.82413,0
-0.34431,-2.8305,-0.18308,1.8206,0.16832,0
1.2702,-3.1126,-0.10843,7.5096,-0.20565,0
1.7451,-3.3948,-0.10714,-3.4133,1.0745,0
0.60543,-3.4974,-0.1612,-7.5093,0.42722,0
-0.24933,-3.6513,-0.17279,5.234,0.93064,0
0.13056,-3.9847,-0.14318,5.4616,0.80119,0
-0.34431,-3.8308,-0.14962,-7.0542,0.31216,0
-0.34431,-2.7022,-0.24229,-5.0062,1.0889,0
0.22554,-1.8558,-0.36714,7.7372,0.31216,0
0.79538,-1.9328,-0.43535,2.7309,1.4053,0
0.89035,-2.0097,-0.40832,-6.8267,1.1464,0
0.79538,-1.7276,-0.32209,0.00013542,1.506,0
-0.15436,-1.6506,-0.24229,7.7372,1.9662,0
-1.1991,-1.625,-0.18437,-0.45498,1.2902,0
-0.34431,-1.4967,-0.17922,-7.9645,2.3115,0
-0.34431,-1.2915,-0.19853,2.0482,1.693,0
-0.81917,-1.2915,-0.2114,6.3718,2.7861,0
-1.484,-1.5993,-0.21912,-5.4613,3.0019,0
-1.0091,-2.1893,-0.13675,-6.144,3.1888,0
-0.91415,-2.6509,0.0061189,5.4616,3.9224,0
-2.6237,-2.8561,0.10651,4.3238,3.3183,0
-2.4337,-2.1636,0.1477,-7.2818,4.3539,0
-0.24933,-1.2659,0.14126,-3.8684,3.6203,0
1.6501,-1.112,0.11552,7.9647,3.9512,0
2.22,-1.4711,0.074335,2.0482,4.0231,0
2.125,-1.5993,-0.00031657,-8.6471,3.4477,0
1.5552,-1.3428,-0.06081,0.00013542,4.397,0
0.89035,-0.98374,-0.078829,7.0545,3.534,0
1.5552,-0.52205,-0.12903,-1.3652,4.3395,0
1.1753,-0.3938,-0.24358,-7.9645,3.8936,0
-1.0091,-0.4451,-0.32981,3.186,3.7498,0
-1.1041,0.042233,-0.33753,5.6891,4.0518,0
-1.0091,0.63217,-0.28348,-5.6889,3.0019,0
-1.579,0.81171,-0.22298,-6.3715,3.7354,0
-2.2438,0.65782,-0.19209,6.1442,2.6998,0
-2.2438,0.88866,-0.2011,3.8687,2.7861,0
-2.7186,1.1452,-0.19081,-7.5093,2.4697,0
-0.81917,0.68346,-0.12516,-2.2755,1.4772,0
-0.24933,-0.086014,-0.038929,7.7372,1.9087,0
-0.7242,-0.52205,0.025425,0.2277,0.75804,0
-0.81917,-0.7016,0.083344,-7.9645,1.4772,0
-2.8136,-0.95809,0.12711,0.68281,0.87311,0
-4.7131,-0.85549,0.14255,7.0545,0.94503,0
-5.093,-0.90679,0.13869,-2.9581,1.3334,0
-3.9533,-1.4198,0.12968,-6.8267,0.67174,0
-1.6739,-1.8558,0.13097,3.6411,1.621,0
1.1753,-2.061,0.18116,5.6891,1.0026,0
2.03,-1.8815,0.27126,-5.4613,1.6786,0
2.125,-1.8815,0.33433,-5.4613,1.693,0
2.125,-1.7019,0.34977,7.282,1.5923,0
1.3652,-1.7019,0.33304,3.6411,2.3258,0
0.13056,-2.3688,0.33947,-7.5093,1.5347,0
0.7004,-2.9074,0.39997,-2.0479,2.3978,0
2.5049,-2.9844,0.43987,9.1025,1.5923,0
2.4099,-2.8048,0.45917,1.3655,1.7505,0
1.3652,-2.6253,0.4566,-8.192,1.9375,0
0.79538,-1.3941,0.40126,1.8206,1.3334,0
0.89035,0.11918,0.30086,6.8269,2.182,0
0.51046,0.73476,0.21978,-3.8684,1.3621,0
-0.24933,0.016583,0.16314,-6.5991,2.0669,0
-0.7242,-1.112,0.1477,4.3238,1.5491,0
-0.7242,-1.2146,0.14255,5.4616,1.4916,0
-0.34431,-0.034715,0.14126,-6.144,1.8368,0
1.3652,0.52957,0.13225,-5.0062,1.2327,0
2.9798,0.17048,0.14641,6.5994,2.2252,0
3.0747,-0.23991,0.14512,3.186,1.3909,0
-0.059385,-0.26556,0.1374,-7.2818,1.995,0
-0.62923,-0.060364,0.12968,-3.8684,1.8656,0
-0.34431,-0.6503,0.13225,8.1923,1.5347,0
0.41548,-1.2915,0.16314,0.68281,2.182,0
0.79538,-1.1633,0.21334,-8.4196,1.3334,0
1.7451,-0.88114,0.28928,0.00013542,2.0669,0
2.125,-0.34251,0.33304,6.5994,1.2902,0
2.22,0.45262,0.32403,-2.9581,1.3046,0
2.03,1.0169,0.26482,-8.192,1.2615,0
0.51046,0.63217,0.21463,3.4135,0.57106,0
-0.53425,0.37567,0.21205,5.9167,1.2902,0
0.41548,1.0939,0.19918,-5.6889,0.25462,0
1.5552,1.5555,0.13869,-5.4613,0.84434,0
1.9351,1.299,0.082057,4.7789,0.49914,0
1.2702,1.2734,0.065325,3.6411,0.24024,0
1.2702,1.7607,0.048593,-6.3715,0.97379,0
1.4602,2.325,0.0086931,-2.9581,0.25462,0
0.32051,1.9146,-0.041503,7.0545,1.3621,0
0.60543,0.99126,-0.067245,1.1379,0.78681,0
1.4602,0.24743,-0.037642,-8.6471,1.4628,0
1.0803,0.093531,0.017703,0.2277,1.621,0
-1.0091,0.70911,0.043444,7.7372,1.1464,0
-2.0538,1.4016,-0.0028907,-1.5928,1.9231,0
-2.1488,1.7351,-0.074968,-8.192,1.0313,0
-0.81917,1.8633,-0.11101,2.9584,1.6642,0
1.1753,1.812,-0.1419,6.5994,0.80119,0
2.6949,1.8633,-0.15863,-4.7786,0.64298,0
1.6501,2.0942,-0.16378,-5.0062,0.67174,0
0.79538,2.6841,-0.19209,6.8269,-0.11935,0
-0.15436,2.7611,-0.23328,3.186,0.87311,0
-0.7242,2.5559,-0.24486,-7.7369,0.21147,0
-1.7689,2.6072,-0.2616,-2.2755,1.1464,0
-2.2438,2.6585,-0.30664,7.7372,1.0889,0
-2.9086,2.6841,-0.35298,0.2277,0.54229,0
-2.5287,2.6328,-0.36971,-8.4196,0.24024,0
-1.294,2.838,-0.39159,1.8206,-1.8454,0
-1.484,3.3253,-0.4508,7.5096,-2.3056,0
-1.0091,3.8127,-0.49456,-3.6408,-4.42,0
-0.91415,3.8383,-0.51258,-8.192,-5.47,0
-1.579,3.4279,-0.51515,4.3238,-6.4912,0
-1.7689,3.0945,-0.47654,5.9167,-7.9152,0
-0.91415,3.3766,-0.39159,-6.3715,-7.4405,0
0.98533,3.787,-0.3105,-5.2337,-8.3323,0
0.98533,3.8127,-0.27447,7.5096,-7.1384,0
-0.059385,3.351,-0.28734,3.186,-6.635,0
0.41548,2.4276,-0.2912,-7.7369,-5.8296,0
-0.43928,1.812,-0.2217,-2.9581,-4.233,0
-2.4337,1.7864,-0.1316,7.5096,-4.0172,0
-1.484,1.8377,-0.078829,-0.22742,-2.3488,0
-1.0091,1.7864,-0.035068,-8.192,-2.3056,0
-1.7689,1.5042,0.034435,0.91037,-1.3276,0
-1.9589,1.6838,0.10394,6.8269,-1.0111,0
-1.8639,2.4276,0.13611,-3.6408,-1.0543,0
0.035589,2.6585,0.158,-7.2818,-0.061812,0
0.51046,2.1455,0.19017,4.5513,-0.62276,0
0.13056,1.6838,0.15027,5.4616,0.57106,0
1.4602,1.9146,-0.0041778,-6.144,0.13956,0
2.22,2.2737,-0.16378,-5.0062,0.45599,0
1.4602,2.6585,-0.19595,6.5994,0.87311,0
1.4602,2.1711,-0.10714,3.4135,0.19709,0
0.60543,1.1965,0.00097052,-7.2818,1.0313,0
0.7004,0.78606,0.08978,-0.68254,0.010105,0
1.7451,1.0682,0.14512,8.1923,0.65736,0
2.22,1.0426,0.17215,0.00013542,0.13956,0
2.315,0.35002,0.20433,-8.192,-0.1625,0
2.125,-0.599,0.24938,2.5033,0.038872,0
1.2702,-1.2659,0.26868,7.0545,-0.88167,0
0.13056,-1.112,0.25453,-4.5511,-0.061812,0
0.51046,-0.599,0.26997,-6.8267,-1.0111,0
0.7004,-0.26556,0.32532,4.5513,-0.53646,0
0.79538,-0.29121,0.34591,5.4616,-0.57961,0
1.6501,-0.77854,0.32274,-7.0542,-0.8529,0
0.22554,-1.4198,0.32403,-4.5511,-0.090578,0
-1.294,-1.8815,0.37294,7.0545,-1.0255,0
-1.0091,-2.2406,0.40254,2.5033,-0.3351,0
-0.81917,-2.7022,0.41541,-8.4196,-0.96797,0
0.41548,-2.9587,0.44888,-1.3652,-1.0111,0
0.60543,-2.8048,0.46304,8.6474,-0.66591,0
-1.0091,-2.0097,0.42571,-0.68254,-1.2413,0
-1.8639,-1.3685,0.35621,-7.7369,-0.2488,0
-1.294,-1.0863,0.28156,1.3655,-0.88167,0
-0.7242,-0.80419,0.23908,7.0545,-0.20565,0
-0.53425,-1.0607,0.22235,-3.6408,-0.36386,0
0.41548,-1.0863,0.19275,-7.2818,-0.70906,0
1.6501,-0.599,0.17215,4.0962,-0.20565,0
0.13056,-0.26556,0.167,5.0064,-1.2269,0
-1.484,-0.4964,0.18631,-7.2818,-0.30633,0
-1.8639,-1.0094,0.22364,-5.2337,-0.99673,0
-0.81917,-1.3685,0.20819,6.8269,-0.53646,0
1.1753,-1.4198,0.13998,2.2757,-0.20565,0
0.98533,-1.2915,0.067899,-8.192,-0.73783,0
0.13056,-0.77854,0.039583,-1.5928,0.038872,0
0.41548,0.067882,0.031861,7.282,-0.96797,0
0.60543,0.96561,0.020277,-1.3652,-0.594,0
0.60543,1.3503,-0.015762,-7.5093,-1.3707,0
-0.34431,1.4529,-0.06081,3.186,-1.7878,0
-2.3388,1.5555,-0.094274,7.0545,-1.5865,0
-1.1991,1.7864,-0.069819,-3.8684,-2.4351,0
0.98533,1.8377,-0.027345,-6.8267,-1.6296,0
1.9351,1.7351,-0.024771,4.7789,-2.6796,0
2.125,1.5812,-0.062097,4.7789,-2.4638,0
1.2702,1.3247,-0.083977,-6.8267,-2.9385,0
0.035589,1.1965,-0.069819,-3.6408,-3.4563,0
-0.24933,1.1965,-0.04279,7.5096,-2.8378,0
0.13056,0.68346,-0.018336,2.5033,-3.4563,0
-0.91415,-0.086014,-0.013187,-8.192,-2.2912,0
-0.7242,-0.3938,0.007406,-0.45498,-2.694,0
0.79538,-0.26556,0.065325,7.7372,-2.4926,0
-0.81917,-0.47075,0.12196,0.00013542,-2.7803,0
-1.579,-0.85549,0.13611,-8.192,-4.2042,0
-0.34431,-1.1633,0.13869,2.7309,-4.1898,0
-0.34431,-1.3685,0.19403,6.5994,-5.5275,0
-0.62923,-1.6763,0.23908,-3.4133,-4.9953,0
-0.43928,-1.8302,0.2571,-7.2818,-5.1248,0
0.98533,-1.5993,0.23265,5.0064,-5.1104,0
0.98533,-1.9841,0.17988,4.7789,-4.3625,0
-0.059385,-2.6253,0.16057,-6.8267,-5.3549,0
-1.484,-2.0354,0.16314,-4.7786,-4.722,0
-1.8639,-0.95809,0.13097,7.0545,-5.772,0
-1.294,-0.67595,0.067899,2.9584,-5.7145,0
-0.62923,-0.34251,0.037009,-7.5093,-5.585,0
0.13056,-0.086014,0.035722,-0.68254,-5.7433,0
-0.15436,-0.3938,0.048593,7.9647,-4.4056,0
-0.34431,-0.7016,0.04988,-1.3652,-5.1104,0
0.32051,-0.26556,0.024138,-7.9645,-4.6214,0
1.6501,0.47827,-0.047939,2.9584,-5.9734,0
2.03,1.0939,-0.10328,6.5994,-6.5631,0
1.4602,1.6325,-0.11358,-5.2337,-6.2898,0
1.0803,2.1968,-0.10071,-7.2818,-6.4193,0
1.8401,2.2994,-0.067245,5.9167,-4.6645,0
2.125,1.4529,-0.037642,4.0962,-5.0241,0
-0.53425,0.22178,-0.045365,-7.9645,-4.5782,0
-1.579,-0.21426,-0.063384,-4.0959,-5.2111,0
-0.15436,0.37567,-0.065958,8.1923,-5.8871,0
-0.34431,0.76041,-0.035068,1.3655,-4.8946,0
-0.43928,0.91431,0.024138,-8.4196,-4.7077,0
0.035589,1.3247,0.11295,-0.22742,-2.4351,0
-2.2438,1.2477,0.22235,7.282,-1.2988,0
-3.3835,0.70911,0.30601,-1.8203,-0.11935,0
-2.7186,-0.086014,0.34334,-6.8267,0.49914,0
-1.8639,-0.62465,0.32789,3.4135,-0.73783,0
0.51046,-1.0863,0.30344,6.5994,-0.52208,0
1.3652,-1.2659,0.25839,-5.4613,-1.3995,0
1.9351,-0.6503,0.21077,-5.6889,-0.40701,0
2.03,0.11918,0.18502,6.3718,0.13956,0
1.4602,0.65782,0.14512,3.6411,0.36969,0
0.035589,0.55522,0.069186,-6.5991,1.2183,0
-1.484,0.14483,0.0022576,-2.2755,-0.076195,0
-4.0483,0.27308,-0.036355,7.282,0.082022,0
-3.6684,0.37567,-0.089126,0.45525,-1.3276,0
-1.6739,0.50392,-0.12903,-7.5093,-0.82413,0
0.13056,1.0169,-0.098135,0.68281,0.35531,0
0.89035,1.2221,-0.0016037,7.282,1.319,0
0.7004,0.60652,0.082057,-1.3652,3.3614,0
-0.15436,-0.13731,0.11552,-7.2818,3.0162,0
0.51046,-0.11166,0.075622,3.186,3.6923,0
1.4602,0.52957,0.007406,7.0545,2.9299,0
0.035589,1.6325,-0.022197,-4.3235,2.7573,0
-2.1488,2.4789,-0.023484,-5.9164,3.6491,0
-2.6237,2.1455,-0.015762,5.0064,3.7498,0
-2.3388,0.60652,0.00097052,3.8687,5.7059,0
-2.2438,-0.52205,0.029286,-6.3715,5.8498,0
-2.2438,-0.36816,0.060177,-4.0959,6.9861,0
-0.81917,0.016583,0.070473,7.5096,6.8422,0
2.03,0.27308,0.042157,1.3655,5.519,0
2.315,0.24743,0.020277,-7.9645,4.9148,0
2.315,0.093531,-0.0028907,-0.9101,2.9443,0
2.125,0.016583,-0.036355,7.282,3.4046,0
1.2702,0.042233,-0.04279,-1.8203,3.0882,0
0.79538,0.29873,-0.00031657,-7.2818,3.5484,0
-0.24933,0.35002,0.038296,2.0482,3.8217,0
-1.6739,0.42697,0.067899,6.3718,2.3258,0
-2.1488,-0.29121,0.11166,-4.5511,1.7936,0
-2.0538,-1.4198,0.15027,-6.8267,-0.45016,0
-1.9589,-1.3428,0.17087,5.9167,-0.37825,0
-2.1488,-0.599,0.14641,4.7789,-0.32071,0
-0.91415,0.17048,0.083344,-7.0542,0.24024,0
0.32051,0.65782,0.00097052,-4.0959,1.319,0
1.6501,1.376,-0.072394,7.5096,0.19709,0
1.8401,2.1711,-0.1316,2.7309,0.19709,0
1.2702,2.7098,-0.1715,-7.5093,-1.3995,0
0.035589,2.6072,-0.18952,0.00013542,-1.5002,0
-0.53425,1.9403,-0.17665,8.4198,-1.4426,0
-1.484,1.1195,-0.12516,-1.1377,-1.7159,0
-1.8639,0.11918,-0.085264,-7.5093,-0.79537,0
-0.15436,-0.26556,-0.047939,3.6411,-1.8166,0
1.4602,-0.034715,-0.00031657,6.5994,-1.2556,0
1.9351,0.22178,-0.006752,-4.7786,-2.1618,0
-0.43928,-0.060364,-0.04279,-5.9164,-2.4638,0
-0.7242,0.067882,-0.044078,6.5994,-1.946,0
0.22554,0.47827,0.0048318,4.0962,-2.2912,0
1.6501,0.47827,0.05889,-7.9645,-1.0543,0
1.9351,0.35002,0.062751,-2.503,-1.9892,0
1.3652,0.22178,0.021564,8.1923,-1.9892,0
-1.1041,0.29873,-0.04279,0.91037,-2.5501,0
-1.9589,0.58087,-0.0917,-8.192,-3.4419,0
-1.1041,0.47827,-0.10328,0.2277,-2.7803,0
0.035589,0.14483,-0.06081,7.282,-3.1686,0
1.4602,0.042233,-0.006752,-2.7306,-1.5289,0
0.89035,0.11918,0.015128,-7.9645,-1.3851,0
-2.0538,0.45262,0.007406,2.7309,-1.0543,0
-3.3835,1.1452,-0.018336,6.3718,-0.60838,0
-2.5287,1.4273,-0.054374,-4.0959,-0.9392,0
-0.059385,1.1965,-0.090413,-6.5991,0.75804,0
0.60543,1.1708,-0.102,5.6891,0.65736,0
0.89035,1.5042,-0.11744,4.5513,1.6354,0
1.7451,1.7351,-0.1612,-7.2818,1.1032,0
2.03,1.7607,-0.19595,-2.9581,0.29777,0
2.125,1.5555,-0.17793,7.0545,0.91626,0
1.3652,1.5812,-0.12774,0.45525,0.72928,0
0.13056,1.9403,-0.073681,-8.192,2.6998,0
0.32051,2.1968,-0.047939,1.1379,2.6135,0
0.7004,1.7351,-0.063384,6.5994,2.7573,0
0.51046,0.35002,-0.067245,-2.503,2.2252,0
-0.15436,-0.599,-0.053087,-7.0542,0.74366,0
-1.484,-0.36816,-0.02992,5.0064,0.80119,0
-2.2438,-0.11166,-0.047939,5.6891,-0.39263,0
-3.0036,-0.16296,-0.11101,-6.8267,0.39846,0
-2.6237,0.11918,-0.15219,-5.0062,0.64298,0
-1.389,0.60652,-0.19081,5.9167,0.82996,0
-1.8639,1.0939,-0.26417,3.4135,1.621,0
-3.0036,1.4016,-0.32209,-7.2818,0.67174,0
-2.4337,1.6068,-0.32466,-2.0479,1.1176,0
-0.24933,1.1965,-0.30278,7.9647,-0.2488,0
0.51046,0.63217,-0.26932,0.45525,-0.5077,0
-0.059385,0.52957,-0.22684,-8.8747,-1.1118,0
0.22554,0.45262,-0.18308,1.1379,-1.946,0
0.035589,-0.034715,-0.16764,7.5096,-1.3995,0
0.22554,-0.72725,-0.19081,-1.8203,-2.2625,0
0.51046,-1.1633,-0.25516,-7.0542,-1.5865,0
-2.0538,-1.0094,-0.29892,4.0962,-2.5645,0
-1.1041,-0.88114,-0.25645,6.8269,-3.4851,0
0.60543,-0.67595,-0.17279,-5.6889,-3.9453,0
-2.5287,-0.62465,-0.10586,-5.9164,-5.2111,0
-2.6237,-0.47075,-0.076255,6.5994,-4.42,0
-0.62923,-0.29121,-0.062097,3.186,-5.1967,0
0.32051,-0.086014,-0.076255,-7.5093,-4.7364,0
-0.81917,0.24743,-0.089126,-2.9581,-5.283,0
-1.1041,0.27308,-0.10586,7.282,-6.3042,0
-1.579,-0.16296,-0.12002,0.2277,-6.1748,0
-0.15436,-0.6503,-0.11615,-8.4196,-7.2823,0
0.60543,-0.80419,-0.096848,0.91037,-6.2179,0
0.79538,-0.29121,-0.064671,7.7372,-6.635,0
1.8401,0.37567,-0.073681,-3.4133,-6.6063,0
1.9351,0.63217,-0.092987,-6.8267,-6.6926,0
2.315,0.47827,-0.073681,5.4616,-7.8289,0
3.3597,0.24743,-0.024771,5.0064,-7.1816,0
3.3597,0.52957,0.012554,-6.3715,-7.8432,0
0.89035,1.0426,-0.02091,-5.0062,-6.4337,0
-0.34431,1.3503,-0.099422,6.1442,-5.7289,0
-0.62923,1.1452,-0.14833,2.5033,-5.1967,0
0.32051,0.81171,-0.13675,-8.192,-4.1035,0
0.60543,0.76041,-0.11873,-1.5928,-5.0241,0
0.7004,1.0682,-0.15992,6.8269,-4.4056,0
-1.1041,1.4016,-0.23714,-1.1377,-5.3693,0
-0.15436,1.376,-0.28219,-8.6471,-4.7077,0
0.32051,1.1452,-0.28605,2.5033,-3.9741,0
-1.1991,0.76041,-0.22298,7.5096,-4.0892,0
-1.9589,0.50392,-0.1316,-4.5511,-3.3412,0
-2.2438,0.042233,-0.06081,-6.5991,-4.8515,0
-1.1991,-0.29121,-0.014475,5.0064,-4.6933,0
-0.7242,-0.23991,0.01899,5.234,-5.1967,0
-0.62923,-0.52205,0.046019,-6.5991,-4.8083,0
-1.389,-1.2915,0.10522,-3.6408,-3.5426,0
0.89035,-2.1636,0.20304,7.5096,-3.8734,0
2.6949,-2.2662,0.2867,2.9584,-2.9816,0
1.5552,-1.8815,0.297,-7.2818,-4.233,0
-0.81917,-1.4967,0.24166,-0.45498,-4.1755,0
-1.0091,-1.4967,0.16057,6.5994,-4.3337,0
0.035589,-1.1376,0.13998,-1.5928,-4.3481,0
0.035589,-0.5477,0.14126,-7.5093,-2.9241,0
0.79538,-0.18861,0.11037,2.7309,-3.3125,0
3.5496,-0.26556,0.048593,6.1442,-2.32,0
4.0245,-0.4964,-0.010613,-4.0959,-2.996,0
2.7898,0.22178,-0.074968,-6.144,-2.6077,0
0.32051,1.889,-0.15219,4.7789,-1.7734,0
0.7004,3.1458,-0.20882,3.8687,-1.6296,0
0.60543,2.5046,-0.1715,-7.0542,-0.047428,0
-0.24933,0.99126,-0.059523,-4.0959,-0.53646,0
-1.484,-0.11166,0.0022576,6.3718,0.34092,0
-2.0538,-0.3938,0.021564,2.2757,0.32654,0
-1.1041,-0.16296,0.035722,-7.9645,0.44161,0
-0.62923,0.14483,0.016416,-1.5928,1.2183,0
0.60543,0.35002,-0.040216,7.9647,0.77243,0
1.5552,0.32437,-0.069819,-1.5928,2.1964,0
0.13056,-0.0090658,-0.046652,-8.8747,1.9519,0
-1.294,-0.29121,-0.010613,2.5033,2.6854,0
-1.9589,-0.086014,-0.0016037,6.1442,2.8724,0
-2.8136,-0.13731,-0.04279,-5.4613,2.1532,0
-0.62923,-0.34251,-0.086552,-6.144,2.8005,0
0.22554,0.042233,-0.080116,5.6891,1.6067,0
0.89035,0.45262,-0.047939,3.8687,2.1388,0
0.89035,0.63217,-0.055661,-6.8267,1.2471,0
1.6501,0.73476,-0.10972,-3.1857,0.80119,0
1.3652,1.0682,-0.12645,7.5096,1.1464,0
-0.34431,1.4016,-0.10071,2.5033,0.36969,0
-1.294,1.2734,-0.085264,-8.192,1.2471,0
-1.1991,0.96561,-0.10843,-1.1377,0.096406,0
0.035589,0.58087,-0.12774,7.7372,0.32654,0
-0.059385,0.68346,-0.13417,-1.1377,0.067639,0
-1.294,1.5042,-0.14704,-7.0542,-0.11935,0
-0.7242,2.0429,-0.19081,2.7309,1.1895,0
0.22554,1.9659,-0.26674,7.0545,0.91626,0
1.5552,1.1452,-0.31308,-5.2337,2.182,0
1.0803,-0.086014,-0.28734,-5.4613,1.5204,0
-0.24933,-1.1633,-0.24615,7.282,1.4341,0
-1.579,-0.7016,-0.27833,3.6411,1.0601,0
-1.8639,0.47827,-0.32981,-7.2818,0.053256,0
-0.81917,1.376,-0.32852,-2.0479,0.64298,0
0.89035,1.7607,-0.32209,8.6474,-0.1625,0
0.13056,1.889,-0.36199,0.68281,0.58544,0
-1.1041,1.8377,-0.41218,-7.9645,0.25462,0
0.13056,2.0172,-0.41733,1.5931,0.19709,0
1.3652,2.3507,-0.37357,7.5096,0.55667,0
0.98533,2.1711,-0.32209,-3.1857,-0.40701,0
0.13056,1.4016,-0.27833,-6.8267,0.16832,0
-0.15436,0.81171,-0.22041,4.0962,-0.75222,0
1.5552,0.73476,-0.17407,6.3718,-0.20565,0
3.8345,0.93996,-0.16249,-7.5093,0.21147,0
2.8848,0.86301,-0.18051,-5.6889,0.34092,0
-0.34431,0.70911,-0.15605,6.1442,1.5635,0
-1.8639,0.76041,-0.102,3.186,0.90188,0
-0.91415,0.78606,-0.063384,-7.5093,1.7936,0
1.2702,0.40132,-0.044078,-2.0479,1.2615,0
2.125,-0.034715,-0.014475,7.282,1.4916,0
1.4602,-0.57335,0.04988,0.91037,1.995,0
2.125,-1.2146,0.13097,-8.6471,1.4197,0
3.8345,-1.3172,0.19661,0.00013542,2.2252,0
2.6949,-1.035,0.2069,6.8269,1.0313,0
-0.15436,-1.1633,0.17988,-1.8203,1.1752,0
-0.15436,-1.2915,0.1773,-8.192,0.55667,0
1.4602,-1.0863,0.23265,4.3238,-0.20565,0
1.1753,-1.3428,0.30987,6.1442,0.16832,0
-1.0091,-1.6763,0.37037,-6.8267,-0.79537,0
-2.0538,-2.061,0.38324,-5.0062,0.28339,0
-2.2438,-2.2662,0.38195,7.282,-0.14811,0
-1.389,-1.548,0.41413,3.4135,0.12517,0
-1.7689,-1.2402,0.44888,-8.192,0.13956,0
-4.0483,-1.5224,0.46046,-2.503,-0.86728,0
-2.9086,-1.035,0.46175,7.7372,-0.11935,0
-1.484,-0.5477,0.45145,0.45525,-0.83852,0
-0.62923,-0.7016,0.4167,-8.6471,0.31216,0
1.2702,-0.90679,0.40383,1.1379,0.70051,0
1.6501,-1.0094,0.41026,7.7372,0.88749,0
0.41548,-1.0094,0.38195,-2.0479,1.5347,0
-0.43928,-0.7016,0.33304,-8.192,0.082022,0
0.13056,-0.34251,0.29185,3.8687,0.19709,0
-0.24933,-0.21426,0.28284,7.0545,-1.0687,0
-0.24933,-0.16296,0.27383,-5.0062,-1.1118,0
1.5552,-0.21426,0.23522,-5.2337,-0.89605,0
4.6893,-0.16296,0.16958,6.5994,-1.2844,0
4.3094,-0.34251,0.10394,3.6411,-0.43578,0
1.2702,-0.18861,0.091067,-7.2818,-1.3851,0
0.89035,-0.060364,0.093641,-1.3652,-0.79537,0
0.7004,-0.13731,0.073047,7.5096,-1.3419,0
-0.43928,-0.34251,0.048593,0.2277,-1.457,0
-2.3388,-0.4964,0.057602,-9.1023,-0.72345,0
-1.1041,-0.47075,0.074335,1.3655,-1.3132,0
0.7004,-0.0090658,0.056315,7.7372,-0.45016,0
0.60543,0.42697,-0.0028907,-3.1857,-1.5433,0
-2.0538,0.58087,-0.067245,-7.7369,-1.7159,0
-4.2382,0.76041,-0.102,4.7789,-2.2625,0
-2.8136,1.4529,-0.12002,5.4616,-3.0823,0
0.60543,2.5046,-0.15734,-6.5991,-2.3344,0
1.9351,2.6841,-0.18566,-5.4613,-3.183,0
2.125,2.2481,-0.15477,6.3718,-2.3488,0
1.1753,1.9659,-0.098135,2.2757,-2.7371,0
1.6501,1.9916,-0.062097,-7.7369,-2.7659,0
0.13056,2.3763,-0.080116,-2.0479,-2.5501,0
-3.5734,2.5046,-0.11487,7.282,-3.2693,0
-4.7131,2.1968,-0.11744,0.45525,-2.2049,0
-3.9533,2.0685,-0.081403,-8.6471,-2.7803,0
-2.6237,1.7351,-0.065958,0.91037,-1.7447,0
-1.1041,1.4016,-0.096848,6.5994,-1.4858,0
1.3652,1.6838,-0.1419,-3.6408,-1.4139,0
2.7898,1.8633,-0.19595,-7.2818,-0.52208,0
3.8345,1.5555,-0.21397,3.8687,-1.155,0
3.7396,1.3503,-0.21397,5.6891,-0.10496,0
1.8401,1.1965,-0.23843,-5.2337,-0.594,0
0.60543,1.2477,-0.2114,-5.0062,-0.10496,0
-1.9589,0.93996,-0.15219,6.1442,0.28339,0
-1.1991,0.83736,-0.12259,2.5033,-0.076195,0
0.13056,1.0682,-0.12002,-7.7369,0.98818,0
-0.34431,1.0939,-0.13675,-1.5928,0.31216,0
-0.43928,0.60652,-0.13417,7.5096,1.1895,0
-0.81917,0.42697,-0.11487,0.00013542,1.0313,0
-0.53425,0.42697,-0.086552,-7.5093,0.87311,0
0.41548,0.40132,-0.027345,2.0482,1.4916,0
-0.24933,0.42697,0.037009,7.0545,0.67174,0
-0.43928,0.24743,0.042157,-3.6408,1.4628,0
0.13056,0.45262,-0.0041778,-6.5991,0.67174,0
-0.62923,0.88866,-0.081403,5.6891,0.98818,0
-3.1935,1.1965,-0.14833,3.8687,1.1752,0
-3.5734,1.4273,-0.18437,-7.5093,0.90188,0
-1.7689,1.3503,-0.18694,-4.0959,1.8512,0
-0.91415,0.76041,-0.17021,7.5096,1.0889,0
-1.389,0.63217,-0.14704,2.2757,2.0957,0
-0.91415,0.45262,-0.099422,-8.192,1.9662,0
-0.53425,0.47827,-0.058236,-0.9101,2.182,0
1.4602,0.45262,-0.028633,7.0545,2.8436,0
2.125,0.37567,-0.022197,-0.68254,2.4409,0
2.22,0.37567,-0.019623,-8.4196,3.6347,0
1.4602,0.016583,0.024138,1.3655,3.0738,0
0.035589,-0.3938,0.11166,6.8269,3.6923,0
0.41548,-0.5477,0.22235,-3.6408,3.6923,0
0.51046,-0.95809,0.30858,-6.8267,3.4046,0
-1.9589,-1.2659,0.33304,4.7789,4.0806,0
-2.1488,-1.2915,0.31245,4.5513,3.2464,0
-1.294,-1.1889,0.30344,-7.2818,4.0806,0
-1.7689,-1.3685,0.3073,-5.0062,3.419,0
-0.91415,-1.1376,0.26868,6.8269,3.534,0
1.2702,-0.62465,0.16443,2.7309,3.6347,0
1.0803,-0.36816,0.061464,-7.7369,2.9299,0
1.7451,-0.62465,0.033148,-1.5928,3.5628,0
1.2702,-0.90679,0.035722,8.1923,2.556,0
-0.24933,-1.112,0.025425,-1.1377,3.1745,0
-2.6237,-1.3428,0.016416,-8.192,2.5416,0
-3.4784,-1.3941,0.0048318,1.8206,2.3258,0
-3.6684,-1.2915,-0.018336,6.1442,2.6135,0
-2.8136,-1.035,-0.036355,-4.5511,1.7217,0
-3.1935,-1.1376,-0.035068,-7.0542,2.5704,0
-2.1488,-0.90679,-0.038929,5.6891,1.6786,0
0.89035,-0.34251,-0.050513,4.3238,2.2395,0
3.8345,-0.21426,-0.035068,-7.5093,2.2252,0
2.8848,-0.18861,0.029286,-4.3235,1.808,0
0.79538,-0.47075,0.057602,7.282,2.5128,0
1.4602,-1.1633,0.025425,2.5033,1.6067,0
1.2702,-1.4967,0.0061189,-7.2818,2.4265,0
0.98533,-1.1889,0.015128,0.2277,1.7505,0
0.035589,-0.6503,0.025425,7.282,1.8512,0
-1.389,-0.52205,0.038296,-0.22742,2.1245,0
-1.0091,-1.1633,0.037009,-7.0542,1.3765,0
0.32051,-1.5224,0.038296,3.186,2.2683,0
1.2702,-1.3685,0.053741,7.0545,1.3621,0
-1.7689,-1.112,0.060177,-3.6408,1.9519,0
-4.1432,-1.3172,0.053741,-6.8267,1.5635,0
-2.8136,-1.548,0.078196,5.0064,1.2902,0
-1.1041,-1.3428,0.14641,4.7789,1.7505,0
1.4602,-0.88114,0.20433,-6.3715,0.81558,0
4.8792,-0.31686,0.23908,-4.3235,1.5779,0
3.9295,-0.36816,0.24294,6.8269,0.65736,0
-0.91415,-0.41945,0.18116,1.8206,1.0313,0
-2.8136,-0.060364,0.070473,-8.192,1.0026,0
-1.579,0.35002,-0.006752,-1.1377,0.54229,0
0.22554,0.19613,-0.018336,7.5096,1.2902,0
1.6501,0.22178,0.0048318,-1.3652,0.45599,0
2.125,0.47827,0.052454,-9.1023,1.2615,0
1.2702,1.0426,0.076909,2.2757,0.78681,0
0.035589,1.1708,0.047306,5.9167,0.88749,0
0.32051,1.0939,-0.014475,-4.7786,1.2615,0
-0.24933,1.0169,-0.077542,-6.3715,0.74366,0
-0.7242,1.2734,-0.13289,5.6891,1.7793,0
-1.484,1.7094,-0.16764,4.0962,0.90188,0
-0.91415,1.812,-0.15219,-6.8267,1.5204,0
0.13056,1.889,-0.11487,-4.3235,1.319,0
0.7004,2.0172,-0.074968,7.0545,1.319,0
-0.15436,1.9916,-0.08269,2.2757,2.1101,0
0.51046,2.1711,-0.11744,-7.9645,1.5779,0
1.4602,2.2224,-0.11873,-2.0479,2.6854,0
1.0803,1.9146,-0.080116,7.9647,2.0238,0
-0.81917,1.4016,-0.040216,0.00013542,2.5704,0
-0.91415,0.96561,-0.018336,-8.192,2.6135,0
0.13056,0.88866,-0.017049,2.2757,2.2108,0
1.5552,1.3247,-0.02091,6.3718,2.9299,0
1.3652,0.93996,-0.00031657,-4.5511,2.0525,0
1.1753,0.50392,0.034435,-6.3715,2.8724,0
0.7004,-0.47075,0.067899,5.4616,2.6854,0
0.035589,-1.548,0.12196,5.234,3.0594,0
0.22554,-1.8815,0.18245,-6.144,3.8936,0
1.2702,-1.3685,0.22621,-4.0959,3.3614,0
2.7898,-1.2659,0.25581,7.0545,4.282,0
2.315,-1.5993,0.2674,1.8206,3.419,0
1.4602,-1.9584,0.2867,-7.5093,3.908,0
0.79538,-2.1893,0.32146,-0.68254,3.8649,0
0.51046,-2.3944,0.32274,8.1923,3.3758,0
3.0747,-2.3175,0.28928,-0.68254,4.0806,0
0.79538,-2.2662,0.27383,-7.2818,3.2751,0
-0.24933,-1.9584,0.23908,2.9584,4.5265,0
-0.53425,-1.2659,0.14641,6.1442,5.0011,0
0.13056,-0.90679,0.069186,-5.2337,6.0368,0
0.7004,-0.93244,0.044732,-5.4613,6.6984,0
-0.15436,-0.75289,0.055028,5.6891,5.7635,0
-0.62923,-0.41945,0.060177,3.6411,6.1662,0
-1.579,-0.31686,0.069186,-7.2818,5.0155,0
-1.9589,-0.4964,0.085918,-3.1857,5.7491,0
-1.8639,-0.21426,0.076909,7.7372,5.8642,0
-0.15436,0.24743,0.038296,1.1379,5.8642,0
0.60543,0.29873,-0.031207,-8.8747,6.4826,0
-0.15436,0.55522,-0.11744,0.2277,5.7203,0
0.32051,1.0169,-0.19853,7.0545,6.497,0
-0.15436,1.376,-0.25773,-2.0479,5.6484,0
-0.43928,1.4273,-0.27704,-7.7369,5.9505,0
-0.62923,1.4786,-0.26546,2.7309,5.9505,0
-1.6739,1.5042,-0.24744,6.3718,5.3176,0
-2.9086,1.299,-0.23457,-5.6889,5.7779,0
-2.1488,0.96561,-0.20882,-6.144,4.584,0
-0.34431,0.45262,-0.15091,7.0545,4.9292,0
0.13056,-0.034715,-0.10071,3.4135,4.2676,0
-1.0091,-0.29121,-0.080116,-7.5093,4.7279,0
-0.91415,-0.82984,-0.063384,-2.503,5.3895,0
0.51046,-1.548,-0.0119,7.0545,5.0874,0
2.5049,-2.0867,0.04087,0.2277,5.7779,0
3.4546,-2.2406,0.052454,-7.7369,4.3107,0
1.8401,-2.0867,-0.010613,2.0482,4.5553,0
-0.91415,-1.548,-0.081403,6.5994,4.0375,0
-1.9589,-0.72725,-0.10843,-3.4133,3.8792,0
-0.91415,-0.060364,-0.10457,-7.5093,4.5409,0
2.125,-0.034715,-0.14061,3.8687,3.8073,0
2.22,-0.26556,-0.20754,5.9167,4.8429,0
-0.43928,-0.11166,-0.18823,-6.3715,3.9799,0
-0.91415,0.11918,-0.077542,-4.3235,3.9368,0
-2.5287,-0.034715,0.034435,6.5994,3.1888,0
-2.5287,-0.21426,0.096215,2.5033,1.8799,0
-1.294,-0.18861,0.094928,-7.9645,2.3402,0
-0.81917,-0.21426,0.10008,-1.3652,1.5923,0
-1.389,-0.31686,0.14384,7.9647,2.9443,0
0.79538,-0.98374,0.18116,-0.9101,2.9443,0
1.3652,-1.3172,0.20176,-7.5093,2.9875,0
1.8401,-1.1376,0.20819,2.5033,2.7142,0
1.9351,-1.1889,0.22879,7.0545,1.319,0
1.5552,-1.548,0.27126,-3.6408,1.8224,0
0.7004,-1.625,0.30344,-7.5093,1.2471,0
0.035589,-1.4711,0.34591,4.7789,2.4553,0
-0.62923,-1.5993,0.35878,5.4616,2.8293,0
-0.62923,-1.5737,0.32918,-7.0542,2.8868,0
0.32051,-1.3172,0.27255,-5.2337,3.419,0
1.7451,-1.0863,0.25324,6.8269,2.1101,0
2.4099,-1.112,0.26225,2.9584,2.369,0
3.2647,-1.3428,0.24166,-7.5093,1.2615,0
3.7396,-1.1633,0.22621,-1.8203,1.9375,0
4.0245,-0.72725,0.2275,7.282,2.743,0
4.0245,-0.599,0.19918,0.00013542,2.7717,0
4.4044,-0.57335,0.17601,-7.9645,3.5484,0
1.4602,-0.57335,0.1773,0.91037,2.2539,0
1.4602,-0.52205,0.20176,6.8269,2.7861,0
0.13056,-0.26556,0.22879,-4.0959,2.4265,0
-2.3388,-0.3938,0.22879,-7.5093,2.7861,0
-2.4337,-0.21426,0.23651,4.5513,3.4046,0
-1.1991,-0.034715,0.2172,5.4616,2.858,0
-0.15436,0.016583,0.15413,-6.5991,3.7786,0
-1.389,0.17048,0.067899,-4.5511,3.2032,0
-2.7186,0.35002,-0.0054649,6.3718,4.1238,0
-1.484,0.52957,-0.053087,2.2757,4.5121,0
-0.62923,0.60652,-0.10586,-7.5093,4.6703,0
1.5552,0.68346,-0.16378,-0.9101,5.6053,0
3.0747,1.0426,-0.18308,7.7372,4.7998,0
2.6949,1.2477,-0.19853,0.00013542,5.8066,0
0.41548,1.2221,-0.26803,-7.9645,5.332,0
-0.059385,1.3503,-0.3414,2.0482,5.8785,0
2.315,1.4016,-0.34783,6.8269,5.8785,0
2.125,1.1452,-0.31565,-3.6408,4.9868,0
-0.24933,0.88866,-0.3105,-5.9164,5.6916,0
-0.059385,0.99126,-0.33625,5.4616,5.0587,0
-1.294,1.0939,-0.37486,4.7789,6.195,0
-1.8639,1.5042,-0.38902,-6.5991,5.8929,0
-0.24933,1.6325,-0.38773,-3.4133,6.1374,0
0.7004,1.5042,-0.36199,8.1923,6.871,0
0.51046,1.3503,-0.3311,0.68281,6.2813,0
0.60543,1.0939,-0.33496,-8.4196,6.9717,0
0.035589,1.0169,-0.3414,0.91037,5.5909,0
1.5552,1.0682,-0.32724,7.282,5.9792,0
1.7451,1.0426,-0.31565,-3.1857,5.9648,0
0.13056,1.1708,-0.30407,-7.0542,5.8354,0
-2.5287,1.5299,-0.30793,4.0962,6.497,0
-4.3332,1.6068,-0.30793,5.9167,5.3607,0
-3.6684,1.4016,-0.29377,-5.2337,6.1374,0
0.22554,1.1195,-0.26288,-4.3235,5.5333,0
1.6501,1.1965,-0.23843,7.0545,5.821,0
-0.7242,1.3503,-0.21912,1.8206,5.9217,0
-2.7186,1.5812,-0.18823,-8.4196,4.9005,0
-2.3388,1.4786,-0.14962,-1.3652,5.3751,0
-0.91415,1.0682,-0.11615,7.5096,4.1094,0
0.98533,0.52957,-0.10586,-1.1377,4.5696,0
1.8401,0.24743,-0.13675,-7.7369,3.7929,0
-0.62923,0.32437,-0.22684,2.0482,2.9156,0
-2.6237,0.68346,-0.32209,6.3718,2.7861,0
-1.484,1.1965,-0.39674,-3.6408,1.506,0
-0.81917,1.9916,-0.41733,-7.0542,2.369,0
-0.62923,2.402,-0.3311,4.7789,1.2615,0
-0.53425,2.0685,-0.25387,4.0962,1.506,0
-0.34431,1.4016,-0.22298,-7.2818,1.2471,0
1.2702,0.93996,-0.17793,-2.9581,0.90188,0
1.9351,0.52957,-0.067245,7.7372,1.7649,0
1.2702,0.14483,0.038296,1.8206,0.93064,0
0.035589,0.016583,0.11166,-8.4196,1.7505,0
0.7004,-0.34251,0.1477,0.68281,1.3621,0
2.5999,-0.5477,0.16186,7.5096,1.5491,0
2.315,-0.34251,0.1773,-1.5928,1.9087,0
0.51046,-0.62465,0.2069,-7.2818,1.0313,0
-0.34431,-1.1889,0.23007,3.6411,1.7505,0
-0.7242,-1.548,0.24294,7.5096,0.80119,0
-1.579,-1.8815,0.26868,-5.2337,1.2327,0
-1.8639,-2.1893,0.30344,-5.9164,0.71489,0
-0.15436,-2.1123,0.33947,6.5994,-0.2488,0
0.51046,-1.8815,0.3768,4.3238,-0.56523,0
0.89035,-1.8045,0.43729,-7.2818,-2.1043,0
0.7004,-1.8302,0.46175,-3.4133,-1.3419,0
-0.15436,-1.8558,0.4167,7.282,-1.644,0
-0.81917,-1.8045,0.3768,1.1379,-1.0111,0
-2.4337,-1.548,0.36908,-8.192,-1.3132,0
-2.5287,-1.1633,0.36522,0.91037,-2.8378,0
-1.9589,-1.0094,0.34848,7.0545,-3.2118,0
-1.294,-1.1889,0.3472,-3.1857,-4.722,0
-1.7689,-1.3172,0.33561,-8.6471,-3.7152,0
-2.7186,-1.2402,0.27769,3.4135,-3.2549,0
-1.294,-0.98374,0.2069,4.5513,-2.0899,0
1.1753,-0.88114,0.1773,-6.3715,-0.69468,0
2.6949,-0.90679,0.14512,-5.0062,-1.2269,0
1.5552,-0.72725,0.087205,6.8269,-0.92482,0
-0.62923,-0.16296,0.024138,2.2757,-2.5933,0
0.98533,-0.086014,-0.036355,-8.6471,-2.4495,0
1.5552,-0.29121,-0.071106,-2.0479,-2.3488,0
-0.53425,-0.5477,-0.0518,7.5096,-2.3488,0
-1.0091,-0.72725,-0.018336,-0.45498,-1.0687,0
-0.43928,-0.95809,0.012554,-7.9645,-1.7159,0
0.035589,-0.72725,0.030574,0.45525,-0.80975,0
-1.1991,-0.4964,0.042157,7.0545,-1.5289,0
-1.7689,-0.4964,0.037009,-3.8684,-1.6871,0
-0.24933,-0.57335,0.034435,-7.5093,-1.2556,0
1.5552,-0.16296,-0.023484,4.0962,-1.5721,0
2.125,0.40132,-0.1419,5.9167,-0.26318,0
1.3652,0.58087,-0.24744,-5.6889,-1.0399,0
0.035589,0.76041,-0.30536,-5.6889,-0.34948,0
-0.53425,0.96561,-0.30536,6.5994,-0.65153,0
-1.0091,0.76041,-0.28734,2.9584,-0.52208,0
-1.579,0.22178,-0.30278,-7.7369,0.41284,0
-0.059385,0.17048,-0.32852,-1.1377,0.038872,0
-0.43928,0.58087,-0.31951,6.8269,1.1176,0
-0.53425,0.81171,-0.27061,-0.68254,0.61421,0
-0.24933,0.65782,-0.22041,-7.9645,1.5779,0
0.51046,0.76041,-0.18308,2.5033,2.5991,0
1.5552,1.0682,-0.16378,6.8269,3.2032,0
0.32051,1.299,-0.12903,-3.8684,4.6128,0
-1.389,1.1965,-0.10071,-6.144,3.5628,0
-1.8639,1.6325,-0.098135,5.6891,3.6491,0
-2.0538,1.889,-0.11615,5.0064,2.6854,0
-1.0091,1.5812,-0.12774,-6.8267,2.9299,0
1.2702,1.4786,-0.13417,-4.0959,3.9943,0
2.7898,1.4016,-0.13546,7.5096,4.0375,0
0.7004,1.4273,-0.13417,2.0482,5.2313,0
-1.389,1.4529,-0.13804,-7.9645,4.0231,0
-1.1041,1.4786,-0.13289,0.00013542,3.8792,0
-1.579,1.0169,-0.10714,7.5096,3.0738,0
-2.1488,0.42697,-0.055661,-2.503,2.4265,0
-2.1488,0.22178,-0.015762,-7.2818,3.1888,0
-2.9086,-0.060364,0.0022576,4.7789,2.8005,0
-1.579,-0.6503,0.016416,4.7789,4.3539,0
0.13056,-1.1376,0.061464,-5.6889,4.1525,0
1.5552,-1.035,0.1477,-5.4613,4.4402,0
2.22,-1.0094,0.19661,7.282,4.1957,0
2.03,-1.0863,0.17087,2.9584,2.9875,0
0.22554,-1.2915,0.14899,-7.9645,3.4046,0
-0.53425,-1.4198,0.13998,-1.8203,2.3978,0
-0.62923,-1.0863,0.14255,7.5096,3.3039,0
-1.389,-0.52205,0.1181,-0.45498,3.2608,0
-0.34431,-0.41945,0.08077,-7.5093,3.6491,0
0.51046,-0.36816,0.093641,2.2757,4.2244,0
-0.059385,-0.21426,0.15671,7.0545,3.419,0
-0.24933,-0.31686,0.20562,-4.3235,4.2244,0
1.0803,-0.060364,0.21077,-6.5991,3.2176,0
-0.059385,0.11918,0.19532,5.4616,3.4334,0
-2.4337,-0.21426,0.14255,4.3238,3.0162,0
-2.2438,-0.36816,0.017703,-7.2818,2.369,0
0.32051,0.016583,-0.14704,-4.5511,2.858,0
-1.1041,0.58087,-0.28476,6.8269,1.8512,0
-2.6237,0.78606,-0.36971,1.8206,2.2539,0
-0.43928,0.96561,-0.38773,-7.9645,0.93064,0
1.7451,1.1452,-0.37872,0.00013542,0.21147,0
4.0245,1.2734,-0.38773,7.5096,-0.13373,0
2.9798,1.0939,-0.39545,-1.1377,-0.6803,0
1.4602,0.86301,-0.36328,-8.192,0.68613,0
0.22554,0.96561,-0.31308,3.6411,0.35531,0
0.32051,1.0682,-0.28605,6.5994,1.2039,0
-0.53425,1.3503,-0.22684,-5.4613,0.81558,0
-2.4337,1.1195,-0.0917,-4.5511,0.096406,0
-2.4337,0.65782,0.038296,6.3718,0.13956,0
-3.1935,0.11918,0.13097,3.186,-0.7666,0
-2.4337,-0.11166,0.21978,-7.0542,0.29777,0
-0.34431,-0.4451,0.3266,-1.3652,-0.2488,0
0.51046,-0.88114,0.43343,7.9647,0.28339,0
-0.24933,-1.0094,0.51066,-0.45498,0.51352,0
-1.389,-1.035,0.50422,-8.6471,0.067639,0
-1.1041,-0.88114,0.42314,1.5931,0.68613,0
-1.7689,-0.80419,0.32532,6.5994,-0.40701,0
-1.6739,-1.112,0.25067,-4.0959,0.22586,0
0.79538,-1.3685,0.16186,-6.3715,-0.4214,0
1.8401,-1.2659,0.096215,5.4616,-0.52208,0
0.41548,-1.3428,0.11166,3.8687,-0.32071,0
-0.34431,-1.7276,0.16958,-6.3715,-1.2556,0
0.32051,-1.3428,0.19532,-3.8684,-0.60838,0
1.5552,-0.67595,0.17087,7.0545,-1.6584,0
1.2702,-0.5477,0.11938,0.91037,-1.2988,0
0.98533,-0.98374,0.076909,-8.4196,-1.4714,0
-0.059385,-1.3685,0.064038,-0.45498,-1.7734,0
-0.34431,-1.1376,0.056315,6.8269,-0.96797,0
0.22554,-0.6503,0.030574,-1.8203,-1.8166,0
-0.24933,-0.5477,0.056315,-7.7369,-1.1837,0
-0.34431,-1.0094,0.12582,2.7309,-2.018,0
0.51046,-1.0607,0.13097,5.9167,-2.018,0
2.7898,-0.88114,0.083344,-5.0062,-1.6871,0
3.0747,-0.98374,0.075622,-5.4613,-2.3488,0
0.89035,-0.88114,0.062751,6.1442,-1.7734,0
0.7004,-0.41945,0.015128,3.8687,-3.0967,0
0.7004,0.22178,-0.0518,-6.5991,-2.4638,0
0.13056,0.47827,-0.102,-4.0959,-2.6652,0
0.41548,0.45262,-0.11358,8.1923,-2.5214,0
1.6501,0.32437,-0.072394,2.0482,-1.6871,0
1.7451,0.093531,0.0048318,-7.2818,-2.3919,0
-0.91415,-0.26556,0.083344,-0.9101,-1.457,0
-2.7186,-0.26556,0.11166,7.282,-2.2912,0
-2.7186,-0.11166,0.04087,-1.3652,-1.7734,0
-2.2438,-0.41945,-0.081403,-8.8747,-2.0323,0
-1.1041,-0.75289,-0.1316,2.9584,-2.9816,0
-0.53425,-0.26556,-0.098135,7.0545,-2.8234,0
-0.7242,0.35002,-0.055661,-3.4133,-4.1323,0
-1.6739,0.68346,-0.059523,-6.3715,-3.5857,0
-1.0091,0.83736,-0.036355,5.4616,-4.2186,0
-1.484,0.58087,0.0086931,5.0064,-3.8303,0
-1.1041,0.11918,0.044732,-6.8267,-3.0248,0
-0.81917,-0.13731,0.079483,-4.0959,-3.2837,0
0.7004,-0.13731,0.11295,7.0545,-2.133,0
4.0245,0.11918,0.10265,0.2277,-2.6796,0
7.9184,0.78606,0.04087,-8.192,-1.7159,0
7.3486,0.96561,-0.014475,0.68281,-1.5433,0
4.9742,1.1708,-0.026058,7.282,-1.9748,0
2.03,1.4016,-0.0080391,-2.9581,-1.7591,0
0.13056,1.5555,0.046019,-7.7369,-3.2549,0
-0.53425,1.7094,0.10909,4.3238,-2.9529,0
-0.34431,1.4786,0.12196,5.0064,-3.9166,0
-0.62923,1.3247,0.091067,-5.6889,-3.8446,0
-1.579,1.0939,0.056315,-5.4613,-3.6577,0
-1.1041,0.99126,0.07176,5.6891,-4.2042,0
-1.7689,0.73476,0.12196,3.4135,-3.3556,0
-1.8639,0.40132,0.12711,-7.9645,-4.7364,0
-1.1991,0.40132,0.078196,-2.7306,-4.5351,0
-1.6739,0.22178,-0.0054649,8.1923,-5.0529,0
-1.7689,0.37567,-0.056948,0.91037,-4.6933,0
-1.1991,0.52957,-0.006752,-6.8267,-3.3125,0
-0.91415,0.47827,0.10522,1.3655,-3.2693,0
-0.81917,0.14483,0.19918,7.9647,-1.5145,0
-1.579,0.016583,0.24809,-2.2755,-1.9892,0
-2.0538,0.68346,0.27255,-7.0542,-1.4282,0
-1.9589,1.7094,0.28413,5.234,-1.5289,0
-0.24933,1.9403,0.28284,5.6891,-2.018,0
0.41548,1.5555,0.27383,-5.2337,-0.80975,0
-0.91415,1.3247,0.24938,-5.6889,-0.92482,0
-1.579,0.88866,0.17988,6.8269,0.55667,0
0.7004,0.58087,0.064038,4.3238,0.44161,0
1.8401,-0.16296,-0.02091,-7.0542,0.55667,0
1.3652,-0.67595,-0.022197,-3.1857,0.85873,0
0.22554,-0.52205,0.04087,7.7372,0.038872,0
1.3652,-0.31686,0.10909,1.1379,0.75804,0
0.89035,-0.4451,0.12968,-8.192,-0.11935,0
-0.34431,-0.98374,0.11166,0.91037,0.58544,0
-1.484,-1.1889,0.08978,7.282,0.44161,0
-1.9589,-1.3685,0.092354,-2.9581,0.024489,0
-0.059385,-1.9584,0.10394,-7.2818,0.22586,0
-0.53425,-2.6509,0.12582,4.5513,-0.8529,0
-1.484,-2.7022,0.167,5.6891,-0.018661,0
-1.1041,-2.0867,0.17988,-6.8267,-0.69468,0
-1.8639,-1.5224,0.1374,-5.9164,-0.37825,0
-2.0538,-1.4198,0.085918,6.5994,-0.4214,0
-1.1041,-1.4198,0.075622,2.2757,-1.0687,0
-1.8639,-1.3172,0.087205,-7.5093,-0.49331,0
-3.0985,-1.2402,0.085918,-2.503,-1.4282,0
-2.3388,-1.3428,0.066612,7.282,-0.75222,0
-0.24933,-1.5993,0.016416,-0.68254,-1.2125,0
0.7004,-1.6506,-0.063384,-8.4196,-1.0399,0
1.9351,-1.2146,-0.1818,1.3655,-0.46455,0
3.0747,-0.57335,-0.35813,6.3718,-0.70906,0
3.5496,-0.29121,-0.53961,-5.0062,0.61421,0
2.03,-0.18861,-0.62069,-6.5991,-0.018661,0
2.9798,-0.18861,-0.58465,4.7789,0.49914,0
3.2647,-0.29121,-0.48812,4.5513,-0.19126,0
0.89035,-0.6503,-0.37743,-7.5093,-0.69468,0
-1.389,-0.6503,-0.2616,-4.7786,-0.061812,0
-2.7186,-0.16296,-0.18437,7.0545,-0.75222,0
-1.294,0.37567,-0.13932,1.3655,0.34092,0
0.98533,0.63217,-0.073681,-7.9645,-0.49331,0
1.0803,0.14483,-0.036355,-0.22742,-0.66591,0
1.1753,0.067882,-0.10457,7.5096,-1.2413,0
1.8401,0.27308,-0.17922,-2.503,-2.5645,0
2.125,0.52957,-0.15605,-6.8267,-2.3632,0
0.98533,0.73476,-0.10972,3.6411,-3.4851,0
-0.81917,0.96561,-0.11744,5.9167,-2.3344,0
0.41548,0.73476,-0.12774,-4.5511,-2.3488,0
2.22,0.24743,-0.10457,-5.6889,-2.2481,0
0.51046,-0.0090658,-0.047939,5.9167,-2.133,0
-1.1991,0.42697,0.030574,4.3238,-3.4131,0
-1.389,0.81171,0.10909,-7.2818,-3.0823,0
-1.579,0.70911,0.19275,-4.3235,-4.1179,0
-1.0091,0.19613,0.24037,7.5096,-3.5714,0
-1.0091,0.042233,0.2867,1.3655,-3.4275,0
-2.5287,0.067882,0.36522,-7.7369,-3.4707,0
-1.294,-0.0090658,0.44888,-0.9101,-2.694,0
0.51046,0.067882,0.47977,7.7372,-3.4851,0
1.3652,0.24743,0.45531,-0.68254,-2.7371,0
0.13056,-0.11166,0.43343,-7.9645,-3.557,0
-2.1488,-0.34251,0.40512,2.7309,-3.4994,0
-2.3388,0.016583,0.35363,6.5994,-3.4275,0
-0.53425,0.42697,0.27383,-3.8684,-3.7583,0
0.41548,0.40132,0.19017,-6.3715,-2.6796,0
-0.24933,0.27308,0.13354,6.1442,-3.1974,0
-2.3388,0.067882,0.076909,4.3238,-2.2769,0
-1.484,-0.23991,0.0022576,-7.2818,-2.507,0
-1.8639,-0.4964,-0.085264,-3.1857,-2.4782,0
-3.0985,-0.62465,-0.14447,7.0545,-1.9892,0
-3.4784,-0.31686,-0.18308,1.1379,-2.6796,0
-1.389,0.093531,-0.28219,-8.192,-1.457,0
1.8401,0.22178,-0.3903,-1.1377,-2.0899,0
3.1697,0.17048,-0.42634,7.7372,-1.4426,0
-0.059385,0.32437,-0.39417,-1.3652,-1.7015,0
-0.62923,0.24743,-0.33753,-8.192,-2.32,0
0.22554,-0.18861,-0.32981,2.9584,-1.8022,0
-0.15436,-0.34251,-0.38516,5.6891,-2.5933,0
-0.34431,0.11918,-0.45595,-4.3235,-1.1406,0
1.3652,0.65782,-0.48297,-6.8267,-0.82413,0
2.125,0.68346,-0.41733,5.9167,0.010105,0
2.03,0.73476,-0.27961,4.3238,0.15394,0
0.51046,0.99126,-0.17536,-6.144,-1.155,0
-0.43928,0.86301,-0.11487,-3.1857,-0.98235,0
0.035589,0.83736,-0.028633,7.282,-2.0323,0
-1.1991,0.76041,0.05889,1.3655,-1.0111,0
-2.8136,0.65782,0.079483,-8.8747,-0.47893,0
-2.6237,0.86301,0.013841,-0.22742,-0.19126,0
-2.0538,1.1195,-0.10972,7.282,0.72928,0
-1.0091,0.78606,-0.21655,-1.8203,0.038872,0
0.89035,0.37567,-0.2912,-8.192,1.0601,0
-0.91415,0.27308,-0.37872,3.186,0.35531,0
-3.4784,0.067882,-0.43793,6.5994,0.78681,0
-2.7186,-0.16296,-0.41605,-5.2337,0.93064,0
-0.43928,0.067882,-0.38644,-6.144,0.54229,0
-0.24933,0.50392,-0.40318,4.7789,1.6354,0
0.32051,0.29873,-0.41605,4.5513,1.2183,0
-0.24933,-0.31686,-0.37615,-6.5991,2.4121,0
-1.579,-0.88114,-0.28476,-3.1857,1.9662,0
-1.6739,-0.85549,-0.19081,7.5096,1.4053,0
-0.059385,-0.75289,-0.12645,1.1379,1.3046,0
2.6949,-0.77854,-0.026058,-8.192,0.24024,0
2.22,-0.80419,0.098789,0.2277,1.3621,0
0.22554,-0.95809,0.16314,7.5096,0.71489,0
-0.059385,-1.0094,0.20176,-1.5928,0.94503,0
1.6501,-0.88114,0.26868,-8.8747,0.26901,0
2.9798,-0.67595,0.24809,3.4135,-0.62276,0
1.6501,-0.62465,0.10909,5.9167,-0.26318,0
1.4602,-0.34251,-0.059523,-4.3235,-1.2413,0
2.4099,0.067882,-0.19209,-6.144,-0.19126,0
1.5552,0.042233,-0.24615,5.0064,-0.13373,0
1.2702,-0.13731,-0.23457,3.6411,0.57106,0
0.79538,-0.034715,-0.19853,-7.9645,1.1464,0
1.2702,0.22178,-0.14576,-4.0959,0.25462,0
1.6501,0.37567,-0.094274,7.282,0.72928,0
0.89035,0.14483,-0.026058,1.1379,-0.63715,0
0.13056,-0.13731,0.04087,-7.7369,-0.17688,0
-0.62923,-0.060364,0.079483,-0.9101,-0.22003,0
1.3652,0.29873,0.12067,7.7372,-0.076195,0
2.03,0.37567,0.20433,-2.9581,0.90188,0
1.1753,0.29873,0.2867,-8.192,0.12517,0
0.035589,0.067882,0.32789,2.0482,1.0601,0
-0.62923,-0.29121,0.35235,6.8269,0.16832,0
-1.389,-0.5477,0.35363,-3.4133,0.65736,0
-0.81917,-0.57335,0.31631,-6.8267,1.132,0
0.79538,-0.4451,0.27512,4.7789,0.98818,0
-1.0091,-0.4451,0.25195,5.4616,2.0669,0
-3.2885,-0.57335,0.23265,-6.8267,1.1464,0
-0.7242,-0.41945,0.22235,-5.0062,1.8368,0
1.9351,-0.23991,0.23651,6.8269,1.4484,0
2.125,-0.060364,0.29314,2.5033,1.4916,0
4.7843,0.016583,0.34334,-7.7369,2.2539,0
5.924,0.042233,0.31631,-1.1377,1.7936,0
1.6501,0.016583,0.2172,7.7372,3.0882,0
-1.7689,-0.11166,0.11552,-0.22742,2.5704,0
-0.53425,0.19613,0.065325,-7.5093,3.1888,0
0.22554,1.1195,0.056315,2.2757,3.3614,0
0.035589,1.4273,0.053741,7.5096,2.9731,0
0.32051,0.99126,0.064038,-3.6408,3.8217,0
-0.15436,0.70911,0.10522,-7.9645,3.1169,0
0.51046,0.22178,0.16314,4.0962,4.2964,0
1.4602,-0.3938,0.22364,6.1442,4.095,0
0.7004,-0.4451,0.25195,-5.9164,4.3683,0
-1.7689,-0.23991,0.21591,-4.7786,4.3539,0
-1.1041,-0.086014,0.12711,7.0545,2.9299,0
0.035589,0.093531,0.04087,2.7309,2.8005,0
0.51046,0.35002,0.026712,-7.5093,0.94503,0
-0.15436,0.24743,0.037009,-2.503,0.59983,0
0.41548,-0.21426,0.025425,6.8269,-0.55085,0
-1.1991,-0.3938,0.015128,-0.68254,-1.8022,0
-1.7689,-0.26556,0.011267,-8.6471,-2.4638,0
-1.484,-0.34251,0.0086931,0.91037,-4.4488,0
-2.6237,-0.31686,0.017703,6.5994,-4.4919,0
-3.1935,-0.21426,0.047306,-4.3235,-5.9302,0
-2.7186,-0.4964,0.10008,-7.5093,-5.9159,0
-2.3388,-0.7016,0.13998,3.8687,-6.333,0
-3.0036,-0.52205,0.18889,5.4616,-7.0234,0
-1.1991,-0.31686,0.24552,-6.3715,-6.2467,0
2.22,-0.31686,0.26096,-5.0062,-6.9658,0
3.2647,-0.3938,0.23522,6.8269,-5.657,0
0.7004,-0.086014,0.18631,2.2757,-5.7576,0
-1.1991,0.14483,0.11423,-8.4196,-4.9666,0
-1.0091,0.067882,0.042157,-0.9101,-4.1179,0
-0.059385,-0.11166,-0.013187,7.282,-4.2042,0
-0.24933,0.042233,-0.068532,-0.9101,-2.9673,0
0.51046,0.50392,-0.13932,-7.7369,-3.6433,0
0.51046,0.73476,-0.22298,2.9584,-2.809,0
-0.059385,0.78606,-0.30793,6.1442,-2.8378,0
0.41548,0.68346,-0.33496,-5.0062,-2.8666,0
0.89035,0.78606,-0.30793,-5.6889,-2.3056,0
1.1753,1.1965,-0.28734,5.6891,-3.0248,0
0.41548,1.7094,-0.31565,4.7789,-1.831,0
-0.7242,1.5555,-0.33239,-6.3715,-2.5933,0
1.9351,1.1452,-0.32981,-3.1857,-2.4638,0
2.125,1.0169,-0.30793,8.1923,-2.6364,0
1.4602,1.1452,-0.27318,1.8206,-2.9241,0
0.7004,1.5042,-0.25645,-7.9645,-1.3276,0
-1.0091,1.7607,-0.24744,0.45525,-1.0399,0
-1.6739,1.9146,-0.23972,7.9647,0.65736,0
0.13056,1.812,-0.23199,-2.2755,0.82996,0
3.6446,1.7094,-0.20239,-7.7369,0.74366,0
4.8792,1.5812,-0.16764,3.186,1.0601,0
3.2647,1.6325,-0.15734,6.1442,0.21147,0
1.5552,1.4786,-0.15734,-4.7786,1.1608,0
0.98533,1.1965,-0.14447,-6.144,0.59983,0
0.98533,0.63217,-0.099422,6.1442,1.5779,0
0.89035,0.27308,-0.038929,4.0962,1.5491,0
1.6501,0.24743,0.031861,-7.2818,1.0601,0
1.3652,-0.086014,0.10136,-2.9581,1.319,0
1.4602,-0.57335,0.12453,7.0545,0.39846,0
0.32051,-0.67595,0.10136,-0.45498,1.3478,0
0.51046,-0.41945,0.08978,-8.4196,0.87311,0
-0.24933,-0.6503,0.12067,1.1379,1.5204,0
-1.389,-1.035,0.15285,6.5994,2.0669,0
-1.7689,-1.1633,0.18889,-4.3235,1.8512,0
-2.3388,-1.1889,0.24166,-7.7369,2.4121,0
-2.6237,-1.3685,0.27126,4.5513,0.82996,0
0.51046,-1.0094,0.26611,4.3238,0.78681,0
1.8401,-0.36816,0.20433,-7.0542,-0.13373,0
1.3652,-0.086014,0.11295,-4.0959,-0.076195,0
0.89035,0.14483,0.01899,6.8269,0.45599,0
-0.15436,0.32437,-0.08269,3.4135,-0.30633,0
-0.91415,0.50392,-0.1715,-8.192,0.024489,0
-3.3835,0.47827,-0.27189,-1.5928,-1.5145,0
-2.5287,0.24743,-0.4109,7.7372,-1.6296,0
0.60543,0.60652,-0.55891,-0.9101,-1.7015,0
0.79538,1.376,-0.62584,-7.7369,-1.3132,0
-0.24933,1.4786,-0.58337,4.3238,0.28339,0
0.41548,1.0169,-0.5306,6.1442,-0.033045,0
0.51046,0.83736,-0.51644,-5.4613,0.85873,0
-0.059385,1.2221,-0.52287,-5.6889,-0.37825,0
-0.34431,1.5299,-0.53832,7.0545,-0.8529,0
1.3652,1.1452,-0.54862,3.6411,-1.3276,0
1.4602,0.60652,-0.49971,-6.8267,-2.4495,0
-1.484,0.37567,-0.40704,-2.2755,-1.6296,0
-3.1935,0.63217,-0.31565,7.9647,-2.3919,0
-2.6237,0.68346,-0.2513,0.91037,-1.4426,0
-0.34431,0.27308,-0.17021,-7.5093,-1.9317,0
0.60543,-0.034715,-0.068532,1.1379,-2.7803,0
0.89035,-0.34251,-0.023484,7.7372,-2.9529,0
-0.24933,-0.13731,-0.024771,-1.8203,-4.3337,0
-2.4337,-0.29121,-0.058236,-7.5093,-3.672,0
-2.1488,-0.93244,-0.074968,3.8687,-4.6357,0
-1.484,-1.1889,0.0022576,5.4616,-4.2905,0
-3.2885,-1.0607,0.11681,-6.5991,-4.4775,0
-1.8639,-1.0094,0.17859,-6.3715,-5.2255,0
0.035589,-1.2915,0.18889,6.5994,-4.7796,0
-0.059385,-1.4711,0.18631,3.4135,-5.7576,0
1.4602,-1.625,0.20819,-7.2818,-4.607,0
1.1753,-1.7532,0.23007,-2.9581,-4.6357,0
1.1753,-1.6506,0.23651,7.282,-4.0748,0
2.4099,-1.6763,0.2172,0.45525,-3.4419,0
0.7004,-1.7789,0.17087,-8.6471,-4.1323,0
0.035589,-1.7532,0.14512,0.2277,-3.3268,0
1.1753,-1.6506,0.15928,7.282,-4.4344,0
0.98533,-1.5993,0.26482,-2.2755,-4.1035,0
-0.91415,-1.4967,0.41799,-7.9645,-4.4344,0
-0.91415,-1.4198,0.45016,4.5513,-4.9378,0
0.035589,-1.3941,0.38066,5.6891,-4.5207,0
-1.0091,-1.4198,0.30215,-6.5991,-5.7145,0
0.035589,-1.4198,0.27641,-5.4613,-5.0816,0
1.5552,-1.3172,0.29443,5.9167,-6.2611,0
1.4602,-0.93244,0.30858,3.186,-6.1028,0
2.125,-0.5477,0.28027,-7.9645,-5.7001,0
3.1697,-0.31686,0.23522,-3.6408,-5.6138,0
3.3597,-0.47075,0.22106,8.1923,-4.0748,0
2.5049,-0.90679,0.2069,0.91037,-4.7508,0
-0.62923,-0.85549,0.19146,-8.192,-4.2618,0
-2.9086,-0.52205,0.19403,0.2277,-5.1535,0
-3.2885,-0.13731,0.16958,7.282,-5.5707,0
-2.6237,0.22178,0.087205,-1.5928,-4.6645,0
-2.3388,0.50392,-0.017049,-7.5093,-4.8515,0
-2.3388,0.58087,-0.13417,3.8687,-3.5714,0
-3.0036,0.60652,-0.22813,5.4616,-4.4631,0
-2.5287,0.86301,-0.27575,-6.5991,-4.3481,0
-3.0036,1.4273,-0.24486,-5.4613,-4.3768,0
-2.3388,1.5042,-0.15734,6.1442,-4.8515,0
-0.43928,0.99126,-0.032494,3.4135,-3.9022,0
-0.24933,0.68346,0.085918,-6.5991,-4.3768,0
-0.7242,0.50392,0.17988,-2.2755,-2.7659,0
-1.484,0.60652,0.27255,7.7372,-2.3775,0
-1.0091,0.76041,0.39096,1.8206,-1.6584,0
-0.81917,0.37567,0.53769,-8.192,-0.96797,0
-0.62923,-0.13731,0.64323,0.00013542,-1.8597,0
-0.53425,0.093531,0.6265,7.0545,-1.3419,0
-1.484,0.42697,0.4566,-3.6408,-2.4063,0
-0.91415,0.86301,0.21334,-7.5093,-1.5721,0
2.22,1.299,0.038296,3.4135,-0.95358,0
4.2144,1.7094,-0.0041778,5.0064,-0.7666,0
2.7898,1.9659,0.016416,-6.3715,-0.29195,0
-0.34431,1.9403,0.0086931,-6.144,-2.0036,0
-1.8639,2.1711,-0.059523,4.5513,-1.7591,0
-2.1488,2.3763,-0.10071,3.4135,-2.3919,0
-1.294,2.1198,-0.11101,-7.7369,-1.2988,0
0.22554,1.4529,-0.16249,-2.7306,-0.19126,0
0.51046,1.1965,-0.2217,7.282,-0.30633,0
0.98533,1.3503,-0.18694,0.2277,0.22586,0
2.4099,1.2477,-0.096848,-8.192,-1.2988,0
1.2702,1.2477,-0.054374,0.68281,-1.1118,0
-2.0538,1.376,-0.06081,7.5096,-1.6728,0
-3.2885,1.5812,-0.096848,-2.503,-1.7303,0
-2.5287,1.6325,-0.14447,-8.192,-1.5721,0
-1.1041,1.0682,-0.16635,4.5513,-2.5933,0
2.03,0.42697,-0.13289,5.234,-1.9173,0
2.22,0.29873,-0.036355,-6.3715,-2.8378,0
0.60543,0.52957,0.082057,-5.0062,-2.2193,0
-0.15436,0.42697,0.14126,6.8269,-2.1474,0
-0.15436,0.42697,0.13225,3.186,-2.0611,0
3.0747,0.52957,0.14126,-7.5093,-0.9392,0
3.4546,0.58087,0.167,-2.0479,-1.4282,0
1.1753,0.47827,0.15285,7.282,-0.55085,0
1.6501,0.27308,0.11166,0.68281,-1.155,0
2.8848,0.50392,0.051167,-7.9645,-1.0111,0
0.60543,0.88866,0.012554,-0.22742,-0.83852,0
-1.389,0.73476,0.075622,7.7372,-1.8022,0
-1.8639,0.17048,0.15285,-1.1377,-1.3995,0
-1.0091,-0.57335,0.17215,-7.2818,-2.6221,0
0.13056,-1.0094,0.22621,3.6411,-2.2337,0
-1.0091,-1.2146,0.34334,6.8269,-2.4638,0
-0.7242,-0.82984,0.43858,-5.2337,-2.5358,0
1.4602,-0.34251,0.40898,-5.6889,-1.5002,0
4.0245,0.042233,0.28027,6.3718,-1.946,0
4.9742,0.52957,0.14641,3.8687,-1.155,0
5.0692,0.73476,0.074335,-8.192,-2.3344,0
3.0747,0.83736,0.075622,-2.503,-2.9241,0
-1.1991,0.70911,0.10909,7.5096,-3.3412,0
-2.0538,0.58087,0.11681,0.45525,-3.7727,0
-0.059385,0.19613,0.082057,-8.192,-1.9892,0
1.3652,-0.34251,0.030574,1.8206,-1.4139,0
1.0803,-0.034715,-0.049226,6.8269,0.70051,0
0.13056,0.58087,-0.17922,-3.1857,1.0313,0
0.79538,0.63217,-0.28862,-6.5991,0.90188,0
2.5049,0.37567,-0.30407,5.234,1.2039,0
2.22,-0.0090658,-0.27575,3.8687,0.28339,0
0.60543,0.37567,-0.25387,-7.2818,1.3046,0
-0.34431,0.88866,-0.22813,-4.3235,0.57106,0
0.32051,0.55522,-0.20754,6.8269,1.319,0
0.98533,0.27308,-0.19209,1.3655,1.4341,0
1.8401,0.067882,-0.19338,-7.9645,0.98818,0
2.03,-0.36816,-0.21783,-0.45498,1.3478,0
-0.059385,-1.0607,-0.21912,7.7372,-0.033045,0
-2.5287,-1.2402,-0.1715,-0.68254,0.21147,0
-4.4282,-0.6503,-0.10328,-8.192,-0.36386,0
-4.7131,-0.16296,-0.069819,3.4135,-0.14811,0
-2.0538,-0.36816,-0.023484,6.1442,0.29777,0
2.125,-1.0094,0.076909,-5.6889,-0.53646,0
4.3094,-1.035,0.12968,-5.2337,-0.033045,0
3.0747,-0.4451,0.074335,6.5994,-1.2556,0
1.7451,-0.060364,0.013841,3.186,-0.92482,0
1.9351,-0.57335,0.033148,-7.7369,-1.0399,0
1.9351,-1.3428,0.088493,-1.5928,-1.0399,0
-0.34431,-1.3172,0.13097,7.7372,-0.033045,0
-0.81917,-0.85549,0.15027,-0.45498,-0.39263,0
0.41548,-0.77854,0.18116,-8.192,0.97379,0
2.315,-1.2146,0.26482,3.186,0.41284,0
0.89035,-1.8815,0.35878,6.1442,0.59983,0
0.51046,-2.497,0.42957,-4.7786,0.12517,0
0.035589,-3.0613,0.43086,-6.5991,-1.0111,0
0.7004,-3.01,0.3768,6.1442,-0.65153,0
1.7451,-1.625,0.29571,4.5513,-1.6871,0
2.125,-0.21426,0.1979,-6.8267,-0.80975,0
1.0803,-0.086014,0.15027,-3.8684,-1.0543,0
-0.91415,-0.57335,0.17087,7.282,-0.70906,0
-0.91415,-0.72725,0.19146,1.8206,-0.090578,0
-0.81917,-0.67595,0.15413,-8.6471,-0.60838,0
-1.579,-0.52205,0.10651,0.2277,0.54229,0
-1.8639,-0.0090658,0.037009,8.4198,0.067639,0
-1.0091,0.32437,-0.050513,-0.9101,0.91626,0
0.13056,0.24743,-0.11744,-7.2818,1.0313,0
-0.15436,0.11918,-0.10328,3.186,0.87311,0
0.035589,-0.26556,-0.10328,6.5994,1.7073,0
2.22,-0.47075,-0.19209,-4.7786,1.0026,0
4.4044,-0.57335,-0.30407,-6.5991,2.1964,0
2.9798,-0.62465,-0.37743,5.9167,1.6786,0
1.5552,-0.31686,-0.40575,3.6411,1.7073,0
0.79538,0.17048,-0.41218,-7.5093,1.4053,0
0.89035,0.40132,-0.41476,-2.7306,0.34092,0
1.5552,0.14483,-0.43407,6.8269,1.2183,0
-0.53425,-0.034715,-0.4907,0.2277,0.62859,0
-1.7689,0.016583,-0.57436,-8.6471,1.6786,0
-1.1991,-0.11166,-0.66703,0.91037,1.4916,0
-0.7242,-0.086014,-0.69148,6.8269,1.2902,0
-0.81917,0.27308,-0.59109,-4.0959,1.9231,0
-0.24933,0.52957,-0.42634,-6.8267,1.319,0
0.22554,0.55522,-0.31179,4.7789,2.4409,0
0.7004,0.45262,-0.25516,5.234,1.7793,0
-0.24933,0.093531,-0.16506,-6.3715,2.2108,0
0.32051,-0.3938,-0.006752,-3.8684,2.0957,0
-0.15436,-1.1633,0.11681,7.7372,1.7361,0
0.41548,-1.7789,0.17988,2.2757,2.7573,0
0.7004,-2.4457,0.21591,-8.192,2.0238,0
-0.53425,-2.6253,0.21978,-2.0479,2.556,0
-2.3388,-1.9584,0.19532,7.5096,1.4772,0
-1.294,-1.2659,0.16958,-0.68254,1.1176,0
-0.059385,-1.035,0.15027,-7.5093,1.3334,0
-1.294,-0.98374,0.2069,3.4135,0.68613,0
-1.1991,-0.88114,0.32789,6.5994,1.7649,0
-0.81917,-0.7016,0.41413,-4.0959,0.85873,0
-0.53425,-0.82984,0.43729,-6.144,1.4341,0
0.32051,-1.1889,0.4566,5.9167,0.88749,0
1.9351,-1.035,0.49135,4.5513,0.77243,0
2.9798,-0.85549,0.50294,-7.2818,1.4341,0
1.3652,-0.82984,0.51194,-3.8684,0.62859,0
-1.0091,-0.72725,0.59303,7.9647,1.3765,0
-1.8639,-0.034715,0.69085,1.1379,0.19709,0
-1.1041,0.58087,0.68313,-8.6471,0.32654,0
-0.7242,0.96561,0.55828,0.00013542,0.29777,0
0.22554,0.99126,0.44888,6.8269,-0.19126,0
-0.24933,0.76041,0.45145,-2.0479,0.39846,0
-0.43928,-0.086014,0.55184,-7.9645,-0.79537,0
0.13056,-0.77854,0.66897,3.186,-0.11935,0
-0.34431,-1.4454,0.75263,5.6891,-0.78098,0
-1.484,-2.1893,0.78738,-5.9164,-1.0543,0
-1.6739,-2.4201,0.75649,-7.2818,-1.3707,0
-0.24933,-2.1636,0.73075,6.8269,-2.8378,0
-0.34431,-2.3944,0.78738,3.6411,-2.3919,0
-1.484,-3.4204,0.88005,-7.7369,-3.37,0
-1.1991,-4.4464,0.98688,-4.3235,-2.6221,0
-0.62923,-4.549,1.0718,7.282,-2.4495,0
-0.81917,-4.2668,1.0963,1.1379,-2.5214,0
-1.6739,-4.0873,1.1272,-7.9645,-1.831,0
-1.9589,-4.2668,1.2314,0.91037,-2.6221,0
-2.1488,-4.036,1.3498,8.1923,-1.457,0
-1.0091,-3.6256,1.3498,-1.8203,-1.7303,0
-1.0091,-3.2152,1.2327,-7.7369,-0.75222,0
-1.484,-2.9331,1.086,4.0962,-0.36386,0
-1.0091,-3.1639,0.9946,6.8269,-0.7666,0
-0.43928,-3.4204,0.88134,-5.6889,0.024489,0
1.2702,-3.4461,0.66253,-6.144,-0.78098,0
1.9351,-3.6,0.427,7.282,0.038872,0
1.2702,-3.6769,0.2674,4.3238,-0.69468,0
0.22554,-3.1126,0.087205,-7.2818,-0.75222,0
0.60543,-2.7279,-0.10586,-1.3652,-0.34948,0
2.6949,-2.6253,-0.31823,8.1923,-0.62276,0
2.125,-1.9584,-0.60139,0.00013542,1.1032,0
0.13056,-1.1376,-0.94247,-8.4196,0.97379,0
-2.1488,-0.31686,-1.2977,1.3655,1.693,0
-1.294,0.65782,-1.6066,8.1923,0.81558,0
-0.059385,0.83736,-1.8743,-3.4133,-0.23441,0
-0.24933,-0.16296,-2.07,-7.0542,-0.26318,0
-1.6739,-1.2146,-2.1845,4.7789,-0.99673,0
-0.81917,-1.2659,-2.3441,5.6891,0.32654,0
-0.059385,-0.3938,-2.608,-6.3715,-0.14811,0
-0.62923,0.81171,-2.9233,-4.5511,0.13956,0
-2.2438,1.5812,-3.2116,7.7372,-0.39263,0
-0.43928,1.7094,-3.415,2.7309,-1.3276,0
1.5552,1.6838,-3.5462,-8.192,-0.9392,0
1.0803,1.9146,-3.6273,-1.5928,-1.8885,0
-0.81917,2.325,-3.6685,9.1025,-0.8529,0
-0.91415,2.1711,-3.7393,-0.9101,-1.457,0
-1.0091,1.889,-3.9028,-8.6471,-1.27,0
-1.389,2.2737,-4.1499,2.7309,-1.3276,0
-0.15436,2.7098,-4.3674,6.5994,-2.6652,0
0.41548,2.6841,-4.5013,-5.0062,-2.6652,0
0.89035,2.1198,-4.5566,-6.8267,-4.1323,0
1.0803,1.7351,-4.5425,5.4616,-3.5714,0
2.4099,1.7607,-4.4871,4.3238,-3.1974,0
0.41548,1.9659,-4.4678,-7.5093,-3.0104,0
-2.5287,2.0429,-4.5116,-4.3235,-2.1186,0
-4.1432,1.9659,-4.5991,6.1442,-3.1974,0
-1.0091,1.889,-4.6995,1.5931,-2.5358,0
2.315,1.889,-4.7754,-8.6471,-3.1542,0
1.9351,1.5812,-4.7716,-1.5928,-2.7371,0
3.1697,1.0169,-4.6287,7.7372,-1.9604,0
5.2591,0.37567,-4.3545,0.45525,-2.2337,0
5.4491,-0.29121,-4.0933,-7.9645,-1.27,0
3.4546,-0.88114,-3.9144,3.186,-2.7659,0
1.4602,-0.599,-3.7612,7.282,-3.37,0
0.79538,-0.034715,-3.5707,-4.5511,-4.9522,0
-0.43928,0.47827,-3.4356,-6.8267,-5.9159,0
-2.5287,0.91431,-3.3326,5.6891,-5.2255,0
-3.2885,0.99126,-3.1061,5.0064,-5.3118,0
-1.294,0.99126,-2.7882,-7.0542,-3.5714,0
0.89035,1.0426,-2.4484,-3.8684,-3.859,0
2.125,0.96561,-2.1562,7.282,-3.6864,0
3.3597,1.4016,-2.0635,2.5033,-4.1179,0
2.5049,2.3507,-2.1047,-8.192,-5.1248,0
2.315,2.6585,-2.0107,-0.9101,-4.3625,0
0.51046,2.2481,-1.7469,7.0545,-4.6645,0
0.79538,1.9403,-1.4509,-2.0479,-3.1974,0
2.5049,1.5299,-1.16,-7.0542,-3.1686,0
1.6501,1.0682,-0.8588,3.8687,-3.3412,0
1.2702,0.93996,-0.49585,5.234,-2.8234,0
1.5552,1.0169,-0.033781,-6.8267,-3.0823,0
1.1753,0.70911,0.45016,-4.7786,-1.7159,0
0.89035,0.86301,0.84916,7.282,-2.6077,0
0.89035,1.7094,1.2482,1.8206,-2.694,0
0.79538,2.1711,1.7836,-8.8747,-3.2693,0
-0.34431,1.7351,2.4117,-0.9101,-3.8734,0
-1.7689,1.299,3.0089,7.9647,-3.183,0
-2.8136,1.376,3.5611,-1.3652,-4.1035,0
-1.7689,1.0169,4.1119,-8.192,-3.4419,0
-0.7242,0.40132,4.7182,2.0482,-4.1179,0
0.22554,0.65782,5.2922,6.3718,-3.5714,0
-0.24933,1.5299,5.7234,-4.5511,-2.6364,0
0.41548,2.3763,6.0258,-6.8267,-2.5501,0
-0.43928,3.2484,6.2691,5.0064,-1.155,0
-1.484,3.787,6.4686,4.3238,-1.4714,0
-2.0538,4.0435,6.6359,-7.2818,-0.047428,0
-2.1488,4.5822,6.8715,-4.5511,-0.11935,0
-2.2438,5.0438,7.1739,6.5994,-0.19126,0
-3.0985,5.4029,7.3863,1.5931,-0.14811,0
-4.3332,6.1211,7.4429,-7.9645,-1.457,0
-4.1432,6.5059,7.4403,-0.9101,-1.0543,0
-3.2885,6.3007,7.4365,8.4198,-2.3775,0
-0.7242,5.9929,7.3914,-2.0479,-2.4495,0
0.32051,6.1211,7.2923,-7.5093,-3.0536,0
-0.15436,6.0442,7.1353,2.9584,-3.8446,0
0.32051,5.4029,6.9654,7.0545,-3.1974,0
0.89035,4.7361,6.7814,-5.4613,-4.0172,0
1.6501,4.2744,6.5844,-6.5991,-3.0392,0
1.2702,3.864,6.4068,6.1442,-3.2981,0
0.89035,3.0945,6.2356,5.0064,-2.9529,0
1.0803,2.7611,6.031,-6.3715,-2.4495,0
0.60543,2.838,5.7247,-4.5511,-3.0679,0
-0.059385,2.402,5.3218,6.8269,-1.9748,0
-0.43928,1.7094,4.8945,2.2757,-2.1474,0
-0.43928,1.2477,4.5315,-8.192,-0.63715,0
1.3652,1.3247,4.2702,0.2277,0.48476,0
1.8401,1.5555,4.0823,7.9647,1.0745,0
0.32051,0.96561,3.924,-2.0479,1.9231,0
0.32051,-0.29121,3.7554,-7.7369,0.47037,0
1.4602,-1.0094,3.5791,3.8687,0.70051,0
-1.0091,-1.2146,3.3693,5.234,-0.62276,0
-3.6684,-1.3428,3.0655,-5.6889,-0.7666,0
-2.0538,-0.88114,2.6871,-6.3715,-0.88167,0
-1.1991,0.22178,2.2727,6.5994,-1.4426,0
-1.484,0.32437,1.8775,2.0482,-0.56523,0
-0.7242,-0.4451,1.5674,-7.9645,-1.1262,0
2.4099,-0.88114,1.3717,-1.1377,-0.13373,0
4.9742,-1.2915,1.2855,7.282,-0.29195,0
3.3597,-1.6763,1.1825,-1.1377,0.26901,0
0.60543,-1.8302,0.94698,-8.192,1.2902,0
0.51046,-1.7019,0.65095,1.3655,1.4197,0
0.51046,-1.4967,0.39868,6.3718,2.9731,0
-0.91415,-1.2402,0.21334,-4.0959,2.3834,0
-0.15436,-0.7016,0.10136,-6.8267,2.6279,0
-0.34431,0.55522,0.034435,5.234,1.7936,0
-0.34431,1.299,-0.038929,3.8687,1.0745,0
1.1753,1.1708,-0.15734,-7.0542,1.2758,0
1.2702,1.0426,-0.31437,-3.1857,0.024489,0
1.7451,0.78606,-0.53446,7.7372,0.54229,0
1.0803,0.17048,-0.75584,0.68281,-0.49331,0
0.22554,-0.0090658,-0.88197,-8.6471,-0.22003,0
2.125,0.016583,-0.88969,0.68281,0.29777,0
2.125,-0.4451,-0.83435,7.0545,0.096406,0
-0.34431,-0.90679,-0.83435,-2.9581,1.4053,0
-0.81917,-0.72725,-0.93088,-7.7369,1.0169,0
0.22554,-0.47075,-1.0493,4.5513,2.1676,0
0.60543,-0.7016,-1.1162,6.3718,2.4121,0
-0.15436,-1.0094,-1.1934,-5.4613,2.8149,0
0.51046,-1.035,-1.308,-4.5511,4.1381,0
2.6949,-1.035,-1.3698,6.8269,4.2244,0
3.4546,-1.2659,-1.3312,3.186,5.634,0
2.6949,-1.3941,-1.2771,-7.5093,4.4402,0
1.4602,-1.4967,-1.2861,-0.9101,3.3902,0
0.98533,-1.9071,-1.3415,7.282,1.995,0
1.4602,-2.1123,-1.3749,-1.8203,0.70051,0
0.51046,-2.0867,-1.4135,-7.9645,1.5635,0
-0.24933,-2.2406,-1.5152,2.5033,0.87311,0
1.4602,-2.4201,-1.5873,6.8269,1.5347,0
2.9798,-2.574,-1.5963,-5.6889,0.70051,0
1.4602,-2.9587,-1.6465,-5.6889,0.55667,0
-1.6739,-3.0613,-1.6967,6.3718,1.1752,0
-2.4337,-2.7279,-1.6941,3.8687,0.70051,0
-2.6237,-2.3175,-1.689,-7.2818,2.0957,0
-4.0483,-2.497,-1.7083,-2.503,1.8799,0
-2.9086,-2.2149,-1.7302,8.1923,3.2464,0
-2.4337,-1.7276,-1.734,-0.68254,3.6203,0
-1.8639,-1.7789,-1.7031,-8.6471,3.8217,0
-0.7242,-1.2915,-1.6761,1.3655,4.9436,0
4.2144,-0.599,-1.6478,6.8269,4.6703,0
5.1642,-1.0607,-1.622,-3.8684,6.4251,0
3.5496,-2.1893,-1.6311,-7.0542,6.8566,0
2.315,-2.6766,-1.6632,4.7789,8.3525,0
1.1753,-2.3431,-1.68,4.3238,8.7265,0
-0.81917,-2.3944,-1.5899,-7.5093,7.4895,0
-0.15436,-2.5483,-1.3814,-4.3235,7.0724,0
-0.53425,-2.9587,-1.1999,6.8269,5.145,0
-1.579,-3.4974,-1.1638,2.0482,5.332,0
-1.9589,-3.2922,-1.2192,-7.9645,5.3176,0
-1.1041,-1.9584,-1.2861,-0.68254,6.3963,0
-0.91415,-1.1633,-1.3389,7.5096,7.7915,0
-1.8639,-1.548,-1.3608,-1.8203,7.3313,0
-2.8136,-2.1893,-1.335,-7.7369,7.9641,0
-1.579,-2.4714,-1.2823,3.6411,6.8998,0
-1.1041,-1.9328,-1.263,6.3718,7.921,0
-2.6237,-1.4198,-1.3672,-4.7786,9.2299,0
-3.0036,-0.93244,-1.5757,-6.144,10.582,0
1.0803,-0.7016,-1.7739,5.234,12.84,0
2.9798,-0.599,-1.8859,4.5513,12.668,0
0.7004,-0.4964,-1.882,-6.8267,13.387,0
-1.1041,-0.23991,-1.8074,-3.1857,12.193,0
-0.91415,-0.36816,-1.7714,7.282,11.819,0
0.22554,-0.5477,-1.7546,2.0482,11.804,0
0.60543,-0.6503,-1.7379,-7.7369,11.344,0
1.9351,-1.0607,-1.7057,0.2277,12.38,0
2.8848,-1.8302,-1.6027,7.5096,11.531,0
2.5999,-2.1893,-1.4779,-2.2755,12.035,0
2.03,-1.625,-1.402,-7.5093,11.229,0
0.32051,-0.599,-1.3685,3.6411,10.352,0
-0.53425,0.29873,-1.3247,5.0064,10.553,0
-0.53425,0.47827,-1.2604,-6.144,9.5751,0
1.3652,-0.0090658,-1.2153,-4.5511,10.639,0
2.03,-0.26556,-1.1703,7.282,10.337,0
0.60543,-0.62465,-1.0737,3.186,10.913,0
-0.24933,-0.95809,-0.97336,-7.7369,10.999,0
-0.53425,-1.0094,-0.8794,-3.4133,9.9634,0
0.51046,-1.0607,-0.7893,7.282,10.078,0
0.7004,-0.29121,-0.76227,0.45525,8.1511,0
1.7451,0.50392,-0.75455,-7.2818,7.6621,0
1.3652,-0.34251,-0.70693,0.68281,6.1662,0
0.7004,-2.138,-0.63485,6.3718,4.8142,0
-0.059385,-2.8561,-0.57693,-3.4133,4.1238,0
1.5552,-2.061,-0.57178,-7.7369,2.0238,0
2.9798,-1.0607,-0.61555,3.6411,1.506,0
1.5552,-0.93244,-0.67861,5.4616,-0.32071,0
1.0803,-0.95809,-0.71336,-6.144,-0.29195,0
1.7451,-0.77854,-0.74812,-5.2337,0.010105,0
1.0803,-0.34251,-0.81762,7.282,0.11079,0
-0.059385,0.35002,-0.8292,2.9584,1.3765,0
0.32051,0.58087,-0.70693,-8.4196,0.54229,0
-1.1041,0.19613,-0.5602,-1.5928,1.1032,0
-1.6739,-0.26556,-0.50743,6.8269,0.18271,0
-0.15436,-0.41945,-0.50486,-0.45498,-0.17688,0
1.5552,-0.26556,-0.50614,-7.5093,-0.14811,0
1.3652,-0.086014,-0.54089,2.5033,-1.1118,0
0.79538,0.73476,-0.59624,7.0545,-0.49331,0
-0.81917,1.5555,-0.62327,-4.0959,-1.5433,0
0.22554,1.6068,-0.57436,-5.9164,-0.6803,0
1.4602,1.0682,-0.47783,5.9167,-0.60838,0
1.0803,0.65782,-0.39803,5.0064,-0.594,0
0.89035,0.60652,-0.34526,-7.2818,-0.10496,0
1.4602,0.70911,-0.3414,-2.7306,-1.1981,0
0.13056,1.2734,-0.36585,8.1923,-0.55085,0
-0.53425,1.5299,-0.33625,1.1379,-1.4139,0
-0.43928,1.5299,-0.2616,-8.6471,-0.66591,0
0.32051,1.3247,-0.22427,0.68281,-0.004278,0
-0.34431,0.81171,-0.23843,7.282,0.024489,0
-0.7242,0.22178,-0.26031,-1.5928,1.0601,0
-1.484,0.17048,-0.29377,-6.8267,-0.033045,0
-1.8639,0.50392,-0.39803,3.8687,0.52791,0
-2.3388,0.47827,-0.56921,6.3718,-0.018661,0
-1.1041,0.27308,-0.69406,-5.4613,0.39846,0
-0.7242,0.40132,-0.71723,-5.6889,1.3334,0
0.035589,0.47827,-0.68505,6.1442,1.3046,0
-2.2438,0.91431,-0.63743,3.6411,2.858,0
-2.8136,1.4273,-0.5602,-7.7369,2.2539,0
-0.53425,2.0429,-0.48555,-3.1857,2.671,0
1.2702,2.402,-0.44822,7.282,1.8224,0
1.0803,2.1455,-0.44308,0.45525,0.81558,0
0.13056,1.9403,-0.43664,-8.192,1.0889,0
2.22,1.7351,-0.39417,0.91037,0.024489,0
2.125,1.6581,-0.28605,6.8269,0.67174,0
-0.43928,1.6581,-0.17279,-2.2755,-0.45016,0
-0.91415,1.6325,-0.10714,-8.6471,-0.78098,0
-0.62923,1.812,-0.059523,3.4135,-0.96797,0
0.41548,1.4016,0.012554,5.6891,-1.6152,0
2.315,0.99126,0.10522,-5.0062,-1.2413,0
0.7004,0.99126,0.22106,-5.9164,-3.0104,0
-0.059385,0.86301,0.29829,5.9167,-3.0679,0
1.3652,0.52957,0.29185,4.0962,-3.9022,0
2.03,0.11918,0.2069,-7.7369,-3.9309,0
1.6501,-0.21426,0.098789,-2.2755,-3.4563,0
-0.7242,-0.086014,0.034435,7.9647,-4.607,0
-1.484,0.11918,0.020277,0.2277,-4.233,0
-0.24933,0.17048,0.066612,-8.4196,-5.2686,0
-0.059385,0.067882,0.12324,1.3655,-4.7652,0
0.89035,-0.26556,0.082057,6.8269,-4.5351,0
0.13056,-0.41945,0.038296,-3.6408,-5.1535,0
-0.81917,-0.23991,0.14384,-6.8267,-5.096,0
-2.7186,-0.31686,0.30987,4.7789,-6.9227,0
-3.3835,-0.82984,0.39096,5.234,-6.8652,0
-3.5734,-1.0863,0.39225,-6.144,-7.9295,0
-2.5287,-1.0863,0.35878,-5.2337,-7.9727,0
-1.1991,-0.88114,0.25581,7.5096,-7.9008,0
0.035589,-0.36816,0.12711,2.9584,-8.4617,0
0.7004,-0.086014,0.052454,-6.5991,-7.5124,0
1.6501,-0.13731,0.025425,-0.9101,-8.3754,0
2.22,0.016583,0.0061189,7.282,-7.8432,0
2.315,0.24743,-0.023484,0.00013542,-8.6343,0
2.125,0.24743,-0.022197,-7.0542,-8.9076,0
2.4099,-0.060364,0.064038,2.5033,-8.2028,0
3.2647,0.093531,0.1773,7.0545,-8.4042,0
2.315,0.32437,0.20562,-4.3235,-6.7501,0
0.51046,0.093531,0.10394,-7.7369,-7.009,0
-0.24933,-0.11166,-0.086552,5.4616,-5.772,0
0.32051,-0.086014,-0.26932,3.8687,-4.7077,0
1.4602,0.24743,-0.33239,-6.8267,-4.046,0
0.22554,0.40132,-0.26417,-4.0959,-2.4063,0
-0.34431,-0.034715,-0.15219,7.0545,-2.7803,0
0.32051,-0.29121,-0.024771,2.2757,-1.644,0
0.51046,-0.21426,0.08978,-8.192,-1.7015,0
-0.34431,-0.36816,0.14126,-0.9101,-1.0974,0
-1.579,-0.52205,0.13869,7.5096,-0.37825,0
-1.9589,-0.16296,0.10265,-1.5928,-0.39263,0
-1.294,0.27308,0.061464,-7.5093,1.3621,0
-1.484,0.27308,0.066612,2.2757,1.5635,0
-1.294,0.47827,0.12711,6.3718,3.0882,0
-1.8639,0.91431,0.2172,-4.3235,2.9299,0
-3.0036,1.0169,0.28542,-7.2818,2.6423,0
-2.9086,1.0426,0.25067,5.4616,3.1888,0
-2.2438,0.99126,0.17344,4.0962,2.0669,0
-1.579,1.3247,0.17601,-7.2818,2.0957,0
1.8401,1.5812,0.26482,-3.8684,-0.13373,0
3.1697,1.5299,0.35106,7.7372,-1.0687,0
0.98533,1.4529,0.40769,0.91037,-1.5721,0
0.89035,1.3503,0.47848,-7.7369,-1.8022,0
3.8345,1.376,0.50165,0.2277,-0.090578,0
3.6446,1.5555,0.42442,7.282,-0.45016,0
1.2702,1.0682,0.3073,-1.1377,0.19709,0
0.22554,0.45262,0.2275,-7.0542,-1.1406,0
-4.0483,-0.13731,0.15285,4.3238,-2.3632,0
-2.9086,-1.0607,0.066612,5.9167,-2.8953,0
-0.34431,-1.5224,-0.023484,-6.144,-3.9597,0
0.60543,-1.3685,-0.1316,-5.4613,-2.9097,0
-0.91415,-0.90679,-0.27061,6.5994,-3.7871,0
-0.15436,-0.52205,-0.4109,2.9584,-3.8159,0
-1.294,-0.11166,-0.4804,-7.0542,-4.6789,0
-3.0985,0.14483,-0.43149,-2.503,-5.5275,0
-2.1488,-0.034715,-0.22298,6.8269,-4.8803,0
1.8401,-0.5477,0.044732,0.45525,-5.3981,0
3.1697,-0.52205,0.24552,-8.4196,-3.9597,0
0.7004,0.40132,0.35492,1.8206,-4.3625,0
-1.294,1.0682,0.43472,7.0545,-4.4056,0
-1.1991,0.91431,0.52224,-3.6408,-5.3549,0
-1.579,0.42697,0.54927,-7.7369,-7.1672,0
-1.294,-0.11166,0.53769,5.234,-7.3398,0
-1.7689,-0.47075,0.52353,4.5513,-8.5768,0
-2.2438,-0.82984,0.47462,-6.8267,-7.5843,0
-3.0985,-0.57335,0.36908,-4.0959,-7.8576,0
-1.389,0.14483,0.29443,6.5994,-8.059,0
0.41548,0.52957,0.36393,2.2757,-8.1165,0
2.315,0.63217,0.46432,-8.6471,-9.4829,0
2.22,0.50392,0.48363,-2.9581,-9.0514,0
1.4602,0.11918,0.47848,7.282,-10.03,0
0.89035,-0.4451,0.47462,-0.9101,-9.5261,0
-0.059385,-1.0094,0.4566,-8.4196,-9.3823,0
-0.53425,-1.1889,0.38452,2.5033,-9.7275,0
-0.43928,-1.035,0.25195,6.5994,-9.2097,0
1.2702,-0.67595,0.092354,-4.3235,-10.59,0
1.8401,-0.62465,-0.013187,-6.8267,-10.49,0
0.13056,-0.29121,-0.031207,6.3718,-11.669,0
-2.5287,0.067882,0.039583,5.234,-11.655,0
-3.3835,0.067882,0.10008,-7.0542,-10.835,0
-1.484,0.016583,0.10008,-4.0959,-10.332,0
0.13056,-0.086014,0.048593,7.5096,-8.1741,0
1.6501,-0.29121,-0.0054649,2.5033,-8.1165,0
1.7451,-0.52205,-0.006752,-8.6471,-6.9083,0
0.32051,-0.85549,-0.022197,-1.1377,-7.1816,0
-1.389,-1.112,-0.11101,7.9647,-6.9515,0
-1.1991,-1.0607,-0.21397,-0.68254,-5.3118,0
0.32051,-0.88114,-0.2912,-7.9645,-4.6645,0
0.51046,-1.3428,-0.3105,2.2757,-2.3632,0
-1.1991,-1.7276,-0.23585,6.8269,-2.1186,0
-3.8583,-1.1376,-0.081403,-2.9581,-1.3995,0
-3.6684,-0.31686,0.070473,-6.8267,-1.2269,0
-0.53425,0.27308,0.14512,5.9167,-2.2193,0
2.03,0.68346,0.14384,4.7789,-2.1906,0
0.60543,0.96561,0.12839,-7.0542,-4.1179,0
-1.294,1.1452,0.13869,-3.8684,-4.4344,0
-1.9589,1.2477,0.158,7.282,-5.7289,0
-1.0091,0.65782,0.17988,2.2757,-6.5631,0
-0.15436,-0.4964,0.21463,-7.7369,-6.7213,0
-1.294,-1.7789,0.25968,-0.68254,-7.9727,0
-2.5287,-1.8302,0.24423,7.5096,-7.2535,0
-0.24933,-0.23991,0.16186,-1.8203,-7.9439,0
0.60543,1.1965,0.15671,-9.3298,-6.9227,0
0.98533,1.4529,0.24552,2.5033,-6.0165,0
1.6501,0.99126,0.28542,6.3718,-5.4412,0
1.1753,0.91431,0.22106,-4.7786,-3.4994,0
0.22554,0.52957,0.15928,-5.6889,-3.2405,0
-0.34431,-0.034715,0.13097,5.6891,-1.2413,0
0.22554,0.067882,0.08978,3.4135,-0.46455,0
-0.34431,0.88866,0.039583,-7.7369,0.54229,0
-0.43928,1.3247,0.027999,-2.503,1.9231,0
1.4602,0.73476,0.031861,7.5096,1.7505,0
2.7898,0.47827,-0.006752,1.1379,2.9587,0
0.89035,0.73476,-0.033781,-8.192,2.0382,0
0.7004,0.42697,0.013841,0.00013542,2.1101,0
1.4602,-0.31686,0.062751,7.282,1.7361,0
-0.059385,-1.2915,0.08077,-2.7306,1.0889,0
-3.0036,-1.9328,0.055028,-7.2818,1.8368,0
-1.294,-2.5227,-0.11358,3.4135,1.132,0
2.8848,-3.1126,-0.3504,6.3718,2.0525,0
2.8848,-3.3948,-0.40189,-5.9164,1.4484,0
0.13056,-3.3435,-0.20625,-5.4613,1.2615,0
-2.3388,-2.7535,0.027999,7.7372,1.0457,0
-3.0985,-1.5993,0.12324,2.5033,-0.23441,0
-1.484,-0.93244,0.11166,-8.8747,0.12517,0
2.4099,-0.95809,0.10522,-0.9101,-1.1837,0
6.3988,-0.72725,0.14641,7.7372,-1.0255,0
6.5888,-0.23991,0.1979,-0.68254,-1.6152,0
1.9351,0.47827,0.19146,-8.6471,-2.133,0
0.79538,1.5042,0.19275,2.9584,-1.3851,0
0.79538,1.5555,0.30601,8.1923,-1.6296,0
0.79538,0.32437,0.48749,-3.6408,0.21147,0
0.51046,-0.67595,0.62907,-7.2818,0.52791,0
-1.389,-0.599,0.63679,5.0064,1.5923,0
-3.5734,0.27308,0.51581,6.1442,2.0382,0
-1.7689,1.0939,0.38452,-5.9164,1.3909,0
-0.059385,1.5555,0.34462,-5.0062,1.7793,0
-1.1041,1.0939,0.37037,7.0545,0.29777,0
-0.91415,0.042233,0.40898,4.0962,0.78681,0
-0.62923,-0.90679,0.3871,-7.0542,0.52791,0
0.32051,-1.2659,0.27641,-2.503,1.0026,0
0.41548,-1.4967,0.14255,7.5096,2.0957,0
-1.1991,-1.6763,0.084631,0.00013542,1.5923,0
-1.7689,-1.8302,0.094928,-7.7369,2.4697,0
-3.3835,-1.1376,0.094928,2.0482,1.132,0
-4.1432,-0.31686,0.085918,6.3718,1.2615,0
-1.0091,-0.16296,0.034435,-2.7306,1.0169,0
1.4602,-0.4451,-0.054374,-8.192,0.78681,0
3.0747,-0.72725,-0.12388,4.0962,1.6067,0
2.4099,-1.035,-0.15992,5.9167,0.48476,0
1.3652,-1.1633,-0.102,-6.5991,0.85873,0
-0.059385,-0.7016,0.015128,-5.2337,-0.36386,0
-0.53425,-0.34251,0.11938,5.9167,-0.4214,0
0.89035,-0.6503,0.14384,2.9584,0.053256,0
5.1642,-1.0607,0.11681,-7.7369,-0.1625,0
3.5496,-1.3428,0.10136,-2.9581,1.0169,0
0.79538,-1.1633,0.10008,7.0545,0.42722,0
-0.62923,-0.3938,0.12582,0.2277,1.5491,0
-1.6739,0.22178,0.15285,-7.5093,1.4772,0
-2.8136,-0.11166,0.14899,0.45525,1.319,0
-1.484,-0.88114,0.14899,7.282,1.2183,0
0.32051,-1.3685,0.17344,-2.2755,-0.5077,0
1.4602,-1.1633,0.18889,-7.9645,-0.4214,0
0.22554,-0.57335,0.16314,4.3238,-1.7159,0
0.51046,-0.13731,0.096215,6.3718,-1.4858,0
0.79538,-0.13731,0.022851,-5.2337,-1.8741,0
0.98533,-0.90679,-0.033781,-5.4613,-2.6796,0
1.8401,-1.1633,-0.086552,6.5994,-2.1186,0
2.7898,-0.85549,-0.2114,4.0962,-2.694,0
0.7004,-0.47075,-0.37486,-7.0542,-1.2988,0
-0.15436,-0.4451,-0.45208,-2.0479,-1.5289,0
-0.7242,-0.36816,-0.46496,7.9647,-1.2269,0
-0.34431,0.016583,-0.53575,1.1379,-1.1262,0
-0.81917,1.0169,-0.57565,-7.2818,-1.7447,0
-0.24933,1.9659,-0.46496,1.1379,-0.9392,0
1.4602,1.9659,-0.2217,7.5096,-1.7878,0
1.8401,1.299,0.067899,-2.0479,-1.1406,0
1.0803,0.86301,0.21334,-7.2818,-1.4858,0
-1.1991,1.4016,0.15542,4.0962,-1.2844,0
-2.9086,1.9146,0.056315,5.9167,-0.36386,0
-1.484,1.5299,0.01899,-6.144,-0.72345,0
0.41548,1.299,0.05889,-5.6889,0.34092,0
2.4099,1.5042,0.085918,5.9167,-0.70906,0
1.5552,1.6581,0.0099801,3.6411,-0.53646,0
0.89035,1.6068,-0.0518,-7.5093,-0.79537,0
0.035589,1.7351,0.04087,-3.4133,-1.0974,0
-0.34431,1.5042,0.19918,7.7372,-0.26318,0
-0.34431,1.0426,0.2867,1.1379,-1.1262,0
-0.62923,0.42697,0.23779,-7.9645,-0.39263,0
0.035589,0.22178,0.091067,0.2277,-1.3707,0
-1.0091,0.58087,-0.035068,6.5994,-1.083,0
-1.8639,0.58087,-0.063384,-3.4133,-0.78098,0
-1.0091,0.067882,-0.071106,-8.6471,-1.1837,0
0.22554,-0.599,-0.096848,3.8687,-0.10496,0
-1.389,-1.1376,-0.098135,6.3718,-0.95358,0
-2.6237,-1.0094,-0.0518,-5.2337,-0.53646,0
-0.43928,-0.599,-0.033781,-4.5511,-1.2413,0
1.4602,-0.0090658,-0.11358,6.3718,-1.6008,0
1.8401,0.32437,-0.25645,2.7309,-1.1406,0
-0.62923,0.52957,-0.33625,-7.9645,-1.831,0
-3.9533,1.0169,-0.32724,-2.503,-0.9392,0
-4.8081,1.3503,-0.26417,8.4198,-1.6728,0
-3.3835,1.5555,-0.18823,0.2277,-1.2556,0
-1.9589,1.6581,-0.11615,-7.9645,-1.1981,0
0.60543,0.93996,-0.071106,1.5931,-1.6008,0
0.89035,-0.18861,-0.062097,6.5994,-0.89605,0
0.035589,-1.112,-0.11744,-3.8684,-2.0611,0
-0.53425,-1.4454,-0.14576,-6.3715,-1.4282,0
-0.24933,-1.1633,-0.11744,5.6891,-1.8454,0
2.125,-1.3172,-0.12002,4.3238,-1.3995,0
2.22,-1.8302,-0.15348,-6.5991,-0.40701,0
0.41548,-2.138,-0.11487,-2.503,-0.5077,0
-0.15436,-2.2406,-0.017049,8.4198,0.77243,0
0.41548,-1.9584,0.04988,1.1379,0.11079,0
2.8848,-1.6763,0.082057,-8.192,0.88749,0
4.4044,-1.4711,0.16057,0.00013542,0.98818,0
3.8345,-1.1376,0.28413,8.1923,0.97379,0
1.8401,-0.62465,0.33561,-2.503,1.7361,0
0.035589,0.47827,0.3073,-7.9645,0.71489,0
-0.059385,1.6068,0.30472,3.6411,1.2615,0
-1.1991,2.1455,0.35621,5.9167,0.067639,0
-0.62923,2.7098,0.38581,-6.144,0.41284,0
2.125,3.0175,0.32918,-5.4613,0.77243,0
2.4099,3.4023,0.27641,7.5096,0.81558,0
0.79538,3.351,0.31116,2.9584,2.2539,0
-3.9533,2.8637,0.31759,-7.9645,1.8656,0
-4.7131,2.9663,0.24166,-2.7306,2.6567,0
-2.1488,3.2227,0.18245,7.0545,1.9231,0
-1.0091,2.915,0.25195,-1.3652,1.1608,0
-0.62923,2.4276,0.36264,-8.6471,1.0457,0
-0.34431,2.1711,0.38967,1.5931,0.18271,0
2.22,1.376,0.31116,6.1442,1.6354,0
2.125,0.47827,0.19532,-3.6408,1.621,0
0.13056,0.35002,0.056315,-6.5991,2.8868,0
-2.4337,0.81171,-0.089126,5.234,3.0738,0
-3.3835,1.0426,-0.15863,3.8687,2.8293,0
-2.4337,0.32437,-0.13932,-7.2818,3.2176,0
-0.059385,-0.36816,-0.12002,-4.0959,1.9662,0
3.3597,-0.85549,-0.072394,7.5096,2.1532,0
2.8848,-1.4711,-0.010613,1.8206,0.59983,0
1.0803,-1.6506,-0.026058,-8.4196,0.57106,0
2.22,-1.3428,-0.16249,0.68281,1.0745,0
3.0747,-0.82984,-0.3208,7.282,0.98818,0
0.32051,-0.31686,-0.36971,-1.8203,1.9375,0
-3.0036,-0.41945,-0.32724,-7.9645,0.26901,0
-2.6237,-0.57335,-0.29892,3.4135,0.053256,0
-1.484,-0.4964,-0.36199,5.9167,-0.83852,0
-0.62923,-0.034715,-0.44822,-5.4613,-0.82413,0
-0.62923,0.29873,-0.44565,-7.0542,0.45599,0
0.41548,0.067882,-0.33625,6.3718,0.85873,0
0.7004,0.016583,-0.25516,3.8687,2.7286,0
-0.059385,0.14483,-0.25259,-6.8267,2.2683,0
-0.7242,0.067882,-0.22942,-2.9581,2.4409,0
-0.62923,-0.5477,-0.15605,7.282,1.5204,0
-1.8639,-1.2146,-0.06081,0.91037,0.62859,0
-3.0036,-1.1376,0.00097052,-7.7369,1.4484,0
-2.5287,-0.599,-0.050513,1.1379,1.4053,0
-1.484,-0.26556,-0.19853,6.8269,3.1457,0
-0.53425,-0.21426,-0.3311,-2.7306,3.1457,0
-0.059385,-0.034715,-0.34397,-7.5093,3.4477,0
-2.3388,-0.086014,-0.2513,2.7309,3.3614,0
-2.4337,-0.31686,-0.14447,6.8269,2.0382,0
-1.1041,-0.36816,-0.056948,-5.9164,2.1101,0
-0.34431,-0.23991,-0.031207,-6.144,0.57106,0
0.41548,0.24743,-0.078829,5.9167,1.1032,0
1.5552,0.093531,-0.098135,3.8687,0.65736,0
0.32051,-0.52205,-0.047939,-7.5093,0.13956,0
-0.34431,-0.90679,0.026712,-1.8203,-0.26318,0
-0.7242,-1.2146,0.08978,7.7372,-2.0611,0
-0.53425,-1.2659,0.13869,0.45525,-1.6296,0
0.41548,-1.1376,0.16443,-8.192,-2.1186,0
-0.81917,-1.0607,0.17215,0.2277,-0.70906,0
-3.5734,-1.035,0.17601,7.7372,0.35531,0
-3.6684,-1.0863,0.17473,-1.5928,0.77243,0
-1.6739,-1.035,0.17601,-7.9645,1.8512,0
0.13056,-1.0094,0.1773,3.4135,0.84434,0
0.60543,-1.0607,0.17601,6.1442,1.2615,0
-0.43928,-1.0094,0.1773,-5.2337,0.34092,0
-1.484,-1.0094,0.17601,-5.9164,0.25462,0
-1.0091,-1.0094,0.17473,6.1442,0.71489,0
2.4099,-0.98374,0.17859,4.3238,-0.033045,0
4.4993,-1.0094,0.17601,-7.2818,0.64298,0
3.7396,-0.98374,0.17344,-2.7306,-0.49331,0
-0.059385,-1.035,0.17859,7.282,-0.018661,0
-1.484,-0.47075,0.12067,1.5931,-0.22003,0
0.035589,0.14483,0.0035447,-8.4196,-0.60838,0
1.4602,0.22178,-0.095561,-0.45498,0.21147,0
1.5552,-0.086014,-0.13417,7.7372,-0.3351,0
1.4602,-0.4451,-0.13546,-1.5928,1.0457,0
-0.91415,-0.47075,-0.12259,-7.9645,0.78681,0
-1.7689,-0.16296,-0.081403,2.9584,0.98818,0
-0.43928,0.11918,-0.080116,5.4616,1.0601,0
-0.62923,0.067882,-0.15091,-5.0062,0.31216,0
-2.3388,-0.0090658,-0.23328,-6.144,1.2471,0
-2.2438,0.093531,-0.28476,7.0545,0.67174,0
0.035589,0.19613,-0.30021,4.3238,1.9519,0
0.51046,0.19613,-0.30021,-7.2818,2.182,0
0.98533,0.19613,-0.30021,-1.5928,1.9519,0
1.8401,0.22178,-0.29892,7.5096,2.1101,0
2.7898,0.22178,-0.29892,0.45525,0.78681,0
0.79538,0.24743,-0.29763,-7.9645,1.3334,0
-1.1991,0.19613,-0.30278,1.8206,0.94503,0
-1.1041,0.22178,-0.29892,6.8269,1.7649,0
0.7004,0.24743,-0.21011,-3.4133,2.7573,0
-1.1991,0.24743,-0.085264,-7.2818,2.8149,0
-4.903,-0.086014,-0.006752,4.5513,4.1813,0
-4.2382,-0.599,0.094928,5.4616,3.2895,0
-1.6739,-1.0094,0.19146,-6.5991,3.5484,0
-0.059385,-1.1889,0.24552,-5.6889,2.4841,0
-1.0091,-0.98374,0.20304,7.282,1.6786,0
0.22554,-0.4451,0.10651,2.2757,1.8512,0
2.5049,0.067882,0.083344,-7.9645,0.85873,0
3.4546,0.29873,0.16443,-1.3652,1.7936,0
2.5999,0.52957,0.20047,7.282,1.132,0
0.22554,0.76041,0.12324,-0.45498,1.8512,0
-2.5287,0.63217,0.035722,-7.9645,1.8656,0
-3.3835,0.19613,-0.0016037,1.3655,1.5779,0
-3.3835,-0.11166,0.0022576,6.3718,2.4697,0
-1.389,-0.4964,0.042157,-3.6408,1.621,0
0.7004,-1.4198,0.087205,-6.144,2.556,0
1.5552,-2.1893,0.075622,5.234,1.7505,0
-0.43928,-1.625,-0.0119,5.4616,1.4772,0
-1.6739,0.40132,-0.13289,-6.8267,1.0745,0
-1.1041,2.7098,-0.20496,-5.2337,0.11079,0
-1.7689,3.8896,-0.20496,7.282,1.2183,0
-1.579,3.9922,-0.15091,2.0482,0.64298,0
-0.15436,3.9153,-0.053087,-8.4196,0.80119,0
0.51046,3.7614,0.015128,-1.1377,-0.2488,0
-1.389,3.6075,0.056315,7.5096,-1.4858,0
-2.9086,2.838,0.11681,-0.9101,-1.0111,0
-1.389,1.5042,0.20176,-7.7369,-1.5865,0
1.0803,0.96561,0.2674,2.7309,-0.27756,0
2.03,0.96561,0.30215,6.8269,-0.19126,0
2.125,1.5299,0.2674,-4.0959,0.61421,0
0.51046,2.4789,0.1979,-6.5991,1.7649,0
-0.24933,2.8124,0.20176,5.6891,1.7361,0
0.98533,2.1968,0.25968,5.0064,3.0594,0
-0.7242,0.93996,0.31759,-6.8267,2.2971,0
-1.7689,-0.086014,0.37037,-4.0959,2.4409,0
-0.059385,-0.47075,0.37809,6.8269,1.6067,0
1.4602,-0.47075,0.30601,2.0482,0.42722,0
1.2702,-0.26556,0.24166,-8.192,0.19709,0
0.22554,-0.18861,0.22364,-0.9101,-1.8741,0
1.8401,-0.060364,0.16314,7.0545,-2.2193,0
3.8345,0.067882,0.04988,-1.3652,-3.3412,0
1.1753,0.042233,-0.040216,-7.7369,-3.4994,0
-2.2438,-0.31686,-0.072394,2.7309,-3.2405,0
-3.9533,-0.34251,-0.065958,5.234,-4.1035,0
-5.9477,-0.0090658,-0.063384,-5.4613,-3.1255,0
-7.2774,0.37567,-0.068532,-6.5991,-3.0536,0
-5.8528,0.47827,-0.072394,5.234,-0.82413,0
-1.8639,0.27308,-0.0917,3.6411,1.2183,0
2.9798,0.37567,-0.12774,-7.2818,3.1169,0
4.5943,0.68346,-0.10071,-3.1857,5.519,0
3.0747,0.96561,0.0022576,7.282,5.5046,0
0.51046,1.0169,0.08077,0.68281,6.2957,0
0.79538,0.76041,0.12067,-8.6471,4.7566,0
2.7898,0.47827,0.12067,-0.22742,3.9368,0
3.6446,0.73476,0.064038,7.282,3.3902,0
2.9798,0.96561,0.007406,-3.4133,2.6135,0
2.22,0.93996,-0.0016037,-7.0542,3.6923,0
1.2702,0.37567,0.0035447,4.7789,3.0019,0
0.22554,-0.16296,-0.013187,5.234,3.9799,0
1.3652,-0.3938,-0.067245,-5.9164,3.8073,0
1.8401,-0.23991,-0.15091,-5.4613,3.7498,0
0.41548,-0.47075,-0.22813,6.3718,4.1094,0
-0.34431,-0.7016,-0.24486,3.8687,3.606,0
-0.62923,-0.85549,-0.17793,-7.5093,5.7059,0
-0.62923,-0.95809,-0.047939,-2.0479,6.2957,0
-1.1041,-1.1376,0.1078,7.7372,7.4751,0
-2.8136,-1.4454,0.23908,0.68281,6.8998,0
-4.4282,-1.7019,0.29443,-7.9645,5.4614,0
-3.7634,-1.9328,0.23393,1.5931,5.26,0
-0.7242,-2.1123,0.11552,6.8269,3.7498,0
0.32051,-2.138,0.043444,-2.7306,4.3683,0
-0.059385,-1.9328,-0.010613,-7.2818,4.0806,0
-0.62923,-1.5224,-0.098135,4.0962,5.2025,0
-0.24933,-1.112,-0.17793,6.3718,6.9285,0
1.0803,-1.0094,-0.20368,-5.4613,7.245,0
0.13056,-1.2659,-0.18437,-5.0062,7.9785,0
-1.6739,-1.6763,-0.13675,7.282,6.0511,0
-1.6739,-2.3688,-0.094274,2.7309,5.7059,0
0.51046,-3.0357,-0.12259,-7.2818,5.1306,0
-0.7242,-3.1383,-0.18308,-1.5928,5.4758,0
-1.0091,-2.6253,-0.18051,7.7372,6.5977,0
-1.0091,-2.138,-0.11744,-0.22742,5.7779,0
-2.3388,-1.5993,-0.041503,-8.192,5.8642,0
-1.484,-1.3941,0.030574,1.8206,3.9943,0
1.0803,-1.5224,0.13998,7.0545,3.5197,0
0.89035,-1.3172,0.19146,-3.8684,3.3614,0
-1.0091,-1.1633,0.12582,-6.8267,3.3471,0
-0.91415,-0.95809,0.075622,4.0962,5.0874,0
-1.484,0.17048,0.11681,4.5513,5.3895,0
0.13056,1.1452,0.16057,-7.0542,7.36,0
1.7451,1.7094,0.13097,-4.7786,7.5614,0
2.4099,2.402,0.1477,7.282,8.0217,0
3.4546,2.6841,0.21591,1.5931,8.5107,0
4.9742,2.402,0.27769,-8.192,7.921,0
4.7843,2.1968,0.26868,-0.68254,8.6689,0
1.5552,1.7094,0.16443,7.5096,7.4032,0
-0.34431,1.6581,0.11166,-0.68254,7.0867,0
-1.6739,1.6838,0.22106,-7.5093,5.4902,0
-2.7186,1.5812,0.36779,3.186,3.9799,0
-1.484,1.4786,0.40898,6.8269,3.4334,0
0.79538,0.81171,0.3369,-5.4613,1.9375,0
-0.059385,0.65782,0.24809,-5.9164,2.7573,0
-2.4337,0.65782,0.19146,5.9167,2.8436,0
-3.8583,0.19613,0.17087,4.0962,4.9868,0
-1.0091,0.17048,0.14512,-6.8267,6.5689,0
0.035589,0.91431,0.12711,-3.6408,6.7272,0
-0.24933,1.3247,0.15413,8.875,7.1299,0
-1.484,1.299,0.21205,1.8206,5.4327,0
-2.0538,1.6838,0.28799,-7.9645,5.7059,0
-2.9086,2.0172,0.34848,1.1379,5.0874,0
-1.579,1.9146,0.34848,7.5096,5.1306,0
-0.53425,1.6068,0.30086,-3.8684,5.1737,0
0.13056,1.1452,0.25453,-7.9645,3.6923,0
-0.34431,1.3247,0.22364,4.5513,3.7354,0
-0.34431,1.5555,0.20304,5.9167,2.3115,0
-0.24933,1.376,0.23136,-6.144,2.2683,0
1.3652,0.78606,0.29958,-5.4613,1.2615,0
1.8401,0.37567,0.3266,6.5994,0.21147,0
1.4602,0.47827,0.29057,2.5033,0.59983,0
0.79538,1.0169,0.23136,-7.5093,-0.27756,0
0.51046,1.3503,0.15027,-2.0479,1.1608,0
-0.7242,0.99126,0.051167,7.5096,1.1895,0
0.13056,0.32437,0.011267,0.2277,1.5779,0
2.7898,-0.060364,0.065325,-7.5093,1.319,0
4.4993,-0.18861,0.10909,2.2757,0.41284,0
3.3597,-0.18861,0.033148,7.282,1.9519,0
2.03,-0.36816,-0.0917,-3.8684,2.4409,0
-0.62923,-0.52205,-0.092987,-7.5093,4.095,0
-2.5287,-0.5477,0.030574,4.5513,3.8217,0
-1.484,-0.75289,0.12324,5.4616,2.9875,0
0.035589,-0.6503,0.11552,-7.2818,2.9443,0
-0.62923,-0.23991,0.08077,-4.0959,1.995,0
-2.4337,0.093531,0.08077,7.0545,2.9587,0
-3.4784,0.093531,0.12711,1.8206,1.995,0
-2.7186,0.11918,0.14126,-8.6471,1.7217,0
-1.389,0.35002,0.062751,-1.1377,0.55667,0
-1.579,0.016583,-0.046652,7.0545,-1.27,0
-1.7689,-0.72725,-0.098135,-0.9101,-1.7015,0
2.03,-1.3172,-0.058236,-7.7369,-3.3556,0
4.3094,-1.4454,0.024138,3.6411,-3.2405,0
2.9798,-1.4711,0.069186,6.1442,-4.5063,0
0.60543,-1.2659,0.046019,-4.3235,-5.4124,0
0.89035,-1.4967,-0.014475,-5.4613,-6.52,0
2.6949,-1.8815,-0.050513,6.3718,-8.7206,0
3.5496,-1.6506,-0.018336,4.3238,-9.3535,0
2.7898,-0.7016,0.061464,-7.9645,-11.382,0
0.51046,0.042233,0.14255,-3.6408,-11.612,0
1.5552,0.11918,0.2069,8.6474,-12.806,0
2.9798,-0.4451,0.3073,1.5931,-13.453,0
3.0747,-1.1633,0.39225,-8.6471,-13.079,0
2.9798,-2.2406,0.43858,0.91037,-13.539,0
-0.24933,-3.1896,0.43601,8.1923,-12.014,0
-3.0036,-3.1639,0.37937,-2.2755,-11.971,0
-3.7634,-2.6253,0.26096,-8.192,-10.461,0
-2.9086,-1.9071,0.094928,4.5513,-9.5692,0
-3.7634,-1.0607,-0.074968,6.1442,-9.0227,0
-1.8639,-0.67595,-0.18952,-5.4613,-7.6275,0
-0.059385,-0.7016,-0.18308,-5.4613,-8.059,0
0.41548,-0.88114,-0.14704,5.9167,-7.0234,0
-0.7242,-0.88114,-0.20625,3.8687,-7.9152,0
-4.2382,-0.11166,-0.38387,-7.7369,-8.2604,0
-2.7186,1.1452,-0.56664,-2.7306,-8.7782,0
1.1753,1.7094,-0.59366,7.7372,-9.9144,0
1.4602,1.4529,-0.47525,1.1379,-9.296,0
1.2702,0.81171,-0.39931,-7.5093,-9.9864,0
0.41548,0.47827,-0.4109,-1.1377,-8.548,0
-2.4337,0.93996,-0.43407,7.5096,-7.9008,0
-5.4729,1.8377,-0.42377,-0.68254,-7.009,0
-5.093,2.0429,-0.3414,-9.1023,-5.7864,0
-1.7689,1.4529,-0.17021,1.1379,-6.1748,0
1.9351,0.73476,-0.006752,6.8269,-5.1967,0
3.5496,0.35002,0.035722,-3.6408,-5.9878,0
4.0245,0.17048,-0.032494,-7.0542,-5.3261,0
5.734,0.093531,-0.077542,5.0064,-4.5638,0
5.0692,-0.29121,0.034435,4.3238,-3.9166,0
1.5552,-0.34251,0.21205,-6.5991,-1.831,0
0.98533,-0.086014,0.24809,-3.1857,-1.4858,0
1.4602,0.29873,0.1477,8.1923,0.42722,0
1.0803,0.32437,0.055028,2.2757,0.67174,0
-0.91415,0.14483,0.048593,-7.7369,1.132,0
-0.91415,-0.67595,0.11037,-1.3652,1.6354,0
1.3652,-1.6763,0.16829,7.282,0.87311,0
1.6501,-1.1889,0.14255,0.2277,1.6786,0
0.32051,0.68346,0.039583,-7.5093,0.72928,0
-0.34431,1.5299,-0.08269,2.7309,1.2039,0
0.32051,1.2221,-0.13289,7.7372,0.87311,0
-0.34431,1.1965,-0.092987,-3.1857,0.21147,0
-0.34431,1.6838,-0.040216,-7.0542,0.55667,0
-0.62923,2.0172,-0.013187,5.0064,-0.73783,0
-0.43928,2.1968,-0.023484,5.9167,-0.10496,0
0.13056,2.3763,-0.083977,-6.5991,-0.83852,0
0.035589,1.812,-0.16764,-4.5511,-0.5077,0
1.3652,0.63217,-0.24872,7.5096,-0.17688,0
0.98533,-0.3938,-0.26546,3.4135,-0.72345,0
-0.15436,-1.5993,-0.23457,-6.5991,0.15394,0
-0.34431,-2.7535,-0.24358,-2.2755,-0.89605,0
0.13056,-2.9331,-0.30922,7.282,-0.34948,0
-0.34431,-2.1893,-0.34783,0.45525,-0.98235,0
-0.7242,-1.4711,-0.33753,-8.4196,-1.4139,0
-2.7186,-0.82984,-0.35813,0.45525,-1.083,0
-2.4337,-0.034715,-0.37615,7.0545,-2.1043,0
-0.7242,0.35002,-0.31179,-4.0959,-1.3707,0
-3.0985,0.24743,-0.16764,-6.5991,-2.4782,0
-3.5734,0.37567,-0.019623,4.3238,-2.2769,0
-0.62923,0.52957,0.066612,5.4616,-2.4207,0
0.32051,0.47827,0.10136,-6.3715,-2.9097,0
-0.62923,0.47827,0.10522,-5.4613,-1.9029,0
-2.3388,0.78606,0.069186,5.4616,-2.5933,0
-2.2438,1.1452,0.05889,2.7309,-1.4282,0
-1.0091,0.63217,0.10394,-7.0542,-1.644,0
1.6501,-0.0090658,0.13483,-2.7306,-1.0974,0
3.4546,-0.21426,0.079483,7.9647,-0.47893,0
0.41548,-0.34251,-0.019623,0.00013542,-0.6803,0
-6.0427,-0.77854,-0.044078,-7.9645,0.61421,0
-6.7075,-1.548,-0.0080391,1.5931,0.29777,0
-4.1432,-1.8045,-0.014475,7.0545,1.4628,0
-3.0036,-1.3172,-0.076255,-3.4133,1.7793,0
-0.34431,-0.90679,-0.10328,-6.3715,1.9231,0
3.0747,-0.77854,-0.078829,5.234,2.9587,0
1.1753,-0.62465,-0.028633,5.4616,2.4553,0
0.7004,-0.36816,0.012554,-6.8267,3.5628,0
1.0803,0.093531,0.08978,-4.0959,2.9012,0
3.0747,0.22178,0.14255,6.3718,3.2176,0
5.4491,0.24743,0.056315,1.8206,3.3327,0
4.9742,0.22178,-0.077542,-7.2818,2.7286,0
-0.34431,0.50392,-0.15734,-1.1377,3.5628,0
-2.7186,1.0169,-0.19467,7.282,2.5847,0
-1.6739,1.1965,-0.18308,-0.9101,3.1025,0
-1.0091,0.65782,-0.14576,-8.192,2.5704,0
-0.91415,0.016583,-0.16249,2.2757,2.2539,0
-1.7689,0.11918,-0.25001,6.8269,2.556,0
-2.0538,0.47827,-0.33496,-4.3235,1.5204,0
-0.91415,0.58087,-0.37872,-7.0542,2.1964,0
2.7898,0.42697,-0.32724,5.4616,1.2327,0
1.6501,0.11918,-0.2114,5.234,1.4197,0
-0.91415,0.14483,-0.19209,-6.5991,1.132,0
-1.579,1.4786,-0.32724,-4.0959,0.32654,0
0.035589,2.9919,-0.48426,7.282,0.81558,0
1.5552,3.1458,-0.6001,2.5033,-0.45016,0
1.0803,2.7867,-0.64386,-7.9645,0.19709,0
-0.24933,1.6581,-0.59624,-0.22742,-0.57961,0
-1.484,-0.11166,-0.50614,7.9647,-0.83852,0
-1.579,-1.5737,-0.43921,-2.0479,-0.70906,0
-0.24933,-2.1636,-0.42506,-7.7369,-1.7159,0
1.6501,-2.138,-0.42248,3.8687,-0.92482,0
2.03,-2.061,-0.38387,5.4616,-1.9604,0
1.0803,-2.0097,-0.30278,-7.0542,-1.4426,0
-0.34431,-1.8558,-0.22298,-4.3235,-1.6728,0
0.89035,-1.7276,-0.19467,7.0545,-2.0323,0
1.1753,-0.95809,-0.17922,1.1379,-1.3707,0
-0.059385,0.042233,-0.11873,-7.7369,-2.2337,0
0.41548,0.19613,0.012554,-0.9101,-1.3707,0
0.51046,0.067882,0.15156,7.5096,-2.018,0
0.60543,0.27308,0.27383,-1.3652,-1.4714,0
0.7004,0.78606,0.39739,-8.192,-1.1406,0
-0.059385,1.4016,0.44244,3.4135,-1.2556,0
0.7004,2.1711,0.427,6.1442,-0.17688,0
1.8401,2.9919,0.39868,-4.3235,-0.72345,0
3.0747,3.274,0.3871,-5.6889,0.41284,0
2.5999,3.1971,0.39611,6.1442,0.13956,0
2.315,2.8637,0.42957,4.5513,0.51352,0
2.22,2.2737,0.44502,-6.8267,1.2183,0
1.3652,1.6325,0.43086,-2.503,0.85873,0
0.98533,0.73476,0.42957,7.5096,2.0957,0
0.98533,0.016583,0.43858,0.91037,1.5779,0
0.51046,-0.4964,0.4167,-8.192,2.4553,0
-0.059385,-1.0607,0.35235,0.91037,2.3115,0
-0.34431,-1.4454,0.26997,7.5096,2.2108,0
0.22554,-1.7532,0.22235,-1.8203,2.8724,0
0.035589,-1.9584,0.22106,-7.0542,2.0957,0
0.41548,-2.0097,0.23393,3.6411,3.0594,0
0.7004,-1.7276,0.21077,6.3718,2.4409,0
0.41548,-1.1889,0.15027,-4.7786,2.743,0
-0.15436,-0.4964,0.033148,-5.4613,2.8293,0
-0.43928,0.19613,-0.16249,4.5513,2.1676,0
0.60543,0.70911,-0.35169,3.6411,2.9587,0
0.7004,0.78606,-0.41218,-6.5991,1.9662,0
0.7004,0.55522,-0.3414,-2.7306,2.7142,0
-0.24933,0.11918,-0.23199,7.9647,1.995,0
-0.62923,-0.5477,-0.10328,1.3655,1.808,0
-0.62923,-0.77854,-0.00031657,-8.4196,1.9662,0
-0.059385,-0.23991,-0.013187,-0.68254,0.97379,0
-0.34431,0.11918,-0.10843,7.9647,1.7505,0
-0.43928,0.22178,-0.14704,-0.9101,0.91626,0
1.4602,0.37567,-0.10071,-8.192,1.3478,0
2.8848,0.52957,-0.069819,3.186,1.0889,0
1.7451,0.32437,-0.11744,6.5994,0.48476,0
0.98533,-0.21426,-0.16635,-4.5511,1.0026,0
1.5552,-0.52205,-0.18437,-6.8267,0.067639,0
1.0803,-0.4451,-0.1818,5.0064,0.77243,0
0.7004,-0.41945,-0.1419,2.9584,-0.033045,0
-0.24933,-0.52205,-0.078829,-7.9645,0.24024,0
-0.81917,-0.41945,-0.0080391,-3.8684,0.41284,0
-2.5287,0.016583,0.070473,7.7372,-0.20565,0
-1.484,0.27308,0.13097,0.91037,0.52791,0
-0.62923,0.27308,0.14641,-7.2818,-0.52208,0
0.51046,0.093531,0.12067,-0.68254,0.010105,0
0.79538,-0.3938,0.037009,7.0545,-0.56523,0
0.98533,-1.1889,-0.059523,-2.0479,-0.7666,0
2.315,-1.4198,-0.11615,-7.9645,-0.26318,0
6.3988,-0.599,-0.13804,3.6411,-1.1406,0
7.3486,0.17048,-0.1419,6.3718,-0.1625,0
2.8848,-0.31686,-0.13804,-5.0062,-0.8529,0
-0.62923,-1.3941,-0.13546,-6.3715,-0.29195,0
-0.91415,-2.2149,-0.14447,6.8269,-0.076195,0
-0.91415,-2.4201,-0.15734,4.0962,-0.32071,0
-1.7689,-2.1123,-0.13804,-6.8267,0.62859,0
-1.8639,-1.7276,-0.086552,-2.503,0.010105,0
-1.0091,-1.2146,-0.080116,8.6474,0.95941,0
0.13056,-0.4451,-0.096848,0.68281,0.61421,0
-0.43928,0.042233,-0.10714,-8.4196,0.81558,0
-1.389,0.19613,-0.11873,0.68281,1.3765,0
-0.7242,0.067882,-0.08269,7.7372,0.74366,0
0.13056,-0.4964,-0.019623,-2.0479,1.808,0
-0.62923,-0.95809,0.030574,-7.2818,1.0026,0
-2.5287,-0.18861,0.062751,4.3238,1.5491,0
-2.6237,0.88866,0.069186,5.4616,1.4341,0
-2.0538,1.9403,0.094928,-5.9164,1.0026,0
-0.24933,2.9663,0.10265,-5.9164,1.7505,0
0.60543,3.3253,0.013841,6.5994,0.81558,0
0.89035,3.1714,-0.13804,3.4135,1.621,0
0.7004,3.3766,-0.23457,-7.9645,1.0601,0
0.51046,3.0945,-0.24872,-2.9581,0.85873,0
0.22554,1.7864,-0.24872,7.282,1.0313,0
1.2702,0.45262,-0.20239,0.68281,0.082022,0
0.035589,-0.90679,-0.10586,-7.7369,0.78681,0
-2.7186,-1.3685,-0.068532,0.2277,-0.26318,0
-4.2382,-0.599,-0.08269,7.0545,0.19709,0
-2.8136,-0.67595,-0.11229,-2.9581,-0.14811,0
0.60543,-2.2919,-0.17021,-7.9645,-0.57961,0
3.0747,-3.9078,-0.21397,4.5513,0.11079,0
3.5496,-3.9334,-0.23328,5.4616,-0.83852,0
2.22,-2.497,-0.28734,-6.8267,0.13956,0
-1.389,-1.0863,-0.35941,-5.0062,-0.56523,0
-3.2885,-0.36816,-0.36842,7.282,-0.32071,0
-3.2885,0.067882,-0.26674,3.8687,-0.047428,0
-0.53425,0.76041,-0.13031,-7.0542,-0.72345,0
1.2702,1.4016,0.012554,-1.8203,0.18271,0
-0.81917,1.9403,0.16443,7.282,-0.60838,0
-2.5287,2.3763,0.30472,0.45525,0.21147,0
-0.91415,2.7611,0.42957,-7.0542,0.096406,0
-0.43928,3.1458,0.54283,1.5931,0.067639,0
-0.62923,3.0432,0.66382,7.282,0.68613,0
-0.62923,2.2994,0.74105,-1.8203,-0.10496,0
-1.1041,2.2994,0.72174,-6.5991,0.74366,0
1.8401,2.0942,0.63808,4.7789,-0.047428,0
2.03,1.4529,0.51709,6.1442,0.22586,0
0.79538,1.2734,0.37809,-5.9164,0.28339,0
0.60543,1.1195,0.29958,-5.0062,-0.29195,0
1.7451,0.63217,0.32403,7.0545,0.48476,0
2.03,0.24743,0.3369,3.186,-0.39263,0
-0.059385,0.042233,0.27255,-7.7369,0.38407,0
-3.0985,-0.13731,0.19918,-2.7306,-0.061812,0
-2.6237,-0.31686,0.18374,7.9647,-0.004278,0
0.60543,-0.3938,0.25195,0.91037,0.36969,0
1.0803,0.016583,0.31759,-7.5093,-0.37825,0
0.035589,0.32437,0.34205,1.3655,0.52791,0
-0.15436,0.11918,0.39482,6.8269,-0.45016,0
1.0803,-0.18861,0.43472,-2.7306,0.16832,0
-0.24933,-0.18861,0.37165,-7.7369,0.11079,0
-1.389,-0.34251,0.18631,3.8687,-0.11935,0
-1.9589,-0.88114,-0.018336,6.3718,0.77243,0
-3.0036,-1.8815,-0.20496,-5.9164,0.038872,0
-2.4337,-2.6509,-0.32338,-5.6889,1.0026,0
-0.53425,-3.01,-0.31565,6.1442,0.54229,0
-1.389,-2.9074,-0.24486,2.9584,0.81558,0
-0.81917,-2.5996,-0.21912,-7.7369,1.2327,0
1.3652,-2.2149,-0.27447,-3.1857,0.82996,0
3.0747,-1.5737,-0.32209,7.282,1.9519,0
2.125,-1.2915,-0.3311,1.1379,1.3765,0
-1.484,-0.98374,-0.31179,-8.4196,2.3978,0
-2.9086,-0.72725,-0.26674,0.45525,2.4121,0
-1.389,-0.5477,-0.18308,7.7372,2.3546,0
0.035589,-0.16296,-0.068532,-2.0479,3.1169,0
0.41548,0.37567,0.020277,-7.2818,2.4553,0
-1.0091,1.0426,0.079483,4.7789,3.4765,0
-1.9589,1.6325,0.15027,4.5513,2.6998,0
-0.34431,2.0685,0.19146,-5.9164,3.1025,0
-1.6739,1.9659,0.16958,-3.8684,3.0162,0
-3.8583,1.5299,0.082057,7.9647,2.4409,0
-2.8136,1.0682,-0.0016037,2.2757,3.0738,0
-1.0091,0.88866,-0.038929,-8.192,1.9806,0
0.89035,0.40132,-0.053087,-1.1377,2.5991,0
0.41548,-0.060364,-0.024771,7.7372,1.8656,0
-4.0483,-0.18861,-0.026058,-0.68254,1.8943,0
-5.6628,-0.4964,-0.083977,-7.5093,2.0094,0
-2.6237,-0.88114,-0.13804,3.4135,1.2758,0
-0.15436,-0.6503,-0.1715,7.7372,2.182,0
0.89035,0.19613,-0.22556,-3.6408,1.3909,0
3.3597,1.1965,-0.2809,-7.0542,2.0669,0
3.1697,1.2477,-0.33367,5.6891,1.8368,0
2.5999,0.83736,-0.35813,4.7789,1.6786,0
3.8345,0.24743,-0.29635,-6.8267,2.3115,0
5.1642,-0.52205,-0.21011,-3.6408,1.4628,0
1.6501,-1.0863,-0.19081,7.7372,2.3978,0
0.035589,-0.77854,-0.26546,1.1379,1.6067,0
1.0803,-0.36816,-0.28734,-8.4196,1.995,0
0.035589,-0.18861,-0.24744,-0.68254,2.0238,0
-1.389,-0.23991,-0.21011,7.5096,1.3765,0
-2.1488,-0.16296,-0.14962,-2.0479,2.182,0
-2.1488,0.24743,-0.053087,-7.7369,1.319,0
-2.4337,1.0426,0.029286,3.4135,1.9375,0
-2.9086,1.7094,0.051167,5.234,1.6498,0
-2.4337,1.7351,0.078196,-5.2337,1.6642,0
-1.0091,1.376,0.17215,-5.6889,2.1676,0
1.3652,1.0939,0.23651,6.8269,1.3765,0
3.0747,0.88866,0.20948,2.5033,2.182,0
2.22,0.83736,0.13998,-8.192,1.2471,0
0.51046,0.78606,0.088493,-2.503,1.5347,0
-0.34431,0.81171,0.10008,7.282,1.3621,0
0.41548,0.78606,0.167,0.2277,0.74366,0
1.3652,0.50392,0.22621,-8.6471,1.3621,0
-0.62923,0.29873,0.23007,0.00013542,0.35531,0
-0.91415,-0.11166,0.17215,7.282,1.1032,0
-0.7242,-0.599,0.087205,-2.9581,0.59983,0
-1.389,-1.1889,0.017703,-7.7369,0.81558,0
-0.81917,-1.7532,-0.032494,3.8687,1.0745,0
0.32051,-1.5224,-0.094274,5.4616,0.48476,0
0.51046,-1.2915,-0.16764,-6.3715,1.4484,0
-0.059385,-1.3941,-0.18437,-4.7786,0.64298,0
-0.34431,-1.5737,-0.15219,6.5994,1.3334,0
0.51046,-1.6506,-0.15863,3.6411,1.0169,0
1.7451,-1.3172,-0.23199,-7.0542,0.81558,0
2.9798,-1.4967,-0.2616,-1.3652,1.3621,0
2.7898,-2.5483,-0.17793,7.7372,0.47037,0
2.22,-3.2409,-0.10328,0.45525,1.2183,0
2.03,-3.523,-0.1316,-7.5093,0.12517,0
1.4602,-3.3178,-0.20625,2.0482,0.45599,0
1.6501,-2.7535,-0.20625,7.5096,0.13956,0
-0.059385,-2.061,-0.13546,-3.1857,-0.29195,0
-2.4337,-1.7276,-0.096848,-7.5093,0.32654,0
-2.2438,-0.90679,-0.099422,4.5513,-0.49331,0
-1.1991,0.17048,-0.085264,5.234,0.55667,0
-1.484,1.0426,-0.02091,-5.6889,-0.061812,0
-2.0538,1.5042,0.061464,-5.0062,0.32654,0
-2.1488,2.2481,0.13483,6.8269,0.42722,0
-1.0091,3.0175,0.21334,2.5033,-0.20565,0
-0.81917,3.864,0.22621,-7.7369,0.52791,0
-1.389,4.6848,0.16057,-1.3652,-0.5077,0
-0.34431,4.7104,0.14384,7.7372,0.34092,0
-1.294,3.1971,0.21978,-0.68254,-0.13373,0
-0.91415,1.1708,0.28928,-7.5093,-0.23441,0
0.13056,-0.0090658,0.33947,2.2757,0.067639,0
1.5552,-0.4451,0.33433,6.8269,-0.75222,0
1.4602,-1.1376,0.32532,-3.8684,0.053256,0
0.79538,-1.8558,0.35749,-7.0542,-0.9392,0
0.7004,-2.0354,0.36779,6.3718,-0.60838,0
0.7004,-1.8302,0.31759,4.3238,-0.88167,0
0.035589,-1.8045,0.22879,-7.7369,-1.5145,0
1.5552,-1.3941,0.083344,-3.6408,-0.89605,0
2.9798,-0.4451,-0.074968,7.282,-1.9317,0
2.6949,0.47827,-0.10586,0.91037,-1.2556,0
2.5049,0.65782,-0.00031657,-8.8747,-1.831,0
2.5049,0.58087,0.042157,0.00013542,-1.8022,0
4.2144,0.91431,-0.027345,7.282,-1.5002,0
4.1195,0.99126,-0.08269,-1.5928,-2.1618,0
2.7898,1.0426,-0.083977,-7.0542,-1.2988,0
0.41548,1.0426,-0.08269,2.9584,-2.1618,0
-0.81917,1.299,-0.069819,6.5994,-1.6296,0
-2.6237,1.3503,0.0022576,-4.5511,-1.8741,0
-2.7186,1.0426,0.092354,-6.8267,-2.2769,0
-2.7186,0.55522,0.14641,5.234,-1.6728,0
0.79538,0.27308,0.12839,5.0064,-2.6077,0
3.6446,0.24743,0.04988,-6.5991,-1.644,0
2.7898,0.093531,-0.023484,-4.3235,-2.3344,0
1.8401,-0.23991,-0.014475,7.5096,-2.1762,0
2.9798,-0.34251,0.01899,2.7309,-2.0611,0
3.3597,-0.41945,-0.02091,-7.7369,-2.7659,0
1.8401,-0.3938,-0.08269,-1.1377,-1.831,0
1.7451,-0.0090658,-0.1213,7.9647,-2.6364,0
1.2702,0.35002,-0.13031,0.00013542,-1.8741,0
0.7004,-0.060364,-0.10586,-7.5093,-1.9892,0
-0.34431,-0.34251,-0.059523,2.2757,-2.0755,0
-1.484,-0.52205,-0.064671,7.0545,-1.2844,0
-1.7689,-0.7016,-0.077542,-3.8684,-2.0036,0
-0.34431,-0.3938,-0.040216,-7.5093,-0.95358,0
0.41548,0.067882,-0.017049,4.5513,-1.5721,0
-1.1041,-0.26556,-0.046652,5.234,-0.88167,0
-1.579,-0.62465,-0.083977,-7.5093,-0.75222,0
0.7004,-0.6503,-0.072394,-5.6889,-1.0687,0
1.8401,-0.7016,-0.018336,6.3718,-0.17688,0
2.315,-1.035,0.015128,2.7309,-1.0255,0
1.9351,-1.3685,0.012554,-7.7369,-0.1625,0
0.60543,-1.4198,0.046019,-1.5928,-0.72345,0
0.41548,-1.4198,0.12582,7.7372,-0.52208,0
-0.059385,-1.3685,0.1876,-0.45498,-0.22003,0
-0.62923,-0.95809,0.17087,-8.192,-0.89605,0
0.79538,-0.52205,0.15928,1.8206,0.010105,0
2.7898,-1.2659,0.2069,7.0545,-0.95358,0
3.6446,-2.5996,0.25968,-2.9581,-0.4214,0
3.5496,-3.2922,0.28284,-6.5991,-0.69468,0
-0.15436,-3.0357,0.28284,4.7789,-0.96797,0
-1.484,-2.3431,0.29443,5.0064,-0.3351,0
-0.91415,-1.9328,0.29185,-7.0542,-1.2125,0
0.32051,-1.8302,0.2275,-6.3715,-0.36386,0
1.6501,-1.3941,0.094928,5.9167,-1.083,0
0.035589,-0.4451,-0.083977,4.3238,-0.82413,0
-1.389,0.22178,-0.18823,-7.2818,-0.75222,0
-2.0538,0.37567,-0.1818,-3.4133,-1.2413,0
-2.3388,0.52957,-0.10586,8.6474,-0.34948,0
-2.9086,-0.034715,-0.050513,0.68281,-1.2556,0
-2.4337,-1.4711,-0.041503,-8.192,-0.46455,0
-1.294,-2.0097,-0.026058,2.0482,-0.7666,0
-1.6739,-1.0863,-0.0080391,7.7372,-0.8529,0
-2.0538,0.63217,-0.0016037,-2.2755,-0.090578,0
-1.389,1.5812,0.027999,-7.7369,-0.83852,0
1.6501,1.4529,0.10008,4.3238,0.18271,0
2.22,1.1708,0.14899,5.9167,-0.20565,0
1.2702,1.3247,0.093641,-5.4613,0.31216,0
-1.0091,1.4273,-0.026058,-4.7786,0.62859,0
-1.1041,1.2734,-0.12645,7.0545,0.29777,0
-0.91415,1.6581,-0.15091,3.186,1.2471,0
-1.6739,2.1455,-0.12002,-8.192,0.47037,0
-1.8639,2.0942,-0.10457,-2.503,1.3046,0
-1.0091,1.9146,-0.14962,7.9647,0.77243,0
0.22554,1.5812,-0.16635,0.00013542,0.80119,0
0.51046,0.73476,-0.083977,-7.9645,1.0601,0
-0.91415,0.042233,-0.023484,1.5931,0.32654,0
-0.7242,-0.26556,-0.078829,6.8269,1.1752,0
0.22554,-0.6503,-0.13675,-2.503,0.24024,0
0.89035,-0.6503,-0.077542,-7.9645,0.85873,0
2.5049,-0.21426,0.012554,3.6411,0.70051,0
1.5552,-0.0090658,0.035722,5.6891,0.51352,0
-1.1041,-0.060364,-0.014475,-6.8267,1.3334,0
-1.7689,-0.23991,-0.090413,-5.0062,0.81558,0
-0.53425,-0.29121,-0.10457,6.3718,2.1245,0
-1.389,-0.4964,-0.041503,3.186,1.6786,0
-2.7186,-0.47075,-0.023484,-7.7369,2.0238,0
-0.81917,-0.26556,-0.04279,-3.1857,2.0094,0
-0.7242,-0.18861,0.024138,7.282,1.3621,0
-1.7689,-0.18861,0.13225,0.45525,2.1245,0
-4.998,-0.3938,0.16057,-9.1023,1.3046,0
-3.6684,-0.3938,0.11681,-0.9101,1.9806,0
-0.15436,-0.060364,0.07176,6.8269,1.4628,0
0.89035,-0.13731,0.035722,-2.0479,1.3046,0
-0.43928,-0.5477,-0.0054649,-7.5093,1.4628,0
-2.2438,-1.0863,0.012554,3.4135,0.59983,0
-0.34431,-1.4711,0.08077,4.5513,1.3621,0
1.7451,-1.4967,0.12067,-6.144,0.57106,0
3.0747,-1.0094,0.056315,-5.4613,1.1608,0
2.7898,-0.80419,-0.067245,6.3718,1.0745,0
2.6949,-1.0607,-0.086552,3.186,0.74366,0
3.1697,-0.88114,0.025425,-7.2818,1.2758,0
1.6501,-0.3938,0.1477,-3.8684,0.16832,0
0.79538,-0.086014,0.19403,7.0545,0.91626,0
-1.1991,0.58087,0.13483,1.1379,0.096406,0
-2.0538,1.2221,0.026712,-7.9645,0.16832,0
-1.1041,0.99126,-0.065958,0.00013542,0.31216,0
-1.8639,0.11918,-0.12259,7.5096,-0.47893,0
-2.7186,-0.26556,-0.12516,-1.1377,0.22586,0
-1.484,-0.21426,-0.077542,-6.8267,-0.7666,0
-0.7242,0.47827,-0.023484,3.8687,-0.11935,0
-0.81917,1.2734,-0.026058,6.3718,-0.39263,0
-0.7242,1.1708,-0.067245,-4.7786,-0.60838,0
-1.484,1.3247,-0.096848,-5.2337,0.082022,0
-2.1488,1.7094,-0.11101,7.0545,-0.72345,0
-2.1488,1.5812,-0.12774,3.186,0.31216,0
-1.6739,1.2734,-0.096848,-7.5093,-0.37825,0
1.4602,1.2221,-0.031207,-3.1857,-0.090578,0
1.4602,0.93996,0.020277,7.5096,0.096406,0
1.1753,0.37567,0.031861,1.1379,-0.39263,0
0.79538,0.32437,-0.024771,-8.192,0.55667,0
0.98533,0.99126,-0.094274,1.3655,-0.13373,0
1.2702,1.1708,-0.12645,7.282,0.82996,0
4.4044,1.0682,-0.13289,-3.1857,0.47037,0
3.8345,1.3503,-0.12903,-7.9645,0.47037,0
0.79538,1.7351,-0.10972,3.8687,0.94503,0
-1.0091,1.4273,-0.090413,5.4616,0.18271,0
0.22554,0.76041,-0.11873,-6.3715,1.2039,0
1.4602,0.78606,-0.14447,-4.5511,0.38407,0
-0.34431,1.2477,-0.11873,7.0545,0.84434,0
-3.1935,1.6068,-0.053087,2.7309,0.62859,0
-4.0483,1.3503,0.053741,-9.1023,0.053256,0
-2.6237,0.68346,0.16958,-2.503,0.48476,0
-1.1041,0.042233,0.20819,7.5096,-0.52208,0
0.32051,-0.29121,0.11166,-0.22742,0.13956,0
-0.43928,-0.4451,-0.037642,-8.192,-0.57961,0
-1.484,-0.29121,-0.12516,1.3655,-0.69468,0
-1.9589,-0.0090658,-0.15734,7.9647,-0.55085,0
-2.0538,0.55522,-0.18566,-2.0479,-1.4139,0
-0.43928,0.93996,-0.21783,-7.2818,-0.69468,0
-1.389,0.58087,-0.20239,4.3238,-1.644,0
-1.389,0.58087,-0.11358,6.1442,-1.0399,0
0.98533,0.73476,0.0035447,-4.7786,-1.4139,0
2.8848,0.37567,0.053741,-6.144,-1.4426,0
1.3652,0.093531,0.034435,5.9167,-0.96797,0
-2.5287,0.42697,0.016416,4.3238,-1.8022,0
-0.059385,0.68346,0.024138,-6.3715,-0.80975,0
0.89035,0.83736,0.027999,-2.9581,-1.644,0
0.7004,0.81171,0.0099801,7.5096,-1.2844,0
-1.1041,0.50392,-0.050513,1.3655,-1.3563,0
-2.8136,0.11918,-0.12516,-7.5093,-2.0036,0
-1.0091,-0.21426,-0.18051,0.2277,-1.3707,0
3.1697,-0.3938,-0.22298,7.7372,-2.4063,0
4.5943,-0.7016,-0.22942,-2.7306,-1.8166,0
2.03,-1.3941,-0.13417,-7.7369,-2.4926,0
-0.24933,-1.7532,0.012554,4.0962,-2.7659,0
1.0803,-1.7532,0.046019,5.4616,-2.6508,0
2.8848,-1.4711,-0.062097,-6.144,-3.6433,0
2.315,-0.7016,-0.20882,-6.144,-2.8953,0
1.5552,-0.5477,-0.18952,6.3718,-3.8159,0
1.9351,-0.98374,-0.024771,3.186,-3.2549,0
2.22,-1.3172,0.07176,-7.9645,-3.3125,0
2.22,-0.93244,0.056315,-2.9581,-3.4851,0
1.9351,-0.6503,0.029286,7.5096,-2.6508,0
-1.579,-0.93244,0.064038,-0.45498,-3.1974,0
-2.0538,-1.0094,0.15413,-8.8747,-2.0611,0
-0.34431,-1.0094,0.24037,0.91037,-2.5214,0
-0.53425,-1.1633,0.22879,7.0545,-2.1186,0
-1.1041,-1.1889,0.15027,-2.7306,-1.7303,0
-0.24933,-0.77854,0.10909,-7.7369,-2.1618,0
-0.15436,-0.060364,0.096215,3.8687,-1.0687,0
0.60543,0.42697,0.079483,5.4616,-1.8597,0
2.5999,0.29873,0.079483,-6.3715,-0.99673,0
1.7451,0.52957,0.11552,-5.9164,-1.1406,0
0.79538,1.0939,0.1876,6.8269,-0.96797,0
0.035589,0.65782,0.24423,2.5033,-0.19126,0
1.6501,0.042233,0.25968,-7.9645,-0.65153,0
2.6949,-0.16296,0.25839,-0.9101,0.57106,0
1.4602,-0.36816,0.26482,7.5096,0.082022,0
-1.1041,-0.6503,0.19275,-1.5928,0.85873,0
-1.7689,-0.80419,0.025425,-7.5093,0.87311,0
-0.7242,-0.4964,-0.16249,2.9584,0.74366,0
0.89035,-0.29121,-0.28734,7.0545,1.5347,0
0.7004,-0.41945,-0.31694,-4.0959,0.90188,0
-0.81917,-1.0607,-0.27833,-6.3715,1.9519,0
0.035589,-1.3428,-0.22942,6.1442,1.4341,0
0.41548,-1.0863,-0.18566,5.4616,1.9519,0
0.22554,-0.29121,-0.10586,-6.144,2.2683,0
2.315,0.52957,-0.031207,-3.4133,1.9375,0
3.2647,1.0939,-0.006752,8.4198,2.8149,0
1.8401,1.3503,-0.018336,2.7309,2.0669,0
0.035589,1.5555,-0.026058,-7.9645,2.8293,0
-0.53425,1.8377,-0.063384,-1.3652,2.2683,0
0.13056,1.812,-0.090413,7.9647,1.9231,0
-0.43928,1.5555,-0.10843,0.2277,2.0525,0
-1.1991,1.0169,-0.090413,-7.0542,1.0313,0
-0.15436,0.42697,-0.00031657,2.2757,1.9375,0
-0.43928,-0.47075,0.074335,5.9167,0.87311,0
-1.294,-1.4967,0.052454,-4.7786,1.3765,0
0.035589,-2.2149,-0.022197,-7.2818,1.0889,0
0.79538,-2.4201,-0.018336,4.5513,0.64298,0
1.9351,-2.5996,0.051167,4.3238,1.4772,0
2.125,-3.0357,0.08978,-6.8267,0.90188,0
1.6501,-3.0613,0.047306,-4.7786,1.8656,0
2.03,-2.4714,-0.069819,6.8269,0.74366,0
3.2647,-1.3941,-0.19595,1.3655,0.41284,0
3.3597,-0.31686,-0.28734,-8.192,0.13956,0
1.8401,-0.034715,-0.25902,-0.68254,-0.49331,0
0.89035,-0.11166,-0.076255,6.5994,0.57106,0
0.79538,-0.21426,0.07176,-2.7306,-0.004278,0
-1.1991,-0.52205,0.025425,-7.9645,0.85873,0
-1.8639,-0.0090658,-0.10714,4.5513,0.42722,0
-2.0538,1.1708,-0.14447,5.4616,0.22586,0
-1.1991,2.1968,-0.15605,-6.5991,0.90188,0
0.22554,2.7611,-0.21783,-5.4613,0.51352,0
0.79538,2.8637,-0.25387,6.1442,1.8656,0
1.7451,2.6072,-0.2114,4.0962,1.506,0
0.41548,1.7864,-0.16506,-7.9645,2.1388,0
0.035589,0.35002,-0.15477,-2.7306,1.5923,0
-1.484,-0.67595,-0.090413,7.282,0.48476,0
-2.9086,-0.23991,0.030574,1.8206,0.44161,0
-1.484,0.99126,0.12839,-7.2818,-0.7666,0
-0.7242,1.1708,0.17988,0.68281,0.096406,0
-0.53425,0.067882,0.21334,7.282,-0.49331,0
0.41548,-0.52205,0.28284,-1.5928,-0.13373,0
0.51046,-0.4451,0.30601,-7.0542,-0.40701,0
-0.059385,-0.95809,0.19146,4.3238,-1.5002,0
-0.62923,-1.3428,0.0086931,6.5994,-1.0543,0
-0.81917,-0.67595,-0.12645,-5.4613,-1.9748,0
-0.62923,-0.18861,-0.1818,-5.9164,-0.89605,0
-1.579,0.016583,-0.15091,6.5994,-0.78098,0
-0.7242,0.60652,-0.036355,3.4135,-0.3351,0
1.2702,1.3503,0.065325,-7.7369,0.31216,0
2.03,1.9403,0.10008,-2.7306,-0.60838,0
2.22,2.0685,0.14384,8.4198,0.15394,0
2.03,1.7864,0.18889,0.68281,-0.89605,0
0.035589,1.3503,0.21205,-8.6471,-0.45016,0
-2.4337,1.0426,0.30472,0.45525,-0.39263,0
-3.0985,0.68346,0.45274,7.5096,-0.75222,0
-1.7689,0.65782,0.53511,-1.3652,0.038872,0
-0.7242,1.0939,0.53383,-8.4196,-0.99673,0
-0.34431,1.3503,0.50937,3.186,-0.34948,0
1.2702,1.299,0.47205,6.1442,-1.2125,0
1.7451,0.50392,0.3871,-5.2337,-1.2269,0
0.22554,-0.36816,0.26868,-6.144,-1.1262,0
0.41548,-0.36816,0.16572,6.3718,-1.7015,0
-1.484,-0.4451,0.12968,3.6411,-0.7666,0
-2.7186,-0.599,0.16443,-7.0542,-1.6296,0
-2.5287,-0.72725,0.18116,-3.8684,-0.9392,0
-1.294,-0.80419,0.11295,6.8269,-1.2556,0
-0.81917,-0.4964,0.046019,1.1379,-1.3276,0
-1.0091,-0.5477,0.053741,-7.9645,-0.66591,0
-2.3388,-0.82984,0.12968,-0.9101,-1.3995,0
-2.1488,-1.0094,0.17215,7.5096,-0.3351,0
0.7004,-1.2915,0.14384,-1.3652,-1.0111,0
1.9351,-1.8558,0.08077,-8.192,-0.49331,0
1.4602,-2.0097,0.035722,3.186,-0.36386,0
1.6501,-2.0354,0.042157,6.1442,-0.72345,0
2.22,-2.2919,0.022851,-5.9164,0.19709,0
1.0803,-2.0354,-0.06081,-5.4613,-0.49331,0
-1.0091,-0.7016,-0.13417,7.0545,0.45599,0
-0.62923,0.17048,-0.18308,3.186,0.18271,0
0.79538,-0.0090658,-0.22298,-8.4196,0.34092,0
0.035589,-0.41945,-0.26288,-0.68254,0.84434,0
-1.484,-0.47075,-0.2912,7.5096,0.24024,0
-1.8639,0.042233,-0.27833,-0.68254,1.2471,0
-0.24933,0.86301,-0.2217,-7.7369,0.41284,0
0.51046,1.4786,-0.17279,3.6411,1.0457,0
-0.34431,1.5042,-0.15219,6.5994,0.75804,0
-1.579,1.9146,-0.12259,-5.2337,0.31216,0
-1.9589,2.4533,-0.064671,-6.8267,0.78681,0
-0.059385,2.2481,0.027999,6.1442,-0.22003,0
1.0803,1.2734,0.14899,4.3238,0.54229,0
-1.6739,0.42697,0.24938,-6.5991,-0.37825,0
-3.1935,0.22178,0.32789,-2.0479,-0.090578,0
-1.389,0.067882,0.37037,7.5096,-0.11935,0
0.89035,0.016583,0.32532,0.91037,-0.60838,0
0.79538,0.35002,0.20304,-8.192,0.32654,0
0.035589,0.47827,0.044732,0.45525,-0.32071,0
-0.62923,0.27308,-0.10457,7.282,0.81558,0
-0.62923,0.35002,-0.28862,-3.6408,0.77243,0
0.32051,0.65782,-0.48684,-7.5093,1.1608,0
-0.7242,0.65782,-0.55505,5.0064,1.995,0
-3.2885,-0.060364,-0.41347,5.6891,1.5635,0
-2.5287,-0.90679,-0.25259,-5.6889,2.743,0
0.13056,-1.6506,-0.22041,-5.0062,2.1964,0
-0.91415,-2.5483,-0.25902,7.0545,2.8724,0
-0.43928,-2.8305,-0.27704,2.5033,2.8868,0
2.9798,-1.9841,-0.27061,-7.5093,2.4841,0
1.0803,-0.85549,-0.27704,-1.1377,3.1745,0
-4.8081,0.19613,-0.25773,7.7372,2.2827,0
-6.4226,0.55522,-0.21526,-0.68254,3.0162,0
-4.6181,-0.16296,-0.17922,-8.192,2.3978,0
-2.0538,-1.2146,-0.1213,2.0482,2.3834,0
-1.7689,-1.5737,-0.035068,7.7372,2.671,0
-1.6739,-1.4711,0.012554,-3.4133,2.0669,0
0.89035,-1.4454,0.013841,-7.2818,2.9156,0
1.9351,-1.3172,0.0048318,6.1442,1.995,0
1.4602,-1.1889,0.013841,4.7789,2.4984,0
2.03,-0.85549,0.04988,-7.2818,2.2827,0
2.8848,0.35002,0.10909,-3.4133,1.8656,0
2.8848,1.5299,0.167,7.5096,2.3834,0
3.5496,1.8377,0.19017,2.0482,1.4772,0
4.4993,1.1452,0.19017,-8.192,2.2683,0
2.8848,0.14483,0.18245,0.00013542,1.6354,0
-0.24933,-0.4964,0.1876,7.282,1.7936,0
-1.6739,-0.62465,0.20047,-2.0479,1.7936,0
-2.1488,-0.21426,0.20562,-7.2818,1.0745,0
-2.0538,0.27308,0.17988,4.0962,1.8656,0
-2.2438,0.24743,0.13225,6.5994,0.94503,0
-2.3388,0.19613,0.11552,-5.2337,1.7793,0
-1.7689,0.37567,0.14126,-5.0062,1.3046,0
-0.15436,0.47827,0.16314,7.282,1.3046,0
1.6501,-0.086014,0.12968,2.7309,1.6354,0
2.315,-1.0863,0.031861,-6.8267,0.78681,0
3.3597,-1.3941,-0.059523,-1.3652,1.3765,0
3.6446,-0.93244,-0.081403,7.282,0.25462,0
3.7396,-0.62465,-0.096848,0.45525,0.48476,0
3.4546,-0.75289,-0.17021,-8.192,0.15394,0
1.6501,-0.086014,-0.241,0.91037,-0.23441,0
-0.059385,1.2477,-0.25645,7.0545,0.55667,0
-2.4337,1.8377,-0.2114,-2.9581,-0.39263,0
-2.2438,1.7864,-0.11229,-6.8267,0.55667,0
-0.34431,1.5555,-0.076255,4.3238,0.15394,0
-0.62923,1.7351,-0.13289,5.6891,0.77243,0
-0.62923,1.9659,-0.19467,-6.5991,1.2327,0
-1.0091,1.6581,-0.17407,-5.6889,0.44161,0
-1.484,1.1708,-0.053087,6.8269,0.70051,0
-1.7689,0.76041,0.10651,2.7309,-1.2125,0
0.22554,0.11918,0.24037,-7.5093,-1.6008,0
2.4099,0.17048,0.32403,-1.8203,-2.7227,0
2.22,0.42697,0.39482,7.9647,-3.4994,0
0.51046,0.32437,0.42571,-0.45498,-3.1399,0
0.89035,-0.11166,0.35749,-7.5093,-3.9885,0
3.3597,0.22178,0.26868,2.5033,-2.7947,0
2.8848,0.96561,0.24938,5.9167,-3.2118,0
0.41548,0.91431,0.27641,-5.0062,-2.3919,0
-2.6237,-0.034715,0.2867,-6.144,-1.9317,0
-3.5734,-0.36816,0.26225,5.9167,-1.9173,0
-3.9533,0.14483,0.19661,4.7789,-0.73783,0
-4.3332,0.32437,0.13097,-7.0542,-1.2125,0
-2.9086,0.27308,0.1374,-3.1857,-0.11935,0
-1.294,-0.060364,0.17859,8.4198,-0.34948,0
0.035589,-0.6503,0.11552,2.2757,-0.1625,0
-1.1991,-1.0607,-0.049226,-7.2818,0.35531,0
-1.6739,-1.0607,-0.22041,0.00013542,-0.30633,0
-1.0091,-0.13731,-0.3208,8.6474,0.48476,0
0.60543,0.58087,-0.32724,0.00013542,-0.32071,0
2.9798,0.32437,-0.31694,-7.5093,0.15394,0
5.4491,0.22178,-0.31179,2.2757,-0.14811,0
3.9295,0.22178,-0.28219,7.5096,-0.62276,0
0.22554,-0.4964,-0.21526,-2.9581,-0.23441,0
-0.7242,-1.7276,-0.12903,-6.144,-1.3276,0
-0.62923,-2.7279,-0.077542,5.0064,-0.78098,0
-0.43928,-2.9331,-0.069819,5.234,-1.8022,0
0.32051,-2.7279,-0.099422,-5.4613,-1.6296,0
0.41548,-2.1123,-0.15992,-4.0959,-1.6728,0
-1.294,-0.77854,-0.21397,7.0545,-2.1618,0
-3.1935,-0.26556,-0.26288,2.2757,-1.3276,0
-3.2885,-0.75289,-0.27704,-7.5093,-2.0611,0
-1.8639,-1.548,-0.2217,-0.9101,-1.1262,0
-1.1041,-1.9584,-0.15863,7.7372,-1.6296,0
-2.5287,-1.625,-0.15992,-0.45498,-1.6728,0
-1.579,-1.4454,-0.19982,-7.7369,-1.2844,0
-1.0091,-1.3941,-0.19338,2.5033,-1.8741,0
-0.53425,-0.95809,-0.080116,6.8269,-0.8529,0
1.4602,-0.5477,0.051167,-4.5511,-1.5145,0
2.03,-0.086014,0.11295,-7.0542,-0.92482,0
0.89035,0.14483,0.10265,5.234,-1.0399,0
-0.91415,0.22178,0.075622,5.234,-1.3419,0
-0.91415,0.76041,0.097502,-6.5991,-0.78098,0
-0.7242,1.889,0.11938,-5.4613,-1.644,0
0.51046,2.4789,0.1181,7.5096,-0.65153,0
1.6501,2.6841,0.084631,2.7309,-1.1981,0
0.7004,2.5302,0.039583,-7.9645,-0.70906,0
-3.3835,2.1711,0.0099801,-1.8203,-0.39263,0
-5.3779,1.9403,0.0061189,8.4198,-0.88167,0
-2.6237,1.7351,0.017703,-0.22742,0.16832,0
-1.6739,0.93996,0.01899,-7.2818,-0.72345,0
-0.059385,-0.16296,-0.054374,2.7309,-0.11935,0
1.2702,-0.5477,-0.22556,6.8269,-0.78098,0
0.51046,-0.16296,-0.32852,-3.8684,-1.2125,0
1.5552,0.14483,-0.29249,-6.3715,-0.89605,0
1.9351,0.067882,-0.23199,4.7789,-1.7878,0
1.2702,0.016583,-0.15605,4.3238,-0.89605,0
-0.059385,0.27308,-0.059523,-6.5991,-1.7303,0
-1.294,0.24743,-0.0016037,-3.8684,-1.2125,0
-0.059385,-0.21426,0.01899,8.1923,-1.0399,0
1.4602,-0.26556,-0.0054649,3.4135,-1.1693,0
0.32051,-0.060364,-0.026058,-7.5093,0.082022,0
0.41548,-0.0090658,0.0086931,-1.1377,-0.36386,0
0.60543,0.22178,0.062751,7.5096,0.52791,0
-1.294,0.32437,0.07176,-0.68254,-0.033045,0
-2.7186,0.42697,0.047306,-7.5093,-0.55085,0
-2.2438,0.27308,0.033148,3.4135,-0.39263,0
0.60543,0.35002,0.065325,7.282,-0.89605,0
0.7004,0.58087,0.13354,-4.0959,1.6786,0
-1.1991,0.63217,0.21849,-7.2818,3.4765,0
-2.7186,0.47827,0.2468,5.4616,5.3751,0
-1.1991,0.17048,0.22492,5.234,3.7498,0
2.22,-0.13731,0.16572,-6.8267,-0.3351,0
2.125,-0.0090658,0.14255,-3.6408,-3.0248,0
-1.6739,0.22178,0.20176,7.5096,-5.3693,0
-2.7186,0.45262,0.31245,2.5033,-4.3481,0
0.51046,0.24743,0.34462,-8.6471,-4.0172,0
2.5999,0.52957,0.26868,-1.5928,-3.7583,0
0.60543,0.70911,0.17988,6.8269,-4.233,0
0.51046,0.55522,0.15285,-1.5928,-6.822,0
0.51046,0.11918,0.15285,-8.4196,-8.2172,0
-1.0091,-0.13731,0.096215,1.5931,-10.432,0
-1.0091,0.11918,-0.050513,6.3718,-9.411,0
-0.62923,0.24743,-0.19853,-4.5511,-7.685,0
0.32051,-0.36816,-0.22813,-6.3715,-5.2686,0
1.3652,-0.13731,-0.11615,5.234,-2.5501,0
0.13056,1.0939,-0.046652,4.0962,-2.694,0
-1.6739,1.4529,-0.14061,-6.8267,-2.32,0
-3.1935,0.76041,-0.26803,-3.8684,-4.1467,0
-3.2885,-0.26556,-0.25516,7.282,-4.4919,0
-1.7689,-1.4198,-0.16506,1.5931,-4.0748,0
-0.34431,-1.9584,-0.12002,-7.7369,-3.7583,0
-2.0538,-1.1633,-0.16378,0.45525,-1.7159,0
-0.81917,0.58087,-0.29635,7.5096,-1.5289,0
3.8345,1.7094,-0.35684,-2.0479,-0.004278,0
2.5049,1.5812,-0.26546,-7.2818,-0.004278,0
-3.3835,0.91431,-0.11358,3.6411,-0.1625,0
-3.9533,0.35002,-0.00031657,6.1442,-0.52208,0
-2.8136,0.067882,0.035722,-5.2337,-2.4207,0
-1.1991,-0.13731,-0.006752,-5.4613,-1.6008,0
-0.24933,0.042233,-0.046652,6.8269,-1.0399,0
1.1753,0.50392,-0.045365,3.8687,1.5347,0
0.98533,0.73476,-0.0080391,-6.5991,2.4121,0
0.13056,0.93996,0.11295,-2.503,0.87311,0
-0.43928,1.0169,0.26611,7.282,-0.83852,0
-0.53425,1.0682,0.35749,-0.45498,-4.0892,0
0.13056,0.78606,0.43858,-7.9645,-4.0172,0
-1.1041,-0.3938,0.51838,2.5033,-3.6864,0
-0.91415,-1.4198,0.54155,6.8269,-1.5577,0
0.22554,-1.8302,0.52095,-4.0959,0.67174,0
0.22554,-1.4454,0.47977,-6.5991,1.1464,0
-1.1041,-0.85549,0.40512,4.5513,2.3978,0
-0.7242,-0.57335,0.26868,4.7789,1.6067,0
0.32051,-0.599,0.12711,-6.3715,3.2895,0
-0.43928,-0.67595,0.083344,-4.5511,6.7415,0
-2.4337,-0.90679,0.14255,7.9647,15.141,0
-2.6237,-0.90679,0.23136,2.0482,31.078,0
-2.3388,-0.75289,0.27512,-8.192,45.577,0
-1.9589,-0.95809,0.27512,-0.45498,49.82,0
-2.0538,-1.0607,0.26611,7.9647,36.99,0
-1.1991,-1.6506,0.21849,-1.1377,17.558,0
-0.53425,-1.548,0.13097,-8.8747,-0.32071,0
0.41548,-0.82984,0.064038,2.0482,-11.108,0
2.03,-0.75289,0.046019,6.3718,-14.431,0
5.1642,-0.85549,0.061464,-5.0062,-18.343,0
6.3038,-0.5477,0.061464,-7.2818,-23.622,0
3.5496,0.17048,-0.0093262,5.234,-33.949,0
0.98533,0.93996,-0.13289,5.0064,-44.046,0
-2.1488,1.5555,-0.26674,-6.144,-49.713,0
-3.1935,2.0429,-0.36714,-4.7786,-48.85,0
-1.484,2.6841,-0.39674,6.8269,-38.796,0
0.7004,2.6072,-0.41733,2.2757,-25.693,0
0.13056,1.6068,-0.45208,-8.192,-10.332,0
-0.43928,0.47827,-0.41991,-2.503,1.1032,0
0.22554,-0.62465,-0.33753,7.7372,8.3525,0
1.6501,-1.2402,-0.27961,-0.45498,12.898,0
1.8401,-0.93244,-0.2513,-7.9645,14.437,0
1.1753,-0.36816,-0.21912,1.8206,17.917,0
-0.43928,-0.26556,-0.13417,6.8269,20.046,0
-2.5287,-0.3938,-0.037642,-3.6408,22.88,0
-2.0538,-0.18861,-0.028633,-6.5991,23.009,0
0.13056,-0.0090658,-0.077542,5.9167,19.399,0
0.13056,0.45262,-0.16764,5.4616,13.459,0
-3.0036,0.91431,-0.23585,-6.5991,3.7066,0
-3.9533,0.86301,-0.17793,-2.9581,-4.5207,0
-3.3835,0.58087,-0.035068,7.7372,-12.69,0
-2.5287,0.14483,0.078196,2.2757,-17.48,0
0.035589,-0.36816,0.074335,-8.192,-19.609,0
2.4099,-0.95809,-0.0028907,-1.3652,-20.803,0
3.4546,-1.4454,-0.074968,7.5096,-19.551,0
4.0245,-1.3428,-0.12002,-0.68254,-19.264,0
4.7843,-0.98374,-0.12903,-7.9645,-16.574,0
4.2144,-1.1633,-0.11101,1.8206,-13.51,0
2.8848,-1.3685,-0.10328,6.8269,-8.6487,0
0.41548,-1.4198,-0.15219,-4.0959,-1.7015,0
-1.294,-1.5737,-0.19081,-6.5991,4.7566,0
-1.1041,-1.9071,-0.14962,5.4616,12.912,0
-0.43928,-2.061,-0.092987,4.0962,18.363,0
0.13056,-1.7532,-0.076255,-7.5093,23.239,0
-0.34431,-0.93244,-0.077542,-3.4133,25.109,0
-0.24933,0.50392,-0.033781,7.282,24.735,0
1.2702,1.4273,0.066612,0.45525,23.527,0
1.7451,1.5299,0.12582,-8.6471,19.6,0
0.22554,1.6068,0.11423,0.00013542,16.724,0
-0.24933,2.1711,0.042157,7.0545,11.632,0
1.0803,2.7098,-0.045365,-2.0479,7.4463,0
-0.059385,2.6328,-0.089126,-7.2818,3.1025,0
-2.2438,2.7611,-0.098135,4.0962,-1.7591,0
-2.2438,3.351,-0.11358,5.6891,-4.794,0
0.79538,3.4023,-0.14962,-6.3715,-9.1377,0
2.22,3.6075,-0.17922,-5.0062,-11.036,0
2.9798,3.1458,-0.18952,7.282,-12.935,0
0.79538,1.7094,-0.17665,2.7309,-13.467,0
-1.389,0.55522,-0.15992,-7.7369,-12.072,0
-1.0091,0.067882,-0.15734,-1.5928,-11.008,0
0.035589,-0.11166,-0.13289,7.7372,-7.6131,0
0.32051,-0.21426,-0.13804,0.00013542,-5.4124,0
-1.294,0.067882,-0.19853,-7.2818,-2.0036,0
-2.9086,0.17048,-0.23457,2.2757,1.132,0
-2.6237,0.22178,-0.19081,6.8269,3.4909,0
-1.8639,0.24743,-0.12388,-3.8684,7.058,0
-0.15436,0.22178,-0.10457,-6.3715,8.2949,0
-0.24933,0.37567,-0.12903,4.3238,10.496,0
0.32051,0.40132,-0.18566,5.234,10.337,0
-0.34431,-0.034715,-0.25001,-7.0542,9.6901,0
-1.484,-0.41945,-0.26803,-4.0959,8.5682,0
-1.1991,-0.29121,-0.22684,7.282,5.7922,0
-2.9086,-0.18861,-0.15219,2.2757,4.4258,0
-4.3332,-1.1633,-0.046652,-7.7369,1.1895,0
-2.8136,-2.0097,0.044732,-1.1377,-0.73783,0
-1.389,-1.6506,0.091067,7.5096,-3.1111,0
0.13056,-1.1376,0.10522,-1.3652,-5.585,0
-0.43928,-1.1633,0.048593,-8.4196,-6.5343,0
0.41548,-0.93244,-0.0518,2.7309,-8.433,0
1.5552,-0.23991,-0.10457,6.8269,-7.8576,0
1.3652,0.016583,-0.0518,-4.3235,-8.1309,0
1.6501,-0.26556,0.062751,-7.0542,-6.7932,0
0.22554,-0.4964,0.1374,4.7789,-5.0529,0
-0.53425,-0.47075,0.18631,3.6411,-3.9022,0
-0.62923,-0.23991,0.19275,-6.8267,-1.155,0
-0.7242,-0.18861,0.19661,-4.3235,-0.26318,0
-0.81917,-0.086014,0.26868,7.282,2.1245,0
-1.579,-0.11166,0.35492,1.8206,3.3902,0
-0.62923,-0.4964,0.3768,-8.6471,4.7422,0
2.125,-0.52205,0.34205,-0.22742,6.4395,0
2.315,-0.599,0.25453,7.0545,6.5689,0
-0.62923,-0.75289,0.14641,-1.8203,7.6477,0
-1.7689,-0.93244,0.070473,-8.8747,6.1806,0
-1.1041,-1.0863,0.039583,2.9584,5.3607,0
0.13056,-1.1633,0.017703,6.8269,3.3183,0
1.7451,-0.6503,0.013841,-3.8684,1.2615,0
2.03,-0.21426,0.030574,-6.8267,0.45599,0
0.13056,-0.13731,0.0099801,6.1442,-1.457,0
-1.6739,-0.29121,-0.04279,5.234,-1.1837,0
-2.9086,-0.67595,-0.050513,-6.3715,-2.2625,0
-2.3388,-1.035,-0.024771,-4.3235,-2.3056,0
-1.1041,-1.112,-0.0041778,7.9647,-1.9892,0
-0.81917,-0.7016,-0.02992,1.1379,-2.3919,0
-0.7242,-0.4451,-0.074968,-7.2818,-1.0687,0
-2.5287,-0.060364,-0.11615,-0.45498,-1.5145,0
-2.2438,0.11918,-0.1316,8.1923,-0.46455,0
-1.1991,0.47827,-0.099422,-0.22742,-0.34948,0
-0.53425,1.0426,-0.059523,-7.5093,-0.1625,0
1.3652,1.5299,-0.022197,3.6411,1.0457,0
1.1753,1.6325,0.0061189,7.282,0.84434,0
0.98533,1.5042,0.013841,-4.5511,2.3258,0
1.9351,1.4529,-0.038929,-5.0062,1.7936,0
2.7898,1.7864,-0.089126,6.3718,2.2395,0
1.5552,2.1455,-0.095561,4.0962,2.1964,0
0.98533,1.8633,-0.11615,-6.8267,1.4772,0
1.1753,1.0939,-0.16378,-2.9581,1.8368,0
1.9351,0.70911,-0.17407,7.282,0.19709,0
1.7451,0.73476,-0.15605,0.68281,0.024489,0
0.51046,0.96561,-0.15219,-8.192,-1.5002,0
0.7004,1.1965,-0.20496,0.45525,-2.0467,0
1.6501,1.0939,-0.24872,7.282,-2.0899,0
1.2702,0.73476,-0.22427,-1.3652,-2.881,0
0.7004,0.52957,-0.14061,-7.2818,-1.831,0
-0.34431,0.29873,-0.041503,3.6411,-2.2193,0
-0.62923,0.067882,0.012554,5.9167,-0.95358,0
-1.294,-0.26556,-0.006752,-6.8267,-0.26318,0
-1.0091,-0.5477,-0.032494,-5.4613,0.16832,0
-0.43928,-0.47075,0.025425,6.5994,1.3621,0
0.41548,-0.41945,0.12196,3.6411,0.72928,0
0.79538,-0.52205,0.13097,-7.9645,1.6786,0
1.7451,-0.57335,0.048593,-2.7306,1.0745,0
3.1697,-0.599,0.017703,8.4198,1.3478,0
2.5999,-0.31686,0.046019,0.45525,1.808,0
1.4602,0.067882,0.066612,-7.9645,1.3909,0
0.7004,0.32437,0.070473,2.0482,2.3258,0
-0.34431,0.58087,0.038296,7.5096,1.3765,0
-1.389,0.35002,0.0035447,-3.6408,1.8368,0
-0.81917,0.093531,0.064038,-6.5991,1.2902,0
0.32051,0.24743,0.16314,4.5513,0.72928,0
1.4602,0.63217,0.17473,5.9167,0.95941,0
0.035589,0.99126,0.11166,-6.3715,-0.22003,0
-0.91415,1.0426,0.13869,-5.6889,0.41284,0
-0.53425,0.86301,0.26354,7.282,-0.55085,0
-1.389,0.52957,0.43472,3.186,-0.10496,0
-0.91415,-0.0090658,0.63164,-7.2818,-0.090578,0
0.13056,-0.599,0.78352,-1.8203,-0.34948,0
-0.34431,-0.85549,0.79639,8.875,0.65736,0
-1.294,-0.90679,0.72818,0.45525,0.18271,0
0.13056,-0.52205,0.65739,-7.5093,1.4772,0
1.6501,-0.034715,0.60719,1.1379,1.3334,0
1.1753,0.45262,0.59303,6.8269,1.7505,0
1.1753,0.47827,0.62263,-2.7306,2.1388,0
-2.8136,0.14483,0.62135,-7.2818,1.2902,0
-3.1935,-0.11166,0.566,4.5513,1.9375,0
0.32051,-0.34251,0.49521,6.1442,0.74366,0
0.32051,-0.36816,0.39997,-6.3715,1.4341,0
-3.3835,-0.16296,0.31245,-4.7786,1.0889,0
-4.7131,-0.034715,0.2571,6.5994,1.132,0
-2.9086,-0.13731,0.17859,3.186,1.9231,0
-0.81917,-0.18861,0.12324,-7.5093,1.4916,0
-1.579,-0.13731,0.098789,-2.0479,2.5991,0
-1.484,-0.34251,0.10136,6.8269,1.9806,0
-1.294,-0.36816,0.11166,-0.68254,2.4265,0
-1.7689,-0.26556,0.084631,-8.6471,2.3546,0
-1.0091,0.067882,0.033148,0.68281,1.8656,0
0.32051,0.50392,-0.0054649,6.1442,2.4553,0
1.8401,0.32437,0.017703,-4.0959,1.1752,0
2.315,-0.34251,0.061464,-7.7369,1.5923,0
3.2647,-0.88114,0.085918,5.0064,0.64298,0
3.3597,-0.82984,0.064038,6.1442,0.39846,0
0.7004,-0.29121,0.021564,-6.8267,0.44161,0
-1.1991,0.27308,0.015128,-4.7786,-0.57961,0
-0.059385,0.37567,0.055028,5.9167,-0.061812,0
0.89035,0.58087,0.067899,1.8206,-1.2269,0
1.5552,0.32437,0.022851,-7.9645,-0.73783,0
0.13056,-0.0090658,-0.031207,-1.3652,-1.2125,0
-0.43928,-0.060364,-0.027345,7.5096,-1.5145,0
-0.62923,-0.060364,-0.00031657,-1.3652,-1.2413,0
0.22554,-0.16296,-0.013187,-7.9645,-2.3632,0
-0.059385,-0.21426,-0.080116,3.4135,-1.5002,0
1.2702,0.11918,-0.15605,6.8269,-2.0323,0
2.315,0.29873,-0.20754,-5.0062,-1.2125,0
2.9798,0.11918,-0.2513,-6.8267,-0.70906,0
0.79538,-0.26556,-0.22942,5.234,-0.72345,0
-1.1991,-0.80419,-0.068532,3.6411,0.55667,0
-1.7689,-1.1376,0.17601,-6.8267,0.15394,0
-1.0091,-1.1889,0.32146,-2.2755,1.4484,0
0.60543,-1.3685,0.3073,7.5096,1.2615,0
3.4546,-1.2659,0.19661,1.5931,1.5347,0
3.9295,-0.95809,0.087205,-7.9645,1.8799,0
1.9351,-0.67595,0.029286,0.45525,1.0889,0
0.7004,-0.4451,0.0061189,7.7372,1.6642,0
0.7004,-0.13731,-0.006752,-2.503,0.35531,0
0.89035,0.11918,0.0022576,-7.7369,0.59983,0
0.60543,0.32437,0.056315,4.0962,0.11079,0
0.035589,0.50392,0.11552,5.234,-0.22003,0
0.60543,0.55522,0.12839,-6.3715,0.48476,0
1.6501,0.50392,0.15542,-4.5511,-0.27756,0
1.1753,0.27308,0.15542,7.282,0.80119,0
0.89035,0.042233,0.098789,2.7309,0.15394,0
0.7004,-0.034715,0.047306,-8.8747,0.55667,0
0.13056,0.22178,0.034435,-1.8203,0.87311,0
0.60543,0.47827,0.046019,7.7372,0.38407,0
2.5999,0.27308,0.062751,-1.5928,1.3478,0
2.22,0.19613,0.070473,-8.6471,0.25462,0
-0.91415,0.35002,0.064038,2.7309,0.70051,0
-3.9533,0.65782,0.043444,6.3718,-0.076195,0
-3.6684,0.78606,-0.028633,-6.3715,-0.72345,0
-1.579,0.58087,-0.13031,-6.3715,-0.55085,0
-0.059385,0.40132,-0.19209,6.3718,-1.644,0
-0.53425,0.42697,-0.22813,2.7309,-0.83852,0
-1.389,0.27308,-0.27189,-7.9645,-1.7878,0
-0.81917,0.29873,-0.28605,-3.8684,-1.5002,0
-0.53425,0.47827,-0.24744,7.9647,-1.6152,0
0.32051,0.27308,-0.22813,1.5931,-2.2481,0
2.5999,0.32437,-0.2616,-8.192,-1.6152,0
2.03,0.68346,-0.28862,-0.22742,-2.6364,0
-0.62923,0.96561,-0.29377,8.4198,-1.6152,0
-2.0538,0.86301,-0.2912,-1.5928,-2.0611,0
-3.0985,0.83736,-0.29892,-7.5093,-1.8166,0
-2.2438,1.1195,-0.31951,3.6411,-1.3995,0
-0.24933,1.4786,-0.38387,5.9167,-1.9892,0
0.51046,1.3247,-0.4302,-4.5511,-1.083,0
0.98533,0.65782,-0.39545,-6.3715,-1.8741,0
1.6501,0.58087,-0.29635,6.5994,-1.2413,0
1.3652,0.93996,-0.19209,4.0962,-1.2988,0
1.2702,0.68346,-0.18308,-7.7369,-1.4282,0
3.6446,0.65782,-0.22813,-2.503,-0.63715,0
2.7898,0.91431,-0.23071,7.9647,-1.3419,0
1.6501,0.83736,-0.21397,2.2757,-0.27756,0
1.2702,0.40132,-0.23714,-7.7369,-0.70906,0
2.6949,-0.086014,-0.27447,0.45525,-0.047428,0
3.6446,-0.21426,-0.27833,7.282,0.34092,0
3.5496,-0.0090658,-0.27189,-2.0479,0.22586,0
1.5552,0.042233,-0.26288,-6.5991,1.4197,0
-0.34431,-0.4451,-0.21783,3.8687,0.90188,0
-3.3835,-0.75289,-0.14447,6.3718,2.1101,0
-2.6237,-0.4964,-0.102,-5.9164,1.7793,0
-0.15436,-0.34251,-0.13417,-6.3715,2.1532,0
1.5552,-0.4451,-0.19081,5.9167,2.4984,0
1.2702,-0.72725,-0.2114,3.186,2.0094,0
2.5999,-0.52205,-0.17536,-7.0542,2.9443,0
1.4602,-0.80419,-0.10972,-2.0479,2.0238,0
0.32051,-1.7532,-0.036355,7.7372,2.6279,0
1.2702,-2.1636,0.034435,0.68281,2.1101,0
1.8401,-2.0867,0.062751,-8.4196,1.6067,0
0.41548,-1.5737,0.051167,0.45525,1.9231,0
0.7004,-1.0607,0.056315,7.0545,0.78681,0
1.4602,-0.7016,0.13483,-3.1857,1.4484,0
0.32051,-0.80419,0.25839,-7.7369,0.65736,0
0.51046,-0.6503,0.38066,3.8687,0.81558,0
0.41548,-0.90679,0.47333,5.0064,0.90188,0
-1.0091,-1.035,0.52095,-5.6889,0.19709,0
-1.0091,-0.57335,0.57244,-4.7786,1.0026,0
-0.81917,-0.29121,0.64323,6.5994,0.096406,0
-1.8639,-0.21426,0.7063,2.2757,0.93064,0
-1.9589,-0.21426,0.75006,-7.9645,0.72928,0
-0.43928,-0.52205,0.74877,-1.3652,0.82996,0
-1.484,-0.98374,0.69986,6.8269,1.4484,0
-1.6739,-1.1889,0.6265,-0.45498,0.82996,0
-0.15436,-1.112,0.63164,-7.9645,1.8799,0
0.41548,-1.1633,0.69986,1.5931,1.2471,0
-0.15436,-1.4454,0.75392,7.282,1.8512,0
-1.0091,-2.1636,0.77451,-3.1857,1.9087,0
-3.7634,-2.574,0.7951,-7.2818,1.4916,0
-3.5734,-2.3688,0.84659,5.234,2.2395,0
-1.6739,-2.2406,0.87877,5.234,1.3621,0
-0.91415,-2.1123,0.84015,-6.5991,2.0669,0
0.22554,-1.9071,0.74362,-4.0959,1.4053,0
-0.34431,-2.1123,0.66125,7.282,1.2615,0
-0.43928,-2.497,0.62778,2.0482,1.3478,0
-0.62923,-2.3944,0.61877,-7.9645,0.55667,0
-0.43928,-1.9584,0.59947,0.68281,1.2902,0
1.3652,-1.8558,0.59947,8.1923,0.52791,0
3.1697,-1.7019,0.6059,-2.0479,1.3334,0
2.315,-1.5737,0.56858,-7.9645,1.3909,0
0.13056,-1.7789,0.48363,2.5033,1.3765,0
-1.484,-1.8815,0.38195,6.5994,2.4409,0
-2.2438,-2.1636,0.31373,-6.144,1.9231,0
-2.3388,-2.2149,0.24294,-6.144,3.1313,0
-2.9086,-2.2149,0.10136,6.5994,2.7142,0
-2.4337,-1.8302,-0.12645,3.186,3.1457,0
-0.15436,-1.0607,-0.39674,-7.7369,3.4477,0
0.51046,-0.52205,-0.62842,-2.503,2.7573,0
-0.24933,-0.41945,-0.84079,7.282,3.4477,0
-1.484,-0.5477,-1.0583,-0.9101,2.3115,0
-2.3388,-0.21426,-1.2745,-8.8747,2.5272,0
-2.7186,0.45262,-1.5088,1.8206,1.9231,0
-0.34431,0.40132,-1.8177,7.0545,1.2758,0
1.4602,0.37567,-2.1459,-3.4133,1.3478,0
1.1753,0.42697,-2.3853,-7.2818,0.067639,0
0.89035,0.11918,-2.5397,3.8687,0.65736,0
-0.34431,-0.086014,-2.7071,4.3238,-0.4214,0
-1.6739,-0.18861,-2.9181,-6.5991,0.13956,0
-2.0538,-0.0090658,-3.1151,-5.0062,0.22586,0
-2.1488,-0.0090658,-3.3171,6.8269,0.19709,0
-2.0538,-0.034715,-3.5964,2.9584,1.3621,0
-2.0538,0.14483,-3.9736,-7.9645,0.94503,0
-0.91415,-0.11166,-4.2979,-1.8203,2.2395,0
1.5552,-0.18861,-4.4717,8.1923,1.7217,0
2.8848,0.067882,-4.6081,-1.1377,2.1532,0
3.8345,0.067882,-4.8256,-7.5093,2.182,0
3.0747,0.14483,-5.0032,3.8687,1.4916,0
-0.059385,0.22178,-5.0393,6.5994,2.0094,0
-1.389,-0.21426,-5.0303,-4.3235,0.82996,0
0.60543,-0.18861,-5.0174,-5.4613,1.506,0
1.7451,-0.11166,-4.9608,7.0545,0.81558,0
-0.62923,-0.23991,-4.9144,4.0962,0.61421,0
-1.484,-0.52205,-4.9221,-7.0542,0.49914,0
1.7451,-0.88114,-4.9131,-2.0479,-0.79537,0
2.315,-0.98374,-4.8552,7.9647,-0.36386,0
2.22,-0.7016,-4.7754,0.91037,-1.6871,0
1.5552,-0.36816,-4.666,-7.9645,-1.3132,0
1.9351,0.19613,-4.4871,1.3655,-1.5289,0
2.03,0.50392,-4.2773,7.7372,-1.6008,0
1.3652,0.73476,-4.0276,-4.3235,-0.594,0
1.7451,0.78606,-3.7084,-7.2818,-0.88167,0
1.1753,0.70911,-3.3866,4.5513,0.70051,0
0.89035,0.63217,-3.1125,5.4616,0.52791,0
0.89035,0.73476,-2.783,-6.5991,1.6354,0
1.4602,0.93996,-2.3943,-4.0959,2.182,0
0.51046,1.0169,-1.9927,7.5096,2.1388,0
0.60543,0.91431,-1.6246,1.5931,3.1025,0
1.9351,0.81171,-1.344,-8.4196,2.2539,0
1.8401,1.2477,-1.1111,-0.45498,3.1745,0
0.51046,1.7094,-0.87296,7.5096,2.6998,0
0.60543,1.7094,-0.70178,-1.1377,2.9587,0
0.79538,1.6838,-0.68119,-7.2818,3.534,0
0.51046,1.9146,-0.70307,2.9584,2.8436,0
-1.0091,2.2994,-0.58079,6.3718,3.5053,0
-1.1041,2.0429,-0.23714,-4.0959,1.9231,0
-1.7689,1.6068,0.24423,-7.0542,1.5923,0
-1.484,1.889,0.73075,5.234,0.45599,0
0.51046,2.0429,1.1902,3.8687,-0.62276,0
0.79538,1.7864,1.6703,-7.9645,-0.27756,0
-0.91415,1.4016,2.2457,-3.8684,-1.2125,0
-2.2438,1.2734,2.8647,7.0545,-0.090578,0
-1.8639,1.1965,3.4388,2.7309,-0.47893,0
-0.059385,1.1708,4.0514,-7.9645,-0.061812,0
1.5552,1.3503,4.7761,-0.45498,0.21147,0
2.03,1.5555,5.4827,8.6474,-0.56523,0
1.3652,1.7607,6.0155,-1.5928,0.21147,0
-0.43928,1.9403,6.4094,-8.192,-0.73783,0
-2.3388,2.2994,6.7942,2.9584,0.024489,0
-1.294,2.2737,7.2074,6.8269,-0.090578,0
1.1753,1.6581,7.5922,-4.7786,0.16832,0
1.0803,1.4016,7.905,-5.6889,1.0026,0
-0.15436,1.9916,8.1573,6.5994,0.70051,0
-1.579,2.4276,8.3246,4.7789,1.8512,0
-1.8639,2.2994,8.4044,-6.3715,1.3765,0
-1.0091,2.4276,8.425,-3.8684,1.8799,0
0.32051,2.8893,8.4069,7.5096,1.9087,0
0.60543,3.2227,8.3645,2.5033,1.3046,0
0.60543,3.2997,8.2499,-7.7369,1.5923,0
-1.1041,3.6075,7.9835,-2.0479,-0.047428,0
-2.1488,3.5818,7.6051,6.8269,-0.26318,0
-3.2885,3.3766,7.2782,-1.1377,-1.4426,0
-3.1935,3.4792,7.0233,-7.5093,-1.7447,0
-1.6739,3.787,6.6913,2.9584,-1.3276,0
-1.0091,3.8127,6.2768,6.1442,-1.5865,0
-1.484,3.1201,5.8444,-5.0062,0.096406,0
-2.0538,2.7354,5.4235,-6.8267,0.038872,0
-2.0538,2.8637,5.0476,5.6891,1.319,0
-1.1041,2.915,4.7117,4.0962,1.5347,0
0.22554,2.5559,4.435,-7.7369,1.2758,0
-0.53425,2.325,4.2059,-4.0959,1.6786,0
-2.1488,2.1711,3.9794,6.5994,0.35531,0
-0.53425,1.9403,3.8172,1.3655,0.77243,0
0.51046,1.8633,3.767,-8.192,-0.10496,0
1.4602,1.8633,3.7593,0.2277,0.52791,0
0.89035,1.7864,3.7606,7.282,0.98818,0
-0.91415,1.8377,3.7567,-2.503,0.65736,0
-1.0091,1.7607,2.7605,-7.5093,1.3621,0
0.41548,1.1708,1.3189,4.3238,-0.11935,0
0.22554,0.63217,0.69085,5.4616,-0.076195,0
-1.7689,0.45262,0.41155,-5.6889,-1.1406,0
-1.1041,0.68346,0.1876,-5.2337,-1.7878,0
0.035589,0.65782,-0.046652,7.9647,-1.7015,0
0.60543,0.19613,-0.28862,2.5033,-2.6508,0
-0.059385,0.17048,-0.5203,-7.9645,-1.9029,0
-0.34431,0.14483,-0.72623,-0.9101,-2.8666,0
0.7004,-0.47075,-0.91158,7.282,-2.1043,0
2.315,-0.93244,-1.0429,-0.9101,-1.5721,0
1.2702,-0.57335,-1.1278,-7.5093,-1.155,0
-1.294,-0.4964,-1.2243,3.6411,0.54229,0
0.89035,-0.6503,-1.3428,5.6891,0.38407,0
2.7898,-0.72725,-1.4573,-5.6889,1.621,0
2.5999,-0.93244,-1.5204,-5.0062,1.2183,0
1.5552,-1.0094,-1.532,7.5096,1.1176,0
1.9351,-0.57335,-1.5307,3.6411,1.2615,0
1.7451,-0.80419,-1.5474,-7.5093,0.21147,0
-0.62923,-1.6506,-1.541,-2.7306,0.61421,0
-0.43928,-1.9841,-1.5049,7.5096,-0.80975,0
1.2702,-1.7532,-1.4998,0.91037,-1.0974,0
3.1697,-1.4711,-1.5422,-7.9645,-1.9748,0
3.5496,-1.548,-1.5873,0.45525,-2.9097,0
1.6501,-1.7789,-1.5783,8.4198,-2.5501,0
0.13056,-1.6763,-1.5603,-1.8203,-3.5426,0
1.0803,-1.4711,-1.5783,-8.6471,-2.694,0
1.2702,-1.5993,-1.6027,2.0482,-3.4707,0
2.315,-1.5737,-1.6169,6.3718,-3.2118,0
-0.24933,-1.2146,-1.6156,-5.0062,-2.8234,0
-0.7242,-0.82984,-1.6568,-6.5991,-3.1974,0
0.22554,-0.98374,-1.716,6.3718,-2.133,0
-0.34431,-1.0607,-1.7289,4.0962,-2.7947,0
-1.484,-1.3172,-1.7237,-7.2818,-1.8454,0
-0.7242,-1.548,-1.7096,-2.2755,-2.1186,0
1.3652,-2.0867,-1.6555,7.282,-1.9748,0
1.7451,-2.5483,-1.6555,0.00013542,-1.4714,0
-0.53425,-2.3688,-1.7417,-8.192,-2.0899,0
-0.81917,-2.1123,-1.8357,1.3655,-1.0255,0
-0.62923,-2.497,-1.8743,6.5994,-1.7159,0
0.32051,-2.5227,-1.855,-4.3235,-1.0255,0
1.2702,-1.9841,-1.828,-7.2818,-1.0255,0
-1.7689,-1.8302,-1.837,4.0962,-1.2125,0
-3.0985,-1.7276,-1.8769,6.1442,-0.39263,0
-2.6237,-1.625,-1.8962,-6.3715,-1.1262,0
-2.0538,-1.7276,-1.882,-5.9164,-0.004278,0
-0.059385,-1.8302,-1.8486,7.0545,-0.55085,0
2.315,-1.9584,-1.8215,3.8687,0.067639,0
1.2702,-2.1636,-1.801,-6.5991,0.29777,0
-1.6739,-2.0097,-1.7739,-2.0479,0.082022,0
-1.1991,-1.4198,-1.7327,8.4198,1.0026,0
0.22554,-1.112,-1.7031,1.8206,0.26901,0
0.51046,-0.90679,-1.7044,-7.7369,1.2327,0
0.13056,-0.4964,-1.6851,1.1379,0.85873,0
0.60543,-0.52205,-1.5963,8.1923,1.0169,0
2.7898,-0.93244,-1.4792,-2.0479,1.5635,0
4.6893,-1.5224,-1.3621,-8.192,0.91626,0
4.4044,-1.7276,-1.2617,4.5513,1.8799,0
4.8792,-1.8815,-1.2205,6.1442,1.1464,0
4.9742,-1.7276,-1.1896,-6.144,1.8368,0
3.1697,-1.4711,-1.1124,-4.5511,1.7793,0
1.4602,-1.4454,-1.0609,8.4198,1.4628,0
0.89035,-1.2659,-1.1021,2.5033,2.2539,0
-1.6739,-1.2402,-1.2153,-7.9645,1.5491,0
-4.8081,-1.4711,-1.3209,-1.3652,2.6279,0
-4.1432,-1.4711,-1.3749,7.0545,2.1245,0
-2.8136,-1.1633,-1.3878,-1.8203,2.4984,0
-1.0091,-1.1376,-1.3878,-8.192,2.743,0
1.2702,-1.3172,-1.3595,2.5033,2.2683,0
0.98533,-1.1376,-1.3157,5.9167,3.045,0
-0.15436,-0.77854,-1.2835,-5.4613,2.182,0
-1.389,-0.599,-1.2758,-6.3715,2.7573,0
-1.0091,-0.62465,-1.2745,6.5994,2.1676,0
-1.0091,-0.90679,-1.29,3.8687,1.7936,0
-0.81917,-1.1633,-1.2926,-7.2818,1.8799,0
-1.6739,-0.77854,-1.3106,-2.7306,0.82996,0
-2.2438,-0.36816,-1.344,8.4198,1.4628,0
-1.0091,-0.36816,-1.2797,0.00013542,0.44161,0
0.22554,-0.6503,-1.0956,-8.6471,0.84434,0
0.13056,-0.90679,-0.93474,1.5931,0.64298,0
1.7451,-0.82984,-0.87168,6.8269,0.26901,0
1.9351,-0.6503,-0.92831,-3.1857,0.88749,0
1.3652,-0.67595,-1.0274,-7.2818,-0.061812,0
0.89035,-0.80419,-1.0583,4.3238,0.59983,0
1.5552,-0.52205,-1.0364,5.4616,-0.090578,0
0.98533,-0.26556,-1.0223,-5.4613,-0.033045,0
0.51046,-0.31686,-1.039,-4.7786,0.082022,0
3.2647,-0.41945,-1.0364,6.5994,-0.69468,0
2.9798,-0.3938,-1.0004,2.7309,-0.004278,0
2.5999,-0.5477,-0.98237,-8.192,-0.99673,0
3.1697,-0.599,-0.98751,-1.5928,-0.52208,0
1.4602,-0.47075,-0.97207,7.7372,-0.95358,0
0.035589,-0.67595,-0.90257,0.68281,-1.457,0
-1.0091,-0.88114,-0.82148,-7.2818,-1.1118,0
-0.24933,-0.4964,-0.74297,1.8206,-2.2481,0
-0.24933,-0.57335,-0.67218,7.7372,-1.6728,0
-1.1041,-0.599,-0.59366,-2.503,-2.7659,0
-0.15436,-0.599,-0.52545,-7.2818,-2.7803,0
0.60543,-0.5477,-0.47397,3.6411,-2.8522,0
1.4602,-0.4451,-0.40318,4.7789,-3.5857,0
1.0803,-0.16296,-0.30922,-6.3715,-2.8522,0
-0.24933,0.016583,-0.22298,-5.2337,-3.8446,0
-1.484,-0.29121,-0.16764,7.0545,-3.183,0
-2.0538,-0.4451,-0.19595,3.6411,-3.5857,0
-2.2438,-0.34251,-0.3105,-7.9645,-3.9309,0
-1.8639,0.093531,-0.40704,-2.0479,-3.6433,0
-1.1041,0.37567,-0.46624,7.7372,-4.6789,0
0.32051,0.35002,-0.47268,0.45525,-3.9022,0
1.5552,0.24743,-0.38258,-7.7369,-4.8515,0
-0.059385,0.19613,-0.26674,1.1379,-4.5782,0
-1.1041,0.042233,-0.18051,7.282,-4.8083,0
-0.059385,0.067882,-0.083977,-2.2755,-5.2974,0
0.7004,0.27308,-0.0028907,-7.2818,-4.6501,0
0.22554,0.37567,0.037009,5.6891,-5.5994,0
0.13056,0.11918,0.042157,5.6891,-4.7508,0
-1.1041,0.24743,0.025425,-7.2818,-5.4556,0
-1.0091,0.86301,-0.0016037,-4.0959,-5.1967,0
-1.1991,1.0426,-0.0080391,6.8269,-4.8515,0
-2.6237,0.88866,0.0035447,2.5033,-5.3549,0
-2.3388,0.70911,-0.019623,-7.9645,-4.3049,0
-2.3388,0.58087,-0.056948,-2.7306,-5.0385,0
-2.0538,0.76041,-0.055661,7.282,-4.1611,0
-0.91415,0.65782,-0.027345,0.45525,-4.4056,0
1.2702,0.22178,0.020277,-7.7369,-4.4631,0
1.7451,0.14483,0.10008,0.91037,-3.8159,0
-0.62923,0.32437,0.18245,7.7372,-4.5782,0
-1.8639,0.067882,0.19146,-3.4133,-3.4851,0
-1.484,0.067882,0.16186,-7.5093,-4.1611,0
-2.5287,0.042233,0.16057,4.3238,-3.6433,0
-1.9589,0.016583,0.17988,5.0064,-3.7152,0
0.60543,0.14483,0.16572,-6.3715,-4.1755,0
1.6501,0.016583,0.096215,-4.5511,-3.3556,0
-0.24933,-0.0090658,0.015128,7.5096,-4.2474,0
-3.0985,0.45262,-0.06081,2.5033,-3.183,0
-2.0538,0.70911,-0.094274,-8.192,-3.6289,0
-0.91415,0.52957,-0.033781,-0.9101,-3.2262,0
-0.43928,0.60652,0.055028,8.6474,-2.9385,0
0.41548,0.76041,0.11938,-1.3652,-3.4851,0
1.7451,0.40132,0.16057,-7.5093,-2.507,0
3.0747,-0.060364,0.15671,3.6411,-3.1686,0
1.5552,-0.034715,0.10651,7.0545,-2.2337,0
0.89035,-0.16296,0.085918,-3.6408,-2.1906,0
0.79538,-0.62465,0.1181,-6.5991,-2.018,0
-0.53425,-0.4964,0.10522,5.6891,-1.2125,0
-1.294,0.016583,0.038296,4.3238,-1.6584,0
-0.81917,0.17048,-0.00031657,-7.7369,-0.47893,0
1.2702,0.32437,0.0035447,-3.6408,-1.0111,0
1.9351,0.45262,-0.0054649,7.5096,-0.27756,0
1.2702,0.42697,-0.077542,1.5931,0.12517,0
1.2702,0.68346,-0.11873,-7.5093,-0.018661,0
2.5999,0.52957,-0.10328,-0.45498,1.1176,0
2.7898,-0.23991,-0.10328,7.5096,0.58544,0
-0.34431,-0.5477,-0.081403,-1.8203,1.6498,0
-2.1488,-0.13731,-0.037642,-8.4196,1.4484,0
0.22554,0.22178,-0.036355,2.7309,1.6786,0
0.60543,0.55522,-0.040216,6.3718,2.182,0
-1.1991,0.29873,-0.014475,-5.0062,1.7649,0
-0.81917,-0.21426,-0.0016037,-6.3715,2.9156,0
0.035589,-0.36816,0.034435,5.4616,2.3546,0
-0.15436,-0.29121,0.11938,4.5513,3.2464,0
0.32051,-0.18861,0.1979,-6.8267,3.3327,0
-0.059385,-0.060364,0.2571,-4.5511,3.3614,0
0.79538,0.42697,0.297,7.282,4.3827,0
3.2647,0.76041,0.29958,1.8206,3.7642,0
1.3652,0.50392,0.25195,-7.7369,4.8429,0
0.89035,0.55522,0.1773,-0.68254,4.2676,0
1.5552,0.78606,0.12196,7.282,4.6272,0
0.98533,0.55522,0.12968,-1.3652,4.9436,0
0.32051,0.42697,0.167,-7.5093,4.4114,0
1.3652,0.55522,0.1979,3.4135,5.4327,0
0.7004,0.14483,0.23393,6.3718,4.6128,0
-1.294,-0.21426,0.3073,-4.5511,5.519,0
-2.8136,-0.086014,0.38838,-5.4613,5.3895,0
-2.1488,0.11918,0.427,6.3718,5.3463,0
0.89035,0.17048,0.42442,4.3238,5.9792,0
2.9798,-0.086014,0.42957,-7.0542,5.2313,0
2.315,-0.5477,0.46947,-2.9581,6.0943,0
-0.62923,-0.95809,0.50422,7.7372,5.1306,0
-2.5287,-0.82984,0.46175,2.5033,5.4327,0
-0.7242,-0.34251,0.34848,-7.9645,5.1594,0
-0.43928,0.32437,0.25968,-0.45498,4.469,0
0.60543,0.73476,0.2275,8.4198,4.8429,0
1.5552,0.22178,0.23265,-0.68254,3.5628,0
0.32051,-0.21426,0.25195,-7.7369,4.1094,0
0.13056,-0.36816,0.25195,3.186,3.0162,0
-0.24933,-0.4964,0.23393,5.9167,2.8005,0
0.79538,-0.36816,0.22879,-4.7786,2.4553,0
1.3652,0.067882,0.25968,-7.0542,1.2902,0
0.32051,0.47827,0.31373,5.4616,1.4197,0
-1.484,0.76041,0.3266,3.6411,-0.20565,0
-1.1041,0.65782,0.25581,-7.9645,-0.26318,0
-1.484,0.37567,0.19532,-3.6408,-1.2556,0
-0.91415,-0.11166,0.20562,7.0545,-1.9317,0
0.89035,-0.18861,0.21463,0.91037,-2.0611,0
-0.059385,-0.16296,0.22364,-8.6471,-3.2981,0
-0.34431,-0.29121,0.2571,-0.22742,-2.809,0
0.32051,-0.36816,0.26096,7.7372,-3.8159,0
1.4602,-0.18861,0.22364,-2.9581,-3.3412,0
0.79538,0.11918,0.20304,-8.192,-3.4563,0
-1.1041,0.45262,0.20433,3.4135,-3.8734,0
-2.1488,0.60652,0.158,5.4616,-3.1542,0
-1.8639,0.50392,0.070473,-5.9164,-4.1323,0
-1.1041,0.42697,0.0048318,-6.144,-3.4419,0
-1.1041,0.40132,-0.0080391,6.1442,-4.2761,0
-2.4337,0.32437,0.024138,2.9584,-4.3481,0
-2.5287,0.042233,0.053741,-7.0542,-4.42,0
-2.5287,0.14483,0.060177,-3.6408,-5.2974,0
-2.7186,0.37567,0.055028,7.7372,-4.794,0
-1.484,0.24743,0.030574,0.68281,-6.0165,0
-0.7242,0.19613,0.007406,-7.7369,-5.5563,0
-0.62923,0.37567,-0.026058,2.2757,-5.7001,0
-0.81917,0.55522,-0.058236,7.282,-5.6713,0
-1.579,0.83736,-0.067245,-2.9581,-4.6357,0
-1.579,1.0169,-0.022197,-6.3715,-4.9522,0
1.1753,0.52957,0.085918,4.7789,-3.5857,0
2.5049,-0.034715,0.14641,6.5994,-3.9741,0
1.0803,-0.0090658,0.11552,-5.4613,-3.5138,0
0.60543,0.24743,0.083344,-5.4613,-3.3556,0
0.79538,0.37567,0.10265,6.8269,-3.9741,0
0.89035,0.27308,0.11938,2.9584,-3.0248,0
1.0803,0.24743,0.094928,-7.9645,-3.8303,0
2.22,0.29873,0.087205,-1.3652,-3.0248,0
0.41548,0.42697,0.13998,7.9647,-3.2262,0
-0.34431,0.093531,0.17215,-0.45498,-3.2262,0
0.41548,-0.26556,0.13611,-7.7369,-2.4063,0
1.6501,-0.62465,0.070473,2.0482,-3.1255,0
0.7004,-0.95809,0.07176,6.8269,-2.1043,0
-0.059385,-0.98374,0.13225,-3.6408,-2.6652,0
-0.62923,-0.90679,0.15928,-7.7369,-2.0467,0
-2.4337,-0.6503,0.13611,5.0064,-1.5865,0
-1.6739,-0.599,0.13483,5.0064,-1.6728,0
-0.91415,-0.3938,0.14126,-6.8267,-0.52208,0
-0.53425,0.067882,0.11938,-5.4613,-0.9392,0
0.22554,0.042233,0.11295,7.0545,0.22586,0
0.79538,0.016583,0.21205,2.5033,0.010105,0
0.51046,0.042233,0.33304,-8.192,0.22586,0
0.035589,-0.086014,0.34462,-1.1377,0.84434,0
1.4602,-0.060364,0.29057,6.8269,0.42722,0
0.89035,0.016583,0.2468,-2.0479,1.6354,0
0.79538,0.016583,0.19275,-8.192,1.1464,0
0.98533,0.11918,0.15413,2.5033,2.2108,0
0.79538,-0.13731,0.13869,6.1442,2.2395,0
1.0803,-0.4451,0.12196,-5.2337,2.1388,0
2.5049,-0.88114,0.085918,-6.5991,2.7717,0
2.22,-1.0607,0.087205,5.9167,1.995,0
0.32051,-0.47075,0.14899,4.0962,3.1601,0
-1.1991,0.093531,0.22106,-6.8267,2.7861,0
-0.059385,0.016583,0.25324,-2.9581,3.5628,0
1.5552,-0.034715,0.23779,7.7372,4.1381,0
1.0803,0.016583,0.22235,1.1379,3.9655,0
0.89035,-0.0090658,0.2275,-8.6471,4.9005,0
0.035589,0.27308,0.22235,0.91037,4.0518,0
0.51046,0.11918,0.16443,7.7372,4.7279,0
1.5552,-0.0090658,0.074335,-2.2755,4.0662,0
1.1753,0.24743,0.062751,-6.8267,4.0231,0
0.035589,0.27308,0.13869,4.3238,4.3683,0
-0.7242,0.17048,0.20433,6.3718,3.7066,0
-1.579,0.35002,0.21077,-6.144,4.6559,0
-1.0091,0.60652,0.21849,-5.2337,3.7786,0
-0.15436,0.47827,0.24037,7.282,4.2964,0
-2.2438,0.14483,0.23007,3.186,3.9368,0
-2.9086,0.17048,0.17859,-7.7369,3.3183,0
-1.484,0.58087,0.11037,-0.9101,3.7929,0
-0.059385,0.76041,0.046019,7.5096,2.743,0
-0.059385,0.37567,0.0099801,-0.68254,3.5628,0
0.51046,-0.034715,0.00097052,-7.2818,2.9875,0
1.4602,-0.034715,0.0048318,1.5931,3.1313,0
0.22554,0.17048,-0.019623,7.9647,3.4621,0
-0.34431,0.37567,-0.087839,-3.6408,2.8436,0
0.7004,0.55522,-0.15992,-7.5093,3.7786,0
0.035589,0.73476,-0.15091,5.234,2.858,0
-0.53425,0.78606,-0.098135,4.3238,3.3902,0
-0.91415,0.22178,-0.083977,-6.3715,3.1601,0
-2.7186,-0.23991,-0.11101,-4.5511,2.858,0
-2.2438,-0.086014,-0.0917,6.8269,3.3614,0
-1.484,-0.23991,-0.049226,1.5931,2.2252,0
-2.7186,-0.41945,-0.064671,-8.4196,2.8293,0
-2.6237,-0.31686,-0.1213,-0.22742,1.6498,0
-2.1488,0.067882,-0.13417,7.5096,1.6498,0
-1.1041,0.27308,-0.12903,-2.2755,1.2902,0
0.32051,0.29873,-0.15219,-8.192,0.39846,0
0.89035,0.016583,-0.17793,2.7309,0.81558,0
1.8401,0.042233,-0.11744,5.9167,-0.43578,0
2.9798,-0.26556,0.022851,-5.6889,-0.033045,0
2.315,-0.47075,0.12453,-5.2337,-1.0399,0
0.32051,-0.62465,0.15285,7.7372,-1.1406,0
-1.294,-0.6503,0.13611,3.186,-1.0543,0
-1.0091,-0.6503,0.11037,-6.8267,-1.6728,0
-0.7242,-0.4451,0.083344,-1.8203,-0.75222,0
0.32051,-0.16296,0.069186,7.282,-1.3851,0
0.60543,0.067882,0.055028,0.68281,-0.55085,0
0.7004,-0.060364,-0.0028907,-7.5093,-0.82413,0
0.60543,-0.34251,-0.085264,1.5931,-0.7666,0
-1.1991,-0.13731,-0.13031,8.1923,-0.29195,0
-1.8639,0.42697,-0.12903,-2.9581,-1.1262,0
-0.34431,0.68346,-0.081403,-7.5093,-0.30633,0
-0.7242,0.24743,-0.018336,4.0962,-1.1981,0
-1.389,0.50392,0.020277,6.8269,-1.0255,0
-0.91415,0.73476,0.015128,-5.6889,-1.155,0
-0.81917,0.37567,-0.04279,-5.2337,-1.831,0
0.035589,0.37567,-0.13804,7.282,-1.155,0
-1.389,0.83736,-0.2114,3.186,-2.1043,0
-1.9589,1.0426,-0.2513,-7.0542,-1.3276,0
-1.1041,1.0169,-0.23199,-2.0479,-1.8741,0
0.32051,0.99126,-0.16635,8.1923,-1.8885,0
0.98533,0.88866,-0.12388,-0.45498,-1.6152,0
1.4602,0.86301,-0.13804,-8.8747,-2.6364,0
1.3652,0.76041,-0.17793,1.1379,-1.8022,0
0.7004,0.68346,-0.19209,7.282,-2.9241,0
0.79538,0.45262,-0.16635,-3.4133,-2.4063,0
0.22554,0.22178,-0.10972,-7.2818,-2.5358,0
1.1753,0.19613,-0.024771,4.5513,-2.694,0
-0.34431,0.22178,0.038296,5.6891,-1.8885,0
-3.1935,0.19613,0.10651,-7.0542,-2.4926,0
-2.5287,0.093531,0.17473,-5.6889,-1.4426,0
-0.7242,-0.16296,0.1876,7.5096,-2.2193,0
-0.15436,-0.18861,0.15413,2.0482,-2.1618,0
0.51046,-0.086014,0.11166,-8.192,-2.32,0
0.7004,0.042233,0.04988,-1.5928,-3.3556,0
0.60543,-0.086014,-0.019623,7.282,-2.8953,0
-0.059385,-0.26556,-0.02992,-2.503,-3.8159,0
0.035589,-0.4964,-0.031207,-7.9645,-2.996,0
-1.389,-0.4964,-0.072394,2.2757,-2.7227,0
-3.0985,-0.599,-0.102,6.3718,-2.5645,0
-4.7131,-1.0607,-0.055661,-5.0062,-1.7591,0
-3.6684,-1.4967,0.055028,-6.3715,-2.5789,0
-1.9589,-1.4711,0.11938,5.0064,-1.7591,0
-1.484,-1.0094,0.064038,4.3238,-2.7803,0
-0.62923,-0.88114,-0.040216,-7.2818,-2.5358,0
1.6501,-0.90679,-0.068532,-5.0062,-2.7515,0
3.8345,-0.98374,0.012554,7.5096,-3.3844,0
4.2144,-0.80419,0.13611,2.2757,-2.694,0
2.8848,-0.5477,0.19275,-7.7369,-3.5714,0
2.125,-0.13731,0.1374,-0.9101,-2.7227,0
0.89035,0.11918,0.053741,7.7372,-3.2693,0
-1.7689,0.24743,0.026712,0.68281,-3.2981,0
-2.1488,0.17048,0.013841,-6.5991,-3.2549,0
-0.34431,0.24743,-0.017049,2.7309,-4.1611,0
0.51046,0.22178,-0.036355,7.0545,-3.3125,0
-0.24933,0.22178,-0.02091,-4.3235,-3.9166,0
-0.81917,0.22178,0.00097052,-5.6889,-2.881,0
-1.6739,0.22178,0.0086931,6.5994,-2.507,0
-1.8639,0.37567,0.016416,5.0064,-2.4926,0
-1.294,0.52957,0.046019,-7.0542,-1.6728,0
-1.6739,0.50392,0.08077,-3.4133,-2.6364,0
-1.0091,0.47827,0.078196,7.7372,-2.2049,0
-0.059385,0.58087,0.053741,1.1379,-3.2262,0
-0.81917,0.45262,0.007406,-7.9645,-3.4419,0
0.32051,0.58087,-0.063384,0.00013542,-3.2405,0
1.2702,0.73476,-0.1419,7.5096,-3.859,0
0.13056,0.50392,-0.19209,-2.0479,-2.6652,0
-1.6739,0.24743,-0.13417,-8.192,-3.1111,0
-1.8639,0.17048,-0.010613,3.186,-2.0467,0
-1.1041,0.17048,0.066612,6.1442,-2.0899,0
-0.62923,0.22178,0.076909,-5.0062,-2.2481,0
-0.62923,0.093531,0.043444,-5.2337,-1.6871,0
-0.81917,0.016583,0.01899,6.1442,-2.6508,0
-0.7242,0.17048,0.012554,3.6411,-1.8597,0
-0.53425,0.47827,-0.018336,-7.2818,-2.9673,0
-0.7242,1.0682,-0.10457,-2.7306,-3.0392,0
-0.81917,1.4016,-0.23457,8.1923,-3.4275,0
-0.81917,1.1452,-0.32209,0.68281,-4.3625,0
-0.34431,0.65782,-0.29892,-8.6471,-3.8303,0
1.4602,0.55522,-0.22041,0.2277,-4.8803,0
0.7004,0.99126,-0.16378,6.8269,-4.046,0
-0.7242,1.3503,-0.1419,-3.6408,-4.2042,0
0.13056,1.4529,-0.12002,-6.8267,-3.8015,0
0.7004,1.1452,-0.086552,3.6411,-2.8666,0
0.98533,0.65782,-0.032494,5.234,-3.0104,0
1.7451,0.27308,0.013841,-5.9164,-1.457,0
1.0803,0.24743,0.04087,-5.6889,-1.7159,0
1.2702,0.19613,0.078196,6.8269,-0.73783,0
2.6949,0.19613,0.076909,3.4135,-0.57961,0
2.315,-0.0090658,0.00097052,-8.4196,-0.83852,0
1.1753,-0.26556,-0.081403,-1.1377,0.053256,0
0.035589,-0.34251,-0.092987,8.1923,-0.594,0
-0.53425,-0.41945,-0.044078,-0.22742,0.59983,0
-1.579,-0.26556,-0.0041778,-8.192,0.21147,0
-2.0538,-0.034715,-0.02091,1.8206,0.65736,0
-2.5287,-0.11166,-0.062097,7.282,0.93064,0
-3.9533,-0.034715,-0.095561,-3.4133,0.31216,0
-3.5734,0.50392,-0.1213,-7.2818,0.93064,0
0.41548,0.60652,-0.13675,4.5513,-0.2488,0
1.8401,0.19613,-0.12002,5.234,0.13956,0
1.2702,-0.034715,-0.15219,-7.2818,-0.594,0
0.89035,0.58087,-0.2217,-4.7786,-0.82413,0
1.2702,1.0682,-0.24358,7.0545,-0.62276,0
2.8848,0.76041,-0.23328,2.9584,-1.3707,0
3.4546,0.22178,-0.241,-8.192,-0.52208,0
2.315,-0.060364,-0.23843,-1.5928,-1.4714,0
-0.24933,-0.18861,-0.24486,8.1923,-1.0399,0
0.32051,-0.086014,-0.23199,0.00013542,-1.4139,0
1.6501,0.19613,-0.18952,-8.4196,-1.7734,0
0.79538,0.067882,-0.15348,0.45525,-1.0974,0
-1.0091,-0.23991,-0.15219,6.3718,-1.7447,0
-0.53425,-0.6503,-0.13417,-2.503,-0.72345,0
0.035589,-0.75289,-0.062097,-8.192,-1.2125,0
1.0803,-0.77854,0.033148,2.9584,-1.0111,0
1.0803,-1.0863,0.10136,5.0064,-1.0255,0
0.7004,-1.0863,0.11295,-6.3715,-1.9604,0
0.32051,-0.67595,0.11552,-5.2337,-1.3563,0
-1.6739,-0.47075,0.16572,7.0545,-2.1618,0
-0.24933,-0.11166,0.24552,1.8206,-1.1837,0
1.4602,-0.11166,0.31759,-7.9645,-0.8529,0
0.32051,-0.6503,0.35235,-2.0479,-0.32071,0
-1.1991,-1.3685,0.33819,7.9647,1.0601,0
0.035589,-1.3685,0.3266,-0.45498,0.82996,0
1.4602,-0.7016,0.28156,-7.2818,2.1245,0
0.13056,-0.62465,0.19661,2.9584,1.4197,0
-0.43928,-0.6503,0.13483,6.8269,1.7073,0
0.22554,-0.599,0.12196,-4.0959,1.7936,0
-0.059385,-0.599,0.12968,-6.3715,1.2615,0
-0.62923,-0.75289,0.11938,5.9167,2.2539,0
-1.294,-0.80419,0.079483,5.234,1.506,0
-1.0091,-0.52205,0.030574,-6.3715,2.3402,0
-0.15436,-0.086014,-0.0016037,-3.1857,1.8943,0
-1.389,0.016583,-0.010613,8.4198,1.7073,0
-2.8136,-0.29121,-0.019623,0.91037,1.9662,0
-2.7186,-0.18861,-0.0518,-8.4196,1.1176,0
-1.8639,-0.16296,-0.11101,0.91037,2.2395,0
-1.389,-0.4964,-0.13804,7.9647,1.7793,0
-0.53425,-0.29121,-0.13932,-2.0479,2.6998,0
1.4602,0.067882,-0.17407,-8.192,3.0738,0
1.6501,0.093531,-0.25516,3.186,3.0882,0
-0.53425,-0.11166,-0.28219,6.1442,4.0518,0
-0.7242,-0.16296,-0.24744,-4.7786,3.5484,0
0.035589,0.11918,-0.17536,-6.5991,4.6991,0
-0.53425,0.50392,-0.072394,5.9167,4.3827,0
-2.4337,0.50392,-0.010613,4.3238,4.7422,0
-2.4337,0.24743,-0.02091,-6.8267,5.0443,0
-2.9086,-0.0090658,-0.068532,-4.0959,4.4258,0
-1.6739,0.016583,-0.1316,6.8269,5.1737,0
-0.91415,0.27308,-0.14962,2.2757,4.2532,0
0.32051,0.68346,-0.12516,-7.7369,5.0299,0
0.89035,0.96561,-0.090413,-1.5928,4.8142,0
1.6501,1.0426,-0.078829,6.8269,4.7135,0
1.8401,0.91431,-0.10586,-1.3652,5.1737,0
1.3652,0.58087,-0.10586,-7.9645,4.1813,0
-0.43928,0.73476,-0.086552,3.6411,4.9148,0
-2.7186,1.2221,-0.063384,6.8269,4.0806,0
-2.9086,1.1965,-0.02992,-5.0062,4.4258,0
0.13056,0.93996,-0.006752,-6.8267,4.4114,0
1.6501,1.1195,-0.015762,5.234,3.6635,0
0.035589,1.4016,-0.059523,4.0962,4.2388,0
-2.5287,1.299,-0.098135,-7.2818,2.9875,0
-3.9533,0.99126,-0.10457,-4.0959,3.4765,0
-2.2438,0.68346,-0.054374,7.0545,3.0019,0
-0.62923,0.60652,0.013841,1.5931,2.9587,0
0.41548,0.63217,-0.00031657,-7.7369,3.7642,0
1.4602,0.50392,-0.076255,0.2277,3.1888,0
0.32051,0.27308,-0.10972,7.9647,4.2244,0
-0.24933,0.32437,-0.11101,-1.8203,3.3327,0
1.1753,0.42697,-0.13289,-8.192,3.419,0
1.8401,-0.0090658,-0.14833,4.3238,2.9299,0
1.4602,-0.4964,-0.0917,6.3718,1.9231,0
1.6501,-0.7016,0.022851,-5.0062,2.2539,0
0.13056,-0.82984,0.12324,-5.2337,1.0026,0
0.60543,-0.47075,0.16057,6.3718,1.5635,0
1.4602,-0.41945,0.10394,3.6411,0.74366,0
0.89035,-0.5477,-0.019623,-7.0542,0.62859,0
0.035589,-0.23991,-0.102,-2.9581,0.82996,0
-0.34431,-0.034715,-0.1213,7.0545,-0.047428,0
0.41548,0.042233,-0.11615,0.68281,0.72928,0
0.60543,0.14483,-0.13546,-7.7369,-0.19126,0
-0.059385,0.067882,-0.1316,0.2277,0.48476,0
-1.389,-0.11166,-0.058236,6.3718,0.16832,0
-0.62923,-0.3938,0.034435,-2.2755,-0.11935,0
0.98533,-0.4964,0.091067,-7.7369,0.18271,0
1.4602,-0.72725,0.10909,3.6411,-0.82413,0
1.7451,-0.57335,0.07176,6.3718,-0.018661,0
1.2702,0.11918,0.0048318,-5.4613,-0.82413,0
0.13056,0.76041,-0.049226,-5.2337,-0.3351,0
0.32051,0.88866,-0.08269,6.5994,-0.2488,0
-0.91415,0.29873,-0.076255,2.7309,-0.55085,0
0.13056,0.19613,-0.06081,-8.6471,0.24024,0
0.22554,0.32437,-0.031207,-1.1377,-0.70906,0
-0.7242,0.29873,0.0086931,7.9647,-0.26318,0
0.035589,0.19613,0.062751,-0.22742,-1.3132,0
0.79538,0.29873,0.10651,-7.5093,-1.7447,0
0.51046,0.52957,0.094928,1.3655,-1.946,0
-0.059385,0.17048,0.055028,6.5994,-2.6652,0
-0.059385,-0.41945,0.088493,-4.7786,-1.4282,0
-1.6739,-0.47075,0.12839,-6.3715,-1.8166,0
-3.7634,-0.16296,0.11552,5.4616,-0.46455,0
-2.8136,0.22178,0.065325,4.3238,-0.27756,0
-1.389,0.58087,0.022851,-6.8267,-0.047428,0
-1.6739,0.47827,0.020277,-3.8684,0.78681,0
-1.0091,0.11918,0.034435,8.4198,0.15394,0
0.32051,-0.23991,0.046019,2.5033,1.2327,0
0.41548,-0.5477,0.057602,-9.1023,0.70051,0
0.13056,-0.599,0.084631,-0.22742,1.4628,0
0.41548,-0.57335,0.069186,7.7372,1.8512,0
0.79538,-0.4451,-0.006752,-2.0479,1.5204,0
0.7004,-0.23991,-0.055661,-7.0542,2.4841,0
0.79538,-0.29121,0.0086931,3.6411,1.6786,0
-0.15436,-0.77854,0.14126,5.6891,2.6567,0
-0.91415,-1.112,0.24166,-6.3715,2.1532,0
-0.62923,-0.93244,0.2674,-5.9164,2.0669,0
-0.7242,-0.7016,0.24166,6.1442,2.0238,0
-0.53425,-0.62465,0.20176,2.9584,0.81558,0
0.7004,-0.599,0.1773,-7.0542,1.2615,0
2.7898,-0.57335,0.15928,-0.45498,0.13956,0
3.4546,-0.4451,0.16314,7.5096,0.77243,0
2.125,-0.23991,0.20948,-0.22742,0.91626,0
-1.484,-0.4964,0.25324,-7.5093,1.0601,0
-2.9086,-0.90679,0.25968,2.5033,2.0669,0
-1.389,-1.1633,0.23136,6.8269,1.5923,0
0.13056,-1.2146,0.18502,-4.5511,3.0019,0
0.89035,-0.90679,0.14384,-6.3715,2.9731,0
1.6501,-0.67595,0.098789,5.9167,3.6491,0
1.0803,-0.29121,0.05889,5.0064,3.9799,0
-0.15436,0.067882,0.042157,-7.0542,3.1888,0
-0.53425,0.19613,0.047306,-3.8684,3.3327,0
-0.24933,0.067882,0.060177,6.3718,1.506,0
1.5552,0.042233,0.11037,1.1379,1.2758,0
1.6501,0.27308,0.21463,-8.4196,0.12517,0
-0.7242,0.37567,0.29185,0.00013542,-0.46455,0
-1.6739,0.016583,0.31373,7.0545,0.024489,0
-1.1991,-0.4451,0.31631,-2.0479,-0.27756,0
-0.62923,-0.5477,0.31759,-8.6471,1.4197,0
-0.43928,-0.62465,0.32403,2.5033,1.4053,0
0.13056,-0.4451,0.32789,6.5994,2.4553,0
-0.34431,-0.31686,0.29443,-4.5511,3.0738,0
-0.53425,-0.5477,0.24037,-6.5991,3.3039,0
0.13056,-0.72725,0.21077,5.4616,4.7135,0
-1.484,-1.0607,0.20562,3.6411,4.2964,0
-2.9086,-1.1889,0.22106,-7.2818,5.3895,0
-2.3388,-1.035,0.23136,-2.9581,4.5984,0
-1.0091,-0.88114,0.22879,6.8269,4.4402,0
-0.15436,-0.6503,0.22879,0.91037,4.1669,0
-2.5287,-1.112,0.26354,-8.192,2.9875,0
-4.3332,-1.5993,0.31116,0.91037,3.4621,0
-3.7634,-1.6763,0.32789,7.0545,2.4409,0
-0.53425,-1.625,0.32918,-2.0479,3.045,0
1.3652,-1.7789,0.32532,-7.2818,2.7861,0
1.1753,-1.8045,0.31502,3.8687,2.5128,0
0.89035,-1.625,0.33819,6.5994,2.7573,0
0.035589,-1.4454,0.38581,-5.4613,1.3765,0
-0.62923,-1.4711,0.39739,-5.4613,1.3478,0
0.41548,-1.2659,0.35106,7.0545,-0.3351,0
0.13056,-1.0863,0.29443,3.4135,-0.53646,0
-3.0036,-0.93244,0.2571,-6.8267,-0.69468,0
-2.0538,-0.6503,0.25067,-2.7306,-0.92482,0
-0.62923,-0.77854,0.26225,7.7372,0.31216,0
0.32051,-0.90679,0.28284,0.2277,-0.22003,0
0.22554,-0.85549,0.30344,-8.192,0.94503,0
-2.1488,-0.80419,0.30344,1.3655,0.52791,0
-3.0036,-0.98374,0.27255,7.5096,0.45599,0
-1.484,-0.88114,0.23522,-3.1857,0.31216,0
0.41548,-0.4964,0.20047,-7.5093,-0.78098,0
2.9798,0.042233,0.19146,3.8687,-0.26318,0
4.5943,0.73476,0.18245,5.6891,-1.27,0
2.8848,1.299,0.14255,-5.4613,-0.6803,0
0.51046,1.2734,0.12324,-5.2337,-0.9392,0
0.51046,1.0939,0.158,6.3718,-1.1981,0
0.79538,0.86301,0.20176,3.6411,-0.72345,0
0.60543,0.78606,0.20047,-8.192,-1.4714,0
-0.059385,0.73476,0.19918,-2.0479,-0.57961,0
0.32051,0.24743,0.20176,6.8269,-1.3995,0
0.51046,0.37567,0.17344,0.45525,-1.0687,0
0.7004,0.50392,0.12968,-8.4196,-1.5145,0
2.03,0.47827,0.11552,1.5931,-2.4207,0
3.9295,0.32437,0.097502,8.4198,-2.3919,0
3.0747,0.093531,0.051167,-3.6408,-3.8734,0
1.5552,0.042233,0.00097052,-6.8267,-3.4419,0
0.89035,0.45262,-0.019623,4.3238,-4.0316,0
-0.24933,0.68346,-0.040216,5.234,-3.8878,0
-0.62923,0.68346,-0.098135,-7.0542,-3.5857,0
-0.43928,0.70911,-0.10071,-4.7786,-4.4344,0
1.2702,1.0939,-0.031207,7.282,-3.8303,0
0.89035,1.0939,0.020277,2.9584,-5.0385,0
-1.0091,0.70911,0.031861,-7.9645,-4.5494,0
-1.8639,0.76041,0.017703,-1.3652,-4.7508,0
-1.1041,0.81171,0.039583,8.1923,-4.9378,0
-0.91415,0.86301,0.11295,-0.9101,-4.0892,0
-1.6739,0.65782,0.19403,-7.7369,-4.8803,0
-0.62923,0.55522,0.24166,2.5033,-3.8303,0
0.22554,0.68346,0.22879,7.0545,-4.6214,0
-0.43928,1.0426,0.17988,-2.9581,-4.4631,0
-1.389,1.3247,0.15156,-6.3715,-4.4775,0
-0.91415,1.3247,0.16572,6.1442,-5.1679,0
0.41548,0.81171,0.19017,5.0064,-4.2761,0
1.4602,0.35002,0.15671,-6.8267,-5.1104,0
0.035589,0.50392,0.082057,-5.0062,-4.2761,0
-2.3388,0.88866,0.037009,6.8269,-4.9522,0
-2.4337,0.83736,0.0099801,2.0482,-4.909,0
-2.3388,0.50392,-0.041503,-7.7369,-4.722,0
-2.1488,0.29873,-0.08269,-1.5928,-5.3693,0
-1.389,0.17048,-0.058236,6.8269,-4.2761,0
-1.7689,-0.060364,0.017703,-0.68254,-4.5351,0
-1.6739,-0.599,0.087205,-7.9645,-3.1399,0
0.13056,-0.6503,0.11552,2.9584,-2.9385,0
2.5999,-0.18861,0.08077,6.8269,-2.9529,0
1.5552,0.11918,-0.019623,-4.0959,-2.7659,0
0.79538,-0.086014,-0.095561,-6.8267,-3.9885,0
0.51046,-0.29121,-0.102,5.234,-3.4275,0
-0.059385,0.11918,-0.10457,4.5513,-4.2618,0
-0.15436,1.0682,-0.17279,-7.2818,-3.4419,0
1.2702,1.6581,-0.31437,-4.0959,-2.7947,0
1.1753,1.5299,-0.37743,7.0545,-2.4063,0
0.98533,1.1452,-0.31437,1.8206,-0.99673,0
1.6501,1.0426,-0.21269,-8.4196,-1.3707,0
0.60543,0.73476,-0.11229,-0.22742,-0.36386,0
1.4602,0.35002,-0.027345,7.5096,-0.91043,0
1.2702,0.22178,-0.014475,-1.8203,-0.95358,0
0.13056,0.32437,-0.056948,-7.7369,-0.80975,0
0.32051,0.93996,-0.10843,3.6411,-1.5002,0
0.7004,1.4786,-0.16506,6.3718,-0.75222,0
0.79538,1.2221,-0.241,-5.2337,-1.7159,0
0.7004,0.50392,-0.29763,-5.4613,-0.98235,0
-0.15436,0.067882,-0.29377,6.5994,-0.86728,0
-0.15436,0.14483,-0.24872,3.186,-0.82413,0
2.125,0.32437,-0.20239,-7.5093,0.13956,0
2.315,0.52957,-0.21011,-2.503,-0.36386,0
1.2702,0.60652,-0.2513,8.4198,0.80119,0
0.035589,0.63217,-0.23071,0.91037,0.57106,0
0.32051,0.73476,-0.13675,-7.7369,1.0026,0
1.0803,1.1195,-0.032494,0.00013542,1.3909,0
2.7898,1.0939,0.024138,7.7372,0.95941,0
2.4099,0.47827,0.033148,-2.0479,1.8943,0
1.4602,0.22178,0.062751,-6.3715,1.1608,0
0.98533,0.22178,0.11295,3.4135,1.995,0
0.7004,-0.060364,0.13097,6.5994,1.621,0
0.7004,-0.47075,0.14126,-5.4613,1.4197,0
-0.059385,-1.0607,0.18502,-5.4613,1.9231,0
0.7004,-1.3428,0.23007,7.0545,1.0601,0
1.4602,-1.4198,0.24423,3.6411,1.7793,0
0.035589,-1.5737,0.23007,-7.7369,0.88749,0
-0.24933,-1.625,0.1979,-3.4133,1.2902,0
0.41548,-1.0607,0.17473,7.282,1.2758,0
0.60543,-0.26556,0.17988,0.45525,0.59983,0
0.60543,-0.26556,0.22235,-7.9645,1.0889,0
0.035589,-0.95809,0.26225,1.5931,-0.20565,0
0.60543,-1.4711,0.26997,8.4198,0.42722,0
0.7004,-1.9071,0.22879,-2.0479,-0.10496,0
0.41548,-2.1893,0.14641,-7.5093,0.18271,0
-0.15436,-1.8045,0.021564,4.3238,0.93064,0
-1.0091,-1.0863,-0.11101,5.4616,0.59983,0
-1.579,-0.36816,-0.22041,-6.5991,1.7649,0
-2.9086,-0.086014,-0.29249,-5.4613,1.3334,0
-2.1488,-0.13731,-0.3208,7.5096,2.4697,0
-0.059385,-0.29121,-0.32852,3.186,2.8724,0
0.41548,-0.4964,-0.35813,-7.7369,3.2895,0
-0.81917,-0.4964,-0.40704,-1.5928,4.5553,0
-1.0091,-0.23991,-0.41991,7.5096,4.1525,0
-0.7242,-0.16296,-0.40318,-0.68254,5.2744,0
0.32051,-0.11166,-0.40189,-8.8747,4.9292,0
-0.15436,0.29873,-0.43278,3.186,5.4614,0
1.2702,0.55522,-0.4701,6.5994,6.1518,0
0.89035,0.65782,-0.49198,-4.0959,5.8929,0
-0.91415,0.29873,-0.46367,-7.0542,7.0292,0
-0.7242,-0.060364,-0.41991,5.6891,6.0799,0
0.89035,0.093531,-0.39288,5.4616,6.497,0
0.035589,0.19613,-0.3504,-5.6889,5.6628,0
-0.62923,0.11918,-0.27061,-5.2337,4.9292,0
-0.34431,0.14483,-0.17407,7.282,4.6128,0
0.13056,0.19613,-0.10457,2.7309,3.2176,0
-1.1041,-0.060364,-0.064671,-7.2818,3.5484,0
-0.81917,-0.31686,-0.046652,-1.8203,2.2539,0
0.32051,-0.13731,-0.076255,8.1923,2.4553,0
-0.059385,0.067882,-0.12516,0.00013542,1.9806,0
0.41548,-0.086014,-0.16249,-8.192,1.2902,0
0.60543,-0.31686,-0.18823,2.7309,1.6786,0
-0.34431,-0.31686,-0.19081,6.5994,0.82996,0
-2.3388,-0.21426,-0.11744,-4.3235,1.995,0
-1.1991,-0.16296,-0.014475,-6.8267,1.7936,0
2.125,-0.23991,0.034435,4.3238,2.5272,0
2.7898,-0.18861,0.047306,5.4616,2.9875,0
-1.389,-0.34251,0.05889,-6.5991,2.2971,0
-4.3332,-0.67595,0.061464,-4.5511,2.7286,0
-4.6181,-0.72725,0.073047,7.282,1.2902,0
-2.9086,-0.6503,0.11938,2.2757,1.5491,0
0.89035,-0.90679,0.16958,-8.192,0.94503,0
3.8345,-1.2402,0.21849,-1.8203,0.72928,0
2.7898,-1.3941,0.25067,7.282,1.2183,0
0.22554,-0.95809,0.21849,0.2277,0.36969,0
-1.6739,-0.23991,0.11681,-8.6471,1.1464,0
-2.1488,0.11918,0.033148,0.45525,0.053256,0
-1.9589,0.067882,-0.0080391,7.7372,0.26901,0
-1.0091,-0.13731,-0.038929,-2.2755,-0.004278,0
-0.059385,-0.34251,-0.078829,-8.192,-0.46455,0
-1.484,-0.599,-0.10843,3.6411,0.57106,0
-2.4337,-0.57335,-0.14447,6.8269,0.12517,0
-0.62923,-0.47075,-0.20239,-5.0062,1.1608,0
0.22554,-0.23991,-0.29892,-6.3715,0.61421,0
-1.0091,-0.11166,-0.39803,5.234,0.52791,0
-1.7689,0.24743,-0.44436,4.7789,0.71489,0
-1.1991,0.55522,-0.42634,-7.0542,0.35531,0
-0.91415,0.63217,-0.38516,-4.0959,1.995,0
-1.6739,0.91431,-0.35941,7.5096,2.182,0
-1.7689,1.376,-0.39931,2.0482,3.7498,0
-0.059385,1.5812,-0.4907,-7.5093,3.6635,0
0.7004,1.7864,-0.53317,-0.68254,3.1457,0
1.1753,2.0429,-0.54089,7.5096,2.6998,0
1.4602,2.325,-0.53703,-0.9101,1.0313,0
0.51046,2.4276,-0.55248,-7.0542,1.1464,0
1.5552,2.3763,-0.6104,2.5033,-0.20565,0
1.3652,2.7611,-0.66703,7.0545,-0.13373,0
1.8401,2.838,-0.70178,-4.3235,-0.39263,0
2.03,2.5559,-0.69663,-6.5991,-0.99673,0
1.0803,2.3507,-0.62198,5.4616,-0.22003,0
-1.294,2.4276,-0.52287,5.4616,-1.1262,0
-2.0538,2.1968,-0.44565,-6.8267,-0.20565,0
-1.7689,1.4786,-0.41991,-4.5511,-0.78098,0
-1.1991,0.96561,-0.36328,7.282,-0.82413,0
-0.7242,0.52957,-0.26803,2.7309,-0.56523,0
0.32051,0.32437,-0.17536,-7.5093,-1.155,0
1.6501,0.067882,-0.13417,-1.5928,-0.004278,0
2.22,-0.13731,-0.16764,7.282,-0.55085,0
2.22,-0.4964,-0.19724,-1.1377,0.22586,0
1.2702,-1.1633,-0.14318,-7.7369,0.053256,0
1.2702,-1.3685,-0.02992,2.9584,-0.46455,0
2.315,-0.85549,-0.013187,6.8269,-0.29195,0
1.5552,-0.26556,-0.080116,-5.2337,-1.8741,0
-0.059385,0.14483,-0.10586,-5.9164,-1.8741,0
-0.53425,0.067882,-0.045365,5.0064,-3.2981,0
-0.62923,0.016583,0.027999,3.6411,-3.6433,0
0.32051,0.19613,0.04988,-7.9645,-3.7871,0
0.7004,0.35002,0.039583,-2.9581,-4.233,0
0.7004,0.68346,0.057602,7.0545,-2.7659,0
0.7004,0.96561,0.098789,0.45525,-2.6796,0
0.89035,0.86301,0.13354,-7.9645,-1.0255,0
0.89035,0.65782,0.16186,1.5931,-0.63715,0
0.79538,0.76041,0.17344,7.5096,-0.018661,0
0.79538,0.81171,0.18245,-3.1857,0.70051,0
0.79538,0.22178,0.2172,-6.8267,-0.32071,0
0.79538,-0.34251,0.2674,5.4616,-0.018661,0
0.32051,-0.57335,0.3472,5.4616,-1.4282,0
-2.0538,-0.90679,0.40898,-6.3715,-1.1118,0
-2.2438,-1.5737,0.4064,-5.6889,-1.27,0
-1.0091,-2.0867,0.3665,6.8269,-1.6871,0
0.035589,-1.9584,0.35492,3.6411,-1.3132,0
-1.1041,-1.5737,0.39225,-7.0542,-2.6508,0
0.13056,-1.4711,0.42571,-2.0479,-2.0467,0
0.51046,-1.4454,0.38324,8.4198,-2.3632,0
0.79538,-1.548,0.28413,0.91037,-1.1262,0
0.89035,-1.5993,0.1979,-7.5093,0.12517,0
0.79538,-1.3685,0.19017,0.00013542,0.19709,0
0.60543,-0.95809,0.20433,7.5096,0.95941,0
-1.1991,-0.75289,0.1876,-2.503,-0.46455,0
-1.8639,-0.57335,0.13097,-6.3715,-0.43578,0
-2.2438,-0.31686,0.060177,4.5513,-1.7447,0
-2.5287,0.27308,-0.0016037,6.3718,-3.0392,0
-3.9533,0.68346,-0.038929,-6.144,-3.9166,0
-2.9086,0.91431,-0.076255,-4.5511,-5.7433,0
-1.1991,0.99126,-0.12774,7.282,-5.096,0
0.035589,1.1708,-0.17407,2.9584,-5.3693,0
-0.24933,1.0426,-0.20754,-8.192,-3.859,0
-0.62923,1.0426,-0.18952,-2.2755,-2.9241,0
-1.484,1.4786,-0.15605,7.7372,-2.7659,0
-1.1041,1.7607,-0.15734,-0.45498,-1.6296,0
-0.15436,1.7094,-0.16378,-7.7369,-2.1043,0
-1.294,1.3503,-0.12516,1.3655,-0.53646,0
-1.484,1.2734,-0.065958,7.282,-0.19126,0
-0.24933,1.5042,-0.023484,-3.8684,1.1032,0
-0.7242,1.6068,0.00097052,-7.2818,2.3115,0
-1.389,1.6325,-0.02091,3.8687,1.995,0
0.22554,1.9403,-0.08269,5.0064,2.4265,0
1.4602,2.2224,-0.15992,-7.5093,0.22586,0
1.0803,1.7864,-0.26031,-3.8684,-0.57961,0
-0.059385,0.93996,-0.3105,8.1923,-1.946,0
-1.579,0.45262,-0.25516,1.3655,-2.3632,0
-1.1991,0.47827,-0.17793,-8.192,-1.155,0
-1.6739,0.24743,-0.15219,0.00013542,-1.2125,0
-1.0091,0.016583,-0.13804,7.5096,0.16832,0
1.1753,-0.23991,-0.092987,-1.5928,-0.4214,0
1.2702,-0.80419,-0.013187,-7.2818,-0.2488,0
0.89035,-1.4198,0.083344,3.6411,-0.62276,0
0.98533,-1.1633,0.11681,6.1442,-1.4858,0
0.60543,-0.16296,0.047306,-5.6889,-0.9392,0
-1.0091,0.40132,0.0086931,-5.4613,-1.6152,0
-1.6739,0.19613,0.10008,6.8269,-0.34948,0
-0.15436,-0.6503,0.24166,3.4135,-0.23441,0
-0.53425,-1.3941,0.34462,-7.2818,-0.076195,0
-2.4337,-1.7789,0.38967,-2.2755,-0.20565,0
-1.294,-1.8558,0.36393,7.9647,-1.4426,0
-0.059385,-1.8302,0.29057,0.45525,-0.83852,0
-0.62923,-1.5993,0.23136,-8.192,-1.3132,0
-2.6237,-1.2915,0.23136,1.1379,0.024489,0
-3.2885,-1.3685,0.30987,7.0545,0.61421,0
-1.389,-1.625,0.39868,-3.4133,1.0889,0
0.51046,-1.6763,0.41284,-5.9164,2.1388,0
2.5999,-1.1889,0.35878,5.234,1.2327,0
2.5049,-0.88114,0.27255,5.4616,1.7936,0
1.2702,-1.0094,0.19017,-6.8267,0.72928,0
0.22554,-0.90679,0.10522,-4.0959,0.62859,0
0.22554,-0.6503,0.029286,6.3718,0.58544,0
-0.15436,-0.62465,-0.037642,1.8206,0.024489,0
-0.81917,-0.62465,-0.065958,-8.4196,0.68613,0
-1.579,-0.47075,-0.027345,-0.68254,-0.37825,0
-1.1041,-0.52205,0.013841,7.5096,0.55667,0
0.13056,-0.62465,-0.013187,-1.8203,0.65736,0
0.7004,-0.29121,-0.10071,-8.192,1.0026,0
1.6501,-0.086014,-0.15863,3.6411,1.621,0
0.98533,-0.13731,-0.18308,5.9167,0.88749,0
-0.91415,-0.57335,-0.18051,-5.0062,2.1676,0
0.035589,-0.90679,-0.12774,-5.9164,2.2683,0
0.32051,-0.52205,-0.086552,5.6891,3.7642,0
0.035589,0.24743,-0.095561,3.186,4.4833,0
0.41548,0.99126,-0.12903,-7.5093,4.1381,0
-0.43928,1.376,-0.14962,-3.8684,4.6272,0
-1.389,1.4016,-0.12259,7.7372,4.0087,0
0.32051,0.86301,-0.081403,0.45525,5.3463,0
2.125,0.73476,-0.078829,-7.7369,5.519,0
0.51046,1.5555,-0.094274,0.45525,5.6772,0
-0.34431,1.8377,-0.096848,7.282,5.1737,0
-0.34431,1.7351,-0.099422,-2.0479,3.0882,0
0.51046,1.5042,-0.071106,-7.7369,2.6423,0
1.6501,0.86301,0.017703,3.6411,0.70051,0
0.89035,0.042233,0.15928,6.3718,0.74366,0
-1.1041,-0.72725,0.297,-5.2337,0.47037,0
-2.1488,-1.2402,0.36908,-5.4613,0.80119,0
-2.3388,-1.3172,0.34205,6.8269,2.1388,0
-1.9589,-0.93244,0.27512,3.8687,1.808,0
-1.1991,-0.80419,0.2468,-6.5991,2.4409,0
-1.0091,-0.82984,0.22235,-3.1857,0.87311,0
-1.579,-0.62465,0.16829,8.4198,0.39846,0
-1.7689,-0.34251,0.087205,2.2757,0.12517,0
-1.1041,-0.3938,0.044732,-7.5093,-0.14811,0
-1.9589,-0.93244,0.055028,0.45525,1.2758,0
-1.484,-1.035,0.051167,7.7372,1.0745,0
0.7004,-0.72725,0.015128,-2.2755,2.2683,0
-0.059385,-0.29121,-0.053087,-7.9645,1.995,0
-0.24933,0.32437,-0.14061,5.4616,2.0382,0
0.41548,0.70911,-0.19853,6.3718,2.5272,0
0.98533,0.68346,-0.20496,-6.144,2.0813,0
0.79538,0.58087,-0.21526,-4.0959,2.8293,0
0.89035,0.93996,-0.23071,7.0545,1.5635,0
-0.43928,1.0169,-0.23714,1.5931,1.8224,0
-1.7689,0.37567,-0.23843,-8.192,1.5204,0
-2.8136,-0.18861,-0.21783,0.2277,1.506,0
-1.6739,-0.36816,-0.1715,8.1923,2.4409,0
-1.1991,-0.23991,-0.16378,-0.9101,2.0669,0
-1.484,-0.18861,-0.23585,-7.2818,3.1745,0
-0.7242,-0.18861,-0.28991,3.6411,2.3402,0
0.79538,-0.18861,-0.21655,6.1442,2.1245,0
0.22554,-0.36816,-0.081403,-5.9164,1.5491,0
0.89035,-0.36816,0.025425,-6.5991,0.49914,0
2.8848,-0.36816,0.098789,6.1442,1.319,0
2.315,-0.7016,0.14255,4.0962,0.80119,0
1.3652,-0.95809,0.14641,-7.5093,2.2683,0
0.79538,-1.112,0.14641,-2.503,2.369,0
-0.15436,-1.1889,0.15928,8.1923,2.671,0
-0.62923,-1.112,0.17988,0.45525,3.2608,0
-0.34431,-1.4198,0.19918,-7.7369,2.7286,0
-0.43928,-1.548,0.18374,2.0482,4.1813,0
0.7004,-1.0094,0.12067,7.0545,3.9943,0
2.22,-0.7016,0.08077,-3.8684,4.9292,0
0.51046,-0.4451,0.087205,-7.2818,4.7135,0
-1.1991,-0.18861,0.10522,4.7789,3.6491,0
-0.62923,-0.060364,0.12582,5.0064,3.6203,0
1.1753,0.14483,0.13869,-7.0542,2.3402,0
0.89035,0.35002,0.1181,-3.8684,2.9587,0
-0.24933,0.68346,0.07176,7.0545,2.0669,0
-1.389,0.70911,0.075622,2.0482,1.9519,0
-0.7242,0.78606,0.17473,-6.8267,2.1532,0
0.22554,0.93996,0.27383,-0.22742,2.182,0
-0.24933,0.76041,0.27512,7.0545,4.1238,0
-0.62923,0.24743,0.19403,-2.2755,4.1381,0
-0.53425,-0.23991,0.083344,-7.2818,5.2025,0
-0.43928,-0.4964,-0.00031657,4.0962,4.4977,0
-1.1991,-0.62465,-0.054374,6.1442,3.9799,0
-1.9589,-0.72725,-0.054374,-4.5511,3.8792,0
0.41548,-0.88114,0.024138,-4.7786,2.6998,0
1.0803,-1.1376,0.14899,6.1442,3.2608,0
-0.059385,-1.0607,0.21849,3.186,2.4553,0
0.51046,-0.75289,0.19918,-7.2818,2.9443,0
1.4602,-0.29121,0.17087,-2.9581,2.5847,0
0.32051,-0.11166,0.1477,7.9647,1.9662,0
-0.7242,-0.13731,0.13869,0.2277,2.369,0
-2.6237,-0.34251,0.12324,-7.9645,1.2471,0
-3.0985,-0.36816,0.11552,0.45525,2.0813,0
-0.81917,-0.13731,0.12453,6.8269,1.4916,0
-0.53425,-0.0090658,0.088493,-4.0959,2.0813,0
-1.579,0.016583,0.025425,-7.0542,2.7573,0
-1.0091,0.47827,-0.024771,4.5513,2.4121,0
0.13056,1.0169,-0.065958,5.234,3.2032,0
-0.15436,1.4016,-0.10071,-6.8267,1.8368,0
-1.484,1.2734,-0.13417,-5.0062,1.8368,0
-1.1041,1.3247,-0.16635,6.8269,0.95941,0
-0.059385,1.5555,-0.18051,2.2757,0.64298,0
-0.7242,0.93996,-0.17021,-8.4196,1.6642,0
-2.3388,0.19613,-0.11744,-1.3652,1.1895,0
-1.579,0.11918,-0.050513,7.5096,1.7649,0
-1.6739,0.29873,0.0022576,-0.9101,-0.061812,0
0.13056,0.55522,0.021564,-7.5093,-1.0111,0
0.41548,0.27308,0.029286,2.0482,-2.2769,0
-1.294,-0.23991,0.015128,6.5994,-3.7727,0
-0.91415,-0.36816,-0.023484,-3.6408,-3.4707,0
-0.91415,-0.11166,-0.058236,-7.2818,-4.4344,0
-0.62923,0.27308,-0.078829,4.3238,-3.3844,0
0.13056,0.78606,-0.085264,5.9167,-3.7583,0
-1.1991,1.2734,-0.076255,-6.8267,-3.7583,0
-1.7689,1.0426,-0.10071,-4.5511,-3.557,0
-0.059385,0.58087,-0.16893,7.282,-4.5782,0
1.4602,0.63217,-0.23843,2.9584,-3.7296,0
1.3652,1.2477,-0.25645,-7.0542,-4.5782,0
0.79538,1.7094,-0.21269,-1.1377,-4.1898,0
0.51046,1.376,-0.12774,7.282,-4.4631,0
-0.15436,0.65782,-0.04279,-0.9101,-5.1535,0
0.60543,0.58087,0.00097052,-7.5093,-4.6789,0
1.6501,0.70911,0.0086931,3.186,-5.7576,0
3.1697,0.78606,-0.027345,6.3718,-5.1392,0
2.22,1.1195,-0.10457,-5.4613,-5.7576,0
0.13056,1.3503,-0.1715,-6.144,-5.585,0
-1.579,0.55522,-0.18694,5.9167,-5.1248,0
-1.9589,-1.4711,-0.13031,3.6411,-6.0022,0
-0.91415,-3.2152,-0.031207,-7.9645,-5.2974,0
2.4099,-3.5743,0.084631,-2.9581,-6.333,0
4.7843,-3.8052,0.17344,7.5096,-5.6282,0
6.1139,-4.7285,0.23007,0.2277,-5.3837,0
4.2144,-5.1646,0.25195,-7.9645,-5.4844,0
2.125,-4.6003,0.21591,1.5931,-4.7077,0
2.125,-3.9078,0.158,7.282,-5.3261,0
2.6949,-3.4461,0.14126,-2.503,-3.9741,0
0.51046,-3.1639,0.15027,-7.0542,-3.7152,0
-0.059385,-3.3948,0.13483,5.234,-2.2769,0
2.125,-3.6,0.10651,4.5513,-0.7666,0
2.03,-4.0104,0.13225,-7.0542,-0.65153,0
-0.53425,-4.2668,0.19918,-5.6889,0.053256,0
-1.1041,-4.0104,0.22879,7.0545,-1.2269,0
-1.389,-3.4717,0.19532,2.7309,-0.47893,0
-1.0091,-3.01,0.14899,-8.192,0.053256,0
-0.53425,-2.4201,0.1374,-0.68254,1.0889,0
0.22554,-1.2915,0.12067,7.282,2.5128,0
-0.62923,-0.36816,0.094928,-1.5928,1.6642,0
-2.4337,-0.18861,0.051167,-8.192,1.9662,0
-1.0091,-0.34251,0.013841,3.4135,0.45599,0
0.98533,-0.34251,0.007406,7.282,0.12517,0
0.035589,-0.13731,-0.0080391,-4.7786,-0.75222,0
-1.484,0.35002,-0.02992,-5.4613,-2.2193,0
-2.3388,0.55522,-0.074968,6.1442,-1.9029,0
-3.0985,0.016583,-0.12774,4.7789,-2.7515,0
-2.1488,-0.52205,-0.14447,-7.5093,-1.4282,0
0.7004,-0.599,-0.095561,-4.0959,-1.3132,0
0.89035,-0.29121,-0.085264,7.7372,-1.1118,0
0.035589,0.24743,-0.13804,3.4135,-0.57961,0
-0.7242,1.1708,-0.15863,-7.5093,-1.3276,0
-1.1991,1.6581,-0.11873,-0.22742,-0.14811,0
-0.15436,1.5042,-0.092987,7.7372,-0.70906,0
-0.81917,1.2221,-0.11101,-1.1377,0.067639,0
-2.7186,0.78606,-0.12516,-7.0542,0.024489,0
-3.1935,0.067882,-0.074968,3.186,-0.47893,0
-1.1991,-0.62465,0.039583,5.9167,0.082022,0
0.79538,-0.599,0.18889,-5.0062,-0.7666,0
0.22554,-0.060364,0.27383,-7.2818,0.12517,0
0.60543,0.50392,0.21205,5.4616,-0.6803,0
0.22554,0.29873,0.10651,4.7789,-0.14811,0
-1.294,0.067882,0.094928,-7.5093,0.19709,0
-1.8639,0.27308,0.10651,-3.8684,0.18271,0
-0.43928,0.093531,0.083344,7.5096,1.3334,0
-0.34431,-0.26556,0.061464,1.5931,0.42722,0
-0.34431,-0.21426,0.074335,-8.192,0.97379,0
1.1753,-0.21426,0.12839,-0.45498,0.15394,0
0.22554,-0.34251,0.22106,7.282,-0.17688,0
0.60543,-0.5477,0.2867,-3.4133,0.053256,0
0.79538,-0.4451,0.26611,-7.7369,-0.7666,0
1.4602,-0.18861,0.20176,4.7789,0.067639,0
0.41548,-0.31686,0.17601,5.4616,-1.0111,0
0.32051,-0.26556,0.18116,-6.8267,-0.63715,0
-0.059385,0.32437,0.21205,-4.3235,-0.5077,0
0.22554,0.91431,0.26997,6.8269,-0.17688,0
-0.62923,0.86301,0.31759,2.7309,1.506,0
-2.3388,0.63217,0.34977,-7.9645,1.5779,0
-1.294,0.65782,0.36007,-2.7306,3.3902,0
0.7004,0.76041,0.34076,8.1923,3.4334,0
2.5049,0.96561,0.28799,0.45525,3.9368,0
1.2702,1.0169,0.22364,-7.9645,4.0806,0
-1.6739,0.73476,0.17215,1.3655,3.3039,0
-1.1991,0.52957,0.1374,7.282,4.0231,0
-0.059385,0.58087,0.13869,-3.8684,3.1169,0
-0.7242,0.78606,0.15671,-7.2818,4.0375,0
-2.3388,0.99126,0.15928,5.234,3.721,0
-1.294,0.86301,0.1374,5.234,3.8936,0
-0.15436,0.70911,0.13998,-6.3715,4.282,0
-0.43928,0.47827,0.16443,-4.0959,3.3471,0
-1.1991,0.55522,0.15928,8.4198,3.606,0
-1.0091,1.1708,0.12196,2.7309,1.6354,0
-0.62923,1.889,0.074335,-7.7369,1.2183,0
0.32051,2.0429,0.035722,-1.1377,0.88749,0
-0.34431,1.8633,-0.0041778,7.9647,1.6642,0
-1.389,2.0429,-0.076255,-0.9101,4.2244,0
-0.059385,2.1198,-0.1612,-7.7369,4.8285,0
-0.34431,2.2737,-0.22556,3.186,6.497,0
-0.43928,2.5815,-0.25902,7.0545,5.8354,0
0.60543,3.1714,-0.26674,-4.3235,5.3751,0
1.3652,3.1201,-0.241,-5.9164,4.7135,0
0.32051,2.6585,-0.19853,5.0064,3.1888,0
-0.24933,2.6328,-0.18051,3.6411,3.4765,0
1.1753,2.7611,-0.19724,-6.8267,2.0813,0
0.22554,2.6072,-0.27318,-4.3235,2.1964,0
0.32051,2.2481,-0.38902,6.8269,1.0169,0
-0.34431,1.9403,-0.45595,2.2757,-0.5077,0
-1.389,1.9916,-0.43664,-8.192,-1.3419,0
-0.059385,2.1455,-0.37743,-0.22742,-3.2981,0
0.89035,2.0942,-0.34912,7.5096,-2.9673,0
1.6501,1.7094,-0.33625,-2.0479,-3.1399,0
2.22,1.6325,-0.3015,-7.7369,-1.6152,0
1.3652,1.7607,-0.27833,2.9584,0.13956,0
0.7004,1.812,-0.28605,6.1442,0.80119,0
-0.059385,1.889,-0.33496,-5.4613,1.8799,0
-0.43928,2.0172,-0.40575,-5.6889,0.36969,0
0.13056,2.1455,-0.47139,5.4616,0.12517,0
-0.43928,2.402,-0.50743,3.186,-1.1262,0
-1.389,2.2481,-0.48812,-7.2818,-1.3419,0
-1.8639,1.9659,-0.43793,-2.7306,-0.8529,0
-1.6739,1.8633,-0.36971,7.7372,-1.4282,0
1.1753,1.9916,-0.29763,1.1379,-0.73783,0
3.1697,2.325,-0.29635,-7.9645,-2.2337,0
0.51046,2.6072,-0.35427,1.1379,-2.2625,0
-3.3835,2.7354,-0.35813,7.9647,-2.3632,0
-3.7634,2.402,-0.31437,-2.7306,-2.0467,0
-2.7186,2.1455,-0.27833,-7.5093,-0.63715,0
-1.1041,2.1968,-0.27189,3.4135,-0.89605,0
1.3652,2.0685,-0.23843,6.5994,1.6067,0
2.125,1.6325,-0.15091,-5.0062,2.8868,0
2.125,1.1965,-0.049226,-4.7786,3.9799,0
1.8401,0.88866,0.007406,7.0545,3.6635,0
-0.91415,0.37567,0.01899,2.7309,1.1032,0
-2.6237,-0.18861,0.027999,-7.0542,-0.27756,0
-1.389,-0.5477,0.043444,-2.503,-3.0392,0
-0.059385,-0.57335,0.027999,9.1025,-3.3268,0
-0.24933,-0.75289,0.015128,1.8206,-3.8303,0
-1.294,-0.93244,0.065325,-7.0542,-4.3193,0
0.79538,-1.0094,0.13097,1.5931,-4.1898,0
1.9351,-1.035,0.14384,6.8269,-5.8583,0
0.98533,-0.98374,0.14512,-2.7306,-5.7289,0
-1.1991,-1.035,0.1477,-7.5093,-6.7932,0
-3.0036,-0.85549,0.13354,4.0962,-6.2898,0
-2.5287,-0.67595,0.1078,5.4616,-5.7289,0
-1.1041,-0.75289,0.094928,-6.3715,-5.9878,0
-0.059385,-1.0094,0.12196,-4.7786,-5.096,0
-1.1041,-0.85549,0.13869,7.7372,-5.9302,0
-0.81917,-0.62465,0.14899,3.186,-5.0385,0
0.13056,-0.75289,0.1979,-7.5093,-4.9809,0
0.41548,-1.0607,0.24552,-1.5928,-4.4344,0
-0.059385,-1.3685,0.29571,7.282,-2.996,0
-0.34431,-1.2915,0.31888,-0.9101,-2.7947,0
0.41548,-0.90679,0.32146,-8.8747,-0.78098,0
0.51046,-0.6503,0.32532,0.91037,-0.40701,0
-0.53425,-0.599,0.32017,6.8269,0.54229,0
-2.6237,-0.29121,0.30472,-3.6408,0.71489,0
-2.2438,0.14483,0.27512,-7.0542,-0.1625,0
-1.294,0.52957,0.2468,4.3238,0.29777,0
-0.91415,0.45262,0.24938,5.234,-1.0399,0
-1.484,-0.0090658,0.24294,-6.3715,-0.65153,0
-0.81917,-0.599,0.21205,-5.0062,-1.1262,0
0.22554,-0.72725,0.18631,7.9647,-1.2413,0
0.7004,-0.5477,0.15671,2.0482,-0.47893,0
-0.24933,-0.16296,0.08978,-8.192,-1.2988,0
0.60543,0.40132,0.0099801,-0.68254,-0.56523,0
0.89035,0.88866,-0.071106,7.7372,-1.4426,0
0.79538,1.0939,-0.15477,-1.5928,-1.0543,0
0.60543,1.5299,-0.22684,-7.9645,-0.5077,0
-0.34431,1.889,-0.33753,3.6411,-0.73783,0
-0.34431,1.6068,-0.43921,5.4616,0.29777,0
-0.53425,1.0426,-0.48555,-5.9164,-0.55085,0
0.035589,0.96561,-0.48941,-4.7786,0.31216,0
0.60543,0.73476,-0.44565,6.5994,0.12517,0
0.79538,0.19613,-0.38644,3.8687,0.22586,0
0.60543,0.50392,-0.38001,-7.7369,0.87311,0
-0.15436,1.4273,-0.38773,-1.3652,-0.004278,0
-0.34431,1.9659,-0.3504,8.1923,0.72928,0
0.51046,2.0172,-0.33625,0.45525,-0.3351,0
1.2702,2.5046,-0.37229,-7.9645,-0.20565,0
-1.0091,2.7098,-0.38387,0.91037,-0.19126,0
-1.7689,2.3763,-0.34654,7.282,-0.70906,0
-1.1041,2.2737,-0.33496,-3.4133,0.11079,0
-0.91415,1.9659,-0.34397,-6.3715,-0.8529,0
-1.389,0.96561,-0.31437,4.5513,-0.1625,0
-0.81917,-0.31686,-0.23328,4.7789,-1.2125,0
0.41548,-1.1889,-0.13675,-7.2818,-1.457,0
0.7004,-1.2915,-0.064671,-4.3235,-1.3419,0
2.03,-1.0607,0.0035447,7.282,-1.6584,0
2.9798,-1.3172,0.11166,1.5931,0.13956,0
1.5552,-1.7019,0.18889,-8.4196,0.010105,0
0.13056,-1.8302,0.20304,-1.5928,1.3765,0
-0.7242,-1.7276,0.23007,7.5096,1.1176,0
-1.579,-1.3685,0.27126,-2.2755,0.44161,0
-1.1991,-1.3685,0.28156,-7.9645,0.26901,0
-1.294,-1.6763,0.26868,2.5033,-1.1262,0
-2.5287,-1.8045,0.27512,6.1442,-0.29195,0
-2.1488,-2.0097,0.28799,-5.2337,-0.9392,0
-1.294,-1.8558,0.29057,-6.3715,-0.1625,0
-1.1041,-1.1376,0.23651,6.5994,0.15394,0
-1.579,-0.7016,0.20304,4.0962,0.11079,0
-1.0091,-1.2915,0.28027,-6.8267,0.98818,0
-0.81917,-2.7535,0.43215,-2.7306,-0.19126,0
-0.81917,-3.6769,0.55442,7.9647,0.11079,0
-1.6739,-3.4204,0.58402,0.00013542,-0.57961,0
-2.5287,-2.9331,0.5467,-9.1023,-0.14811,0
-0.24933,-2.4201,0.51581,0.45525,0.82996,0
1.4602,-2.3944,0.50165,8.1923,1.1464,0
0.98533,-2.574,0.48363,-0.9101,2.8724,0
1.3652,-2.5227,0.47076,-7.7369,2.4121,0
2.6949,-2.1636,0.47848,2.7309,2.7861,0
1.6501,-1.9328,0.51066,6.8269,1.7649,0
0.89035,-2.1123,0.51838,-4.0959,0.80119,0
-0.059385,-2.1893,0.47591,-5.2337,0.58544,0
0.7004,-2.2662,0.43215,5.9167,-0.65153,0
1.5552,-2.2406,0.39997,4.7789,0.067639,0
-0.059385,-2.0867,0.39997,-7.0542,-0.92482,0
-2.4337,-2.4714,0.42185,-4.3235,-0.57961,0
-1.484,-2.6253,0.42571,6.8269,-0.66591,0
-1.1041,-1.6506,0.3768,2.0482,-0.83852,0
-1.294,-0.67595,0.29057,-7.2818,0.36969,0
0.035589,-0.7016,0.21463,0.00013542,0.038872,0
1.7451,-0.80419,0.16829,7.7372,1.0889,0
2.03,-0.41945,0.11552,-0.9101,0.47037,0
1.0803,0.17048,0.04087,-7.9645,0.71489,0
0.13056,0.22178,-0.028633,2.7309,1.5491,0
0.51046,-0.36816,-0.038929,7.282,2.1388,0
0.89035,-0.5477,-0.0054649,-4.0959,4.584,0
1.4602,-0.34251,0.022851,-6.3715,5.26,0
0.89035,-0.23991,0.051167,5.4616,6.6265,0
0.035589,-0.31686,0.1078,3.6411,5.9936,0
0.13056,-0.6503,0.1773,-7.0542,4.8717,0
-0.34431,-0.82984,0.22106,-3.6408,4.3107,0
-0.43928,-0.21426,0.20819,7.0545,2.4409,0
0.32051,0.55522,0.12839,0.68281,2.4984,0
0.035589,0.96561,-0.02091,-8.192,1.2183,0
0.51046,1.0169,-0.15219,0.91037,1.5491,0
0.32051,0.73476,-0.1818,7.7372,1.4628,0
-1.1041,-0.18861,-0.15348,-2.7306,0.21147,0
-1.1041,-0.82984,-0.12259,-7.7369,-0.26318,0
-0.62923,-0.4451,-0.14447,3.6411,-2.4638,0
-0.43928,0.65782,-0.20882,5.234,-2.507,0
-0.53425,1.376,-0.28734,-6.8267,-2.9097,0
-0.62923,1.3247,-0.33367,-4.5511,-2.5214,0
-0.7242,1.1195,-0.34783,7.5096,-1.6584,0
-1.579,1.0169,-0.32981,2.7309,-2.5789,0
-0.91415,0.88866,-0.28862,-8.4196,-2.2049,0
-1.0091,0.86301,-0.26417,-0.45498,-3.4275,0
-1.6739,0.93996,-0.26546,8.1923,-2.7947,0
-1.0091,0.99126,-0.28219,-0.22742,-1.8741,0
0.13056,1.1965,-0.3105,-7.9645,-0.89605,0
-0.43928,1.5042,-0.32981,2.5033,1.1895,0
-1.484,1.4786,-0.3414,6.8269,0.85873,0
-1.0091,1.1195,-0.34397,-4.0959,1.3621,0
0.41548,1.0169,-0.34268,-6.8267,-0.27756,0
1.6501,1.1965,-0.35555,6.1442,-0.83852,0
1.0803,1.0169,-0.35427,4.5513,-0.47893,0
0.035589,0.60652,-0.31694,-6.8267,-0.11935,0
-0.53425,0.29873,-0.30922,-4.0959,1.5347,0
-0.62923,0.22178,-0.33625,7.282,0.61421,0
0.7004,0.35002,-0.3208,1.8206,0.54229,0
2.4099,0.37567,-0.24872,-7.7369,-0.9392,0
1.4602,0.32437,-0.1818,-0.45498,-2.0611,0
-0.81917,0.50392,-0.14447,7.282,-2.4926,0
-0.81917,0.76041,-0.12774,-2.2755,-3.9309,0
-0.7242,0.40132,-0.096848,-7.0542,-3.3844,0
-0.81917,-0.16296,-0.032494,3.4135,-4.2905,0
-0.81917,-0.4964,0.04988,6.5994,-3.557,0
-1.484,-0.90679,0.12453,-4.0959,-3.3412,0
-0.91415,-1.1376,0.17859,-6.144,-3.9166,0
1.0803,-0.98374,0.17344,6.3718,-3.8878,0
0.035589,-0.57335,0.13225,3.6411,-5.772,0
-1.294,-0.4964,0.13869,-7.7369,-5.8439,0
0.22554,-0.6503,0.1773,-3.1857,-7.196,0
0.7004,-0.5477,0.18631,6.8269,-7.5268,0
0.79538,-0.41945,0.17344,1.3655,-7.0521,0
0.79538,-0.4964,0.14255,-7.0542,-6.9658,0
0.89035,-0.62465,0.11295,0.68281,-5.2255,0
0.7004,-0.52205,0.097502,7.282,-5.6138,0
-0.7242,-0.31686,0.10394,-3.6408,-4.9378,0
-3.3835,-0.23991,0.11681,-7.2818,-5.5563,0
-3.6684,-0.23991,0.088493,3.8687,-6.0741,0
-2.3388,-0.23991,0.025425,5.4616,-5.0097,0
-0.43928,-0.21426,-0.022197,-5.6889,-5.0672,0
-0.24933,-0.034715,-0.062097,-5.2337,-3.3844,0
-0.81917,0.17048,-0.099422,6.5994,-3.6864,0
-1.579,0.14483,-0.10071,3.186,-3.0536,0
-1.1041,0.17048,-0.087839,-7.7369,-2.6652,0
-1.484,0.093531,-0.12903,-1.8203,-3.3556,0
-1.8639,0.016583,-0.18051,8.1923,-2.9241,0
-0.24933,0.27308,-0.20882,0.68281,-4.3049,0
0.79538,0.55522,-0.22813,-7.7369,-3.9741,0
0.60543,0.60652,-0.25902,2.0482,-4.6789,0
0.79538,0.58087,-0.26803,7.7372,-4.8515,0
0.89035,0.76041,-0.26803,-3.1857,-4.2618,0
0.7004,1.0939,-0.29635,-5.9164,-4.794,0
-0.24933,1.3503,-0.36328,5.0064,-3.6577,0
-0.43928,1.2734,-0.40446,4.7789,-4.3481,0
0.41548,0.83736,-0.3414,-6.8267,-3.8878,0
0.7004,0.14483,-0.26803,-4.0959,-4.2905,0
1.0803,0.14483,-0.23071,6.8269,-5.2686,0
1.6501,0.78606,-0.20368,2.7309,-5.1392,0
0.89035,0.99126,-0.17793,-7.2818,-6.6494,0
-0.24933,0.73476,-0.12903,-1.1377,-6.1604,0
-1.1991,0.55522,-0.086552,7.9647,-7.009,0
-0.81917,0.45262,-0.073681,-1.1377,-6.9371,0
-0.53425,0.58087,-0.073681,-8.192,-6.4768,0
-0.43928,1.0169,-0.092987,1.5931,-6.448,0
0.60543,1.1965,-0.12645,6.8269,-4.4775,0
2.5999,0.93996,-0.14318,-4.3235,-4.2618,0
2.4099,0.68346,-0.13417,-7.2818,-2.2912,0
1.4602,0.55522,-0.1316,5.0064,-1.6008,0
0.98533,0.60652,-0.13546,4.7789,-0.95358,0
1.9351,0.60652,-0.13417,-7.0542,-0.033045,0
2.22,0.58087,-0.13546,-5.0062,-0.43578,0
2.9798,0.60652,-0.13289,7.282,0.98818,0
1.5552,0.45262,-0.072394,2.9584,0.62859,0
1.2702,0.14483,0.039583,-8.4196,1.6067,0
0.7004,-0.5477,0.11037,0.2277,1.8656,0
0.7004,-1.4454,0.16829,7.5096,1.8368,0
0.89035,-2.061,0.27383,-1.5928,2.7573,0
1.4602,-1.9328,0.4167,-7.7369,1.8943,0
0.89035,-1.3428,0.4862,2.7309,2.743,0
0.13056,-1.2146,0.48492,6.5994,1.9231,0
1.4602,-1.5224,0.45531,-3.8684,1.6786,0
1.4602,-1.4711,0.39611,-6.3715,1.2471,0
-1.484,-0.98374,0.32789,5.4616,-0.14811,0
-2.4337,-0.67595,0.27641,4.7789,0.49914,0
-2.2438,-0.4451,0.25453,-6.5991,0.13956,0
-2.0538,-0.26556,0.23651,-4.3235,1.4628,0
-1.294,-0.29121,0.19532,6.5994,1.8368,0
-0.91415,-0.5477,0.17473,2.9584,2.0525,0
-1.294,-0.29121,0.2069,-7.2818,2.9299,0
-0.91415,-0.34251,0.26482,-1.1377,2.7142,0
-0.91415,-0.90679,0.26354,7.7372,4.5696,0
-1.6739,-1.0094,0.24166,-0.45498,4.9005,0
-1.9589,-0.4451,0.21591,-7.9645,5.6772,0
-0.81917,0.22178,0.18889,1.8206,5.8498,0
0.13056,0.40132,0.16186,7.282,5.145,0
0.41548,0.19613,0.14126,-3.6408,5.8642,0
-0.15436,0.016583,0.13869,-7.0542,4.8285,0
-0.7242,0.27308,0.12711,5.0064,5.2169,0
-2.5287,0.52957,0.10394,4.7789,3.7929,0
-1.1041,0.63217,0.083344,-7.0542,2.6854,0
0.035589,0.68346,0.047306,-5.0062,2.0525,0
1.1753,0.91431,-0.02091,6.5994,1.0026,0
0.41548,0.88866,-0.058236,2.9584,2.4409,0
0.41548,0.81171,-0.058236,-8.192,2.6135,0
0.7004,1.1708,-0.064671,-1.8203,3.8505,0
-0.24933,1.0939,-0.0917,8.4198,3.7066,0
-1.389,0.60652,-0.10843,-1.1377,2.7717,0
-1.6739,0.42697,-0.11487,-8.192,2.4697,0
-0.15436,0.55522,-0.1213,1.5931,0.67174,0
1.4602,0.63217,-0.099422,7.0545,1.2039,0
1.3652,0.91431,-0.058236,-4.0959,0.62859,0
0.7004,1.1708,-0.038929,-6.8267,1.4916,0
0.13056,0.93996,-0.053087,5.4616,2.4697,0
0.41548,0.42697,-0.102,4.5513,2.3402,0
-0.059385,0.11918,-0.14576,-5.4613,2.9731,0
0.51046,0.11918,-0.18437,-4.5511,1.2758,0
-0.34431,0.24743,-0.2217,6.8269,0.81558,0
-0.91415,0.29873,-0.241,3.6411,-0.19126,0
-1.484,0.68346,-0.241,-7.9645,-0.49331,0
-0.91415,0.65782,-0.21397,-2.503,0.29777,0
-0.62923,0.50392,-0.18051,7.5096,-0.53646,0
-0.7242,0.65782,-0.1612,0.68281,-0.32071,0
-0.7242,1.0682,-0.15605,-7.9645,-2.3632,0
-1.389,1.1965,-0.15219,0.91037,-3.1542,0
-1.8639,1.0939,-0.15477,7.0545,-3.8446,0
0.13056,0.99126,-0.15734,-2.0479,-4.1755,0
1.0803,1.0426,-0.13031,-7.0542,-2.7084,0
-0.53425,1.0426,-0.11229,4.5513,-2.6221,0
-0.059385,0.55522,-0.12002,5.6891,-1.0687,0
-0.34431,0.067882,-0.13675,-6.3715,-1.0543,0
-0.43928,-0.034715,-0.1213,-5.0062,-0.70906,0
-0.81917,-0.11166,-0.0518,7.5096,-0.10496,0
-0.62923,-0.88114,0.046019,3.6411,-0.32071,0
-0.53425,-1.5993,0.12453,-8.192,0.94503,0
0.51046,-1.5224,0.158,-0.9101,0.16832,0
1.4602,-1.035,0.11681,7.7372,0.19709,0
0.22554,-0.52205,0.033148,-1.3652,-0.86728,0
-0.53425,-0.23991,0.00097052,-7.9645,-1.8454,0
-0.62923,-0.21426,-0.0028907,1.5931,-1.6728,0
-0.91415,-0.18861,-0.017049,6.5994,-2.809,0
-1.484,-0.34251,-0.033781,-4.3235,-2.2912,0
-0.81917,-0.29121,-0.065958,-6.5991,-3.4419,0
0.51046,-0.0090658,-0.10714,5.9167,-3.3412,0
1.6501,0.042233,-0.096848,5.9167,-3.1255,0
2.03,-0.0090658,-0.0518,-6.144,-3.2262,0
1.2702,0.14483,-0.026058,-5.2337,-2.1906,0
1.1753,-0.086014,-0.02992,6.8269,-3.4707,0
1.3652,-0.18861,-0.022197,2.7309,-3.0823,0
0.22554,-0.034715,-0.027345,-7.7369,-3.6145,0
0.7004,0.016583,-0.037642,-2.503,-3.0679,0
0.89035,0.067882,-0.036355,7.7372,-2.2337,0
0.60543,0.016583,-0.019623,-0.22742,-2.7371,0
-0.24933,0.19613,-0.015762,-8.192,-1.8166,0
-1.389,0.29873,-0.024771,2.2757,-2.5358,0
-0.62923,0.70911,-0.022197,6.8269,-1.7159,0
1.3652,0.68346,-0.022197,-4.7786,-1.7878,0
2.6949,0.32437,-0.055661,-7.0542,-2.018,0
0.60543,0.22178,-0.11873,5.4616,-1.3851,0
-0.059385,0.29873,-0.18694,4.0962,-1.7734,0
1.6501,0.47827,-0.23328,-7.0542,0.024489,0
3.8345,0.60652,-0.241,-3.1857,-0.004278,0
2.7898,0.93996,-0.2114,7.5096,0.59983,0
0.60543,1.1452,-0.15863,1.1379,0.21147,0
-0.34431,1.0682,-0.12002,-8.4196,-0.91043,0
0.13056,0.91431,-0.071106,0.68281,-0.91043,0
-0.059385,0.65782,-0.027345,7.5096,-2.4207,0
0.32051,0.45262,-0.0041778,-2.0479,-2.0467,0
-0.15436,-0.060364,0.026712,-6.8267,-2.9097,0
0.60543,-0.34251,0.067899,3.8687,-3.0392,0
-0.43928,-0.3938,0.10265,6.1442,-2.8234,0
-1.484,-0.599,0.1477,-5.0062,-3.2549,0
-1.1041,-0.72725,0.1876,-6.8267,-1.8454,0
-1.8639,-1.0607,0.21463,6.1442,-2.4926,0
-1.8639,-1.7019,0.25581,4.0962,-2.018,0
-1.1991,-2.2919,0.29185,-7.5093,-2.6652,0
0.22554,-2.3175,0.27641,-2.7306,-2.8234,0
0.89035,-1.625,0.26096,7.7372,-1.4858,0
1.5552,-1.1889,0.23651,0.45525,-1.1118,0
1.2702,-1.0094,0.1876,-7.7369,1.1176,0
0.98533,-1.3428,0.15671,0.91037,0.93064,0
0.98533,-1.7276,0.17859,7.0545,0.91626,0
0.89035,-1.9584,0.2069,-2.9581,0.010105,0
-0.15436,-2.1893,0.25067,-6.8267,-1.5721,0
-0.53425,-2.1123,0.32146,3.8687,-1.3707,0
-0.7242,-1.8558,0.34334,5.4616,-2.5501,0
-0.62923,-1.8558,0.30344,-7.0542,-1.8597,0
-1.0091,-1.5224,0.23779,-5.9164,-2.4495,0
-2.1488,-1.035,0.18502,6.1442,-2.6652,0
0.41548,-0.77854,0.17087,3.186,-2.5933,0
1.7451,-0.75289,0.158,-8.192,-3.8303,0
0.89035,-0.62465,0.14126,-1.5928,-3.1974,0
-1.8639,-0.4451,0.158,7.282,-3.6864,0
-1.294,-0.23991,0.21205,0.00013542,-2.2193,0
0.035589,-0.18861,0.23136,-8.4196,-1.3707,0
-0.34431,-0.0090658,0.1979,1.3655,-1.644,0
-1.484,-0.11166,0.1773,6.5994,-1.4858,0
-0.91415,-0.47075,0.17988,-3.4133,-2.8666,0
-0.62923,-0.4451,0.18502,-7.0542,-2.4207,0
0.13056,-0.13731,0.17215,4.3238,-3.1255,0
-0.24933,0.042233,0.15285,4.7789,-3.0104,0
-0.7242,-0.18861,0.16186,-6.8267,-2.5501,0
-0.7242,-0.5477,0.2069,-4.5511,-2.7084,0
-1.7689,-0.599,0.2571,7.7372,-1.3563,0
-2.9086,-0.4964,0.26096,2.7309,-1.9748,0
-2.5287,-0.4964,0.23136,-7.5093,-1.2988,0
-1.484,-1.035,0.22106,-1.1377,-1.6296,0
-1.484,-1.1376,0.21978,7.9647,-1.6152,0
-0.81917,-1.2402,0.19403,0.45525,-0.53646,0
-0.62923,-1.1633,0.12711,-7.5093,-0.73783,0
0.41548,-0.95809,0.065325,2.2757,0.57106,0
1.7451,-0.3938,0.051167,7.5096,-0.30633,0
2.22,-0.21426,0.060177,-2.9581,-0.27756,0
3.1697,-0.599,0.055028,-6.5991,-0.39263,0
2.5999,-0.82984,0.0022576,5.234,-0.75222,0
0.32051,-0.599,-0.045365,4.7789,0.31216,0
-0.34431,-0.5477,-0.04279,-6.3715,-0.37825,0
0.32051,-0.26556,-0.032494,-3.4133,0.48476,0
-0.24933,0.35002,-0.031207,8.6474,0.26901,0
-0.81917,0.96561,-0.064671,1.5931,0.41284,0
-1.484,1.1708,-0.13675,-8.8747,0.68613,0
-0.81917,1.0939,-0.19338,0.00013542,-0.49331,0
0.13056,1.0939,-0.23199,7.5096,-0.14811,0
0.98533,1.0939,-0.24872,-2.0479,-1.2844,0
0.79538,1.4786,-0.27189,-7.5093,-0.83852,0
1.3652,2.1711,-0.34268,4.5513,-0.6803,0
-0.91415,2.5302,-0.39545,6.1442,-0.88167,0
-2.8136,2.7867,-0.41991,-5.9164,-0.090578,0
-2.0538,2.8893,-0.43149,-5.6889,-1.0255,0
0.51046,2.5815,-0.43921,6.3718,-0.23441,0
0.89035,2.325,-0.46496,2.9584,-0.73783,0
-0.059385,2.0172,-0.48812,-8.192,-0.1625,0
-0.34431,1.7094,-0.50099,-3.1857,0.54229,0
-0.62923,1.6068,-0.50228,7.282,0.24024,0
0.60543,1.5299,-0.47397,0.45525,1.4053,0
1.6501,1.299,-0.41862,-7.9645,0.80119,0
1.1753,0.93996,-0.35427,0.91037,1.995,0
-0.24933,0.55522,-0.29506,7.5096,2.0094,0
-2.4337,0.22178,-0.22427,-2.503,1.9087,0
-2.3388,0.32437,-0.20882,-7.7369,2.0382,0
-2.2438,0.55522,-0.24486,3.6411,0.70051,0
-1.0091,0.76041,-0.27061,6.3718,1.4053,0
-0.53425,0.52957,-0.27575,-5.4613,0.24024,0
0.41548,0.11918,-0.2809,-5.6889,0.41284,0
1.6501,0.016583,-0.25773,7.0545,-0.22003,0
0.89035,-0.23991,-0.21397,3.4135,-1.1837,0
-1.0091,-0.41945,-0.17922,-7.0542,-0.65153,0
-0.91415,-0.16296,-0.17407,-2.7306,-1.1981,0
-0.43928,-0.0090658,-0.17279,7.9647,0.67174,0
0.60543,-0.21426,-0.1419,0.2277,1.6786,0
1.6501,-0.3938,-0.0917,-7.9645,3.1601,0
1.0803,-0.21426,-0.06081,1.5931,4.8429,0
0.035589,-0.23991,-0.056948,7.0545,5.0299,0
-1.1041,-0.29121,-0.047939,-3.6408,6.8854,0
-2.0538,-0.3938,-0.0016037,-7.0542,7.1587,0
-1.8639,-0.57335,0.067899,5.4616,8.8128,0
-0.059385,-1.035,0.12711,5.4616,10.179,0
1.4602,-0.98374,0.15671,-6.3715,11.143,0
0.13056,-1.4198,0.18374,-4.5511,13.329,0
-0.53425,-2.061,0.1876,7.282,13.43,0
-0.24933,-1.625,0.11681,2.5033,14.451,0
1.2702,-0.72725,-0.0016037,-8.4196,13.113,0
1.5552,-0.13731,-0.089126,-1.5928,10.956,0
0.32051,0.58087,-0.11101,7.7372,8.2662,0
-0.43928,0.93996,-0.085264,-0.68254,4.5696,0
-0.7242,0.45262,-0.047939,-7.7369,3.2176,0
-1.6739,-0.13731,-0.015762,1.8206,1.1176,0
-1.579,-0.52205,0.012554,7.282,1.0313,0
1.0803,-0.29121,0.013841,-4.7786,0.42722,0
2.7898,0.37567,-0.019623,-6.8267,-0.43578,0
1.4602,0.60652,-0.022197,5.234,0.36969,0
-0.91415,0.19613,0.00097052,5.234,0.49914,0
-1.8639,0.016583,-0.0080391,-6.8267,3.2032,0
-1.1991,0.42697,-0.038929,-4.7786,4.5553,0
-0.7242,0.60652,-0.068532,7.0545,6.0655,0
0.13056,0.17048,-0.072394,1.8206,6.5833,0
-0.15436,-0.52205,-0.036355,-7.9645,5.4758,0
-0.53425,-1.4711,0.0099801,-1.8203,5.5477,0
-0.62923,-2.1123,0.046019,7.282,4.1381,0
-0.62923,-1.8045,0.05889,0.2277,4.6416,0
-0.53425,-0.90679,0.034435,-7.7369,4.4258,0
0.22554,0.067882,-0.031207,1.8206,3.9943,0
-0.34431,1.1452,-0.12002,7.0545,3.8792,0
-0.7242,1.4016,-0.19595,-3.8684,2.2827,0
-1.579,1.2734,-0.26288,-7.0542,2.8005,0
-1.1041,1.5299,-0.30664,5.0064,2.5272,0
-0.7242,1.6581,-0.31694,5.4616,3.9799,0
-1.0091,1.1708,-0.33625,-6.5991,4.6847,0
-1.389,1.1965,-0.38902,-4.5511,4.397,0
-0.91415,1.7864,-0.47911,7.282,4.8573,0
0.035589,1.9403,-0.54347,3.186,3.606,0
-0.15436,1.5555,-0.55376,-7.5093,4.3539,0
-0.53425,1.5812,-0.54604,-0.22742,4.0518,0
-0.7242,1.7607,-0.52287,8.4198,4.7566,0
-1.579,1.7351,-0.46882,-0.22742,6.1662,0
-1.0091,1.6838,-0.41991,-8.4196,6.3676,0
0.22554,1.6325,-0.36971,2.2757,7.8778,0
0.7004,1.1965,-0.28219,6.8269,6.8422,0
1.1753,0.78606,-0.17922,-3.8684,7.058,0
1.6501,0.68346,-0.056948,-6.8267,6.3676,0
1.1753,0.42697,0.057602,5.6891,5.6484,0
-0.15436,-0.0090658,0.1477,4.7789,5.9936,0
-1.6739,-0.57335,0.2069,-7.0542,4.7279,0
-2.1488,-0.95809,0.24423,-4.7786,5.0443,0
-3.0036,-0.93244,0.26225,7.282,3.9368,0
-2.4337,-0.62465,0.28413,2.9584,4.0662,0
-0.34431,-0.75289,0.31631,-7.5093,4.1238,0
0.41548,-0.90679,0.37551,-0.9101,3.419,0
-0.059385,-1.2659,0.41541,7.5096,3.8361,0
0.41548,-1.7019,0.40126,-1.5928,2.6998,0
0.51046,-1.8045,0.40769,-8.192,3.2032,0
-0.43928,-1.9584,0.41799,2.7309,2.6423,0
-0.43928,-2.0354,0.39353,5.9167,2.671,0
-0.43928,-1.7532,0.34591,-4.7786,2.8868,0
0.32051,-1.2402,0.28284,-6.5991,2.2108,0
0.7004,-0.75289,0.25968,5.0064,3.419,0
0.79538,-0.7016,0.25067,4.7789,3.0738,0
0.98533,-0.88114,0.21978,-7.0542,3.9224,0
0.98533,-0.85549,0.19661,-3.8684,3.6347,0
1.4602,-0.6503,0.21334,7.7372,3.232,0
0.22554,-0.29121,0.24294,1.5931,3.4046,0
-0.24933,0.067882,0.22879,-8.192,2.1101,0
-0.53425,0.32437,0.18374,0.45525,2.3978,0
0.035589,0.99126,0.12711,8.1923,1.2327,0
-1.389,1.812,0.05889,-1.8203,1.4628,0
-2.0538,2.1711,-0.006752,-8.4196,1.621,0
-2.1488,2.1711,-0.02091,3.186,1.2615,0
-1.6739,1.812,0.012554,7.5096,2.1532,0
0.51046,1.1708,0.027999,-5.0062,1.2758,0
-0.059385,0.73476,-0.019623,-5.4613,1.7361,0
-1.389,1.0426,-0.092987,6.1442,1.0889,0
-1.294,1.812,-0.12388,3.186,1.319,0
-1.6739,1.7094,-0.081403,-7.9645,2.3258,0
-2.4337,1.2477,0.00097052,-2.7306,1.8656,0
0.60543,0.93996,0.097502,8.4198,2.7142,0
1.5552,0.65782,0.19532,0.45525,1.8799,0
0.51046,0.22178,0.32274,-7.5093,2.5847,0
-0.34431,-0.52205,0.44759,2.2757,3.0738,0
-0.62923,-0.599,0.51581,7.0545,3.1601,0
-1.1041,-0.47075,0.5068,-3.4133,4.1957,0
-1.389,-0.599,0.50165,-7.9645,3.232,0
-1.1041,-0.67595,0.55828,4.5513,3.8649,0
-1.484,-0.90679,0.64709,5.0064,3.3327,0
-0.91415,-1.035,0.71788,-7.0542,3.5053,0
-0.7242,-1.1376,0.74105,-4.7786,4.282,0
-1.389,-1.3428,0.68956,7.5096,3.7498,0
-1.1041,-1.4198,0.60976,1.8206,4.5553,0
-0.62923,-1.2915,0.54155,-7.9645,3.2176,0
0.60543,-0.90679,0.48749,-1.1377,3.2751,0
0.79538,-0.6503,0.45917,7.5096,2.9012,0
0.51046,-0.90679,0.47719,-2.0479,2.7573,0
0.035589,-1.2915,0.4862,-8.4196,3.7498,0
0.51046,-1.0607,0.4669,2.9584,3.1025,0
0.51046,-0.75289,0.44759,5.6891,4.0662,0
-0.24933,-0.75289,0.46432,-5.6889,3.2751,0
-1.1041,-1.0094,0.49393,-6.144,3.2176,0
0.22554,-1.035,0.47076,6.3718,2.9012,0
1.5552,-0.57335,0.4167,4.7789,2.1101,0
1.3652,-0.23991,0.37551,-7.2818,2.6998,0
0.89035,-0.4964,0.34848,-3.1857,1.6498,0
0.7004,-0.57335,0.32274,7.282,1.9231,0
0.13056,-0.34251,0.27126,0.68281,0.91626,0
0.32051,-0.18861,0.22364,-8.192,0.15394,0
0.98533,-0.21426,0.1876,2.2757,-0.36386,0
1.6501,-0.060364,0.14126,7.282,-1.9748,0
1.2702,0.17048,0.076909,-3.8684,-1.8885,0
0.89035,0.17048,0.021564,-7.0542,-3.3412,0
0.51046,0.52957,-0.019623,4.7789,-3.0823,0
0.035589,0.70911,-0.062097,5.234,-3.2118,0
1.1753,0.47827,-0.11101,-5.9164,-3.7152,0
1.0803,0.45262,-0.1419,-4.0959,-3.4851,0
1.0803,0.37567,-0.13804,7.0545,-5.1823,0
2.6949,0.14483,-0.10586,3.6411,-5.2111,0
2.315,-0.0090658,-0.102,-7.0542,-6.5631,0
0.32051,-0.0090658,-0.1316,-2.503,-6.5919,0
-0.059385,-0.16296,-0.12645,8.1923,-6.2179,0
1.3652,-0.21426,-0.06081,-0.22742,-6.1604,0
1.5552,-0.060364,0.0086931,-7.7369,-4.5063,0
1.6501,0.067882,0.035722,2.0482,-4.9953,0
1.4602,0.042233,0.027999,7.0545,-4.3049,0
1.1753,-0.13731,0.00097052,-3.1857,-4.7508,0
1.5552,-0.086014,-0.02091,-7.7369,-5.0241,0
0.13056,0.27308,-0.032494,4.5513,-4.3768,0
-0.34431,0.42697,-0.063384,4.3238,-5.0241,0
0.22554,0.70911,-0.13031,-7.0542,-3.8878,0
0.035589,0.88866,-0.16249,-3.6408,-4.4631,0
0.32051,0.11918,-0.16635,6.8269,-3.9597,0
-0.15436,-0.16296,-0.17407,2.2757,-3.9597,0
0.51046,0.067882,-0.20368,-7.9645,-4.4056,0
2.03,0.22178,-0.22684,-1.1377,-3.5857,0
2.7898,0.55522,-0.23714,7.282,-4.3193,0
1.3652,0.65782,-0.23843,-2.2755,-3.2405,0
-0.62923,0.32437,-0.24486,-7.9645,-3.1399,0
-1.0091,0.042233,-0.24744,3.6411,-2.3488,0
-0.7242,0.11918,-0.23457,6.1442,-1.1262,0
0.22554,0.63217,-0.22813,-5.2337,-1.4858,0
-0.43928,1.0939,-0.22942,-5.4613,-0.79537,0
-2.3388,1.2477,-0.22041,6.3718,-2.0036,0
-0.43928,0.99126,-0.23071,3.8687,-1.4714,0
0.89035,0.37567,-0.23457,-7.7369,-1.0687,0
1.5552,0.11918,-0.2011,-2.0479,-0.7666,0
0.41548,0.45262,-0.17665,7.5096,0.44161,0
-0.7242,0.76041,-0.19338,0.91037,-0.090578,0
-1.294,0.37567,-0.24744,-7.5093,0.61421,0
-0.62923,0.067882,-0.29249,0.91037,-0.32071,0
1.7451,0.58087,-0.31437,8.1923,-0.78098,0
1.1753,1.2221,-0.3208,-2.503,-1.2844,0
-0.43928,1.1965,-0.31437,-7.2818,-2.3919,0
0.13056,0.78606,-0.30407,4.5513,-1.6728,0
0.32051,0.58087,-0.29377,5.4616,-2.2912,0
-0.24933,0.58087,-0.3208,-6.144,-1.1262,0
0.13056,0.65782,-0.37743,-4.5511,-0.66591,0
-0.34431,0.78606,-0.42892,7.7372,-0.22003,0
-1.7689,0.70911,-0.47783,3.6411,0.47037,0
-2.6237,0.42697,-0.54733,-7.7369,-0.72345,0
0.13056,0.68346,-0.61555,-0.9101,-0.27756,0
-0.059385,1.0939,-0.62327,7.5096,-1.2125,0
-0.43928,1.1965,-0.56792,-0.68254,-0.78098,0
-0.53425,1.2221,-0.50228,-7.5093,-0.65153,0
-0.24933,1.376,-0.45337,2.7309,-1.083,0
1.6501,1.1965,-0.37872,6.5994,-0.14811,0
2.8848,0.60652,-0.25645,-4.5511,-0.72345,0
1.3652,0.24743,-0.11744,-6.3715,0.47037,0
-1.9589,0.067882,-0.017049,5.4616,0.096406,0
-2.1488,-0.034715,-0.00031657,3.4135,-0.047428,0
-1.1041,0.29873,-0.040216,-7.7369,0.42722,0
-0.059385,0.99126,-0.098135,-3.4133,-0.13373,0
-1.294,1.376,-0.12002,6.8269,0.84434,0
-2.1488,1.0426,-0.11101,1.3655,-0.090578,0
-2.2438,0.83736,-0.099422,-8.4196,0.18271,0
-1.8639,0.70911,-0.062097,0.45525,-0.018661,0
-0.15436,0.32437,-0.041503,7.282,-0.5077,0
-0.53425,0.067882,-0.0093262,-1.8203,0.24024,0
-1.579,-0.086014,0.053741,-7.9645,-0.60838,0
-2.0538,-0.086014,0.10522,4.0962,0.16832,0
-1.7689,-0.0090658,0.10651,5.6891,-0.52208,0
0.32051,-0.26556,0.092354,-6.5991,-0.39263,0
2.4099,-0.67595,0.087205,-6.144,-0.13373,0
2.315,-0.90679,0.15027,5.9167,-0.52208,0
1.3652,-1.4198,0.29571,3.186,0.85873,0
0.60543,-2.2149,0.46175,-6.8267,0.48476,0
-1.1991,-2.8305,0.59303,-2.9581,1.3334,0
-0.81917,-3.4974,0.69729,8.1923,0.49914,0
1.1753,-3.5743,0.76808,0.91037,-0.6803,0
1.9351,-3.2665,0.82213,-7.7369,-1.0399,0
1.0803,-2.7792,0.86976,0.45525,-2.1762,0
-0.62923,-2.497,0.9148,6.8269,-1.27,0
-0.53425,-2.5483,0.92767,-2.503,-1.9029,0
0.79538,-2.8048,0.92639,-7.2818,-1.3851,0
-0.059385,-2.5483,0.90837,4.5513,-1.7591,0
-1.389,-2.2919,0.89421,5.9167,-2.6221,0
-1.0091,-1.9328,0.90837,-5.4613,-2.3632,0
0.22554,-1.548,0.91223,-5.4613,-3.4707,0
0.89035,-1.9328,0.87748,6.8269,-2.6221,0
0.60543,-2.5227,0.84916,2.7309,-3.1542,0
-0.15436,-2.3944,0.85302,-7.9645,-3.0536,0
-0.24933,-2.5227,0.86332,-0.9101,-2.7659,0
0.13056,-2.8048,0.8453,6.5994,-3.6001,0
-0.34431,-2.5996,0.84015,-1.1377,-3.0248,0
-0.43928,-2.4201,0.8453,-7.7369,-4.1898,0
-0.62923,-2.2919,0.85302,2.9584,-3.6145,0
-0.7242,-1.9584,0.87233,6.3718,-3.4994,0
-0.53425,-1.8302,0.86203,-5.6889,-3.1974,0
-0.7242,-1.9328,0.83114,-6.144,-1.9029,0
-1.7689,-2.3175,0.79768,5.9167,-2.133,0
-1.0091,-2.4201,0.76679,4.0962,-0.83852,0
-0.62923,-1.9328,0.67927,-7.5093,-1.1406,0
-0.7242,-0.90679,0.51967,-3.6408,-0.49331,0
-0.43928,-0.36816,0.38324,7.0545,0.067639,0
0.22554,-0.57335,0.28027,2.0482,-0.20565,0
-0.53425,-1.4967,0.15928,-8.6471,0.80119,0
-0.53425,-1.625,-0.02091,-1.3652,-0.34948,0
0.13056,-1.0863,-0.26031,6.8269,-0.076195,0
-1.0091,-0.82984,-0.52802,-1.8203,-0.82413,0
-0.91415,-0.67595,-0.78801,-8.6471,-0.9392,0
0.51046,-0.23991,-1.0197,2.2757,0.082022,0
0.51046,0.11918,-1.2205,6.1442,-0.34948,0
0.60543,0.17048,-1.4367,-4.7786,0.64298,0
-1.1041,0.37567,-1.7121,-6.5991,-0.23441,0
0.22554,0.22178,-1.9876,5.6891,0.38407,0
1.3652,0.093531,-2.2051,4.7789,1.0026,0
0.035589,0.17048,-2.3892,-7.0542,1.2471,0
-1.1991,0.042233,-2.5526,-4.0959,2.4409,0
-0.81917,-0.29121,-2.7251,8.1923,1.5635,0
-0.91415,-0.3938,-2.9233,2.0482,2.2827,0
-0.7242,-0.23991,-3.0803,-8.192,1.2902,0
-0.62923,-0.21426,-3.1962,-0.68254,1.0026,0
-0.62923,-0.31686,-3.3403,7.9647,0.85873,0
-0.62923,-0.36816,-3.5385,-0.9101,0.010105,0
-0.53425,0.042233,-3.7766,-7.5093,0.97379,0
0.22554,0.47827,-3.9993,3.4135,0.36969,0
-0.34431,0.45262,-4.1859,6.8269,1.2902,0
-0.24933,0.24743,-4.3224,-4.3235,1.0026,0
0.32051,0.093531,-4.3906,-6.3715,0.51352,0
-1.294,-0.13731,-4.4292,5.9167,0.47037,0
-1.9589,0.093531,-4.4987,5.234,-0.92482,0
-1.1041,0.47827,-4.5991,-6.5991,-0.66591,0
-0.7242,0.73476,-4.6956,-4.0959,-1.9892,0
-0.91415,0.99126,-4.7896,7.282,-1.7878,0
-2.1488,1.1708,-4.8629,2.2757,-1.644,0
-1.389,1.3503,-4.8707,-7.7369,-1.7303,0
0.41548,1.7094,-4.8333,-2.0479,-0.73783,0
1.1753,1.8377,-4.7728,7.0545,-1.3707,0
-0.91415,1.8633,-4.6197,0.00013542,-0.53646,0
-2.6237,2.0942,-4.4176,-8.192,-1.0111,0
-1.1991,1.9146,-4.2593,1.5931,-1.0255,0
0.035589,1.8633,-4.1357,7.9647,-0.49331,0
1.1753,2.0172,-3.9877,-3.8684,-1.1693,0
2.8848,1.9403,-3.7882,-7.7369,-0.11935,0
2.22,1.9916,-3.5038,4.3238,-0.83852,0
1.5552,2.325,-3.1267,5.0064,0.024489,0
1.0803,2.2737,-2.7199,-6.8267,0.32654,0
0.60543,1.8377,-2.3866,-4.5511,0.32654,0
0.035589,1.6838,-2.1755,6.5994,1.1752,0
0.60543,1.7351,-2.0584,1.8206,0.49914,0
0.13056,1.812,-1.949,-8.4196,1.5204,0
-1.8639,1.6581,-1.7224,-1.5928,1.1608,0
-2.3388,1.5042,-1.411,7.282,1.5204,0
-2.4337,1.4016,-1.1162,-1.8203,1.7936,0
-3.9533,1.299,-0.8395,-8.4196,1.0745,0
-2.9086,0.83736,-0.49198,3.186,1.5923,0
-1.579,0.32437,-0.033781,7.282,-0.17688,0
-1.484,0.37567,0.42314,-5.2337,-0.9392,0
-0.62923,0.52957,0.83629,-6.8267,-2.7515,0
0.13056,0.76041,1.2842,5.9167,-4.1035,0
-0.34431,1.1452,1.7733,3.6411,-3.6433,0
-0.43928,1.6325,2.3061,-7.2818,-3.7727,0
0.32051,1.8377,2.8969,-3.8684,-1.7878,0
1.6501,1.5555,3.5173,7.282,-1.6008,0
1.3652,1.2477,4.1428,0.91037,-0.46455,0
0.98533,1.2477,4.7079,-8.192,0.12517,0
0.89035,1.6838,5.1957,1.1379,0.29777,0
0.79538,2.1198,5.6178,7.7372,2.1532,0
0.7004,1.9659,6.0207,-2.2755,2.556,0
0.79538,1.7607,6.4171,-6.8267,4.5984,0
0.7004,1.9146,6.7479,4.0962,4.8861,0
-0.15436,2.1968,7.0233,6.3718,5.5477,0
-0.62923,2.4533,7.2473,-6.144,6.2237,0
-0.53425,2.325,7.4352,-4.5511,5.7922,0
0.89035,1.9659,7.5652,7.5096,6.4683,0
-0.91415,2.0172,7.6038,2.2757,5.0299,0
-1.8639,2.4789,7.5678,-8.192,4.8142,0
-1.0091,3.1201,7.5098,-1.3652,3.7786,0
0.035589,3.3253,7.4532,7.7372,3.2032,0
-0.34431,3.1458,7.3554,-0.45498,4.1669,0
-1.484,2.9919,7.1855,-8.4196,4.2101,0
-0.91415,2.9406,6.9422,1.8206,5.9217,0
-0.059385,2.9406,6.6913,6.1442,5.8066,0
-0.43928,3.0175,6.4789,-3.6408,6.4251,0
-1.484,3.4792,6.2536,-7.5093,6.4826,0
-0.7242,3.6331,6.0014,4.5513,6.0655,0
1.1753,3.3253,5.7234,4.3238,6.9861,0
1.1753,2.6841,5.4286,-7.2818,6.1806,0
-0.24933,2.2224,5.1506,-4.3235,7.2162,0
-1.579,2.0685,4.8983,7.0545,6.5114,0
-0.62923,2.2224,4.6564,1.8206,6.3676,0
0.13056,2.0172,4.399,-8.192,6.31,0
-0.43928,1.812,4.1171,-1.5928,5.7922,0
-1.579,1.7094,3.8365,7.5096,7.4032,0
-1.9589,1.812,3.5752,-1.3652,7.2593,0
-1.1991,1.5555,3.3088,-8.4196,8.2806,0
-0.62923,1.0169,3.0153,2.2757,7.6765,0
-2.0538,0.40132,2.7077,6.8269,6.8854,0
-3.0036,0.11918,2.4104,-4.7786,6.7559,0
-2.4337,0.29873,2.1363,-6.144,5.5046,0
-1.0091,0.47827,1.8621,5.9167,6.2813,0
-0.15436,0.42697,1.6098,4.7789,5.4758,0
-1.1041,0.19613,1.3691,-7.2818,5.8354,0
-1.8639,-0.086014,1.1362,-2.7306,5.8929,0
-1.9589,0.14483,0.89164,8.875,5.5046,0
0.79538,0.40132,0.6664,1.3655,6.4539,0
1.1753,0.32437,0.47977,-8.4196,5.4758,0
3.0747,0.22178,0.32017,0.68281,5.9073,0
3.5496,0.042233,0.16958,7.9647,5.0011,0
2.6949,-0.034715,0.055028,-2.0479,4.282,0
1.3652,0.016583,-0.06081,-6.5991,3.8649,0
0.035589,-0.086014,-0.17279,4.0962,2.3834,0
-0.34431,-0.34251,-0.25259,5.234,2.3834,0
-0.24933,-0.7016,-0.31437,-5.9164,0.77243,0
-2.3388,-0.93244,-0.38773,-6.144,0.71489,0
-2.1488,-0.88114,-0.47397,5.6891,-0.14811,0
-0.7242,-0.4964,-0.58594,4.0962,-0.9392,0
1.4602,-0.41945,-0.69406,-7.2818,-0.52208,0
3.1697,-0.80419,-0.76227,-3.1857,-1.1118,0
3.5496,-1.2915,-0.81891,6.3718,0.38407,0
1.6501,-1.7276,-0.87682,0.68281,0.12517,0
0.89035,-2.1123,-0.90128,-7.9645,0.88749,0
0.79538,-1.9328,-0.95791,-0.45498,1.6498,0
0.51046,-1.5993,-1.0557,7.7372,1.8512,0
-0.53425,-1.3685,-1.1278,-2.0479,3.1601,0
-1.6739,-1.2659,-1.1613,-7.9645,2.0669,0
-1.484,-1.1889,-1.1857,3.186,2.4553,0
0.60543,-1.548,-1.2269,6.8269,1.5923,0
-0.15436,-1.6506,-1.29,-4.3235,1.7793,0
-1.294,-1.3428,-1.3646,-5.2337,2.743,0
-0.62923,-1.3428,-1.4354,5.6891,2.4841,0
1.4602,-1.5224,-1.4689,4.0962,3.7929,0
1.8401,-1.2915,-1.5023,-6.5991,3.2176,0
1.2702,-1.0863,-1.5461,-3.4133,3.6491,0
0.035589,-0.85549,-1.5963,6.8269,3.0882,0
0.32051,-0.75289,-1.6478,2.2757,2.2252,0
0.035589,-1.112,-1.6722,-7.5093,3.0594,0
0.13056,-1.1889,-1.671,-0.45498,2.5416,0
-0.24933,-1.2146,-1.671,7.282,3.8361,0
-1.294,-1.3172,-1.6761,-0.45498,3.3039,0
-0.91415,-1.0863,-1.6787,-7.2818,2.671,0
-0.53425,-0.85549,-1.7315,2.9584,2.0382,0
0.41548,-1.0094,-1.819,6.5994,0.82996,0
1.5552,-1.0863,-1.8537,-4.5511,2.0669,0
1.2702,-1.3941,-1.8473,-5.2337,2.0238,0
1.6501,-1.3172,-1.8473,6.1442,3.1888,0
1.4602,-0.88114,-1.8421,5.234,3.1601,0
0.79538,-0.93244,-1.81,-6.3715,2.3402,0
0.89035,-1.1633,-1.7611,-3.1857,2.2252,0
-0.34431,-0.88114,-1.7443,7.7372,0.78681,0
-0.43928,-0.95809,-1.7559,1.1379,1.6067,0
-0.34431,-0.95809,-1.7726,-7.7369,1.6354,0
1.6501,-0.57335,-1.7714,0.68281,2.4553,0
2.7898,-0.7016,-1.743,7.7372,3.1457,0
0.035589,-1.035,-1.7212,-3.1857,2.671,0
0.22554,-1.035,-1.7109,-7.7369,3.5916,0
-0.24933,-0.88114,-1.6954,4.5513,2.7142,0
0.22554,-0.80419,-1.6838,5.6891,3.6635,0
0.7004,-0.75289,-1.6864,-6.144,3.8217,0
-0.34431,-0.93244,-1.6787,-5.2337,4.0806,0
-1.1991,-1.2915,-1.6491,5.9167,4.8142,0
0.89035,-1.2659,-1.5899,3.6411,4.1525,0
2.125,-1.0607,-1.5126,-7.9645,5.26,0
2.9798,-1.035,-1.429,-2.9581,4.6847,0
1.5552,-1.1633,-1.3621,7.282,5.5046,0
-0.62923,-1.1633,-1.3119,0.68281,5.2744,0
-0.91415,-1.3172,-1.2385,-8.6471,4.9005,0
0.13056,-1.6763,-1.1613,-0.68254,5.3463,0
0.79538,-1.7276,-1.1227,6.8269,4.7998,0
1.5552,-1.5737,-1.1046,-1.3652,6.195,0
0.89035,-0.85549,-1.0763,-7.9645,5.8354,0
-0.059385,-0.5477,-1.057,3.186,6.2094,0
-0.24933,-0.6503,-1.0544,6.1442,5.9792,0
0.51046,-0.72725,-1.0866,-5.6889,4.7566,0
1.4602,-0.6503,-1.1149,-5.6889,4.958,0
1.0803,-0.72725,-1.1085,6.1442,3.6635,0
-0.059385,-0.93244,-1.0737,3.8687,4.2676,0
-0.62923,-1.0094,-1.0583,-7.0542,3.7786,0
-0.53425,-1.035,-1.0712,-2.2755,3.8505,0
0.41548,-1.1376,-1.0532,7.282,4.0375,0
1.5552,-1.4454,-1.021,0.91037,2.8868,0
0.13056,-1.4198,-1.0145,-7.5093,3.5772,0
-1.1991,-1.1376,-1.0145,1.5931,2.7717,0
1.4602,-1.035,-1.0133,7.0545,3.4046,0
3.8345,-0.7016,-1.021,-3.1857,2.9587,0
3.0747,-0.4451,-1.0017,-7.2818,2.1388,0
2.5049,-0.72725,-0.96177,4.7789,2.2539,0
2.125,-0.90679,-0.89999,5.9167,1.2471,0
2.03,-0.67595,-0.86009,-6.3715,2.0669,0
0.98533,-0.21426,-0.84851,-4.3235,1.2183,0
-0.24933,-0.16296,-0.85494,7.5096,0.91626,0
-0.7242,-0.599,-0.84336,2.9584,0.18271,0
-0.53425,-0.62465,-0.81891,-6.5991,-1.1981,0
-0.53425,-0.21426,-0.81762,-1.8203,-1.2269,0
-0.91415,-0.16296,-0.81891,7.9647,-3.1399,0
-1.484,-0.36816,-0.77643,-0.45498,-3.6001,0
-0.15436,0.093531,-0.71594,-7.2818,-4.7652,0
-0.15436,0.17048,-0.67733,1.8206,-5.5419,0
0.60543,-0.21426,-0.65931,7.0545,-5.3405,0
0.51046,-0.5477,-0.62198,-3.1857,-6.3042,0
-0.24933,-0.52205,-0.56406,-7.5093,-5.6282,0
-1.484,-0.36816,-0.51644,5.0064,-6.6926,0
-0.91415,-0.67595,-0.47911,5.9167,-6.7932,0
0.22554,-0.599,-0.44565,-5.6889,-6.9083,0
0.60543,-0.4964,-0.41347,-4.7786,-7.6706,0
-0.24933,-0.5477,-0.40446,6.8269,-7.196,0
-1.7689,-0.599,-0.40961,2.7309,-8.4473,0
-2.1488,-0.47075,-0.39288,-9.1023,-7.872,0
-2.4337,-0.13731,-0.37229,-2.503,-8.2028,0
-3.3835,-0.0090658,-0.36199,8.1923,-7.9727,0
-3.3835,-0.41945,-0.37486,-1.3652,-7.2967,0
-2.7186,-0.67595,-0.35427,-8.192,-7.7569,0
-1.6739,-0.6503,-0.28348,3.186,-6.5775,0
1.7451,-0.75289,-0.24872,6.8269,-6.8652,0
1.5552,-0.90679,-0.2114,-4.0959,-6.3042,0
-0.059385,-1.035,-0.15605,-6.8267,-7.0953,0
0.41548,-0.90679,-0.11358,4.5513,-8.5049,0
0.51046,-0.67595,-0.073681,3.8687,-8.4905,0
-0.34431,-0.57335,-0.050513,-7.0542,-9.4686,0
-1.294,-0.47075,-0.015762,-3.1857,-8.0878,0
-0.91415,-0.21426,0.0035447,7.7372,-8.0734,0
0.32051,-0.18861,-0.017049,0.91037,-7.4261,0
0.60543,-0.21426,-0.0518,-7.2818,-6.9227,0
0.22554,-0.0090658,-0.080116,1.3655,-7.5124,0
-2.0538,-0.060364,-0.094274,7.9647,-6.5343,0
-2.2438,-0.34251,-0.10972,-2.2755,-7.196,0
-1.579,-0.26556,-0.11744,-7.9645,-6.2179,0
-2.6237,0.19613,-0.102,3.6411,-6.1172,0
-2.1488,0.35002,-0.072394,6.8269,-6.2467,0
0.13056,0.22178,-0.065958,-5.4613,-5.5707,0
1.4602,0.17048,-0.081403,-5.6889,-6.4049,0
1.4602,0.32437,-0.089126,6.5994,-5.6282,0
0.60543,0.55522,-0.062097,3.4135,-6.2754,0
-1.1991,0.47827,-0.02091,-7.9645,-6.0165,0
-2.8136,0.52957,0.024138,-1.3652,-5.5994,0
-1.1991,0.58087,0.038296,8.6474,-6.146,0
1.2702,0.42697,0.025425,-1.3652,-5.1392,0
1.6501,0.78606,0.020277,-9.1023,-5.9878,0
0.32051,1.4529,0.042157,1.3655,-5.283,0
-0.34431,1.1965,0.07176,7.7372,-5.5275,0
-0.43928,0.14483,0.1078,-3.1857,-5.5131,0
0.32051,-0.31686,0.15671,-7.5093,-4.8227,0
0.89035,-0.034715,0.18116,4.3238,-5.4844,0
1.7451,0.63217,0.158,5.4616,-4.4056,0
1.7451,0.93996,0.12067,-6.5991,-4.9522,0
0.41548,0.99126,0.10651,-5.4613,-4.4344,0
1.8401,0.86301,0.11037,6.3718,-4.1035,0
2.7898,0.99126,0.12067,2.0482,-4.4631,0
1.7451,1.1965,0.13611,-8.6471,-3.4563,0
0.98533,1.0426,0.18631,-1.5928,-4.1035,0
1.1753,0.68346,0.23265,8.4198,-3.1686,0
2.4099,0.37567,0.21591,-1.1377,-3.4131,0
1.2702,0.32437,0.18374,-8.192,-3.1686,0
-1.0091,0.37567,0.16829,2.2757,-2.5789,0
-0.81917,0.32437,0.16572,6.8269,-3.0967,0
0.13056,0.32437,0.14384,-4.3235,-1.9892,0
-0.43928,0.65782,0.12196,-5.4613,-2.5358,0
-1.579,0.68346,0.11938,6.5994,-1.7591,0
-2.3388,0.14483,0.1374,3.186,-1.5433,0
-2.1488,0.042233,0.15671,-7.2818,-1.831,0
-1.1991,-0.0090658,0.17215,-3.8684,-0.99673,0
-0.81917,-0.29121,0.18245,7.5096,-1.8022,0
-1.0091,-0.36816,0.19918,2.7309,-0.96797,0
-1.484,-0.26556,0.21334,-6.8267,-1.457,0
-1.0091,-0.31686,0.23908,-0.9101,-1.6152,0
-0.91415,-0.80419,0.25324,7.9647,-1.3707,0
-0.34431,-1.035,0.23007,-0.9101,-2.1186,0
0.22554,-0.599,0.21463,-8.4196,-1.155,0
0.60543,-0.26556,0.21205,2.5033,-1.8166,0
0.41548,-0.034715,0.21463,6.8269,-1.083,0
-0.059385,0.27308,0.19532,-5.0062,-1.0399,0
0.51046,0.81171,0.15156,-5.6889,-1.1262,0
0.7004,1.0426,0.097502,6.3718,-0.22003,0
-0.059385,0.91431,0.013841,4.5513,-0.80975,0
1.4602,1.2734,-0.095561,-6.5991,0.45599,0
1.8401,1.8377,-0.20496,-3.8684,0.16832,0
-0.62923,2.1711,-0.25902,6.8269,0.91626,0
-0.7242,2.2737,-0.22684,1.3655,1.2327,0
0.22554,2.2737,-0.17407,-8.8747,0.91626,0
-0.24933,2.2994,-0.18051,-0.9101,1.9519,0
-0.34431,2.2481,-0.18952,7.282,1.4053,0
0.51046,2.402,-0.14833,-1.8203,2.4553,0
1.7451,2.1711,-0.058236,-7.9645,2.369,0
2.315,1.3503,0.042157,3.186,2.556,0
2.4099,0.76041,0.14384,6.5994,3.2608,0
3.0747,0.52957,0.21334,-4.7786,2.7142,0
1.7451,0.042233,0.27898,-6.8267,3.8361,0
1.1753,-0.57335,0.32274,6.3718,3.1745,0
1.4602,-0.88114,0.35878,3.8687,3.9512,0
1.1753,-1.3172,0.43987,-8.6471,4.1525,0
-0.059385,-1.6763,0.51452,-3.6408,3.8361,0
-0.62923,-1.8045,0.54283,7.9647,4.7998,0
-0.62923,-2.0097,0.53254,1.1379,4.095,0
-1.6739,-2.0097,0.5068,-8.192,4.958,0
-2.1488,-1.5737,0.49264,-0.22742,4.3683,0
-2.0538,-1.3172,0.48492,7.0545,4.5553,0
-2.4337,-1.3941,0.46818,-3.1857,4.8573,0
-2.8136,-1.3941,0.42957,-7.0542,4.3107,0
-1.579,-1.5737,0.41155,4.5513,5.2169,0
0.035589,-1.6506,0.43086,5.6891,4.3251,0
-0.059385,-1.3428,0.42828,-6.144,4.8573,0
-0.24933,-1.0863,0.36779,-5.0062,4.3539,0
2.315,-0.7016,0.31245,7.282,4.1525,0
3.0747,-0.29121,0.25839,2.7309,4.5696,0
1.6501,-0.29121,0.1477,-7.5093,3.6203,0
0.22554,-0.41945,0.021564,-1.3652,4.3395,0
0.41548,-0.16296,-0.049226,7.7372,3.4621,0
0.89035,0.14483,-0.086552,-0.45498,3.9224,0
1.6501,-0.086014,-0.10714,-7.2818,4.0662,0
0.89035,-0.599,-0.096848,2.9584,3.7066,0
-0.15436,-0.77854,-0.092987,6.3718,4.584,0
-0.34431,-0.5477,-0.086552,-4.7786,3.9224,0
0.7004,-0.23991,-0.046652,-6.5991,4.958,0
2.4099,-0.18861,0.029286,4.7789,4.8142,0
1.6501,0.093531,0.096215,5.234,4.9292,0
0.035589,0.35002,0.12582,-6.144,5.3751,0
0.13056,0.24743,0.16958,-3.8684,4.4258,0
-0.15436,0.093531,0.24938,8.4198,5.1594,0
0.60543,-0.034715,0.33047,1.3655,4.1957,0
1.6501,-0.0090658,0.39353,-8.4196,4.4546,0
1.2702,-0.11166,0.42442,0.2277,4.2676,0
1.5552,-0.62465,0.41026,6.8269,3.6923,0
1.0803,-0.90679,0.39739,-2.0479,4.1669,0
0.13056,-1.2915,0.42056,-8.192,2.858,0
0.32051,-1.5993,0.45917,3.186,3.3614,0
0.51046,-1.9841,0.49264,6.3718,2.369,0
0.22554,-2.0097,0.50294,-5.4613,2.1532,0
1.2702,-1.9071,0.44115,-6.3715,2.1964,0
1.1753,-1.5737,0.34462,5.0064,1.2471,0
0.98533,-1.0094,0.27512,2.7309,1.9519,0
0.89035,-0.7016,0.24037,-8.192,0.81558,0
1.0803,-0.72725,0.23908,-3.4133,1.0457,0
0.89035,-0.98374,0.2468,7.282,0.55667,0
0.60543,-1.0094,0.22879,0.45525,0.053256,0
0.60543,-1.0094,0.21334,-8.192,0.34092,0
-1.0091,-0.88114,0.22492,0.2277,-0.80975,0
-0.7242,-0.5477,0.23265,7.9647,-0.26318,0
0.32051,-0.23991,0.23007,-2.2755,-1.27,0
0.79538,-0.21426,0.21334,-6.8267,-0.98235,0
0.7004,-0.16296,0.20176,3.6411,-1.1406,0
0.13056,-0.18861,0.19146,5.9167,-1.9029,0
0.60543,-0.21426,0.158,-5.0062,-1.5577,0
1.6501,-0.086014,0.12839,-5.2337,-3.0248,0
0.32051,-0.060364,0.12453,6.8269,-2.7227,0
0.60543,0.11918,0.10136,3.4135,-3.3412,0
-0.15436,0.37567,0.051167,-6.144,-3.37,0
0.32051,0.22178,0.0061189,-4.0959,-2.9385,0
0.79538,0.042233,-0.028633,8.1923,-3.6145,0
0.60543,-0.31686,-0.040216,1.5931,-2.7947,0
0.13056,-0.4451,-0.026058,-8.192,-3.8878,0
1.3652,-0.26556,-0.02091,0.2277,-3.4994,0
0.89035,-0.26556,-0.02091,7.9647,-3.8734,0
0.035589,-0.0090658,-0.0054649,-1.8203,-3.9741,0
0.41548,0.14483,0.0048318,-7.9645,-3.2549,0
-0.34431,0.17048,-0.0054649,3.8687,-3.9166,0
-1.6739,0.50392,-0.026058,7.0545,-2.7947,0
-1.1041,0.93996,-0.053087,-4.7786,-3.6001,0
-1.9589,0.70911,-0.058236,-6.5991,-3.0823,0
-2.1488,0.55522,-0.047939,6.1442,-3.0679,0
-1.8639,0.60652,-0.056948,4.3238,-3.1255,0
-1.1991,0.91431,-0.090413,-7.2818,-1.9892,0
-0.34431,0.83736,-0.10714,-3.6408,-2.6796,0
1.2702,0.40132,-0.11358,7.0545,-1.7303,0
2.03,0.19613,-0.102,2.0482,-2.3775,0
2.125,0.22178,-0.11101,-7.7369,-1.9748,0
1.8401,0.22178,-0.12774,-0.22742,-1.3563,0
2.22,0.63217,-0.1419,7.0545,-1.4714,0
0.32051,1.3503,-0.15863,-3.1857,0.024489,0
-1.484,1.5812,-0.18566,-7.7369,-0.3351,0
-0.91415,1.5299,-0.22684,3.186,0.70051,0
0.22554,1.1965,-0.23714,5.6891,0.93064,0
0.51046,0.70911,-0.18694,-5.6889,0.65736,0
-1.1041,0.76041,-0.17279,-5.6889,1.3909,0
-0.7242,0.81171,-0.20368,6.3718,0.68613,0
0.13056,0.81171,-0.18308,3.186,1.8512,0
0.51046,1.1708,-0.11358,-7.9645,1.6354,0
-0.059385,0.96561,-0.045365,-2.503,2.1964,0
0.51046,0.45262,0.0022576,8.1923,2.7573,0
1.1753,0.24743,0.046019,0.2277,2.2395,0
2.7898,-0.11166,0.10522,-8.192,2.9875,0
2.4099,-0.23991,0.12453,2.0482,1.8368,0
0.32051,0.093531,0.091067,7.282,2.3258,0
-0.15436,0.35002,0.01899,-2.503,1.8512,0
1.4602,0.68346,-0.074968,-6.8267,1.5779,0
1.9351,0.81171,-0.1612,3.8687,2.0669,0
1.2702,0.70911,-0.21912,6.1442,1.319,0
0.79538,0.88866,-0.25902,-6.3715,2.3978,0
0.89035,1.2734,-0.29506,-4.5511,1.6498,0
0.7004,1.7094,-0.33753,6.5994,2.1245,0
0.89035,2.5815,-0.3607,2.7309,1.8799,0
0.41548,3.4279,-0.38773,-7.9645,1.3478,0
-0.059385,3.4023,-0.41347,-1.1377,1.9662,0
0.60543,3.0432,-0.42763,7.9647,1.1032,0
1.4602,2.915,-0.40575,-0.9101,2.0094,0
0.22554,2.8637,-0.34526,-7.9645,1.3046,0
0.32051,2.6072,-0.29249,2.5033,1.3046,0
-0.34431,2.0429,-0.24486,7.0545,1.4628,0
-1.389,1.9403,-0.17279,-3.4133,0.68613,0
-1.1041,1.889,-0.10714,-6.5991,1.4628,0
-0.81917,1.4273,-0.074968,5.6891,0.38407,0
-0.34431,0.52957,-0.069819,4.3238,0.36969,0
1.2702,-0.034715,-0.055661,-7.7369,-0.594,0
0.98533,-0.034715,-0.013187,-3.1857,-1.3276,0
0.035589,0.27308,0.0035447,7.7372,-0.91043,0
0.60543,0.96561,-0.024771,0.2277,-1.831,0
2.7898,1.3503,-0.072394,-8.4196,-1.0399,0
3.3597,0.65782,-0.086552,0.91037,-1.946,0
1.9351,-0.29121,-0.037642,7.282,-2.0899,0
1.0803,-0.67595,0.042157,-3.1857,-2.0611,0
1.1753,-0.52205,0.053741,-7.7369,-2.809,0
2.22,-0.11166,-0.019623,4.3238,-1.9892,0
0.51046,0.27308,-0.083977,5.4616,-2.8953,0
-1.1991,-0.060364,-0.064671,-6.5991,-2.32,0
-1.0091,-1.035,0.011267,-5.2337,-2.8234,0
-0.62923,-1.5993,0.084631,6.8269,-3.3412,0
0.51046,-1.548,0.17859,3.186,-3.0248,0
0.79538,-1.1376,0.24938,-7.2818,-3.9741,0
0.035589,-1.1889,0.24423,-2.2755,-3.0823,0
0.41548,-1.5224,0.21978,8.1923,-3.557,0
0.98533,-1.625,0.20304,0.91037,-3.0536,0
1.4602,-1.4198,0.21334,-7.0542,-2.809,0
0.41548,-1.8558,0.24037,1.1379,-3.3412,0
0.89035,-2.4201,0.25968,7.0545,-2.694,0
1.5552,-2.3431,0.26868,-1.5928,-3.5857,0
1.0803,-2.0097,0.26482,-7.5093,-2.7084,0
0.89035,-1.8302,0.27641,3.6411,-2.7803,0
-0.059385,-1.8815,0.29185,6.3718,-2.5501,0
0.41548,-2.3944,0.29314,-5.4613,-1.8885,0
-0.15436,-2.9331,0.29057,-5.2337,-2.5645,0
-0.62923,-2.497,0.31116,6.5994,-1.6008,0
-0.53425,-1.8558,0.30344,3.6411,-2.4782,0
-0.34431,-1.4711,0.27383,-6.8267,-1.9748,0
0.13056,-1.1376,0.26354,-2.503,-2.2769,0
-0.24933,-0.599,0.25195,8.875,-2.4638,0
-0.7242,-0.23991,0.22879,1.1379,-1.7878,0
-1.0091,-0.23991,0.21334,-7.2818,-2.4782,0
-1.294,0.042233,0.20562,0.68281,-1.3851,0
-0.53425,0.58087,0.20047,7.0545,-1.8885,0
0.89035,0.78606,0.16958,-2.503,-1.3276,0
-0.059385,0.73476,0.1078,-7.2818,-1.155,0
-1.484,0.73476,0.057602,3.4135,-1.4282,0
-1.0091,0.88866,0.029286,5.234,-0.60838,0
-0.91415,0.50392,-0.0028907,-5.6889,-1.3563,0
-1.389,0.14483,-0.033781,-5.0062,-0.4214,0
-0.15436,0.17048,-0.102,6.3718,-0.78098,0
-0.34431,0.42697,-0.16506,3.6411,-0.66591,0
-0.53425,0.60652,-0.15219,-7.9645,-0.37825,0
0.22554,0.63217,-0.11873,-2.9581,-1.2556,0
-0.24933,0.47827,-0.10586,7.7372,-0.43578,0
-0.62923,0.40132,-0.10328,0.91037,-1.1981,0
-1.7689,0.55522,-0.095561,-8.8747,-0.26318,0
-1.389,0.60652,-0.092987,0.68281,-0.23441,0
-0.059385,0.86301,-0.090413,7.282,-0.46455,0
0.7004,1.0169,-0.087839,-3.6408,0.038872,0
-0.34431,0.65782,-0.064671,-7.5093,-1.0255,0
-1.6739,0.016583,-0.0016037,4.3238,-0.14811,0
-2.0538,-0.72725,0.05889,6.3718,-0.91043,0
-1.9589,-1.2402,0.091067,-6.8267,-0.40701,0
-1.1991,-1.1376,0.10265,-4.7786,-0.36386,0
-1.6739,-0.72725,0.14641,7.0545,-1.0543,0
-1.1041,-0.85549,0.21849,2.7309,-0.46455,0
-1.0091,-1.2659,0.25968,-7.9645,-1.6584,0
-0.81917,-1.4198,0.24037,-1.3652,-0.98235,0
-1.1991,-1.2915,0.18889,8.1923,-1.3563,0
0.035589,-0.80419,0.15542,0.45525,-1.3995,0
0.41548,-0.6503,0.17215,-7.5093,-0.6803,0
-0.24933,-0.88114,0.18889,2.5033,-1.2125,0
-0.7242,-1.112,0.16186,7.5096,-0.061812,0
-1.484,-1.3428,0.10651,-4.0959,-0.75222,0
-0.91415,-1.112,0.085918,-6.3715,-0.46455,0
-0.62923,-0.75289,0.10008,4.5513,-0.63715,0
-0.7242,-0.4451,0.08077,5.6891,-1.3132,0
-1.389,-0.26556,0.044732,-6.3715,-0.75222,0
-1.7689,-0.060364,0.015128,-3.6408,-1.8597,0
-0.81917,0.45262,-0.0119,7.9647,-1.2269,0
0.13056,0.60652,-0.026058,2.2757,-1.9173,0
-0.059385,0.47827,-0.063384,-7.5093,-1.9173,0
0.7004,0.78606,-0.11101,0.00013542,-1.8022,0
2.6949,0.99126,-0.10843,8.4198,-2.4351,0
2.315,0.73476,-0.0917,-1.5928,-1.3419,0
1.3652,0.78606,-0.099422,-8.192,-1.7734,0
-0.34431,1.1195,-0.11487,2.5033,-0.62276,0
-0.43928,1.299,-0.12903,6.8269,-0.62276,0
0.22554,1.4529,-0.15091,-4.5511,-0.72345,0
0.51046,1.4529,-0.21269,-6.5991,-0.11935,0
0.035589,1.889,-0.26674,6.3718,-0.96797,0
0.32051,2.2224,-0.2809,3.6411,-0.004278,0
-0.62923,1.6581,-0.2616,-7.0542,-0.83852,0
-0.53425,1.1708,-0.22427,-2.7306,-0.4214,0
0.41548,0.86301,-0.2011,7.0545,-0.49331,0
1.5552,0.35002,-0.19853,0.68281,-0.98235,0
0.035589,0.067882,-0.20496,-8.192,-0.32071,0
-1.389,0.11918,-0.20496,1.3655,-1.155,0
-1.1991,0.042233,-0.2217,6.5994,-0.23441,0
-0.7242,0.093531,-0.24615,-3.1857,-0.88167,0
-0.62923,0.76041,-0.23714,-7.7369,-0.75222,0
-1.0091,1.4273,-0.25387,4.5513,-0.72345,0
-1.7689,1.5042,-0.32852,5.6891,-1.3563,0
-2.0538,1.1708,-0.36328,-6.144,-0.36386,0
-1.0091,0.88866,-0.32852,-5.0062,-1.0255,0
-1.1041,0.83736,-0.27833,5.9167,-0.13373,0
-2.3388,0.99126,-0.25645,2.7309,-0.34948,0
-0.34431,1.1708,-0.26417,-7.7369,-0.19126,0
-0.53425,1.376,-0.27189,-2.0479,0.52791,0
-0.81917,1.5812,-0.27061,8.4198,-0.018661,0
-1.579,1.9916,-0.2513,0.68281,0.80119,0
-1.0091,2.1711,-0.27189,-7.5093,-0.29195,0
-0.81917,2.1198,-0.35813,2.5033,0.010105,0
-0.43928,1.6325,-0.43664,7.5096,-0.11935,0
0.7004,0.91431,-0.43149,-3.4133,-0.62276,0
1.6501,0.22178,-0.37743,-7.0542,0.024489,0
1.0803,-0.57335,-0.33625,5.0064,-0.98235,0
-0.059385,-1.0863,-0.32338,5.6891,-0.34948,0
0.13056,-0.52205,-0.30021,-6.3715,-0.92482,0
-1.0091,0.11918,-0.23972,-5.0062,-0.80975,0
-1.0091,-0.29121,-0.17279,7.0545,-0.26318,0
-0.91415,-1.0094,-0.12259,2.5033,-0.56523,0
-1.579,-0.75289,-0.054374,-7.5093,0.91626,0
-0.81917,-0.6503,0.04988,-0.45498,0.88749,0
0.035589,-0.88114,0.14899,8.1923,2.2683,0
-1.579,-1.0094,0.21077,-0.68254,2.3978,0
-2.6237,-0.88114,0.23522,-7.7369,1.9806,0
-0.7242,-1.1376,0.23007,2.9584,2.1245,0
-1.389,-1.5224,0.25195,5.9167,1.0026,0
-1.7689,-1.6506,0.31759,-5.6889,1.5491,0
0.035589,-1.8558,0.38581,-5.4613,0.45599,0
1.3652,-2.4201,0.43729,6.8269,0.49914,0
0.13056,-2.7792,0.48105,3.4135,0.18271,0
-0.53425,-2.6509,0.47333,-7.7369,-0.39263,0
-0.81917,-2.3431,0.40383,-1.8203,0.36969,0
-0.62923,-1.8558,0.33819,8.1923,-0.53646,0
-0.43928,-1.4967,0.30086,0.00013542,0.18271,0
0.035589,-1.4711,0.28542,-8.192,-0.39263,0
-0.24933,-1.3941,0.28156,0.91037,-0.40701,0
-1.294,-1.3685,0.25839,7.5096,-0.033045,0
0.035589,-1.4198,0.21463,-3.1857,-0.49331,0
1.4602,-1.3941,0.17344,-7.0542,0.71489,0
1.2702,-1.548,0.14384,4.5513,0.24024,0
0.79538,-1.6506,0.12324,6.1442,1.1895,0
0.51046,-1.1633,0.066612,-5.6889,1.0313,0
0.7004,-0.7016,0.0035447,-4.5511,0.29777,0
0.7004,-0.599,-0.015762,7.5096,0.22586,0
-0.15436,-0.57335,-0.024771,3.4135,-1.2988,0
0.79538,-0.4451,-0.044078,-7.7369,-0.8529,0
2.5049,-0.26556,-0.049226,-1.3652,-1.3995,0
1.4602,-0.4964,-0.0016037,8.4198,-0.076195,0
-0.059385,-0.85549,0.087205,0.45525,1.2039,0
-0.53425,-0.88114,0.13869,-7.2818,1.6354,0
0.13056,-0.6503,0.16057,2.2757,2.4265,0
0.60543,-0.599,0.17215,7.5096,0.74366,0
0.13056,-0.90679,0.1477,-4.5511,0.36969,0
1.2702,-1.4198,0.088493,-5.9164,-0.92482,0
1.0803,-1.5993,0.030574,5.9167,-1.083,0
0.89035,-1.035,-0.0080391,4.5513,-0.23441,0
0.7004,-0.3938,-0.0041778,-7.0542,-0.23441,0
0.7004,-0.23991,0.035722,-2.9581,1.2758,0
0.035589,-0.21426,0.064038,7.7372,0.67174,0
-0.7242,0.11918,0.052454,0.68281,1.0889,0
-0.43928,0.47827,0.0022576,-8.192,0.95941,0
1.1753,0.32437,-0.06081,0.45525,0.59983,0
0.32051,-0.086014,-0.12903,6.5994,1.3765,0
0.7004,0.24743,-0.18437,-2.2755,0.57106,0
0.13056,1.1195,-0.20368,-7.7369,1.3621,0
1.2702,1.5555,-0.19595,3.186,0.68613,0
0.79538,1.6581,-0.19724,5.4616,0.84434,0
-0.81917,1.9659,-0.18051,-5.4613,1.1032,0
0.32051,1.889,-0.14576,-6.8267,0.45599,0
1.2702,1.6838,-0.12002,5.4616,1.319,0
0.22554,1.9403,-0.12259,3.6411,0.15394,0
-0.7242,1.9146,-0.12388,-8.192,0.32654,0
-1.389,1.2221,-0.086552,-4.3235,-0.20565,0
0.035589,0.86301,-0.0028907,7.282,-0.52208,0
0.51046,0.83736,0.057602,2.2757,0.35531,0
-0.059385,0.50392,0.07176,-8.192,-0.22003,0
0.32051,-0.0090658,0.094928,-0.68254,0.75804,0
-0.24933,-0.4964,0.13097,6.8269,-0.32071,0
-0.53425,-0.7016,0.16958,-2.503,-0.23441,0
0.7004,-1.1376,0.22621,-8.4196,-0.5077,0
1.2702,-1.625,0.27255,4.0962,-0.89605,0
0.13056,-1.8558,0.29829,6.3718,0.26901,0
-0.53425,-1.2402,0.30987,-5.4613,-0.11935,0
-0.7242,-0.90679,0.30215,-5.4613,0.93064,0
-0.81917,-1.0863,0.30858,6.5994,0.45599,0
-1.484,-1.1633,0.33047,3.8687,0.64298,0
-0.81917,-1.1889,0.33819,-7.5093,0.93064,0
0.22554,-1.1889,0.30472,-1.5928,0.12517,0
1.0803,-1.3428,0.27383,7.7372,0.74366,0
2.6949,-1.2915,0.2468,0.2277,-0.5077,0
1.5552,-0.62465,0.21849,-7.9645,-0.26318,0
-0.059385,-0.16296,0.18889,2.2757,-0.80975,0
-0.53425,0.11918,0.158,7.0545,-1.0687,0
-0.43928,-0.060364,0.11681,-3.4133,-0.23441,0
-0.91415,-0.31686,0.078196,-7.2818,-0.86728,0
-1.294,0.17048,0.07176,5.9167,0.34092,0
-0.15436,0.81171,0.094928,5.234,-0.047428,0
-0.24933,0.86301,0.10265,-7.9645,0.61421,0
0.60543,0.52957,0.094928,-3.4133,0.95941,0
1.7451,0.35002,0.096215,8.4198,0.16832,0
2.22,0.32437,0.10136,1.1379,0.38407,0
2.125,0.40132,0.10651,-7.9645,-1.3419,0
1.2702,0.32437,0.083344,0.68281,-1.083,0
0.22554,0.35002,0.04087,7.5096,-1.5433,0
1.1753,0.37567,0.026712,-2.2755,-1.3851,0
0.22554,0.42697,0.033148,-7.9645,-0.49331,0
-0.34431,0.68346,0.035722,4.5513,-0.47893,0
0.41548,0.47827,-0.0041778,5.9167,1.1176,0
0.89035,0.11918,-0.02992,-5.6889,0.68613,0
1.4602,0.22178,-0.017049,-6.3715,1.3765,0
0.32051,0.17048,0.0022576,6.3718,1.1608,0
-0.53425,0.50392,-0.006752,3.4135,0.62859,0
-0.91415,0.99126,-0.028633,-7.5093,0.90188,0
-0.34431,1.376,-0.053087,-3.4133,-0.1625,0
0.51046,1.3247,-0.078829,7.5096,0.85873,0
1.4602,0.78606,-0.12002,0.68281,0.48476,0
0.13056,0.29873,-0.14447,-8.8747,1.506,0
-0.43928,0.32437,-0.1612,0.68281,2.4409,0
-0.62923,0.81171,-0.17279,7.9647,2.4841,0
0.32051,1.4273,-0.17407,-1.8203,3.4621,0
0.79538,1.5042,-0.18308,-7.0542,2.2683,0
0.60543,0.83736,-0.20882,4.0962,2.6998,0
0.035589,0.78606,-0.22684,5.4616,1.7649,0
0.13056,1.0939,-0.23071,-6.8267,1.2039,0
-0.81917,1.0426,-0.20239,-4.7786,1.132,0
0.41548,1.0169,-0.16506,7.0545,0.15394,0
1.5552,1.1708,-0.16378,2.9584,1.2183,0
1.1753,1.376,-0.18566,-7.9645,0.74366,0
-0.34431,1.4273,-0.21011,-1.1377,1.8224,0
-1.0091,1.4529,-0.22298,8.6474,2.0957,0
0.60543,1.299,-0.241,1.3655,2.2683,0
0.13056,1.1708,-0.25259,-7.5093,3.4765,0
-0.7242,1.6838,-0.26674,0.45525,3.2032,0
-1.294,2.1455,-0.28991,7.282,4.8142,0
-0.059385,2.1711,-0.31823,-3.1857,4.5265,0
1.3652,1.7094,-0.32209,-7.2818,4.9868,0
0.41548,1.1708,-0.29763,4.0962,5.0155,0
0.51046,1.3503,-0.29377,6.3718,4.2532,0
1.6501,1.8633,-0.29377,-5.6889,4.9868,0
2.03,2.0429,-0.25773,-5.2337,4.2244,0
0.51046,1.5042,-0.18823,6.3718,5.332,0
0.7004,0.58087,-0.14061,3.4135,5.2457,0
1.4602,0.11918,-0.0917,-7.2818,5.5477,0
-0.62923,0.042233,-0.035068,-2.0479,6.31,0
-0.62923,0.11918,-0.031207,7.7372,5.8642,0
0.13056,0.19613,-0.062097,-0.22742,6.9429,0
-0.15436,-0.086014,-0.04279,-7.2818,5.9936,0
0.7004,0.14483,0.007406,1.8206,6.4395,0
1.8401,0.45262,0.0048318,6.5994,6.3244,0
2.9798,0.47827,-0.018336,-4.3235,6.3244,0
1.5552,0.55522,-0.036355,-7.0542,7.4319,0
0.13056,1.0682,-0.055661,5.6891,7.0004,0
0.7004,1.1195,-0.08269,4.3238,8.3237,0
1.8401,0.58087,-0.077542,-7.5093,7.9066,0
1.2702,0.32437,-0.006752,-4.5511,8.2518,0
0.89035,0.042233,0.08077,6.5994,8.5826,0
1.6501,0.042233,0.14255,2.2757,8.0504,0
1.8401,-0.11166,0.20047,-8.192,8.8703,0
0.41548,-0.90679,0.28413,-0.9101,7.921,0
0.32051,-1.3172,0.37551,8.1923,8.6689,0
-0.43928,-1.2915,0.44115,-1.8203,8.223,0
-0.43928,-1.5224,0.50422,-6.8267,8.223,0
0.22554,-2.0354,0.57887,4.0962,8.5826,0
-0.059385,-2.5483,0.6561,6.1442,7.4751,0
-0.34431,-2.2919,0.68313,-5.0062,8.0504,0
-0.7242,-1.9841,0.67412,-6.3715,6.7703,0
-0.34431,-1.9328,0.63422,7.282,6.9141,0
0.51046,-2.2662,0.62521,4.0962,6.6984,0
0.79538,-2.7022,0.67412,-6.8267,6.008,0
1.8401,-2.8048,0.73204,-2.7306,6.3244,0
2.03,-2.4714,0.70887,7.7372,4.9005,0
1.3652,-1.8045,0.63293,1.5931,5.3751,0
-0.059385,-1.6506,0.61362,-8.192,4.3827,0
0.32051,-1.8558,0.62392,0.00013542,4.4546,0
-0.24933,-1.8558,0.5763,7.5096,4.7422,0
0.51046,-1.2146,0.54026,-1.8203,4.0662,0
-0.34431,-1.035,0.56343,-7.9645,4.9005,0
-0.24933,-1.2915,0.58273,2.7309,3.8936,0
0.32051,-1.2402,0.55442,6.3718,4.584,0
0.7004,-1.2146,0.49907,-4.7786,4.397,0
0.89035,-1.2146,0.45917,-6.5991,4.1813,0
0.32051,-1.035,0.44115,5.9167,4.8429,0
-0.15436,-0.77854,0.4064,3.4135,4.0375,0
-0.34431,-0.26556,0.36007,-7.0542,4.9724,0
0.89035,-0.23991,0.33047,-2.7306,4.3251,0
-0.62923,-0.16296,0.31502,7.5096,4.7135,0
-0.7242,0.093531,0.26096,1.3655,4.5696,0
-0.91415,0.47827,0.15671,-8.192,3.6491,0
-0.81917,0.60652,0.048593,-0.22742,3.8361,0
-1.484,0.50392,-0.0080391,6.5994,2.4121,0
0.035589,0.22178,-0.044078,-2.7306,2.8293,0
-0.43928,0.40132,-0.058236,-7.5093,2.0813,0
-1.389,0.96561,-0.068532,3.8687,2.0525,0
-1.0091,1.812,-0.092987,5.6891,2.5416,0
0.32051,1.8633,-0.10843,-5.6889,2.1532,0
0.79538,1.7607,-0.1316,-5.0062,3.419,0
0.89035,1.9659,-0.19982,7.282,3.1025,0
0.79538,2.325,-0.27189,3.4135,3.8936,0
0.7004,2.6072,-0.3015,-7.7369,4.0518,0
0.79538,2.838,-0.31694,-1.3652,3.8361,0
0.7004,3.0432,-0.32338,8.875,4.8717,0
-0.059385,3.0945,-0.30021,0.2277,4.397,0
-0.81917,3.1201,-0.24872,-8.192,5.6916,0
-1.7689,2.7098,-0.19595,1.8206,5.5046,0
-1.1041,2.0429,-0.16506,7.282,5.8929,0
-0.7242,1.8633,-0.16764,-3.4133,6.31,0
-0.34431,1.6838,-0.15863,-7.5093,5.821,0
0.51046,1.3503,-0.12388,5.4616,6.7272,0
1.7451,1.0169,-0.090413,5.4616,5.8498,0
2.315,0.50392,-0.046652,-5.6889,6.6984,0
2.03,0.37567,-0.024771,-3.8684,6.6552,0
1.2702,0.40132,-0.022197,7.5096,6.8278,0
0.60543,0.042233,0.024138,2.9584,7.5326,0
0.13056,-0.57335,0.078196,-7.2818,6.8422,0
0.51046,-1.7789,0.12067,-1.1377,7.7915,0
0.7004,-3.1896,0.16057,8.6474,6.8422,0
0.60543,-3.6513,0.19532,0.2277,7.2593,0
-0.24933,-2.7792,0.2069,-7.9645,7.0724,0
-0.34431,-1.9328,0.17344,2.2757,6.6696,0
1.2702,-1.1889,0.12453,7.7372,7.2593,0
0.98533,-1.0094,0.15671,-3.4133,6.1518,0
0.32051,-1.2915,0.23393,-7.0542,6.6696,0
-1.0091,-1.2146,0.27126,4.7789,5.7922,0
-0.62923,-0.75289,0.25581,4.0962,5.6053,0
0.13056,-0.13731,0.20819,-7.0542,5.3751,0
-0.059385,-0.16296,0.167,-5.4613,4.1525,0
0.41548,-0.29121,0.16057,7.0545,4.6128,0
0.41548,-0.21426,0.13483,2.7309,3.4621,0
0.13056,-0.16296,0.097502,-8.192,4.0518,0
0.51046,-0.034715,0.051167,-0.68254,3.6491,0
0.79538,0.042233,-0.00031657,7.7372,3.4621,0
-0.43928,-0.23991,-0.023484,-1.3652,4.0087,0
-1.579,-0.34251,-0.037642,-8.8747,3.1745,0
-1.0091,-0.0090658,-0.064671,2.2757,3.9943,0
-0.62923,0.32437,-0.10586,7.0545,2.9299,0
-0.43928,0.19613,-0.1419,-4.0959,3.1169,0
1.4602,0.19613,-0.19467,-7.2818,2.9012,0
1.1753,0.35002,-0.24744,4.7789,2.2395,0
1.3652,0.40132,-0.25773,5.6891,2.8724,0
2.4099,0.86301,-0.24744,-6.3715,1.7936,0
1.3652,1.3247,-0.27575,-5.0062,2.4265,0
0.13056,1.299,-0.32338,7.0545,1.6786,0
0.51046,1.3503,-0.33625,2.9584,1.319,0
0.60543,1.8633,-0.32595,-7.5093,1.3765,0
0.7004,1.8377,-0.31179,-2.2755,0.16832,0
-0.24933,1.4529,-0.29635,7.7372,0.68613,0
-1.6739,1.0682,-0.30664,0.2277,-0.34948,0
-2.5287,0.99126,-0.32981,-7.0542,0.11079,0
-1.484,1.1452,-0.34654,1.8206,0.34092,0
0.22554,1.2221,-0.37357,7.282,-0.004278,0
-0.059385,0.99126,-0.4006,-2.503,0.71489,0
0.51046,1.0169,-0.40446,-7.2818,-0.34948,0
1.8401,0.86301,-0.38773,5.234,0.25462,0
1.5552,0.42697,-0.36199,5.6891,-0.23441,0
-0.62923,0.27308,-0.34011,-6.144,-0.090578,0
-1.7689,0.63217,-0.34654,-4.3235,0.59983,0
-1.1041,1.2477,-0.36328,7.5096,0.16832,0
-0.7242,1.299,-0.37357,3.6411,1.5204,0
-0.53425,1.0169,-0.33367,-7.7369,0.91626,0
-0.53425,0.68346,-0.31694,-1.5928,1.8368,0
-0.34431,0.35002,-0.33367,7.9647,1.8224,0
0.60543,0.11918,-0.30407,0.45525,1.6067,0
0.79538,0.14483,-0.22298,-7.9645,2.1964,0
0.89035,-0.11166,-0.17793,1.8206,1.1176,0
1.7451,-0.599,-0.19724,5.4616,1.8512,0
0.79538,-0.95809,-0.1818,-4.0959,0.93064,0
0.035589,-1.4711,-0.11358,-6.3715,0.80119,0
-0.43928,-2.061,-0.018336,5.9167,0.85873,0
-0.91415,-1.7019,0.04087,4.7789,0.053256,0
-0.62923,-0.93244,0.052454,-6.8267,1.1176,0
-0.53425,-0.086014,0.029286,-3.4133,0.42722,0
-0.43928,0.35002,-0.0054649,7.7372,1.2902,0
0.32051,0.093531,-0.054374,1.8206,1.3621,0
1.6501,-0.23991,-0.11358,-7.7369,1.2615,0
0.89035,-0.26556,-0.16893,-1.3652,1.9375,0
0.035589,-0.034715,-0.1818,6.8269,1.0026,0
0.41548,-0.26556,-0.18566,-1.3652,2.0094,0
0.51046,-0.18861,-0.22298,-8.4196,1.4053,0
0.035589,0.24743,-0.24872,2.2757,1.7793,0
0.60543,0.70911,-0.23457,7.0545,2.1532,0
1.6501,0.63217,-0.22298,-5.2337,1.5635,0
2.125,0.042233,-0.2114,-6.144,2.369,0
0.98533,-0.41945,-0.17793,5.9167,1.3909,0
-1.1041,-0.4451,-0.12388,4.3238,2.0382,0
-0.62923,-0.23991,-0.095561,-7.2818,1.4916,0
1.2702,-0.0090658,-0.089126,-3.4133,1.3046,0
1.0803,-0.29121,-0.074968,7.5096,1.506,0
1.3652,-0.98374,-0.058236,1.3655,0.57106,0
1.8401,-1.1376,-0.074968,-7.7369,1.319,0
2.03,-0.95809,-0.11615,0.2277,0.28339,0
1.1753,-0.6503,-0.12516,8.4198,0.52791,0
0.13056,-0.62465,-0.044078,-1.3652,-0.033045,0
0.32051,-0.72725,0.044732,-7.2818,-0.82413,0
0.7004,-0.98374,0.048593,4.5513,-0.62276,0
0.51046,-0.85549,-0.013187,6.3718,-1.6152,0
-0.15436,-0.5477,-0.02992,-5.0062,-0.78098,0
-0.34431,-0.23991,0.020277,-5.4613,-1.3132,0
-0.53425,-0.18861,0.065325,6.5994,-0.99673,0
0.51046,-0.29121,0.070473,4.3238,-0.89605,0
1.5552,-0.5477,0.052454,-7.2818,-1.4282,0
0.89035,-0.5477,0.027999,-2.503,-0.69468,0
0.035589,-0.599,0.021564,6.8269,-1.644,0
0.22554,-0.75289,0.025425,0.00013542,-1.0399,0
0.13056,-0.82984,0.016416,-7.9645,-1.644,0
1.3652,-0.5477,-0.024771,1.3655,-1.7159,0
0.89035,-0.57335,-0.063384,7.282,-1.3419,0
0.41548,-1.0094,-0.086552,-3.1857,-2.0899,0
-1.0091,-1.3685,-0.094274,-6.8267,-1.1406,0
-1.8639,-1.1633,-0.10843,5.0064,-2.0755,0
-1.1991,-0.57335,-0.14061,4.7789,-1.6584,0
-0.91415,-0.11166,-0.16378,-6.5991,-1.9029,0
-1.579,0.14483,-0.14318,-4.7786,-2.3632,0
-1.6739,0.016583,-0.10714,7.0545,-1.7734,0
-0.24933,-0.086014,-0.083977,3.186,-2.7371,0
-0.24933,-0.47075,-0.038929,-7.9645,-1.9317,0
-0.24933,-0.62465,0.026712,-2.503,-2.7515,0
0.32051,-0.29121,0.082057,7.5096,-2.507,0
0.51046,0.22178,0.1078,0.00013542,-2.6077,0
-1.1991,0.68346,0.08077,-8.192,-3.3556,0
-1.7689,0.37567,0.030574,2.7309,-2.809,0
-1.294,-0.21426,0.0061189,6.8269,-3.8734,0
-1.8639,-0.36816,0.021564,-3.1857,-3.2549,0
-1.6739,-0.23991,0.035722,-6.144,-3.8734,0
0.89035,-0.21426,0.033148,5.9167,-4.0172,0
1.6501,-0.34251,0.027999,5.234,-3.6289,0
1.2702,-0.52205,0.0086931,-5.6889,-4.3337,0
-0.15436,-0.41945,-0.010613,-3.4133,-3.37,0
-0.34431,-0.13731,-0.0093262,8.4198,-4.2618,0
0.51046,0.016583,-0.0054649,1.8206,-3.9885,0
0.79538,-0.26556,-0.0016037,-7.9645,-4.2618,0
0.7004,-0.52205,-0.026058,0.45525,-4.7652,0
-0.15436,-0.23991,-0.040216,8.1923,-4.1179,0
-0.43928,0.14483,-0.015762,-1.5928,-5.096,0
0.13056,0.40132,0.024138,-7.2818,-4.2761,0
-0.15436,-0.18861,0.066612,3.8687,-4.7508,0
0.60543,-0.6503,0.13097,6.5994,-4.5638,0
0.7004,-1.0094,0.158,-6.144,-4.2474,0
0.22554,-0.85549,0.097502,-5.4613,-5.0097,0
1.1753,-0.13731,0.012554,6.5994,-4.3768,0
0.035589,0.45262,-0.056948,2.7309,-5.3693,0
-0.53425,0.17048,-0.10071,-7.2818,-4.794,0
-0.62923,-0.5477,-0.10843,-2.2755,-5.1104,0
-0.53425,-0.6503,-0.094274,7.9647,-5.3837,0
0.32051,-0.47075,-0.04279,-0.45498,-4.7508,0
0.035589,-0.67595,-0.018336,-7.9645,-5.4556,0
0.60543,-0.75289,-0.040216,2.7309,-4.3768,0
1.5552,-0.29121,-0.069819,6.5994,-5.0385,0
0.98533,0.24743,-0.064671,-5.0062,-4.5638,0
0.98533,0.17048,-0.013187,-7.5093,-4.3768,0
1.9351,0.016583,0.038296,5.4616,-4.9809,0
1.8401,0.11918,0.08077,4.0962,-4.2042,0
1.5552,0.067882,0.097502,-8.192,-5.0816,0
1.5552,0.11918,0.079483,-3.6408,-4.3337,0
0.98533,0.63217,0.035722,6.8269,-4.5207,0
0.13056,0.78606,-0.033781,1.5931,-4.3768,0
0.13056,0.93996,-0.11229,-7.7369,-3.6289,0
-0.24933,1.1452,-0.1818,0.00013542,-4.1179,0
-0.34431,1.2221,-0.25001,7.5096,-2.9241,0
-0.24933,1.2221,-0.31951,-1.8203,-3.7152,0
0.51046,1.2477,-0.32724,-8.192,-3.0248,0
1.6501,1.376,-0.29635,3.4135,-2.9529,0
1.1753,1.4529,-0.28348,6.8269,-2.9385,0
-0.059385,1.4273,-0.29377,-4.3235,-1.6728,0
-0.53425,1.7351,-0.30664,-5.4613,-2.1762,0
-0.81917,2.0942,-0.30793,5.9167,-1.3276,0
-0.53425,2.1198,-0.29635,4.5513,-2.0899,0
-0.81917,2.2481,-0.30664,-7.2818,-2.3056,0
-1.389,2.325,-0.35427,-4.7786,-2.0611,0
-0.7242,2.1455,-0.39931,7.5096,-2.2481,0
0.41548,1.8633,-0.42892,2.2757,-0.55085,0
0.7004,1.8377,-0.4508,-7.9645,-0.78098,0
-0.53425,1.6068,-0.43278,0.91037,-0.13373,0
-2.0538,0.88866,-0.35298,7.7372,-0.89605,0
-0.43928,0.40132,-0.20625,-1.5928,-1.8885,0
0.79538,0.37567,-0.081403,-7.7369,-1.6152,0
1.5552,0.42697,-0.0041778,4.0962,-1.9892,0
0.035589,0.29873,0.061464,6.8269,-0.10496,0
-1.484,0.067882,0.12711,-4.3235,-0.061812,0
-0.91415,-0.11166,0.18502,-6.3715,0.35531,0
-0.53425,-0.4451,0.23265,6.5994,-0.2488,0
0.22554,-1.0094,0.29571,4.0962,-1.5145,0
0.60543,-1.1633,0.38066,-7.5093,-1.1118,0
-0.24933,-0.72725,0.44244,-3.8684,-1.8885,0
-0.34431,-0.47075,0.48105,7.282,-0.62276,0
-0.059385,-1.112,0.52996,1.3655,-0.88167,0
-0.53425,-2.3175,0.55828,-7.5093,-1.2556,0
-1.6739,-2.8818,0.54412,0.68281,-1.4139,0
-1.8639,-2.7022,0.49006,6.8269,-2.8378,0
-0.24933,-2.061,0.41413,-2.0479,-2.1762,0
-0.15436,-2.0097,0.35235,-7.9645,-2.881,0
-0.7242,-2.061,0.3266,3.4135,-2.0755,0
-1.579,-1.8815,0.31502,5.9167,-2.1474,0
-1.9589,-1.6763,0.28928,-6.5991,-3.0823,0
-1.294,-1.3172,0.27255,-5.9164,-2.8378,0
-0.62923,-1.1889,0.27898,5.9167,-4.1467,0
-0.7242,-1.3685,0.28799,3.8687,-3.2405,0
-0.7242,-1.2915,0.28799,-8.4196,-3.4419,0
-0.43928,-0.95809,0.24938,-3.8684,-2.881,0
0.13056,-0.18861,0.167,7.7372,-2.2625,0
-0.15436,0.45262,0.092354,1.3655,-2.9097,0
-0.43928,0.58087,0.055028,-7.7369,-2.2625,0
0.41548,0.68346,0.013841,0.2277,-3.4994,0
1.7451,1.1195,-0.062097,7.282,-3.1399,0
0.89035,1.3503,-0.1213,-2.0479,-3.0536,0
0.32051,0.99126,-0.1419,-7.2818,-2.6364,0
0.41548,0.55522,-0.15992,3.186,-1.27,0
0.32051,0.81171,-0.19338,7.0545,-1.8885,0
-1.294,1.3247,-0.21011,-4.0959,-1.155,0
-1.8639,1.2477,-0.22942,-6.5991,-2.2337,0
-1.0091,0.93996,-0.25001,6.3718,-2.5501,0
0.22554,0.68346,-0.24229,5.234,-2.6652,0
0.60543,0.78606,-0.20368,-7.0542,-3.2549,0
-0.15436,0.86301,-0.13932,-3.4133,-1.9604,0
-0.62923,0.50392,-0.090413,8.4198,-2.3488,0
-0.15436,0.58087,-0.081403,1.5931,-1.2988,0
1.2702,1.0426,-0.080116,-7.5093,-1.6008,0
1.0803,1.4016,-0.073681,0.2277,-1.8885,0
0.32051,1.4273,-0.083977,7.7372,-1.2556,0
1.2702,1.3503,-0.098135,-1.8203,-1.7159,0
0.98533,0.96561,-0.089126,-8.4196,-0.57961,0
-0.059385,0.55522,-0.068532,4.0962,-1.4714,0
-0.24933,0.40132,-0.04279,6.5994,-1.4139,0
-0.81917,0.81171,-0.026058,-5.6889,-1.9173,0
-1.389,1.0426,-0.037642,-5.6889,-2.6077,0
-1.294,0.17048,-0.0080391,5.9167,-1.6008,0
-1.579,-0.41945,0.082057,3.6411,-2.0036,0
-0.81917,-0.16296,0.1876,-7.7369,-0.69468,0
0.035589,0.22178,0.21849,-3.6408,-1.0111,0
-0.24933,0.37567,0.17859,7.5096,-0.78098,0
-0.15436,0.17048,0.13225,0.68281,-0.45016,0
1.1753,-0.23991,0.12968,-8.6471,-0.91043,0
0.79538,-0.88114,0.14126,-0.68254,0.24024,0
-0.059385,-1.9584,0.14255,6.5994,-0.72345,0
0.41548,-2.497,0.16314,-1.5928,-0.78098,0
0.51046,-2.5227,0.21205,-8.192,-1.7159,0
-1.0091,-2.4457,0.25195,3.186,-1.9317,0
-0.91415,-2.4201,0.26868,6.3718,-0.80975,0
-0.91415,-2.0867,0.28413,-5.6889,-0.89605,0
-2.6237,-2.2919,0.30215,-5.6889,0.38407,0
-2.1488,-2.2406,0.29314,6.1442,-0.72345,0
-0.24933,-1.548,0.26354,3.186,-1.1693,0
-0.7242,-0.67595,0.18502,-8.192,-1.7878,0
-2.4337,-0.23991,0.091067,-3.1857,-2.4926,0
-2.0538,-0.086014,0.029286,7.5096,-1.3276,0
-0.15436,0.14483,0.012554,0.68281,-1.5865,0
0.7004,0.042233,-0.0041778,-8.6471,-0.061812,0
0.79538,0.016583,-0.028633,0.2277,-0.23441,0
0.79538,0.32437,-0.040216,7.0545,-0.29195,0
0.51046,0.37567,-0.045365,-2.0479,-0.34948,0
-1.294,0.47827,-0.069819,-6.5991,-1.2556,0
-1.7689,0.96561,-0.077542,4.3238,-0.20565,0
-0.34431,0.83736,-0.095561,6.5994,-0.79537,0
-0.43928,0.65782,-0.12903,-5.4613,0.024489,0
-0.62923,0.47827,-0.1213,-5.0062,-0.17688,0
-0.62923,0.27308,-0.094274,7.0545,-0.26318,0
-0.43928,0.067882,-0.11615,3.6411,0.11079,0
-0.53425,-0.23991,-0.12903,-7.9645,-0.91043,0
0.32051,-0.52205,-0.11358,-2.7306,-0.26318,0
0.41548,-0.599,-0.081403,7.9647,-1.27,0
-0.81917,-0.72725,-0.0518,0.91037,-0.6803,0
0.22554,-0.82984,-0.050513,-8.192,-0.53646,0
0.60543,-0.6503,-0.096848,0.45525,-0.86728,0
1.0803,-0.75289,-0.12259,7.7372,-0.3351,0
1.6501,-1.1889,-0.094274,-1.5928,-1.4858,0
0.89035,-1.4454,-0.065958,-7.2818,-0.72345,0
-1.0091,-1.0094,-0.067245,3.6411,-1.4139,0
-0.62923,-0.5477,-0.085264,5.9167,-1.5002,0
1.0803,-0.26556,-0.083977,-6.3715,-1.27,0
1.2702,-0.21426,-0.08269,-5.6889,-1.5002,0
-0.34431,-0.060364,-0.089126,5.9167,-0.10496,0
-0.34431,0.17048,-0.073681,2.7309,-0.52208,0
0.32051,0.37567,-0.035068,-8.4196,0.082022,0
0.89035,0.55522,-0.045365,-2.0479,-0.47893,0
1.6501,0.58087,-0.062097,7.5096,-1.0399,0
0.035589,0.35002,-0.035068,0.45525,-0.52208,0
-0.34431,-0.23991,-0.017049,-8.6471,-1.0111,0
0.13056,-0.31686,-0.033781,0.68281,0.52791,0
-0.15436,-0.41945,-0.040216,6.3718,0.32654,0
0.41548,-0.82984,-0.041503,-3.1857,0.74366,0
0.7004,-1.4454,-0.045365,-7.7369,0.31216,0
1.2702,-1.4967,-0.035068,3.4135,-0.88167,0
1.4602,-0.85549,-0.0041778,6.1442,-0.30633,0
1.1753,-0.31686,0.046019,-5.2337,-0.99673,0
-0.15436,-0.36816,0.08077,-5.4613,0.29777,0
-0.34431,-0.5477,0.094928,5.6891,0.19709,0
-0.81917,-1.0607,0.15027,4.0962,0.31216,0
-1.0091,-1.4454,0.22106,-7.5093,0.67174,0
-2.4337,-1.5224,0.23007,-3.1857,-0.29195,0
-1.484,-1.3428,0.23908,8.4198,0.28339,0
-0.62923,-0.75289,0.26096,1.8206,-1.0399,0
1.3652,-0.31686,0.25453,-8.6471,-0.72345,0
0.7004,0.016583,0.25324,1.1379,-0.75222,0
0.13056,0.11918,0.24294,7.9647,-0.9392,0
1.2702,-0.060364,0.19403,-2.0479,0.024489,0
0.41548,-0.4451,0.15156,-7.7369,-0.66591,0
0.51046,-0.57335,0.12582,3.186,0.082022,0
0.51046,-0.4451,0.08077,7.5096,-0.86728,0
-1.0091,0.11918,0.044732,-3.6408,-1.0543,0
-0.91415,0.70911,0.011267,-7.7369,-0.95358,0
-0.62923,0.81171,-0.056948,5.0064,-1.5289,0
0.32051,0.96561,-0.10972,4.7789,-0.53646,0
0.7004,0.83736,-0.13675,-6.3715,-1.3419,0
-0.34431,0.81171,-0.16893,-4.7786,-0.69468,0
-1.294,1.2221,-0.20239,7.0545,-0.594,0
-0.91415,1.3503,-0.21397,2.2757,-0.40701,0
0.035589,1.0169,-0.17922,-8.4196,0.72928,0
-0.34431,0.63217,-0.13932,-1.3652,0.067639,0
-1.1041,0.63217,-0.12774,7.7372,0.62859,0
-0.15436,0.63217,-0.13804,-1.1377,-0.43578,0
-0.53425,0.65782,-0.13031,-7.7369,-0.57961,0
-1.389,0.47827,-0.077542,2.7309,-0.65153,0
-0.91415,0.14483,-0.023484,6.8269,-0.95358,0
0.035589,-0.13731,0.0022576,-4.3235,0.32654,0
-0.24933,-0.31686,0.0035447,-7.5093,0.067639,0
-0.24933,-0.4451,0.0022576,5.6891,1.3046,0
2.125,-0.11166,0.007406,4.5513,1.132,0
2.125,0.32437,-0.019623,-7.2818,1.3765,0
0.32051,0.37567,-0.055661,-5.0062,1.7793,0
0.035589,0.093531,-0.089126,7.282,0.91626,0
0.32051,0.42697,-0.15091,2.5033,1.4341,0
0.60543,1.4529,-0.22942,-8.192,0.22586,0
0.7004,1.7864,-0.28991,-0.9101,0.90188,0
0.32051,1.5555,-0.30793,7.9647,1.0745,0
1.3652,1.5812,-0.30407,-0.9101,1.1895,0
2.03,1.4786,-0.26288,-8.192,1.7361,0
1.0803,1.3503,-0.22556,2.7309,0.41284,0
-0.059385,1.3503,-0.21912,7.282,0.82996,0
0.7004,1.2734,-0.18051,-3.6408,-0.20565,0
1.7451,1.1965,-0.095561,-6.3715,0.18271,0
1.8401,0.93996,-0.013187,5.6891,0.59983,0
0.41548,0.22178,0.055028,6.1442,0.62859,0
0.41548,-0.21426,0.12968,-5.6889,1.8368,0
0.32051,-0.57335,0.22364,-4.3235,1.0601,0
2.03,-0.90679,0.29443,7.282,1.2758,0
1.1753,-1.4711,0.31373,2.2757,0.12517,0
-0.15436,-2.1893,0.32017,-7.5093,-0.11935,0
-1.294,-3.01,0.34848,-0.68254,0.74366,0
-0.7242,-3.2409,0.39225,7.9647,0.72928,0
0.98533,-2.6253,0.3871,-0.45498,1.9375,0
1.0803,-1.625,0.3266,-7.7369,0.80119,0
0.89035,-1.112,0.28542,1.5931,0.72928,0
0.60543,-1.1376,0.28542,6.8269,0.067639,0
-0.059385,-1.3428,0.29571,-3.6408,-0.30633,0
-0.43928,-1.2402,0.28542,-6.3715,0.65736,0
0.035589,-1.112,0.24423,5.4616,0.067639,0
-0.24933,-1.0094,0.22106,4.3238,1.0889,0
-0.62923,-0.88114,0.23651,-7.0542,0.35531,0
-1.1991,-0.7016,0.25324,-4.0959,0.26901,0
-0.15436,-0.5477,0.24552,7.0545,0.067639,0
-0.059385,-0.57335,0.23136,1.1379,-1.0111,0
0.32051,-0.72725,0.22364,-7.5093,-0.43578,0
0.7004,-0.98374,0.20304,-0.9101,-1.27,0
0.60543,-1.0094,0.16443,7.0545,-0.26318,0
-0.7242,-0.72725,0.10651,-2.9581,-0.23441,0
1.0803,-0.16296,0.067899,-8.4196,-0.061812,0
1.7451,0.42697,0.056315,4.3238,0.24024,0
1.1753,1.1452,0.04087,6.3718,-1.0255,0
-0.34431,1.5555,0.012554,-5.0062,-0.53646,0
-1.294,1.376,-0.013187,-5.6889,-1.3276,0
-0.62923,1.1452,-0.033781,5.4616,-0.52208,0
1.3652,1.0426,-0.068532,3.186,-0.018661,0
2.03,1.1708,-0.12903,-7.5093,-0.13373,0
0.98533,1.0939,-0.17665,-1.8203,0.61421,0
-0.15436,0.73476,-0.1818,8.4198,-0.56523,0
-0.24933,0.73476,-0.14833,1.5931,0.038872,0
1.3652,1.1195,-0.13932,-7.7369,-0.49331,0
1.7451,1.2221,-0.1715,1.5931,-0.36386,0
0.13056,1.2221,-0.21783,8.4198,0.39846,0
-1.294,1.376,-0.22684,-1.8203,-0.19126,0
-1.1041,1.4273,-0.19338,-7.2818,0.65736,0
-0.059385,1.0169,-0.15863,4.5513,-0.47893,0
-0.91415,0.58087,-0.16249,6.1442,-0.34948,0
0.32051,0.55522,-0.20239,-5.2337,-0.57961,0
2.22,0.42697,-0.22556,-5.2337,-0.8529,0
1.1753,0.42697,-0.24358,7.5096,0.45599,0
-0.91415,0.55522,-0.25259,3.186,0.13956,0
-0.81917,0.58087,-0.26288,-7.2818,1.2758,0
0.035589,0.73476,-0.27575,-1.3652,0.65736,0
-0.7242,0.81171,-0.28734,7.7372,0.35531,0
-1.389,0.83736,-0.29635,-0.45498,0.36969,0
-0.91415,0.91431,-0.30922,-7.7369,-0.55085,0
0.32051,1.0169,-0.30021,2.0482,0.19709,0
0.79538,1.0426,-0.25773,6.8269,-0.56523,0
0.51046,1.0426,-0.19081,-4.5511,0.34092,0
-1.0091,0.73476,-0.13675,-7.5093,0.31216,0
-1.1991,0.067882,-0.083977,5.234,0.15394,0
-0.7242,-0.62465,-0.0054649,5.6891,0.34092,0
-0.53425,-0.80419,0.085918,-6.3715,-0.75222,0
0.22554,-0.41945,0.17344,-5.0062,-0.033045,0
-0.34431,0.19613,0.22106,6.8269,-0.95358,0
-1.579,0.24743,0.24423,2.2757,-0.55085,0
-2.1488,-0.18861,0.26482,-8.4196,-0.7666,0
-1.1991,-0.7016,0.28928,-2.2755,-1.457,0
-0.81917,-0.95809,0.31245,7.5096,-0.83852,0
-0.62923,-0.95809,0.31116,-0.45498,-1.6008,0
0.32051,-1.0607,0.30472,-8.4196,-0.69468,0
0.60543,-1.0094,0.30086,1.1379,-1.0974,0
0.60543,-0.95809,0.29185,6.3718,-1.2269,0
0.13056,-0.72725,0.27769,-4.0959,-0.9392,0
1.5552,-0.18861,0.26997,-6.5991,-1.5865,0
1.6501,0.11918,0.25324,3.6411,-0.5077,0
-0.059385,0.19613,0.17859,5.4616,-1.1406,0
-1.1041,0.093531,0.082057,-6.5991,-0.19126,0
-0.059385,-0.16296,0.037009,-5.0062,-0.047428,0
-0.7242,-0.034715,0.070473,8.1923,-0.061812,0
-2.3388,0.19613,0.12067,2.2757,0.48476,0
-2.2438,-0.086014,0.094928,-8.4196,-0.6803,0
-0.059385,-0.4964,0.051167,-0.22742,-0.047428,0
0.60543,-0.31686,0.020277,8.4198,-1.0543,0
0.89035,0.17048,0.0048318,-0.45498,-0.55085,0
0.79538,0.19613,-0.00031657,-7.9645,-0.36386,0
0.7004,-0.060364,-0.0080391,2.7309,-0.52208,0
0.60543,-0.0090658,-0.028633,7.282,0.25462,0
0.89035,0.19613,-0.026058,-5.0062,-0.83852,0
0.89035,0.24743,-0.017049,-5.4613,-0.4214,0
0.60543,0.22178,-0.02091,6.8269,-1.0255,0
-0.059385,0.37567,-0.026058,4.0962,-0.32071,0
0.32051,0.11918,-0.018336,-7.0542,1.1176,0
-0.15436,-0.4451,0.013841,-2.503,1.4916,0
0.60543,-0.5477,0.055028,7.9647,2.7573,0
0.51046,-0.93244,0.067899,2.2757,1.3334,0
-0.24933,-1.4454,0.052454,-7.7369,0.87311,0
-0.81917,-1.5737,0.056315,-0.22742,-0.22003,0
-1.6739,-1.5224,0.088493,7.282,-0.6803,0
-2.0538,-1.2402,0.087205,-1.5928,0.80119,0
-1.389,-0.90679,0.047306,-8.192,1.1608,0
-1.579,-0.80419,0.035722,2.0482,3.0738,0
-0.81917,-0.95809,0.037009,7.282,2.5128,0
0.22554,-0.7016,0.034435,-4.3235,1.8368,0
-0.43928,-0.26556,0.027999,-6.8267,0.72928,0
-1.389,-0.034715,0.033148,4.5513,-1.0687,0
0.13056,0.042233,0.029286,4.7789,-0.82413,0
1.9351,0.067882,0.022851,-7.0542,-1.644,0
4.0245,0.32437,0.0022576,-5.0062,-0.23441,0
2.6949,0.52957,-0.027345,6.5994,0.25462,0
1.9351,0.73476,-0.044078,2.7309,0.78681,0
2.5999,1.0939,-0.0518,-8.4196,1.4916,0
1.4602,1.4273,-0.044078,-2.503,0.41284,0
-0.059385,1.2734,-0.047939,7.282,0.91626,0
-0.34431,0.91431,-0.072394,-0.9101,-0.26318,0
0.22554,0.96561,-0.087839,-7.5093,0.038872,0
0.22554,1.3247,-0.069819,3.6411,0.22586,0
-0.81917,1.4273,-0.045365,6.8269,0.082022,0
0.035589,1.2734,-0.045365,-4.0959,1.1464,0
1.9351,1.4016,-0.078829,-6.144,0.34092,0
2.22,1.8377,-0.11873,5.6891,1.0457,0
1.2702,1.7351,-0.15091,4.5513,0.61421,0
1.0803,1.2477,-0.1612,-6.8267,0.67174,0
0.60543,0.76041,-0.16378,-3.6408,1.2615,0
-0.059385,0.29873,-0.17021,7.9647,0.59983,0
0.22554,0.35002,-0.19724,2.2757,1.7217,0
-0.53425,0.70911,-0.23199,-7.2818,0.97379,0
-1.389,1.1195,-0.24486,0.45525,1.4916,0
-1.1041,1.4273,-0.24229,7.5096,1.1176,0
-1.0091,1.3503,-0.23843,-1.8203,0.54229,0
-0.62923,1.2221,-0.23714,-7.0542,1.0889,0
-0.34431,1.5555,-0.22942,5.234,0.13956,0
0.7004,1.6068,-0.21526,6.1442,1.0601,0
2.7898,1.4786,-0.17922,-5.6889,0.64298,0
2.22,1.4529,-0.14704,-5.4613,0.62859,0
0.32051,1.376,-0.13804,6.3718,0.54229,0
-0.24933,1.2477,-0.13289,3.186,-0.72345,0
0.035589,1.4786,-0.1213,-7.7369,-0.30633,0
0.035589,1.5042,-0.092987,-2.9581,-1.3132,0
0.51046,1.299,-0.054374,7.282,-0.53646,0
0.41548,1.376,-0.037642,1.1379,-0.49331,0
-0.15436,1.1195,-0.073681,-7.9645,-0.69468,0
0.79538,0.14483,-0.10843,0.45525,-0.20565,0
2.5049,-0.72725,-0.099422,6.8269,-1.4282,0
1.1753,-0.82984,-0.074968,-2.9581,-0.98235,0
-1.1041,-0.36816,-0.033781,-8.192,-2.018,0
-1.484,-0.086014,-0.010613,2.7309,-2.0467,0
0.7004,0.067882,-0.024771,7.0545,-1.9892,0
1.1753,0.016583,-0.023484,-4.7786,-2.6077,0
0.7004,-0.0090658,-0.0054649,-6.144,-1.4426,0
0.7004,0.016583,0.015128,5.9167,-1.9317,0
0.035589,-0.23991,0.04087,3.4135,-0.91043,0
0.41548,-0.34251,0.04988,-7.9645,-1.0543,0
0.51046,-0.086014,0.043444,-2.9581,-1.4282,0
0.89035,-0.034715,0.04087,7.7372,-1.2125,0
0.7004,-0.16296,0.04087,-0.22742,-2.3056,0
0.7004,-0.31686,0.035722,-8.6471,-1.1981,0
-0.24933,-0.3938,0.038296,1.3655,-1.3563,0
-0.24933,-0.26556,0.057602,7.282,-0.30633,0
0.22554,-0.34251,0.08978,-3.1857,0.12517,0
0.60543,-0.6503,0.12839,-7.2818,-0.45016,0
0.51046,-0.98374,0.15671,4.0962,0.010105,0
-0.15436,-0.7016,0.16443,6.5994,-1.1118,0
-0.43928,-0.16296,0.167,-4.7786,-0.26318,0
-0.43928,-0.34251,0.17344,-5.2337,-0.47893,0
0.13056,-0.77854,0.16958,7.0545,-0.14811,0
0.89035,-0.7016,0.13869,3.6411,0.28339,0
1.6501,-0.29121,0.10651,-7.2818,-0.40701,0
1.1753,-0.52205,0.11166,-2.2755,0.22586,0
0.7004,-1.1633,0.14255,7.9647,-0.80975,0
0.22554,-1.5737,0.17988,0.68281,-0.20565,0
0.98533,-1.3172,0.20819,-7.0542,-0.30633,0
0.32051,-1.2146,0.20176,2.0482,-0.1625,0
0.7004,-1.2402,0.16958,7.7372,0.41284,0
0.98533,-1.0607,0.12067,-3.6408,-0.5077,0
0.79538,-0.90679,0.051167,-6.5991,0.12517,0
-0.15436,-0.4964,-0.026058,4.5513,-0.82413,0
-0.53425,-0.29121,-0.073681,6.3718,-0.46455,0
1.2702,-0.034715,-0.11101,-5.6889,-0.39263,0
0.79538,0.27308,-0.1419,-5.4613,-0.60838,0
-0.15436,0.40132,-0.17279,6.8269,0.47037,0
-1.1991,0.24743,-0.1818,3.6411,-0.37825,0
-0.15436,0.32437,-0.16764,-7.2818,0.45599,0
-0.15436,0.37567,-0.17279,-1.8203,-0.32071,0
0.22554,-0.086014,-0.20368,7.5096,-0.46455,0
-0.24933,-0.34251,-0.21397,0.2277,0.038872,0
-0.62923,0.042233,-0.15734,-7.9645,-0.4214,0
-0.62923,0.73476,-0.074968,1.8206,0.94503,0
-0.62923,1.1452,-0.062097,7.0545,0.49914,0
0.51046,0.76041,-0.10972,-3.8684,1.2615,0
0.41548,0.65782,-0.14318,-7.7369,1.2183,0
-0.15436,0.58087,-0.1612,4.3238,0.57106,0
-0.62923,0.19613,-0.15734,5.4616,0.93064,0
-0.62923,-0.16296,-0.14447,-6.8267,-0.20565,0
-0.91415,-0.31686,-0.12002,-5.2337,0.59983,0
-1.8639,-0.67595,-0.063384,6.8269,0.11079,0
-1.6739,-0.77854,-0.0041778,2.7309,0.72928,0
0.51046,-0.5477,0.016416,-8.192,1.4628,0
-0.24933,-0.47075,0.0022576,-1.5928,1.1895,0
-1.294,-0.3938,-0.027345,8.4198,2.2395,0
-0.7242,0.042233,-0.072394,0.45525,1.1464,0
0.51046,0.60652,-0.12516,-7.9645,1.2471,0
2.4099,0.68346,-0.14704,1.8206,0.62859,0
1.5552,0.067882,-0.11873,7.0545,0.15394,0
1.7451,-0.47075,-0.078829,-3.4133,0.94503,0
1.2702,-0.4451,-0.050513,-7.2818,0.51352,0
0.89035,0.016583,-0.041503,5.234,1.9231,0
0.89035,0.016583,-0.040216,5.9167,1.2758,0
1.9351,-0.6503,0.0086931,-6.8267,1.5347,0
2.125,-1.2659,0.096215,-4.0959,1.1895,0
2.315,-1.0863,0.16829,8.4198,0.48476,0
2.22,-0.80419,0.23007,2.7309,1.3478,0
1.2702,-0.75289,0.2867,-8.4196,0.74366,0
0.89035,-0.62465,0.31245,-1.3652,1.8656,0
0.7004,-0.34251,0.27769,8.1923,1.4484,0
0.7004,-0.16296,0.2275,-0.22742,1.3765,0
-0.81917,-0.0090658,0.17601,-8.192,1.4197,0
0.22554,0.17048,0.11681,3.6411,0.42722,0
1.2702,0.50392,0.078196,6.8269,1.1895,0
0.22554,0.76041,0.070473,-5.0062,0.47037,0
-1.0091,0.37567,0.085918,-5.4613,1.3909,0
0.79538,0.27308,0.088493,6.8269,1.5635,0
0.79538,0.60652,0.065325,3.8687,1.3765,0
-0.34431,1.0939,-0.0093262,-7.2818,1.7505,0
-1.1991,1.4529,-0.072394,-3.6408,0.54229,0
0.22554,1.299,-0.058236,7.0545,0.91626,0
0.51046,1.0426,0.0022576,0.91037,0.12517,0
0.89035,0.50392,0.047306,-8.8747,0.36969,0
0.7004,0.37567,0.025425,0.45525,0.93064,0
0.13056,1.0169,-0.044078,7.282,0.64298,0
1.3652,1.6325,-0.078829,-2.503,1.7793,0
1.1753,1.7351,-0.069819,-7.9645,1.0026,0
0.7004,0.93996,-0.063384,3.6411,1.6067,0
0.60543,0.067882,-0.06081,6.1442,1.0745,0
-0.34431,0.14483,-0.040216,-5.0062,0.80119,0
-0.24933,0.14483,-0.0028907,-5.6889,1.1895,0
0.41548,-0.41945,0.044732,5.4616,0.42722,0
0.51046,-1.0094,0.056315,4.0962,1.5491,0
-0.53425,-1.2402,0.04988,-6.8267,0.90188,0
1.4602,-0.7016,0.076909,-3.8684,1.4916,0
3.3597,-0.599,0.12453,7.7372,1.506,0
0.32051,-1.2146,0.17087,1.1379,1.0169,0
0.22554,-1.4198,0.2275,-7.9645,1.5347,0
0.98533,-1.2915,0.27255,0.68281,0.31216,0
1.9351,-1.2146,0.28027,6.5994,0.64298,0
2.03,-1.3172,0.27255,-3.4133,-0.23441,0
1.4602,-1.112,0.29829,-7.2818,-0.36386,0
0.60543,-0.98374,0.31373,4.0962,-0.076195,0
-0.059385,-1.2915,0.297,5.9167,-0.86728,0
0.51046,-1.0607,0.27898,-7.2818,-0.10496,0
1.4602,-0.6503,0.23651,-4.5511,-0.89605,0
0.13056,-0.7016,0.158,6.8269,-0.22003,0
-0.34431,-0.82984,0.067899,2.7309,-0.23441,0
-0.62923,-0.67595,0.007406,-7.9645,-0.3351,0
-0.43928,-0.88114,-0.02091,-2.7306,0.48476,0
0.32051,-1.3172,-0.04279,8.1923,-0.27756,0
0.51046,-1.2915,-0.036355,0.00013542,0.47037,0
0.89035,-0.80419,-0.013187,-8.192,-0.22003,0
1.1753,-0.47075,0.0035447,1.8206,-0.13373,0
1.6501,-0.36816,0.016416,6.5994,0.053256,0
0.89035,0.042233,0.016416,-4.0959,-0.47893,0
0.41548,0.29873,-0.010613,-6.8267,0.45599,0
1.3652,0.40132,-0.044078,5.0064,-0.32071,0
0.79538,0.81171,-0.086552,4.5513,0.22586,0
-0.24933,1.4016,-0.12259,-6.8267,-0.090578,0
-0.43928,1.3503,-0.10328,-3.8684,-0.20565,0
-0.53425,0.88866,-0.037642,7.5096,0.49914,0
0.41548,1.1452,0.0035447,1.5931,-0.076195,0
0.60543,1.5555,-0.045365,-9.7849,0.94503,0
-0.34431,1.812,-0.15734,-1.3652,0.16832,0
-1.1041,1.9659,-0.22556,8.1923,0.55667,0
0.035589,1.889,-0.23714,-1.3652,0.39846,0
0.89035,1.4273,-0.23585,-7.7369,-0.2488,0
1.5552,1.2221,-0.24486,2.7309,0.54229,0
1.3652,1.2221,-0.2616,6.1442,-0.22003,0
0.98533,1.0682,-0.28862,-5.0062,0.85873,0
1.1753,1.1195,-0.3208,-6.5991,0.78681,0
2.03,1.0426,-0.31437,6.5994,0.72928,0
2.7898,0.68346,-0.26932,3.8687,1.2183,0
0.51046,-0.086014,-0.18952,-7.0542,0.082022,0
-0.15436,-0.62465,-0.12516,-3.8684,0.71489,0
0.41548,-0.52205,-0.098135,7.282,-0.19126,0
-0.24933,-0.034715,-0.058236,1.8206,0.26901,0
-0.62923,0.19613,0.0048318,-7.7369,0.48476,0
-0.91415,-0.21426,0.074335,0.68281,0.082022,0
-1.6739,-0.52205,0.13354,7.9647,1.0457,0
-1.1041,-0.93244,0.15027,-1.3652,0.19709,0
-1.0091,-1.5993,0.13354,-7.2818,1.1032,0
-1.579,-2.1123,0.11037,4.0962,0.70051,0
-1.579,-2.2406,0.11423,6.8269,0.93064,0
-0.34431,-1.9584,0.12582,-4.3235,1.5491,0
-0.34431,-1.4198,0.13998,-5.9164,1.0601,0
-0.62923,-1.0607,0.158,5.9167,1.9519,0
-0.81917,-1.4198,0.20047,4.0962,1.0601,0
-1.484,-1.8815,0.26482,-7.2818,1.4197,0
-1.0091,-1.5737,0.28027,-2.9581,1.0313,0
-1.1041,-0.98374,0.21463,8.6474,0.67174,0
-3.3835,-0.52205,0.16057,1.5931,1.3334,0
-2.6237,-0.41945,0.15156,-7.2818,0.70051,0
-0.15436,-0.36816,0.16958,-0.22742,1.8224,0
0.60543,-0.4451,0.15542,6.8269,1.3765,0
0.035589,-0.4964,0.12711,-2.503,1.6354,0
1.3652,-0.31686,0.11037,-7.9645,1.3765,0
1.1753,-0.034715,0.11423,3.186,0.54229,0
0.79538,-0.18861,0.12711,6.1442,1.0457,0
1.1753,-0.31686,0.12839,-5.4613,0.024489,0
1.8401,-0.52205,0.13998,-6.3715,0.80119,0
2.315,-0.7016,0.17344,5.4616,0.64298,0
1.4602,-0.80419,0.16314,3.6411,0.98818,0
1.2702,-0.36816,0.074335,-8.192,1.9087,0
2.6949,0.40132,-0.028633,-4.0959,1.4628,0
1.5552,1.2734,-0.1213,7.7372,2.1532,0
0.035589,1.9146,-0.18308,1.5931,0.77243,0
-0.24933,1.9403,-0.22298,-8.192,0.61421,0
1.4602,1.7094,-0.25387,-0.68254,-0.061812,0
1.9351,1.6325,-0.2809,8.1923,-0.53646,0
1.2702,1.9916,-0.28605,-1.1377,0.26901,0
0.89035,2.1455,-0.28605,-8.192,-0.2488,0
1.1753,2.1198,-0.28219,3.4135,1.0026,0
2.5049,2.0942,-0.26674,6.5994,0.42722,0
1.4602,1.7351,-0.28219,-5.0062,0.77243,0
0.035589,1.0682,-0.29635,-5.9164,0.51352,0
-0.43928,1.1452,-0.25516,5.9167,-0.47893,0
0.60543,1.6838,-0.19853,3.8687,-0.090578,0
2.6949,1.2477,-0.18051,-7.2818,-1.1837,0
1.2702,0.22178,-0.17665,-3.8684,-0.29195,0
-1.0091,-0.31686,-0.1316,7.9647,-0.27756,0
-1.7689,-0.6503,-0.065958,2.5033,-0.10496,0
-1.1041,-1.4198,0.0022576,-7.5093,0.38407,0
0.32051,-1.7532,0.069186,-0.45498,-0.72345,0
0.79538,-1.9841,0.10909,8.1923,-0.11935,0
0.7004,-1.9071,0.10394,-0.9101,-1.155,0
0.035589,-1.3941,0.070473,-7.7369,-0.63715,0
0.51046,-0.82984,0.031861,3.6411,-0.19126,0
0.98533,-0.75289,0.024138,6.8269,-0.45016,0
0.60543,-1.1376,0.034435,-5.4613,0.74366,0
0.035589,-0.75289,0.051167,-5.6889,-0.1625,0
0.32051,-0.29121,0.069186,5.4616,0.25462,0
0.41548,-0.34251,0.079483,3.186,-0.60838,0
-0.059385,-0.52205,0.083344,-8.192,-1.1262,0
0.32051,-0.47075,0.075622,-3.1857,-0.79537,0
-0.15436,-0.13731,0.05889,7.282,-1.27,0
-0.43928,0.17048,0.025425,0.68281,0.29777,0
0.7004,0.32437,0.0061189,-8.6471,0.096406,0
2.4099,0.58087,0.007406,-0.45498,0.90188,0
1.4602,0.65782,0.035722,6.8269,0.67174,0
-0.059385,0.60652,0.084631,-2.9581,-0.39263,0
0.51046,0.76041,0.11552,-7.7369,-0.26318,0
0.7004,0.83736,0.10909,4.3238,-1.5145,0
0.51046,0.86301,0.075622,5.6891,-0.66591,0
-0.43928,1.0939,0.015128,-6.5991,-0.79537,0
-1.484,0.91431,-0.018336,-5.0062,-0.53646,0
-0.81917,0.37567,0.011267,6.8269,0.010105,0
0.22554,0.32437,0.062751,2.7309,-0.86728,0
0.51046,0.37567,0.064038,-7.5093,-0.1625,0
-0.15436,0.093531,0.057602,-1.3652,-1.27,0
0.32051,-0.11166,0.076909,7.9647,-0.95358,0
0.79538,-0.26556,0.075622,-1.5928,-0.99673,0
0.51046,-0.34251,0.065325,-7.7369,-1.2556,0
-0.059385,-0.36816,0.056315,2.7309,-0.36386,0
0.13056,-0.23991,0.044732,7.282,-1.27,0
-0.059385,-0.16296,0.05889,-3.6408,-0.60838,0
0.32051,-0.31686,0.061464,-7.7369,-1.1981,0
0.7004,-0.41945,0.047306,5.0064,-1.1406,0
0.89035,-0.4964,0.037009,5.4616,-0.594,0
0.7004,-0.29121,0.022851,-6.3715,-1.2844,0
0.41548,-0.034715,0.01899,-5.0062,-0.32071,0
-0.059385,-0.13731,0.026712,7.0545,-1.3851,0
0.32051,-0.13731,0.0035447,2.5033,-1.0399,0
0.7004,-0.16296,-0.036355,-6.8267,-1.3563,0
0.89035,-0.086014,-0.02091,-1.3652,-1.8741,0
1.7451,0.29873,0.0086931,8.875,-1.0687,0
1.3652,0.50392,-0.026058,0.68281,-1.7878,0
1.6501,0.60652,-0.089126,-8.6471,-0.62276,0
1.1753,0.40132,-0.13031,1.8206,-0.9392,0
-0.059385,0.83736,-0.15992,7.0545,-0.73783,0
-0.24933,1.2734,-0.1715,-2.503,-0.53646,0
0.22554,1.0169,-0.15734,-7.2818,-1.3563,0
-0.62923,0.86301,-0.13546,4.5513,-0.36386,0
-1.1041,0.68346,-0.102,5.234,-0.99673,0
0.035589,0.32437,-0.072394,-6.144,0.082022,0
0.79538,0.016583,-0.055661,-6.144,0.21147,0
0.89035,-0.0090658,-0.069819,6.3718,0.11079,0
0.51046,0.11918,-0.14576,3.186,0.62859,0
-0.059385,0.067882,-0.22041,-7.7369,-0.57961,0
0.60543,-0.034715,-0.23714,-3.1857,0.024489,0
0.89035,0.22178,-0.19595,7.5096,-0.83852,0
1.8401,0.22178,-0.14447,0.68281,-0.57961,0
2.4099,-0.34251,-0.11358,-8.6471,-0.19126,0
2.8848,-0.85549,-0.065958,0.45525,-0.52208,0
0.7004,-0.82984,-0.0041778,6.8269,0.65736,0
-0.91415,-0.67595,0.037009,-3.6408,-0.018661,0
-0.059385,-0.47075,0.043444,-8.192,0.65736,0
0.41548,0.016583,0.029286,4.5513,0.053256,0
0.035589,0.22178,0.021564,5.4616,-0.26318,0
0.32051,-0.23991,0.043444,-6.5991,0.010105,0
-0.24933,-0.36816,0.073047,-6.144,-0.72345,0
-0.53425,-0.26556,0.098789,5.4616,0.35531,0
0.32051,-0.18861,0.13354,3.186,-0.19126,0
0.7004,-0.36816,0.12711,-7.5093,0.74366,0
0.41548,-0.41945,0.10394,-1.1377,0.90188,0
-2.1488,-0.41945,0.093641,8.4198,0.51352,0
-1.8639,-0.36816,0.07176,-0.68254,0.98818,0
0.7004,-0.086014,0.0022576,-7.7369,-0.29195,0
0.79538,0.11918,-0.058236,2.9584,0.13956,0
-0.15436,0.32437,-0.058236,6.5994,-0.53646,0
-0.43928,0.58087,-0.059523,-4.5511,-0.10496,0
0.22554,0.58087,-0.096848,-6.3715,0.57106,0
0.98533,0.88866,-0.1316,6.3718,0.38407,0
1.0803,1.4786,-0.13417,4.3238,1.5635,0
2.5999,1.7864,-0.10714,-7.2818,0.54229,0
1.6501,1.889,-0.081403,-2.7306,1.132,0
1.7451,1.6838,-0.087839,7.7372,0.49914,0
1.9351,1.5299,-0.12002,2.5033,0.44161,0
1.4602,1.299,-0.13804,-7.9645,1.0601,0
1.6501,0.83736,-0.10586,0.45525,0.39846,0
1.3652,0.50392,-0.06081,7.9647,1.2183,0
0.60543,0.47827,-0.033781,-2.7306,0.19709,0
0.98533,0.17048,-0.015762,-7.2818,0.62859,0
1.7451,-0.47075,0.00097052,3.6411,0.62859,0
1.3652,-0.72725,0.038296,6.1442,0.42722,0
1.0803,-1.1376,0.062751,-5.6889,1.4053,0
0.51046,-1.4711,0.098789,-5.6889,0.55667,0
-0.059385,-1.6763,0.15542,6.8269,1.2902,0
-0.43928,-1.6506,0.17215,2.2757,0.59983,0
-0.53425,-1.7789,0.16958,-7.7369,0.77243,0
-0.81917,-1.9584,0.16314,-0.9101,1.2758,0
-1.579,-2.0354,0.16314,7.282,0.85873,0
-1.294,-1.7532,0.19403,-1.5928,1.7793,0
-1.579,-1.4711,0.21077,-8.192,0.82996,0
-0.7242,-1.5993,0.18631,3.4135,1.1752,0
0.32051,-1.7532,0.14512,6.3718,0.85873,0
0.60543,-1.4967,0.10136,-5.9164,0.36969,0
-0.53425,-1.1376,0.04988,-5.4613,1.0457,0
-1.6739,-0.85549,-0.00031657,5.4616,0.16832,0
-2.1488,-0.6503,-0.015762,2.9584,1.0601,0
-1.8639,-0.75289,-0.006752,-7.5093,0.34092,0
-0.15436,-0.93244,-0.0016037,-2.2755,0.36969,0
-0.15436,-0.72725,-0.0054649,7.7372,0.54229,0
-0.91415,-0.18861,-0.0093262,-0.68254,-0.10496,0
-1.294,0.016583,-0.017049,-8.192,0.72928,0
-1.1041,-0.11166,-0.049226,2.2757,-0.018661,0
-1.0091,-0.034715,-0.080116,7.0545,0.85873,0
-0.34431,0.29873,-0.081403,-4.5511,0.71489,0
0.035589,0.40132,-0.087839,-5.6889,0.54229,0
-0.15436,0.37567,-0.087839,5.6891,0.97379,0
-1.294,0.47827,-0.062097,4.0962,-0.076195,0
-1.0091,0.37567,-0.038929,-6.5991,0.54229,0
0.32051,0.52957,-0.032494,-2.9581,-0.36386,0
0.79538,0.73476,-0.023484,7.5096,0.082022,0
0.79538,1.0169,-0.013187,1.8206,0.36969,0
1.0803,0.86301,-0.041503,-7.7369,-0.090578,0
1.7451,0.52957,-0.090413,0.91037,0.68613,0
0.98533,0.11918,-0.12388,7.282,-0.5077,0
0.035589,0.067882,-0.11744,-1.8203,-0.033045,0
0.60543,0.29873,-0.12259,-7.0542,-0.66591,0
1.4602,0.52957,-0.16764,3.186,-0.75222,0
1.3652,0.47827,-0.20239,5.6891,-0.13373,0
1.6501,0.11918,-0.22942,-5.9164,-0.8529,0
0.89035,-0.4451,-0.24229,-5.6889,0.26901,0
-0.15436,-0.62465,-0.23457,5.6891,-0.37825,0
-0.059385,-0.13731,-0.19982,2.5033,0.18271,0
1.2702,0.27308,-0.16764,-7.5093,0.024489,0
0.98533,0.73476,-0.16378,-2.2755,-0.69468,0
0.035589,0.91431,-0.17279,8.1923,-0.1625,0
0.41548,0.50392,-0.15219,0.45525,-1.155,0
0.60543,0.27308,-0.13932,-8.6471,-0.17688,0
0.79538,0.35002,-0.14833,1.3655,-0.72345,0
0.32051,0.50392,-0.13932,7.0545,-0.49331,0
-0.81917,0.58087,-0.12259,-3.4133,-0.27756,0
0.13056,0.47827,-0.11358,-5.9164,-1.0687,0
1.4602,0.14483,-0.12774,5.0064,-0.34948,0
1.2702,0.19613,-0.11358,4.0962,-1.4282,0
0.89035,0.45262,-0.055661,-8.4196,-0.8529,0
0.79538,0.45262,-0.022197,-3.6408,-0.99673,0
0.41548,0.14483,-0.014475,7.9647,-0.98235,0
-1.1041,-0.26556,-0.010613,2.2757,-0.090578,0
-0.7242,-0.36816,-0.026058,-8.4196,-0.55085,0
1.1753,-0.11166,-0.050513,-0.68254,0.64298,0
0.79538,0.11918,-0.087839,7.7372,0.038872,0
-0.81917,-0.23991,-0.1213,-1.5928,0.34092,0
0.22554,-0.62465,-0.11101,-7.5093,0.15394,0
0.7004,-0.3938,-0.08269,3.6411,-0.594,0
0.32051,0.093531,-0.073681,5.9167,0.42722,0
-2.2438,0.042233,-0.081403,-5.4613,0.096406,0
-2.2438,-0.13731,-0.081403,-6.144,1.4916,0
-1.1041,-0.21426,-0.08269,7.7372,1.3909,0
0.32051,-0.23991,-0.073681,4.5513,1.1176,0
1.6501,-0.16296,-0.059523,-7.2818,0.82996,0
2.315,-0.21426,-0.044078,-3.1857,-0.53646,0
2.125,-0.060364,-0.056948,7.9647,0.010105,0
2.5049,0.016583,-0.06081,1.1379,-0.53646,0
2.6949,-0.13731,-0.032494,-7.7369,0.74366,0
-0.059385,-0.18861,-0.022197,0.91037,1.1752,0
-0.7242,-0.0090658,-0.014475,8.4198,1.0889,0
0.22554,0.29873,0.0086931,-1.5928,1.4916,0
-0.15436,0.24743,0.017703,-7.9645,0.16832,0
0.7004,-0.0090658,0.00097052,3.8687,0.57106,0
0.51046,-0.034715,-0.023484,5.6891,-0.14811,0
-0.059385,0.27308,-0.02091,-5.0062,0.34092,0
0.7004,0.37567,0.00097052,-5.0062,1.2183,0
2.22,0.42697,-0.00031657,5.4616,1.2039,0
1.3652,0.52957,-0.027345,2.7309,2.3834,0
-0.059385,0.93996,-0.027345,-8.4196,1.2471,0
-0.53425,1.4529,-0.022197,-2.0479,1.2615,0
-0.81917,1.3247,-0.027345,7.5096,0.25462,0
-0.62923,0.65782,-0.022197,0.00013542,-0.49331,0
-0.62923,0.68346,-0.022197,-8.4196,-0.076195,0
-0.43928,1.0169,-0.038929,0.91037,-0.60838,0
1.4602,1.6838,-0.10714,6.8269,0.84434,0
1.8401,2.2994,-0.19982,-3.8684,0.74366,0
1.3652,2.6072,-0.29377,-7.2818,1.3334,0
0.89035,2.838,-0.36456,4.5513,1.4053,0
2.125,2.8637,-0.41733,4.5513,0.64298,0
3.2647,2.8893,-0.47525,-6.8267,1.1752,0
3.5496,2.7354,-0.52802,-4.5511,0.21147,0
2.4099,2.1198,-0.53703,6.8269,1.0457,0
0.41548,1.2734,-0.48169,2.5033,0.74366,0
-0.81917,0.76041,-0.40318,-7.5093,1.0313,0
-1.8639,0.99126,-0.34397,-0.9101,1.5491,0
-2.0538,1.4786,-0.30536,7.0545,0.85873,0
-1.7689,1.6325,-0.27061,-1.1377,1.5779,0
0.035589,1.2477,-0.24486,-8.4196,0.54229,0
0.22554,0.96561,-0.23199,2.5033,1.1895,0
-0.24933,1.4529,-0.1715,7.0545,1.1176,0
-0.62923,1.7607,-0.0518,-3.8684,1.0026,0
-0.91415,1.2734,0.055028,-5.9164,1.6067,0
-1.484,0.73476,0.12196,5.9167,0.58544,0
-0.91415,0.50392,0.20562,4.7789,1.1608,0
0.13056,-0.36816,0.30858,-6.3715,0.34092,0
-0.059385,-1.1376,0.41413,-5.6889,0.68613,0
0.51046,-1.4198,0.49779,7.282,1.0313,0
0.41548,-1.3172,0.53383,2.7309,0.67174,0
-1.389,-1.2402,0.55313,-8.192,1.5923,0
-2.8136,-1.4711,0.57759,-2.0479,0.65736,0
-1.6739,-1.4454,0.63036,8.6474,1.2327,0
-0.7242,-1.1376,0.68828,2.0482,0.70051,0
-0.7242,-1.0094,0.72818,-7.7369,0.52791,0
-0.81917,-1.7789,0.75907,0.68281,0.82996,0
-0.34431,-2.1123,0.76808,7.282,-0.004278,0
0.035589,-2.0867,0.77322,-2.503,0.88749,0
0.035589,-1.9071,0.78996,-7.9645,0.024489,0
0.51046,-1.8558,0.83114,4.5513,0.48476,0
0.7004,-1.6763,0.82986,5.4616,0.35531,0
0.7004,-0.75289,0.77065,-6.8267,-0.14811,0
0.60543,-0.16296,0.6857,-5.0062,0.48476,0
0.035589,-0.18861,0.56085,6.5994,-0.5077,0
0.32051,0.093531,0.42957,2.5033,0.45599,0
0.7004,0.42697,0.35621,-8.4196,-0.13373,0
0.79538,0.42697,0.36007,-1.3652,0.13956,0
0.79538,0.40132,0.37037,6.5994,0.31216,0
0.79538,0.50392,0.34334,-1.5928,-0.47893,0
1.0803,0.17048,0.33304,-7.7369,0.31216,0
0.035589,-0.47075,0.33819,2.2757,-0.7666,0
0.13056,-0.599,0.3472,6.8269,-0.076195,0
-0.43928,-0.72725,0.36779,-4.3235,-0.30633,0
-0.34431,-1.0863,0.37551,-6.5991,-0.4214,0
0.51046,-1.1633,0.38452,5.6891,0.29777,0
0.51046,-1.0863,0.38838,5.0064,-0.52208,0
-0.15436,-1.4454,0.41927,-6.8267,0.47037,0
-0.24933,-2.6509,0.4669,-4.0959,-0.32071,0
0.51046,-3.4461,0.47591,7.282,-0.018661,0
0.41548,-3.01,0.41927,1.5931,-0.090578,0
-1.1991,-2.0354,0.36908,-8.192,-0.56523,0
-0.34431,-1.2915,0.35878,-0.45498,0.32654,0
2.125,-1.112,0.37037,7.5096,-0.52208,0
2.6949,-1.4711,0.34977,-0.9101,0.42722,0
3.2647,-1.9071,0.29829,-6.8267,-0.10496,0
3.5496,-2.0354,0.26354,3.8687,-0.033045,0
2.03,-1.4454,0.25581,7.0545,0.26901,0
1.5552,-0.77854,0.24294,-5.0062,-0.40701,0
0.13056,-0.88114,0.1979,-6.5991,0.45599,0
-0.15436,-1.1376,0.16572,6.1442,-0.32071,0
0.32051,-0.93244,0.16572,5.0064,0.31216,0
0.79538,-0.67595,0.15671,-6.3715,0.024489,0
0.79538,-0.4964,0.13483,-3.6408,-0.26318,0
0.79538,-0.5477,0.11552,7.7372,0.21147,0
0.60543,-1.1633,0.083344,2.9584,-0.70906,0
-0.24933,-1.5224,0.060177,-7.5093,0.22586,0
-1.294,-1.1633,0.04087,-0.68254,-0.53646,0
-0.53425,-0.57335,0.027999,7.5096,-0.20565,0
0.32051,-0.23991,0.013841,-1.8203,-0.26318,0
0.79538,-0.3938,-0.010613,-7.7369,-0.92482,0
1.5552,-0.34251,-0.019623,3.186,-0.26318,0
0.51046,-0.29121,-0.02992,6.5994,-1.2413,0
1.2702,-0.31686,-0.037642,-5.2337,-0.37825,0
-0.24933,-0.36816,-0.018336,-5.6889,-0.91043,0
-1.389,-0.23991,0.0086931,5.6891,-0.91043,0
-1.0091,-0.4964,0.0035447,3.6411,-0.56523,0
-0.43928,-0.67595,-0.018336,-6.8267,-1.2988,0
0.41548,-0.5477,-0.023484,-3.1857,-0.46455,0
0.79538,0.016583,-0.006752,7.282,-1.2988,0
0.51046,0.19613,-0.02091,1.1379,-0.78098,0
-0.91415,-0.21426,-0.071106,-8.4196,-0.91043,0
0.32051,-0.21426,-0.098135,0.91037,-1.3276,0
0.79538,0.22178,-0.10843,8.1923,-0.60838,0
1.6501,0.37567,-0.13417,-3.1857,-1.5145,0
2.315,0.37567,-0.16378,-7.2818,-0.6803,0
2.03,0.73476,-0.20882,4.7789,-1.2844,0
1.5552,1.1452,-0.26803,5.6891,-1.1118,0
1.5552,1.3247,-0.31308,-6.3715,-0.75222,0
0.79538,1.3247,-0.34912,-4.7786,-1.3995,0
-1.1991,0.96561,-0.39288,7.7372,-0.46455,0
-2.8136,0.88866,-0.43278,3.186,-1.2844,0
-1.6739,1.1195,-0.4302,-7.7369,-0.52208,0
-1.0091,1.3503,-0.40961,-1.5928,-0.80975,0
-1.389,1.299,-0.43407,7.5096,-0.88167,0
-0.91415,1.0426,-0.46367,-0.68254,-0.20565,0
0.22554,1.1708,-0.47397,-8.192,-0.95358,0
-0.34431,1.4016,-0.47783,2.7309,0.096406,0
-0.62923,1.1452,-0.46109,7.5096,-0.70906,0
-0.43928,1.0426,-0.4405,-4.0959,-0.22003,0
0.51046,1.7094,-0.45723,-6.144,-0.22003,0
0.7004,2.1455,-0.49713,5.9167,-0.62276,0
-0.059385,1.7607,-0.4907,5.234,0.082022,0
0.32051,1.5042,-0.43921,-6.5991,-0.80975,0
0.035589,1.299,-0.39674,-3.4133,0.096406,0
1.6501,1.299,-0.37872,7.9647,-0.49331,0
1.8401,1.3247,-0.35813,1.1379,-0.29195,0
1.2702,1.1195,-0.35298,-8.192,-0.13373,0
-0.059385,0.91431,-0.37486,-0.68254,-0.72345,0
0.51046,0.99126,-0.38644,7.5096,0.11079,0
0.51046,1.0169,-0.36328,-0.9101,-0.62276,0
0.79538,1.1452,-0.30922,-7.5093,0.024489,0
1.3652,1.376,-0.24486,2.2757,-0.22003,0
-0.62923,1.299,-0.19982,6.8269,-0.49331,0
-0.43928,1.0939,-0.18952,-4.5511,0.21147,0
2.22,1.1965,-0.16635,-7.2818,-0.594,0
2.22,1.2221,-0.15605,5.4616,0.24024,0
0.32051,1.0939,-0.17665,3.8687,-0.49331,0
-0.15436,1.1965,-0.21783,-7.5093,-0.033045,0
1.1753,1.1965,-0.25516,-2.503,0.082022,0
1.0803,0.93996,-0.24615,7.282,-0.37825,0
0.89035,0.68346,-0.20239,0.45525,0.35531,0
0.89035,0.58087,-0.17021,-7.9645,-0.53646,0
0.7004,0.35002,-0.14318,0.00013542,0.39846,0
0.98533,-0.21426,-0.10457,6.3718,-0.2488,0
1.0803,-0.80419,-0.037642,-2.2755,-0.018661,0
1.6501,-1.4454,0.047306,-6.8267,0.25462,0
1.0803,-1.7789,0.12067,4.3238,-0.52208,0
2.03,-1.6763,0.17215,4.5513,0.38407,0
0.89035,-1.6763,0.2275,-6.5991,-0.594,0
-0.81917,-1.6506,0.28027,-5.0062,0.038872,0
-1.1991,-1.6506,0.29314,6.8269,-0.27756,0
-1.389,-1.8815,0.28156,2.5033,-0.55085,0
-0.15436,-1.9841,0.30987,-6.3715,-0.004278,0
0.7004,-1.9071,0.37551,-0.45498,-0.8529,0
0.60543,-2.0354,0.44759,7.9647,0.010105,0
-0.15436,-2.0354,0.51452,-1.3652,-0.8529,0
-0.24933,-1.7789,0.56085,-7.7369,-0.37825,0
0.41548,-1.4967,0.5763,3.6411,-0.5077,0
1.6501,-1.4454,0.55056,7.0545,-0.91043,0
1.8401,-1.4198,0.51323,-5.0062,-0.17688,0
0.32051,-0.95809,0.49264,-6.5991,-1.083,0
-1.1991,-0.52205,0.4862,5.9167,-0.20565,0
0.035589,-0.7016,0.50165,4.5513,-0.86728,0
0.41548,-0.77854,0.55313,-8.8747,-0.6803,0
0.79538,-0.77854,0.62907,-3.6408,-0.46455,0
0.7004,-0.75289,0.66768,7.9647,-1.1262,0
0.89035,-0.62465,0.66253,0.68281,-0.36386,0
1.0803,-0.57335,0.64838,-7.9645,-1.27,0
2.5049,-0.57335,0.61749,0.68281,-0.60838,0
1.5552,-0.72725,0.59303,7.282,-0.92482,0
1.0803,-0.6503,0.57501,-2.503,-1.0543,0
1.3652,-0.47075,0.53769,-8.192,-0.60838,0
0.22554,-0.7016,0.53254,3.6411,-1.4139,0
-0.43928,-0.90679,0.5866,6.5994,-0.56523,0
-0.53425,-0.82984,0.62392,-5.4613,-1.4139,0
-0.24933,-0.67595,0.63164,-5.0062,-0.9392,0
1.3652,-0.75289,0.64065,6.8269,-0.99673,0
0.79538,-0.90679,0.64065,3.8687,-1.457,0
0.22554,-0.85549,0.54927,-7.7369,-0.70906,0
0.89035,-0.57335,0.38452,-2.503,-1.5002,0
2.315,-0.41945,0.24294,7.5096,-0.82413,0
0.60543,-0.6503,0.12453,0.2277,-1.3276,0
-0.15436,-1.112,0.01899,-8.192,-1.3276,0
0.60543,-1.6763,-0.12388,0.00013542,-0.98235,0
0.51046,-2.061,-0.3015,7.7372,-1.7015,0
-0.059385,-2.3944,-0.43793,-2.0479,-0.73783,0
0.32051,-2.7535,-0.52416,-8.6471,-1.5145,0
0.035589,-2.8561,-0.66317,3.4135,-0.83852,0
0.7004,-2.5483,-0.88969,6.5994,-0.98235,0
1.5552,-2.3175,-1.1523,-4.7786,-1.3132,0
0.7004,-2.061,-1.4058,-5.6889,-0.63715,0
1.5552,-2.0097,-1.6349,5.9167,-1.5002,0
0.89035,-2.497,-1.8499,3.6411,-0.66591,0
-0.15436,-2.8048,-2.07,-6.3715,-1.2988,0
-0.43928,-2.3944,-2.2695,-3.6408,-1.0399,0
0.32051,-1.7276,-2.4522,7.282,-0.7666,0
-0.24933,-1.3172,-2.662,2.7309,-1.4426,0
-0.43928,-1.3428,-2.9104,-7.5093,-0.60838,0
-0.7242,-1.4967,-3.1563,-0.9101,-1.5145,0
-0.53425,-1.7532,-3.3841,7.9647,-0.78098,0
0.60543,-1.8558,-3.6286,-0.45498,-1.0255,0
0.79538,-1.5993,-3.8873,-7.0542,-1.1837,0
0.98533,-0.88114,-4.1319,2.7309,-0.56523,0
1.7451,-0.7016,-4.3764,6.5994,-1.3563,0
1.3652,-1.2146,-4.5605,-4.3235,-0.43578,0
1.9351,-1.1633,-4.6622,-6.5991,-1.1262,0
3.3597,-0.62465,-4.7175,5.0064,-0.73783,0
2.315,-0.21426,-4.7522,4.0962,-0.594,0
1.2702,-0.29121,-4.769,-7.0542,-1.0399,0
-0.059385,-0.21426,-4.7896,-3.6408,-0.23441,0
-0.53425,0.067882,-4.823,7.9647,-1.1262,0
0.22554,0.19613,-4.8423,1.8206,-0.3351,0
-0.15436,0.55522,-4.8024,-7.7369,-0.82413,0
0.22554,0.81171,-4.6918,-0.22742,-0.91043,0
-0.24933,0.99126,-4.518,7.5096,-0.5077,0
-0.7242,0.99126,-4.2992,-2.0479,-1.2413,0
-0.7242,1.0682,-4.0495,-8.192,-0.29195,0
-0.7242,1.0939,-3.7934,3.4135,-1.0687,0
-0.62923,1.1708,-3.5565,6.1442,-0.46455,0
-0.53425,1.2477,-3.3789,-5.2337,-0.62276,0
0.7004,1.2221,-3.2373,-5.4613,-0.99673,0
1.4602,1.5042,-3.0327,6.5994,-0.29195,0
0.035589,1.9403,-2.7315,3.4135,-1.083,0
-1.1991,2.3507,-2.3467,-6.8267,-0.19126,0
-0.53425,2.5046,-1.9142,-2.0479,-0.75222,0
1.0803,2.1968,-1.5255,7.7372,-0.46455,0
0.98533,2.1711,-1.2539,-0.45498,-0.018661,0
0.035589,2.7098,-1.0635,-8.192,-0.55085,0
-0.53425,2.9919,-0.91801,2.5033,0.36969,0
0.41548,3.0945,-0.77643,7.282,-0.45016,0
0.51046,2.9406,-0.6001,-3.8684,0.22586,0
-0.24933,3.0175,-0.36585,-6.144,0.13956,0
-0.7242,2.838,-0.10972,5.234,-0.090578,0
-0.53425,2.4276,0.22492,4.3238,0.61421,0
0.51046,2.4276,0.66253,-6.8267,-0.27756,0
0.51046,2.325,1.1388,-2.7306,0.71489,0
0.035589,1.8377,1.6098,8.4198,0.13956,0
0.60543,1.6838,2.1517,1.5931,0.34092,0
1.2702,1.7607,2.7566,-9.1023,0.59983,0
-0.7242,1.8633,3.3628,0.91037,-0.076195,0
-1.6739,1.8633,4.0321,7.5096,0.85873,0
-1.1041,1.6581,4.7542,-2.503,-0.11935,0
-0.62923,1.6838,5.3733,-7.7369,0.59983,0
0.51046,1.6068,5.8456,4.7789,0.25462,0
0.51046,1.4786,6.2807,5.234,-0.004278,0
-0.24933,1.5812,6.7144,-5.6889,0.64298,0
-1.294,2.1198,7.0774,-4.3235,-0.29195,0
-0.7242,2.2481,7.3605,7.0545,0.64298,0
0.035589,1.9916,7.6141,2.2757,-0.1625,0
0.41548,1.9916,7.8097,-8.4196,0.12517,0
-0.24933,2.4533,7.9153,-0.68254,0.21147,0
-0.62923,2.9663,7.9076,7.0545,-0.4214,0
-0.7242,2.915,7.7879,-1.3652,0.35531,0
-1.579,2.7867,7.6295,-8.192,-0.60838,0
-0.81917,3.0945,7.4584,2.5033,0.16832,0
-0.7242,4.1461,7.2151,6.3718,-0.34948,0
-0.34431,5.0951,6.9075,-4.3235,-0.46455,0
0.41548,5.4286,6.5664,-7.5093,-0.061812,0
0.7004,5.3773,6.2137,5.234,-0.83852,0
1.4602,5.6338,5.874,3.6411,-0.061812,0
-0.15436,5.762,5.5741,-8.192,-0.92482,0
-1.484,5.6338,5.2639,-3.6408,-0.46455,0
-1.8639,5.5568,4.9305,7.282,-0.52208,0
-1.1991,5.3773,4.6602,1.5931,-0.89605,0
-1.8639,4.7617,4.4453,-7.2818,-0.22003,0
-2.1488,3.9409,4.1866,0.00013542,-1.1262,0
-1.1991,3.8896,3.8944,7.5096,-0.1625,0
-0.7242,4.0435,3.6203,-1.1377,-0.79537,0
-1.0091,3.4792,3.4066,-9.3298,-0.60838,0
-1.6739,2.7611,3.2097,2.5033,-0.47893,0
-1.8639,2.2224,2.9857,7.0545,-1.083,0
-0.91415,2.0429,2.7463,-4.7786,-0.26318,0
0.13056,2.0172,2.4966,-6.5991,-1.1406,0
-0.059385,1.812,2.2276,5.0064,-0.52208,0
-0.7242,1.4786,1.9818,6.3718,-0.79537,0
-1.8639,1.1195,1.808,-5.6889,-0.91043,0
-1.9589,0.76041,1.6407,-3.8684,-0.32071,0
-1.1991,0.37567,1.4785,7.7372,-1.1837,0
-0.62923,-0.0090658,1.328,2.7309,-0.23441,0
-0.62923,-0.31686,1.1375,-7.0542,-1.0543,0
-0.43928,-0.52205,0.92124,-0.45498,-0.52208,0
0.32051,-0.5477,0.73976,8.4198,-0.4214,0
0.60543,-0.93244,0.60333,-0.45498,-0.92482,0
0.89035,-1.4454,0.47333,-7.7369,-0.10496,0
0.7004,-2.2149,0.32532,2.9584,-1.0399,0
0.60543,-2.7279,0.20948,6.5994,-0.11935,0
-0.15436,-2.7535,0.10651,-4.3235,-0.62276,0
0.51046,-2.6766,-0.017049,-7.7369,-0.69468,0
1.5552,-2.7022,-0.18051,5.234,-0.2488,0
1.2702,-2.497,-0.3504,5.0064,-1.0111,0
0.51046,-2.497,-0.46109,-7.2818,-0.076195,0
-0.7242,-2.9074,-0.53446,-4.7786,-0.96797,0
0.035589,-3.1896,-0.62069,6.3718,-0.57961,0
0.60543,-2.9587,-0.70822,2.0482,-0.66591,0
0.51046,-2.7022,-0.78158,-7.7369,-1.1262,0
-1.0091,-2.4714,-0.84593,-1.8203,-0.46455,0
-2.2438,-2.1123,-0.93217,7.5096,-1.4426,0
-1.8639,-1.7276,-1.0364,-0.9101,-0.63715,0
-0.34431,-1.5224,-1.1175,-9.1023,-1.3276,0
0.32051,-1.3685,-1.1806,2.5033,-1.1981,0
-0.15436,-1.1376,-1.2617,6.3718,-1.0111,0
-1.1991,-0.88114,-1.3582,-3.8684,-1.7734,0
0.035589,-1.2659,-1.3942,-6.8267,-0.88167,0
-0.34431,-1.3685,-1.3762,5.4616,-1.7734,0
-0.43928,-0.98374,-1.4007,3.8687,-1.1118,0
0.41548,-0.7016,-1.4419,-6.8267,-1.3851,0
0.60543,-0.47075,-1.4715,-3.8684,-1.5433,0
-0.43928,-0.4451,-1.4959,7.282,-0.95358,0
-1.294,-0.5477,-1.5011,2.2757,-1.7591,0
-0.24933,-0.75289,-1.5049,-7.2818,-0.88167,0
-0.53425,-0.90679,-1.5461,0.2277,-1.5865,0
-1.389,-1.1376,-1.5796,7.5096,-1.3276,0
-1.0091,-1.3685,-1.5873,-1.3652,-1.27,0
0.035589,-1.4711,-1.5873,-6.5991,-1.8741,0
-0.24933,-1.4454,-1.5873,4.0962,-1.083,0
-0.24933,-1.3941,-1.5847,7.5096,-1.9748,0
1.1753,-1.4198,-1.5873,-5.4613,-1.2413,0
0.32051,-1.4198,-1.5821,-6.3715,-1.8741,0
0.89035,-1.4198,-1.5847,6.5994,-2.0611,0
2.125,-1.4711,-1.5821,2.7309,-1.8885,0
0.22554,-1.3941,-1.5873,-7.0542,-2.4207,0
-1.294,-1.4198,-1.5847,-2.7306,-1.0399,0
-1.1991,-1.4198,-1.5873,7.282,-1.4282,0
-0.43928,-1.4454,-1.5834,0.68281,-0.45016,0
0.51046,-1.4454,-1.5821,-7.7369,-0.4214,0
1.4602,-1.4454,-1.5873,0.68281,-0.75222,0
1.5552,-1.4198,-1.586,7.0545,-0.29195,0
3.0747,-1.4198,-1.5834,-2.503,-1.1693,0
3.2647,-1.5737,-1.5783,-7.5093,0.11079,0
1.3652,-2.138,-1.5525,3.6411,0.39846,0
0.13056,-2.3688,-1.532,6.1442,2.0669,0
0.13056,-2.138,-1.532,-5.4613,3.4477,0
0.41548,-1.7789,-1.5345,-5.9164,3.8217,0
-1.294,-1.5737,-1.5268,6.3718,5.0299,0
-1.6739,-1.6763,-1.5422,2.9584,4.1238,0
-0.059385,-1.2659,-1.5809,-7.5093,4.6847,0
0.41548,-0.72725,-1.5989,-3.1857,4.1238,0
-0.34431,-0.31686,-1.604,7.5096,4.4258,0
-0.7242,-0.599,-1.5899,-0.22742,5.4902,0
-1.1991,-1.1376,-1.5603,-7.9645,5.5909,0
0.13056,-1.3941,-1.5332,0.91037,7.0292,0
1.4602,-1.2402,-1.5165,6.3718,6.3963,0
1.0803,-0.95809,-1.4882,-3.6408,6.6984,0
0.22554,-0.77854,-1.4792,-5.6889,6.0943,0
0.60543,-0.77854,-1.4843,5.234,5.3463,0
1.6501,-0.52205,-1.4702,4.7789,5.9217,0
1.2702,-0.4451,-1.4123,-7.0542,5.2457,0
0.13056,-0.36816,-1.3646,-5.0062,6.5114,0
0.7004,-0.3938,-1.3286,7.282,6.31,0
1.4602,-0.5477,-1.2771,2.5033,6.6409,0
0.22554,-0.4451,-1.2218,-7.7369,6.8278,0
-0.53425,-0.52205,-1.2205,-0.45498,6.0224,0
-0.53425,-1.0607,-1.2591,7.5096,6.5833,0
0.60543,-1.0094,-1.2694,-0.9101,5.6628,0
1.5552,-0.57335,-1.2514,-6.8267,6.3388,0
1.0803,-0.6503,-1.2308,3.8687,6.1806,0
0.60543,-1.0863,-1.1896,5.9167,6.1806,0
-0.15436,-1.0607,-1.1355,-4.5511,6.5833,0
-0.43928,-1.0094,-1.1368,-6.144,5.447,0
0.41548,-1.1376,-1.169,5.4616,5.7203,0
-0.7242,-1.1889,-1.1664,4.3238,4.4833,0
-1.294,-0.72725,-1.1136,-7.5093,4.5265,0
-0.7242,-0.21426,-1.0506,-3.1857,4.397,0
0.32051,-0.13731,-1.0223,7.282,3.8936,0
0.7004,-0.47075,-1.0223,1.1379,4.5553,0
-0.24933,-0.26556,-1.0171,-8.8747,3.4046,0
-0.34431,0.093531,-0.98751,0.00013542,3.7929,0
-0.059385,0.016583,-0.95534,7.282,2.6998,0
-1.389,0.093531,-0.9386,-1.5928,2.182,0
-1.6739,0.45262,-0.90514,-7.7369,2.0382,0
0.035589,0.52957,-0.86395,3.4135,0.90188,0
1.6501,0.22178,-0.84336,6.1442,1.4484,0
2.22,0.35002,-0.83178,-6.144,0.26901,0
1.9351,0.78606,-0.80475,-5.4613,0.70051,0
1.1753,0.83736,-0.78544,6.5994,0.082022,0
-0.24933,0.68346,-0.76356,3.8687,-0.53646,0
-0.53425,0.60652,-0.70435,-7.7369,-0.32071,0
-0.43928,0.32437,-0.65416,-2.2755,-1.5002,0
0.60543,0.32437,-0.6503,7.7372,-0.7666,0
1.6501,1.3247,-0.66703,0.45525,-1.8454,0
2.125,1.7607,-0.65802,-7.7369,-1.644,0
2.125,1.0426,-0.63228,2.0482,-1.9892,0
1.3652,0.55522,-0.61812,7.282,-2.6652,0
1.1753,0.65782,-0.5898,-4.0959,-2.133,0
1.5552,0.78606,-0.5602,-6.8267,-3.2118,0
0.32051,0.50392,-0.55248,6.1442,-2.5645,0
0.41548,0.37567,-0.53317,6.1442,-3.2118,0
0.89035,0.55522,-0.50099,-7.5093,-3.0104,0
1.4602,0.42697,-0.46109,-4.5511,-2.6508,0
0.32051,0.45262,-0.43921,7.0545,-3.1542,0
0.41548,0.68346,-0.45595,1.8206,-2.1906,0
-0.34431,0.29873,-0.4907,-7.9645,-2.9529,0
-0.24933,-0.31686,-0.49713,0.00013542,-2.0899,0
0.41548,-0.41945,-0.44694,8.1923,-2.2769,0
0.79538,-0.23991,-0.38001,-0.68254,-2.2337,0
0.60543,-0.18861,-0.33367,-7.2818,-1.5433,0
0.22554,-0.060364,-0.31565,3.6411,-2.0467,0
2.6949,0.042233,-0.29892,5.9167,-0.86728,0
3.3597,-0.26556,-0.2513,-4.5511,-1.3419,0
1.5552,-0.4964,-0.18952,-6.3715,-0.60838,0
-0.059385,-0.6503,-0.12645,5.6891,-0.47893,0
0.79538,-1.0094,-0.072394,5.0064,-0.72345,0
2.03,-1.8045,-0.0041778,-6.5991,0.25462,0
-0.53425,-2.0354,0.074335,-4.0959,-0.45016,0
-1.6739,-1.625,0.14126,7.7372,0.44161,0
-0.91415,-1.3172,0.18889,2.2757,0.082022,0
0.22554,-1.4198,0.20433,-7.7369,0.21147,0
0.51046,-1.2659,0.21077,-0.45498,0.70051,0
-0.15436,-1.2915,0.21463,7.282,0.010105,0
-0.7242,-1.1376,0.20819,-2.0479,0.91626,0
-0.53425,-0.93244,0.19146,-8.192,0.067639,0
-0.059385,-0.82984,0.18116,2.9584,0.68613,0
-1.294,-0.85549,0.1773,5.234,0.45599,0
-1.7689,-0.31686,0.16958,-5.9164,0.19709,0
0.22554,0.093531,0.15156,-6.3715,0.87311,0
1.3652,0.17048,0.13354,5.4616,-0.033045,0
0.22554,-0.13731,0.15027,3.8687,0.82996,0
0.41548,-0.34251,0.20562,-7.5093,0.18271,0
-0.34431,-0.29121,0.26096,-3.4133,0.51352,0
-0.53425,-0.34251,0.29185,7.5096,0.59983,0
-0.53425,-0.57335,0.28928,2.0482,-0.076195,0
-0.81917,-0.29121,0.26354,-8.192,0.67174,0
-0.34431,0.24743,0.23007,0.00013542,-0.2488,0
-0.059385,0.83736,0.22879,7.0545,0.52791,0
-0.34431,0.96561,0.24294,-2.0479,0.096406,0
-1.6739,0.55522,0.23136,-7.5093,0.12517,0
-1.8639,-0.034715,0.20176,3.8687,0.61421,0
-0.43928,-0.6503,0.15285,7.0545,-0.11935,0
-1.1041,-0.77854,0.12582,-5.6889,0.87311,0
0.13056,-0.5477,0.15027,-6.3715,0.12517,0
0.60543,-0.52205,0.19275,7.0545,0.67174,0
-0.059385,-0.7016,0.21978,4.0962,0.77243,0
0.035589,-0.4964,0.2275,-6.8267,0.49914,0
-1.1041,-0.31686,0.18631,-2.0479,1.3765,0
0.035589,0.24743,0.083344,7.7372,0.55667,0
0.035589,1.2734,-0.044078,1.1379,1.5779,0
-2.0538,1.9659,-0.12516,-7.0542,1.1032,0
-2.1488,2.0942,-0.14576,1.1379,1.4197,0
-0.059385,1.889,-0.12259,7.9647,1.6642,0
1.2702,1.8633,-0.078829,-2.503,1.0889,0
0.41548,1.6838,-0.014475,-8.4196,2.0525,0
0.79538,1.4786,0.04087,4.5513,1.2758,0
1.2702,1.4016,0.074335,5.9167,2.0525,0
0.13056,1.299,0.11681,-6.3715,1.7073,0
-0.7242,1.0939,0.18374,-5.0062,1.6786,0
-1.579,0.99126,0.24552,7.282,2.2539,0
-1.1041,0.70911,0.30086,4.0962,1.5204,0
-1.389,0.47827,0.33047,-7.7369,2.4697,0
-0.059385,0.45262,0.34462,-2.503,1.7217,0
0.7004,-0.0090658,0.37423,7.9647,2.3258,0
0.51046,-0.47075,0.41155,1.5931,2.3258,0
-1.0091,-0.72725,0.42828,-8.8747,2.0094,0
-1.0091,-1.4198,0.41927,0.00013542,2.7286,0
-1.6739,-2.0354,0.41284,6.8269,1.9519,0
-1.8639,-2.1893,0.42957,-2.503,2.8724,0
-1.1991,-1.9841,0.43343,-8.192,2.3258,0
-1.0091,-1.3941,0.41284,4.0962,2.5272,0
-1.484,-1.3428,0.39096,5.4616,2.8436,0
-0.7242,-1.548,0.38195,-6.8267,2.2108,0
0.035589,-1.4454,0.38967,-5.9164,3.1888,0
-0.43928,-1.3172,0.4064,7.0545,2.3978,0
-0.53425,-0.72725,0.40769,2.7309,3.0162,0
-0.62923,-0.4964,0.37809,-7.2818,2.8149,0
-0.24933,-0.5477,0.31373,-1.3652,2.5847,0
1.3652,-0.75289,0.28156,7.7372,3.2032,0
2.03,-0.7016,0.297,-1.5928,2.4409,0
1.3652,-0.13731,0.33561,-7.9645,3.232,0
0.89035,-0.21426,0.3472,2.7309,2.4697,0
0.79538,-0.4451,0.34977,7.0545,2.7717,0
0.89035,-0.47075,0.35492,-3.4133,2.8149,0
0.79538,-0.29121,0.34977,-6.3715,2.1388,0
-0.62923,0.11918,0.28413,5.234,2.9156,0
-2.5287,0.47827,0.21591,5.9167,1.9231,0
-1.294,0.60652,0.20176,-6.5991,2.5128,0
-1.0091,0.73476,0.19532,-4.5511,1.9519,0
-1.8639,0.99126,0.16057,7.5096,1.7793,0
-2.7186,1.376,0.13354,2.7309,2.1245,0
-1.484,1.5555,0.12968,-8.192,1.1608,0
-1.1041,1.0169,0.11037,-0.45498,1.9231,0
-1.484,0.55522,0.061464,8.4198,0.85873,0
-1.1041,0.52957,0.0061189,-1.3652,1.2183,0
-0.7242,0.45262,0.0022576,-7.7369,0.84434,0
-0.53425,0.19613,0.020277,3.6411,0.26901,0
-0.81917,0.45262,0.024138,7.7372,0.59983,0
-1.8639,0.55522,0.020277,-4.5511,-0.57961,0
-2.0538,0.45262,0.017703,-6.3715,0.010105,0
-0.81917,0.42697,0.015128,5.6891,-0.98235,0
0.32051,0.27308,0.01899,4.7789,-0.95358,0
0.41548,0.29873,0.042157,-7.7369,-1.1406,0
0.89035,0.37567,0.053741,-3.4133,-1.9604,0
1.1753,0.27308,0.031861,8.1923,-1.4139,0
1.6501,0.40132,-0.014475,0.91037,-2.4063,0
0.89035,0.40132,-0.041503,-8.4196,-1.9029,0
0.22554,0.37567,-0.050513,-0.22742,-2.4638,0
0.60543,0.68346,-0.028633,8.4198,-2.7084,0
0.51046,0.76041,0.016416,-2.7306,-2.2481,0
-0.15436,0.40132,0.051167,-7.9645,-3.0823,0
0.41548,0.093531,0.052454,3.4135,-2.2049,0
0.89035,0.27308,0.030574,6.1442,-3.0967,0
0.60543,0.81171,0.011267,-6.3715,-2.6077,0
0.98533,0.99126,-0.0119,-5.4613,-2.6508,0
0.79538,0.60652,-0.019623,6.1442,-3.1111,0
0.89035,0.37567,-0.015762,3.6411,-2.3775,0
0.89035,0.60652,-0.0054649,-7.5093,-3.3268,0
0.7004,0.63217,-0.00031657,-2.503,-2.4063,0
0.89035,0.37567,0.007406,7.282,-3.0248,0
0.79538,0.14483,0.025425,0.91037,-2.9097,0
1.2702,-0.0090658,0.021564,-7.2818,-2.5501,0
1.6501,0.11918,0.022851,0.00013542,-3.2549,0
0.79538,0.093531,0.043444,7.9647,-2.3775,0
0.32051,-0.16296,0.064038,-1.5928,-3.3412,0
1.6501,-0.086014,0.069186,-7.2818,-2.6508,0
1.6501,0.016583,0.064038,3.6411,-3.0536,0
-0.53425,0.016583,0.073047,6.5994,-3.2837,0
0.13056,0.19613,0.078196,-5.4613,-2.809,0
0.51046,0.32437,0.04988,-5.4613,-3.6433,0
0.32051,0.45262,0.029286,6.3718,-2.7803,0
1.4602,0.29873,0.034435,3.6411,-3.5138,0
1.0803,0.093531,0.039583,-7.9645,-3.0536,0
0.89035,-0.0090658,0.042157,-1.5928,-3.0248,0
1.0803,0.14483,0.047306,7.282,-3.4419,0
1.9351,0.042233,0.060177,0.91037,-2.5933,0
1.9351,-0.26556,0.067899,-7.7369,-3.4851,0
0.13056,-0.3938,0.057602,2.0482,-2.5933,0
-0.24933,-0.11166,0.053741,7.5096,-3.0536,0
1.5552,0.14483,0.079483,-3.6408,-2.9529,0
2.6949,-0.086014,0.1181,-7.5093,-2.4495,0
0.60543,-0.31686,0.13611,4.7789,-3.1111,0
-0.24933,-0.23991,0.13354,5.0064,-2.0899,0
0.51046,-0.3938,0.12582,-6.3715,-2.8234,0
1.5552,-0.3938,0.14512,-4.3235,-2.1474,0
1.0803,-0.11166,0.15671,7.5096,-2.2049,0
-0.53425,-0.060364,0.13354,1.1379,-2.4351,0
-1.9589,-0.41945,0.097502,-7.7369,-1.7015,0
0.51046,-0.7016,0.08077,-0.9101,-2.4351,0
0.60543,-0.6503,0.11037,7.282,-1.5145,0
-1.1041,-0.47075,0.15928,-1.3652,-2.0755,0
-0.7242,0.067882,0.17988,-7.7369,-1.6871,0
-0.62923,0.14483,0.158,2.0482,-1.3995,0
-0.43928,-0.060364,0.10265,5.6891,-1.8166,0
1.1753,-0.13731,0.066612,-4.0959,-0.83852,0
0.13056,-0.23991,0.031861,-6.3715,-1.644,0
-0.62923,-0.0090658,-0.0054649,5.234,-0.73783,0
-0.62923,0.042233,-0.019623,3.8687,-0.99673,0
0.32051,0.016583,-0.013187,-6.8267,-0.88167,0
0.98533,0.016583,0.0022576,-3.6408,-0.36386,0
1.7451,0.17048,0.039583,7.5096,-0.99673,0
1.1753,0.65782,0.061464,1.8206,0.024489,0
0.51046,0.93996,0.057602,-7.9645,-0.72345,0
-0.059385,0.83736,0.016416,-0.22742,-0.10496,0
0.60543,0.99126,-0.024771,7.5096,-0.090578,0
0.60543,1.3247,-0.018336,-2.503,-0.34948,0
-0.15436,1.0939,0.031861,-7.2818,0.42722,0
-0.91415,0.88866,0.062751,3.6411,-0.32071,0
-1.294,0.99126,0.044732,6.1442,0.70051,0
0.13056,1.2221,0.007406,-5.0062,0.024489,0
0.7004,1.4016,-0.032494,-6.144,0.45599,0
1.6501,1.4016,-0.080116,7.0545,0.68613,0
1.1753,1.3247,-0.10972,3.6411,0.22586,0
-0.15436,0.93996,-0.13031,-7.5093,1.3046,0
-0.34431,0.65782,-0.1316,-3.1857,0.47037,0
-0.34431,0.45262,-0.1213,7.7372,1.2902,0
-0.059385,0.42697,-0.10972,0.68281,0.97379,0
-0.53425,0.70911,-0.1213,-8.192,0.81558,0
-1.389,0.81171,-0.10714,2.7309,1.1895,0
-0.91415,0.78606,-0.059523,6.8269,0.32654,0
-0.81917,1.2734,-0.017049,-5.2337,1.2327,0
-0.53425,1.1452,0.0099801,-6.5991,0.34092,0
-0.53425,0.32437,0.034435,5.9167,0.81558,0
0.60543,0.22178,0.025425,3.4135,0.72928,0
1.6501,0.32437,0.012554,-7.2818,0.34092,0
2.03,0.14483,0.0061189,-2.503,0.90188,0
1.1753,-0.21426,0.022851,7.7372,-0.076195,0
-0.24933,-0.5477,0.044732,0.00013542,0.78681,0
-0.34431,-0.4964,0.060177,-9.1023,0.24024,0
0.22554,-0.599,0.084631,0.91037,0.39846,0
-0.15436,-0.85549,0.11295,7.5096,0.80119,0
-0.34431,-0.98374,0.12968,-2.503,0.16832,0
0.60543,-1.1633,0.12582,-7.7369,1.1752,0
1.5552,-1.4711,0.11166,3.8687,0.13956,0
1.1753,-1.4711,0.11295,5.234,0.59983,0
-0.15436,-1.1376,0.12067,-6.144,0.13956,0
-0.15436,-0.85549,0.087205,-5.6889,-0.2488,0
1.5552,-0.85549,0.01899,6.1442,0.41284,0
2.7898,-0.95809,-0.032494,3.186,-0.46455,0
1.6501,-0.88114,-0.045365,-7.7369,0.42722,0
0.89035,-0.599,-0.06081,-2.0479,-0.36386,0
0.035589,-0.599,-0.046652,7.5096,-0.14811,0
0.41548,-0.4451,-0.027345,-0.22742,-0.23441,0
0.7004,0.093531,-0.0518,-7.5093,-0.92482,0
0.98533,0.22178,-0.095561,2.2757,-0.22003,0
0.7004,0.042233,-0.1316,6.8269,-1.2269,0
0.7004,-0.060364,-0.1419,-3.6408,-0.45016,0
-0.34431,0.17048,-0.13031,-6.5991,-0.75222,0
-0.24933,0.35002,-0.10328,5.0064,-0.73783,0
0.22554,0.067882,-0.085264,5.9167,-0.30633,0
-0.15436,-0.11166,-0.081403,-5.4613,-1.1262,0
0.79538,-0.034715,-0.067245,-4.7786,-0.45016,0
2.5049,-0.13731,-0.032494,7.282,-1.4714,0
1.4602,-0.67595,0.012554,2.2757,-1.083,0
0.51046,-0.95809,0.056315,-7.9645,-1.0687,0
1.3652,-1.0094,0.073047,-2.2755,-1.3276,0
1.1753,-1.035,0.076909,7.7372,-0.46455,0
0.98533,-1.0607,0.05889,0.68281,-1.3707,0
1.5552,-1.0094,0.055028,-7.7369,-0.65153,0
0.89035,-0.82984,0.056315,2.0482,-1.3419,0
-0.91415,-0.85549,0.027999,6.8269,-1.27,0
0.13056,-0.77854,-0.0054649,-2.9581,-1.0543,0
1.3652,-0.5477,-0.0054649,-7.2818,-1.7447,0
1.1753,-0.23991,0.026712,4.0962,-0.78098,0
0.60543,-0.3938,0.035722,5.4616,-1.5145,0
0.13056,-0.36816,0.016416,-6.144,-0.52208,0
0.51046,-0.3938,-0.0041778,-5.2337,-0.62276,0
-0.24933,-0.7016,0.0035447,6.3718,-0.69468,0
-0.62923,-0.75289,0.013841,1.8206,-0.14811,0
0.035589,-0.52205,0.027999,-7.9645,-0.86728,0
2.03,-0.41945,0.069186,-1.3652,0.11079,0
2.4099,-0.5477,0.10909,6.8269,-0.72345,0
2.22,-0.57335,0.12196,-1.1377,-0.13373,0
2.03,-0.4964,0.10136,-7.9645,-0.37825,0
0.41548,0.22178,0.062751,2.9584,-0.92482,0
0.32051,0.55522,0.007406,6.3718,-0.3351,0
0.7004,0.29873,-0.026058,-5.6889,-1.0974,0
0.7004,0.50392,-0.045365,-5.6889,-0.076195,0
0.79538,0.60652,-0.055661,6.8269,-0.57961,0
0.51046,0.32437,-0.074968,3.4135,-0.43578,0
0.13056,0.35002,-0.087839,-7.5093,-0.36386,0
0.32051,0.27308,-0.076255,-2.2755,-1.2413,0
0.035589,-0.060364,-0.0518,7.282,-0.40701,0
1.4602,0.11918,-0.027345,0.68281,-1.2269,0
0.79538,0.52957,-0.019623,-7.2818,-0.39263,0
-0.34431,0.45262,-0.04279,2.2757,-0.594,0
-0.53425,0.29873,-0.085264,6.5994,-0.89605,0
-0.62923,0.37567,-0.1213,-3.6408,-0.5077,0
-0.7242,0.19613,-0.14833,-6.3715,-1.5865,0
-0.7242,-0.086014,-0.17407,5.9167,-0.57961,0
-0.81917,-0.034715,-0.16378,4.5513,-1.0111,0
-0.43928,0.47827,-0.12774,-6.3715,-0.57961,0
0.22554,0.88866,-0.12645,-3.1857,-0.52208,0
-0.24933,0.99126,-0.099422,7.282,-1.3995,0
-0.53425,1.0426,-0.049226,2.0482,-0.86728,0
-0.7242,1.0426,-0.023484,-8.192,-1.946,0
-0.62923,0.96561,-0.046652,0.00013542,-1.3276,0
-0.43928,0.55522,-0.090413,7.5096,-1.7591,0
0.22554,0.22178,-0.13031,-1.3652,-1.8022,0
-0.62923,0.042233,-0.16893,-7.0542,-1.4426,0
-1.484,-0.31686,-0.18308,3.186,-2.3919,0
-1.9589,-0.4451,-0.16249,6.3718,-1.7015,0
-2.1488,-0.36816,-0.13675,-5.4613,-2.6077,0
-2.0538,-0.67595,-0.10586,-6.8267,-2.1043,0
-1.9589,-0.82984,-0.081403,6.1442,-1.8597,0
-1.1991,-0.5477,-0.080116,3.8687,-1.9892,0
-1.7689,-0.3938,-0.081403,-7.9645,-1.0687,0
-1.9589,-0.4451,-0.08269,-3.4133,-1.9748,0
-0.81917,-0.18861,-0.096848,8.6474,-1.3276,0
0.7004,-0.36816,-0.10071,0.91037,-2.1618,0
2.5999,-0.3938,-0.089126,-8.6471,-2.1043,0
2.125,-0.3938,-0.068532,-0.45498,-2.1762,0
0.51046,-0.52205,-0.040216,7.282,-2.6652,0
0.7004,-0.57335,-0.0041778,-2.2755,-1.6296,0
1.4602,-0.41945,0.007406,-7.9645,-2.3056,0
0.89035,-0.41945,-0.006752,2.7309,-1.2269,0
0.60543,-0.5477,-0.0028907,5.9167,-1.3851,0
-1.1041,-0.57335,-0.0080391,-5.9164,-1.2988,0
-1.0091,-0.72725,-0.017049,-6.144,-0.96797,0
-0.81917,-0.77854,0.0099801,6.5994,-2.1618,0
-0.7242,-0.67595,0.046019,2.7309,-1.7159,0
-0.62923,-0.67595,0.067899,-7.5093,-2.7947,0
-0.53425,-0.72725,0.094928,-1.8203,-2.0611,0
0.32051,-0.6503,0.12196,7.7372,-1.6008,0
0.7004,-0.31686,0.13998,-0.22742,-1.5865,0
0.79538,-0.034715,0.1374,-8.192,-0.66591,0
0.60543,0.14483,0.088493,2.0482,-1.7015,0
-0.62923,0.22178,0.04988,5.9167,-1.3995,0
-1.579,0.22178,0.047306,-5.0062,-2.4207,0
-1.1041,0.14483,0.084631,-6.144,-2.5933,0
-0.62923,0.19613,0.13225,7.5096,-2.0323,0
-0.24933,0.22178,0.13998,3.8687,-2.1618,0
-1.484,0.042233,0.1078,-7.2818,-0.75222,0
-2.6237,0.042233,0.037009,-1.8203,-1.27,0
-0.34431,0.042233,-0.0119,7.9647,-0.6803,0
0.32051,0.067882,-0.022197,1.1379,-0.98235,0
-0.24933,-0.0090658,-0.026058,-8.4196,-1.5433,0
0.41548,-0.29121,-0.028633,0.91037,-0.83852,0
-0.62923,-0.52205,0.011267,7.9647,-1.6008,0
-1.579,-0.47075,0.085918,-2.503,-0.46455,0
-2.1488,-0.26556,0.15928,-8.192,-0.78098,0
-1.6739,-0.5477,0.20433,3.6411,-0.49331,0
-0.059385,-0.72725,0.21077,5.9167,-0.1625,0
0.41548,-0.80419,0.21463,-5.0062,-0.9392,0
-0.34431,-1.112,0.20047,-6.144,-0.061812,0
-0.62923,-1.5224,0.11681,5.9167,-0.8529,0
-1.579,-1.4454,-0.0041778,4.0962,-0.23441,0
-1.0091,-0.82984,-0.072394,-7.5093,-0.29195,0
-0.34431,-0.34251,-0.058236,-2.9581,-0.36386,0
1.0803,-0.13731,-0.023484,7.5096,0.68613,0
0.22554,-0.36816,0.0022576,1.1379,0.11079,0
0.32051,-0.3938,-0.017049,-8.192,1.1032,0
-0.15436,-0.26556,-0.069819,-0.68254,0.19709,0
-0.24933,-0.16296,-0.1316,7.7372,0.024489,0
0.13056,-0.5477,-0.15992,-2.9581,-0.061812,0
-1.294,-0.93244,-0.13932,-7.9645,-0.7666,0
-1.579,-0.72725,-0.13804,3.4135,0.48476,0
0.035589,-0.18861,-0.14061,6.5994,0.12517,0
0.13056,-0.086014,-0.1316,-5.0062,1.2327,0
-1.0091,-0.0090658,-0.11101,-5.6889,1.2471,0
-0.62923,0.067882,-0.10714,6.8269,0.87311,0
0.51046,0.016583,-0.11101,3.186,1.319,0
1.6501,-0.16296,-0.10328,-7.7369,0.47037,0
0.89035,-0.4964,-0.067245,-2.9581,1.4772,0
-0.91415,-0.6503,-0.0041778,7.0545,1.0169,0
-0.91415,-0.31686,0.029286,0.45525,1.5491,0
-0.53425,-0.21426,0.022851,-8.4196,1.9087,0
0.41548,-0.34251,0.021564,0.91037,1.4053,0
0.79538,0.042233,0.043444,6.8269,2.0094,0
0.60543,0.27308,0.08978,-3.1857,0.95941,0
0.89035,0.37567,0.10136,-6.5991,1.4916,0
0.7004,0.40132,0.066612,4.7789,1.0889,0
0.60543,0.067882,0.033148,6.5994,1.1032,0
0.89035,-0.0090658,0.033148,-6.5991,1.5779,0
1.2702,0.29873,0.046019,-5.9164,0.91626,0
1.4602,0.50392,0.026712,7.0545,1.7073,0
0.41548,0.42697,-0.006752,3.4135,0.72928,0
0.7004,0.37567,-0.02091,-7.5093,1.2327,0
1.7451,0.68346,-0.014475,-3.1857,0.93064,0
1.1753,1.1195,-0.023484,6.8269,0.65736,0
-0.059385,1.0426,-0.058236,0.2277,1.1464,0
-0.34431,0.76041,-0.06081,-8.4196,0.21147,0
0.22554,0.60652,-0.027345,1.8206,0.93064,0
0.22554,0.73476,0.007406,6.8269,-0.13373,0
-1.1041,0.96561,-0.027345,-3.6408,0.082022,0
-0.7242,0.88866,-0.085264,-7.0542,-0.033045,0
-0.15436,0.88866,-0.092987,5.234,-0.57961,0
-0.62923,0.99126,-0.064671,6.8269,0.082022,0
-1.0091,1.0426,-0.019623,-5.2337,-0.9392,0
-0.15436,0.81171,0.01899,-6.144,-0.3351,0
-0.15436,0.78606,0.0048318,6.3718,-1.155,0
-0.43928,0.63217,-0.02091,3.4135,-1.4139,0
0.22554,0.17048,-0.006752,-7.5093,-1.1262,0
-0.24933,0.17048,0.0086931,-2.503,-1.8885,0
-0.24933,0.19613,-0.013187,7.9647,-0.78098,0
0.41548,0.067882,-0.053087,0.68281,-1.5577,0
0.7004,0.14483,-0.053087,-8.4196,-0.91043,0
0.79538,0.22178,-0.024771,0.91037,-1.1837,0
0.98533,0.37567,-0.033781,7.282,-1.5145,0
0.98533,0.27308,-0.069819,-2.2755,-1.2413,0
1.8401,-0.21426,-0.047939,-7.7369,-2.3919,0
1.6501,-0.36816,0.013841,3.8687,-1.6008,0
-0.53425,-0.23991,0.066612,6.8269,-2.3919,0
-0.91415,-0.34251,0.087205,-4.5511,-1.9317,0
-1.1991,-0.3938,0.10008,-5.6889,-1.7303,0
-2.5287,-0.4451,0.12453,6.5994,-2.2912,0
-2.3388,-0.6503,0.17859,4.5513,-1.5721,0
-1.389,-0.82984,0.22106,-6.5991,-2.5645,0
-1.484,-0.52205,0.20562,-3.4133,-2.1043,0
-1.0091,-0.21426,0.16186,6.8269,-2.8234,0
-0.7242,-0.23991,0.14641,1.5931,-3.1399,0
-0.91415,-0.21426,0.14512,-7.5093,-2.7227,0
-1.6739,-0.26556,0.13097,1.1379,-3.3268,0
-0.91415,0.093531,0.10394,7.5096,-1.9604,0
-0.53425,0.32437,0.057602,-2.503,-2.32,0
0.035589,0.24743,0.039583,-7.7369,-1.3707,0
-0.24933,0.37567,0.046019,3.6411,-1.2269,0
-0.7242,0.73476,0.026712,5.4616,-1.7159,0
-0.43928,0.81171,-0.018336,-5.9164,-1.2988,0
0.32051,0.60652,-0.019623,-5.4613,-2.4351,0
0.7004,0.58087,0.0022576,6.3718,-1.5721,0
0.60543,0.60652,-0.0080391,3.186,-2.0611,0
-0.059385,0.32437,-0.014475,-7.0542,-1.6584,0
0.51046,-0.086014,-0.013187,-2.0479,-1.3563,0
0.60543,-0.18861,-0.006752,6.3718,-1.9892,0
-0.24933,0.093531,-0.017049,0.00013542,-1.1262,0
-1.389,0.45262,-0.023484,-7.2818,-2.1043,0
-1.0091,0.32437,0.015128,2.5033,-1.6728,0
-0.91415,-0.0090658,0.05889,6.5994,-2.018,0
-1.6739,0.067882,0.052454,-4.5511,-2.3775,0
-1.1991,0.29873,0.030574,-7.2818,-1.8166,0
-1.7689,0.093531,0.0061189,4.3238,-2.6077,0
-2.1488,-0.13731,-0.00031657,4.3238,-1.4426,0
-1.8639,-0.21426,0.015128,-6.5991,-1.8885,0
-1.1041,-0.21426,0.017703,-4.3235,-1.083,0
-0.91415,-0.034715,0.0061189,7.9647,-0.89605,0
-1.484,0.042233,0.013841,2.0482,-1.4139,0
-0.62923,-0.29121,0.048593,-8.192,-0.80975,0
0.32051,-0.3938,0.073047,-1.3652,-1.8454,0
0.79538,-0.13731,0.091067,7.5096,-0.80975,0
0.7004,0.11918,0.094928,-0.22742,-1.0399,0
1.2702,0.067882,0.079483,-7.9645,-0.39263,0
2.7898,0.042233,0.067899,2.9584,0.21147,0
2.125,0.35002,0.075622,6.5994,-0.36386,0
0.32051,0.52957,0.08077,-4.5511,0.38407,0
0.51046,0.73476,0.10909,-6.5991,-0.72345,0
0.32051,0.65782,0.13354,6.3718,-0.29195,0
-0.15436,0.19613,0.13611,3.8687,-0.9392,0
-1.1991,-0.0090658,0.14255,-7.5093,-1.3276,0
-3.0036,0.11918,0.14512,-3.4133,-0.83852,0
-0.53425,0.067882,0.12453,7.5096,-1.3707,0
0.32051,-0.18861,0.073047,0.45525,0.096406,0
0.13056,-0.060364,0.042157,-8.8747,-0.32071,0
0.32051,0.29873,0.039583,0.2277,0.19709,0
0.79538,0.58087,0.01899,6.8269,-0.11935,0
0.89035,0.52957,-0.0016037,-3.1857,-0.8529,0
0.7004,0.58087,0.0048318,-6.5991,-0.27756,0
0.035589,0.47827,0.039583,4.0962,-0.9392,0
-0.43928,0.19613,0.061464,5.4616,0.35531,0
-0.7242,0.27308,0.076909,-5.2337,0.52791,0
-0.34431,0.14483,0.096215,-4.5511,1.2471,0
0.13056,0.016583,0.10394,6.5994,2.0957,0
-0.24933,0.042233,0.10265,3.186,1.693,0
-0.24933,0.29873,0.13611,-8.192,2.4553,0
0.51046,0.37567,0.16314,-1.5928,1.3478,0
0.7004,0.27308,0.19017,8.4198,1.8224,0
0.79538,0.093531,0.22106,0.2277,1.9519,0
1.1753,0.093531,0.24809,-7.5093,2.1101,0
1.9351,0.29873,0.25453,1.8206,3.2608,0
2.22,0.40132,0.23007,7.0545,2.6854,0
3.1697,0.35002,0.19275,-4.3235,3.5916,0
3.3597,0.24743,0.16443,-6.8267,2.671,0
2.4099,-0.086014,0.17215,5.0064,2.556,0
1.1753,-0.18861,0.21849,3.8687,2.3978,0
0.22554,-0.086014,0.29958,-6.3715,1.5779,0
0.51046,-0.41945,0.33561,-3.8684,2.6423,0
0.51046,-0.6503,0.30344,7.5096,2.0669,0
0.13056,-0.4451,0.27126,1.1379,2.8868,0
0.41548,-0.4451,0.26868,-8.192,2.4409,0
0.41548,-1.0094,0.26997,0.45525,1.7217,0
-1.1991,-1.1633,0.23265,7.7372,1.7217,0
-1.389,-0.75289,0.20948,-2.7306,0.44161,0
-0.24933,-0.77854,0.25968,-7.7369,1.1895,0
-0.24933,-0.95809,0.36393,3.186,0.51352,0
-0.15436,-1.1889,0.42957,5.4616,1.1176,0
-1.294,-1.2402,0.40126,-5.4613,1.1176,0
-1.7689,-0.90679,0.31759,-5.6889,0.12517,0
-1.9589,-0.4964,0.23908,5.4616,0.082022,0
0.41548,-0.16296,0.12711,3.6411,-1.8022,0
1.5552,-0.034715,0.053741,-7.2818,-1.7591,0
1.1753,0.19613,0.043444,-2.7306,-2.9385,0
0.7004,0.45262,0.037009,7.5096,-3.1542,0
0.79538,0.60652,0.015128,1.5931,-3.2118,0
0.41548,0.63217,0.012554,-7.5093,-4.1898,0
-1.0091,0.60652,0.030574,1.3655,-3.7296,0
-1.7689,0.78606,0.092354,7.0545,-4.8659,0
-1.0091,0.96561,0.1477,-2.9581,-4.6214,0
-0.91415,1.0426,0.18245,-7.2818,-5.1823,0
-1.6739,1.0169,0.22364,4.5513,-5.6138,0
-1.1041,1.0169,0.27126,5.4616,-5.096,0
-0.62923,1.0169,0.27641,-6.3715,-5.7864,0
-0.43928,0.88866,0.22235,-5.6889,-4.6933,0
0.22554,0.58087,0.18245,7.0545,-5.3261,0
-0.15436,0.29873,0.18245,3.186,-5.0241,0
0.7004,0.067882,0.19146,-8.192,-5.3261,0
0.7004,-0.26556,0.21849,-0.9101,-6.3042,0
0.51046,-0.41945,0.23136,7.5096,-5.9734,0
-0.15436,-0.29121,0.19918,-0.9101,-7.1241,0
-1.294,0.067882,0.12324,-8.192,-6.146,0
-0.91415,0.22178,0.079483,2.2757,-6.635,0
0.13056,0.042233,0.064038,7.0545,-6.1316,0
-1.389,0.29873,0.062751,-4.3235,-5.772,0
-1.484,0.22178,0.10522,-7.0542,-6.3186,0
-1.294,-0.034715,0.17473,4.7789,-5.2974,0
-1.6739,-0.0090658,0.22879,4.3238,-6.0453,0
-0.91415,-0.16296,0.27512,-6.3715,-5.1248,0
-0.059385,-0.34251,0.32274,-4.3235,-5.2111,0
-0.53425,-0.26556,0.34462,6.8269,-5.3693,0
-1.8639,-0.060364,0.32017,2.2757,-4.5207,0
-2.6237,0.47827,0.23007,-8.6471,-5.0529,0
-1.0091,0.73476,0.11037,0.00013542,-3.7296,0
0.13056,0.65782,0.033148,7.9647,-3.8446,0
-0.34431,0.63217,-0.00031657,-1.3652,-3.1399,0
-1.484,0.60652,-0.045365,-7.5093,-2.4207,0
-0.7242,0.63217,-0.10328,3.6411,-2.6652,0
0.22554,0.65782,-0.15734,6.3718,-1.457,0
0.7004,0.63217,-0.16378,-5.6889,-2.1474,0
0.79538,0.50392,-0.090413,-5.2337,-1.2556,0
0.7004,-0.034715,0.027999,6.8269,-1.2988,0
0.79538,-0.599,0.098789,3.8687,-0.98235,0
1.3652,-0.599,0.082057,-7.2818,0.038872,0
2.4099,-0.29121,0.060177,-2.0479,-0.29195,0
1.7451,-0.16296,0.074335,7.7372,0.71489,0
2.8848,-0.5477,0.056315,0.91037,-0.37825,0
1.6501,-0.57335,0.0022576,-8.192,-0.40701,0
0.7004,-0.18861,-0.053087,1.8206,-0.98235,0
-0.53425,0.19613,-0.10457,7.282,-1.7591,0
-1.484,0.19613,-0.14318,-4.0959,-1.1406,0
-2.1488,0.22178,-0.16764,-6.3715,-1.9604,0
-1.8639,0.27308,-0.15863,5.4616,-1.2844,0
0.035589,0.19613,-0.081403,4.5513,-2.133,0
0.89035,0.22178,-0.022197,-6.5991,-2.4063,0
-1.579,0.042233,0.0035447,-5.4613,-2.507,0
-0.81917,-0.31686,0.027999,6.8269,-3.3412,0
0.13056,-0.4964,0.069186,2.5033,-2.6077,0
0.89035,-0.599,0.084631,-8.192,-3.4994,0
1.8401,-0.47075,0.022851,-1.8203,-3.0104,0
1.2702,0.042233,-0.099422,6.8269,-3.557,0
1.3652,0.50392,-0.19338,-2.0479,-3.9885,0
2.6949,0.27308,-0.20754,-8.4196,-3.5857,0
2.5049,-0.23991,-0.15348,2.9584,-4.1323,0
2.22,-0.599,-0.10972,5.9167,-2.8234,0
1.1753,-0.82984,-0.102,-5.4613,-2.9673,0
0.89035,-0.80419,-0.11873,-5.4613,-1.9029,0
0.89035,-0.93244,-0.13675,6.3718,-1.6008,0
0.41548,-0.88114,-0.12516,2.7309,-2.0755,0
-1.389,-0.52205,-0.10328,-7.5093,-1.7015,0
-1.8639,0.016583,-0.083977,-2.7306,-3.0679,0
-1.6739,0.14483,-0.10071,7.7372,-2.5645,0
-1.0091,-0.23991,-0.13932,-0.45498,-3.1399,0
0.32051,-0.3938,-0.16764,-7.7369,-2.694,0
1.1753,-0.26556,-0.1818,2.2757,-1.9748,0
2.7898,-0.086014,-0.20754,6.8269,-2.5214,0
3.2647,-0.060364,-0.24615,-3.8684,-1.8597,0
1.4602,0.042233,-0.27061,-6.5991,-3.0392,0
-0.15436,0.11918,-0.27704,4.7789,-2.6077,0
-1.1041,0.042233,-0.30536,4.7789,-3.0823,0
0.035589,-0.13731,-0.34654,-5.6889,-3.2837,0
0.51046,-0.16296,-0.38644,-4.5511,-2.5789,0
0.89035,-0.060364,-0.45466,7.0545,-3.2405,0
1.5552,0.042233,-0.49971,2.7309,-2.3344,0
0.98533,-0.18861,-0.46753,-8.192,-3.5282,0
0.13056,-0.3938,-0.41218,-1.8203,-3.744,0
0.22554,-0.52205,-0.371,7.5096,-4.4344,0
-0.059385,-0.23991,-0.33753,0.2277,-5.1967,0
-1.0091,0.19613,-0.26932,-7.9645,-4.2042,0
-2.9086,0.37567,-0.20882,2.5033,-4.4631,0
-4.0483,0.14483,-0.23071,7.282,-2.6652,0
-1.579,0.016583,-0.27704,-3.1857,-2.507,0
0.035589,0.29873,-0.28862,-7.2818,-1.8454,0
0.79538,0.45262,-0.26031,4.3238,-1.0255,0
0.89035,0.093531,-0.18437,5.4616,-1.2269,0
0.89035,-0.41945,-0.069819,-6.3715,0.096406,0
0.7004,-1.035,0.016416,-5.6889,-0.46455,0
0.51046,-1.4454,0.046019,5.4616,0.32654,0
0.13056,-1.5993,-0.0041778,3.186,0.12517,0
1.5552,-1.4454,-0.059523,-7.5093,0.42722,0
1.6501,-1.5737,-0.077542,-2.7306,1.5779,0
0.22554,-1.9328,-0.056948,7.0545,1.6786,0
-0.34431,-1.9841,-0.022197,0.00013542,3.6491,0
-0.43928,-1.7019,-0.0016037,-8.192,3.8505,0
0.41548,-1.3428,-0.015762,1.8206,5.2169,0
0.51046,-0.75289,-0.055661,6.5994,5.6053,0
-0.059385,-0.21426,-0.074968,-4.3235,5.0155,0
-0.53425,-0.16296,-0.044078,-7.7369,5.0155,0
-0.62923,-0.47075,0.0099801,4.5513,3.2032,0
0.22554,-0.72725,0.057602,5.234,3.3183,0
0.13056,-1.0607,0.092354,-6.8267,2.3115,0
1.4602,-0.5477,0.10394,-5.0062,2.1101,0
0.79538,0.50392,0.065325,7.282,2.3546,0
-0.7242,1.0426,-0.02091,2.7309,1.6067,0
-1.1041,0.81171,-0.11229,-7.7369,2.4265,0
-1.6739,0.70911,-0.17407,-1.3652,1.2183,0
-1.1991,0.99126,-0.18566,7.7372,1.6642,0
2.03,1.376,-0.14318,-1.3652,1.2183,0
3.1697,1.0939,-0.085264,-7.2818,0.70051,0
1.5552,0.60652,-0.045365,3.6411,0.84434,0
0.79538,0.14483,-0.069819,7.282,-0.60838,0
0.51046,0.19613,-0.1612,-3.8684,-0.49331,0
-0.81917,0.81171,-0.26288,-6.5991,-1.644,0
0.035589,1.299,-0.36971,5.9167,-1.4858,0
0.51046,1.4016,-0.45466,5.0064,-0.83852,0
-0.059385,1.0939,-0.49456,-6.3715,-1.0543,0
-0.24933,0.86301,-0.47397,-4.5511,0.19709,0
1.2702,0.96561,-0.39931,7.5096,-0.83852,0
0.98533,0.86301,-0.31951,2.5033,-0.70906,0
0.035589,0.70911,-0.28991,-7.0542,-1.4714,0
-0.62923,0.60652,-0.29377,0.2277,-2.1186,0
-0.43928,0.63217,-0.3015,7.0545,-1.6871,0
0.41548,0.60652,-0.27575,-1.5928,-2.4926,0
0.7004,0.32437,-0.22298,-7.2818,-1.6728,0
0.60543,-0.11166,-0.15219,2.9584,-2.2769,0
0.89035,-0.16296,-0.087839,6.8269,-2.1186,0
1.1753,-0.3938,-0.064671,-5.4613,-2.1186,0
1.6501,-0.3938,-0.092987,-6.144,-2.8953,0
0.89035,-0.3938,-0.13675,5.6891,-2.507,0
-0.24933,-0.34251,-0.14962,4.5513,-4.0316,0
-0.53425,-0.26556,-0.11744,-7.0542,-3.9453,0
-0.53425,-0.21426,-0.099422,-2.9581,-4.8227,0
-0.059385,-0.18861,-0.14576,7.7372,-5.0241,0
2.22,-0.21426,-0.18952,1.1379,-4.7364,0
2.22,-0.21426,-0.15734,-8.4196,-5.3837,0
0.79538,-0.23991,-0.10457,-1.3652,-4.1467,0
-1.0091,-0.21426,-0.087839,7.282,-4.5782,0
-0.7242,-0.23991,-0.08269,-1.8203,-3.5857,0
0.035589,-0.23991,-0.074968,-8.4196,-3.4851,0
-0.059385,-0.034715,-0.092987,2.0482,-3.6577,0
0.51046,-0.034715,-0.12388,6.1442,-3.0536,0
1.7451,-0.31686,-0.11101,-5.0062,-4.1898,0
2.125,-0.36816,-0.0917,-6.144,-3.859,0
2.315,-0.11166,-0.12774,4.7789,-5.4412,0
3.1697,0.016583,-0.19853,4.0962,-6.0309,0
1.3652,-0.13731,-0.23843,-7.2818,-6.5631,0
-0.059385,-0.086014,-0.19982,-4.5511,-7.4117,0
-0.34431,0.093531,-0.11487,7.7372,-6.3761,0
-0.91415,0.29873,-0.036355,2.7309,-6.4624,0
-1.484,0.58087,-0.015762,-7.9645,-4.3481,0
0.035589,0.63217,-0.032494,0.2277,-3.1111,0
0.79538,0.45262,-0.059523,8.4198,-2.0036,0
1.6501,0.24743,-0.10972,-1.1377,-1.1837,0
1.5552,0.19613,-0.13675,-6.5991,-2.4207,0
2.03,0.22178,-0.12645,3.4135,-2.6077,0
2.315,0.22178,-0.102,7.0545,-4.4056,0
2.5999,0.32437,-0.047939,-5.0062,-4.3481,0
2.125,0.29873,0.048593,-5.6889,-4.3049,0
0.22554,-0.23991,0.14899,5.4616,-4.5782,0
-1.1991,-0.36816,0.19275,5.234,-3.8303,0
-0.53425,-0.41945,0.16829,-7.5093,-4.8371,0
1.0803,-0.41945,0.12711,-4.5511,-3.8159,0
0.89035,-0.41945,0.13354,7.7372,-4.2042,0
0.41548,-0.34251,0.19275,3.186,-3.4707,0
0.035589,-0.23991,0.30344,-8.4196,-2.6796,0
0.13056,-0.13731,0.35878,-0.9101,-2.809,0
-1.294,-0.23991,0.3266,7.5096,-2.0611,0
-0.62923,-0.086014,0.24809,-0.9101,-3.3844,0
0.79538,0.42697,0.17859,-7.7369,-3.2118,0
-0.15436,0.93996,0.12196,2.9584,-3.7583,0
-2.5287,0.73476,0.069186,5.9167,-3.3844,0
-2.0538,0.19613,0.031861,-5.4613,-2.3056,0
-1.1041,0.35002,-0.024771,-6.3715,-2.4638,0
0.13056,0.63217,-0.11487,5.4616,-1.27,0
-0.24933,0.81171,-0.17665,3.186,-1.9748,0
-0.15436,1.3503,-0.18952,-7.0542,-1.3563,0
1.3652,1.5812,-0.23328,-3.6408,-0.95358,0
2.125,1.3503,-0.31308,6.8269,-0.70906,0
2.315,1.3503,-0.31179,1.1379,0.57106,0
2.03,1.4786,-0.19853,-8.192,-0.27756,0
1.4602,0.83736,-0.081403,-0.22742,0.16832,0
1.7451,0.19613,-0.058236,7.0545,-0.75222,0
1.0803,-0.16296,-0.085264,-0.45498,-0.9392,0
-0.059385,-0.0090658,-0.14704,-7.7369,-0.78098,0
-1.1041,0.11918,-0.22041,2.7309,-1.3132,0
0.13056,0.19613,-0.26674,6.1442,-0.32071,0
1.5552,0.50392,-0.24229,-5.2337,-0.95358,0
1.2702,0.91431,-0.19724,-5.4613,0.024489,0
0.60543,0.81171,-0.1316,5.9167,0.13956,0
-0.34431,0.37567,-0.044078,3.8687,0.75804,0
0.60543,-0.36816,0.0086931,-7.7369,1.9087,0
0.79538,-0.67595,-0.047939,-3.8684,1.5923,0
0.89035,-0.060364,-0.10843,7.7372,2.7142,0
1.5552,0.73476,-0.06081,2.0482,2.0094,0
-0.059385,0.60652,0.026712,-7.9645,2.5991,0
-1.484,0.19613,0.069186,0.91037,2.4265,0
-1.7689,0.50392,0.066612,7.5096,2.0238,0
-1.1041,0.68346,0.070473,-2.503,2.5128,0
-0.53425,0.52957,0.10136,-7.7369,1.5923,0
0.7004,0.22178,0.11037,3.6411,2.4984,0
2.4099,0.17048,0.069186,6.3718,1.9806,0
2.5049,0.22178,0.04087,-5.2337,2.3258,0
1.8401,0.37567,0.064038,-5.9164,2.8724,0
0.41548,0.68346,0.078196,6.3718,2.5416,0
-0.34431,1.4016,0.075622,4.0962,3.908,0
0.60543,2.3507,0.11938,-6.8267,3.1025,0
1.3652,2.9406,0.18889,-2.7306,3.7498,0
0.32051,2.7867,0.19661,7.7372,3.0306,0
0.7004,1.7864,0.18631,0.68281,2.7286,0
1.5552,0.042233,0.20948,-7.7369,3.1169,0
1.3652,-0.95809,0.2468,0.68281,2.1964,0
0.79538,-0.52205,0.26354,6.8269,3.0019,0
1.1753,-0.18861,0.23522,-2.0479,2.0957,0
1.8401,-0.16296,0.18374,-7.2818,2.5847,0
1.7451,-0.4964,0.10008,3.6411,2.6423,0
-0.7242,-0.72725,-0.010613,5.6891,2.4984,0
-0.91415,-0.47075,-0.10843,-6.8267,3.4621,0
-0.53425,0.067882,-0.15348,-5.2337,2.7717,0
0.41548,0.81171,-0.11615,6.8269,3.6923,0
0.60543,1.1452,-0.02992,3.186,2.9443,0
0.60543,0.78606,-0.0016037,-8.4196,2.8293,0
0.60543,0.17048,-0.010613,-2.0479,2.9012,0
-0.059385,-0.13731,0.0048318,8.6474,2.1676,0
0.41548,-0.36816,0.030574,0.2277,2.9731,0
1.2702,-0.88114,0.094928,-8.192,1.9375,0
-0.7242,-1.7789,0.12968,0.91037,2.3258,0
-0.81917,-2.4457,0.042157,7.5096,1.7936,0
-0.7242,-2.3175,-0.092987,-2.2755,1.1752,0
-1.1991,-1.6763,-0.14962,-7.0542,1.3621,0
0.32051,-0.85549,-0.040216,4.0962,0.18271,0
2.7898,-0.16296,0.13225,5.0064,0.88749,0
3.3597,0.76041,0.25968,-5.6889,0.24024,0
2.7898,1.1452,0.26997,-5.6889,0.58544,0
1.1753,0.27308,0.17344,6.8269,0.95941,0
-0.24933,-0.85549,0.044732,3.8687,0.39846,0
-0.53425,-1.1633,-0.045365,-7.0542,1.2615,0
-0.34431,-0.34251,-0.04279,-2.503,0.18271,0
0.13056,0.067882,-0.035068,7.282,0.57106,0
-0.34431,-0.23991,-0.054374,1.1379,-0.047428,0
-0.34431,-0.5477,-0.085264,-7.7369,-0.45016,0
1.6501,-0.62465,-0.1213,-0.45498,-0.004278,0
1.8401,-0.62465,-0.1715,7.0545,-0.89605,0
0.035589,-0.62465,-0.19209,-1.1377,-0.047428,0
-1.6739,-0.72725,-0.15863,-7.7369,-0.80975,0
-1.8639,-0.75289,-0.1419,2.7309,-0.57961,0
-1.1041,-0.47075,-0.16635,5.9167,-0.46455,0
-1.0091,-0.13731,-0.18694,-5.4613,-1.1837,0
-2.9086,-0.34251,-0.21783,-5.9164,-0.36386,0
-3.6684,-1.3428,-0.27318,6.3718,-1.3132,0
-3.3835,-1.9071,-0.2513,2.5033,-0.594,0
-1.484,-1.7532,-0.096848,-7.7369,-0.89605,0
-0.059385,-1.3941,0.13611,-1.8203,-0.92482,0
-0.15436,-0.90679,0.36779,7.7372,-0.36386,0
-0.24933,-0.5477,0.47719,0.00013542,-1.0974,0
1.6501,-0.41945,0.40383,-9.3298,-0.23441,0
2.9798,-0.6503,0.2468,1.5931,-1.2556,0
2.7898,-1.0863,0.13225,7.5096,-1.0543,0
2.6949,-1.1889,0.10265,-4.0959,-1.5002,0
2.9798,-0.599,0.158,-8.192,-2.1043,0
1.5552,0.29873,0.2468,3.8687,-1.644,0
-0.15436,1.3247,0.29443,5.9167,-2.507,0
-0.34431,1.7864,0.30858,-5.9164,-1.5433,0
0.22554,0.88866,0.33947,-5.4613,-2.1474,0
-0.15436,-0.26556,0.3768,6.8269,-1.8885,0
-0.62923,-0.90679,0.38195,2.7309,-2.1043,0
-0.43928,-1.1889,0.34462,-8.4196,-3.0248,0
0.32051,-1.8815,0.27255,-0.9101,-2.5933,0
1.0803,-2.7535,0.16314,8.6474,-3.6864,0
1.4602,-3.0357,0.026712,0.2277,-3.0679,0
0.22554,-2.3431,-0.071106,-7.9645,-3.6145,0
0.13056,-1.5993,-0.10586,2.2757,-3.744,0
-1.1991,-1.4454,-0.1213,7.5096,-3.4419,0
-0.91415,-1.5993,-0.083977,-3.1857,-4.4775,0
-0.7242,-1.625,-0.0028907,-6.3715,-4.0029,0
-1.579,-1.1633,0.043444,4.0962,-5.2542,0
-1.1041,-0.57335,0.044732,5.9167,-5.2974,0
-1.8639,0.067882,-0.013187,-6.5991,-5.585,0
-2.9086,0.60652,-0.076255,-4.3235,-6.2611,0
-2.5287,0.45262,-0.095561,7.5096,-5.6282,0
-1.484,-0.16296,-0.087839,2.5033,-6.6206,0
-3.0985,-0.4451,-0.038929,-6.8267,-6.0165,0
-4.0483,-0.29121,0.0086931,-1.3652,-6.8076,0
-1.579,0.19613,0.024138,7.5096,-7.2104,0
0.035589,0.68346,0.030574,-0.9101,-7.2679,0
0.89035,1.1965,0.029286,-7.5093,-8.433,0
1.3652,0.88866,0.067899,3.186,-7.8145,0
-0.81917,0.093531,0.16314,6.8269,-9.0514,0
-0.81917,-0.599,0.25581,-5.0062,-8.7062,0
-0.62923,-0.77854,0.29443,-6.8267,-9.0658,0
0.13056,-0.5477,0.28928,5.0064,-9.3966,0
3.3597,-0.26556,0.24423,4.3238,-8.5193,0
3.5496,-0.034715,0.19532,-6.8267,-9.2672,0
2.5049,0.27308,0.12582,-3.8684,-8.2604,0
1.2702,0.50392,0.065325,7.0545,-9.0371,0
1.0803,0.73476,0.033148,1.8206,-9.224,0
1.7451,0.99126,-0.00031657,-7.5093,-9.5692,0
1.7451,1.0169,0.00097052,-0.22742,-10.936,0
-0.53425,0.93996,0.060177,7.9647,-10.662,0
-0.34431,0.32437,0.084631,-2.7306,-11.899,0
2.22,-0.5477,0.030574,-7.7369,-11.396,0
1.2702,-1.2402,0.00097052,3.8687,-11.569,0
-2.7186,-1.2402,-0.010613,6.3718,-11.597,0
-3.0985,-0.90679,-0.062097,-5.9164,-11.051,0
0.51046,-0.060364,-0.13932,-5.9164,-11.943,0
2.9798,0.93996,-0.15091,6.5994,-11.137,0
2.5049,1.2221,-0.095561,3.186,-11.712,0
2.03,0.81171,-0.062097,-7.2818,-11.482,0
0.89035,0.14483,-0.0917,-2.2755,-11.813,0
-0.059385,-0.16296,-0.13804,7.0545,-13.136,0
0.035589,-0.086014,-0.15734,1.5931,-13.237,0
-0.34431,0.27308,-0.14576,-7.2818,-15.092,0
-0.91415,0.83736,-0.11487,0.68281,-15.021,0
-2.5287,1.4786,-0.10843,7.0545,-16.027,0
-1.484,1.0169,-0.12002,-2.503,-16.214,0
-0.81917,-0.23991,-0.013187,-6.144,-15.797,0
-0.7242,-0.57335,0.14126,4.3238,-16.358,0
-0.7242,-0.060364,0.14255,5.4616,-15.495,0
-1.0091,0.78606,0.044732,-5.4613,-16.358,0
-3.3835,1.299,-0.0119,-4.5511,-15.495,0
-2.1488,1.4786,-0.02091,6.1442,-15.222,0
0.60543,1.1965,0.0035447,2.7309,-15.107,0
1.1753,0.42697,0.1078,-7.7369,-14.546,0
1.1753,-0.52205,0.23393,-1.8203,-16.114,0
1.3652,-1.3685,0.32403,7.9647,-16.718,0
-0.62923,-1.7019,0.39997,0.91037,-19.494,0
-0.7242,-1.5224,0.4566,-6.8267,-20.788,0
0.13056,-0.85549,0.39096,1.5931,-20.342,0
-0.24933,0.016583,0.1979,6.8269,-16.157,0
-0.43928,0.68346,0.057602,-2.7306,-7.2823,0
0.79538,0.76041,0.087205,-7.9645,1.0169,0
1.4602,0.73476,0.15027,3.186,9.7764,0
1.1753,0.55522,0.19532,6.8269,14.422,0
0.32051,0.65782,0.22621,-5.9164,16.824,0
1.5552,0.78606,0.1979,-6.5991,16.652,0
1.6501,0.96561,0.082057,6.1442,12.797,0
0.51046,1.0682,-0.046652,3.6411,8.3669,0
0.60543,0.68346,-0.067245,-7.5093,0.49914,0
0.7004,0.29873,-0.015762,-3.4133,-6.7357,0
0.32051,0.35002,-0.037642,7.5096,-14.949,0
-1.7689,0.55522,-0.13932,0.45525,-21.738,0
-0.24933,0.73476,-0.22684,-8.192,-25.938,0
0.13056,0.81171,-0.31823,1.1379,-29.677,0
-2.0538,0.68346,-0.42634,7.282,-30.296,0
-2.0538,0.78606,-0.52802,-1.8203,-31.95,0
-1.1991,1.1452,-0.53575,-7.5093,-32.338,0
-0.53425,1.2221,-0.40704,4.0962,-32.971,0
0.79538,0.88866,-0.27061,5.4616,-34.093,0
2.4099,0.47827,-0.20882,-7.2818,-33.633,0
2.315,0.11918,-0.15992,-4.5511,-34.266,0
1.2702,-0.47075,-0.064671,6.5994,-32.698,0
-0.059385,-0.95809,-0.0028907,2.9584,-31.921,0
0.22554,-0.90679,0.0035447,-7.7369,-30.411,0
-0.24933,-0.5477,-0.022197,-1.3652,-28.742,0
-0.7242,-0.26556,-0.067245,7.7372,-28.296,0
-1.294,-0.18861,-0.12388,-1.1377,-26.312,0
-1.0091,-0.086014,-0.14576,-7.5093,-25.65,0
-0.62923,0.32437,-0.14061,2.7309,-23.032,0
-0.81917,0.68346,-0.12645,7.0545,-20.99,0
-0.91415,0.96561,-0.10071,-4.5511,-18.947,0
-1.6739,1.0169,-0.11873,-5.4613,-16.2,0
-1.8639,0.37567,-0.19853,6.3718,-14.618,0
-1.1041,-0.060364,-0.25001,6.1442,-10.964,0
-0.62923,0.55522,-0.24486,-5.4613,-8.1597,0
-0.62923,0.76041,-0.18823,-3.8684,-3.6289,0
-0.34431,0.37567,-0.099422,7.282,0.41284,0
-0.81917,0.19613,-0.040216,2.0482,3.5628,0
-1.484,0.067882,-0.0093262,-7.7369,7.3025,0
-0.81917,-0.26556,0.015128,-1.3652,8.8271,0
0.13056,-0.3938,0.020277,8.1923,11.733,0
0.98533,-0.0090658,-0.0041778,-1.8203,12.941,0
1.6501,0.32437,-0.02992,-7.9645,14.71,0
0.89035,0.37567,-0.055661,2.7309,16.292,0
0.035589,0.11918,-0.033781,5.9167,16.191,0
0.32051,0.016583,0.013841,-4.7786,16.867,0
-0.24933,0.016583,0.024138,-6.3715,15.314,0
-0.81917,-0.23991,0.016416,5.6891,14.954,0
-1.9589,-0.7016,0.0022576,4.0962,13.732,0
-3.0985,-0.93244,-0.0080391,-7.0542,12.524,0
-2.0538,-0.85549,-0.015762,-1.8203,12.092,0
-0.059385,-0.67595,-0.036355,7.9647,10.452,0
0.41548,-0.31686,-0.047939,0.2277,10.668,0
0.13056,0.11918,-0.055661,-8.192,9.0573,0
0.41548,0.016583,-0.0518,1.1379,8.9422,0
-0.15436,-0.086014,-0.078829,7.7372,8.8271,0
0.51046,0.11918,-0.12645,-3.6408,8.6258,0
0.7004,0.17048,-0.11487,-7.7369,9.7908,0
-0.53425,0.042233,-0.054374,3.6411,9.4456,0
-1.484,0.042233,0.0022576,5.4616,11.172,0
-1.9589,-0.4964,0.031861,-5.9164,11.589,0
-0.7242,-0.5477,0.08077,-4.5511,12.653,0
-0.059385,-0.16296,0.13097,6.3718,13.444,0
-1.389,0.47827,0.15027,2.9584,13.257,0
-2.8136,0.58087,0.10522,-6.5991,14.465,0
-1.294,0.22178,0.021564,-1.1377,13.531,0
0.22554,-0.11166,-0.040216,7.9647,13.976,0
0.41548,-0.18861,-0.046652,0.68281,13.315,0
0.32051,-0.18861,-0.022197,-8.192,12.797,0
2.4099,0.016583,0.00097052,2.7309,13.2,0
2.22,0.17048,0.0099801,7.7372,12.006,0
1.1753,0.22178,-0.0054649,-2.503,12.135,0
0.32051,0.11918,-0.023484,-6.8267,10.582,0
1.7451,-0.26556,-0.02091,5.0064,10.539,0
2.7898,-0.62465,-0.013187,5.9167,10.395,0
1.8401,-0.95809,-0.0041778,-5.9164,10.352,0
1.1753,-0.85549,0.012554,-5.4613,11.689,0
0.41548,-0.95809,0.022851,6.1442,11.215,0
-1.1991,-1.1376,0.012554,3.4135,12.164,0
-1.484,-0.72725,-0.014475,-6.3715,11.387,0
0.60543,-0.16296,-0.0093262,-2.0479,11.1,0
1.8401,-0.5477,0.08978,7.7372,11.186,0
1.3652,-1.548,0.20562,0.2277,10.309,0
-0.15436,-1.5737,0.19146,-7.5093,11.546,0
-0.53425,-0.599,0.08978,1.8206,11.258,0
-0.059385,0.52957,-0.032494,7.0545,12.294,0
0.79538,0.99126,-0.18694,-3.6408,12.524,0
-0.34431,1.0169,-0.24615,-7.5093,12.15,0
-2.1488,0.81171,-0.15734,4.7789,13.07,0
-1.389,0.37567,-0.040216,4.7789,12.409,0
-0.15436,-0.034715,-0.010613,-7.0542,13.646,0
-1.1991,-0.34251,-0.037642,-5.0062,13.286,0
-1.9589,-0.36816,-0.06081,7.7372,13.459,0
-2.0538,-0.26556,-0.068532,2.2757,13.473,0
-1.389,-0.086014,-0.073681,-8.8747,12.912,0
0.41548,0.17048,-0.072394,-0.68254,14.235,0
1.6501,0.067882,-0.050513,8.4198,13.904,0
1.3652,-0.26556,0.017703,-1.8203,14.681,0
1.5552,-0.52205,0.088493,-8.4196,13.602,0
0.89035,-0.4451,0.14255,3.6411,12.394,0
0.035589,-0.29121,0.24166,6.3718,12.15,0
-0.059385,-0.34251,0.40126,-5.9164,11.445,0
1.2702,-0.36816,0.5261,-5.2337,13.286,0
0.7004,-0.086014,0.55313,7.282,13.444,0
-0.91415,0.32437,0.51066,5.0064,14.163,0
-0.7242,0.093531,0.41541,-7.0542,13.703,0
1.4602,-0.4451,0.32274,-2.503,12.682,0
2.7898,-0.3938,0.28928,8.6474,12.826,0
0.7004,-0.21426,0.2571,1.5931,11.862,0
0.035589,-0.23991,0.18631,-8.4196,12.524,0
1.4602,-0.34251,0.14126,0.00013542,11.474,0
2.03,-0.67595,0.14255,8.4198,11.445,0
1.1753,-0.77854,0.10394,-1.8203,11.128,0
-0.43928,-0.52205,0.04988,-7.2818,10.208,0
-1.7689,-0.23991,0.060177,4.0962,10.452,0
-2.0538,0.093531,0.088493,6.8269,9.1004,0
-2.2438,0.37567,0.10008,-5.4613,9.1148,0
-2.3388,-0.034715,0.056315,-5.0062,8.1655,0
-2.1488,-0.41945,-0.017049,7.282,7.7052,0
-1.0091,-0.57335,-0.089126,3.186,7.7915,0
-1.0091,-0.599,-0.14833,-7.5093,6.5258,0
-1.8639,-0.18861,-0.18437,-3.4133,6.6552,0
-1.7689,0.37567,-0.23457,8.4198,4.6991,0
-1.1041,0.47827,-0.26674,1.8206,4.2532,0
-1.1041,-0.034715,-0.26288,-8.192,3.1601,0
-1.7689,0.17048,-0.19209,0.00013542,2.4697,0
-0.91415,-0.13731,-0.080116,7.282,2.182,0
0.035589,-0.80419,-0.0054649,-3.4133,-0.72345,0
-0.53425,-0.98374,0.047306,-7.2818,-2.3775,0
-0.62923,-0.88114,0.083344,4.5513,-4.7508,0
-0.53425,-0.95809,0.075622,5.0064,-4.5207,0
0.51046,-1.3172,0.076909,-5.4613,-3.7583,0
1.7451,-0.90679,0.11938,-6.144,-3.4275,0
1.9351,-0.31686,0.16443,5.4616,-2.1618,0
1.1753,-0.3938,0.11681,4.0962,-2.9529,0
-0.24933,-0.5477,0.0048318,-7.7369,-2.2625,0
-1.1991,-0.599,-0.068532,-3.6408,-2.7515,0
-0.7242,-0.47075,-0.080116,7.282,-2.4638,0
0.51046,-0.4451,-0.064671,1.3655,-1.644,0
0.51046,-0.41945,-0.046652,-7.9645,-1.7447,0
-0.34431,-0.060364,-0.033781,-0.45498,0.19709,0
-0.43928,0.016583,-0.017049,8.6474,0.39846,0
-0.43928,-0.4451,0.057602,-1.3652,1.8224,0
-0.81917,-1.0607,0.12968,-7.9645,1.7936,0
-0.53425,-0.85549,0.11938,3.4135,0.85873,0
-0.62923,-0.57335,0.052454,6.1442,0.67174,0
-0.7242,-0.41945,-0.0016037,-5.4613,-1.0111,0
-0.34431,0.19613,-0.047939,-6.3715,-0.7666,0
-0.7242,0.81171,-0.10457,6.3718,-2.0036,0
-0.53425,0.99126,-0.14962,3.8687,-2.2912,0
-0.91415,0.73476,-0.17922,-6.5991,-2.4207,0
-1.1991,0.35002,-0.17922,-2.503,-3.3412,0
-0.7242,0.35002,-0.15219,7.7372,-2.4063,0
-2.1488,0.88866,-0.13289,1.5931,-3.1974,0
-0.62923,1.0426,-0.10843,-7.7369,-2.6652,0
2.5049,0.73476,-0.072394,0.2277,-3.6864,0
2.9798,0.63217,-0.013187,7.5096,-4.7652,0
0.32051,0.55522,0.048593,-2.0479,-4.5207,0
-2.3388,0.78606,0.047306,-7.0542,-4.7508,0
-2.1488,0.93996,0.039583,3.6411,-2.7947,0
-1.0091,0.68346,0.078196,5.9167,-2.5214,0
0.79538,0.14483,0.11166,-5.0062,-1.3419,0
0.13056,0.042233,0.035722,-5.6889,-0.72345,0
0.22554,0.27308,-0.11615,6.8269,-0.72345,0
-0.059385,0.22178,-0.19724,3.186,0.68613,0
0.51046,0.042233,-0.16893,-7.5093,0.16832,0
1.2702,0.50392,-0.11487,-3.1857,1.0313,0
-0.91415,0.83736,-0.089126,7.5096,0.25462,0
-1.484,0.78606,-0.053087,1.3655,0.024489,0
0.32051,0.63217,-0.006752,-8.192,-0.061812,0
2.4099,0.45262,0.021564,0.68281,-1.4139,0
1.4602,0.11918,0.052454,7.7372,-1.27,0
0.89035,-0.29121,0.091067,-2.503,-2.5645,0
0.035589,-0.034715,0.069186,-7.9645,-2.3632,0
0.035589,0.73476,-0.02091,3.4135,-2.4351,0
-0.81917,1.3247,-0.102,5.9167,-2.5214,0
0.22554,1.5555,-0.12002,-5.2337,-1.7734,0
0.51046,1.6325,-0.069819,-5.0062,-2.9673,0
0.51046,1.4786,-0.073681,7.282,-2.6796,0
-0.43928,1.3503,-0.15477,2.7309,-3.9453,0
-1.484,0.93996,-0.2011,-8.192,-4.0316,0
-0.43928,0.47827,-0.21011,-1.5928,-3.5714,0
1.1753,0.42697,-0.24872,8.1923,-3.6145,0
0.79538,0.29873,-0.27961,0.68281,-1.8885,0
-0.34431,0.40132,-0.2809,-7.7369,-2.0323,0
-1.294,0.52957,-0.26288,1.3655,-1.1981,0
-1.1041,0.73476,-0.20368,7.282,-1.6296,0
-1.9589,0.78606,-0.087839,-2.9581,-2.1762,0
-2.6237,0.35002,0.013841,-7.9645,-1.8741,0
-0.62923,-0.72725,0.025425,5.0064,-2.5214,0
-0.059385,-1.4198,-0.038929,5.234,-1.2556,0
1.2702,-1.4711,-0.11615,-7.5093,-1.946,0
1.1753,-1.2402,-0.12259,-5.2337,-1.4858,0
0.7004,-0.90679,-0.086552,7.0545,-1.8454,0
0.035589,-0.4964,-0.059523,3.6411,-2.4207,0
0.41548,-0.5477,-0.02992,-7.2818,-1.7015,0
-0.62923,-0.7016,0.013841,-2.0479,-2.4782,0
-1.294,-0.67595,0.091067,7.282,-1.4426,0
-0.91415,-0.47075,0.13998,-0.22742,-2.1043,0
-0.7242,-0.3938,0.18631,-8.192,-2.2193,0
-1.7689,-0.18861,0.26225,1.1379,-2.2049,0
-2.1488,-0.060364,0.297,6.8269,-2.8234,0
-3.1935,-0.0090658,0.23779,-4.0959,-1.5433,0
-3.0985,0.14483,0.18631,-6.8267,-1.4714,0
-1.484,0.19613,0.18374,5.6891,0.67174,0
-0.43928,0.55522,0.20562,4.7789,2.1101,0
1.4602,0.60652,0.22879,-6.8267,3.419,0
1.6501,0.35002,0.24294,-4.0959,5.1018,0
2.6949,0.35002,0.18374,7.282,4.8573,0
0.98533,1.376,0.062751,1.3655,6.2237,0
-0.81917,2.2224,-0.037642,-8.8747,5.6196,0
-1.389,1.9403,-0.046652,0.2277,5.9936,0
1.2702,1.5812,-0.023484,7.7372,5.7922,0
2.6949,1.1965,-0.045365,-1.5928,5.3032,0
0.41548,0.88866,-0.031207,-7.7369,6.195,0
-1.1041,0.93996,0.035722,3.4135,5.2313,0
-0.81917,0.99126,0.052454,6.1442,5.4902,0
0.13056,0.73476,0.016416,-5.0062,3.7786,0
-0.15436,0.27308,-0.0119,-6.144,2.8868,0
0.98533,0.17048,-0.0041778,6.3718,2.5416,0
2.8848,0.55522,-0.0028907,3.8687,1.9662,0
2.03,0.70911,0.04087,-7.2818,2.9587,0
0.7004,0.68346,0.15027,-3.1857,2.1388,0
0.7004,0.47827,0.26225,7.5096,3.0594,0
0.7004,0.55522,0.32274,1.1379,2.8005,0
-0.7242,0.93996,0.297,-7.9645,2.6279,0
-2.4337,1.0426,0.20819,2.0482,2.9443,0
-1.484,0.70911,0.12968,7.282,2.0813,0
-1.0091,0.63217,0.10909,-3.6408,3.1601,0
-1.579,1.2221,0.11166,-6.144,2.5704,0
-1.1991,1.4273,0.13869,5.9167,3.232,0
-1.9589,1.1708,0.158,4.7789,2.8149,0
-3.0036,1.1965,0.14899,-6.8267,1.8799,0
-1.9589,1.0169,0.12453,-4.3235,2.1532,0
0.89035,0.91431,0.096215,7.5096,0.81558,0
1.7451,0.96561,0.078196,1.5931,1.2615,0
0.13056,0.96561,0.048593,-6.5991,0.25462,0
-0.24933,0.70911,-0.0028907,0.00013542,0.38407,0
1.2702,0.65782,-0.04279,7.282,0.71489,0
0.79538,0.60652,-0.050513,-1.5928,0.010105,0
-0.059385,-0.18861,-0.04279,-7.2818,0.74366,0
-0.43928,-0.4964,-0.019623,2.7309,-0.60838,0
-0.7242,-0.21426,-0.02091,6.8269,-0.60838,0
-0.43928,0.14483,-0.056948,-4.5511,-1.2844,0
0.13056,-0.11166,-0.098135,-6.144,-1.5433,0
-0.15436,-0.4964,-0.094274,5.4616,-0.62276,0
-0.53425,-0.4964,-0.033781,5.0064,-0.96797,0
-1.0091,-0.26556,0.0061189,-7.0542,0.13956,0
-1.579,-0.18861,-0.013187,-4.3235,-1.0399,0
-0.81917,-0.18861,-0.040216,7.0545,-1.457,0
0.22554,-0.16296,-0.062097,0.45525,-2.2049,0
0.7004,-0.18861,-0.10843,-8.6471,-3.2405,0
0.60543,-0.0090658,-0.14061,0.00013542,-2.4495,0
0.7004,0.067882,-0.16893,8.1923,-3.2118,0
-0.059385,0.19613,-0.21269,-1.1377,-2.3632,0
-0.62923,-0.13731,-0.25001,-8.6471,-2.881,0
-0.53425,-0.52205,-0.23328,2.5033,-2.881,0
0.32051,-0.77854,-0.18952,6.1442,-2.2625,0
0.7004,-0.82984,-0.16635,-4.0959,-2.7515,0
0.035589,-0.7016,-0.16378,-7.0542,-1.4282,0
0.41548,-0.77854,-0.16764,5.9167,-1.8597,0
0.79538,-0.85549,-0.1419,5.4616,-1.1406,0
1.8401,-0.88114,-0.073681,-5.6889,-0.91043,0
1.9351,-0.4964,-0.065958,-4.5511,-1.1118,0
0.13056,-0.75289,-0.13417,7.5096,0.038872,0
-1.294,-1.4198,-0.19724,3.6411,-0.45016,0
-1.1041,-1.4198,-0.21655,-6.5991,1.0026,0
-1.389,-0.34251,-0.17665,-1.5928,1.1176,0
-0.15436,0.70911,-0.12388,7.7372,1.6354,0
0.60543,0.70911,-0.089126,0.68281,2.0957,0
0.79538,-0.034715,-0.027345,-7.7369,1.2471,0
0.89035,-0.6503,0.062751,1.1379,2.1532,0
0.79538,-0.80419,0.13611,7.5096,1.7217,0
0.89035,-0.82984,0.14899,-3.4133,3.2176,0
0.7004,-0.77854,0.14899,-7.5093,3.8505,0
0.7004,-0.85549,0.16186,3.8687,3.7786,0
0.7004,-0.95809,0.15027,6.3718,3.8649,0
0.79538,-1.0094,0.092354,-5.6889,1.9231,0
0.51046,-0.88114,0.056315,-5.4613,1.7361,0
0.79538,-0.34251,0.08978,6.3718,0.58544,0
0.7004,0.016583,0.16057,3.4135,1.1176,0
0.79538,0.042233,0.17859,-7.7369,1.5491,0
0.7004,-0.13731,0.085918,-2.2755,0.78681,0
0.7004,0.11918,-0.022197,6.8269,1.1176,0
0.79538,0.65782,-0.02091,0.2277,-0.34948,0
0.7004,1.1195,0.088493,-8.6471,-0.061812,0
0.60543,1.3503,0.23007,1.8206,-0.69468,0
-0.059385,0.96561,0.29057,6.3718,-0.34948,0
-0.53425,-0.11166,0.26997,-3.6408,0.70051,0
0.41548,-0.62465,0.24037,-6.5991,0.52791,0
0.60543,0.17048,0.30086,6.1442,1.506,0
-0.15436,1.299,0.38066,4.0962,0.21147,0
1.0803,1.6068,0.31245,-6.5991,0.34092,0
2.6949,1.0169,0.17344,-4.5511,0.082022,0
2.22,0.093531,0.073047,7.282,0.31216,0
1.0803,-0.80419,-0.017049,2.5033,1.6498,0
0.13056,-1.2915,-0.10328,-8.192,1.4484,0
0.60543,-1.112,-0.20368,-0.45498,2.4409,0
1.4602,-0.26556,-0.2616,8.4198,1.3621,0
0.51046,0.63217,-0.25902,-0.45498,1.1895,0
0.41548,1.299,-0.22556,-8.192,0.74366,0
0.32051,1.4273,-0.14962,2.7309,-0.19126,0
-1.1041,0.63217,-0.059523,7.0545,0.096406,0
-1.6739,-0.29121,0.0086931,-4.0959,-1.0111,0
-1.1991,-0.88114,0.016416,-6.8267,-0.076195,0
-0.62923,-1.035,-0.024771,4.5513,-0.1625,0
-0.24933,-0.88114,-0.068532,4.5513,0.24024,0
-0.059385,-0.5477,-0.13804,-6.144,0.44161,0
-1.1041,-0.11166,-0.22041,-3.6408,-0.79537,0
-0.91415,0.47827,-0.26674,7.9647,-0.62276,0
-0.7242,0.93996,-0.19724,2.7309,-2.2912,0
-0.7242,0.17048,-0.081403,-7.7369,-2.1186,0
-0.43928,-0.75289,-0.0518,0.00013542,-2.507,0
-0.059385,-0.93244,-0.11358,7.9647,-2.881,0
-0.43928,-0.67595,-0.20496,-0.9101,-2.4638,0
-1.389,0.14483,-0.26031,-8.4196,-3.7296,0
-0.81917,0.52957,-0.26031,2.0482,-3.3556,0
-0.91415,-0.16296,-0.241,6.8269,-4.8083,0
-1.0091,-1.4198,-0.20625,-4.5511,-5.1535,0
-0.81917,-2.2919,-0.15348,-6.8267,-5.4556,0
-0.81917,-1.7789,-0.064671,4.7789,-6.0597,0
-0.7242,-0.90679,0.062751,4.5513,-4.9666,0
-0.43928,-0.4964,0.22492,-6.3715,-5.585,0
-0.81917,-0.85549,0.29314,-4.3235,-4.7364,0
-2.3388,-1.5993,0.18374,6.8269,-5.2255,0
-1.1041,-1.625,-0.015762,2.2757,-5.585,0
0.035589,-0.57335,-0.11744,-8.4196,-5.1823,0
-0.059385,0.40132,-0.078829,-1.1377,-5.8439,0
0.32051,0.29873,0.033148,7.282,-4.7077,0
1.4602,-0.36816,0.083344,-1.1377,-5.5563,0
0.13056,-0.5477,0.062751,-8.4196,-5.5419,0
0.13056,-0.086014,0.082057,2.0482,-5.8727,0
2.4099,0.19613,0.14512,6.8269,-6.146,0
2.22,-0.29121,0.1477,-4.3235,-4.8227,0
1.3652,-0.52205,0.11037,-6.3715,-4.9378,0
1.7451,-0.21426,0.11423,5.234,-3.5282,0
0.7004,-0.57335,0.158,3.8687,-3.7296,0
-1.389,-0.93244,0.1979,-7.2818,-3.6577,0
-1.484,-1.035,0.20433,-4.0959,-3.4131,0
0.98533,-0.98374,0.20819,7.282,-4.3912,0
1.6501,-0.85549,0.21334,2.0482,-3.4419,0
0.32051,-0.47075,0.18631,-7.7369,-4.1898,0
0.79538,-0.26556,0.092354,-0.9101,-3.6001,0
1.6501,0.14483,0.034435,7.282,-4.046,0
0.7004,0.65782,0.051167,-1.8203,-5.5994,0
-0.81917,0.65782,0.074335,-7.0542,-6.8076,0
-0.91415,0.83736,0.08978,3.4135,-9.6987,0
0.13056,1.4529,0.12711,6.5994,-9.7131,0
-0.24933,1.2734,0.15156,-4.7786,-9.5549,0
-0.34431,0.42697,0.1477,-6.3715,-7.1097,0
0.98533,0.45262,0.16057,5.9167,-4.1179,0
0.79538,0.83736,0.19532,4.5513,-2.1906,0
-0.059385,0.37567,0.20433,-6.8267,0.74366,0
-0.7242,-0.85549,0.21978,-2.7306,1.0313,0
-0.62923,-1.4711,0.24037,7.5096,2.2683,0
-0.91415,-1.1889,0.20562,1.1379,1.9375,0
-1.6739,-0.599,0.16314,-8.192,1.621,0
-0.81917,0.016583,0.17215,0.68281,1.8943,0
0.41548,0.68346,0.19017,7.0545,0.97379,0
0.41548,0.63217,0.18889,-2.9581,1.9231,0
0.13056,0.14483,0.15542,-6.8267,0.98818,0
0.32051,0.17048,0.094928,4.5513,1.0313,0
0.41548,0.19613,0.030574,4.7789,0.21147,0
0.79538,0.067882,0.022851,-5.6889,-1.155,0
2.03,0.29873,0.057602,-5.6889,-1.3276,0
3.1697,0.60652,0.055028,6.3718,-2.9816,0
3.3597,0.27308,-0.02091,2.9584,-2.5214,0
1.9351,-0.086014,-0.096848,-7.9645,-3.1111,0
1.9351,-0.36816,-0.11615,-2.9581,-2.7515,0
0.98533,-0.72725,-0.076255,7.7372,-2.0036,0
-0.24933,-0.5477,-0.083977,0.2277,-2.507,0
-0.81917,-0.16296,-0.11615,-9.1023,-1.6871,0
-0.7242,0.016583,-0.073681,0.91037,-2.6652,0
-1.6739,-0.13731,0.026712,7.282,-2.0036,0
-2.0538,-0.29121,0.14255,-3.1857,-2.0036,0
-1.1991,-0.21426,0.22235,-7.5093,-2.0036,0
-0.53425,0.45262,0.19918,4.5513,-1.2988,0
0.22554,0.73476,0.064038,6.1442,-2.1043,0
-0.24933,0.47827,-0.045365,-5.9164,-1.1693,0
-1.484,0.47827,-0.056948,-6.144,-1.9604,0
-0.81917,0.55522,-0.035068,6.5994,-1.946,0
-0.53425,0.73476,0.01899,3.4135,-2.2769,0
0.41548,0.50392,0.056315,-7.5093,-2.881,0
1.5552,-0.3938,0.020277,-2.7306,-1.9892,0
0.79538,-0.90679,-0.10457,7.7372,-2.7371,0
-0.91415,-0.36816,-0.19467,0.2277,-1.8597,0
0.13056,0.88866,-0.21655,-7.9645,-2.5214,0
0.7004,1.6325,-0.21912,1.5931,-2.5358,0
0.41548,1.8377,-0.21912,7.0545,-2.5933,0
-1.1041,1.812,-0.21783,-3.6408,-3.557,0
-1.1991,1.3503,-0.15219,-7.5093,-2.996,0
-2.0538,0.24743,-0.041503,4.7789,-3.8159,0
-1.8639,-0.599,0.01899,4.5513,-2.9097,0
-1.1041,-0.88114,0.022851,-5.6889,-2.8234,0
-1.1041,-1.0863,-0.032494,-3.6408,-3.1111,0
-2.8136,-0.85549,-0.099422,7.0545,-3.0104,0
-3.9533,-0.62465,-0.14962,2.5033,-4.4775,0
-0.81917,-0.26556,-0.20239,-8.192,-4.0604,0
0.51046,0.093531,-0.20754,-0.22742,-4.9809,0
0.79538,0.042233,-0.17665,7.0545,-4.4775,0
0.7004,-0.16296,-0.16249,-2.0479,-4.1179,0
-0.43928,-0.18861,-0.15605,-8.6471,-4.3049,0
-1.294,-0.16296,-0.15605,2.5033,-3.3412,0
0.035589,-0.18861,-0.15605,7.0545,-4.2042,0
0.60543,-0.18861,-0.15477,-5.2337,-3.4275,0
0.89035,-0.21426,-0.15605,-5.6889,-4.2474,0
0.89035,-0.29121,-0.15348,5.4616,-4.5063,0
0.89035,-0.18861,-0.15219,4.7789,-4.5351,0
0.51046,-0.16296,-0.15605,-7.7369,-5.5419,0
1.3652,-0.21426,-0.15734,-4.0959,-5.1392,0
2.9798,-0.7016,-0.23714,7.7372,-6.5487,0
3.1697,-0.95809,-0.34268,1.3655,-6.1604,0
1.6501,-0.7016,-0.37486,-7.9645,-6.448,0
1.3652,-0.93244,-0.32724,0.45525,-6.0741,0
1.6501,-1.3685,-0.19209,7.7372,-4.7652,0
1.1753,-1.7532,-0.049226,-3.1857,-4.6214,0
0.7004,-1.4967,0.020277,-7.9645,-2.9529,0
-0.43928,-0.98374,0.016416,4.0962,-3.37,0
-1.579,-0.47075,0.025425,6.1442,-3.1111,0
-1.8639,-0.47075,0.082057,-5.6889,-3.4563,0
-1.1041,-0.23991,0.1181,-5.0062,-3.9453,0
-0.7242,0.27308,0.075622,7.282,-2.9529,0
-0.62923,0.35002,0.0086931,3.186,-3.2262,0
-0.53425,-0.060364,-0.0119,-7.9645,-1.7734,0
-0.81917,-0.77854,0.0035447,-2.0479,-1.9604,0
-0.62923,-0.95809,-0.010613,7.9647,-1.831,0
-0.62923,-1.0607,-0.067245,1.1379,-1.831,0
-0.34431,-1.1889,-0.076255,-8.192,-2.9385,0
0.035589,-0.5477,-0.0041778,1.1379,-2.4351,0
-0.24933,-0.23991,0.0099801,7.9647,-3.4707,0
-0.34431,-0.62465,-0.031207,-2.2755,-2.507,0
0.41548,-0.95809,-0.037642,-7.2818,-2.32,0
0.7004,-1.3428,-0.049226,4.7789,-1.8454,0
0.79538,-1.3941,-0.078829,6.5994,-0.80975,0
0.98533,-0.95809,-0.062097,-5.6889,-1.3419,0
1.9351,-0.67595,-0.0016037,-4.5511,-0.4214,0
1.7451,-0.41945,0.11681,6.8269,-1.3995,0
-0.059385,0.067882,0.23136,2.9584,-1.0687,0
-1.579,0.93996,0.25453,-7.7369,-0.92482,0
-2.0538,2.0172,0.21334,-1.5928,-0.80975,0
-1.0091,2.0172,0.15156,7.9647,0.85873,0
0.32051,1.0939,0.10265,0.2277,0.61421,0
0.60543,0.11918,0.060177,-7.9645,1.6786,0
0.7004,-0.36816,-0.010613,2.0482,0.88749,0
-0.34431,0.067882,-0.053087,7.282,0.61421,0
-1.6739,0.78606,-0.022197,-3.4133,1.1032,0
-2.2438,1.4786,-0.010613,-6.5991,0.80119,0
-2.3388,1.7864,-0.006752,5.234,2.2827,0
-2.1488,1.7094,0.037009,4.5513,1.8368,0
-2.2438,1.5042,0.10265,-6.3715,2.858,0
-2.3388,1.0939,0.11423,-4.5511,2.5704,0
-2.3388,0.73476,0.079483,6.8269,2.3978,0
-2.0538,0.60652,0.020277,1.3655,2.5991,0
-1.8639,0.76041,-0.02992,-7.9645,1.3046,0
-0.24933,0.99126,-0.06081,-1.8203,1.808,0
-0.43928,1.0682,-0.10843,7.282,0.90188,0
-0.34431,0.86301,-0.16635,-1.3652,1.621,0
0.51046,0.70911,-0.17922,-7.7369,2.0957,0
0.79538,0.81171,-0.13031,3.4135,2.0957,0
0.89035,0.81171,-0.072394,6.8269,3.0738,0
0.7004,0.63217,-0.065958,-4.3235,1.995,0
-0.15436,0.76041,-0.10843,-7.2818,2.3978,0
-0.53425,1.0939,-0.11744,4.5513,1.5635,0
-0.91415,1.0682,-0.054374,4.5513,1.506,0
-1.6739,0.40132,0.055028,-6.8267,1.8368,0
-0.7242,-0.23991,0.10651,-3.4133,1.2039,0
0.035589,-0.36816,0.04988,8.1923,2.0382,0
-0.15436,0.19613,-0.058236,2.5033,1.0889,0
-0.34431,1.1708,-0.15219,-7.2818,1.506,0
0.89035,1.5812,-0.19467,-0.45498,1.1032,0
1.9351,1.3247,-0.19724,7.9647,0.54229,0
-0.53425,1.5812,-0.23585,-0.9101,1.0169,0
-1.7689,2.0172,-0.32466,-7.7369,0.096406,0
-1.1991,2.0172,-0.3414,2.5033,0.97379,0
-1.484,1.9146,-0.26674,6.3718,0.34092,0
-0.81917,1.8633,-0.19081,-5.0062,0.71489,0
0.32051,1.7351,-0.20239,-5.6889,0.80119,0
0.89035,1.3247,-0.28862,7.0545,0.12517,0
1.3652,1.299,-0.37615,4.3238,0.70051,0
0.13056,1.1965,-0.39803,-7.2818,-0.2488,0
0.32051,0.93996,-0.37872,-3.4133,0.71489,0
-0.34431,0.70911,-0.33367,7.5096,0.62859,0
-0.34431,0.29873,-0.22684,1.1379,0.98818,0
0.32051,-0.23991,-0.06081,-8.4196,1.693,0
0.60543,-0.18861,0.062751,-0.45498,0.87311,0
0.13056,-0.086014,0.047306,7.7372,1.5923,0
-2.3388,-0.034715,-0.02992,-1.8203,0.48476,0
-2.4337,0.14483,-0.019623,-8.4196,0.64298,0
-2.1488,0.22178,0.10008,2.2757,0.52791,0
-0.81917,0.24743,0.20433,5.9167,0.18271,0
0.22554,0.17048,0.23393,-4.0959,1.0313,0
0.7004,0.19613,0.16314,-6.5991,-0.018661,0
2.315,0.35002,0.01899,5.234,0.62859,0
2.9798,0.70911,-0.077542,4.5513,-0.5077,0
2.315,0.78606,-0.11615,-7.2818,-0.73783,0
1.2702,0.52957,-0.1213,-4.3235,-0.89605,0
0.79538,0.58087,-0.087839,7.282,-1.7015,0
-0.53425,0.37567,-0.059523,1.3655,-0.83852,0
-1.579,-0.16296,-0.11744,-7.9645,-1.6728,0
-1.1991,-0.5477,-0.20496,-0.45498,-0.9392,0
-1.389,-0.26556,-0.15734,8.1923,-1.2844,0
-1.389,0.11918,0.026712,-1.1377,-1.5865,0
-1.579,0.016583,0.19403,-7.2818,-1.27,0
-0.53425,0.016583,0.22235,2.7309,-2.2193,0
2.125,0.19613,0.12968,6.8269,-1.4282,0
1.2702,0.042233,0.0086931,-3.4133,-2.1762,0
0.22554,-0.23991,-0.0518,-7.0542,-1.7303,0
0.32051,0.14483,-0.054374,5.234,-1.1837,0
-0.24933,0.65782,-0.027345,5.0064,-1.0687,0
-0.7242,1.0169,-0.040216,-7.2818,0.31216,0
-1.6739,1.5042,-0.069819,-3.4133,-0.32071,0
-1.389,1.5042,-0.10328,7.5096,0.34092,0
-0.43928,1.1452,-0.10843,1.3655,-0.27756,0
-1.6739,0.91431,-0.032494,-7.9645,-0.37825,0
-2.7186,0.63217,0.10008,-0.68254,0.096406,0
-1.294,0.27308,0.18631,7.282,-0.37825,0
0.51046,-0.11166,0.17988,-0.68254,0.87311,0
2.6949,0.14483,0.13354,-8.6471,0.44161,0
3.0747,1.0169,0.14384,2.5033,1.319,0
-0.62923,1.4529,0.21205,7.0545,1.3046,0
-2.2438,1.6068,0.21334,-4.5511,0.77243,0
-0.62923,1.6068,0.1078,-6.3715,1.2039,0
0.51046,1.3247,0.061464,5.4616,0.16832,0
0.89035,0.93996,0.17859,4.5513,1.3621,0
0.79538,1.0426,0.32146,-7.2818,1.319,0
0.7004,1.3503,0.41799,-3.8684,2.182,0
0.79538,1.4016,0.50036,7.7372,2.9875,0
0.60543,1.0682,0.55442,1.3655,2.6135,0
0.7004,0.24743,0.53254,-8.4196,3.3471,0
0.89035,0.042233,0.45274,-1.1377,2.1964,0
0.79538,0.96561,0.31888,7.0545,2.7573,0
0.7004,1.4529,0.1876,-2.503,2.7861,0
0.7004,1.3503,0.12582,-7.7369,3.3902,0
0.7004,0.93996,0.13869,4.5513,4.8142,0
0.60543,0.19613,0.158,5.234,4.6272,0
0.13056,-0.90679,0.16572,-6.5991,5.821,0
0.13056,-1.625,0.19918,-5.6889,5.0011,0
-0.34431,-1.6763,0.26997,6.1442,5.1018,0
-0.81917,-1.7276,0.32918,3.6411,4.8429,0
-1.294,-1.4967,0.37165,-7.5093,4.2964,0
0.22554,-0.72725,0.34462,-3.1857,5.3176,0
1.1753,-0.52205,0.24166,7.9647,4.7854,0
-1.0091,-0.6503,0.17988,0.91037,5.7347,0
-1.579,-0.95809,0.167,-7.2818,5.3751,0
-0.91415,-0.82984,0.14126,0.45525,5.0011,0
0.22554,-0.82984,0.15027,7.282,5.2025,0
0.51046,-1.4454,0.18502,-0.9101,4.1525,0
-0.34431,-2.3431,0.15285,-7.0542,4.9436,0
-1.294,-2.6509,0.094928,4.3238,4.1525,0
-0.81917,-1.7019,0.13354,6.5994,4.8429,0
0.13056,-0.88114,0.26225,-4.5511,5.0155,0
0.79538,-0.72725,0.38324,-5.4613,4.5984,0
0.51046,-0.98374,0.42056,5.6891,5.1737,0
-0.15436,-0.90679,0.34462,3.4135,3.908,0
0.41548,-0.98374,0.25195,-7.0542,4.2676,0
0.51046,-1.2915,0.19403,-2.503,3.0882,0
-0.15436,-0.7016,0.16443,7.7372,2.9156,0
-0.059385,0.14483,0.18889,0.2277,2.9299,0
0.98533,0.52957,0.23265,-7.7369,2.3402,0
-0.059385,0.78606,0.27898,2.0482,3.3327,0
-0.24933,0.70911,0.3266,7.0545,2.5704,0
0.51046,0.016583,0.3665,-4.3235,3.1169,0
0.32051,-0.77854,0.41155,-7.7369,2.5991,0
-0.91415,-1.1633,0.41927,5.4616,1.9087,0
-1.1041,-0.88114,0.38967,5.4616,2.0957,0
-0.62923,-0.47075,0.33433,-7.2818,1.0313,0
0.13056,-0.11166,0.27383,-4.0959,1.8656,0
-0.059385,0.45262,0.21463,7.7372,1.2902,0
-0.24933,0.78606,0.20948,1.3655,1.5204,0
0.41548,0.81171,0.22364,-8.8747,1.4197,0
0.7004,1.1708,0.18889,-1.5928,0.32654,0
0.60543,1.2221,0.158,7.7372,0.90188,0
-0.24933,0.24743,0.22235,-0.9101,-0.090578,0
-0.62923,-1.7019,0.33175,-7.7369,0.57106,0
-0.7242,-2.9074,0.33433,1.8206,-0.1625,0
-0.15436,-2.2919,0.25195,6.8269,-0.53646,0
1.4602,-1.2915,0.21334,-3.6408,-0.36386,0
1.8401,-1.2402,0.17215,-7.2818,-1.1262,0
0.13056,-1.3941,0.11423,5.4616,0.010105,0
-0.15436,-0.90679,0.10008,4.5513,-0.6803,0
0.13056,-0.3938,0.12711,-7.9645,-0.10496,0
-0.43928,-0.5477,0.073047,-4.0959,-0.5077,0
-1.7689,-1.1633,-0.058236,7.0545,-1.2269,0
-2.1488,-1.7019,-0.13804,2.5033,-0.9392,0
-2.1488,-1.9328,-0.096848,-9.3298,-1.8597,0
-2.1488,-2.0097,-0.0093262,-1.5928,-0.9392,0
-1.8639,-1.3941,0.01899,7.5096,-1.4139,0
-1.294,-0.6503,0.015128,1.1379,-0.96797,0
-1.7689,-0.599,-0.068532,-7.7369,-1.083,0
-0.7242,-1.0863,-0.19724,2.7309,-1.9173,0
1.1753,-1.4198,-0.23457,7.282,-1.4426,0
0.51046,-0.95809,-0.16764,-4.0959,-2.507,0
-1.1991,-0.41945,-0.081403,-5.0062,-1.7591,0
-1.484,-0.18861,-0.081403,6.3718,-1.9317,0
-1.294,-0.4964,-0.15863,5.234,-1.6871,0
-1.484,-1.2146,-0.21011,-6.8267,-1.083,0
-1.1041,-1.548,-0.21912,-4.5511,-1.831,0
-0.91415,-0.93244,-0.19338,7.282,-0.95358,0
-1.484,-0.034715,-0.19595,2.0482,-1.6584,0
-0.7242,-0.18861,-0.27961,-8.6471,-1.0974,0
0.22554,-0.95809,-0.30536,-0.45498,-1.1693,0
0.035589,-0.98374,-0.19338,7.5096,-1.5721,0
1.5552,-0.52205,-0.072394,-0.9101,-0.78098,0
2.6949,-0.47075,-0.047939,-8.4196,-1.4139,0
0.41548,-0.34251,-0.087839,2.0482,-0.39263,0
-0.53425,-0.060364,-0.14447,5.6891,-0.92482,0
-0.62923,0.14483,-0.16764,-5.2337,-0.98235,0
-0.62923,0.37567,-0.14576,-5.4613,-0.82413,0
-0.62923,0.73476,-0.12516,6.1442,-1.6152,0
-0.53425,0.63217,-0.072394,3.4135,-0.79537,0
0.13056,0.47827,0.038296,-7.2818,-1.6728,0
-0.53425,1.4529,0.13225,-3.1857,-1.155,0
-1.294,2.1968,0.15156,6.8269,-1.6296,0
-0.91415,2.1198,0.10008,0.68281,-2.1474,0
0.22554,1.9403,-0.023484,-7.9645,-1.6584,0
0.60543,1.8633,-0.14318,-0.22742,-2.507,0
-0.15436,2.402,-0.21655,6.5994,-1.457,0
-0.34431,2.9406,-0.29249,-2.7306,-2.32,0
-0.059385,2.9663,-0.40961,-7.7369,-2.1043,0
-1.389,2.8893,-0.5602,3.8687,-2.32,0
-1.484,2.325,-0.65931,6.5994,-3.1974,0
-0.059385,1.1708,-0.63099,-5.4613,-2.507,0
0.41548,0.40132,-0.48426,-5.6889,-3.2262,0
0.13056,0.37567,-0.3015,6.1442,-1.8166,0
0.32051,0.70911,-0.12516,4.3238,-1.4426,0
-0.15436,0.63217,0.00097052,-7.2818,-0.66591,0
-0.62923,-0.29121,0.033148,-3.1857,-0.19126,0
-0.53425,-0.98374,-0.040216,7.7372,-0.95358,0
0.13056,-0.67595,-0.11615,0.68281,-0.076195,0
-0.53425,-0.034715,-0.1213,-8.4196,-0.9392,0
-2.0538,0.32437,-0.053087,0.91037,-0.090578,0
-0.34431,-0.90679,-0.0080391,8.1923,0.082022,0
0.60543,-2.5996,-0.087839,-2.2755,0.36969,0
0.79538,-2.4714,-0.17922,-7.5093,1.319,0
-0.15436,-1.5737,-0.14833,3.8687,0.58544,0
-0.43928,-0.80419,0.0099801,5.9167,1.1464,0
-0.7242,0.042233,0.10008,-5.4613,-0.14811,0
-0.7242,0.32437,0.007406,-4.7786,-0.29195,0
0.41548,0.11918,-0.11101,6.3718,-0.23441,0
0.41548,-0.4964,-0.13804,2.9584,-0.29195,0
-0.15436,-0.75289,-0.058236,-8.8747,1.2327,0
-0.81917,-0.13731,0.064038,-1.8203,0.81558,0
-1.294,0.73476,0.076909,7.282,1.5635,0
-0.91415,1.5299,-0.063384,-0.9101,0.57106,0
-0.15436,1.6325,-0.25773,-7.5093,-0.13373,0
1.2702,1.5299,-0.34268,1.8206,-0.14811,0
2.125,0.93996,-0.33625,6.5994,-0.57961,0
1.0803,0.42697,-0.3105,-5.0062,0.90188,0
-0.24933,0.55522,-0.25387,-6.8267,0.55667,0
-1.579,0.55522,-0.11358,5.4616,1.0889,0
-1.389,-0.034715,0.12968,3.8687,0.42722,0
-2.7186,-0.4964,0.27641,-7.0542,-0.53646,0
-1.8639,-0.26556,0.27126,-3.6408,-0.78098,0
0.51046,0.55522,0.25968,7.282,-2.1762,0
-0.15436,1.2477,0.28928,0.2277,-1.3995,0
-0.43928,1.4273,0.31888,-8.6471,-1.7015,0
-0.62923,1.3503,0.36007,1.1379,-0.89605,0
0.32051,1.0682,0.43987,6.8269,-0.47893,0
0.7004,0.81171,0.55442,-3.8684,-1.0974,0
0.60543,0.29873,0.65867,-7.0542,-0.65153,0
-0.059385,-0.11166,0.69986,4.5513,-1.9748,0
0.035589,-0.16296,0.72303,5.234,-1.2556,0
-1.7689,-0.18861,0.79253,-7.2818,-1.0255,0
-2.4337,-0.82984,0.9354,-4.5511,-0.047428,0
-1.389,-2.061,1.0319,6.8269,1.1895,0
0.035589,-2.8561,1.0551,2.5033,0.87311,0
-0.62923,-3.3691,1.0705,-7.7369,1.8656,0
-0.81917,-3.8052,1.0409,-0.9101,0.85873,0
1.0803,-3.523,0.94955,7.5096,1.3046,0
0.60543,-2.8305,0.80926,-0.22742,1.319,0
0.32051,-2.3944,0.64065,-7.5093,1.0313,0
0.60543,-1.9071,0.53897,2.7309,1.8799,0
1.5552,-2.061,0.59303,6.5994,1.0169,0
1.2702,-2.9587,0.63679,-3.4133,1.7505,0
0.89035,-3.3691,0.49135,-6.8267,0.98818,0
1.4602,-2.8305,0.20176,5.9167,1.0169,0
0.13056,-1.8815,-0.056948,5.234,1.2471,0
-1.6739,-1.6763,-0.21011,-6.5991,0.72928,0
-2.2438,-2.2406,-0.30664,-3.6408,1.8368,0
-2.1488,-2.2919,-0.47654,7.282,1.0169,0
-2.2438,-2.3175,-0.77514,1.5931,1.6786,0
-2.1488,-2.2406,-1.1381,-8.6471,1.1464,0
-2.2438,-1.6506,-1.4444,-1.1377,0.75804,0
-2.1488,-0.75289,-1.6581,6.8269,1.319,0
-2.5287,-0.6503,-1.8949,-1.5928,0.68613,0
-2.2438,-1.3941,-2.1588,-7.7369,1.9519,0
-2.2438,-2.2406,-2.3943,2.0482,1.3909,0
-2.2438,-2.2406,-2.6594,6.3718,1.9806,0
-2.3388,-1.2915,-2.9735,-4.5511,1.995,0
-2.4337,-0.11166,-3.2657,-6.144,1.5204,0
-2.3388,0.55522,-3.5668,5.4616,2.1676,0
-2.1488,0.40132,-3.9195,4.7789,1.0169,0
-2.0538,0.60652,-4.2632,-6.5991,1.5204,0
-2.3388,1.0426,-4.4884,-4.7786,0.87311,0
-2.3388,1.1708,-4.6094,7.282,0.87311,0
-2.2438,0.78606,-4.7844,1.3655,1.1464,0
-2.1488,1.3503,-4.9929,-7.7369,0.24024,0
-2.2438,3.1971,-5.0933,-0.9101,0.97379,0
-2.1488,4.0692,-5.0908,7.7372,0.12517,0
-2.2438,3.5305,-5.177,-1.1377,1.1464,0
-2.0538,2.7098,-5.3224,-8.192,1.506,0
-2.2438,1.5042,-5.3276,3.4135,1.5204,0
-2.0538,-0.0090658,-5.3199,6.3718,1.808,0
-2.3388,-0.6503,-5.3919,-5.4613,0.45599,0
-2.0538,-0.4964,-5.3803,-6.144,1.0745,0
-2.4337,-0.13731,-5.195,6.1442,0.47037,0
-2.4337,0.65782,-4.9839,4.5513,1.3765,0
-2.3388,1.4529,-4.787,-6.144,1.3621,0
-2.0538,1.6068,-4.5489,-3.6408,0.38407,0
-2.1488,1.5299,-4.1962,8.4198,0.54229,0
-2.0538,1.7607,-3.8114,2.7309,-0.75222,0
-1.7689,1.6581,-3.4394,-8.192,0.010105,0
0.035589,0.86301,-2.9735,0.00013542,-0.60838,0
0.51046,0.17048,-2.3763,7.282,-0.49331,0
-0.43928,-0.0090658,-1.8022,-2.2755,-0.47893,0
-0.62923,0.27308,-1.3659,-7.0542,-1.5002,0
-1.579,0.58087,-1.0223,4.5513,-0.88167,0
-1.1041,1.0682,-0.71465,6.3718,-1.8885,0
-0.43928,1.812,-0.42506,-6.3715,-1.4426,0
1.2702,2.1968,-0.14576,-5.2337,-1.8741,0
2.125,2.2224,0.064038,6.8269,-2.2049,0
2.22,3.0945,0.15928,3.186,-1.5865,0
2.22,5.1977,0.14384,-7.7369,-2.2193,0
2.03,5.839,0.25581,-2.9581,-1.2125,0
0.98533,3.4279,0.6265,7.5096,-2.1186,0
-0.34431,1.0682,0.99975,0.45525,-2.2625,0
-1.294,0.067882,1.3408,-7.9645,-2.7659,0
-0.91415,-0.31686,1.8557,0.91037,-3.7008,0
-0.24933,-0.16296,2.5301,6.5994,-2.8953,0
0.98533,0.093531,3.1801,-2.9581,-3.4851,0
0.035589,-0.34251,3.7631,-7.9645,-2.3919,0
-0.62923,-0.7016,4.3385,3.6411,-2.7659,0
-0.62923,-0.26556,4.8958,5.6891,-3.183,0
-0.34431,-0.086014,5.4389,-6.3715,-3.2837,0
0.32051,-0.62465,6.022,-5.4613,-4.6501,0
-0.62923,-1.0607,6.6501,6.3718,-3.9022,0
-1.579,-0.75289,7.21,2.5033,-4.3049,0
-1.1041,-0.4964,7.4815,-8.192,-3.0104,0
-0.43928,-0.5477,7.4854,-1.5928,-2.3056,0
0.13056,-0.23991,7.5008,7.9647,-2.2912,0
-0.34431,0.11918,7.6566,-0.22742,-1.6584,0
-0.34431,0.86301,7.8316,-7.9645,-2.7947,0
0.51046,2.1455,7.9166,2.2757,-2.2337,0
0.32051,2.2224,7.8548,7.282,-2.8953,0
-0.62923,1.812,7.6707,-3.1857,-2.4926,0
-2.3388,1.0169,7.515,-6.5991,-1.7591,0
-1.1041,-0.599,7.5343,5.0064,-2.2049,0
0.035589,-0.62465,7.4931,4.5513,-1.2844,0
-0.24933,1.7607,7.1765,-6.3715,-2.2912,0
-1.0091,4.0692,6.7839,-3.4133,-1.7303,0
-2.8136,5.1977,6.4853,8.1923,-2.018,0
-3.2885,4.9925,6.1829,1.3655,-2.2912,0
-2.9086,3.8127,5.7851,-7.7369,-1.7591,0
-3.9533,3.0432,5.345,-0.68254,-2.5789,0
-2.5287,4.5822,4.9897,7.5096,-1.4714,0
0.035589,6.0698,4.7954,-2.0479,-1.9173,0
1.8401,5.0951,4.6461,-7.2818,-1.2556,0
2.22,3.4536,4.3436,3.6411,-1.0399,0
2.03,2.4533,3.9562,6.8269,-1.3707,0
1.1753,1.299,3.6808,-5.6889,-0.5077,0
-0.24933,0.40132,3.4568,-5.4613,-1.3419,0
-0.7242,0.91431,3.126,6.1442,-0.39263,0
-1.1041,1.2221,2.8004,3.186,-0.91043,0
0.13056,0.58087,2.6704,-7.5093,-0.73783,0
0.51046,-0.16296,2.6395,-2.9581,-0.594,0
0.13056,-0.34251,2.4992,7.5096,-1.3563,0
1.8401,0.067882,2.2058,0.91037,-0.60838,0
2.8848,0.35002,1.8222,-8.192,-1.4139,0
1.5552,0.24743,1.409,0.68281,-0.6803,0
0.13056,0.88866,1.0525,7.0545,-0.89605,0
0.22554,1.4273,0.80025,-2.7306,-1.0687,0
-0.43928,0.27308,0.6857,-8.6471,-0.6803,0
-1.6739,-1.4967,0.68184,3.4135,-1.4282,0
-1.8639,-2.4201,0.64323,5.9167,-0.52208,0
0.41548,-2.8561,0.44502,-7.5093,-1.27,0
2.7898,-2.6509,0.11037,-5.6889,-0.72345,0
3.5496,-1.4711,-0.20754,5.234,-0.56523,0
1.6501,-0.6503,-0.35427,3.186,-0.89605,0
1.1753,-1.0863,-0.34912,-6.8267,-0.14811,0
0.60543,-1.7532,-0.40446,-3.1857,-1.1693,0
-0.15436,-2.5227,-0.59753,7.282,-0.49331,0
-0.34431,-2.8048,-0.86138,1.1379,-1.1262,0
-0.34431,-2.2406,-1.1188,-8.192,-1.1406,0
0.41548,-1.4967,-1.3582,1.1379,-0.9392,0
0.79538,-1.8815,-1.5873,6.3718,-1.6871,0
-0.15436,-2.3944,-1.8061,-2.9581,-0.98235,0
-0.53425,-1.3685,-1.9194,-6.8267,-2.1762,0
-0.7242,-0.29121,-1.9219,4.5513,-1.9748,0
-0.81917,-1.1633,-1.9065,5.9167,-2.4495,0
-0.81917,-2.4201,-1.8859,-5.4613,-2.7947,0
-1.8639,-2.6253,-1.8434,-4.5511,-2.2337,0
-2.0538,-2.0097,-1.7816,7.0545,-3.1399,0
-1.7689,-1.5224,-1.7636,3.4135,-2.3056,0
-0.24933,-1.4454,-1.8164,-7.2818,-3.3268,0
-0.91415,-1.8302,-1.8614,-1.3652,-3.2262,0
-2.2438,-2.0867,-1.864,7.7372,-3.3556,0
-1.389,-1.7019,-1.9065,-0.9101,-3.6864,0
0.22554,-0.98374,-2.0378,-8.4196,-2.5358,0
0.89035,-0.5477,-2.1549,2.7309,-3.183,0
1.6501,-0.086014,-2.1588,7.0545,-2.4063,0
1.0803,0.45262,-2.0622,-4.5511,-3.1974,0
-0.24933,1.2477,-1.9438,-7.7369,-3.4851,0
-0.34431,1.6838,-1.9232,5.234,-3.3412,0
0.32051,1.0682,-1.9052,4.0962,-4.1467,0
0.60543,-0.57335,-1.7726,-8.192,-3.0104,0
-0.059385,-1.7532,-1.6401,-4.5511,-3.6577,0
-0.34431,-1.4711,-1.6864,7.0545,-3.0104,0
0.13056,-0.31686,-1.8396,2.2757,-2.7803,0
-0.059385,0.22178,-1.9425,-7.2818,-3.3556,0
1.7451,-0.93244,-1.864,-2.0479,-2.3056,0
2.7898,-3.0613,-1.6645,7.5096,-2.694,0
1.5552,-3.7282,-1.5371,-0.9101,-1.6871,0
0.22554,-3.3435,-1.5809,-7.7369,-2.5789,0
1.8401,-2.5996,-1.689,3.186,-3.2837,0
3.9295,-1.5224,-1.743,6.5994,-3.4131,0
2.7898,-0.13731,-1.7083,-5.0062,-4.3625,0
0.79538,1.5812,-1.5603,-5.9164,-3.2981,0
1.3652,3.4536,-1.3749,5.9167,-3.6433,0
1.1753,2.838,-1.3724,3.8687,-2.3775,0
1.2702,-0.93244,-1.5294,-7.0542,-1.7015,0
1.7451,-3.7282,-1.604,-3.8684,-1.5002,0
1.9351,-2.8048,-1.5628,6.8269,-0.49331,0
1.5552,-0.18861,-1.4766,2.0482,-1.3995,0
-0.62923,1.299,-1.4277,-8.4196,-0.56523,0
-0.53425,0.96561,-1.4341,-0.45498,-1.3563,0
1.3652,0.40132,-1.4599,7.5096,-0.80975,0
1.9351,0.35002,-1.4663,-2.0479,-0.14811,0
1.2702,0.68346,-1.5435,-7.5093,-0.018661,0
0.98533,0.96561,-1.7224,3.8687,1.3765,0
0.60543,1.0682,-1.8177,6.1442,0.77243,0
-1.0091,1.3247,-1.7366,-6.3715,1.5204,0
-0.7242,1.1965,-1.6027,-4.7786,0.91626,0
0.13056,0.63217,-1.5513,7.0545,0.90188,0
-0.34431,0.45262,-1.5229,3.8687,1.3334,0
-0.34431,0.17048,-1.4264,-7.0542,0.88749,0
-0.7242,-0.29121,-1.3711,-2.0479,2.1245,0
-0.7242,-0.31686,-1.4522,8.4198,1.6067,0
-1.484,-0.11166,-1.5397,0.2277,2.4409,0
-1.0091,-1.6506,-1.4534,-8.4196,2.0094,0
-1.9589,-4.3438,-1.2732,1.3655,1.6354,0
-2.4337,-5.4211,-1.1664,7.9647,2.0957,0
-1.6739,-4.2668,-1.151,-2.503,1.4197,0
-1.389,-1.8815,-1.2231,-8.192,2.5704,0
-2.4337,0.93996,-1.3312,4.3238,2.0813,0
-0.91415,3.0432,-1.4367,5.6891,2.8005,0
0.98533,2.2994,-1.5114,-5.6889,3.0019,0
0.60543,-0.72725,-1.5281,-5.6889,2.5128,0
-1.1991,-2.061,-1.4251,6.1442,3.2176,0
-1.579,-1.2146,-1.1368,2.9584,2.1964,0
-0.059385,-1.3941,-0.89742,-8.4196,3.0162,0
0.41548,-2.5996,-0.87296,-2.7306,2.671,0
-0.15436,-2.5996,-0.93732,7.7372,2.9731,0
-0.62923,-1.8815,-0.93989,-0.22742,3.6203,0
-0.7242,-2.2406,-0.87039,-8.192,2.9731,0
0.60543,-3.6769,-0.77643,2.0482,3.6491,0
1.7451,-3.8052,-0.73267,6.8269,2.5128,0
1.7451,-2.1636,-0.69148,-3.6408,3.0594,0
0.035589,-1.0607,-0.56792,-6.5991,2.9875,0
-1.579,-1.2402,-0.37357,5.6891,3.2032,0
-2.0538,-1.1633,-0.26674,4.0962,4.1381,0
-2.1488,-0.4451,-0.35298,-7.7369,3.419,0
-2.2438,-0.26556,-0.50228,-4.3235,4.1381,0
-1.6739,-0.6503,-0.58594,6.8269,2.9587,0
0.13056,-0.90679,-0.5499,2.2757,2.9012,0
1.1753,-0.6503,-0.47397,-7.2818,2.7286,0
0.32051,-0.060364,-0.46753,0.45525,2.556,0
0.41548,0.14483,-0.44565,7.9647,3.7929,0
-0.15436,-0.41945,-0.30536,-1.1377,3.3902,0
0.41548,-1.0094,-0.16378,-7.7369,4.3107,0
0.60543,-1.0094,-0.18694,2.7309,3.1457,0
-0.7242,-0.34251,-0.28348,5.9167,2.5704,0
-3.6684,-0.23991,-0.17922,-5.6889,1.9087,0
-3.5734,-1.1889,0.13225,-6.3715,0.59983,0
-1.1041,-1.6506,0.427,5.4616,1.1032,0
1.2702,-0.90679,0.51194,4.3238,0.082022,0
1.6501,0.42697,0.34462,-6.5991,0.67174,0
0.13056,1.299,0.15542,-3.1857,0.096406,0
-0.43928,1.4529,0.10136,7.9647,-0.30633,0
0.41548,1.299,0.08077,1.8206,-0.14811,0
0.13056,0.24743,0.062751,-7.7369,-1.3851,0
-1.1991,-1.3685,0.078196,-0.9101,-0.89605,0
-0.53425,-1.9328,0.11938,6.3718,-1.9173,0
0.32051,-0.82984,0.12453,-1.8203,-1.6871,0
0.41548,0.45262,0.078196,-7.9645,-1.9317,0
-0.24933,1.2734,0.10265,3.186,-2.7084,0
-0.62923,2.3763,0.16186,6.3718,-2.3344,0
-0.34431,3.7101,0.13097,-4.5511,-3.672,0
0.89035,4.377,0.085918,-6.8267,-3.1542,0
-0.24933,3.4023,0.083344,5.234,-4.0604,0
-2.3388,1.3503,0.098789,3.6411,-4.2042,0
-1.1041,-0.21426,0.098789,-7.5093,-4.1467,0
-0.15436,0.11918,0.039583,-4.0959,-5.0816,0
-1.1041,0.63217,-0.035068,7.0545,-4.4344,0
-0.81917,-0.29121,-0.015762,1.1379,-5.4844,0
-0.62923,-2.3175,0.0061189,-8.4196,-4.9809,0
-0.62923,-3.087,-0.076255,-0.45498,-5.1535,0
-0.81917,-2.497,-0.19595,8.4198,-5.3549,0
-1.1991,-1.4711,-0.28348,-1.8203,-4.5063,0
0.22554,-0.21426,-0.33625,-8.192,-5.2111,0
1.3652,0.78606,-0.34912,2.7309,-4.1611,0
1.1753,1.1452,-0.31179,7.282,-4.4344,0
-0.059385,0.35002,-0.32852,-4.0959,-4.1611,0
-0.43928,-0.060364,-0.43921,-6.3715,-3.672,0
-0.7242,0.78606,-0.47783,5.234,-4.4056,0
-0.53425,1.2734,-0.28476,4.5513,-3.6864,0
-0.34431,0.63217,0.037009,-5.4613,-4.7508,0
1.1753,0.016583,0.2571,-2.7306,-4.2618,0
0.89035,0.14483,0.34848,7.5096,-4.5207,0
-0.059385,0.35002,0.42957,0.91037,-4.7364,0
-0.62923,0.22178,0.41155,-7.7369,-4.3481,0
-0.34431,0.35002,0.28413,1.1379,-5.4124,0
0.7004,0.19613,0.25453,7.282,-4.9378,0
1.3652,-0.7016,0.33175,-3.1857,-5.9446,0
0.035589,-1.2146,0.40898,-7.2818,-5.8439,0
-0.62923,-0.57335,0.52224,4.5513,-5.7864,0
-1.484,0.016583,0.65095,6.1442,-6.2323,0
-0.81917,0.042233,0.62135,-6.144,-5.1679,0
0.32051,-0.060364,0.36908,-5.2337,-5.7001,0
0.22554,0.52957,0.046019,7.0545,-4.6789,0
-1.294,1.5812,-0.18823,2.9584,-4.8227,0
-2.1488,2.5302,-0.22556,-7.5093,-4.607,0
-2.0538,2.1455,-0.10071,-2.0479,-3.8303,0
-1.0091,1.2221,0.10008,7.282,-4.3768,0
-0.7242,0.86301,0.29057,-0.22742,-3.1255,0
-0.81917,0.55522,0.4566,-7.9645,-3.8446,0
-1.6739,-0.16296,0.53897,2.9584,-3.1974,0
-1.8639,-1.0094,0.48363,6.8269,-3.37,0
-1.579,-0.67595,0.38838,-4.0959,-4.0029,0
0.32051,0.29873,0.32146,-6.8267,-3.4707,0
1.6501,1.8633,0.30472,4.5513,-4.4775,0
0.89035,3.4792,0.32274,4.0962,-3.6864,0
-0.059385,3.0432,0.23265,-6.8267,-4.2761,0
0.13056,1.4016,-0.0041778,-3.8684,-4.046,0
-0.24933,1.8377,-0.2114,6.8269,-3.7296,0
-0.24933,3.864,-0.2912,2.5033,-4.4775,0
1.4602,2.915,-0.18437,-8.192,-3.5714,0
2.22,-0.72725,0.11938,-1.8203,-4.4775,0
2.03,-1.7276,0.34076,7.7372,-3.8015,0
0.98533,0.22178,0.26611,-1.1377,-3.9453,0
-0.53425,1.4529,0.14512,-8.4196,-4.3481,0
-2.4337,1.1452,0.10909,1.8206,-3.7583,0
-1.294,0.93996,0.024138,7.7372,-4.7364,0
-0.62923,1.4529,-0.11744,-3.8684,-3.8159,0
0.79538,2.2994,-0.18437,-6.3715,-4.4056,0
2.315,1.9659,-0.050513,5.9167,-4.0748,0
1.3652,0.70911,0.17215,4.3238,-3.8159,0
0.035589,-0.034715,0.20948,-7.2818,-4.4919,0
-0.53425,0.32437,-0.035068,-4.0959,-3.7152,0
-0.62923,0.52957,-0.32338,7.5096,-4.5638,0
-0.81917,0.70911,-0.44822,3.186,-3.8446,0
-1.294,1.376,-0.45208,-7.7369,-4.1323,0
-0.059385,2.9406,-0.34268,-1.8203,-4.2474,0
-0.53425,3.5049,-0.056948,7.282,-3.7152,0
-1.484,1.7351,0.20047,0.00013542,-4.3337,0
-0.7242,-0.5477,0.25324,-7.9645,-3.1542,0
0.60543,-1.4711,0.24166,1.8206,-3.7008,0
1.4602,-1.7276,0.23007,8.1923,-3.0679,0
0.035589,-1.4454,0.27512,-3.1857,-3.0679,0
-1.484,-1.0863,0.39482,-7.0542,-3.2118,0
-0.62923,-1.1889,0.51066,4.7789,-2.3919,0
0.89035,-0.85549,0.52353,6.3718,-3.2118,0
0.035589,0.042233,0.46947,-5.6889,-2.1906,0
-0.059385,0.70911,0.46818,-5.2337,-2.9241,0
0.51046,-0.16296,0.55056,5.9167,-2.7227,0
0.60543,-1.2915,0.63036,3.4135,-2.7084,0
-0.43928,-1.625,0.56472,-7.2818,-3.5426,0
-1.6739,-1.1376,0.44888,-3.6408,-2.9529,0
-1.9589,-0.41945,0.45274,7.5096,-3.8303,0
-1.9589,0.067882,0.47205,1.1379,-2.9529,0
-0.62923,-0.31686,0.36908,-8.6471,-3.1542,0
1.2702,-1.4967,0.23007,-0.68254,-2.8666,0
0.89035,-1.9071,0.14255,7.5096,-2.1186,0
0.79538,-1.2659,0.10008,-2.7306,-2.6221,0
0.13056,-0.23991,0.046019,-7.2818,-1.4714,0
0.035589,0.96561,-0.036355,3.6411,-2.2625,0
-1.0091,1.8633,-0.067245,5.4616,-1.8166,0
-1.1991,1.1965,0.048593,-5.0062,-2.018,0
-1.8639,-0.80419,0.16186,-6.3715,-2.4351,0
-2.2438,-1.7789,0.066612,6.1442,-1.5002,0
-3.0036,-1.2402,-0.058236,3.4135,-2.0755,0
-2.3388,-0.41945,-0.064671,-7.5093,-0.8529,0
-1.294,-0.11166,-0.010613,-2.9581,-1.2269,0
-0.15436,-0.034715,0.061464,7.7372,-1.083,0
1.4602,-0.34251,0.20176,0.91037,-0.72345,0
0.89035,-1.0607,0.26997,-7.0542,-1.4426,0
-0.15436,-0.52205,0.14512,0.45525,-0.55085,0
-0.81917,0.65782,-0.02091,7.5096,-1.4282,0
-1.389,1.6581,-0.078829,-2.7306,-0.62276,0
-1.0091,1.812,-0.074968,-6.8267,-0.72345,0
-0.7242,2.2481,-0.089126,4.0962,-0.73783,0
-0.62923,2.838,-0.098135,6.3718,0.024489,0
-0.62923,1.7864,0.012554,-4.3235,-0.73783,0
-0.62923,-0.88114,0.20948,-6.3715,0.32654,0
-0.34431,-1.9328,0.38452,6.5994,-0.37825,0
-0.53425,-0.4451,0.50937,4.5513,0.038872,0
-0.81917,0.60652,0.5068,-7.5093,0.25462,0
-1.294,0.55522,0.29958,-3.6408,-0.22003,0
0.13056,0.63217,0.039583,7.5096,0.47037,0
1.1753,1.5812,-0.098135,1.5931,-0.57961,0
1.5552,2.2481,-0.072394,-8.4196,0.18271,0
1.1753,2.2737,0.0099801,0.45525,-0.34948,0
0.89035,2.4276,0.05889,7.0545,-0.27756,0
0.60543,1.6325,0.044732,-2.7306,-0.076195,0
0.7004,0.50392,-0.024771,-7.5093,-0.80975,0
-0.24933,0.40132,-0.10457,4.5513,-0.033045,0
-0.53425,0.55522,-0.02091,6.1442,-0.96797,0
-0.62923,0.11918,0.18502,-5.4613,-0.32071,0
-0.62923,-0.62465,0.22621,-5.0062,-0.60838,0
-0.53425,-0.80419,0.04988,6.8269,-0.66591,0
-0.62923,-0.47075,-0.1213,3.4135,-0.018661,0
-0.62923,-0.29121,-0.16378,-8.192,-0.73783,0
-0.91415,-0.0090658,-0.13932,-3.1857,0.15394,0
-2.8136,-0.0090658,-0.11101,8.6474,-0.80975,0
-3.0985,-0.6503,-0.11101,1.1379,-0.49331,0
-1.294,-1.3941,-0.11873,-8.192,-0.43578,0
-0.059385,-1.548,-0.098135,0.2277,-0.83852,0
-0.15436,-1.3172,-0.028633,7.282,0.22586,0
-0.43928,-0.41945,0.044732,-3.1857,-0.52208,0
-0.43928,0.50392,0.08978,-7.7369,0.48476,0
-0.7242,1.299,0.14126,4.5513,0.11079,0
-0.7242,1.4529,0.1979,5.6891,0.096406,0
-0.81917,1.1452,0.19532,-7.0542,0.35531,0
-1.8639,0.32437,0.19275,-4.5511,-0.37825,0
-1.6739,-0.82984,0.27641,7.282,0.48476,0
-0.81917,-1.0094,0.36393,3.186,-0.37825,0
0.32051,-0.13731,0.3871,-7.2818,0.36969,0
1.3652,0.60652,0.3665,-0.9101,0.34092,0
0.13056,1.2734,0.34205,7.282,0.34092,0
-1.0091,2.1198,0.30086,-1.5928,1.0169,0
-1.1991,2.2224,0.23007,-8.192,0.082022,0
0.41548,1.5042,0.18631,3.186,0.87311,0
2.22,0.63217,0.21463,6.8269,-0.018661,0
1.1753,0.14483,0.17859,-4.5511,0.11079,0
0.60543,0.47827,-0.02091,-7.0542,0.13956,0
2.6949,1.7094,-0.1612,5.6891,-0.5077,0
4.0245,2.6585,-0.089126,4.0962,0.29777,0
3.1697,3.1971,0.026712,-6.5991,-0.5077,0
2.315,2.7611,0.0061189,-2.7306,0.28339,0
1.2702,1.7351,-0.038929,8.4198,-0.22003,0
0.98533,1.3247,-0.058236,0.45525,-0.55085,0
0.7004,1.8633,-0.11744,-8.6471,-0.52208,0
0.7004,1.8633,-0.15605,0.91037,-1.7159,0
1.7451,0.37567,-0.12645,6.3718,-1.083,0
2.03,-0.85549,-0.11358,-4.0959,-2.0323,0
1.2702,-1.1633,-0.14318,-7.0542,-1.4139,0
0.7004,-0.599,-0.26288,4.5513,-1.5721,0
0.32051,0.86301,-0.371,6.1442,-2.018,0
1.3652,1.6325,-0.23328,-6.8267,-1.5721,0
0.98533,1.0426,-0.013187,-5.9164,-2.6077,0
-0.15436,0.96561,0.13483,6.8269,-1.7447,0
-0.059385,1.376,0.21591,2.5033,-2.1762,0
0.41548,1.6068,0.18502,-8.4196,-1.7447,0
0.89035,1.299,0.0048318,-2.503,-1.1837,0
0.41548,0.70911,-0.17279,7.282,-1.6584,0
-1.579,0.32437,-0.28862,0.00013542,-0.69468,0
-3.0985,0.17048,-0.29892,-8.192,-1.5433,0
-3.4784,-0.13731,-0.14962,1.3655,-0.88167,0
-2.4337,-0.52205,0.037009,7.5096,-0.98235,0
-0.91415,-0.41945,0.19275,-3.1857,-0.95358,0
0.41548,-1.2146,0.297,-6.3715,-0.11935,0
-0.53425,-2.4714,0.33561,3.4135,-0.69468,0
-1.389,-2.6509,0.33561,5.9167,0.54229,0
-0.81917,-2.3175,0.30987,-6.5991,0.096406,0
0.13056,-2.5996,0.17344,-5.9164,0.82996,0
0.79538,-2.3944,-0.019623,6.8269,1.1176,0
0.60543,-2.0097,-0.040216,2.9584,0.75804,0
-0.24933,-2.0097,0.11295,-7.0542,1.6786,0
-0.43928,-2.1893,0.21849,-1.1377,0.90188,0
0.32051,-1.9071,0.17344,7.282,1.7936,0
-0.34431,-2.1893,0.12582,-0.45498,1.3478,0
-0.43928,-3.6769,0.13611,-7.9645,1.3765,0
-0.62923,-4.472,0.082057,2.9584,1.7361,0
-0.53425,-3.3948,0.04988,6.1442,1.0026,0
0.13056,-2.3944,0.085918,-4.5511,1.8224,0
-0.7242,-2.4714,0.10522,-5.6889,0.64298,0
-2.2438,-2.2662,0.061464,6.3718,0.95941,0
-1.1991,-2.2919,0.017703,5.4616,0.58544,0
-0.059385,-2.3688,0.05889,-6.5991,0.11079,0
-0.34431,-1.7532,0.13998,-4.3235,0.82996,0
-1.6739,-1.3428,0.16572,8.1923,-0.076195,0
-1.0091,-2.0867,0.21849,1.8206,0.49914,0
0.22554,-2.5227,0.33304,-7.7369,-0.47893,0
0.51046,-2.2406,0.39868,-0.45498,-0.86728,0
-0.059385,-1.3941,0.34977,7.0545,-1.0687,0
-0.24933,-0.23991,0.26096,-1.8203,-1.9604,0
0.41548,-0.75289,0.22492,-7.2818,-1.1837,0
0.41548,-2.6509,0.23265,3.186,-1.8022,0
-1.1991,-3.2922,0.12839,6.5994,-0.72345,0
-2.3388,-2.3688,-0.074968,-5.0062,-0.65153,0
-2.6237,-1.7789,-0.24744,-7.7369,-0.53646,0
-1.484,-1.7276,-0.35427,4.7789,-0.34948,0
-0.7242,-1.6763,-0.41605,3.4135,-1.9029,0
-1.0091,-0.4964,-0.40832,-6.8267,-1.8454,0
-1.484,0.70911,-0.27189,-2.503,-3.0967,0
-0.62923,0.50392,-0.11744,7.9647,-2.5501,0
0.22554,-0.36816,-0.16635,1.1379,-1.831,0
0.60543,-0.88114,-0.28862,-7.5093,-1.8741,0
-0.24933,-0.7016,-0.31951,0.45525,-0.92482,0
-0.34431,-0.6503,-0.33367,6.5994,-2.0611,0
0.32051,-0.93244,-0.38773,-3.1857,-1.5865,0
-0.34431,-0.52205,-0.37229,-7.2818,-2.018,0
-0.43928,-0.31686,-0.21397,4.0962,-1.7015,0
0.13056,-0.599,-0.064671,5.6891,-0.60838,0
-1.1991,-0.23991,-0.036355,-6.144,-0.89605,0
-0.53425,1.0682,-0.10714,-5.6889,0.41284,0
0.32051,1.8633,-0.15605,6.5994,-0.32071,0
-0.24933,1.4273,-0.10457,3.8687,0.34092,0
-0.43928,-0.7016,-0.059523,-6.3715,0.28339,0
0.51046,-2.3431,-0.0518,-4.3235,-0.090578,0
1.6501,-2.1893,-0.036355,7.5096,0.57106,0
2.22,-1.9584,0.0022576,2.2757,-0.46455,0
1.9351,-2.5227,-0.024771,-7.2818,0.47037,0
1.2702,-2.6253,-0.14833,0.00013542,-0.10496,0
-0.24933,-1.8815,-0.2217,8.1923,0.44161,0
-0.059385,-0.85549,-0.17279,-1.8203,0.95941,0
0.7004,0.32437,-0.12388,-7.5093,0.72928,0
1.5552,0.86301,-0.064671,3.4135,1.9519,0
0.98533,-0.98374,0.10394,6.5994,1.1032,0
-0.059385,-3.0357,0.30987,-4.7786,1.8656,0
-0.24933,-2.4457,0.47076,-5.6889,1.4916,0
1.0803,-0.57335,0.53769,6.1442,1.3478,0
0.79538,-0.41945,0.44888,4.3238,2.0669,0
-0.62923,-1.0863,0.24294,-6.8267,1.621,0
-2.4337,-0.0090658,0.091067,-2.7306,2.8724,0
-1.1991,2.0172,0.04988,7.282,2.4697,0
0.41548,2.2481,0.026712,0.91037,3.045,0
0.60543,0.63217,0.0048318,-7.5093,2.7861,0
1.0803,-0.18861,0.034435,1.8206,1.8656,0
1.5552,0.55522,0.0061189,6.8269,2.0813,0
1.4602,1.0682,-0.12774,-3.4133,0.84434,0
1.7451,1.4016,-0.31308,-7.2818,1.7073,0
1.5552,1.7094,-0.39288,3.8687,1.2615,0
1.9351,0.86301,-0.2114,5.234,1.6354,0
2.125,-0.5477,0.037009,-6.3715,1.9087,0
0.79538,-0.85549,0.096215,-5.0062,1.1032,0
-1.294,-0.36816,0.025425,6.8269,1.7936,0
-1.1991,-0.26556,-0.037642,4.0962,0.62859,0
1.7451,0.11918,-0.031207,-7.2818,1.2615,0
1.2702,0.50392,0.021564,-3.1857,1.132,0
-1.1991,0.47827,0.085918,7.282,1.2183,0
-1.579,0.22178,0.039583,0.68281,2.0382,0
0.13056,0.016583,-0.15348,-8.4196,1.3765,0
1.2702,-0.34251,-0.38001,0.68281,2.369,0
-0.53425,-0.034715,-0.42506,7.5096,1.5779,0
-3.0985,0.76041,-0.28734,-3.8684,1.9231,0
-1.6739,0.78606,-0.2011,-6.8267,2.0382,0
-0.62923,0.067882,-0.20239,5.9167,1.506,0
0.22554,-0.18861,-0.19338,5.9167,2.2971,0
-0.34431,0.78606,-0.12388,-6.8267,1.2615,0
-0.43928,1.9659,-0.040216,-4.5511,2.0238,0
0.32051,2.6328,-0.031207,6.8269,1.3765,0
1.2702,2.838,-0.1316,3.4135,1.3478,0
-0.15436,1.5812,-0.21526,-6.8267,1.621,0
-1.484,-0.47075,-0.25259,-1.8203,0.91626,0
-1.1991,-1.3172,-0.25902,8.1923,1.7361,0
1.5552,-0.41945,-0.24744,0.2277,0.94503,0
3.2647,0.47827,-0.19081,-8.4196,1.5923,0
0.7004,0.76041,-0.12645,2.2757,1.7073,0
-1.1041,1.0169,-0.14061,6.5994,1.6642,0
-1.1041,1.5042,-0.17021,-3.8684,2.7717,0
-0.81917,1.7607,-0.12774,-6.5991,2.1964,0
-0.62923,2.1711,-0.033781,5.234,3.1313,0
-0.62923,2.7611,0.0061189,3.8687,2.4553,0
-0.7242,3.2227,-0.069819,-6.8267,2.4984,0
-0.62923,2.9663,-0.2114,-3.4133,3.1169,0
-0.62923,2.0942,-0.27447,7.5096,2.5847,0
-0.7242,1.0682,-0.19081,1.1379,3.6347,0
-1.0091,-0.086014,-0.072394,-8.4196,2.556,0
0.7004,-1.112,-0.019623,-0.68254,2.9443,0
1.0803,-1.1889,0.016416,7.282,2.5128,0
-0.43928,0.22178,0.091067,-2.0479,2.0382,0
-1.389,1.9659,0.18631,-7.9645,2.671,0
-0.24933,2.5815,0.29829,3.6411,1.7505,0
-0.43928,2.0172,0.40254,5.9167,2.671,0
-0.62923,1.4016,0.47591,-5.6889,1.9375,0
-0.15436,0.91431,0.45789,-5.9164,2.2683,0
2.6949,1.1452,0.23393,7.0545,2.2683,0
4.2144,1.0426,0.0099801,3.6411,1.4772,0
2.8848,-0.47075,0.011267,-7.9645,1.808,0
0.79538,-0.18861,-0.018336,-2.503,0.48476,0
1.5552,1.9916,-0.23843,7.5096,1.0889,0
1.7451,2.6328,-0.27961,0.91037,0.84434,0
0.22554,0.55522,-0.019623,-7.5093,1.319,0
-0.7242,-1.5737,0.17988,1.1379,2.1532,0
-1.484,-0.7016,0.1773,7.282,1.6498,0
-0.91415,1.7094,0.0022576,-3.1857,2.5416,0
-0.15436,2.5046,-0.2011,-7.7369,1.6354,0
-1.294,1.4016,-0.22556,4.5513,2.0813,0
-0.91415,0.11918,-0.11487,6.5994,2.0813,0
-0.81917,0.29873,-0.08269,-5.0062,1.8512,0
-0.53425,0.32437,-0.1213,-5.0062,3.0162,0
-0.24933,-0.16296,-0.11229,7.0545,2.5991,0
1.6501,0.32437,-0.076255,3.4135,3.8073,0
1.6501,1.8377,-0.10714,-6.8267,3.0738,0
-0.059385,2.325,-0.13289,-1.8203,2.9731,0
-1.6739,1.0682,0.01899,8.1923,2.4121,0
-1.7689,-1.2146,0.23522,0.2277,0.94503,0
-1.1991,-1.6506,0.27383,-8.192,1.1752,0
-0.53425,0.067882,0.23265,0.45525,-0.090578,0
0.60543,0.47827,0.22879,7.282,0.61421,0
2.03,-1.5993,0.23393,-3.4133,0.16832,0
2.4099,-2.9331,0.2674,-7.5093,-0.033045,0
-0.24933,-1.9584,0.32274,4.5513,0.067639,0
-0.81917,0.042233,0.28799,4.7789,-1.2556,0
-1.0091,1.9659,0.12453,-6.5991,-0.80975,0
-1.484,2.0685,-0.0016037,-4.7786,-1.8597,0
-1.7689,0.19613,0.056315,6.3718,-1.644,0
-0.81917,-1.548,0.16314,2.5033,-1.3276,0
1.2702,-2.0097,0.23136,-7.5093,-1.457,0
1.0803,-1.7276,0.3073,-1.3652,-0.27756,0
0.89035,-1.1633,0.34591,7.5096,-1.2125,0
0.7004,-0.5477,0.36908,-0.22742,-0.95358,0
-0.15436,-0.26556,0.38581,-8.6471,-1.8454,0
-0.059385,-1.0607,0.39997,1.8206,-2.1474,0
1.0803,-2.574,0.37809,6.5994,-1.6008,0
0.13056,-2.8305,0.23651,-5.0062,-2.2625,0
-0.62923,-0.57335,0.044732,-7.2818,-1.4282,0
-0.43928,1.7864,-0.049226,5.9167,-2.4495,0
0.32051,1.5299,-0.015762,5.6891,-2.4495,0
0.7004,-0.85549,0.12582,-6.8267,-2.7659,0
-0.34431,-2.4201,0.27126,-5.6889,-3.5714,0
-1.484,-1.8558,0.37551,6.5994,-2.7803,0
-0.62923,-0.88114,0.47848,3.186,-3.4563,0
0.035589,-0.29121,0.40512,-7.5093,-2.5645,0
-0.24933,0.27308,0.18245,-2.0479,-2.996,0
-0.81917,0.22178,0.096215,8.4198,-2.9241,0
-1.484,-0.57335,0.15928,-0.68254,-2.7803,0
-0.53425,-1.2402,0.21463,-7.7369,-3.4275,0
1.2702,-1.3941,0.25324,3.4135,-2.6077,0
1.0803,-1.5993,0.33047,7.282,-3.4707,0
1.9351,-1.9071,0.43858,-4.0959,-2.6652,0
1.9351,-1.6506,0.46046,-6.5991,-2.4351,0
0.13056,-0.4964,0.35749,6.3718,-2.133,0
0.22554,0.91431,0.17344,5.234,-1.083,0
2.8848,1.5299,0.017703,-6.5991,-1.7878,0
3.9295,0.93996,-0.0028907,-2.9581,-0.9392,0
1.7451,1.2221,-0.015762,7.282,-1.6871,0
0.32051,2.7354,-0.16249,2.2757,-1.1837,0
0.13056,3.2997,-0.241,-7.7369,-1.083,0
-0.059385,2.2224,-0.21269,-1.1377,-1.6008,0
0.51046,1.4273,-0.19209,7.5096,-0.7666,0
0.79538,1.4273,-0.19853,-1.5928,-1.4139,0
0.035589,1.2221,-0.19338,-7.9645,-0.11935,0
-0.62923,1.4529,-0.19724,2.9584,0.010105,0
-1.7689,1.4273,-0.18694,6.1442,0.47037,0
-1.6739,0.76041,-0.20496,-5.2337,0.80119,0
-1.0091,0.14483,-0.2616,-6.3715,-0.090578,0
-0.91415,-0.34251,-0.28734,5.4616,0.54229,0
-0.53425,-0.34251,-0.2513,3.6411,-0.2488,0
0.32051,0.067882,-0.18566,-7.2818,0.59983,0
0.51046,0.093531,-0.11615,-3.6408,0.91626,0
-0.059385,-0.060364,-0.098135,7.7372,0.85873,0
0.51046,-0.034715,-0.18694,0.68281,1.5204,0
0.7004,0.11918,-0.3105,-8.6471,0.52791,0
0.41548,0.42697,-0.36585,0.00013542,1.2183,0
-0.24933,0.55522,-0.32724,7.0545,0.39846,0
-0.53425,1.0169,-0.25516,-2.2755,0.74366,0
-0.53425,1.376,-0.17922,-7.7369,0.91626,0
-0.91415,1.4273,-0.10714,3.4135,0.21147,0
-1.6739,1.6325,-0.080116,5.6891,0.90188,0
-0.91415,1.4273,-0.094274,-6.3715,-0.13373,0
-0.43928,0.11918,-0.065958,-5.6889,0.49914,0
0.60543,-1.0863,-0.013187,7.5096,0.22586,0
1.6501,-1.035,0.0048318,2.5033,0.29777,0
1.3652,-0.36816,0.012554,-7.7369,0.85873,0
0.7004,0.22178,0.022851,-1.3652,0.15394,0
-0.24933,0.55522,-0.0028907,7.7372,1.2615,0
-0.53425,0.63217,0.0035447,0.91037,0.55667,0
-0.62923,0.78606,0.15928,-7.2818,1.1608,0
-0.53425,0.27308,0.43215,2.2757,0.87311,0
-0.53425,-0.5477,0.55313,7.9647,-0.033045,0
-0.059385,-0.77854,0.38452,-2.7306,0.38407,0
-0.91415,-0.4964,0.19918,-7.2818,-0.594,0
0.13056,-0.77854,0.2468,5.4616,0.26901,0
0.7004,-1.9328,0.42056,5.234,-0.3351,0
0.89035,-2.497,0.44244,-6.144,-0.2488,0
0.89035,-1.3428,0.27641,-4.0959,-0.047428,0
0.98533,0.042233,0.12453,8.1923,-0.43578,0
0.60543,-0.060364,0.022851,3.8687,0.64298,0
-0.34431,-0.75289,-0.12259,-7.5093,-0.39263,0
-1.579,-0.4964,-0.23328,-3.1857,-0.061812,0
-1.9589,0.40132,-0.23199,7.7372,-1.083,0
-1.294,0.016583,-0.20754,1.1379,-1.5433,0
-1.7689,-1.3685,-0.1818,-7.7369,-1.1693,0
-0.7242,-2.2149,-0.16378,1.1379,-1.7303,0
0.13056,-1.9841,-0.19982,6.8269,-0.60838,0
-0.24933,-1.3941,-0.22298,-2.9581,-1.5433,0
-0.81917,-1.0607,-0.22813,-7.5093,-1.4282,0
-1.579,-0.3938,-0.27833,3.8687,-1.8885,0
-2.0538,0.52957,-0.31437,5.4616,-2.5645,0
-1.1041,1.299,-0.31179,-6.3715,-1.6871,0
-0.24933,1.0426,-0.27833,-5.6889,-2.3056,0
1.0803,0.45262,-0.23328,6.8269,-1.0399,0
0.22554,-0.060364,-0.12774,2.9584,-1.27,0
0.32051,-0.95809,0.04087,-8.4196,-0.9392,0
-0.24933,-1.1376,0.1477,-2.2755,-0.60838,0
-0.62923,-0.11166,0.10008,7.5096,-1.2844,0
-0.62923,0.067882,0.074335,0.00013542,-0.39263,0
-0.62923,-0.4451,0.18245,-7.9645,-1.155,0
-0.059385,-0.29121,0.32789,0.00013542,-0.076195,0
1.3652,0.65782,0.43215,6.8269,-0.004278,0
2.125,1.2734,0.52996,-2.7306,0.47037,0
0.98533,0.58087,0.6162,-7.5093,1.4197,0
-0.34431,-1.112,0.63937,5.234,1.0601,0
-0.43928,-1.1376,0.56729,5.9167,2.2683,0
-0.059385,0.016583,0.39482,-5.6889,1.6642,0
-1.389,0.22178,0.21463,-4.5511,2.5416,0
-1.6739,-0.72725,0.15671,7.5096,2.8436,0
-1.1991,-1.5737,0.22235,3.186,3.1457,0
-1.1041,-1.1376,0.26997,-7.7369,4.397,0
0.79538,-0.13731,0.18116,-0.9101,4.0518,0
0.41548,-0.6503,0.039583,8.6474,5.2025,0
-1.0091,-2.4714,-0.04279,-0.22742,4.5984,0
-0.7242,-2.2406,-0.06081,-7.7369,4.9436,0
0.51046,-0.599,-0.040216,2.9584,5.145,0
0.51046,0.47827,-0.024771,7.5096,4.6416,0
-1.579,0.96561,0.035722,-3.8684,5.634,0
-3.5734,1.1708,0.17473,-6.3715,4.6847,0
-1.7689,0.37567,0.27641,4.7789,5.2025,0
-0.62923,-0.31686,0.28542,4.5513,4.3539,0
0.7004,0.093531,0.19403,-5.9164,3.7929,0
1.4602,0.76041,0.10136,-3.8684,3.8936,0
-0.059385,0.68346,0.13483,6.8269,2.743,0
-1.1991,-0.0090658,0.24938,1.8206,3.1888,0
0.035589,-0.67595,0.30086,-8.6471,2.0094,0
1.4602,-0.57335,0.30472,-1.3652,1.9519,0
1.2702,0.22178,0.35106,7.7372,1.5491,0
1.6501,0.52957,0.47848,-0.9101,0.78681,0
1.2702,0.17048,0.52868,-9.1023,1.3621,0
0.7004,-0.13731,0.42571,0.91037,0.38407,0
-0.43928,-0.36816,0.34977,7.5096,1.0889,0
-1.1991,-0.7016,0.36393,-3.1857,0.45599,0
-0.15436,-0.086014,0.37294,-7.7369,0.16832,0
0.60543,0.55522,0.32532,5.4616,0.47037,0
0.79538,0.81171,0.21205,5.4616,-0.3351,0
-0.91415,1.0169,0.12839,-6.3715,0.82996,0
-3.1935,0.35002,0.15542,-5.2337,0.038872,0
-2.5287,-0.88114,0.23908,6.8269,0.62859,0
0.22554,-1.4198,0.33433,2.2757,0.31216,0
1.2702,-0.62465,0.40126,-7.0542,-0.32071,0
0.22554,0.93996,0.37937,-0.22742,-0.004278,0
-0.34431,1.812,0.31116,7.282,-1.0111,0
0.60543,1.5555,0.15671,-0.9101,-0.23441,0
0.32051,0.81171,0.029286,-7.7369,-0.82413,0
-1.0091,0.17048,0.020277,2.7309,-0.11935,0
-0.43928,0.35002,0.048593,6.3718,0.12517,0
0.89035,1.2221,0.12196,-5.2337,-0.43578,0
0.79538,1.5555,0.16186,-5.9164,-0.033045,0
-0.059385,1.299,0.055028,6.5994,-1.1981,0
0.13056,1.0682,-0.068532,3.8687,-0.69468,0
-0.15436,1.6838,-0.096848,-7.0542,-1.155,0
-0.34431,2.7611,-0.089126,-3.6408,-0.96797,0
0.7004,2.8893,-0.064671,7.7372,-0.39263,0
1.5552,2.4533,-0.017049,2.0482,-1.083,0
0.89035,2.7354,0.0035447,-6.8267,-0.033045,0
-0.059385,2.8637,-0.027345,0.45525,-0.60838,0
-0.43928,2.0172,-0.06081,7.282,0.29777,0
0.22554,1.376,-0.053087,-3.1857,0.62859,0
-0.15436,0.78606,-0.044078,-7.7369,0.58544,0
-0.43928,0.60652,-0.081403,4.7789,1.5347,0
0.60543,1.4273,-0.12774,5.234,0.81558,0
1.6501,1.0169,-0.12645,-6.3715,1.9231,0
0.98533,0.24743,-0.17793,-5.2337,1.4484,0
-0.43928,1.0426,-0.28219,7.282,1.9375,0
-1.484,2.0942,-0.3015,2.5033,2.4697,0
-1.389,1.9146,-0.21655,-8.192,2.0669,0
-2.8136,0.58087,-0.10071,-1.3652,3.0306,0
-1.8639,-0.16296,-0.033781,7.7372,2.182,0
-0.43928,-0.086014,0.052454,-1.3652,2.7142,0
-0.24933,0.37567,0.15413,-7.9645,2.3834,0
-0.24933,1.0939,0.20047,2.5033,2.182,0
0.60543,2.0429,0.167,6.3718,3.0594,0
1.6501,2.8637,0.10008,-3.8684,2.4984,0
1.6501,1.5299,0.08978,-6.3715,3.7929,0
0.32051,-0.3938,0.088493,4.7789,3.3327,0
-0.62923,-0.75289,-0.046652,4.3238,3.6347,0
-0.34431,0.27308,-0.21783,-6.3715,3.7498,0
0.035589,1.0682,-0.13932,-3.4133,2.9443,0
0.035589,0.37567,0.082057,7.282,3.6923,0
0.41548,-1.035,0.14255,2.0482,2.7861,0
0.035589,-1.8302,0.082057,-8.4196,3.5772,0
-2.0538,-1.2146,0.12582,-1.3652,3.2464,0
-1.0091,-1.112,0.23007,7.5096,3.045,0
-0.34431,-2.2919,0.22621,-0.45498,3.3902,0
-1.0091,-2.8818,0.26096,-7.7369,2.2683,0
-0.91415,-2.0097,0.47462,3.186,2.7573,0
0.51046,-0.98374,0.58273,6.8269,1.3909,0
1.7451,0.042233,0.35749,-4.5511,1.506,0
1.6501,0.50392,-0.031207,-6.5991,1.0026,0
0.79538,-0.060364,-0.22684,5.4616,0.52791,0
-1.1041,-0.41945,-0.12259,4.5513,1.0889,0
-1.1041,0.35002,0.057602,-6.3715,0.13956,0
-1.7689,0.14483,0.025425,-4.0959,1.0457,0
-1.0091,-1.3428,-0.20882,7.9647,0.19709,0
0.13056,-1.9328,-0.43921,1.1379,0.57106,0
-0.43928,-0.72725,-0.56406,-8.192,0.54229,0
-1.484,0.45262,-0.62069,-0.9101,-0.20565,0
-0.53425,0.14483,-0.57178,8.1923,0.28339,0
1.4602,-1.0607,-0.38902,-0.45498,-0.95358,0
2.03,-1.625,-0.2217,-8.4196,-0.22003,0
2.22,-1.0094,-0.16378,2.7309,-0.56523,0
0.89035,0.73476,-0.1612,6.5994,-0.43578,0
-1.294,2.2737,-0.17922,-4.5511,0.12517,0
-3.0985,2.0942,-0.27061,-6.8267,-0.73783,0
-3.2885,-0.85549,-0.37486,4.7789,-0.14811,0
-2.3388,-3.3691,-0.34011,4.0962,-1.4139,0
-0.91415,-1.8815,-0.27833,-6.5991,-1.1981,0
0.32051,1.1452,-0.25902,-4.0959,-1.4282,0
-0.53425,1.8633,-0.2809,7.7372,-1.6296,0
-1.1991,0.63217,-0.42763,0.91037,-0.69468,0
-0.15436,-1.1376,-0.5602,-8.192,-1.4714,0
-0.43928,-2.3431,-0.44565,0.2277,-0.79537,0
-1.484,-2.5483,-0.16635,7.0545,-1.6584,0
-0.91415,-1.9584,-0.0054649,-1.5928,-1.5289,0
-0.7242,-0.3938,-0.086552,-7.7369,-1.2413,0
-1.1041,1.889,-0.27575,2.0482,-1.5865,0
-2.4337,1.0426,-0.38387,6.5994,-0.52208,0
-1.1991,-2.9587,-0.30278,-3.8684,-1.2125,0
0.32051,-4.8055,-0.1316,-7.2818,-0.3351,0
2.22,-3.2665,-0.10586,4.7789,-0.52208,0
2.8848,-1.0863,-0.19338,5.0064,-0.73783,0
1.6501,-0.6503,-0.22427,-6.5991,-0.26318,0
0.89035,-1.6763,-0.17279,-5.0062,-1.27,0
0.89035,-2.1123,-0.086552,7.282,-0.40701,0
0.41548,-1.3428,-0.055661,2.5033,-1.0543,0
-1.389,0.067882,-0.14447,-7.9645,-0.72345,0
-1.579,0.32437,-0.2912,0.45525,-0.5077,0
-1.1041,-0.21426,-0.34526,8.1923,-1.1262,0
-0.91415,-0.67595,-0.22813,-0.68254,-0.45016,0
-1.7689,-0.6503,-0.090413,-7.5093,-1.5721,0
-1.6739,-0.36816,-0.036355,4.5513,-1.083,0
0.13056,-0.90679,-0.085264,7.0545,-1.4426,0
1.7451,-1.7532,-0.23071,-5.2337,-1.5145,0
1.5552,-1.6763,-0.37615,-5.6889,-0.72345,0
-0.53425,-1.1633,-0.38258,6.3718,-1.2844,0
-0.81917,-1.1889,-0.29249,3.8687,-0.19126,0
-0.53425,-0.7016,-0.24615,-7.7369,-0.91043,0
-0.62923,0.81171,-0.26932,-2.503,-0.45016,0
-0.91415,2.6072,-0.29635,8.1923,-0.5077,0
-1.484,2.7867,-0.2513,1.3655,-0.96797,0
-1.294,0.96561,-0.20496,-8.192,-0.14811,0
-1.6739,-1.5737,-0.30536,0.2277,-0.92482,0
-0.91415,-3.6513,-0.4109,8.1923,-0.004278,0
-0.059385,-3.9078,-0.36842,-2.503,-0.63715,0
-0.34431,-2.2406,-0.29892,-7.9645,-0.5077,0
-1.1041,-0.4964,-0.33882,2.9584,-0.39263,0
0.13056,-0.23991,-0.39417,5.4616,-1.2125,0
0.7004,-1.2659,-0.32852,-4.5511,-0.5077,0
0.79538,-2.0097,-0.12645,-7.2818,-1.457,0
0.7004,-1.548,-0.0028907,5.6891,-0.86728,0
0.13056,-0.21426,-0.14318,3.8687,-1.0255,0
0.51046,1.1195,-0.36328,-7.2818,-1.1262,0
0.98533,1.2477,-0.27447,-3.8684,-0.56523,0
0.89035,0.65782,-0.024771,7.5096,-1.3707,0
1.5552,-0.23991,0.025425,1.8206,-0.594,0
0.13056,-1.4967,-0.10586,-8.6471,-1.4426,0
-0.53425,-2.0097,-0.19209,-0.45498,-1.1118,0
-0.53425,-0.90679,-0.14704,7.282,-1.1837,0
-0.62923,0.60652,0.027999,-2.0479,-1.7303,0
-0.7242,0.96561,0.1773,-8.192,-1.083,0
-0.53425,0.093531,0.16958,3.8687,-2.1043,0
-0.24933,-0.77854,-0.022197,5.9167,-1.5002,0
0.32051,-0.31686,-0.24872,-5.4613,-2.1906,0
-0.62923,0.55522,-0.28476,-5.9164,-2.2481,0
-2.3388,1.2734,-0.19209,6.5994,-1.9604,0
-1.294,2.7354,-0.27447,3.8687,-2.7371,0
-0.53425,3.787,-0.42763,-6.8267,-1.9029,0
0.79538,1.4529,-0.34654,-2.0479,-2.7803,0
2.5049,-2.3944,-0.14447,7.282,-2.0755,0
1.1753,-2.4457,-0.16893,0.91037,-2.3632,0
-0.62923,0.14483,-0.3208,-8.4196,-2.6508,0
0.51046,0.65782,-0.2809,2.5033,-2.0611,0
2.125,0.093531,-0.12903,7.7372,-2.881,0
0.13056,0.81171,-0.046652,-3.1857,-1.9748,0
-1.389,0.99126,0.025425,-7.0542,-2.8522,0
-1.0091,0.042233,0.13097,4.5513,-2.5789,0
-0.43928,0.067882,0.18116,6.8269,-2.5645,0
0.13056,0.78606,0.12324,-5.2337,-3.1399,0
-0.34431,1.3247,0.034435,-3.8684,-2.3919,0
-0.53425,1.1452,0.067899,7.5096,-3.4131,0
-1.0091,0.52957,0.15156,2.7309,-2.6364,0
-1.389,0.96561,0.08978,-7.9645,-3.1399,0
-1.0091,1.7607,0.021564,-1.1377,-3.0823,0
-0.24933,1.1452,0.15671,7.9647,-2.6364,0
1.2702,-0.52205,0.26482,-0.45498,-3.3412,0
2.03,-0.57335,0.26225,-7.7369,-2.3632,0
0.98533,1.7864,0.28542,1.8206,-3.2262,0
-0.059385,4.0692,0.31116,7.0545,-2.507,0
-0.43928,4.5052,0.17344,-3.8684,-2.5933,0
-0.53425,3.0688,-0.064671,-7.7369,-2.8234,0
0.32051,1.4273,-0.22813,4.5513,-2.0755,0
0.41548,0.96561,-0.25902,4.7789,-2.7947,0
-0.34431,0.32437,-0.14704,-7.5093,-1.831,0
-0.34431,-0.82984,-0.056948,-4.0959,-2.3056,0
-0.81917,-2.0097,-0.0917,7.5096,-2.018,0
-0.34431,-1.8302,-0.14447,2.9584,-1.6871,0
0.32051,-0.90679,-0.21655,-8.4196,-2.2337,0
0.51046,-0.16296,-0.34011,-1.5928,-1.2988,0
0.32051,-0.5477,-0.36714,7.0545,-2.0467,0
1.3652,-1.4454,-0.26288,-1.1377,-1.2413,0
1.0803,-1.8045,-0.13546,-8.192,-1.27,0
0.60543,-1.3685,-0.022197,3.186,-1.1693,0
-0.7242,-1.2402,0.042157,7.0545,-0.2488,0
-2.2438,-1.2146,0.04087,-3.8684,-0.62276,0
-1.389,-0.88114,0.025425,-6.8267,0.55667,0
-0.91415,-1.0863,-0.0016037,4.5513,0.096406,0
-1.579,-1.5224,-0.033781,4.5513,0.71489,0
-1.0091,-0.57335,-0.045365,-7.0542,1.0745,0
-0.7242,0.35002,-0.027345,-4.3235,0.75804,0
-0.53425,-0.41945,0.07176,7.0545,1.7793,0
0.13056,-1.5993,0.1876,2.7309,1.0745,0
-1.294,-1.8302,0.21205,-7.2818,1.8512,0
-1.294,-0.7016,0.11552,-0.9101,1.6786,0
1.2702,0.99126,0.038296,7.7372,1.6067,0
1.4602,1.376,0.14641,-1.1377,2.1676,0
-0.15436,-0.18861,0.31631,-7.7369,1.319,0
-2.3388,-0.31686,0.27769,2.7309,2.3115,0
-2.0538,1.3503,0.10008,6.5994,1.5923,0
-0.059385,1.0682,0.093641,-4.5511,1.9375,0
0.41548,0.14483,0.17988,-6.3715,1.995,0
-0.43928,0.99126,0.18374,5.9167,1.4772,0
-1.484,1.5555,0.12582,4.3238,2.3402,0
-0.81917,0.65782,0.076909,-7.2818,1.4628,0
0.32051,-1.1376,0.11681,-3.8684,2.3115,0
0.79538,-1.6763,0.14126,7.282,1.8224,0
0.98533,-1.112,0.066612,1.8206,1.6354,0
0.60543,-1.3685,0.0035447,-7.2818,2.1388,0
-0.059385,-2.0097,0.08978,-0.22742,1.319,0
0.41548,-1.7276,0.30472,6.5994,2.1676,0
-0.53425,-0.98374,0.39482,-1.3652,1.2183,0
-1.6739,-0.67595,0.34591,-7.7369,1.6354,0
-1.484,-0.26556,0.31373,3.186,1.4341,0
0.13056,-0.599,0.38066,6.1442,0.95941,0
1.3652,-1.8558,0.43729,-6.3715,1.5491,0
0.79538,-2.4457,0.3472,-5.6889,0.61421,0
-0.53425,-1.2659,0.24938,5.6891,1.3478,0
-0.059385,0.17048,0.28542,3.6411,0.54229,0
0.89035,0.68346,0.29571,-7.5093,0.51352,0
1.8401,0.52957,0.16314,-2.9581,0.62859,0
1.7451,0.63217,-0.04279,8.4198,-0.20565,0
-0.059385,0.73476,-0.20625,0.45525,0.51352,0
-1.484,1.1708,-0.25645,-7.2818,-0.53646,0
-1.0091,1.8633,-0.23843,1.8206,-0.076195,0
-0.34431,3.0432,-0.29377,6.3718,-0.5077,0
0.51046,3.6588,-0.43793,-2.503,-0.82413,0
0.32051,2.0429,-0.39417,-6.8267,-0.3351,0
-0.81917,0.19613,-0.062097,5.4616,-1.2269,0
0.41548,0.016583,0.23908,4.7789,-0.37825,0
1.2702,0.042233,0.25453,-7.2818,-1.1981,0
-0.7242,-0.72725,0.11552,-4.0959,-0.9392,0
-4.0483,-1.7532,0.030574,7.282,-1.0399,0
-3.0036,-1.4711,0.0048318,2.7309,-1.8166,0
-1.389,-0.67595,-0.04279,-7.5093,-1.0399,0
-0.62923,-0.599,-0.19081,-0.68254,-2.018,0
0.41548,-0.18861,-0.3105,8.875,-1.4139,0
0.41548,1.889,-0.28991,0.00013542,-1.8454,0
-1.1991,3.4279,-0.12774,-8.192,-1.9748,0
-1.9589,1.0939,0.035722,2.2757,-1.3995,0
-1.1041,-3.4461,0.053741,6.8269,-2.1043,0
-0.059385,-4.6516,0.092354,-3.1857,-1.0687,0
2.03,-2.3431,0.28284,-7.2818,-1.7015,0
1.1753,-0.6503,0.37937,3.6411,-1.1118,0
-0.34431,-0.52205,0.26611,4.5513,-0.92482,0
-1.389,-0.21426,0.14126,-7.7369,-1.3563,0
-1.0091,0.45262,0.12711,-3.8684,-0.40701,0
-0.81917,0.55522,0.083344,7.282,-1.27,0
-0.43928,0.81171,-0.0518,2.0482,-0.55085,0
0.51046,1.2734,-0.14962,-6.8267,-1.1118,0
0.41548,1.5812,-0.20496,-0.9101,-1.2413,0
0.035589,1.6325,-0.22298,8.1923,-0.83852,0
0.32051,0.99126,-0.22684,-1.3652,-1.6584,0
0.60543,0.88866,-0.30793,-8.6471,-0.62276,0
-0.24933,1.6838,-0.3311,2.0482,-1.5002,0
-0.7242,2.1455,-0.2809,6.3718,-0.88167,0
-0.62923,1.9659,-0.38258,-4.7786,-1.0255,0
-0.7242,1.4273,-0.44822,-6.3715,-1.3419,0
-0.62923,1.0939,-0.17922,5.234,-0.73783,0
0.41548,1.9146,0.15928,4.5513,-1.7734,0
0.98533,2.5815,0.20304,-6.8267,-0.89605,0
1.4602,2.2737,0.057602,-3.6408,-1.5433,0
-0.15436,0.81171,0.10136,7.5096,-1.155,0
-1.484,0.067882,0.19918,1.5931,-0.80975,0
-0.81917,1.7607,-0.0054649,-7.2818,-1.27,0
0.51046,4.3,-0.3607,0.00013542,-0.26318,0
2.125,3.5305,-0.47525,7.7372,-1.0111,0
3.3597,-0.52205,-0.2513,-0.9101,-0.30633,0
3.5496,-3.4717,0.10136,-8.192,-0.5077,0
2.6949,-3.4717,0.31116,3.6411,-0.78098,0
1.8401,-1.9071,0.28156,6.5994,-0.13373,0
0.51046,-0.6503,0.16057,-5.0062,-0.88167,0
0.51046,0.067882,0.084631,-5.4613,0.15394,0
0.7004,0.81171,0.04988,6.5994,-0.26318,0
-0.53425,1.3503,0.04087,4.0962,0.15394,0
-1.389,1.0169,-0.0016037,-7.7369,0.29777,0
-0.62923,0.58087,-0.076255,-2.2755,-0.29195,0
0.035589,-0.34251,-0.026058,7.282,0.45599,0
-0.24933,-1.3685,0.22364,0.68281,-0.3351,0
-0.53425,-0.6503,0.47205,-7.7369,0.67174,0
-1.1991,-0.18861,0.4965,2.5033,0.52791,0
-1.484,-0.95809,0.30472,7.7372,0.81558,0
-0.81917,-1.1633,0.12067,-2.7306,1.506,0
0.22554,0.76041,0.057602,-5.9164,0.90188,0
0.22554,3.6075,0.044732,4.7789,2.0813,0
-1.1041,5.0695,0.048593,5.234,1.4197,0
-1.0091,4.5052,0.031861,-7.2818,2.2539,0
-1.7689,4.0692,-0.038929,-4.3235,2.4984,0
-1.8639,4.4283,-0.13675,6.3718,2.2683,0
-2.0538,3.5049,-0.13804,2.0482,3.1025,0
-0.7242,1.889,-0.068532,-7.7369,2.1964,0
0.32051,1.1452,-0.0028907,-1.8203,2.9156,0
0.7004,0.73476,0.10136,7.282,2.4697,0
0.41548,-1.0094,0.24423,-1.1377,2.4409,0
-1.6739,-2.7792,0.24294,-8.8747,2.7717,0
-4.3332,-3.087,-0.00031657,1.5931,1.9231,0
-4.3332,-1.7532,-0.22684,7.282,2.7573,0
-1.6739,0.60652,-0.23843,-2.7306,1.7073,0
0.98533,1.5812,-0.015762,-6.8267,2.0669,0
1.2702,0.067882,0.20433,4.0962,1.8512,0
1.7451,-1.5224,0.18116,5.234,1.2902,0
1.1753,-1.8302,0.030574,-6.3715,1.8512,0
1.0803,-1.1889,-0.072394,-4.3235,0.87311,0
0.41548,-0.086014,-0.13031,7.5096,1.6067,0
-0.34431,1.1708,-0.15863,2.7309,0.80119,0
-0.53425,0.91431,-0.083977,-7.2818,0.94503,0
-0.81917,-0.88114,0.0061189,-0.9101,0.98818,0
-1.389,-2.574,0.10008,7.0545,0.34092,0
0.41548,-3.3691,0.1979,-0.9101,1.1176,0
1.6501,-2.7792,0.17859,-7.5093,0.24024,0
2.03,-1.9071,0.13611,2.9584,0.85873,0
1.7451,-1.3172,0.16572,6.5994,0.54229,0
0.32051,-1.3685,0.25324,-4.5511,0.18271,0
0.79538,-2.3688,0.41799,-6.3715,0.49914,0
1.6501,-2.4201,0.50036,6.1442,-0.66591,0
2.03,-0.36816,0.51194,4.5513,0.038872,0
0.79538,1.6838,0.68055,-7.2818,-0.92482,0
-0.81917,1.889,0.80283,-2.9581,-0.75222,0
0.13056,1.4016,0.566,8.1923,-0.82413,0
0.60543,2.0685,0.19403,2.0482,-1.5289,0
0.60543,2.8124,0.047306,-7.7369,-0.89605,0
-0.34431,0.19613,0.1876,-0.22742,-1.9173,0
-0.34431,-4.8568,0.42442,8.6474,-1.2556,0
0.13056,-6.8831,0.51066,-1.3652,-1.7878,0
-0.24933,-4.985,0.38581,-7.7369,-2.0467,0
-0.43928,-3.5487,0.14384,2.7309,-1.6728,0
-0.7242,-1.7019,-0.12645,7.5096,-2.5501,0
-0.34431,1.7351,-0.36842,-5.2337,-1.5865,0
0.98533,4.1205,-0.51387,-6.8267,-2.2912,0
-0.15436,3.4536,-0.41862,5.9167,-1.644,0
-1.389,0.93996,-0.14318,3.8687,-1.6152,0
-1.1991,-0.67595,0.061464,-7.7369,-2.0323,0
-0.81917,-0.85549,0.08077,-3.4133,-1.3419,0
-1.294,-0.67595,-0.038929,7.282,-2.2337,0
-0.91415,0.70911,-0.14704,0.91037,-1.457,0
0.22554,2.2224,-0.19209,-7.9645,-1.9892,0
0.79538,0.60652,-0.18051,-0.22742,-1.7878,0
0.51046,-2.6509,-0.040216,7.0545,-1.457,0
-0.15436,-4.3181,0.16057,-2.7306,-1.9892,0
0.13056,-2.1893,0.21463,-7.9645,-1.0399,0
-1.0091,1.299,0.022851,2.7309,-1.8741,0
-0.15436,2.2481,-0.38773,5.4616,-1.155,0
-0.7242,-0.0090658,-0.79702,-5.9164,-1.1837,0
-2.2438,-1.0607,-0.80346,-5.9164,-1.4282,0
-0.91415,1.1965,-0.33625,5.6891,-0.65153,0
0.89035,2.402,0.19275,4.3238,-1.5289,0
0.035589,1.1195,0.38838,-7.0542,-0.49331,0
-0.53425,-0.67595,0.25067,-3.4133,-0.99673,0
-0.53425,-1.9841,0.043444,8.1923,-0.79537,0
0.22554,-1.1889,-0.17665,2.5033,-0.46455,0
-0.53425,0.47827,-0.3311,-7.5093,-1.0399,0
-1.579,1.2477,-0.38387,0.2277,-0.061812,0
-2.0538,2.6072,-0.49842,8.1923,-0.9392,0
-1.0091,5.1464,-0.78029,-1.8203,-0.3351,0
-0.7242,5.9672,-0.9888,-7.2818,-0.47893,0
-0.34431,3.9153,-0.85623,3.4135,-0.79537,0
0.13056,1.5042,-0.52802,5.4616,-0.061812,0
-0.15436,0.29873,-0.2616,-6.144,-0.89605,0
0.32051,0.32437,-0.10328,-5.0062,0.010105,0
-0.24933,0.016583,0.04988,7.282,-0.75222,0
-0.62923,-1.2402,0.22492,3.186,-0.40701,0
0.035589,-1.5737,0.36264,-8.192,-0.43578,0
-0.62923,-1.7276,0.39225,-1.5928,-0.95358,0
-1.294,-2.0867,0.29057,7.9647,-0.1625,0
-1.0091,-0.88114,0.16314,1.1379,-1.1118,0
-0.91415,-0.11166,0.17473,-8.192,-0.3351,0
-0.62923,-0.21426,0.297,0.45525,-0.79537,0
-0.7242,-0.034715,0.29185,6.8269,-0.98235,0
-1.0091,-0.88114,0.12711,-3.6408,-0.594,0
-0.34431,-1.4454,-0.027345,-7.5093,-1.3851,0
-0.34431,-0.77854,-0.0119,4.3238,-0.45016,0
-0.7242,-0.52205,0.033148,4.5513,-1.2988,0
-0.43928,-0.52205,-0.077542,-7.0542,-0.69468,0
0.51046,-0.4451,-0.29635,-4.5511,-0.92482,0
0.51046,-0.67595,-0.29635,6.5994,-1.2988,0
-0.059385,-1.2659,-0.055661,0.91037,-0.62276,0
0.41548,-0.90679,0.046019,-8.6471,-1.5865,0
1.9351,-1.1889,-0.15734,-0.45498,-0.65153,0
2.7898,-1.8045,-0.50743,7.282,-1.3419,0
0.41548,-0.7016,-0.7597,-1.8203,-1.1693,0
-0.15436,1.1195,-0.6902,-8.4196,-1.083,0
-0.34431,1.3503,-0.34397,2.7309,-1.8022,0
-0.059385,0.35002,-0.10071,6.8269,-1.0255,0
-0.91415,-0.3938,-0.032494,-5.0062,-1.8741,0
-2.7186,-1.2402,0.038296,-7.0542,-1.1837,0
-2.2438,-1.6763,0.039583,5.9167,-1.5865,0
-1.1041,-0.67595,0.012554,3.6411,-1.5433,0
-0.62923,0.37567,0.05889,-7.2818,-1.2125,0
-0.53425,0.65782,0.13611,-3.4133,-2.0467,0
-0.7242,1.3247,0.15156,6.8269,-1.1837,0
-0.7242,2.0942,0.10265,1.3655,-2.0755,0
-1.389,1.7864,0.057602,-7.2818,-1.5577,0
-1.8639,0.86301,0.029286,0.45525,-1.6296,0
-0.53425,-0.47075,0.048593,8.1923,-2.0611,0
1.0803,-2.061,0.23651,-2.0479,-1.3276,0
0.79538,-2.0867,0.42314,-8.4196,-2.3056,0
-0.24933,0.35002,0.25968,3.186,-1.5433,0
-0.62923,3.0945,-0.11487,6.1442,-2.0323,0
-0.24933,4.4283,-0.31694,-4.7786,-2.1906,0
0.035589,3.6331,-0.13804,-6.5991,-1.6008,0
-0.43928,1.0682,0.23522,6.3718,-2.4063,0
-1.8639,-0.060364,0.47977,3.6411,-1.5721,0
-2.9086,0.65782,0.34848,-7.5093,-2.2769,0
-2.1488,0.37567,-0.024771,-3.4133,-1.7159,0
-0.81917,-2.3431,-0.241,7.5096,-1.5289,0
1.2702,-3.9078,-0.17279,0.91037,-1.8454,0
2.03,-2.8561,0.092354,-7.7369,-0.95358,0
1.4602,-1.9071,0.35621,-1.3652,-1.7447,0
1.6501,-0.7016,0.38581,7.7372,-0.91043,0
0.89035,0.29873,0.23393,-2.9581,-1.457,0
0.22554,-0.086014,0.10651,-8.192,-1.5433,0
-1.0091,0.22178,0.062751,3.4135,-1.2413,0
-1.0091,1.9403,0.093641,6.1442,-1.8166,0
-0.34431,3.4023,0.13998,-5.6889,-0.78098,0
1.4602,2.6841,0.25324,-6.3715,-1.457,0
2.6949,0.067882,0.51838,6.1442,-0.79537,0
0.41548,-1.3685,0.66125,2.2757,-0.95358,0
-1.294,-0.85549,0.5068,-8.4196,-1.0255,0
-1.579,-0.034715,0.32017,-2.7306,-0.27756,0
0.22554,0.016583,0.26354,7.5096,-0.83852,0
1.4602,0.22178,0.18374,-1.1377,0.39846,0
1.1753,-0.16296,0.096215,-8.192,0.010105,0
0.79538,-0.75289,0.12711,2.0482,0.90188,0
0.035589,0.68346,0.19017,6.3718,1.319,0
0.41548,3.1971,0.23007,-3.4133,1.2183,0
-0.53425,3.3253,0.15928,-6.8267,2.0957,0
-1.484,1.7864,-0.038929,4.5513,1.1752,0
-1.8639,0.86301,-0.092987,4.7789,2.0094,0
-1.0091,0.47827,0.015128,-6.3715,1.319,0
-0.7242,0.58087,0.0099801,-3.8684,1.2327,0
-0.34431,1.9403,-0.26031,7.282,1.4772,0
0.79538,3.351,-0.57565,1.8206,0.59983,0
1.6501,2.9663,-0.61555,-7.2818,1.506,0
0.89035,0.45262,-0.3414,0.45525,0.71489,0
0.13056,-1.5224,-0.054374,6.8269,1.6067,0
0.51046,-0.67595,0.026712,-1.8203,1.5779,0
0.51046,1.0939,-0.0016037,-7.7369,1.0745,0
-0.24933,1.0426,-0.022197,3.6411,1.5347,0
-0.15436,-0.67595,0.066612,5.9167,0.34092,0
1.2702,-1.8815,0.17473,-5.2337,1.319,0
0.89035,-1.4198,0.18245,-5.2337,0.81558,0
0.60543,0.37567,0.11037,7.0545,1.0889,0
0.13056,1.6838,-0.071106,3.6411,1.1608,0
0.60543,0.63217,-0.30407,-7.2818,0.25462,0
1.9351,-1.3428,-0.3504,-1.8203,0.81558,0
2.125,-2.9587,-0.16635,8.1923,-0.4214,0
1.8401,-3.8821,0.017703,-0.9101,-0.090578,0
-0.059385,-3.7539,0.14512,-8.192,-0.79537,0
-1.484,-2.5996,0.29057,2.2757,-1.155,0
-1.8639,-0.72725,0.30601,7.0545,-0.78098,0
-1.0091,-0.034715,0.11166,-5.2337,-1.7015,0
-0.43928,-0.72725,-0.035068,-6.5991,-0.82413,0
-0.91415,-1.7789,-0.027345,5.0064,-1.8166,0
-2.0538,-1.625,0.046019,4.0962,-1.2988,0
-2.3388,-0.72725,0.17087,-7.7369,-1.3132,0
-0.62923,0.016583,0.31759,-4.7786,-1.3851,0
-0.24933,0.17048,0.33175,7.5096,-0.3351,0
-0.24933,1.3503,0.1181,1.3655,-0.79537,0
0.51046,3.4023,-0.13675,-8.8747,0.42722,0
1.4602,3.9922,-0.21011,-0.9101,-0.090578,0
0.89035,2.4789,-0.046652,7.0545,0.42722,0
-0.24933,0.91431,0.19532,-2.503,1.0169,0
-0.53425,0.99126,0.17087,-7.0542,0.78681,0
-0.34431,1.9146,-0.067245,3.6411,1.9662,0
0.035589,2.325,-0.13932,5.4616,1.2327,0
-1.389,1.8377,0.029286,-6.3715,1.7793,0
-1.484,1.5555,0.12324,-5.9164,1.2758,0
-0.34431,1.9403,-0.056948,7.0545,0.98818,0
-0.34431,2.8893,-0.22041,2.7309,1.4053,0
-0.62923,3.9922,-0.081403,-8.192,0.65736,0
-0.62923,3.0688,0.22621,-1.5928,1.6498,0
-0.15436,-0.11166,0.40383,7.7372,0.91626,0
1.2702,-2.2919,0.33947,-0.22742,1.4628,0
1.0803,-1.3685,0.10265,-8.192,1.3334,0
0.89035,0.067882,-0.1612,2.5033,1.0457,0
-0.059385,0.37567,-0.28991,7.7372,2.0957,0
-0.62923,0.27308,-0.34397,-3.1857,1.506,0
-0.24933,-0.72725,-0.28219,-7.5093,2.5991,0
-0.15436,-1.9328,-0.19338,5.234,2.1101,0
-1.484,-1.5224,-0.22684,5.234,2.4553,0
-2.8136,0.11918,-0.3414,-6.3715,2.9299,0
-2.6237,1.6838,-0.46367,-5.0062,2.7717,0
-2.0538,1.376,-0.35684,6.8269,4.1525,0
-0.81917,0.14483,0.017703,2.2757,3.8217,0
0.51046,-1.1376,0.25453,-8.4196,4.9005,0
0.60543,-1.9841,0.074335,-1.1377,4.8573,0
-0.24933,-1.8815,-0.14061,7.9647,4.6847,0
-0.53425,-1.2402,-0.054374,-0.45498,5.2457,0
-0.15436,-1.035,0.23393,-7.7369,4.3107,0
1.5552,-1.4711,0.44373,2.5033,5.2025,0
1.5552,-1.0607,0.4463,7.0545,4.4977,0
0.41548,-0.41945,0.29829,-3.8684,4.8429,0
0.60543,-0.88114,0.04988,-7.0542,5.0443,0
-0.62923,-1.5737,-0.13289,6.1442,4.6416,0
-1.389,-1.8045,-0.18952,4.0962,5.4902,0
-0.62923,-1.8558,-0.19853,-6.8267,4.6272,0
1.2702,-1.6763,-0.26417,-3.6408,5.5046,0
0.7004,0.042233,-0.30793,7.5096,5.1881,0
-1.1041,2.7867,-0.19595,2.0482,5.3176,0
-1.389,3.4023,-0.067245,-7.7369,5.7779,0
0.035589,1.6325,-0.11358,0.45525,5.2313,0
0.7004,0.88866,-0.28348,8.1923,6.31,0
0.89035,2.2737,-0.37615,-2.0479,5.7347,0
-0.34431,3.0432,-0.32852,-7.9645,6.5258,0
-0.53425,1.1708,-0.12903,3.186,6.4395,0
-0.7242,-1.5737,0.17344,6.8269,6.2094,0
-1.1041,-2.7535,0.33175,-4.5511,6.8854,0
-0.059385,-1.7532,0.16572,-6.3715,5.9936,0
0.51046,-0.36816,-0.068532,5.9167,6.7847,0
-0.34431,-0.5477,-0.078829,3.8687,6.0655,0
-0.62923,-1.0094,0.053741,-6.5991,6.2094,0
0.035589,-0.36816,0.18502,-2.7306,6.5689,0
2.22,1.1965,0.26997,7.282,6.0368,0
1.6501,2.7354,0.2275,1.8206,6.9573,0
-1.389,2.6841,0.11938,-6.8267,6.1662,0
-0.91415,1.0682,0.030574,0.68281,6.8135,0
0.22554,-0.88114,-0.049226,6.8269,6.5833,0
0.7004,-1.4711,-0.062097,-1.5928,6.2813,0
1.2702,-0.29121,-0.059523,-7.5093,6.6984,0
1.5552,0.58087,-0.14447,3.8687,5.5765,0
1.1753,0.45262,-0.35813,6.1442,6.382,0
1.0803,0.32437,-0.5203,-5.0062,5.4758,0
1.4602,-1.4454,-0.32724,-5.2337,5.634,0
-0.15436,-3.9591,0.035722,6.5994,5.6772,0
-1.294,-4.6259,0.13483,3.6411,5.0011,0
-1.294,-3.1383,-0.006752,-7.0542,5.7491,0
-2.0538,-1.112,-0.1213,-2.9581,4.8142,0
-2.9086,0.47827,-0.2011,7.7372,5.4902,0
-2.5287,2.1455,-0.31951,0.45525,5.0299,0
-1.8639,2.3507,-0.32724,-7.7369,4.9005,0
-1.1041,0.86301,-0.22813,1.1379,5.2169,0
-0.53425,-1.9071,-0.083977,7.7372,4.3683,0
0.035589,-4.8311,0.17859,-2.9581,5.2888,0
-1.389,-5.4724,0.46304,-7.2818,4.397,0
-1.6739,-3.9847,0.53769,3.6411,4.9868,0
-1.1041,-1.9328,0.3665,6.1442,4.9724,0
-0.62923,-2.5483,0.08978,-5.6889,4.6128,0
0.32051,-5.498,-0.1715,-6.3715,5.3751,0
0.32051,-6.3188,-0.22684,6.3718,4.4402,0
-1.1991,-2.6253,-0.10843,2.7309,5.0587,0
-1.579,2.8637,-0.10457,-7.5093,4.1669,0
0.22554,5.7364,-0.17665,-3.6408,4.2244,0
0.51046,1.889,-0.089126,7.7372,4.1813,0
-0.43928,-6.1905,0.20047,0.91037,3.4046,0
-0.53425,-9.9866,0.45917,-8.4196,4.0375,0
-0.81917,-7.6782,0.38838,0.45525,2.9587,0
-0.53425,-4.6003,-0.0054649,7.282,3.3902,0
-0.34431,-2.7535,-0.3414,-2.7306,2.8724,0
0.13056,-1.3172,-0.24872,-7.9645,2.4409,0
-0.62923,0.14483,0.007406,4.5513,2.6423,0
-1.484,0.86301,0.067899,4.7789,1.621,0
-1.1041,0.32437,0.033148,-6.3715,2.2971,0
-0.7242,-0.5477,-0.083977,-4.3235,1.3334,0
-0.34431,-0.75289,-0.26288,7.5096,1.5204,0
-0.15436,-0.82984,-0.32338,2.9584,1.2615,0
-0.62923,-1.3172,-0.33882,-7.2818,0.42722,0
-2.2438,-2.2662,-0.371,-1.1377,0.81558,0
-1.389,-2.8561,-0.37872,7.5096,-0.43578,0
-0.62923,-2.3431,-0.38387,0.45525,-0.033045,0
-0.53425,-0.67595,-0.35555,-7.7369,-0.98235,0
0.13056,0.42697,-0.2217,1.8206,-1.2413,0
0.13056,0.47827,-0.17279,6.5994,-1.3851,0
1.2702,-0.0090658,-0.13417,-3.6408,-2.3919,0
1.2702,-0.26556,0.0086931,-7.2818,-1.8885,0
2.125,0.93996,0.11681,4.0962,-3.0967,0
2.6949,2.6328,0.14126,5.0064,-2.6796,0
0.7004,3.3766,0.094928,-6.8267,-3.3844,0
0.32051,3.5049,-0.040216,-5.4613,-3.8015,0
-0.43928,1.9916,-0.18952,6.3718,-3.6433,0
-0.53425,-0.67595,-0.19209,1.3655,-4.607,0
-0.15436,-1.8045,-0.040216,-7.9645,-3.744,0
1.1753,-1.2146,0.087205,-1.3652,-4.5926,0
1.3652,-0.4451,0.070473,6.8269,-4.1467,0
0.60543,-0.3938,0.056315,-2.2755,-3.9885,0
-0.43928,-1.0094,0.029286,-7.5093,-4.4488,0
-1.484,-1.0094,-0.10457,3.8687,-3.6289,0
-1.0091,-0.36816,-0.20882,6.1442,-4.5207,0
-0.53425,-0.086014,-0.073681,-6.144,-3.7871,0
-0.91415,-1.2915,0.18631,-6.5991,-4.2618,0
-2.0538,-2.1893,0.29314,5.6891,-4.2761,0
-3.0036,-0.93244,0.21591,2.7309,-3.744,0
-2.2438,0.68346,0.17601,-7.9645,-4.5926,0
-0.62923,0.47827,0.27126,-3.6408,-3.5857,0
1.2702,-0.4451,0.37937,7.0545,-4.3912,0
1.5552,-0.5477,0.32403,0.00013542,-3.744,0
1.7451,-0.75289,0.097502,-8.4196,-3.7152,0
1.6501,-1.9328,-0.023484,0.45525,-3.859,0
0.32051,-2.9587,-0.014475,8.1923,-2.996,0
0.79538,-1.5737,-0.086552,-2.0479,-3.5857,0
1.6501,0.27308,-0.15605,-6.5991,-2.4638,0
0.98533,-0.086014,-0.10714,4.5513,-2.996,0
1.1753,-1.3941,-0.050513,5.234,-2.5214,0
0.79538,-1.7789,0.007406,-5.6889,-2.2193,0
-0.34431,-0.88114,0.024138,-4.0959,-2.5645,0
-1.484,-1.0094,-0.056948,7.0545,-1.5002,0
-0.53425,-1.2146,-0.23714,3.8687,-2.2481,0
1.0803,0.17048,-0.34783,-7.2818,-1.3419,0
0.7004,0.63217,-0.13932,-1.5928,-1.7015,0
-0.24933,-1.2659,0.26096,7.5096,-1.6871,0
-0.53425,-1.9584,0.38838,0.45525,-1.27,0
-0.62923,0.52957,0.27126,-7.7369,-1.8454,0
-0.34431,3.1971,0.26868,2.5033,-0.83852,0
-0.059385,3.8127,0.32146,7.282,-1.6296,0
-0.059385,3.5562,0.19532,-3.1857,-1.1406,0
0.22554,3.6844,0.10651,-7.0542,-1.2413,0
-0.62923,3.5305,0.20304,4.7789,-1.5721,0
-1.0091,2.6328,0.27126,4.5513,-0.88167,0
1.2702,1.7351,0.23265,-5.9164,-1.8166,0
2.8848,0.96561,0.18502,-3.1857,-0.88167,0
2.4099,1.2221,0.1876,7.5096,-1.4858,0
0.98533,3.1714,0.21849,1.1379,-1.3851,0
0.22554,5.6851,0.11681,-7.9645,-1.0687,0
0.51046,5.5568,-0.046652,0.2277,-1.8741,0
0.41548,3.0175,-0.10328,7.0545,-1.0543,0
-1.1041,2.2737,-0.0917,-2.2755,-1.8454,0
-1.0091,5.0182,-0.10328,-7.2818,-1.3419,0
-0.7242,6.9419,-0.19338,3.8687,-1.457,0
-0.34431,4.4283,-0.080116,6.1442,-1.8454,0
0.035589,-0.85549,0.29057,-5.2337,-1.1262,0
-0.059385,-2.574,0.46818,-6.5991,-2.0036,0
0.035589,-0.086014,0.23908,5.234,-1.2125,0
-1.1991,1.889,-0.20239,3.6411,-1.8741,0
-1.1991,1.2734,-0.49713,-6.8267,-1.6728,0
-1.1041,-0.0090658,-0.44179,-3.1857,-1.5145,0
0.89035,-0.52205,-0.22427,7.282,-2.0755,0
0.60543,0.55522,-0.067245,1.5931,-1.2844,0
-1.389,0.93996,0.00097052,-8.192,-2.2337,0
-1.6739,-1.9071,0.092354,1.1379,-1.4426,0
-1.1041,-4.7542,0.20433,8.1923,-2.1043,0
-0.53425,-3.9847,0.20433,-1.8203,-2.1186,0
0.51046,-1.8558,0.098789,-7.2818,-1.9173,0
0.60543,-1.3685,0.055028,4.3238,-2.6796,0
0.60543,-0.95809,0.044732,6.5994,-1.7159,0
-1.1041,0.11918,-0.017049,-5.0062,-2.5789,0
-1.0091,1.5042,-0.089126,-5.6889,-1.831,0
-1.0091,2.2737,-0.024771,6.3718,-2.0036,0
-1.579,1.299,0.21463,4.0962,-2.3488,0
-1.294,-0.6503,0.45917,-7.7369,-1.8885,0
-1.389,-1.7532,0.60333,-3.6408,-3.1974,0
0.60543,-1.3685,0.64065,7.7372,-2.7947,0
1.5552,-0.16296,0.46304,1.5931,-3.7152,0
0.98533,1.0939,0.15156,-7.7369,-2.9385,0
0.13056,1.5299,-0.071106,-0.22742,-1.831,0
0.51046,0.81171,-0.054374,7.7372,-1.4282,0
0.7004,-1.1376,0.12453,-1.8203,-0.30633,0
0.98533,-2.9844,0.28027,-7.9645,-1.5289,0
1.7451,-3.8821,0.32403,3.186,-1.5577,0
0.89035,-3.2152,0.28542,6.3718,-2.5358,0
-0.059385,-1.0094,0.17473,-4.5511,-2.7371,0
-0.62923,1.1195,-0.017049,-5.4613,-2.133,0
-0.53425,1.7094,-0.21397,6.1442,-2.4207,0
-0.53425,1.7094,-0.36971,3.8687,-1.0687,0
-0.7242,1.8633,-0.34397,-7.2818,-1.644,0
-0.53425,1.376,-0.073681,-4.0959,-1.1262,0
-0.62923,-0.21426,0.069186,7.0545,-1.3851,0
-0.62923,-1.6506,-0.054374,1.5931,-2.1474,0
-0.7242,-0.4451,-0.23714,-8.192,-1.9029,0
-1.0091,1.2734,-0.31565,-0.9101,-2.9673,0
-1.8639,0.99126,-0.3414,7.282,-1.946,0
-1.8639,-0.52205,-0.30664,-1.1377,-2.32,0
-1.0091,-1.4198,-0.19338,-8.4196,-1.8597,0
0.98533,-0.75289,-0.077542,2.9584,-1.7015,0
2.315,-0.034715,0.015128,7.0545,-2.6364,0
1.3652,0.35002,-0.019623,-5.2337,-2.133,0
0.51046,0.88866,-0.25902,-7.0542,-3.4419,0
1.3652,-0.6503,-0.40575,5.0064,-2.8953,0
1.2702,-2.8305,-0.41476,5.4616,-3.0248,0
0.7004,-3.4204,-0.40961,-6.3715,-2.7803,0
0.79538,-3.5743,-0.40446,-5.0062,-1.8741,0
0.7004,-3.9847,-0.23843,6.5994,-2.6221,0
0.13056,-3.01,-0.12002,2.0482,-1.9604,0
0.41548,-0.599,-0.27961,-8.4196,-3.1399,0
0.60543,1.1965,-0.4804,-0.9101,-3.1686,0
-0.34431,0.29873,-0.38387,7.282,-3.1111,0
-1.0091,-2.3431,0.017703,-1.1377,-3.5857,0
1.2702,-3.087,0.33304,-7.9645,-2.3488,0
2.125,-2.497,0.28413,4.5513,-2.8378,0
-1.6739,-2.1123,0.076909,6.5994,-1.9029,0
-1.8639,-1.0607,0.027999,-5.2337,-2.2769,0
-1.0091,0.32437,0.020277,-5.0062,-2.5358,0
-0.81917,0.91431,-0.15863,6.5994,-2.0467,0
-1.8639,0.50392,-0.32852,4.0962,-2.7803,0
-1.6739,-0.85549,-0.2217,-7.5093,-1.5865,0
-1.1041,-2.9587,0.007406,-3.8684,-1.8597,0
-1.0091,-4.3181,0.096215,7.5096,-1.0399,0
-1.9589,-4.0104,0.078196,0.91037,-0.60838,0
-2.3388,-3.01,0.025425,-8.4196,-0.89605,0
-1.7689,-3.0613,-0.089126,0.91037,-0.13373,0
-1.1041,-3.4717,-0.22556,6.8269,-0.96797,0
-2.2438,-2.6509,-0.20754,-3.6408,-0.018661,0
-3.0036,-1.0607,-0.080116,-7.5093,-0.40701,0
-1.8639,-0.36816,0.017703,4.5513,-0.090578,0
0.89035,-0.7016,0.069186,6.3718,0.41284,0
1.9351,-0.599,-0.013187,-7.0542,-0.018661,0
2.125,1.1965,-0.3414,-5.4613,0.98818,0
1.1753,3.2484,-0.62198,7.282,0.082022,0
1.1753,3.0945,-0.46624,2.7309,0.74366,0
1.6501,1.3503,-0.014475,-7.9645,0.44161,0
1.1753,-0.086014,0.27383,-1.8203,0.28339,0
0.79538,1.4529,0.12839,7.282,0.90188,0
0.22554,4.5309,-0.083977,-0.68254,-0.004278,0
1.1753,4.3257,0.10394,-8.6471,0.94503,0
-0.24933,2.0172,0.44373,2.0482,0.067639,0
-1.294,0.73476,0.60848,7.0545,0.44161,0
-2.0538,0.55522,0.58917,-4.0959,0.48476,0
-1.1991,2.325,0.42314,-7.9645,0.038872,0
-0.91415,5.326,0.14512,4.7789,0.97379,0
-0.91415,6.1724,-0.036355,5.4616,0.067639,0
-1.389,3.8383,-0.054374,-6.144,0.94503,0
-1.1041,0.11918,0.017703,-3.8684,0.45599,0
-0.53425,-1.5737,0.16057,7.282,0.48476,0
0.7004,-0.36816,0.3369,3.4135,0.97379,0
1.8401,1.4786,0.44115,-8.192,0.32654,0
2.8848,2.4533,0.29443,-1.5928,1.3621,0
2.315,1.9916,0.0035447,8.1923,0.57106,0
0.41548,2.0942,-0.26932,-0.22742,1.2327,0
0.035589,4.5309,-0.50743,-8.192,1.2902,0
-1.1991,5.5825,-0.57436,1.8206,1.1752,0
-1.6739,2.2224,-0.39674,6.8269,2.0094,0
-0.91415,-3.0613,-0.26288,-3.1857,1.319,0
-0.62923,-5.3698,-0.33753,-6.8267,2.3834,0
-0.7242,-4.0617,-0.47783,4.5513,1.8368,0
-0.34431,-2.5483,-0.4302,6.3718,2.369,0
-0.059385,-2.0867,-0.27447,-5.2337,2.8436,0
-0.7242,-2.0097,-0.083977,-6.3715,2.6135,0
-1.294,-2.497,0.087205,6.3718,3.6923,0
-0.15436,-2.9587,0.16186,3.6411,2.9299,0
-0.34431,-2.5483,0.22106,-7.2818,3.6491,0
-0.62923,-1.3428,0.2468,-3.6408,3.1457,0
-0.91415,-0.41945,0.21978,7.282,3.0594,0
-1.389,-0.21426,0.17087,0.91037,3.5628,0
0.13056,-0.31686,0.17087,-8.6471,2.9156,0
0.51046,-1.2402,0.23136,0.00013542,3.9368,0
1.2702,-2.1636,0.31245,7.282,3.1025,0
2.6949,-1.4967,0.26611,-3.1857,3.6923,0
2.22,1.1708,0.065325,-7.9645,3.5484,0
1.2702,1.9659,-0.023484,4.3238,3.1169,0
-0.24933,0.32437,0.052454,6.1442,3.721,0
-1.389,-0.34251,0.21978,-6.3715,2.7861,0
-1.0091,0.88866,0.28928,-4.3235,3.5772,0
-0.81917,1.376,0.20948,6.8269,2.8005,0
-1.579,0.65782,0.16314,3.4135,2.9443,0
-1.7689,0.042233,0.17344,-7.7369,2.9012,0
-1.0091,0.65782,0.10909,-2.7306,2.1532,0
-0.24933,1.4016,0.037009,7.5096,2.9156,0
1.4602,0.81171,0.15285,-0.45498,1.9231,0
1.6501,-0.13731,0.41284,-8.4196,2.4697,0
0.13056,-1.1889,0.5068,1.8206,2.0238,0
-0.53425,-1.7276,0.27512,7.0545,1.7073,0
-0.34431,-0.7016,0.030574,-3.1857,2.0669,0
0.7004,0.45262,-0.032494,-6.8267,1.1176,0
1.5552,0.60652,0.020277,4.7789,1.995,0
0.22554,0.17048,0.12324,5.234,1.1895,0
-0.24933,-0.98374,0.19918,-6.5991,1.506,0
0.32051,-2.138,0.14899,-4.5511,1.4197,0
0.51046,-1.0607,-0.035068,6.8269,0.65736,0
0.60543,2.5302,-0.19338,2.9584,1.2758,0
0.60543,4.0179,-0.17536,-7.2818,0.16832,0
-0.15436,2.2481,0.0099801,-1.3652,0.65736,0
-0.7242,0.29873,0.23007,7.5096,0.12517,0
-1.6739,-0.4451,0.32789,-0.22742,-0.061812,0
-1.1041,-0.34251,0.30987,-7.2818,0.32654,0
-1.484,-0.3938,0.17859,2.7309,-0.62276,0
-1.1041,-1.7019,-0.00031657,6.8269,0.12517,0
-1.9589,-1.548,-0.19338,-5.0062,-0.92482,0
-1.6739,-0.086014,-0.34011,-7.0542,-0.69468,0
0.035589,0.68346,-0.37229,5.234,-0.8529,0
0.7004,0.14483,-0.28605,4.7789,-1.4714,0
0.7004,-1.0863,-0.12903,-6.5991,-0.92482,0
-0.15436,-1.112,-0.04279,-4.5511,-1.8597,0
-0.7242,1.7094,-0.1818,7.5096,-1.155,0
-1.7689,5.1977,-0.37872,2.2757,-1.7159,0
-1.8639,5.5312,-0.39674,-8.8747,-1.7159,0
-1.484,2.9919,-0.24744,-1.5928,-1.4714,0
-2.8136,0.24743,-0.049226,7.7372,-2.2625,0
-2.8136,-1.9328,0.12968,-0.45498,-1.3419,0
-0.53425,-2.3431,0.1374,-8.8747,-2.133,0
0.51046,-0.4964,-0.027345,1.1379,-1.5577,0
0.98533,1.7094,-0.18566,5.9167,-1.7015,0
1.6501,1.812,-0.27447,-3.1857,-1.9892,0
1.6501,-0.5477,-0.3105,-7.2818,-1.3995,0
1.7451,-2.1636,-0.32724,4.3238,-2.1762,0
1.2702,-1.3172,-0.33625,4.3238,-1.3707,0
1.3652,-0.62465,-0.30021,-7.2818,-1.9029,0
1.4602,-0.85549,-0.18823,-4.3235,-1.644,0
1.1753,0.19613,-0.1213,7.282,-1.3419,0
0.41548,2.2737,-0.22684,1.5931,-1.9173,0
-1.484,3.4536,-0.4302,-7.7369,-0.92482,0
-1.7689,2.5302,-0.38387,0.45525,-1.831,0
-0.7242,0.73476,-0.12774,7.0545,-1.1406,0
0.51046,-0.34251,-0.037642,-2.2755,-1.4139,0
1.7451,-1.2915,-0.071106,-8.192,-1.6296,0
2.125,-1.035,-0.10457,3.6411,-1.155,0
1.2702,1.0682,-0.15992,5.9167,-2.0323,0
0.7004,2.1455,-0.13417,-5.2337,-1.1693,0
0.035589,0.81171,-0.0080391,-4.7786,-1.9604,0
0.7004,-0.599,-0.0119,7.5096,-1.5577,0
0.51046,0.016583,-0.20625,3.8687,-1.6152,0
0.035589,0.37567,-0.27318,-7.5093,-2.1186,0
0.60543,-0.85549,-0.10972,-1.5928,-1.4426,0
0.79538,-1.6506,-0.036355,7.282,-2.4638,0
0.98533,-1.3941,-0.1213,-0.9101,-1.9317,0
1.5552,-1.2402,-0.10714,-8.6471,-2.5789,0
0.98533,-1.4454,-0.065958,2.9584,-2.9529,0
-0.34431,-0.90679,-0.17021,7.282,-2.694,0
-1.484,-0.11166,-0.23457,-4.7786,-3.4994,0
-1.1991,0.50392,-0.10071,-6.5991,-2.5645,0
-1.8639,1.5812,0.039583,3.6411,-3.5138,0
-1.6739,2.3507,-0.0080391,4.5513,-2.9816,0
-1.294,2.1711,-0.062097,-6.8267,-3.37,0
-2.1488,0.88866,0.092354,-3.8684,-3.7871,0
-2.5287,-1.8045,0.20304,7.5096,-3.4131,0
-1.1041,-3.2665,0.17473,1.8206,-4.3337,0
0.035589,-0.7016,0.23265,-8.192,-3.5138,0
-0.15436,2.6072,0.38452,-1.3652,-4.1323,0
0.60543,2.5302,0.47205,7.0545,-3.6145,0
1.6501,0.60652,0.37937,-1.8203,-3.4275,0
0.89035,0.47827,0.20562,-8.6471,-3.8303,0
-0.34431,2.1968,0.012554,2.2757,-3.0392,0
-1.294,3.7614,-0.18694,6.1442,-3.8878,0
-0.91415,3.6075,-0.21011,-5.0062,-3.183,0
0.13056,1.0169,0.08978,-6.8267,-3.4851,0
-0.43928,-2.0097,0.39611,6.1442,-3.557,0
-1.579,-2.4201,0.4566,2.9584,-2.8234,0
-1.7689,-1.0863,0.39225,-7.7369,-3.4994,0
-0.91415,-0.36816,0.20562,-3.4133,-2.3344,0
-0.43928,0.32437,-0.078829,7.9647,-2.996,0
0.41548,1.5042,-0.3015,0.91037,-2.3775,0
-0.34431,2.1198,-0.36199,-7.7369,-2.2625,0
-1.1041,1.6068,-0.23457,2.2757,-2.5789,0
1.1753,0.29873,-0.019623,7.5096,-1.6728,0
1.4602,-1.035,0.079483,-3.8684,-2.3632,0
0.32051,-0.7016,0.0035447,-7.5093,-1.2413,0
-0.34431,0.86301,-0.1213,4.5513,-1.5289,0
0.51046,1.0939,-0.1419,6.5994,-1.1693,0
0.22554,-0.086014,0.025425,-6.144,-0.73783,0
-0.91415,-0.75289,0.17988,-5.2337,-1.2125,0
0.41548,0.29873,0.042157,7.0545,-0.061812,0
1.8401,1.0939,-0.20239,3.186,-0.75222,0
1.6501,0.65782,-0.25259,-7.5093,0.12517,0
-0.059385,0.65782,-0.24358,-2.0479,0.082022,0
-1.0091,2.1198,-0.41862,7.7372,0.010105,0
-0.059385,2.3763,-0.53703,0.45525,0.72928,0
0.32051,1.1965,-0.3903,-8.192,-0.090578,0
0.13056,-0.23991,-0.041503,1.5931,0.93064,0
0.22554,-1.7276,0.26482,7.5096,0.31216,0
-0.15436,-1.8045,0.35106,-2.7306,0.62859,0
0.79538,-0.57335,0.3266,-7.0542,0.85873,0
1.7451,1.0169,0.32274,4.3238,0.24024,0
2.03,2.0172,0.26096,5.4616,1.1176,0
1.0803,2.7611,0.065325,-7.2818,0.19709,0
0.51046,3.8383,-0.20625,-5.0062,0.98818,0
-1.294,3.4792,-0.30793,6.5994,0.67174,0
-1.484,2.0429,-0.16378,2.0482,0.47037,0
-0.15436,0.52957,-0.056948,-7.7369,1.0169,0
-0.24933,-1.3685,-0.080116,-1.3652,0.11079,0
0.41548,-3.6513,-0.047939,7.282,0.97379,0
0.7004,-4.036,-0.024771,-1.1377,0.11079,0
0.60543,-2.8305,-0.086552,-8.192,0.57106,0
-0.15436,-1.7276,-0.12645,1.8206,0.55667,0
-0.62923,-0.95809,-0.17021,6.8269,0.024489,0
-0.7242,-0.13731,-0.22813,-3.8684,0.68613,0
-1.484,-0.41945,-0.11358,-7.7369,-0.30633,0
-0.7242,-0.80419,0.082057,4.0962,0.44161,0
0.60543,-0.5477,0.075622,5.4616,-0.22003,0
1.3652,-1.112,0.020277,-6.144,-0.13373,0
-0.059385,-2.5996,0.16186,-5.2337,0.11079,0
-1.294,-2.574,0.24294,7.282,-0.55085,0
-0.7242,-1.2402,0.12067,3.186,0.26901,0
0.32051,-1.112,0.031861,-7.2818,-0.60838,0
0.41548,-1.2659,0.034435,-1.3652,0.067639,0
-0.059385,-0.21426,-0.0041778,7.7372,-0.32071,0
-0.53425,0.93996,0.013841,0.00013542,-0.34948,0
-0.62923,1.0169,0.11938,-7.9645,0.13956,0
-0.62923,0.52957,0.13225,2.5033,-0.65153,0
-0.81917,0.78606,0.093641,7.282,0.26901,0
-1.389,1.4786,0.18502,-3.4133,-0.47893,0
-0.81917,1.299,0.32918,-6.3715,0.11079,0
0.32051,0.14483,0.4463,5.234,0.038872,0
-0.62923,-1.3172,0.70887,5.0064,-0.32071,0
-1.9589,-2.7279,1.1233,-7.0542,0.38407,0
-3.1935,-3.3178,1.2198,-3.6408,-0.45016,0
-3.0036,-1.3172,0.96243,7.5096,0.47037,0
-1.1991,0.73476,0.74748,2.7309,-0.22003,0
1.3652,0.68346,0.64451,-8.6471,-0.047428,0
1.8401,0.58087,0.50937,-0.9101,0.16832,0
1.1753,0.19613,0.58402,7.282,-0.55085,0
-0.24933,-1.1889,0.75134,-1.8203,0.39846,0
-1.0091,-1.1376,0.63036,-8.6471,-0.47893,0
-0.81917,0.70911,0.41026,2.7309,0.29777,0
1.4602,0.73476,0.3768,6.3718,0.11079,0
1.6501,-0.57335,0.33561,-4.3235,0.067639,0
0.89035,-1.0863,0.20176,-6.5991,0.81558,0
0.98533,-1.4198,0.08077,5.9167,0.12517,0
1.7451,-1.8815,-0.024771,3.8687,1.2471,0
1.9351,-0.13731,-0.25001,-7.7369,0.74366,0
1.4602,1.5042,-0.42892,-3.6408,1.3046,0
1.7451,0.52957,-0.4302,7.7372,1.7073,0
0.79538,-0.57335,-0.241,0.91037,1.3765,0
-1.294,-0.11166,0.096215,-8.8747,2.4409,0
-1.9589,0.70911,0.24938,0.2277,1.7936,0
-0.81917,1.2221,0.065325,6.5994,2.5416,0
-0.34431,1.4016,-0.069819,-2.0479,2.3546,0
-1.8639,1.299,0.037009,-8.4196,2.4265,0
-0.53425,1.1452,0.10522,3.6411,2.9731,0
-1.484,1.3503,0.052454,5.9167,2.3546,0
-1.6739,1.812,0.097502,-5.6889,3.2751,0
-0.53425,1.4786,0.2571,-6.3715,2.5272,0
-0.24933,1.3247,0.33947,6.3718,3.0594,0
-2.7186,2.0942,0.26354,4.0962,3.1025,0
-4.1432,2.7611,0.12711,-7.5093,2.7142,0
-2.8136,2.3507,0.10651,-2.9581,3.4765,0
-1.0091,0.73476,0.18889,7.9647,2.6854,0
0.51046,-1.4454,0.3073,0.2277,3.7354,0
0.89035,-2.574,0.39611,-9.1023,3.2032,0
0.79538,-2.3175,0.33561,1.5931,3.5628,0
0.98533,-2.1636,0.19146,7.282,3.7786,0
0.7004,-1.3428,0.087205,-4.3235,3.2751,0
-0.24933,0.55522,-0.040216,-7.0542,4.1813,0
0.51046,2.6328,-0.15992,4.7789,3.4046,0
0.51046,3.6588,-0.15992,6.1442,4.2244,0
0.32051,3.2227,-0.047939,-6.144,3.8936,0
1.1753,1.812,-0.018336,-4.5511,3.908,0
1.2702,0.042233,-0.1213,7.7372,4.4546,0
2.125,-1.2659,-0.36199,3.186,3.6491,0
2.8848,-0.85549,-0.62327,-7.5093,4.6416,0
1.6501,-0.4451,-0.70435,-2.0479,3.9224,0
0.79538,-1.1633,-0.57693,7.282,4.397,0
-0.34431,-2.4714,-0.40318,0.00013542,4.3827,0
-0.059385,-2.574,-0.48684,-8.4196,3.8505,0
1.4602,-0.52205,-0.84079,0.91037,4.5984,0
1.8401,0.99126,-0.84465,6.5994,3.6779,0
1.3652,-1.4198,-0.34397,-3.8684,4.5121,0
0.7004,-5.9597,0.017703,-7.0542,3.9943,0
-0.53425,-7.6013,0.025425,4.3238,3.9943,0
-1.1041,-4.8568,0.011267,5.234,4.2388,0
-0.059385,-1.3172,0.038296,-7.7369,3.534,0
-0.7242,-0.88114,0.12582,-5.0062,4.4977,0
-2.6237,-2.6766,0.28542,7.0545,3.5916,0
-2.2438,-2.9587,0.32017,1.1379,4.3107,0
-1.1041,-1.9584,0.14512,-7.7369,4.1381,0
0.035589,-1.4711,-0.069819,-1.1377,3.8936,0
-0.34431,-2.2662,-0.14318,7.5096,4.5984,0
-0.53425,-3.0613,-0.20368,-0.22742,3.908,0
-0.81917,-2.574,-0.3105,-8.192,4.8142,0
-1.484,-2.3175,-0.19338,2.0482,4.2244,0
-0.62923,-2.0097,0.091067,6.5994,4.7422,0
0.13056,-1.035,0.16314,-4.5511,4.8142,0
-0.34431,-1.1889,0.047306,-7.0542,4.4258,0
-0.62923,-2.2662,0.078196,4.7789,5.3607,0
-0.7242,-2.3944,0.24423,5.0064,4.5265,0
-0.43928,-1.4967,0.29443,-6.144,5.4039,0
-0.62923,-0.6503,0.085918,-4.0959,4.7998,0
-0.53425,-0.11166,-0.27061,7.7372,4.9436,0
-0.81917,0.65782,-0.4508,2.0482,5.1737,0
-1.1991,0.40132,-0.16378,-7.0542,4.5121,0
-0.15436,-1.3172,0.14384,-0.68254,5.3895,0
-0.43928,-3.2409,0.16314,7.5096,4.5984,0
-0.34431,-3.9334,0.051167,-0.22742,5.2313,0
-0.7242,-3.6256,-0.04279,-7.2818,4.958,0
-0.62923,-3.7282,-0.046652,2.0482,4.7135,0
-0.53425,-4.3181,-0.063384,7.7372,5.3176,0
0.32051,-4.985,-0.14833,-4.0959,4.5984,0
0.89035,-4.9594,-0.1818,-6.144,5.5909,0
1.0803,-3.4204,-0.17279,5.4616,4.9148,0
1.8401,-0.85549,-0.21655,4.3238,5.2888,0
2.315,1.6838,-0.22813,-6.3715,5.4902,0
3.6446,2.5559,-0.21655,-5.0062,4.8429,0
2.9798,1.376,-0.23585,7.0545,5.5909,0
0.79538,0.50392,-0.26932,2.0482,4.4402,0
0.60543,1.2221,-0.26674,-8.192,4.9436,0
0.32051,1.1195,-0.19467,-0.22742,4.4114,0
-0.62923,-0.67595,-0.006752,7.0545,3.9799,0
-1.579,-1.1889,0.16186,-1.8203,4.2676,0
-1.0091,0.14483,0.15285,-9.1023,3.1745,0
-0.7242,0.37567,0.11681,2.9584,3.8505,0
-0.53425,-0.67595,0.11037,6.1442,3.0306,0
0.51046,-0.90679,0.08077,-4.3235,3.3471,0
1.9351,-0.31686,0.12324,-7.2818,3.3614,0
1.8401,0.45262,0.26611,4.5513,2.9012,0
1.0803,1.4529,0.29829,4.3238,3.6635,0
-0.24933,1.5555,0.16572,-7.5093,2.7286,0
-0.24933,-0.599,0.1477,-4.0959,3.5628,0
0.32051,-3.4974,0.31888,7.5096,2.9875,0
0.60543,-3.4717,0.49264,0.45525,3.0738,0
0.7004,-1.2146,0.5763,-8.192,3.3471,0
0.89035,-0.62465,0.56214,0.45525,2.6423,0
-0.059385,-0.98374,0.42056,7.0545,3.4909,0
-0.53425,0.19613,0.31116,-2.7306,2.5847,0
-0.62923,1.9146,0.24809,-8.6471,3.2032,0
0.32051,3.5562,0.16958,3.8687,2.9443,0
-0.059385,3.8383,0.26611,7.0545,2.5128,0
0.13056,2.4276,0.46818,-5.2337,3.0882,0
-1.0091,1.1195,0.55184,-6.8267,2.0382,0
-0.81917,2.4533,0.46561,5.9167,2.7717,0
0.60543,5.6081,0.35106,4.3238,1.9231,0
0.60543,6.4802,0.4064,-7.2818,2.1245,0
-0.43928,4.2744,0.58917,-3.4133,2.2395,0
-1.1991,2.2224,0.66897,7.282,1.6786,0
0.13056,2.0942,0.61362,0.68281,2.4841,0
0.60543,1.4273,0.67154,-8.192,1.5491,0
-0.24933,0.52957,0.83114,0.2277,2.3402,0
-0.43928,1.0682,0.87877,7.282,1.8943,0
-1.0091,2.1455,0.76035,-0.9101,1.7217,0
-2.2438,2.6072,0.62392,-7.2818,2.2108,0
-1.294,2.1711,0.59818,3.6411,1.4197,0
-0.34431,0.86301,0.73332,5.4616,2.3258,0
0.89035,-1.1376,0.90708,-5.6889,1.4341,0
-0.059385,-2.9844,0.87362,-5.9164,1.808,0
-1.294,-3.087,0.65867,6.8269,1.6786,0
-0.7242,-1.9584,0.40512,2.9584,1.0601,0
0.035589,-1.7276,0.27898,-8.6471,1.693,0
-0.15436,-2.9587,0.15542,-3.1857,0.54229,0
0.32051,-3.8565,-0.11101,8.1923,1.1895,0
-0.059385,-2.5483,-0.42506,0.45525,0.44161,0
0.13056,-0.72725,-0.59753,-9.1023,0.32654,0
-0.15436,-0.47075,-0.64386,0.2277,0.55667,0
-0.059385,-0.67595,-0.78801,6.3718,-0.49331,0
0.7004,-1.1376,-1.1278,-3.4133,0.25462,0
-1.1041,-1.6506,-1.5255,-7.9645,-0.91043,0
-1.6739,-1.4454,-1.8795,4.3238,-0.56523,0
-0.15436,-1.6506,-2.1832,5.234,-0.82413,0
0.7004,-2.8048,-2.5423,-6.5991,-1.4282,0
0.7004,-3.8052,-2.9117,-5.4613,-0.79537,0
0.035589,-3.5487,-3.1472,7.0545,-1.7447,0
0.41548,-2.4201,-3.2669,2.9584,-1.0399,0
0.7004,-1.4711,-3.4214,-7.7369,-1.7734,0
0.89035,-0.85549,-3.693,-2.7306,-1.7159,0
0.89035,-1.1889,-4.0637,7.9647,-1.6152,0
0.89035,-1.8558,-4.3713,-0.22742,-2.4063,0
0.89035,-1.5224,-4.5502,-8.6471,-1.6008,0
0.7004,0.17048,-4.6622,2.0482,-2.6652,0
1.0803,1.1708,-4.76,7.7372,-1.9892,0
1.6501,0.93996,-4.935,-3.4133,-2.32,0
1.3652,1.4016,-5.1358,-6.8267,-2.4926,0
1.0803,2.402,-5.1435,4.7789,-2.0611,0
0.98533,3.4792,-5.0431,6.3718,-2.8953,0
-1.0091,5.0695,-5.0225,-5.9164,-2.0899,0
-1.579,5.762,-5.0084,-5.0062,-2.9097,0
0.13056,5.3003,-4.9234,6.3718,-2.3919,0
2.03,5.0951,-4.9711,4.0962,-2.5358,0
3.0747,4.813,-5.1139,-7.7369,-2.9097,0
2.315,3.5049,-5.056,-2.2755,-2.2337,0
1.2702,1.9916,-4.9479,7.7372,-3.1255,0
0.60543,1.8633,-5.0998,1.1379,-2.1474,0
-0.43928,2.5815,-5.2285,-7.2818,-2.7947,0
-0.7242,2.1198,-5.0148,0.2277,-2.5358,0
-0.53425,0.40132,-4.5103,7.0545,-2.3344,0
0.32051,-1.8045,-3.9118,-2.503,-2.8522,0
0.51046,-3.4974,-3.4574,-7.7369,-1.8741,0
-0.24933,-2.8048,-3.182,3.6411,-2.6077,0
-0.91415,-0.4964,-2.7959,5.9167,-1.7015,0
-1.484,0.37567,-2.1897,-6.3715,-1.9029,0
-2.1488,-0.36816,-1.6323,-5.2337,-1.8885,0
-1.7689,-0.16296,-1.1832,6.8269,-1.2988,0
-0.24933,1.6068,-0.80089,3.4135,-1.8166,0
-0.62923,2.5815,-0.41476,-8.192,-0.8529,0
-1.484,1.0682,0.10265,-3.6408,-1.5002,0
-0.53425,-0.0090658,0.56986,7.282,-0.9392,0
1.5552,1.0939,0.78996,0.2277,-0.86728,0
1.6501,1.7864,0.8852,-8.4196,-1.1406,0
1.2702,0.40132,1.077,0.68281,-0.36386,0
-0.15436,-0.77854,1.4155,7.282,-1.2125,0
-0.059385,0.68346,1.6639,-2.7306,-0.076195,0
0.60543,3.1971,1.7681,-7.5093,-0.60838,0
1.3652,4.3257,1.8724,3.8687,-0.23441,0
0.13056,3.9153,2.0178,6.8269,0.11079,0
-0.34431,3.4023,2.3267,-6.5991,-0.49331,0
-0.24933,4.1718,2.8339,-5.4613,0.38407,0
1.4602,5.0951,3.35,6.8269,-0.45016,0
2.8848,3.864,3.9974,4.3238,0.25462,0
4.3094,1.5042,4.7581,-7.2818,-0.061812,0
3.3597,0.78606,5.2909,-3.4133,-0.26318,0
0.51046,2.4789,5.6346,7.9647,0.25462,0
-1.294,5.0438,6.0709,0.45525,-0.55085,0
-1.0091,6.275,6.5947,-8.4196,0.34092,0
-0.7242,4.5309,7.0619,1.8206,-0.29195,0
0.22554,2.3763,7.4326,8.1923,0.010105,0
-0.43928,3.1201,7.6746,-2.9581,0.22586,0
-0.24933,5.1464,7.6772,-7.2818,-0.29195,0
0.22554,5.5055,7.6051,4.5513,0.51352,0
-0.24933,3.9409,7.6244,5.4616,-0.3351,0
-0.059385,2.1455,7.6643,-6.144,0.42722,0
1.2702,1.5299,7.7415,-4.7786,-0.018661,0
1.7451,2.9406,7.8792,6.8269,-0.076195,0
0.60543,4.5052,7.9101,2.5033,0.42722,0
1.5552,4.0692,7.6733,-7.7369,-0.46455,0
1.0803,2.7098,7.3091,-2.0479,0.54229,0
-0.34431,3.5562,7.0555,6.3718,-0.37825,0
-1.484,5.9672,6.7453,-1.3652,0.13956,0
-0.81917,6.6854,6.3244,-8.6471,-0.018661,0
0.035589,6.3776,6.0593,1.1379,-0.47893,0
-0.7242,7.4292,5.8997,7.7372,0.16832,0
-2.5287,7.1214,5.5174,-3.4133,-0.72345,0
-2.3388,4.4539,5.018,-7.7369,-0.047428,0
-1.9589,1.8633,4.6718,5.0064,-0.70906,0
-0.81917,1.4786,4.462,5.0064,-0.60838,0
-1.1041,3.2484,4.1673,-6.5991,-0.4214,0
-3.0036,4.7361,3.7799,-5.6889,-1.0687,0
-3.2885,4.0692,3.4928,6.3718,-0.32071,0
-2.4337,1.4529,3.3217,2.0482,-1.1837,0
-1.389,-0.31686,3.1144,-7.9645,-0.60838,0
-0.34431,0.32437,2.7734,-0.9101,-0.98235,0
0.13056,0.45262,2.5121,7.9647,-1.083,0
-0.34431,-0.95809,2.346,0.45525,-0.57961,0
-0.34431,-1.7789,2.1478,-7.9645,-1.2988,0
0.41548,-1.3941,2.0178,1.8206,-0.32071,0
-0.34431,-0.599,1.9162,7.0545,-1.0399,0
-0.62923,-0.11166,1.633,-3.8684,-0.49331,0
-0.24933,-0.23991,1.1516,-7.2818,-0.22003,0
0.13056,0.29873,0.70372,5.0064,-0.65153,0
-0.53425,1.9146,0.48878,5.4616,0.36969,0
-1.579,2.5046,0.3871,-6.5991,-0.36386,0
-1.8639,2.2224,0.24037,-5.0062,0.62859,0
-0.7242,1.0169,0.037009,6.8269,0.38407,0
0.60543,-0.77854,-0.15863,2.9584,0.52791,0
1.5552,-1.3685,-0.32595,-6.8267,1.0745,0
0.41548,-0.34251,-0.54862,-1.8203,0.44161,0
-1.6739,0.32437,-0.85366,7.7372,1.4628,0
-1.0091,-0.086014,-1.1291,0.45525,0.75804,0
1.5552,-0.4451,-1.2552,-8.192,1.4484,0
2.7898,-1.0094,-1.2295,2.2757,1.2902,0
1.0803,-1.6763,-1.1162,7.5096,1.0026,0
-1.1991,-2.2662,-1.0145,-3.6408,1.6498,0
-1.8639,-2.7792,-1.0004,-7.2818,0.70051,0
-1.6739,-3.3435,-1.0943,4.7789,1.4772,0
0.035589,-3.9591,-1.3016,5.4616,0.70051,0
1.0803,-4.472,-1.4727,-7.0542,1.0457,0
1.8401,-4.3438,-1.5088,-4.5511,1.0745,0
1.5552,-4.7542,-1.5616,7.5096,0.57106,0
-0.62923,-4.985,-1.7714,2.2757,1.3046,0
-0.62923,-4.8055,-1.8576,-7.7369,0.36969,0
0.22554,-3.8565,-1.7366,-2.2755,1.1176,0
0.7004,-2.0354,-1.7289,7.282,0.49914,0
0.98533,-1.0094,-1.9039,-0.9101,0.45599,0
2.03,-1.6763,-2.1382,-8.192,0.71489,0
2.6949,-1.8815,-2.402,1.8206,-0.004278,0
1.4602,-1.7276,-2.4715,6.8269,0.85873,0
1.2702,-2.574,-2.3454,-5.4613,-0.004278,0
1.8401,-3.4461,-2.2257,-7.0542,0.52791,0
1.9351,-3.4461,-2.1433,5.0064,0.22586,0
1.5552,-2.8048,-2.097,3.8687,-0.13373,0
1.7451,-2.1636,-2.0905,-7.0542,0.38407,0
1.1753,-1.9071,-2.1073,-4.3235,-0.56523,0
0.79538,-1.4454,-2.0687,7.5096,0.22586,0
0.98533,-1.112,-1.8936,1.8206,-0.66591,0
0.79538,-1.0094,-1.7263,-7.9645,-0.40701,0
-0.15436,-1.6763,-1.6581,-0.68254,-0.52208,0
-0.24933,-2.4457,-1.6607,8.1923,-1.083,0
1.5552,-1.7532,-1.7495,-0.9101,-0.40701,0
1.6501,-0.34251,-1.8074,-8.4196,-1.3419,0
1.1753,-0.086014,-1.6838,3.6411,-0.52208,0
0.13056,-1.0094,-1.5268,5.9167,-1.0111,0
0.41548,-1.2659,-1.4328,-5.4613,-0.69468,0
-0.34431,0.14483,-1.3196,-4.5511,-0.2488,0
-0.24933,2.325,-1.2385,6.3718,-0.82413,0
0.22554,2.1455,-1.2256,2.7309,0.22586,0
-0.34431,0.17048,-1.2308,-7.5093,-0.32071,0
-0.62923,-0.77854,-1.2269,-2.0479,0.57106,0
-0.24933,-0.18861,-1.2231,8.1923,0.64298,0
0.13056,0.63217,-1.29,1.8206,0.65736,0
-0.62923,0.96561,-1.4637,-7.9645,1.4772,0
-1.6739,-0.21426,-1.5384,0.68281,0.95941,0
-1.8639,-1.9328,-1.4303,7.5096,2.0382,0
-0.91415,-1.9841,-1.3041,-2.2755,1.4341,0
0.41548,0.47827,-1.2835,-7.0542,2.0957,0
0.41548,2.1711,-1.4341,5.0064,2.3402,0
-0.24933,0.24743,-1.5628,5.4616,2.1388,0
-0.15436,-3.3691,-1.4341,-6.5991,3.0162,0
0.7004,-5.4467,-1.2823,-4.5511,2.2971,0
1.4602,-4.7029,-1.2835,7.0545,3.0738,0
0.22554,-2.8305,-1.3016,2.5033,2.6423,0
0.13056,-1.3172,-1.281,-8.192,2.671,0
-1.294,-1.2146,-1.2707,-2.9581,3.0019,0
-1.484,-2.2149,-1.281,7.7372,2.2683,0
0.035589,-2.1636,-1.3247,-0.22742,3.232,0
0.41548,-0.060364,-1.3633,-8.4196,2.4121,0
0.60543,1.2734,-1.2964,1.8206,3.0306,0
-0.53425,-0.034715,-1.0995,7.0545,2.7861,0
-1.0091,-1.548,-0.92059,-3.4133,2.6567,0
0.13056,-1.4454,-0.83821,-6.3715,3.3039,0
0.32051,-0.77854,-0.85623,4.5513,2.5272,0
-0.34431,-0.95809,-0.94504,4.7789,3.3471,0
-0.7242,-1.112,-1.0532,-6.5991,2.6423,0
-1.484,-0.6503,-1.0931,-5.0062,2.9587,0
-0.62923,-0.11166,-1.0712,7.282,3.0594,0
-0.059385,0.50392,-1.0377,2.0482,2.6135,0
-1.484,0.91431,-1.021,-8.4196,3.419,0
-1.8639,-0.18861,-0.92059,-0.22742,2.6423,0
-1.0091,-2.4714,-0.74425,7.282,3.5484,0
-1.1991,-3.4461,-0.72237,-1.1377,3.1313,0
-1.484,-1.9328,-0.84722,-7.9645,3.3902,0
-0.81917,-0.086014,-0.96692,3.186,3.8217,0
0.035589,0.32437,-0.9888,6.5994,3.1888,0
-0.24933,-0.5477,-0.909,-5.2337,4.1669,0
-0.43928,-1.035,-0.78029,-5.6889,3.3327,0
0.41548,-1.4198,-0.73653,6.5994,4.1094,0
-0.15436,-2.2406,-0.82277,4.3238,3.7498,0
-0.24933,-3.5487,-0.86781,-7.2818,3.5628,0
0.51046,-3.5743,-0.82277,-2.7306,4.1094,0
0.7004,-1.4967,-0.81504,7.5096,3.1457,0
-0.059385,-0.31686,-0.7494,1.1379,4.0662,0
0.32051,-1.3172,-0.65544,-7.5093,3.1025,0
-0.059385,-2.3175,-0.65673,0.2277,3.1745,0
0.41548,-1.7019,-0.75712,7.5096,3.0306,0
0.51046,-0.034715,-0.83178,-1.5928,2.1388,0
-0.53425,0.99126,-0.7597,-7.7369,2.6567,0
-0.91415,0.32437,-0.61426,3.6411,1.3765,0
0.79538,-0.90679,-0.47911,5.4616,1.6786,0
0.79538,-0.90679,-0.32724,-6.144,0.91626,0
-0.43928,0.016583,-0.25902,-6.3715,0.44161,0
-1.294,0.016583,-0.25645,5.0064,0.57106,0
-0.24933,-0.47075,-0.23071,3.4135,-0.57961,0
-0.34431,-0.52205,-0.13417,-7.5093,-0.018661,0
-0.81917,-0.57335,-0.065958,-3.1857,-1.2269,0
-1.7689,-0.4451,-0.094274,7.5096,-0.99673,0
-1.9589,0.81171,-0.035068,-0.45498,-1.4139,0
-1.1041,2.2994,0.075622,-7.9645,-2.018,0
-0.24933,2.0429,0.044732,1.5931,-1.6296,0
0.22554,0.42697,-0.063384,6.8269,-2.6652,0
-0.34431,-0.57335,-0.15863,-4.3235,-1.9748,0
-1.1041,-0.34251,-0.23714,-6.8267,-2.996,0
0.035589,0.22178,-0.26031,4.7789,-2.8522,0
0.79538,1.0426,-0.16764,5.234,-3.0104,0
1.0803,1.4529,-0.055661,-6.8267,-3.7008,0
1.6501,1.299,-0.056948,-4.3235,-3.0823,0
1.0803,1.0939,-0.11358,7.282,-4.1323,0
-0.059385,1.376,-0.099422,2.9584,-3.4563,0
0.79538,1.5812,-0.040216,-7.5093,-4.1035,0
2.7898,0.60652,-0.0028907,-0.22742,-4.0316,0
2.22,-1.2402,-0.024771,7.282,-3.7583,0
-0.059385,-2.5483,-0.11101,-1.5928,-4.4775,0
-1.389,-2.2662,-0.20882,-7.9645,-3.5426,0
-1.8639,-1.1633,-0.25387,3.8687,-4.4056,0
-0.91415,0.27308,-0.28734,6.3718,-3.9022,0
-0.7242,0.91431,-0.30407,-4.5511,-3.8734,0
-0.53425,-0.034715,-0.241,-6.144,-4.4488,0
0.60543,-0.4451,-0.15219,6.3718,-3.6289,0
1.4602,0.24743,-0.13031,5.0064,-4.5638,0
-0.059385,0.27308,-0.24358,-6.8267,-3.7008,0
-0.24933,-0.18861,-0.35169,-3.4133,-4.1611,0
-0.62923,-0.18861,-0.35427,7.5096,-4.0748,0
-0.43928,0.45262,-0.33367,2.5033,-3.6145,0
-0.53425,2.1711,-0.34912,-7.2818,-4.233,0
0.035589,3.7614,-0.32724,-0.68254,-3.2405,0
-1.1041,2.0942,-0.15219,7.282,-3.9166,0
-0.81917,0.042233,-0.010613,-1.3652,-3.1542,0
-0.62923,0.47827,-0.028633,-7.7369,-2.9097,0
-0.53425,1.6325,-0.11615,2.5033,-2.996,0
0.13056,2.325,-0.17407,6.5994,-2.0036,0
-0.62923,1.7094,-0.14833,-5.4613,-2.5789,0
-1.6739,0.19613,-0.11101,-6.5991,-1.644,0
-1.8639,0.093531,-0.1213,5.9167,-2.1043,0
-1.1991,1.8377,-0.12774,3.4135,-1.8454,0
-0.81917,2.6072,-0.031207,-6.8267,-1.5289,0
0.32051,1.3503,0.12839,-3.6408,-2.018,0
0.7004,-1.0863,0.29829,7.0545,-1.1262,0
0.60543,-2.8818,0.39353,1.8206,-1.9604,0
-0.34431,-3.087,0.36779,-8.6471,-1.2844,0
-1.389,-2.4201,0.3369,-0.9101,-1.6008,0
-0.91415,-1.6763,0.41026,6.1442,-1.7303,0
-0.91415,-0.90679,0.50808,-3.1857,-1.2988,0
-0.62923,-0.18861,0.42314,-7.7369,-2.0899,0
-0.24933,1.6325,0.092354,3.186,-1.1693,0
1.7451,2.2224,-0.18437,6.1442,-1.8885,0
2.4099,0.42697,-0.14061,-4.5511,-1.27,0
0.32051,-0.88114,0.04087,-6.144,-1.3707,0
-0.24933,-0.36816,0.17601,5.6891,-1.6584,0
0.79538,0.55522,0.31759,4.3238,-1.0255,0
1.6501,0.96561,0.4463,-6.5991,-1.9317,0
0.98533,0.81171,0.50937,-2.2755,-1.1837,0
0.89035,0.50392,0.39353,7.282,-1.7015,0
0.60543,0.47827,0.19661,0.68281,-1.6152,0
-0.53425,1.1452,0.20176,-8.192,-1.3132,0
-1.8639,1.6325,0.31631,1.8206,-1.9604,0
-2.6237,0.37567,0.3472,7.0545,-1.2269,0
-0.43928,-2.0867,0.39739,-4.5511,-2.2049,0
2.7898,-2.6509,0.55056,-6.5991,-1.5577,0
1.0803,-1.1633,0.62135,6.1442,-1.7447,0
-2.0538,0.042233,0.54927,4.3238,-1.946,0
-2.3388,0.37567,0.42185,-7.0542,-1.2413,0
-2.3388,0.042233,0.35492,-3.8684,-2.0611,0
-2.0538,-0.26556,0.44502,7.0545,-1.0974,0
-0.91415,-1.112,0.65224,2.0482,-1.8022,0
-1.294,-1.4454,0.73847,-8.192,-1.3563,0
-2.2438,-0.72725,0.55442,-0.9101,-1.2988,0
-1.1041,-0.086014,0.37809,7.5096,-1.9317,0
-0.059385,-0.34251,0.39868,-0.45498,-1.1837,0
-0.53425,-0.6503,0.41026,-7.7369,-2.1906,0
-1.389,-0.4964,0.28928,2.5033,-1.5002,0
-0.7242,-0.13731,0.078196,7.7372,-2.1043,0
0.41548,-0.41945,-0.045365,-3.8684,-2.1906,0
0.51046,-1.035,-0.086552,-6.3715,-1.8166,0
-0.34431,-1.0094,-0.21397,5.4616,-2.6796,0
-0.81917,-0.57335,-0.34783,4.5513,-1.8022,0
0.98533,-0.77854,-0.25773,-7.2818,-2.7371,0
1.4602,-2.3175,0.013841,-5.0062,-2.2912,0
-1.0091,-3.4461,0.20176,6.8269,-2.3775,0
-1.9589,-2.2406,0.23265,2.0482,-2.8953,0
-1.389,-0.11166,0.25195,-7.9645,-2.2193,0
0.89035,1.3503,0.28156,-2.0479,-3.2118,0
1.1753,1.4273,0.27126,6.8269,-2.3919,0
0.32051,1.3247,0.297,-0.22742,-3.0823,0
-0.43928,1.7351,0.38324,-7.2818,-2.9097,0
1.1753,2.7098,0.41927,1.5931,-2.5358,0
1.4602,4.4539,0.31759,6.3718,-3.2118,0
-0.62923,5.4799,0.18631,-5.0062,-2.3632,0
-0.7242,4.5309,0.046019,-5.6889,-3.1399,0
-0.91415,3.2227,-0.17279,6.1442,-2.4926,0
-0.81917,1.3503,-0.18694,4.0962,-2.4351,0
-1.7689,-0.67595,0.14512,-7.0542,-2.6221,0
-1.484,-1.0863,0.38967,-3.6408,-1.7734,0
0.7004,-1.0094,0.30858,7.282,-2.4495,0
0.035589,-1.4967,0.17988,2.0482,-1.4282,0
-0.34431,-1.7276,0.048593,-8.4196,-1.8022,0
-0.7242,-1.2915,-0.11873,0.2277,-1.5577,0
-1.389,-2.5227,-0.056948,8.4198,-1.083,0
-0.91415,-4.2155,0.16572,-0.68254,-1.4714,0
0.035589,-3.9591,0.167,-8.4196,-0.14811,0
-0.7242,-1.7532,-0.0041778,3.186,-0.60838,0
-2.2438,0.47827,-0.15992,6.8269,0.29777,0
-0.62923,1.299,-0.23199,-4.3235,0.51352,0
2.315,0.96561,-0.20625,-7.5093,0.58544,0
2.03,-0.060364,-0.056948,5.6891,1.6498,0
0.7004,-1.3172,0.12839,4.3238,1.1752,0
-1.294,-1.2402,0.158,-7.2818,2.5128,0
-1.484,0.042233,0.065325,-4.3235,2.2252,0
-0.059385,1.3503,-0.041503,7.5096,2.8005,0
-0.34431,1.6325,-0.046652,2.2757,3.3183,0
-0.43928,1.5812,0.079483,-7.9645,3.0019,0
0.51046,1.6325,0.22235,0.00013542,4.1525,0
0.60543,1.9916,0.34334,8.4198,3.5197,0
0.7004,2.0172,0.45531,-2.503,4.4546,0
0.89035,2.2481,0.54283,-7.9645,4.3683,0
1.4602,3.1971,0.56214,3.6411,4.2532,0
0.13056,3.7614,0.53511,6.1442,4.8861,0
0.035589,3.4792,0.47977,-6.3715,4.0518,0
0.89035,2.325,0.47462,-5.9164,4.9005,0
-1.0091,0.42697,0.58402,6.5994,4.095,0
-1.7689,-0.52205,0.62392,3.4135,4.3251,0
-0.43928,-0.599,0.51581,-7.5093,4.4402,0
0.98533,-1.1889,0.36522,-2.503,3.721,0
-0.15436,-1.3428,0.26611,7.7372,4.4402,0
-0.53425,-0.75289,0.16572,-0.22742,3.4477,0
-0.7242,-0.11166,0.10651,-8.6471,4.0662,0
-2.0538,0.17048,0.19017,0.91037,3.6347,0
-2.9086,0.27308,0.31888,7.0545,3.4765,0
-1.0091,1.0169,0.24552,-2.503,3.9224,0
1.4602,0.55522,0.052454,-7.7369,3.1888,0
3.1697,-1.3428,-0.037642,3.6411,4.0518,0
2.9798,-2.3431,-0.035068,6.3718,3.232,0
0.41548,-1.9841,0.026712,-6.144,3.7498,0
-1.294,-1.5224,0.076909,-5.2337,3.6347,0
-1.1041,-1.0094,0.052454,7.0545,3.1313,0
-2.0538,-0.4964,0.038296,3.8687,3.7786,0
-1.579,-0.75289,0.021564,-7.0542,2.8436,0
0.13056,-0.7016,-0.019623,-3.1857,3.5772,0
0.41548,0.042233,-0.00031657,7.7372,2.7286,0
0.13056,1.0426,0.017703,1.5931,2.8149,0
0.13056,1.8633,-0.037642,-7.2818,2.743,0
-0.15436,1.4786,-0.083977,0.00013542,2.0525,0
-0.34431,0.29873,0.012554,7.7372,2.6423,0
1.6501,-0.41945,0.15027,-2.2755,1.693,0
1.6501,-0.57335,0.15671,-7.5093,2.2827,0
-0.059385,-0.75289,0.069186,4.3238,1.8799,0
-1.294,-0.23991,-0.023484,6.3718,1.5204,0
-1.389,0.88866,-0.076255,-6.3715,2.0525,0
-0.059385,0.96561,-0.026058,-5.0062,1.0745,0
0.41548,0.58087,0.062751,6.5994,1.9087,0
-0.059385,0.58087,0.15413,3.4135,1.132,0
-0.7242,0.58087,0.20176,-8.4196,1.4628,0
-1.389,0.96561,0.064038,-2.503,1.5923,0
-0.91415,1.5299,-0.2114,6.8269,1.132,0
-0.62923,1.1708,-0.39417,-0.9101,1.9375,0
-0.53425,1.299,-0.44436,-8.6471,1.0169,0
-0.62923,0.65782,-0.34268,2.0482,1.7505,0
-0.91415,-0.77854,-0.10972,7.282,1.1752,0
-0.43928,-0.75289,0.0035447,-5.0062,1.1176,0
0.035589,-0.086014,-0.0016037,-7.7369,1.2615,0
-0.24933,-0.52205,0.047306,4.7789,0.42722,0
0.60543,-1.9071,0.11938,4.3238,1.2327,0
1.4602,-2.497,0.034435,-7.0542,0.18271,0
0.51046,-1.6506,-0.11615,-5.2337,0.57106,0
0.32051,-0.85549,-0.19467,6.5994,0.22586,0
-0.43928,-1.0094,-0.22427,1.8206,-0.1625,0
-0.34431,-0.5477,-0.21783,-7.5093,0.48476,0
0.13056,-0.18861,-0.1316,-0.68254,-0.4214,0
-0.24933,-0.6503,-0.015762,7.282,0.47037,0
-0.34431,-1.0607,0.061464,-1.5928,-0.3351,0
0.41548,-1.0863,0.12968,-7.7369,-0.22003,0
0.79538,-0.82984,0.12839,2.5033,-0.27756,0
0.89035,-0.4964,0.056315,6.8269,-1.0974,0
0.7004,-0.4451,-0.0016037,-5.4613,-0.39263,0
-0.34431,-0.18861,-0.059523,-6.8267,-1.2988,0
-0.43928,-0.086014,-0.055661,5.9167,-0.63715,0
0.035589,-0.16296,0.012554,5.4616,-0.7666,0
-0.34431,0.17048,0.012554,-6.8267,-0.80975,0
-0.62923,1.1965,-0.04279,-4.0959,-0.090578,0
-0.62923,2.0172,-0.12645,7.7372,-0.8529,0
-0.43928,2.0942,-0.18823,2.0482,0.024489,0
0.51046,2.0942,-0.19209,-7.5093,-0.72345,0
0.89035,2.402,-0.19982,-0.45498,-0.34948,0
0.60543,3.1714,-0.22041,8.4198,-0.32071,0
-0.24933,3.8896,-0.26031,-1.1377,-0.73783,0
-0.62923,4.6591,-0.29249,-8.4196,0.15394,0
-0.62923,4.1974,-0.31565,3.4135,-0.66591,0
-0.43928,2.0942,-0.34397,6.8269,0.13956,0
-0.91415,0.47827,-0.29763,-5.4613,-0.46455,0
-1.579,0.067882,-0.13289,-6.5991,-0.49331,0
-0.7242,-0.034715,0.0022576,5.4616,-0.26318,0
0.41548,-0.6503,-0.0028907,5.9167,-1.0111,0
1.6501,-2.3175,0.074335,-7.7369,-0.10496,0
0.89035,-3.5487,0.18502,-5.4613,-0.99673,0
0.98533,-2.6253,0.047306,7.0545,-0.3351,0
0.60543,-1.0863,-0.16378,2.2757,-0.52208,0
-0.34431,-0.36816,-0.28605,-8.192,-0.6803,0
-0.62923,-0.90679,-0.28605,-2.0479,0.067639,0
-0.53425,-2.7022,-0.22556,6.8269,-0.62276,0
0.7004,-3.4204,-0.16893,-0.9101,0.41284,0
1.6501,-1.548,-0.062097,-8.192,-0.19126,0
1.1753,0.63217,-0.0054649,2.5033,0.31216,0
0.89035,0.93996,0.015128,6.8269,0.61421,0
0.79538,0.42697,0.053741,-4.5511,0.24024,0
1.0803,0.76041,0.11938,-7.7369,1.1752,0
1.7451,0.14483,0.25968,5.0064,0.38407,0
1.0803,-1.4454,0.39225,5.0064,1.3478,0
-0.43928,-2.2919,0.38838,-6.5991,0.93064,0
-1.1991,-1.3428,0.23651,-3.8684,1.0313,0
0.13056,0.22178,0.14384,7.282,1.4197,0
1.3652,0.70911,0.24809,2.7309,0.64298,0
-0.15436,0.22178,0.34848,-6.8267,1.4916,0
-0.91415,0.55522,0.24552,-1.5928,0.59983,0
-0.059385,2.838,0.043444,7.5096,0.95941,0
0.51046,4.813,-0.15477,0.2277,0.95941,0
-0.43928,3.8383,-0.31565,-7.2818,0.55667,0
-1.579,0.58087,-0.29892,2.0482,1.2615,0
-1.484,-2.2406,-0.08269,7.7372,0.22586,0
-0.059385,-3.0613,0.11037,-3.4133,0.98818,0
0.60543,-2.9844,0.12453,-7.5093,0.25462,0
0.51046,-2.3688,0.013841,4.5513,0.34092,0
-0.15436,-2.1123,-0.10071,5.6891,0.51352,0
-0.7242,-2.2149,-0.040216,-5.4613,-0.26318,0
-1.389,-3.3691,0.17601,-5.4613,0.62859,0
-0.059385,-4.0617,0.2674,7.5096,-0.43578,0
0.51046,-3.4974,0.19146,2.7309,0.12517,0
-0.34431,-1.7789,0.04087,-8.8747,-0.34948,0
-1.1991,0.91431,-0.15605,-1.1377,-0.86728,0
-0.24933,2.4533,-0.24358,7.9647,-0.46455,0
-0.53425,3.0945,-0.16249,-0.22742,-1.4282,0
-1.8639,3.4023,-0.022197,-8.192,-0.60838,0
-2.8136,1.9146,0.1181,1.5931,-1.4139,0
-1.0091,-0.086014,0.1773,6.3718,-1.0687,0
0.98533,-0.29121,0.12582,-4.3235,-0.99673,0
1.0803,0.19613,0.12453,-6.5991,-1.5577,0
0.41548,0.52957,0.2468,5.4616,-0.83852,0
-1.0091,0.27308,0.30472,4.7789,-1.7015,0
-0.62923,0.63217,0.12067,-7.0542,-0.88167,0
0.035589,2.6841,-0.18051,-4.7786,-1.3276,0
-0.34431,3.2484,-0.30407,6.8269,-1.0974,0
-0.7242,0.70911,-0.15734,2.7309,-0.70906,0
-1.1991,-1.9328,0.047306,-6.8267,-1.2844,0
0.32051,-2.9074,0.14255,-1.3652,-0.40701,0
1.5552,-2.2406,0.11295,8.4198,-1.3276,0
1.6501,-0.85549,0.096215,-0.22742,-0.62276,0
2.8848,0.86301,0.12453,-8.4196,-0.79537,0
2.6949,1.9659,0.15928,1.5931,-0.95358,0
2.315,0.78606,0.1979,7.282,-0.14811,0
2.4099,-0.3938,0.19017,-4.0959,-0.91043,0
2.125,0.96561,0.11295,-7.2818,0.18271,0
1.6501,2.3763,0.044732,5.0064,-0.594,0
1.6501,1.812,-0.0016037,4.3238,-0.076195,0
1.8401,1.2477,-0.056948,-7.0542,0.038872,0
1.2702,1.5299,-0.11487,-3.8684,-0.53646,0
0.51046,1.5812,-0.090413,7.5096,0.42722,0
-1.1991,0.91431,-0.013187,2.5033,-0.39263,0
-1.6739,-0.16296,0.0086931,-7.0542,0.48476,0
-1.0091,-1.0607,-0.037642,-0.22742,0.038872,0
-0.91415,-0.77854,-0.068532,7.282,0.038872,0
-0.62923,-0.36816,-0.078829,-0.22742,0.47037,0
-0.91415,-0.29121,-0.087839,-7.9645,-0.27756,0
-1.484,-0.21426,-0.0917,1.8206,0.72928,0
-0.62923,-0.18861,-0.0917,6.3718,-0.061812,0
1.1753,-0.18861,-0.11744,-4.0959,0.51352,0
0.79538,-0.57335,-0.14833,-5.9164,0.48476,0
0.035589,-0.4964,-0.15219,5.9167,0.053256,0
0.41548,-0.4451,-0.10071,4.3238,0.70051,0
-0.53425,-0.72725,-0.017049,-7.5093,-0.30633,0
-1.7689,-0.80419,0.0099801,-3.4133,0.51352,0
-1.7689,-0.52205,0.022851,7.5096,-0.10496,0
-0.91415,0.42697,0.067899,0.45525,0.082022,0
0.13056,1.2477,0.13097,-8.192,0.42722,0
-0.53425,0.68346,0.10136,0.68281,-0.26318,0
-1.1991,0.22178,-0.035068,6.3718,0.54229,0
-0.43928,0.86301,-0.15863,-2.7306,-0.32071,0
1.1753,1.8377,-0.22427,-7.2818,0.24024,0
0.60543,1.3247,-0.27318,3.186,-0.018661,0
-0.62923,0.093531,-0.26674,5.4616,-0.23441,0
-0.059385,-0.47075,-0.14318,-6.3715,0.34092,0
-0.34431,-0.5477,0.0086931,-5.0062,-0.49331,0
-0.53425,-0.086014,0.12453,7.0545,0.32654,0
-0.43928,0.42697,0.20433,2.9584,-0.2488,0
0.7004,0.22178,0.23136,-7.9645,0.13956,0
1.7451,-0.77854,0.15156,-1.5928,0.28339,0
1.6501,-1.5737,0.027999,7.9647,-0.10496,0
0.51046,-1.625,-0.063384,0.00013542,0.84434,0
0.7004,-2.0354,-0.067245,-8.192,0.067639,0
0.51046,-2.5227,0.01899,2.2757,0.94503,0
0.13056,-2.1123,0.10651,6.5994,0.59983,0
0.79538,-1.0094,0.082057,-4.3235,0.62859,0
1.5552,-0.16296,-0.022197,-7.5093,1.0169,0
0.98533,-0.18861,-0.054374,4.5513,0.32654,0
0.22554,-0.6503,-0.067245,4.5513,1.2615,0
0.22554,-0.98374,-0.083977,-7.0542,0.31216,0
-0.34431,-0.67595,-0.15477,-3.6408,0.97379,0
-0.62923,-0.29121,-0.19595,8.4198,0.85873,0
-0.24933,-0.34251,-0.24229,2.2757,0.57106,0
0.41548,-0.3938,-0.29635,-8.192,1.2758,0
0.7004,-0.21426,-0.27961,0.00013542,0.58544,0
0.7004,-0.5477,-0.27704,7.9647,1.621,0
-0.15436,-1.2659,-0.30021,-1.8203,1.2471,0
-0.7242,-1.3428,-0.25387,-8.192,1.6067,0
-1.484,-1.4711,-0.022197,3.8687,1.9231,0
-0.7242,-2.3431,0.28284,6.3718,1.3909,0
0.22554,-2.3431,0.39096,-3.8684,2.2827,0
-0.24933,-0.21426,0.26096,-5.9164,1.5779,0
-0.7242,1.5555,0.11423,6.3718,2.369,0
-1.8639,0.55522,0.065325,3.4135,1.9806,0
-1.579,-0.95809,0.048593,-7.5093,1.8656,0
0.13056,-1.3172,-0.00031657,-4.0959,2.2827,0
0.79538,-0.57335,-0.028633,7.0545,1.3765,0
1.2702,0.78606,-0.095561,2.0482,2.1388,0
-0.34431,2.325,-0.26803,-7.7369,1.1895,0
0.22554,1.8633,-0.34011,-0.9101,1.5779,0
0.41548,-0.41945,-0.23457,7.7372,1.4628,0
0.22554,-1.3172,-0.15734,-1.8203,1.0169,0
1.6501,-0.086014,-0.16249,-8.8747,1.6498,0
2.5999,1.299,-0.10457,2.5033,0.71489,0
0.22554,1.4016,0.024138,6.1442,1.6067,0
-1.6739,0.63217,0.070473,-5.4613,1.0026,0
-1.1991,0.22178,-0.0016037,-6.8267,1.1464,0
0.60543,0.52957,-0.068532,5.4616,1.3478,0
0.60543,1.0939,-0.086552,3.4135,0.74366,0
0.035589,2.1198,-0.12774,-7.5093,1.5491,0
0.79538,1.7607,-0.073681,-3.1857,0.58544,0
1.3652,-0.16296,0.13354,8.1923,1.0889,0
-0.15436,-1.8815,0.26354,0.2277,0.77243,0
-0.059385,-1.8045,0.13097,-8.4196,0.42722,0
-0.24933,-1.3685,-0.068532,0.00013542,0.88749,0
-1.1991,-1.1633,-0.13031,7.282,-0.004278,0
-0.24933,-0.67595,-0.063384,-2.9581,0.82996,0
0.60543,-0.13731,0.013841,-7.0542,-0.004278,0
-0.91415,0.17048,-0.053087,4.3238,0.42722,0
-1.7689,0.22178,-0.080116,5.234,0.54229,0
-0.53425,0.29873,0.05889,-6.5991,0.067639,0
0.13056,1.0939,0.19403,-5.2337,0.90188,0
-0.34431,1.2734,0.20304,7.282,0.13956,0
-0.43928,0.93996,0.091067,4.0962,0.93064,0
-0.81917,1.0426,-0.083977,-7.0542,0.71489,0
-0.24933,1.2221,-0.19081,-3.6408,0.74366,0
1.2702,0.11918,-0.23972,7.9647,1.4053,0
0.22554,-0.3938,-0.34011,1.8206,0.81558,0
0.51046,-0.41945,-0.36328,-7.2818,1.9375,0
1.2702,-1.4454,-0.25516,0.00013542,1.3334,0
2.7898,-2.061,-0.15734,7.7372,1.9519,0
2.5049,-1.1633,-0.10586,-1.8203,2.1101,0
1.9351,-0.26556,-0.0518,-6.5991,1.6786,0
1.3652,0.17048,0.05889,4.5513,2.4697,0
2.03,0.24743,0.22106,6.5994,1.7793,0
1.5552,0.73476,0.31759,-5.2337,2.5991,0
-0.91415,1.4786,0.39611,-5.2337,2.2252,0
-1.389,1.6325,0.39353,6.1442,2.2827,0
-0.15436,0.78606,0.30601,3.8687,2.6135,0
-0.24933,0.58087,0.26096,-7.2818,1.9231,0
0.51046,1.6838,0.22879,-3.1857,2.743,0
0.7004,2.1198,0.1078,6.5994,1.7936,0
0.89035,1.2221,-0.063384,-0.22742,2.3258,0
0.79538,0.14483,-0.0028907,-6.8267,2.182,0
1.1753,-0.11166,0.2468,0.91037,1.8656,0
1.5552,1.1708,0.38324,6.8269,2.4409,0
1.4602,2.2224,0.32403,-3.8684,1.4484,0
2.22,1.4273,0.21334,-7.7369,2.1532,0
2.6949,0.32437,0.2069,4.0962,1.3478,0
1.4602,-0.18861,0.2674,5.6891,1.3478,0
0.035589,-0.3938,0.22879,-6.144,1.4628,0
-0.91415,-0.93244,0.15027,-5.4613,0.57106,0
-1.579,-0.57335,0.085918,5.4616,1.1464,0
-1.8639,1.0169,-0.033781,3.186,0.067639,0
-1.0091,1.4529,-0.069819,-7.7369,0.45599,0
-0.24933,-0.060364,-0.018336,-1.8203,0.15394,0
0.32051,-0.77854,0.057602,7.7372,-0.2488,0
1.1753,-0.31686,0.12453,-0.22742,0.39846,0
1.6501,-0.086014,0.1374,-7.0542,-0.55085,0
0.89035,-0.62465,0.079483,1.8206,0.25462,0
-0.53425,-0.5477,-0.047939,7.0545,-0.6803,0
-1.6739,0.14483,-0.099422,-3.1857,-0.594,0
-1.7689,-0.18861,0.024138,-7.2818,-0.69468,0
-1.389,-0.4964,0.065325,5.4616,-1.457,0
-1.484,0.042233,-0.024771,4.5513,-0.72345,0
-0.53425,1.1195,-0.090413,-7.0542,-1.6008,0
0.22554,0.78606,-0.063384,-3.1857,-0.95358,0
-0.53425,-1.0094,0.017703,7.5096,-1.3707,0
-1.484,-1.9071,0.07176,2.2757,-1.7878,0
-1.294,-0.85549,0.10522,-7.5093,-1.4426,0
-1.389,0.81171,0.13611,-1.1377,-2.4638,0
-1.389,0.37567,0.16186,7.282,-1.6728,0
-1.484,-1.548,0.11037,-0.9101,-2.5933,0
-1.294,-1.8558,-0.0093262,-8.6471,-2.2193,0
-1.579,-0.93244,-0.058236,2.9584,-2.1043,0
-0.91415,-0.88114,-0.040216,6.1442,-2.6796,0
0.13056,-1.0607,-0.089126,-5.0062,-2.018,0
-0.059385,-0.4964,-0.241,-7.2818,-3.183,0
0.22554,0.58087,-0.27318,5.4616,-2.694,0
-0.91415,1.1452,-0.1316,4.7789,-3.2549,0
0.035589,0.37567,0.061464,-6.3715,-3.4563,0
0.51046,-1.0863,0.21978,-5.2337,-3.0823,0
-0.24933,-2.7535,0.32274,6.8269,-3.8446,0
-0.62923,-3.4717,0.34205,2.2757,-2.9241,0
-0.7242,-2.2406,0.23136,-8.192,-3.6145,0
-0.43928,-0.060364,0.13225,-2.0479,-2.9529,0
0.32051,0.99126,0.23393,7.7372,-2.8522,0
-0.34431,0.93996,0.37294,0.00013542,-2.996,0
-1.389,1.2734,0.39611,-7.9645,-2.0467,0
-0.81917,1.3503,0.3472,1.8206,-2.7659,0
-0.62923,0.37567,0.29314,6.1442,-1.8597,0
-0.43928,-0.599,0.22106,-4.7786,-2.4495,0
0.32051,-0.36816,0.21849,-7.7369,-2.2625,0
-0.15436,0.40132,0.31502,4.7789,-1.9317,0
0.7004,0.93996,0.4064,4.0962,-2.4638,0
1.5552,0.99126,0.34205,-6.8267,-1.5433,0
0.32051,1.0426,0.19146,-4.7786,-2.3632,0
0.60543,0.50392,0.20819,7.5096,-1.7303,0
0.7004,0.70911,0.24552,2.0482,-2.1474,0
0.98533,1.9659,0.11681,-8.4196,-2.4351,0
1.3652,2.0942,0.013841,-2.2755,-2.0755,0
0.41548,0.016583,0.064038,7.9647,-2.9816,0
0.41548,-0.98374,0.11938,0.45525,-2.0899,0
-0.15436,0.11918,0.14126,-7.7369,-2.6796,0
-0.34431,0.37567,0.20304,2.5033,-2.1186,0
0.7004,-1.112,0.24294,6.8269,-1.8454,0
1.3652,-2.3431,0.2069,-3.4133,-2.0899,0
0.22554,-2.5227,0.25324,-7.2818,-1.083,0
-0.15436,-2.7792,0.34848,5.0064,-1.644,0
0.035589,-3.1383,0.39739,5.234,-0.53646,0
-0.91415,-2.3944,0.48363,-7.2818,-0.73783,0
-2.1488,-1.6763,0.72045,-4.5511,-0.3351,0
-0.24933,-1.4198,0.8453,7.282,0.41284,0
0.32051,-1.8045,0.64065,2.9584,0.096406,0
0.22554,-2.1123,0.34334,-7.9645,1.3621,0
0.98533,-2.0354,0.20047,-0.45498,0.68613,0
-0.24933,-1.7276,0.23136,8.1923,1.5923,0
-0.53425,-0.93244,0.34076,-1.3652,1.5347,0
-0.81917,-0.18861,0.45531,-7.7369,1.4053,0
-0.24933,-0.034715,0.48234,1.8206,2.2539,0
0.51046,-0.16296,0.33047,6.5994,1.5491,0
0.51046,0.35002,0.047306,-3.6408,2.5704,0
-0.62923,0.32437,-0.1612,-6.3715,1.9087,0
-1.8639,-0.599,-0.17793,4.3238,2.3546,0
-2.5287,-0.7016,-0.1818,4.5513,2.4841,0
0.22554,0.52957,-0.2217,-7.9645,1.995,0
2.125,2.0942,-0.17922,-5.0062,2.7573,0
0.41548,3.1458,-0.12645,7.0545,1.7361,0
0.035589,3.3253,-0.16764,2.9584,2.3402,0
1.3652,2.9406,-0.2011,-7.9645,1.6498,0
1.3652,2.3763,-0.13031,-2.7306,1.3334,0
1.6501,1.2477,0.047306,7.5096,1.5204,0
1.3652,0.093531,0.17344,0.2277,0.55667,0
1.6501,0.37567,0.19146,-7.7369,1.2327,0
0.7004,2.0429,0.19918,0.45525,0.18271,0
1.3652,3.1458,0.22106,7.7372,0.47037,0
0.98533,2.838,0.297,-2.503,0.13956,0
0.51046,1.4016,0.41413,-7.2818,-0.37825,0
0.035589,-0.29121,0.47205,5.0064,0.024489,0
0.7004,-1.2146,0.36264,5.4616,-1.1118,0
0.51046,-0.5477,0.1374,-6.3715,-0.66591,0
-0.43928,0.83736,-0.077542,-4.5511,-1.6152,0
-1.484,1.1195,-0.19209,7.5096,-1.6728,0
-1.1041,-0.31686,-0.1612,3.186,-1.6871,0
-0.62923,-1.4454,-0.063384,-7.5093,-2.5358,0
-0.24933,-0.23991,-0.089126,-1.1377,-1.7878,0
1.2702,2.2481,-0.18308,8.4198,-2.6796,0
0.89035,3.4279,-0.26803,1.5931,-2.0036,0
0.22554,2.4789,-0.34268,-7.9645,-2.2769,0
0.22554,1.0169,-0.41733,0.2277,-2.4495,0
-0.059385,1.0426,-0.36585,6.8269,-1.9892,0
0.60543,1.2734,-0.10972,-1.8203,-2.881,0
0.60543,0.042233,0.12711,-7.2818,-2.0755,0
0.98533,-1.625,0.17988,4.3238,-2.996,0
0.41548,-2.4714,0.13998,6.5994,-2.5645,0
-1.1041,-2.138,0.16572,-6.3715,-2.6652,0
-0.34431,-1.0607,0.22879,-4.3235,-3.0536,0
1.0803,-0.98374,0.23136,7.0545,-2.3344,0
1.2702,-1.0863,0.083344,2.5033,-3.0392,0
1.7451,-0.36816,-0.099422,-7.9645,-2.1043,0
0.98533,0.93996,-0.16378,-1.8203,-2.5645,0
0.13056,1.7351,-0.087839,7.5096,-2.0036,0
0.7004,1.5042,0.073047,-1.3652,-1.6296,0
1.5552,0.76041,0.18116,-8.6471,-1.831,0
0.41548,1.0682,0.21205,1.5931,-0.66591,0
0.41548,1.0682,0.23007,6.8269,-1.27,0
0.035589,-0.31686,0.26354,-5.0062,-0.3351,0
0.79538,-1.4711,0.19146,-6.8267,-0.43578,0
1.8401,-1.0863,-0.0093262,4.5513,-0.32071,0
2.125,-0.4451,-0.21783,5.9167,0.51352,0
1.7451,-0.086014,-0.38129,-7.0542,-0.047428,0
0.32051,1.2221,-0.41862,-5.2337,1.2039,0
0.41548,2.325,-0.39674,7.282,0.70051,0
-0.24933,1.4016,-0.42248,2.9584,1.3909,0
-0.7242,-0.36816,-0.38773,-7.7369,1.5491,0
-0.91415,-1.4454,-0.22556,-2.9581,1.1608,0
-0.53425,-1.8302,-0.0518,6.8269,2.0238,0
-0.15436,-1.8815,0.047306,0.91037,1.2039,0
-1.389,-1.3428,0.13869,-7.9645,2.2252,0
-1.484,-0.5477,0.26868,0.91037,1.8512,0
-1.1991,-0.034715,0.34462,7.282,2.0669,0
-1.0091,0.35002,0.22621,-3.4133,2.5991,0
-1.6739,0.37567,0.00097052,-7.9645,2.1388,0
-1.7689,-0.086014,-0.068532,4.5513,3.0738,0
-1.1991,-0.13731,-0.0041778,6.5994,2.2108,0
-1.9589,-0.23991,0.033148,-4.5511,2.7861,0
-1.579,-0.85549,0.053741,-5.4613,2.6135,0
-0.059385,-1.2915,0.030574,7.282,2.2683,0
0.41548,-1.9071,0.098789,4.0962,2.6567,0
-0.15436,-2.9074,0.20176,-7.5093,1.5923,0
-0.43928,-1.8558,0.158,-2.7306,2.1964,0
0.41548,-0.086014,0.065325,7.9647,1.2327,0
-0.62923,0.24743,-0.0119,0.91037,1.4628,0
-0.34431,-0.18861,-0.17279,-9.1023,1.3765,0
0.13056,-0.34251,-0.31308,1.3655,0.82996,0
-1.6739,0.093531,-0.3504,7.282,1.693,0
-2.6237,0.32437,-0.3105,-2.503,0.75804,0
-1.484,-0.13731,-0.22041,-7.2818,1.5347,0
-0.7242,-0.6503,-0.049226,4.0962,0.75804,0
-0.91415,-1.0094,0.097502,5.234,0.62859,0
-1.8639,0.067882,0.012554,-5.9164,0.70051,0
-1.1041,0.76041,-0.24744,-5.2337,-0.20565,0
0.89035,-0.034715,-0.37357,6.8269,0.42722,0
0.89035,-0.47075,-0.39674,2.9584,-0.73783,0
0.035589,0.22178,-0.38516,-7.5093,-0.3351,0
0.32051,0.68346,-0.30664,-2.7306,-0.8529,0
-0.24933,-0.060364,-0.19853,7.5096,-1.27,0
-0.53425,-0.93244,-0.10843,0.2277,-0.7666,0
0.41548,-1.035,-0.063384,-8.6471,-1.6728,0
0.89035,-0.599,-0.045365,0.2277,-0.72345,0
1.0803,0.042233,-0.06081,7.282,-1.5145,0
1.9351,1.4529,-0.10328,-2.7306,-1.0111,0
1.6501,1.8633,-0.14962,-8.192,-0.83852,0
-0.15436,0.68346,-0.24872,3.4135,-1.2556,0
-1.1991,0.067882,-0.36456,6.5994,-0.49331,0
-1.1041,0.45262,-0.44179,-5.0062,-1.5145,0
-1.7689,0.86301,-0.44308,-5.4613,-0.80975,0
-1.8639,0.50392,-0.33496,6.3718,-1.6584,0
-1.1041,-0.4451,-0.2114,4.0962,-1.6152,0
-0.43928,-0.18861,-0.20496,-6.8267,-1.3132,0
0.41548,0.60652,-0.30664,-2.0479,-1.9604,0
0.79538,0.63217,-0.31437,7.282,-0.96797,0
0.79538,0.29873,-0.19595,1.5931,-1.7159,0
0.89035,0.22178,-0.11487,-7.9645,-0.99673,0
2.03,0.19613,-0.096848,1.1379,-1.1118,0
2.22,0.40132,-0.098135,8.1923,-1.457,0
2.03,0.70911,-0.16378,-1.8203,-0.72345,0
1.1753,1.1452,-0.2809,-6.8267,-1.5433,0
-0.059385,1.1965,-0.37486,4.7789,-0.594,0
0.32051,0.32437,-0.36714,6.3718,-1.1981,0
0.13056,-0.5477,-0.26546,-5.0062,-0.70906,0
-1.1041,-0.95809,-0.16635,-5.4613,-0.45016,0
-0.62923,-0.67595,-0.17793,5.9167,-0.7666,0
0.51046,-0.13731,-0.20882,3.6411,0.15394,0
0.7004,0.70911,-0.22427,-7.7369,-0.55085,0
0.7004,1.2734,-0.23457,-3.1857,0.41284,0
0.79538,0.50392,-0.25387,7.9647,0.11079,0
0.89035,-0.4964,-0.23843,1.3655,0.42722,0
0.32051,-0.72725,-0.18051,-7.7369,0.94503,0
-1.1991,-0.67595,-0.12903,0.68281,0.42722,0
-0.7242,-0.4451,-0.10972,8.1923,1.4916,0
0.41548,-0.4451,-0.15992,-1.3652,0.70051,0
-0.15436,-0.4964,-0.23714,-7.5093,1.1752,0
0.60543,-0.98374,-0.23199,2.5033,0.82996,0
1.7451,-1.2915,-0.16764,6.8269,0.45599,0
1.7451,-1.0094,-0.1419,-5.9164,0.93064,0
0.41548,-0.90679,-0.1316,-6.144,-0.004278,0
0.41548,-1.112,-0.11101,5.6891,0.70051,0
0.32051,-1.3941,-0.14318,3.4135,-0.11935,0
-0.059385,-0.85549,-0.24229,-6.8267,-0.033045,0
0.60543,-0.0090658,-0.31694,-2.503,0.024489,0
0.51046,0.29873,-0.27447,7.282,-0.69468,0
-0.059385,-0.31686,-0.22041,-0.22742,-0.004278,0
0.41548,-1.0094,-0.23714,-8.192,-0.96797,0
0.51046,-1.1889,-0.28605,1.5931,-0.47893,0
1.1753,-0.41945,-0.32852,6.3718,-0.98235,0
1.6501,0.58087,-0.37357,-3.8684,-1.2844,0
0.98533,0.55522,-0.34912,-6.8267,-0.99673,0
-0.15436,0.11918,-0.24486,4.0962,-1.9604,0
-0.34431,-0.16296,-0.11744,5.4616,-1.1837,0
0.035589,0.11918,-0.06081,-6.8267,-2.1618,0
-0.53425,0.32437,-0.059523,-4.5511,-1.8022,0
-1.389,-0.086014,-0.024771,7.7372,-2.0899,0
-0.34431,-0.31686,0.05889,2.7309,-2.7515,0
1.6501,-0.060364,0.11552,-7.5093,-2.4207,0
2.7898,-0.23991,0.12324,-1.1377,-3.5714,0
1.2702,-0.31686,0.11938,7.0545,-2.9385,0
-0.059385,-0.23991,0.12582,0.00013542,-3.6433,0
-0.34431,-0.26556,0.097502,-7.5093,-3.557,0
-0.62923,-0.18861,0.020277,1.8206,-3.2837,0
-0.43928,-0.599,-0.026058,7.282,-3.7727,0
-0.43928,-0.7016,0.0061189,-3.4133,-2.6508,0
0.51046,-0.6503,0.046019,-6.5991,-3.2837,0
1.5552,-0.6503,0.033148,5.9167,-2.5214,0
0.51046,-0.034715,-0.06081,5.234,-2.6652,0
-1.294,0.47827,-0.1213,-7.2818,-2.7659,0
-3.0036,0.042233,-0.085264,-5.2337,-2.1043,0
-1.6739,-0.6503,-0.065958,7.5096,-2.7947,0
0.7004,-0.95809,-0.092987,2.2757,-1.8166,0
0.7004,-0.85549,-0.11229,-7.5093,-2.4207,0
0.22554,-0.4451,-0.10457,-1.5928,-1.8454,0
0.035589,0.067882,-0.059523,7.9647,-1.7159,0
-0.059385,0.17048,-0.087839,-0.45498,-2.1043,0
0.41548,0.19613,-0.16249,-8.8747,-1.3132,0
1.1753,0.91431,-0.18566,2.5033,-2.1043,0
0.32051,1.299,-0.19853,7.282,-1.3132,0
-1.0091,1.4016,-0.2217,-3.6408,-1.8166,0
-0.81917,1.299,-0.20368,-7.7369,-1.8022,0
0.035589,1.0426,-0.16893,4.5513,-1.4714,0
-0.53425,1.2477,-0.1213,6.1442,-2.2193,0
-1.579,1.3503,-0.11229,-5.9164,-1.4282,0
-1.6739,1.4273,-0.076255,-5.9164,-2.2625,0
-0.91415,1.0426,-0.019623,5.9167,-1.7159,0
0.32051,1.0426,0.027999,3.186,-1.7015,0
0.51046,2.0942,-0.006752,-7.7369,-1.9748,0
-0.53425,3.0688,-0.10457,-3.6408,-1.0974,0
-1.1991,2.7354,-0.13675,7.282,-1.7734,0
0.035589,1.5555,-0.11487,1.5931,-0.75222,0
0.7004,0.96561,-0.045365,-7.9645,-1.1837,0
1.2702,0.63217,0.037009,0.68281,-0.72345,0
1.6501,0.65782,0.007406,8.1923,-0.2488,0
1.1753,1.6325,-0.081403,-3.1857,-0.80975,0
0.32051,1.9146,-0.094274,-7.0542,0.21147,0
-0.7242,0.86301,0.0022576,4.0962,-0.57961,0
-0.15436,0.067882,0.093641,6.5994,0.067639,0
-0.53425,0.17048,0.11681,-5.6889,-0.29195,0
-0.53425,0.88866,0.092354,-4.7786,-0.594,0
-0.62923,1.1708,0.055028,6.3718,-0.13373,0
-0.34431,0.96561,0.064038,2.9584,-1.0687,0
0.22554,0.47827,0.10136,-7.7369,-0.23441,0
-0.53425,0.093531,0.098789,-1.3652,-1.1118,0
-1.1041,0.016583,0.075622,7.282,-0.63715,0
0.32051,0.14483,0.092354,0.45525,-0.70906,0
1.2702,-0.034715,0.096215,-7.5093,-1.0543,0
0.22554,-0.47075,0.035722,2.5033,-0.37825,0
-0.81917,-0.21426,-0.013187,7.0545,-1.1981,0
-1.579,0.78606,0.0061189,-4.3235,-0.40701,0
-0.7242,0.96561,0.055028,-6.8267,-1.0111,0
-0.15436,0.22178,0.038296,5.6891,-1.0111,0
-0.34431,-0.086014,0.039583,4.5513,-0.62276,0
0.79538,0.63217,0.12453,-6.5991,-1.2844,0
1.4602,1.4529,0.1773,-3.8684,-0.29195,0
1.0803,1.7607,0.11681,7.7372,-1.083,0
-0.24933,1.812,0.082057,1.3655,-0.26318,0
-0.24933,1.0939,0.14126,-8.4196,-0.3351,0
0.32051,-0.4964,0.1979,-0.68254,-0.34948,0
-0.7242,-0.98374,0.17087,7.0545,0.45599,0
-1.6739,0.29873,0.17473,-2.2755,-0.11935,0
-2.2438,1.0939,0.24166,-7.2818,0.91626,0
-1.8639,1.1195,0.25067,3.6411,0.26901,0
-1.9589,1.1965,0.17601,6.1442,0.75804,0
-0.15436,1.2221,0.13483,-6.3715,0.78681,0
-0.15436,0.68346,0.18374,-5.6889,0.26901,0
0.51046,-0.57335,0.21978,6.5994,1.0745,0
0.60543,-1.5737,0.17601,3.186,0.25462,0
1.1753,-1.0607,0.11166,-7.7369,1.0745,0
1.7451,-0.034715,0.053741,-1.8203,0.81558,0
2.22,0.093531,-0.0041778,7.9647,0.81558,0
2.03,-0.034715,-0.037642,-0.22742,1.3334,0
0.41548,0.32437,-0.022197,-8.8747,0.45599,0
-1.9589,0.88866,0.0086931,2.7309,1.2039,0
-1.294,1.2221,-0.0093262,6.3718,0.31216,0
0.035589,1.5555,-0.058236,-4.0959,0.62859,0
0.51046,0.91431,-0.0119,-6.8267,0.72928,0
-0.24933,-0.4964,0.11166,5.6891,0.22586,0
-0.15436,-0.90679,0.17344,5.234,1.0601,0
0.32051,-0.52205,0.14899,-6.8267,0.082022,0
0.035589,-0.75289,0.13483,-3.6408,0.84434,0
0.51046,-1.4711,0.16057,7.5096,0.54229,0
0.32051,-1.2915,0.17988,1.5931,0.80119,0
-1.0091,-0.75289,0.14255,-7.5093,1.5347,0
-1.1041,-0.599,0.12582,-0.9101,0.94503,0
-1.8639,-0.93244,0.15542,8.875,1.6498,0
-1.579,-2.0097,0.23265,-0.68254,0.45599,0
0.13056,-2.6766,0.28928,-7.5093,0.55667,0
1.8401,-2.5483,0.24294,2.5033,0.39846,0
2.9798,-2.497,0.098789,7.0545,-0.090578,0
1.6501,-2.0097,-0.024771,-4.0959,0.65736,0
1.0803,-0.80419,-0.067245,-6.8267,-0.1625,0
0.7004,0.27308,-0.072394,5.6891,0.59983,0
-0.15436,0.22178,-0.074968,4.5513,-0.22003,0
-0.62923,-0.23991,-0.062097,-7.2818,-0.37825,0
-0.7242,-0.7016,-0.063384,-4.3235,-0.43578,0
-0.53425,-0.98374,-0.077542,7.282,-1.2988,0
-0.7242,-0.98374,-0.073681,2.0482,-0.37825,0
-0.91415,-0.95809,-0.013187,-7.9645,-0.95358,0
-1.389,-0.4964,0.046019,-0.68254,-0.076195,0
-1.0091,-0.11166,0.05889,6.8269,-0.1625,0
-0.81917,-0.31686,0.052454,-1.5928,-0.43578,0
-0.34431,-0.34251,0.026712,-8.192,-0.23441,0
-0.24933,-0.23991,0.026712,2.2757,-1.4714,0
-1.294,-0.5477,0.087205,6.1442,-1.0111,0
-1.1041,-0.85549,0.13998,-4.7786,-1.831,0
-1.7689,-1.2402,0.14512,-6.8267,-1.3707,0
-1.389,-1.7789,0.13869,5.9167,-1.2844,0
-0.059385,-1.4198,0.11681,4.3238,-1.5865,0
0.60543,-0.599,0.092354,-7.2818,-0.83852,0
0.32051,-0.21426,0.11295,-3.1857,-1.6152,0
-1.0091,-0.086014,0.1078,7.9647,-0.60838,0
0.32051,0.47827,0.060177,1.1379,-1.1118,0
1.4602,0.91431,-0.022197,-7.7369,-0.72345,0
0.89035,0.63217,-0.058236,-0.22742,-0.36386,0
0.22554,0.14483,-0.064671,7.282,-0.89605,0
1.4602,-0.18861,-0.053087,-0.9101,0.13956,0
0.79538,-0.3938,0.026712,-7.9645,-0.5077,0
-0.059385,-0.16296,0.12582,2.7309,0.34092,0
-0.53425,0.47827,0.18502,6.8269,0.32654,0
0.7004,0.52957,0.21205,-4.0959,-0.10496,0
0.22554,-0.034715,0.18889,-7.0542,0.41284,0
-1.1041,-0.88114,0.158,4.3238,-0.70906,0
-0.91415,-1.2659,0.13998,4.7789,0.13956,0
0.51046,-1.3941,0.13354,-6.8267,-0.30633,0
1.7451,-1.4711,0.13354,-3.6408,-0.033045,0
2.03,-1.9584,0.12711,7.7372,0.49914,0
0.98533,-2.5483,0.10008,1.3655,-0.22003,0
-0.15436,-1.7276,0.027999,-7.9645,0.52791,0
-0.7242,-0.77854,-0.055661,-0.22742,-0.45016,0
-0.15436,-0.29121,-0.11873,7.5096,0.096406,0
0.41548,0.067882,-0.13417,-1.3652,-0.10496,0
0.51046,-0.13731,-0.10972,-7.2818,-0.4214,0
-0.34431,-0.90679,-0.028633,3.8687,0.39846,0
-0.53425,-0.93244,0.046019,5.9167,-0.23441,0
0.7004,-0.36816,0.066612,-5.4613,0.88749,0
1.4602,-0.11166,0.064038,-6.3715,0.38407,0
0.7004,-0.34251,0.088493,5.6891,0.80119,0
0.22554,-0.57335,0.070473,4.3238,0.88749,0
0.13056,-0.599,-0.044078,-6.5991,0.39846,0
-0.53425,-0.80419,-0.16764,-2.2755,1.1608,0
-1.389,-0.90679,-0.20368,7.282,0.38407,0
-0.53425,-0.62465,-0.16506,-0.45498,1.3765,0
1.6501,-0.85549,-0.064671,-9.5574,0.98818,0
2.5999,-1.2915,-0.0028907,0.91037,1.3478,0
1.4602,-1.2915,-0.00031657,7.0545,1.693,0
0.035589,-1.0863,-0.0054649,-2.503,0.98818,0
-0.53425,-1.0607,-0.0119,-7.0542,1.7936,0
-0.62923,-1.035,-0.010613,4.0962,0.85873,0
-0.62923,-0.75289,-0.014475,6.5994,1.5347,0
0.60543,-0.599,0.01899,-4.5511,1.2471,0
1.6501,-0.95809,0.069186,-5.9164,1.1608,0
1.6501,-1.1376,0.11166,5.9167,1.6786,0
-0.62923,-0.95809,0.14899,4.3238,0.80119,0
-0.43928,-0.62465,0.14126,-7.2818,1.5779,0
0.22554,0.067882,0.088493,-3.4133,0.61421,0
-0.34431,0.32437,0.012554,7.282,0.87311,0
-1.389,0.24743,-0.062097,1.1379,0.80119,0
-0.62923,0.016583,-0.10457,-7.5093,0.22586,0
0.13056,0.19613,-0.077542,0.45525,1.1176,0
-0.53425,0.47827,-0.024771,7.7372,0.19709,0
-1.389,0.45262,0.00097052,-2.503,1.0026,0
-0.91415,0.24743,0.017703,-7.5093,0.51352,0
0.51046,0.22178,0.047306,3.6411,0.36969,0
1.3652,0.067882,0.048593,6.3718,0.72928,0
0.41548,0.042233,0.0022576,-6.3715,-0.11935,0
0.51046,0.68346,-0.080116,-5.6889,0.75804,0
-0.43928,1.5042,-0.12774,7.7372,-0.17688,0
-0.91415,1.2477,-0.089126,3.186,0.31216,0
-1.8639,0.81171,0.0048318,-7.7369,0.096406,0
-1.7689,0.65782,0.079483,-2.2755,-0.55085,0
-0.81917,0.96561,0.070473,7.5096,0.038872,0
0.13056,1.5299,0.016416,0.2277,-0.98235,0
0.41548,1.4529,-0.053087,-8.4196,-0.11935,0
0.22554,1.0939,-0.13417,1.3655,-0.4214,0
1.0803,1.0426,-0.15219,6.1442,-0.34948,0
0.60543,1.0169,-0.098135,-4.3235,0.16832,0
1.0803,0.86301,-0.019623,-5.9164,-0.37825,0
0.035589,0.68346,0.020277,5.6891,0.71489,0
-0.059385,0.65782,0.05889,4.7789,-0.090578,0
1.0803,0.42697,0.10265,-7.5093,0.57106,0
-0.24933,0.22178,0.12711,-4.3235,0.31216,0
-1.294,0.45262,0.12711,6.8269,-0.090578,0
-0.81917,0.93996,0.082057,1.5931,0.42722,0
-0.24933,1.299,0.035722,-8.192,-0.57961,0
1.4602,1.4529,-0.0041778,0.68281,0.34092,0
1.8401,1.6325,-0.023484,7.0545,-0.14811,0
1.3652,1.4529,-0.046652,-2.0479,0.24024,0
0.79538,1.2734,-0.10972,-7.2818,0.54229,0
0.89035,1.5555,-0.16635,3.6411,-0.13373,0
1.1753,1.5812,-0.16635,5.4616,0.49914,0
0.51046,0.96561,-0.10714,-5.2337,-0.52208,0
-0.15436,0.40132,-0.045365,-5.9164,0.12517,0
-0.53425,0.22178,-0.045365,7.0545,-0.3351,0
0.51046,0.17048,-0.053087,3.4135,-0.14811,0
0.32051,-0.13731,-0.053087,-7.9645,0.38407,0
-0.81917,-0.52205,-0.076255,-2.9581,-0.20565,0
0.89035,-0.23991,-0.11101,8.4198,0.72928,0
0.60543,-0.26556,-0.067245,1.8206,-0.10496,0
-0.7242,-1.2659,0.034435,-7.5093,0.39846,0
-0.059385,-1.4454,0.092354,0.00013542,0.11079,0
0.22554,-0.6503,0.094928,7.9647,-0.2488,0
1.1753,0.042233,0.085918,-1.5928,0.38407,0
0.035589,0.067882,0.064038,-6.8267,-0.43578,0
-0.43928,0.42697,-0.04279,4.5513,0.42722,0
-0.34431,0.73476,-0.17665,6.1442,-0.40701,0
0.13056,1.0682,-0.24615,-6.144,-0.3351,0
0.13056,1.1708,-0.2217,-5.2337,-0.5077,0
1.2702,0.32437,-0.13546,6.8269,-1.2844,0
1.2702,-0.21426,-0.056948,2.9584,-0.594,0
1.0803,0.50392,-0.013187,-7.5093,-1.5721,0
1.0803,1.2477,-0.014475,-1.8203,-0.82413,0
1.5552,1.5812,-0.044078,7.5096,-1.1837,0
0.79538,1.299,-0.064671,0.00013542,-1.1693,0
-0.34431,0.58087,-0.027345,-7.7369,-0.45016,0
-1.1041,0.24743,0.034435,1.5931,-0.99673,0
-0.43928,0.40132,0.065325,7.0545,0.24024,0
-1.8639,0.70911,0.061464,-3.6408,-0.20565,0
-2.4337,1.1452,0.037009,-7.0542,0.58544,0
-0.34431,1.5555,-0.018336,4.5513,0.97379,0
0.51046,1.4016,-0.077542,4.7789,0.80119,0
0.7004,0.78606,-0.086552,-6.5991,1.9519,0
0.7004,-0.36816,-0.077542,-5.0062,1.4772,0
1.2702,-1.2402,-0.073681,7.5096,2.5991,0
1.7451,-0.93244,-0.063384,1.5931,2.2252,0
1.5552,-0.34251,-0.031207,-8.6471,2.369,0
1.5552,-0.21426,0.0099801,0.2277,2.6423,0
0.7004,-0.18861,0.0086931,7.9647,1.7936,0
0.22554,-0.034715,0.011267,-1.8203,2.4697,0
0.41548,0.27308,0.025425,-7.2818,1.2327,0
-0.15436,0.76041,0.0048318,4.5513,1.4197,0
-0.059385,0.58087,-0.0054649,7.282,0.87311,0
1.3652,0.11918,0.021564,-5.9164,0.21147,0
1.8401,0.22178,0.025425,-5.4613,0.67174,0
0.32051,1.0682,0.024138,5.9167,-0.49331,0
0.7004,1.4529,0.047306,3.6411,0.16832,0
0.41548,1.1195,0.065325,-6.5991,-0.73783,0
0.035589,0.73476,0.016416,-2.0479,-0.69468,0
0.51046,0.58087,-0.038929,7.9647,-0.55085,0
0.7004,0.55522,-0.065958,1.5931,-1.27,0
0.60543,0.58087,-0.099422,-8.192,-0.32071,0
-0.24933,0.78606,-0.14962,1.1379,-1.0687,0
-0.24933,0.60652,-0.16764,7.7372,-0.27756,0
0.7004,0.093531,-0.10586,-2.9581,-0.45016,0
1.8401,-0.5477,-0.006752,-7.0542,-0.43578,0
1.5552,-1.0607,0.060177,4.5513,0.35531,0
-0.15436,-1.3941,0.097502,5.0064,-0.29195,0
-1.294,-1.4454,0.11037,-5.6889,0.71489,0
-0.62923,-1.2915,0.11552,-4.7786,-0.047428,0
-0.15436,-0.93244,0.079483,7.282,0.44161,0
-0.91415,-0.67595,0.026712,2.2757,0.44161,0
-0.53425,-0.95809,-0.00031657,-7.5093,-0.004278,0
0.22554,-1.4711,-0.0028907,-1.1377,0.77243,0
0.7004,-1.9071,0.024138,7.0545,-0.10496,0
0.32051,-1.7789,0.066612,-0.68254,0.70051,0
1.2702,-1.7019,0.10394,-9.1023,0.010105,0
0.7004,-1.9328,0.11166,2.5033,0.082022,0
-0.91415,-1.8045,0.070473,6.3718,0.29777,0
-1.0091,-1.3172,0.022851,-4.5511,-0.43578,0
-0.53425,-0.88114,-0.013187,-7.2818,0.48476,0
0.035589,-0.82984,-0.045365,4.7789,-0.52208,0
-0.43928,-0.5477,-0.055661,5.0064,0.11079,0
-1.579,-0.29121,-0.036355,-7.7369,-0.22003,0
-2.1488,-0.36816,-0.02091,-4.5511,-0.53646,0
-2.1488,-0.90679,0.0061189,6.8269,-0.047428,0
-1.6739,-0.90679,0.069186,1.3655,-0.92482,0
-0.059385,-0.52205,0.1181,-7.9645,0.082022,0
0.79538,-0.41945,0.15156,-1.5928,-0.66591,0
0.51046,-0.34251,0.17215,7.7372,-0.20565,0
0.13056,0.14483,0.16829,-0.45498,-0.033045,0
0.51046,1.2221,0.13998,-7.7369,-0.4214,0
0.79538,2.1968,0.096215,2.0482,0.42722,0
0.60543,0.78606,0.082057,7.0545,-0.45016,0
-0.24933,-1.2402,0.078196,-3.8684,0.39846,0
-0.7242,-1.3685,0.039583,-7.2818,-0.11935,0
-1.579,-0.11166,-0.0054649,5.234,-0.018661,0
-1.579,0.52957,0.022851,4.7789,0.26901,0
0.035589,-0.060364,0.082057,-6.5991,-0.5077,0
0.22554,-1.0863,0.14126,-3.6408,0.31216,0
-0.81917,-1.0094,0.16958,8.1923,-0.66591,0
0.13056,-0.57335,0.12968,1.8206,-0.13373,0
0.41548,-0.95809,0.062751,-8.4196,-0.45016,0
0.035589,-1.3172,0.012554,0.2277,-0.75222,0
0.7004,-0.88114,-0.014475,8.6474,-0.20565,0
1.6501,-0.7016,-0.0093262,-1.1377,-0.99673,0
1.3652,-0.75289,0.013841,-6.8267,-0.018661,0
0.60543,-0.80419,0.024138,3.186,-0.62276,0
-0.15436,-0.98374,0.04988,7.0545,-0.11935,0
-0.62923,-0.82984,0.087205,-4.7786,0.024489,0
-1.0091,-0.62465,0.069186,-5.6889,-0.22003,0
-1.7689,-0.599,-0.0016037,6.1442,0.65736,0
-2.1488,-0.034715,-0.053087,4.7789,-0.13373,0
-1.9589,0.24743,-0.0518,-7.2818,0.68613,0
-0.62923,-0.31686,-0.0016037,-3.1857,0.31216,0
0.32051,-0.67595,0.066612,7.9647,0.29777,0
0.035589,0.067882,0.10394,1.3655,0.75804,0
1.6501,1.7607,0.029286,-7.7369,0.12517,0
1.9351,3.4023,-0.17021,-0.68254,1.2615,0
2.315,3.5818,-0.36842,7.282,0.61421,0
2.03,1.5812,-0.32209,-2.2755,1.3046,0
0.79538,-0.6503,-0.11873,-8.192,1.4053,0
-0.91415,-1.3941,-0.0028907,2.7309,1.0169,0
-0.81917,-1.5993,-0.015762,5.4616,1.7793,0
0.13056,-1.625,-0.056948,-5.2337,0.94503,0
0.51046,-0.72725,-0.10457,-6.3715,1.8656,0
-0.059385,0.24743,-0.13932,5.9167,1.2615,0
0.41548,-0.0090658,-0.12002,4.0962,1.5347,0
0.41548,-0.82984,-0.083977,-6.8267,1.7649,0
-0.059385,-1.2915,-0.11101,-4.3235,1.0313,0
0.7004,-0.95809,-0.13546,7.5096,1.808,0
1.9351,-0.21426,-0.096848,1.1379,0.80119,0
1.9351,-0.18861,-0.010613,-8.6471,1.3765,0
1.2702,-0.90679,0.051167,0.00013542,1.0457,0
0.79538,-1.2659,0.0048318,7.0545,0.81558,0
0.7004,-1.2402,-0.038929,-1.8203,1.4772,0
-0.15436,-0.88114,0.027999,-7.2818,0.67174,0
-0.34431,-0.47075,0.11552,3.4135,1.5491,0
0.51046,-0.11166,0.12067,6.3718,0.81558,0
0.51046,0.11918,0.10265,-5.2337,1.0601,0
0.13056,-0.16296,0.11423,-5.0062,1.0889,0
0.60543,-0.4964,0.15671,7.5096,0.39846,0
0.89035,-0.599,0.167,3.8687,1.2615,0
0.79538,-0.77854,0.16186,-7.2818,0.15394,0
0.7004,-1.112,0.16572,-2.7306,0.77243,0
1.1753,-1.0094,0.17215,8.1923,0.15394,0
1.8401,-0.67595,0.15027,0.91037,-0.23441,0
0.79538,-0.599,0.11423,-7.0542,-0.061812,0
0.32051,-0.21426,0.070473,0.91037,-1.2269,0
1.5552,0.14483,-0.0028907,7.7372,-0.52208,0
1.6501,-0.18861,-0.054374,-0.9101,-1.4714,0
0.035589,-0.52205,-0.026058,-7.0542,-1.0399,0
-0.53425,-0.47075,0.016416,2.5033,-1.0255,0
-0.62923,-0.086014,-0.028633,5.6891,-1.3707,0
-0.24933,-0.21426,-0.081403,-5.2337,-0.53646,0
0.60543,-0.90679,-0.054374,-4.7786,-1.3995,0
1.4602,-1.0863,0.029286,5.9167,-0.594,0
1.2702,-0.7016,0.060177,3.4135,-1.4426,0
0.79538,-0.29121,0.027999,-7.5093,-1.3995,0
0.51046,-0.36816,-0.0080391,-2.2755,-1.5002,0
-0.43928,-0.18861,-0.04279,7.7372,-2.2193,0
-1.389,0.27308,-0.037642,-0.68254,-1.4858,0
-0.43928,0.19613,0.007406,-7.7369,-2.2337,0
1.1753,-0.26556,0.057602,1.8206,-1.2988,0
1.3652,-0.5477,0.094928,6.1442,-1.6152,0
1.6501,-0.57335,0.1078,-4.3235,-1.644,0
0.98533,-0.4451,0.10522,-6.8267,-1.3276,0
-0.059385,-0.26556,0.098789,4.7789,-2.1618,0
-0.24933,-0.29121,0.087205,4.3238,-1.5289,0
0.51046,-0.31686,0.078196,-6.5991,-2.5214,0
0.7004,-0.4451,0.064038,-4.5511,-1.7447,0
0.79538,-0.41945,0.026712,6.8269,-1.5002,0
-0.15436,-0.4451,-0.026058,2.2757,-1.2844,0
-1.389,-0.3938,-0.071106,-7.7369,-0.39263,0
-0.62923,-0.21426,-0.04279,-1.1377,-1.2844,0
1.2702,-0.23991,-0.006752,7.5096,-0.46455,0
0.51046,0.042233,-0.02091,-0.22742,-1.2988,0
-0.7242,0.35002,-0.058236,-9.1023,-0.88167,0
-0.24933,0.24743,-0.08269,1.8206,-0.5077,0
-0.059385,-0.086014,-0.089126,7.0545,-0.72345,0
0.32051,-0.034715,-0.058236,-2.503,0.61421,0
0.79538,0.14483,0.025425,-5.6889,-0.004278,0
1.1753,0.19613,0.075622,5.6891,0.85873,0
1.1753,0.24743,0.065325,5.9167,0.55667,0
1.4602,0.17048,0.031861,-6.3715,0.35531,0
0.13056,0.40132,-0.0041778,-4.3235,0.91626,0
-0.059385,0.52957,-0.059523,7.282,0.18271,0
1.3652,0.99126,-0.072394,2.7309,1.1895,0
1.2702,1.5042,0.012554,-8.192,0.45599,0
0.60543,1.0169,0.13354,-1.5928,0.98818,0
-0.62923,0.58087,0.18116,7.282,1.0889,0
-1.484,1.0939,0.12453,-0.22742,0.88749,0
-1.7689,1.4529,0.07176,-8.6471,1.5779,0
-0.53425,0.52957,0.060177,2.0482,0.36969,0
1.1753,-0.34251,0.060177,7.9647,0.18271,0
0.7004,-0.060364,0.047306,-3.8684,-3.4563,0
0.22554,0.60652,-0.027345,-7.0542,-11.439,0
0.41548,0.76041,-0.13932,5.0064,-22.198,0
0.7004,0.65782,-0.18823,4.3238,-24.701,0
0.60543,0.37567,-0.15219,-7.0542,-9.7706,0
0.7004,0.42697,-0.11873,-4.3235,13.099,0
-0.059385,0.96561,-0.15992,7.9647,33.754,0
0.41548,1.1708,-0.17407,1.1379,40.197,0
0.7004,0.86301,-0.12774,-8.8747,34.084,0
0.22554,0.29873,-0.11229,-1.3652,21.226,0
1.5552,0.042233,-0.17021,7.9647,6.6409,0
2.03,0.35002,-0.23457,-1.3652,-2.3775,0
1.4602,0.60652,-0.21655,-8.192,-7.5987,0
1.6501,0.40132,-0.12388,3.186,-7.196,0
1.1753,0.067882,-0.046652,5.9167,-5.585,0
1.2702,0.37567,-0.023484,-5.4613,-4.8083,0
1.8401,0.91431,-0.010613,-6.5991,-4.6933,0
1.8401,0.86301,0.013841,7.0545,-7.5987,0
0.98533,0.63217,0.037009,3.8687,-8.6199,0
0.035589,0.58087,0.10394,-7.5093,-9.6699,0
0.51046,0.24743,0.1773,-2.503,-7.8145,0
0.51046,-0.086014,0.17859,8.4198,-4.3481,0
-0.059385,-0.0090658,0.12711,0.45525,-1.5865,0
0.79538,0.11918,0.033148,-7.5093,1.2615,0
1.7451,0.042233,-0.059523,2.0482,0.32654,0
1.4602,-0.16296,-0.036355,7.282,-0.60838,0
1.4602,-0.34251,0.047306,-2.7306,-2.7947,0
0.035589,-0.5477,0.087205,-6.5991,-3.557,0
-0.15436,-0.77854,0.10265,5.0064,-1.7015,0
-0.059385,-0.72725,0.1477,5.234,0.096406,0
-1.294,-0.6503,0.17473,-6.5991,3.8792,0
-2.1488,-0.57335,0.167,-4.5511,4.771,0
-2.2438,-0.3938,0.13097,6.8269,5.0155,0
-1.7689,-0.5477,0.065325,3.4135,3.3614,0
-0.7242,-0.93244,-0.0119,-7.5093,0.44161,0
1.4602,-0.80419,-0.094274,-1.3652,-0.69468,0
1.8401,-0.4451,-0.14833,7.282,-2.4782,0
1.3652,-0.060364,-0.15992,-0.68254,-1.1981,0
0.60543,0.32437,-0.14833,-7.9645,-0.63715,0
-0.62923,0.58087,-0.16635,1.8206,0.16832,0
-2.2438,0.42697,-0.17536,5.6891,0.067639,0
-1.1041,0.22178,-0.15992,-4.0959,-2.1762,0
0.13056,0.37567,-0.14833,-7.2818,-3.0104,0
-0.53425,0.58087,-0.10843,5.4616,-4.8227,0
-0.62923,0.37567,-0.0054649,4.5513,-3.9022,0
-0.7242,0.19613,0.067899,-7.2818,-2.4638,0
-0.62923,0.22178,0.053741,-3.6408,-0.7666,0
-0.7242,0.45262,-0.013187,6.5994,1.5204,0
-1.0091,0.91431,-0.085264,1.3655,1.5779,0
-1.484,1.299,-0.10071,-8.4196,2.2683,0
-1.484,1.299,-0.090413,-0.45498,1.0313,0
-0.24933,1.0682,-0.068532,7.0545,0.70051,0
-0.53425,0.83736,-0.026058,-3.1857,0.75804,0
-0.24933,0.70911,0.062751,-8.4196,0.48476,0
0.41548,0.37567,0.14255,2.7309,1.8368,0
0.79538,0.067882,0.13225,7.282,1.1752,0
1.0803,0.042233,0.070473,-4.5511,1.7073,0
1.0803,0.14483,-0.0016037,-6.144,0.48476,0
0.79538,0.37567,-0.0028907,5.9167,-0.78098,0
0.22554,0.81171,0.037009,4.0962,-1.4282,0
0.51046,0.78606,0.046019,-6.5991,-3.1686,0
0.51046,0.47827,0.016416,-3.1857,-2.8234,0
-0.24933,0.27308,0.04087,6.8269,-3.672,0
-0.059385,0.22178,0.096215,0.45525,-3.1974,0
1.4602,0.35002,0.098789,-7.5093,-2.9673,0
1.9351,0.55522,0.074335,1.1379,-3.2693,0
0.98533,0.60652,0.064038,8.1923,-2.2193,0
-0.059385,0.40132,0.061464,-3.6408,-2.881,0
-0.53425,0.24743,0.015128,-6.3715,-1.8454,0
-0.24933,0.37567,-0.044078,4.3238,-1.9604,0
0.79538,0.52957,-0.068532,5.9167,-1.457,0
1.3652,0.65782,-0.062097,-4.7786,-0.3351,0
0.035589,0.24743,-0.053087,-5.6889,-0.26318,0
-0.43928,-0.4964,-0.077542,6.5994,1.3765,0
-0.43928,-0.90679,-0.1213,3.6411,0.94503,0
-0.53425,-0.90679,-0.12774,-7.7369,1.6067,0
-0.7242,-0.62465,-0.098135,-1.5928,1.5204,0
-0.34431,-0.3938,-0.0518,7.7372,1.2758,0
0.41548,-0.41945,0.0061189,0.45525,2.2252,0
0.7004,-0.72725,0.04988,-8.192,1.5491,0
0.89035,-0.95809,0.085918,1.8206,2.4121,0
0.41548,-1.0607,0.1181,6.8269,1.4053,0
-0.34431,-1.1889,0.13869,-3.8684,1.2902,0
-0.34431,-1.3685,0.15156,-6.3715,0.74366,0
0.41548,-1.2146,0.19146,4.7789,-0.53646,0
0.60543,-1.035,0.20047,4.0962,0.11079,0
0.035589,-1.035,0.16572,-7.5093,-0.56523,0
0.7004,-0.98374,0.097502,-4.5511,0.57106,0
0.60543,-1.2146,0.04087,7.282,0.75804,0
-0.059385,-1.4198,0.034435,2.0482,1.0745,0
0.79538,-1.3941,0.026712,-8.192,1.7793,0
1.8401,-1.4711,0.024138,-0.9101,0.97379,0
2.125,-1.2915,0.065325,7.7372,1.808,0
2.125,-0.88114,0.10136,-1.3652,0.82996,0
1.0803,-0.62465,0.11166,-7.9645,1.2902,0
-0.24933,-0.82984,0.098789,2.2757,1.4197,0
-0.81917,-0.98374,0.051167,7.0545,1.2471,0
-1.1041,-1.0094,0.01899,-4.0959,2.6423,0
0.22554,-1.1633,0.060177,-7.7369,2.3546,0
1.5552,-1.0607,0.11938,4.7789,3.4765,0
0.60543,-0.26556,0.10909,4.0962,2.7717,0
-1.1041,0.32437,0.029286,-6.3715,2.369,0
-1.7689,0.35002,-0.067245,-3.4133,2.2108,0
-0.81917,0.19613,-0.11873,8.4198,1.2327,0
-0.059385,0.22178,-0.10586,2.2757,2.2108,0
-0.34431,0.016583,-0.08269,-7.9645,1.506,0
-0.43928,-0.13731,-0.063384,0.2277,2.2971,0
-0.24933,0.19613,-0.068532,7.9647,1.9231,0
0.41548,0.47827,-0.086552,-2.0479,1.319,0
1.1753,0.27308,-0.046652,-7.7369,1.693,0
1.6501,-0.086014,0.030574,3.6411,0.74366,0
1.2702,0.22178,0.069186,7.0545,1.6067,0
1.3652,0.50392,0.04988,-5.6889,0.75804,0
2.03,0.40132,0.047306,-5.4613,0.85873,0
2.315,0.067882,0.04988,7.7372,0.64298,0
2.125,0.016583,0.039583,3.4135,0.22586,0
0.79538,0.32437,0.060177,-7.9645,1.3478,0
0.22554,0.37567,0.10394,-1.8203,0.75804,0
1.6501,0.11918,0.17215,7.7372,1.7361,0
2.4099,-0.36816,0.23007,0.00013542,1.2471,0
0.32051,-0.13731,0.19017,-9.1023,1.4197,0
-0.34431,0.093531,0.052454,1.5931,1.6498,0
-0.53425,0.37567,-0.068532,7.9647,0.78681,0
-0.43928,0.76041,-0.11101,-2.7306,1.4053,0
0.13056,1.1965,-0.13417,-6.5991,0.25462,0
-0.15436,1.6068,-0.14704,4.5513,0.67174,0
0.51046,1.812,-0.13675,4.7789,0.44161,0
0.60543,1.6838,-0.10972,-7.0542,0.36969,0
-0.15436,1.2734,-0.11487,-5.4613,1.2183,0
-0.43928,0.88866,-0.12774,5.9167,0.16832,0
0.60543,0.68346,-0.098135,2.7309,0.74366,0
0.51046,0.45262,-0.046652,-7.0542,-0.11935,0
-0.43928,0.093531,-0.037642,-1.3652,0.35531,0
-1.8639,-0.13731,-0.074968,6.8269,0.85873,0
-2.7186,-0.034715,-0.094274,-1.5928,0.45599,0
-1.389,-0.060364,-0.046652,-8.192,1.4772,0
-0.53425,-0.16296,-0.013187,2.0482,0.54229,0
-1.1041,-0.36816,-0.02091,6.3718,1.2183,0
-0.91415,-0.599,-0.026058,-5.0062,0.80119,0
1.4602,-0.75289,-0.019623,-6.8267,0.57106,0
2.5049,-0.77854,0.022851,4.5513,0.88749,0
1.2702,-0.41945,0.030574,5.0064,-0.047428,0
-0.059385,-0.21426,-0.045365,-6.5991,0.75804,0
-0.7242,0.17048,-0.13031,-3.6408,-0.14811,0
-0.53425,0.55522,-0.13546,8.6474,0.16832,0
0.7004,0.27308,-0.076255,2.5033,-0.14811,0
1.4602,-0.34251,0.016416,-8.192,-0.7666,0
-0.15436,-0.18861,0.074335,-0.9101,-0.27756,0
-2.2438,0.27308,0.065325,8.4198,-1.2556,0
-0.62923,0.70911,0.033148,-1.1377,-0.2488,0
2.315,0.93996,-0.028633,-7.9645,-0.5077,0
2.03,1.0426,-0.12002,2.5033,0.28339,0
0.89035,1.0682,-0.22556,6.1442,0.84434,0
0.32051,1.2477,-0.26417,-3.8684,0.16832,0
0.79538,1.5812,-0.21526,-5.4613,0.31216,0
1.5552,1.812,-0.16249,6.1442,-1.2269,0
-0.15436,1.4786,-0.17922,3.8687,-0.8529,0
-1.389,0.76041,-0.18566,-8.4196,-1.5002,0
-0.91415,-0.086014,-0.10714,-3.8684,-1.4858,0
0.13056,-0.4964,0.007406,8.1923,-1.155,0
-0.059385,-0.62465,0.064038,0.91037,-1.8454,0
0.51046,-0.57335,0.044732,-7.9645,-1.1981,0
1.4602,-0.57335,0.0022576,0.91037,-2.6221,0
1.2702,-0.77854,0.00097052,7.0545,-2.4207,0
0.98533,-0.93244,0.05889,-3.1857,-2.9241,0
0.60543,-0.85549,0.10008,-7.7369,-2.881,0
-0.34431,-0.85549,0.10394,4.0962,-1.5433,0
-1.484,-1.035,0.1078,5.4616,-1.8166,0
-1.6739,-0.85549,0.11166,-6.3715,-0.83852,0
-1.1041,-0.47075,0.10394,-5.4613,-1.8885,0
-0.7242,-0.23991,0.079483,6.3718,-1.6871,0
-0.24933,-0.21426,0.021564,3.4135,-1.2988,0
0.7004,0.17048,-0.069819,-7.9645,-1.2269,0
1.8401,0.29873,-0.15219,-2.7306,0.16832,0
2.125,0.24743,-0.17021,7.7372,-0.53646,0
1.0803,0.60652,-0.12388,0.45525,0.15394,0
-0.15436,0.50392,-0.045365,-7.9645,-0.34948,0
0.035589,-0.086014,0.012554,1.1379,-0.23441,0
1.5552,-0.29121,0.015128,6.8269,0.44161,0
1.5552,-0.23991,-0.02992,-2.7306,-0.004278,0
0.41548,-0.36816,-0.069819,-7.2818,1.2758,0
0.51046,-0.57335,-0.085264,5.0064,0.74366,0
0.98533,-0.599,-0.083977,5.4616,1.693,0
1.8401,-0.57335,-0.072394,-7.2818,2.1101,0
1.9351,-0.4451,-0.054374,-4.7786,2.1964,0
0.89035,-0.4451,-0.02091,6.5994,3.1888,0
1.5552,-0.36816,0.0022576,2.5033,2.3834,0
0.79538,-0.41945,0.029286,-7.9645,2.9299,0
-0.43928,-0.72725,0.055028,-1.8203,2.1532,0
-1.389,-0.93244,0.027999,8.4198,1.7793,0
-0.81917,-1.3941,-0.015762,0.45525,1.6786,0
-0.059385,-1.7789,-0.0518,-8.192,0.61421,0
-0.24933,-1.4454,-0.096848,2.9584,1.4197,0
0.98533,-1.112,-0.10586,6.5994,0.71489,0
1.5552,-1.1889,-0.078829,-4.0959,1.5491,0
0.60543,-1.2146,-0.067245,-6.8267,1.7361,0
-1.294,-1.0607,-0.053087,6.1442,1.621,0
-1.389,-1.1889,0.007406,4.3238,2.4121,0
0.7004,-1.4198,0.083344,-7.2818,1.4772,0
2.315,-1.3941,0.13097,-4.0959,2.2683,0
1.4602,-0.88114,0.16057,7.5096,1.7936,0
0.22554,-0.26556,0.18116,1.8206,2.2683,0
0.60543,-0.7016,0.20433,-7.7369,2.7573,0
0.60543,-2.1636,0.20433,0.45525,2.2971,0
-0.24933,-3.01,0.20047,6.8269,2.9443,0
-0.34431,-2.7279,0.19017,-2.7306,1.7649,0
-0.91415,-2.1893,0.13611,-7.7369,2.1245,0
-0.34431,-1.3428,0.094928,4.0962,1.6786,0
0.60543,-0.5477,0.12711,5.0064,1.506,0
1.7451,-0.18861,0.16443,-6.8267,2.1532,0
1.7451,0.016583,0.11681,-5.6889,1.0169,0
1.3652,0.55522,0.013841,6.3718,1.3478,0
1.0803,0.96561,-0.077542,2.7309,-0.13373,0
1.5552,0.81171,-0.13031,-8.192,-0.22003,0
0.79538,0.52957,-0.17793,-2.7306,-0.40701,0
0.035589,0.093531,-0.19724,7.7372,-0.66591,0
0.60543,0.27308,-0.13417,0.91037,0.28339,0
1.7451,0.27308,-0.062097,-7.2818,-0.7666,0
1.9351,0.42697,-0.072394,0.45525,-0.13373,0
1.6501,0.14483,-0.12903,7.7372,-0.91043,0
1.4602,-0.11166,-0.12645,-2.503,-0.32071,0
0.41548,0.042233,-0.077542,-7.2818,0.48476,0
0.22554,0.70911,-0.013187,4.3238,0.082022,0
0.035589,1.0939,0.056315,6.1442,0.78681,0
0.51046,1.0426,0.055028,-5.6889,-0.66591,0
0.7004,1.0426,-0.032494,-5.0062,-0.69468,0
0.89035,1.1965,-0.14704,7.5096,-1.3276,0
0.32051,1.4273,-0.22427,3.6411,-1.5865,0
-0.7242,1.889,-0.25001,-8.4196,-0.6803,0
-0.15436,2.402,-0.27575,-2.0479,-1.2413,0
-0.15436,2.6585,-0.30536,8.875,0.067639,0
-0.62923,2.7098,-0.2616,-0.68254,-0.3351,0
-0.34431,2.2737,-0.15992,-7.5093,0.15394,0
0.41548,1.6068,-0.072394,2.7309,0.053256,0
-0.53425,1.5042,-0.040216,7.0545,-1.0543,0
-1.389,2.5046,-0.058236,-3.6408,-0.70906,0
-1.484,3.274,-0.11229,-6.5991,-1.6152,0
-2.7186,3.7357,-0.19982,5.234,-0.57961,0
-2.0538,2.7354,-0.22942,3.8687,-0.53646,0
-1.294,1.3503,-0.14833,-6.5991,-0.52208,0
-1.8639,0.99126,-0.068532,-2.9581,-0.43578,0
-1.389,0.78606,-0.040216,7.5096,-1.8454,0
0.7004,1.0169,-0.038929,0.2277,-1.2988,0
-0.24933,1.2734,-0.046652,-8.6471,-2.1906,0
-1.9589,0.86301,-0.033781,0.45525,-1.3132,0
-2.6237,0.14483,0.01899,7.282,-0.83852,0
-1.1991,-0.11166,0.078196,-3.8684,-0.66591,0
0.41548,-0.034715,0.10909,-7.9645,0.52791,0
1.5552,0.17048,0.12067,4.7789,-0.033045,0
0.89035,0.37567,0.12324,6.1442,0.78681,0
-0.059385,0.58087,0.051167,-5.6889,-0.23441,0
-0.24933,0.86301,-0.08269,-6.3715,-0.4214,0
0.13056,1.2221,-0.17536,5.4616,-0.4214,0
-0.53425,1.1708,-0.19982,3.4135,-0.82413,0
-0.24933,0.91431,-0.14318,-7.2818,0.54229,0
0.22554,0.27308,-0.055661,-2.9581,-0.061812,0
0.60543,-0.29121,-0.024771,8.4198,0.22586,0
0.41548,-0.13731,-0.073681,0.45525,-1.083,0
-1.294,0.29873,-0.12388,-8.192,-2.5358,0
-1.7689,0.70911,-0.12903,0.68281,-2.6508,0
-0.81917,0.99126,-0.13546,7.282,-3.37,0
0.60543,1.0169,-0.17793,-2.0479,-1.6584,0
1.5552,0.78606,-0.22556,-7.0542,-1.2556,0
0.035589,0.29873,-0.23199,3.6411,0.16832,0
-0.7242,-0.29121,-0.15734,6.5994,0.65736,0
-1.6739,-0.5477,-0.068532,-5.2337,-0.061812,0
-2.1488,-0.47075,-0.062097,-5.4613,0.024489,0
-2.3388,-0.4451,-0.062097,6.8269,-1.3995,0
-2.8136,-0.77854,-0.054374,2.7309,-0.22003,0
-1.1991,-0.599,-0.090413,-8.192,0.35531,0
-0.059385,-0.41945,-0.14061,-1.3652,1.9375,0
-0.24933,-0.36816,-0.16764,8.1923,3.5484,0
-0.53425,-0.18861,-0.17279,0.00013542,3.5484,0
-0.15436,-0.16296,-0.20239,-7.7369,4.5696,0
1.5552,-0.16296,-0.22942,2.9584,3.4909,0
2.22,-0.4964,-0.21655,6.5994,3.6203,0
2.4099,-0.93244,-0.19209,-3.6408,3.0738,0
1.8401,-1.0094,-0.1715,-6.5991,2.6567,0
0.13056,-0.80419,-0.13932,5.4616,3.3183,0
-0.53425,-0.41945,-0.055661,4.3238,2.6279,0
-0.81917,-0.6503,0.026712,-7.5093,3.4477,0
-0.34431,-0.67595,0.016416,-3.6408,2.4121,0
0.41548,-0.47075,-0.038929,7.5096,1.8799,0
0.89035,-0.21426,-0.035068,0.68281,1.4772,0
0.89035,-0.21426,0.00097052,-8.6471,0.54229,0
0.89035,-0.18861,0.021564,0.45525,1.5204,0
1.6501,-0.21426,0.05889,7.282,0.82996,0
1.0803,-0.23991,0.046019,-2.2755,1.5923,0
-0.34431,-0.18861,-0.015762,-7.9645,1.1752,0
-0.059385,-0.36816,-0.046652,4.3238,0.77243,0
1.5552,-0.16296,0.016416,6.1442,1.1608,0
1.9351,0.14483,0.12453,-5.6889,0.32654,0
0.98533,0.016583,0.1979,-5.9164,1.3478,0
-0.24933,-0.57335,0.20819,5.9167,0.78681,0
-0.15436,-0.95809,0.18245,2.5033,1.3478,0
0.13056,-0.62465,0.15285,-8.8747,1.7505,0
-0.53425,-0.5477,0.13998,-2.0479,1.3478,0
-1.579,-0.3938,0.11938,7.7372,2.2827,0
-0.7242,-0.23991,0.13611,0.68281,1.6067,0
0.41548,-0.18861,0.19403,-7.7369,2.7717,0
0.32051,-0.3938,0.22492,2.0482,2.8724,0
-1.294,-0.16296,0.21849,7.282,2.7861,0
-1.0091,-0.034715,0.16572,-3.4133,3.3758,0
-1.0091,-0.5477,0.12711,-6.5991,2.5704,0
-1.0091,-0.7016,0.13611,5.4616,3.6923,0
-0.059385,-0.4451,0.14899,5.4616,3.0738,0
0.7004,-0.060364,0.13483,-6.5991,3.6923,0
1.0803,-0.034715,0.13097,-4.3235,3.7786,0
1.7451,-0.29121,0.17601,7.282,3.1601,0
1.4602,-0.5477,0.25067,2.5033,3.7066,0
0.7004,-0.5477,0.28027,-7.5093,2.6854,0
0.035589,-0.36816,0.25195,-0.9101,3.3902,0
0.51046,-0.23991,0.21591,7.282,3.0738,0
1.0803,-0.0090658,0.21077,-1.8203,3.1169,0
1.8401,0.17048,0.22621,-7.2818,3.5628,0
2.125,0.19613,0.26354,2.9584,2.7142,0
1.7451,0.22178,0.26482,7.282,3.4909,0
0.035589,0.14483,0.2275,-5.6889,2.2827,0
-0.7242,0.19613,0.20304,-7.0542,2.2683,0
-0.34431,0.27308,0.2069,6.5994,1.621,0
-0.24933,0.19613,0.22492,3.6411,0.97379,0
-1.294,0.58087,0.21463,-7.0542,1.5347,0
-2.1488,0.73476,0.22106,-2.2755,0.62859,0
-1.7689,0.86301,0.26868,7.9647,1.1032,0
-1.0091,1.1708,0.28928,0.68281,-0.090578,0
0.51046,1.2477,0.26611,-8.192,-0.49331,0
1.8401,1.1452,0.29185,0.91037,-0.55085,0
2.125,1.0939,0.37294,6.8269,-1.0687,0
1.3652,1.1452,0.44502,-3.4133,-0.033045,0
1.5552,1.6325,0.43215,-7.7369,-0.9392,0
-0.24933,1.8377,0.3768,3.6411,-0.57961,0
-0.62923,1.4016,0.35878,5.9167,-1.4858,0
-0.53425,1.0939,0.36908,-6.3715,-2.0755,0
-0.24933,0.83736,0.41799,-4.7786,-1.8166,0
0.22554,0.63217,0.43086,6.5994,-2.6796,0
-0.62923,0.45262,0.40769,2.2757,-1.5433,0
-0.7242,0.29873,0.37165,-7.9645,-1.8454,0
1.1753,0.42697,0.3665,-0.9101,-0.9392,0
1.4602,0.32437,0.3665,8.1923,-0.56523,0
-0.53425,0.24743,0.36393,-0.22742,-0.80975,0
0.51046,0.22178,0.35235,-7.7369,0.12517,0
1.2702,0.40132,0.31759,3.4135,-0.4214,0
0.60543,0.50392,0.29057,7.0545,0.97379,0
0.60543,0.22178,0.24423,-4.3235,1.1464,0
0.79538,0.11918,0.19146,-5.6889,2.2252,0
0.60543,0.52957,0.14512,6.3718,2.6998,0
-0.059385,0.52957,0.12453,4.5513,2.0094,0
0.41548,0.52957,0.14384,-6.5991,2.5128,0
0.7004,0.37567,0.20433,-3.8684,1.3621,0
0.51046,0.37567,0.25581,7.7372,2.0957,0
-0.15436,0.55522,0.25581,1.5931,1.5923,0
-0.53425,0.45262,0.2069,-7.2818,1.2902,0
-0.53425,-0.34251,0.14255,0.00013542,1.2183,0
0.41548,-0.26556,0.078196,8.1923,-0.30633,0
-0.24933,-0.11166,0.024138,-0.45498,0.053256,0
-1.0091,-0.36816,0.0048318,-7.5093,-1.1406,0
-1.1991,-0.29121,0.016416,1.1379,-0.82413,0
-0.15436,-0.13731,0.065325,7.282,-1.0255,0
-0.15436,-0.0090658,0.10136,-3.4133,-1.4139,0
0.32051,-0.47075,0.074335,-6.8267,-0.29195,0
0.13056,-0.57335,0.031861,5.234,-0.7666,0
0.79538,-0.060364,-0.022197,4.0962,0.44161,0
0.22554,-0.034715,-0.089126,-7.2818,0.15394,0
0.41548,-0.23991,-0.11487,-3.4133,0.18271,0
0.32051,-0.16296,-0.059523,7.0545,0.38407,0
1.9351,-0.21426,0.037009,1.1379,-0.594,0
2.6949,-0.52205,0.11552,-7.9645,-0.11935,0
1.2702,-0.4451,0.08978,0.68281,-1.1837,0
0.41548,-0.21426,-0.019623,6.5994,-0.53646,0
1.5552,-0.3938,-0.12645,-2.503,-0.22003,0
2.03,-0.57335,-0.14318,-7.2818,-0.29195,0
1.0803,-0.36816,-0.1316,3.186,0.24024,0
-0.15436,-0.18861,-0.15348,6.1442,-0.98235,0
-1.389,0.11918,-0.18823,-4.7786,-0.27756,0
-0.91415,0.68346,-0.26674,-6.8267,-0.95358,0
-0.7242,1.1708,-0.32981,5.6891,-0.32071,0
-0.53425,1.1965,-0.30793,3.8687,-0.018661,0
-0.43928,0.91431,-0.26674,-6.8267,-0.34948,0
0.22554,0.70911,-0.25516,-2.9581,0.54229,0
0.51046,0.60652,-0.24872,8.1923,-0.22003,0
-0.24933,0.45262,-0.23843,0.68281,0.72928,0
0.035589,0.24743,-0.24615,-8.192,0.36969,0
0.79538,0.22178,-0.27447,1.8206,0.57106,0
-1.294,-0.13731,-0.27318,7.282,0.81558,0
-2.1488,-0.57335,-0.22684,-2.9581,0.067639,0
-0.059385,-0.82984,-0.14962,-6.144,0.78681,0
1.2702,-1.3685,-0.098135,6.3718,-0.11935,0
0.13056,-1.548,-0.10328,5.0064,0.78681,0
-0.24933,-1.4967,-0.17279,-7.2818,0.82996,0
0.22554,-1.2659,-0.25902,-4.0959,0.87311,0
0.7004,-1.0863,-0.28605,8.1923,1.2615,0
0.51046,-1.3685,-0.21655,2.0482,0.024489,0
-0.24933,-1.7532,-0.18694,-7.9645,0.19709,0
-0.7242,-1.8045,-0.22041,-0.9101,-1.083,0
-0.7242,-1.4454,-0.23972,8.4198,-0.79537,0
-1.1041,-1.4967,-0.2114,0.2277,-0.75222,0
1.0803,-1.7789,-0.20496,-7.5093,-0.72345,0
1.8401,-1.625,-0.23071,2.5033,0.36969,0
0.89035,-1.3685,-0.27061,6.5994,-0.32071,0
0.22554,-1.2659,-0.30278,-4.7786,0.59983,0
0.13056,-1.1889,-0.28862,-6.8267,-0.018661,0
0.22554,-0.88114,-0.21912,4.7789,0.082022,0
1.3652,-0.85549,-0.14576,4.7789,0.45599,0
1.8401,-0.95809,-0.08269,-7.7369,-0.2488,0
0.79538,-0.72725,-0.056948,-3.6408,0.80119,0
1.4602,-0.47075,-0.062097,7.5096,-0.10496,0
0.89035,-0.29121,-0.11744,0.91037,0.36969,0
0.13056,0.14483,-0.15219,-9.3298,-0.047428,0
0.13056,0.37567,-0.12645,-1.3652,-0.89605,0
-0.059385,0.40132,-0.12002,7.0545,-0.72345,0
-0.43928,0.14483,-0.12903,-1.8203,-2.0611,0
-0.24933,0.093531,-0.11615,-8.192,-1.4139,0
0.22554,0.35002,-0.062097,1.5931,-2.1906,0
-0.24933,0.55522,-0.024771,6.3718,-2.1186,0
-0.24933,0.81171,-0.02992,-4.3235,-2.0755,0
0.41548,0.99126,-0.064671,-7.0542,-2.7659,0
0.51046,0.45262,-0.067245,5.4616,-1.9029,0
-0.24933,-0.0090658,-0.017049,4.3238,-2.7947,0
-0.15436,-0.16296,-0.0016037,-7.0542,-1.9748,0
1.1753,0.35002,-0.014475,-3.6408,-2.133,0
0.32051,0.68346,0.020277,7.7372,-2.133,0
0.51046,0.45262,0.12324,1.8206,-1.7734,0
0.7004,0.24743,0.22879,-8.8747,-2.9097,0
0.79538,0.093531,0.28542,-0.68254,-2.4926,0
0.79538,-0.18861,0.28156,7.9647,-3.8878,0
0.79538,-0.21426,0.29185,-1.3652,-3.672,0
0.22554,-0.21426,0.34076,-7.0542,-4.0029,0
0.22554,0.016583,0.39096,3.4135,-4.5494,0
0.7004,-0.060364,0.39611,6.5994,-3.744,0
0.32051,0.19613,0.34977,-4.3235,-4.5351,0
-1.294,0.14483,0.33047,-5.6889,-3.557,0
-0.34431,-0.034715,0.37294,6.3718,-3.672,0
1.6501,-0.034715,0.41927,3.8687,-3.2405,0
1.7451,0.093531,0.46561,-7.7369,-2.5214,0
-0.059385,0.19613,0.5364,-2.9581,-2.9529,0
-1.294,0.42697,0.5763,7.5096,-1.8741,0
-0.7242,0.52957,0.55957,1.3655,-2.5645,0
0.13056,0.55522,0.50036,-7.7369,-1.8454,0
-0.53425,0.60652,0.44888,2.0482,-2.1043,0
-1.1041,0.78606,0.41799,7.282,-2.4207,0
0.22554,0.73476,0.42571,-1.5928,-1.831,0
0.41548,0.24743,0.4669,-7.5093,-2.5501,0
0.32051,0.067882,0.48749,4.7789,-1.3851,0
0.79538,-0.0090658,0.5068,5.9167,-1.8885,0
-0.81917,-0.4964,0.566,-6.8267,-1.155,0
-0.81917,-0.93244,0.63808,-5.4613,-0.70906,0
-0.059385,-1.0094,0.68956,6.1442,-0.9392,0
1.9351,-1.0094,0.72045,2.5033,0.082022,0
1.4602,-1.5737,0.74748,-7.7369,-0.72345,0
0.60543,-1.7019,0.76936,-3.4133,0.082022,0
0.22554,-1.4967,0.69857,7.5096,-0.29195,0
1.9351,-1.8302,0.56085,0.00013542,-0.10496,0
3.0747,-2.1123,0.47462,-8.4196,0.44161,0
2.315,-1.9841,0.44759,0.00013542,-0.2488,0
-0.059385,-1.8815,0.4167,6.5994,0.67174,0
-1.579,-1.9841,0.30858,-2.9581,-0.20565,0
-1.484,-2.0354,0.11166,-7.5093,0.41284,0
-0.15436,-2.061,-0.1213,3.186,0.26901,0
0.22554,-2.0354,-0.37872,5.4616,-0.033045,0
0.41548,-1.6506,-0.6001,-5.2337,0.68613,0
0.98533,-1.8302,-0.77643,-5.4613,-0.22003,0
0.41548,-1.9328,-0.98494,5.4616,0.65736,0
-1.1041,-1.6763,-1.2037,3.8687,-0.076195,0
-0.53425,-1.7276,-1.4225,-7.2818,0.34092,0
0.41548,-1.7789,-1.6774,-2.503,0.47037,0
0.7004,-1.8558,-1.9284,8.1923,-0.004278,0
1.2702,-2.2406,-2.1459,1.8206,0.80119,0
2.03,-2.3431,-2.3402,-7.5093,-0.11935,0
1.6501,-2.2406,-2.5668,0.2277,0.59983,0
0.13056,-1.9841,-2.7933,7.0545,-0.14811,0
-0.24933,-1.3172,-3.0481,-1.8203,-0.32071,0
0.32051,-0.16296,-3.2978,-7.0542,-0.32071,0
-0.059385,0.24743,-3.4845,4.0962,-1.2988,0
-0.34431,0.24743,-3.6466,6.3718,-0.47893,0
0.32051,0.042233,-3.8449,-5.6889,-1.2844,0
-0.53425,-0.0090658,-4.0714,-6.144,-0.36386,0
-0.7242,-0.21426,-4.2619,6.3718,-0.29195,0
-0.43928,-0.67595,-4.4112,3.6411,-0.34948,0
0.22554,-0.3938,-4.5116,-7.7369,0.22586,0
0.035589,0.042233,-4.5257,-2.503,-0.88167,0
0.79538,0.22178,-4.4639,8.1923,-0.2488,0
1.3652,0.24743,-4.4189,0.45525,-0.95358,0
-0.24933,0.45262,-4.4433,-8.6471,-0.60838,0
-1.389,0.32437,-4.4897,1.8206,0.18271,0
-0.43928,0.63217,-4.5244,7.5096,0.010105,0
1.6501,0.88866,-4.63,-2.7306,0.62859,0
2.22,0.83736,-4.7342,-7.2818,-1.5577,0
2.125,0.50392,-4.7162,4.3238,-2.809,0
2.22,0.067882,-4.518,5.234,-4.607,0
2.125,-0.16296,-4.2657,-7.2818,-5.4268,0
2.03,-0.18861,-4.0482,-5.2337,-4.6645,0
1.6501,-0.16296,-3.8642,7.7372,-4.9234,0
1.6501,-0.36816,-3.7123,1.8206,-3.8015,0
1.3652,-0.34251,-3.5797,-7.9645,-4.7796,0
1.7451,-0.21426,-3.3879,-2.503,-4.9234,0
0.98533,-0.16296,-3.0481,7.7372,-5.2111,0
0.035589,-0.23991,-2.5964,0.68281,-5.6857,0
0.13056,0.32437,-2.1086,-7.9645,-4.1611,0
0.035589,1.0939,-1.6671,0.00013542,-3.4275,0
0.13056,1.3247,-1.3608,7.0545,-0.73783,0
-0.24933,2.0172,-1.2372,-2.7306,0.70051,0
-0.43928,2.3763,-1.1832,-6.5991,1.3909,0
-0.62923,2.1455,-0.97464,4.5513,1.8368,0
-0.62923,1.9146,-0.66188,5.9167,0.41284,0
-0.15436,1.812,-0.3504,-5.9164,0.87311,0
0.22554,1.6325,-0.0093262,-5.4613,0.22586,0
-0.62923,1.2734,0.36264,7.7372,1.5779,0
-1.8639,1.1195,0.73719,3.6411,2.4553,0
-2.4337,0.81171,1.1748,-6.8267,2.5704,0
-2.6237,0.50392,1.615,-1.3652,2.8005,0
-0.91415,0.47827,1.9638,7.9647,1.0457,0
0.22554,0.58087,2.3036,0.68281,0.95941,0
0.32051,0.58087,2.7077,-7.5093,-0.004278,0
-0.81917,1.0169,3.1415,1.8206,0.45599,0
0.41548,1.5812,3.6396,7.0545,1.1464,0
1.3652,1.8633,4.1789,-2.9581,1.1176,0
0.13056,2.1711,4.6242,-7.0542,2.2827,0
-0.53425,2.5559,4.9974,4.5513,1.2758,0
-0.43928,2.6841,5.3681,5.6891,1.7217,0
-0.62923,3.0945,5.7555,-6.3715,1.1608,0
-0.7242,3.1971,6.1674,-5.4613,0.80119,0
-0.62923,3.351,6.5767,7.7372,1.319,0
-0.62923,3.2227,6.9397,2.0482,0.68613,0
-0.7242,3.0432,7.1688,-8.192,1.9087,0
-0.62923,3.5049,7.3039,-0.68254,1.3334,0
-0.7242,3.9666,7.4571,6.8269,1.9519,0
-0.81917,4.5309,7.5536,-1.3652,1.8943,0
-0.62923,4.7104,7.5008,-7.9645,1.1032,0
-0.91415,5.326,7.3644,2.7309,1.4916,0
-1.294,5.4542,7.2267,6.3718,0.18271,0
-0.34431,5.4799,7.1173,-4.7786,0.80119,0
-0.24933,5.9159,6.9628,-7.0542,0.25462,0
0.60543,6.275,6.7427,5.0064,0.61421,0
0.51046,5.8133,6.5394,4.3238,1.2039,0
0.035589,4.5052,6.3528,-7.5093,0.98818,0
0.035589,3.1458,6.1198,-3.6408,2.2971,0
-0.43928,2.838,5.8366,7.5096,1.7217,0
-1.389,3.3253,5.5612,1.5931,2.5847,0
-1.0091,3.7614,5.3218,-7.5093,2.3115,0
-0.62923,3.7614,5.0682,0.00013542,2.3115,0
-0.15436,3.6075,4.7915,7.7372,2.7142,0
1.6501,3.3253,4.5212,-0.68254,1.9519,0
1.4602,3.2997,4.2896,-7.9645,2.6854,0
-0.62923,3.4279,4.0218,2.9584,1.6786,0
-1.0091,3.0688,3.6524,6.5994,1.7361,0
-1.484,2.7354,3.2689,-5.2337,1.2615,0
-0.34431,2.5046,2.9587,-5.9164,0.34092,0
1.5552,2.325,2.7245,6.1442,0.71489,0
2.03,2.2481,2.4889,4.3238,-0.46455,0
2.22,1.8633,2.2444,-6.3715,0.25462,0
2.315,1.1195,2.0075,-2.0479,-0.34948,0
2.03,0.68346,1.6755,8.875,-0.14811,0
2.315,0.81171,1.3344,0.91037,0.16832,0
2.125,0.76041,1.0937,-7.5093,-0.55085,0
2.125,0.50392,0.8955,2.0482,0.096406,0
2.03,0.042233,0.70243,6.8269,-0.7666,0
2.4099,-0.29121,0.55184,-5.4613,-0.22003,0
2.125,-0.599,0.43858,-7.0542,-0.27756,0
2.5049,-0.599,0.30987,7.0545,-0.52208,0
2.03,-0.75289,0.14512,3.8687,0.19709,0
2.4099,-1.3428,-0.031207,-7.2818,-0.52208,0
2.315,-1.8302,-0.18308,-2.9581,0.36969,0
2.4099,-1.7789,-0.28476,7.7372,-0.4214,0
2.03,-1.4711,-0.34912,0.45525,-0.6803,0
2.315,-1.8558,-0.41218,-8.6471,-1.1837,0
2.22,-2.3431,-0.51,1.3655,-2.5645,0
2.4099,-2.4201,-0.62842,7.0545,-2.2912,0
2.315,-2.3175,-0.71851,-3.8684,-3.7583,0
2.22,-2.4714,-0.76227,-7.7369,-3.4563,0
2.315,-2.8561,-0.82148,3.186,-4.1467,0
2.22,-2.8305,-0.89613,4.7789,-4.1323,0
2.22,-2.7535,-0.97979,-6.8267,-3.557,0
2.125,-2.7279,-1.0493,-5.4613,-4.1323,0
2.03,-2.8818,-1.0789,7.0545,-3.3412,0
2.315,-3.1896,-1.066,3.186,-4.3481,0
2.22,-3.4717,-1.0995,-7.5093,-3.9885,0
2.315,-3.4717,-1.2398,-2.0479,-3.9597,0
2.315,-3.1383,-1.3891,8.1923,-3.9166,0
2.125,-2.3431,-1.4779,0.00013542,-2.6508,0
2.125,-1.9328,-1.5422,-8.192,-2.996,0
2.5049,-2.2662,-1.613,1.5931,-1.6152,0
2.315,-2.7279,-1.6336,7.0545,-2.0036,0
2.315,-2.6253,-1.604,-3.1857,-1.4139,0
2.315,-2.1636,-1.5641,-6.3715,-1.2988,0
2.22,-1.9071,-1.559,5.234,-1.946,0
2.315,-1.8815,-1.5513,4.5513,-1.3995,0
2.5049,-1.4454,-1.5178,-6.5991,-2.4207,0
2.315,-1.4711,-1.5101,-3.8684,-1.4426,0
2.03,-1.9328,-1.5564,7.282,-1.5865,0
2.4099,-2.2149,-1.6027,1.8206,-1.2556,0
2.125,-2.2662,-1.6465,-7.7369,-0.88167,0
2.125,-1.4711,-1.7083,0.2277,-1.8885,0
2.125,-0.3938,-1.7508,7.9647,-1.4714,0
2.125,-0.23991,-1.7559,-1.8203,-2.5789,0
2.22,-0.52205,-1.7315,-8.192,-1.9029,0
2.315,-0.75289,-1.7237,3.8687,-1.8741,0
2.22,-0.98374,-1.7366,6.1442,-1.7878,0
2.22,-1.0094,-1.7199,-5.2337,-0.95358,0
2.22,-1.1889,-1.6774,-6.144,-1.4858,0
2.22,-1.4198,-1.6632,6.1442,-0.20565,0
2.125,-1.4198,-1.6465,3.4135,-0.46455,0
2.03,-1.4454,-1.6118,-6.5991,0.55667,0
2.125,-1.2402,-1.6285,-2.0479,1.3621,0
2.315,-1.0863,-1.6851,7.282,1.6354,0
2.125,-1.3685,-1.707,0.2277,3.0882,0
2.22,-2.0867,-1.7572,-8.8747,2.6998,0
1.6501,-2.5227,-1.828,0.68281,3.8936,0
0.51046,-2.4457,-1.8164,7.282,3.606,0
0.89035,-2.4714,-1.7379,-3.1857,3.908,0
1.5552,-2.5996,-1.716,-8.8747,4.2388,0
0.79538,-2.8818,-1.7134,3.186,3.3614,0
-0.15436,-2.7792,-1.7186,5.9167,3.8792,0
-0.34431,-2.497,-1.7559,-5.0062,2.6423,0
-0.62923,-1.9328,-1.8113,-6.5991,2.9012,0
0.79538,-1.7276,-1.8254,5.9167,2.4553,0
1.4602,-2.1636,-1.7971,3.6411,2.0813,0
-0.059385,-2.7022,-1.7405,-7.5093,2.9156,0
-1.294,-2.4457,-1.6632,-2.9581,2.671,0
-0.81917,-1.7789,-1.6298,7.282,4.4402,0
0.60543,-1.5993,-1.6452,2.0482,4.5121,0
1.6501,-1.8045,-1.6118,-8.192,5.4327,0
1.9351,-1.8045,-1.5191,0.68281,6.1662,0
1.5552,-1.8558,-1.42,7.5096,5.9505,0
1.8401,-1.625,-1.3234,-2.2755,7.0292,0
1.2702,-1.625,-1.2321,-7.0542,6.4107,0
0.89035,-1.8045,-1.1638,4.5513,7.4176,0
0.60543,-1.3941,-1.1381,6.8269,7.2306,0
-0.34431,-1.1376,-1.1317,-5.0062,7.3313,0
-0.7242,-1.1633,-1.1111,-5.4613,7.3744,0
-0.81917,-1.112,-1.0956,7.0545,5.8929,0
-0.24933,-1.0607,-1.0892,4.0962,5.8354,0
0.51046,-0.85549,-1.0583,-7.0542,4.1381,0
0.32051,-0.85549,-1.0133,-3.4133,4.397,0
-1.294,-0.98374,-0.97979,7.9647,4.4402,0
-1.294,-1.0094,-0.9489,2.2757,4.7566,0
1.2702,-0.80419,-0.8987,-8.192,5.9073,0
1.7451,-1.0607,-0.83306,1.5931,5.7635,0
0.41548,-1.6506,-0.72495,7.282,7.4319,0
0.51046,-1.7276,-0.69406,-2.9581,7.4319,0
0.7004,-1.112,-0.77,-7.7369,8.41,0
-0.15436,-0.086014,-0.82405,4.3238,8.3381,0
-0.62923,0.24743,-0.82019,5.234,7.3313,0
-0.81917,0.27308,-0.78544,-6.5991,7.4176,0
-0.62923,-0.16296,-0.75584,-4.3235,5.8642,0
0.7004,-0.16296,-0.7494,6.8269,5.9505,0
2.22,-0.060364,-0.74554,2.0482,4.958,0
3.8345,-0.13731,-0.69148,-6.3715,4.4977,0
2.4099,-0.16296,-0.62713,-0.45498,3.908,0
0.60543,-0.18861,-0.5898,7.0545,1.9087,0
0.32051,-0.41945,-0.55248,-1.5928,1.4484,0
-0.059385,-0.41945,-0.57178,-7.9645,-0.36386,0
0.51046,-0.47075,-0.59753,2.2757,-0.19126,0
0.035589,-0.5477,-0.54089,6.1442,-0.5077,0
-1.0091,-0.82984,-0.41991,-4.3235,-0.75222,0
-0.53425,-0.98374,-0.31565,-5.9164,-0.23441,0
0.41548,-0.77854,-0.30664,5.4616,-1.3132,0
0.7004,-0.6503,-0.41862,4.0962,-0.7666,0
1.0803,-0.4451,-0.49713,-6.8267,-1.7015,0
1.3652,-0.23991,-0.42892,-3.8684,-0.95358,0
0.60543,-0.18861,-0.30407,7.5096,-0.43578,0
0.79538,-0.0090658,-0.23457,1.5931,-0.20565,0
1.6501,0.35002,-0.2217,-7.0542,1.1032,0
0.98533,0.55522,-0.21655,0.68281,0.80119,0
0.89035,0.81171,-0.20882,7.5096,2.1964,0
0.7004,1.1708,-0.15992,-2.7306,2.5128,0
0.89035,1.1965,-0.096848,-6.8267,3.0594,0
0.32051,0.91431,-0.024771,4.5513,3.3183,0
-0.91415,0.65782,0.017703,6.1442,1.8512,0
-0.7242,0.45262,0.029286,-6.144,1.7649,0
0.32051,0.22178,0.042157,-5.9164,0.082022,0
0.7004,-0.0090658,0.020277,6.3718,-0.033045,0
0.98533,0.24743,-0.0054649,3.8687,-0.78098,0
1.6501,0.70911,0.015128,-7.2818,-1.5289,0
1.2702,0.83736,0.042157,-2.7306,-1.2988,0
1.3652,0.37567,0.088493,8.1923,-2.3056,0
1.6501,0.22178,0.13354,1.8206,-1.2413,0
0.22554,0.35002,0.08978,-8.6471,-1.5433,0
-0.43928,0.81171,-0.0093262,0.45525,-0.57961,0
-0.62923,1.376,-0.080116,7.5096,0.010105,0
-0.34431,1.7607,-0.089126,-2.2755,-0.43578,0
0.7004,1.812,-0.087839,-7.7369,0.12517,0
1.4602,1.889,-0.036355,3.8687,-1.2556,0
1.1753,1.6838,0.033148,5.4616,-0.78098,0
1.2702,1.4529,0.037009,-6.144,-1.1262,0
1.7451,1.4016,-0.037642,-6.3715,-0.66591,0
0.98533,1.6581,-0.10714,6.3718,0.42722,0
0.7004,1.4273,-0.085264,3.4135,0.39846,0
0.035589,1.5042,-0.036355,-7.5093,1.7361,0
-0.059385,1.7607,0.026712,-3.1857,0.98818,0
-0.53425,1.8633,0.060177,7.5096,1.6067,0
-0.7242,1.8377,0.070473,0.00013542,1.3909,0
-1.6739,1.6581,0.082057,-8.192,0.90188,0
-1.8639,1.4273,0.098789,1.3655,1.3621,0
-1.1041,1.8633,0.12067,7.282,0.55667,0
-1.9589,1.9403,0.12968,-3.4133,1.8368,0
-1.294,1.7094,0.14255,-6.8267,1.3621,0
-0.059385,1.4273,0.16443,4.7789,1.7361,0
0.60543,1.4273,0.084631,4.7789,1.3909,0
0.7004,1.5555,0.037009,-7.2818,0.54229,0
-0.34431,1.7864,0.093641,-4.0959,1.3909,0
-0.62923,2.6328,0.18502,7.5096,0.80119,0
-0.62923,4.0948,0.20819,2.7309,1.9662,0
0.60543,4.377,0.15413,-7.7369,1.4628,0
0.89035,4.2744,0.043444,-0.9101,0.93064,0
0.60543,4.0435,-0.037642,8.1923,0.59983,0
0.79538,4.1974,-0.02091,-0.45498,-1.0111,0
1.1753,3.9153,0.034435,-8.192,-0.75222,0
1.6501,3.1458,0.05889,2.5033,-1.831,0
1.2702,2.5815,0.044732,7.282,-1.1262,0
2.03,1.9403,0.037009,-2.503,-0.47893,0
2.315,1.4786,0.043444,-6.8267,-0.076195,0
1.9351,1.2477,0.087205,4.5513,1.7217,0
0.89035,1.1965,0.16186,5.9167,1.5491,0
-0.53425,1.2221,0.21463,-6.3715,2.9731,0
-2.6237,0.91431,0.22235,-4.5511,2.9012,0
-1.6739,0.52957,0.23908,7.0545,3.3327,0
0.7004,0.22178,0.26225,2.7309,3.8936,0
0.7004,-0.18861,0.24938,-7.7369,3.4046,0
-0.24933,-0.31686,0.16958,-2.0479,4.5265,0
-0.53425,-0.26556,0.043444,7.5096,4.095,0
-0.91415,-0.21426,-0.037642,-0.45498,6.2813,0
-1.1991,-0.034715,-0.02091,-8.8747,8.7696,0
0.13056,0.42697,0.056315,2.5033,10.596,0
0.89035,0.96561,0.08978,7.5096,11.359,0
1.6501,1.5042,0.094928,-3.8684,8.6401,0
1.5552,1.5555,0.094928,-6.8267,6.4251,0
1.6501,1.1195,0.083344,5.6891,2.8724,0
0.60543,0.29873,0.064038,4.0962,0.97379,0
-0.7242,-0.26556,0.075622,-8.192,-0.40701,0
0.32051,-0.77854,0.14641,-2.7306,-2.3344,0
1.7451,-0.80419,0.19146,7.5096,-3.2837,0
1.0803,-0.52205,0.20562,1.1379,-6.2754,0
0.89035,-0.26556,0.25324,-7.9645,-7.8289,0
0.60543,0.22178,0.25839,0.2277,-10.116,0
0.60543,0.32437,0.20948,7.0545,-10.547,0
-0.15436,0.22178,0.14255,-2.503,-9.785,0
-0.62923,-0.034715,0.096215,-7.7369,-8.7062,0
-0.62923,-0.13731,0.076909,3.6411,-5.6282,0
-0.43928,0.19613,0.08978,5.4616,-4.233,0
0.51046,0.52957,0.15413,-5.4613,-1.5721,0
0.98533,0.067882,0.25067,-4.7786,-0.5077,0
0.60543,-0.4964,0.29185,6.8269,0.38407,0
-0.34431,-0.3938,0.27383,3.4135,1.7217,0
-1.1041,-0.29121,0.22879,-7.9645,1.7505,0
0.13056,0.11918,0.20948,-2.0479,3.5197,0
0.51046,0.37567,0.20948,7.7372,3.3758,0
0.13056,0.22178,0.20433,0.91037,3.9224,0
0.32051,0.60652,0.17215,-7.7369,3.3327,0
1.1753,1.0682,0.12711,2.5033,2.0669,0
1.5552,1.4529,0.10909,7.282,1.9231,0
1.2702,1.4273,0.10394,-4.3235,0.44161,0
0.7004,1.5812,0.085918,-6.3715,1.1895,0
-0.24933,1.4016,0.087205,5.234,0.80119,0
-0.15436,1.5299,0.091067,4.5513,1.4053,0
0.60543,1.7351,0.065325,-5.6889,2.2827,0
1.5552,1.4529,0.04087,-4.3235,2.0238,0
0.79538,0.52957,0.033148,7.282,3.4334,0
-1.0091,-0.47075,0.038296,2.2757,3.1457,0
-0.62923,-0.90679,0.05889,-7.5093,4.2532,0
0.7004,-1.2146,0.079483,-0.22742,4.6703,0
1.8401,-1.3685,0.11037,8.1923,4.5121,0
2.125,-1.548,0.15027,-0.9101,5.0731,0
1.3652,-1.7789,0.19918,-8.192,3.7786,0
1.2702,-1.8302,0.27641,2.0482,4.0518,0
1.3652,-1.625,0.36908,6.3718,2.8005,0
-0.15436,-1.625,0.42828,-3.6408,2.5991,0
-1.1041,-2.1893,0.43343,-6.8267,2.6854,0
0.22554,-2.3688,0.38066,4.3238,2.0094,0
1.9351,-2.3175,0.30601,4.0962,2.6135,0
2.22,-2.2406,0.297,-7.0542,0.84434,0
2.03,-1.8045,0.33304,-4.3235,0.48476,0
1.0803,-1.3428,0.37294,7.7372,-0.13373,0
-0.059385,-1.4967,0.3665,2.0482,0.038872,0
0.79538,-1.3172,0.32146,-8.192,1.6067,0
1.5552,-1.1376,0.29829,-0.45498,1.5204,0
0.79538,-1.3685,0.30858,7.282,2.6279,0
0.035589,-2.1636,0.27641,-2.503,1.6354,0
0.7004,-2.497,0.21334,-7.9645,1.2039,0
1.4602,-2.2406,0.17988,3.6411,0.68613,0
0.13056,-1.7789,0.21334,6.3718,-0.45016,0
0.035589,-1.4454,0.27641,-5.4613,-0.047428,0
1.4602,-1.4454,0.26354,-5.6889,-1.3276,0
1.6501,-1.4454,0.18245,6.8269,-0.88167,0
0.22554,-1.2146,0.15285,3.6411,-1.2556,0
-0.62923,-0.90679,0.17988,-7.2818,-1.1118,0
-0.53425,-0.4964,0.2069,-2.9581,0.010105,0
0.32051,-0.4964,0.1979,7.0545,0.13956,0
0.89035,-0.57335,0.15156,1.8206,1.8943,0
0.13056,-0.57335,0.14255,-7.5093,1.621,0
-1.1041,-0.599,0.15156,0.45525,2.4553,0
-0.24933,-0.62465,0.14641,7.7372,2.0094,0
1.4602,-0.57335,0.11938,-2.2755,1.1752,0
2.4099,-0.5477,0.098789,-7.0542,1.0889,0
2.9798,-0.41945,0.10651,4.5513,-0.39263,0
1.3652,-0.41945,0.11037,5.6891,0.16832,0
-0.059385,-0.29121,0.10265,-5.4613,-0.47893,0
-0.62923,0.19613,0.097502,-5.4613,0.024489,0
-0.53425,0.24743,0.074335,6.5994,0.26901,0
-0.62923,-0.18861,0.01899,2.9584,-0.20565,0
-0.62923,-0.16296,-0.027345,-7.7369,0.22586,0
-0.81917,-0.11166,-0.033781,-1.5928,-1.4139,0
-1.579,-0.41945,-0.023484,7.7372,-1.8022,0
-0.62923,-0.5477,-0.014475,-0.22742,-3.5426,0
0.41548,-0.599,-0.010613,-8.192,-4.4919,0
0.7004,-0.98374,0.026712,2.0482,-4.8227,0
0.41548,-1.5224,0.10522,6.3718,-5.8871,0
-0.15436,-1.8045,0.1477,-4.7786,-4.9666,0
-0.43928,-1.6506,0.1477,-6.8267,-5.3837,0
-0.7242,-1.2402,0.10909,5.234,-4.0604,0
-0.53425,-1.0607,0.051167,3.8687,-3.3844,0
-0.62923,-1.1889,0.039583,-7.5093,-2.6077,0
-0.24933,-1.3685,0.066612,-4.0959,-1.0399,0
0.41548,-1.4198,0.088493,7.282,-1.0543,0
0.7004,-1.2402,0.12196,1.3655,0.39846,0
0.60543,-1.112,0.18631,-8.6471,0.024489,0
0.035589,-0.82984,0.1773,-0.68254,0.29777,0
0.7004,-0.47075,0.12839,7.0545,0.42722,0
1.2702,0.17048,0.13354,-1.1377,-0.20565,0
-0.24933,0.32437,0.12067,-7.9645,0.70051,0
-1.389,0.37567,0.07176,2.2757,0.024489,0
-0.81917,0.37567,0.0099801,6.8269,1.0313,0
-0.15436,-0.11166,-0.050513,-4.0959,0.87311,0
-1.294,-0.34251,-0.074968,-6.3715,0.94503,0
-1.389,-0.18861,-0.055661,6.3718,1.2902,0
0.41548,-0.36816,-0.031207,5.0064,0.35531,0
2.5049,-0.77854,-0.022197,-7.2818,0.94503,0
2.22,-0.77854,-0.049226,-4.0959,-0.047428,0
1.0803,-0.034715,-0.064671,7.282,0.18271,0
0.035589,0.45262,-0.081403,2.2757,-0.29195,0
0.89035,0.86301,-0.14704,-7.5093,-1.2269,0
1.8401,0.76041,-0.18823,-0.22742,-0.91043,0
2.22,0.27308,-0.18694,7.9647,-1.9892,0
2.03,-0.086014,-0.18952,-0.9101,-1.1262,0
1.3652,0.016583,-0.12645,-7.7369,-1.8741,0
0.98533,-0.21426,-0.023484,3.186,-2.507,0
1.1753,-0.7016,0.042157,7.0545,-2.7371,0
2.03,-0.95809,0.069186,-3.8684,-3.8015,0
2.03,-1.035,0.10008,-6.3715,-2.6364,0
0.60543,-1.2402,0.13225,6.8269,-3.2981,0
-1.1991,-0.98374,0.16186,5.234,-2.5933,0
-1.8639,-1.1633,0.15671,-7.5093,-2.4495,0
-1.579,-0.93244,0.14641,-5.0062,-2.2912,0
-0.43928,-0.67595,0.12196,6.8269,-0.65153,0
-1.1991,-0.57335,0.052454,3.4135,-0.53646,0
-1.7689,-0.98374,-0.013187,-7.5093,1.3765,0
-0.91415,-1.1376,-0.0054649,-2.7306,1.4772,0
0.32051,-0.4964,0.04087,7.9647,2.4984,0
-0.24933,0.65782,0.025425,0.2277,3.045,0
-0.7242,1.376,0.0061189,-7.9645,2.7573,0
-0.91415,1.0426,0.038296,1.1379,3.8217,0
-1.1991,0.35002,0.08077,7.5096,2.9299,0
0.035589,-0.13731,0.097502,-3.1857,3.8361,0
0.89035,0.016583,0.025425,-6.3715,3.3183,0
1.6501,0.14483,-0.047939,5.0064,2.8868,0
0.51046,0.19613,-0.069819,4.3238,2.7861,0
-0.91415,0.016583,-0.074968,-7.5093,1.3621,0
-0.81917,0.042233,-0.0518,-4.7786,1.6354,0
0.035589,0.17048,-0.076255,7.0545,0.34092,0
-0.15436,0.19613,-0.090413,2.9584,-0.061812,0
0.51046,0.32437,-0.044078,-7.7369,-1.083,0
0.79538,0.76041,0.015128,-0.68254,-2.5501,0
0.13056,1.376,0.062751,7.7372,-2.32,0
-1.389,2.1711,0.076909,-0.68254,-3.1974,0
-1.8639,2.5815,0.053741,-7.9645,-1.7159,0
-0.62923,2.325,-0.031207,2.2757,-1.2844,0
1.1753,1.6325,-0.15734,6.3718,-0.37825,0
0.98533,1.299,-0.24229,-4.7786,0.49914,0
0.98533,1.2221,-0.24229,-6.3715,-0.090578,0
0.89035,0.68346,-0.15734,7.0545,1.3334,0
0.79538,0.093531,-0.045365,3.8687,1.1464,0
-0.34431,-0.16296,0.021564,-7.2818,2.2683,0
-0.34431,-0.18861,0.020277,-2.9581,2.1676,0
-0.62923,-0.18861,0.047306,7.5096,1.4916,0
-0.91415,-0.75289,0.15928,1.1379,1.6354,0
-1.484,-0.90679,0.23265,-7.9645,0.41284,0
-0.62923,-0.4964,0.2069,2.2757,1.1895,0
0.41548,-0.0090658,0.15156,7.5096,0.82996,0
0.7004,0.32437,0.13225,-4.5511,1.4053,0
1.2702,0.76041,0.14255,-6.5991,1.9375,0
0.41548,0.73476,0.18245,4.5513,1.506,0
-0.15436,0.27308,0.21978,4.5513,2.3834,0
-0.62923,-1.2915,0.1773,-7.0542,1.5347,0
-0.62923,-2.3175,0.10008,-3.4133,2.4121,0
-1.0091,-2.8305,0.042157,8.4198,2.1388,0
-1.389,-3.4204,0.026712,1.3655,1.9662,0
-0.7242,-3.6,0.026712,-8.4196,2.2683,0
-0.91415,-3.5743,0.0035447,-0.22742,1.1608,0
-1.294,-3.2665,-0.02992,7.5096,2.2108,0
-0.7242,-3.1126,-0.047939,-2.9581,1.693,0
0.22554,-2.6509,-0.098135,-7.7369,2.4697,0
0.60543,-2.3431,-0.16249,3.6411,2.4697,0
-0.059385,-2.061,-0.12903,5.0064,1.8943,0
-0.53425,-1.6763,-0.067245,-7.0542,2.6567,0
-0.81917,-1.4967,-0.058236,-5.0062,1.8224,0
-0.43928,-1.2659,-0.085264,6.5994,2.7861,0
-0.059385,-1.035,-0.12259,2.0482,2.6135,0
-1.389,-0.95809,-0.15863,-8.4196,2.8005,0
-0.53425,-1.2402,-0.17279,-1.3652,3.3902,0
0.13056,-1.3428,-0.13675,7.5096,2.9156,0
-0.15436,-1.3685,-0.083977,-1.3652,4.2244,0
-0.43928,-1.6506,-0.047939,-8.192,3.8073,0
0.41548,-1.7532,-0.032494,2.5033,4.958,0
-0.34431,-1.625,-0.014475,6.8269,5.26,0
-0.53425,-1.2146,0.035722,-3.4133,5.4039,0
-0.81917,-1.0607,0.042157,-7.2818,6.4251,0
-0.34431,-1.2146,-0.0016037,5.6891,5.8642,0
0.32051,-1.1376,-0.038929,5.4616,6.6552,0
0.51046,-1.2402,-0.040216,-7.0542,5.4039,0
-0.059385,-1.625,-0.0518,-3.6408,5.0299,0
0.32051,-1.7276,-0.086552,7.9647,4.771,0
0.035589,-1.8045,-0.077542,2.2757,4.0806,0
0.32051,-1.6763,-0.028633,-7.2818,4.6991,0
0.51046,-1.7019,-0.0080391,0.45525,3.419,0
-0.24933,-1.7789,-0.0093262,7.7372,3.4477,0
-0.81917,-1.4711,-0.010613,-2.0479,2.5416,0
-0.62923,-0.72725,-0.031207,-6.5991,2.0238,0
-0.62923,-0.086014,-0.026058,4.3238,2.6135,0
-0.7242,-0.0090658,-0.014475,6.1442,2.3834,0
-1.1991,0.067882,-0.02091,-6.3715,3.9799,0
-0.059385,0.17048,-0.024771,-5.9164,3.7786,0
-0.53425,-0.18861,-0.049226,7.0545,4.4114,0
-1.484,-0.29121,-0.076255,2.9584,4.2388,0
-0.91415,0.016583,-0.0518,-7.9645,3.2032,0
-0.81917,0.52957,-0.028633,-2.503,3.4621,0
0.13056,0.76041,-0.069819,6.5994,2.0957,0
1.4602,0.68346,-0.12774,0.45525,2.5704,0
2.03,0.83736,-0.16378,-7.7369,2.1388,0
1.7451,1.2221,-0.15348,1.5931,2.4265,0
0.32051,1.5812,-0.11873,6.3718,3.1745,0
-0.62923,1.812,-0.10071,-4.3235,2.8436,0
-1.1991,1.812,-0.11229,-6.3715,4.3539,0
-2.6237,1.889,-0.14833,5.4616,3.9512,0
-2.1488,1.9146,-0.10071,4.5513,4.9724,0
0.035589,1.8377,0.064038,-8.192,4.958,0
0.60543,1.8377,0.20948,-3.1857,4.771,0
1.2702,1.4273,0.2468,7.7372,5.7347,0
1.8401,1.376,0.19532,0.68281,5.1881,0
1.9351,1.8377,0.10394,-8.6471,5.9217,0
1.4602,2.402,0.029286,1.3655,4.5984,0
1.4602,2.6841,-0.019623,7.7372,3.8792,0
0.89035,2.7098,0.0048318,-2.2755,3.0882,0
-0.34431,2.4533,0.097502,-7.0542,1.3478,0
-0.62923,2.5302,0.21463,3.6411,0.71489,0
-0.7242,2.2224,0.26225,5.9167,-1.946,0
-0.53425,1.7607,0.14512,-5.2337,-3.0536,0
0.41548,2.1455,-0.022197,-5.2337,-4.794,0
0.79538,2.5815,-0.068532,6.8269,-5.4412,0
0.79538,2.2994,-0.013187,4.5513,-4.4488,0
0.41548,1.9916,0.0048318,-6.8267,-4.0892,0
-0.24933,1.812,-0.054374,-3.8684,-1.5721,0
-0.15436,1.812,-0.086552,7.7372,-0.70906,0
0.7004,1.6068,-0.073681,2.0482,1.693,0
0.79538,1.6838,-0.095561,-7.7369,3.1888,0
-0.91415,1.812,-0.13546,-1.3652,3.534,0
-1.1041,1.6838,-0.11101,7.9647,3.8505,0
0.79538,1.7094,-0.033781,0.00013542,1.8656,0
0.89035,1.9916,0.075622,-8.4196,1.5923,0
-0.15436,1.9403,0.14641,2.7309,0.32654,0
-0.43928,1.6838,0.10394,6.8269,0.024489,0
-0.62923,1.7094,-0.024771,-4.0959,-0.11935,0
-0.62923,1.812,-0.13417,-6.5991,-0.78098,0
-0.15436,2.2737,-0.17665,5.6891,0.096406,0
0.98533,2.7867,-0.16893,4.7789,-0.79537,0
-0.24933,2.838,-0.16764,-7.0542,-0.27756,0
-1.6739,2.5302,-0.1715,-4.5511,-0.95358,0
-1.579,2.7354,-0.15605,7.0545,-1.3563,0
-1.1991,2.5815,-0.13031,2.5033,-1.6584,0
-0.34431,2.1711,-0.10714,-8.6471,-2.6508,0
0.13056,2.1711,-0.096848,-1.5928,-0.80975,0
-0.24933,2.1711,-0.08269,7.7372,0.15394,0
-0.62923,2.325,-0.04279,0.00013542,2.369,0
-0.24933,2.5046,-0.049226,-8.192,3.1745,0
0.22554,2.8637,-0.13417,1.8206,3.0306,0
-0.53425,3.0175,-0.21397,5.9167,3.3902,0
-1.579,3.0945,-0.241,-3.8684,1.4197,0
-1.6739,3.351,-0.20754,-6.5991,1.1032,0
-0.81917,3.6588,-0.15477,4.5513,-0.018661,0
-0.059385,3.4792,-0.074968,4.5513,0.010105,0
-0.24933,3.1201,0.021564,-7.0542,-0.076195,0
-0.53425,3.2484,0.027999,-3.8684,-1.946,0
-0.91415,2.6328,-0.11487,7.282,-2.9816,0
-1.1041,2.2224,-0.26932,2.2757,-5.5563,0
0.13056,2.4533,-0.28991,-7.7369,-5.8871,0
0.32051,2.1455,-0.21912,-0.68254,-5.9734,0
-1.389,1.5042,-0.13289,7.282,-4.7652,0
-1.294,0.91431,-0.068532,-1.3652,-1.7159,0
1.1753,0.86301,-0.018336,-8.192,-0.60838,0
1.4602,1.2477,0.052454,2.7309,0.19709,0
0.035589,0.78606,0.08978,7.282,-3.3412,0
-0.059385,0.11918,0.073047,-3.8684,-6.8652,0
0.89035,-0.0090658,0.038296,-6.5991,-8.8932,0
0.13056,-0.21426,0.007406,5.4616,-9.3247,0
0.32051,-0.5477,0.015128,4.3238,-6.448,0
2.125,-0.75289,0.016416,-6.8267,-4.3337,0
1.8401,-0.75289,0.0048318,-4.0959,-0.65153,0
0.60543,-0.6503,-0.015762,7.0545,1.319,0
1.1753,-0.62465,-0.0080391,2.2757,2.5416,0
-0.24933,-0.36816,-0.0041778,-8.6471,3.5772,0
-1.0091,-0.3938,-0.019623,-0.9101,2.858,0
0.035589,-0.57335,0.033148,7.7372,3.9512,0
0.60543,-0.57335,0.10394,-1.3652,3.4334,0
0.7004,-0.82984,0.10394,-7.2818,3.7786,0
0.98533,-0.75289,0.096215,2.9584,3.232,0
0.41548,-0.67595,0.13225,6.3718,1.9087,0
-1.0091,-0.599,0.20433,-5.4613,1.6067,0
-0.81917,-0.77854,0.28413,-6.144,0.038872,0
0.60543,-0.77854,0.35621,6.1442,0.94503,0
0.79538,-1.0094,0.36522,3.8687,1.5204,0
1.2702,-0.90679,0.30601,-7.5093,3.4334,0
1.8401,-0.67595,0.21334,-2.7306,5.0155,0
2.22,-0.62465,0.14512,7.5096,5.0155,0
1.6501,-0.57335,0.10136,1.1379,5.9505,0
-0.43928,-0.52205,0.079483,-8.4196,4.5553,0
-2.0538,-0.75289,0.083344,1.1379,4.4402,0
-1.0091,-1.1376,0.08978,7.7372,3.3758,0
0.41548,-1.3685,0.10265,-3.6408,3.2751,0
0.60543,-1.0607,0.07176,-7.7369,4.3107,0
0.13056,-0.7016,-0.0080391,4.0962,3.3614,0
-0.059385,-0.80419,-0.056948,5.6891,2.8149,0
-1.1991,-0.98374,-0.047939,-6.144,0.11079,0
-0.53425,-0.77854,0.055028,-5.4613,-1.2269,0
-0.24933,-1.0607,0.19661,6.5994,-2.4351,0
-1.579,-1.3172,0.2468,2.7309,-3.3556,0
-1.7689,-1.2146,0.15413,-7.2818,-1.6008,0
-0.91415,-1.2915,0.10522,-2.0479,0.32654,0
-1.0091,-1.548,0.17988,8.1923,4.8285,0
-0.7242,-1.5737,0.25968,1.5931,7.3313,0
-1.0091,-1.0607,0.27255,-7.7369,8.6114,0
-1.8639,-0.67595,0.23393,1.5931,8.0217,0
-2.1488,-0.36816,0.16829,7.282,4.8717,0
-1.6739,-0.034715,0.18374,-1.5928,2.2971,0
-1.0091,0.29873,0.18502,-6.144,-2.4926,0
-0.62923,-0.0090658,0.085918,4.3238,-4.3049,0
-0.34431,-0.26556,-0.015762,6.8269,-3.744,0
-1.0091,-0.034715,-0.02091,-5.4613,-0.23441,0
-1.0091,-0.034715,-0.0016037,-4.7786,5.6628,0
0.7004,-0.13731,-0.013187,5.9167,9.8627,0
-0.059385,-0.086014,0.0035447,2.9584,13.372,0
-0.34431,-0.21426,0.051167,-7.7369,11.359,0
-0.62923,-0.18861,0.064038,-1.5928,6.7703,0
-0.7242,0.19613,0.037009,8.1923,0.68613,0
-0.62923,0.29873,0.046019,-0.9101,-4.3337,0
0.035589,0.22178,0.10651,-8.6471,-5.3549,0
1.2702,-0.18861,0.20047,2.9584,-6.4912,0
0.98533,-0.26556,0.25968,7.0545,-5.9302,0
-1.389,-0.23991,0.24166,-4.0959,-7.5987,0
-0.7242,-0.18861,0.16829,-6.8267,-9.9864,0
1.2702,-0.41945,0.11938,4.5513,-12.374,0
1.6501,-0.36816,0.08978,4.5513,-14.719,0
0.79538,0.016583,0.025425,-6.8267,-12.748,0
0.22554,0.19613,-0.085264,-5.0062,-9.7994,0
0.51046,0.016583,-0.14962,6.5994,-4.2618,0
1.1753,-0.16296,-0.11101,2.2757,-0.6803,0
1.1753,-0.0090658,-0.010613,-8.6471,-0.26318,0
-0.7242,-0.034715,0.052454,-1.8203,-0.96797,0
-0.43928,0.24743,0.062751,7.282,-4.0316,0
1.4602,0.47827,0.015128,-0.68254,-4.8083,0
2.03,0.45262,-0.026058,-7.5093,-5.096,0
0.89035,-0.31686,-0.047939,3.4135,-2.5358,0
-0.43928,-0.85549,-0.044078,6.8269,1.2902,0
-1.1991,-0.98374,-0.032494,-5.2337,4.3683,0
0.22554,-0.98374,-0.06081,-6.3715,7.7771,0
0.7004,-0.80419,-0.12259,6.1442,6.7847,0
0.60543,-0.82984,-0.15091,3.4135,4.771,0
-0.62923,-0.98374,-0.15734,-7.2818,0.55667,0
-1.389,-0.98374,-0.18694,-3.1857,-3.2262,0
-0.62923,-0.36816,-0.25902,7.7372,-5.0385,0
1.4602,0.42697,-0.29506,1.5931,-6.9946,0
2.03,0.52957,-0.26932,-7.5093,-6.9515,0
1.5552,0.042233,-0.23457,0.91037,-8.6631,0
1.4602,-0.16296,-0.20368,7.7372,-9.0946,0
-0.15436,-0.3938,-0.18437,-2.7306,-9.6555,0
-0.91415,-0.93244,-0.19724,-7.9645,-10.403,0
0.22554,-1.5224,-0.19081,2.9584,-9.7706,0
0.13056,-1.3428,-0.14061,6.3718,-10.375,0
-0.91415,-1.1376,-0.055661,-4.7786,-8.5912,0
-0.91415,-1.035,0.034435,-6.144,-6.8076,0
-0.62923,-0.62465,0.070473,5.6891,-3.6864,0
-0.91415,-0.5477,0.015128,4.3238,-0.36386,0
-1.294,-0.4964,-0.08269,-7.2818,0.71489,0
-0.62923,-0.75289,-0.14576,-3.6408,1.7793,0
0.035589,-0.95809,-0.13031,7.282,-0.55085,0
-0.15436,-0.85549,-0.074968,0.45525,-1.7303,0
-0.24933,-0.26556,-0.06081,-7.7369,-2.4782,0
0.7004,0.52957,-0.076255,0.45525,-1.6728,0
1.1753,0.93996,-0.11615,6.5994,0.88749,0
1.6501,0.81171,-0.14318,-2.7306,0.78681,0
0.98533,1.0939,-0.15348,-7.5093,0.88749,0
-0.059385,1.3503,-0.15605,4.0962,-1.1981,0
-0.62923,1.1965,-0.1213,5.234,-1.6728,0
0.22554,0.68346,-0.13031,-7.2818,-0.95358,0
0.41548,0.29873,-0.13804,-5.6889,-0.32071,0
-1.1041,0.58087,-0.13804,6.5994,1.506,0
-0.62923,0.73476,-0.14447,3.4135,1.2615,0
0.41548,0.24743,-0.13546,-7.2818,2.2971,0
0.7004,0.042233,-0.080116,-2.9581,1.7073,0
-0.24933,0.60652,-0.033781,7.0545,0.91626,0
-0.62923,0.73476,-0.063384,0.91037,0.010105,0
-1.0091,0.42697,-0.10972,-7.9645,-1.8597,0
-1.0091,0.22178,-0.058236,0.68281,-1.8597,0
1.1753,-0.18861,0.00097052,7.7372,-3.3125,0
0.7004,-0.7016,0.024138,-2.2755,-2.7371,0
-0.15436,-0.7016,0.030574,-8.192,-1.7734,0
-0.62923,-0.6503,0.030574,4.0962,-0.75222,0
-0.059385,-1.2146,0.030574,6.3718,0.71489,0
1.4602,-2.138,0.088493,-5.9164,-0.47893,0
1.6501,-2.5996,0.20176,-6.144,-0.49331,0
0.13056,-3.2409,0.28928,5.9167,-2.4351,0
-0.15436,-3.9591,0.3472,3.8687,-3.1399,0
0.32051,-4.036,0.41413,-7.5093,-3.0536,0
0.32051,-3.3435,0.48105,-2.503,-3.1255,0
-0.059385,-3.01,0.51709,7.9647,-1.3995,0
0.89035,-3.6513,0.50422,-0.45498,-1.5433,0
0.98533,-3.9334,0.43858,-7.5093,-0.26318,0
-1.0091,-3.5487,0.39739,2.5033,0.096406,0
-0.91415,-3.1383,0.41284,7.282,0.84434,0
-0.24933,-2.8561,0.45403,-3.8684,2.2252,0
0.41548,-2.497,0.46947,-5.6889,2.1676,0
0.79538,-2.7279,0.45531,5.9167,3.8361,0
0.32051,-2.9587,0.4566,4.7789,3.6923,0
-1.0091,-3.4461,0.48105,-7.5093,4.9148,0
0.22554,-3.7795,0.53125,-5.2337,5.9073,0
-0.059385,-4.0617,0.56085,6.8269,6.7847,0
-1.8639,-4.1129,0.53383,1.8206,9.086,0
-1.389,-3.9334,0.50551,-7.2818,9.7908,0
-0.81917,-3.3178,0.50036,-1.1377,11.574,0
-0.059385,-2.9844,0.48492,7.282,11.013,0
1.3652,-3.0613,0.49135,-0.45498,10.841,0
0.7004,-2.3944,0.50294,-8.192,9.2299,0
0.32051,-1.5224,0.4965,2.7309,4.5409,0
0.89035,-0.7016,0.46947,5.9167,-0.6803,0
-0.059385,-0.52205,0.47977,-5.0062,-7.4261,0
-0.059385,-0.34251,0.48878,-7.2818,-10.36,0
0.22554,-0.6503,0.4566,5.0064,-12,0
0.035589,-1.1376,0.40383,4.5513,-11.583,0
0.41548,-1.1376,0.32274,-7.5093,-9.5261,0
1.0803,-0.599,0.25581,-4.3235,-8.0734,0
1.4602,0.093531,0.2571,6.5994,-5.1535,0
-0.059385,0.93996,0.27255,1.5931,-4.4631,0
-1.1991,1.4016,0.26868,-7.7369,-3.2837,0
-1.1041,1.7094,0.27126,-1.5928,-3.2118,0
-1.389,1.4786,0.30858,6.8269,-3.6433,0
-2.2438,1.299,0.32146,-0.45498,-2.6221,0
-1.1991,1.7864,0.33304,-7.7369,-2.5933,0
-0.62923,2.5815,0.27126,2.9584,-0.29195,0
-0.7242,2.8124,0.11938,7.282,0.72928,0
-1.0091,2.7354,-0.026058,-3.4133,2.2971,0
-1.484,2.5046,-0.10586,-5.9164,3.5916,0
-1.389,2.1455,-0.081403,6.3718,3.5916,0
-1.7689,1.5042,-0.074968,3.6411,5.0155,0
-1.484,1.1195,-0.13675,-6.5991,4.6991,0
0.035589,0.86301,-0.14962,-2.0479,6.2094,0
0.7004,-0.16296,-0.090413,7.7372,6.9285,0
0.51046,-0.85549,-0.037642,1.1379,7.4032,0
-0.15436,-0.80419,-0.014475,-8.192,8.036,0
0.32051,-0.4451,0.026712,-0.22742,6.7559,0
-0.15436,-0.23991,0.064038,8.4198,6.4395,0
-0.62923,-0.41945,0.039583,-2.0479,3.6635,0
-1.389,-0.57335,-0.0016037,-7.2818,1.9087,0
-0.81917,-0.36816,-0.032494,4.0962,0.45599,0
-0.059385,-0.034715,-0.026058,6.3718,-0.13373,0
-0.53425,-0.086014,0.016416,-5.2337,1.8799,0
-1.9589,0.27308,0.00097052,-6.5991,2.6423,0
-2.6237,0.73476,-0.059523,5.4616,4.7998,0
-1.389,0.52957,-0.12002,4.5513,5.2169,0
-0.81917,0.68346,-0.15605,-7.2818,6.0655,0
-0.62923,1.1452,-0.21269,-3.6408,7.2162,0
-0.7242,1.2477,-0.25902,7.0545,6.7559,0
-0.62923,1.0682,-0.26417,1.1379,7.7196,0
0.51046,0.58087,-0.24872,-7.5093,6.7415,0
0.51046,0.093531,-0.23071,-0.45498,7.1443,0
0.89035,0.45262,-0.21011,6.8269,7.2162,0
2.03,0.86301,-0.18952,-2.503,7.2737,0
2.22,1.0426,-0.17793,-8.192,8.7984,0
2.4099,1.299,-0.20496,3.4135,8.4388,0
2.7898,0.99126,-0.25773,6.5994,9.0429,0
2.03,0.93996,-0.2809,-5.0062,7.5902,0
2.6949,0.78606,-0.28348,-6.5991,6.8135,0
0.60543,0.63217,-0.28862,5.9167,6.4107,0
-1.484,0.24743,-0.25902,3.8687,5.8929,0
-0.059385,0.11918,-0.19724,-6.5991,6.8566,0
0.32051,-0.16296,-0.16635,-2.0479,5.5046,0
-0.24933,-0.4964,-0.17922,8.4198,4.7854,0
-0.62923,-0.599,-0.19081,1.1379,2.6567,0
-0.81917,-0.23991,-0.20496,-8.4196,1.7505,0
-0.7242,0.32437,-0.22813,0.00013542,2.6567,0
-0.7242,0.55522,-0.22427,7.5096,2.9875,0
-1.8639,1.0682,-0.19982,-2.503,4.958,0
-1.484,1.3247,-0.23199,-7.5093,5.0011,0
-0.15436,0.45262,-0.33625,3.6411,6.0655,0
-0.15436,-0.75289,-0.41991,5.9167,6.0655,0
-0.24933,-0.7016,-0.46496,-5.2337,5.5333,0
0.51046,-0.4964,-0.47397,-6.3715,5.8929,0
1.1753,-0.5477,-0.43793,6.5994,4.7854,0
1.6501,0.016583,-0.35169,3.8687,5.4327,0
1.0803,0.88866,-0.30793,-7.0542,4.5409,0
0.41548,1.4016,-0.32852,-2.2755,4.6272,0
-1.6739,1.2221,-0.33367,7.7372,4.1381,0
-2.7186,0.86301,-0.27447,-0.45498,1.9375,0
-0.81917,0.88866,-0.19081,-7.7369,0.68613,0
1.1753,1.4016,-0.14704,1.8206,-2.4063,0
0.60543,1.9403,-0.12516,7.282,-2.9529,0
-0.24933,2.1968,-0.073681,-4.0959,-3.6864,0
-1.7689,2.0429,-0.0518,-6.8267,-3.3268,0
-2.1488,1.7351,-0.12002,5.6891,-2.1043,0
-1.389,1.4786,-0.19595,3.8687,-2.4638,0
-2.1488,1.6325,-0.2114,-7.7369,-1.8454,0
-2.5287,2.402,-0.18051,-3.8684,-3.672,0
0.13056,3.0688,-0.15219,6.3718,-4.3337,0
1.1753,3.1971,-0.13804,1.5931,-4.909,0
-0.24933,2.5302,-0.18694,-8.4196,-5.0672,0
-1.579,1.7607,-0.241,-1.5928,-3.1111,0
-1.389,1.2734,-0.27189,7.5096,-2.7803,0
0.32051,1.5042,-0.29892,-2.503,-0.99673,0
1.9351,1.7607,-0.34654,-8.192,-1.2125,0
3.1697,2.0429,-0.4006,3.6411,-1.4139,0
2.22,1.7864,-0.41605,5.9167,-1.3276,0
1.6501,1.7607,-0.36842,-5.4613,-1.9029,0
1.7451,1.812,-0.27318,-6.144,-0.37825,0
0.98533,1.8377,-0.21655,4.7789,-0.53646,0
-0.34431,1.8377,-0.2011,3.6411,0.45599,0
-1.294,1.7864,-0.14833,-7.5093,0.47037,0
-0.81917,2.0685,-0.056948,-3.6408,0.11079,0
0.32051,2.2481,-0.018336,7.282,0.44161,0
0.7004,2.2737,-0.037642,0.91037,-0.60838,0
0.79538,2.4533,-0.053087,-7.9645,0.082022,0
1.1753,2.7098,-0.0518,0.2277,-0.46455,0
0.98533,2.5046,-0.036355,7.282,0.47037,0
-0.7242,2.4533,-0.026058,-0.68254,1.5347,0
-0.43928,2.7867,-0.078829,-7.2818,1.8512,0
-1.389,2.2737,-0.1213,3.186,3.232,0
-1.6739,1.4016,-0.099422,5.6891,2.4841,0
-0.7242,1.0169,-0.081403,-5.4613,2.8293,0
0.32051,1.6325,-0.11101,-6.144,2.2827,0
0.13056,1.889,-0.22556,6.8269,2.2395,0
1.3652,2.0685,-0.31565,3.4135,3.5484,0
1.1753,2.2224,-0.35169,-7.9645,3.4765,0
0.41548,1.8633,-0.3607,-3.1857,4.3251,0
-1.294,1.7351,-0.35298,6.8269,2.8868,0
-1.6739,1.812,-0.3208,1.1379,2.5991,0
-1.0091,1.6068,-0.26803,-7.5093,2.3115,0
-0.7242,0.99126,-0.25001,0.91037,2.2539,0
-0.53425,0.73476,-0.31565,7.0545,3.2751,0
-0.7242,0.81171,-0.41347,-3.1857,2.3546,0
-0.7242,0.76041,-0.45595,-6.8267,2.4841,0
-2.0538,0.68346,-0.40575,3.8687,1.2039,0
-2.5287,0.22178,-0.2809,5.0064,0.90188,0
-1.7689,-0.29121,-0.15091,-6.5991,1.3909,0
-1.8639,-0.5477,-0.11873,-5.4613,1.2615,0
-1.484,-0.3938,-0.13675,6.8269,2.8293,0
0.035589,0.11918,-0.089126,2.7309,2.4553,0
0.98533,0.78606,-0.006752,-8.6471,3.2751,0
0.98533,0.78606,0.027999,-1.5928,3.1601,0
1.3652,-0.13731,-0.0080391,7.282,2.743,0
0.13056,-0.599,-0.069819,-1.1377,3.3327,0
-0.62923,-0.21426,-0.1316,-7.9645,2.5128,0
-0.43928,0.32437,-0.15734,2.0482,3.8073,0
-0.53425,0.35002,-0.13417,7.282,3.8649,0
-0.24933,0.016583,-0.10972,-4.0959,4.6128,0
0.7004,-0.31686,-0.076255,-6.3715,4.9005,0
1.7451,-0.57335,-0.045365,5.6891,3.6347,0
1.2702,-0.77854,-0.023484,5.0064,3.7786,0
0.41548,-0.72725,-0.014475,-6.8267,2.4265,0
-0.15436,-1.0607,0.031861,-4.5511,3.2608,0
-0.53425,-1.7276,0.13998,6.8269,3.1601,0
0.7004,-1.9328,0.25453,1.5931,2.9875,0
1.3652,-1.8815,0.26611,-8.4196,2.7717,0
0.51046,-2.2662,0.20047,0.2277,1.0889,0
1.4602,-1.9328,0.15027,7.9647,1.4628,0
0.89035,-1.8045,0.12582,-1.5928,0.74366,0
1.0803,-1.7276,0.12582,-7.0542,2.0238,0
1.0803,-1.6506,0.14126,3.6411,2.7142,0
1.8401,-1.8558,0.14126,5.6891,2.7861,0
1.5552,-2.1636,0.12968,-5.6889,3.5197,0
-1.1991,-2.3175,0.1181,-4.5511,2.1388,0
-2.2438,-2.7279,0.13483,7.282,2.2539,0
-0.62923,-3.01,0.16958,2.9584,0.97379,0
-0.43928,-2.9074,0.20948,-7.2818,1.2758,0
-0.34431,-2.7279,0.24037,-2.9581,2.3258,0
0.41548,-2.4457,0.21849,7.5096,2.5272,0
0.60543,-1.9071,0.158,0.45525,3.8936,0
0.89035,-1.4967,0.14512,-7.5093,3.0882,0
0.79538,-1.625,0.13354,2.2757,3.6203,0
0.89035,-1.7532,0.1078,7.0545,3.1457,0
0.98533,-1.8045,0.15928,-4.0959,2.6998,0
1.9351,-1.8302,0.23136,-7.0542,2.5704,0
1.7451,-2.061,0.2571,5.0064,1.132,0
0.51046,-2.1893,0.25195,4.0962,1.8943,0
0.79538,-1.625,0.22106,-8.192,1.4053,0
1.4602,-0.90679,0.18374,-4.5511,2.6423,0
-0.43928,-0.47075,0.14126,7.282,2.9875,0
-2.1488,-0.29121,0.091067,1.8206,2.7142,0
-0.91415,-0.21426,0.037009,-8.4196,3.1169,0
0.41548,-0.16296,-0.0041778,-0.45498,1.621,0
1.7451,-0.21426,-0.0041778,6.8269,1.8656,0
2.125,0.19613,0.022851,-1.8203,0.74366,0
1.7451,0.52957,0.055028,-8.4196,0.77243,0
0.32051,0.40132,0.1078,2.9584,0.88749,0
-0.34431,0.45262,0.15542,5.9167,0.18271,0
0.13056,0.60652,0.18374,-5.6889,0.91626,0
-0.81917,0.60652,0.16314,-6.3715,-0.1625,0
-1.6739,0.65782,0.12196,6.3718,0.84434,0
-1.7689,0.60652,0.10136,3.4135,0.94503,0
-0.7242,0.58087,0.10394,-8.4196,0.98818,0
0.41548,0.76041,0.10265,-2.7306,1.1032,0
0.13056,0.73476,0.12839,9.1025,-0.83852,0
-1.1991,0.93996,0.19661,0.91037,-0.89605,0
-1.1041,0.60652,0.22492,-7.7369,-1.8454,0
-1.484,0.27308,0.18245,1.3655,-0.6803,0
-0.62923,0.40132,0.11552,7.282,0.31216,0
0.13056,0.58087,0.10394,-1.8203,0.55667,0
-0.24933,0.78606,0.1477,-7.5093,1.7936,0
-0.91415,1.1708,0.19403,4.7789,1.0889,0
-1.484,1.4016,0.19275,6.1442,2.0957,0
-1.294,1.2477,0.14126,-5.2337,1.4916,0
-1.8639,1.4786,0.066612,-5.4613,1.1176,0
-1.7689,1.9659,-0.018336,6.5994,1.2327,0
-0.34431,2.4276,-0.010613,3.186,0.59983,0
1.2702,2.4276,0.08978,-7.5093,2.1964,0
0.60543,2.5046,0.23265,-2.0479,2.1532,0
-0.91415,2.4276,0.36522,7.0545,3.1025,0
-0.059385,2.325,0.3768,-0.45498,2.9731,0
-0.81917,2.7098,0.24294,-7.9645,2.3402,0
-1.579,2.9919,0.075622,2.0482,2.9443,0
-1.9589,2.915,-0.017049,6.3718,2.556,0
-1.1991,2.6072,-0.076255,-3.8684,4.1381,0
-1.0091,2.1455,-0.10328,-7.5093,4.095,0
-1.294,1.1195,-0.14318,4.5513,4.095,0
-1.1041,0.58087,-0.14704,4.7789,3.6635,0
-0.7242,0.99126,-0.10714,-7.9645,2.6423,0
-0.24933,0.93996,-0.11358,-4.0959,3.6203,0
-0.059385,0.93996,-0.15734,7.282,3.2176,0
-0.34431,0.37567,-0.14833,2.2757,4.4833,0
-1.389,-0.086014,-0.069819,-7.9645,4.1813,0
-1.1991,-0.13731,-0.055661,-1.5928,3.6779,0
-1.484,0.17048,-0.056948,7.5096,3.5916,0
-0.7242,0.14483,0.017703,-2.0479,2.369,0
0.13056,0.24743,0.12324,-7.9645,2.9875,0
0.98533,0.76041,0.15027,3.186,1.8656,0
1.0803,0.32437,0.04988,6.3718,1.8512,0
1.7451,0.17048,-0.017049,-4.5511,1.7793,0
1.4602,-0.060364,-0.00031657,-6.5991,1.4628,0
-0.62923,-0.34251,0.062751,6.1442,2.3834,0
-0.34431,-0.21426,0.04087,4.5513,1.7361,0
0.7004,0.29873,-0.044078,-6.5991,3.0306,0
2.125,0.70911,-0.12774,-4.0959,3.0738,0
1.1753,0.78606,-0.11487,6.8269,3.534,0
-0.34431,0.27308,-0.054374,2.2757,3.8649,0
-1.8639,-0.11166,0.01899,-7.2818,3.0738,0
-1.484,0.042233,0.038296,-0.9101,4.1381,0
0.13056,-0.21426,-0.0054649,7.5096,3.6923,0
0.035589,-0.34251,-0.11873,-1.1377,4.5696,0
-1.579,-0.16296,-0.20496,-7.7369,4.282,0
-1.294,0.016583,-0.20239,3.186,3.2176,0
0.22554,0.68346,-0.11358,6.3718,3.0306,0
1.7451,1.3503,-0.041503,-4.0959,1.7505,0
2.125,1.5555,-0.045365,-5.6889,2.8005,0
1.1753,1.3247,-0.055661,6.1442,2.6998,0
-0.24933,1.0426,-0.053087,3.6411,3.4621,0
0.7004,1.0939,-0.069819,-7.0542,3.5916,0
3.3597,1.0169,-0.10714,-3.4133,2.4265,0
2.03,1.2221,-0.11744,7.5096,2.4553,0
0.22554,1.4273,-0.11358,0.00013542,1.1176,0
-0.62923,1.6325,-0.13417,-8.192,1.9231,0
-0.24933,1.8633,-0.17021,1.5931,1.7361,0
0.22554,1.6325,-0.18051,7.5096,2.0238,0
-0.62923,1.1965,-0.16893,-3.4133,2.3834,0
-1.1991,0.91431,-0.13804,-6.8267,1.4053,0
0.13056,0.47827,-0.050513,4.7789,1.9519,0
0.60543,0.29873,0.029286,6.3718,0.88749,0
-0.24933,0.58087,0.034435,-5.2337,1.3334,0
-0.62923,0.70911,-0.0016037,-6.3715,1.0457,0
-1.6739,0.45262,-0.013187,5.9167,1.1032,0
-1.6739,-0.11166,0.01899,3.186,2.2108,0
-0.53425,-0.93244,0.042157,-7.5093,1.621,0
0.7004,-1.548,0.00097052,-3.1857,2.3546,0
-1.0091,-1.5993,-0.078829,7.0545,1.0745,0
-1.6739,-1.2659,-0.10972,0.91037,0.71489,0
-1.1041,-1.035,-0.085264,-8.4196,0.71489,0
-0.91415,-1.0094,-0.059523,-0.22742,0.18271,0
-0.91415,-0.98374,-0.072394,7.282,1.2471,0
-1.8639,-1.4198,-0.065958,-2.2755,0.39846,0
-1.7689,-1.5737,-0.018336,-6.8267,1.0026,0
-0.91415,-1.6763,0.015128,3.8687,0.42722,0
0.035589,-2.0097,-0.00031657,5.9167,0.29777,0
-0.34431,-2.1893,-0.02091,-5.0062,0.81558,0
-0.43928,-1.6506,0.042157,-6.3715,-0.13373,0
-0.81917,-1.3685,0.12324,6.3718,0.48476,0
-1.294,-1.3428,0.11423,4.5513,-0.53646,0
-1.389,-1.1889,0.083344,-6.8267,0.11079,0
-1.484,-1.035,0.085918,-2.9581,0.41284,0
-1.1991,-1.0607,0.12196,7.5096,0.28339,0
-1.6739,-1.2146,0.21463,2.0482,1.2183,0
-0.24933,-1.7789,0.27769,-7.2818,0.45599,0
1.6501,-2.1893,0.28928,0.00013542,1.4484,0
-0.059385,-2.061,0.29057,7.282,1.1608,0
-1.1991,-1.8302,0.28928,-1.8203,1.4484,0
-0.91415,-1.8045,0.19275,-7.9645,1.7505,0
0.22554,-1.4198,0.088493,3.8687,0.65736,0
0.79538,-1.0863,0.07176,5.9167,1.0026,0
0.89035,-1.2146,0.12582,-5.9164,-0.39263,0
1.9351,-1.5737,0.12067,-5.4613,0.12517,0
1.8401,-1.3428,0.022851,6.8269,0.096406,0
1.6501,-0.88114,-0.067245,3.186,0.45599,0
1.4602,-0.90679,-0.092987,-7.2818,1.2902,0
0.035589,-0.98374,-0.085264,-2.503,0.68613,0
-0.24933,-1.3685,-0.076255,7.282,1.7073,0
0.60543,-1.3685,-0.080116,0.2277,1.132,0
1.2702,-1.0607,-0.077542,-8.192,1.9375,0
0.41548,-1.035,-0.015762,1.3655,2.4409,0
-0.81917,-0.57335,0.075622,7.0545,2.369,0
-1.389,-0.086014,0.13097,-4.5511,3.2464,0
-1.0091,0.042233,0.17215,-7.2818,2.5128,0
-0.53425,0.22178,0.17087,4.7789,3.3902,0
-0.24933,0.70911,0.13998,4.3238,2.7573,0
-0.15436,0.78606,0.10008,-7.0542,2.4265,0
-1.389,0.86301,0.091067,-3.6408,2.2971,0
-1.7689,1.5555,0.092354,7.282,1.4916,0
-1.1041,2.325,0.051167,0.68281,2.3978,0
-0.81917,2.6072,-0.0093262,-8.4196,1.7073,0
-0.62923,2.5046,-0.049226,-0.45498,2.4265,0
-0.34431,1.889,-0.068532,7.282,2.0669,0
0.32051,1.5299,-0.02992,-2.0479,1.5635,0
-0.81917,1.299,0.04087,-7.5093,1.3765,0
-1.6739,0.37567,0.0086931,3.186,-0.4214,0
-1.6739,-0.0090658,-0.14447,6.1442,-0.20565,0
-0.91415,-0.16296,-0.25902,-6.3715,-1.0399,0
-1.1041,-0.47075,-0.27189,-5.6889,-0.49331,0
-1.1991,-0.599,-0.24486,6.1442,-0.3351,0
0.51046,-0.62465,-0.19209,3.4135,-1.1262,0
2.6949,-0.77854,-0.16635,-6.3715,-0.55085,0
2.03,-0.98374,-0.17922,-1.5928,-1.5002,0
0.51046,-1.1889,-0.16893,7.282,-0.60838,0
0.98533,-0.95809,-0.13932,0.00013542,-0.78098,0
1.8401,-0.31686,-0.11101,-8.4196,-0.73783,0
1.7451,0.093531,-0.078829,2.5033,-0.2488,0
0.22554,0.45262,-0.036355,7.282,-0.8529,0
-0.43928,0.32437,-0.0080391,-3.4133,0.34092,0
-0.059385,-0.36816,0.015128,-6.3715,-0.43578,0
0.32051,-1.0863,-0.006752,4.5513,-0.10496,0
0.41548,-1.1376,-0.032494,5.234,-0.52208,0
-0.24933,-0.6503,-0.018336,-5.9164,-1.2988,0
-0.43928,0.11918,-0.027345,-4.5511,-0.91043,0
-1.1041,0.52957,-0.11358,7.0545,-2.0611,0
-1.484,0.42697,-0.22942,1.8206,-1.1262,0
-0.7242,0.042233,-0.30278,-7.2818,-0.99673,0
0.32051,0.042233,-0.37486,-0.45498,0.096406,0
0.60543,-0.034715,-0.40446,7.5096,1.1176,0
0.32051,-0.36816,-0.34526,-1.5928,0.52791,0
-1.389,-0.98374,-0.23328,-8.4196,0.82996,0
-1.7689,-1.112,-0.12645,2.7309,-0.7666,0
-1.389,-0.599,-0.068532,6.3718,-0.40701,0
-1.484,-0.29121,-0.10457,-5.0062,-0.2488,0
-0.24933,-0.3938,-0.2114,-6.5991,0.22586,0
0.98533,-0.599,-0.26674,5.4616,1.3621,0
1.0803,-0.599,-0.23972,5.0064,0.45599,0
0.79538,-0.57335,-0.14833,-7.0542,1.1608,0
1.0803,-1.2146,-0.019623,-5.2337,0.35531,0
1.8401,-1.7019,0.091067,6.8269,0.68613,0
0.89035,-1.625,0.17087,1.8206,1.1608,0
-0.24933,-1.0094,0.24938,-7.0542,1.0026,0
-0.81917,-0.67595,0.29571,-0.22742,2.556,0
-0.43928,-0.57335,0.297,7.282,2.6423,0
0.22554,-0.16296,0.21463,-1.5928,3.8936,0
0.7004,0.52957,0.17344,-8.192,3.6923,0
0.89035,1.1195,0.19403,3.6411,2.9299,0
0.51046,0.58087,0.19146,7.282,2.7142,0
-0.15436,-0.47075,0.18245,-4.7786,1.4341,0
-0.53425,-0.67595,0.15671,-6.3715,2.7573,0
-0.62923,-0.599,0.13998,6.1442,3.2608,0
-0.53425,-0.3938,0.12453,4.5513,5.1881,0
0.7004,-0.4451,0.13483,-7.0542,6.5546,0
1.6501,-0.7016,0.17215,-3.1857,6.2381,0
1.2702,-1.0094,0.15156,7.5096,6.1518,0
-0.15436,-2.0097,0.12453,1.1379,3.8217,0
-0.24933,-3.2152,0.12582,-8.192,3.2751,0
-0.24933,-3.6,0.14384,0.2277,2.5272,0
-0.7242,-3.4974,0.14255,7.7372,2.6567,0
-1.8639,-3.0613,0.1374,-1.1377,3.6635,0
-1.389,-2.9331,0.094928,-7.9645,3.1745,0
0.035589,-3.0357,0.011267,4.0962,3.9368,0
0.32051,-3.087,-0.028633,6.5994,2.5416,0
-0.34431,-2.8048,0.092354,-5.2337,2.1676,0
-1.0091,-2.497,0.27512,-6.144,1.3909,0
-0.15436,-2.0867,0.41284,6.3718,0.19709,0
-0.62923,-1.4711,0.45274,3.4135,0.84434,0
-1.389,-1.0863,0.38581,-7.2818,0.45599,0
-1.0091,-1.0094,0.24809,-2.9581,2.0525,0
-1.6739,-1.6763,0.13097,7.9647,2.2971,0
-1.0091,-1.2659,0.10136,1.1379,2.369,0
-0.34431,-0.34251,0.11037,-7.9645,2.6567,0
0.32051,-0.5477,0.12324,0.2277,1.7793,0
0.60543,-1.112,0.16186,7.5096,2.9156,0
-0.059385,-1.1376,0.21978,-2.0479,2.4553,0
0.13056,-1.2659,0.26997,-7.7369,3.2176,0
-0.24933,-1.8302,0.25195,2.7309,2.8724,0
-0.81917,-2.138,0.21978,5.6891,1.7505,0
-1.294,-1.5737,0.16958,-5.0062,1.9231,0
0.035589,-0.4964,0.092354,-6.144,1.0026,0
-0.059385,0.27308,-0.0028907,7.282,2.2827,0
-1.0091,0.40132,-0.033781,2.9584,2.2539,0
-0.7242,0.27308,-0.044078,-7.2818,2.7861,0
0.51046,-0.034715,-0.089126,-2.7306,3.2895,0
0.51046,-0.75289,-0.069819,7.5096,2.4265,0
-0.62923,-1.2659,-0.023484,0.68281,2.3115,0
-0.62923,-0.98374,-0.02992,-7.5093,0.39846,0
2.22,-0.90679,-0.063384,1.8206,0.44161,0
3.1697,-1.5993,-0.099422,7.5096,0.22586,0
1.7451,-1.7276,-0.14061,-3.1857,0.67174,0
0.41548,-1.2659,-0.16378,-6.3715,1.8656,0
-1.484,-1.3172,-0.0917,5.234,1.3765,0
-1.389,-0.93244,-0.013187,5.6891,2.0957,0
-0.34431,-0.90679,0.021564,-5.2337,0.47037,0
0.035589,-1.0094,0.07176,-4.3235,0.038872,0
0.22554,-0.95809,0.12582,7.7372,-0.53646,0
-0.53425,-1.3941,0.1374,3.8687,-0.83852,0
-1.389,-1.5737,0.14512,-7.7369,0.51352,0
-1.1991,-1.035,0.16314,-2.7306,0.55667,0
-0.81917,-1.2659,0.15542,8.1923,2.0382,0
-1.7689,-1.3172,0.05889,0.45525,1.3765,0
-1.8639,-0.4964,-0.049226,-7.9645,1.0457,0
-1.1041,0.47827,-0.16893,1.5931,0.78681,0
-1.294,0.50392,-0.24744,7.7372,0.038872,0
-2.0538,0.11918,-0.29892,-2.7306,1.3478,0
0.22554,-0.13731,-0.35169,-8.192,1.0026,0
1.4602,-0.41945,-0.35169,3.186,2.0094,0
0.79538,-0.57335,-0.32466,5.4616,1.6354,0
-0.24933,-0.88114,-0.34011,-5.9164,0.87311,0
-0.34431,-0.31686,-0.37486,-5.2337,0.91626,0
0.13056,0.70911,-0.42763,7.0545,-0.56523,0
-0.24933,1.9146,-0.46367,1.8206,0.096406,0
-0.62923,2.2994,-0.45208,-7.9645,-0.60838,0
0.41548,1.7094,-0.36328,-1.8203,0.34092,0
0.51046,0.35002,-0.19982,8.1923,0.80119,0
-0.34431,-0.23991,-0.013187,-0.22742,0.35531,0
-0.24933,0.32437,0.053741,-8.192,0.62859,0
0.51046,1.5042,-0.014475,0.91037,-0.7666,0
1.2702,1.2734,-0.071106,6.8269,-0.004278,0
1.2702,0.55522,-0.11101,-2.9581,0.024489,0
0.13056,0.68346,-0.14704,-7.0542,0.85873,0
-0.43928,1.3247,-0.23071,3.6411,1.8368,0
-0.34431,2.1711,-0.29249,4.5513,1.0026,0
-0.53425,2.6072,-0.29635,-6.8267,1.2183,0
-0.81917,2.8893,-0.29249,-4.3235,-0.32071,0
-0.34431,2.8124,-0.27704,7.5096,0.038872,0
0.60543,2.5046,-0.21269,2.7309,0.55667,0
0.41548,1.8633,-0.12774,-7.7369,1.0745,0
-0.24933,2.3507,-0.10843,-2.2755,2.2539,0
-0.53425,2.9406,-0.27318,7.5096,1.3046,0
-0.7242,2.8637,-0.48169,1.1379,1.8799,0
-0.91415,3.1458,-0.51,-7.7369,1.2039,0
-2.1488,3.1714,-0.32724,2.7309,1.8224,0
-3.0036,2.6841,-0.14061,7.282,2.7573,0
-1.9589,1.7607,-0.092987,-3.6408,2.6279,0
0.035589,1.0169,-0.11487,-7.2818,3.6923,0
0.7004,0.24743,-0.12903,5.234,2.6423,0
0.89035,0.11918,-0.16249,5.4616,3.0162,0
0.51046,-0.060364,-0.18694,-6.3715,2.369,0
-0.62923,0.042233,-0.094274,-5.0062,1.7793,0
-1.1041,-0.23991,0.052454,7.282,2.0238,0
0.32051,-1.3428,0.12324,1.8206,1.0169,0
1.4602,-2.3175,0.17344,-8.192,1.8512,0
0.60543,-2.3944,0.30987,-1.5928,1.0457,0
-1.579,-2.7279,0.43343,8.1923,1.2902,0
-2.6237,-3.3435,0.51194,0.00013542,0.78681,0
-1.1991,-3.1896,0.57244,-7.9645,-0.46455,0
0.035589,-2.574,0.62778,1.1379,-0.66591,0
-0.059385,-2.0867,0.66253,6.5994,-2.5358,0
0.32051,-1.4711,0.6664,-3.6408,-2.3056,0
0.60543,-1.548,0.6162,-7.5093,-3.1974,0
0.41548,-1.9841,0.48105,4.0962,-3.2118,0
-0.24933,-1.7789,0.30086,5.234,-2.3919,0
-0.24933,-1.0607,0.20562,-7.2818,-2.6221,0
0.32051,-0.95809,0.21334,-4.5511,-1.6584,0
0.51046,-0.95809,0.24037,7.282,-2.5933,0
-0.53425,-1.0094,0.23651,2.2757,-1.9748,0
-1.0091,-0.80419,0.21334,-8.192,-2.1474,0
-0.059385,-0.4451,0.19017,-1.8203,-2.6652,0
-0.059385,-0.034715,0.14899,8.4198,-2.1618,0
-1.1041,0.17048,0.12067,-0.9101,-2.6508,0
-0.81917,0.042233,0.11681,-7.9645,-0.78098,0
-0.62923,-0.16296,0.10265,2.0482,-0.090578,0
-0.43928,-0.16296,0.12711,6.5994,1.2758,0
-0.53425,-0.3938,0.17859,-4.0959,2.1245,0
-0.7242,-0.52205,0.23651,-6.5991,1.3334,0
-0.53425,0.016583,0.22879,5.234,1.5779,0
-0.91415,0.22178,0.16443,4.3238,0.29777,0
-1.1991,-0.16296,0.10651,-7.5093,1.0313,0
0.035589,-0.67595,0.096215,-3.6408,1.0026,0
0.22554,-1.0094,0.12968,8.1923,1.4197,0
-0.62923,-0.57335,0.12968,1.1379,2.556,0
-1.0091,-0.086014,0.085918,-8.4196,2.0957,0
0.32051,0.17048,0.053741,0.68281,2.8868,0
0.7004,0.40132,0.0035447,8.4198,1.621,0
1.8401,0.19613,-0.073681,-2.0479,1.4628,0
1.8401,0.24743,-0.12002,-7.0542,1.3621,0
0.51046,0.35002,-0.11229,4.3238,1.2039,0
0.60543,0.042233,-0.065958,5.9167,2.8005,0
0.22554,-0.18861,-0.010613,-6.144,2.6567,0
-1.484,-0.80419,0.042157,-4.7786,3.7786,0
-2.5287,-1.548,0.065325,6.3718,2.9012,0
-0.7242,-1.8302,0.083344,2.2757,2.0094,0
0.98533,-1.7789,0.15285,-7.9645,1.4484,0
-0.24933,-1.8558,0.23007,-1.5928,0.49914,0
-1.579,-1.3941,0.26868,7.5096,1.6498,0
-1.579,-1.3172,0.27898,-0.9101,1.3478,0
-0.91415,-1.625,0.29958,-7.9645,2.2539,0
-1.0091,-2.061,0.31502,2.2757,2.0382,0
-1.484,-2.6509,0.29829,7.282,1.6354,0
-1.9589,-2.1636,0.2069,-3.8684,2.2539,0
-2.0538,-1.5737,-0.0041778,-6.8267,1.6642,0
-1.8639,-1.5737,-0.19467,4.7789,2.9299,0
-0.059385,-1.5737,-0.24486,3.8687,2.5272,0
0.89035,-1.0094,-0.19081,-7.2818,2.6279,0
2.03,-1.2915,-0.12903,-5.4613,2.4409,0
1.3652,-1.9071,-0.11229,6.8269,1.4628,0
-0.7242,-1.9841,-0.14447,3.186,1.9087,0
-1.0091,-2.061,-0.14447,-7.7369,0.64298,0
-1.579,-2.1893,-0.18952,-1.1377,1.5491,0
-1.389,-3.087,-0.27575,7.5096,1.7073,0
-1.8639,-3.5487,-0.30407,-0.45498,2.0525,0
-1.579,-3.0613,-0.27189,-7.7369,2.858,0
-0.15436,-2.2919,-0.23972,3.186,1.8656,0
0.89035,-2.5483,-0.18952,6.5994,2.5272,0
1.9351,-3.4204,-0.1419,-3.8684,1.7361,0
1.5552,-3.8052,-0.1419,-5.6889,2.2252,0
0.13056,-4.0873,-0.1715,6.8269,2.8436,0
0.035589,-3.6256,-0.20882,3.4135,2.8436,0
1.6501,-2.9844,-0.2616,-7.5093,3.7929,0
1.5552,-2.9587,-0.32981,-3.1857,2.6567,0
-0.34431,-3.0613,-0.30793,7.5096,2.9875,0
-1.1991,-3.1126,-0.22427,0.00013542,2.1245,0
0.13056,-2.8818,-0.11101,-7.0542,2.1101,0
0.035589,-3.1126,-0.078829,1.8206,2.2827,0
-0.91415,-3.4204,-0.13932,6.8269,1.621,0
-0.81917,-3.3178,-0.19982,-2.503,2.5991,0
-0.24933,-2.9074,-0.23972,-7.0542,1.9806,0
-2.0538,-2.7022,-0.26803,4.0962,2.6423,0
-2.8136,-3.087,-0.26417,6.1442,2.0669,0
-2.2438,-3.3948,-0.19853,-5.6889,1.5635,0
-0.91415,-3.1896,-0.10328,-5.6889,1.7936,0
0.60543,-3.1126,-0.045365,6.1442,1.1176,0
1.6501,-2.8305,-0.033781,3.8687,2.4553,0
1.1753,-2.497,-0.040216,-7.7369,1.9662,0
0.89035,-2.0097,-0.056948,-3.8684,2.3978,0
0.60543,-1.9328,-0.089126,7.7372,1.8368,0
-0.059385,-1.1889,-0.12002,1.3655,0.55667,0
0.79538,-0.67595,-0.10972,-8.192,0.68613,0
1.6501,-0.77854,-0.12774,0.2277,-0.2488,0
0.60543,-0.93244,-0.13804,7.282,1.0026,0
-0.24933,-0.6503,-0.11615,-2.503,0.94503,0
-0.15436,-0.4964,-0.11744,-7.0542,1.4484,0
-0.059385,-0.41945,-0.1316,3.4135,1.8799,0
-0.15436,-0.62465,-0.10972,5.234,1.2327,0
0.51046,-0.29121,-0.099422,-6.5991,1.8368,0
1.3652,-0.13731,-0.054374,-6.3715,0.67174,0
3.1697,-0.36816,-0.02091,7.282,1.3621,0
3.0747,-0.36816,-0.054374,3.6411,1.2327,0
1.4602,-0.4964,-0.068532,-7.7369,1.2471,0
-0.24933,-0.34251,-0.014475,-2.9581,2.0669,0
-0.43928,0.22178,0.10008,7.9647,1.3046,0
0.32051,0.50392,0.19918,0.45525,2.4265,0
0.32051,0.47827,0.26868,-8.192,1.9087,0
-0.91415,0.016583,0.27383,1.1379,2.6854,0
0.13056,0.19613,0.22235,7.282,2.5991,0
0.41548,0.29873,0.1773,-2.9581,1.5347,0
-0.34431,-0.13731,0.14255,-6.8267,1.9087,0
-0.53425,-0.34251,0.025425,4.5513,1.0313,0
-0.62923,-0.034715,-0.11615,4.5513,2.0957,0
-0.7242,-0.26556,-0.18437,-6.144,1.3909,0
-0.24933,-0.34251,-0.12388,-5.0062,0.98818,0
0.79538,-0.060364,-0.019623,6.8269,0.65736,0
1.3652,0.58087,0.073047,3.4135,-0.69468,0
0.32051,0.52957,0.12196,-7.7369,-0.29195,0
-1.1991,0.27308,0.083344,-0.22742,-1.2413,0
-2.9086,-0.060364,-0.015762,8.4198,-0.19126,0
-3.0036,-0.599,-0.12645,-0.45498,0.12517,0
-1.484,-1.4198,-0.1818,-7.5093,0.25462,0
-0.91415,-2.1893,-0.1316,2.0482,0.68613,0
-1.6739,-2.138,-0.028633,6.8269,-0.594,0
-1.579,-1.5224,0.083344,-4.5511,-0.090578,0
-0.059385,-1.0863,0.18245,-6.5991,-0.92482,0
0.32051,-0.41945,0.2571,5.4616,-0.43578,0
0.32051,-0.72725,0.27255,3.8687,0.15394,0
0.60543,-1.3172,0.24166,-7.2818,0.067639,0
0.41548,-1.2402,0.24294,-3.1857,1.132,0
-0.43928,-1.0607,0.27512,7.7372,0.21147,0
-1.389,-0.31686,0.28542,0.91037,0.74366,0
-0.62923,0.55522,0.25067,-8.4196,0.024489,0
0.60543,1.0939,0.14512,-0.68254,-0.20565,0
1.0803,1.812,0.021564,7.282,0.31216,0
0.13056,2.402,-0.0041778,-1.3652,-0.047428,0
-0.24933,2.4789,0.012554,-7.7369,1.132,0
0.22554,2.2994,-0.014475,3.186,0.31216,0
-0.53425,2.5046,-0.073681,6.1442,0.59983,0
-0.24933,2.4533,-0.12259,-5.4613,0.38407,0
0.22554,2.2994,-0.086552,-5.2337,-0.1625,0
-0.62923,2.2481,-0.0041778,6.5994,0.55667,0
-1.484,2.2737,0.065325,3.186,-0.22003,0
-1.0091,2.5046,0.15671,-7.9645,0.85873,0
-1.1041,2.915,0.25581,-2.503,0.62859,0
-1.484,3.274,0.29314,7.7372,0.42722,0
-1.6739,3.9153,0.24166,0.00013542,0.32654,0
-0.91415,4.2487,0.14126,-8.6471,-0.99673,0
-0.43928,4.3,0.061464,1.5931,-0.26318,0
0.79538,4.5822,0.021564,6.8269,-0.91043,0
1.6501,4.8899,0.042157,-3.8684,0.19709,0
0.98533,4.6848,0.022851,-7.0542,0.67174,0
-0.15436,3.9666,-0.080116,5.6891,0.59983,0
-0.81917,3.5818,-0.17407,5.234,1.2327,0
-1.6739,3.7101,-0.15605,-6.5991,-0.033045,0
-1.1041,3.8383,-0.076255,-4.0959,0.42722,0
-1.294,3.6331,-0.047939,7.7372,-0.23441,0
-2.3388,3.787,-0.036355,1.8206,0.57106,0
-0.7242,3.864,-0.022197,-8.192,1.8368,0
0.7004,3.9153,-0.024771,0.2277,1.9375,0
-0.34431,4.1461,-0.040216,7.5096,2.7286,0
-1.579,4.5309,-0.080116,-1.1377,1.5347,0
-1.6739,4.5052,-0.12774,-8.4196,1.9806,0
-1.294,3.9666,-0.11615,3.186,1.7936,0
-1.1041,4.0179,-0.046652,6.8269,2.0382,0
0.22554,3.8383,-0.035068,-5.4613,3.3471,0
0.32051,3.8383,-0.11615,-5.4613,2.9299,0
-0.15436,3.6331,-0.12388,6.1442,4.0087,0
-0.059385,3.7101,-0.032494,3.4135,3.0594,0
1.0803,3.9153,0.08077,-6.8267,3.0019,0
-0.15436,3.7357,0.20948,-2.0479,2.743,0
-1.9589,2.9406,0.27126,7.282,1.5923,0
-2.4337,1.5042,0.21849,-0.22742,1.5347,0
-0.7242,0.73476,0.08077,-8.4196,-0.19126,0
-0.15436,0.40132,-0.022197,1.1379,0.25462,0
0.89035,0.22178,-0.019623,6.8269,-0.004278,0
1.5552,0.81171,0.051167,-2.7306,0.31216,0
0.60543,1.7607,0.069186,-6.8267,0.44161,0
-1.1991,1.9659,0.026712,5.9167,-0.72345,0
-1.389,1.889,-0.010613,5.6891,-0.594,0
0.32051,2.2994,-0.024771,-6.5991,-2.1618,0
1.5552,2.3763,-0.031207,-5.4613,-2.0036,0
1.3652,2.0429,-0.010613,6.5994,-2.8666,0
0.89035,2.325,0.035722,2.7309,-3.0679,0
1.3652,2.6072,0.073047,-8.192,-2.3344,0
1.5552,2.915,0.039583,-1.5928,-2.5214,0
0.79538,2.838,-0.047939,8.4198,-1.2556,0
0.13056,2.4789,-0.11744,-0.22742,-2.0467,0
0.035589,2.7611,-0.074968,-7.7369,-1.5865,0
-1.1991,3.1971,0.053741,2.7309,-1.7734,0
-0.91415,3.0175,0.11938,6.8269,-2.0467,0
-0.7242,3.4279,0.074335,-3.1857,-1.3851,0
-1.1041,4.2487,0.026712,-6.5991,-2.2769,0
0.22554,4.8643,0.013841,5.0064,-1.3132,0
1.5552,4.5052,0.012554,5.0064,-1.8166,0
0.51046,3.4023,0.021564,-7.2818,-1.5002,0
-0.91415,2.6585,0.04988,-3.1857,-1.0399,0
-0.53425,1.889,0.056315,7.7372,-1.3132,0
1.2702,1.9146,0.044732,2.2757,-0.14811,0
1.0803,2.3763,0.035722,-7.2818,-0.86728,0
1.2702,2.7867,0.074335,0.2277,-0.076195,0
1.7451,3.2484,0.14641,7.5096,-0.43578,0
0.89035,3.4536,0.15156,-1.8203,-0.55085,0
-0.24933,3.1201,0.088493,-7.7369,0.38407,0
-0.24933,2.3763,0.066612,3.186,0.19709,0
0.79538,2.3763,0.070473,7.0545,1.7793,0
1.6501,2.7867,-0.00031657,-4.5511,1.4053,0
0.89035,3.274,-0.10328,-7.2818,1.8656,0
-0.15436,3.0432,-0.10457,5.9167,1.3621,0
-0.24933,2.4789,-0.013187,4.3238,0.31216,0
0.79538,2.0942,0.051167,-7.2818,0.67174,0
1.4602,2.1198,-0.0028907,-3.8684,-0.090578,0
1.1753,3.0945,-0.085264,6.8269,1.132,0
0.7004,4.1718,-0.102,1.3655,0.81558,0
0.035589,4.4796,-0.095561,-8.4196,0.78681,0
0.51046,4.377,-0.14576,-0.45498,0.49914,0
0.035589,4.1205,-0.24486,7.5096,-0.88167,0
-0.7242,3.5305,-0.2912,-1.8203,-0.55085,0
0.51046,3.351,-0.3015,-7.0542,-1.6152,0
1.4602,3.2484,-0.30407,2.7309,-0.83852,0
-0.059385,3.1201,-0.3208,6.5994,-0.92482,0
-0.53425,2.6841,-0.31437,-4.0959,-1.457,0
-0.34431,2.3763,-0.27189,-6.144,-1.1837,0
0.89035,2.6585,-0.22427,6.1442,-2.3344,0
1.5552,2.9919,-0.26288,4.0962,-1.3851,0
0.98533,2.8893,-0.25259,-6.8267,-1.8741,0
-0.24933,2.4276,-0.15605,-4.0959,-1.2988,0
-0.62923,1.889,-0.11358,7.5096,-1.27,0
-0.62923,1.3247,-0.15348,2.0482,-2.2912,0
-0.81917,0.88866,-0.1213,-7.5093,-1.9317,0
-0.43928,0.37567,-0.0028907,0.00013542,-2.9097,0
0.13056,0.067882,0.11166,7.282,-1.7591,0
-0.62923,0.093531,0.16186,-0.9101,-1.8166,0
-0.43928,-0.16296,0.12453,-7.9645,-1.3707,0
0.51046,-0.7016,0.044732,3.4135,-0.89605,0
0.98533,-0.72725,0.044732,6.5994,-1.5433,0
-0.7242,-0.23991,0.158,-4.7786,-0.65153,0
-0.53425,-0.11166,0.23136,-6.144,-1.5289,0
0.035589,-0.72725,0.20304,6.5994,-1.0687,0
-0.34431,-1.2915,0.16443,4.5513,-1.4714,0
-0.91415,-0.75289,0.1078,-7.2818,-1.4282,0
-1.389,-0.13731,0.064038,-3.6408,-0.23441,0
-0.62923,-0.26556,0.04988,7.7372,-0.32071,0
-0.24933,-0.88114,0.13097,1.3655,1.1608,0
-1.1041,-1.3685,0.23651,-8.192,0.44161,0
-1.1991,-1.6763,0.27512,0.2277,0.52791,0
-1.294,-1.8302,0.29185,7.7372,0.34092,0
0.41548,-1.8302,0.33819,-2.2755,-0.1625,0
1.0803,-2.3175,0.33947,-7.5093,1.0745,0
0.51046,-2.8048,0.27641,4.0962,0.80119,0
0.51046,-2.9844,0.26225,6.1442,2.1101,0
0.89035,-2.8048,0.29185,-5.6889,1.6067,0
1.6501,-2.3431,0.28542,-5.4613,1.4484,0
0.79538,-1.7019,0.24809,6.8269,1.3909,0
0.035589,-1.7276,0.18245,2.5033,0.64298,0
0.32051,-1.7789,0.12582,-7.9645,2.0525,0
-0.059385,-1.8302,0.087205,-1.3652,1.7217,0
0.41548,-1.3941,0.056315,7.5096,2.3258,0
0.89035,-0.90679,0.066612,-0.9101,1.9375,0
0.79538,-0.47075,0.11681,-8.6471,1.2327,0
0.89035,-0.21426,0.1181,1.3655,1.8656,0
1.2702,-0.4451,0.1078,6.3718,1.3046,0
1.3652,-0.57335,0.13354,-4.0959,2.5272,0
0.035589,-0.599,0.14126,-6.8267,2.0238,0
-0.34431,-0.599,0.083344,5.234,2.4841,0
0.32051,-0.4451,-0.027345,4.5513,2.5272,0
0.79538,-0.26556,-0.090413,-6.5991,1.6642,0
1.1753,0.58087,-0.046652,-4.5511,1.9375,0
1.3652,1.2477,0.037009,6.3718,0.77243,0
0.32051,1.0169,0.026712,2.7309,1.6354,0
0.13056,0.47827,-0.047939,-7.2818,1.995,0
-0.24933,0.63217,-0.12774,-0.68254,2.9443,0
-0.24933,0.93996,-0.19595,7.9647,3.8649,0
0.51046,1.0426,-0.21783,0.00013542,3.1313,0
1.6501,1.0169,-0.14704,-7.5093,3.5484,0
1.6501,1.0169,-0.038929,2.7309,2.2252,0
-0.15436,0.81171,-0.015762,6.5994,2.7142,0
-1.579,0.86301,-0.036355,-4.5511,2.743,0
-1.6739,0.99126,-0.037642,-6.3715,2.5416,0
-0.24933,0.55522,0.017703,6.1442,3.0019,0
-0.43928,0.067882,0.069186,4.7789,1.8656,0
-0.53425,-0.11166,0.016416,-5.4613,2.671,0
-0.62923,0.17048,-0.11358,-3.6408,2.4265,0
-0.43928,0.68346,-0.19338,7.5096,2.8724,0
-0.81917,1.376,-0.22298,2.7309,2.9587,0
-1.484,1.5299,-0.27575,-8.4196,1.6354,0
0.13056,1.5042,-0.29892,-0.22742,1.5491,0
0.7004,1.1965,-0.30021,7.282,-0.10496,0
0.7004,0.86301,-0.3208,-1.3652,0.39846,0
0.60543,0.88866,-0.28476,-7.5093,0.35531,0
0.7004,1.1708,-0.22942,3.186,0.38407,0
0.13056,1.1965,-0.19338,7.0545,0.88749,0
-1.579,0.88866,-0.2114,-5.0062,-0.11935,0
-0.91415,0.50392,-0.241,-6.8267,0.70051,0
1.2702,0.40132,-0.26288,6.1442,-0.14811,0
1.2702,0.40132,-0.20239,3.8687,0.024489,0
-0.43928,0.45262,-0.1213,-7.9645,-0.10496,0
0.60543,0.96561,-0.11615,-3.6408,-0.7666,0
1.1753,1.1195,-0.17793,7.7372,0.25462,0
0.41548,1.0426,-0.27318,0.91037,-0.22003,0
0.51046,0.76041,-0.36971,-8.8747,1.0457,0
0.32051,-0.23991,-0.38258,1.5931,0.67174,0
0.035589,-0.62465,-0.35941,6.5994,0.34092,0
0.7004,-0.41945,-0.36585,-4.3235,-0.20565,0
1.7451,-0.086014,-0.4109,-8.192,-2.1043,0
1.6501,0.35002,-0.43535,3.8687,-2.0755,0
0.13056,0.52957,-0.43149,7.0545,-3.0823,0
-0.059385,0.40132,-0.43664,-6.3715,-1.9748,0
0.41548,0.65782,-0.4405,-5.2337,-1.2988,0
0.32051,0.91431,-0.38387,7.5096,-0.75222,0
-0.15436,1.2477,-0.25259,3.4135,0.19709,0
-0.059385,1.1708,-0.14704,-7.9645,-0.46455,0
0.41548,0.86301,-0.16635,-2.503,0.62859,0
0.60543,0.88866,-0.22427,8.1923,-0.11935,0
-0.15436,0.76041,-0.20754,1.5931,0.71489,0
0.32051,0.40132,-0.20368,-7.2818,1.319,0
0.79538,0.24743,-0.31565,0.45525,1.9519,0
0.51046,0.60652,-0.38644,7.9647,2.9587,0
-0.15436,0.52957,-0.26031,-1.8203,1.693,0
-0.43928,-0.36816,-0.017049,-7.2818,1.5923,0
0.51046,-0.67595,0.14512,3.4135,-0.46455,0
0.7004,-0.599,0.1979,6.5994,-1.1118,0
0.89035,-0.82984,0.15027,-5.4613,-1.6728,0
0.60543,-0.75289,0.065325,-5.9164,-2.4926,0
-0.34431,-0.21426,0.022851,6.3718,-1.6871,0
-0.15436,0.32437,0.033148,3.8687,-2.3632,0
0.79538,0.37567,0.022851,-7.2818,-1.3132,0
0.13056,0.24743,-0.046652,-3.1857,-1.7591,0
1.0803,-0.034715,-0.044078,6.8269,-1.9892,0
1.4602,0.22178,0.007406,0.00013542,-1.5289,0
0.79538,0.99126,-0.044078,-7.9645,-2.0611,0
-0.24933,1.7864,-0.11487,0.91037,-0.72345,0
-0.62923,1.812,-0.053087,7.0545,-1.1118,0
-1.0091,0.91431,0.10008,-2.9581,-0.63715,0
-1.6739,0.76041,0.20047,-7.2818,-0.69468,0
-1.8639,0.73476,0.1876,4.7789,-1.4714,0
-0.7242,0.60652,0.10136,5.234,-0.79537,0
0.13056,1.299,0.061464,-6.5991,-1.4139,0
0.51046,2.1711,0.07176,-5.4613,-0.23441,0
0.51046,1.9403,0.088493,7.5096,-0.43578,0
0.32051,1.8377,0.062751,2.5033,-0.49331,0
1.7451,2.0429,0.027999,-7.9645,-0.061812,0
3.0747,1.3503,0.013841,-1.5928,-0.65153,0
3.3597,0.40132,0.030574,7.282,0.55667,0
0.79538,0.11918,0.0061189,-0.9101,0.010105,0
-1.0091,0.81171,-0.038929,-7.7369,0.54229,0
-0.81917,1.1195,0.007406,3.6411,0.39846,0
0.22554,0.76041,0.12839,6.5994,-0.090578,0
-0.7242,0.22178,0.18889,-5.6889,0.48476,0
-2.4337,-0.72725,0.23007,-5.6889,-0.34948,0
-1.1991,-1.3428,0.26096,7.5096,0.68613,0
-0.81917,-1.4454,0.21077,4.3238,0.41284,0
-0.15436,-1.3172,0.047306,-6.8267,0.85873,0
1.1753,-0.82984,-0.10071,-2.503,0.82996,0
-0.059385,-1.112,-0.087839,8.1923,-0.36386,0
-0.15436,-1.7789,0.024138,1.5931,-0.1625,0
1.3652,-1.7789,0.11552,-7.0542,-1.3419,0
0.60543,-0.4451,0.18502,1.1379,-0.69468,0
-0.62923,0.37567,0.21978,7.5096,-0.8529,0
0.22554,-0.47075,0.25195,-3.6408,-1.0111,0
0.7004,-1.1889,0.34462,-6.8267,-0.62276,0
0.98533,-0.75289,0.34977,4.5513,-1.5002,0
1.9351,-0.599,0.19275,5.9167,-0.37825,0
1.4602,-0.82984,0.067899,-6.3715,-0.9392,0
-0.34431,-0.75289,0.034435,-4.7786,-0.11935,0
-0.62923,-0.62465,0.05889,7.7372,0.010105,0
0.89035,-0.7016,0.17988,2.9584,-0.076195,0
0.60543,-0.62465,0.35749,-8.4196,0.82996,0
-0.15436,-0.29121,0.4167,-2.0479,-0.061812,0
-0.43928,-0.21426,0.3266,7.5096,0.91626,0
-0.34431,-0.16296,0.32403,-0.22742,0.55667,0
0.035589,-0.57335,0.46175,-8.192,1.1176,0
-0.24933,-0.75289,0.54927,1.5931,1.1176,0
-0.53425,-0.34251,0.5068,6.8269,-0.061812,0
-0.81917,-0.034715,0.45145,-4.5511,0.12517,0
-0.7242,0.83736,0.41799,-6.8267,-1.1262,0
-1.0091,1.5042,0.37423,5.0064,-0.20565,0
-1.294,2.0172,0.30601,3.6411,-0.2488,0
0.41548,3.0945,0.26096,-7.2818,0.010105,0
0.32051,4.1461,0.26096,-3.1857,0.39846,0
-0.24933,3.4023,0.3472,7.5096,-1.0111,0
0.32051,1.0169,0.41541,1.1379,-1.0111,0
0.51046,-1.3428,0.38581,-8.4196,-2.5933,0
0.89035,-2.3944,0.34591,1.5931,-2.0899,0
0.51046,-2.4201,0.35878,7.282,-1.3132,0
-0.53425,-2.1123,0.45917,-4.3235,-0.594,0
-1.6739,-1.8558,0.55442,-6.8267,1.1464,0
-1.7689,-1.8045,0.53897,5.6891,0.64298,0
-1.389,-2.4201,0.45917,3.8687,1.3046,0
-1.389,-2.5227,0.39482,-6.8267,0.38407,0
-0.43928,-2.2919,0.3472,-2.503,-0.061812,0
0.41548,-2.6253,0.29443,7.7372,-0.033045,0
0.7004,-2.7022,0.23522,1.1379,-0.99673,0
0.51046,-2.4714,0.19918,-8.192,-0.090578,0
-0.24933,-1.6506,0.13869,1.1379,-0.47893,0
-0.53425,-1.7276,0.084631,7.5096,0.77243,0
-0.24933,-2.7279,0.05889,-1.8203,0.87311,0
0.41548,-3.3691,0.021564,-6.8267,0.19709,0
1.0803,-2.3944,-0.054374,3.6411,0.36969,0
1.5552,-1.3685,-0.098135,6.1442,-1.0543,0
1.0803,-1.3172,-0.11101,-5.6889,-0.2488,0
0.98533,-1.1633,-0.072394,-4.7786,-0.56523,0
2.03,-0.77854,-0.040216,5.9167,0.010105,0
1.6501,-0.4451,-0.032494,3.4135,0.28339,0
0.035589,0.17048,0.074335,-6.3715,-0.62276,0
-0.81917,0.70911,0.18116,-2.503,-0.22003,0
-1.579,1.1965,0.19532,7.9647,-1.083,0
-2.1488,0.96561,0.10909,-0.22742,0.13956,0
-1.9589,-0.11166,0.051167,-8.192,0.58544,0
-1.294,-1.4711,0.022851,0.68281,1.2615,0
-1.484,-1.9584,0.01899,7.282,2.5128,0
-0.53425,-1.4198,-0.0041778,-2.9581,2.1532,0
0.41548,-0.85549,-0.096848,-7.9645,3.1745,0
1.4602,-0.23991,-0.25902,3.4135,2.4121,0
1.1753,0.27308,-0.37357,5.6891,2.8436,0
0.60543,-0.21426,-0.3311,-5.6889,2.8436,0
-0.059385,-1.5224,-0.27961,-6.3715,2.4553,0
0.32051,-2.3688,-0.31565,5.9167,3.4765,0
-0.24933,-1.9584,-0.32852,3.186,2.9012,0
-0.34431,-1.2915,-0.27061,-7.2818,3.6923,0
-0.81917,-1.2659,-0.19982,-4.5511,2.9012,0
-1.6739,-1.7789,-0.17665,6.1442,2.4553,0
-1.579,-1.9071,-0.17279,2.0482,2.1388,0
-0.059385,-1.8302,-0.16378,-8.4196,1.1895,0
0.13056,-1.4711,-0.14704,-1.3652,2.2539,0
-0.62923,-1.0863,-0.14704,7.282,1.9375,0
-1.8639,-1.6763,-0.1316,-0.45498,2.9875,0
-1.8639,-1.8558,-0.054374,-8.192,3.1313,0
1.2702,-2.0354,-0.0041778,2.2757,2.5128,0
2.5999,-2.2406,-0.050513,7.282,2.2539,0
0.89035,-2.2662,-0.12388,-3.6408,0.26901,0
-1.579,-1.5993,-0.16506,-7.2818,0.59983,0
-2.4337,-0.67595,-0.14833,5.6891,0.24024,0
-1.0091,0.17048,-0.1612,5.234,1.3621,0
0.13056,0.47827,-0.18051,-6.144,2.2827,0
0.60543,0.40132,-0.18051,-4.3235,1.8368,0
0.60543,0.042233,-0.22041,7.7372,2.4409,0
-0.059385,-0.13731,-0.22942,3.6411,1.0313,0
0.22554,0.17048,-0.2011,-7.5093,1.2183,0
0.035589,0.68346,-0.17407,-1.5928,1.0026,0
0.32051,0.29873,-0.15992,7.282,1.0601,0
-0.91415,-0.29121,-0.15605,0.45525,2.2252,0
-2.8136,0.27308,-0.14318,-7.5093,1.9662,0
-3.1935,0.68346,-0.17922,2.0482,3.3183,0
-1.484,1.0939,-0.25902,7.282,2.8293,0
-0.62923,1.376,-0.28476,-3.1857,3.0306,0
-0.7242,0.37567,-0.2513,-6.8267,2.6998,0
-0.62923,-0.3938,-0.19338,4.5513,1.5347,0
-0.53425,-0.57335,-0.17407,5.6891,1.7649,0
0.41548,-0.90679,-0.16249,-6.3715,0.57106,0
-0.53425,-0.77854,-0.17922,-5.2337,1.2615,0
-0.24933,-0.62465,-0.15734,6.8269,0.91626,0
0.89035,-1.035,-0.099422,3.186,0.94503,0
2.8848,-1.3941,-0.013187,-8.192,1.506,0
2.7898,-0.98374,0.065325,-1.8203,0.58544,0
1.0803,-0.67595,0.10522,7.0545,1.0889,0
0.89035,-0.77854,0.092354,-1.3652,-0.22003,0
1.5552,-1.1633,0.05889,-7.9645,0.19709,0
0.13056,-1.3685,0.048593,2.5033,0.35531,0
1.2702,-1.1633,0.08978,6.1442,0.68613,0
2.6949,-0.82984,0.082057,-4.0959,2.5416,0
2.22,-0.18861,0.039583,-7.0542,2.6423,0
0.79538,0.32437,0.05889,5.4616,3.9368,0
1.4602,0.81171,0.093641,5.0064,2.9156,0
1.9351,0.83736,0.10136,-6.8267,2.1532,0
0.98533,0.68346,0.11423,-4.7786,1.7073,0
-0.43928,0.37567,0.21978,7.0545,0.71489,0
-1.389,-0.3938,0.32918,3.186,2.0238,0
-1.1991,-1.3172,0.40769,-7.7369,1.7361,0
-0.53425,-2.1636,0.427,-0.9101,3.0019,0
-0.7242,-2.5227,0.39353,8.1923,3.0882,0
-0.7242,-2.6509,0.38066,0.2277,2.7573,0
-0.15436,-2.4714,0.42442,-8.192,2.8868,0
0.89035,-1.5993,0.51709,0.91037,1.3478,0
2.03,-1.3428,0.63164,7.282,1.7505,0
2.6949,-1.548,0.74619,-2.7306,0.80119,0
1.2702,-1.625,0.72818,-7.5093,1.2902,0
0.035589,-0.85549,0.57373,5.234,1.9087,0
0.60543,-0.29121,0.46432,5.9167,1.7936,0
0.79538,-0.21426,0.5364,-6.144,2.5416,0
0.60543,-0.82984,0.69729,-4.3235,0.98818,0
0.035589,-1.5224,0.7655,7.282,0.78681,0
0.41548,-2.0354,0.74619,2.5033,-0.36386,0
-0.62923,-2.2406,0.71144,-8.192,-0.55085,0
-1.389,-1.8558,0.64323,-0.9101,0.34092,0
-0.53425,-1.7532,0.54927,7.5096,0.35531,0
0.32051,-1.9841,0.47848,-1.8203,1.7793,0
0.51046,-1.7789,0.41026,-8.4196,1.3765,0
-0.24933,-1.5224,0.41413,2.9584,1.9662,0
-0.7242,-1.8302,0.48749,5.9167,1.7217,0
-1.484,-2.1636,0.55442,-5.0062,1.1752,0
-0.91415,-2.9074,0.55184,-5.9164,1.6786,0
-0.7242,-3.3948,0.54412,6.3718,0.77243,0
-0.43928,-3.087,0.53383,3.6411,1.693,0
-0.15436,-1.8558,0.50808,-7.9645,0.81558,0
-1.1991,-0.72725,0.45789,-3.4133,1.1176,0
-1.1041,-0.72725,0.38066,7.0545,1.1895,0
-0.53425,-1.3685,0.32274,0.00013542,0.77243,0
0.13056,-1.9584,0.31245,-7.9645,1.6067,0
-0.62923,-2.4201,0.35363,0.2277,0.81558,0
-1.7689,-3.2922,0.297,6.3718,1.8224,0
-1.7689,-4.036,0.11938,-2.0479,1.2327,0
-1.1041,-4.036,-0.065958,-7.5093,1.0745,0
-0.7242,-2.9074,-0.24486,3.8687,1.1752,0
-0.7242,-2.0097,-0.42119,5.234,0.34092,0
-1.0091,-2.2662,-0.55763,-5.6889,1.4484,0
-1.6739,-2.9844,-0.63743,-5.9164,0.80119,0
-1.9589,-3.1639,-0.7996,6.5994,1.5491,0
-0.91415,-3.1126,-1.1175,2.5033,1.6067,0
0.32051,-2.9331,-1.4444,-7.7369,1.2902,0
0.60543,-3.2922,-1.7315,-2.2755,1.8368,0
0.035589,-3.5487,-1.9528,7.9647,0.80119,0
0.7004,-3.7282,-2.1253,-0.9101,1.1895,0
1.5552,-3.6513,-2.3003,-8.192,-0.14811,0
1.2702,-3.7539,-2.4715,2.7309,-0.80975,0
1.4602,-3.8821,-2.6054,7.7372,-1.1981,0
1.4602,-4.3181,-2.7186,-3.8684,-1.6296,0
1.4602,-4.2155,-2.8757,-6.3715,-0.076195,0
1.8401,-3.5743,-3.1563,4.5513,-0.1625,0
1.1753,-2.5227,-3.5128,5.0064,0.85873,0
0.60543,-1.5737,-3.7766,-5.4613,0.57106,0
-0.81917,-1.112,-3.9568,-5.0062,-0.076195,0
-2.6237,-1.2402,-4.1975,6.8269,-0.090578,0
-1.6739,-1.1633,-4.4987,4.0962,-1.1693,0
-0.43928,-0.4451,-4.6982,-7.0542,-0.2488,0
-0.15436,0.27308,-4.7252,-1.3652,-0.92482,0
0.79538,0.78606,-4.6403,7.5096,-0.4214,0
1.5552,1.1965,-4.5527,0.45525,-0.30633,0
1.5552,1.1708,-4.5373,-7.9645,-0.69468,0
2.03,0.65782,-4.6364,1.1379,0.32654,0
1.9351,-0.34251,-4.7471,6.8269,-0.36386,0
0.79538,-0.5477,-4.7921,-4.0959,0.25462,0
-0.059385,-0.29121,-4.7973,-7.0542,-0.66591,0
0.13056,-0.62465,-4.7239,5.4616,-1.1693,0
-0.24933,-0.95809,-4.5,3.8687,-1.1406,0
-1.0091,-1.2146,-4.2374,-7.2818,-2.0611,0
-1.7689,-1.1633,-4.0238,-3.8684,-1.3419,0
-1.0091,-1.0094,-3.7947,7.0545,-2.2625,0
-0.24933,-0.57335,-3.5372,1.8206,-1.6296,0
0.22554,-0.086014,-3.3622,-7.9645,-1.5002,0
0.98533,0.86301,-3.2695,-0.9101,-1.5145,0
1.5552,2.4276,-3.0623,6.8269,-0.45016,0
0.79538,3.7101,-2.7856,-1.8203,-0.80975,0
0.41548,4.2744,-2.5475,-7.2818,0.25462,0
1.4602,4.3,-2.4085,2.9584,-0.5077,0
2.03,3.6844,-2.2785,6.3718,-0.32071,0
1.1753,3.4536,-2.079,-5.0062,-0.19126,0
-0.24933,4.0948,-1.9013,-6.5991,-0.39263,0
-0.43928,4.7617,-1.7829,6.1442,0.97379,0
0.13056,4.9669,-1.7173,3.4135,0.32654,0
-0.62923,4.1718,-1.5114,-6.8267,1.0169,0
-1.1991,2.9406,-1.012,-2.2755,0.49914,0
-1.1041,1.7607,-0.33882,8.4198,0.52791,0
-0.7242,1.5812,0.29571,1.3655,0.78681,0
-0.53425,1.5555,0.84916,-8.192,-0.13373,0
-0.43928,1.7094,1.3885,0.45525,0.62859,0
-0.34431,1.8377,1.8196,8.1923,-0.2488,0
0.22554,2.2737,2.2933,-1.1377,0.52791,0
0.51046,2.5559,2.9227,-8.192,0.36969,0
2.125,2.2224,3.6499,2.2757,0.082022,0
1.4602,2.1711,4.3475,5.6891,0.51352,0
1.0803,2.8637,4.9099,-5.2337,-0.52208,0
0.51046,3.1201,5.3514,-5.4613,0.24024,0
0.13056,3.351,5.7671,6.5994,-0.72345,0
0.41548,3.9153,6.273,3.6411,-0.52208,0
0.41548,4.4539,6.7994,-7.2818,-0.14811,0
-0.62923,4.6848,7.2151,-2.2755,-0.34948,0
-1.579,4.3257,7.4391,7.282,0.65736,0
-0.62923,3.4023,7.6373,0.2277,-0.34948,0
0.13056,2.3507,7.8908,-8.192,0.096406,0
-0.7242,1.7094,8.0208,1.1379,-0.47893,0
-2.2438,1.7094,8.017,7.0545,-0.5077,0
-1.389,2.1968,8.035,-3.1857,-0.033045,0
-0.81917,3.2484,8.0684,-7.5093,-0.53646,0
-0.91415,3.8383,8.008,4.7789,0.85873,0
-1.294,3.4792,7.7814,5.4616,0.44161,0
-0.81917,2.7354,7.4352,-6.5991,1.4341,0
-0.81917,2.2994,7.0722,-6.144,1.3478,0
-1.6739,2.2737,6.7183,6.8269,1.1032,0
-2.3388,2.0685,6.4596,2.0482,1.4484,0
-1.8639,1.889,6.2536,-8.192,0.39846,0
-1.294,2.0429,6.04,-0.22742,1.2183,0
-1.484,2.1711,5.7543,7.7372,0.42722,0
-1.0091,1.7864,5.3913,-1.3652,0.95941,0
-1.1041,1.0169,4.9897,-8.6471,0.71489,0
-1.6739,0.70911,4.6615,3.186,0.15394,0
-1.579,0.83736,4.462,6.8269,0.88749,0
0.035589,0.76041,4.2188,-4.0959,0.32654,0
0.51046,0.91431,3.9086,-6.144,1.6498,0
-0.24933,1.2477,3.5778,5.9167,1.7361,0
-0.059385,1.3503,3.2882,3.8687,2.2827,0
1.1753,1.0426,3.0784,-6.5991,2.6854,0
1.3652,0.45262,2.8145,-3.1857,1.9519,0
2.22,0.47827,2.4554,7.0545,2.8436,0
2.7898,0.78606,2.1157,2.5033,2.1532,0
1.2702,1.8633,1.799,-7.7369,3.2751,0
-0.059385,2.2737,1.4991,0.45525,3.6203,0
-0.34431,1.2734,1.1993,7.282,3.6347,0
0.7004,0.17048,0.92124,-2.0479,4.0231,0
1.8401,0.27308,0.6857,-7.0542,2.671,0
1.8401,0.29873,0.47205,4.0962,3.1745,0
0.79538,0.17048,0.32789,6.1442,2.182,0
-0.15436,-0.599,0.167,-5.0062,2.4121,0
-0.15436,-1.8558,-0.014475,-5.0062,2.4265,0
0.51046,-2.8048,-0.14061,7.0545,1.7649,0
0.98533,-2.8048,-0.19724,3.8687,2.4553,0
1.3652,-2.9331,-0.24229,-7.7369,1.5923,0
0.22554,-3.7282,-0.30278,-2.9581,2.2539,0
0.79538,-3.9334,-0.38773,8.1923,1.5635,0
1.4602,-2.3944,-0.55763,0.68281,1.0889,0
-0.24933,-0.21426,-0.73782,-8.192,1.0889,0
-1.1991,0.40132,-0.81633,0.68281,0.13956,0
-0.059385,-0.36816,-0.78287,7.282,1.2327,0
0.98533,-1.035,-0.72623,-2.0479,0.85873,0
1.4602,-1.548,-0.78544,-8.4196,1.7361,0
0.60543,-1.0863,-0.93346,3.4135,1.995,0
1.2702,-1.1889,-1.0622,5.6891,1.4197,0
0.89035,-1.3941,-1.1844,-5.9164,1.9231,0
0.41548,-1.4198,-1.2655,-5.0062,0.59983,0
0.98533,-0.95809,-1.3196,6.8269,1.319,0
0.13056,-0.7016,-1.4225,3.186,1.3909,0
0.60543,-1.2915,-1.474,-7.9645,2.2108,0
0.89035,-1.6763,-1.4946,-2.0479,3.2608,0
0.7004,-1.1633,-1.5011,7.282,2.5128,0
0.79538,-0.7016,-1.532,-0.68254,2.8005,0
0.79538,-0.34251,-1.5796,-8.4196,1.1032,0
0.60543,-0.36816,-1.6208,2.0482,0.90188,0
-0.24933,-1.1633,-1.6388,7.282,0.28339,0
-0.24933,-1.2659,-1.6336,-4.5511,-0.076195,0
0.13056,-0.88114,-1.6504,-6.5991,0.70051,0
-0.43928,-0.85549,-1.6838,5.6891,-0.004278,0
-1.579,-0.98374,-1.6607,3.6411,0.72928,0
-1.484,-0.77854,-1.6478,-7.2818,-0.29195,0
0.41548,-0.88114,-1.6864,-4.0959,-0.32071,0
0.7004,-0.98374,-1.7405,7.282,-0.36386,0
-1.484,-0.82984,-1.7739,1.8206,-0.82413,0
-0.15436,-1.0607,-1.7263,-7.9645,0.36969,0
2.315,-2.0097,-1.6619,-0.45498,-0.20565,0
2.8848,-2.5483,-1.6787,8.1923,0.84434,0
1.3652,-2.9587,-1.7006,-0.9101,0.49914,0
0.98533,-2.3688,-1.6967,-7.7369,0.053256,0
0.51046,-2.3688,-1.7018,3.4135,0.038872,0
0.22554,-2.138,-1.7714,6.5994,-1.1406,0
1.4602,-1.6763,-1.8705,-4.3235,-0.29195,0
1.4602,-1.4711,-1.9219,-6.144,-0.8529,0
0.41548,-0.95809,-1.9104,6.3718,0.16832,0
0.89035,-0.47075,-1.8576,3.8687,0.39846,0
1.6501,-0.47075,-1.7585,-7.7369,-0.004278,0
1.1753,-1.2146,-1.613,-3.6408,0.78681,0
0.79538,-1.5224,-1.4547,6.5994,-0.061812,0
-0.24933,-1.0094,-1.3144,2.2757,1.1032,0
-0.24933,-0.52205,-1.2385,-7.9645,1.0026,0
0.51046,0.016583,-1.2694,-1.3652,1.2183,0
0.79538,0.14483,-1.2835,7.9647,1.4053,0
0.22554,0.37567,-1.2668,0.00013542,0.58544,0
-1.0091,0.32437,-1.2642,-7.5093,1.3909,0
0.035589,-0.18861,-1.2385,2.7309,0.38407,0
1.8401,-0.4964,-1.2282,5.9167,0.95941,0
1.3652,-0.41945,-1.2218,-5.2337,0.71489,0
0.41548,-0.47075,-1.1729,-5.6889,0.16832,0
1.6501,-0.98374,-1.0763,5.4616,0.70051,0
1.9351,-1.4711,-0.99009,4.7789,-0.22003,0
2.03,-1.9841,-0.94118,-7.7369,0.67174,0
1.4602,-2.4714,-0.94633,-4.0959,0.11079,0
1.4602,-2.4457,-0.91544,7.9647,0.49914,0
0.51046,-1.8815,-0.85752,0.68281,1.0601,0
-1.1041,-1.7532,-0.89098,-8.192,0.70051,0
-0.7242,-1.5993,-1.012,0.91037,1.693,0
-0.24933,-1.9071,-1.084,7.0545,0.65736,0
-1.0091,-2.1893,-1.1008,-3.6408,0.94503,0
-0.34431,-2.2406,-1.1111,-7.5093,0.48476,0
1.0803,-2.2662,-1.1085,4.0962,0.29777,0
0.98533,-2.2406,-1.1085,4.5513,1.0313,0
0.89035,-2.2149,-1.1098,-7.0542,0.45599,0
0.60543,-2.2662,-1.1085,-4.3235,1.4484,0
-0.059385,-2.2919,-1.1059,7.0545,0.72928,0
0.51046,-0.57335,-1.0017,2.5033,1.0601,0
0.79538,0.88866,-0.93989,-6.3715,1.0889,0
0.7004,2.0429,-0.9991,0.00013542,0.67174,0
0.98533,2.3763,-1.196,7.7372,1.506,0
0.32051,2.0942,-1.3273,-1.5928,0.68613,0
-0.81917,1.4529,-1.326,-7.5093,1.2902,0
-0.059385,0.88866,-1.2192,4.0962,0.35531,0
0.51046,1.1195,-1.0557,6.8269,-0.004278,0
0.89035,1.0682,-0.9592,-5.9164,0.13956,0
0.79538,0.60652,-0.9489,-6.5991,-0.57961,0
0.51046,0.65782,-0.9888,6.3718,0.39846,0
-0.15436,1.6068,-1.0081,3.8687,-0.69468,0
0.035589,2.1455,-1.0171,-7.5093,-0.047428,0
1.3652,1.7607,-1.0223,-3.1857,-0.11935,0
1.7451,1.5555,-0.9193,7.7372,-0.22003,0
1.1753,2.0685,-0.7597,0.68281,0.32654,0
0.98533,1.8377,-0.73138,-8.192,-0.39263,0
0.32051,0.93996,-0.84079,-0.22742,0.90188,0
-0.7242,0.76041,-0.94761,6.5994,0.72928,0
0.32051,1.5555,-0.93989,-2.9581,1.4916,0
1.6501,2.325,-0.86009,-7.2818,2.0094,0
0.7004,2.1455,-0.72623,2.7309,1.5347,0
0.32051,1.9146,-0.59109,5.6891,2.4121,0
0.7004,1.9146,-0.46109,-6.3715,1.4197,0
1.6501,2.2224,-0.43149,-5.6889,2.1245,0
0.7004,2.838,-0.48169,6.5994,1.506,0
-1.1991,3.7101,-0.45208,3.4135,1.3046,0
-1.6739,3.7101,-0.34526,-7.7369,1.7793,0
-1.1041,2.2737,-0.21783,-1.3652,0.90188,0
-0.81917,0.88866,-0.15348,7.7372,1.5347,0
-0.91415,-0.34251,-0.13675,0.00013542,0.41284,0
-1.389,-1.1376,-0.0917,-8.192,0.58544,0
-0.62923,-2.0354,0.042157,2.2757,0.58544,0
0.79538,-2.574,0.21334,7.282,0.13956,0
1.8401,-1.9841,0.3266,-4.3235,0.82996,0
2.5049,-1.1376,0.31759,-7.0542,-0.52208,0
3.7396,-1.0863,0.2275,4.5513,-0.43578,0
4.2144,-0.93244,0.18631,4.3238,-1.1693,0
2.4099,-0.4451,0.18889,-6.144,-1.0111,0
0.7004,-0.47075,0.22492,-3.4133,0.024489,0
0.51046,-0.77854,0.27383,8.4198,-0.2488,0
0.51046,-1.6506,0.3472,2.2757,0.62859,0
-0.24933,-2.7022,0.42185,-7.7369,-0.82413,0
-0.15436,-3.3691,0.47462,1.1379,-1.0255,0
0.60543,-3.0613,0.51967,7.7372,-1.5289,0
1.0803,-2.7792,0.50808,-2.2755,-1.831,0
1.6501,-2.8818,0.47333,-6.5991,-0.91043,0
1.9351,-2.7792,0.45274,3.8687,-1.5289,0
1.2702,-2.497,0.48878,5.4616,-0.47893,0
0.98533,-2.2919,0.47462,-6.144,-0.86728,0
0.7004,-1.8045,0.41026,-5.2337,-0.22003,0
-0.059385,-1.4967,0.37551,7.7372,-0.23441,0
0.79538,-2.0354,0.33047,2.9584,-1.8741,0
1.2702,-2.3175,0.26611,-7.9645,-2.694,0
0.22554,-1.1633,0.22879,-2.2755,-5.0672,0
0.7004,0.45262,0.23136,6.8269,-4.9522,0
0.7004,1.0426,0.24938,0.45525,-4.8659,0
1.0803,1.3247,0.19275,-8.4196,-4.1611,0
0.7004,1.1195,0.15027,1.3655,-2.9816,0
0.41548,1.0939,0.1477,6.5994,-3.5857,0
0.035589,1.2734,0.11166,-4.5511,-2.996,0
0.22554,1.1708,-0.006752,-7.2818,-4.2761,0
-0.34431,1.0426,-0.1213,4.5513,-4.5782,0
-1.0091,1.0426,-0.14447,4.5513,-5.6282,0
-1.579,1.2221,-0.023484,-5.9164,-7.0378,0
-1.0091,1.6325,0.14641,-5.2337,-6.8364,0
-0.81917,1.8377,0.27255,6.8269,-7.8432,0
-0.15436,1.4273,0.35749,2.9584,-6.8076,0
0.41548,0.42697,0.33819,-7.7369,-6.8076,0
0.79538,-0.23991,0.24938,-3.1857,-6.2611,0
0.60543,0.52957,0.17215,8.1923,-5.4987,0
-0.15436,3.1971,0.079483,0.91037,-6.0309,0
-0.7242,5.8903,-0.058236,-8.192,-4.6645,0
-0.53425,6.8136,-0.14318,-0.22742,-4.8515,0
0.13056,6.4289,-0.13932,7.5096,-3.5282,0
-0.81917,5.8133,-0.12259,-2.0479,-3.0392,0
-1.389,4.9412,-0.10457,-7.7369,-3.4563,0
-0.81917,4.1974,-0.072394,4.0962,-2.7947,0
-1.1991,3.2484,-0.102,5.4616,-3.6864,0
-1.6739,2.5559,-0.12388,-5.9164,-2.5501,0
-2.1488,2.5302,-0.10972,-4.3235,-2.881,0
-1.7689,2.6841,-0.089126,7.0545,-2.3632,0
-1.1991,2.0429,-0.073681,3.4135,-1.9892,0
-1.294,1.376,-0.11101,-7.7369,-2.6652,0
-0.7242,0.78606,-0.0917,-1.1377,-1.9604,0
0.035589,0.29873,0.064038,9.3301,-2.7084,0
-0.34431,-0.16296,0.21591,0.2277,-1.644,0
-0.059385,-0.18861,0.23007,-8.6471,-1.6871,0
0.035589,-0.85549,0.22106,1.5931,-1.3419,0
-0.62923,-1.7019,0.29185,7.5096,-0.65153,0
-1.484,-1.7276,0.37551,-3.4133,-1.0255,0
-2.0538,-1.7019,0.39225,-7.0542,0.31216,0
-0.7242,-1.8302,0.32146,4.7789,-0.20565,0
0.13056,-1.8045,0.2468,5.234,0.81558,0
-0.62923,-1.4198,0.24809,-7.0542,0.91626,0
0.035589,-0.21426,0.28284,-5.2337,1.1176,0
1.6501,0.73476,0.23265,7.5096,2.0669,0
1.7451,0.93996,0.17087,2.2757,1.4053,0
0.22554,0.78606,0.13225,-8.4196,2.1964,0
-0.53425,0.91431,0.10651,-1.5928,1.319,0
-0.7242,0.96561,0.087205,7.282,1.3621,0
-0.24933,0.99126,0.021564,-0.22742,1.5491,0
0.035589,1.0169,-0.046652,-8.192,1.1176,0
0.41548,0.40132,-0.032494,1.8206,2.4984,0
1.3652,-0.75289,0.052454,6.8269,2.4121,0
0.7004,-1.4454,0.10909,-4.5511,3.8649,0
0.035589,-2.0097,0.08978,-6.8267,4.2676,0
0.60543,-1.9584,-0.010613,4.0962,4.5409,0
1.0803,-1.4454,-0.11744,4.3238,5.332,0
1.8401,-0.67595,-0.20239,-7.0542,4.7422,0
1.2702,-0.4964,-0.21783,-4.3235,5.9648,0
1.8401,-0.67595,-0.11615,7.0545,5.6628,0
2.4099,-1.5993,-0.050513,1.8206,6.5114,0
1.7451,-2.1123,-0.024771,-7.9645,6.9429,0
0.22554,-1.9584,0.029286,-0.68254,6.8135,0
-0.24933,-1.2402,0.11681,7.5096,7.6908,0
0.79538,-0.5477,0.18245,-0.9101,6.6696,0
1.3652,-0.23991,0.18889,-7.5093,7.36,0
0.035589,0.067882,0.24423,3.6411,6.6265,0
-0.24933,-0.29121,0.33819,6.1442,6.8566,0
-0.059385,-0.93244,0.34591,-5.2337,7.2881,0
-0.24933,-1.112,0.27769,-6.144,6.684,0
0.89035,-1.2915,0.20176,5.6891,7.4463,0
1.6501,-1.1889,0.15413,4.5513,6.2094,0
1.2702,-0.77854,0.15027,-6.5991,6.31,0
0.89035,0.17048,0.14384,-3.4133,5.4183,0
0.51046,0.68346,0.14899,7.5096,4.3251,0
0.22554,0.47827,0.12582,2.0482,4.1813,0
0.32051,-0.13731,0.14384,-7.7369,2.9875,0
-0.43928,-0.52205,0.23007,-0.9101,3.8792,0
-0.81917,-0.13731,0.1979,6.8269,3.2608,0
-1.0091,0.55522,0.098789,-1.8203,3.419,0
0.79538,0.96561,0.024138,-7.9645,2.8005,0
0.79538,1.4529,-0.077542,3.186,1.4916,0
0.13056,2.6585,-0.22298,6.1442,1.4772,0
-1.1991,3.8127,-0.3208,-4.5511,0.11079,0
-1.1991,3.8383,-0.3311,-6.8267,0.77243,0
1.2702,3.1971,-0.28605,5.234,0.25462,0
1.8401,2.1198,-0.21655,4.3238,0.16832,0
0.89035,1.3247,-0.16249,-7.5093,0.024489,0
0.035589,1.3247,-0.12259,-4.3235,-1.27,0
0.7004,1.6068,-0.073681,6.8269,-1.0687,0
0.41548,1.812,-0.006752,0.91037,-2.5789,0
-0.53425,1.1965,0.14255,-8.4196,-2.4495,0
-1.389,-0.16296,0.28799,-0.9101,-3.1542,0
-1.1991,-1.9328,0.30086,7.7372,-3.7152,0
-1.484,-2.8561,0.23651,-2.7306,-3.1399,0
-0.7242,-2.1893,0.20176,-7.5093,-4.046,0
0.89035,0.11918,0.18502,4.3238,-3.2693,0
1.4602,2.6585,0.10394,5.9167,-4.3337,0
0.89035,3.9409,-0.033781,-5.2337,-4.6501,0
-0.53425,3.4023,-0.17407,-5.4613,-5.2974,0
-1.8639,1.7607,-0.23972,6.1442,-6.3186,0
-1.579,0.60652,-0.22298,3.6411,-5.47,0
-0.43928,-0.18861,-0.22556,-7.0542,-5.959,0
-1.294,-0.36816,-0.25516,-1.8203,-4.5926,0
-0.91415,-0.060364,-0.27318,7.282,-4.9809,0
-1.1041,0.35002,-0.22427,0.68281,-5.585,0
-1.8639,0.067882,-0.094274,-7.5093,-5.772,0
-2.0538,-0.29121,0.07176,2.2757,-7.2247,0
-2.3388,-0.77854,0.19532,7.5096,-6.7069,0
-1.579,-1.4198,0.25581,-2.9581,-7.8289,0
-0.7242,-1.8045,0.32789,-7.0542,-7.4261,0
-0.15436,-1.8302,0.39868,4.5513,-7.4549,0
-0.53425,-1.5737,0.40383,5.234,-7.9008,0
-0.81917,-1.7019,0.33433,-5.6889,-7.4549,0
-1.389,-2.061,0.26225,-4.7786,-8.8501,0
-0.81917,-2.3944,0.2069,7.7372,-8.3179,0
-0.059385,-2.3688,0.18631,3.186,-8.8357,0
-1.1041,-2.1123,0.17344,-7.7369,-7.7569,0
-0.62923,-2.574,0.2069,-2.0479,-6.5343,0
-0.34431,-2.2406,0.25067,7.282,-6.0741,0
-1.7689,-1.4711,0.23908,-0.9101,-4.722,0
-2.1488,-1.112,0.20433,-7.2818,-5.4412,0
-0.15436,-0.13731,0.20304,2.2757,-4.9522,0
0.7004,0.45262,0.22492,7.0545,-5.7433,0
0.7004,-0.21426,0.24552,-3.4133,-5.9015,0
0.60543,-0.80419,0.20433,-6.5991,-5.3837,0
0.22554,-0.29121,0.19918,4.5513,-5.7145,0
0.32051,1.3247,0.3266,5.234,-4.2474,0
1.1753,2.6328,0.41541,-6.8267,-4.4919,0
1.7451,3.0688,0.33304,-4.7786,-3.6001,0
0.60543,2.7098,0.20047,5.9167,-3.672,0
-1.0091,1.9403,0.039583,2.7309,-4.3049,0
-0.91415,1.812,-0.099422,-7.5093,-3.9453,0
-0.059385,2.0429,-0.095561,-1.3652,-4.8803,0
1.7451,1.5042,-0.035068,7.5096,-3.4994,0
3.6446,0.99126,-0.0119,0.2277,-3.0679,0
4.2144,0.91431,-0.02091,-7.2818,-1.644,0
1.7451,0.52957,-0.0041778,2.2757,-0.55085,0
-0.62923,-0.41945,0.08077,6.5994,-1.0111,0
-1.9589,-1.112,0.14899,-3.6408,-0.594,0
-0.15436,-0.95809,0.1374,-6.144,-1.9029,0
0.89035,-0.6503,0.12324,5.6891,-1.27,0
0.41548,-1.4198,0.11295,4.7789,-0.75222,0
-0.24933,-2.3175,0.13869,-6.3715,0.36969,0
-0.24933,-2.3944,0.16314,-3.4133,2.1388,0
0.13056,-2.138,0.17344,7.5096,1.9806,0
-0.62923,-1.8558,0.13225,1.8206,2.7286,0
-1.6739,-1.548,0.13225,-7.2818,1.3478,0
-1.8639,-1.035,0.19017,-0.22742,1.2902,0
-0.43928,-0.086014,0.13998,8.1923,1.0889,0
1.5552,0.47827,-0.0028907,-2.0479,1.0457,0
1.5552,0.65782,-0.085264,-7.7369,2.4409,0
0.13056,-0.0090658,-0.015762,3.6411,2.0238,0
0.22554,-0.67595,0.12196,7.5096,2.858,0
1.4602,-1.1376,0.2275,-4.0959,2.0957,0
1.4602,-1.5993,0.23651,-6.8267,1.808,0
0.035589,-1.1376,0.16186,6.1442,2.0238,0
-0.15436,-0.52205,0.048593,4.7789,1.2902,0
0.51046,0.14483,-0.031207,-6.3715,2.4984,0
0.32051,1.0169,-0.054374,-3.6408,2.1101,0
-0.34431,1.812,-0.044078,7.7372,2.9587,0
-0.7242,2.6072,-0.033781,2.0482,3.232,0
-0.53425,3.6588,-0.10843,-8.192,2.9875,0
0.51046,4.4539,-0.22041,-0.45498,3.8936,0
0.60543,5.2234,-0.27318,7.5096,3.3327,0
-0.24933,5.5055,-0.23328,-2.2755,4.5265,0
-0.43928,5.5825,-0.22813,-8.4196,3.9224,0
-0.15436,5.3773,-0.26932,2.9584,3.7786,0
0.79538,4.7617,-0.30021,6.3718,3.4909,0
-0.059385,4.1718,-0.32852,-5.2337,2.2252,0
-0.43928,2.8637,-0.34912,-6.3715,2.5991,0
1.1753,1.5812,-0.38258,5.9167,1.4341,0
2.22,0.86301,-0.39931,3.8687,2.0669,0
1.3652,0.65782,-0.40318,-7.7369,1.9519,0
0.035589,0.40132,-0.38258,-2.9581,1.6354,0
0.13056,0.067882,-0.27189,8.1923,2.0238,0
1.1753,-0.36816,-0.13546,0.45525,0.71489,0
0.7004,-0.5477,-0.049226,-8.4196,1.2039,0
0.51046,-1.2402,0.056315,0.68281,0.36969,0
1.2702,-2.5996,0.12453,7.5096,1.0313,0
0.7004,-3.7795,0.064038,-3.1857,1.7217,0
-0.34431,-4.4464,-0.054374,-6.8267,2.0094,0
-0.62923,-4.9081,-0.031207,3.8687,3.4909,0
-0.34431,-4.4464,0.12067,4.0962,2.8724,0
0.7004,-3.9847,0.22235,-5.4613,3.534,0
1.5552,-3.4717,0.28542,-5.2337,2.6423,0
1.4602,-2.7022,0.29185,6.3718,2.0669,0
0.89035,-2.9587,0.21978,3.186,2.4121,0
-0.43928,-4.2155,0.10008,-7.2818,1.9662,0
0.7004,-4.9337,0.052454,-1.5928,3.5628,0
1.6501,-4.7029,0.11295,8.6474,3.1025,0
0.79538,-4.1386,0.18374,0.91037,3.6347,0
-0.7242,-3.7539,0.15928,-6.8267,2.7142,0
0.51046,-4.1642,0.061464,1.1379,1.4916,0
1.5552,-5.2415,0.026712,7.7372,1.6067,0
1.2702,-5.6519,0.10136,-2.9581,0.67174,0
0.98533,-6.0623,0.12711,-7.2818,2.0238,0
0.51046,-5.9084,0.046019,5.4616,1.7936,0
0.13056,-4.7798,-0.04279,5.6891,2.2683,0
-0.059385,-4.5233,-0.037642,-6.3715,2.2252,0
-0.91415,-4.4207,0.042157,-5.2337,1.1176,0
0.13056,-4.5746,0.053741,6.5994,1.4197,0
0.7004,-4.0104,-0.02091,2.5033,0.12517,0
0.60543,-3.3948,-0.033781,-7.2818,0.75804,0
-0.34431,-2.6253,-0.006752,-2.0479,0.67174,0
-0.43928,-2.1123,0.017703,7.5096,0.82996,0
0.41548,-1.7276,0.027999,-0.22742,1.4916,0
1.3652,-1.0607,0.0061189,-8.192,0.49914,0
2.9798,-0.47075,-0.015762,0.45525,0.78681,0
2.5049,0.88866,-0.047939,7.7372,-0.73783,0
2.125,3.1714,-0.099422,-3.8684,-0.91043,0
1.5552,4.9412,-0.2114,-7.9645,-1.1262,0
2.125,5.5312,-0.27961,4.0962,-1.6008,0
2.8848,4.9156,-0.25516,4.7789,-0.7666,0
0.98533,3.7614,-0.26803,-6.3715,-1.5433,0
-0.91415,3.1714,-0.33239,-6.3715,-0.8529,0
-0.81917,2.8124,-0.32724,7.7372,-1.7447,0
-0.91415,2.5046,-0.26932,2.2757,-2.1474,0
-1.7689,2.5559,-0.2513,-8.6471,-2.0036,0
-2.4337,2.4276,-0.26674,-2.0479,-2.5933,0
-2.3388,1.6325,-0.25259,8.4198,-1.2844,0
-1.294,0.93996,-0.18823,-0.22742,-1.8885,0
-0.62923,0.24743,-0.083977,-8.4196,-1.5145,0
-0.7242,-0.599,0.022851,2.0482,-2.1186,0
-0.34431,-1.1376,0.12196,7.282,-2.809,0
0.79538,-0.90679,0.1979,-3.8684,-2.3775,0
1.6501,-0.88114,0.26225,-6.5991,-3.1111,0
1.5552,-1.2402,0.26096,5.234,-2.0323,0
1.8401,-1.8815,0.158,5.234,-2.3919,0
0.79538,-3.087,0.10394,-6.5991,-2.2912,0
0.13056,-3.4974,0.17988,-4.0959,-2.3919,0
0.60543,-3.2665,0.19532,7.7372,-3.2405,0
1.0803,-2.7535,0.11166,2.5033,-2.5933,0
1.8401,-1.2402,0.04988,-8.192,-3.4419,0
1.5552,0.24743,0.042157,-0.45498,-2.3775,0
0.035589,0.70911,0.026712,8.4198,-2.5789,0
0.035589,0.50392,-0.010613,-0.68254,-2.4926,0
1.2702,0.47827,-0.067245,-8.192,-2.2337,0
1.0803,1.4529,-0.16764,2.2757,-3.3412,0
0.32051,2.1455,-0.2217,8.1923,-2.6652,0
-1.1991,2.0685,-0.20496,-4.5511,-3.6433,0
-0.43928,1.7094,-0.20625,-7.5093,-2.7515,0
1.1753,1.9146,-0.26674,5.4616,-2.6077,0
-0.059385,2.4533,-0.31694,3.6411,-2.7659,0
-0.43928,2.6072,-0.30407,-7.0542,-1.9029,0
-0.24933,2.2737,-0.25516,-2.9581,-2.5214,0
-1.484,1.0169,-0.19209,7.9647,-1.3563,0
-1.0091,-0.060364,-0.19853,2.0482,-1.9317,0
1.4602,0.067882,-0.22813,-7.7369,-1.6152,0
2.6949,1.1195,-0.29377,-0.9101,-1.6871,0
1.2702,2.1968,-0.46753,7.0545,-2.4207,0
0.32051,2.8124,-0.67218,-2.2755,-1.644,0
0.035589,3.2484,-0.72366,-7.7369,-2.3775,0
-1.389,3.2484,-0.57178,3.4135,-1.27,0
-0.7242,3.2997,-0.29249,6.1442,-1.3132,0
0.7004,3.2227,-0.045365,-5.2337,-1.2988,0
1.4602,2.915,0.022851,-6.144,-0.62276,0
1.2702,2.0942,-0.0041778,5.6891,-1.3995,0
0.41548,1.1452,-0.0016037,4.3238,-0.23441,0
0.22554,0.93996,0.039583,-7.0542,-0.594,0
1.1753,0.52957,0.085918,-3.4133,0.26901,0
-0.059385,0.042233,0.10651,8.1923,0.82996,0
-0.62923,-0.13731,0.15542,0.91037,0.88749,0
-0.53425,-0.6503,0.39096,-7.9645,1.9662,0
0.41548,-0.93244,0.64838,-0.22742,1.3478,0
0.41548,-0.95809,0.66897,8.1923,2.4841,0
-0.24933,-0.85549,0.59432,-1.5928,2.2539,0
-0.53425,-0.85549,0.66382,-7.7369,2.556,0
-0.62923,-1.8045,0.76164,3.6411,2.9156,0
0.035589,-2.2919,0.69857,6.8269,2.1676,0
1.6501,-1.5993,0.46561,-5.0062,2.8293,0
1.2702,-1.3428,0.29057,-5.6889,1.621,0
-1.0091,-1.625,0.23136,7.0545,1.995,0
-1.1991,-1.548,0.18631,4.0962,1.4916,0
0.89035,-1.0094,0.1773,-7.5093,1.3765,0
0.79538,-0.67595,0.26354,-2.7306,1.9662,0
-0.62923,-1.0094,0.30858,7.282,1.319,0
-1.484,-0.85549,0.25968,0.91037,2.4265,0
-1.7689,-0.4964,0.22364,-8.192,1.5635,0
-0.7242,-0.034715,0.32274,0.45525,2.0094,0
-0.24933,-0.034715,0.45274,6.8269,1.808,0
-1.294,-0.62465,0.53254,-1.8203,1.319,0
-1.7689,-0.67595,0.56085,-7.0542,2.0094,0
-0.53425,-0.4451,0.57501,3.8687,1.0313,0
1.4602,-0.29121,0.49264,5.9167,2.1676,0
1.8401,-0.599,0.39482,-4.7786,1.7073,0
0.51046,-1.1376,0.43987,-5.4613,2.3402,0
-0.7242,-1.5737,0.51838,5.4616,2.6854,0
0.60543,-2.497,0.45145,3.8687,1.9662,0
2.7898,-2.7279,0.36393,-7.2818,2.4841,0
2.9798,-2.0097,0.37294,-3.8684,0.97379,0
1.2702,-1.548,0.43729,6.8269,1.0889,0
0.13056,-2.0867,0.49393,1.8206,0.34092,0
0.79538,-2.5227,0.53254,-7.5093,0.082022,0
1.5552,-2.2149,0.55699,0.68281,0.82996,0
1.5552,-1.9071,0.53511,7.0545,0.57106,0
2.03,-1.6506,0.46175,-3.4133,1.8943,0
1.8401,-0.82984,0.35235,-7.9645,1.0457,0
1.0803,0.32437,0.21334,4.5513,1.1752,0
1.0803,1.3503,0.055028,5.9167,0.64298,0
0.7004,2.1968,-0.13417,-5.4613,0.038872,0
1.0803,1.9403,-0.20496,-6.144,1.0026,0
1.6501,1.1452,-0.078829,7.0545,0.72928,0
0.98533,0.68346,0.007406,3.8687,2.2827,0
-0.059385,0.99126,-0.095561,-7.2818,2.182,0
0.51046,1.376,-0.14447,-2.503,2.3834,0
1.0803,1.6325,-0.086552,7.7372,2.3402,0
1.9351,2.7098,-0.22684,1.1379,1.2039,0
1.6501,3.8127,-0.43535,-7.7369,1.5923,0
-0.24933,3.2997,-0.45337,0.00013542,0.67174,0
-1.484,2.838,-0.40961,8.6474,1.5923,0
-1.484,2.8893,-0.50486,-0.45498,1.5635,0
-0.53425,3.0175,-0.57951,-7.0542,1.5347,0
-0.43928,2.6841,-0.54218,3.6411,1.9662,0
-0.24933,2.1455,-0.57822,7.282,0.84434,0
0.51046,2.325,-0.68247,-4.3235,1.4197,0
0.22554,2.5302,-0.75712,-6.3715,0.16832,0
-1.0091,2.0172,-0.71465,6.1442,0.38407,0
-0.81917,2.1711,-0.53317,3.6411,0.21147,0
-0.059385,4.0948,-0.33367,-7.9645,-0.1625,0
-0.24933,4.813,-0.32981,-3.6408,0.54229,0
-0.91415,4.3513,-0.37486,7.0545,-0.40701,0
-1.1991,3.3253,-0.38773,0.91037,0.18271,0
0.035589,2.9663,-0.41862,-8.6471,-0.69468,0
0.98533,3.2227,-0.4701,-0.9101,-1.0111,0
1.9351,3.4279,-0.58465,7.5096,-1.1981,0
2.03,3.274,-0.65287,-1.8203,-2.1762,0
2.315,2.2481,-0.58465,-7.5093,-1.5433,0
2.5049,1.1452,-0.45466,2.7309,-2.5501,0
1.8401,0.042233,-0.35298,6.1442,-2.0755,0
1.4602,-0.93244,-0.25773,-5.6889,-2.5214,0
0.7004,-1.8045,-0.17922,-6.3715,-2.9097,0
0.035589,-1.2659,-0.13417,5.234,-2.3056,0
0.32051,-0.98374,-0.0518,4.0962,-3.0392,0
1.0803,-1.4454,-0.015762,-7.2818,-1.9173,0
1.8401,-2.1893,-0.092987,-2.9581,-2.4782,0
0.79538,-2.1123,-0.21912,6.8269,-1.9748,0
-0.34431,-1.2915,-0.20368,0.00013542,-1.9029,0
-0.34431,-0.29121,-0.044078,-8.8747,-2.3632,0
-0.059385,0.35002,-0.0041778,1.1379,-1.5289,0
-1.7689,1.4529,-0.17793,7.5096,-2.3056,0
-2.6237,2.5302,-0.31308,-2.9581,-1.5002,0
-1.484,3.4536,-0.29892,-7.2818,-1.8741,0
-0.81917,3.4023,-0.21783,4.3238,-2.0467,0
-1.294,1.6325,-0.094274,6.1442,-1.5145,0
0.41548,-0.85549,0.10522,-5.6889,-2.1618,0
1.2702,-2.6253,0.35878,-5.4613,-1.0399,0
0.60543,-3.8308,0.45403,6.3718,-1.5289,0
1.9351,-4.036,0.37423,4.3238,-0.88167,0
2.7898,-2.3944,0.25195,-7.7369,-0.80975,0
1.5552,-1.7276,0.16186,-3.6408,-1.3851,0
0.89035,-2.8561,0.17988,8.1923,-0.82413,0
0.98533,-4.1899,0.26997,2.0482,-1.831,0
0.89035,-4.6772,0.43086,-7.5093,-1.0255,0
0.7004,-4.985,0.6265,0.68281,-1.1118,0
0.32051,-4.6516,0.72303,8.875,-0.72345,0
1.1753,-4.3438,0.61105,-1.8203,0.15394,0
0.035589,-2.9844,0.47591,-7.2818,-0.47893,0
-0.24933,-0.95809,0.41927,4.3238,0.44161,0
0.60543,-0.47075,0.40512,6.5994,-0.594,0
0.79538,-1.3941,0.45531,-6.5991,-0.37825,0
0.89035,-2.9587,0.54541,-7.5093,-0.47893,0
0.41548,-3.9334,0.6458,6.3718,-0.78098,0
-1.294,-3.8821,0.70887,4.0962,0.19709,0
-1.484,-2.9074,0.66382,-7.7369,-0.56523,0
-1.0091,-1.548,0.47462,-2.9581,0.22586,0
-1.0091,-0.98374,0.24166,7.282,-0.47893,0
-1.6739,-1.8815,0.12711,1.3655,-0.73783,0
-1.7689,-2.6509,0.15027,-9.1023,-0.40701,0
-0.91415,-3.6769,0.14126,-1.1377,-1.1262,0
-0.62923,-4.3951,0.07176,7.282,-0.004278,0
-0.7242,-4.2412,0.078196,-1.3652,-0.66591,0
-0.7242,-3.7539,0.12324,-7.9645,0.13956,0
-1.1991,-3.3178,0.15671,3.4135,-0.061812,0
-1.0091,-2.6766,0.17344,6.5994,-0.37825,0
0.32051,-2.2919,0.015128,-4.5511,0.18271,0
0.7004,-1.9841,-0.13804,-6.144,-0.69468,0
0.7004,-1.6763,-0.094274,5.4616,0.35531,0
0.41548,-1.2146,0.10394,4.3238,-0.34948,0
-0.7242,-0.4451,0.20176,-8.192,0.024489,0
-1.8639,0.27308,0.16572,-3.8684,0.24024,0
-0.24933,0.78606,0.16057,7.0545,-0.36386,0
0.32051,1.2221,0.28542,1.3655,0.52791,0
-0.15436,1.4016,0.38066,-7.7369,-0.45016,0
-0.81917,0.76041,0.21334,-0.68254,0.082022,0
-1.294,0.067882,0.066612,7.7372,-0.14811,0
-0.7242,0.27308,0.26482,-0.45498,-0.49331,0
0.035589,0.067882,0.4566,-7.7369,0.24024,0
-0.62923,0.50392,0.3073,2.5033,-0.60838,0
-1.294,1.4016,0.10909,7.0545,0.32654,0
-0.7242,1.7607,0.073047,-3.1857,-0.27756,0
0.32051,1.4786,0.11681,-6.144,-0.076195,0
-0.34431,1.1195,0.13483,5.9167,0.010105,0
-0.81917,1.5042,0.23136,4.0962,-0.73783,0
-1.7689,1.9916,0.30987,-7.5093,-0.004278,0
-0.81917,2.2481,0.25067,-3.8684,-0.91043,0
0.22554,2.2224,0.15542,7.9647,-0.26318,0
-0.7242,2.0172,0.00097052,2.7309,-0.3351,0
-1.579,1.4273,-0.11744,-7.7369,-0.4214,0
-1.7689,1.1195,-0.068532,-1.5928,0.42722,0
-0.62923,0.83736,0.021564,7.9647,-0.1625,0
0.035589,0.45262,0.167,0.2277,0.95941,0
-0.62923,0.016583,0.26096,-8.192,0.47037,0
-1.294,0.042233,0.17601,2.7309,1.0745,0
-0.7242,0.35002,0.05889,7.0545,1.3046,0
-0.15436,0.27308,0.11166,-4.0959,0.90188,0
-1.579,-0.41945,0.25839,-6.5991,1.693,0
-1.579,-0.6503,0.34462,5.234,0.85873,0
0.13056,-0.21426,0.31116,3.8687,1.6067,0
0.60543,0.58087,0.22235,-7.5093,1.2902,0
0.79538,0.68346,0.094928,-3.8684,1.1752,0
0.79538,0.47827,-0.00031657,6.8269,1.7073,0
-0.15436,0.22178,-0.032494,1.5931,0.90188,0
-0.7242,0.37567,0.074335,-7.7369,1.8368,0
-0.15436,0.93996,0.096215,-1.3652,0.95941,0
1.5552,1.8377,-0.044078,7.7372,1.2758,0
1.8401,2.8124,-0.35555,-1.3652,0.93064,0
0.89035,3.787,-0.61812,-8.4196,0.13956,0
-0.24933,4.6848,-0.56664,2.5033,0.55667,0
-0.34431,5.0695,-0.26674,6.5994,-0.60838,0
-0.15436,4.2744,-0.15091,-4.0959,-0.033045,0
-1.1041,3.1458,-0.22298,-6.8267,-0.6803,0
-0.34431,2.1455,-0.11873,5.4616,-0.73783,0
-1.1991,0.47827,0.091067,4.3238,-0.39263,0
-0.15436,-1.035,0.2468,-6.8267,-1.0543,0
2.22,-2.138,0.38066,-3.6408,-0.11935,0
0.60543,-2.1893,0.48749,7.282,-1.0255,0
-1.389,-1.0607,0.48105,1.3655,-0.49331,0
-2.9086,-0.599,0.44502,-7.9645,-0.79537,0
-2.8136,-0.98374,0.47205,-0.45498,-1.3276,0
-3.0985,-1.3685,0.53125,7.5096,-0.79537,0
-2.3388,-0.75289,0.5364,-1.5928,-1.831,0
-1.484,0.52957,0.30601,-7.5093,-1.1406,0
-1.579,2.1968,0.16829,3.4135,-1.8166,0
-0.7242,3.351,0.31759,6.1442,-1.7878,0
0.41548,4.0179,0.34462,-5.2337,-1.5721,0
1.3652,3.8383,0.016416,-5.9164,-2.4207,0
2.4099,3.1458,-0.23328,6.3718,-1.946,0
0.79538,2.3507,-0.18308,4.3238,-3.1111,0
-1.1041,1.4786,-0.16764,-6.8267,-2.9097,0
-0.81917,0.63217,-0.14447,-3.8684,-3.3268,0
0.13056,0.067882,0.04988,6.8269,-3.7583,0
-0.34431,0.042233,0.27126,1.8206,-3.1399,0
-0.53425,0.19613,0.34977,-7.5093,-3.9166,0
-0.059385,-0.23991,0.30086,-0.9101,-3.0679,0
1.3652,-0.52205,0.20047,7.5096,-3.6864,0
2.22,-0.3938,0.021564,-1.3652,-3.5857,0
1.6501,-0.034715,-0.099422,-9.1023,-3.3844,0
0.13056,0.55522,-0.10071,1.1379,-3.9597,0
-0.43928,0.70911,0.067899,5.6891,-3.1111,0
-0.34431,0.016583,0.14899,-4.7786,-3.7152,0
0.32051,-1.3685,-0.013187,-6.3715,-2.7803,0
0.7004,-1.4198,-0.20368,6.1442,-2.9385,0
0.89035,-0.29121,-0.25001,3.8687,-2.6652,0
0.89035,0.63217,-0.25902,-7.7369,-2.1043,0
0.79538,1.4273,-0.2616,-3.4133,-2.5214,0
0.41548,2.0172,-0.20625,7.9647,-1.5002,0
0.035589,1.7864,-0.094274,0.91037,-2.1762,0
0.60543,1.7351,-0.019623,-8.6471,-1.27,0
0.13056,1.812,-0.15219,-0.22742,-1.1406,0
-0.15436,1.7864,-0.37872,7.5096,-0.99673,0
0.60543,1.8633,-0.3414,-2.503,-0.033045,0
1.5552,1.1965,-0.32466,-7.7369,-0.55085,0
0.7004,0.99126,-0.50486,4.3238,0.62859,0
-0.53425,1.2221,-0.65416,5.234,0.16832,0
-1.484,1.5812,-0.70435,-6.8267,0.67174,0
-0.43928,2.0429,-0.70049,-5.4613,0.88749,0
0.41548,3.0945,-0.64515,6.3718,0.21147,0
0.51046,4.1718,-0.57178,3.4135,0.93064,0
-0.24933,3.9922,-0.45466,-7.0542,-0.30633,0
-0.53425,2.7611,-0.29892,-2.7306,0.16832,0
-0.34431,0.86301,-0.19724,7.7372,-0.7666,0
0.22554,-0.6503,-0.21783,0.68281,-1.3419,0
-0.059385,-0.47075,-0.37229,-7.9645,-1.5865,0
-0.059385,0.93996,-0.47525,0.91037,-2.8234,0
-1.294,1.4786,-0.44951,7.7372,-2.1618,0
-0.7242,1.0169,-0.38387,-2.503,-3.2981,0
-0.53425,0.24743,-0.23328,-7.0542,-2.996,0
-0.059385,-0.34251,-0.050513,4.5513,-3.4419,0
0.60543,-0.5477,0.022851,6.1442,-4.1467,0
-1.1041,-0.62465,0.04988,-7.0542,-3.7871,0
-1.6739,-1.0607,-0.040216,-4.3235,-4.9234,0
-1.1991,-2.0097,-0.40704,7.5096,-4.2618,0
-1.0091,-3.1383,-0.77514,3.186,-4.9809,0
-1.484,-3.9591,-0.72237,-8.192,-4.8946,0
-1.0091,-4.0104,-0.32724,-1.8203,-4.7508,0
-0.62923,-4.6772,-0.045365,6.3718,-5.5131,0
0.60543,-4.8055,-0.099422,-0.22742,-4.5782,0
1.8401,-3.0357,-0.3208,-8.192,-5.3693,0
1.5552,-1.9841,-0.42892,2.0482,-4.5063,0
0.035589,-2.0097,-0.37872,7.0545,-4.5926,0
-0.059385,-1.7019,-0.36842,-4.3235,-4.4631,0
1.7451,-1.7019,-0.40961,-7.2818,-3.5426,0
2.22,-1.8045,-0.40446,5.0064,-3.9022,0
0.51046,-1.8302,-0.28348,5.0064,-2.5358,0
-0.24933,-1.8815,-0.1818,-7.5093,-2.881,0
-0.7242,-1.6506,-0.16378,-4.5511,-1.9748,0
-0.43928,-1.0094,-0.11744,6.5994,-1.5145,0
0.32051,-0.26556,0.043444,2.7309,-1.3132,0
-0.43928,0.76041,0.27383,-8.192,-0.047428,0
-0.91415,1.5555,0.31245,-1.1377,-0.32071,0
-1.389,1.812,0.14512,8.4198,1.0745,0
-1.0091,1.4273,0.038296,-1.1377,0.94503,0
-0.81917,0.58087,0.10909,-7.9645,1.506,0
-0.81917,0.47827,0.297,2.9584,2.1388,0
-1.484,0.58087,0.28156,6.5994,1.7361,0
-3.3835,0.40132,0.12582,-5.4613,2.858,0
-2.4337,-0.21426,0.093641,-7.5093,2.2827,0
-0.81917,-0.95809,0.17087,6.1442,2.9731,0
-0.34431,-0.6503,0.3266,3.4135,3.0306,0
-1.1991,-0.086014,0.4167,-6.5991,2.8149,0
-1.0091,-0.7016,0.26225,-2.9581,3.5197,0
-0.24933,-1.4711,0.1181,7.5096,2.6998,0
0.32051,-1.5737,0.29958,2.0482,3.5916,0
0.13056,-1.4454,0.53769,-7.9645,3.1457,0
-0.7242,-1.1889,0.59046,1.1379,3.5628,0
0.79538,-1.0607,0.5467,7.0545,4.0375,0
2.315,-0.98374,0.5261,-2.9581,3.6635,0
1.3652,-1.0607,0.42957,-7.7369,4.7279,0
0.32051,-1.0607,0.17215,3.6411,4.1957,0
-0.91415,-0.5477,-0.064671,5.9167,5.0587,0
-0.34431,-0.034715,-0.1612,-6.3715,4.9005,0
1.0803,-0.26556,-0.1213,-5.0062,4.8285,0
1.4602,-0.72725,-0.085264,6.8269,5.4902,0
1.6501,-0.34251,-0.11744,3.186,4.8285,0
1.1753,0.32437,-0.18694,-8.192,5.8642,0
1.3652,-0.060364,-0.26803,-2.503,5.2025,0
1.4602,-0.6503,-0.29892,6.8269,5.6484,0
-0.53425,-1.1633,-0.055661,0.68281,5.7491,0
-2.7186,-1.8045,0.20176,-7.9645,5.26,0
-1.484,-2.3688,0.21463,0.91037,6.0799,0
0.79538,-1.9841,0.12067,6.3718,5.145,0
0.7004,-0.88114,-0.017049,-2.7306,5.9361,0
0.22554,-0.086014,-0.16249,-7.0542,5.2313,0
0.13056,0.35002,-0.20368,3.6411,5.1594,0
-0.24933,0.32437,-0.1818,5.4616,5.26,0
0.51046,-0.3938,-0.26803,-6.3715,4.3827,0
0.98533,-1.0863,-0.35813,-5.4613,5.1162,0
0.79538,-1.8302,-0.26674,6.3718,4.1669,0
0.41548,-2.138,-0.14318,2.5033,4.6272,0
-0.43928,-1.3685,-0.12002,-7.7369,4.3251,0
-1.6739,-0.75289,-0.0518,-1.3652,3.8936,0
-1.9589,-0.16296,0.015128,7.9647,4.397,0
-1.6739,0.14483,-0.095561,0.00013542,3.3902,0
-0.53425,0.19613,-0.30278,-8.6471,3.9799,0
-1.484,0.016583,-0.43407,2.5033,2.9443,0
-1.6739,-0.599,-0.44565,7.282,2.7286,0
-0.81917,-0.7016,-0.31437,-4.7786,2.4409,0
0.32051,-0.6503,-0.054374,-6.5991,1.4628,0
1.1753,-1.0094,0.056315,5.6891,1.9519,0
1.6501,-1.5737,-0.095561,4.5513,0.77243,0
1.2702,-2.0097,-0.37615,-6.8267,1.0745,0
0.60543,-2.2149,-0.4302,-4.0959,0.58544,0
-0.059385,-1.8045,-0.30278,7.282,0.038872,0
-0.62923,-1.0863,-0.13932,2.5033,0.38407,0
-0.53425,-1.0607,-0.045365,-7.7369,-0.89605,0
-0.62923,-1.7789,-0.065958,0.2277,-0.1625,0
-1.1041,-2.574,-0.036355,7.9647,-1.083,0
-1.7689,-2.7792,0.10394,-2.7306,-0.96797,0
-1.8639,-2.6509,0.19017,-8.6471,-0.92482,0
-0.059385,-2.6766,0.16958,3.6411,-1.6728,0
2.315,-2.6766,0.21077,6.3718,-0.96797,0
2.22,-2.6509,0.36908,-5.9164,-1.8741,0
1.2702,-2.4201,0.51452,-6.144,-1.0255,0
0.79538,-2.497,0.53254,6.3718,-1.0974,0
1.0803,-2.6253,0.42056,4.0962,-0.99673,0
0.98533,-2.1636,0.38838,-7.2818,-0.47893,0
1.4602,-1.2915,0.62907,-2.0479,-1.6008,0
0.79538,-0.086014,0.99203,8.1923,-1.2125,0
0.13056,0.68346,0.78867,0.00013542,-2.4638,0
0.41548,0.73476,0.25453,-8.6471,-2.2049,0
0.60543,-0.3938,0.033148,1.5931,-2.4351,0
0.7004,-1.0863,0.12324,7.282,-2.7947,0
0.13056,-0.599,0.20819,-3.6408,-2.1474,0
-0.15436,0.093531,0.13869,-6.8267,-3.0104,0
-1.484,1.1452,-0.04279,5.0064,-2.1043,0
-1.6739,1.9403,-0.11101,5.4616,-2.7227,0
-0.62923,2.2224,-0.11744,-6.5991,-2.5358,0
0.13056,3.1458,-0.2513,-5.2337,-2.3919,0
-0.24933,3.787,-0.49971,7.5096,-3.1399,0
0.51046,2.8637,-0.78158,1.5931,-2.4638,0
2.5999,1.889,-0.97593,-7.5093,-3.4851,0
3.3597,1.7094,-0.88712,0.00013542,-2.8953,0
2.03,1.7864,-0.66317,7.7372,-3.4131,0
0.32051,1.6325,-0.61941,-1.1377,-3.6864,0
-0.34431,1.7094,-0.97979,-7.5093,-3.37,0
0.51046,1.376,-1.3582,3.8687,-4.3049,0
0.98533,0.45262,-1.3093,5.234,-3.6001,0
2.03,-0.7016,-0.81118,-5.6889,-4.6357,0
1.2702,-0.85549,-0.35427,-5.4613,-4.4056,0
-0.81917,-0.034715,-0.33496,6.3718,-4.8371,0
-0.15436,0.27308,-0.55248,4.3238,-5.6713,0
1.5552,-0.62465,-0.63099,-7.7369,-5.3261,0
2.125,-0.16296,-0.60267,-2.7306,-6.6206,0
2.5049,1.7864,-0.63228,8.1923,-6.1891,0
2.9798,3.5049,-0.65158,0.00013542,-6.9658,0
0.89035,2.8637,-0.41733,-7.7369,-7.0521,0
-0.81917,1.0169,0.043444,2.7309,-6.8652,0
-0.81917,-0.41945,0.31245,7.0545,-7.6563,0
-0.91415,-0.26556,0.16443,-3.8684,-6.822,0
-1.7689,0.70911,0.0099801,-7.7369,-7.9295,0
-1.6739,1.299,0.034435,5.4616,-7.498,0
-0.43928,0.78606,0.064038,4.3238,-7.7138,0
1.5552,0.14483,0.14641,-7.0542,-7.9583,0
1.7451,-0.41945,0.31631,-5.0062,-7.2823,0
0.79538,-0.57335,0.40254,7.5096,-8.059,0
-1.579,-0.18861,0.32532,2.5033,-7.1384,0
-2.9086,0.52957,0.11552,-8.4196,-7.6563,0
-1.6739,0.65782,-0.033781,-0.9101,-7.2535,0
-0.34431,0.42697,-0.047939,6.8269,-6.9946,0
-0.34431,0.067882,-0.06081,-1.3652,-7.5412,0
-0.7242,0.65782,-0.099422,-7.7369,-6.5919,0
-1.0091,2.3763,-0.0080391,2.5033,-7.3973,0
-1.484,3.7614,0.23522,5.9167,-6.4768,0
-1.0091,3.787,0.30987,-5.2337,-6.5919,0
-0.43928,3.8127,0.052454,-6.5991,-6.5343,0
0.13056,4.0692,-0.089126,5.9167,-5.657,0
-0.34431,3.8896,0.16314,4.3238,-6.2179,0
-0.91415,3.1201,0.48234,-7.2818,-5.0385,0
-1.1041,3.0175,0.60848,-4.0959,-5.5131,0
-0.059385,2.6585,0.43987,7.9647,-4.8946,0
-0.059385,1.889,0.3472,1.8206,-4.6357,0
0.035589,0.65782,0.47848,-8.4196,-5.1823,0
0.035589,-0.67595,0.63808,-0.45498,-4.2618,0
-0.059385,-1.0607,0.69085,6.5994,-5.1392,0
-0.059385,0.016583,0.57373,-2.503,-4.4919,0
0.41548,0.81171,0.54927,-7.5093,-4.8803,0
-0.059385,0.99126,0.55699,3.6411,-4.9522,0
-1.8639,0.40132,0.33175,6.8269,-4.4344,0
-1.9589,-0.086014,-0.072394,-5.4613,-5.4268,0
-2.4337,0.88866,-0.41218,-6.144,-4.5782,0
-1.294,2.5559,-0.71594,5.9167,-5.4268,0
-0.81917,3.1458,-0.96563,4.3238,-4.8515,0
-0.53425,2.2481,-1.0995,-6.8267,-4.607,0
-0.15436,2.2737,-0.93474,-1.5928,-4.722,0
0.51046,3.6331,-0.67733,8.4198,-3.557,0
0.7004,4.7361,-0.77,0.68281,-4.1035,0
0.41548,4.9412,-0.8292,-8.4196,-3.183,0
-0.53425,4.5822,-0.68762,0.2277,-3.6145,0
-1.1991,2.6585,-0.51901,8.1923,-3.4275,0
-0.91415,0.40132,-0.32852,-1.1377,-2.8234,0
-0.53425,-0.26556,-0.036355,-8.6471,-3.0536,0
-0.81917,-0.034715,0.34848,3.186,-1.7447,0
-1.579,0.14483,0.60204,6.5994,-2.2049,0
-2.1488,-0.31686,0.70115,-4.7786,-1.3419,0
-1.6739,-1.3941,0.5068,-6.5991,-1.457,0
-1.484,-3.1896,0.26868,6.3718,-1.6008,0
-1.484,-4.0617,0.34591,3.4135,-0.80975,0
-1.0091,-4.3438,0.41155,-7.0542,-1.3276,0
-0.53425,-4.2925,0.47591,-2.503,0.19709,0
0.035589,-5.0363,0.78095,7.9647,-0.061812,0
1.3652,-5.4211,0.96629,0.00013542,0.74366,0
1.4602,-5.7802,1.0062,-8.4196,0.98818,0
1.6501,-5.498,1.1349,0.91037,0.38407,0
1.0803,-5.2415,1.2533,7.5096,1.2615,0
0.41548,-5.7289,1.1297,-3.4133,0.45599,0
0.32051,-6.2931,0.92767,-7.7369,1.5923,0
1.8401,-5.4724,0.82599,4.5513,1.4916,0
3.1697,-3.523,0.73719,5.0064,1.8799,0
2.8848,-1.8302,0.65095,-6.3715,2.5272,0
0.7004,-0.4964,0.35235,-5.0062,1.7649,0
-0.15436,0.55522,-0.11873,6.5994,2.3834,0
-0.059385,0.73476,-0.23843,2.9584,1.3046,0
-1.484,0.86301,0.091067,-8.192,1.693,0
-2.3388,2.5302,0.28928,-1.5928,1.4772,0
-2.5287,4.6848,0.037009,7.7372,1.4484,0
-1.389,6.2237,-0.33367,-1.3652,2.4265,0
-1.484,5.1721,-0.50486,-8.192,1.808,0
-2.5287,4.0435,-0.52159,3.6411,2.7286,0
-2.3388,3.6075,-0.54733,7.282,2.0669,0
-1.0091,3.0945,-0.68119,-4.5511,2.4121,0
-0.91415,2.6841,-0.7893,-6.144,2.7573,0
-0.91415,2.8637,-0.78673,6.1442,2.5416,0
1.5552,2.4276,-0.68376,4.7789,3.721,0
3.7396,1.5555,-0.5705,-6.144,3.0882,0
2.8848,1.2477,-0.51901,-5.0062,3.9368,0
2.7898,1.6581,-0.46624,7.7372,3.3327,0
3.1697,1.6068,-0.49713,2.0482,2.8724,0
2.315,1.7351,-0.46367,-8.4196,2.8868,0
1.8401,1.3247,-0.28219,-0.45498,1.8368,0
2.22,1.5299,-0.12645,7.282,2.671,0
0.41548,1.5299,-0.065958,-0.9101,2.0382,0
-0.53425,-0.034715,-0.054374,-8.6471,2.7861,0
-0.43928,-1.5737,-0.040216,3.186,2.8005,0
-0.7242,-1.7019,0.060177,7.0545,2.4697,0
-0.81917,-0.57335,0.10909,-4.3235,3.1025,0
-0.81917,-0.060364,0.062751,-6.3715,2.182,0
-1.7689,-0.36816,0.046019,5.4616,3.1025,0
-1.9589,-0.34251,0.016416,4.0962,2.4409,0
-0.62923,-0.4964,0.11681,-7.5093,3.0738,0
0.035589,-0.13731,0.37937,-4.5511,3.5484,0
-0.62923,0.32437,0.47591,6.5994,3.5053,0
-1.7689,0.19613,0.43987,2.7309,4.7279,0
-1.389,-0.75289,0.38066,-7.9645,4.0662,0
0.60543,-1.4967,0.11552,-0.68254,4.8142,0
1.3652,-1.1376,-0.22813,7.5096,4.1525,0
0.035589,0.32437,-0.21269,-1.3652,3.9943,0
-1.1991,1.6838,0.029286,-7.0542,4.3395,0
-2.9086,1.7607,0.097502,2.9584,3.6923,0
-3.0036,0.65782,0.051167,6.5994,4.8429,0
-1.389,-0.0090658,0.10522,-5.6889,4.0662,0
-0.53425,0.016583,0.08077,-6.3715,4.771,0
-0.15436,0.65782,-0.038929,5.9167,4.7998,0
0.13056,0.24743,-0.078829,4.0962,4.3107,0
0.035589,-0.67595,0.12582,-7.2818,5.0443,0
0.51046,-1.2915,0.34205,-3.1857,4.1381,0
0.60543,-1.8815,0.46046,7.5096,5.2457,0
0.035589,-1.9584,0.4965,0.68281,4.7854,0
0.51046,-1.6506,0.42056,-8.4196,5.2169,0
0.7004,-1.2146,0.27769,1.8206,5.7491,0
0.79538,-0.77854,0.11552,7.7372,5.2025,0
1.4602,-0.82984,-0.081403,-3.1857,6.2957,0
2.5999,-1.6506,-0.19467,-6.3715,5.4758,0
2.125,-2.3175,-0.068532,5.0064,6.0799,0
0.7004,-2.4457,0.20562,5.6891,5.7347,0
-0.91415,-2.497,0.27383,-6.144,5.519,0
-0.059385,-2.4457,0.070473,-4.5511,5.9505,0
1.7451,-3.01,-0.13031,7.7372,4.9868,0
0.13056,-2.9587,-0.22556,2.7309,5.6484,0
-0.53425,-1.8815,-0.21011,-7.9645,4.5553,0
-0.34431,-0.7016,-0.34912,-1.3652,4.6991,0
0.51046,-0.31686,-0.47268,7.7372,4.3251,0
0.51046,0.22178,-0.49456,-1.1377,3.6347,0
-0.059385,0.96561,-0.41476,-7.9645,4.1525,0
0.51046,2.402,-0.32852,2.5033,3.1745,0
0.60543,3.7614,-0.37615,6.8269,3.9224,0
-0.24933,3.9666,-0.3414,-4.0959,3.1313,0
-0.91415,3.787,-0.2114,-6.8267,3.0162,0
-1.6739,2.8637,-0.27833,5.234,3.0594,0
-1.579,1.7094,-0.42892,4.0962,2.1676,0
-0.91415,1.812,-0.42892,-7.2818,2.8868,0
-0.62923,3.4792,-0.33625,-4.3235,1.7936,0
-0.53425,5.1464,-0.24486,7.282,2.1101,0
-0.53425,5.1721,-0.19209,1.5931,1.6498,0
0.41548,3.9666,-0.15863,-8.192,1.1895,0
0.7004,2.325,-0.083977,-1.3652,1.7073,0
0.32051,1.4016,-0.064671,6.8269,0.81558,0
-0.43928,1.2221,-0.14447,-0.9101,1.7649,0
-1.0091,2.0942,-0.12388,-8.192,1.0313,0
-1.6739,2.7354,0.074335,1.3655,1.3334,0
-1.8639,3.0432,0.15156,6.3718,1.2758,0
-1.1991,2.4789,-0.12645,-5.2337,0.71489,0
-0.81917,1.7607,-0.40961,-6.3715,1.5491,0
-0.059385,0.65782,-0.28219,5.6891,0.71489,0
1.2702,-1.1633,0.14126,3.186,1.6354,0
0.51046,-2.7022,0.49393,-6.8267,1.2039,0
-0.7242,-2.6766,0.54155,-3.8684,1.1464,0
0.035589,-1.5224,0.39997,7.7372,1.4197,0
0.98533,-0.77854,0.34205,2.9584,0.55667,0
1.8401,-1.6763,0.40126,-7.2818,1.4053,0
2.315,-1.548,0.39225,0.2277,0.52791,0
1.8401,-0.26556,0.29571,7.5096,1.0169,0
1.2702,1.299,0.28156,-0.45498,0.62859,0
1.1753,1.9146,0.26997,-7.0542,0.16832,0
1.6501,2.0942,0.22879,2.0482,0.49914,0
1.1753,1.9916,0.28156,7.282,-0.6803,0
0.51046,2.2994,0.31245,-3.6408,0.082022,0
-0.62923,2.8124,0.18116,-7.0542,-0.82413,0
-1.294,2.3763,-0.083977,5.234,-0.594,0
0.51046,1.7607,-0.39545,4.7789,-0.57961,0
1.4602,1.3247,-0.55505,-7.2818,-1.3276,0
0.7004,1.5299,-0.45337,-4.5511,-0.78098,0
-0.24933,2.2224,-0.14318,7.5096,-1.8885,0
-0.24933,2.5302,-0.069819,1.3655,-1.3995,0
0.51046,2.4789,-0.27833,-8.6471,-1.8741,0
0.98533,2.5302,-0.4405,-0.45498,-2.0467,0
1.9351,2.8637,-0.38387,7.0545,-1.7015,0
2.03,2.6328,-0.22684,-1.1377,-2.5501,0
0.98533,1.9146,-0.099422,-7.5093,-1.7734,0
0.035589,1.3503,0.07176,3.6411,-2.6364,0
0.22554,1.4786,0.25324,5.9167,-2.3488,0
-0.7242,1.299,0.42957,-5.9164,-2.4063,0
-0.91415,0.14483,0.49907,-5.6889,-2.9385,0
0.32051,-1.3172,0.50808,6.1442,-2.2049,0
0.13056,-2.3175,0.43215,2.7309,-3.0104,0
-1.294,-2.9074,0.22106,-7.9645,-2.2193,0
-0.43928,-3.4461,0.16958,-2.9581,-2.809,0
1.7451,-4.9337,0.40769,7.7372,-2.7084,0
1.8401,-6.011,0.75392,0.68281,-2.4351,0
1.0803,-6.3188,0.84273,-8.192,-3.183,0
0.79538,-5.9853,0.64709,1.1379,-2.4638,0
0.13056,-5.3954,0.53383,7.5096,-3.4851,0
-1.294,-4.549,0.47462,-3.4133,-2.8234,0
-2.3388,-3.6,0.36522,-7.7369,-3.0248,0
-2.8136,-3.3948,0.33047,5.0064,-3.2118,0
-1.1991,-4.3438,0.36908,5.4616,-2.507,0
-0.81917,-5.4211,0.45917,-6.5991,-3.2118,0
-0.62923,-5.8827,0.52095,-4.5511,-2.1186,0
-0.24933,-5.2928,0.58402,6.8269,-2.6077,0
0.7004,-4.8824,0.72818,2.5033,-1.946,0
1.1753,-4.5233,0.68055,-8.192,-1.4139,0
-0.15436,-3.4717,0.31373,-0.9101,-1.7591,0
-1.484,-1.9328,-0.08269,9.1025,-0.96797,0
-0.81917,-1.3941,-0.1715,-0.45498,-2.0755,0
0.32051,-1.3685,-0.12002,-7.9645,-1.3995,0
0.51046,-0.4964,-0.17021,2.5033,-1.831,0
0.22554,-0.11166,-0.14447,6.8269,-1.8597,0
1.0803,-0.16296,-0.062097,-3.6408,-1.0974,0
0.035589,0.68346,-0.13289,-6.3715,-1.5433,0
-0.81917,1.7094,-0.24486,6.1442,-0.29195,0
-1.1991,2.4533,-0.33496,5.234,-0.83852,0
0.41548,3.0945,-0.2809,-7.2818,-0.2488,0
0.7004,2.9663,-0.098135,-4.7786,-0.17688,0
-1.389,2.1198,-0.19081,7.5096,-0.594,0
-2.2438,0.91431,-0.4907,2.9584,0.19709,0
-1.0091,-0.13731,-0.29763,-7.2818,-0.73783,0
0.035589,-0.67595,0.27126,-1.8203,0.12517,0
-0.53425,-0.75289,0.44373,7.5096,-0.49331,0
-1.579,-0.3938,0.30987,-0.45498,-0.39263,0
-0.7242,0.17048,0.084631,-9.3298,-0.17688,0
0.22554,1.1965,-0.11744,0.91037,-0.9392,0
-0.24933,2.5815,-0.31823,6.1442,-0.018661,0
-0.62923,2.6585,-0.57693,-5.0062,-0.92482,0
-1.0091,1.8633,-0.64257,-7.2818,-0.22003,0
-2.0538,1.5299,-0.37743,5.0064,-0.60838,0
-2.6237,0.78606,-0.32852,5.0064,-0.9392,0
-1.1041,0.29873,-0.6104,-7.0542,-0.62276,0
0.13056,0.40132,-0.88197,-5.4613,-1.5145,0
1.1753,1.0169,-0.98365,6.3718,-0.47893,0
1.8401,0.93996,-1.0364,2.9584,-1.1693,0
1.9351,0.91431,-1.1136,-8.192,-0.63715,0
1.2702,1.2221,-1.0377,-1.5928,-0.57961,0
1.5552,0.52957,-0.6503,7.7372,-1.2269,0
2.5049,-0.88114,-0.26288,1.1379,-0.53646,0
2.03,-1.9071,-0.19338,-8.4196,-1.7015,0
0.22554,-1.9841,-0.19853,1.1379,-1.1262,0
-0.059385,-1.8558,-0.18823,8.1923,-1.7447,0
0.79538,-2.7279,-0.14576,-3.6408,-1.8454,0
-0.62923,-4.8311,-0.055661,-7.5093,-1.3563,0
-2.4337,-7.0626,0.057602,4.5513,-2.1186,0
-2.5287,-6.7292,0.2674,5.6891,-1.1981,0
0.035589,-5.6776,0.52482,-6.144,-2.0899,0
1.0803,-5.7032,0.75134,-4.0959,-1.6728,0
-0.15436,-5.4211,0.93411,7.7372,-1.7878,0
-1.1991,-5.4211,1.1491,3.4135,-2.1186,0
0.32051,-5.9597,1.2366,-7.5093,-1.1406,0
1.4602,-6.011,1.1388,-1.5928,-1.7734,0
0.7004,-5.6006,0.9753,7.5096,-0.65153,0
0.035589,-4.8055,0.83758,0.00013542,-1.1262,0
0.98533,-4.1642,0.64451,-8.6471,-0.95358,0
1.4602,-3.4204,0.59432,1.8206,-0.88167,0
-0.15436,-2.9074,0.80283,7.282,-1.6296,0
-0.059385,-2.7022,1.059,-3.8684,-0.80975,0
1.0803,-1.5993,1.0165,-7.5093,-1.6584,0
-0.059385,0.067882,0.72946,5.0064,-0.98235,0
-0.62923,0.45262,0.28413,5.234,-1.155,0
-0.91415,0.067882,-0.26674,-7.2818,-1.5433,0
-1.484,0.70911,-0.52416,-4.5511,-1.1981,0
-1.0091,1.9659,-0.12516,7.0545,-2.2625,0
-0.62923,2.5302,0.43472,2.0482,-1.5289,0
-0.34431,2.6585,0.47333,-8.4196,-2.3344,0
0.51046,2.9406,0.064038,-1.3652,-1.6296,0
0.51046,3.0432,-0.35684,6.8269,-1.3851,0
-0.7242,3.274,-0.40961,-1.5928,-1.2556,0
-1.1041,2.8637,-0.29635,-7.5093,-0.19126,0
0.60543,2.1455,-0.32595,2.9584,-0.9392,0
2.5999,1.4786,-0.19595,6.8269,-0.22003,0
2.315,0.24743,0.2069,-4.3235,-1.2556,0
1.2702,-1.5737,0.55313,-6.8267,-1.155,0
1.2702,-2.4457,0.57759,5.234,-1.0399,0
1.6501,-2.8818,0.24552,4.7789,-1.2988,0
0.41548,-3.2922,-0.14962,-6.8267,-0.13373,0
-1.7689,-3.7539,-0.22427,-4.0959,-0.56523,0
-2.1488,-4.8055,-0.15091,8.1923,0.39846,0
-0.059385,-4.985,-0.20496,2.0482,0.067639,0
1.5552,-3.7026,-0.22813,-7.7369,-0.10496,0
0.60543,-2.2149,-0.069819,0.2277,0.26901,0
-1.389,-1.7276,0.11037,7.282,-0.45016,0
-1.6739,-1.3685,0.43729,-2.2755,0.58544,0
-0.62923,-0.4451,0.57501,-7.5093,0.082022,0
0.22554,0.73476,0.14255,3.8687,1.0745,0
-0.62923,1.5042,-0.42634,6.5994,1.2471,0
-0.24933,1.8377,-0.60267,-4.7786,1.0026,0
0.13056,2.2994,-0.4109,-5.0062,1.4484,0
-0.34431,2.838,-0.33239,7.7372,0.29777,0
-0.7242,2.838,-0.46496,3.6411,1.0026,0
-0.15436,2.5046,-0.60139,-7.7369,0.41284,0
1.1753,1.8377,-0.71079,-1.5928,0.77243,0
1.1753,2.1968,-0.71723,7.282,1.3621,0
0.035589,3.0175,-0.64901,0.00013542,0.85873,0
-1.7689,3.1971,-0.61297,-7.5093,1.7793,0
-1.294,2.5302,-0.51387,2.5033,0.62859,0
-0.53425,1.5299,-0.47525,7.0545,1.0313,0
0.41548,1.0682,-0.43664,-3.1857,0.32654,0
0.41548,0.78606,-0.21783,-7.0542,-0.22003,0
-0.62923,0.24743,-0.0028907,5.234,0.25462,0
-1.7689,-0.13731,-0.019623,4.7789,-0.65153,0
-1.7689,0.016583,-0.046652,-6.8267,0.29777,0
-0.91415,-0.47075,-0.010613,-4.7786,-0.43578,0
-0.62923,-0.85549,0.12839,6.8269,-0.39263,0
-0.62923,-0.77854,0.29571,2.5033,-0.53646,0
-0.62923,-0.21426,0.39997,-7.9645,-1.4714,0
-0.34431,0.37567,0.36007,-1.3652,-0.89605,0
-0.34431,1.1965,0.26225,7.5096,-1.831,0
-1.0091,1.9659,0.23393,-0.45498,-1.2413,0
-0.34431,1.7864,0.16958,-7.7369,-1.7303,0
1.1753,1.7351,-0.032494,1.5931,-1.9748,0
1.1753,2.5046,-0.32724,7.0545,-1.6296,0
0.79538,2.7611,-0.55505,-3.8684,-2.6796,0
1.2702,2.2224,-0.68119,-7.9645,-1.8741,0
1.4602,2.6072,-0.67218,5.0064,-2.8234,0
0.7004,4.2744,-0.71723,4.0962,-2.2769,0
-0.059385,5.7107,-0.83178,-7.2818,-2.2193,0
-0.7242,5.9159,-0.85752,-3.4133,-2.4351,0
-1.8639,5.6851,-0.74812,7.7372,-1.5289,0
-1.8639,5.7877,-0.5705,2.0482,-2.2625,0
-1.0091,4.8386,-0.57178,-8.192,-1.2269,0
-0.62923,3.0175,-0.48297,-0.9101,-1.7303,0
-0.62923,1.4273,-0.28219,7.0545,-1.4714,0
-0.24933,-0.13731,-0.21269,-0.45498,-1.0399,0
0.22554,-2.0097,-0.11358,-6.8267,-1.6008,0
-0.15436,-3.523,0.056315,3.8687,-0.57961,0
-0.53425,-4.2412,0.11423,7.9647,-1.4282,0
-0.43928,-4.7542,0.096215,-4.0959,-0.83852,0
-0.34431,-5.498,0.17344,-5.6889,-1.1981,0
-1.389,-4.8055,0.28156,6.5994,-1.4282,0
-1.6739,-2.9587,0.33819,3.8687,-0.82413,0
-1.1991,-2.0354,0.59947,-7.7369,-1.6296,0
-0.91415,-2.4714,0.87233,-2.9581,-0.60838,0
-0.62923,-3.5743,0.71402,7.0545,-1.2413,0
-0.81917,-3.4974,0.38967,2.2757,-0.60838,0
-0.81917,-2.5483,0.3073,-7.7369,-0.57961,0
-0.62923,-1.7019,0.40383,0.2277,-1.0399,0
-0.34431,-1.035,0.51581,7.282,-0.26318,0
0.79538,-0.4964,0.53897,-2.2755,-1.155,0
1.3652,0.17048,0.34977,-7.7369,-0.34948,0
0.7004,0.96561,0.20047,3.8687,-0.66591,0
1.3652,1.7864,0.29443,5.4616,-0.63715,0
0.51046,1.9916,0.46175,-5.4613,-0.11935,0
-1.1991,1.8377,0.36264,-5.4613,-0.80975,0
-1.8639,1.8633,0.096215,7.0545,0.19709,0
-1.294,3.1714,-0.11358,2.5033,-0.55085,0
-1.8639,5.8646,-0.16249,-7.9645,-0.018661,0
-1.6739,7.301,-0.085264,-2.0479,0.11079,0
-1.389,6.7623,0.043444,7.5096,-0.32071,0
-1.7689,5.6851,0.067899,-0.45498,0.59983,0
-1.484,4.813,-0.28605,-8.4196,-0.14811,0
-0.15436,4.6335,-0.72109,0.91037,0.78681,0
0.32051,4.7104,-0.94633,6.1442,0.35531,0
1.4602,4.4796,-0.91286,-4.0959,0.59983,0
0.51046,3.7101,-0.68762,-7.5093,0.91626,0
-1.579,3.0175,-0.35813,6.1442,0.35531,0
-1.7689,2.2481,-0.23972,4.7789,1.3478,0
-0.7242,1.2734,-0.30793,-6.5991,0.59983,0
0.22554,0.52957,-0.14833,-4.3235,1.4053,0
-0.34431,-0.6503,0.022851,7.0545,1.2183,0
-0.62923,-1.7276,-0.033781,2.7309,1.0601,0
-0.34431,-1.9328,-0.3504,-8.192,1.6642,0
0.60543,-1.9071,-0.68633,-1.1377,0.91626,0
0.51046,-2.0867,-0.54862,7.5096,1.7936,0
-0.24933,-2.6509,-0.13675,0.45525,1.1464,0
-0.81917,-3.4204,0.020277,-8.192,1.5491,0
-1.0091,-4.2668,0.21978,2.5033,1.6354,0
-1.389,-4.1899,0.57759,7.5096,1.0889,0
-0.7242,-3.7539,0.51967,-4.0959,1.7361,0
0.41548,-3.5743,0.20433,-6.144,0.75804,0
0.41548,-3.4974,0.15285,5.234,1.3909,0
-1.484,-3.9334,0.34334,4.5513,0.75804,0
-1.484,-3.5743,0.71917,-7.0542,0.72928,0
-0.24933,-2.9844,0.9354,-4.5511,1.0169,0
-0.34431,-2.574,0.86847,7.9647,0.21147,0
-0.15436,-2.3175,0.72174,2.2757,1.1464,0
0.7004,-2.8561,0.7153,-7.5093,0.15394,0
1.6501,-3.5743,0.95728,-0.45498,0.77243,0
1.1753,-3.4204,1.0397,7.7372,0.42722,0
0.60543,-2.7279,0.80798,-0.68254,0.067639,0
-0.24933,-1.8558,0.44373,-8.4196,0.59983,0
-0.24933,-1.0607,0.24552,2.2757,-0.29195,0
0.035589,-0.47075,0.23136,7.0545,0.52791,0
-0.53425,-0.21426,0.23651,-4.0959,-0.26318,0
-1.389,0.042233,0.24809,-7.0542,0.15394,0
-0.53425,0.83736,0.12968,4.3238,0.13956,0
0.98533,1.3503,0.062751,3.6411,-0.39263,0
2.125,1.0169,0.22492,-7.5093,0.34092,0
0.60543,0.042233,0.33047,-3.1857,-0.53646,0
0.89035,-0.4964,0.13483,7.7372,0.26901,0
0.98533,-0.18861,-0.17793,0.2277,-0.11935,0
-0.81917,0.52957,-0.22041,-8.192,0.024489,0
-0.62923,1.376,-0.16893,0.68281,0.70051,0
-0.059385,1.9659,-0.36714,6.5994,0.067639,0
-0.7242,1.7607,-0.61555,-3.1857,1.1752,0
-1.389,1.5299,-0.60782,-6.8267,0.36969,0
-0.81917,1.889,-0.48812,4.7789,0.93064,0
-0.34431,2.3763,-0.57307,6.1442,0.90188,0
0.51046,2.2481,-0.75455,-5.6889,0.47037,0
1.0803,1.4786,-0.74425,-4.0959,1.2039,0
1.5552,0.65782,-0.48169,7.0545,0.29777,0
0.60543,0.50392,-0.32595,1.1379,1.0889,0
-1.294,0.96561,-0.35169,-7.9645,0.38407,0
-1.0091,1.3503,-0.3105,0.00013542,0.44161,0
0.51046,1.2221,-0.20882,7.282,0.58544,0
-0.53425,1.2734,-0.17279,-1.8203,-0.22003,0
-1.1991,2.0685,-0.22556,-7.9645,0.49914,0
-1.1991,2.7611,-0.25387,3.186,-0.52208,0
-1.7689,2.402,-0.17279,6.5994,-0.004278,0
-0.81917,1.0939,-0.092987,-4.0959,-0.46455,0
-0.81917,0.37567,-0.006752,-5.6889,-0.75222,0
-0.81917,0.37567,0.11166,5.4616,-0.3351,0
-0.91415,1.0426,0.22235,4.3238,-1.2413,0
-1.389,1.9659,0.27769,-7.5093,-0.34948,0
-0.81917,2.2994,0.24423,-3.8684,-1.0687,0
-0.24933,1.8633,0.01899,7.5096,-0.69468,0
-1.389,1.7607,-0.28991,0.68281,-0.72345,0
-2.1488,2.9406,-0.40832,-8.6471,-1.3132,0
-1.484,3.0945,-0.41476,-0.22742,-0.75222,0
-0.24933,2.325,-0.50614,7.5096,-1.7159,0
-0.43928,1.9403,-0.89999,-1.8203,-1.0543,0
0.035589,2.4533,-1.3633,-7.9645,-1.5721,0
1.3652,3.1458,-1.326,3.4135,-1.6152,0
0.79538,3.4279,-0.87039,7.282,-1.2413,0
-0.62923,2.838,-0.41605,-4.3235,-1.9029,0
-1.7689,1.2477,-0.19853,-7.5093,-0.92482,0
-1.389,-0.060364,-0.21655,5.0064,-1.8022,0
0.41548,-0.52205,-0.17665,4.3238,-1.2556,0
2.03,-0.41945,-0.037642,-7.0542,-1.3995,0
1.9351,-0.034715,0.012554,-5.0062,-1.7734,0
0.89035,-0.086014,0.098789,6.3718,-1.1981,0
0.13056,0.067882,0.26225,2.2757,-2.0755,0
0.98533,0.40132,0.31245,-8.4196,-1.1693,0
1.5552,-0.7016,0.25195,-0.9101,-1.831,0
0.89035,-2.2662,0.24552,7.7372,-1.4714,0
-0.059385,-3.5743,0.44502,-0.9101,-1.3132,0
-0.43928,-4.2155,0.68828,-7.7369,-1.7734,0
-0.7242,-3.6769,0.70758,1.8206,-0.80975,0
-0.81917,-1.6506,0.53254,7.5096,-1.5721,0
-0.62923,-0.4451,0.42828,-3.8684,-0.75222,0
-1.0091,-0.57335,0.36007,-7.5093,-0.99673,0
-1.484,-0.82984,0.22364,4.3238,-1.0974,0
-0.7242,-0.75289,0.16443,4.7789,-0.62276,0
0.41548,-0.6503,0.28413,-6.8267,-1.4139,0
0.79538,-0.5477,0.34848,-5.0062,-0.49331,0
0.79538,-0.599,0.34977,7.282,-1.3132,0
0.41548,-1.4711,0.51709,3.186,-0.98235,0
-0.15436,-2.7792,0.92124,-8.192,-1.0687,0
0.035589,-3.1126,1.2198,-1.5928,-1.7015,0
1.6501,-3.1126,1.0718,7.7372,-1.1262,0
2.22,-2.2149,0.47977,0.45525,-2.0611,0
2.03,-1.548,-0.076255,-7.7369,-1.3132,0
1.1753,-1.7276,-0.26288,0.91037,-1.9317,0
0.7004,-1.9584,-0.22041,7.282,-2.0323,0
-0.43928,-2.4714,-0.1213,-3.1857,-1.9173,0
-1.1991,-2.8305,0.037009,-7.5093,-2.8666,0
-0.91415,-3.4974,0.096215,4.3238,-2.2193,0
-0.62923,-3.6256,-0.10457,4.5513,-3.1686,0
-0.34431,-3.7539,-0.3105,-6.5991,-2.4926,0
-0.059385,-4.549,-0.33625,-5.4613,-2.4495,0
-0.7242,-4.5746,-0.12002,6.8269,-2.3632,0
-1.1991,-3.7795,0.15027,2.2757,-1.2844,0
-0.15436,-2.3431,0.27255,-8.8747,-1.946,0
-0.81917,-2.0097,0.26611,-2.503,-0.79537,0
-1.1991,-2.5996,0.43086,7.7372,-1.3563,0
0.13056,-3.01,0.75907,0.2277,-1.2125,0
0.98533,-3.9334,1.01,-8.6471,-1.1837,0
1.4602,-3.7026,0.94441,0.00013542,-2.0036,0
0.32051,-2.574,0.51838,6.8269,-1.3132,0
1.2702,-2.8305,0.11037,-3.1857,-2.3344,0
0.79538,-3.4974,0.04988,-7.0542,-1.7159,0
0.60543,-3.01,0.29314,4.0962,-2.0611,0
2.315,-1.5224,0.46304,5.6891,-2.32,0
1.9351,0.067882,0.46304,-6.5991,-1.8166,0
-0.059385,1.1195,0.43729,-5.6889,-2.7371,0
-1.9589,1.8633,0.19275,6.8269,-2.018,0
-3.2885,3.4792,-0.27189,3.4135,-2.9241,0
-3.0985,4.9925,-0.44308,-7.2818,-2.5645,0
-1.0091,5.9672,-0.35941,-2.9581,-2.3488,0
0.51046,6.788,-0.31823,7.9647,-2.809,0
0.32051,7.9422,-0.42763,1.1379,-1.7303,0
-0.059385,8.8656,-0.70693,-8.4196,-2.3632,0
0.51046,8.5834,-0.95405,0.45525,-1.3132,0
0.51046,6.9675,-0.77772,7.5096,-1.5865,0
-0.24933,5.7364,-0.38644,-1.8203,-1.457,0
-0.34431,5.839,-0.27447,-6.8267,-0.82413,0
0.32051,7.0701,-0.5203,4.3238,-1.3419,0
-0.53425,7.1984,-0.78029,7.0545,-0.19126,0
-1.484,5.6081,-0.77386,-5.6889,-0.89605,0
-0.059385,3.0432,-0.57951,-5.6889,-0.29195,0
2.5999,0.81171,-0.4508,7.0545,-0.4214,0
2.9798,-0.4964,-0.48555,2.9584,-0.8529,0
1.4602,-0.95809,-0.36842,-7.2818,-0.061812,0
-0.24933,-1.0607,-0.16635,-2.7306,-0.91043,0
-0.15436,-1.4711,-0.2217,8.4198,0.053256,0
0.32051,-2.8561,-0.3607,0.91037,-0.49331,0
0.22554,-4.8055,-0.15605,-8.6471,-0.11935,0
-1.7689,-5.9597,0.083344,0.00013542,0.29777,0
-2.6237,-5.4724,-0.15348,7.5096,-0.2488,0
-1.9589,-3.5743,-0.20239,-2.2755,0.65736,0
-1.0091,-2.9074,0.12839,-7.9645,-0.10496,0
-1.1041,-3.2922,0.4965,3.8687,0.58544,0
-1.0091,-3.1896,0.80411,6.1442,0.26901,0
0.13056,-2.5227,0.78996,-4.7786,0.11079,0
1.0803,-2.1636,0.4566,-6.3715,0.64298,0
1.5552,-2.0097,0.051167,6.1442,-0.076195,0
1.5552,-1.3685,-0.098135,3.6411,1.0313,0
1.5552,-0.6503,0.012554,-7.9645,0.45599,0
0.51046,0.17048,0.092354,-4.3235,1.1464,0
-0.81917,0.35002,0.013841,7.0545,1.3046,0
0.7004,0.24743,-0.1213,1.1379,1.0457,0
2.315,0.86301,-0.15219,-8.192,1.8224,0
1.1753,1.299,-0.067245,-0.45498,1.0457,0
-0.24933,1.1708,-0.010613,6.8269,1.9231,0
-0.15436,1.0426,-0.00031657,-1.5928,1.1464,0
0.41548,0.99126,0.053741,-8.192,1.4484,0
0.79538,1.0169,0.13998,3.4135,1.6354,0
0.89035,1.0169,0.12968,5.9167,1.1464,0
1.3652,1.4529,0.029286,-5.9164,2.0813,0
-0.62923,2.1968,-0.096848,-5.6889,1.2615,0
-2.5287,2.3763,-0.37229,7.7372,1.9806,0
-2.2438,2.5559,-0.70564,4.3238,1.6498,0
-1.389,3.0945,-0.79831,-6.8267,1.5923,0
-1.7689,2.8124,-0.66317,-2.0479,2.1245,0
-1.7689,3.2484,-0.61683,7.0545,1.4053,0
-0.059385,4.6335,-0.65544,1.1379,2.4265,0
0.98533,5.6594,-0.62198,-7.5093,1.7073,0
1.4602,5.9672,-0.51901,0.91037,2.2108,0
0.13056,5.3773,-0.46367,6.8269,2.2971,0
-0.43928,4.8899,-0.49842,-2.9581,1.8656,0
-0.15436,5.1721,-0.66445,-8.192,2.6279,0
1.6501,4.4026,-0.82663,4.7789,1.808,0
2.5999,3.5049,-0.86653,5.4616,2.556,0
1.4602,4.0692,-0.79059,-7.2818,2.0238,0
1.1753,5.0438,-0.77772,-4.5511,2.0669,0
0.7004,5.4799,-1.0055,7.5096,2.3258,0
0.41548,4.4796,-1.2887,3.6411,1.7361,0
-0.53425,3.0945,-1.057,-8.192,2.6423,0
-1.6739,2.2224,-0.46496,-3.1857,1.8224,0
-0.81917,2.1198,-0.12388,7.5096,2.3978,0
0.22554,1.7864,-0.069819,0.2277,2.1245,0
-0.53425,1.0939,-0.08269,-7.9645,1.8224,0
-1.389,0.93996,-0.098135,1.3655,2.3978,0
-0.34431,0.19613,-0.11358,6.8269,1.4916,0
1.8401,-1.1633,0.026712,-3.8684,2.369,0
2.9798,-2.138,0.32274,-6.5991,1.6786,0
2.22,-2.5996,0.63164,5.9167,2.0669,0
1.0803,-3.1126,0.66897,5.6891,2.2683,0
-0.24933,-3.6256,0.46947,-7.2818,1.7793,0
-0.62923,-4.1129,0.49393,-5.2337,2.671,0
-1.389,-4.4977,0.57244,6.5994,1.8512,0
-0.62923,-4.2668,0.63293,3.4135,2.6279,0
0.41548,-4.4207,0.68441,-8.4196,2.369,0
0.89035,-4.4207,0.57759,-2.7306,2.3834,0
0.89035,-3.4204,0.62263,7.282,2.9156,0
0.79538,-2.8048,0.90193,-0.45498,2.3258,0
0.41548,-2.3944,1.0294,-8.6471,3.3614,0
0.13056,-2.0867,0.89421,2.0482,2.5847,0
0.7004,-1.8815,0.55699,7.0545,3.2464,0
1.5552,-2.2406,0.073047,-3.4133,3.2032,0
0.79538,-2.3431,-0.087839,-7.9645,2.7573,0
-0.91415,-1.4198,0.1078,4.7789,3.419,0
-2.2438,-0.34251,0.22879,5.234,2.4697,0
-1.1041,-0.060364,0.18374,-6.8267,3.2751,0
-0.43928,-0.5477,0.20047,-4.0959,2.671,0
0.41548,-0.23991,0.40898,6.8269,2.743,0
0.41548,0.29873,0.53383,2.2757,3.1313,0
-0.62923,0.50392,0.39997,-7.7369,2.3834,0
-1.484,0.60652,0.19017,-0.68254,3.1888,0
-1.1041,0.45262,0.062751,7.9647,2.1676,0
-1.294,-0.3938,0.15928,-0.45498,2.4841,0
-2.0538,-1.3685,0.5364,-8.192,1.995,0
-0.24933,-1.548,0.88005,2.2757,1.4484,0
-0.81917,-1.0607,0.83629,7.5096,2.0094,0
-2.4337,-0.85549,0.43601,-4.5511,1.1608,0
-1.0091,-0.5477,0.0035447,-6.144,2.1388,0
0.32051,0.99126,0.033148,5.4616,1.3909,0
0.79538,2.8893,0.45789,3.6411,1.6067,0
0.79538,3.3253,0.7655,-7.5093,1.4772,0
0.60543,2.325,0.75778,-3.8684,0.72928,0
-0.24933,1.6068,0.56986,7.7372,1.506,0
-0.81917,1.5042,0.5763,1.8206,0.57106,0
-1.7689,0.76041,0.7655,-8.192,1.4484,0
-1.8639,0.50392,0.93668,0.00013542,1.1752,0
-0.7242,0.52957,0.94183,7.5096,1.2758,0
0.035589,-0.034715,0.76164,-1.3652,1.9375,0
-0.91415,-0.7016,0.50036,-8.4196,1.2615,0
-3.1935,-0.75289,0.30987,2.0482,2.2971,0
-2.6237,-0.21426,0.20433,5.4616,1.5779,0
-0.24933,-0.5477,0.022851,-5.0062,2.369,0
0.7004,-0.90679,-0.12259,-5.6889,2.2539,0
0.51046,-0.98374,-0.019623,6.3718,2.0382,0
0.13056,-2.1123,0.26997,2.2757,2.5991,0
0.79538,-3.5743,0.56343,-7.5093,1.7793,0
1.2702,-4.4464,0.5763,-3.1857,2.6854,0
0.13056,-3.8308,0.41155,7.282,2.0238,0
0.13056,-2.574,0.24938,-0.22742,2.4697,0
1.0803,-2.4201,0.13225,-7.9645,2.4265,0
1.0803,-2.8048,0.16958,2.2757,2.0813,0
1.1753,-2.3688,0.28413,7.0545,2.9012,0
2.22,-1.2915,0.26868,-3.6408,2.1388,0
2.7898,-0.52205,0.16829,-7.0542,3.2032,0
1.7451,0.22178,0.14384,5.4616,2.9587,0
1.6501,-0.36816,0.17215,4.7789,3.1313,0
0.79538,-1.0607,0.1773,-6.8267,3.5628,0
-0.81917,-1.5737,-0.0080391,-4.7786,2.9156,0
-1.484,-1.9584,-0.2912,7.5096,3.7498,0
-1.0091,-2.1893,-0.50743,2.5033,2.8005,0
-0.81917,-1.8045,-0.6001,-7.5093,3.3471,0
-1.389,-0.23991,-0.61683,-1.3652,3.045,0
-0.34431,1.0169,-0.5705,7.5096,2.8436,0
1.5552,0.76041,-0.57951,0.2277,3.3902,0
1.2702,0.55522,-0.51515,-7.5093,2.4697,0
-0.62923,0.99126,-0.25001,2.5033,3.1457,0
-0.81917,1.3247,-0.02992,7.7372,2.369,0
-1.294,1.2477,-0.014475,-3.8684,2.5128,0
-2.2438,0.81171,-0.17536,-6.8267,2.5272,0
-0.34431,0.42697,-0.27318,5.6891,1.8656,0
2.03,0.042233,-0.058236,6.1442,2.6135,0
1.7451,-0.36816,0.19532,-6.5991,1.7793,0
0.51046,-0.11166,0.19146,-4.5511,2.4984,0
0.79538,0.32437,-0.04279,6.5994,2.0525,0
0.7004,0.32437,-0.15734,2.5033,1.6642,0
0.60543,0.22178,-0.058236,-7.2818,1.995,0
-0.62923,1.0939,-0.081403,-2.2755,0.90188,0
-1.389,2.9919,-0.19853,6.8269,1.5923,0
-0.62923,4.4539,-0.21655,-0.68254,0.62859,0
0.22554,4.8386,-0.23714,-7.7369,0.82996,0
-0.53425,3.7357,-0.31823,1.1379,0.49914,0
-1.579,2.9406,-0.39674,6.8269,-0.34948,0
-0.81917,2.4789,-0.49971,-4.7786,0.12517,0
0.41548,1.6068,-0.54347,-7.2818,-1.1262,0
0.13056,0.91431,-0.44308,5.234,-0.49331,0
-1.1041,1.0939,-0.46624,4.5513,-1.155,0
-0.7242,1.7864,-0.6297,-7.7369,-0.99673,0
-0.53425,1.9403,-0.63871,-4.0959,-0.66591,0
1.0803,1.8633,-0.44565,7.7372,-1.2844,0
2.4099,1.4273,-0.40832,2.9584,-0.3351,0
1.5552,-0.13731,-0.44308,-7.9645,-1.1118,0
0.89035,-2.2406,-0.3414,-0.9101,-0.45016,0
1.1753,-3.523,-0.23199,7.5096,-0.72345,0
1.5552,-3.8565,-0.13289,-0.9101,-1.1406,0
1.1753,-3.4461,0.030574,-7.0542,-0.62276,0
1.0803,-3.6,0.092354,3.4135,-1.5002,0
0.51046,-4.3181,-0.0016037,6.5994,-0.5077,0
-0.7242,-4.549,0.017703,-5.2337,-0.98235,0
-1.389,-4.985,0.16443,-6.5991,-0.46455,0
-1.294,-4.8824,0.26225,6.8269,-0.30633,0
-1.1991,-4.7798,0.21978,3.8687,-0.92482,0
0.22554,-4.9337,0.0022576,-7.2818,-0.30633,0
0.7004,-5.2928,-0.1316,-2.503,-1.3132,0
0.51046,-5.2928,-0.10457,7.5096,-0.63715,0
-0.15436,-4.985,-0.077542,2.2757,-1.0111,0
-0.53425,-4.5233,0.013841,-7.5093,-0.92482,0
-0.43928,-4.3951,0.31759,0.68281,-0.45016,0
-0.53425,-4.2925,0.60333,7.282,-1.2844,0
-2.4337,-4.2412,0.54798,-1.5928,-0.60838,0
-2.4337,-3.6769,0.20047,-8.192,-1.7447,0
-0.15436,-2.061,-0.10843,2.5033,-1.6008,0
-0.059385,-0.5477,-0.15992,6.1442,-1.8741,0
-0.81917,0.73476,-0.12903,-4.7786,-2.2049,0
0.22554,2.4533,-0.3105,-6.5991,-1.4714,0
0.89035,3.8127,-0.39545,5.0064,-2.3775,0
0.51046,3.8383,-0.20368,4.3238,-1.7303,0
-0.059385,2.9919,-0.041503,-7.7369,-2.809,0
-0.059385,1.9403,0.0086931,-5.0062,-2.8522,0
0.98533,2.6328,0.034435,6.8269,-3.0104,0
-0.059385,5.249,-0.0054649,2.0482,-3.5857,0
0.035589,6.1981,-0.12388,-7.9645,-2.7084,0
1.4602,5.6851,-0.19595,-0.68254,-3.6001,0
0.79538,4.377,-0.15091,8.4198,-2.8378,0
-0.059385,2.9919,0.011267,-1.3652,-3.4419,0
0.32051,2.3763,0.1876,-8.192,-3.5282,0
-0.53425,1.8377,0.167,2.0482,-3.1255,0
-1.294,1.5042,0.042157,6.1442,-3.9597,0
0.035589,0.76041,0.044732,-5.2337,-2.9673,0
0.13056,-0.57335,0.16572,-7.0542,-3.744,0
-1.389,-1.9328,0.22621,6.3718,-3.1399,0
-1.484,-2.5483,0.21463,4.5513,-3.0248,0
0.13056,-2.0354,0.2867,-6.144,-3.3125,0
0.22554,-1.3172,0.42571,-4.0959,-2.4495,0
0.22554,-1.7789,0.5364,7.5096,-3.2118,0
0.51046,-2.5483,0.58917,2.0482,-2.2337,0
-0.43928,-2.5227,0.49779,-7.9645,-2.6652,0
-0.34431,-1.8815,0.33047,0.2277,-2.3632,0
-1.0091,-1.7276,0.36264,8.1923,-1.6728,0
-1.389,-1.8045,0.5261,-0.9101,-2.0036,0
-0.43928,-1.1889,0.67541,-7.5093,-1.0255,0
1.0803,-0.086014,0.71402,3.186,-1.6871,0
1.0803,1.1195,0.68441,7.282,-1.0399,0
0.7004,2.838,0.63808,-5.4613,-1.1981,0
-0.53425,4.5822,0.56214,-6.3715,-1.2556,0
-1.389,5.1977,0.52224,5.9167,-0.57961,0
-0.62923,4.0948,0.60333,4.0962,-1.0111,0
-0.059385,3.0945,0.70115,-7.7369,0.22586,0
-0.43928,3.1714,0.63679,-3.8684,-0.27756,0
-1.389,4.0692,0.37937,7.282,0.58544,0
-1.1991,4.4026,0.33175,1.3655,0.70051,0
-1.389,3.0432,0.55828,-8.192,0.58544,0
-1.1041,1.6581,0.60848,0.00013542,1.5204,0
-1.389,0.91431,0.3266,7.5096,0.87311,0
-0.7242,0.45262,0.16057,-1.5928,1.9519,0
0.7004,0.042233,0.20433,-7.9645,1.4628,0
1.8401,0.067882,0.19275,2.9584,1.8368,0
1.8401,0.17048,0.13611,6.3718,1.9806,0
0.89035,-0.93244,0.082057,-5.2337,1.3334,0
-0.62923,-1.8302,-0.050513,-6.5991,2.0382,0
-1.0091,-2.1893,-0.34397,6.1442,1.1032,0
-0.059385,-2.8818,-0.53446,3.186,1.8224,0
-0.91415,-3.5743,-0.35298,-8.6471,1.4197,0
-1.389,-2.9587,-0.18308,-2.9581,1.319,0
-0.53425,-2.3688,-0.43664,7.7372,1.7361,0
0.60543,-2.9331,-1.0596,0.00013542,0.97379,0
-0.15436,-3.6256,-1.4637,-8.192,1.9087,0
-2.0538,-4.0873,-1.6619,2.0482,0.98818,0
-0.53425,-4.4977,-1.8846,7.5096,1.4341,0
0.60543,-5.6263,-1.9297,-3.6408,1.3046,0
-0.34431,-5.9853,-2.0378,-7.0542,0.88749,0
-1.6739,-5.575,-2.3634,4.5513,1.5779,0
-1.579,-4.7542,-2.6221,4.7789,0.71489,0
0.22554,-4.6516,-2.7753,-6.5991,1.4916,0
0.7004,-4.8824,-2.9529,-5.6889,0.70051,0
0.79538,-5.1133,-3.2412,6.3718,0.91626,0
0.79538,-4.6772,-3.5154,2.5033,0.81558,0
0.22554,-3.9591,-3.7702,-8.192,0.21147,0
-0.62923,-3.1383,-3.8912,-2.2755,0.91626,0
0.79538,-2.0867,-3.9131,8.6474,0.096406,0
1.9351,-0.85549,-4.1563,0.68281,0.94503,0
2.315,-0.086014,-4.6235,-7.2818,0.52791,0
-0.059385,0.40132,-5.0174,1.1379,0.55667,0
-0.91415,0.76041,-5.0238,7.5096,0.90188,0
0.89035,1.1708,-4.6441,-3.1857,0.16832,0
2.315,1.6325,-4.4794,-7.2818,1.1176,0
1.2702,1.4016,-4.8565,5.4616,0.24024,0
-0.059385,1.376,-5.3649,5.6891,0.94503,0
-0.62923,1.1708,-5.3649,-5.9164,0.71489,0
-0.24933,1.2477,-4.9376,-4.5511,0.25462,0
0.13056,1.812,-4.6197,6.1442,0.70051,0
-0.15436,2.838,-4.4768,2.9584,-0.37825,0
1.1753,3.5562,-4.2168,-6.8267,0.39846,0
2.22,3.2484,-3.8165,-2.2755,-0.23441,0
1.2702,2.3763,-3.5321,7.5096,0.067639,0
0.7004,2.3763,-3.4201,0.45525,0.29777,0
0.51046,2.9919,-3.1678,-8.6471,-0.27756,0
-0.24933,3.1971,-2.7573,0.45525,0.52791,0
-0.15436,2.4533,-2.496,6.8269,-0.57961,0
0.22554,1.7607,-2.2798,-2.9581,0.11079,0
0.41548,0.78606,-1.9322,-7.5093,-0.39263,0
0.22554,0.55522,-1.6246,4.3238,-0.55085,0
1.4602,0.81171,-1.6002,5.234,0.15394,0
0.79538,0.68346,-1.8074,-6.5991,-0.52208,0
-0.24933,0.50392,-1.8717,-5.0062,0.61421,0
-0.62923,0.47827,-1.6619,7.282,0.024489,0
-0.34431,0.76041,-1.3067,3.186,0.41284,0
0.13056,1.4273,-0.88455,-7.7369,0.54229,0
0.32051,1.3503,-0.28734,-1.8203,-0.033045,0
1.3652,-0.41945,0.32532,7.9647,0.77243,0
0.41548,-2.7022,0.89035,0.45525,-0.11935,0
-1.389,-3.6769,1.539,-8.6471,0.71489,0
-1.294,-4.1642,2.2611,2.2757,0.42722,0
0.13056,-4.472,2.8596,7.7372,0.58544,0
0.32051,-3.4204,3.4272,-3.1857,1.1032,0
-0.34431,-2.0867,4.0707,-7.0542,0.39846,0
-0.62923,-1.035,4.7799,5.0064,1.3046,0
-1.484,-0.21426,5.493,4.7789,0.54229,0
-0.91415,0.14483,6.1211,-5.9164,1.132,0
-0.43928,0.37567,6.6488,-5.2337,1.1608,0
0.41548,0.78606,7.2589,7.282,0.84434,0
0.79538,0.55522,7.8741,3.4135,1.621,0
0.32051,0.50392,8.089,-7.2818,0.84434,0
-0.34431,1.2221,7.9642,-1.5928,1.5491,0
-1.294,1.5042,7.802,7.5096,0.77243,0
-0.62923,1.9403,7.6875,0.68281,0.81558,0
0.22554,2.5815,7.636,-8.6471,0.97379,0
1.0803,3.0432,7.6772,1.5931,0.49914,0
1.6501,2.6328,7.793,6.8269,1.5204,0
0.60543,2.1455,7.8136,-3.6408,0.82996,0
-0.34431,1.889,7.6128,-7.7369,1.5204,0
-0.91415,2.2994,7.2769,5.4616,1.2902,0
-1.294,3.5049,6.9654,5.6891,1.2327,0
-1.0091,5.0438,6.6938,-6.3715,1.9087,0
-0.43928,5.0951,6.4712,-5.2337,1.1464,0
0.32051,4.4283,6.2408,7.7372,2.0525,0
0.035589,4.2487,5.8302,2.5033,1.319,0
-1.389,5.2234,5.2961,-6.5991,1.7936,0
-1.6739,6.4802,4.7735,-1.8203,1.8656,0
-0.62923,7.224,4.4775,7.282,1.3909,0
0.32051,7.5831,4.4028,-0.68254,2.2683,0
0.32051,7.6601,4.3423,-8.4196,1.5204,0
-0.34431,6.9419,3.9536,2.2757,2.4841,0
0.13056,6.3263,3.4414,6.5994,2.0957,0
1.9351,5.5825,3.22,-4.5511,2.2683,0
2.4099,5.249,3.1801,-6.5991,2.556,0
0.60543,5.4029,2.9497,4.5513,1.7936,0
-0.059385,5.7107,2.5932,5.234,2.5416,0
-0.15436,5.5055,2.4053,-7.0542,1.5779,0
-1.0091,5.2747,2.2392,-4.7786,2.1388,0
-0.15436,5.762,1.9638,7.282,1.9231,0
1.3652,7.1727,1.5056,1.8206,1.621,0
0.32051,8.2757,1.1864,-7.2818,2.3115,0
-1.0091,7.6601,1.2649,0.00013542,1.3765,0
-0.81917,5.7107,1.3653,7.0545,2.182,0
-0.43928,3.2484,1.2842,-1.3652,1.4053,0
0.035589,0.76041,1.1838,-8.192,1.693,0
-0.62923,-0.5477,0.92253,2.9584,1.808,0
-1.484,-1.1889,0.47977,6.8269,1.2471,0
-1.7689,-2.061,0.1773,-4.0959,2.2683,0
-1.389,-3.01,0.065325,-6.3715,1.4628,0
-1.6739,-3.3948,-0.092987,5.6891,2.2971,0
-1.0091,-3.2409,-0.2809,5.4616,1.9662,0
-0.7242,-2.6509,-0.39674,-6.8267,1.7649,0
-0.53425,-1.9071,-0.51258,-4.0959,2.2108,0
-1.0091,-0.85549,-0.65673,7.7372,1.3334,0
-1.389,-0.31686,-0.86009,2.7309,2.1245,0
-0.91415,-0.57335,-1.187,-8.4196,1.2327,0
-0.62923,-2.0097,-1.4946,-1.1377,1.4484,0
-0.7242,-3.1126,-1.6092,8.4198,1.3621,0
-0.34431,-3.01,-1.6066,-0.45498,0.59983,0
0.51046,-1.8558,-1.6774,-8.6471,1.1608,0
0.22554,-0.95809,-1.873,2.2757,0.13956,0
-0.34431,-1.2915,-1.8988,7.0545,0.65736,0
0.13056,-1.9328,-1.5049,-3.4133,0.082022,0
1.4602,-2.1893,-1.1741,-7.9645,-0.13373,0
0.22554,-2.0097,-1.4869,4.7789,0.053256,0
-2.0538,-0.98374,-2.0571,6.1442,-0.83852,0
-1.7689,0.50392,-2.2604,-5.9164,-0.19126,0
-0.34431,1.4786,-2.2038,-5.4613,-1.3132,0
-0.62923,2.2994,-2.124,6.1442,-0.98235,0
-0.91415,1.9403,-2.0803,2.9584,-1.3851,0
-1.1991,1.0682,-2.1382,-7.7369,-2.0467,0
-0.62923,0.14483,-2.2193,-1.1377,-1.5433,0
0.60543,0.32437,-2.2347,7.5096,-2.5933,0
1.1753,1.3503,-2.339,-0.68254,-1.9748,0
0.22554,2.5046,-2.5063,-8.4196,-2.7659,0
-0.62923,2.5815,-2.5076,2.2757,-2.7227,0
-1.0091,2.1455,-2.4368,6.3718,-2.5214,0
-1.7689,1.9146,-2.3055,-5.2337,-3.183,0
-1.7689,1.1452,-2.0236,-6.3715,-2.3488,0
-0.7242,0.067882,-1.7353,5.234,-3.1399,0
0.89035,-0.4964,-1.6169,5.0064,-2.2481,0
1.5552,-0.3938,-1.6182,-7.2818,-2.3632,0
1.2702,-0.060364,-1.6388,-3.8684,-2.3775,0
0.98533,0.42697,-1.743,7.7372,-1.6584,0
0.60543,1.0426,-1.9194,1.5931,-2.3344,0
0.22554,1.6068,-2.0558,-8.192,-1.1981,0
-0.53425,2.0172,-2.0352,0.45525,-1.7734,0
-0.53425,1.812,-1.7919,7.7372,-1.0687,0
-0.62923,1.299,-1.5255,-1.3652,-0.96797,0
-0.059385,-0.47075,-1.3672,-6.8267,-1.27,0
-0.059385,-3.5743,-1.1973,3.4135,-0.37825,0
-0.059385,-5.4467,-1.1497,6.3718,-1.155,0
0.22554,-5.7545,-1.3144,-5.6889,-0.20565,0
-1.1041,-5.6263,-1.4084,-6.5991,-0.53646,0
-2.2438,-5.7802,-1.0532,5.9167,-0.32071,0
-1.1041,-6.1136,-0.69534,4.7789,0.24024,0
0.32051,-6.5753,-0.54604,-6.5991,-0.39263,0
0.32051,-6.4983,-0.57693,-3.1857,0.61421,0
0.41548,-6.1905,-0.75455,7.0545,-0.076195,0
1.4602,-5.9853,-1.0133,1.8206,0.55667,0
1.7451,-5.7802,-1.2243,-7.7369,0.44161,0
0.98533,-5.6006,-1.2025,-0.22742,0.18271,0
1.3652,-5.3698,-0.96048,7.5096,0.81558,0
1.6501,-4.7029,-0.81633,-1.8203,0.053256,0
1.2702,-4.6259,-0.81504,-7.5093,1.0313,0
0.98533,-4.7029,-0.75326,3.4135,0.38407,0
0.89035,-4.9081,-0.88069,5.9167,0.80119,0
0.7004,-4.6772,-1.0712,-5.4613,0.97379,0
0.79538,-3.523,-0.9592,-7.0542,0.42722,0
0.32051,-2.1893,-0.76485,4.7789,1.0889,0
-0.62923,-2.2406,-0.74039,3.6411,0.13956,0
-1.389,-2.7279,-0.70049,-7.2818,0.82996,0
-0.62923,-3.7282,-0.47525,-4.5511,0.19709,0
0.51046,-4.0104,-0.40446,6.8269,0.082022,0
0.41548,-3.0357,-0.61683,0.45525,0.35531,0
-0.34431,-1.8302,-0.77643,-8.4196,-0.53646,0
0.035589,-1.1633,-0.68762,-1.1377,0.22586,0
1.6501,-1.8558,-0.56921,7.0545,-0.72345,0
1.6501,-2.7792,-0.63871,-1.3652,-0.23441,0
1.3652,-3.523,-0.62327,-7.2818,-0.36386,0
0.79538,-3.8565,-0.44565,2.9584,-0.70906,0
0.89035,-3.8565,-0.30407,6.8269,-0.004278,0
0.32051,-3.8565,-0.24358,-5.0062,-0.95358,0
-0.15436,-3.4717,-0.26417,-6.8267,-0.076195,0
0.035589,-2.9074,-0.55763,6.1442,-0.95358,0
1.2702,-2.2919,-0.7095,4.3238,-0.80975,0
0.41548,-1.6763,-0.34783,-6.5991,-0.8529,0
-1.389,-0.98374,0.1078,-3.1857,-1.644,0
-1.294,0.63217,0.14899,7.5096,-0.95358,0
0.22554,2.5046,-0.41862,1.8206,-2.0755,0
1.8401,4.7361,-1.0403,-8.4196,-1.6008,0
1.2702,5.5568,-1.1793,0.2277,-2.133,0
-1.579,4.4796,-0.89742,7.7372,-2.507,0
-3.0985,3.0432,-0.63614,-1.8203,-2.1186,0
-3.3835,1.9403,-0.5203,-7.2818,-3.2405,0
-2.2438,0.83736,-0.42634,3.4135,-2.4495,0
-1.1041,0.35002,-0.45337,6.8269,-3.5857,0
-0.62923,-0.0090658,-0.57565,-5.0062,-3.3125,0
-0.7242,0.042233,-0.60654,-5.9164,-3.6001,0
-1.484,0.42697,-0.52287,6.5994,-4.3049,0
-0.62923,0.52957,-0.31565,4.0962,-3.6001,0
-0.059385,-0.0090658,-0.17021,-8.192,-4.722,0
0.51046,-0.29121,-0.241,-4.0959,-3.9741,0
1.2702,0.17048,-0.62713,7.282,-4.6645,0
1.3652,0.29873,-0.76613,0.91037,-4.7796,0
1.6501,-0.6503,-0.18952,-8.192,-4.2905,0
0.89035,-0.77854,0.13611,0.68281,-5.0529,0
0.98533,-0.85549,-0.28605,7.0545,-3.9885,0
1.3652,-0.599,-0.54218,-2.503,-4.6789,0
1.6501,0.58087,-0.3015,-7.5093,-3.9885,0
1.1753,1.9916,-0.18823,3.6411,-3.9597,0
0.79538,3.1971,-0.46624,5.4616,-4.1611,0
0.79538,4.0435,-0.79702,-6.8267,-3.3988,0
0.79538,3.6075,-0.84722,-4.7786,-4.046,0
0.79538,2.9919,-0.67861,6.8269,-3.0536,0
0.41548,2.7098,-0.55505,2.2757,-3.5138,0
-1.1041,1.9916,-0.4508,-7.5093,-3.0967,0
-0.62923,1.3247,-0.4302,-1.8203,-2.7659,0
0.79538,0.60652,-0.39803,8.1923,-3.0679,0
1.2702,0.47827,-0.28734,0.2277,-2.1043,0
1.2702,0.35002,-0.43149,-8.4196,-2.7227,0
0.60543,-0.34251,-0.68119,1.5931,-1.7878,0
-0.91415,-1.3428,-0.63099,7.7372,-2.0467,0
-1.484,-1.8045,-0.45723,-2.7306,-1.8022,0
-0.24933,-1.3941,-0.45337,-6.8267,-1.3132,0
1.6501,-0.85549,-0.46882,4.5513,-1.7878,0
2.6949,-1.035,-0.18437,6.5994,-0.6803,0
0.79538,-0.93244,-0.017049,-5.4613,-1.3276,0
-0.91415,0.19613,-0.17021,-4.7786,-0.594,0
-0.81917,1.9916,-0.45595,7.7372,-0.37825,0
-0.43928,2.8637,-0.67346,3.6411,-0.63715,0
0.32051,2.6585,-0.7996,-7.2818,0.39846,0
0.32051,1.9146,-0.7494,-1.5928,-0.27756,0
-0.34431,1.0939,-0.58852,8.1923,0.84434,0
-1.7689,0.96561,-0.41991,0.00013542,0.52791,0
-1.484,0.96561,-0.3208,-8.192,0.87311,0
0.035589,1.0426,-0.29892,2.0482,1.3334,0
-0.059385,0.99126,-0.15992,7.0545,0.78681,0
0.7004,0.78606,-0.0080391,-3.1857,1.7361,0
1.3652,0.65782,-0.041503,-7.7369,0.88749,0
1.4602,0.52957,-0.056948,4.7789,1.5204,0
2.315,1.0426,0.0048318,5.234,1.132,0
2.9798,2.0942,0.098789,-6.3715,0.80119,0
2.125,2.9663,0.19661,-4.3235,1.2039,0
0.7004,3.864,0.29829,7.0545,0.11079,0
-0.15436,5.5825,0.16572,2.2757,0.75804,0
-0.24933,6.9419,-0.11101,-7.7369,-0.26318,0
0.51046,6.4802,-0.2114,-1.1377,-0.23441,0
0.7004,5.3773,-0.15605,6.8269,-0.4214,0
0.22554,4.8643,-0.053087,-2.503,-1.1693,0
-1.1041,4.5052,-0.014475,-8.192,-0.55085,0
-0.53425,3.9666,0.056315,2.9584,-1.5433,0
0.41548,3.1458,0.12196,6.3718,-0.99673,0
0.13056,3.4023,0.12839,-5.4613,-1.4426,0
-0.34431,3.8127,0.04087,-6.144,-1.5289,0
0.89035,3.7101,-0.1818,5.234,-1.0687,0
1.2702,3.5818,-0.43793,2.9584,-1.7734,0
0.51046,3.7357,-0.60782,-7.0542,-0.72345,0
-0.7242,3.864,-0.58337,-1.8203,-1.3419,0
-1.1041,3.9153,-0.4109,7.7372,-0.594,0
0.41548,3.4536,-0.30021,1.1379,-0.39263,0
1.4602,2.5302,-0.13675,-8.6471,-0.53646,0
1.2702,0.91431,0.055028,0.91037,0.39846,0
0.7004,-0.47075,-0.023484,7.5096,-0.26318,0
0.41548,-1.8558,-0.19209,-2.2755,0.80119,0
0.035589,-3.01,0.035722,-7.7369,0.44161,0
0.13056,-3.5743,0.5068,5.4616,0.82996,0
-0.91415,-4.6003,0.72818,5.4616,1.3046,0
0.51046,-5.4724,0.69471,-5.2337,0.87311,0
2.125,-5.8827,0.53125,-4.7786,1.9519,0
3.0747,-6.6522,0.36264,7.0545,1.2327,0
2.22,-6.8574,0.4167,3.6411,2.182,0
0.60543,-5.7289,0.59432,-7.5093,2.2827,0
-1.484,-5.0107,0.6857,-0.9101,2.6998,0
-1.9589,-4.7542,0.7063,7.5096,4.2388,0
-1.7689,-4.6772,0.71402,-0.9101,4.3827,0
-1.1041,-4.7542,0.71402,-8.192,5.6772,0
-0.62923,-4.7029,0.71273,2.2757,4.469,0
0.035589,-4.7029,0.71144,7.0545,3.8361,0
0.7004,-4.7029,0.71402,-4.0959,3.1888,0
-0.15436,-4.7285,0.71016,-6.5991,2.7861,0
-1.389,-4.7285,0.71273,4.3238,4.282,0
-0.7242,-4.6772,0.71402,5.0064,3.8361,0
0.60543,-4.7285,0.71402,-6.5991,4.2964,0
1.2702,-4.7798,0.71273,-5.0062,2.5128,0
-0.059385,-4.7798,0.71402,6.1442,0.38407,0
-0.7242,-4.7542,0.71016,3.186,-1.2988,0
-0.43928,-4.7285,0.71402,-8.4196,-3.744,0
0.035589,-4.7285,0.71273,-3.1857,-3.672,0
-0.059385,-4.7798,0.7153,7.5096,-4.4775,0
0.79538,-4.7542,0.71402,0.68281,-3.2981,0
1.8401,-4.7542,0.71273,-8.8747,-2.6796,0
1.9351,-4.7542,0.7153,0.2277,-2.3488,0
1.3652,-3.8565,0.63808,6.8269,-1.1981,0
1.8401,-2.138,0.45789,-2.0479,-1.644,0
2.03,-0.599,0.34205,-7.5093,-0.34948,0
1.6501,-0.13731,0.26611,3.6411,-0.34948,0
1.7451,-0.34251,0.11938,6.1442,0.68613,0
1.0803,-0.98374,0.0035447,-4.7786,1.7936,0
-0.53425,-1.112,0.096215,-5.4613,1.9519,0
-1.484,-0.82984,0.30987,6.5994,3.3183,0
-0.62923,-0.41945,0.2468,3.6411,2.6279,0
0.035589,-0.4451,0.013841,-7.5093,3.0882,0
-0.34431,-0.98374,-0.071106,-2.2755,2.2395,0
-0.91415,-1.3685,0.0099801,8.1923,1.2615,0
-1.484,-0.72725,0.17859,0.00013542,0.81558,0
-1.0091,0.55522,0.26997,-7.2818,-0.72345,0
-0.81917,1.0939,0.10394,1.3655,-0.27756,0
-0.34431,0.63217,-0.078829,7.5096,-1.4714,0
0.60543,0.24743,-0.036355,-1.8203,-1.2269,0
0.98533,-0.4964,0.24037,-7.2818,-1.4714,0
0.51046,-1.5737,0.45274,3.6411,-2.0323,0
0.41548,-2.138,0.50808,6.3718,-1.4714,0
1.5552,-1.8815,0.55313,-5.4613,-2.2337,0
1.9351,-1.2915,0.4965,-6.3715,-1.1981,0
1.3652,-1.2915,0.33819,6.8269,-1.3995,0
-1.0091,-2.0354,0.23265,4.0962,-0.75222,0
-1.6739,-2.7279,0.074335,-8.6471,-0.018661,0
-1.579,-3.2665,-0.049226,-3.1857,-0.26318,0
-1.8639,-3.4461,0.037009,7.9647,0.82996,0
-1.579,-3.2922,0.31631,1.8206,-0.018661,0
0.51046,-2.7279,0.62392,-8.192,0.59983,0
1.6501,-2.3175,0.67927,-0.22742,0.32654,0
0.60543,-2.1893,0.57501,7.282,-0.018661,0
-1.0091,-2.5483,0.62521,-2.503,0.57106,0
-0.53425,-2.8305,0.7063,-7.2818,-0.46455,0
0.41548,-3.4717,0.72818,3.6411,0.24024,0
0.22554,-3.1639,0.67669,6.3718,-0.78098,0
-1.1991,-2.0867,0.52095,-5.6889,-0.88167,0
-0.91415,-1.3172,0.39096,-5.2337,-1.0974,0
-0.62923,-0.6503,0.41026,6.3718,-1.9892,0
-0.34431,0.17048,0.48363,3.186,-1.4282,0
0.7004,0.78606,0.43343,-7.7369,-2.4207,0
1.8401,0.93996,0.31759,-1.3652,-1.6296,0
1.4602,1.4786,0.1374,7.282,-2.0611,0
-0.059385,2.4276,-0.023484,-1.3652,-1.946,0
-0.059385,4.0179,-0.015762,-7.7369,-1.4139,0
0.89035,6.0442,0.091067,1.8206,-1.8741,0
0.32051,8.3526,-0.1213,6.5994,-0.70906,0
0.32051,9.6351,-0.40575,-5.2337,-1.2269,0
-0.43928,8.7117,-0.52416,-7.9645,-0.37825,0
-0.53425,7.7114,-0.54862,6.1442,-0.17688,0
-0.53425,6.788,-0.62455,5.234,-0.23441,0
-0.53425,6.5059,-0.78415,-7.5093,0.71489,0
0.035589,6.7623,-0.88326,-4.0959,-0.018661,0
1.2702,6.4546,-0.80603,7.7372,0.85873,0
1.2702,5.4286,-0.78158,3.186,0.45599,0
0.32051,4.813,-0.70564,-8.192,0.68613,0
-0.91415,4.0179,-0.42634,-0.45498,1.0745,0
0.51046,2.9406,-0.15605,7.282,0.42722,0
1.9351,2.1455,-0.040216,-0.45498,1.3478,0
2.4099,1.2734,-0.0028907,-7.9645,0.59983,0
3.2647,0.32437,-0.041503,1.8206,1.3909,0
2.5999,-0.75289,-0.078829,7.282,1.2902,0
2.22,-2.3944,0.16572,-3.8684,1.2183,0
2.22,-3.3178,0.427,-6.144,2.0525,0
0.79538,-3.4717,0.21849,5.9167,1.3765,0
0.13056,-3.2922,-0.3015,5.234,2.4984,0
0.51046,-3.8052,-0.41991,-7.0542,1.9087,0
0.41548,-5.2928,-0.04279,-3.8684,2.4121,0
-0.15436,-6.6009,0.32789,7.0545,2.5704,0
-0.24933,-6.8831,0.45274,2.2757,2.1964,0
0.035589,-5.9853,0.46818,-7.5093,3.0019,0
-0.24933,-4.3951,0.4862,-1.3652,2.2683,0
-0.53425,-2.5483,0.43601,7.9647,3.1025,0
-0.81917,-1.3941,0.23522,-0.22742,2.6423,0
-0.91415,0.067882,-0.040216,-8.6471,2.7286,0
-1.0091,1.7607,-0.30407,2.2757,3.0738,0
0.32051,3.4279,-0.48555,6.5994,2.3834,0
0.41548,4.8643,-0.59624,-5.4613,3.2895,0
-1.1041,4.6078,-0.70693,-7.2818,2.4697,0
-2.5287,4.3513,-0.76099,5.9167,3.0882,0
-1.7689,4.5822,-0.71336,4.5513,2.9299,0
0.035589,4.6848,-0.58208,-7.2818,2.6279,0
-0.15436,4.7361,-0.44565,-3.8684,3.3614,0
-2.3388,4.3257,-0.32595,8.1923,2.4409,0
-1.7689,3.351,-0.1715,1.5931,3.3471,0
0.32051,2.3507,-0.010613,-7.7369,2.6279,0
2.125,1.5042,0.08978,0.2277,2.7861,0
2.8848,1.1452,0.060177,7.5096,3.0594,0
1.6501,1.0426,-0.038929,-2.2755,2.3978,0
1.1753,1.4786,-0.10457,-7.7369,3.2176,0
0.7004,1.7607,-0.10972,4.0962,2.2539,0
0.60543,2.1198,-0.17793,5.9167,2.7861,0
-0.059385,3.1201,-0.20754,-5.6889,2.4841,0
0.22554,4.1974,-0.10586,-5.4613,2.1676,0
-0.24933,4.4026,-0.096848,6.3718,2.6423,0
-0.43928,3.9153,-0.241,2.9584,1.7217,0
-0.43928,3.8127,-0.37357,-6.8267,2.5416,0
0.32051,4.0948,-0.50486,-0.68254,1.7073,0
-0.24933,4.2231,-0.51644,7.9647,2.0238,0
0.22554,4.3257,-0.27061,0.45525,1.9806,0
1.3652,3.9153,0.0099801,-8.192,1.3909,0
0.79538,2.7354,0.029286,2.2757,2.0525,0
0.13056,0.45262,-0.11487,7.5096,1.132,0
0.41548,-1.3428,-0.19595,-3.6408,1.8512,0
0.51046,-2.5996,-0.10586,-6.5991,1.2758,0
0.035589,-3.4461,-0.078829,5.6891,1.2615,0
0.60543,-4.7029,-0.14833,4.7789,1.4197,0
0.89035,-5.4211,-0.22041,-6.3715,0.65736,0
0.79538,-5.6006,-0.30536,-4.3235,1.319,0
0.89035,-5.498,-0.32595,7.5096,0.24024,0
0.89035,-5.3185,-0.23714,2.2757,0.72928,0
0.51046,-5.1902,-0.0917,-8.6471,0.21147,0
-0.24933,-5.1389,-0.15605,-1.5928,-0.22003,0
0.13056,-5.3954,-0.25902,7.7372,0.15394,0
1.3652,-5.2672,-0.056948,-1.1377,-0.83852,0
0.51046,-5.4211,0.2172,-8.4196,-0.17688,0
-0.62923,-5.5237,0.3768,2.0482,-1.1262,0
0.13056,-5.1646,0.58402,6.8269,-0.92482,0
0.98533,-3.8821,0.80411,-3.8684,-1.0687,0
0.89035,-2.3944,0.87619,-6.8267,-1.6152,0
-0.62923,-1.8558,0.77709,4.7789,-0.9392,0
-0.24933,-2.2406,0.49779,4.7789,-1.9748,0
1.5552,-1.9328,0.36779,-7.0542,-1.1837,0
1.9351,-1.4711,0.59046,-4.5511,-1.7878,0
1.8401,-1.9071,0.84273,6.8269,-1.6296,0
0.98533,-1.7276,0.80025,2.0482,-1.3276,0
-0.43928,-0.599,0.45403,-8.8747,-1.9604,0
-1.0091,1.1452,0.075622,-0.9101,-1.0687,0
0.13056,2.0685,-0.092987,8.6474,-1.8885,0
0.32051,3.1714,-0.044078,0.00013542,-1.2556,0
-0.34431,3.2997,0.097502,-7.9645,-1.5289,0
-0.059385,2.7098,0.15027,2.5033,-1.7591,0
0.13056,2.3763,-0.013187,6.8269,-1.27,0
-0.7242,2.9406,-0.27189,-3.6408,-2.0467,0
-1.1041,3.4023,-0.47783,-6.144,-1.2125,0
0.32051,2.838,-0.53575,5.9167,-2.0323,0
0.41548,2.325,-0.54218,3.8687,-1.7015,0
0.035589,2.6841,-0.51387,-6.8267,-1.7303,0
0.51046,2.1198,-0.27575,-2.7306,-2.1762,0
1.0803,0.016583,0.066612,7.5096,-1.5865,0
1.5552,-1.0863,0.30858,1.5931,-2.5358,0
1.2702,-0.98374,0.15285,-7.2818,-1.831,0
0.51046,-1.1376,-0.20882,0.00013542,-2.3775,0
-0.34431,-1.3428,-0.29635,8.1923,-2.2769,0
-0.53425,-1.8558,0.00097052,-1.5928,-2.0467,0
0.22554,-2.1893,0.42442,-7.5093,-2.7659,0
1.7451,-2.2149,0.65224,3.6411,-1.831,0
2.5049,-1.7532,0.62392,5.6891,-2.6508,0
1.1753,-1.2915,0.43215,-6.3715,-2.0899,0
0.13056,-1.112,0.46561,-5.6889,-2.2625,0
0.035589,-0.5477,0.51581,6.3718,-2.4351,0
-0.34431,0.81171,0.41026,2.7309,-1.7159,0
-0.62923,2.0942,0.30601,-8.192,-2.507,0
-0.81917,1.7094,-0.032494,-1.5928,-1.5865,0
-1.1991,0.27308,-0.19209,7.5096,-2.1186,0
-1.389,-0.62465,0.17988,-0.9101,-1.6584,0
-1.1041,0.11918,0.62392,-8.192,-1.5002,0
-0.7242,1.9403,0.56214,1.1379,-1.8454,0
-0.62923,2.915,0.23393,6.1442,-0.9392,0
-0.059385,2.1968,0.15285,-5.2337,-1.6152,0
1.1753,0.73476,-0.013187,-6.8267,-0.69468,0
1.1753,0.32437,-0.27061,5.4616,-0.89605,0
0.60543,-0.16296,-0.17021,3.6411,-0.7666,0
-0.53425,-0.4964,0.12067,-6.5991,-0.3351,0
-1.389,-0.34251,0.12196,-3.8684,-1.0255,0
-0.91415,-0.23991,-0.12002,6.3718,-0.061812,0
-0.7242,0.14483,-0.18308,0.2277,-0.80975,0
-0.53425,0.55522,-0.0518,-7.7369,-0.033045,0
-0.34431,0.40132,0.083344,0.91037,-0.1625,0
0.60543,0.016583,0.18502,7.282,-0.20565,0
0.51046,-0.599,0.32274,-2.2755,0.39846,0
0.035589,-0.93244,0.31373,-7.2818,-0.36386,0
0.79538,-0.5477,0.20176,4.0962,0.65736,0
1.9351,-0.29121,0.11295,6.1442,-0.23441,0
2.03,-0.36816,-0.080116,-5.0062,0.24024,0
2.5049,-0.5477,-0.26288,-4.5511,0.25462,0
1.8401,-0.16296,-0.28348,6.1442,-0.20565,0
1.5552,0.32437,-0.32209,3.186,0.61421,0
1.9351,0.81171,-0.49327,-7.5093,-0.34948,0
1.9351,0.76041,-0.56406,-2.0479,0.44161,0
1.1753,0.70911,-0.52931,8.4198,-0.22003,0
0.89035,0.83736,-0.57178,0.45525,-0.23441,0
0.79538,0.78606,-0.56277,-7.2818,0.010105,0
1.2702,0.40132,-0.43149,2.7309,-0.78098,0
2.03,-0.599,-0.41218,7.5096,0.010105,0
1.5552,-1.4967,-0.55376,-3.6408,-0.98235,0
-0.059385,-2.4457,-0.54733,-6.5991,-0.36386,0
-0.34431,-3.8565,-0.14962,4.7789,-0.72345,0
0.51046,-4.1386,0.17473,4.7789,-1.0687,0
1.0803,-3.5487,0.2069,-6.8267,-0.47893,0
1.2702,-2.3431,0.055028,-3.8684,-1.3707,0
0.13056,-0.90679,-0.2114,6.8269,-0.53646,0
-0.62923,-0.93244,-0.28219,1.1379,-1.1981,0
-1.0091,-1.7276,-0.096848,-8.4196,-0.96797,0
-1.1991,-2.0867,0.11295,-0.45498,-0.63715,0
-0.15436,-1.8302,0.26611,7.9647,-1.1837,0
0.035589,-1.0607,0.34591,-1.3652,-0.29195,0
0.51046,-0.6503,0.33947,-8.192,-0.99673,0
0.79538,-1.4454,0.32918,1.3655,-0.1625,0
0.79538,-2.497,0.31888,6.3718,-0.45016,0
0.7004,-2.574,0.21463,-4.5511,-0.27756,0
0.79538,-1.4711,0.017703,-7.2818,0.12517,0
0.41548,-0.086014,-0.39545,4.0962,-0.40701,0
0.035589,1.5812,-0.60396,4.3238,0.58544,0
-0.7242,2.4789,-0.54218,-6.5991,-0.14811,0
-0.43928,2.6585,-0.52802,-4.5511,0.52791,0
-0.81917,2.4533,-0.57178,7.0545,0.47037,0
-0.91415,2.7867,-0.52674,2.2757,0.31216,0
-0.15436,2.9663,-0.371,-7.9645,1.0313,0
0.79538,2.2224,-0.15863,-0.45498,0.31216,0
2.03,0.93996,-0.055661,7.7372,1.3765,0
2.22,0.76041,-0.21269,-1.3652,0.78681,0
1.8401,2.0172,-0.41476,-8.192,1.3909,0
0.51046,2.4533,-0.35169,3.186,1.506,0
0.035589,2.5559,-0.12259,6.5994,1.2183,0
-0.91415,2.4789,-0.0119,-4.7786,2.1388,0
0.51046,1.8633,-0.096848,-5.6889,1.4053,0
1.4602,1.5299,-0.10328,6.8269,2.3402,0
0.98533,2.0942,0.19275,4.3238,2.0094,0
0.79538,3.0175,0.34205,-6.8267,2.0669,0
0.13056,3.2227,0.096215,-1.8203,2.4553,0
-1.0091,2.9406,-0.1316,7.282,1.7505,0
0.41548,2.9663,-0.1316,1.1379,2.5128,0
0.32051,2.1198,0.0035447,-7.9645,1.7073,0
0.13056,0.70911,0.097502,0.91037,2.1245,0
1.0803,-0.23991,0.1078,6.8269,1.9806,0
1.5552,-0.77854,0.26225,-2.7306,1.6498,0
0.89035,-1.0094,0.53769,-7.2818,2.1964,0
0.035589,-1.1889,0.62006,4.0962,1.2758,0
0.51046,-0.93244,0.45016,5.0064,2.1388,0
0.89035,-0.23991,0.23779,-5.4613,1.2758,0
0.79538,0.76041,0.10651,-6.144,1.6067,0
0.60543,1.5042,-0.13932,6.1442,1.7217,0
-0.15436,1.889,-0.49713,3.6411,1.2471,0
0.51046,1.4273,-0.62327,-7.5093,2.1245,0
0.41548,1.3247,-0.3607,-2.9581,1.4053,0
-0.53425,1.6068,-0.065958,7.9647,2.6279,0
-1.579,2.4789,-0.024771,0.2277,2.7861,0
-1.389,2.6841,-0.18437,-9.1023,3.4621,0
0.22554,2.325,-0.32724,0.45525,3.7929,0
0.13056,2.1711,-0.21783,6.8269,2.5704,0
-0.81917,1.7864,0.026712,-3.1857,2.9299,0
-0.91415,0.37567,0.15671,-7.5093,1.8799,0
-0.43928,-0.62465,0.0086931,3.4135,2.7142,0
-0.53425,-0.95809,-0.1316,4.5513,3.2032,0
0.7004,-1.2915,0.020277,-6.3715,3.1025,0
0.7004,-2.0097,0.31759,-4.3235,3.3039,0
1.0803,-2.9844,0.38838,6.5994,1.2902,0
2.03,-3.1639,0.17215,2.5033,0.61421,0
1.9351,-2.6509,-0.024771,-7.5093,-1.4714,0
1.1753,-2.5483,0.076909,-0.22742,-2.4926,0
0.41548,-2.3688,0.23136,7.5096,-2.8522,0
-0.15436,-2.0097,0.18116,-0.9101,-3.5714,0
0.41548,-1.4711,0.098789,-7.2818,-2.1618,0
0.51046,-1.112,0.16829,2.7309,-2.4638,0
-0.24933,-1.0094,0.25581,6.8269,-1.3563,0
-0.24933,-0.77854,0.16958,-4.5511,-1.5002,0
0.13056,-0.88114,-0.15863,-5.4613,-1.946,0
-0.62923,-0.75289,-0.42377,6.1442,-1.27,0
-1.1041,-0.88114,-0.31951,3.8687,-1.8885,0
0.60543,-0.34251,-0.12645,-7.0542,-0.36386,0
1.2702,0.76041,-0.17793,-2.503,-0.27756,0
1.3652,1.1195,-0.21912,7.9647,0.57106,0
2.4099,0.40132,-0.065958,1.5931,1.1895,0
3.0747,-0.52205,0.079483,-7.7369,0.57106,0
2.6949,-1.7789,0.12839,0.45525,1.1752,0
2.03,-2.7535,0.21334,6.8269,-0.14811,0
1.1753,-2.5483,0.44502,-2.2755,0.24024,0
0.60543,-2.3431,0.57373,-6.5991,-0.43578,0
-0.15436,-2.0867,0.53383,4.0962,-0.53646,0
-0.24933,-1.6763,0.54927,6.1442,-0.22003,0
0.60543,-1.4198,0.61749,-5.9164,-1.1262,0
0.60543,-0.72725,0.52996,-5.6889,-0.23441,0
-0.24933,-0.086014,0.33304,5.9167,-1.2269,0
-0.91415,-0.23991,0.28284,3.6411,-0.66591,0
-1.8639,-0.95809,0.31245,-7.5093,-0.79537,0
-1.484,-1.9841,0.19275,-2.9581,-0.98235,0
-0.15436,-2.5996,-0.058236,7.282,-0.23441,0
0.41548,-1.9841,-0.2912,0.91037,-0.96797,0
1.2702,-1.3172,-0.32981,-8.8747,-0.061812,0
0.60543,-1.4711,-0.1612,0.2277,-0.7666,0
0.13056,-1.7789,0.044732,7.0545,-0.57961,0
0.89035,-1.112,0.048593,-3.8684,-0.4214,0
1.5552,0.37567,0.062751,-7.2818,-0.78098,0
1.2702,1.889,0.21334,5.0064,0.26901,0
0.7004,3.1971,0.24423,5.4616,-0.69468,0
-0.15436,4.0435,0.11295,-7.2818,-0.3351,0
-1.484,3.4023,-0.033781,-5.0062,-1.2988,0
-1.484,2.6585,-0.086552,7.5096,-1.7447,0
0.32051,2.5559,-0.073681,2.5033,-1.644,0
1.4602,2.3763,-0.017049,-7.5093,-2.4207,0
0.79538,1.6325,-0.024771,-0.9101,-1.5577,0
0.13056,0.47827,-0.031207,7.5096,-2.3344,0
0.60543,-0.7016,0.021564,-1.3652,-1.644,0
0.89035,-1.5224,0.037009,-7.9645,-1.5865,0
1.1753,-1.4967,0.0099801,2.9584,-1.8885,0
0.79538,-1.3172,-0.047939,5.6891,-1.1406,0
0.7004,-1.9584,-0.11487,-4.3235,-1.9748,0
-0.15436,-2.9587,-0.090413,-6.144,-0.98235,0
-0.059385,-4.0617,0.053741,6.5994,-1.3851,0
0.41548,-5.2672,0.10136,4.5513,-0.96797,0
0.89035,-5.1646,0.15671,-7.0542,-0.4214,0
1.9351,-3.9591,0.2275,-3.6408,-0.80975,0
1.9351,-2.8048,0.20304,7.9647,0.29777,0
0.7004,-2.138,0.082057,1.8206,-0.43578,0
0.035589,-1.1633,0.10265,-8.192,0.44161,0
0.7004,-0.29121,0.23651,0.68281,0.38407,0
1.1753,-0.5477,0.24166,8.1923,0.22586,0
0.32051,-0.7016,0.31888,-1.3652,0.84434,0
0.22554,-1.0863,0.41541,-7.7369,-0.11935,0
-0.059385,-2.2406,0.51838,2.5033,0.62859,0
0.41548,-3.1639,0.61234,7.282,-0.23441,0
1.0803,-2.5996,0.54283,-3.8684,-0.004278,0
1.5552,-0.6503,0.31245,-6.144,0.11079,0
1.1753,1.1708,0.1773,4.7789,-0.46455,0
1.1753,1.9146,0.19532,4.3238,0.26901,0
0.51046,0.37567,0.26868,-6.8267,-0.7666,0
0.035589,-0.95809,0.30858,-3.8684,-0.46455,0
0.22554,-0.31686,0.26611,6.5994,-1.2125,0
-0.24933,0.83736,0.167,0.91037,-1.4426,0
-0.62923,1.6068,0.098789,-8.4196,-1.0111,0
-0.34431,1.4016,-0.0093262,-1.1377,-1.5145,0
0.32051,1.5555,-0.056948,7.0545,-0.23441,0
0.7004,2.6841,-0.038929,-1.1377,-0.5077,0
1.2702,3.351,0.013841,-7.0542,0.45599,0
1.6501,3.4792,0.12067,3.8687,0.54229,0
1.1753,3.7101,0.30601,5.4616,0.12517,0
0.41548,4.5822,0.38967,-5.2337,0.78681,0
-0.53425,5.0438,0.35106,-5.4613,-0.10496,0
1.4602,4.2231,0.3768,6.3718,1.0169,0
1.9351,3.2484,0.39868,2.9584,0.61421,0
0.41548,2.3763,0.34977,-7.5093,0.90188,0
-1.1991,1.5042,0.20948,-2.9581,1.2327,0
-0.62923,0.88866,0.1078,7.5096,0.47037,0
0.13056,0.68346,0.23007,0.45525,1.2615,0
-0.15436,0.78606,0.39096,-8.6471,0.19709,0
-0.059385,0.52957,0.41026,0.00013542,0.77243,0
1.5552,0.042233,0.30858,8.4198,0.65736,0
1.6501,-0.34251,0.19532,-1.5928,0.68613,0
1.1753,-0.77854,0.18116,-7.2818,1.6354,0
-0.53425,-1.4454,0.18889,4.0962,1.132,0
-1.1991,-1.4967,0.1773,6.3718,2.2827,0
0.035589,-1.1889,0.19017,-4.5511,1.7361,0
0.22554,-1.0094,0.26354,-5.9164,2.4265,0
0.32051,-0.77854,0.20047,7.7372,2.7286,0
2.315,-0.36816,0.062751,4.5513,2.5416,0
4.7843,0.22178,-0.006752,-6.8267,3.8073,0
3.8345,0.093531,-0.13417,-2.9581,3.3039,0
1.4602,0.11918,-0.25387,7.282,4.3395,0
-0.91415,0.17048,-0.21011,1.8206,4.0806,0
-2.6237,0.19613,-0.14447,-7.9645,3.9368,0
-2.2438,0.19613,-0.14962,-0.68254,4.282,0
-0.7242,0.40132,-0.14576,7.282,3.3327,0
0.60543,0.37567,-0.083977,-2.9581,4.0231,0
1.5552,0.067882,-0.032494,-7.5093,3.0162,0
0.89035,0.27308,-0.036355,2.9584,3.232,0
-0.62923,1.6581,-0.047939,5.6891,2.858,0
-2.2438,2.7354,-0.071106,-6.8267,2.0669,0
-2.5287,3.5562,-0.1715,-7.2818,2.4553,0
-1.0091,4.813,-0.41862,5.6891,1.1608,0
0.7004,5.839,-0.72237,3.4135,1.7793,0
1.4602,6.352,-0.85752,-7.7369,0.91626,0
1.5552,5.2747,-0.67475,-2.9581,0.95941,0
1.6501,3.2227,-0.46109,6.5994,1.0601,0
0.60543,2.2737,-0.3105,0.91037,0.39846,0
-0.81917,2.8637,-0.2011,-8.8747,1.1608,0
-0.53425,3.5305,-0.090413,2.7309,0.24024,0
0.13056,3.864,-0.045365,6.8269,0.88749,0
-0.34431,4.3513,-0.053087,-4.7786,0.55667,0
-0.43928,4.4283,-0.0028907,-7.2818,0.29777,0
0.035589,3.7357,0.13611,4.3238,0.65736,0
0.035589,2.5559,0.30987,5.4616,-0.20565,0
0.22554,1.2734,0.48234,-5.4613,0.55667,0
-0.24933,-0.80419,0.58531,-5.0062,-0.52208,0
-0.43928,-3.3178,0.69729,7.0545,-0.13373,0
-0.24933,-4.6772,0.88649,1.8206,-0.60838,0
-0.34431,-4.9081,0.99332,-7.9645,-1.27,0
-2.0538,-4.5746,0.84401,-0.45498,-0.95358,0
-3.2885,-4.3951,0.57373,8.4198,-2.1474,0
-1.484,-4.0873,0.49135,-1.8203,-1.644,0
-1.1041,-3.2922,0.57115,-7.5093,-2.8234,0
-2.2438,-3.4204,0.68313,3.8687,-2.9241,0
-3.0985,-3.7282,0.77966,6.1442,-3.2405,0
-2.1488,-3.4204,0.7359,-5.4613,-4.0604,0
-1.1041,-3.4204,0.60333,-5.0062,-3.557,0
-1.7689,-4.1386,0.50808,6.1442,-4.607,0
-2.1488,-4.0104,0.44888,3.6411,-3.8878,0
-1.484,-2.9074,0.4064,-7.0542,-4.3481,0
-0.34431,-2.138,0.39997,-1.8203,-4.2618,0
-0.34431,-1.6506,0.32789,8.1923,-3.6577,0
-0.15436,-1.6763,0.23522,-0.68254,-4.1755,0
0.51046,-2.2149,0.167,-7.7369,-3.0392,0
0.41548,-2.5227,0.17215,1.1379,-3.4994,0
-0.15436,-2.4201,0.30601,6.5994,-2.5789,0
-0.059385,-2.2919,0.37294,-3.8684,-2.4063,0
1.2702,-2.2662,0.19146,-7.2818,-2.4351,0
0.7004,-2.0354,0.00097052,4.5513,-1.4139,0
-0.34431,-1.4711,-0.02091,5.234,-2.0611,0
-0.62923,-0.85549,0.075622,-6.5991,-0.9392,0
-0.53425,-0.21426,0.11295,-4.5511,-1.3995,0
-0.24933,0.27308,0.042157,7.0545,-1.0543,0
0.89035,0.14483,0.007406,3.186,-0.63715,0
1.8401,-0.086014,0.04087,-7.7369,-1.1981,0
1.5552,-0.18861,-0.035068,-1.8203,-0.1625,0
-0.15436,-0.21426,-0.19853,7.9647,-0.98235,0
-1.1991,0.22178,-0.26932,0.00013542,-0.34948,0
0.13056,0.78606,-0.25773,-6.8267,-0.5077,0
0.7004,1.1965,-0.31951,2.5033,-0.80975,0
0.89035,0.91431,-0.39931,7.282,-0.29195,0
0.98533,0.68346,-0.51,-3.8684,-1.2556,0
1.2702,0.58087,-0.5705,-7.2818,-0.55085,0
1.5552,0.42697,-0.45466,5.234,-1.5002,0
0.7004,0.93996,-0.37357,4.5513,-1.3851,0
0.32051,1.5299,-0.4006,-6.5991,-1.5002,0
0.51046,1.7864,-0.50486,-4.0959,-2.3919,0
0.60543,1.1452,-0.62584,7.0545,-1.9029,0
-0.24933,0.27308,-0.62327,2.5033,-3.1542,0
-0.34431,0.093531,-0.54218,-7.9645,-2.7371,0
-0.15436,0.37567,-0.54347,-0.9101,-3.37,0
-0.24933,0.58087,-0.54862,8.1923,-3.7727,0
-0.34431,0.63217,-0.49842,0.00013542,-3.5857,0
-0.34431,1.2734,-0.60911,-7.9645,-4.4919,0
0.035589,2.402,-0.82019,2.7309,-3.7727,0
0.13056,3.864,-0.8292,6.8269,-4.6501,0
1.4602,4.5822,-0.64386,-4.3235,-4.1755,0
0.7004,4.5309,-0.62327,-7.2818,-4.1898,0
0.035589,3.9409,-0.88197,5.6891,-4.5207,0
0.32051,3.3766,-1.0647,5.0064,-3.4707,0
0.32051,2.7098,-0.83821,-6.5991,-4.1467,0
0.035589,3.0432,-0.57307,-3.6408,-3.0248,0
0.7004,3.1201,-0.54862,6.8269,-3.2405,0
2.125,2.6841,-0.48426,2.2757,-2.7947,0
2.315,2.6072,-0.34912,-8.4196,-2.1043,0
0.51046,2.1968,-0.22556,-1.1377,-2.3344,0
-0.059385,1.299,-0.13804,8.1923,-0.9392,0
0.41548,0.45262,-0.1316,-0.68254,-1.3132,0
0.7004,0.016583,-0.038929,-7.9645,-0.23441,0
0.89035,-0.18861,0.14641,1.5931,0.19709,0
1.6501,0.016583,0.2275,6.1442,0.41284,0
0.7004,-0.0090658,0.17473,-4.3235,1.5491,0
-0.15436,-0.36816,0.064038,-7.7369,1.2327,0
1.1753,-0.29121,0.0086931,4.3238,2.4697,0
1.9351,-0.4964,0.044732,4.5513,2.2252,0
1.4602,-2.1123,0.19017,-6.3715,2.8868,0
0.32051,-3.8308,0.31373,-4.5511,3.419,0
0.51046,-4.6003,0.21591,7.7372,3.1745,0
0.79538,-4.9594,-0.0041778,2.0482,4.3683,0
1.6501,-4.8568,-0.095561,-7.7369,3.6923,0
3.1697,-4.5233,-0.10071,-0.9101,4.6703,0
2.6949,-4.1386,-0.095561,7.9647,4.4258,0
0.51046,-3.4717,-0.094274,-1.5928,4.4402,0
-0.53425,-2.9587,-0.14833,-7.0542,4.9292,0
-0.62923,-2.3944,-0.18437,3.186,4.0231,0
-0.62923,-2.0354,-0.24744,6.5994,4.8861,0
-0.91415,-1.5993,-0.26417,-4.5511,3.8792,0
-1.579,-1.2146,-0.078829,-5.6889,4.2532,0
-0.53425,-1.0094,0.1374,5.9167,3.8936,0
0.51046,-0.5477,0.12196,4.3238,3.3039,0
0.41548,-0.7016,-0.17279,-7.5093,3.8936,0
0.79538,-0.93244,-0.36971,-2.503,2.8868,0
2.125,-0.57335,-0.32595,8.1923,3.6203,0
0.79538,-0.26556,-0.24358,0.91037,2.9299,0
-0.7242,-0.23991,-0.27961,-8.6471,2.9299,0
-0.81917,-0.13731,-0.28219,0.91037,3.1313,0
-1.1041,0.067882,-0.072394,7.5096,2.2827,0
-1.484,0.14483,0.1078,-2.2755,3.0882,0
-1.0091,0.42697,0.0048318,-6.8267,2.0094,0
-0.24933,0.55522,-0.13675,3.8687,2.556,0
1.0803,-0.29121,-0.046652,5.234,2.1532,0
-0.43928,-1.3172,0.13611,-5.6889,1.7361,0
-1.1991,-1.548,0.24037,-5.9164,2.1532,0
-0.43928,-1.3172,0.14384,6.8269,1.2615,0
-0.34431,-1.2659,-0.058236,3.6411,1.8943,0
-1.294,-0.98374,-0.15219,-8.192,0.98818,0
-0.53425,-0.0090658,-0.14061,-2.2755,1.132,0
0.13056,0.93996,-0.068532,7.5096,1.0169,0
-0.34431,1.6068,0.007406,-1.1377,0.34092,0
-0.91415,2.0172,0.04087,-8.192,1.0169,0
-1.389,2.0172,0.083344,2.5033,-0.033045,0
-1.484,1.2734,0.17988,7.282,0.58544,0
-1.1991,0.52957,0.26225,-5.0062,-0.061812,0
0.41548,0.042233,0.28156,-7.2818,-0.17688,0
0.79538,0.27308,0.20562,3.186,0.082022,0
-1.579,1.0169,0.022851,6.1442,-0.83852,0
-2.5287,1.1708,-0.19982,-5.4613,-0.10496,0
-1.7689,0.83736,-0.41862,-6.144,-1.083,0
-1.389,0.88866,-0.49713,6.1442,-0.6803,0
0.32051,0.99126,-0.41476,3.186,-0.88167,0
0.7004,1.2221,-0.40961,-7.7369,-1.457,0
1.0803,1.6838,-0.47654,-3.1857,-0.79537,0
1.4602,2.4533,-0.47139,8.6474,-1.8597,0
0.89035,2.7867,-0.51901,0.45525,-1.0687,0
-0.62923,3.1971,-0.70822,-8.6471,-1.8454,0
-1.1991,4.0692,-0.88455,0.91037,-1.831,0
-1.1041,4.1718,-0.8794,8.1923,-1.7159,0
-0.43928,3.1201,-0.73911,-1.8203,-2.4638,0
0.41548,2.1968,-0.63485,-7.2818,-1.644,0
0.51046,2.1455,-0.59753,4.7789,-2.5645,0
0.13056,1.9659,-0.51644,5.9167,-1.946,0
0.32051,2.1198,-0.26674,-5.4613,-2.3488,0
0.41548,2.2481,0.016416,-4.5511,-2.4926,0
-0.53425,1.8633,0.069186,7.282,-1.9748,0
-0.24933,1.9659,-0.12645,2.2757,-2.8522,0
0.7004,1.5555,-0.32981,-7.7369,-1.8741,0
0.32051,0.65782,-0.33625,-1.3652,-2.6077,0
-0.43928,-0.36816,-0.25259,8.1923,-2.0899,0
-0.91415,-1.1376,-0.24229,-0.45498,-1.9892,0
-1.0091,-1.3941,-0.25387,-8.4196,-2.3775,0
-1.8639,-0.95809,-0.2809,1.1379,-1.5721,0
-1.389,-0.6503,-0.23199,7.7372,-2.3488,0
-0.059385,-0.72725,-0.049226,-3.4133,-1.4139,0
-0.059385,-1.2146,0.11166,-7.9645,-1.8022,0
0.41548,-1.625,0.18889,3.8687,-1.5721,0
0.41548,-1.5737,0.21334,5.6891,-1.155,0
1.2702,-1.6506,0.29314,-5.6889,-1.6152,0
1.7451,-1.9841,0.39868,-5.4613,-0.594,0
1.5552,-1.9328,0.46046,6.5994,-1.3563,0
-0.43928,-1.625,0.39482,3.4135,-0.62276,0
-2.6237,-1.4198,0.41927,-8.192,-0.88167,0
-1.7689,-1.6506,0.42828,-2.7306,-1.0974,0
0.89035,-1.8302,0.37551,7.5096,-0.5077,0
1.0803,-1.5993,0.31373,0.00013542,-1.27,0
0.51046,-1.7276,0.41541,-8.8747,-0.26318,0
-0.53425,-2.0354,0.41927,1.5931,-0.95358,0
-1.0091,-1.5993,0.12324,6.8269,-0.45016,0
0.13056,-0.67595,-0.068532,-3.8684,-0.32071,0
0.79538,-0.060364,0.046019,-7.2818,-0.78098,0
0.98533,0.60652,0.167,4.3238,0.096406,0
0.79538,1.1452,0.044732,5.234,-0.8529,0
0.7004,1.8633,-0.3015,-6.5991,0.024489,0
1.2702,2.6328,-0.52674,-5.6889,-0.53646,0
1.6501,3.0175,-0.47911,7.5096,-0.32071,0
1.1753,2.9406,-0.41218,2.9584,-0.018661,0
0.7004,2.7611,-0.39931,-7.5093,-0.73783,0
0.51046,2.2737,-0.38902,0.00013542,0.12517,0
-0.43928,1.4529,-0.30922,7.9647,-0.78098,0
-0.059385,0.83736,-0.16764,-0.68254,-0.061812,0
1.4602,1.0426,-0.0080391,-7.7369,-0.19126,0
1.1753,1.4016,0.067899,3.6411,-0.5077,0
0.98533,1.4016,0.0022576,6.5994,0.096406,0
0.79538,1.6838,-0.12903,-4.7786,-0.89605,0
1.5552,2.2224,-0.18566,-6.3715,-0.076195,0
2.8848,2.838,-0.14061,6.3718,-0.79537,0
1.7451,2.3763,0.0099801,3.6411,-0.52208,0
-0.15436,1.0939,0.2468,-7.2818,-0.3351,0
-1.1991,-0.086014,0.30987,-2.0479,-0.9392,0
-1.1041,-0.57335,0.18116,8.875,0.024489,0
-1.8639,-0.85549,0.034435,1.3655,-0.78098,0
-1.6739,-1.1633,0.0099801,-8.192,-0.076195,0
-1.1041,-1.3941,0.22621,1.8206,-0.2488,0
-0.62923,-1.8815,0.53511,7.5096,-0.34948,0
-0.24933,-2.5996,0.696,-3.6408,0.21147,0
0.51046,-2.574,0.65996,-7.2818,-0.60838,0
0.79538,-1.5224,0.59561,4.7789,0.16832,0
0.89035,-0.29121,0.6059,4.5513,-0.6803,0
1.0803,-0.29121,0.55571,-6.144,-0.32071,0
-0.7242,-0.4964,0.54412,-5.2337,-0.30633,0
-0.62923,-0.16296,0.54541,6.3718,-0.83852,0
0.22554,-0.31686,0.45917,2.0482,-0.11935,0
-0.34431,-0.98374,0.26482,-8.192,-1.0111,0
-0.24933,-2.4201,0.15156,-1.8203,-0.26318,0
0.41548,-3.4974,0.21463,6.8269,-0.66591,0
0.7004,-3.3948,0.2674,-0.9101,-0.72345,0
1.1753,-2.7792,0.20176,-7.7369,-0.23441,0
2.03,-2.5227,0.2275,1.1379,-1.1262,0
2.6949,-2.3688,0.39353,6.3718,-0.11935,0
1.2702,-2.0097,0.52868,-3.6408,-0.86728,0
-0.24933,-2.7279,0.59818,-6.5991,-0.3351,0
-0.24933,-3.7539,0.5261,5.4616,-0.26318,0
0.79538,-3.087,0.12324,4.5513,-0.6803,0
1.8401,-1.3685,-0.2809,-7.0542,0.11079,0
0.7004,-0.85549,-0.39674,-4.7786,-0.80975,0
-1.1041,-1.7789,-0.27189,7.0545,-0.061812,0
0.41548,-2.7279,-0.098135,1.1379,-0.57961,0
1.2702,-3.01,0.043444,-8.4196,-0.63715,0
1.2702,-3.087,0.11037,-0.68254,-0.20565,0
0.7004,-2.6509,0.055028,7.9647,-0.95358,0
0.98533,-2.1123,-0.035068,-1.3652,0.13956,0
0.98533,-2.138,-0.027345,-7.5093,-0.60838,0
0.89035,-1.9841,0.085918,3.4135,0.082022,0
1.2702,-1.3685,0.26225,7.0545,-0.13373,0
1.8401,-0.6503,0.25581,-4.0959,-0.56523,0
1.8401,0.58087,0.066612,-6.3715,0.010105,0
1.4602,1.7351,-0.077542,5.0064,-0.89605,0
1.3652,2.1711,-0.067245,4.3238,0.22586,0
1.0803,2.5046,-0.0518,-7.0542,-0.2488,0
0.89035,2.915,-0.14704,-4.0959,0.36969,0
0.51046,2.6328,-0.11744,7.7372,0.74366,0
-0.34431,1.4529,0.11166,1.8206,0.29777,0
-0.81917,0.37567,0.25453,-7.2818,1.1752,0
-1.7689,-0.29121,0.22621,0.45525,0.32654,0
-2.2438,0.35002,0.18374,7.5096,1.1464,0
-1.8639,1.2734,0.15156,-2.0479,0.85873,0
-1.294,1.9916,0.22364,-7.9645,1.0026,0
-1.1991,1.5555,0.30987,4.3238,1.693,0
-0.059385,0.68346,0.20047,5.6891,1.0457,0
-0.53425,0.27308,0.07176,-6.8267,1.9806,0
-1.0091,0.60652,0.011267,-5.4613,0.97379,0
0.89035,1.8633,-0.17665,6.3718,1.2183,0
2.6949,3.3766,-0.29892,2.9584,0.94503,0
2.22,3.9153,-0.1419,-7.7369,0.58544,0
0.79538,2.4533,0.10394,-2.503,1.4197,0
0.32051,1.0939,0.1477,7.7372,0.71489,0
1.3652,1.5555,-0.12259,0.68281,1.5635,0
1.2702,2.7867,-0.4302,-7.9645,0.81558,0
0.79538,2.9406,-0.44436,0.45525,0.64298,0
0.98533,1.812,-0.29249,7.0545,0.51352,0
1.0803,0.093531,-0.21269,-2.9581,-0.36386,0
1.4602,-1.035,-0.19853,-6.8267,0.36969,0
-0.059385,-1.1633,-0.12002,4.3238,-0.39263,0
-0.62923,-0.18861,-0.090413,5.6891,0.48476,0
-0.53425,0.91431,-0.13417,-6.8267,0.57106,0
-0.81917,2.2224,-0.20882,-5.4613,0.44161,0
-0.91415,3.787,-0.3105,7.0545,0.95941,0
-1.389,4.6335,-0.4302,2.7309,0.038872,0
-1.0091,4.3257,-0.55891,-7.7369,0.72928,0
-0.059385,3.5305,-0.70049,-0.68254,-0.018661,0
0.98533,3.4279,-0.77386,8.875,0.41284,0
0.51046,2.7867,-0.77257,-0.68254,0.80119,0
1.6501,1.7094,-0.68762,-7.5093,0.49914,0
1.9351,1.1195,-0.6001,2.2757,1.4772,0
0.79538,0.73476,-0.47139,6.3718,0.59983,0
0.13056,0.42697,-0.25259,-4.5511,1.0745,0
0.7004,0.042233,-0.096848,-7.0542,0.59983,0
1.0803,-0.11166,-0.11873,5.9167,0.21147,0
-0.62923,0.19613,-0.22427,4.5513,0.64298,0
-2.1488,0.29873,-0.22813,-7.5093,-0.13373,0
-1.0091,0.22178,-0.022197,-4.0959,0.88749,0
0.035589,-0.4451,0.26096,6.8269,0.082022,0
-0.62923,-1.7789,0.47462,2.0482,0.55667,0
-2.1488,-2.7022,0.62907,-8.192,0.44161,0
-2.8136,-2.1123,0.696,-0.68254,-0.23441,0
-1.8639,-1.625,0.67798,7.282,0.39846,0
0.035589,-1.8815,0.70243,-1.8203,-0.55085,0
0.60543,-1.4711,0.75778,-7.2818,0.32654,0
0.98533,-0.23991,0.63164,3.186,-0.10496,0
-0.15436,1.0682,0.3266,6.1442,0.024489,0
-2.4337,2.3763,0.07176,-6.3715,0.59983,0
-2.8136,3.9409,0.016416,-5.2337,-0.11935,0
-1.294,4.0948,0.034435,6.8269,0.87311,0
-0.91415,2.9663,0.057602,2.7309,0.082022,0
-1.294,0.96561,0.12453,-7.7369,0.51352,0
-0.91415,-0.6503,0.13097,-2.7306,0.49914,0
0.51046,-1.4967,0.076909,7.7372,0.16832,0
1.0803,-1.3428,0.064038,-0.22742,0.93064,0
2.03,-0.62465,-0.026058,-8.6471,0.15394,0
1.9351,-0.4451,-0.17793,2.0482,1.0457,0
1.2702,-0.34251,-0.25516,6.8269,0.54229,0
0.60543,-0.0090658,-0.19982,-3.1857,0.71489,0
-0.24933,-0.7016,-0.045365,-6.5991,0.97379,0
0.13056,-2.1123,0.14255,5.0064,0.32654,0
1.8401,-2.8561,0.19918,5.0064,1.1895,0
2.5999,-2.8818,0.061464,-6.144,0.31216,0
1.5552,-2.7279,-0.080116,-5.0062,1.0745,0
0.7004,-3.3435,-0.040216,7.0545,0.72928,0
0.13056,-4.1899,0.18374,1.8206,0.65736,0
0.51046,-4.4464,0.41413,-8.192,1.1752,0
0.32051,-3.9078,0.53125,0.2277,0.36969,0
-0.15436,-3.5487,0.52868,7.9647,1.2471,0
-0.15436,-3.5487,0.49264,-1.5928,0.45599,0
0.035589,-3.01,0.5364,-7.9645,0.94503,0
-0.91415,-3.01,0.57373,3.186,0.84434,0
-1.6739,-3.7026,0.51066,6.5994,0.38407,0
-1.7689,-4.2155,0.36393,-5.2337,1.0026,0
-0.7242,-3.4461,0.25453,-6.144,0.11079,0
0.51046,-1.9071,0.17473,5.4616,0.98818,0
0.32051,-0.4964,0.048593,4.5513,0.18271,0
-0.059385,0.29873,-0.11358,-7.2818,0.48476,0
-1.0091,0.76041,-0.21397,-4.0959,0.59983,0
-1.294,1.2221,-0.15219,7.0545,-0.061812,0
-1.389,2.0172,-0.095561,2.0482,0.72928,0
-1.9589,2.325,-0.14061,-8.192,-0.20565,0
-1.7689,2.2481,-0.26803,0.2277,0.58544,0
-1.0091,2.9919,-0.30793,7.0545,0.19709,0
-0.43928,3.1971,-0.19853,-2.503,0.16832,0
0.41548,3.0688,-0.15219,-8.4196,0.62859,0
0.41548,2.838,-0.30407,3.6411,-0.11935,0
-0.24933,2.5302,-0.37486,5.9167,0.82996,0
-0.62923,2.325,-0.26417,-6.5991,-0.10496,0
-0.34431,2.2737,-0.17021,-5.6889,0.48476,0
-0.81917,2.0942,-0.1612,6.8269,0.26901,0
-0.15436,0.50392,-0.050513,3.186,0.010105,0
-0.34431,-1.0094,0.15542,-7.9645,0.65736,0
-1.1991,-1.6763,0.14384,-1.8203,-0.1625,0
-0.62923,-1.8302,-0.013187,7.282,0.74366,0
0.41548,-1.6763,-0.094274,-0.9101,-0.033045,0
0.7004,-1.2915,-0.047939,-7.9645,0.31216,0
1.0803,-1.3172,-0.015762,0.91037,0.44161,0
1.2702,-0.93244,-0.076255,7.0545,-0.033045,0
-0.34431,-0.11166,-0.19467,-3.1857,0.81558,0
-1.7689,1.1708,-0.241,-7.7369,0.038872,0
-1.7689,1.7094,-0.21397,4.5513,0.98818,0
-0.81917,1.1452,-0.20368,6.1442,0.55667,0
0.51046,0.067882,-0.12002,-5.4613,0.71489,0
0.41548,-0.6503,-0.045365,-4.7786,1.0457,0
-0.059385,-1.3685,0.016416,5.6891,0.45599,0
-0.53425,-2.3688,0.18502,3.8687,1.4197,0
-1.1041,-2.9074,0.37294,-6.5991,0.72928,0
-1.7689,-2.8048,0.45917,-1.5928,1.506,0
-1.579,-2.9587,0.45016,8.1923,1.4484,0
-0.15436,-2.8305,0.41026,0.45525,1.2758,0
0.13056,-2.7279,0.34462,-7.5093,1.9087,0
1.3652,-2.6509,0.2468,2.2757,1.1032,0
0.7004,-1.9841,0.21849,7.0545,1.9806,0
0.13056,-1.112,0.21978,-3.4133,1.2758,0
0.51046,-1.3685,0.13998,-7.0542,1.6067,0
0.51046,-2.1123,0.057602,5.4616,1.693,0
-0.34431,-2.7535,0.00097052,5.0064,1.0169,0
-0.34431,-3.0613,0.05889,-6.3715,1.7361,0
-0.15436,-3.087,0.22235,-5.0062,0.75804,0
-1.389,-2.1893,0.28156,6.3718,1.3621,0
-1.389,-1.0863,0.15285,3.6411,0.93064,0
-1.8639,-0.67595,-0.013187,-8.192,0.75804,0
-1.8639,-0.16296,-0.090413,-2.2755,1.2183,0
-2.2438,1.0169,-0.24229,7.0545,0.32654,0
-2.3388,2.1711,-0.42506,0.00013542,1.1752,0
-1.9589,2.7611,-0.43664,-7.7369,0.25462,0
-0.81917,3.351,-0.39931,1.5931,0.64298,0
0.41548,3.6844,-0.4508,6.8269,0.36969,0
-0.53425,3.6331,-0.49327,-4.0959,-0.14811,0
-1.294,3.5049,-0.52931,-7.2818,0.44161,0
-0.43928,3.9666,-0.52287,5.6891,-0.60838,0
1.5552,5.1464,-0.40446,4.5513,0.15394,0
1.5552,6.9162,-0.28476,-7.5093,-0.594,0
0.7004,7.5831,-0.21783,-5.2337,-0.63715,0
1.6501,6.3776,-0.26288,7.282,-0.37825,0
1.7451,4.7104,-0.27189,2.5033,-1.1118,0
1.4602,2.9663,-0.1316,-7.7369,-0.20565,0
1.9351,0.96561,0.14255,-2.0479,-1.1406,0
1.4602,-0.6503,0.38967,7.7372,-0.56523,0
0.13056,-1.3172,0.44502,-0.22742,-0.72345,0
-0.059385,-0.62465,0.30472,-7.5093,-1.1837,0
0.13056,0.24743,0.11037,1.8206,-0.56523,0
0.035589,0.40132,-0.045365,6.5994,-1.5721,0
1.2702,0.47827,-0.11358,-3.8684,-0.79537,0
2.22,0.32437,-0.10071,-7.7369,-1.3276,0
1.0803,0.016583,-0.071106,3.6411,-1.0687,0
-0.62923,-0.16296,-0.086552,6.1442,-0.72345,0
-1.389,0.042233,-0.11487,-4.5511,-1.2413,0
-0.81917,0.58087,-0.13031,-5.4613,-0.27756,0
-0.81917,0.93996,-0.102,6.5994,-1.1118,0
-0.62923,1.0169,-0.087839,3.4135,-0.43578,0
-0.34431,1.0426,-0.18823,-7.2818,-0.63715,0
0.13056,1.0426,-0.28991,-2.7306,-0.88167,0
1.1753,0.60652,-0.25516,7.5096,-0.26318,0
0.7004,0.32437,-0.15992,0.68281,-1.155,0
0.7004,-0.034715,-0.14962,-8.192,-0.36386,0
2.125,-0.80419,-0.21011,1.8206,-1.1118,0
3.6446,-1.7019,-0.16893,7.5096,-0.73783,0
2.03,-1.9584,-0.065958,-2.7306,-0.57961,0
0.13056,-2.1123,0.022851,-6.8267,-1.0255,0
-0.059385,-2.4457,0.094928,4.7789,-0.17688,0
0.22554,-2.4457,0.13611,5.234,-0.99673,0
-0.34431,-2.2662,0.15156,-5.9164,-0.26318,0
-0.24933,-2.6766,0.16572,-5.0062,-0.78098,0
0.60543,-3.1639,0.1773,6.3718,-0.88167,0
0.7004,-3.2665,0.15413,2.5033,-0.49331,0
1.0803,-3.1126,0.13869,-7.9645,-1.0687,0
1.5552,-2.8561,0.12711,-0.68254,-0.004278,0
-1.1991,-2.0867,0.1181,6.8269,-0.7666,0
-2.8136,-1.5737,0.15928,-0.9101,0.010105,0
-1.579,-1.6763,0.22879,-7.2818,-0.23441,0
-0.81917,-1.548,0.24423,2.0482,-0.46455,0
-0.15436,-1.4711,0.23393,5.4616,0.082022,0
0.13056,-0.77854,0.20948,-6.8267,-0.88167,0
-0.34431,-0.31686,0.167,-5.4613,-0.033045,0
-0.62923,-0.36816,0.046019,6.8269,-0.9392,0
-0.7242,-0.75289,0.0061189,2.7309,-0.53646,0
-0.81917,-0.98374,0.035722,-7.9645,-0.52208,0
-0.34431,-0.34251,0.04087,-2.503,-1.0543,0
0.41548,0.093531,-0.040216,7.9647,-0.27756,0
1.0803,-0.0090658,-0.08269,0.91037,-1.1693,0
1.3652,-0.41945,-0.068532,-8.4196,-0.37825,0
0.79538,-0.31686,0.007406,1.8206,-0.86728,0
-0.15436,-0.3938,0.15285,6.5994,-0.80975,0
-1.0091,-0.5477,0.27383,-3.6408,-0.49331,0
-1.389,-1.2146,0.31759,-6.8267,-1.1262,0
-1.0091,-2.3431,0.35363,5.4616,-0.22003,0
-0.43928,-3.3948,0.3871,4.5513,-0.99673,0
-0.15436,-3.1126,0.37551,-6.144,-0.4214,0
-0.91415,-2.3688,0.28284,-3.8684,-0.56523,0
-1.294,-1.6763,0.17601,7.7372,-0.88167,0
-0.7242,-1.8558,0.15928,1.3655,-0.19126,0
0.22554,-1.7532,0.23651,-8.192,-0.96797,0
0.32051,-1.5224,0.21978,0.00013542,0.024489,0
-1.1991,-1.5737,0.13483,7.5096,-0.594,0
-1.389,-1.5993,0.021564,-1.1377,-0.19126,0
0.035589,-0.599,-0.13417,-7.9645,-0.090578,0
0.41548,0.68346,-0.3208,3.186,-0.53646,0
-1.0091,1.0169,-0.34912,7.0545,0.38407,0
-2.8136,1.0682,-0.25773,-4.5511,-0.37825,0
-3.2885,0.78606,-0.099422,-6.5991,0.47037,0
-2.5287,0.24743,0.05889,5.6891,0.25462,0
-1.579,0.37567,0.15413,4.3238,0.39846,0
0.13056,1.2734,0.22106,-7.5093,0.94503,0
0.60543,2.1711,0.22106,-3.8684,0.39846,0
-0.43928,2.8124,0.04988,6.8269,1.3478,0
-0.53425,2.5815,-0.10071,1.5931,0.55667,0
-0.24933,1.889,-0.083977,-8.4196,1.2327,0
0.13056,0.86301,0.047306,0.00013542,1.1752,0
-0.81917,-0.3938,0.13869,7.282,1.0169,0
-1.1991,-1.1376,0.091067,-1.8203,1.7505,0
0.22554,-1.3941,0.038296,-7.7369,0.94503,0
0.32051,-1.9071,0.027999,4.3238,1.9375,0
-0.15436,-2.3688,0.094928,5.234,1.1752,0
0.60543,-2.8818,0.20433,-6.144,1.4916,0
0.32051,-3.2665,0.26354,-5.0062,1.7217,0
0.035589,-3.1639,0.23522,7.7372,1.1464,0
0.60543,-2.4714,0.17344,2.9584,2.0669,0
0.13056,-1.5224,0.057602,-8.4196,1.1464,0
-1.389,-0.4451,-0.12903,-2.0479,1.9087,0
-1.294,0.73476,-0.24744,8.1923,1.4484,0
-0.24933,1.5299,-0.23585,-0.68254,1.3478,0
-1.1991,1.6068,-0.19853,-7.7369,1.7073,0
-1.1041,2.1455,-0.23328,2.5033,0.90188,0
-0.34431,3.4792,-0.29892,7.0545,1.8656,0
0.13056,5.0695,-0.35298,-3.8684,0.95941,0
-0.059385,6.4546,-0.50872,-7.0542,1.506,0
0.41548,7.5575,-0.67733,6.1442,1.3621,0
-0.15436,7.9679,-0.73267,4.7789,0.93064,0
0.51046,7.3523,-0.6297,-6.3715,1.6067,0
0.51046,6.3007,-0.46753,-4.3235,0.65736,0
-0.53425,5.249,-0.39674,7.282,1.5779,0
-1.389,5.0438,-0.43664,2.0482,0.97379,0
-0.91415,4.4796,-0.47268,-7.2818,1.1752,0
-0.34431,3.8383,-0.39803,-0.22742,1.4053,0
0.51046,3.6075,-0.31694,7.5096,0.78681,0
0.41548,3.7101,-0.34011,-1.8203,1.5779,0
0.13056,3.1714,-0.46882,-7.2818,0.54229,0
0.13056,2.1455,-0.54604,3.6411,1.1608,0
-0.34431,1.5555,-0.40189,6.5994,0.84434,0
-0.62923,1.1965,-0.26546,-5.4613,0.81558,0
-0.43928,0.60652,-0.27447,-6.3715,1.3909,0
0.22554,0.27308,-0.26288,7.0545,0.64298,0
-0.7242,0.42697,-0.2114,2.5033,1.3334,0
-1.484,0.55522,-0.11744,-7.9645,0.24024,0
-1.1041,1.0682,-0.058236,-2.503,0.42722,0
-1.0091,0.22178,-0.035068,7.9647,0.13956,0
-1.8639,-1.112,0.033148,0.68281,-0.36386,0
-1.8639,-1.9071,0.17988,-8.192,0.26901,0
-1.1991,-1.9584,0.31759,1.3655,-0.6803,0
-2.3388,-1.4198,0.37551,7.282,-0.004278,0
-2.7186,-1.5993,0.33819,-3.4133,-0.75222,0
-1.294,-1.9584,0.33047,-7.2818,-0.594,0
-1.0091,-1.2915,0.3665,3.6411,-0.46455,0
-1.1991,-0.34251,0.40512,5.4616,-1.1118,0
-0.91415,0.11918,0.4167,-6.8267,-0.26318,0
-0.43928,-0.18861,0.44373,-5.4613,-1.1262,0
0.51046,-0.90679,0.4064,7.7372,-0.4214,0
0.32051,-0.90679,0.32146,2.5033,-0.66591,0
0.22554,-1.3428,0.28542,-8.6471,-0.82413,0
1.8401,-1.4711,0.30086,-1.1377,-0.26318,0
2.5049,-1.4711,0.31373,8.1923,-1.0687,0
1.9351,-1.8558,0.30858,0.00013542,-0.23441,0
2.315,-2.6509,0.25839,-8.4196,-1.0399,0
2.5999,-2.9587,0.19532,2.5033,-0.60838,0
0.98533,-2.8048,0.14255,6.5994,-0.65153,0
0.32051,-2.9074,0.14255,-4.3235,-1.2125,0
1.5552,-2.8048,0.10651,-5.9164,-0.45016,0
1.9351,-2.2662,-0.0080391,6.5994,-1.3851,0
1.8401,-1.9071,-0.08269,4.3238,-0.52208,0
-0.7242,-1.5737,-0.0518,-5.9164,-1.2413,0
-3.2885,-1.2659,-0.063384,-3.6408,-1.0687,0
-1.7689,-1.0607,-0.12774,7.7372,-0.96797,0
0.51046,-1.1889,-0.098135,1.8206,-1.5721,0
0.22554,-1.3428,-0.00031657,-7.5093,-0.75222,0
0.60543,-1.625,0.051167,0.00013542,-1.644,0
1.2702,-0.93244,0.091067,7.282,-0.92482,0
1.5552,0.093531,0.14512,-1.8203,-1.2125,0
1.4602,0.55522,0.18889,-7.7369,-1.2844,0
2.03,0.22178,0.14899,4.0962,-0.78098,0
2.22,-0.36816,0.075622,6.8269,-1.5002,0
1.3652,-0.36816,0.092354,-6.144,-0.52208,0
-0.91415,-0.29121,0.15671,-5.6889,-1.2844,0
-0.53425,-0.3938,0.17601,6.1442,-0.73783,0
-0.24933,-0.72725,0.13483,3.4135,-0.79537,0
-2.1488,-0.95809,0.10394,-8.4196,-0.99673,0
-2.9086,-0.95809,0.10651,-4.3235,-0.26318,0
-1.9589,-1.0094,0.12067,7.7372,-0.92482,0
0.035589,-0.80419,0.167,0.45525,-0.004278,0
0.51046,-0.41945,0.20047,-8.192,-0.55085,0
0.035589,-0.0090658,0.18374,0.00013542,-0.17688,0
0.51046,0.17048,0.18374,6.8269,0.038872,0
1.1753,-0.26556,0.25968,-2.7306,-0.43578,0
1.8401,-0.5477,0.22879,-7.0542,0.41284,0
1.6501,-0.62465,0.14899,3.6411,-0.4214,0
0.41548,-0.57335,0.15156,5.234,0.41284,0
0.41548,-0.3938,0.17859,-6.3715,0.024489,0
0.51046,-0.0090658,0.15156,-5.4613,0.024489,0
0.41548,-0.060364,0.12711,6.1442,0.49914,0
1.2702,-0.599,0.13869,3.4135,-0.22003,0
0.89035,-0.90679,0.16057,-7.9645,0.78681,0
-0.34431,-0.75289,0.15285,-2.2755,-0.033045,0
0.13056,-0.41945,0.10909,8.1923,0.45599,0
1.4602,0.016583,0.046019,0.45525,0.57106,0
0.89035,0.58087,-0.035068,-8.192,0.12517,0
0.7004,0.93996,-0.11873,2.7309,0.93064,0
-0.24933,0.58087,-0.16249,7.5096,0.096406,0
-0.62923,0.68346,-0.20625,-2.503,0.98818,0
-1.1041,0.50392,-0.30536,-6.5991,0.44161,0
-0.81917,-0.13731,-0.41991,5.234,0.62859,0
1.7451,-0.34251,-0.41476,5.4616,0.98818,0
2.125,-0.47075,-0.29892,-5.4613,0.29777,0
-0.15436,-0.599,-0.18952,-4.7786,1.2471,0
-0.7242,-0.85549,-0.11101,7.282,0.31216,0
-0.34431,-0.77854,-0.035068,2.9584,0.95941,0
0.7004,-0.41945,-0.064671,-8.192,0.64298,0
1.6501,-0.6503,-0.16378,-0.9101,0.35531,0
1.5552,-0.7016,-0.17665,7.9647,0.93064,0
0.89035,-0.6503,-0.054374,0.00013542,0.11079,0
1.8401,-0.52205,0.055028,-8.4196,1.0169,0
2.7898,-0.34251,0.060177,2.0482,0.18271,0
2.5049,-0.4964,0.052454,6.3718,0.59983,0
2.03,-0.599,0.1477,-4.0959,0.67174,0
1.2702,-0.13731,0.23522,-6.3715,0.21147,0
1.0803,0.11918,0.18631,5.6891,0.97379,0
0.79538,0.17048,0.08978,3.8687,-0.004278,0
0.89035,0.37567,0.065325,-7.5093,0.80119,0
0.22554,0.58087,-0.069819,-4.7786,0.21147,0
-1.389,1.0169,-0.40446,6.8269,0.22586,0
-1.6739,1.5812,-0.65673,1.8206,0.59983,0
-1.1041,1.812,-0.69148,-8.4196,-0.10496,0
-0.62923,1.889,-0.65416,-1.3652,0.84434,0
-0.62923,2.325,-0.74554,7.7372,-0.004278,0
-0.24933,3.0688,-0.79188,-0.45498,0.54229,0
0.32051,3.864,-0.64644,-8.6471,0.52791,0
1.1753,4.4539,-0.43664,2.2757,0.096406,0
1.8401,4.3257,-0.30793,6.8269,0.77243,0
1.4602,3.787,-0.3015,-5.4613,-0.061812,0
-0.059385,3.1201,-0.28991,-6.8267,0.74366,0
-0.62923,2.2994,-0.20882,6.5994,0.13956,0
0.035589,1.0426,-0.1419,5.0064,0.36969,0
1.7451,-0.31686,-0.063384,-7.9645,0.52791,0
1.6501,-1.3685,0.075622,-3.6408,-0.090578,0
0.41548,-2.4201,0.22621,6.5994,0.61421,0
0.89035,-3.1896,0.29829,1.8206,-0.1625,0
1.2702,-3.8821,0.3073,-8.192,0.59983,0
-0.34431,-4.549,0.40769,-0.45498,0.13956,0
-1.6739,-4.7029,0.55828,8.4198,0.15394,0
-1.8639,-5.2415,0.6059,-1.5928,0.52791,0
-0.7242,-5.7802,0.61105,-7.7369,-0.26318,0
-0.15436,-5.7032,0.60075,3.6411,0.65736,0
-1.8639,-5.1646,0.58917,6.1442,-0.20565,0
-2.9086,-4.1129,0.59046,-5.6889,0.45599,0
-1.8639,-3.1383,0.57759,-5.4613,0.26901,0
-0.7242,-1.8815,0.52482,7.282,-0.061812,0
-1.484,-0.23991,0.39868,3.4135,0.59983,0
-1.294,1.3503,0.23908,-7.5093,-0.2488,0
0.22554,2.6072,0.12324,-1.5928,0.62859,0
1.4602,3.2484,0.082057,7.9647,-0.061812,0
2.7898,3.7101,0.029286,-0.45498,0.12517,0
2.8848,4.1461,-0.073681,-8.4196,0.25462,0
2.4099,4.5822,-0.14704,2.5033,-0.53646,0
-0.15436,4.3,-0.1818,6.5994,0.12517,0
-1.484,4.4539,-0.25902,-3.6408,-0.98235,0
-1.484,4.4283,-0.35813,-6.3715,-0.47893,0
-0.24933,3.9153,-0.41991,5.234,-0.83852,0
-0.53425,3.1458,-0.35427,4.5513,-1.2269,0
-0.24933,2.7098,-0.27704,-6.144,-0.72345,0
0.7004,2.4533,-0.24872,-4.3235,-1.8454,0
1.6501,2.0942,-0.22942,6.8269,-1.1406,0
1.2702,2.1198,-0.20882,2.2757,-2.018,0
0.41548,1.9916,-0.17793,-8.4196,-1.8022,0
0.13056,1.8633,-0.15863,-1.5928,-1.7447,0
0.60543,1.8633,-0.16764,7.7372,-2.3344,0
1.5552,1.6325,-0.20368,-1.1377,-1.5289,0
1.2702,1.4786,-0.28476,-8.8747,-2.3632,0
0.7004,1.1965,-0.371,2.5033,-1.6008,0
-0.059385,0.81171,-0.36714,6.8269,-2.1618,0
-1.484,-0.18861,-0.29506,-4.0959,-2.3632,0
-2.0538,-1.3172,-0.21011,-6.144,-2.2337,0
-2.3388,-1.9328,-0.10071,5.4616,-3.1399,0
-1.389,-2.0354,-0.0041778,5.234,-2.3632,0
-0.43928,-1.1889,-0.046652,-6.8267,-3.2837,0
-0.34431,-0.62465,-0.2217,-4.3235,-2.8234,0
-0.53425,-0.57335,-0.16764,7.282,-2.9241,0
-0.24933,-0.16296,0.044732,2.2757,-3.3556,0
0.7004,0.17048,0.11681,-8.192,-2.6796,0
0.035589,-0.034715,0.042157,-0.9101,-3.557,0
-1.579,-0.62465,-0.019623,7.9647,-2.8234,0
-1.7689,-1.4454,0.092354,-0.9101,-3.557,0
-1.294,-2.0097,0.30987,-7.9645,-3.4131,0
-0.7242,-2.4201,0.3768,2.0482,-3.1399,0
-0.62923,-2.6509,0.24423,6.8269,-3.7296,0
-1.294,-2.8818,0.12324,-4.3235,-2.8378,0
-2.8136,-3.2922,0.13611,-6.3715,-3.9597,0
-1.579,-3.8821,0.1979,6.5994,-3.8015,0
0.51046,-4.036,0.16314,4.5513,-5.1823,0
1.6501,-4.6516,0.075622,-6.5991,-5.9734,0
1.5552,-5.2672,0.035722,-3.8684,-5.5419,0
1.9351,-5.498,0.092354,7.7372,-5.8296,0
2.03,-5.3954,0.20562,2.5033,-4.4488,0
1.3652,-5.1902,0.28413,-9.1023,-5.3549,0
1.2702,-4.9337,0.35621,-0.9101,-5.2686,0
0.51046,-5.0107,0.4064,7.7372,-5.7145,0
-0.059385,-4.4464,0.41026,-1.8203,-5.9015,0
0.51046,-3.3948,0.4064,-7.9645,-4.3912,0
-0.059385,-2.3431,0.3472,2.7309,-4.1611,0
-1.6739,-1.2146,0.26997,5.9167,-2.1186,0
-1.484,0.35002,0.15156,-5.4613,-1.457,0
-1.389,1.2221,0.035722,-6.5991,-0.14811,0
-1.579,1.6581,-0.071106,6.5994,1.3334,0
-1.7689,1.4016,-0.12002,2.9584,1.6498,0
-1.1041,0.86301,-0.059523,-7.7369,3.1601,0
-0.62923,1.0169,0.056315,-2.7306,2.2683,0
-0.53425,1.812,0.12711,7.282,2.4409,0
-0.7242,2.1968,0.14126,0.00013542,1.4197,0
-1.1041,1.9916,0.21205,-7.7369,0.49914,0
-2.8136,1.4529,0.26354,2.0482,0.49914,0
-3.0036,1.0682,0.14641,7.5096,-0.78098,0
-1.389,1.6838,0.039583,-2.7306,-0.19126,0
-0.34431,2.1711,0.11938,-6.8267,-1.5433,0
0.22554,2.0429,0.25581,4.7789,-1.6728,0
-0.43928,1.8633,0.29958,4.7789,-2.2337,0
-0.7242,0.96561,0.33433,-6.5991,-2.9385,0
-0.34431,0.11918,0.37809,-4.5511,-2.0755,0
0.51046,-0.13731,0.42828,7.5096,-2.4495,0
1.0803,-0.599,0.47848,2.5033,-1.0399,0
1.5552,-0.95809,0.43472,-8.192,-0.92482,0
1.5552,-0.11166,0.30086,-0.9101,-0.29195,0
1.5552,1.1195,0.15671,7.7372,0.39846,0
0.51046,1.5299,0.048593,-1.1377,0.15394,0
-0.91415,1.6581,-0.041503,-8.192,1.3478,0
-0.62923,1.8633,-0.14833,3.186,0.80119,0
0.035589,2.0942,-0.24615,6.3718,1.6498,0
-0.62923,2.4533,-0.2217,-4.5511,1.6067,0
-0.53425,2.402,-0.11358,-5.6889,1.4772,0
-1.0091,2.7098,-0.095561,5.234,1.9375,0
-1.6739,3.1971,-0.19338,5.0064,0.57106,0
-1.294,3.2227,-0.2912,-7.2818,0.88749,0
-0.15436,2.8637,-0.37357,-4.3235,-0.37825,0
-1.1041,2.6841,-0.40318,7.282,-0.40701,0
-2.1488,2.8893,-0.40446,0.91037,-0.52208,0
-1.1991,2.6328,-0.40575,-8.6471,-1.2556,0
-0.7242,2.1198,-0.42763,-0.22742,-0.55085,0
-0.7242,2.3763,-0.44951,7.9647,-1.6728,0
-0.34431,1.9403,-0.38773,-3.1857,-1.1262,0
0.89035,0.50392,-0.23071,-7.7369,-1.7159,0
1.3652,-1.0094,-0.12002,3.6411,-2.0755,0
0.98533,-1.9584,-0.11229,6.1442,-1.7303,0
-0.34431,-1.5993,-0.12774,-6.3715,-2.3919,0
-0.7242,-0.7016,-0.102,-5.9164,-1.1981,0
-0.7242,-0.23991,-0.067245,6.5994,-1.7015,0
-0.7242,-0.6503,-0.078829,3.4135,-1.2413,0
-0.62923,-0.67595,-0.11101,-8.4196,-1.1693,0
-0.53425,-0.599,-0.12774,-2.2755,-1.7015,0
-0.7242,-0.3938,-0.10972,7.282,-0.82413,0
-0.24933,-0.034715,-0.013187,0.45525,-1.5865,0
0.13056,0.14483,0.13869,-7.7369,-0.62276,0
-0.62923,0.88866,0.19275,3.186,-1.0255,0
-1.8639,2.0172,0.10265,7.0545,-0.83852,0
-1.7689,2.5559,-0.0080391,-4.3235,-0.49331,0
-0.7242,1.9916,-0.092987,-7.0542,-1.3276,0
-0.15436,1.3503,-0.11487,5.234,-0.55085,0
-1.389,1.0169,-0.10457,4.3238,-1.4858,0
-1.7689,1.7094,-0.098135,-5.6889,-1.0543,0
-0.81917,1.6838,-0.069819,-3.8684,-1.3995,0
0.035589,1.2734,-0.024771,7.7372,-1.7734,0
-0.059385,0.22178,-0.010613,1.5931,-1.27,0
-0.15436,-0.4964,-0.063384,-8.6471,-2.0899,0
-1.6739,-0.62465,-0.12259,0.2277,-1.0399,0
-1.7689,-0.62465,-0.15863,7.7372,-1.6584,0
-0.34431,-0.11166,-0.18437,-2.9581,-1.2125,0
0.32051,0.067882,-0.19338,-8.192,-1.155,0
0.60543,0.45262,-0.19595,4.7789,-1.7591,0
0.035589,0.58087,-0.23972,6.3718,-0.86728,0
0.51046,0.17048,-0.34526,-5.9164,-1.5289,0
1.2702,-0.599,-0.44951,-6.144,-0.43578,0
2.03,-1.3685,-0.46238,6.1442,-0.6803,0
1.8401,-2.4201,-0.40704,3.6411,-0.43578,0
1.2702,-3.2152,-0.37486,-7.2818,-0.076195,0
0.7004,-2.9844,-0.38258,-2.9581,-0.73783,0
0.98533,-1.1633,-0.38773,7.9647,-0.061812,0
0.98533,0.63217,-0.42763,0.00013542,-1.1693,0
0.7004,1.7351,-0.55634,-7.7369,-0.69468,0
1.1753,2.1711,-0.65287,2.0482,-1.1262,0
1.3652,1.7607,-0.68505,7.0545,-1.2556,0
0.13056,1.5042,-0.68119,-2.7306,-0.60838,0
-0.34431,1.2221,-0.66317,-8.192,-1.5289,0
-0.24933,0.19613,-0.60267,5.4616,-0.65153,0
0.89035,-0.4964,-0.47397,4.7789,-1.5433,0
1.7451,-0.80419,-0.37229,-6.8267,-1.2269,0
1.6501,-0.95809,-0.28862,-5.4613,-1.3707,0
1.2702,-1.2402,-0.14833,7.0545,-2.1618,0
0.98533,-2.2662,-0.010613,3.186,-1.4858,0
1.0803,-3.1126,0.087205,-7.2818,-2.4063,0
1.1753,-2.9844,0.19146,-1.5928,-1.2988,0
-0.7242,-2.9587,0.26354,7.0545,-1.27,0
-0.53425,-3.7282,0.27126,-0.68254,-0.8529,0
0.32051,-3.5487,0.22235,-7.2818,-0.033045,0
0.41548,-2.5483,0.18889,2.0482,-0.49331,0
-0.53425,-2.1636,0.15671,6.1442,0.45599,0
-0.62923,-2.3688,0.17344,-4.7786,-0.52208,0
0.79538,-2.7792,0.23393,-7.0542,-0.4214,0
0.98533,-3.2152,0.30215,5.9167,-0.80975,0
1.2702,-3.2409,0.37551,4.5513,-1.4426,0
1.3652,-3.1383,0.42442,-7.5093,-0.86728,0
1.6501,-2.6509,0.44888,-4.3235,-1.6584,0
0.79538,-1.8302,0.50808,7.282,-0.69468,0
-0.24933,-1.4967,0.51581,2.2757,-1.3851,0
-0.059385,-1.3941,0.41026,-7.5093,-1.5002,0
0.41548,-0.72725,0.3073,-1.1377,-1.8597,0
0.51046,-0.034715,0.3266,7.5096,-3.2262,0
-0.53425,0.14483,0.35106,-1.3652,-2.8234,0
-1.389,0.65782,0.30344,-8.4196,-3.6145,0
-0.62923,1.1708,0.19661,2.5033,-2.3488,0
0.51046,1.3503,0.092354,7.282,-1.9892,0
1.2702,1.376,0.088493,-3.6408,-1.9029,0
1.8401,2.3507,0.13998,-6.5991,-1.3419,0
1.9351,3.1971,0.13354,5.4616,-2.4063,0
0.7004,3.6844,0.046019,3.6411,-1.7159,0
-0.62923,4.2744,-0.077542,-7.2818,-2.2625,0
-1.579,4.2231,-0.13804,-3.6408,-1.3419,0
-2.0538,3.6075,-0.085264,7.282,-0.53646,0
-2.2438,1.9916,0.085918,0.91037,-0.20565,0
-1.579,-0.29121,0.28156,-8.8747,0.95941,0
-0.15436,-2.0097,0.39997,0.00013542,0.15394,0
-0.81917,-2.5996,0.37165,7.0545,0.72928,0
-1.9589,-2.497,0.26096,-2.7306,-0.32071,0
-2.9086,-2.061,0.11037,-7.2818,-0.52208,0
-2.0538,-1.625,0.00097052,4.3238,-0.47893,0
-1.1041,-1.625,-0.049226,5.0064,-0.95358,0
-0.91415,-1.1376,0.015128,-6.8267,0.18271,0
-0.24933,0.14483,0.13869,-6.5991,-0.39263,0
0.22554,0.88866,0.26482,5.6891,0.52791,0
-0.059385,0.76041,0.36779,3.4135,0.32654,0
-0.15436,0.68346,0.42442,-7.2818,0.34092,0
0.41548,0.60652,0.40769,-3.8684,0.81558,0
-0.059385,1.2477,0.32274,7.7372,0.16832,0
0.22554,2.4276,0.19918,1.5931,1.3334,0
-0.43928,4.0948,0.079483,-7.9645,0.74366,0
-0.53425,5.4799,-0.047939,0.00013542,1.4772,0
0.60543,5.7364,-0.14704,7.0545,1.4053,0
-0.34431,5.6338,-0.1316,-1.3652,1.0026,0
-1.294,5.3773,-0.072394,-6.8267,1.5491,0
-0.24933,4.7361,-0.11615,3.8687,0.49914,0
1.1753,3.787,-0.14833,5.6891,1.2902,0
0.79538,3.6331,-0.17665,-5.2337,0.45599,0
-0.43928,3.5562,-0.22041,-5.2337,0.71489,0
-1.294,3.5562,-0.23714,6.1442,0.82996,0
-0.91415,2.8637,-0.17665,3.186,0.35531,0
-0.059385,2.402,-0.10457,-7.2818,1.2615,0
0.98533,2.1968,-0.067245,-2.9581,0.34092,0
0.79538,2.0429,-0.0119,7.7372,1.0169,0
-0.53425,1.8377,0.098789,1.5931,0.65736,0
-1.6739,1.5812,0.25581,-7.5093,0.59983,0
-1.579,0.93996,0.37037,0.00013542,1.5204,0
-0.43928,0.47827,0.39353,7.282,1.3334,0
1.1753,0.88866,0.37294,-1.3652,2.9156,0
0.51046,1.5555,0.38581,-7.9645,2.6423,0
-1.294,1.6325,0.41927,3.6411,3.1457,0
-1.579,1.7607,0.39611,6.5994,3.1313,0
-0.34431,2.2994,0.27255,-4.7786,2.4553,0
0.98533,2.5815,0.24552,-6.8267,3.0594,0
0.79538,1.812,0.32789,5.6891,2.2539,0
-1.0091,0.067882,0.42571,4.3238,3.0594,0
-2.5287,-1.7276,0.5467,-6.8267,2.6279,0
-1.7689,-2.5227,0.71659,-3.8684,2.7861,0
-0.24933,-3.4974,0.81827,7.282,3.2032,0
-0.53425,-4.8824,0.71016,0.45525,2.3834,0
-1.1041,-5.4724,0.61234,-8.8747,2.9443,0
0.13056,-5.575,0.62778,-0.45498,1.7505,0
0.41548,-5.1133,0.66897,7.7372,1.9087,0
-0.43928,-3.9591,0.63293,-3.1857,1.4916,0
-0.91415,-3.4461,0.52739,-9.1023,1.0026,0
-1.7689,-3.4717,0.3871,2.5033,1.6354,0
-1.7689,-3.4974,0.29057,6.3718,0.77243,0
-0.7242,-3.4461,0.21591,-5.0062,1.7793,0
0.60543,-1.9328,0.19918,-7.2818,1.4916,0
1.3652,-0.67595,0.19146,6.1442,1.9231,0
-0.53425,-0.7016,0.18631,4.3238,2.1388,0
-2.2438,-1.5737,0.22106,-7.2818,1.3046,0
-1.294,-2.0867,0.29314,-4.0959,1.8224,0
-0.81917,-1.548,0.2674,8.4198,0.59983,0
-0.7242,-1.2146,0.13354,1.3655,1.2615,0
-0.15436,-0.98374,0.022851,-8.8747,1.1608,0
-0.24933,-0.26556,-0.062097,-0.45498,1.4197,0
-1.0091,0.067882,-0.15348,7.282,2.3258,0
-0.91415,0.37567,-0.24744,-2.7306,1.7361,0
-0.62923,0.17048,-0.3208,-7.2818,2.6279,0
-0.7242,-0.31686,-0.25387,4.5513,1.7217,0
0.13056,-0.16296,-0.1213,6.3718,2.0382,0
1.5552,0.63217,-0.10714,-5.9164,1.9087,0
2.22,0.24743,-0.14447,-5.9164,1.3334,0
1.5552,0.093531,-0.13417,6.5994,1.9375,0
0.22554,1.2221,-0.18694,4.5513,1.0313,0
0.51046,2.5046,-0.28862,-7.7369,1.8368,0
0.41548,2.9919,-0.32209,-2.9581,1.4916,0
-0.62923,3.351,-0.30021,7.7372,1.8943,0
-1.1041,3.4536,-0.30664,0.2277,2.4841,0
-0.15436,3.2484,-0.371,-8.4196,2.1245,0
0.7004,3.0945,-0.46496,0.2277,3.2751,0
0.98533,3.0945,-0.4701,7.7372,2.5272,0
1.1753,2.838,-0.35555,-1.5928,3.0306,0
1.6501,2.4533,-0.30536,-7.5093,2.671,0
1.1753,2.1455,-0.37357,4.0962,2.0382,0
0.89035,2.1198,-0.51258,5.6891,2.4409,0
0.89035,2.3763,-0.63228,-5.4613,1.4916,0
0.41548,2.6072,-0.60525,-6.5991,2.4553,0
-0.24933,2.4276,-0.49842,6.8269,1.8512,0
-0.24933,2.2994,-0.39803,3.4135,2.1245,0
-0.15436,2.4789,-0.34268,-8.6471,1.8224,0
-0.91415,2.1711,-0.36842,-1.5928,0.70051,0
0.035589,1.9403,-0.45852,7.0545,0.95941,0
-0.34431,1.376,-0.49842,-0.9101,-0.10496,0
-0.34431,0.42697,-0.48555,-8.4196,0.70051,0
-0.24933,0.067882,-0.49327,2.0482,0.45599,0
0.035589,0.35002,-0.4701,7.0545,0.45599,0
-1.0091,0.29873,-0.44436,-4.5511,0.87311,0
-2.3388,0.45262,-0.36328,-7.7369,0.12517,0
-0.53425,0.58087,-0.27189,4.5513,1.1032,0
1.0803,0.55522,-0.27447,5.6891,0.55667,0
0.79538,1.2734,-0.33625,-6.5991,1.319,0
-0.059385,1.0682,-0.34783,-4.0959,1.4484,0
0.035589,0.016583,-0.32209,6.3718,1.1176,0
-0.15436,-0.4964,-0.31951,1.3655,1.7649,0
0.32051,-0.31686,-0.36328,-8.192,0.87311,0
0.22554,-0.23991,-0.41347,0.2277,1.5635,0
1.3652,0.19613,-0.43921,7.282,0.90188,0
0.79538,0.99126,-0.44565,-2.0479,0.93064,0
-0.15436,1.5299,-0.47911,-7.0542,1.2615,0
-0.62923,1.3247,-0.5306,4.7789,0.70051,0
-0.34431,0.88866,-0.49456,5.6891,1.6786,0
-0.7242,0.19613,-0.31694,-5.6889,0.70051,0
-0.7242,-0.11166,-0.2011,-5.4613,1.2758,0
-0.53425,-0.599,-0.20754,7.0545,0.88749,0
-1.484,-1.1633,-0.21397,3.186,0.87311,0
-2.6237,-1.8558,-0.10843,-7.9645,1.693,0
-1.7689,-2.4201,0.051167,-1.8203,1.2471,0
0.32051,-3.7282,0.21591,8.4198,2.6423,0
1.2702,-5.0107,0.38581,-0.22742,1.9662,0
-0.059385,-5.6519,0.47333,-7.7369,2.4409,0
-0.34431,-6.3701,0.54412,2.5033,2.2252,0
-1.389,-6.7292,0.59947,6.8269,1.5204,0
-2.5287,-6.0879,0.64194,-4.3235,2.0957,0
-1.294,-5.9084,0.68828,-7.5093,0.93064,0
-0.7242,-5.5237,0.71917,5.0064,1.693,0
-0.34431,-5.1902,0.73075,5.0064,0.81558,0
0.79538,-5.3698,0.76679,-7.2818,0.88749,0
1.6501,-4.6003,0.83243,-4.3235,0.85873,0
0.7004,-3.6,0.80411,7.0545,0.010105,0
-0.15436,-3.1383,0.76936,1.5931,0.62859,0
-0.24933,-3.0613,0.75649,-8.4196,-0.45016,0
-0.059385,-3.0613,0.7552,-0.45498,0.29777,0
-0.43928,-3.0357,0.7552,6.5994,-0.061812,0
-0.91415,-3.0613,0.75649,-1.3652,0.053256,0
-1.1991,-3.01,0.75649,-7.2818,0.72928,0
0.41548,-3.0613,0.78609,3.186,0.29777,0
1.4602,-2.6509,0.82085,5.9167,1.3621,0
0.98533,-2.1123,0.86847,-5.4613,0.65736,0
-0.15436,-2.3175,0.86075,-5.6889,1.2327,0
-0.43928,-3.4461,0.79897,6.1442,1.1176,0
-0.43928,-4.3438,0.83243,4.0962,0.84434,0
-0.7242,-4.2668,0.94312,-7.9645,1.5491,0
-0.62923,-2.9074,0.97272,-4.0959,0.68613,0
-0.24933,-1.5737,0.85817,7.282,1.4916,0
0.035589,-1.0863,0.7063,2.5033,0.68613,0
-0.62923,-0.77854,0.64194,-8.4196,0.82996,0
-1.7689,-0.034715,0.61749,0.2277,0.68613,0
-2.2438,0.50392,0.56858,6.8269,-0.047428,0
-2.1488,0.65782,0.53769,-2.2755,0.65736,0
-1.6739,0.19613,0.57115,-6.3715,-0.3351,0
0.035589,-0.4964,0.64451,4.7789,0.35531,0
0.22554,-0.47075,0.66897,5.9167,-0.047428,0
-1.1991,-0.7016,0.55699,-5.9164,-0.26318,0
-1.1041,-0.95809,0.39611,-5.2337,0.28339,0
-1.6739,-0.77854,0.24809,6.8269,-0.594,0
-1.579,-0.4451,0.14641,2.7309,0.41284,0
-0.91415,0.40132,-0.019623,-7.7369,-0.3351,0
-0.34431,0.88866,-0.28991,-0.9101,0.22586,0
0.32051,1.2734,-0.52674,8.4198,0.42722,0
0.98533,0.91431,-0.72237,-1.1377,0.11079,0
1.6501,1.812,-0.95534,-8.6471,0.91626,0
1.0803,3.1458,-1.2346,3.6411,0.053256,0
1.2702,3.1458,-1.4624,5.9167,0.85873,0
0.22554,2.5559,-1.743,-5.4613,0.22586,0
-0.15436,2.2994,-2.1266,-5.9164,0.19709,0
-1.0091,2.2737,-2.4728,5.9167,0.34092,0
-1.1041,1.812,-2.6569,3.4135,-0.5077,0
0.79538,0.81171,-2.765,-8.192,0.34092,0
2.315,-0.13731,-2.9452,-2.9581,-0.3351,0
1.0803,-0.26556,-3.1511,7.5096,0.47037,0
0.13056,-0.23991,-3.3159,0.00013542,0.34092,0
0.32051,-0.4451,-3.4755,-8.6471,0.13956,0
0.13056,-0.72725,-3.6479,1.5931,0.62859,0
0.41548,-1.1889,-3.7882,7.0545,-0.17688,0
0.79538,-2.138,-3.9697,-4.0959,0.68613,0
1.1753,-2.9844,-4.2014,-7.5093,-0.018661,0
1.9351,-3.4717,-4.3777,4.5513,0.45599,0
2.315,-3.2922,-4.4678,4.3238,0.39846,0
2.315,-3.1126,-4.4961,-6.144,-0.090578,0
2.125,-3.4974,-4.4832,-4.5511,0.58544,0
1.9351,-3.3948,-4.5914,6.3718,-0.36386,0
1.5552,-3.3435,-4.7085,2.9584,0.44161,0
1.7451,-3.2665,-4.7728,-7.9645,-0.10496,0
0.60543,-3.3691,-4.7999,-2.0479,0.010105,0
-0.15436,-3.9078,-4.7239,7.7372,0.44161,0
-0.53425,-4.4977,-4.5733,0.2277,-0.29195,0
-0.059385,-5.0876,-4.4215,-7.9645,0.64298,0
1.2702,-5.4467,-4.1911,1.3655,-0.30633,0
0.60543,-5.1133,-3.8925,7.282,0.29777,0
0.13056,-4.1129,-3.6222,-3.6408,0.24024,0
0.22554,-3.6256,-3.4034,-7.2818,-0.033045,0
0.13056,-3.2152,-3.2026,6.1442,0.72928,0
1.6501,-2.8818,-2.9645,4.7789,-0.033045,0
2.125,-1.5993,-2.774,-6.144,1.0026,0
2.03,-0.41945,-2.6569,-4.7786,0.44161,0
1.0803,-0.4964,-2.4149,6.8269,0.80119,0
0.60543,-0.88114,-2.0867,2.5033,1.0601,0
0.035589,-0.52205,-1.837,-7.5093,0.39846,0
0.32051,-0.93244,-1.7044,-1.1377,1.2327,0
-0.24933,-1.0607,-1.6684,7.9647,0.39846,0
-0.81917,-1.2915,-1.6529,-1.1377,0.94503,0
-1.389,-0.52205,-1.6362,-7.9645,0.68613,0
-0.7242,1.1965,-1.5976,1.8206,0.34092,0
0.89035,2.4789,-1.429,6.8269,0.84434,0
1.1753,2.9919,-1.1471,-3.8684,-0.20565,0
0.035589,3.2997,-0.81118,-6.144,0.71489,0
-0.24933,3.4536,-0.47139,5.234,-0.13373,0
0.41548,3.274,-0.045365,3.6411,0.29777,0
0.41548,3.5305,0.44502,-7.7369,0.39846,0
-1.0091,3.8383,0.95856,-4.3235,-0.061812,0
-2.6237,3.4792,1.4747,6.8269,0.75804,0
-1.6739,3.1714,2.0127,1.1379,-0.10496,0
-0.43928,3.787,2.5983,-8.192,0.65736,0
-0.34431,5.4029,3.2779,0.00013542,0.34092,0
-0.15436,6.6597,3.9704,7.9647,0.16832,0
0.79538,6.711,4.5534,-2.2755,0.68613,0
1.7451,6.5059,5.0451,-8.4196,-0.2488,0
1.5552,6.352,5.5406,4.0962,0.54229,0
0.13056,6.4033,6.0516,6.3718,-0.55085,0
-0.15436,6.4546,6.5124,-6.3715,-0.19126,0
-0.34431,6.6597,6.874,-5.6889,-0.36386,0
-0.7242,6.5315,7.1804,7.0545,-0.88167,0
0.32051,6.711,7.4712,3.186,-0.30633,0
0.32051,6.711,7.7196,-6.3715,-1.1693,0
-0.15436,6.5571,7.8393,-2.7306,-0.3351,0
-0.43928,6.4289,7.7956,7.282,-0.78098,0
-1.0091,6.6341,7.7621,0.91037,-0.53646,0
-1.1041,6.5059,7.7763,-8.6471,-0.23441,0
-0.15436,5.7364,7.6707,1.5931,-0.6803,0
-0.43928,5.0695,7.4185,7.9647,0.26901,0
-0.91415,4.3257,7.1173,-2.9581,-0.49331,0
-1.6739,4.0179,6.8727,-6.8267,0.25462,0
-1.7689,3.7101,6.6243,4.7789,-0.076195,0
-1.294,3.5305,6.4055,5.4616,-0.033045,0
-1.389,3.7614,6.1803,-6.144,0.39846,0
-0.91415,3.4279,5.8637,-3.8684,-0.34948,0
-0.15436,2.915,5.4544,7.282,0.47037,0
0.22554,2.4533,5.0438,2.2757,-0.45016,0
-0.15436,2.2737,4.7091,-8.6471,0.082022,0
0.22554,2.2481,4.3565,-0.9101,-0.033045,0
0.035589,2.2737,4.0386,7.5096,-0.20565,0
0.60543,2.4533,3.8249,-1.1377,0.39846,0
0.13056,2.4276,3.5971,-7.9645,-0.46455,0
-1.294,2.1198,3.3487,2.9584,0.57106,0
-1.294,1.8633,3.09,5.9167,-0.1625,0
-0.62923,2.1198,2.8171,-6.144,0.38407,0
-1.579,1.7351,2.5185,-5.9164,0.41284,0
-1.7689,1.9146,2.2392,6.5994,-0.14811,0
-0.53425,2.4276,2.041,2.7309,0.52791,0
1.1753,2.1711,1.8724,-8.6471,-0.40701,0
1.4602,2.3507,1.5944,-2.0479,0.34092,0
1.7451,2.6072,1.2585,7.9647,-0.14811,0
1.4602,2.838,0.98302,0.91037,-0.047428,0
1.3652,2.6072,0.76035,-7.7369,0.34092,0
-0.059385,1.4786,0.52996,0.45525,-0.40701,0
0.13056,0.52957,0.34848,6.5994,0.57106,0
0.89035,-0.34251,0.20176,-3.4133,-0.36386,0
-0.81917,-1.3685,0.056315,-8.6471,0.13956,0
-1.8639,-1.9328,-0.12002,4.0962,-0.10496,0
-0.53425,-2.2406,-0.27447,5.6891,-0.57961,0
-0.7242,-1.8302,-0.35427,-5.6889,0.096406,0
-1.7689,-1.9841,-0.38902,-5.2337,-0.91043,0
-1.8639,-2.8305,-0.45723,6.8269,-0.076195,0
-1.1041,-3.3435,-0.52802,3.4135,-0.6803,0
-1.1041,-3.2409,-0.62584,-7.9645,-0.52208,0
-1.579,-3.3691,-0.71851,-2.2755,-0.19126,0
-0.34431,-2.9844,-0.75198,7.282,-0.92482,0
0.79538,-2.9587,-0.72366,0.2277,-0.11935,0
-0.15436,-3.01,-0.73524,-7.5093,-1.0399,0
-0.62923,-2.6509,-0.84851,2.0482,-0.40701,0
-1.0091,-2.2919,-0.97078,7.5096,-0.86728,0
-1.579,-1.7789,-1.0519,-3.6408,-1.0687,0
-0.53425,-1.0607,-1.1355,-7.2818,-0.60838,0
-0.15436,-0.18861,-1.2192,4.7789,-1.5002,0
-2.0538,0.17048,-1.281,6.1442,-0.6803,0
-2.0538,0.22178,-1.2771,-5.4613,-1.5002,0
-0.34431,0.47827,-1.3183,-4.7786,-1.2413,0
0.51046,1.299,-1.42,6.8269,-1.4282,0
0.51046,2.4533,-1.6015,3.6411,-2.0611,0
-0.43928,3.6588,-1.7765,-7.7369,-1.4282,0
-0.43928,3.7614,-1.8177,-3.1857,-2.4638,0
-0.24933,2.8893,-1.7636,6.8269,-1.6728,0
0.60543,2.1968,-1.6825,0.00013542,-2.1906,0
0.13056,1.6325,-1.6169,-8.4196,-2.0899,0
-1.0091,1.5042,-1.5706,2.0482,-1.6728,0
-0.43928,1.1965,-1.5834,7.5096,-2.32,0
1.1753,1.0682,-1.7083,-3.8684,-1.2844,0
1.1753,0.99126,-1.7495,-7.5093,-2.133,0
0.7004,0.60652,-1.7186,4.7789,-1.3563,0
-0.34431,-0.5477,-1.7417,5.4616,-1.5002,0
-0.7242,-1.7019,-1.7816,-6.8267,-1.6296,0
-0.53425,-2.3688,-1.7623,-4.5511,-0.92482,0
-0.62923,-3.2665,-1.6272,6.5994,-1.6008,0
-0.24933,-3.3691,-1.4959,2.7309,-0.52208,0
-0.15436,-2.9587,-1.4238,-7.7369,-1.155,0
0.13056,-2.7792,-1.3801,-2.9581,-0.72345,0
0.32051,-2.8818,-1.353,7.0545,-0.52208,0
-0.15436,-3.2409,-1.3041,-0.45498,-1.0399,0
0.32051,-3.2152,-1.272,-8.4196,-0.1625,0
-0.15436,-3.1383,-1.2887,2.5033,-1.083,0
-0.43928,-3.2922,-1.263,7.282,-0.2488,0
0.51046,-3.4204,-1.2192,-4.5511,-0.27756,0
0.035589,-3.9334,-1.2308,-6.5991,-0.076195,0
0.32051,-3.8052,-1.2913,5.4616,0.57106,0
0.7004,-3.1383,-1.326,4.3238,-0.11935,0
0.51046,-2.5483,-1.3466,-7.5093,0.71489,0
0.32051,-2.0097,-1.308,-3.1857,-0.061812,0
1.2702,-2.2406,-1.2501,8.875,0.44161,0
0.79538,-2.3688,-1.2771,2.5033,0.67174,0
-0.62923,-2.0354,-1.3466,-7.5093,0.41284,0
-1.8639,-1.6506,-1.411,0.68281,1.4484,0
-1.8639,-1.4967,-1.402,7.9647,0.85873,0
-1.0091,-1.1889,-1.3633,-2.2755,1.9519,0
-0.53425,-1.4711,-1.3646,-7.5093,1.8224,0
0.13056,-1.4967,-1.3826,3.6411,2.4409,0
-0.34431,-1.4711,-1.3865,5.9167,3.0162,0
-0.7242,-1.6506,-1.3929,-5.4613,2.6279,0
-0.7242,-1.5737,-1.3736,-5.2337,3.7929,0
-1.1041,-1.2915,-1.3299,6.5994,3.0594,0
-1.1041,-1.0863,-1.2951,2.9584,3.7929,0
-0.91415,-0.77854,-1.2887,-8.192,3.4477,0
-0.62923,-0.3938,-1.272,-2.0479,3.1888,0
-0.7242,-0.62465,-1.2231,8.4198,3.6491,0
-0.53425,-0.4964,-1.1909,0.2277,2.743,0
-0.53425,0.14483,-1.2025,-7.9645,3.606,0
-0.81917,1.1452,-1.2385,0.2277,2.6567,0
-1.389,1.7094,-1.2488,7.5096,2.858,0
-1.0091,1.1965,-1.2115,-2.503,2.6567,0
-0.43928,0.76041,-1.1368,-8.4196,1.995,0
0.79538,0.47827,-1.0879,4.5513,2.5991,0
0.98533,0.016583,-1.0493,5.9167,1.6642,0
0.41548,-0.3938,-1.0171,-6.144,2.5416,0
0.60543,-0.599,-0.97336,-5.4613,2.182,0
1.0803,-0.75289,-0.92831,5.9167,2.4409,0
1.2702,-1.1889,-0.90771,3.186,2.8724,0
-0.62923,-1.5993,-0.91286,-7.5093,2.2395,0
-1.6739,-1.3172,-0.90643,-2.9581,3.0738,0
-1.7689,-1.112,-0.89098,7.7372,2.0669,0
-0.62923,-1.2402,-0.88583,0.00013542,2.5128,0
0.13056,-1.3685,-0.87811,-8.4196,2.182,0
0.32051,-1.0094,-0.88069,1.3655,1.8799,0
0.035589,-1.3428,-0.83564,7.282,2.4553,0
-1.1041,-2.1893,-0.75326,-3.1857,1.5635,0
-2.7186,-2.1636,-0.67604,-7.0542,2.4409,0
-3.2885,-1.035,-0.65287,4.5513,1.6354,0
-1.9589,-0.34251,-0.66059,5.4616,1.808,0
-0.34431,-0.4451,-0.59366,-5.6889,1.7217,0
0.13056,-0.75289,-0.51129,-5.0062,0.77243,0
0.79538,-1.4967,-0.44436,7.0545,1.2615,0
1.7451,-1.548,-0.34783,2.7309,0.010105,0
0.7004,-1.2402,-0.30536,-7.9645,0.48476,0
0.22554,-1.0607,-0.3311,-0.9101,-0.004278,0
0.51046,-1.0094,-0.38644,8.1923,-0.26318,0
0.51046,-1.035,-0.40575,-0.68254,0.24024,0
-0.24933,-0.57335,-0.40446,-7.9645,-0.7666,0
-0.24933,-0.26556,-0.35169,0.45525,-0.13373,0
0.89035,-0.41945,-0.27961,7.7372,-1.457,0
0.89035,-0.85549,-0.21397,-3.1857,-1.4714,0
-1.6739,-1.2402,-0.14962,-7.2818,-2.0611,0
-2.4337,-0.93244,-0.11101,4.5513,-2.9097,0
-1.8639,-0.88114,-0.050513,4.7789,-2.6221,0
-1.579,-0.75289,0.0099801,-6.8267,-3.8015,0
-0.7242,0.016583,0.013841,-5.0062,-3.2549,0
0.41548,1.1452,-0.056948,6.5994,-3.9597,0
0.7004,1.9659,-0.098135,2.9584,-4.233,0
0.41548,1.812,-0.056948,-7.7369,-4.233,0
0.22554,0.83736,-0.022197,-1.3652,-5.3405,0
0.89035,0.14483,-0.0028907,7.7372,-4.9666,0
1.8401,0.042233,0.016416,-0.22742,-6.2754,0
1.6501,0.11918,-0.0041778,-7.2818,-6.0597,0
0.79538,0.45262,-0.055661,1.8206,-6.4624,0
1.8401,0.73476,-0.10457,6.3718,-6.7789,0
1.4602,0.93996,-0.17021,-4.0959,-6.1172,0
0.22554,1.1965,-0.23071,-7.7369,-6.8652,0
-0.24933,1.6325,-0.28219,5.6891,-6.1028,0
-0.15436,1.3503,-0.25645,3.8687,-7.0521,0
0.13056,0.91431,-0.19724,-6.8267,-6.9658,0
-0.34431,0.22178,-0.15734,-3.6408,-7.2535,0
-0.34431,-0.36816,-0.14962,6.3718,-8.1165,0
0.035589,-0.4964,-0.1612,1.1379,-7.7138,0
-0.059385,-0.62465,-0.18437,-7.9645,-8.8357,0
0.41548,0.067882,-0.18051,-0.22742,-8.1165,0
1.2702,0.52957,-0.15605,7.0545,-8.4186,0
1.4602,0.60652,-0.13031,-0.9101,-8.361,0
-0.34431,0.83736,-0.14061,-8.192,-7.8576,0
-1.7689,1.2221,-0.11615,2.7309,-8.548,0
-1.8639,1.1708,-0.014475,6.5994,-7.5556,0
-0.7242,0.35002,0.074335,-5.2337,-8.3754,0
0.22554,-0.29121,0.083344,-6.144,-7.685,0
0.13056,-0.52205,0.016416,6.1442,-7.872,0
0.7004,-0.88114,0.0099801,3.8687,-8.0446,0
1.3652,-1.3428,0.12196,-7.7369,-7.4549,0
0.035589,-1.9071,0.20562,-2.2755,-8.059,0
0.13056,-1.7789,0.25195,7.5096,-7.009,0
1.1753,-1.2659,0.29443,0.91037,-7.5268,0
0.7004,-1.0863,0.27255,-7.7369,-6.7357,0
0.13056,-1.0094,0.19532,0.45525,-6.448,0
0.60543,-1.4198,0.18116,7.0545,-6.5343,0
2.03,-1.5224,0.19146,-2.0479,-5.657,0
1.6501,-0.72725,0.20562,-7.7369,-6.5056,0
0.13056,-0.31686,0.20562,3.4135,-5.6857,0
-0.24933,-0.4451,0.18889,5.9167,-6.5487,0
0.60543,-0.57335,0.17988,-5.9164,-6.6926,0
0.60543,-0.599,0.19918,-5.6889,-6.7357,0
0.41548,-0.62465,0.24552,5.234,-7.5843,0
1.7451,-0.36816,0.28156,2.9584,-6.7069,0
1.0803,-0.21426,0.28542,-7.9645,-7.4117,0
-0.43928,-0.41945,0.27126,-2.503,-6.5343,0
0.22554,-0.5477,0.27641,6.5994,-6.7069,0
-0.059385,-0.16296,0.26482,-0.9101,-6.9371,0
-1.1041,0.55522,0.23007,-9.3298,-6.52,0
-1.1991,1.376,0.17215,1.5931,-7.4693,0
-1.9589,1.5555,0.16314,7.0545,-6.6926,0
-1.579,1.9146,0.22364,-4.3235,-7.5124,0
0.32051,2.402,0.25581,-7.7369,-7.196,0
0.13056,2.6328,0.26096,4.5513,-7.1384,0
-1.389,2.6328,0.25968,4.7789,-7.5843,0
-1.7689,2.6841,0.25839,-6.5991,-6.6638,0
-0.81917,2.8893,0.20562,-5.4613,-7.3542,0
0.60543,3.5305,0.12453,6.8269,-6.4337,0
0.7004,3.864,0.085918,2.7309,-6.5919,0
0.98533,3.7357,0.039583,-7.0542,-6.3761,0
0.7004,4.6591,-0.099422,-1.3652,-5.5275,0
0.035589,6.0955,-0.21011,7.5096,-5.7289,0
0.60543,6.9162,-0.18437,-1.8203,-4.1323,0
0.7004,7.1471,-0.12516,-8.192,-4.2761,0
-0.059385,6.7623,-0.14447,3.186,-3.0248,0
0.7004,5.7877,-0.17665,7.282,-2.4926,0
0.41548,4.813,-0.12774,-3.4133,-2.1762,0
-0.62923,3.6588,-0.076255,-6.5991,-0.79537,0
-1.7689,2.9406,-0.056948,6.1442,-1.0111,0
-1.389,2.0172,-0.028633,5.0064,0.48476,0
-0.059385,1.1452,-0.0016037,-6.8267,0.57106,0
0.22554,0.47827,0.030574,-3.8684,1.5923,0
1.3652,-0.0090658,0.10136,7.7372,2.7286,0
1.6501,-0.11166,0.1773,2.7309,3.1025,0
1.9351,0.016583,0.21978,-7.7369,4.8429,0
2.22,-0.26556,0.2571,-0.45498,4.7998,0
2.03,-0.95809,0.31631,7.282,6.2094,0
0.98533,-1.548,0.38195,-1.3652,6.5833,0
0.035589,-1.7532,0.4463,-8.4196,6.9141,0
0.7004,-2.3431,0.45531,3.4135,8.1799,0
1.1753,-2.9844,0.4566,6.8269,7.8634,0
-0.24933,-3.1639,0.4862,-4.3235,9.2011,0
-1.484,-3.1126,0.51066,-6.3715,9.0429,0
-1.0091,-2.8561,0.56986,5.6891,9.6326,0
-0.53425,-2.6509,0.64065,3.6411,10.122,0
0.51046,-3.0613,0.69085,-7.5093,9.7333,0
0.98533,-3.4204,0.70887,-3.8684,10.812,0
1.5552,-3.2152,0.67154,6.8269,10.093,0
0.79538,-2.6509,0.63937,1.8206,10.783,0
-0.34431,-2.3175,0.61877,-7.9645,10.711,0
-0.62923,-2.6766,0.59303,-0.45498,10.568,0
-0.62923,-2.7792,0.48749,7.282,11.229,0
-0.7242,-2.2406,0.36522,-2.0479,10.524,0
-1.389,-1.7276,0.30344,-7.9645,11.632,0
-1.0091,-1.2915,0.29314,2.7309,11.013,0
-0.24933,-0.3938,0.30858,7.0545,11.344,0
0.60543,0.55522,0.29443,-5.2337,11.344,0
0.60543,0.73476,0.26225,-5.9164,10.611,0
0.13056,0.68346,0.22235,5.6891,11.172,0
-1.389,0.60652,0.18116,4.0962,10.035,0
-1.7689,0.35002,0.17344,-6.5991,10.309,0
-1.0091,-0.13731,0.19661,-2.9581,9.5175,0
-0.34431,-0.93244,0.22621,7.7372,8.8415,0
0.51046,-1.5737,0.25581,0.91037,8.6833,0
0.41548,-2.0097,0.31373,-8.192,7.2593,0
0.51046,-2.1893,0.3369,0.2277,7.4607,0
1.2702,-2.2662,0.39353,7.0545,5.9073,0
0.7004,-2.6766,0.48492,-2.0479,5.7922,0
0.035589,-3.1896,0.51323,-7.0542,5.0587,0
0.22554,-2.7279,0.41026,4.3238,4.0087,0
-0.059385,-1.6763,0.26868,5.9167,3.9368,0
0.60543,-1.3685,0.15413,-6.3715,2.1532,0
0.79538,-1.1633,0.11166,-5.2337,1.9519,0
0.51046,-0.599,0.05889,6.1442,0.28339,0
-0.15436,-0.4964,-0.0119,3.6411,-0.49331,0
-0.62923,-0.85549,-0.028633,-7.5093,-1.1406,0
-0.24933,-1.1633,0.00097052,-2.0479,-2.6652,0
0.41548,-1.3428,0.024138,7.5096,-2.5501,0
0.79538,-1.4454,0.029286,-0.68254,-4.0604,0
0.79538,-1.4198,0.0099801,-8.6471,-3.9309,0
0.89035,-0.98374,-0.024771,2.5033,-4.6933,0
0.32051,-0.67595,-0.058236,6.8269,-5.4124,0
-1.579,-0.57335,-0.065958,-3.8684,-5.4268,0
-1.8639,-0.85549,-0.02992,-7.0542,-7.0521,0
-2.1488,-1.4198,-0.022197,4.3238,-6.8939,0
-1.7689,-1.0863,-0.02992,4.7789,-8.4042,0
-1.6739,-0.7016,-0.00031657,-6.8267,-8.5193,0
-2.7186,-0.599,0.022851,-4.0959,-8.7782,0
-2.0538,-0.5477,0.01899,7.7372,-9.411,0
-0.62923,-0.34251,0.022851,2.2757,-8.7062,0
0.32051,-0.060364,-0.0054649,-8.6471,-9.7131,0
0.51046,0.17048,-0.044078,-0.22742,-9.1234,0
0.035589,0.016583,-0.036355,7.7372,-9.9432,0
-0.24933,0.29873,0.0048318,-1.1377,-9.9288,0
0.51046,0.52957,-0.0080391,-7.7369,-9.785,0
1.2702,0.55522,-0.045365,2.7309,-10.303,0
1.2702,0.60652,-0.064671,5.6891,-9.2528,0
0.035589,0.55522,-0.069819,-4.7786,-9.8138,0
-0.15436,0.60652,-0.072394,-6.144,-8.8357,0
0.79538,0.37567,-0.049226,6.1442,-8.8501,0
1.7451,-0.18861,-0.047939,4.3238,-8.6775,0
1.8401,-0.4964,-0.037642,-6.8267,-7.8289,0
1.2702,-0.88114,-0.013187,-2.503,-8.3179,0
1.2702,-0.95809,0.0048318,7.9647,-6.9227,0
1.6501,-0.98374,0.0061189,1.1379,-7.3686,0
0.7004,-0.82984,0.0099801,-8.192,-6.3617,0
0.035589,-0.41945,0.00097052,0.91037,-5.7576,0
0.41548,-0.4964,-0.0080391,7.5096,-5.5419,0
-0.24933,-0.599,-0.0119,-2.7306,-3.9309,0
-0.24933,-0.34251,-0.010613,-7.2818,-4.0172,0
0.51046,-0.26556,-0.00031657,5.0064,-2.4063,0
-0.059385,-0.4451,0.030574,6.1442,-2.3056,0
-0.81917,-0.77854,0.025425,-5.9164,-1.8454,0
0.32051,-0.57335,0.015128,-4.0959,-0.99673,0
0.7004,-0.23991,0.043444,6.5994,-1.3276,0
0.79538,-0.4451,0.076909,2.0482,0.082022,0
0.51046,-0.77854,0.08077,-7.7369,-0.30633,0
-0.24933,-0.72725,0.084631,-1.3652,0.61421,0
-0.91415,-0.62465,0.046019,7.5096,0.81558,0
-1.294,-0.29121,-0.089126,-1.1377,0.74366,0
-1.294,-0.0090658,-0.20368,-7.5093,1.7505,0
-1.579,0.42697,-0.22684,2.9584,1.1752,0
-1.0091,0.52957,-0.19982,6.1442,2.4121,0
-0.7242,0.37567,-0.19338,-5.9164,2.0238,0
-0.62923,0.47827,-0.28219,-6.3715,2.4553,0
-0.7242,0.35002,-0.41476,6.5994,2.9156,0
-0.81917,-0.18861,-0.47654,3.4135,2.6854,0
-0.15436,-0.7016,-0.41862,-8.4196,4.0518,0
0.89035,-0.34251,-0.33625,-2.9581,3.5772,0
1.4602,0.58087,-0.28991,7.282,4.5409,0
0.7004,0.68346,-0.28219,0.45525,4.4833,0
-0.62923,1.3247,-0.31179,-8.4196,4.4258,0
-1.579,1.7607,-0.39931,0.45525,4.8573,0
-0.81917,2.0942,-0.50357,7.282,4.0087,0
-0.34431,2.2737,-0.5898,-2.2755,4.8861,0
0.60543,2.7354,-0.6902,-7.2818,4.1094,0
0.41548,3.0175,-0.72752,3.6411,4.7854,0
0.51046,3.3253,-0.71336,5.9167,4.8285,0
1.6501,3.4792,-0.6799,-6.3715,4.5984,0
1.9351,3.787,-0.65931,-6.144,5.3176,0
0.98533,4.377,-0.58723,6.1442,4.469,0
0.22554,4.1974,-0.4804,3.8687,5.2744,0
0.22554,4.2231,-0.36585,-7.9645,4.5265,0
-0.34431,4.5822,-0.29377,-2.9581,4.6703,0
-0.34431,4.9156,-0.26674,7.5096,4.6416,0
-0.059385,5.5568,-0.21397,1.1379,3.9655,0
0.035589,5.9416,-0.16249,-8.192,4.7998,0
0.035589,4.6335,-0.040216,0.00013542,4.0231,0
0.89035,3.0945,0.083344,6.8269,5.0731,0
1.6501,2.6841,0.10651,-2.2755,4.8573,0
0.89035,2.6328,0.087205,-7.9645,5.0155,0
0.98533,2.9406,0.12196,4.5513,5.2457,0
0.89035,2.838,0.17859,6.3718,4.3395,0
0.22554,2.915,0.20819,-5.6889,5.0874,0
-1.1041,2.8124,0.21463,-5.4613,4.095,0
-0.43928,2.2224,0.2275,6.8269,4.5409,0
1.0803,1.7094,0.26868,4.0962,4.282,0
0.32051,1.299,0.29057,-8.192,3.7498,0
-1.1991,1.1195,0.28928,-3.1857,4.1669,0
-0.53425,0.58087,0.30344,7.7372,3.0738,0
0.22554,-0.11166,0.34591,0.45525,3.7498,0
0.51046,-1.035,0.38581,-8.4196,2.8868,0
-0.34431,-1.3428,0.43086,0.00013542,2.858,0
-0.91415,-1.8815,0.50036,7.0545,2.7573,0
-1.389,-2.1893,0.53769,-3.1857,2.0238,0
0.035589,-2.497,0.51323,-7.7369,2.7142,0
2.4099,-3.3178,0.48234,3.4135,1.6786,0
2.315,-4.6772,0.50294,5.6891,2.2827,0
1.6501,-5.2159,0.52996,-5.9164,1.6642,0
0.035589,-5.1646,0.51967,-6.144,1.0313,0
0.13056,-4.9594,0.49907,7.5096,1.0601,0
0.79538,-4.3438,0.44502,4.0962,-0.20565,0
-0.7242,-3.5487,0.40254,-7.7369,0.36969,0
-1.7689,-2.1893,0.38452,-3.4133,-0.56523,0
-0.53425,-0.85549,0.29185,7.0545,-0.17688,0
-0.24933,-0.16296,0.16057,1.3655,-0.061812,0
-0.43928,-0.0090658,0.15027,-7.7369,-0.594,0
-0.43928,-0.34251,0.19918,-0.22742,0.11079,0
-0.7242,-0.34251,0.22879,7.7372,-0.95358,0
-0.34431,-0.29121,0.24938,-2.2755,-0.36386,0
0.51046,-0.599,0.26997,-7.2818,-0.70906,0
0.13056,-1.3941,0.27641,4.0962,-0.6803,0
-1.0091,-1.3172,0.24552,6.5994,0.11079,0
-0.91415,-1.5224,0.158,-5.6889,-0.5077,0
-0.7242,-1.5993,0.084631,-4.7786,0.41284,0
-0.43928,-1.7276,0.069186,6.3718,-0.37825,0
-0.24933,-1.5737,0.061464,3.186,-0.2488,0
0.035589,-0.77854,0.042157,-7.2818,-0.57961,0
-0.91415,-0.11166,-0.0093262,-2.0479,-1.1406,0
-2.5287,0.17048,-0.062097,8.1923,-0.3351,0
-1.6739,0.45262,-0.099422,1.1379,-1.0111,0
0.41548,0.78606,-0.12002,-6.8267,0.082022,0
1.5552,0.29873,-0.1419,0.91037,-0.30633,0
1.4602,0.14483,-0.12774,7.5096,-0.090578,0
1.5552,0.32437,-0.11873,-2.0479,0.22586,0
2.8848,0.73476,-0.14962,-6.8267,-0.46455,0
1.7451,0.96561,-0.19081,4.3238,0.41284,0
0.035589,1.0169,-0.26674,6.1442,-0.40701,0
-0.24933,1.0169,-0.30793,-5.9164,0.22586,0
0.22554,0.78606,-0.32981,-4.3235,-0.14811,0
-0.24933,0.91431,-0.37229,6.5994,-0.5077,0
0.13056,0.73476,-0.36199,2.2757,-0.32071,0
0.035589,-0.034715,-0.29249,-7.7369,-1.4139,0
0.60543,-0.67595,-0.18694,-2.2755,-0.75222,0
0.89035,-1.2659,-0.10071,7.9647,-1.644,0
0.79538,-1.6506,-0.028633,-0.45498,-1.3563,0
0.79538,-1.8558,0.037009,-8.4196,-1.8454,0
0.7004,-1.5737,0.064038,1.3655,-2.9097,0
0.98533,-1.2659,0.062751,7.282,-2.881,0
0.79538,-1.0863,0.053741,-3.6408,-4.3337,0
-0.91415,-1.2402,0.13869,-7.0542,-3.7296,0
-1.579,-1.5737,0.21978,5.0064,-4.2905,0
-0.34431,-1.5224,0.19918,4.0962,-3.9309,0
0.79538,-1.2146,0.12196,-7.2818,-3.3844,0
-0.059385,-1.1376,0.084631,-4.0959,-3.8446,0
-0.34431,-0.80419,0.062751,7.0545,-2.7947,0
0.98533,-0.62465,-0.0119,1.8206,-3.4563,0
1.4602,-0.57335,-0.056948,-8.192,-2.4351,0
-0.059385,-1.0607,-0.068532,0.2277,-2.3919,0
-0.62923,-0.95809,-0.06081,7.282,-2.2049,0
-0.62923,-0.26556,-0.032494,-2.9581,-1.3563,0
-0.81917,0.11918,-0.014475,-6.8267,-1.946,0
-0.24933,0.19613,-0.010613,4.0962,-0.99673,0
0.51046,-0.0090658,-0.033781,5.6891,-1.7591,0
0.79538,0.067882,-0.035068,-4.7786,-1.1118,0
0.035589,0.37567,-0.0093262,-5.6889,-1.0974,0
-1.8639,0.83736,-0.0054649,7.282,-1.6296,0
-2.8136,1.0169,-0.072394,4.3238,-1.2125,0
-1.7689,1.0426,-0.16378,-7.0542,-2.3632,0
-0.24933,1.4529,-0.22684,-2.9581,-1.5002,0
-0.53425,1.9403,-0.24229,7.282,-1.7159,0
-0.34431,1.7607,-0.28476,1.3655,-1.2556,0
0.51046,1.7094,-0.39803,-7.5093,-0.37825,0
0.79538,1.7864,-0.51901,-0.22742,-1.0111,0
0.51046,2.0942,-0.59753,7.9647,-0.2488,0
-0.059385,2.2224,-0.5898,-0.9101,-1.4426,0
-0.24933,1.9916,-0.53188,-8.6471,-1.1262,0
0.51046,1.6325,-0.48555,2.7309,-1.155,0
0.7004,1.4529,-0.47911,7.0545,-1.0974,0
0.60543,1.4786,-0.49585,-2.2755,0.29777,0
1.1753,1.6581,-0.52545,-7.0542,-0.004278,0
1.7451,1.5812,-0.51901,4.7789,1.319,0
0.79538,1.2221,-0.4006,4.7789,0.80119,0
0.13056,0.60652,-0.21783,-5.9164,0.97379,0
0.22554,-0.16296,-0.056948,-5.0062,1.2327,0
-0.43928,-0.95809,0.057602,7.282,0.48476,0
-1.1991,-0.62465,0.11423,2.5033,1.3621,0
-0.53425,-0.29121,0.11938,-8.192,0.47037,0
1.2702,-0.3938,0.14126,-0.9101,1.1464,0
1.2702,-1.0094,0.20562,7.7372,1.0889,0
0.13056,-1.3428,0.24809,-1.1377,0.90188,0
-0.91415,-1.7276,0.26868,-8.192,1.693,0
-1.579,-2.497,0.27641,2.2757,0.94503,0
-1.0091,-2.7535,0.28027,7.282,2.0525,0
-0.24933,-1.9841,0.25968,-4.7786,1.5204,0
0.51046,-1.5224,0.22106,-6.5991,2.1245,0
1.0803,-1.8558,0.2172,6.3718,2.4697,0
1.6501,-2.1893,0.23522,4.3238,2.1245,0
0.32051,-1.8302,0.28542,-7.2818,2.9875,0
-0.91415,-1.3428,0.32274,-3.6408,2.0094,0
-0.53425,-1.2915,0.32403,7.7372,2.6998,0
-0.059385,-1.3685,0.26997,1.8206,2.3115,0
0.22554,-0.95809,0.25195,-7.9645,2.4697,0
1.2702,-0.18861,0.24809,-0.68254,3.1888,0
0.32051,0.78606,0.19403,7.7372,2.6567,0
-0.62923,1.376,0.13354,-0.45498,3.6491,0
-0.15436,1.7094,0.079483,-7.5093,2.7142,0
0.41548,1.7864,0.034435,3.186,3.1888,0
2.315,1.812,0.0061189,6.8269,3.2176,0
1.7451,1.1708,0.015128,-4.0959,3.0882,0
0.41548,0.47827,0.037009,-5.6889,4.2964,0
0.79538,0.22178,0.082057,6.1442,3.8792,0
1.1753,0.40132,0.11423,4.7789,5.1018,0
-0.059385,0.35002,0.12067,-6.5991,5.0587,0
0.32051,0.68346,0.11423,-3.6408,5.4183,0
1.2702,1.4273,0.083344,7.9647,6.0224,0
1.2702,1.5042,0.016416,0.68281,5.2169,0
1.6501,1.1965,-0.044078,-7.9645,5.9217,0
0.7004,1.299,-0.054374,0.2277,4.771,0
0.22554,1.376,-0.063384,7.7372,4.9724,0
0.41548,1.889,-0.10071,-2.2755,4.6272,0
-0.7242,2.6841,-0.15091,-7.9645,4.0806,0
-1.484,2.9919,-0.23328,3.6411,4.7279,0
-1.6739,3.1201,-0.32724,5.6891,3.7498,0
-0.91415,3.1458,-0.35813,-5.6889,4.3683,0
-0.34431,2.915,-0.33239,-6.3715,3.5197,0
-1.1991,2.7354,-0.30021,6.5994,3.2751,0
-0.62923,1.7864,-0.27318,2.5033,3.232,0
0.32051,1.376,-0.30278,-8.4196,2.4121,0
0.51046,1.3503,-0.35169,-2.503,3.2751,0
0.13056,1.0169,-0.37357,7.5096,2.4984,0
0.22554,0.91431,-0.35813,-0.68254,3.2464,0
-0.43928,1.0169,-0.28219,-7.7369,3.1601,0
-0.059385,1.0426,-0.15605,2.5033,3.0019,0
0.51046,0.63217,-0.099422,6.1442,3.7066,0
0.41548,0.29873,-0.058236,-4.5511,2.9443,0
-0.24933,-0.23991,0.0048318,-7.0542,3.9224,0
-0.62923,-0.5477,0.07176,5.9167,3.3471,0
-0.34431,-0.13731,0.039583,3.8687,3.7642,0
-0.62923,0.14483,-0.083977,-7.9645,4.0087,0
-0.7242,0.37567,-0.15219,-4.0959,3.4765,0
-0.91415,0.63217,-0.19467,7.282,4.0375,0
0.13056,1.0939,-0.25902,0.45525,2.8724,0
0.41548,1.812,-0.32338,-7.5093,3.3471,0
-0.62923,2.1968,-0.37743,0.45525,2.7861,0
-1.389,1.812,-0.44308,7.282,2.6279,0
-0.53425,1.7864,-0.47525,-2.503,2.9443,0
0.7004,2.4533,-0.50743,-7.0542,1.808,0
0.32051,2.5046,-0.48684,5.234,2.4265,0
0.60543,1.8633,-0.40575,6.1442,1.3909,0
0.60543,1.3247,-0.26674,-6.144,1.9375,0
-0.24933,1.1708,-0.14447,-5.0062,1.9662,0
-1.0091,0.99126,-0.078829,7.5096,1.4772,0
-1.6739,0.47827,-0.041503,3.6411,1.995,0
-0.53425,0.50392,0.055028,-7.5093,0.62859,0
0.035589,0.58087,0.17215,-1.5928,1.0601,0
-0.43928,0.78606,0.20176,7.282,0.067639,0
-0.15436,1.2221,0.22235,-0.45498,0.038872,0
0.7004,1.5812,0.25453,-7.9645,0.39846,0
1.8401,1.812,0.28413,1.1379,-0.26318,0
1.9351,1.4273,0.29571,6.8269,0.48476,0
1.4602,0.88866,0.35492,-4.0959,-0.7666,0
1.4602,-0.034715,0.45531,-6.8267,-0.43578,0
0.035589,-1.2146,0.566,5.0064,-0.83852,0
-0.15436,-2.1636,0.58273,5.234,-0.73783,0
0.32051,-2.8305,0.52868,-7.0542,0.41284,0
-0.24933,-3.523,0.53254,-4.3235,0.22586,0
-0.62923,-4.036,0.61491,6.8269,1.6498,0
-0.34431,-4.4977,0.74105,2.0482,1.1895,0
0.13056,-5.1646,0.84659,-9.3298,1.6354,0
0.13056,-5.498,0.87877,-1.1377,1.4628,0
1.8401,-5.3698,0.83629,7.9647,0.78681,0
1.4602,-4.7542,0.78223,-1.3652,1.2471,0
-0.24933,-4.6516,0.70887,-8.6471,0.15394,0
-1.1991,-4.2155,0.62006,2.2757,0.93064,0
-0.7242,-3.5487,0.5364,6.3718,0.35531,0
0.51046,-2.7022,0.47462,-4.7786,0.45599,0
0.41548,-2.7535,0.40898,-5.4613,0.52791,0
-0.15436,-2.7535,0.36908,6.3718,-0.46455,0
0.51046,-1.9584,0.33047,3.6411,-0.018661,0
0.32051,-0.85549,0.26482,-7.7369,-1.1837,0
-0.81917,-0.29121,0.19532,-1.5928,-0.52208,0
-1.484,-0.6503,0.15413,7.9647,-0.49331,0
-0.24933,-0.90679,0.16186,-0.22742,-0.076195,0
1.8401,-0.85549,0.21591,-8.4196,1.1608,0
2.6949,-0.88114,0.28156,2.2757,0.82996,0
1.7451,-0.98374,0.29057,7.9647,1.9519,0
1.8401,-0.75289,0.24166,-3.1857,1.0889,0
1.2702,-0.62465,0.19661,-6.5991,1.4628,0
0.79538,-0.16296,0.18889,5.4616,1.2758,0
0.60543,-0.34251,0.19403,5.4616,0.70051,0
-0.43928,-0.72725,0.16572,-6.5991,1.4484,0
-0.059385,-0.52205,0.12067,-4.0959,0.59983,0
1.3652,-0.29121,0.078196,7.282,1.5635,0
0.79538,-0.6503,0.035722,2.7309,1.0457,0
0.60543,-0.47075,-0.038929,-7.7369,1.0457,0
0.035589,-0.23991,-0.046652,-1.5928,1.3909,0
0.7004,-0.16296,-0.013187,8.4198,0.68613,0
0.89035,-0.41945,-0.017049,-0.22742,1.6067,0
-0.7242,-0.36816,-0.038929,-7.5093,0.71489,0
0.13056,0.016583,-0.059523,2.7309,1.3478,0
0.98533,0.65782,-0.056948,7.5096,1.3334,0
-0.43928,0.96561,-0.087839,-4.7786,1.2471,0
-1.579,1.2477,-0.14962,-7.0542,2.2971,0
-1.294,1.5812,-0.17279,5.4616,1.621,0
-0.34431,1.9916,-0.15477,5.0064,2.5416,0
0.13056,1.5812,-0.11744,-7.7369,1.8512,0
0.7004,0.68346,-0.054374,-4.0959,1.9519,0
1.2702,-0.16296,-0.00031657,6.8269,2.2683,0
1.4602,-0.34251,0.027999,1.8206,1.6354,0
1.6501,-0.18861,0.051167,-8.6471,2.556,0
1.6501,-0.3938,0.079483,-1.1377,1.5923,0
1.2702,-0.36816,0.024138,7.0545,2.1245,0
0.60543,-0.034715,-0.047939,-1.8203,1.5204,0
-0.34431,0.17048,-0.047939,-8.192,1.1752,0
-0.7242,0.24743,0.0048318,2.5033,1.4916,0
-0.53425,0.40132,0.027999,6.8269,0.74366,0
-0.7242,0.32437,0.043444,-4.0959,1.7361,0
-0.43928,0.47827,0.10394,-5.9164,1.132,0
0.51046,0.58087,0.1773,5.4616,1.9087,0
0.60543,0.32437,0.20948,3.8687,1.9806,0
0.79538,0.50392,0.15156,-6.8267,1.6786,0
0.51046,0.32437,0.043444,-3.4133,2.2683,0
-0.24933,0.042233,0.030574,7.5096,1.0745,0
-0.059385,0.27308,0.076909,2.0482,1.5635,0
-0.15436,0.52957,0.084631,-8.4196,0.71489,0
-1.1041,0.78606,0.021564,0.68281,0.67174,0
-0.43928,0.73476,0.026712,6.8269,1.0457,0
0.41548,0.37567,0.1078,-2.0479,0.62859,0
0.41548,-0.18861,0.16958,-7.9645,1.6786,0
-0.53425,-1.1889,0.18245,3.6411,0.90188,0
-0.62923,-1.7276,0.18889,6.3718,1.5347,0
1.2702,-1.3941,0.21849,-6.3715,1.2471,0
1.7451,-0.93244,0.24423,-5.0062,0.94503,0
0.13056,-0.21426,0.22364,6.5994,1.5635,0
-0.62923,0.55522,0.16057,2.9584,0.87311,0
-0.24933,0.96561,0.082057,-7.2818,2.0094,0
0.51046,1.0426,0.04087,-1.8203,1.7361,0
1.3652,0.81171,0.020277,7.282,2.4409,0
0.035589,0.27308,0.065325,-0.45498,2.8868,0
-0.24933,-0.31686,0.15542,-8.192,2.5416,0
1.2702,-0.31686,0.23522,1.3655,3.4621,0
2.03,-0.21426,0.21591,6.8269,2.5128,0
0.22554,-0.16296,0.167,-5.2337,3.3039,0
-1.294,-0.21426,0.16443,-7.5093,2.9156,0
-0.91415,-0.18861,0.19275,4.7789,2.9012,0
-0.62923,0.22178,0.16572,5.4616,3.3471,0
-1.484,0.29873,0.056315,-7.0542,2.671,0
-2.0538,0.067882,-0.031207,-5.2337,3.5053,0
-0.53425,0.067882,-0.0518,7.7372,2.6423,0
1.5552,0.81171,-0.032494,3.186,3.1888,0
1.3652,1.3247,-0.027345,-7.5093,3.0019,0
0.13056,0.83736,-0.028633,-1.5928,2.6998,0
0.60543,0.32437,-0.006752,7.282,3.3471,0
0.98533,0.22178,0.01899,-1.3652,2.3978,0
0.79538,0.65782,0.038296,-8.6471,3.0306,0
0.79538,0.93996,0.05889,2.5033,2.3258,0
-0.7242,1.2477,0.093641,6.1442,2.4984,0
-1.579,0.47827,0.13097,-5.0062,2.5991,0
-0.62923,-0.7016,0.093641,-6.3715,1.9806,0
0.13056,-0.599,0.024138,5.234,2.7861,0
-0.7242,0.093531,-0.02992,4.5513,1.9375,0
-1.0091,0.093531,-0.026058,-6.8267,2.4841,0
-0.43928,0.11918,-0.0054649,-3.4133,1.8368,0
-1.1991,-0.0090658,0.01899,7.7372,1.132,0
-1.0091,-0.34251,0.038296,2.0482,0.95941,0
0.89035,-1.035,0.051167,-7.7369,-0.34948,0
0.32051,-0.93244,0.074335,0.45525,0.19709,0
-0.62923,-0.47075,0.11037,7.7372,-0.79537,0
1.0803,-0.18861,0.11552,-1.3652,-0.55085,0
2.6949,-0.34251,0.083344,-8.192,-0.78098,0
1.3652,-0.29121,0.057602,3.6411,-1.6296,0
1.6501,-0.47075,0.074335,6.3718,-1.3707,0
1.5552,-0.5477,0.12067,-4.7786,-2.809,0
1.5552,-0.599,0.092354,-6.144,-2.6364,0
1.5552,-0.85549,0.062751,6.1442,-3.7583,0
0.89035,-1.0094,0.066612,3.8687,-4.2618,0
-0.24933,-0.75289,0.094928,-6.8267,-4.2042,0
-0.34431,-1.0607,0.1181,-2.503,-4.9809,0
-0.24933,-1.112,0.13611,7.5096,-4.2042,0
0.32051,-0.95809,0.10265,0.00013542,-5.5563,0
0.89035,-1.5224,0.013841,-7.9645,-5.6713,0
0.51046,-1.4967,-0.024771,1.5931,-6.4912,0
0.7004,-1.2146,-0.04279,7.282,-7.2247,0
0.7004,-0.80419,-0.013187,-4.5511,-6.822,0
0.32051,-0.5477,-0.0119,-7.2818,-7.9152,0
-0.34431,-0.88114,-0.06081,5.0064,-7.009,0
-0.81917,-1.2146,-0.096848,5.4616,-7.5987,0
-1.1041,-1.4198,-0.096848,-7.7369,-6.9658,0
0.7004,-1.6506,-0.12774,-5.2337,-6.3617,0
1.2702,-1.3428,-0.13546,6.3718,-6.5056,0
0.22554,-0.82984,-0.067245,1.3655,-5.2111,0
0.89035,-0.85549,-0.015762,-8.4196,-5.6713,0
1.6501,-0.75289,-0.0054649,-1.5928,-4.5063,0
1.5552,-0.6503,-0.087839,7.282,-4.7652,0
1.5552,-0.599,-0.19209,-1.3652,-4.7077,0
0.98533,-0.41945,-0.22041,-7.7369,-4.1755,0
1.2702,-0.23991,-0.19853,2.9584,-4.6501,0
1.0803,-0.4451,-0.13675,6.8269,-3.2118,0
0.32051,-0.5477,-0.094274,-4.5511,-3.3556,0
0.32051,-0.5477,-0.085264,-6.144,-2.2193,0
0.41548,-1.0607,-0.099422,5.9167,-1.6728,0
1.7451,-1.3685,-0.11229,4.7789,-1.7303,0
2.125,-1.1633,-0.080116,-6.8267,-0.73783,0
1.6501,-0.41945,-0.049226,-3.8684,-1.1406,0
0.41548,0.35002,-0.033781,7.282,0.41284,0
0.60543,0.11918,-0.04279,1.5931,0.58544,0
0.41548,0.093531,-0.068532,-8.4196,1.5347,0
-0.62923,0.19613,-0.098135,-0.22742,2.3115,0
-1.484,-0.0090658,-0.099422,7.282,2.3834,0
-0.53425,0.27308,-0.10457,-1.3652,4.2676,0
-0.059385,0.76041,-0.13675,-7.7369,4.282,0
-0.34431,1.2477,-0.1612,3.186,5.0299,0
-0.53425,1.6068,-0.21526,6.3718,3.3183,0
-1.1991,2.4533,-0.24615,-5.2337,2.1388,0
-2.1488,3.1714,-0.24486,-5.6889,2.0382,0
-2.4337,3.4279,-0.27447,6.8269,1.6498,0
-1.1041,3.7614,-0.33496,3.6411,3.2032,0
0.035589,3.6588,-0.44694,-7.9645,2.2108,0
-0.34431,3.5818,-0.53961,-2.9581,1.2039,0
0.13056,3.5049,-0.52802,7.5096,-1.9029,0
1.1753,3.2997,-0.44951,0.68281,-5.6713,0
0.7004,2.4276,-0.41476,-7.9645,-7.7569,0
0.13056,1.9916,-0.38387,1.3655,-10.044,0
0.22554,1.6325,-0.35298,6.8269,-9.2816,0
-0.34431,1.4529,-0.3105,-4.5511,-9.3247,0
-1.0091,1.2221,-0.23199,-7.7369,-8.433,0
-1.579,1.0682,-0.19853,5.234,-7.7569,0
-0.62923,1.2221,-0.20496,5.0064,-8.0734,0
0.51046,1.1708,-0.2011,-7.0542,-7.0665,0
0.035589,1.5042,-0.16893,-4.3235,-7.4693,0
-1.1991,1.7351,-0.10843,7.5096,-5.7864,0
-1.1991,1.4273,-0.047939,2.0482,-4.909,0
0.32051,1.3247,-0.0080391,-8.4196,-3.4851,0
1.2702,2.0685,-0.023484,-0.68254,-1.9748,0
0.60543,2.7867,-0.099422,7.282,-2.2481,0
1.1753,3.4279,-0.18694,-2.0479,-1.3276,0
-0.15436,3.4279,-0.25773,-8.192,-2.6796,0
-0.34431,3.1971,-0.30278,2.7309,-2.7947,0
0.51046,3.9922,-0.33882,6.5994,-3.744,0
0.89035,3.6844,-0.41218,-5.0062,-4.8803,0
1.1753,2.7611,-0.47397,-6.3715,-4.722,0
1.3652,1.812,-0.55505,6.5994,-5.9302,0
0.41548,1.3247,-0.59624,3.186,-5.3261,0
0.51046,0.65782,-0.54604,-7.2818,-6.1891,0
0.60543,-0.21426,-0.45723,-2.2755,-6.1604,0
0.13056,-0.29121,-0.40189,7.282,-5.772,0
0.13056,-0.26556,-0.39674,0.68281,-5.9159,0
-0.43928,-0.034715,-0.40961,-8.6471,-4.1898,0
-0.53425,0.32437,-0.44436,0.68281,-3.9597,0
-0.91415,0.35002,-0.4701,7.282,-1.9604,0
-1.6739,-0.18861,-0.47268,-1.8203,-1.2844,0
-1.389,-0.4964,-0.46882,-8.192,0.024489,0
-0.34431,-0.13731,-0.47654,3.6411,1.7505,0
-0.43928,0.11918,-0.43793,6.5994,2.369,0
-0.15436,-0.7016,-0.33753,-4.0959,3.8649,0
0.79538,-1.0607,-0.19209,-5.9164,2.8724,0
2.125,-0.80419,-0.072394,6.1442,2.7861,0
2.7898,-1.0863,-0.013187,4.7789,1.9662,0
3.4546,-1.112,0.007406,-7.2818,1.2615,0
3.6446,-0.80419,0.0099801,-3.8684,1.7649,0
3.8345,-0.85549,0.056315,7.0545,0.94503,0
3.4546,-1.2402,0.12067,1.5931,1.8224,0
2.125,-0.88114,0.158,-8.4196,0.93064,0
0.79538,0.016583,0.16314,0.00013542,1.2471,0
0.13056,0.24743,0.14899,7.282,0.78681,0
0.98533,0.24743,0.10522,-2.2755,-0.34948,0
1.3652,0.50392,0.048593,-8.192,-0.32071,0
0.13056,1.0169,0.029286,2.7309,-1.4282,0
0.035589,1.376,0.062751,5.6891,-0.11935,0
0.035589,1.4016,0.084631,-5.6889,0.47037,0
-0.24933,1.4016,0.069186,-6.3715,1.9375,0
-0.62923,1.4273,0.020277,6.5994,2.858,0
-0.7242,1.4016,-0.036355,3.6411,2.0813,0
-0.62923,1.1708,-0.064671,-7.9645,2.3115,0
-1.0091,1.0939,-0.072394,-3.4133,0.71489,0
-1.1041,0.14483,-0.027345,7.9647,1.0169,0
-0.24933,-1.3428,0.056315,1.3655,0.38407,0
-1.1041,-2.2919,0.12324,-8.4196,0.34092,0
-0.91415,-2.8305,0.14899,0.00013542,1.1464,0
-0.7242,-3.0613,0.18631,7.7372,0.85873,0
-0.34431,-2.8305,0.23136,-1.3652,2.182,0
0.60543,-2.7279,0.27512,-8.6471,1.5204,0
0.22554,-2.7022,0.30344,2.5033,1.5204,0
-0.24933,-2.5227,0.29443,6.5994,0.36969,0
-0.34431,-2.4457,0.2867,-3.4133,-1.1693,0
0.13056,-2.6766,0.33433,-7.7369,-1.3419,0
0.035589,-2.6509,0.38066,5.0064,-2.4926,0
0.98533,-2.138,0.39868,4.0962,-1.1837,0
0.79538,-2.1123,0.37937,-6.5991,-1.0111,0
-1.1991,-2.4457,0.33561,-5.0062,-0.20565,0
-2.0538,-2.0097,0.29571,7.282,-0.033045,0
-1.7689,-1.2915,0.33561,1.8206,-1.3419,0
-0.62923,-1.0607,0.45789,-8.4196,-1.3563,0
-0.24933,-1.4198,0.56986,0.00013542,-2.5358,0
-1.484,-1.7019,0.60462,7.9647,-1.3995,0
-2.0538,-2.2919,0.59947,-1.1377,-0.88167,0
-1.8639,-2.138,0.55957,-7.5093,-0.56523,0
-0.53425,-2.3431,0.5467,2.9584,-0.11935,0
-0.059385,-2.7792,0.54541,5.9167,-1.3132,0
-1.1991,-3.01,0.56085,-5.0062,-0.86728,0
-2.2438,-3.523,0.62006,-5.4613,-1.9604,0
-0.81917,-3.3691,0.66768,5.9167,-1.5865,0
0.035589,-3.1383,0.64194,3.4135,-1.155,0
-0.059385,-3.087,0.5866,-7.7369,-1.2125,0
-0.62923,-3.0357,0.51323,-3.1857,-0.20565,0
-0.7242,-2.8305,0.41927,7.282,-1.3851,0
-0.91415,-2.497,0.41799,0.45525,-1.4426,0
-1.389,-2.497,0.47719,-8.4196,-3.1399,0
-1.294,-2.4201,0.46304,0.91037,-3.9166,0
-1.294,-1.8045,0.35621,7.282,-3.8303,0
-0.91415,-1.7276,0.26611,-2.7306,-3.9022,0
-1.294,-1.8558,0.21463,-7.9645,-1.8741,0
-1.7689,-1.5993,0.17859,3.6411,-1.7159,0
-1.0091,-1.4711,0.11681,5.9167,-0.5077,0
0.51046,-1.1889,0.038296,-5.4613,-0.594,0
0.60543,-1.0094,-0.0080391,-5.4613,-1.1262,0
1.6501,-0.57335,-0.058236,6.3718,-0.62276,0
1.5552,0.35002,-0.14704,3.186,-1.2988,0
0.13056,1.299,-0.23457,-7.0542,0.19709,0
-0.43928,1.7864,-0.30407,-2.9581,0.21147,0
-0.53425,1.6581,-0.36456,7.7372,1.1608,0
-0.34431,1.4529,-0.34268,1.5931,1.3765,0
0.60543,1.4016,-0.23457,-8.6471,0.32654,0
0.51046,2.1198,-0.20754,1.1379,0.13956,0
0.035589,2.5559,-0.30922,6.8269,-1.8454,0
0.22554,2.402,-0.39159,-2.7306,-2.018,0
0.035589,1.6838,-0.31951,-7.2818,-2.5645,0
0.60543,1.3503,-0.20368,4.0962,-2.1906,0
0.32051,1.6325,-0.08269,5.4616,-0.69468,0
0.13056,2.0685,0.0035447,-5.4613,-0.69468,0
-0.059385,1.9659,0.031861,-4.7786,0.64298,0
-0.7242,2.1198,-0.010613,7.0545,-0.11935,0
-1.389,2.0429,-0.06081,4.0962,0.19709,0
-0.62923,2.2994,-0.10843,-6.8267,0.25462,0
0.32051,3.2997,-0.17021,-3.4133,-0.033045,0
0.32051,3.9922,-0.24872,7.7372,0.85873,0
-0.059385,3.1714,-0.28991,1.8206,-0.004278,0
0.98533,1.5555,-0.30793,-7.2818,1.0313,0
2.9798,0.52957,-0.29763,-0.45498,0.22586,0
3.3597,0.042233,-0.23843,7.7372,0.12517,0
2.22,0.24743,-0.21912,-0.9101,-0.45016,0
1.2702,1.0426,-0.24872,-7.7369,-1.8166,0
0.79538,1.299,-0.28219,2.7309,-1.2556,0
0.51046,1.4529,-0.28605,6.5994,-1.8885,0
0.13056,1.7094,-0.31437,-5.2337,-0.72345,0
0.79538,1.889,-0.32338,-6.5991,-0.40701,0
1.8401,1.8377,-0.30922,5.6891,-0.57961,0
1.9351,1.8633,-0.28219,4.0962,-0.36386,0
0.79538,1.6838,-0.25259,-8.4196,-1.8166,0
-0.34431,0.81171,-0.20882,-3.6408,-1.4426,0
-0.43928,0.76041,-0.20368,7.282,-2.1618,0
-0.24933,1.5812,-0.2114,0.45525,-1.5289,0
0.60543,2.325,-0.22813,-7.7369,-0.88167,0
0.79538,2.1455,-0.22298,0.45525,-0.75222,0
0.79538,1.6838,-0.22041,7.282,0.64298,0
0.51046,1.5042,-0.25259,-3.6408,0.010105,0
-0.059385,2.325,-0.30664,-7.0542,0.81558,0
0.035589,2.7098,-0.30021,3.8687,-0.13373,0
0.41548,2.6841,-0.27189,5.6891,-0.72345,0
0.98533,3.3766,-0.27447,-6.3715,-1.0111,0
2.315,3.787,-0.3208,-4.7786,-2.0323,0
2.7898,3.9666,-0.40704,6.1442,-0.96797,0
2.315,3.7357,-0.47268,3.6411,-1.4714,0
1.1753,3.5562,-0.46496,-7.5093,-0.47893,0
0.98533,2.8124,-0.39931,-2.503,-0.69468,0
0.22554,1.889,-0.34526,6.8269,-1.3419,0
-1.1041,1.5299,-0.31823,0.2277,-1.3707,0
-0.62923,1.1965,-0.30278,-8.192,-2.9816,0
0.41548,1.0682,-0.3208,1.1379,-2.5501,0
0.89035,0.99126,-0.30664,7.0545,-3.3412,0
0.89035,1.2477,-0.25259,-2.503,-2.7947,0
0.32051,1.4273,-0.24615,-6.8267,-2.1186,0
-0.34431,0.73476,-0.27447,4.3238,-2.5789,0
0.035589,0.042233,-0.22813,5.6891,-2.0755,0
0.7004,-0.21426,-0.1316,-5.0062,-3.8015,0
-0.24933,0.042233,-0.076255,-4.3235,-3.744,0
-0.15436,0.14483,-0.024771,7.0545,-4.0748,0
0.79538,0.45262,0.012554,3.6411,-3.9741,0
1.9351,0.093531,0.016416,-7.7369,-2.809,0
1.6501,0.067882,0.034435,-0.9101,-3.2262,0
0.7004,0.40132,0.07176,7.7372,-2.133,0
1.5552,1.2734,0.088493,-0.22742,-3.0967,0
1.1753,1.7607,0.10394,-8.192,-3.1399,0
0.51046,1.6068,0.098789,2.0482,-3.5426,0
-0.43928,1.2221,0.061464,7.0545,-4.3625,0
-0.43928,1.0682,0.048593,-3.6408,-3.2837,0
-0.24933,1.0426,0.029286,-6.8267,-3.672,0
0.41548,1.0426,-0.040216,4.7789,-2.507,0
0.41548,0.58087,-0.089126,5.234,-2.8378,0
-0.62923,0.35002,-0.063384,-6.5991,-3.4563,0
-1.1041,0.65782,-0.062097,-4.7786,-3.4419,0
0.22554,0.45262,-0.068532,6.8269,-4.233,0
0.035589,-0.36816,-0.040216,2.0482,-2.8378,0
-1.389,-1.3172,0.038296,-7.5093,-3.2549,0
-1.8639,-1.4967,0.08077,-1.5928,-2.6364,0
-1.6739,-0.75289,0.093641,6.8269,-2.7084,0
-1.1991,-0.5477,0.10522,-0.9101,-3.1974,0
-0.34431,-0.5477,0.12196,-7.7369,-2.1618,0
0.41548,-0.16296,0.13225,1.5931,-2.7084,0
0.41548,-0.29121,0.12324,6.8269,-1.5721,0
-0.62923,-1.2146,0.11681,-3.6408,-2.133,0
-1.7689,-1.4967,0.10265,-6.144,-2.1474,0
-1.6739,-0.98374,0.084631,5.234,-2.0036,0
-1.0091,-0.4451,0.051167,4.0962,-2.4063,0
-0.91415,0.016583,0.0022576,-6.5991,-1.1118,0
-1.389,0.17048,-0.022197,-4.3235,-1.7734,0
-1.0091,-0.0090658,-0.006752,6.5994,-1.1981,0
-1.1991,0.067882,-0.014475,2.0482,-1.6871,0
-1.8639,0.37567,-0.046652,-7.2818,-2.0323,0
-1.8639,1.1708,-0.068532,0.00013542,-1.1693,0
-0.81917,1.3247,-0.0054649,7.7372,-1.4282,0
0.32051,0.63217,0.079483,-1.3652,0.52791,0
1.1753,0.24743,0.13225,-7.5093,0.71489,0
1.5552,0.22178,0.1374,3.6411,1.3046,0
0.89035,0.45262,0.060177,6.5994,0.58544,0
0.13056,0.29873,-0.0028907,-6.144,-1.0399,0
0.7004,0.24743,0.017703,-5.6889,-1.0399,0
1.2702,0.19613,0.062751,6.5994,-2.2481,0
-0.15436,0.45262,0.13097,3.4135,-1.0543,0
0.22554,0.58087,0.18374,-7.7369,-0.98235,0
1.8401,0.63217,0.1876,-2.503,-0.40701,0
2.4099,0.37567,0.13869,7.7372,0.11079,0
0.60543,0.22178,0.10008,0.00013542,-0.70906,0
1.3652,0.22178,0.10394,-7.5093,-0.018661,0
2.7898,-0.034715,0.10394,2.0482,-1.0111,0
1.4602,-0.13731,0.1078,6.8269,-0.52208,0
-0.15436,0.016583,0.11295,-3.6408,-0.89605,0
0.22554,0.35002,0.12324,-7.7369,-1.3995,0
0.51046,0.60652,0.12067,4.3238,-0.86728,0
-0.62923,0.60652,0.096215,5.4616,-1.7447,0
-1.389,0.42697,0.078196,-6.5991,-0.69468,0
-1.294,-0.0090658,0.074335,-5.2337,-1.5002,0
-1.484,-0.5477,0.097502,6.8269,-1.4426,0
-0.91415,-0.72725,0.15413,3.8687,-1.6728,0
-1.0091,-0.599,0.2069,-8.8747,-2.4063,0
-1.7689,-0.3938,0.21205,-3.6408,-1.6008,0
-1.294,-0.47075,0.19275,7.5096,-2.1618,0
0.13056,-0.77854,0.16958,0.00013542,-0.9392,0
0.79538,-0.5477,0.15928,-8.192,-0.82413,0
0.51046,-0.4451,0.16829,0.68281,-0.34948,0
-0.81917,-0.57335,0.17601,6.5994,0.62859,0
-0.91415,-0.77854,0.14126,-2.9581,0.21147,0
0.13056,-0.72725,0.12196,-7.2818,1.0313,0
0.89035,-0.18861,0.13611,4.3238,-0.32071,0
0.89035,-0.0090658,0.11037,5.234,-0.53646,0
0.60543,-0.4451,0.04988,-6.144,-0.99673,0
-0.34431,-0.31686,0.052454,-4.5511,-1.1262,0
-0.81917,-0.0090658,0.087205,7.5096,0.31216,0
-0.7242,0.19613,0.11681,2.7309,0.067639,0
0.98533,-0.4451,0.13354,-7.2818,1.2471,0
0.60543,-1.1376,0.10265,0.00013542,0.48476,0
-0.24933,-0.93244,0.067899,8.4198,-0.004278,0
-0.53425,-1.0863,0.087205,0.00013542,-0.3351,0
-0.81917,-1.3428,0.10651,-7.9645,-1.3851,0
-0.62923,-0.7016,0.046019,2.7309,-0.5077,0
-0.62923,0.11918,-0.031207,7.5096,-1.1981,0
-0.24933,0.52957,-0.073681,-3.1857,-0.32071,0
1.2702,0.35002,-0.089126,-6.5991,-0.4214,0
2.22,0.24743,-0.047939,5.234,-0.594,0
1.3652,0.68346,-0.010613,5.4616,0.15394,0
0.79538,0.52957,0.026712,-6.144,-0.66591,0
1.2702,-0.5477,0.069186,-4.5511,0.39846,0
2.22,-1.2402,0.10909,6.8269,-0.19126,0
2.6949,-1.4198,0.13869,2.0482,0.34092,0
0.7004,-1.6763,0.18631,-7.9645,0.41284,0
-1.0091,-1.3685,0.19017,-1.1377,-0.2488,0
-0.62923,-0.6503,0.15671,7.7372,0.55667,0
0.32051,-0.6503,0.11938,-0.9101,-0.6803,0
0.51046,-0.67595,0.12324,-7.7369,-0.090578,0
-1.1041,-0.0090658,0.13998,3.186,-1.0111,0
-2.3388,0.067882,0.14126,5.4616,-1.1693,0
-1.0091,-0.75289,0.10522,-5.6889,-0.6803,0
0.41548,-0.62465,0.082057,-6.5991,-1.0687,0
0.32051,-0.060364,0.12711,5.4616,0.21147,0
-0.91415,-0.11166,0.16314,4.3238,-0.45016,0
-1.1041,-0.29121,0.13998,-7.0542,0.11079,0
-0.7242,0.042233,0.12324,-3.6408,-0.40701,0
-0.53425,0.47827,0.13354,7.5096,-1.1118,0
-1.0091,1.2221,0.1181,1.8206,-0.73783,0
-1.389,1.5042,0.024138,-7.9645,-1.7015,0
-0.53425,1.2734,-0.044078,0.00013542,-0.88167,0
0.13056,0.63217,-0.033781,7.7372,-1.3419,0
-0.059385,0.29873,0.027999,-1.5928,-1.0687,0
-0.62923,0.19613,0.082057,-7.7369,-0.91043,0
-0.15436,-0.23991,0.10651,3.4135,-1.5577,0
0.51046,-0.34251,0.11295,6.1442,-0.594,0
0.79538,-0.18861,0.10008,-5.6889,-1.3707,0
0.22554,-0.47075,0.084631,-5.4613,-0.49331,0
-1.389,-0.29121,0.04988,6.8269,-0.60838,0
-1.389,0.45262,0.026712,3.4135,-0.55085,0
0.13056,1.1708,0.0022576,-7.5093,0.19709,0
-0.15436,0.93996,-0.019623,-1.3652,-0.57961,0
-1.484,0.50392,-0.017049,7.9647,0.25462,0
-1.484,0.45262,-0.035068,-0.45498,-0.56523,0
0.22554,0.83736,-0.069819,-7.5093,0.25462,0
0.98533,1.1452,-0.10071,2.2757,0.57106,0
-0.43928,1.1965,-0.1316,7.5096,0.67174,0
-1.6739,1.3247,-0.11615,-3.6408,1.808,0
-1.389,1.6838,-0.0917,-7.0542,1.0457,0
0.035589,1.5812,-0.11873,4.3238,1.9662,0
0.60543,0.78606,-0.14447,4.7789,1.3046,0
0.79538,0.29873,-0.099422,-7.2818,1.3046,0
0.79538,-0.034715,-0.00031657,-4.5511,1.5491,0
0.60543,-0.16296,0.033148,7.282,0.77243,0
-0.53425,-0.6503,-0.02091,2.0482,1.621,0
-1.1041,-0.41945,-0.090413,-8.4196,0.65736,0
0.13056,-0.4964,-0.12259,-1.5928,1.2183,0
-0.15436,-0.5477,-0.10972,7.7372,1.0026,0
-1.6739,-0.31686,-0.073681,-2.2755,0.71489,0
-2.9086,0.042233,-0.053087,-8.6471,1.0457,0
-2.4337,-0.0090658,-0.031207,3.8687,-0.1625,0
-2.6237,-0.82984,0.07176,6.1442,0.44161,0
-2.6237,-1.0607,0.13225,-5.4613,-0.22003,0
-0.91415,-0.599,0.076909,-5.6889,-0.29195,0
0.41548,-0.29121,0.01899,6.1442,-0.73783,0
1.1753,-0.18861,0.016416,3.4135,-2.2481,0
1.7451,0.016583,-0.028633,-7.7369,-2.1043,0
0.89035,-0.086014,-0.12516,-2.7306,-3.2118,0
1.2702,-0.034715,-0.17021,7.282,-2.0323,0
1.6501,-0.26556,-0.17407,0.91037,-1.7159,0
0.41548,-1.0607,-0.16635,-7.9645,-1.3995,0
-1.1041,-1.7019,-0.12388,0.45525,-1.0255,0
-0.91415,-2.1893,-0.067245,7.7372,-2.3056,0
-0.059385,-2.2149,-0.038929,-2.9581,-1.8885,0
1.9351,-2.0097,-0.055661,-7.5093,-2.8378,0
2.9798,-1.8815,-0.046652,3.4135,-2.1762,0
2.315,-1.5993,-0.023484,5.9167,-1.5865,0
1.2702,-1.4454,-0.045365,-5.9164,-1.6152,0
0.89035,-1.5993,-0.085264,-4.7786,-0.65153,0
0.13056,-1.7789,-0.072394,6.8269,-1.2269,0
-1.1041,-1.3941,-0.037642,2.9584,-0.19126,0
-0.91415,-1.3685,-0.049226,-7.2818,-0.78098,0
-0.62923,-2.0867,-0.0518,-1.1377,-0.72345,0
-0.7242,-2.061,-0.02091,8.6474,-0.80975,0
-1.484,-1.8815,0.011267,0.2277,-1.5577,0
-0.53425,-2.0354,0.015128,-8.192,-0.60838,0
1.1753,-1.7532,0.031861,2.0482,-1.155,0
0.98533,-1.5224,0.05889,7.5096,-0.13373,0
0.89035,-1.3941,0.057602,-2.9581,-0.40701,0
0.79538,-1.3941,0.075622,-7.5093,-1.2125,0
0.60543,-2.1123,0.096215,5.0064,-1.5002,0
-0.53425,-2.0867,0.10136,6.3718,-2.7947,0
-1.484,-1.3941,0.096215,-6.144,-1.5289,0
-1.484,-1.2915,0.10522,-6.5991,-1.2988,0
-1.484,-1.3428,0.11166,5.9167,0.024489,0
-1.0091,-1.1633,0.08077,3.8687,0.54229,0
-1.484,-1.035,0.060177,-6.8267,-0.061812,0
-2.1488,-1.2402,0.065325,-2.7306,0.48476,0
-0.15436,-1.5993,0.067899,8.1923,-0.53646,0
0.22554,-1.5993,0.030574,0.91037,0.49914,0
-0.059385,-0.98374,0.0086931,-8.6471,0.25462,0
0.89035,-0.88114,-0.035068,0.2277,0.42722,0
1.6501,-0.7016,-0.10457,7.282,0.70051,0
0.98533,-0.41945,-0.11101,-1.8203,-0.090578,0
0.51046,-0.21426,-0.10843,-7.0542,0.84434,0
-0.24933,0.45262,-0.1316,3.8687,-0.047428,0
-0.43928,0.68346,-0.19467,5.4616,0.54229,0
-0.43928,0.45262,-0.22556,-7.0542,-0.090578,0
0.13056,0.27308,-0.24486,-5.0062,-0.43578,0
-1.1041,0.24743,-0.23328,7.0545,0.010105,0
-2.5287,0.45262,-0.16635,3.186,-0.55085,0
-2.4337,0.067882,-0.038929,-7.9645,0.41284,0
-2.1488,-0.31686,0.096215,-1.3652,-0.53646,0
-1.7689,-0.29121,0.14512,7.9647,-0.14811,0
-0.7242,0.42697,0.079483,0.2277,-0.3351,0
0.60543,1.7864,-0.022197,-7.7369,-0.39263,0
1.5552,2.5046,-0.053087,2.2757,0.80119,0
1.1753,1.7607,-0.010613,7.5096,0.12517,0
0.98533,0.99126,-0.0016037,-3.8684,1.1176,0
0.51046,1.1452,-0.071106,-6.3715,0.54229,0
-0.43928,1.376,-0.14061,5.4616,0.80119,0
-0.81917,1.0169,-0.11358,5.234,0.22586,0
-0.43928,0.29873,-0.059523,-6.3715,-1.5721,0
-0.62923,0.093531,-0.058236,-5.2337,-1.7591,0
-1.0091,0.11918,-0.078829,6.8269,-2.7371,0
-2.0538,-0.034715,-0.056948,3.6411,-1.4139,0
-1.8639,-0.16296,-0.02992,-7.2818,-1.0687,0
-1.484,-0.67595,-0.0041778,-1.5928,-0.65153,0
-2.2438,-0.93244,-0.014475,7.9647,-0.19126,0
-2.7186,-0.80419,-0.017049,0.00013542,-1.27,0
-2.2438,-0.23991,0.012554,-7.7369,-0.78098,0
-0.62923,0.093531,0.070473,1.5931,-1.8022,0
0.13056,0.19613,0.11552,7.0545,-1.1262,0
-0.059385,0.47827,0.11938,-4.0959,-0.80975,0
0.035589,0.81171,0.10522,-6.3715,-0.60838,0
-0.059385,0.47827,0.073047,4.7789,0.35531,0
0.13056,0.50392,-0.0054649,5.0064,-0.4214,0
-0.62923,0.60652,-0.080116,-6.8267,0.36969,0
-0.81917,0.60652,-0.050513,-5.2337,-0.47893,0
-0.059385,0.63217,0.022851,6.3718,-0.57961,0
0.51046,0.37567,0.082057,2.5033,-0.70906,0
0.7004,-0.23991,0.074335,-7.2818,-1.3851,0
0.98533,0.17048,-0.031207,-0.9101,-0.3351,0
1.1753,1.376,-0.13675,7.7372,-0.83852,0
2.03,2.1198,-0.17021,-0.9101,0.25462,0
1.8401,2.0685,-0.16249,-8.6471,-0.090578,0
1.2702,0.78606,-0.11358,2.2757,-0.17688,0
1.1753,-0.18861,-0.08269,6.3718,0.18271,0
1.8401,-0.75289,-0.053087,-4.5511,-0.95358,0
1.7451,-1.4198,0.01899,-5.2337,-0.26318,0
1.1753,-1.548,0.069186,7.0545,-1.083,0
0.60543,-1.0607,0.067899,3.186,-0.5077,0
1.6501,-0.95809,0.035722,-7.7369,-0.34948,0
1.8401,-1.625,0.026712,-1.8203,-0.73783,0
0.32051,-1.7276,0.096215,8.1923,0.18271,0
-0.7242,-1.2659,0.14384,0.45525,-0.69468,0
0.51046,-1.2915,0.12067,-7.9645,-0.018661,0
1.3652,-1.4198,0.097502,1.8206,-0.82413,0
1.2702,-1.1889,0.096215,7.0545,-1.1406,0
0.7004,-0.93244,0.070473,-2.9581,-0.75222,0
0.41548,-0.82984,0.065325,-7.2818,-1.2844,0
-0.24933,-1.1889,0.10394,4.5513,0.16832,0
-0.7242,-1.112,0.12453,5.4616,-0.3351,0
-0.7242,-0.77854,0.13225,-6.144,0.36969,0
-0.62923,-0.18861,0.11166,-4.0959,-0.40701,0
-0.7242,0.11918,0.08978,7.0545,-1.7303,0
-0.91415,0.19613,0.097502,2.7309,-1.9173,0
-1.0091,0.22178,0.1078,-6.5991,-2.809,0
0.13056,0.40132,0.08077,-1.1377,-1.2269,0
0.32051,1.0426,0.039583,7.282,-1.1262,0
0.13056,1.1452,-0.0080391,-0.68254,-0.46455,0
-0.15436,1.0682,-0.024771,-8.8747,-0.65153,0
-1.9589,1.2477,0.024138,0.68281,-2.0467,0
-2.0538,1.6325,0.074335,7.5096,-2.2193,0
-0.43928,2.0429,0.088493,-2.7306,-3.4851,0
-0.43928,2.2224,0.047306,-7.7369,-2.4207,0
-0.24933,2.5302,-0.035068,3.186,-2.3775,0
0.89035,2.838,-0.13289,5.0064,-1.831,0
1.2702,3.5049,-0.12903,-6.144,-1.4714,0
-0.059385,3.6331,-0.059523,-4.7786,-2.5789,0
-0.62923,3.1201,-0.055661,6.3718,-2.2769,0
-0.81917,2.7611,-0.10843,2.0482,-3.5714,0
-0.62923,2.6585,-0.15734,-7.7369,-2.7659,0
-0.62923,1.9916,-0.13804,-1.5928,-2.3632,0
-0.81917,1.6325,-0.1316,8.1923,-1.7303,0
-0.62923,2.402,-0.16506,-1.1377,-0.6803,0
-0.34431,2.4533,-0.18051,-8.192,-1.4426,0
0.13056,1.6068,-0.16635,2.7309,-0.9392,0
-0.53425,0.93996,-0.16893,6.5994,-2.2193,0
0.035589,0.63217,-0.1316,-5.0062,-1.4282,0
1.5552,0.58087,-0.069819,-6.3715,-0.98235,0
1.8401,0.83736,-0.059523,6.1442,-1.155,0
0.89035,0.96561,-0.058236,4.3238,-0.10496,0
-0.24933,0.58087,-0.02992,-6.5991,-0.47893,0
-0.53425,0.042233,0.0048318,-2.503,0.74366,0
-0.43928,0.042233,0.047306,7.0545,-0.13373,0
-0.53425,-0.060364,0.12324,0.68281,-0.91043,0
-0.43928,0.042233,0.19532,-7.9645,-1.5433,0
-0.15436,0.35002,0.17859,0.2277,-3.0248,0
0.32051,0.19613,0.11552,7.5096,-2.4063,0
0.51046,-0.13731,0.04988,-1.8203,-3.1542,0
-0.24933,0.042233,0.029286,-6.3715,-2.7227,0
0.035589,0.016583,0.043444,4.0962,-3.4419,0
1.4602,-0.3938,0.037009,6.1442,-4.4056,0
1.4602,-0.4964,0.033148,-4.3235,-3.9741,0
0.51046,-0.80419,0.053741,-5.2337,-4.4488,0
0.51046,-0.90679,0.05889,6.3718,-2.8378,0
0.32051,-0.36816,0.020277,4.0962,-3.0392,0
-0.15436,-0.11166,-0.023484,-7.5093,-2.9097,0
-0.7242,-0.18861,-0.022197,-3.1857,-3.6289,0
-0.34431,0.042233,0.026712,7.282,-5.1679,0
0.51046,-0.21426,0.097502,0.45525,-4.6214,0
1.0803,-0.11166,0.10265,-8.8747,-5.0241,0
1.2702,0.14483,0.033148,0.45525,-3.3844,0
1.4602,0.042233,-0.024771,7.282,-3.0248,0
-0.24933,-0.36816,-0.068532,-2.2755,-2.8953,0
-0.53425,-0.18861,-0.089126,-8.4196,-2.5214,0
0.32051,0.55522,-0.08269,4.7789,-3.3556,0
1.5552,0.29873,-0.08269,5.0064,-2.3632,0
1.9351,-0.23991,-0.089126,-6.5991,-2.9241,0
0.89035,-0.52205,-0.046652,-5.2337,-2.1618,0
-0.34431,-0.599,0.031861,6.3718,-2.2912,0
-0.24933,-0.599,0.079483,3.186,-2.8522,0
0.41548,-1.7019,0.060177,-7.5093,-2.0467,0
0.7004,-2.7022,0.027999,-2.503,-2.3632,0
0.79538,-2.5996,0.034435,7.5096,-1.083,0
0.7004,-1.8815,0.046019,0.45525,-1.4858,0
0.89035,-1.7276,0.01899,-7.7369,-1.27,0
0.7004,-1.3172,-0.0028907,1.8206,-1.0399,0
1.1753,-0.85549,0.013841,7.0545,-1.5721,0
1.8401,-0.41945,-0.02992,-3.1857,-0.62276,0
2.315,-0.060364,-0.094274,-8.4196,-1.6728,0
2.315,0.42697,-0.12516,4.0962,-1.4139,0
2.03,0.55522,-0.13289,6.1442,-2.133,0
1.1753,1.0939,-0.11487,-5.2337,-2.4638,0
0.89035,1.1452,-0.074968,-5.2337,-1.8885,0
1.3652,1.1195,-0.089126,7.282,-2.7659,0
1.6501,1.1965,-0.11615,3.4135,-1.9029,0
0.32051,1.376,-0.14061,-6.3715,-2.9816,0
-0.53425,0.93996,-0.1419,-0.9101,-2.2769,0
0.13056,0.50392,-0.11744,8.1923,-1.7303,0
0.7004,0.24743,-0.096848,-0.22742,-1.2413,0
0.89035,0.24743,-0.069819,-7.7369,0.38407,0
0.79538,-0.26556,-0.023484,2.2757,-0.23441,0
0.89035,-0.72725,0.035722,7.282,0.35531,0
0.79538,-0.80419,0.084631,-3.1857,-0.80975,0
0.51046,-1.0607,0.14126,-6.8267,-0.83852,0
-0.15436,-1.8045,0.19918,4.5513,-0.22003,0
-0.43928,-1.9584,0.1979,4.7789,-0.20565,0
0.79538,-1.625,0.16958,-7.2818,1.1032,0
1.6501,-1.7276,0.16314,-4.3235,0.19709,0
0.89035,-1.9584,0.14384,6.5994,0.36969,0
0.79538,-1.8045,0.14641,2.2757,-0.56523,0
0.7004,-1.4967,0.16314,-7.2818,-0.98235,0
-0.059385,-1.5993,0.11938,-1.5928,-0.49331,0
-0.15436,-1.9328,0.083344,7.282,-1.1262,0
-1.484,-1.2402,0.10522,-2.0479,0.067639,0
-1.1041,-0.52205,0.14641,-7.7369,-0.56523,0
-0.059385,0.016583,0.14641,3.6411,0.082022,0
0.79538,-0.060364,0.10522,5.9167,-0.090578,0
0.32051,-0.6503,0.057602,-7.2818,-0.91043,0
0.13056,-1.1633,0.051167,-5.2337,-0.78098,0
0.7004,-0.90679,0.05889,6.3718,-2.0899,0
1.1753,-0.90679,0.069186,3.6411,-1.3995,0
0.41548,-1.2402,0.030574,-7.7369,-1.9748,0
0.7004,-1.3685,-0.035068,-1.3652,-1.644,0
0.89035,-1.6506,-0.072394,7.282,-1.2556,0
0.7004,-1.5993,-0.078829,0.45525,-1.3419,0
-0.34431,-1.4198,-0.073681,-7.7369,0.024489,0
-0.53425,-1.3941,-0.040216,0.45525,-0.53646,0
-0.15436,-0.95809,0.024138,7.0545,-0.090578,0
0.41548,-0.7016,0.053741,-1.8203,-1.2125,0
1.2702,-0.57335,0.020277,-6.144,-2.0036,0
1.5552,-0.599,0.007406,4.7789,-2.0467,0
0.98533,-0.80419,0.04988,5.6891,-2.7084,0
0.13056,-0.95809,0.07176,-5.0062,-1.2269,0
0.51046,-1.1889,0.04087,-3.8684,-1.155,0
0.7004,-1.1633,0.017703,7.282,-0.10496,0
0.60543,-0.85549,0.022851,2.7309,-0.14811,0
0.13056,-0.85549,0.039583,-7.2818,-1.1118,0
0.89035,-0.93244,0.029286,-0.45498,-1.0255,0
1.1753,-1.035,0.016416,8.4198,-2.2481,0
0.7004,-1.9328,0.030574,-1.1377,-1.1118,0
1.5552,-2.5227,0.057602,-8.192,-1.0687,0
1.7451,-1.9328,0.069186,2.9584,-0.39263,0
0.51046,-1.1376,0.061464,5.9167,-0.090578,0
-1.0091,-0.4964,0.034435,-5.4613,-1.0255,0
-0.53425,-0.16296,0.016416,-4.5511,-0.37825,0
0.51046,0.22178,-0.02091,7.282,-1.3707,0
0.32051,0.83736,-0.076255,3.186,-0.46455,0
-0.53425,1.1965,-0.11615,-7.2818,-0.061812,0
-1.389,1.2477,-0.096848,-1.1377,0.39846,0
-1.0091,0.83736,-0.036355,7.9647,1.7073,0
-0.34431,0.65782,-0.0028907,-1.1377,0.97379,0
0.41548,0.40132,-0.013187,-8.192,1.5635,0
0.32051,0.70911,-0.047939,2.5033,0.19709,0
0.13056,0.93996,-0.062097,6.5994,0.038872,0
0.51046,0.83736,-0.050513,-4.0959,0.13956,0
0.41548,0.47827,-0.026058,-7.2818,-0.11935,0
0.13056,0.50392,-0.014475,4.5513,1.2327,0
0.89035,0.55522,-0.0119,5.0064,0.44161,0
1.3652,0.58087,-0.019623,-6.8267,1.0457,0
0.32051,0.83736,-0.036355,-3.8684,0.24024,0
0.41548,0.73476,-0.06081,7.282,-0.2488,0
0.51046,0.63217,-0.068532,2.2757,0.053256,0
0.035589,0.58087,-0.068532,-8.4196,-0.66591,0
0.51046,0.78606,-0.073681,-1.1377,0.54229,0
0.13056,0.70911,-0.11744,7.7372,0.16832,0
-1.0091,0.68346,-0.16764,-0.9101,0.98818,0
-0.059385,0.22178,-0.16764,-7.7369,1.1752,0
1.5552,-0.060364,-0.15992,2.7309,0.94503,0
1.2702,0.067882,-0.13546,6.1442,1.808,0
-0.62923,-0.0090658,-0.083977,-3.1857,1.0026,0
-0.53425,-0.16296,-0.031207,-6.144,1.7217,0
0.79538,-0.16296,0.0035447,5.4616,1.1032,0
1.6501,-0.18861,-0.023484,4.0962,1.2471,0
2.22,-0.18861,-0.077542,-7.2818,1.5204,0
1.9351,-0.26556,-0.062097,-3.4133,0.68613,0
1.5552,-0.7016,0.016416,7.5096,1.2758,0
1.6501,-0.7016,0.048593,2.2757,0.096406,0
0.7004,0.19613,-0.0119,-8.192,0.57106,0
0.32051,1.0939,-0.087839,-0.68254,0.16832,0
1.4602,1.8633,-0.10972,7.282,0.010105,0
1.1753,1.9403,-0.0917,-0.68254,0.80119,0
0.89035,1.2221,-0.055661,-6.8267,0.11079,0
1.3652,1.0169,-0.068532,3.186,0.97379,0
1.6501,0.76041,-0.098135,6.8269,-0.018661,0
1.2702,0.70911,-0.033781,-4.7786,0.21147,0
0.60543,0.14483,0.055028,-6.5991,0.16832,0
-0.15436,-0.57335,0.08077,6.1442,-0.29195,0
-0.53425,-0.72725,0.078196,4.0962,0.67174,0
-0.53425,-0.41945,0.1078,-7.7369,0.19709,0
-0.34431,-0.0090658,0.11681,-3.6408,1.2615,0
0.41548,0.17048,0.11552,7.9647,0.95941,0
0.51046,0.68346,0.11552,1.5931,1.1032,0
-0.059385,1.2221,0.13998,-8.4196,1.3909,0
-0.15436,1.889,0.12968,-1.1377,0.77243,0
-1.1041,2.4276,0.084631,7.282,1.9375,0
-0.43928,2.6841,0.070473,-2.0479,1.2471,0
0.51046,2.6072,0.074335,-8.6471,2.0813,0
0.79538,2.5046,0.096215,2.7309,1.7505,0
0.7004,2.2737,0.11938,6.5994,1.4628,0
0.51046,2.2481,0.14255,-4.3235,1.9231,0
0.13056,2.0172,0.13869,-6.5991,1.0601,0
0.98533,1.6838,0.11423,5.4616,2.1964,0
1.6501,1.0682,0.055028,4.0962,1.6498,0
0.7004,0.70911,0.039583,-6.8267,2.4121,0
0.035589,0.42697,0.092354,-4.0959,2.369,0
0.7004,0.27308,0.12711,7.5096,1.5923,0
0.60543,0.68346,0.12196,1.8206,1.808,0
1.2702,0.96561,0.092354,-7.7369,0.67174,0
1.6501,1.2477,0.079483,0.45525,1.4916,0
1.1753,0.99126,0.073047,7.282,1.2902,0
0.7004,0.47827,0.070473,-2.0479,1.693,0
0.79538,0.067882,0.083344,-7.5093,1.8656,0
0.7004,0.29873,0.11423,2.9584,0.42722,0
0.51046,0.11918,0.10651,6.8269,0.39846,0
-0.53425,-0.34251,0.057602,-5.2337,-1.27,0
-1.484,-0.5477,0.043444,-6.3715,-0.98235,0
-0.91415,-0.57335,0.092354,6.3718,-0.98235,0
-0.7242,-1.0863,0.14512,4.3238,-0.70906,0
-0.7242,-1.2915,0.16829,-6.5991,0.41284,0
-0.059385,-1.3941,0.16314,-4.5511,-0.36386,0
0.41548,-1.4198,0.1477,7.9647,0.12517,0
1.0803,-1.6763,0.10394,2.2757,-1.0111,0
1.6501,-1.8045,0.079483,-7.0542,-0.9392,0
0.7004,-1.3941,0.053741,-0.68254,-0.36386,0
0.41548,-1.3428,-0.019623,7.5096,-0.2488,0
1.6501,-1.112,-0.069819,-1.3652,1.4772,0
2.125,-0.599,-0.10071,-7.5093,1.3478,0
1.9351,-0.060364,-0.087839,3.4135,2.3402,0
1.2702,0.40132,-0.053087,5.9167,1.9087,0
0.7004,0.83736,-0.047939,-5.4613,1.506,0
-0.059385,0.81171,-0.10457,-5.4613,1.808,0
0.60543,0.86301,-0.19982,5.4616,1.2327,0
0.32051,0.58087,-0.25387,2.7309,2.5128,0
-0.7242,0.50392,-0.23199,-7.7369,1.9519,0
-1.0091,1.0169,-0.18437,-2.503,2.369,0
-0.24933,1.5812,-0.14318,7.282,1.9087,0
-0.34431,1.3503,-0.13289,0.68281,0.90188,0
-0.34431,1.3503,-0.15219,-8.192,1.2327,0
0.51046,0.99126,-0.11487,1.3655,0.024489,0
0.41548,0.73476,-0.050513,7.282,0.81558,0
-0.43928,0.40132,-0.010613,-3.8684,0.22586,0
-0.62923,0.22178,0.025425,-6.8267,0.47037,0
-0.34431,0.22178,0.035722,4.0962,0.94503,0
0.79538,0.17048,-0.0119,5.234,0.22586,0
1.0803,0.22178,-0.098135,-6.3715,1.1608,0
0.51046,0.17048,-0.19853,-4.7786,0.45599,0
0.51046,-0.88114,-0.23199,7.282,1.6498,0
0.79538,-2.061,-0.17279,2.9584,2.2971,0
0.98533,-2.3688,-0.094274,-7.9645,2.7573,0
1.2702,-2.0867,-0.072394,-2.0479,3.534,0
-0.34431,-1.6763,-0.11487,8.1923,2.1532,0
-1.1991,-1.4967,-0.13417,0.45525,2.0382,0
-0.24933,-1.3941,-0.14576,-7.9645,0.21147,0
1.3652,-1.6763,-0.16378,1.5931,0.25462,0
1.0803,-1.3941,-0.14061,7.5096,0.59983,0
0.60543,-0.85549,-0.13546,-3.4133,0.85873,0
0.41548,-0.90679,-0.15477,-6.8267,2.3258,0
-1.294,-1.1889,-0.1818,5.4616,1.7505,0
-1.1991,-1.112,-0.22684,6.1442,2.2395,0
0.035589,-0.75289,-0.26288,-5.0062,1.0313,0
0.22554,-0.4451,-0.28605,-4.5511,0.48476,0
-0.43928,-0.47075,-0.27318,6.3718,0.59983,0
-0.24933,-0.75289,-0.20754,2.7309,0.26901,0
0.60543,-0.93244,-0.17665,-7.7369,1.5779,0
0.79538,-0.72725,-0.19724,-1.8203,1.1608,0
0.89035,-0.62465,-0.23328,7.282,1.9375,0
0.51046,-0.41945,-0.27575,-0.68254,1.621,0
0.035589,-0.4964,-0.33496,-7.5093,1.1752,0
0.22554,-0.16296,-0.371,1.8206,1.2615,0
-0.24933,0.65782,-0.32852,7.0545,0.082022,0
-0.53425,0.93996,-0.26031,-4.0959,0.82996,0
-0.91415,0.78606,-0.25259,-6.3715,0.15394,0
-1.1041,0.93996,-0.28734,5.6891,0.72928,0
0.32051,1.4786,-0.33625,3.8687,0.84434,0
1.0803,2.0172,-0.34654,-7.2818,0.12517,0
0.035589,2.6841,-0.36328,-4.3235,0.45599,0
-0.15436,2.7867,-0.39159,6.8269,-1.0399,0
0.41548,2.5046,-0.4109,1.8206,-0.594,0
0.60543,2.5046,-0.38902,-8.6471,-1.3851,0
0.13056,2.6328,-0.36971,-0.45498,-1.0543,0
0.79538,2.4276,-0.36199,7.5096,-0.57961,0
1.2702,2.5815,-0.34011,-2.7306,-1.1118,0
0.41548,3.0945,-0.32466,-7.7369,-0.29195,0
0.79538,2.7611,-0.3105,3.4135,-1.3707,0
1.2702,1.4786,-0.24744,5.234,-0.83852,0
0.7004,0.73476,-0.15477,-6.3715,-1.1262,0
1.7451,0.58087,-0.11744,-5.9164,-1.1693,0
1.5552,0.86301,-0.10972,7.5096,-0.3351,0
0.51046,0.55522,-0.10071,4.0962,-1.1262,0
1.6501,0.55522,-0.11873,-7.7369,-0.3351,0
1.4602,0.52957,-0.1419,-2.503,-1.5433,0
0.22554,0.19613,-0.095561,7.282,-1.6152,0
-0.53425,-0.57335,-0.02992,0.45525,-1.8166,0
-0.24933,-0.4451,0.022851,-8.192,-2.2337,0
0.035589,-0.034715,0.078196,0.45525,-1.083,0
0.035589,-0.72725,0.10651,7.5096,-1.5865,0
1.0803,-1.0863,0.082057,-1.5928,-0.47893,0
1.9351,-0.85549,0.047306,-6.8267,-0.86728,0
1.5552,-1.0607,0.076909,3.4135,-0.70906,0
0.51046,-1.3428,0.15671,6.8269,-0.39263,0
0.51046,-1.1889,0.24037,-5.0062,-1.0399,0
1.0803,-1.2915,0.27255,-6.3715,0.082022,0
1.8401,-1.7789,0.27126,5.9167,-0.47893,0
2.125,-1.9584,0.22879,4.7789,0.67174,0
1.3652,-1.1889,0.16057,-7.2818,0.72928,0
-1.1041,-0.5477,0.082057,-3.8684,0.77243,0
-1.294,-0.4964,0.055028,7.282,1.3909,0
0.41548,-1.035,0.10651,1.1379,0.55667,0
0.98533,-1.7789,0.21077,-8.192,1.4341,0
-0.059385,-1.8815,0.2867,0.00013542,0.77243,0
-0.24933,-1.8302,0.28156,7.5096,1.3765,0
0.035589,-1.9841,0.26868,-1.8203,1.808,0
-0.43928,-1.9841,0.26354,-7.7369,1.4484,0
-0.7242,-1.8815,0.27769,3.8687,2.1532,0
-0.81917,-1.8815,0.28542,6.3718,0.74366,0
-0.91415,-1.7789,0.30987,-5.9164,0.98818,0
-1.484,-2.061,0.38066,-5.6889,0.22586,0
-0.7242,-2.6509,0.4566,5.4616,0.39846,0
0.13056,-2.7535,0.54026,3.6411,1.2327,0
-1.1991,-2.4457,0.60075,-7.7369,0.88749,0
-2.5287,-2.2662,0.61105,-1.5928,1.8656,0
-2.0538,-1.5224,0.55828,7.5096,0.55667,0
-0.91415,-0.67595,0.47719,-0.22742,0.59983,0
-0.7242,-0.7016,0.48878,-8.8747,-0.1625,0
-0.34431,-1.1376,0.5261,1.1379,-0.66591,0
0.60543,-0.90679,0.50937,7.282,0.12517,0
1.7451,-0.67595,0.49393,-2.9581,-0.26318,0
1.8401,-0.85549,0.53125,-7.0542,1.132,0
0.98533,-0.95809,0.54412,4.5513,0.61421,0
1.2702,-1.2402,0.51709,5.9167,0.88749,0
1.7451,-1.1889,0.45016,-5.9164,0.77243,0
0.60543,-0.85549,0.42571,-4.3235,-0.13373,0
0.035589,-0.6503,0.39868,7.0545,0.77243,0
0.22554,-0.77854,0.32146,3.186,-0.004278,0
1.0803,-0.5477,0.26354,-7.9645,1.0889,0
1.6501,-0.034715,0.27641,-1.3652,1.0457,0
0.79538,0.37567,0.27126,7.9647,1.0601,0
0.035589,0.78606,0.23136,-0.22742,1.3046,0
0.41548,1.1708,0.21849,-7.7369,0.11079,0
0.89035,0.99126,0.21849,2.5033,0.62859,0
0.98533,0.70911,0.23007,7.282,-0.36386,0
0.7004,1.0682,0.21591,-3.8684,0.26901,0
0.60543,1.376,0.16829,-7.5093,0.21147,0
-0.34431,1.6838,0.11166,4.7789,-0.061812,0
0.22554,1.5299,0.08077,4.7789,0.57106,0
1.3652,1.0426,0.07176,-6.3715,-0.37825,0
0.51046,0.65782,0.073047,-3.8684,0.15394,0
-1.0091,0.65782,0.084631,6.8269,-0.63715,0
-0.34431,0.81171,0.10008,2.5033,-0.57961,0
1.2702,0.29873,0.14512,-8.6471,-0.5077,0
0.89035,-0.36816,0.16829,-0.22742,-1.1118,0
1.0803,-0.34251,0.18631,7.9647,-0.20565,0
1.5552,-0.21426,0.16958,-2.503,-1.0974,0
1.0803,-0.41945,0.13998,-7.7369,-0.52208,0
0.51046,0.067882,0.088493,3.186,-0.91043,0
0.035589,0.29873,0.0022576,6.8269,-1.2556,0
0.22554,0.50392,-0.049226,-4.7786,-0.72345,0
-0.24933,0.32437,-0.032494,-6.3715,-1.4426,0
-0.53425,0.91431,0.0048318,6.1442,-0.19126,0
-1.0091,2.0172,-0.022197,4.3238,-0.2488,0
-1.1991,2.5815,-0.095561,-7.0542,0.88749,0
-0.91415,2.1711,-0.13804,-3.6408,1.5491,0
-1.0091,1.6838,-0.1213,7.5096,1.0745,0
-1.7689,1.5042,-0.0917,2.2757,1.808,0
-1.0091,1.4273,-0.089126,-7.7369,0.74366,0
-0.62923,1.4529,-0.078829,1.5931,1.0026,0
-0.62923,1.6581,-0.0080391,7.0545,0.082022,0
-0.059385,1.812,0.10265,-2.0479,-0.37825,0
1.6501,1.6325,0.158,-7.2818,0.024489,0
1.7451,1.6838,0.16572,4.3238,-0.72345,0
0.51046,2.4789,0.13869,5.9167,0.41284,0
-1.294,2.9406,0.12839,-6.144,-0.23441,0
-1.6739,3.2997,0.12453,-5.0062,0.52791,0
-0.34431,3.2484,0.11552,7.0545,0.62859,0
1.1753,3.351,0.047306,2.2757,0.38407,0
0.51046,3.6331,-0.018336,-7.0542,1.0169,0
0.13056,3.4023,-0.063384,-1.5928,0.024489,0
1.2702,3.6331,-0.12002,7.9647,0.70051,0
2.03,3.6075,-0.1612,-0.22742,-0.11935,0
-0.24933,3.2484,-0.19338,-7.9645,-0.10496,0
-1.7689,3.1458,-0.19982,2.7309,0.082022,0
-1.7689,3.351,-0.2114,6.3718,-0.53646,0
-1.0091,2.9919,-0.20368,-4.3235,0.52791,0
-0.7242,2.7354,-0.19853,-5.6889,-0.22003,0
-0.91415,2.6072,-0.18437,6.5994,0.57106,0
-1.6739,2.2224,-0.16506,4.7789,0.24024,0
-1.8639,1.5042,-0.15863,-6.8267,0.067639,0
-1.484,1.3503,-0.15734,-3.1857,0.55667,0
0.13056,1.1965,-0.17279,7.0545,-0.32071,0
0.51046,1.2734,-0.23457,1.8206,0.62859,0
-0.24933,1.4016,-0.2912,-7.9645,-0.061812,0
-0.53425,1.6325,-0.30278,-0.45498,0.70051,0
-0.7242,1.812,-0.32338,7.0545,1.2183,0
-0.7242,1.6068,-0.33753,-1.3652,0.91626,0
-0.91415,1.4786,-0.31823,-7.9645,1.3909,0
-1.389,1.0169,-0.31565,3.4135,-0.19126,0
-0.62923,0.68346,-0.32852,5.9167,-0.047428,0
0.89035,0.65782,-0.31694,-5.6889,-0.95358,0
1.6501,0.37567,-0.28476,-5.6889,-1.083,0
1.2702,0.016583,-0.24229,5.6891,-0.66591,0
0.89035,0.042233,-0.2011,3.4135,-1.0399,0
0.32051,-0.31686,-0.14704,-7.2818,0.15394,0
-0.34431,-0.5477,-0.078829,-2.503,-0.52208,0
-0.91415,-0.57335,-0.031207,7.9647,0.19709,0
-1.7689,-0.77854,-0.027345,0.2277,-0.018661,0
-1.484,-1.1633,-0.015762,-8.6471,-0.11935,0
0.22554,-1.3685,0.01899,0.68281,0.68613,0
0.98533,-1.4711,0.078196,6.8269,-0.047428,0
1.2702,-1.3685,0.097502,-2.9581,1.0457,0
-0.059385,-1.6763,0.10651,-7.2818,0.44161,0
-0.24933,-1.7789,0.10394,4.0962,1.0026,0
0.13056,-2.2919,0.1078,5.9167,1.1464,0
-0.059385,-2.6253,0.10136,-5.9164,0.81558,0
0.32051,-2.6766,0.11681,-5.4613,1.6067,0
-0.059385,-2.5996,0.14126,7.0545,0.64298,0
-0.059385,-2.6253,0.15285,3.186,1.3909,0
-1.484,-2.8561,0.16572,-7.7369,0.54229,0
-1.484,-3.2409,0.21463,-1.8203,0.58544,0
0.035589,-3.2152,0.28156,8.1923,0.61421,0
0.51046,-2.6766,0.33304,0.00013542,-0.3351,0
-0.15436,-2.7792,0.31245,-8.192,0.32654,0
0.035589,-2.7279,0.23522,2.5033,-0.594,0
1.5552,-2.9844,0.19146,7.282,0.13956,0
1.4602,-3.01,0.18631,-3.4133,-0.047428,0
-0.7242,-2.8305,0.19403,-7.0542,-0.061812,0
-1.389,-2.497,0.20819,4.7789,0.58544,0
-1.1991,-2.0867,0.2172,4.5513,-0.10496,0
-1.579,-2.3688,0.22879,-7.2818,0.94503,0
-0.34431,-2.574,0.24809,-4.7786,0.24024,0
0.89035,-1.9841,0.27641,7.282,0.68613,0
0.035589,-2.0097,0.32918,2.9584,0.70051,0
-0.91415,-2.5996,0.35235,-7.5093,0.31216,0
-1.294,-2.9587,0.40512,-1.8203,1.0457,0
-1.0091,-2.5996,0.4669,7.5096,-0.20565,0
-0.7242,-2.3431,0.49779,-1.1377,0.11079,0
-0.62923,-2.4714,0.47205,-8.8747,-0.91043,0
-0.53425,-2.3944,0.42957,2.2757,-1.0111,0
-0.34431,-1.8815,0.41026,6.3718,-0.7666,0
0.035589,-1.4967,0.39353,-5.6889,-1.3995,0
-1.1041,-1.2402,0.36136,-7.0542,-0.52208,0
-2.5287,-1.2402,0.35621,5.9167,-1.3419,0
-1.294,-1.3685,0.36393,3.8687,-0.6803,0
1.1753,-0.98374,0.39482,-6.8267,-0.83852,0
0.79538,-1.3172,0.46175,-2.9581,-1.083,0
1.1753,-1.7276,0.52996,7.9647,-0.32071,0
1.2702,-1.4198,0.53383,0.45525,-1.0543,0
1.6501,-1.2915,0.51967,-7.9645,0.067639,0
1.3652,-1.8302,0.54412,0.45525,-0.594,0
1.3652,-2.138,0.55957,7.7372,-0.17688,0
0.22554,-2.5227,0.53511,-1.5928,0.15394,0
-0.43928,-2.8305,0.49135,-7.9645,-0.26318,0
-1.1041,-3.01,0.49521,3.4135,0.78681,0
-1.0091,-3.2922,0.51194,6.5994,0.12517,0
-0.15436,-3.0613,0.49264,-4.0959,1.1176,0
-0.059385,-2.7022,0.4167,-5.4613,0.93064,0
0.7004,-3.2922,0.39739,6.5994,1.132,0
0.32051,-3.7795,0.4167,5.234,1.8368,0
0.32051,-3.9078,0.43729,-7.0542,1.621,0
0.79538,-3.7026,0.41026,-4.0959,3.6491,0
1.6501,-3.5487,0.38838,7.9647,4.0231,0
0.32051,-3.2409,0.34205,2.2757,5.0299,0
-1.389,-3.3178,0.25324,-7.0542,4.1525,0
-2.1488,-3.4717,0.10909,0.00013542,1.9375,0
-1.8639,-3.4974,-0.041503,8.1923,0.70051,0
-1.1041,-3.0357,-0.2011,-1.3652,-1.0974,0
-0.7242,-2.7535,-0.3903,-7.9645,0.41284,0
-0.91415,-2.6509,-0.63743,3.6411,1.5635,0
-1.1991,-2.2406,-0.91158,6.3718,3.4765,0
0.13056,-1.6763,-1.1471,-4.3235,4.282,0
0.32051,-1.4454,-1.3363,-6.3715,2.8724,0
-0.81917,-1.4198,-1.5384,6.3718,2.2683,0
-1.0091,-1.4198,-1.8048,3.4135,-0.090578,0
-0.24933,-1.4454,-2.0674,-6.8267,0.067639,0
0.41548,-1.1889,-2.3261,-3.1857,0.067639,0
0.98533,-0.72725,-2.5835,7.9647,0.54229,0
-0.059385,-0.21426,-2.8499,1.8206,1.6786,0
0.32051,0.19613,-3.0803,-7.0542,1.0745,0
0.89035,0.35002,-3.2399,0.91037,1.995,0
-0.059385,0.11918,-3.3841,7.0545,1.4628,0
-0.059385,-0.086014,-3.5823,-3.1857,2.6423,0
0.79538,-0.6503,-3.8088,-7.2818,3.8792,0
1.8401,-0.93244,-4.0238,4.7789,5.0155,0
1.6501,-1.035,-4.2117,5.4616,7.3888,0
-0.059385,-0.77854,-4.406,-6.8267,7.8059,0
0.22554,-0.62465,-4.5978,-5.0062,9.4025,0
1.3652,-0.82984,-4.742,6.5994,8.9566,0
1.4602,-1.1889,-4.787,1.3655,8.8559,0
1.9351,-1.5993,-4.7934,-8.192,8.6689,0
2.315,-1.548,-4.7522,0.00013542,7.4176,0
2.6949,-1.7019,-4.7214,7.7372,7.7484,0
2.9798,-1.5737,-4.7265,-0.68254,6.2525,0
1.6501,-1.8558,-4.7329,-7.2818,6.1087,0
-0.7242,-2.1893,-4.6969,3.6411,4.9436,0
-0.91415,-2.0097,-4.5566,6.5994,3.908,0
-0.7242,-1.8045,-4.3648,-5.0062,3.6491,0
0.7004,-1.625,-4.2207,-6.3715,2.2683,0
2.125,-1.9071,-4.1538,5.9167,2.8724,0
1.9351,-1.9841,-4.1139,4.5513,2.2108,0
1.4602,-1.8302,-4.0186,-6.8267,2.9875,0
1.7451,-2.061,-3.8217,-3.4133,3.419,0
0.41548,-1.9584,-3.5578,7.282,3.3183,0
-1.579,-1.6506,-3.2721,0.91037,4.4546,0
-2.0538,-0.98374,-2.9593,-8.192,3.8792,0
-1.9589,0.016583,-2.6582,1.3655,5.2025,0
-1.0091,0.68346,-2.4162,7.7372,5.0874,0
0.035589,1.4529,-2.2746,-2.9581,5.4902,0
1.6501,2.5046,-2.2386,-7.5093,5.8498,0
1.3652,2.7867,-2.1433,4.5513,5.1594,0
0.13056,2.915,-1.9078,5.4616,5.7922,0
-0.24933,3.1201,-1.6504,-6.5991,4.469,0
0.51046,2.838,-1.4007,-4.7786,4.6128,0
0.41548,2.7354,-1.1098,7.0545,3.9224,0
-0.62923,3.0945,-0.80861,2.0482,3.2608,0
-1.389,3.6844,-0.42892,-7.2818,3.2895,0
-0.7242,4.0948,0.060177,-0.68254,1.5923,0
0.13056,4.0435,0.56085,7.0545,1.5779,0
-0.7242,3.9409,0.97144,-1.8203,-0.033045,0
-1.0091,4.377,1.3601,-8.192,-0.49331,0
0.13056,5.1208,1.8479,3.186,-1.155,0
0.035589,5.5312,2.3641,6.1442,-2.0755,0
-0.81917,6.4033,2.884,-5.6889,-1.3995,0
0.13056,7.4549,3.4002,-5.4613,-2.2049,0
0.22554,8.1474,3.9832,5.9167,-1.1693,0
0.13056,8.6091,4.5843,4.3238,-1.3132,0
0.51046,9.0195,5.0914,-8.192,-1.1837,0
0.60543,9.4812,5.5406,-3.8684,-0.69468,0
0.32051,9.6607,6.0426,7.282,-1.5721,0
0.035589,9.2503,6.56,1.3655,-0.70906,0
0.7004,8.9169,6.95,-7.9645,-1.457,0
1.9351,8.3782,7.255,0.00013542,-0.70906,0
2.22,7.3779,7.5716,7.0545,-0.7666,0
2.125,7.1471,7.8741,-1.8203,-1.155,0
1.6501,7.1727,8.0298,-7.0542,-0.6803,0
-0.24933,7.0188,8.0775,4.3238,-1.7878,0
-0.91415,7.2753,8.0067,5.9167,-1.0687,0
-0.15436,7.7627,7.8612,-5.0062,-1.9604,0
-0.34431,7.9679,7.69,-5.9164,-1.8454,0
-0.24933,7.3523,7.5253,6.8269,-1.8454,0
0.7004,6.8649,7.3464,5.234,-2.4207,0
0.035589,6.352,7.1392,-7.7369,-1.4714,0
-1.1041,5.6594,6.9075,-2.503,-2.2049,0
-0.62923,4.5822,6.6192,8.1923,-1.3707,0
-0.62923,4.3257,6.2935,1.1379,-1.7303,0
-0.91415,3.6331,6.04,-8.192,-1.6296,0
-1.8639,2.7098,5.8637,0.45525,-1.0687,0
-1.7689,2.0942,5.6243,8.1923,-1.644,0
-1.389,1.6581,5.3295,-1.3652,-0.72345,0
-1.8639,0.93996,5.076,-7.2818,-1.5002,0
-1.389,0.40132,4.8687,4.7789,-1.0687,0
0.51046,-0.18861,4.6551,6.5994,-1.0399,0
1.2702,-0.5477,4.4337,-5.6889,-1.155,0
-0.43928,-0.5477,4.1737,-4.5511,-0.090578,0
-1.1991,-0.599,3.8918,6.5994,-0.69468,0
-0.81917,-0.3938,3.5907,3.186,0.32654,0
0.60543,-0.4964,3.2612,-7.9645,-0.27756,0
1.0803,-0.5477,2.8802,-2.503,-0.30633,0
1.6501,-0.41945,2.476,7.7372,-0.076195,0
0.7004,-0.4964,2.1272,-0.45498,-0.8529,0
-1.0091,-1.035,1.9007,-8.4196,-0.11935,0
-2.1488,-1.3685,1.736,1.8206,-1.2125,0
-1.1041,-1.3941,1.5532,7.0545,-0.86728,0
-0.81917,-1.3941,1.3627,-2.9581,-1.1406,0
-0.24933,-1.3941,1.1696,-6.8267,-1.644,0
0.035589,-1.7019,0.97272,4.5513,-1.1118,0
-0.059385,-1.5224,0.80411,5.0064,-2.1906,0
0.13056,-1.035,0.6458,-5.2337,-1.5433,0
0.13056,-0.4964,0.47977,-5.4613,-2.4207,0
0.98533,-0.4964,0.39353,6.5994,-2.4063,0
1.1753,-0.599,0.29958,2.7309,-2.3344,0
-0.24933,-0.36816,0.12324,-8.4196,-3.0967,0
-1.0091,-0.4451,-0.086552,-1.8203,-2.4495,0
-0.15436,-0.57335,-0.22298,7.282,-3.7008,0
-0.7242,-0.57335,-0.26932,0.00013542,-3.5426,0
-1.294,-0.6503,-0.35427,-8.192,-4.1323,0
-1.294,-0.599,-0.46496,2.5033,-4.7364,0
-1.7689,-0.3938,-0.61297,7.282,-4.2186,0
-1.6739,-0.4451,-0.73396,-3.4133,-5.096,0
-0.7242,-0.98374,-0.8099,-6.144,-4.233,0
0.32051,-1.3172,-0.85494,5.4616,-4.9234,0
0.7004,-1.8558,-0.89227,4.3238,-4.7796,0
0.79538,-1.9584,-0.95148,-7.2818,-4.8227,0
1.2702,-1.9071,-1.0068,-3.4133,-5.4987,0
1.2702,-2.0867,-1.084,7.5096,-4.7796,0
0.32051,-2.4714,-1.1394,1.3655,-5.4556,0
0.89035,-2.574,-1.1523,-7.9645,-4.5351,0
1.2702,-2.8818,-1.1252,0.45525,-4.9378,0
-0.7242,-3.0613,-1.1651,7.0545,-5.0529,0
-2.1488,-2.8048,-1.29,-2.0479,-4.7508,0
-0.7242,-2.4714,-1.4225,-7.7369,-5.6282,0
0.7004,-1.8558,-1.5036,3.4135,-4.8083,0
1.4602,-0.98374,-1.5461,6.1442,-5.6282,0
0.41548,-1.3428,-1.5281,-5.2337,-4.8803,0
-1.0091,-1.2402,-1.4959,-5.6889,-4.8946,0
-0.7242,-1.035,-1.4534,5.4616,-5.0816,0
-0.62923,-1.4198,-1.429,2.7309,-4.5638,0
0.13056,-1.5224,-1.4522,-7.5093,-5.585,0
1.4602,-1.4711,-1.5281,-2.0479,-4.7508,0
2.315,-1.1889,-1.604,7.282,-5.2398,0
2.5049,-1.0863,-1.6478,0.2277,-4.7364,0
1.6501,-0.75289,-1.6414,-7.9645,-4.1467,0
-0.62923,-0.41945,-1.6735,0.45525,-4.3912,0
-1.579,-0.23991,-1.743,7.9647,-3.2118,0
0.22554,-0.21426,-1.8022,-2.7306,-3.8878,0
0.22554,-0.18861,-1.8035,-7.5093,-2.996,0
-0.34431,0.042233,-1.7855,4.3238,-2.809,0
0.035589,0.37567,-1.8087,5.4616,-2.4782,0
1.2702,0.11918,-1.8125,-5.2337,-1.3563,0
1.4602,-0.13731,-1.7816,-5.0062,-1.7447,0
1.8401,-0.0090658,-1.7778,6.5994,-0.49331,0
1.8401,0.11918,-1.8087,2.2757,-0.83852,0
0.7004,0.65782,-1.8151,-7.5093,0.024489,0
-0.15436,0.93996,-1.8228,-1.5928,0.68613,0
-0.15436,0.58087,-1.8306,8.1923,0.72928,0
0.41548,0.067882,-1.8228,0.2277,1.9519,0
0.60543,-0.18861,-1.7919,-7.5093,1.3765,0
0.79538,0.22178,-1.7765,2.5033,2.4841,0
0.51046,0.76041,-1.7829,6.5994,2.3258,0
-0.34431,1.0682,-1.7752,-4.3235,2.8868,0
-0.7242,0.83736,-1.8061,-6.8267,3.7642,0
-0.34431,0.88866,-1.846,5.234,3.3758,0
-0.059385,0.83736,-1.8885,5.234,4.5409,0
-1.1991,0.63217,-1.8782,-5.9164,3.9224,0
-1.294,0.40132,-1.8717,-3.6408,4.6847,0
-1.8639,0.47827,-1.8743,7.282,4.8142,0
-2.2438,0.81171,-1.8524,2.5033,4.6128,0
-1.7689,0.76041,-1.8486,-8.192,5.3607,0
-1.0091,0.40132,-1.8537,-0.22742,4.5265,0
-0.53425,0.22178,-1.8627,8.6474,5.2888,0
0.51046,0.22178,-1.873,-1.1377,4.469,0
0.41548,0.42697,-1.8306,-7.2818,4.397,0
0.035589,0.60652,-1.7366,2.9584,4.469,0
0.98533,0.19613,-1.6478,6.1442,3.7066,0
1.3652,-0.36816,-1.6259,-5.9164,4.4977,0
-0.24933,-0.5477,-1.5899,-6.3715,3.6491,0
-1.6739,-0.41945,-1.5513,5.9167,4.4546,0
-1.294,-0.4964,-1.4624,3.186,4.1957,0
-1.9589,-0.75289,-1.4045,-7.7369,3.9799,0
-1.7689,-0.98374,-1.3711,-3.1857,4.397,0
-0.91415,-1.035,-1.3067,7.0545,3.2751,0
-1.1041,-1.0094,-1.2552,1.1379,4.0518,0
-1.294,-1.1889,-1.2707,-7.9645,3.1169,0
-0.81917,-1.1376,-1.2539,1.3655,3.3039,0
-1.1041,-1.2659,-1.1394,7.5096,3.1457,0
-1.6739,-1.3685,-1.0042,-3.8684,2.369,0
-0.81917,-0.95809,-0.96177,-7.0542,3.0738,0
0.22554,-0.4964,-1.0145,3.8687,2.2683,0
0.79538,-0.4964,-1.0107,4.7789,3.3902,0
0.41548,-0.75289,-0.90257,-6.5991,3.0882,0
0.035589,-1.1889,-0.79702,-5.4613,3.0594,0
-0.15436,-1.112,-0.80346,7.0545,3.0306,0
-1.484,-1.2402,-0.89356,1.5931,1.995,0
-1.7689,-1.3428,-0.9785,-8.192,2.8436,0
-1.579,-1.4711,-0.99266,0.45525,2.369,0
-1.1991,-1.5993,-0.93217,7.5096,3.908,0
0.13056,-1.7789,-0.85237,-1.1377,4.3683,0
0.41548,-1.8815,-0.80861,-7.9645,3.3183,0
-0.34431,-1.625,-0.75326,4.0962,1.2758,0
0.035589,-1.9328,-0.65931,6.1442,-2.6796,0
0.51046,-2.1893,-0.51773,-6.8267,-3.7727,0
0.98533,-1.5993,-0.40318,-4.3235,-4.6501,0
0.89035,-1.112,-0.36328,6.8269,-3.2693,0
0.89035,-1.9328,-0.3504,4.7789,-1.9604,0
1.1753,-2.9331,-0.33239,-7.0542,-1.5002,0
1.0803,-3.4204,-0.33496,-3.1857,-0.36386,0
-1.1041,-3.2665,-0.31823,8.1923,-2.1186,0
-1.579,-2.8818,-0.22556,1.1379,-2.9529,0
-1.1041,-2.4457,-0.072394,-7.9645,-5.096,0
-1.0091,-2.7535,-0.006752,-0.22742,-6.0453,0
-1.7689,-2.9587,-0.067245,7.282,-5.5563,0
-1.7689,-3.523,-0.098135,-2.0479,-5.7001,0
-0.91415,-3.6256,-0.094274,-7.9645,-3.9022,0
-1.0091,-3.2922,-0.12645,3.186,-4.0748,0
-1.389,-3.2922,-0.17021,6.5994,-3.3844,0
-0.43928,-3.1639,-0.14447,-4.5511,-3.7583,0
-0.15436,-3.1126,-0.033781,-5.4613,-4.2474,0
-0.24933,-3.7795,0.064038,6.1442,-3.557,0
-0.15436,-3.7282,0.14641,4.0962,-3.9166,0
0.79538,-3.8308,0.19532,-7.9645,-1.8741,0
1.4602,-3.9078,0.16057,-2.9581,-1.3276,0
-0.059385,-3.4717,0.12453,7.5096,-0.34948,0
-0.15436,-2.7535,0.12582,0.45525,-0.1625,0
0.13056,-2.574,0.11166,-8.4196,-1.5433,0
0.13056,-2.3944,0.097502,-0.22742,-2.0611,0
-0.059385,-1.5737,0.096215,7.282,-4.1755,0
-0.059385,-0.90679,0.064038,-2.2755,-4.2474,0
-0.24933,-0.67595,0.0061189,-7.9645,-5.096,0
0.035589,-0.3938,-0.023484,3.6411,-5.4987,0
-0.24933,-0.21426,0.013841,5.6891,-5.2255,0
0.60543,0.22178,0.039583,-6.144,-5.9159,0
0.41548,0.78606,0.0061189,-5.6889,-5.0097,0
-0.24933,1.4273,-0.040216,6.3718,-6.1604,0
-0.62923,1.5042,-0.032494,2.5033,-5.8727,0
-0.62923,1.4786,0.026712,-7.5093,-6.2467,0
-0.7242,1.4016,0.04988,-1.8203,-6.0453,0
-0.81917,1.376,0.030574,7.282,-4.1323,0
-2.2438,1.7094,0.048593,-0.22742,-3.2549,0
-3.0036,2.0942,0.097502,-7.5093,-0.80975,0
-1.389,1.9916,0.13869,2.5033,-0.73783,0
0.60543,1.6325,0.17601,7.5096,-0.018661,0
0.035589,2.0429,0.23651,-3.6408,0.45599,0
-0.62923,2.402,0.26997,-7.2818,0.74366,0
-1.1041,2.8893,0.23522,5.0064,2.5847,0
-0.81917,2.8893,0.16186,5.0064,2.6854,0
-0.24933,2.9406,0.07176,-6.3715,4.2101,0
-0.43928,3.0688,0.013841,-4.7786,3.9224,0
-0.43928,3.3253,-0.026058,7.7372,3.6347,0
-1.294,3.274,-0.089126,2.0482,3.3614,0
-2.3388,3.0945,-0.13546,-7.9645,1.8799,0
-1.1991,2.6585,-0.12903,-1.5928,2.1388,0
-0.43928,2.325,-0.1213,7.282,1.0601,0
1.2702,2.5302,-0.11358,-2.0479,1.9375,0
2.4099,3.351,-0.12388,-8.4196,1.7936,0
1.0803,3.8383,-0.1419,2.5033,1.0169,0
-0.15436,3.7357,-0.15605,6.8269,0.81558,0
-0.059385,2.838,-0.099422,-5.4613,-0.75222,0
0.035589,2.1198,0.0099801,-6.5991,-0.11935,0
0.035589,1.6325,0.10909,5.4616,-0.56523,0
0.13056,1.4529,0.1477,3.6411,0.39846,0
0.035589,0.76041,0.12067,-6.5991,1.2327,0
0.51046,0.11918,0.088493,-3.1857,1.2902,0
0.51046,-0.16296,0.078196,6.5994,2.1964,0
-0.53425,-0.6503,0.035722,1.3655,1.319,0
-0.53425,-0.95809,-0.0041778,-8.6471,1.7649,0
1.3652,-0.98374,-0.013187,0.00013542,0.95941,0
1.6501,-1.2402,0.017703,7.282,0.77243,0
1.5552,-1.1376,0.11037,-1.8203,0.91626,0
1.6501,-0.98374,0.24938,-8.192,0.12517,0
0.7004,-1.2402,0.40769,2.7309,1.2758,0
-0.059385,-1.5737,0.51709,6.8269,0.82996,0
-0.53425,-1.5224,0.56085,-4.7786,1.5779,0
-0.15436,-1.4711,0.51452,-6.144,0.93064,0
0.51046,-1.3685,0.39868,5.234,-0.11935,0
0.79538,-1.4454,0.31502,4.3238,-0.033045,0
0.32051,-0.98374,0.31502,-7.5093,-1.2413,0
-0.7242,-0.6503,0.29829,-2.9581,-0.69468,0
-1.389,-0.82984,0.27255,8.1923,-1.6152,0
-0.62923,-0.52205,0.28284,1.5931,-1.4714,0
0.41548,-0.086014,0.29443,-7.7369,-1.083,0
0.13056,-0.26556,0.32274,0.2277,-1.3419,0
-1.294,-0.57335,0.37937,7.7372,-0.30633,0
-0.81917,-0.36816,0.43343,-2.0479,-1.3707,0
-0.7242,-0.26556,0.41413,-7.9645,-1.0255,0
-0.24933,0.016583,0.30601,3.8687,-1.5289,0
0.13056,0.14483,0.20819,6.5994,-1.2988,0
-0.34431,0.14483,0.20047,-4.3235,0.22586,0
-0.43928,0.016583,0.23265,-5.4613,0.21147,0
-0.62923,0.042233,0.24552,6.5994,1.4484,0
-0.7242,0.58087,0.24037,4.0962,0.053256,0
-0.53425,0.93996,0.26096,-7.0542,-0.79537,0
-0.15436,1.2221,0.28928,-3.6408,-1.7303,0
0.41548,1.1965,0.27641,7.9647,-2.7371,0
0.89035,1.2221,0.24037,0.68281,-1.644,0
0.89035,1.1708,0.17859,-7.9645,-1.6584,0
0.89035,1.2734,0.08978,0.45525,0.38407,0
0.98533,1.4273,0.034435,7.282,1.1608,0
1.3652,1.1965,-0.0080391,-2.0479,1.808,0
1.7451,1.0682,-0.015762,-6.8267,2.2539,0
1.5552,0.78606,0.024138,4.5513,0.91626,0
-0.24933,0.65782,0.098789,5.4616,1.3621,0
-0.91415,0.11918,0.15285,-5.9164,0.72928,0
0.41548,-0.34251,0.11681,-5.9164,2.2827,0
0.89035,-0.086014,0.04988,5.6891,3.5628,0
1.6501,-0.11166,0.042157,3.6411,3.9943,0
1.1753,-0.16296,0.048593,-7.5093,4.9148,0
0.7004,-0.18861,0.074335,-2.2755,3.8792,0
0.32051,-0.18861,0.11938,7.5096,4.5121,0
0.22554,-0.18861,0.17087,0.45525,3.8792,0
0.51046,-0.13731,0.21334,-7.9645,4.0806,0
0.89035,0.042233,0.2674,1.1379,4.397,0
0.7004,0.11918,0.26997,7.7372,3.9799,0
0.035589,-0.29121,0.18374,-3.1857,5.1306,0
-1.1991,-0.52205,0.13354,-7.5093,4.6416,0
-0.91415,-0.0090658,0.15027,4.5513,5.7779,0
-0.7242,0.067882,0.13611,5.6891,5.4614,0
-0.53425,-0.16296,0.12968,-6.3715,4.9292,0
-0.24933,0.042233,0.18631,-5.4613,4.6559,0
-1.294,0.19613,0.25968,6.3718,3.2751,0
-2.1488,-0.23991,0.28027,3.4135,4.1094,0
-1.8639,-0.4964,0.23651,-7.2818,3.8649,0
-1.0091,-1.0094,0.15285,-1.3652,5.0155,0
-0.34431,-1.112,0.098789,7.5096,4.8861,0
0.89035,-0.82984,0.066612,0.00013542,4.1381,0
2.315,-0.4964,0.0086931,-7.7369,3.9512,0
2.6949,-0.41945,-0.02992,2.2757,2.4697,0
1.2702,-0.95809,-0.023484,7.7372,3.2032,0
0.13056,-1.0863,0.04087,-3.4133,2.5847,0
0.51046,-0.599,0.14512,-5.6889,2.6998,0
0.89035,-0.26556,0.20047,5.6891,2.3402,0
1.2702,0.042233,0.15156,4.0962,1.132,0
2.4099,-0.52205,0.01899,-7.5093,1.4197,0
2.6949,-1.112,-0.10457,-4.5511,0.13956,0
0.7004,-0.93244,-0.14962,7.0545,0.65736,0
-0.7242,-0.7016,-0.11358,2.5033,0.16832,0
0.22554,-0.88114,-0.027345,-7.9645,-0.033045,0
0.7004,-1.1889,0.039583,-0.9101,0.26901,0
0.41548,-0.93244,0.021564,7.5096,-0.98235,0
-0.34431,-0.93244,-0.02091,-0.9101,-0.75222,0
-0.15436,-1.1633,-0.024771,-8.4196,-2.3775,0
0.41548,-1.3685,-0.0028907,1.3655,-2.5789,0
0.32051,-0.98374,0.052454,6.5994,-3.0536,0
-0.34431,-0.67595,0.12711,-4.7786,-3.4275,0
0.13056,-0.57335,0.18889,-7.2818,-2.1906,0
1.5552,-0.3938,0.17859,5.0064,-2.6364,0
1.4602,-0.67595,0.19275,5.234,-1.7734,0
-0.24933,-0.93244,0.2571,-7.2818,-3.0248,0
-0.43928,-1.035,0.32146,-3.8684,-3.6864,0
-0.62923,-1.0607,0.35621,6.1442,-3.9597,0
-0.81917,-1.4711,0.35749,1.8206,-4.6357,0
-0.24933,-1.9841,0.33819,-7.7369,-3.3556,0
0.32051,-1.7532,0.26225,0.00013542,-3.9741,0
0.41548,-1.548,0.19146,7.9647,-3.5426,0
-0.24933,-1.1889,0.17473,-1.1377,-4.5638,0
-0.53425,-1.0094,0.16443,-7.7369,-5.5563,0
-0.62923,-0.5477,0.15671,2.7309,-5.4412,0
-0.34431,-0.4964,0.13225,6.8269,-6.1891,0
0.7004,-0.80419,0.10909,-4.5511,-5.0672,0
0.98533,-0.93244,0.084631,-6.144,-5.7433,0
-0.34431,-0.80419,0.029286,7.0545,-5.3405,0
-0.7242,-0.4451,-0.023484,4.5513,-5.4844,0
0.89035,-0.21426,-0.045365,-7.7369,-6.1316,0
0.51046,-0.18861,-0.018336,-2.503,-5.6426,0
-0.62923,-0.18861,0.026712,8.1923,-7.0378,0
-1.0091,-0.21426,0.046019,1.8206,-6.6494,0
0.22554,0.042233,0.0048318,-7.5093,-7.2967,0
0.60543,0.60652,-0.041503,0.91037,-7.009,0
0.51046,0.96561,-0.053087,7.7372,-6.3474,0
1.2702,0.81171,-0.028633,-2.9581,-6.8652,0
0.41548,1.1708,-0.0054649,-7.5093,-6.0022,0
-1.0091,1.4016,-0.0054649,3.8687,-6.9371,0
-1.0091,1.2477,-0.038929,6.1442,-6.0885,0
-0.81917,1.0682,-0.085264,-5.9164,-5.8583,0
-1.389,0.55522,-0.031207,-5.6889,-5.3981,0
-0.34431,-0.13731,0.08978,6.8269,-4.0316,0
-0.24933,-0.52205,0.20819,3.4135,-4.5782,0
-1.0091,-0.16296,0.24294,-8.4196,-3.3556,0
-0.7242,0.19613,0.20948,-2.0479,-3.7727,0
0.89035,0.042233,0.13998,7.282,-2.9097,0
1.5552,-0.4451,0.048593,0.00013542,-2.5501,0
1.1753,-0.31686,-0.0080391,-8.192,-3.2981,0
0.98533,-0.0090658,0.01899,0.68281,-2.9097,0
0.13056,0.32437,0.053741,7.5096,-4.2186,0
-1.294,1.0682,0.035722,-4.5511,-3.2405,0
-1.389,1.1708,-0.0041778,-6.8267,-3.0536,0
0.035589,0.60652,-0.035068,5.234,-2.7803,0
0.32051,0.27308,-0.015762,4.3238,-2.4063,0
-0.7242,0.22178,0.047306,-6.8267,-3.744,0
-1.1991,0.40132,0.11681,-5.0062,-3.2693,0
-0.15436,0.35002,0.19275,7.282,-4.0172,0
1.2702,0.22178,0.24809,1.1379,-3.2118,0
0.7004,-0.21426,0.22106,-8.6471,-3.0104,0
-0.62923,-0.77854,0.11938,-0.45498,-3.5714,0
-1.389,-1.2402,0.056315,7.9647,-3.3268,0
-0.62923,-0.7016,0.0022576,-0.9101,-4.5638,0
0.51046,-0.5477,-0.065958,-7.7369,-3.7583,0
0.41548,-1.0607,-0.0917,3.6411,-4.1323,0
-0.34431,-1.3685,-0.094274,7.0545,-3.4563,0
-0.53425,-1.1889,-0.058236,-5.0062,-2.9097,0
-0.7242,-0.80419,-0.027345,-6.5991,-3.1399,0
-0.53425,-0.18861,-0.013187,6.5994,-1.8741,0
0.60543,0.11918,-0.022197,4.0962,-2.1762,0
1.2702,0.40132,-0.050513,-7.5093,-0.92482,0
1.5552,0.76041,-0.065958,-3.4133,-1.1262,0
0.60543,0.78606,-0.081403,8.1923,-1.3276,0
-1.0091,-0.034715,-0.11487,1.3655,-0.82413,0
-2.2438,-0.5477,-0.15091,-8.192,-1.3563,0
-1.389,-0.62465,-0.24744,0.00013542,-0.14811,0
-1.6739,-0.16296,-0.26803,7.7372,-0.78098,0
-0.62923,0.35002,-0.27704,-1.1377,-0.20565,0
-0.53425,0.55522,-0.24615,-7.2818,-0.40701,0
-1.484,0.14483,-0.1818,3.186,-0.9392,0
-1.484,-0.31686,-0.15734,6.3718,-0.30633,0
-0.81917,-0.57335,-0.19982,-5.4613,-1.1406,0
0.035589,-1.0607,-0.2616,-6.5991,-0.39263,0
-0.34431,-1.5737,-0.3015,6.3718,-0.75222,0
-0.62923,-1.5993,-0.30664,3.4135,-0.4214,0
-1.0091,-1.7276,-0.24744,-7.9645,0.41284,0
-2.1488,-1.3685,-0.13031,-4.0959,-0.14811,0
-2.2438,-0.62465,-0.023484,7.7372,0.84434,0
-0.15436,-0.086014,-0.0028907,1.1379,-0.061812,0
0.51046,-0.034715,-0.028633,-7.9645,0.72928,0
1.2702,0.093531,-0.033781,0.00013542,1.132,0
1.6501,0.45262,0.0099801,7.0545,1.1464,0
0.7004,-0.086014,0.030574,-2.0479,2.0382,0
-0.34431,-0.7016,0.020277,-7.7369,1.0313,0
-0.34431,-0.75289,0.046019,2.7309,1.6354,0
0.7004,-0.67595,0.087205,6.5994,0.75804,0
1.6501,-0.4451,0.085918,-5.4613,0.88749,0
0.89035,0.17048,0.091067,-5.9164,1.1032,0
-0.24933,0.96561,0.13483,5.4616,0.45599,0
-0.7242,0.96561,0.17473,3.4135,1.3334,0
0.13056,0.50392,0.1477,-7.7369,0.47037,0
1.6501,-0.4451,0.065325,-3.1857,1.2758,0
1.4602,-0.88114,0.069186,7.9647,1.0169,0
-0.059385,-0.75289,0.16314,0.68281,0.87311,0
-0.059385,-0.47075,0.22106,-8.192,1.2327,0
0.79538,-0.72725,0.25581,0.91037,0.053256,0
2.4099,-1.5737,0.21978,7.5096,0.70051,0
3.2647,-2.1636,0.087205,-1.5928,-0.11935,0
2.22,-1.1376,-0.031207,-7.2818,0.68613,0
1.0803,-0.34251,-0.023484,3.8687,1.2183,0
-0.15436,-0.599,0.10909,5.9167,1.0601,0
-0.62923,-0.90679,0.26482,-5.4613,1.6786,0
-0.34431,-0.34251,0.297,-4.5511,0.39846,0
-0.15436,0.52957,0.21077,6.8269,0.62859,0
-1.389,0.042233,0.11166,2.9584,-0.11935,0
-1.7689,-0.4451,0.10136,-7.7369,-0.49331,0
-0.7242,0.067882,0.15285,-1.8203,-0.20565,0
0.035589,0.50392,0.23007,8.4198,-0.49331,0
0.035589,0.17048,0.26482,0.00013542,1.0313,0
0.79538,-0.31686,0.17988,-8.192,0.78681,0
1.2702,-0.75289,0.10522,1.8206,1.1464,0
-0.24933,-0.52205,0.11037,6.5994,0.45599,0
-0.91415,-0.23991,0.15027,-3.8684,-0.43578,0
-0.24933,-0.4451,0.12582,-7.7369,0.067639,0
-0.43928,-0.57335,0.05889,4.0962,-0.72345,0
-0.43928,-0.599,0.044732,5.0064,0.52791,0
0.13056,-0.36816,0.04988,-7.5093,0.067639,0
1.3652,-0.0090658,0.017703,-3.6408,0.57106,0
1.1753,0.14483,-0.035068,7.7372,0.42722,0
0.89035,0.42697,-0.11873,1.3655,-0.66591,0
0.79538,0.52957,-0.21783,-8.4196,-0.78098,0
0.89035,0.14483,-0.27575,-0.9101,-2.7515,0
0.98533,0.32437,-0.28348,7.5096,-2.7947,0
0.41548,0.32437,-0.22556,-1.5928,-3.4994,0
-0.24933,-0.18861,-0.14447,-8.192,-3.2549,0
-0.53425,-0.31686,-0.08269,2.9584,-2.2625,0
-0.53425,0.17048,-0.102,7.282,-2.5214,0
-1.1041,0.58087,-0.16893,-4.5511,-1.4714,0
-1.9589,0.40132,-0.20625,-6.8267,-2.694,0
-2.5287,0.016583,-0.15992,5.9167,-2.5933,0
-2.0538,0.067882,-0.078829,4.5513,-2.8953,0
0.13056,0.093531,-0.010613,-7.5093,-2.5645,0
1.4602,0.19613,0.044732,-3.6408,-0.79537,0
1.2702,-0.060364,0.088493,8.4198,-0.26318,0
1.1753,-0.16296,0.085918,1.8206,1.7361,0
1.4602,-0.18861,0.043444,-7.9645,1.7217,0
1.1753,-0.0090658,-0.017049,0.68281,1.693,0
0.79538,-0.0090658,-0.032494,7.5096,0.71489,0
1.5552,-0.62465,-0.054374,-0.9101,-1.7303,0
2.6949,-0.7016,-0.13417,-6.3715,-1.1837,0
1.9351,0.016583,-0.20239,3.6411,1.3621,0
0.13056,0.47827,-0.20625,6.5994,8.9422,0
-0.43928,0.60652,-0.19081,-5.0062,16.436,0
-0.15436,0.88866,-0.22298,-6.3715,21.01,0
0.51046,1.4273,-0.20239,6.1442,21.571,0
0.60543,1.812,-0.18694,4.3238,16.321,0
0.32051,1.6581,-0.23199,-7.2818,10.611,0
0.32051,1.2734,-0.30021,-2.503,3.3902,0
1.5552,0.88866,-0.30793,7.7372,-1.5865,0
2.125,0.63217,-0.22813,1.1379,-5.6282,0
1.9351,0.81171,-0.10714,-8.4196,-9.4973,0
1.1753,1.6581,-0.046652,0.68281,-11.914,0
1.2702,2.0942,-0.0518,7.282,-15.495,0
1.2702,1.6325,-0.02091,-2.7306,-16.186,0
-0.059385,1.4016,0.08978,-7.7369,-16.286,0
-0.24933,1.6068,0.22106,3.4135,-13.956,0
-0.059385,1.299,0.23007,6.5994,-10.044,0
-1.1991,0.42697,0.15156,-6.3715,-7.4693,0
-1.0091,-0.34251,0.084631,-5.9164,-4.6789,0
-0.81917,-0.75289,0.047306,5.9167,-5.2398,0
-0.91415,-0.67595,0.055028,2.9584,-5.4987,0
-1.389,-0.4451,0.08978,-7.2818,-6.1316,0
-0.62923,0.22178,0.10909,-1.8203,-5.9878,0
0.13056,-0.16296,0.10265,7.282,-3.5282,0
-0.059385,-0.67595,0.061464,-0.22742,-1.9748,0
0.60543,-0.95809,-0.018336,-8.6471,1.0026,0
0.41548,-0.34251,-0.16893,1.5931,1.319,0
-0.24933,0.27308,-0.31694,6.5994,1.0169,0
-0.53425,0.37567,-0.3311,-3.4133,-0.594,0
-0.15436,-0.21426,-0.23071,-6.5991,-3.5857,0
0.60543,-0.060364,-0.1419,5.234,-4.8946,0
0.32051,0.11918,-0.10071,5.9167,-7.1672,0
-0.059385,-0.060364,-0.08269,-5.6889,-7.1097,0
0.51046,-0.18861,-0.085264,-5.6889,-7.5124,0
0.32051,-0.62465,-0.080116,7.0545,-7.5556,0
-0.15436,-0.98374,-0.085264,3.4135,-6.7789,0
-0.24933,-1.0094,-0.090413,-6.8267,-7.1672,0
0.79538,-1.0094,-0.068532,-2.7306,-5.3837,0
0.98533,-0.57335,-0.056948,7.5096,-4.7364,0
0.035589,0.22178,0.025425,0.68281,-2.32,0
-0.15436,0.29873,0.12067,-7.5093,0.36969,0
0.32051,-0.599,0.14126,0.45525,2.4697,0
0.41548,-1.2659,0.092354,7.0545,5.3463,0
-0.15436,-1.4454,-0.024771,-2.7306,5.8354,0
-0.62923,-1.6506,-0.068532,-7.7369,7.0867,0
-0.91415,-1.2915,0.0022576,4.0962,6.3532,0
-1.389,-0.80419,0.076909,5.4616,5.5477,0
-1.0091,-0.6503,0.04988,-5.2337,4.9148,0
-0.24933,-0.57335,-0.023484,-5.6889,2.8005,0
0.32051,-0.80419,-0.058236,6.8269,2.2252,0
0.60543,-1.0094,-0.015762,3.6411,-0.34948,0
0.89035,-0.57335,0.029286,-7.2818,-1.6728,0
1.2702,-0.4451,0.015128,-2.503,-3.6577,0
1.6501,-1.2659,0.016416,7.7372,-5.6138,0
0.98533,-1.4967,0.082057,0.00013542,-6.1891,0
0.13056,-0.98374,0.11166,-8.6471,-7.9583,0
-1.294,-0.88114,0.024138,2.2757,-7.4693,0
-1.6739,-0.7016,-0.073681,6.3718,-8.0158,0
-0.7242,-0.3938,-0.098135,-5.2337,-7.1528,0
-0.34431,-0.23991,-0.032494,-7.5093,-5.7289,0
0.13056,0.042233,0.0022576,6.1442,-4.7508,0
-0.62923,-0.0090658,-0.054374,4.3238,-1.8885,0
-1.484,0.067882,-0.1213,-6.8267,-0.46455,0
-2.1488,0.19613,-0.08269,-3.6408,2.1964,0
-1.8639,0.19613,0.007406,7.7372,2.7286,0
-0.7242,0.47827,0.055028,1.5931,1.8368,0
0.13056,0.29873,0.08978,-8.6471,0.78681,0
-0.15436,0.47827,0.12196,-0.68254,-1.2125,0
-0.62923,0.37567,0.12839,8.1923,-0.26318,0
-0.91415,-0.36816,0.12453,-1.3652,0.024489,0
-1.389,-0.95809,0.15027,-7.2818,1.4197,0
-0.53425,-0.75289,0.19017,3.4135,1.9375,0
0.41548,-0.4451,0.14384,7.5096,0.61421,0
-0.059385,-0.21426,0.10651,-4.0959,-0.1625,0
-0.24933,-0.16296,0.10651,-6.3715,-2.7659,0
1.6501,-0.41945,0.10265,5.9167,-2.9385,0
2.125,-0.98374,0.10522,3.6411,-3.183,0
0.32051,-1.548,0.078196,-7.0542,-2.5358,0
-0.43928,-1.5993,0.05889,-2.2755,-1.1837,0
-0.62923,-0.80419,0.064038,7.7372,-1.3276,0
-0.7242,-0.5477,0.05889,2.7309,-0.033045,0
-1.389,-0.34251,0.030574,-7.0542,-0.4214,0
-0.7242,-0.21426,0.0022576,-1.1377,0.81558,0
-0.81917,0.22178,-0.015762,7.282,2.3402,0
-1.484,0.78606,-0.028633,-1.3652,3.1745,0
-2.6237,0.99126,-0.0119,-7.5093,4.8573,0
-1.0091,1.0426,-0.038929,3.4135,3.9368,0
0.98533,0.58087,-0.12903,7.0545,4.1669,0
2.03,0.50392,-0.15992,-5.0062,3.0306,0
1.9351,1.0169,-0.13804,-6.5991,2.5272,0
0.98533,1.5555,-0.077542,6.3718,2.8005,0
0.22554,1.8633,-0.019623,4.3238,1.6498,0
0.89035,1.8377,0.015128,-7.2818,1.9231,0
1.0803,1.8633,0.016416,-4.0959,0.11079,0
-0.24933,1.5812,-0.0093262,7.7372,-0.46455,0
-0.7242,1.7351,-0.045365,2.0482,-1.6728,0
0.51046,1.9659,-0.077542,-8.192,-2.9385,0
-0.059385,2.2481,-0.067245,-0.45498,-2.7659,0
-0.53425,2.2994,-0.032494,7.5096,-3.7871,0
-1.1041,2.2481,-0.019623,-4.0959,-2.8953,0
-2.2438,2.2224,-0.02091,-7.9645,-3.2693,0
-2.0538,2.7098,-0.028633,3.186,-2.4063,0
-0.53425,2.6072,-0.045365,5.234,-1.4426,0
-0.059385,2.1198,-0.015762,-5.6889,-1.5002,0
-0.15436,2.1455,0.034435,-6.3715,-0.56523,0
-1.484,2.4276,0.098789,6.3718,-1.5433,0
-1.8639,3.0688,0.13998,3.6411,-0.6803,0
-0.24933,3.8896,0.098789,-7.0542,-0.60838,0
1.2702,4.0435,0.1078,-3.6408,-0.20565,0
0.51046,3.4792,0.16057,7.9647,0.68613,0
-0.81917,2.4789,0.12453,0.68281,-0.018661,0
-0.53425,1.5042,0.030574,-7.7369,0.45599,0
1.2702,1.7607,-0.015762,0.91037,-0.89605,0
1.4602,2.3507,-0.028633,7.5096,-0.99673,0
-0.24933,1.7607,-0.02992,-2.9581,-1.4858,0
-1.1041,0.93996,0.00097052,-7.2818,-2.1618,0
0.60543,0.35002,0.012554,5.234,-1.8741,0
1.7451,0.24743,0.025425,5.234,-3.1542,0
1.4602,0.37567,0.04988,-5.9164,-2.5214,0
0.98533,0.32437,0.10136,-4.3235,-3.5282,0
1.8401,0.042233,0.16057,8.4198,-3.4994,0
3.0747,-0.34251,0.20176,3.6411,-3.3844,0
2.22,-0.5477,0.18116,-7.5093,-3.8878,0
0.79538,-0.85549,0.10909,-1.5928,-2.5933,0
-0.24933,-0.7016,0.020277,8.1923,-2.9385,0
0.22554,-0.6503,-0.006752,0.00013542,-1.7734,0
1.1753,-0.90679,0.034435,-7.0542,-1.7303,0
0.89035,-0.67595,0.083344,2.2757,-1.9317,0
-0.24933,-0.4451,0.073047,7.282,-1.2125,0
-0.62923,-0.4451,-0.0093262,-3.6408,-1.7303,0
-1.294,-0.34251,-0.056948,-7.2818,-0.34948,0
-2.6237,-0.41945,-0.023484,4.5513,-0.69468,0
-2.4337,-0.5477,-0.044078,4.7789,-0.29195,0
-2.2438,-0.3938,-0.062097,-6.8267,-0.49331,0
-1.389,0.016583,-0.058236,-4.7786,-1.6296,0
-0.24933,-0.26556,-0.074968,6.8269,-1.3132,0
-0.34431,-0.4964,-0.1213,2.5033,-2.5358,0
-0.15436,-0.85549,-0.14447,-7.7369,-1.7447,0
-0.059385,-0.29121,-0.064671,-1.8203,-1.8166,0
-0.34431,0.29873,0.078196,7.5096,-1.3995,0
-0.24933,0.58087,0.21205,-0.9101,-0.65153,0
0.89035,0.22178,0.23522,-8.192,-1.2988,0
1.4602,-0.36816,0.15671,1.8206,-0.43578,0
0.41548,-0.57335,0.15671,6.1442,-1.4139,0
-1.389,-0.18861,0.23522,-4.5511,-0.96797,0
-1.294,0.32437,0.26096,-7.0542,-0.88167,0
0.22554,0.32437,0.25067,5.4616,-0.96797,0
1.1753,0.27308,0.28284,4.3238,0.010105,0
2.315,0.19613,0.30987,-6.8267,-0.89605,0
2.7898,0.42697,0.27255,-4.3235,-0.20565,0
1.3652,0.52957,0.19403,7.282,-0.95358,0
0.22554,0.37567,0.2069,1.3655,-0.69468,0
0.51046,0.042233,0.30601,-7.2818,-0.23441,0
0.41548,0.067882,0.3871,0.45525,-0.70906,0
0.41548,0.17048,0.39482,7.5096,0.34092,0
1.0803,0.19613,0.36522,-1.8203,-0.45016,0
-0.059385,0.37567,0.29443,-7.7369,0.024489,0
-0.53425,0.35002,0.18631,3.4135,-0.43578,0
0.035589,0.22178,0.12067,6.8269,-0.98235,0
1.6501,0.24743,0.12968,-4.5511,-0.40701,0
1.4602,0.17048,0.16829,-6.5991,-1.1406,0
-0.15436,0.19613,0.18889,5.9167,-0.047428,0
-1.0091,0.24743,0.1979,4.5513,-0.60838,0
-1.1041,0.42697,0.24166,-6.3715,-0.27756,0
-0.15436,0.32437,0.25968,-3.1857,-0.2488,0
-0.15436,0.45262,0.2275,8.6474,-0.91043,0
0.41548,0.60652,0.1374,1.8206,-0.29195,0
1.1753,0.65782,0.057602,-7.9645,-1.27,0
1.3652,0.99126,0.007406,0.2277,-0.47893,0
-0.91415,1.1195,-0.02992,7.282,-0.73783,0
-2.0538,0.60652,-0.056948,-1.8203,-0.47893,0
-0.53425,0.55522,-0.037642,-7.2818,-0.061812,0
1.4602,0.29873,0.026712,2.7309,-0.75222,0
1.3652,0.19613,0.092354,6.1442,0.25462,0
-0.62923,-0.4451,0.13611,-4.7786,-0.52208,0
-0.34431,-0.62465,0.097502,-5.6889,0.25462,0
1.0803,-0.90679,0.01899,5.9167,0.31216,0
2.6949,-1.1633,-0.028633,2.9584,0.082022,0
1.8401,-0.98374,-0.013187,-7.2818,0.94503,0
0.035589,-0.6503,0.13611,-2.2755,0.26901,0
-0.62923,-0.98374,0.27126,7.282,1.4197,0
-0.62923,-1.0863,0.28284,-0.22742,1.2183,0
-0.81917,-0.80419,0.18116,-8.4196,1.6067,0
-0.7242,-0.4451,0.066612,2.0482,2.0094,0
-1.1991,-0.67595,-0.02091,6.8269,0.95941,0
-1.579,-0.4964,-0.102,-4.0959,1.2471,0
-1.0091,-0.23991,-0.1316,-6.5991,-0.36386,0
-0.91415,-0.4451,-0.15734,4.7789,-0.14811,0
0.13056,-0.82984,-0.15992,4.7789,-0.57961,0
0.89035,-0.98374,-0.078829,-7.2818,-0.8529,0
-0.43928,-0.75289,0.013841,-3.6408,-0.23441,0
-2.1488,-0.3938,0.037009,7.282,-1.1262,0
-2.6237,-0.4451,0.046019,1.5931,-0.49331,0
-0.62923,-0.85549,0.070473,-6.5991,-1.7015,0
1.0803,-1.6763,0.11037,1.1379,-1.7447,0
0.60543,-1.8815,0.10651,7.9647,-2.0755,0
-0.62923,-1.8815,0.12067,-2.7306,-2.7659,0
-1.579,-1.625,0.14126,-7.5093,-2.1474,0
-1.0091,-1.5224,0.16314,4.0962,-3.1542,0
-0.81917,-1.6763,0.17344,6.1442,-2.3632,0
-1.0091,-1.9841,0.16443,-5.4613,-2.9097,0
-1.7689,-1.7532,0.08077,-5.2337,-3.0392,0
-1.579,-1.4967,-0.028633,6.8269,-2.8953,0
-0.81917,-1.2402,-0.10071,2.9584,-3.6864,0
-0.24933,-1.112,-0.10714,-6.5991,-2.5645,0
0.41548,-0.82984,-0.11873,-1.5928,-2.7371,0
0.22554,-0.62465,-0.085264,8.1923,-1.2844,0
-1.579,-0.34251,-0.038929,-0.68254,-0.75222,0
-1.6739,0.42697,-0.036355,-8.192,-0.53646,0
-1.0091,0.86301,-0.068532,3.186,0.47037,0
-0.24933,0.81171,-0.054374,6.1442,-0.26318,0
0.035589,0.24743,0.016416,-5.4613,0.64298,0
-0.81917,0.11918,0.060177,-6.3715,-0.004278,0
-1.484,0.14483,0.070473,6.8269,-0.061812,0
-0.91415,0.22178,0.094928,3.4135,-0.11935,0
-0.62923,0.42697,0.14255,-7.9645,-1.1406,0
-0.62923,0.73476,0.14641,-2.2755,-0.56523,0
-0.43928,1.0169,0.12711,7.9647,-1.6152,0
0.51046,0.78606,0.11681,0.00013542,-1.2413,0
1.1753,1.1195,0.05889,-8.192,-1.7734,0
1.5552,1.4016,-0.055661,1.8206,-2.3775,0
1.6501,1.0426,-0.094274,6.5994,-1.9748,0
1.6501,0.91431,-0.0080391,-3.6408,-2.881,0
1.6501,0.55522,0.10394,-6.8267,-1.9604,0
1.7451,-0.34251,0.2069,4.7789,-2.5645,0
1.2702,-0.88114,0.22621,4.3238,-1.9604,0
0.7004,-1.0094,0.19918,-8.192,-1.3707,0
-0.62923,-0.98374,0.18245,-4.0959,-1.2413,0
-1.294,-0.77854,0.14512,7.282,0.13956,0
-0.24933,-0.3938,0.066612,1.3655,-0.26318,0
2.315,-0.21426,-0.02091,-8.8747,0.72928,0
3.4546,-0.6503,-0.047939,-0.22742,0.71489,0
0.98533,-1.1376,-0.041503,8.6474,1.1176,0
-0.91415,-1.1889,-0.04279,-0.9101,2.1388,0
-0.81917,-0.599,-0.067245,-6.5991,1.7361,0
-1.0091,0.45262,-0.12002,3.6411,2.7573,0
-1.294,0.68346,-0.102,7.0545,2.2395,0
-1.0091,0.45262,-0.047939,-4.7786,3.1025,0
-1.389,0.24743,-0.055661,-6.144,3.3039,0
-2.6237,1.1195,-0.11101,6.3718,3.1601,0
-2.3388,1.2477,-0.17793,4.5513,3.8073,0
-1.8639,0.17048,-0.25387,-6.8267,3.0162,0
-0.7242,-0.6503,-0.22427,-2.503,4.0518,0
-0.34431,0.19613,-0.065958,7.5096,3.5916,0
0.13056,1.0682,0.033148,1.1379,4.0375,0
-0.81917,1.6068,0.021564,-7.9645,4.1669,0
-1.389,1.376,-0.00031657,0.91037,3.4334,0
-0.059385,0.88866,-0.010613,7.5096,3.908,0
1.9351,0.65782,-0.078829,-2.0479,2.743,0
3.4546,0.60652,-0.15219,-7.9645,3.419,0
3.7396,0.37567,-0.23328,4.0962,3.1025,0
3.3597,0.22178,-0.34011,6.5994,2.9156,0
2.6949,-0.034715,-0.40832,-4.7786,3.1313,0
1.6501,-0.16296,-0.37357,-5.9164,2.0382,0
0.13056,-0.18861,-0.31437,6.5994,2.4841,0
-0.7242,0.042233,-0.37357,3.4135,1.2615,0
-0.34431,-0.21426,-0.41347,-7.5093,1.4484,0
0.79538,-0.31686,-0.35555,-1.5928,1.0169,0
1.4602,-0.21426,-0.19595,7.9647,0.26901,0
1.0803,-0.6503,-0.058236,0.00013542,0.74366,0
0.7004,-1.3428,-0.102,-7.9645,-0.34948,0
1.1753,-1.7532,-0.18694,2.5033,0.34092,0
1.5552,-0.93244,-0.22813,7.282,-0.5077,0
1.2702,-0.34251,-0.2809,-3.6408,-0.45016,0
0.51046,-0.26556,-0.35684,-7.7369,-0.36386,0
-0.24933,-0.3938,-0.40318,3.8687,-1.155,0
-0.24933,-0.77854,-0.4006,4.5513,-0.37825,0
0.035589,-1.1633,-0.36714,-6.8267,-1.27,0
-0.7242,-0.98374,-0.29377,-5.0062,-0.63715,0
-1.579,-0.4451,-0.21912,7.282,-1.2556,0
-1.0091,-0.6503,-0.18823,2.5033,-1.7303,0
0.89035,-0.93244,-0.17793,-7.2818,-1.4139,0
0.89035,-0.52205,-0.19724,-0.22742,-2.3632,0
0.41548,-0.034715,-0.23457,7.282,-1.4426,0
-1.0091,0.35002,-0.20882,-2.2755,-2.0611,0
-2.3388,0.58087,-0.11873,-7.5093,-1.3851,0
-0.62923,0.37567,-0.015762,3.6411,-1.0111,0
0.89035,0.45262,0.060177,6.3718,-1.2125,0
0.035589,0.60652,0.13097,-5.6889,-0.34948,0
0.22554,0.65782,0.1374,-5.0062,-1.1837,0
0.98533,0.63217,0.074335,6.8269,-0.22003,0
-1.0091,0.86301,0.073047,3.4135,-0.49331,0
-2.6237,1.2477,0.13354,-7.7369,-0.14811,0
-2.1488,1.0939,0.1979,-1.5928,0.55667,0
-0.91415,1.0426,0.16314,8.1923,0.26901,0
-0.7242,0.58087,0.05889,-0.9101,1.9087,0
-1.1041,0.042233,0.016416,-7.5093,1.621,0
-1.484,0.50392,0.04087,3.186,2.5991,0
-0.7242,1.4016,-0.0041778,7.0545,2.7286,0
-0.7242,1.6068,-0.102,-4.5511,2.3546,0
-1.1041,1.299,-0.17922,-6.144,3.0882,0
-0.43928,0.88866,-0.2011,6.1442,2.3402,0
0.60543,0.65782,-0.17407,4.3238,3.1601,0
0.035589,0.60652,-0.13675,-7.2818,2.4553,0
-0.91415,0.42697,-0.16378,-4.5511,2.4409,0
-1.294,0.016583,-0.15219,7.0545,2.556,0
-0.53425,-0.62465,-0.074968,2.2757,2.182,0
-0.62923,-0.95809,-0.0054649,-8.6471,3.2464,0
-2.6237,-0.599,0.012554,0.2277,2.4697,0
-1.6739,-0.26556,0.0022576,7.282,3.0594,0
0.41548,-0.4451,0.013841,-3.1857,2.556,0
1.5552,-0.4964,0.013841,-7.7369,2.6135,0
1.2702,-0.13731,-0.0080391,4.0962,3.4765,0
1.4602,0.32437,-0.056948,5.9167,3.0594,0
2.125,0.55522,-0.096848,-5.9164,3.9368,0
1.8401,0.42697,-0.12259,-5.2337,2.8293,0
1.6501,0.27308,-0.12002,6.3718,2.9731,0
2.03,0.68346,-0.083977,2.5033,2.8293,0
1.7451,0.91431,-0.055661,-7.5093,2.556,0
1.1753,0.86301,0.0022576,-0.68254,3.4046,0
0.7004,0.63217,0.073047,7.7372,2.3978,0
0.41548,-0.086014,0.10394,0.2277,2.9587,0
-0.15436,-0.29121,0.067899,-7.0542,2.182,0
-0.91415,0.22178,0.030574,2.7309,2.1388,0
-1.1041,0.81171,-0.0119,6.8269,2.4553,0
-0.15436,0.47827,-0.08269,-4.5511,1.5923,0
-0.7242,-0.18861,-0.17793,-6.144,2.3258,0
-1.6739,-0.75289,-0.26932,5.4616,1.1895,0
-1.8639,-0.75289,-0.3208,4.5513,1.7073,0
-1.8639,-0.6503,-0.30407,-7.2818,1.5204,0
-1.1991,-0.85549,-0.22041,-2.503,1.132,0
-1.294,-1.0094,-0.12903,8.875,1.6354,0
-2.1488,-0.77854,-0.14061,0.2277,0.54229,0
-0.53425,-0.6503,-0.20625,-7.9645,1.3334,0
0.98533,-0.62465,-0.28219,1.5931,0.81558,0
0.41548,-1.035,-0.28734,7.5096,1.0169,0
-1.8639,-1.112,-0.21655,-2.0479,1.2902,0
-2.7186,-1.0863,-0.11615,-7.2818,0.24024,0
-2.5287,-0.98374,-0.022197,4.5513,0.84434,0
-1.8639,-0.98374,0.029286,5.9167,-0.2488,0
-0.62923,-1.0094,0.025425,-6.5991,0.55667,0
1.0803,-0.36816,0.025425,-5.0062,0.87311,0
2.22,-0.13731,0.033148,7.5096,1.0026,0
1.2702,-0.18861,0.053741,3.6411,1.7073,0
0.32051,-0.18861,0.034435,-7.7369,0.71489,0
0.32051,-0.0090658,0.016416,-3.8684,1.4197,0
-0.53425,0.17048,0.020277,7.282,0.59983,0
-0.34431,0.45262,0.016416,0.68281,0.85873,0
0.41548,0.042233,0.037009,-8.6471,0.82996,0
0.32051,-0.57335,0.078196,0.45525,-0.018661,0
-0.34431,-0.67595,0.10265,7.282,0.45599,0
-0.34431,-0.0090658,0.066612,-3.1857,-0.73783,0
0.79538,0.27308,0.051167,-7.2818,-0.11935,0
0.79538,-0.4451,0.11681,4.5513,-0.46455,0
-0.62923,-1.7789,0.12582,5.9167,-0.34948,0
-0.7242,-2.0867,0.064038,-6.5991,0.12517,0
-0.7242,-1.6763,0.013841,-6.144,-0.72345,0
-0.24933,-1.4198,0.039583,7.0545,-0.004278,0
0.32051,-1.1376,0.11681,2.9584,-0.92482,0
0.51046,-0.80419,0.10522,-8.6471,-0.1625,0
-0.43928,-0.41945,0.007406,-1.8203,-0.34948,0
-0.43928,0.24743,-0.064671,7.7372,-0.55085,0
-0.53425,0.35002,-0.077542,0.45525,0.067639,0
-0.24933,0.45262,-0.02992,-7.9645,-0.73783,0
-0.059385,0.99126,0.05889,2.5033,0.067639,0
-0.7242,0.88866,0.066612,7.282,-0.86728,0
-1.6739,-0.62465,0.022851,-3.8684,-0.62276,0
-1.484,-1.548,0.011267,-7.0542,-0.62276,0
-0.43928,-1.1376,0.042157,4.7789,-1.1837,0
0.035589,-0.52205,0.10909,4.3238,-0.29195,0
-0.15436,-0.23991,0.18502,-6.5991,-0.91043,0
0.60543,-0.18861,0.21849,-4.0959,0.21147,0
0.60543,-0.18861,0.1979,7.0545,0.12517,0
0.79538,-0.16296,0.18374,1.8206,0.067639,0
0.79538,-0.18861,0.20176,-8.192,0.39846,0
0.60543,0.042233,0.20047,-0.9101,-0.65153,0
-0.43928,0.016583,0.14255,7.9647,0.13956,0
-1.294,-0.36816,0.12582,-0.22742,-0.80975,0
-2.8136,-0.75289,0.18502,-7.9645,-0.56523,0
-2.7186,-0.80419,0.28156,2.5033,-0.63715,0
-1.294,0.016583,0.24809,6.5994,-1.0255,0
-0.43928,-0.0090658,0.14512,-4.7786,-0.27756,0
0.035589,-0.82984,0.069186,-6.5991,-1.2988,0
0.035589,-1.4967,0.015128,5.9167,-0.78098,0
0.22554,-1.0863,-0.018336,3.6411,-1.6296,0
-1.1041,-0.52205,0.0048318,-7.7369,-1.7159,0
-2.1488,-0.26556,0.066612,-4.0959,-1.4858,0
-1.294,-0.0090658,0.10136,7.5096,-2.0899,0
-0.34431,0.37567,0.046019,0.91037,-1.1406,0
0.035589,0.78606,-0.037642,-8.6471,-1.9748,0
-0.53425,0.78606,-0.12259,-0.9101,-1.3707,0
-0.15436,0.63217,-0.14061,7.5096,-1.8454,0
0.035589,0.17048,-0.095561,-1.1377,-1.9892,0
-0.15436,-0.36816,-0.063384,-8.192,-1.3995,0
-0.53425,-0.36816,-0.031207,3.186,-2.2625,0
-0.7242,-0.47075,-0.0028907,6.3718,-1.5002,0
-0.53425,-0.82984,0.026712,-4.3235,-2.3056,0
-0.62923,-1.1633,0.044732,-6.144,-1.5002,0
-0.62923,-0.7016,0.039583,5.4616,-1.0255,0
-0.34431,-0.52205,0.057602,4.3238,-0.99673,0
0.60543,-0.75289,0.091067,-6.8267,-0.14811,0
0.79538,-1.1633,0.085918,-3.1857,-0.96797,0
-0.059385,-1.3685,0.052454,7.5096,-0.076195,0
-1.484,-0.95809,0.022851,1.8206,-0.36386,0
-1.7689,-0.23991,-0.0080391,-7.5093,0.25462,0
-1.294,-0.11166,-0.02992,0.45525,0.74366,0
-1.7689,-0.599,-0.0080391,7.282,0.18271,0
-2.0538,-1.1633,0.013841,-2.0479,0.90188,0
-1.7689,-1.5737,0.024138,-6.8267,-0.32071,0
-0.53425,-1.3941,0.042157,3.8687,0.42722,0
0.51046,-0.85549,0.060177,5.9167,0.18271,0
0.035589,-1.112,0.069186,-6.144,0.44161,0
-0.62923,-1.3685,0.094928,-5.6889,0.95941,0
1.0803,-1.4198,0.13097,6.3718,-0.047428,0
2.9798,-0.29121,0.18245,3.8687,0.71489,0
3.2647,0.24743,0.20819,-7.5093,-0.26318,0
2.125,-0.23991,0.17215,-1.3652,0.45599,0
1.3652,-0.29121,0.11166,7.7372,0.64298,0
1.0803,-0.47075,0.11423,0.00013542,0.64298,0
1.3652,-0.18861,0.21849,-7.2818,1.7217,0
0.98533,0.37567,0.34462,2.0482,1.1464,0
-0.62923,0.11918,0.4167,7.9647,2.2683,0
-1.294,-0.13731,0.29443,-3.8684,1.5779,0
-0.81917,0.65782,0.098789,-7.5093,1.621,0
-0.34431,1.4529,0.01899,5.4616,1.3478,0
0.7004,1.812,-0.024771,5.6891,0.42722,0
0.7004,2.0685,-0.068532,-6.3715,1.1895,0
-0.62923,2.4789,-0.041503,-4.0959,0.52791,0
-0.43928,2.402,0.00097052,6.3718,1.5779,0
0.7004,2.5302,0.024138,1.8206,1.1464,0
1.7451,3.1201,0.062751,-7.9645,0.91626,0
2.03,3.4023,0.04087,0.45525,0.72928,0
1.8401,3.5049,-0.077542,7.5096,-0.47893,0
1.8401,3.7614,-0.15091,-2.503,0.15394,0
2.9798,4.3257,-0.069819,-7.7369,-0.6803,0
3.0747,4.4283,0.021564,3.186,0.11079,0
0.79538,3.864,0.0022576,5.6891,0.010105,0
-1.0091,3.3253,-0.053087,-4.5511,-0.5077,0
-1.0091,2.8637,-0.11615,-7.5093,-0.13373,0
-0.43928,2.6841,-0.20368,5.0064,-1.5145,0
0.79538,2.838,-0.2011,4.3238,-1.2125,0
1.6501,2.8124,-0.10972,-7.7369,-2.2337,0
0.89035,2.2737,-0.071106,-2.9581,-2.2193,0
0.51046,1.299,-0.076255,7.7372,-1.7015,0
-0.24933,0.96561,-0.054374,2.0482,-2.0036,0
-0.15436,1.0426,-0.102,-7.9645,-0.83852,0
-0.34431,1.2477,-0.15992,0.00013542,-1.6728,0
-1.0091,1.4016,-0.13417,7.282,-1.2556,0
-0.53425,1.0169,-0.049226,-1.5928,-1.644,0
0.51046,0.68346,-0.014475,-7.5093,-2.0467,0
0.7004,0.78606,-0.04279,3.6411,-1.3419,0
0.60543,0.96561,-0.096848,6.3718,-2.0323,0
-0.34431,0.78606,-0.13675,-5.2337,-0.91043,0
-0.43928,0.86301,-0.10586,-5.6889,-1.6728,0
-0.62923,1.1965,-0.049226,7.0545,-1.5145,0
-0.7242,1.1708,-0.083977,4.3238,-1.7015,0
0.13056,1.2477,-0.14061,-6.8267,-2.4495,0
1.4602,1.6068,-0.17793,-2.0479,-1.8597,0
0.7004,1.3503,-0.10457,8.1923,-3.1542,0
0.035589,0.88866,0.026712,0.68281,-2.694,0
0.41548,0.42697,0.11681,-8.192,-3.2405,0
0.41548,0.042233,0.12582,0.91037,-3.4131,0
-0.7242,-0.36816,0.061464,7.282,-3.0679,0
-1.7689,-0.599,-0.033781,-2.503,-3.9597,0
-1.579,-0.6503,-0.080116,-8.4196,-3.183,0
-0.53425,-1.0607,-0.0917,3.8687,-4.1179,0
0.41548,-1.1376,-0.08269,6.1442,-3.4419,0
-0.43928,-1.0863,-0.019623,-5.6889,-3.5138,0
-0.53425,-1.2402,0.04988,-5.9164,-3.4275,0
-0.62923,-1.3685,0.015128,5.4616,-2.4782,0
-0.7242,-0.93244,-0.085264,4.0962,-3.1686,0
-0.53425,-0.62465,-0.1419,-7.0542,-2.2337,0
-0.34431,-0.18861,-0.15348,-3.6408,-3.1255,0
-0.62923,-0.11166,-0.12388,7.7372,-2.9097,0
-0.91415,-0.41945,-0.11358,1.3655,-2.7803,0
-1.579,-0.77854,-0.15219,-9.1023,-3.2405,0
-0.43928,-1.2402,-0.22942,-0.68254,-2.2769,0
0.035589,-1.1633,-0.23328,7.0545,-2.9097,0
0.32051,-1.4967,-0.17922,-1.5928,-2.1618,0
1.6501,-1.7789,-0.13417,-8.192,-2.4351,0
1.2702,-1.8558,-0.096848,3.186,-2.6364,0
-1.0091,-2.061,-0.055661,7.0545,-1.946,0
-1.6739,-2.1636,-0.015762,-3.6408,-2.4207,0
-0.91415,-1.3172,0.082057,-6.8267,-0.95358,0
-1.1041,-0.26556,0.20304,6.3718,-1.2413,0
-2.3388,-0.13731,0.27255,5.0064,-0.47893,0
-2.2438,-0.086014,0.28284,-7.2818,-0.26318,0
-1.294,-0.90679,0.28156,-3.1857,-0.55085,0
-0.62923,-1.7789,0.27126,7.7372,0.25462,0
-0.91415,-2.3688,0.27512,1.5931,-0.60838,0
-1.1991,-2.4201,0.25581,-7.7369,0.24024,0
0.13056,-1.5993,0.21205,0.68281,-0.45016,0
0.7004,-0.88114,0.17344,7.9647,-0.40701,0
0.41548,-1.112,0.20562,-2.0479,-0.34948,0
-0.34431,-1.112,0.25195,-7.5093,-1.0974,0
-0.62923,-0.75289,0.24938,3.8687,-0.32071,0
0.13056,-0.21426,0.21077,5.6891,-1.083,0
2.315,-0.31686,0.18245,-5.6889,-0.36386,0
3.5496,-0.5477,0.17859,-5.6889,-0.69468,0
1.4602,-0.599,0.14384,6.1442,-0.75222,0
-0.53425,-0.18861,0.073047,3.8687,-0.23441,0
-0.7242,-0.034715,-0.0016037,-7.7369,-0.80975,0
0.60543,-0.13731,-0.053087,-2.9581,0.11079,0
0.41548,-0.21426,-0.13417,7.5096,-0.86728,0
0.7004,0.016583,-0.19209,-0.22742,-0.36386,0
0.7004,0.35002,-0.1316,-8.6471,-0.79537,0
0.51046,0.55522,-0.013187,0.68281,-1.2988,0
0.13056,0.45262,0.0061189,7.5096,-0.79537,0
0.60543,0.016583,-0.054374,-3.4133,-1.644,0
1.6501,-0.18861,-0.045365,-7.7369,-0.6803,0
2.03,-0.18861,0.013841,4.0962,-1.3132,0
-0.81917,-0.3938,0.044732,5.4616,-0.92482,0
-3.1935,-0.57335,0.0048318,-6.5991,-0.45016,0
-1.579,-0.599,0.012554,-4.7786,-0.57961,0
1.0803,-0.6503,0.047306,6.8269,0.80119,0
0.7004,-0.5477,0.044732,2.9584,0.35531,0
-0.53425,-1.0607,0.065325,-8.192,1.4772,0
-1.389,-1.548,0.13097,-2.9581,1.3478,0
-1.294,-1.3428,0.18889,7.7372,1.3909,0
-1.389,-0.85549,0.18889,0.00013542,1.7361,0
-0.91415,-0.67595,0.17087,-8.192,0.82996,0
-1.0091,-0.85549,0.11552,0.68281,1.6354,0
-1.1991,-0.75289,0.11681,6.8269,0.74366,0
-1.389,-0.7016,0.15027,-2.9581,1.1895,0
-1.389,-0.57335,0.18374,-6.8267,0.85873,0
-0.62923,-0.599,0.23651,4.5513,0.18271,0
0.51046,-0.36816,0.21463,5.4616,0.51352,0
0.51046,-0.21426,0.13097,-6.5991,-0.45016,0
-0.059385,-0.18861,0.066612,-3.8684,0.45599,0
-1.484,-0.57335,0.024138,7.7372,0.038872,0
-1.7689,-0.47075,-0.022197,2.9584,0.42722,0
-1.0091,-0.060364,-0.076255,-7.5093,0.59983,0
-0.34431,0.45262,-0.12516,-0.45498,-0.076195,0
0.035589,0.42697,-0.11487,7.5096,0.57106,0
-0.53425,0.016583,-0.10071,-0.68254,-0.49331,0
-0.34431,0.067882,-0.13804,-7.9645,0.39846,0
0.13056,0.17048,-0.22041,3.186,0.32654,0
-0.7242,0.19613,-0.28991,7.0545,0.67174,0
-1.1041,-0.0090658,-0.28991,-4.0959,1.4484,0
0.22554,0.042233,-0.28219,-6.3715,0.91626,0
0.32051,0.17048,-0.24615,5.9167,1.808,0
-0.24933,-0.21426,-0.24486,4.0962,0.78681,0
-0.53425,-0.5477,-0.23199,-7.7369,1.0169,0
-0.53425,-0.36816,-0.18823,-3.6408,0.48476,0
-0.7242,-0.034715,-0.13031,6.8269,-0.32071,0
-0.7242,0.17048,-0.089126,0.45525,0.29777,0
-2.0538,-0.0090658,-0.065958,-8.6471,-0.4214,0
-2.4337,-0.18861,-0.065958,1.3655,0.51352,0
-2.6237,-0.18861,-0.037642,6.8269,0.024489,0
-1.294,-0.41945,-0.017049,-3.1857,0.038872,0
-0.91415,-0.36816,-0.023484,-7.7369,0.024489,0
-0.53425,-0.0090658,-0.028633,4.0962,-1.0399,0
-0.53425,-0.0090658,0.024138,5.4616,-0.30633,0
0.13056,0.32437,0.11552,-6.3715,-1.5002,0
1.1753,0.76041,0.15027,-6.5991,-0.98235,0
0.32051,0.93996,0.14512,5.4616,-1.2556,0
-0.62923,1.2734,0.069186,3.6411,-1.5433,0
0.7004,1.4016,-0.031207,-7.7369,-0.73783,0
1.5552,1.2477,-0.046652,-3.6408,-1.4714,0
1.5552,1.5042,-0.049226,6.8269,-0.79537,0
1.7451,1.7607,-0.083977,1.5931,-1.7878,0
1.6501,1.4016,-0.1715,-8.192,-1.8741,0
1.3652,0.81171,-0.3105,0.45525,-1.8597,0
0.32051,0.83736,-0.38129,7.7372,-2.2912,0
0.89035,1.376,-0.3311,-2.0479,-1.2988,0
1.6501,1.7351,-0.20754,-7.5093,-2.1043,0
1.1753,1.9146,-0.13932,4.3238,-1.2844,0
0.035589,1.5812,-0.241,5.6891,-1.6296,0
-1.0091,1.4529,-0.33367,-6.3715,-1.3419,0
-0.53425,0.83736,-0.24229,-5.0062,-0.49331,0
0.79538,-0.13731,-0.10843,7.0545,-0.73783,0
1.5552,-0.4964,-0.081403,3.6411,0.52791,0
0.60543,-0.11166,-0.044078,-7.2818,-0.19126,0
-0.059385,0.093531,0.00097052,-2.9581,0.24024,0
0.51046,0.19613,0.069186,7.7372,-0.10496,0
2.6949,0.40132,0.078196,0.91037,-0.53646,0
3.4546,0.35002,0.055028,-7.0542,0.19709,0
2.7898,0.24743,0.025425,1.8206,-0.52208,0
1.9351,0.35002,0.00097052,6.5994,0.57106,0
0.51046,0.55522,-0.031207,-4.7786,-0.018661,0
-1.579,0.37567,-0.068532,-6.8267,0.21147,0
-1.294,1.5555,-0.04279,5.4616,0.15394,0
-0.53425,3.5305,-0.00031657,4.5513,-0.80975,0
-1.579,4.1461,0.035722,-7.5093,-0.1625,0
-0.81917,3.351,0.04988,-3.6408,-1.1406,0
1.0803,3.274,0.073047,7.282,-0.19126,0
0.60543,3.8896,0.075622,2.2757,-0.14811,0
0.13056,3.787,0.042157,-7.5093,0.067639,0
0.13056,3.1458,0.029286,0.00013542,0.77243,0
-0.53425,3.0175,0.053741,7.0545,0.038872,0
-0.62923,2.7867,0.066612,-3.1857,0.95941,0
-0.53425,2.2737,0.026712,-8.6471,0.024489,0
-0.62923,1.9659,0.00097052,3.4135,0.29777,0
-0.7242,1.6068,0.034435,7.282,0.038872,0
-0.15436,1.6838,0.039583,-4.5511,-0.53646,0
0.41548,1.5299,-0.013187,-7.2818,0.082022,0
-0.34431,1.4529,-0.041503,6.3718,-0.95358,0
-0.34431,1.2221,-0.040216,3.8687,-0.19126,0
0.60543,1.0682,0.033148,-7.7369,-1.0399,0
0.41548,0.83736,0.14384,-2.503,-1.0687,0
-0.53425,0.65782,0.22492,7.282,-0.95358,0
-1.1991,0.78606,0.25195,0.91037,-1.8454,0
-1.389,0.55522,0.25581,-7.7369,-1.0687,0
-0.53425,0.042233,0.2571,0.2277,-1.9748,0
0.22554,0.11918,0.22621,7.7372,-1.4139,0
-0.059385,0.58087,0.19017,-1.5928,-1.7159,0
1.0803,0.47827,0.158,-7.9645,-1.9317,0
1.0803,0.50392,0.094928,4.0962,-1.3132,0
-0.53425,0.35002,0.029286,6.3718,-1.9604,0
-2.1488,-0.0090658,0.020277,-6.3715,-0.66591,0
-2.9086,-0.34251,0.013841,-5.2337,-0.99673,0
-2.3388,-0.57335,-0.013187,6.8269,-0.17688,0
-2.1488,-0.5477,-0.036355,4.0962,0.010105,0
-1.6739,0.24743,-0.11615,-7.0542,-0.52208,0
-1.0091,0.65782,-0.14833,-1.8203,0.22586,0
-0.43928,0.42697,-0.10071,7.9647,-0.34948,0
0.51046,0.27308,-0.11101,0.2277,0.74366,0
1.1753,0.11918,-0.1715,-8.4196,0.45599,0
1.6501,-0.26556,-0.28605,1.5931,0.38407,0
1.1753,-0.26556,-0.38644,6.5994,0.18271,0
1.2702,0.19613,-0.36456,-3.6408,-0.98235,0
1.6501,0.50392,-0.21526,-6.8267,-0.43578,0
0.7004,0.37567,-0.0016037,4.0962,-1.1693,0
-0.059385,-0.13731,0.11681,4.7789,-0.2488,0
-0.34431,-0.82984,0.10394,-7.2818,0.082022,0
0.13056,-1.2659,0.027999,-3.6408,0.31216,0
0.22554,-1.5737,-0.046652,6.8269,1.0026,0
0.60543,-1.3172,-0.015762,0.68281,-0.061812,0
0.13056,-0.62465,0.10651,-8.4196,0.44161,0
-1.1991,-0.62465,0.16186,-0.45498,-0.69468,0
-0.91415,-0.52205,0.052454,7.282,-0.2488,0
-0.7242,-0.4964,-0.068532,-1.1377,-0.13373,0
-0.43928,-0.98374,-0.10714,-8.4196,-0.17688,0
-0.7242,-0.47075,-0.069819,2.9584,1.1032,0
-0.15436,0.27308,-0.02992,6.3718,1.0026,0
0.60543,0.76041,-0.058236,-5.0062,2.4409,0
0.035589,0.78606,-0.15219,-7.2818,1.9375,0
-1.579,-0.0090658,-0.27961,5.4616,1.9662,0
-1.1991,-0.26556,-0.3208,3.8687,1.7505,0
0.035589,-0.034715,-0.21397,-7.9645,0.95941,0
-0.15436,-0.98374,-0.072394,-3.6408,2.0382,0
0.41548,-1.2146,-0.032494,7.5096,1.6786,0
0.41548,-0.88114,-0.059523,1.3655,2.9875,0
-0.53425,-1.0607,-0.064671,-7.0542,3.1457,0
-0.62923,-1.3172,-0.0016037,-0.68254,3.0306,0
-1.579,-1.3941,0.094928,8.1923,3.2895,0
-2.8136,-1.4454,0.15156,-1.1377,1.8943,0
-1.579,-1.9328,0.17215,-7.2818,2.2539,0
-0.24933,-1.5224,0.12968,2.9584,1.0313,0
-0.34431,-1.548,0.069186,6.5994,1.1464,0
-0.62923,-2.2406,0.04988,-4.5511,0.95941,0
-0.62923,-2.3944,0.061464,-5.4613,0.35531,0
-0.53425,-1.7789,0.025425,6.5994,0.88749,0
-0.81917,-1.4967,-0.010613,3.6411,-0.53646,0
-0.91415,-1.8558,-0.006752,-7.9645,-0.17688,0
-1.8639,-1.9071,0.04988,-2.7306,-1.0543,0
-2.1488,-1.3941,0.083344,7.5096,-1.1837,0
-1.9589,-1.548,0.08077,1.1379,-0.98235,0
-0.53425,-2.497,0.01899,-7.5093,-1.8741,0
0.035589,-3.1639,-0.031207,0.91037,-1.1837,0
-0.7242,-2.7279,0.016416,6.8269,-1.9317,0
-0.81917,-2.1123,0.055028,-3.4133,-1.2413,0
0.13056,-1.1633,0.037009,-7.5093,-1.1406,0
0.79538,-0.67595,0.048593,4.0962,-1.3419,0
0.89035,-0.62465,0.078196,5.0064,-0.79537,0
0.89035,-0.36816,0.057602,-5.9164,-2.0755,0
0.89035,-0.7016,0.082057,-5.6889,-1.7591,0
1.1753,-0.95809,0.20562,6.3718,-2.9529,0
1.8401,-1.2146,0.29571,4.0962,-2.8234,0
2.22,-1.0094,0.28928,-7.9645,-2.3775,0
1.8401,-0.88114,0.21205,-2.9581,-2.3775,0
1.1753,-1.1889,0.1374,7.5096,-0.9392,0
0.89035,-1.3172,0.060177,0.2277,-1.7734,0
1.0803,-0.98374,0.055028,-8.8747,-1.4858,0
1.8401,-0.90679,0.067899,-0.45498,-2.2193,0
1.5552,-0.98374,0.035722,6.8269,-2.5358,0
-0.15436,-1.4454,-0.0054649,-3.6408,-1.6296,0
-0.15436,-1.5224,-0.023484,-7.5093,-1.9029,0
0.51046,-0.95809,-0.006752,3.8687,-0.4214,0
0.41548,-0.67595,0.016416,5.0064,-0.80975,0
-0.15436,-0.5477,0.047306,-6.3715,-0.20565,0
-0.24933,-0.599,0.067899,-6.3715,-0.17688,0
0.22554,-0.82984,-0.02091,6.1442,-0.78098,0
-0.91415,-0.75289,-0.1715,3.4135,-0.018661,0
-0.91415,-0.41945,-0.29892,-7.0542,-0.70906,0
-0.34431,-0.23991,-0.35813,-2.9581,0.48476,0
-0.43928,-0.41945,-0.33239,7.7372,0.22586,0
-0.53425,-0.599,-0.20882,0.91037,0.52791,0
-0.62923,-0.13731,-0.0054649,-8.4196,0.97379,0
-0.7242,0.093531,0.16443,1.1379,0.54229,0
-0.62923,-0.4964,0.17215,7.7372,1.808,0
0.51046,-1.3172,0.079483,-3.1857,1.2615,0
0.79538,-1.3428,0.016416,-7.7369,1.9087,0
-0.059385,-1.3172,0.026712,4.5513,1.4628,0
-1.294,-2.3175,0.055028,5.4616,0.59983,0
-2.0538,-2.2662,0.035722,-6.144,0.85873,0
-2.0538,-1.4711,-0.059523,-4.7786,-0.090578,0
-1.389,-0.88114,-0.19467,6.5994,0.98818,0
-0.7242,-0.90679,-0.22813,3.186,0.52791,0
-0.81917,-0.52205,-0.11229,-7.9645,0.58544,0
0.7004,-0.5477,0.04988,-0.45498,0.47037,0
1.5552,-0.98374,0.10136,7.9647,-0.70906,0
0.51046,-1.035,0.044732,-1.8203,-0.32071,0
-0.53425,-0.85549,0.024138,-9.3298,-1.2844,0
0.7004,-0.88114,0.060177,2.5033,-0.46455,0
1.2702,-0.4964,0.10909,7.0545,-0.30633,0
0.32051,-0.26556,0.15027,-3.6408,-0.22003,0
0.7004,-0.26556,0.18116,-6.8267,0.44161,0
0.51046,-0.599,0.20433,5.0064,-0.594,0
-0.62923,-0.7016,0.19146,5.6891,-0.047428,0
-1.579,-0.4451,0.17087,-6.8267,-0.91043,0
-2.0538,-0.0090658,0.16057,-4.3235,-0.47893,0
-2.4337,0.65782,0.14512,6.8269,-0.004278,0
-1.8639,1.1195,0.14899,2.5033,-0.23441,0
-1.1991,1.1965,0.18631,-7.7369,0.82996,0
-0.34431,0.11918,0.20047,0.45525,0.067639,0
-0.15436,-0.90679,0.21463,7.7372,0.74366,0
-1.579,-0.90679,0.20176,-2.0479,0.18271,0
-1.7689,-0.93244,0.1773,-7.0542,-0.061812,0
-0.62923,-0.75289,0.084631,4.0962,0.42722,0
0.035589,-0.3938,0.017703,4.7789,-0.39263,0
-0.24933,0.016583,-0.006752,-6.5991,0.57106,0
-0.62923,0.55522,0.0035447,-3.8684,-0.22003,0
-0.34431,1.4786,-0.023484,7.7372,0.34092,0
0.60543,1.9659,-0.073681,2.0482,0.32654,0
0.41548,1.299,-0.11744,-7.5093,-0.2488,0
-0.62923,0.55522,-0.13417,-0.68254,0.42722,0
-2.1488,0.22178,-0.13675,8.1923,-0.56523,0
-2.8136,0.42697,-0.15863,-0.45498,0.22586,0
-1.579,0.58087,-0.23843,-7.9645,-0.37825,0
0.22554,0.63217,-0.35169,2.7309,-0.594,0
0.79538,-0.5477,-0.43921,7.282,-0.3351,0
0.41548,-2.138,-0.46624,-4.5511,-1.1693,0
-0.15436,-2.4201,-0.30021,-6.3715,-0.20565,0
0.89035,-0.95809,-0.08269,5.9167,-1.0543,0
1.5552,-0.21426,0.0099801,5.4616,-0.40701,0
1.2702,0.24743,-0.049226,-7.5093,-0.56523,0
0.51046,0.78606,-0.11744,-4.7786,-0.91043,0
0.41548,1.2477,-0.15992,7.7372,-0.11935,0
1.5552,0.65782,-0.22942,1.8206,-0.80975,0
0.7004,-0.57335,-0.28991,-7.9645,0.26901,0
-0.43928,-0.57335,-0.33367,-2.0479,-0.34948,0
-1.579,-0.086014,-0.20239,7.9647,-0.23441,0
-0.91415,-0.034715,0.024138,0.68281,-0.49331,0
-1.8639,-0.16296,0.062751,-8.6471,-1.5865,0
-3.2885,-0.3938,-0.044078,1.5931,-0.92482,0
-2.4337,-0.36816,-0.089126,6.5994,-1.5289,0
-1.1041,0.19613,-0.022197,-4.0959,-0.46455,0
-0.53425,0.76041,0.055028,-7.5093,-0.56523,0
-0.62923,0.99126,0.10909,4.5513,-0.9392,0
0.41548,0.63217,0.14126,5.0064,-0.80975,0
2.5049,-0.41945,0.12968,-5.9164,-1.831,0
2.22,-0.88114,0.085918,-5.6889,-0.83852,0
0.79538,-0.31686,0.082057,6.3718,-1.1693,0
-0.7242,0.29873,0.12196,2.2757,-0.2488,0
-1.294,0.32437,0.11552,-7.9645,0.13956,0
-0.24933,0.042233,0.033148,-0.68254,-0.29195,0
0.51046,-0.36816,0.007406,7.0545,0.13956,0
0.51046,-0.599,0.075622,-1.5928,-1.2269,0
-0.15436,-0.3938,0.15285,-8.192,-0.65153,0
0.32051,0.17048,0.15285,2.5033,-1.0687,0
1.2702,0.52957,0.14255,6.5994,-0.39263,0
1.6501,1.0426,0.16057,-4.3235,0.52791,0
1.4602,1.889,0.18374,-5.4613,0.31216,0
-0.24933,2.1968,0.24938,5.4616,1.319,0
-0.62923,1.5812,0.29443,4.5513,0.29777,0
-0.53425,0.47827,0.29185,-6.8267,0.59983,0
-0.62923,0.14483,0.23007,-3.6408,0.082022,0
-0.53425,0.35002,0.167,7.7372,-0.36386,0
-0.7242,-0.11166,0.16443,1.1379,0.64298,0
-0.34431,-0.93244,0.26997,-8.4196,0.41284,0
-1.0091,-0.95809,0.26225,-0.45498,1.7217,0
-1.8639,-0.21426,0.098789,7.7372,1.0169,0
-2.1488,0.32437,0.00097052,-1.5928,0.87311,0
-2.2438,0.58087,0.083344,-7.7369,0.52791,0
-1.8639,0.40132,0.18245,3.186,-0.090578,0
-0.059385,0.016583,0.21849,6.3718,1.0601,0
1.1753,-0.18861,0.19275,-5.0062,0.42722,0
0.51046,0.27308,0.14899,-5.6889,1.2327,0
-1.0091,0.50392,0.1078,6.5994,0.57106,0
-3.0985,1.2734,0.060177,4.0962,0.19709,0
-2.9086,1.7607,-0.0054649,-7.2818,0.54229,0
-0.53425,1.4273,-0.053087,-3.1857,-0.13373,0
0.7004,0.42697,-0.056948,7.0545,0.82996,0
0.22554,0.067882,-0.055661,1.1379,0.24024,0
0.51046,0.86301,-0.02992,-8.4196,0.67174,0
0.89035,1.5555,-0.0041778,0.68281,0.87311,0
0.79538,1.6581,-0.019623,6.8269,0.62859,0
0.98533,1.2734,-0.102,-2.503,1.6354,0
1.7451,0.63217,-0.1818,-8.192,0.77243,0
1.2702,0.27308,-0.20882,2.7309,1.4053,0
0.60543,0.70911,-0.23972,6.1442,0.70051,0
-0.34431,1.4016,-0.241,-5.2337,0.54229,0
-0.15436,1.299,-0.20496,-5.6889,0.77243,0
0.22554,0.40132,-0.1612,6.5994,0.12517,0
0.32051,-0.31686,-0.069819,3.4135,1.2902,0
0.60543,-0.77854,0.027999,-7.5093,0.48476,0
-1.7689,-1.4454,0.057602,-3.1857,1.1608,0
-2.5287,-1.0863,0.031861,7.282,0.77243,0
-1.6739,-0.31686,0.05889,-0.22742,0.32654,0
-1.579,0.32437,0.04988,-8.8747,0.64298,0
-1.0091,0.29873,-0.028633,1.3655,-0.27756,0
-0.059385,0.24743,-0.14061,7.282,0.82996,0
1.5552,0.24743,-0.19081,-3.4133,0.59983,0
2.03,0.17048,-0.13031,-7.2818,1.3478,0
2.4099,0.016583,0.0022576,4.0962,1.5491,0
1.1753,-0.62465,0.12453,6.1442,0.80119,0
-1.579,-0.034715,0.069186,-6.144,1.3478,0
-2.1488,0.47827,-0.10714,-5.2337,0.32654,0
-0.43928,0.11918,-0.13932,6.3718,1.3478,0
-0.7242,-0.13731,-0.035068,2.7309,1.2758,0
-1.389,0.24743,0.04087,-7.9645,1.319,0
-0.7242,0.32437,0.10008,-1.5928,1.8224,0
0.32051,-0.21426,0.13869,7.7372,0.93064,0
0.41548,0.14483,0.13998,1.1379,1.7361,0
0.035589,0.76041,0.10136,-7.2818,0.87311,0
0.41548,0.99126,0.012554,1.8206,1.5923,0
0.7004,0.55522,-0.11229,7.282,1.8656,0
0.13056,0.19613,-0.17665,-4.3235,1.7505,0
-1.389,-0.0090658,-0.098135,-7.0542,2.5272,0
-1.6739,-0.18861,0.042157,5.0064,1.4916,0
-1.0091,-0.4451,0.091067,4.3238,2.0669,0
-0.43928,-0.57335,0.016416,-7.5093,1.2902,0
-0.15436,-0.85549,-0.077542,-3.1857,1.4197,0
-0.62923,-0.72725,-0.10071,7.7372,1.9519,0
0.60543,-0.41945,-0.017049,0.2277,1.4628,0
1.3652,-0.26556,0.10265,-7.5093,2.2683,0
-0.15436,-0.41945,0.16829,0.91037,0.84434,0
-0.7242,-0.82984,0.19403,6.5994,0.70051,0
-1.389,-1.1376,0.27126,-3.6408,0.24024,0
-0.7242,-0.98374,0.35621,-8.6471,0.12517,0
0.22554,-0.47075,0.37165,4.3238,1.5635,0
-0.34431,-0.47075,0.31888,5.9167,1.319,0
-0.34431,-0.52205,0.2468,-7.0542,2.4697,0
-0.81917,-0.57335,0.16572,-5.0062,1.4628,0
-0.91415,-0.599,0.13611,6.3718,1.1895,0
-1.484,-0.82984,0.17988,1.8206,1.0889,0
-1.1991,-0.7016,0.1979,-7.9645,0.32654,0
-0.53425,-0.4451,0.14255,-1.5928,1.5491,0
-0.34431,-0.23991,0.048593,6.8269,1.0026,0
-0.24933,0.22178,-0.037642,-0.68254,1.9519,0
-1.6739,0.52957,-0.12645,-7.2818,1.5779,0
-1.484,0.81171,-0.15605,2.2757,1.1032,0
-1.294,0.55522,-0.13675,6.3718,1.1895,0
-1.8639,0.47827,-0.098135,-4.5511,-0.14811,0
-1.7689,0.35002,-0.064671,-6.5991,0.32654,0
-0.7242,-0.034715,-0.099422,5.4616,-0.49331,0
0.51046,0.27308,-0.19081,4.5513,0.36969,0
0.32051,0.73476,-0.22942,-7.9645,0.74366,0
-0.059385,0.60652,-0.1818,-3.6408,0.44161,0
0.51046,0.27308,-0.089126,7.5096,0.72928,0
0.7004,0.45262,-0.014475,1.8206,-0.82413,0
0.32051,0.50392,-0.00031657,-7.9645,-0.62276,0
0.22554,0.63217,-0.02992,0.2277,-1.3851,0
1.3652,0.58087,-0.08269,8.1923,-0.88167,0
1.2702,0.78606,-0.094274,-2.0479,-0.23441,0
-0.059385,-0.16296,-0.06081,-7.7369,-0.55085,0
-0.15436,-1.2659,-0.027345,3.8687,0.21147,0
0.79538,-1.0607,-0.11487,6.3718,-0.9392,0
2.22,0.17048,-0.26288,-5.2337,-0.5077,0
3.1697,1.0939,-0.37229,-7.2818,-1.155,0
1.7451,0.52957,-0.34654,6.5994,-1.5002,0
0.41548,-0.21426,-0.19209,4.7789,-1.155,0
0.60543,-0.5477,-0.045365,-6.5991,-1.8022,0
0.51046,-0.41945,0.00097052,-4.0959,-0.46455,0
0.13056,-0.0090658,-0.054374,6.3718,-0.72345,0
0.60543,0.17048,-0.1316,2.2757,-0.033045,0
0.79538,-0.23991,-0.19724,-7.9645,-0.047428,0
0.89035,-0.086014,-0.23328,-1.5928,-0.79537,0
0.79538,0.32437,-0.25902,7.7372,-0.11935,0
0.41548,0.11918,-0.3208,-1.5928,-1.0543,0
-0.7242,-0.13731,-0.3311,-8.6471,-0.13373,0
-1.389,-0.21426,-0.23328,2.2757,-0.75222,0
-0.91415,-0.21426,-0.022197,6.5994,-0.82413,0
-0.91415,0.016583,0.12839,-4.5511,-0.56523,0
-2.4337,0.63217,0.038296,-7.2818,-1.0111,0
-2.5287,0.68346,-0.10586,6.1442,0.44161,0
-0.91415,0.19613,-0.17922,4.3238,-0.033045,0
0.13056,-0.34251,-0.18566,-7.2818,0.67174,0
-0.7242,-0.11166,-0.16893,-3.6408,-0.11935,0
-1.8639,0.37567,-0.12388,7.282,-1.3995,0
-1.7689,0.32437,-0.068532,0.91037,-1.4426,0
-1.294,0.016583,-0.073681,-7.9645,-2.4926,0
-0.15436,0.042233,-0.1419,0.45525,-1.1406,0
0.7004,0.14483,-0.19724,6.8269,-1.1118,0
0.41548,0.19613,-0.20368,-1.8203,-0.2488,0
0.13056,-0.21426,-0.24486,-6.5991,0.15394,0
0.035589,-0.29121,-0.32595,3.6411,-0.78098,0
0.035589,0.19613,-0.3504,6.1442,-0.40701,0
0.035589,0.29873,-0.30021,-5.0062,-1.9892,0
-0.81917,0.22178,-0.24744,-5.0062,-1.7303,0
-1.8639,0.14483,-0.17793,7.0545,-2.0611,0
-1.294,0.19613,-0.14447,3.6411,-1.6871,0
-0.059385,-0.0090658,-0.15863,-7.2818,-0.40701,0
-0.34431,-0.18861,-0.20496,-2.2755,-0.7666,0
-1.8639,0.24743,-0.30922,7.9647,0.21147,0
-0.7242,0.52957,-0.40961,0.91037,-0.89605,0
0.89035,1.0939,-0.42119,-7.7369,-0.91043,0
1.5552,1.4016,-0.38902,1.8206,-1.3851,0
0.79538,0.99126,-0.34654,6.8269,-2.1762,0
0.13056,0.68346,-0.2809,-4.0959,-1.6728,0
0.22554,0.83736,-0.20239,-6.3715,-2.32,0
-0.43928,1.1965,-0.12002,5.4616,-0.9392,0
0.035589,0.93996,-0.092987,5.6891,-1.0399,0
0.89035,1.1195,-0.15992,-7.2818,-0.66591,0
0.32051,1.376,-0.22556,-5.0062,-0.47893,0
0.60543,1.1452,-0.18437,6.8269,-1.4858,0
0.41548,1.3247,-0.12516,2.2757,-1.1406,0
-0.62923,1.2221,-0.1213,-8.6471,-2.133,0
-1.294,1.0939,-0.14061,-2.2755,-1.1118,0
-0.62923,0.76041,-0.20496,6.8269,-0.55085,0
0.51046,1.0939,-0.24486,-0.9101,-0.26318,0
0.035589,1.5812,-0.19081,-7.2818,0.59983,0
-0.7242,1.1195,-0.11487,2.0482,-0.49331,0
-0.15436,0.016583,-0.038929,6.5994,-0.11935,0
-0.059385,-0.086014,-0.067245,-4.5511,-1.1262,0
0.51046,0.35002,-0.16506,-6.144,-0.78098,0
0.035589,0.27308,-0.22942,4.7789,-0.32071,0
-1.6739,0.42697,-0.18694,4.5513,-0.36386,0
-2.9086,0.11918,-0.050513,-7.7369,0.72928,0
-2.6237,0.52957,0.047306,-3.8684,-0.1625,0
-1.8639,1.4016,0.12839,8.1923,0.35531,0
-1.0091,1.299,0.14512,2.0482,-0.52208,0
0.035589,0.65782,0.13998,-8.192,-0.63715,0
1.7451,-0.13731,0.19275,0.2277,-0.37825,0
0.32051,-0.11166,0.23908,7.282,-0.96797,0
-3.0036,0.37567,0.23136,-1.8203,-0.061812,0
-2.9086,0.55522,0.12324,-7.2818,-0.95358,0
-1.0091,0.52957,-0.0016037,3.8687,-0.36386,0
-0.059385,0.81171,-0.013187,6.5994,-0.66591,0
-0.7242,0.55522,0.05889,-5.6889,-0.79537,0
-1.294,0.27308,0.16572,-5.4613,0.024489,0
-0.81917,0.91431,0.23265,6.3718,-0.37825,0
-1.0091,1.3503,0.25453,2.9584,1.0169,0
-1.1991,1.4016,0.28928,-7.5093,0.44161,0
-0.43928,0.99126,0.31116,-1.8203,0.81558,0
1.2702,-0.0090658,0.25324,8.1923,0.58544,0
2.6949,0.14483,0.16829,0.68281,-0.11935,0
2.4099,0.73476,0.158,-7.5093,0.57106,0
2.22,0.96561,0.16314,1.5931,-0.32071,0
2.03,1.0682,0.14899,7.282,0.36969,0
1.2702,0.99126,0.15027,-4.3235,-0.23441,0
0.22554,1.2477,0.14384,-6.5991,-0.47893,0
-1.389,1.8633,0.17087,5.4616,-0.30633,0
-0.91415,2.6585,0.29829,4.0962,-1.5002,0
0.79538,1.6068,0.44502,-7.2818,-0.89605,0
0.7004,0.17048,0.52224,-4.3235,-1.8166,0
0.32051,-0.0090658,0.56472,6.5994,-1.1693,0
1.3652,0.81171,0.47333,2.5033,-0.86728,0
0.7004,1.5555,0.27383,-7.7369,-1.0111,0
-0.15436,1.3247,0.079483,-0.68254,-0.27756,0
0.41548,0.63217,-0.0080391,7.282,-1.4282,0
2.03,0.70911,0.047306,-1.8203,-1.1118,0
1.1753,1.1708,0.12968,-8.192,-2.0467,0
1.0803,0.47827,0.22106,2.5033,-1.9317,0
0.13056,-0.72725,0.3073,6.3718,-1.1837,0
0.51046,-0.21426,0.31631,-5.0062,-1.2556,0
1.6501,1.299,0.30215,-7.7369,-0.2488,0
1.4602,1.4016,0.31245,4.5513,-1.4426,0
-0.15436,1.4016,0.30601,4.7789,-1.6008,0
-0.24933,1.1708,0.31245,-7.2818,-2.5358,0
0.13056,0.58087,0.45016,-4.0959,-3.1255,0
-0.43928,0.042233,0.61749,6.8269,-2.4351,0
-0.53425,-1.0863,0.65867,1.8206,-2.8234,0
-1.484,-2.138,0.54541,-7.2818,-1.5721,0
-1.7689,-1.1889,0.24938,-0.45498,-1.8022,0
-0.059385,0.65782,-0.024771,8.4198,-1.457,0
0.7004,0.99126,-0.053087,-1.5928,-1.3276,0
0.79538,-0.16296,0.093641,-7.0542,-2.0036,0
0.98533,-0.85549,0.16443,3.6411,-1.083,0
0.51046,-1.4711,0.167,6.3718,-1.7734,0
-0.34431,-1.3428,0.26997,-5.6889,-0.73783,0
-1.0091,-0.4451,0.35878,-5.2337,-0.95358,0
-0.91415,-0.13731,0.427,7.0545,-0.9392,0
0.13056,0.042233,0.52482,3.4135,-0.6803,0
0.13056,0.37567,0.59174,-7.5093,-1.7303,0
0.22554,-0.13731,0.59046,-1.8203,-1.0974,0
0.51046,-1.6763,0.53125,7.7372,-2.0036,0
0.41548,-3.1383,0.54026,0.2277,-1.4426,0
0.035589,-3.1126,0.67154,-7.9645,-1.4282,0
0.035589,-2.138,0.70243,1.8206,-1.7303,0
-0.81917,-1.7789,0.64194,7.5096,-1.0687,0
-1.1991,-1.8302,0.54798,-3.8684,-1.9892,0
-1.1991,-2.0354,0.3768,-7.2818,-1.3563,0
-1.8639,-1.7276,0.17601,5.0064,-2.133,0
-2.2438,-0.599,0.035722,4.7789,-1.8454,0
-1.484,0.042233,-0.018336,-7.2818,-1.6152,0
-0.43928,-0.90679,-0.050513,-4.7786,-1.8597,0
-0.059385,-2.574,-0.15734,5.9167,-0.73783,0
0.51046,-2.3944,-0.2616,2.5033,-1.27,0
0.7004,-1.2659,-0.25387,-7.9645,-0.047428,0
0.89035,-0.72725,-0.241,-1.3652,-0.090578,0
0.60543,-0.85549,-0.33753,7.0545,0.16832,0
0.035589,-0.75289,-0.41218,-1.5928,0.78681,0
0.51046,-0.6503,-0.39417,-9.3298,-0.076195,0
0.7004,-0.85549,-0.34912,2.0482,0.77243,0
1.3652,-1.1633,-0.29506,6.8269,-0.1625,0
1.8401,-1.5993,-0.2217,-2.503,0.36969,0
1.4602,-0.93244,-0.18437,-7.0542,0.25462,0
0.7004,-0.57335,-0.17793,4.0962,0.15394,0
1.8401,-0.5477,-0.11873,5.9167,0.85873,0
1.6501,-0.41945,-0.02992,-5.6889,-0.018661,0
0.32051,-0.18861,0.0048318,-5.6889,0.68613,0
-0.53425,-0.11166,-0.02091,6.3718,-0.22003,0
1.0803,-0.21426,-0.031207,3.4135,0.096406,0
2.6949,-0.26556,-0.031207,-8.6471,0.25462,0
2.22,-0.41945,-0.053087,-1.5928,-0.19126,0
0.98533,-0.060364,-0.053087,8.1923,0.77243,0
-0.059385,0.32437,0.021564,0.68281,-0.10496,0
-0.7242,0.14483,0.04988,-7.0542,0.64298,0
-0.91415,-0.36816,-0.045365,1.3655,0.053256,0
-1.484,-0.13731,-0.1316,7.282,-0.32071,0
-1.0091,1.0426,-0.12259,-2.7306,0.038872,0
-1.484,2.1968,-0.10457,-7.2818,-0.95358,0
-2.3388,2.1198,-0.073681,4.3238,-0.033045,0
-1.1041,1.2477,-0.046652,6.3718,-0.96797,0
-1.1041,0.016583,-0.045365,-5.4613,-0.40701,0
-1.1041,-0.90679,-0.12774,-4.7786,-0.49331,0
-0.24933,-1.625,-0.22427,7.282,-0.92482,0
-0.43928,-1.8302,-0.2011,3.8687,-0.23441,0
-0.24933,-1.3685,-0.14833,-7.0542,-1.27,0
0.035589,-1.2402,-0.18823,-1.8203,-0.73783,0
0.32051,-1.5993,-0.2912,7.5096,-1.5865,0
1.0803,-1.548,-0.40189,0.2277,-1.7447,0
1.4602,-1.9328,-0.49585,-7.2818,-1.8454,0
0.89035,-1.2915,-0.55891,2.0482,-2.8378,0
-0.24933,1.0169,-0.55891,7.7372,-2.0755,0
0.22554,1.9659,-0.43149,-2.7306,-2.996,0
1.5552,1.4786,-0.30407,-7.5093,-2.3919,0
1.5552,1.3247,-0.30793,5.234,-2.9529,0
0.41548,0.93996,-0.28605,5.4616,-3.4563,0
-1.0091,-0.47075,-0.15348,-7.7369,-3.3844,0
-0.53425,-1.4711,0.00097052,-5.0062,-4.909,0
0.41548,-2.2149,0.10651,7.0545,-4.7508,0
0.89035,-3.01,0.065325,2.0482,-5.959,0
1.0803,-2.5227,-0.027345,-8.6471,-5.0816,0
1.5552,-1.4967,-0.077542,-0.9101,-4.1467,0
1.0803,-1.3428,-0.056948,7.0545,-3.5138,0
1.3652,-1.8302,0.038296,-1.1377,-1.9173,0
1.8401,-2.4201,0.1181,-7.7369,-2.32,0
1.8401,-2.6509,0.1477,2.2757,-1.5002,0
0.51046,-2.1893,0.12196,5.9167,-2.1618,0
-0.53425,-1.6763,0.033148,-5.2337,-2.1043,0
0.13056,-1.2146,-0.0016037,-6.5991,-1.3132,0
0.22554,-1.0094,0.022851,5.9167,-1.1837,0
-0.24933,-1.2659,-0.02091,3.6411,0.52791,0
0.13056,-1.4454,-0.081403,-7.0542,0.18271,0
1.6501,-0.93244,-0.10843,-3.4133,1.0026,0
1.4602,-0.23991,-0.19209,7.7372,0.54229,0
-0.059385,-0.16296,-0.2513,1.8206,0.082022,0
-0.43928,0.067882,-0.22684,-8.192,0.44161,0
-1.1991,0.17048,-0.23972,0.2277,-0.5077,0
-1.484,-0.4964,-0.20882,8.1923,0.47037,0
-0.15436,-1.3428,-0.015762,-1.8203,-0.19126,0
1.1753,-1.7789,0.21591,-7.2818,0.51352,0
1.4602,-1.8045,0.30344,5.4616,0.64298,0
1.5552,-1.8302,0.22364,5.9167,0.32654,0
0.79538,-1.8045,0.17215,-5.2337,1.0601,0
0.89035,-1.4198,0.24552,-5.2337,0.067639,0
0.22554,-0.18861,0.33304,6.5994,0.70051,0
-0.34431,0.47827,0.34848,3.6411,-0.1625,0
-0.059385,1.0169,0.37809,-7.2818,-0.22003,0
1.1753,1.6068,0.46561,-3.4133,0.024489,0
1.9351,1.376,0.56343,7.7372,-0.49331,0
1.7451,0.65782,0.63679,0.91037,0.62859,0
0.51046,0.016583,0.69986,-8.192,0.038872,0
0.89035,0.042233,0.75778,0.2277,1.0169,0
1.8401,-0.29121,0.84659,7.7372,0.84434,0
1.7451,-1.2146,0.86589,-2.2755,0.74366,0
0.79538,-1.548,0.72689,-7.5093,1.0889,0
-0.24933,-1.4454,0.53897,4.0962,-0.033045,0
-0.62923,-1.7019,0.49521,5.234,0.45599,0
-0.24933,-1.3428,0.54412,-6.144,-0.53646,0
0.7004,-1.3172,0.62263,-6.144,-0.090578,0
1.2702,-0.95809,0.70243,6.5994,0.024489,0
1.9351,-0.26556,0.77966,3.6411,-0.37825,0
1.5552,-0.11166,0.84401,-7.0542,0.22586,0
0.60543,0.32437,0.92639,-2.503,-0.9392,0
1.4602,1.0169,0.9251,7.5096,-0.4214,0
1.0803,2.0685,0.78481,1.1379,-0.92482,0
0.41548,1.7351,0.66768,-8.8747,-0.73783,0
0.13056,0.24743,0.65481,0.91037,-0.076195,0
1.0803,-0.4964,0.65352,7.0545,-0.60838,0
1.3652,-0.77854,0.66125,-3.1857,0.24024,0
-0.15436,-1.4711,0.68956,-7.5093,-0.66591,0
-0.34431,-2.0097,0.70758,4.0962,-0.11935,0
-0.34431,-2.4201,0.64194,6.5994,-0.2488,0
0.79538,-2.8818,0.51581,-4.7786,-0.20565,0
1.5552,-2.7792,0.3665,-6.8267,0.55667,0
0.41548,-2.6509,0.18631,5.6891,-0.2488,0
-1.1991,-3.087,0.01899,4.7789,0.45599,0
-0.62923,-3.8565,-0.096848,-7.2818,-0.78098,0
0.41548,-2.8561,-0.24229,-3.6408,-0.78098,0
0.32051,-0.90679,-0.41605,7.5096,-1.1837,0
-1.484,-0.6503,-0.55891,2.2757,-1.5433,0
-1.1991,-0.7016,-0.70564,-7.5093,-0.60838,0
0.7004,0.70911,-0.91029,-0.22742,-1.155,0
2.125,1.812,-1.1252,7.9647,-0.033045,0
0.60543,0.42697,-1.3711,-1.1377,-0.78098,0
-1.0091,-2.9844,-1.6208,-8.192,-1.083,0
-0.15436,-5.2415,-1.7958,3.6411,-1.4426,0
2.125,-4.6772,-2.0017,7.282,-2.2625,0
2.7898,-2.9844,-2.2579,-4.7786,-0.89605,0
2.4099,-1.5737,-2.4895,-6.3715,-0.92482,0
1.8401,-1.5737,-2.738,5.4616,0.26901,0
0.79538,-2.7022,-3.0533,5.0064,0.010105,0
0.22554,-4.036,-3.4471,-7.2818,-1.0111,0
0.32051,-3.7282,-3.7921,-3.8684,-1.2988,0
1.3652,-2.3431,-3.9813,6.3718,-2.7947,0
1.1753,-0.67595,-4.0263,1.8206,-1.8741,0
0.41548,1.6325,-4.0534,-8.8747,-1.9748,0
1.0803,3.787,-4.2014,-0.45498,-1.1837,0
2.5049,2.5559,-4.4099,7.282,-0.66591,0
2.315,-0.034715,-4.5695,-1.8203,-1.3563,0
-0.15436,-1.625,-4.6815,-7.9645,-0.56523,0
-0.81917,-1.7789,-4.8024,2.9584,-1.5002,0
1.2702,-0.5477,-4.9028,6.8269,-0.8529,0
2.6949,0.32437,-4.9582,-5.2337,-1.27,0
2.315,0.78606,-4.899,-6.5991,-1.8597,0
1.9351,0.76041,-4.7432,5.9167,-1.3851,0
0.51046,0.19613,-4.6377,3.6411,-2.0611,0
-1.484,0.14483,-4.6737,-7.5093,-0.88167,0
-1.1991,-0.90679,-4.7741,-4.0959,-1.457,0
-0.15436,-1.2146,-4.9672,7.9647,-1.1262,0
-0.43928,0.29873,-5.1899,0.91037,-1.4426,0
-0.34431,1.1965,-5.1023,-8.6471,-2.507,0
-0.059385,1.5299,-4.796,1.1379,-2.1186,0
-1.0091,1.7094,-4.5038,7.9647,-3.1255,0
-1.7689,1.6068,-4.1949,-2.503,-2.0611,0
-1.6739,1.1965,-3.9942,-7.9645,-2.2481,0
-1.389,0.81171,-3.832,3.6411,-1.9173,0
-1.484,0.88866,-3.5141,6.8269,-1.6728,0
-0.91415,1.1965,-3.007,-5.2337,-2.5358,0
-1.1041,1.4529,-2.5076,-5.0062,-2.0611,0
-1.7689,1.9146,-1.9657,7.0545,-3.4131,0
-1.6739,2.6585,-1.3518,3.4135,-3.2981,0
-0.53425,2.9919,-0.88197,-6.5991,-3.8159,0
0.32051,3.7357,-0.67733,-1.3652,-3.8159,0
0.41548,4.6591,-0.46496,8.1923,-2.507,0
1.6501,5.6851,-0.17536,0.91037,-2.5645,0
1.7451,6.7367,0.065325,-8.4196,-1.2413,0
1.4602,6.6854,0.23522,1.1379,-2.2481,0
1.6501,6.2494,0.27383,7.5096,-2.3775,0
0.41548,6.4802,0.44502,-2.7306,-2.6077,0
-0.53425,6.5315,0.86203,-7.2818,-3.0679,0
0.79538,6.2237,1.4258,4.3238,-1.7015,0
1.9351,4.6335,1.9754,6.1442,-1.946,0
1.1753,3.4792,2.4773,-5.4613,-0.66591,0
-0.91415,3.5305,3.0231,-5.6889,-0.49331,0
-0.81917,4.0435,3.5199,7.0545,-0.26318,0
-0.059385,4.7617,3.9305,2.7309,0.19709,0
0.98533,6.0185,4.4942,-8.4196,-0.86728,0
0.13056,7.0445,5.1879,-2.7306,-0.11935,0
0.32051,6.6854,5.7658,6.8269,-0.75222,0
1.0803,4.2744,6.2125,-0.68254,0.35531,0
-0.53425,2.0942,6.6063,-8.6471,0.70051,0
-1.389,1.4529,6.9126,1.1379,0.41284,0
-1.389,2.7611,7.1739,6.5994,0.87311,0
-1.389,4.7873,7.3979,-3.4133,-0.23441,0
-1.0091,6.3007,7.7428,-7.5093,0.58544,0
-0.43928,7.1984,8.0787,5.6891,-0.20565,0
-0.7242,6.3776,8.2538,5.4616,-0.018661,0
-0.24933,4.6078,8.2924,-5.9164,0.24024,0
0.60543,3.4536,8.2396,-5.0062,-0.004278,0
1.1753,4.2744,8.1019,7.282,1.5204,0
-0.34431,4.9669,7.9938,2.9584,1.2471,0
-0.81917,5.6594,7.8393,-7.7369,2.2539,0
-0.53425,6.788,7.533,-1.8203,1.8368,0
-1.1041,7.7114,7.0362,8.1923,1.5347,0
-0.91415,8.4295,6.5561,0.00013542,1.808,0
-1.1041,8.5578,6.2768,-7.5093,0.94503,0
-0.91415,7.737,6.1455,2.5033,1.7793,0
-0.15436,6.4033,6.0155,7.9647,0.90188,0
-0.91415,5.4542,5.7298,-3.6408,1.319,0
-1.9589,5.1464,5.3282,-6.144,1.2039,0
-1.579,5.1977,4.9318,6.1442,0.62859,0
-1.1041,4.8643,4.5238,4.0962,1.3478,0
-0.7242,4.7361,4.1634,-6.144,0.44161,0
-0.62923,3.8383,3.9369,-3.4133,1.3909,0
-0.62923,3.4536,3.6808,7.282,0.93064,0
-0.7242,3.2484,3.3127,2.0482,1.2183,0
-1.1041,3.1201,2.996,-7.7369,1.7361,0
-1.8639,2.838,2.7824,0.45525,1.2327,0
-2.3388,3.3766,2.5558,6.8269,2.1676,0
-1.9589,3.3766,2.2444,-2.9581,1.132,0
-1.1041,1.9916,1.9355,-7.2818,1.3765,0
-0.24933,0.067882,1.8557,3.4135,0.65736,0
0.035589,-2.2406,1.9187,6.3718,0.11079,0
-0.15436,-2.138,1.8492,-5.2337,0.61421,0
0.51046,-0.5477,1.6343,-7.2818,0.12517,0
0.41548,0.17048,1.3936,5.4616,1.3909,0
0.035589,0.45262,1.1491,3.8687,1.0313,0
0.79538,0.14483,0.91223,-7.5093,1.2902,0
0.41548,-0.13731,0.72431,-4.5511,1.0026,0
-0.059385,0.24743,0.40898,6.3718,0.13956,0
0.89035,-0.13731,-0.0028907,0.45525,0.70051,0
1.7451,-0.72725,-0.32209,-8.6471,-0.14811,0
2.5049,-0.11166,-0.50872,0.45525,0.82996,0
1.3652,-0.67595,-0.67604,6.1442,0.34092,0
-1.0091,-2.8818,-0.85108,-2.9581,0.71489,0
-1.1991,-4.4464,-0.96048,-7.5093,0.94503,0
0.22554,-5.0107,-1.0416,3.6411,0.21147,0
0.79538,-4.1899,-1.1008,5.9167,0.91626,0
0.79538,-2.061,-1.1021,-5.4613,-0.32071,0
1.3652,-0.62465,-1.16,-5.6889,0.19709,0
1.8401,-0.21426,-1.3646,7.0545,0.16832,0
1.1753,-0.41945,-1.5371,3.8687,0.35531,0
0.79538,-1.2146,-1.5435,-6.8267,0.97379,0
0.79538,-2.1893,-1.4818,-2.503,-0.19126,0
0.60543,-2.1636,-1.4509,7.5096,0.096406,0
0.13056,-0.98374,-1.4277,0.68281,-1.2125,0
0.89035,-0.599,-1.4663,-7.9645,-1.1837,0
1.1753,-3.2922,-1.4354,0.45525,-1.0687,0
-0.15436,-5.1133,-1.3749,7.282,-0.98235,0
0.13056,-4.3951,-1.411,-1.1377,0.45599,0
0.51046,-3.9334,-1.4805,-7.7369,-0.22003,0
0.41548,-3.9334,-1.5719,2.9584,0.13956,0
-0.62923,-4.3438,-1.6375,7.0545,-1.1981,0
-1.1991,-4.9337,-1.7405,-4.3235,-1.7303,0
-0.62923,-4.8568,-1.9065,-6.5991,-1.6296,0
0.51046,-2.497,-2.0712,4.3238,-2.2049,0
0.79538,0.093531,-2.1613,4.7789,-1.0543,0
1.2702,-1.1889,-2.1317,-6.5991,-1.5433,0
1.2702,-4.9594,-2.0532,-3.8684,-0.62276,0
0.32051,-6.3444,-1.967,6.5994,-0.65153,0
0.7004,-6.4983,-1.7173,1.5931,-0.82413,0
0.41548,-6.2162,-1.438,-8.192,-0.36386,0
0.51046,-5.3185,-1.3337,-0.22742,-1.5289,0
1.3652,-4.8568,-1.3621,7.282,-1.0543,0
0.41548,-5.0107,-1.3878,-2.2755,-1.9173,0
-0.24933,-5.3698,-1.3981,-7.5093,-1.2988,0
0.22554,-5.0363,-1.4534,4.0962,-0.45016,0
1.4602,-2.8048,-1.5577,5.234,-0.076195,0
1.6501,-0.88114,-1.6864,-6.8267,1.132,0
1.0803,-0.034715,-1.8512,-6.3715,0.25462,0
1.3652,-1.3172,-1.8949,6.8269,0.77243,0
1.2702,-4.9337,-1.7006,2.7309,-0.13373,0
0.035589,-7.4474,-1.4663,-7.9645,-0.43578,0
0.13056,-7.8577,-1.4187,-1.8203,-0.13373,0
1.2702,-7.037,-1.541,7.282,-0.72345,0
0.89035,-6.4727,-1.6182,0.00013542,0.26901,0
1.3652,-6.3701,-1.6079,-9.3298,-0.73783,0
1.4602,-6.1136,-1.68,0.68281,-0.26318,0
0.13056,-4.6516,-1.8447,7.5096,-0.53646,0
-0.62923,-2.3175,-1.8962,-2.503,-0.80975,0
0.79538,-2.3688,-1.7443,-7.2818,-0.27756,0
1.4602,-4.5233,-1.5731,4.5513,-1.2844,0
0.89035,-8.0116,-1.4573,5.4616,-0.70906,0
0.89035,-10.423,-1.4238,-7.2818,-1.6296,0
0.79538,-8.935,-1.541,-5.0062,-1.1837,0
1.3652,-5.5237,-1.6208,7.0545,-0.88167,0
1.2702,-3.8821,-1.532,3.8687,-1.27,0
0.32051,-2.138,-1.4316,-6.8267,-0.53646,0
1.1753,-1.2146,-1.3234,-2.0479,-1.8166,0
2.03,-2.574,-1.1497,7.5096,-1.4282,0
-0.34431,-4.2668,-1.0094,0.00013542,-2.1043,0
-0.91415,-4.3438,-0.91158,-7.5093,-1.8885,0
0.7004,-1.8815,-0.9592,2.2757,-1.0543,0
1.8401,-0.31686,-1.2076,7.0545,-1.1262,0
2.4099,0.016583,-1.4406,-3.6408,0.39846,0
2.315,0.55522,-1.5513,-6.3715,0.024489,0
1.6501,1.1452,-1.5448,6.8269,0.71489,0
0.035589,0.22178,-1.4071,4.5513,0.26901,0
-0.53425,-3.1126,-1.0133,-6.5991,-0.20565,0
-0.62923,-6.6779,-0.69406,-4.0959,0.16832,0
-0.62923,-8.4477,-0.82405,7.0545,-0.49331,0
-0.24933,-7.2422,-1.2436,2.2757,0.71489,0
0.51046,-3.523,-1.4805,-8.8747,0.45599,0
0.7004,-0.18861,-1.3273,-0.9101,1.2183,0
0.41548,-1.9071,-0.97593,7.5096,1.4484,0
-0.24933,-4.9081,-0.79059,-1.8203,0.88749,0
-0.81917,-5.8827,-0.77643,-7.9645,1.506,0
-0.24933,-4.6516,-0.75712,2.9584,0.35531,0
0.98533,-2.3688,-0.76356,6.5994,0.94503,0
1.6501,-0.5477,-0.80603,-5.4613,0.59983,0
0.89035,0.067882,-0.86395,-6.144,1.0313,0
-0.059385,0.016583,-0.89356,5.4616,1.9806,0
0.51046,0.52957,-0.8987,3.186,1.6498,0
0.035589,1.4016,-0.8794,-7.7369,2.4697,0
-1.9589,1.9659,-0.85494,-3.8684,1.4772,0
-1.7689,2.2224,-0.84207,7.5096,1.9231,0
0.13056,2.7611,-0.80475,1.3655,1.808,0
-0.15436,2.5302,-0.65287,-7.9645,1.5491,0
0.035589,2.0942,-0.49456,0.91037,2.2539,0
1.4602,1.6581,-0.44436,7.0545,1.0169,0
0.41548,1.2477,-0.47525,-1.8203,1.319,0
-1.0091,1.299,-0.46753,-7.7369,0.038872,0
-0.7242,1.376,-0.4302,3.186,-0.10496,0
0.32051,1.4786,-0.38773,6.1442,0.024489,0
1.0803,1.4529,-0.36842,-5.4613,-0.47893,0
2.03,2.1455,-0.38516,-5.2337,0.34092,0
1.5552,2.5559,-0.39931,5.9167,-0.99673,0
-0.059385,2.6585,-0.40189,3.8687,-0.594,0
-0.34431,2.402,-0.36971,-7.0542,-1.2125,0
0.51046,2.5302,-0.23457,-2.0479,-1.7015,0
0.79538,2.6328,-0.13804,8.4198,-1.3276,0
0.7004,2.1968,-0.12388,0.91037,-2.3775,0
1.2702,2.5815,-0.15477,-8.4196,-1.3851,0
1.4602,3.0175,-0.23457,0.91037,-1.9892,0
0.32051,2.402,-0.29763,7.5096,-1.6152,0
0.60543,1.9659,-0.28348,-2.0479,-1.831,0
0.89035,1.5812,-0.24486,-7.5093,-2.8378,0
0.41548,1.5042,-0.29892,4.0962,-2.3488,0
-0.24933,1.889,-0.41476,6.3718,-3.3844,0
-0.53425,1.4786,-0.43535,-5.2337,-2.4638,0
-1.1041,0.50392,-0.39674,-5.6889,-2.809,0
-1.579,-0.5477,-0.32595,6.3718,-2.4351,0
-0.34431,-1.3685,-0.1213,2.7309,-1.946,0
0.32051,-1.0863,0.23651,-7.9645,-2.5645,0
0.41548,-0.18861,0.43601,-2.0479,-1.6584,0
-0.34431,0.093531,0.3073,7.282,-2.7515,0
-1.0091,-0.4964,0.13998,0.2277,-2.2337,0
-1.1041,-0.88114,0.037009,-8.4196,-2.5358,0
0.41548,-0.5477,-0.036355,1.8206,-2.4782,0
1.8401,0.14483,-0.073681,5.6891,-1.7878,0
2.4099,1.1965,-0.16635,-4.0959,-2.4351,0
1.8401,1.7351,-0.098135,-7.0542,-1.457,0
1.4602,0.93996,0.034435,5.6891,-2.3632,0
1.5552,0.81171,-0.026058,4.3238,-1.8022,0
0.7004,0.91431,-0.10972,-7.0542,-1.644,0
0.41548,1.2221,-0.045365,-4.0959,-1.6728,0
1.6501,1.4016,0.033148,7.5096,-0.5077,0
1.6501,1.9146,0.087205,0.68281,-1.2125,0
1.0803,2.1968,0.074335,-8.6471,-0.37825,0
1.3652,1.9916,0.047306,0.45525,-1.2125,0
1.8401,1.7094,0.022851,7.9647,-1.3419,0
1.9351,1.9146,-0.032494,-1.5928,-1.2269,0
1.2702,2.4789,-0.062097,-7.7369,-1.8022,0
1.1753,3.2997,-0.081403,3.8687,-0.69468,0
1.4602,3.7614,-0.0518,7.0545,-1.3419,0
0.79538,2.3507,0.1078,-5.2337,-0.45016,0
-0.53425,-1.1889,0.27512,-5.2337,-0.62276,0
-1.389,-3.0613,0.23908,6.8269,-0.69468,0
-1.0091,-2.8048,0.20047,4.5513,-0.14811,0
-0.62923,-2.8561,0.31502,-6.8267,-0.80975,0
-0.7242,-2.5227,0.36007,-2.9581,0.12517,0
-0.7242,-1.8302,0.20047,7.7372,-0.72345,0
-0.7242,-1.9328,0.10136,1.3655,-0.29195,0
-0.53425,-2.3688,0.039583,-7.9645,-0.39263,0
-0.7242,-3.2665,-0.10328,0.45525,-0.83852,0
-0.34431,-2.8561,-0.18437,8.4198,-0.1625,0
0.51046,-1.035,-0.1715,-1.8203,-1.1262,0
0.79538,-0.034715,-0.1213,-7.9645,-0.34948,0
0.98533,-0.23991,-0.089126,3.186,-0.96797,0
0.60543,0.11918,-0.018336,6.8269,-0.95358,0
-0.43928,0.96561,0.082057,-5.2337,-0.73783,0
-0.53425,1.7864,0.094928,-6.3715,-1.4858,0
-0.7242,2.8893,0.08077,6.5994,-0.6803,0
-1.0091,3.1201,0.15156,4.0962,-1.5721,0
-1.6739,3.1201,0.20047,-6.5991,-1.0111,0
-1.8639,1.7351,0.16057,-3.1857,-1.4139,0
-1.0091,-1.1889,0.13998,7.0545,-1.6871,0
-0.7242,-1.1376,0.22492,-0.22742,-1.2125,0
-0.7242,2.2737,0.34848,-8.4196,-2.3056,0
-0.62923,3.0688,0.38452,1.1379,-1.6152,0
-0.7242,0.58087,0.30858,7.0545,-2.7515,0
-1.9589,-1.5224,0.22492,-3.4133,-2.5645,0
-2.6237,-0.80419,0.28799,-7.0542,-2.809,0
-2.1488,-0.060364,0.45145,4.3238,-3.37,0
-0.53425,-0.67595,0.41799,4.3238,-2.6652,0
-0.7242,-1.9841,0.23136,-7.7369,-3.6001,0
-0.15436,-3.2152,0.062751,-5.6889,-2.9529,0
0.13056,-3.3435,-0.12259,7.282,-3.6001,0
-0.43928,-1.0863,-0.34654,2.9584,-3.8303,0
-0.91415,2.0429,-0.44565,-7.9645,-3.5857,0
-1.294,3.5818,-0.45981,-1.3652,-4.1755,0
-0.91415,2.5046,-0.16506,7.9647,-2.9529,0
0.035589,0.52957,0.29185,0.00013542,-3.5282,0
0.51046,-0.16296,0.63164,-7.7369,-2.7515,0
-0.62923,1.3503,0.75006,0.91037,-2.7227,0
0.60543,3.5818,0.65352,7.5096,-2.9097,0
2.22,2.9663,0.42442,-2.0479,-2.1762,0
2.8848,0.70911,0.30987,-7.2818,-2.9241,0
2.22,0.27308,0.43987,5.0064,-1.8454,0
0.41548,1.2221,0.67669,6.3718,-2.2625,0
-0.34431,2.402,0.68699,-5.6889,-1.644,0
1.4602,2.7867,0.48363,-5.4613,-1.3851,0
2.125,3.6844,0.33819,7.282,-1.6871,0
1.4602,4.4026,0.25324,2.7309,-0.75222,0
-0.53425,1.4786,-0.018336,-6.8267,-1.4858,0
-1.484,-2.7535,-0.2809,-0.68254,-0.5077,0
-1.294,-3.3948,-0.083977,8.6474,-0.78098,0
0.51046,-2.4714,0.25581,-0.9101,-0.53646,0
1.3652,-2.3688,0.32789,-8.6471,0.024489,0
0.7004,-2.5483,0.25839,2.2757,-0.60838,0
0.32051,-1.4454,0.26868,6.5994,0.24024,0
2.5999,0.29873,0.29057,-3.6408,-0.55085,0
3.4546,1.2221,0.23136,-6.5991,-0.004278,0
1.7451,-0.13731,0.13354,5.9167,0.053256,0
0.89035,-2.0097,-0.0016037,4.7789,-0.32071,0
0.41548,-2.497,-0.050513,-6.8267,0.61421,0
-0.43928,-1.1889,0.056315,-5.0062,-0.10496,0
-0.34431,-0.93244,0.25324,6.8269,0.80119,0
0.13056,-2.2662,0.36264,2.0482,0.36969,0
-0.24933,-2.7792,0.37037,-8.4196,0.58544,0
-0.24933,-2.2919,0.39868,-1.8203,0.88749,0
0.41548,-1.7532,0.48363,7.7372,0.35531,0
0.7004,-1.6763,0.55699,-0.22742,1.2039,0
0.51046,-1.5737,0.54541,-8.192,0.26901,0
0.60543,-0.75289,0.47848,2.7309,0.95941,0
2.4099,-0.5477,0.39225,6.3718,0.77243,0
1.5552,-0.599,0.31888,-4.5511,0.71489,0
-0.34431,-0.41945,0.25453,-7.0542,1.319,0
0.89035,0.19613,0.18116,5.4616,0.61421,0
1.5552,1.2221,0.14255,4.5513,1.506,0
0.98533,1.4786,0.18889,-7.0542,0.67174,0
0.60543,0.32437,0.1773,-4.5511,1.0601,0
-0.24933,-0.18861,-0.006752,7.0545,0.87311,0
-0.059385,-0.67595,-0.19338,1.5931,0.31216,0
1.3652,-1.8815,-0.19982,-7.7369,0.88749,0
2.22,-2.2919,-0.11358,-0.22742,-0.1625,0
1.5552,-1.6763,-0.11358,7.7372,0.48476,0
0.51046,-0.88114,-0.2011,-0.22742,-0.4214,0
0.41548,-0.88114,-0.18437,-7.2818,-0.46455,0
0.89035,-0.29121,-0.12645,2.9584,-0.63715,0
0.89035,0.32437,-0.067245,6.8269,-1.5002,0
0.79538,-0.11166,0.007406,-5.0062,-0.82413,0
0.79538,-0.26556,0.066612,-6.144,-1.5002,0
0.79538,-0.034715,0.14384,6.1442,-0.32071,0
0.51046,-0.26556,0.1876,5.234,-0.3351,0
-0.15436,-0.23991,0.13998,-7.2818,-0.36386,0
0.51046,-0.0090658,0.15156,-4.0959,-0.11935,0
0.79538,0.45262,0.20047,7.0545,-0.80975,0
0.41548,1.299,0.16186,1.8206,0.57106,0
0.22554,0.86301,-0.032494,-7.9645,0.61421,0
0.60543,0.11918,-0.23972,0.00013542,2.0957,0
0.51046,-0.6503,-0.19982,7.282,2.369,0
-0.24933,-1.6506,-0.040216,-2.0479,1.7505,0
-0.43928,-2.3944,0.011267,-7.5093,1.9375,0
0.79538,-2.8305,0.0022576,3.4135,1.0601,0
1.6501,-2.5483,0.11681,6.3718,2.5128,0
1.1753,-2.0867,0.32017,-5.6889,2.3402,0
0.60543,-0.23991,0.39739,-7.0542,2.9012,0
-0.059385,2.1968,0.31502,6.1442,2.5128,0
-0.24933,3.5305,0.23908,3.6411,1.3478,0
0.98533,1.7607,0.23779,-8.192,1.4197,0
1.7451,-2.3944,0.27512,-3.1857,0.19709,0
1.9351,-4.4464,0.23651,7.0545,1.1608,0
1.2702,-2.9074,0.1181,0.2277,1.1032,0
0.79538,-0.23991,0.062751,-7.9645,1.693,0
0.22554,0.68346,0.12324,0.91037,1.8368,0
0.035589,0.50392,0.26096,7.5096,0.54229,0
0.60543,0.47827,0.30215,-3.1857,0.52791,0
1.0803,1.0169,0.24037,-6.3715,-1.083,0
1.7451,2.0429,0.19532,3.6411,-0.66591,0
1.1753,1.8633,0.23265,5.4616,-0.63715,0
1.2702,1.299,0.27769,-5.4613,-0.23441,0
1.7451,1.3247,0.23007,-6.3715,0.70051,0
1.5552,1.6838,0.11037,6.1442,-0.30633,0
-0.34431,2.0685,-0.017049,3.8687,-0.018661,0
-2.1488,2.915,-0.15219,-6.3715,-1.5002,0
-2.4337,2.6328,-0.17407,-2.9581,-1.4858,0
-1.294,1.7351,-0.071106,7.0545,-1.4426,0
-0.53425,1.5812,-0.045365,1.8206,-1.7447,0
1.4602,1.9659,-0.14704,-7.5093,-0.594,0
2.315,1.8377,-0.25902,0.45525,-1.1837,0
1.1753,-0.086014,-0.25259,7.7372,-0.43578,0
0.13056,-1.625,-0.20625,-1.3652,-0.96797,0
0.89035,-1.7019,-0.26031,-6.8267,-1.3276,0
1.1753,-0.80419,-0.34526,4.3238,-0.78098,0
0.32051,0.14483,-0.30407,6.5994,-1.3132,0
0.51046,0.78606,-0.18823,-4.7786,0.15394,0
0.79538,0.29873,-0.2217,-6.144,-0.061812,0
0.51046,-0.5477,-0.27189,6.5994,0.47037,0
-0.15436,-1.1633,-0.25773,3.6411,0.36969,0
-0.24933,-1.3941,-0.18823,-7.9645,-0.55085,0
-1.484,-1.3941,-0.047939,-3.4133,-0.004278,0
-1.1991,-1.2402,0.026712,7.7372,-0.78098,0
-0.24933,0.042233,0.029286,1.3655,0.54229,0
-0.34431,0.19613,0.069186,-7.0542,0.71489,0
0.32051,-0.52205,0.14641,1.1379,1.0601,0
1.8401,0.45262,0.13097,7.0545,1.621,0
1.9351,1.6581,0.18374,-2.9581,0.71489,0
2.22,1.9916,0.28928,-8.192,1.4053,0
1.9351,1.4273,0.28928,3.6411,0.39846,0
0.79538,1.0939,0.21205,5.6891,0.98818,0
-0.81917,1.4786,0.10265,-6.3715,1.621,0
-1.6739,1.7864,0.044732,-6.3715,1.5779,0
-1.294,1.4016,0.067899,6.5994,2.671,0
0.60543,0.22178,0.087205,2.9584,1.4628,0
1.6501,-0.41945,0.069186,-7.9645,1.6067,0
1.6501,0.76041,0.031861,-1.8203,0.55667,0
1.4602,2.5046,0.026712,7.5096,0.15394,0
1.0803,2.2224,0.13225,-0.22742,0.57106,0
0.32051,0.73476,0.28413,-8.192,0.13956,0
0.89035,0.19613,0.25581,1.8206,1.4916,0
1.6501,1.0682,-0.0080391,6.3718,0.93064,0
0.7004,1.6581,-0.26417,-3.6408,1.4053,0
-0.34431,1.812,-0.27189,-7.7369,1.1176,0
-0.43928,2.7867,-0.16764,4.3238,0.42722,0
0.7004,3.351,-0.10843,5.234,1.1464,0
1.9351,3.7101,0.017703,-5.6889,0.55667,0
1.8401,3.4279,0.20304,-5.0062,1.6498,0
1.6501,3.2227,0.21334,6.8269,1.3334,0
1.5552,3.0945,0.098789,3.6411,1.4628,0
1.1753,2.838,-0.026058,-7.7369,1.7793,0
0.98533,2.7098,-0.077542,-1.8203,1.1895,0
0.13056,2.4276,0.04087,8.1923,2.1388,0
-1.294,2.5302,0.13611,0.2277,1.2471,0
-0.53425,3.351,-0.0119,-7.9645,1.693,0
0.7004,4.0692,-0.17021,1.5931,1.2327,0
0.98533,5.6338,-0.22041,7.9647,0.67174,0
0.13056,7.224,-0.27447,-3.8684,1.2758,0
-0.53425,6.5315,-0.36456,-7.2818,0.52791,0
-0.7242,4.2487,-0.40832,5.4616,1.5923,0
-0.43928,1.7607,-0.38773,5.6891,0.84434,0
0.13056,0.093531,-0.24615,-5.6889,0.84434,0
-0.15436,-1.4454,0.016416,-5.0062,0.49914,0
-0.7242,-2.8048,0.18631,7.0545,-0.5077,0
0.7004,-2.9074,0.17859,2.5033,-0.033045,0
1.4602,-3.1896,0.14641,-7.5093,-0.99673,0
1.0803,-3.1639,0.18245,-1.3652,-0.10496,0
0.41548,-1.7789,0.16443,7.7372,-0.34948,0
-0.34431,0.067882,0.10909,-0.9101,-0.14811,0
-0.62923,0.93996,0.078196,-8.192,0.36969,0
-0.34431,1.9403,0.026712,2.7309,-0.37825,0
0.13056,1.812,-0.023484,7.282,0.34092,0
-0.24933,0.60652,-0.0041778,-4.0959,-0.7666,0
-1.1041,-0.95809,0.13611,-6.8267,-0.52208,0
-2.2438,-1.6763,0.25581,4.5513,-0.86728,0
-2.0538,-0.7016,0.23007,3.8687,-1.4282,0
-0.059385,0.47827,0.18245,-7.7369,-0.6803,0
0.60543,0.45262,0.26225,-4.0959,-1.4714,0
0.89035,-0.11166,0.41927,7.0545,-0.45016,0
0.22554,-0.060364,0.49264,2.5033,-1.2125,0
-1.1991,0.11918,0.32532,-7.7369,-1.3419,0
-0.43928,-0.21426,0.12582,0.00013542,-1.4139,0
0.41548,0.11918,0.078196,8.1923,-2.5214,0
0.41548,1.6581,0.04087,-0.9101,-1.8741,0
0.13056,2.0172,-0.11358,-7.2818,-2.7371,0
0.79538,-0.13731,-0.25001,2.2757,-1.831,0
1.4602,-1.4711,-0.31694,7.282,-1.6584,0
2.315,0.042233,-0.28862,-4.0959,-1.6871,0
1.3652,1.1195,-0.17536,-6.5991,-1.0687,0
0.79538,0.73476,-0.013187,5.234,-1.9892,0
1.2702,0.99126,0.057602,5.0064,-1.2413,0
1.5552,2.2224,0.1181,-6.3715,-1.8885,0
0.79538,3.1458,0.16958,-4.0959,-1.3276,0
-0.15436,3.2484,0.22492,6.8269,-0.79537,0
-0.24933,4.0435,0.16057,2.5033,-0.60838,0
0.41548,5.0951,-0.067245,-7.7369,0.59983,0
0.98533,5.0438,-0.2616,-0.9101,-0.29195,0
1.8401,4.8386,-0.35298,7.282,0.13956,0
1.5552,4.4796,-0.44436,-0.45498,-0.69468,0
0.13056,3.4536,-0.35684,-7.5093,-0.78098,0
-0.059385,1.2734,-0.062097,3.186,-0.30633,0
0.41548,0.78606,0.08077,6.3718,-0.5077,0
1.1753,2.4789,-0.095561,-6.144,1.0169,0
1.8401,2.6841,-0.27318,-6.3715,0.57106,0
1.8401,0.067882,-0.17793,6.1442,1.2327,0
0.79538,-2.3944,0.025425,4.5513,0.75804,0
-0.43928,-2.138,0.078196,-6.8267,0.11079,0
0.13056,0.22178,-0.044078,-3.6408,0.54229,0
1.3652,1.5299,-0.12645,6.5994,-0.23441,0
0.22554,0.45262,-0.21912,2.0482,1.0745,0
-1.0091,-0.36816,-0.36328,-8.6471,0.67174,0
-1.389,-1.9584,-0.24486,-0.9101,1.2327,0
-1.484,-3.3435,-0.022197,6.3718,1.2471,0
-0.7242,-2.7022,0.047306,-0.9101,0.35531,0
-0.34431,-1.112,-0.035068,-7.7369,0.82996,0
0.13056,0.093531,-0.11615,2.9584,-0.22003,0
-1.0091,0.47827,-0.18051,6.1442,0.81558,0
-1.0091,0.88866,-0.19853,-5.0062,0.90188,0
0.41548,0.99126,-0.25259,-7.0542,1.0457,0
1.0803,1.7607,-0.25259,6.3718,1.4484,0
0.41548,1.0169,-0.16635,4.3238,0.35531,0
-0.059385,1.299,-0.22298,-7.5093,0.94503,0
0.51046,1.2221,-0.32209,-2.9581,-0.018661,0
0.13056,-0.086014,-0.23328,6.8269,0.58544,0
-0.24933,-1.4967,-0.0054649,0.68281,0.82996,0
-1.1041,-2.1636,0.18502,-8.192,0.74366,0
-1.6739,-1.9584,0.18116,1.8206,1.4484,0
-0.91415,-0.52205,0.096215,7.282,0.25462,0
-1.0091,0.88866,0.14641,-3.4133,0.64298,0
-1.6739,0.47827,0.24294,-6.5991,-0.34948,0
-1.1991,0.14483,0.22235,5.234,0.024489,0
-0.7242,-0.23991,0.14512,4.5513,0.21147,0
-0.24933,-1.1889,0.10651,-6.5991,-0.10496,0
0.035589,-1.6763,0.07176,-3.6408,0.81558,0
-0.62923,-1.3941,0.037009,7.7372,-0.11935,0
-1.484,-1.0607,0.04988,1.8206,0.32654,0
-0.91415,-1.7019,-0.0016037,-7.9645,-0.55085,0
-1.1041,-2.5996,-0.058236,-0.22742,-1.1981,0
-1.484,-2.5227,-0.024771,7.7372,-1.3419,0
-0.91415,-1.625,0.098789,-2.0479,-2.3632,0
-0.81917,-2.3175,0.26354,-7.5093,-1.6296,0
-0.53425,-4.2925,0.26997,3.8687,-2.5789,0
-1.1991,-5.2928,-0.00031657,6.1442,-2.2337,0
-2.7186,-5.1133,-0.38644,-5.6889,-2.5214,0
-1.579,-3.6513,-0.50872,-5.6889,-2.9529,0
0.13056,-2.1636,-0.3015,6.1442,-2.4495,0
1.1753,-1.9328,-0.21397,3.186,-3.4563,0
2.315,-2.1893,-0.25645,-7.2818,-2.6652,0
2.6949,-2.4714,-0.17536,-3.6408,-3.2405,0
1.4602,-2.6253,-0.10071,7.0545,-2.7227,0
0.51046,-1.7532,-0.087839,1.1379,-1.9892,0
-0.24933,0.91431,-0.046652,-8.192,-2.3056,0
-0.7242,4.1718,-0.006752,-0.9101,-1.4714,0
0.035589,2.9406,0.027999,7.282,-2.881,0
1.2702,-1.4454,-0.044078,-0.9101,-2.9529,0
0.79538,-3.8565,-0.12903,-7.9645,-3.7008,0
-0.24933,-4.1129,-0.1419,3.186,-3.8159,0
-0.53425,-4.0104,-0.023484,6.5994,-2.7947,0
-0.53425,-3.4717,0.11552,-4.7786,-3.0536,0
-0.24933,-2.9331,0.17859,-5.6889,-1.7303,0
-0.34431,-2.4201,0.034435,5.9167,-2.4782,0
-3.1935,-1.5737,-0.22813,3.4135,-2.3344,0
-3.4784,-0.90679,-0.31565,-6.8267,-2.6364,0
-1.294,-0.21426,-0.22298,-3.6408,-3.2981,0
-0.91415,0.58087,-0.090413,7.7372,-2.2481,0
-2.7186,-0.36816,-0.006752,2.0482,-2.6077,0
-2.3388,-2.1636,-0.056948,-8.6471,-1.0399,0
-0.059385,-1.2915,-0.20882,-0.22742,-0.86728,0
0.32051,-1.0863,-0.067245,7.0545,-0.37825,0
-0.24933,-3.1639,0.21591,-2.2755,0.067639,0
-1.1041,-4.472,0.37037,-6.8267,-1.0687,0
-1.484,-3.3178,0.36007,4.3238,-0.57961,0
-0.059385,-1.8045,0.30987,6.3718,-1.644,0
1.2702,-0.95809,0.25453,-5.4613,-1.155,0
0.79538,-0.57335,0.25195,-5.2337,-1.1981,0
0.035589,-0.57335,0.32274,6.3718,-1.4858,0
0.89035,-0.6503,0.28027,3.4135,-0.75222,0
1.4602,-0.41945,0.23908,-7.5093,-1.6584,0
1.2702,-0.034715,0.32789,-1.5928,-0.83852,0
1.2702,0.14483,0.36522,8.1923,-1.2844,0
0.98533,0.42697,0.25581,-0.22742,-0.82413,0
0.035589,0.70911,0.16829,-8.6471,-0.13373,0
-0.059385,1.4529,0.18374,1.3655,-0.5077,0
0.51046,0.88866,0.24166,6.3718,0.71489,0
0.035589,-1.035,0.29314,-4.0959,-0.13373,0
-1.1041,-2.061,0.30472,-7.2818,0.67174,0
-0.24933,-1.3428,0.3472,5.0064,0.47037,0
0.035589,0.58087,0.37294,5.0064,0.65736,0
-0.62923,1.8633,0.35621,-6.5991,1.6067,0
-1.1991,0.55522,0.35749,-5.0062,1.1895,0
-0.24933,-1.9584,0.31373,6.3718,2.0813,0
-0.34431,-2.5483,0.15285,2.5033,1.1752,0
-1.389,-1.9841,-0.028633,-8.192,1.319,0
-1.484,-1.4967,-0.17922,-1.3652,1.3046,0
0.7004,-0.75289,-0.27575,7.5096,0.90188,0
0.98533,-0.086014,-0.32338,-0.9101,1.8368,0
0.89035,-0.7016,-0.32466,-7.7369,1.132,0
0.60543,-1.4711,-0.19853,1.3655,1.7505,0
1.3652,-1.548,-0.032494,7.5096,0.94503,0
1.0803,0.35002,-0.19982,-3.1857,0.38407,0
-0.34431,4.0948,-0.58079,-6.144,0.41284,0
-1.579,5.9416,-0.69663,5.6891,-0.39263,0
-1.389,3.3766,-0.52287,5.234,0.94503,0
-0.059385,-1.6506,-0.29892,-6.5991,0.65736,0
-0.53425,-3.7539,-0.17922,-2.7306,1.6498,0
-0.62923,-2.8305,-0.083977,7.9647,1.7361,0
-0.059385,-2.0867,0.025425,2.0482,1.2758,0
1.2702,-1.1889,0.011267,-7.2818,1.6498,0
0.13056,-0.88114,0.082057,1.1379,0.58544,0
-1.1041,-1.8815,0.18245,7.5096,1.3334,0
-0.43928,-2.2919,0.11552,-2.2755,0.78681,0
0.035589,-1.3685,0.038296,-7.7369,1.2039,0
-0.34431,-0.11166,0.027999,4.0962,1.6786,0
-0.7242,-0.18861,-0.017049,5.4616,1.0601,0
-0.7242,-1.1889,0.012554,-5.4613,1.7361,0
-0.62923,-0.5477,0.061464,-5.9164,0.44161,0
-0.81917,1.9146,0.017703,6.5994,0.68613,0
-1.0091,2.9919,-0.074968,3.4135,0.19709,0
-1.484,3.1458,-0.22427,-7.7369,-0.076195,0
-1.294,2.8637,-0.3414,-2.2755,0.62859,0
-1.6739,1.7607,-0.26803,7.5096,-0.004278,0
-1.8639,-0.26556,-0.076255,-0.45498,1.0601,0
-1.579,-1.9328,0.033148,-8.4196,0.36969,0
-1.389,-3.2922,0.055028,1.1379,0.42722,0
-0.81917,-3.8052,0.13097,6.8269,0.45599,0
0.035589,-3.1639,0.28542,-3.4133,-0.13373,0
1.2702,-2.3431,0.35621,-7.0542,0.87311,0
0.7004,-1.8815,0.33561,3.8687,0.31216,0
0.32051,-1.7789,0.31888,4.7789,1.7217,0
0.79538,-1.3941,0.33047,-7.2818,1.995,0
1.5552,0.067882,0.32403,-4.3235,2.5272,0
0.32051,3.3766,0.19532,6.8269,3.1169,0
-1.6739,5.6081,-0.059523,1.8206,2.2108,0
-1.7689,4.4796,-0.26031,-7.9645,2.671,0
-0.62923,2.4789,-0.29377,-1.3652,1.506,0
0.60543,1.1452,-0.013187,7.282,2.0094,0
0.7004,0.19613,0.2867,-2.0479,2.2252,0
-0.059385,-1.0094,0.53383,-8.192,2.369,0
-1.8639,-2.1636,0.63679,3.8687,3.534,0
-3.2885,-0.7016,0.51838,6.3718,2.7286,0
-3.8583,0.58087,0.30858,-5.0062,3.2032,0
-2.2438,0.73476,0.17087,-5.4613,2.1101,0
0.7004,0.45262,0.13354,7.0545,2.0238,0
2.03,-0.4451,0.097502,3.8687,2.4265,0
1.4602,-0.90679,0.066612,-7.9645,2.2539,0
-0.24933,-0.57335,0.055028,-2.2755,3.6779,0
-0.91415,-0.060364,0.026712,7.0545,3.0882,0
-0.15436,-0.23991,-0.006752,1.1379,3.7642,0
-0.7242,-0.95809,0.10008,-7.9645,3.1025,0
-1.1991,-1.0863,0.30601,0.2277,2.4409,0
-0.81917,-0.34251,0.3871,7.5096,2.6135,0
-0.43928,-0.599,0.36007,-2.503,1.621,0
0.22554,-2.061,0.33175,-6.5991,2.5128,0
-0.7242,-3.3178,0.28542,4.5513,1.693,0
-0.81917,-3.3435,0.17601,5.0064,1.9662,0
-0.15436,-2.1893,0.19532,-6.5991,1.621,0
-1.1041,-1.3428,0.39353,-4.7786,0.74366,0
-2.3388,-1.7532,0.48234,7.282,1.0457,0
-1.1041,-2.8048,0.33304,3.4135,-0.22003,0
0.79538,-4.5233,0.052454,-7.9645,0.45599,0
0.60543,-4.8824,-0.18051,-1.5928,-0.17688,0
-0.15436,-2.9331,-0.2513,8.1923,-0.047428,0
0.13056,-2.2149,-0.2809,0.91037,0.26901,0
1.3652,-2.6509,-0.28605,-8.4196,-0.57961,0
1.8401,-2.061,-0.2809,0.45525,0.22586,0
3.6446,-0.85549,-0.27961,7.282,-0.8529,0
4.2144,-0.5477,-0.31951,-2.503,-0.36386,0
2.4099,-1.4967,-0.28605,-7.0542,-0.66591,0
1.2702,-2.7792,-0.12516,3.8687,-0.91043,0
1.2702,-3.1639,0.064038,5.234,-0.20565,0
1.0803,-3.5487,0.25324,-5.6889,-1.1262,0
-0.15436,-3.3691,0.30215,-5.2337,-0.23441,0
-0.53425,-1.7532,0.24809,6.1442,-1.0543,0
-0.15436,-0.11166,0.19403,2.7309,-0.88167,0
0.51046,1.2221,0.12453,-7.9645,-0.91043,0
-0.15436,1.7864,0.075622,-3.1857,-1.457,0
-2.3388,1.1708,0.17859,7.9647,-0.73783,0
-3.2885,-0.3938,0.30987,-0.22742,-1.5289,0
-1.6739,-1.7019,0.31631,-8.6471,-0.70906,0
-1.1041,-0.5477,0.22621,0.91037,-1.155,0
-2.0538,1.299,0.13998,6.8269,-1.0974,0
-1.6739,0.93996,0.15285,-4.3235,-0.72345,0
-0.62923,-1.1889,0.30472,-6.8267,-1.3132,0
0.41548,-2.138,0.38452,4.7789,-0.39263,0
0.7004,-1.7789,0.34334,4.5513,-1.2269,0
0.32051,-1.035,0.25324,-6.8267,-0.47893,0
-0.43928,-1.1376,0.12067,-3.8684,-0.52208,0
0.22554,-1.8302,0.034435,7.7372,-0.60838,0
1.2702,-2.2406,0.12196,2.5033,0.26901,0
-0.059385,-3.4461,0.17859,-7.5093,-0.46455,0
-1.7689,-3.2152,0.0022576,0.00013542,0.48476,0
-1.0091,-0.4964,-0.21269,7.7372,-0.29195,0
-0.7242,1.4786,-0.14318,-1.3652,-0.26318,0
-1.1041,1.0426,0.04988,-7.5093,-0.19126,0
-2.0538,0.42697,0.18374,4.0962,-0.73783,0
-1.6739,1.1452,0.36264,6.5994,0.41284,0
-1.1991,1.7094,0.5467,-5.0062,-0.047428,0
-0.43928,1.4273,0.5364,-5.6889,1.0889,0
-0.7242,2.0429,0.34334,5.6891,1.1176,0
-0.62923,3.2227,0.16314,4.0962,1.2183,0
0.13056,3.1201,0.10265,-7.2818,1.9087,0
1.2702,2.1198,0.046019,-3.4133,1.0889,0
0.89035,1.9659,-0.056948,7.7372,1.9087,0
-0.059385,1.9659,-0.0016037,1.1379,0.97379,0
-0.43928,1.1452,0.038296,-7.7369,1.3046,0
1.5552,1.4273,0.051167,0.68281,1.4341,0
2.8848,2.1711,0.074335,7.7372,0.94503,0
2.03,2.1198,0.066612,-2.2755,1.9087,0
0.7004,2.3507,0.013841,-8.6471,0.88749,0
-0.53425,2.3763,-0.02091,2.9584,1.1176,0
-0.24933,1.376,0.057602,6.8269,0.024489,0
0.41548,0.73476,0.17215,-5.0062,-0.79537,0
0.51046,1.5299,0.19918,-6.5991,-1.0687,0
-0.15436,2.7867,0.16443,5.6891,-2.2481,0
-0.34431,3.6075,0.087205,4.0962,-1.6871,0
0.51046,2.2737,-0.058236,-7.2818,-3.0104,0
0.89035,0.52957,-0.20625,-4.0959,-2.9816,0
0.79538,-1.2915,-0.1213,7.5096,-3.859,0
1.1753,-2.0867,0.060177,1.8206,-4.8946,0
1.6501,-1.3428,0.069186,-8.6471,-4.8083,0
0.7004,0.32437,-0.045365,-0.22742,-6.0597,0
-0.059385,1.3247,-0.076255,8.6474,-5.1248,0
0.035589,1.7094,-0.040216,-0.68254,-5.657,0
-0.34431,2.2994,-0.062097,-8.192,-5.1823,0
-0.53425,1.8633,-0.062097,2.2757,-4.9809,0
-0.81917,0.86301,0.042157,6.5994,-5.6857,0
-0.34431,1.7094,0.087205,-3.8684,-4.9522,0
0.035589,5.0438,-0.02992,-7.2818,-5.9734,0
-0.7242,6.275,-0.017049,5.4616,-5.2542,0
-1.8639,3.4279,0.096215,4.5513,-5.657,0
-1.6739,0.17048,0.167,-6.3715,-5.5994,0
-0.7242,0.60652,0.21591,-3.4133,-4.9666,0
-1.484,2.6841,0.36908,8.1923,-5.5994,0
-2.7186,3.9409,0.51066,2.5033,-4.607,0
-1.8639,3.1714,0.40383,-7.7369,-5.2974,0
-1.484,0.55522,0.17087,-1.5928,-4.6357,0
-1.1041,0.22178,-0.14318,8.1923,-4.3481,0
0.22554,2.6072,-0.40575,1.3655,-4.3768,0
0.51046,3.7101,-0.44436,-7.7369,-3.2118,0
-0.81917,2.7611,-0.35684,0.68281,-3.557,0
-0.81917,0.17048,-0.29249,7.7372,-2.2481,0
0.7004,-1.5224,-0.30021,-3.1857,-2.4351,0
1.6501,-0.086014,-0.39674,-7.2818,-1.9317,0
0.60543,1.299,-0.34526,4.3238,-1.2988,0
-0.43928,1.6325,-0.11615,4.5513,-1.5577,0
-1.294,1.9403,0.066612,-6.144,-0.32071,0
-2.7186,2.0172,0.060177,-4.0959,-1.0111,0
-1.484,1.9146,0.070473,6.5994,-0.004278,0
0.035589,1.812,0.12196,1.5931,0.067639,0
1.1753,1.6325,0.14899,-8.8747,0.11079,0
1.1753,0.78606,0.17601,0.45525,0.87311,0
-0.059385,1.0169,0.19275,7.5096,0.11079,0
-0.62923,2.5302,0.23265,-2.0479,1.0457,0
-0.24933,4.0179,0.28413,-7.9645,0.31216,0
0.51046,4.3513,0.19918,2.0482,0.62859,0
0.79538,2.6841,0.044732,5.6891,0.62859,0
0.22554,1.0426,-0.041503,-5.4613,0.16832,0
-0.81917,0.99126,-0.044078,-6.8267,0.93064,0
-1.294,2.0942,-0.046652,5.9167,0.16832,0
-1.294,3.7614,-0.13031,3.6411,1.0457,0
-1.389,4.3257,-0.31437,-7.2818,0.59983,0
-0.43928,3.8383,-0.33367,-3.1857,0.81558,0
0.13056,3.4279,-0.25516,9.1025,1.2758,0
-0.34431,3.6075,-0.26932,0.91037,0.75804,0
-1.1041,3.8896,-0.40318,-8.192,1.7505,0
-1.389,4.1718,-0.49327,0.68281,0.93064,0
-0.91415,4.5309,-0.46496,7.5096,1.6642,0
-0.62923,3.9666,-0.39674,-3.1857,1.4628,0
-0.81917,2.2481,-0.32466,-7.0542,1.1464,0
-0.24933,0.32437,-0.16249,4.7789,1.6786,0
0.035589,-1.112,-0.036355,5.9167,0.70051,0
-0.7242,-1.7789,-0.038929,-5.6889,1.506,0
-1.389,-0.4451,-0.12774,-5.4613,0.74366,0
-0.53425,0.83736,-0.13417,7.7372,1.0026,0
0.79538,0.65782,-0.062097,3.4135,1.2327,0
0.32051,-1.035,-0.045365,-7.5093,0.57106,0
-2.4337,-2.2406,-0.10586,-2.7306,1.3765,0
-3.1935,-2.1123,-0.23199,7.7372,0.55667,0
-2.0538,-1.7019,-0.3208,0.91037,1.1464,0
-0.7242,-1.2402,-0.36971,-8.6471,0.78681,0
-0.24933,-1.0607,-0.51901,1.1379,0.48476,0
-1.579,-0.75289,-0.62455,8.1923,0.95941,0
-0.81917,-0.41945,-0.48426,-2.9581,0.010105,0
0.89035,-1.2146,-0.24358,-6.8267,0.91626,0
0.41548,-1.4454,-0.16378,4.0962,0.024489,0
-0.059385,-0.29121,-0.241,5.9167,0.52791,0
0.22554,1.1452,-0.34912,-5.6889,0.42722,0
-0.53425,2.1968,-0.55248,-5.4613,-0.090578,0
-0.53425,1.6838,-0.70693,7.0545,0.58544,0
-0.53425,1.4273,-0.67089,2.2757,-0.34948,0
-0.62923,1.376,-0.44822,-7.7369,0.39846,0
0.51046,-0.85549,-0.15091,-2.2755,-0.10496,0
2.315,-3.4717,-0.015762,7.282,-0.018661,0
2.125,-2.497,-0.089126,-0.22742,0.48476,0
1.6501,0.042233,-0.2513,-8.192,-0.23441,0
1.6501,0.76041,-0.27961,2.2757,0.68613,0
0.89035,0.19613,-0.12774,6.8269,-0.20565,0
1.3652,-0.086014,0.0035447,-4.5511,0.62859,0
1.3652,-0.21426,0.0099801,-6.8267,0.47037,0
0.51046,0.042233,-0.047939,5.4616,0.45599,0
1.1753,-0.086014,-0.045365,5.4616,1.1895,0
1.8401,-0.41945,0.064038,-6.8267,0.48476,0
1.6501,0.14483,0.12453,-3.4133,1.5347,0
-0.059385,-0.0090658,0.17859,7.282,0.81558,0
-0.34431,-1.2659,0.31245,1.5931,1.2471,0
0.79538,-2.2406,0.47333,-7.2818,1.4484,0
1.3652,-1.4454,0.56085,0.00013542,1.1032,0
-0.059385,-0.57335,0.52739,7.7372,2.0382,0
-1.1991,-0.4964,0.36779,-2.0479,1.2327,0
-0.91415,-0.34251,0.11295,-6.8267,2.0813,0
0.7004,-1.8558,-0.092987,3.6411,1.5923,0
2.315,-4.4464,-0.17536,5.4616,1.7936,0
3.1697,-5.4467,-0.15992,-5.6889,2.0957,0
2.4099,-4.6516,-0.096848,-5.0062,1.319,0
1.2702,-3.5743,-0.10972,6.3718,2.2108,0
1.3652,-1.9841,-0.22041,3.4135,1.4053,0
1.4602,-1.4198,-0.31308,-7.7369,2.0094,0
0.79538,-1.625,-0.3414,-2.0479,1.8656,0
-0.34431,-1.548,-0.36842,7.282,1.4772,0
-0.43928,-0.23991,-0.42506,0.45525,2.0525,0
-0.15436,1.8633,-0.43149,-7.7369,1.1176,0
0.79538,2.3763,-0.37229,1.5931,1.9375,0
1.2702,2.325,-0.37615,6.8269,1.2902,0
-0.059385,2.9919,-0.4302,-4.3235,1.4053,0
-1.0091,3.8383,-0.45723,-7.7369,1.6786,0
-1.8639,3.9922,-0.45466,5.6891,0.88749,0
-1.1991,3.0175,-0.48169,4.5513,1.7505,0
0.7004,1.0426,-0.47911,-7.0542,0.80119,0
1.2702,0.19613,-0.44565,-4.0959,1.4197,0
-0.15436,0.11918,-0.41476,6.8269,1.1464,0
-0.059385,-1.3941,-0.24744,1.8206,1.0169,0
0.13056,-2.6509,-0.064671,-8.192,1.5779,0
-0.43928,-1.5993,0.0048318,-1.1377,0.75804,0
-0.62923,0.76041,-0.099422,7.0545,1.6354,0
-0.15436,2.2224,-0.20625,-1.3652,0.80119,0
0.60543,1.6838,-0.21912,-8.6471,1.0889,0
0.7004,0.067882,-0.11615,1.8206,1.1032,0
0.7004,-1.3172,0.025425,7.0545,0.67174,0
0.79538,-1.2659,0.00097052,-4.3235,1.5491,0
0.79538,-0.90679,-0.089126,-7.7369,0.74366,0
0.13056,-1.8045,-0.047939,5.234,1.6067,0
-1.8639,-1.5737,0.0061189,5.9167,1.1608,0
-2.8136,0.042233,0.013841,-6.8267,1.1895,0
-1.8639,1.299,0.030574,-4.7786,1.6067,0
-0.7242,1.0682,0.033148,7.0545,0.80119,0
0.13056,0.99126,-0.014475,2.5033,1.808,0
-0.15436,0.70911,-0.098135,-7.5093,1.0169,0
0.13056,0.63217,-0.19595,-0.68254,1.7073,0
1.2702,1.299,-0.15219,8.4198,1.6498,0
0.41548,2.9406,-0.063384,-1.3652,1.3334,0
-1.484,3.2484,-0.090413,-7.7369,2.0525,0
-1.579,1.4786,-0.074968,3.8687,1.1895,0
-1.484,0.042233,0.020277,6.3718,2.0382,0
-1.7689,-0.5477,0.064038,-5.4613,1.4628,0
-0.62923,-0.88114,0.13998,-6.144,1.5779,0
0.41548,-0.23991,0.22106,6.5994,1.9806,0
0.79538,0.63217,0.31631,4.0962,1.3909,0
0.22554,1.1708,0.27383,-6.3715,2.2827,0
-1.0091,1.4529,0.097502,-3.6408,1.3621,0
-1.1041,1.0426,-0.045365,7.282,1.8368,0
-0.62923,0.93996,-0.062097,1.3655,1.5923,0
-0.62923,1.2477,-0.024771,-8.192,1.2039,0
-0.15436,1.1452,-0.02992,-0.68254,1.8224,0
0.22554,0.58087,-0.028633,7.282,0.88749,0
-0.059385,-0.18861,0.16443,-2.9581,1.7936,0
0.32051,-1.2659,0.38452,-7.7369,1.0889,0
-0.059385,-1.4198,0.3768,3.4135,1.3621,0
0.60543,-0.98374,0.23522,6.3718,1.319,0
0.32051,-0.62465,0.12453,-6.144,0.71489,0
-0.43928,-1.0863,0.091067,-6.3715,1.4772,0
-0.62923,-0.82984,0.10265,5.6891,0.70051,0
-1.0091,-0.034715,0.13354,2.9584,1.4484,0
-1.0091,-0.16296,0.2172,-7.2818,0.94503,0
0.035589,-0.47075,0.30472,-3.1857,0.81558,0
-0.43928,-0.13731,0.2571,7.282,1.2183,0
0.035589,0.14483,0.14384,0.91037,0.41284,0
0.51046,-0.4451,0.062751,-8.6471,1.2758,0
1.5552,-1.1376,-0.0080391,0.00013542,0.38407,0
1.6501,-0.6503,-0.053087,7.0545,1.0026,0
-1.1991,1.5299,-0.11487,-2.503,0.94503,0
-2.3388,2.6072,-0.14833,-7.0542,0.59983,0
-0.81917,1.7864,-0.24615,5.4616,1.3621,0
-0.15436,-0.4451,-0.35813,5.6891,0.41284,0
-0.62923,-2.8048,-0.30664,-7.2818,1.2327,0
-1.1991,-4.4207,-0.12002,-4.5511,0.45599,0
-1.0091,-3.8565,0.051167,7.0545,0.54229,0
-1.294,-3.2409,0.093641,2.2757,0.70051,0
-1.579,-1.8558,0.024138,-8.192,0.024489,0
-0.91415,0.45262,-0.062097,-1.3652,0.70051,0
-0.24933,1.812,-0.074968,8.875,-0.45016,0
0.22554,2.5302,-0.064671,-0.9101,-0.11935,0
-0.53425,2.1968,-0.12388,-7.7369,-0.69468,0
-1.1041,1.4786,-0.22942,2.7309,-1.2125,0
-1.579,0.17048,-0.16764,7.282,-0.95358,0
-1.8639,-1.1889,0.08077,-3.8684,-2.0611,0
-1.0091,-2.4457,0.23651,-6.3715,-1.2988,0
-0.24933,-3.9078,0.20948,5.9167,-2.2193,0
0.7004,-3.3435,0.12324,5.234,-2.0467,0
1.0803,-0.98374,0.05889,-6.8267,-2.1762,0
-0.059385,0.78606,-0.022197,-4.0959,-2.8953,0
-0.34431,0.42697,-0.037642,7.282,-2.2337,0
-0.15436,-1.2146,0.025425,0.45525,-3.2118,0
0.035589,-2.7535,0.066612,-8.192,-2.5645,0
-0.059385,-3.2152,-0.027345,0.68281,-3.0248,0
0.79538,-2.3431,-0.15605,7.7372,-3.1974,0
1.9351,-1.2659,-0.13804,-1.8203,-2.7084,0
1.1753,-1.0094,0.067899,-6.8267,-3.6001,0
-0.81917,-2.6253,0.33561,4.0962,-2.7947,0
-0.43928,-3.6769,0.39739,5.4616,-3.6001,0
0.51046,-2.7279,0.27769,-7.5093,-3.2405,0
0.13056,-0.16296,0.13354,-5.6889,-3.1974,0
-0.24933,2.0942,0.078196,6.3718,-3.744,0
-0.059385,2.2737,0.070473,2.9584,-2.8234,0
-0.059385,2.915,0.048593,-8.4196,-3.5282,0
-1.389,4.0692,0.084631,-1.8203,-2.5933,0
-2.5287,3.9153,0.16314,6.5994,-2.9241,0
-1.579,3.4023,0.17215,0.2277,-2.7659,0
-0.24933,2.8893,0.16572,-8.6471,-2.4495,0
-0.15436,1.4529,0.20562,2.2757,-3.0392,0
-0.059385,-0.16296,0.23779,6.8269,-2.0899,0
1.3652,-1.0863,0.25581,-3.1857,-2.809,0
0.7004,-1.112,0.22492,-7.5093,-1.9748,0
0.13056,-0.36816,0.20562,4.3238,-2.0467,0
0.79538,-0.41945,0.17473,5.6891,-2.1618,0
1.2702,-0.31686,0.091067,-5.2337,-1.3563,0
0.035589,-0.18861,-0.023484,-3.6408,-2.1043,0
0.035589,-0.13731,-0.062097,7.7372,-1.0399,0
1.2702,0.45262,0.021564,2.2757,-1.5721,0
-0.24933,1.1965,0.17988,-7.2818,-1.2125,0
-2.1488,1.6838,0.29829,-0.9101,-0.82413,0
-1.9589,1.8633,0.30987,7.5096,-1.3563,0
-0.53425,3.2484,0.24938,-1.1377,-0.30633,0
0.32051,4.6078,0.18889,-7.0542,-1.0974,0
0.41548,3.6844,0.18631,3.4135,-0.22003,0
-0.34431,3.0945,0.26096,5.9167,-0.52208,0
-0.91415,2.6072,0.3073,-5.4613,-0.70906,0
-1.389,2.2994,0.20433,-4.5511,-0.26318,0
-0.62923,2.7098,0.035722,7.0545,-1.1693,0
0.035589,3.2227,0.0086931,3.186,-0.3351,0
-0.059385,3.0688,0.10136,-8.6471,-1.1118,0
0.51046,3.2484,0.096215,-1.1377,-0.72345,0
0.89035,4.4283,-0.090413,7.7372,-0.69468,0
1.3652,4.0435,-0.23071,-0.9101,-1.3419,0
1.4602,1.9916,-0.13804,-8.192,-0.52208,0
0.32051,0.42697,-0.0016037,2.2757,-1.3851,0
-1.484,0.067882,0.044732,7.0545,-0.57961,0
-1.6739,0.63217,0.0022576,-2.9581,-0.86728,0
-0.53425,-0.034715,-0.019623,-7.9645,-0.70906,0
0.32051,-1.8815,0.073047,3.8687,-0.22003,0
0.035589,-3.0613,0.10265,6.3718,-0.78098,0
0.51046,-1.3172,-0.12774,-5.4613,0.26901,0
0.32051,1.299,-0.3607,-6.144,-0.49331,0
-0.7242,1.9659,-0.40189,5.4616,0.096406,0
-2.1488,1.9403,-0.31308,3.8687,0.19709,0
-1.484,2.0942,-0.24486,-7.7369,-0.061812,0
-1.0091,-0.599,-0.2114,-3.6408,0.87311,0
-0.7242,-4.1899,-0.083977,7.5096,0.067639,0
-0.62923,-5.062,0.065325,1.1379,1.0601,0
-0.24933,-3.7026,0.16057,-8.4196,0.55667,0
0.13056,-3.1383,0.1477,-0.22742,0.81558,0
-0.24933,-2.7535,-0.044078,7.5096,1.319,0
-0.62923,-1.5224,-0.2616,-1.5928,0.85873,0
-0.059385,-0.5477,-0.26417,-8.6471,1.8224,0
0.22554,-0.21426,-0.14061,3.4135,1.1608,0
0.41548,0.042233,-0.073681,6.1442,2.0094,0
1.4602,0.14483,-0.041503,-5.9164,1.9662,0
0.51046,-0.21426,-0.013187,-6.3715,1.7936,0
-0.34431,-0.060364,-0.0041778,6.5994,2.4553,0
-0.62923,-0.5477,0.15285,4.3238,1.6786,0
-0.15436,-1.8302,0.36136,-7.2818,2.5991,0
0.79538,-2.5483,0.43086,-2.9581,1.8656,0
0.32051,-1.7276,0.37294,8.6474,2.2539,0
-0.15436,-0.29121,0.16829,1.1379,2.182,0
-0.53425,1.6838,-0.20625,-8.192,1.7217,0
-0.62923,2.0172,-0.24744,0.68281,2.6854,0
-0.62923,-0.18861,0.16186,7.5096,1.9375,0
-0.62923,-3.1126,0.5763,-2.0479,2.9012,0
0.035589,-3.0613,0.63036,-7.5093,2.5416,0
-0.24933,-0.62465,0.44502,3.8687,2.5847,0
-1.389,-0.4451,0.22235,5.9167,2.9299,0
-2.1488,-2.2149,0.027999,-6.3715,2.2827,0
-2.1488,-1.5737,-0.083977,-5.4613,3.232,0
-1.8639,1.4273,-0.092987,6.1442,2.2971,0
-0.34431,2.915,-0.044078,3.4135,2.7861,0
0.41548,2.1968,-0.050513,-6.5991,2.5416,0
0.13056,1.3503,-0.02992,-1.1377,1.9519,0
-0.62923,0.35002,0.067899,8.1923,2.4265,0
-1.294,-0.31686,0.16572,0.00013542,1.3478,0
-1.6739,-0.13731,0.23007,-9.1023,2.0238,0
-2.6237,-0.26556,0.2069,-0.22742,1.2183,0
-1.579,-1.0094,0.1477,6.8269,1.2471,0
-0.43928,-0.62465,-0.017049,-1.8203,1.1464,0
0.035589,-0.36816,-0.11615,-7.9645,0.26901,0
0.7004,-2.574,-0.031207,2.7309,0.81558,0
1.8401,-4.6772,0.10909,6.3718,-0.27756,0
0.89035,-4.7798,0.2069,-5.2337,0.22586,0
1.3652,-3.7539,0.11037,-5.6889,-0.14811,0
1.9351,-2.9331,-0.089126,6.1442,-0.39263,0
1.5552,-1.7019,-0.23328,4.3238,0.16832,0
0.13056,-1.1633,-0.30793,-7.7369,-0.8529,0
0.51046,-0.75289,-0.24229,-3.4133,-0.34948,0
1.9351,-0.18861,-0.035068,8.875,-1.3851,0
0.89035,0.14483,0.11166,2.7309,-1.1262,0
0.13056,0.14483,0.057602,-7.9645,-1.1981,0
0.41548,-1.2146,-0.16378,-0.45498,-1.8022,0
0.7004,-2.7279,-0.36585,7.5096,-1.0255,0
0.41548,-2.1893,-0.4405,-1.1377,-1.8597,0
0.035589,0.067882,-0.41605,-7.5093,-0.92482,0
0.32051,1.6325,-0.43921,2.9584,-1.6008,0
-1.0091,0.73476,-0.4804,6.8269,-2.0323,0
-2.6237,0.042233,-0.47911,-4.0959,-1.7447,0
-2.1488,0.042233,-0.4907,-5.9164,-2.2337,0
-0.15436,0.65782,-0.43278,6.8269,-0.78098,0
1.5552,0.93996,-0.33496,4.5513,-1.083,0
1.8401,-0.18861,-0.22298,-7.5093,-0.32071,0
1.2702,-1.5737,-0.10843,-4.0959,-0.32071,0
0.79538,-1.1889,-0.02091,7.7372,-0.75222,0
0.89035,0.45262,-0.017049,2.9584,-0.047428,0
0.41548,1.9916,-0.081403,-7.0542,-0.7666,0
-1.0091,2.6072,-0.02992,-1.3652,0.36969,0
-2.0538,3.1971,0.07176,7.9647,0.18271,0
-1.1041,3.9666,0.05889,-1.1377,0.71489,0
-0.15436,4.4796,-0.017049,-8.192,1.0601,0
0.41548,4.1974,-0.059523,3.186,0.29777,0
1.3652,3.0945,-0.098135,6.1442,1.1608,0
1.9351,2.402,-0.21397,-4.7786,0.31216,0
2.22,2.6585,-0.28862,-6.3715,1.2183,0
1.7451,1.5042,-0.21011,5.9167,1.2327,0
0.79538,-1.112,-0.095561,4.0962,1.1464,0
-0.15436,-2.3944,-0.12388,-7.7369,1.6498,0
-1.1041,-2.4714,-0.22813,-3.8684,0.72928,0
-1.8639,-1.8302,-0.1419,7.5096,1.4916,0
-2.1488,-0.77854,0.039583,0.45525,0.88749,0
-1.6739,-0.5477,0.11552,-7.9645,1.3621,0
-1.1041,-1.3172,0.11166,1.1379,1.7217,0
-1.389,-1.4198,0.13354,6.5994,1.1176,0
-2.6237,-0.34251,0.076909,-3.1857,1.7217,0
-2.0538,0.40132,-0.024771,-7.7369,0.44161,0
-0.62923,1.3247,-0.019623,4.3238,0.77243,0
-0.059385,1.5042,0.082057,5.4616,0.52791,0
0.32051,0.76041,0.10265,-6.8267,0.44161,0
1.7451,-0.41945,0.11037,-4.5511,1.2327,0
2.5049,-1.6506,0.13225,7.0545,0.39846,0
3.0747,-0.7016,-0.0093262,2.9584,1.1895,0
1.8401,1.1708,-0.13675,-7.5093,0.18271,0
0.22554,1.0939,-0.086552,-2.0479,0.22586,0
-0.53425,-0.36816,0.088493,7.5096,0.45599,0
-0.7242,-1.0094,0.21849,0.00013542,0.19709,0
-1.1041,-0.13731,0.094928,-7.7369,1.3909,0
-2.1488,1.1965,-0.076255,1.3655,0.49914,0
-2.6237,1.5299,-0.11615,7.282,0.85873,0
-1.389,2.6328,0.0022576,-2.503,0.053256,0
-0.34431,1.8633,0.27769,-6.3715,-0.47893,0
0.035589,-1.5993,0.53383,4.5513,-0.34948,0
-0.34431,-2.7279,0.54798,5.9167,-1.5002,0
-0.43928,-1.0863,0.46304,-5.9164,-0.86728,0
0.51046,-0.29121,0.39225,-4.7786,-1.4858,0
0.22554,-1.7789,0.24037,6.5994,-0.34948,0
-0.24933,-2.7792,0.079483,3.6411,0.65736,0
-0.15436,-2.0867,0.00097052,-7.7369,1.1752,0
0.51046,-0.85549,0.057602,-1.8203,2.2395,0
0.79538,-0.31686,0.14384,8.4198,1.0601,0
0.89035,-1.1376,0.19403,-0.22742,1.2902,0
0.60543,-2.1123,0.14255,-8.4196,0.36969,0
-0.7242,-1.1633,-0.022197,2.0482,0.22586,0
-1.389,-0.62465,-0.15219,6.8269,0.36969,0
-1.0091,-1.9841,-0.13675,-3.6408,-0.8529,0
-0.7242,-3.0613,-0.032494,-6.8267,-1.0687,0
-0.059385,-1.7532,-0.083977,4.5513,-3.1542,0
0.51046,0.55522,-0.24872,6.1442,-3.7727,0
0.41548,2.5046,-0.30407,-7.2818,-4.4775,0
-0.059385,2.915,-0.29249,-6.144,-4.233,0
0.035589,1.5555,-0.18308,6.3718,-2.4207,0
0.035589,0.99126,0.12324,3.186,-1.644,0
-0.15436,2.402,0.34334,-7.2818,0.78681,0
0.035589,2.325,0.31373,-2.9581,0.75804,0
-0.34431,0.55522,0.25067,7.7372,1.3909,0
-0.34431,-1.3172,0.21077,0.45525,1.0745,0
-0.7242,-1.3941,0.16443,-7.9645,0.21147,0
-0.7242,-0.41945,0.15027,1.8206,0.90188,0
-0.24933,0.067882,0.022851,7.7372,0.18271,0
0.79538,0.22178,-0.18437,-3.1857,1.4772,0
0.7004,-0.060364,-0.21397,-7.9645,1.1895,0
0.41548,-0.88114,0.016416,4.7789,1.1464,0
-1.0091,-1.7789,0.32274,5.4616,0.59983,0
-2.5287,-2.4457,0.47462,-6.8267,-1.2988,0
-1.1991,-1.9071,0.45789,-3.6408,-1.7303,0
0.41548,-0.34251,0.28542,6.8269,-3.6145,0
-0.81917,0.47827,0.066612,2.0482,-3.4131,0
-2.6237,0.35002,-0.089126,-7.2818,-3.8015,0
-1.484,0.45262,-0.032494,0.00013542,-3.8303,0
0.22554,0.37567,0.11681,7.5096,-2.9673,0
0.89035,1.4273,0.064038,0.2277,-3.5857,0
0.60543,1.9146,-0.080116,-8.192,-2.4926,0
0.32051,2.1711,-0.16506,2.2757,-3.1399,0
0.51046,3.1971,-0.13417,6.5994,-2.4495,0
-0.24933,4.0179,-0.065958,-3.1857,-2.018,0
-1.579,4.0692,0.0061189,-6.3715,-1.8022,0
0.41548,2.9663,0.053741,4.3238,-0.2488,0
1.1753,0.70911,0.00097052,5.4616,-0.65153,0
-0.7242,-1.9328,-0.0028907,-6.8267,0.45599,0
-2.4337,-2.7792,0.027999,-5.6889,-0.076195,0
-1.1991,-1.3172,0.05889,6.8269,-0.061812,0
0.22554,-0.23991,0.067899,2.7309,0.19709,0
-0.53425,0.17048,-0.013187,-6.8267,-0.65153,0
-1.294,0.91431,-0.11229,-2.2755,0.024489,0
-0.7242,1.1195,-0.10071,8.4198,-1.1118,0
-1.1041,0.58087,0.046019,0.2277,-0.73783,0
-1.1991,0.55522,0.158,-9.1023,-1.0255,0
0.035589,1.0426,0.098789,0.91037,-1.3707,0
-0.53425,1.1708,-0.026058,7.0545,-0.65153,0
-1.0091,0.11918,0.061464,-3.8684,-1.5002,0
-1.294,-0.67595,0.32274,-7.7369,-0.62276,0
0.32051,-1.2146,0.45917,4.0962,-1.3132,0
0.035589,-1.1633,0.3266,5.234,-0.9392,0
-1.0091,-0.80419,0.15027,-6.5991,-0.40701,0
-0.91415,-1.8558,0.092354,-5.0062,-0.52208,0
-0.53425,-3.523,0.043444,6.8269,0.68613,0
0.13056,-3.9334,-0.085264,2.9584,-0.090578,0
1.3652,-2.2406,-0.14962,-8.6471,0.49914,0
0.51046,-0.599,-0.00031657,-1.3652,0.082022,0
-0.059385,-0.36816,0.070473,7.9647,-0.018661,0
0.60543,-0.29121,-0.2217,0.91037,0.88749,0
1.5552,-0.47075,-0.47139,-8.192,0.44161,0
2.4099,-1.4711,-0.39545,-0.22742,1.5923,0
0.60543,-1.112,-0.28862,7.5096,0.67174,0
-1.484,0.50392,-0.28348,-1.8203,0.77243,0
-1.7689,2.2224,-0.31694,-7.2818,0.42722,0
-0.81917,3.2484,-0.34783,2.9584,-0.1625,0
0.51046,3.4536,-0.35169,7.0545,0.81558,0
0.41548,1.8633,-0.17021,-5.2337,0.12517,0
-0.34431,0.11918,0.070473,-6.144,1.1464,0
-1.1991,-0.23991,0.084631,6.1442,0.47037,0
-1.294,0.016583,-0.10972,4.0962,0.52791,0
-0.53425,1.8633,-0.25259,-6.3715,0.57106,0
-0.53425,2.325,-0.22684,-3.1857,-0.14811,0
-1.1041,-0.52205,-0.089126,7.9647,0.75804,0
-1.1041,-2.4201,-0.047939,1.8206,-0.11935,0
-1.484,-1.3172,-0.047939,-7.5093,0.35531,0
-0.7242,0.19613,-0.038929,0.91037,-0.061812,0
-1.1041,0.93996,-0.054374,7.5096,-0.34948,0
-1.294,1.299,-0.069819,-2.503,0.38407,0
-0.62923,1.889,-0.22041,-7.0542,-0.37825,0
0.41548,2.838,-0.37615,4.3238,0.59983,0
1.0803,1.2221,-0.29763,5.4616,-0.19126,0
2.03,-2.7535,-0.083977,-5.9164,0.024489,0
1.5552,-5.1646,0.097502,-5.2337,-0.033045,0
-0.81917,-4.036,0.10651,6.8269,-0.60838,0
-2.9086,-1.8302,0.015128,1.3655,0.21147,0
-2.7186,-0.72725,0.01899,-8.6471,-0.53646,0
-1.294,-0.599,0.053741,-1.3652,0.38407,0
-0.34431,0.11918,0.031861,7.0545,0.024489,0
0.035589,1.1708,0.01899,-0.68254,0.082022,0
-0.24933,1.0169,0.15413,-7.7369,0.41284,0
-0.43928,0.042233,0.36779,2.0482,-0.29195,0
-0.059385,-0.47075,0.4965,6.1442,0.52791,0
1.1753,-0.36816,0.4669,-4.7786,-0.45016,0
0.60543,0.016583,0.35363,-5.9164,-0.061812,0
0.60543,0.55522,0.23651,4.7789,-0.27756,0
1.8401,0.27308,0.08077,4.0962,-0.46455,0
1.7451,-0.31686,-0.12903,-7.0542,0.42722,0
0.79538,-0.34251,-0.32338,-4.0959,-0.26318,0
0.13056,-0.23991,-0.4302,7.9647,0.71489,0
0.13056,0.24743,-0.28605,2.0482,0.010105,0
-0.24933,-0.13731,0.037009,-8.192,0.25462,0
-0.34431,0.24743,0.030574,1.1379,0.58544,0
-0.53425,1.7094,-0.22556,8.4198,0.18271,0
-0.7242,0.58087,-0.08269,-1.8203,1.2615,0
-0.7242,-1.0094,0.27255,-7.9645,0.61421,0
-0.62923,-0.5477,0.37809,4.0962,1.5347,0
-0.34431,0.68346,0.25067,6.1442,1.2183,0
0.51046,0.32437,0.21334,-5.4613,1.0889,0
0.51046,-0.4964,0.22106,-4.7786,1.4484,0
0.32051,-0.47075,0.14126,8.6474,0.42722,0
0.13056,-0.26556,0.020277,3.4135,1.2615,0
0.035589,0.093531,-0.078829,-7.5093,0.64298,0
0.51046,0.37567,-0.037642,-1.1377,1.2615,0
0.89035,0.093531,0.18374,8.4198,1.5347,0
0.32051,-0.34251,0.31116,0.2277,1.2471,0
-0.7242,-0.11166,0.15027,-7.2818,2.0669,0
-1.7689,0.11918,-0.056948,1.8206,1.2183,0
-1.294,0.45262,-0.18437,6.8269,1.9087,0
-0.81917,0.58087,-0.19209,-3.4133,1.4916,0
-1.389,0.83736,-0.099422,-7.0542,1.5347,0
-1.6739,0.55522,-0.013187,5.4616,2.0957,0
-0.7242,-0.4451,0.047306,5.9167,1.6354,0
-0.53425,-1.112,0.11295,-7.2818,2.7573,0
-0.62923,-1.8302,0.084631,-5.0062,1.9806,0
-0.7242,-1.8815,-0.04279,7.0545,2.3834,0
-0.62923,-1.3941,-0.17021,2.9584,1.9806,0
0.13056,-0.88114,-0.18952,-7.2818,1.4197,0
2.125,0.093531,-0.14318,-1.5928,1.995,0
2.5049,1.4529,0.020277,7.5096,1.132,0
0.98533,1.3503,0.21978,-0.22742,2.2539,0
-0.15436,0.68346,0.22106,-8.4196,1.7649,0
-0.24933,1.0426,0.12196,0.91037,2.182,0
0.41548,2.9919,0.069186,6.5994,2.3258,0
0.41548,3.8383,0.079483,-3.4133,1.6642,0
0.035589,2.2481,0.064038,-7.7369,2.369,0
0.7004,0.067882,0.056315,4.7789,1.4628,0
0.98533,-0.77854,0.10651,5.234,2.2252,0
0.41548,-0.34251,0.097502,-6.3715,2.0669,0
-0.91415,0.58087,0.10136,-4.3235,2.1245,0
-1.484,1.7351,0.1181,7.5096,2.6854,0
-1.8639,2.838,0.064038,3.6411,1.8368,0
-2.1488,1.4273,0.10651,-7.5093,2.6854,0
-0.91415,-1.6763,0.1773,-1.8203,1.6642,0
-0.53425,-4.8311,0.1374,7.7372,2.0238,0
-1.1041,-4.2155,0.10651,-0.68254,2.0238,0
-0.43928,-1.2146,0.070473,-8.192,1.5635,0
0.7004,0.52957,-0.00031657,2.5033,2.369,0
0.41548,0.042233,-0.028633,6.3718,1.506,0
-0.15436,-1.1376,-0.022197,-3.8684,2.1964,0
-0.15436,-1.2659,-0.068532,-6.8267,1.6067,0
-1.1041,-0.086014,-0.0093262,5.4616,1.5347,0
-1.1041,0.63217,0.12711,4.5513,1.9087,0
-1.579,-0.034715,0.087205,-7.0542,1.1752,0
-2.1488,-1.3685,-0.12002,-3.1857,2.0382,0
-0.43928,-1.5993,-0.35298,7.5096,1.2902,0
1.5552,-0.5477,-0.45208,2.2757,1.6498,0
2.03,-0.18861,-0.2616,-7.7369,1.5204,0
0.7004,-0.90679,-0.033781,-0.45498,0.98818,0
0.035589,-1.3172,-0.040216,8.1923,1.6067,0
0.89035,-1.2146,-0.16635,-1.3652,0.64298,0
1.2702,-2.2662,-0.20239,-7.2818,1.4628,0
-0.059385,-3.8821,-0.19982,3.186,0.88749,0
-0.53425,-4.1129,-0.16506,6.8269,1.0026,0
-0.34431,-3.4461,-0.21011,-4.7786,1.319,0
-0.24933,-2.3944,-0.30278,-7.2818,0.55667,0
-0.059385,-1.4198,-0.32466,5.6891,1.4772,0
-1.294,-0.36816,-0.32595,3.4135,0.62859,0
-2.1488,-0.13731,-0.34397,-7.5093,1.319,0
-0.81917,0.067882,-0.3208,-3.4133,1.0889,0
-0.43928,0.45262,-0.19853,7.282,0.87311,0
-1.0091,0.35002,-0.041503,1.3655,1.5779,0
0.60543,-0.0090658,0.007406,-7.2818,0.75804,0
1.8401,0.067882,0.056315,0.2277,1.6498,0
2.315,1.6068,0.012554,7.0545,1.0313,0
1.7451,2.4789,-0.11873,-1.5928,1.2615,0
1.1753,2.1711,-0.086552,-7.0542,1.5204,0
1.2702,1.889,0.070473,2.7309,1.0169,0
1.3652,1.6068,0.23136,5.9167,1.8656,0
0.13056,1.4529,0.23007,-5.2337,0.98818,0
-0.91415,3.1458,0.064038,-6.144,1.6067,0
-0.62923,4.3,-0.065958,7.0545,1.2327,0
-0.34431,2.8124,-0.056948,3.6411,0.98818,0
0.51046,0.016583,0.11552,-7.2818,1.4628,0
0.41548,-1.5737,0.27512,-2.9581,0.57106,0
-0.34431,-1.1633,0.27126,8.6474,1.4772,0
0.22554,0.91431,0.085918,2.0482,0.58544,0
1.6501,2.0429,-0.015762,-7.2818,0.94503,0
1.4602,1.5555,-0.035068,0.45525,0.87311,0
-0.7242,0.96561,-0.11487,7.9647,0.34092,0
-1.1041,0.37567,-0.17793,-1.8203,1.0745,0
0.13056,-0.4964,0.0086931,-7.7369,0.096406,0
0.32051,-0.67595,0.13097,3.6411,1.0026,0
-0.81917,0.093531,-0.0041778,5.9167,0.41284,0
-0.91415,0.27308,-0.10714,-5.6889,0.49914,0
0.22554,0.042233,-0.02091,-5.2337,0.82996,0
0.60543,-0.36816,-0.023484,7.282,0.053256,0
0.41548,0.17048,-0.19338,3.4135,0.95941,0
-0.15436,0.47827,-0.32338,-7.9645,-0.004278,0
-0.34431,-0.31686,-0.32338,-2.2755,0.51352,0
0.13056,-1.0863,-0.34526,7.7372,0.25462,0
0.32051,-0.47075,-0.48555,-0.9101,-0.11935,0
1.4602,-0.21426,-0.5602,-7.5093,0.58544,0
0.60543,-2.0867,-0.38129,2.0482,-0.3351,0
-0.34431,-3.1126,-0.019623,6.3718,0.47037,0
-0.53425,-1.5737,0.20047,-4.0959,-0.13373,0
-0.7242,-0.7016,0.26354,-6.8267,0.038872,0
-0.62923,-1.2659,0.24166,5.234,0.26901,0
-0.53425,-1.4454,0.10909,4.5513,-0.37825,0
0.22554,-0.67595,-0.022197,-7.5093,0.54229,0
1.6501,0.37567,-0.022197,-4.5511,-0.34948,0
1.2702,0.96561,0.024138,6.8269,0.36969,0
0.32051,1.2221,0.01899,1.3655,-0.018661,0
0.13056,1.1708,0.026712,-8.4196,-0.27756,0
-0.059385,0.78606,0.10265,0.2277,0.16832,0
-0.15436,0.40132,0.16572,6.5994,-0.78098,0
-1.1041,0.91431,0.19146,-3.1857,0.11079,0
-0.53425,0.76041,0.21849,-7.7369,-0.66591,0
0.13056,-0.4964,0.2069,4.3238,-0.39263,0
0.035589,-2.6766,0.083344,5.9167,-0.32071,0
0.41548,-2.9844,0.04988,-5.6889,-0.98235,0
-0.81917,-1.8045,0.15413,-4.7786,-0.19126,0
-1.6739,-1.625,0.24809,6.8269,-1.1981,0
-1.7689,-2.0097,0.1979,3.4135,-0.36386,0
-0.62923,-2.4457,0.05889,-7.9645,-0.89605,0
-0.059385,-2.1123,0.060177,-2.7306,-0.79537,0
-1.0091,-1.1633,0.15156,8.4198,-0.39263,0
-1.294,-0.4964,0.17859,0.91037,-1.1406,0
-0.24933,0.042233,0.167,-8.192,-0.23441,0
0.79538,0.47827,0.16958,1.3655,-1.0687,0
0.035589,1.299,0.13097,7.282,-0.4214,0
-0.53425,1.5299,0.1374,-2.9581,-0.56523,0
-0.81917,2.1968,0.11552,-7.7369,-0.80975,0
-0.53425,2.325,0.075622,5.0064,-0.14811,0
-1.0091,2.7611,0.037009,5.9167,-0.95358,0
-1.6739,3.2484,0.057602,-6.8267,-0.047428,0
-0.62923,3.8896,0.05889,-5.0062,-0.80975,0
-0.43928,4.2487,-0.0054649,6.5994,-0.53646,0
-1.1041,3.8383,-0.038929,3.4135,-0.45016,0
-0.81917,3.1201,0.035722,-7.2818,-0.9392,0
-0.62923,2.9406,0.17473,-1.8203,-0.13373,0
-0.62923,3.5305,0.15285,7.5096,-0.95358,0
-0.62923,3.8383,0.051167,0.68281,-0.19126,0
-0.15436,2.4533,0.048593,-8.192,-0.594,0
-0.24933,0.19613,0.091067,0.91037,-0.73783,0
-0.62923,-0.5477,0.094928,6.8269,-0.1625,0
0.51046,0.067882,0.035722,-3.1857,-0.91043,0
1.6501,0.96561,0.0048318,-7.7369,0.010105,0
0.51046,0.17048,0.084631,3.6411,-0.78098,0
-0.34431,-0.88114,0.16958,5.6891,-0.36386,0
-0.53425,-0.82984,0.085918,-5.6889,-0.34948,0
-0.53425,0.50392,-0.068532,-5.9164,-0.82413,0
-0.7242,0.73476,-0.055661,6.3718,-0.10496,0
-0.24933,-0.5477,-0.017049,2.5033,-1.083,0
0.41548,-1.2402,-0.14447,-7.9645,-0.23441,0
0.41548,-1.8558,-0.21397,-3.1857,-0.79537,0
-0.43928,-2.1893,-0.1419,6.8269,-0.60838,0
-0.62923,-1.7019,-0.10457,-0.22742,-0.27756,0
-0.53425,-0.31686,-0.15477,-8.192,-0.89605,0
-0.62923,0.91431,-0.24486,1.8206,0.024489,0
-0.24933,0.63217,-0.29506,7.7372,-0.7666,0
0.035589,-0.90679,-0.2011,-2.503,-0.061812,0
-0.43928,-1.8558,-0.086552,-7.7369,-0.36386,0
-0.15436,-1.7532,-0.032494,5.0064,-0.60838,0
0.60543,-0.77854,-0.0016037,6.5994,-0.076195,0
0.51046,-0.26556,0.079483,-5.6889,-0.92482,0
-0.53425,1.0169,0.15413,-5.4613,0.010105,0
-1.0091,2.8637,0.084631,7.282,-0.79537,0
0.22554,3.6844,0.042157,3.6411,-0.3351,0
0.32051,2.9663,0.046019,-6.8267,-0.4214,0
0.60543,-0.034715,0.10394,-2.0479,-0.91043,0
1.6501,-1.7019,0.070473,7.282,-0.19126,0
0.22554,-0.52205,-0.092987,0.2277,-1.2269,0
-0.91415,0.093531,-0.12388,-7.9645,-0.37825,0
-1.0091,-0.98374,0.04087,2.0482,-0.80975,0
-0.62923,-1.1889,0.16572,7.5096,-0.89605,0
-0.7242,-0.36816,0.17473,-3.4133,-0.37825,0
-0.62923,-0.11166,0.12582,-6.8267,-1.2269,0
0.22554,0.11918,0.064038,5.234,-0.36386,0
2.03,-0.5477,-0.0041778,4.3238,-1.1693,0
2.5049,-1.1633,-0.065958,-7.2818,-0.7666,0
0.41548,-1.3685,-0.094274,-4.0959,-0.82413,0
-1.0091,-1.3941,-0.102,7.5096,-1.155,0
-0.91415,-0.67595,-0.18952,0.91037,-0.49331,0
-0.34431,-1.0607,-0.2616,-7.9645,-1.3132,0
-0.43928,-2.7792,-0.15219,0.45525,-0.49331,0
-1.0091,-3.9078,-0.022197,7.5096,-1.1981,0
-1.294,-1.8558,-0.059523,-2.7306,-0.92482,0
-1.7689,0.14483,-0.18952,-8.4196,-0.73783,0
-1.6739,0.016583,-0.20882,3.8687,-1.2413,0
-1.294,-0.67595,-0.1316,5.4616,-0.36386,0
-1.484,-0.95809,-0.089126,-6.3715,-1.2269,0
-1.1041,-0.086014,-0.1316,-5.4613,-0.53646,0
-0.7242,0.70911,-0.1715,6.3718,-0.92482,0
-0.43928,0.22178,-0.13546,3.6411,-1.0687,0
-0.7242,-0.98374,-0.089126,-8.192,-0.55085,0
-0.7242,-1.4711,-0.062097,-1.5928,-1.2413,0
-0.62923,-1.9328,-0.017049,7.7372,-0.27756,0
-0.91415,-1.8815,0.053741,-0.22742,-1.0543,0
-1.8639,-0.3938,0.18889,-7.7369,-0.52208,0
-0.81917,0.86301,0.31245,0.91037,-0.69468,0
0.79538,0.11918,0.35492,7.282,-1.0974,0
0.89035,-1.548,0.30601,-2.7306,-0.5077,0
0.79538,-1.0094,0.29314,-7.2818,-1.4858,0
0.79538,0.55522,0.35363,5.0064,-0.52208,0
0.7004,1.2734,0.29443,6.3718,-1.2269,0
0.035589,0.68346,0.17344,-5.6889,-0.82413,0
-0.81917,-1.112,0.19403,-5.4613,-0.69468,0
-0.62923,-2.2919,0.29443,6.3718,-1.2844,0
-0.34431,-2.1123,0.32146,3.6411,-0.43578,0
-1.294,-0.88114,0.24938,-6.8267,-1.2125,0
-0.15436,0.37567,0.158,-1.8203,-0.46455,0
1.2702,1.2221,0.015128,7.9647,-0.75222,0
0.7004,1.376,-0.19209,-0.45498,-0.79537,0
0.22554,0.93996,-0.29635,-7.2818,-0.22003,0
0.22554,-0.31686,-0.12774,1.8206,-1.0111,0
-1.0091,-1.3172,0.20819,7.282,-0.033045,0
-1.579,-1.5737,0.38452,-3.1857,-0.82413,0
-1.6739,-1.4711,0.43601,-7.2818,-0.3351,0
-0.91415,-1.4198,0.4463,4.3238,-0.29195,0
-1.1041,-1.3685,0.43601,5.234,-0.72345,0
-1.389,0.45262,0.13869,-6.8267,0.18271,0
-1.0091,1.0939,-0.015762,-4.5511,-0.73783,0
-0.24933,-0.060364,-0.10071,6.3718,0.21147,0
0.035589,0.17048,-0.31565,1.3655,-0.13373,0
-0.059385,1.8633,-0.43664,-7.7369,-0.033045,0
0.41548,1.6068,-0.32466,-0.9101,0.44161,0
1.0803,-0.72725,-0.10328,6.3718,-0.11935,0
1.4602,-1.4454,0.066612,-2.503,0.88749,0
0.89035,0.14483,0.053741,-7.9645,0.19709,0
0.22554,1.889,-0.013187,4.3238,0.87311,0
0.13056,2.5046,-0.041503,5.234,0.59983,0
-0.15436,2.7098,-0.047939,-5.6889,0.47037,0
-0.53425,2.6841,-0.054374,-6.5991,0.91626,0
-0.7242,2.6585,-0.050513,7.0545,0.13956,0
-0.62923,2.7098,-0.0518,2.5033,1.0026,0
-0.34431,2.6841,-0.053087,-7.9645,0.22586,0
0.41548,2.7098,-0.049226,-1.1377,0.71489,0
0.89035,2.7098,-0.0518,7.0545,0.61421,0
0.41548,2.7098,-0.049226,-0.45498,0.19709,0
-0.15436,2.6328,-0.0518,-8.192,0.84434,0
-0.62923,1.2734,-0.049226,2.7309,-0.061812,0
-0.24933,0.45262,-0.037642,6.8269,0.78681,0
0.41548,-0.23991,-0.068532,-4.7786,0.18271,0
0.79538,-0.75289,-0.1213,-6.3715,0.34092,0
0.32051,-1.1889,-0.072394,6.3718,0.65736,0
-0.24933,-1.5993,0.033148,3.8687,-0.033045,0
0.13056,-1.3172,-0.050513,-7.2818,0.94503,0
1.6501,0.093531,-0.39288,-3.6408,0.15394,0
1.9351,0.29873,-0.52287,7.0545,0.87311,0
1.2702,-0.90679,-0.39674,2.2757,0.64298,0
1.2702,-2.138,-0.2616,-7.5093,0.54229,0
1.3652,-1.8815,-0.17407,0.00013542,1.1608,0
0.7004,-1.5737,-0.080116,7.9647,0.42722,0
-0.059385,-0.7016,0.0061189,-1.3652,1.4772,0
-0.24933,0.19613,0.055028,-7.5093,0.88749,0
-0.7242,1.0426,0.08978,3.6411,1.2471,0
0.22554,2.6072,-0.024771,7.0545,1.4772,0
0.60543,4.0692,-0.21269,-5.4613,0.91626,0
0.98533,2.915,-0.14447,-5.9164,1.8512,0
0.89035,0.91431,0.037009,6.3718,0.90188,0
0.41548,0.19613,0.021564,3.6411,1.5779,0
-0.34431,0.63217,-0.085264,-7.7369,1.0745,0
-1.0091,0.73476,-0.14061,-3.8684,1.0745,0
-1.0091,-0.29121,-0.2011,7.0545,1.506,0
-0.059385,-0.85549,-0.26288,0.91037,0.67174,0
-0.34431,-0.0090658,-0.3504,-8.6471,1.5635,0
-0.62923,0.50392,-0.35684,0.00013542,0.52791,0
-0.24933,-0.34251,-0.28605,7.7372,1.0745,0
-0.24933,-0.3938,-0.2616,-3.6408,0.64298,0
-1.1991,0.63217,-0.28991,-8.192,0.19709,0
-0.059385,0.81171,-0.21397,4.3238,0.67174,0
0.89035,0.91431,-0.080116,5.9167,-0.23441,0
-0.24933,1.7607,-0.026058,-6.144,0.59983,0
-2.0538,3.1458,-0.16249,-5.0062,-0.22003,0
-1.389,3.787,-0.22298,7.5096,-0.10496,0
-1.0091,2.7867,-0.10843,3.4135,-0.11935,0
-1.1991,2.7611,-0.019623,-8.192,-0.80975,0
-1.389,3.9409,-0.12002,-2.0479,-0.076195,0
-0.62923,3.351,-0.34654,7.5096,-1.0543,0
0.32051,0.37567,-0.53446,-0.22742,-0.27756,0
-0.34431,-2.5483,-0.51387,-7.9645,-0.70906,0
-2.5287,-3.6513,-0.32852,2.0482,-0.69468,0
-1.8639,-1.4967,-0.24872,7.282,-0.2488,0
-0.53425,1.2477,-0.22298,-4.0959,-0.99673,0
1.4602,0.042233,-0.12388,-6.8267,-0.047428,0
0.89035,-2.5227,-0.013187,5.234,-0.89605,0
-1.1041,-3.6513,-0.023484,5.4616,-0.40701,0
-1.389,-3.4204,-0.11358,-6.5991,-0.45016,0
-1.0091,-2.3944,-0.19853,-4.5511,-0.82413,0
-0.34431,-1.7276,-0.22684,7.0545,-0.004278,0
0.41548,-1.9071,-0.19853,2.0482,-0.89605,0
0.51046,-2.3688,-0.10714,-7.7369,0.053256,0
-0.81917,-2.5996,0.098789,-0.9101,-0.55085,0
-1.1041,-2.9331,0.3073,8.4198,-0.32071,0
-0.43928,-3.9847,0.31502,-0.45498,-0.10496,0
-0.24933,-4.8311,0.19017,-7.2818,-0.6803,0
-1.484,-4.8568,0.15285,2.5033,0.18271,0
-1.7689,-4.0104,0.22364,6.3718,-0.72345,0
-0.91415,-2.8561,0.21205,-4.3235,0.067639,0
-0.62923,-1.8558,0.01899,-6.144,-0.2488,0
0.98533,-1.0094,-0.1213,5.234,-0.27756,0
0.51046,-0.16296,0.066612,4.7789,0.32654,0
-0.43928,0.86301,0.37165,-6.8267,-0.39263,0
0.035589,2.0172,0.31116,-4.5511,0.70051,0
-0.059385,1.6325,0.030574,7.0545,0.010105,0
0.7004,0.93996,-0.099422,2.0482,0.59983,0
-0.059385,2.1711,-0.049226,-8.192,0.68613,0
-0.53425,4.0435,0.01899,-1.3652,0.45599,0
0.32051,4.2744,0.10522,7.0545,1.2758,0
0.89035,3.864,0.25067,-1.1377,0.54229,0
0.41548,4.5822,0.34334,-8.4196,1.506,0
-0.7242,5.9672,0.44502,2.5033,0.90188,0
-1.294,4.7361,0.5261,6.3718,1.1752,0
-1.294,4.3257,0.49006,-5.0062,1.3621,0
-1.1041,5.9929,0.48749,-6.144,0.82996,0
-0.059385,7.3523,0.68441,5.9167,1.6786,0
-0.7242,6.2237,0.82213,4.7789,0.85873,0
-1.7689,3.2484,0.78481,-6.8267,1.5923,0
-1.7689,1.5299,0.6561,-2.2755,1.2183,0
-0.62923,1.2734,0.56214,8.4198,1.1032,0
0.035589,1.1195,0.45016,0.68281,1.5779,0
-0.15436,-0.11166,0.31759,-8.192,0.72928,0
-0.34431,-0.57335,0.35878,1.5931,1.6354,0
0.035589,0.35002,0.45274,7.7372,0.75804,0
-0.43928,1.3503,0.41284,-3.4133,1.2615,0
-0.7242,0.78606,0.33947,-7.0542,1.1464,0
-1.1041,-0.13731,0.25067,5.0064,0.62859,0
-1.294,-0.23991,0.19017,5.0064,1.3334,0
-1.0091,-0.034715,0.21205,-6.3715,0.28339,0
-0.7242,-0.086014,0.26482,-3.4133,1.1464,0
-0.7242,-0.13731,0.29057,7.0545,0.38407,0
-0.34431,-0.72725,0.29057,1.8206,0.39846,0
0.7004,-1.9584,0.35363,-7.5093,0.67174,0
1.1753,-3.01,0.45917,0.45525,-0.061812,0
0.32051,-3.1383,0.4862,7.5096,0.75804,0
0.41548,-2.1636,0.39482,-1.5928,-0.17688,0
0.79538,-1.035,0.27126,-8.4196,0.35531,0
0.41548,-0.4451,0.22364,3.6411,0.038872,0
0.035589,0.24743,0.23007,6.8269,-0.32071,0
0.22554,0.093531,0.34848,-5.0062,0.15394,0
0.035589,-0.41945,0.34462,-5.9164,-0.8529,0
0.7004,-0.34251,0.21205,5.9167,-0.004278,0
2.315,-0.13731,0.079483,3.4135,-0.80975,0
3.0747,0.27308,0.00097052,-7.2818,-0.49331,0
1.8401,1.0939,-0.038929,-2.9581,-0.43578,0
0.035589,1.8633,-0.14576,7.5096,-1.0399,0
-0.91415,2.1711,-0.23071,1.3655,-0.13373,0
-1.579,0.40132,-0.11487,-8.192,-1.0111,0
-0.53425,-0.75289,-0.006752,-0.45498,-0.2488,0
0.89035,-0.034715,-0.077542,7.0545,-0.5077,0
1.4602,1.1965,-0.15734,-2.0479,-0.55085,0
0.51046,1.9659,-0.16635,-7.7369,0.067639,0
-0.24933,1.7351,-0.18051,3.6411,-0.72345,0
-0.62923,0.29873,-0.20368,6.3718,0.16832,0
-0.53425,-0.90679,-0.21783,-5.9164,-0.57961,0
-0.43928,-1.1633,-0.20239,-6.144,-0.17688,0
-0.62923,-0.5477,-0.18566,5.9167,-0.076195,0
-0.34431,-0.52205,-0.1419,3.6411,-0.57961,0
0.32051,-1.5224,-0.096848,-7.5093,0.22586,0
0.41548,-1.625,-0.087839,-2.9581,-0.60838,0
-0.24933,-1.2915,-0.04279,7.9647,0.26901,0
-0.53425,-1.548,0.04988,0.68281,-0.17688,0
-0.43928,-2.0097,0.1078,-7.9645,-0.22003,0
0.51046,-1.4711,0.013841,1.8206,0.096406,0
0.32051,-1.3428,-0.037642,7.7372,-0.60838,0
-0.34431,-1.1376,0.017703,-2.0479,0.15394,0
-1.1041,-0.75289,0.05889,-7.2818,-0.73783,0
-1.8639,-0.88114,0.021564,4.3238,-0.14811,0
-2.0538,-1.9328,-0.0518,5.4616,-0.52208,0
-2.2438,-3.0357,-0.073681,-6.8267,-0.78098,0
-2.2438,-2.1893,-0.12259,-4.7786,-0.37825,0
-1.484,-0.13731,-0.17793,6.8269,-1.3851,0
0.32051,0.47827,-0.074968,2.9584,-0.62276,0
1.2702,-0.29121,0.12968,-7.2818,-1.5289,0
1.9351,-2.0867,0.27383,-0.9101,-1.2556,0
2.125,-3.1639,0.20948,7.9647,-1.4139,0
1.5552,-3.2409,0.017703,-0.9101,-2.0036,0
-0.24933,-3.1639,-0.078829,-8.192,-1.3276,0
-1.6739,-3.8052,-0.018336,3.4135,-2.3056,0
-1.7689,-4.7285,-0.015762,6.3718,-1.5865,0
-0.91415,-5.2928,-0.11873,-4.7786,-2.133,0
-0.059385,-5.3185,-0.22298,-6.3715,-2.0755,0
0.98533,-5.1133,-0.31308,5.234,-1.644,0
1.1753,-3.6513,-0.32595,4.5513,-2.2769,0
-0.059385,-1.8815,-0.2616,-6.8267,-1.1837,0
-0.53425,-1.3685,-0.1213,-4.3235,-1.9317,0
-1.1041,-0.90679,-0.031207,6.3718,-1.1837,0
-2.0538,-0.13731,-0.02992,1.5931,-1.1406,0
-1.6739,-0.060364,-0.055661,-9.1023,-1.3419,0
-0.7242,-0.21426,-0.006752,-0.45498,-0.43578,0
-0.059385,0.55522,0.10136,7.282,-1.1262,0
0.13056,2.1198,0.15671,-2.7306,-0.018661,0
0.22554,3.351,0.093641,-7.2818,-0.39263,0
-0.34431,2.915,0.10909,2.9584,-0.19126,0
-0.53425,2.1455,0.26354,5.6891,0.31216,0
-0.62923,2.6072,0.30858,-6.3715,-0.32071,0
-0.059385,2.9919,0.12067,-5.2337,0.78681,0
0.32051,2.5815,-0.094274,6.8269,-0.004278,0
1.1753,2.838,-0.069819,3.6411,0.67174,0
1.5552,3.2227,0.083344,-7.9645,0.68613,0
1.1753,1.7607,0.064038,-1.3652,0.39846,0
0.7004,0.63217,-0.0518,8.4198,1.319,0
1.2702,-0.4964,-0.069819,0.00013542,0.49914,0
1.1753,-1.7019,-0.063384,-7.9645,1.3765,0
-0.15436,-2.3431,-0.13546,3.186,0.93064,0
-1.6739,-2.6253,-0.21526,8.1923,1.0457,0
-1.6739,-2.3944,-0.23585,-3.1857,1.5204,0
-0.91415,-1.5737,-0.2011,-7.0542,0.81558,0
-0.91415,-0.41945,-0.14833,4.0962,1.808,0
-1.8639,0.29873,-0.083977,6.8269,1.0313,0
-1.579,1.3503,-0.037642,-5.9164,1.5923,0
-1.389,1.812,-0.062097,-5.0062,1.6354,0
-1.6739,2.325,-0.06081,6.5994,1.2902,0
-1.484,2.6328,0.0048318,3.6411,2.0094,0
-0.7242,2.4533,0.07176,-6.3715,1.2183,0
-0.43928,1.5555,0.066612,-1.3652,2.0669,0
-1.579,0.96561,-0.017049,7.7372,1.5779,0
-1.484,1.1708,-0.11487,-0.22742,1.7073,0
-1.1041,1.7864,-0.15863,-7.9645,1.9375,0
-1.484,1.9146,-0.14061,3.8687,1.3621,0
-2.3388,0.86301,-0.15605,6.8269,2.1676,0
-1.0091,-0.13731,-0.22427,-4.7786,1.2615,0
0.13056,-1.0094,-0.12259,-6.5991,1.9231,0
-0.53425,-2.574,0.08077,5.234,1.6354,0
-0.24933,-2.8048,0.078196,4.0962,1.4484,0
0.13056,-2.0867,-0.064671,-7.5093,1.9662,0
-0.059385,-2.497,-0.055661,-3.8684,1.1176,0
1.3652,-2.4457,0.020277,7.0545,1.9519,0
2.7898,-1.8302,0.022851,1.8206,1.1608,0
2.125,-1.5224,0.0061189,-8.4196,1.4484,0
1.1753,-1.1376,-0.006752,-0.45498,1.5347,0
0.60543,-1.035,0.024138,7.5096,0.91626,0
-0.53425,-0.5477,0.047306,-1.1377,1.7217,0
-0.53425,-0.29121,0.18245,-8.4196,0.80119,0
-0.24933,0.093531,0.3472,3.8687,1.4053,0
0.13056,0.68346,0.35749,6.3718,1.0026,0
-0.059385,1.6838,0.21978,-5.9164,0.87311,0
0.22554,1.7094,0.067899,-6.5991,1.3334,0
-0.24933,1.2734,0.065325,6.1442,0.54229,0
0.51046,1.5555,0.13998,4.3238,1.4628,0
0.79538,2.2481,0.13869,-7.2818,0.62859,0
1.6501,1.4273,0.084631,-3.6408,1.1464,0
2.4099,0.58087,0.038296,8.1923,1.1032,0
1.1753,0.042233,0.039583,0.91037,0.58544,0
-0.15436,-0.13731,0.024138,-7.2818,1.3046,0
-0.24933,-1.1633,0.12711,0.91037,0.42722,0
0.60543,-3.6513,0.42314,7.9647,1.2615,0
0.41548,-5.3698,0.61234,-2.2755,0.62859,0
0.60543,-4.1899,0.54927,-6.8267,0.62859,0
1.6501,-2.3944,0.50294,5.234,0.84434,0
2.5999,-1.625,0.58145,6.5994,0.067639,0
3.4546,-1.5737,0.66897,-6.3715,0.91626,0
2.9798,-0.5477,0.67154,-4.5511,-0.047428,0
0.60543,1.0169,0.68184,7.282,0.54229,0
-0.81917,0.99126,0.70887,3.6411,0.41284,0
-0.53425,0.24743,0.7256,-7.0542,-0.018661,0
0.51046,-0.6503,0.69085,-2.503,0.67174,0
-0.15436,-2.3688,0.77194,7.9647,-0.27756,0
-1.0091,-3.2409,0.93411,0.2277,0.49914,0
-1.1041,-1.8815,0.92381,-7.7369,-0.090578,0
-0.43928,-0.599,0.77837,0.91037,0.010105,0
0.32051,-0.67595,0.7552,7.0545,0.29777,0
0.22554,-1.3685,0.82728,-2.7306,-0.39263,0
-0.34431,-1.7532,0.82471,-7.9645,0.49914,0
-0.15436,-1.8558,0.67541,3.6411,-0.47893,0
0.13056,-3.0357,0.50036,5.9167,0.12517,0
-0.34431,-3.0613,0.36522,-6.3715,-0.14811,0
-0.24933,-2.0097,0.29057,-5.2337,-0.4214,0
0.22554,-1.2659,0.20176,7.0545,0.19709,0
-1.0091,-1.035,0.082057,2.9584,-0.66591,0
-1.389,-0.72725,-0.036355,-7.5093,0.22586,0
-1.1041,-1.1376,-0.21397,-2.7306,-0.62276,0
-1.294,-1.8302,-0.47783,7.5096,-0.34948,0
-1.579,-1.9328,-0.71465,0.00013542,-0.37825,0
-2.1488,-2.1123,-0.90128,-8.4196,-0.96797,0
-2.3388,-1.7276,-1.1587,0.68281,-0.11935,0
-1.294,-0.034715,-1.5101,7.0545,-0.99673,0
0.13056,0.99126,-1.9528,-3.1857,-0.2488,0
0.22554,-0.75289,-2.375,-7.5093,-0.82413,0
-1.0091,-2.8818,-2.6839,3.8687,-0.69468,0
-1.389,-3.0357,-2.9169,6.3718,-0.45016,0
-0.81917,-2.5227,-3.0713,-6.3715,-1.083,0
-0.43928,-2.3175,-3.2116,-5.9164,-0.23441,0
0.13056,-1.5224,-3.4716,7.5096,-1.1262,0
-0.15436,-0.41945,-3.7882,3.4135,-0.39263,0
0.60543,-0.11166,-4.0096,-7.7369,-0.73783,0
0.51046,-0.599,-4.1036,-1.8203,-0.89605,0
-0.059385,-0.67595,-4.2001,7.7372,-0.34948,0
0.60543,-0.36816,-4.4009,0.91037,-1.1693,0
0.035589,-0.4451,-4.6634,-7.7369,-0.22003,0
-1.484,-0.31686,-4.9131,0.91037,-0.96797,0
-1.1991,0.24743,-5.0714,7.5096,-0.46455,0
-0.53425,0.58087,-5.1319,-2.503,-0.36386,0
-1.1041,-0.086014,-5.1294,-6.8267,-0.78098,0
-0.059385,-0.034715,-5.0573,4.3238,0.067639,0
1.2702,0.32437,-4.9582,6.5994,-0.80975,0
0.79538,1.3503,-4.9234,-5.9164,0.067639,0
0.98533,2.2481,-4.8719,-4.5511,-0.34948,0
0.035589,2.0942,-4.8848,6.8269,-0.26318,0
-0.7242,1.2221,-5.0238,3.6411,0.28339,0
0.7004,1.2734,-5.1191,-7.2818,-0.39263,0
1.5552,2.3507,-5.0611,-3.1857,0.38407,0
1.3652,2.9406,-4.881,7.5096,-0.53646,0
2.03,2.3507,-4.5708,0.45525,-0.076195,0
2.4099,1.7094,-4.1846,-8.192,-0.27756,0
2.6949,1.7607,-3.832,1.5931,-0.70906,0
3.3597,1.8377,-3.4446,7.5096,-0.1625,0
2.9798,1.4273,-2.9645,-2.503,-1.0255,0
1.8401,1.7607,-2.541,-7.9645,-0.22003,0
2.03,2.3507,-2.1317,3.8687,-0.95358,0
1.4602,1.1965,-1.6645,6.3718,-0.8529,0
-0.059385,-0.34251,-1.1844,-5.0062,-0.72345,0
-0.53425,0.067882,-0.76742,-5.2337,-1.3851,0
-1.0091,0.96561,-0.49713,5.6891,-0.53646,0
-1.8639,1.4016,-0.32981,4.0962,-1.4714,0
-1.7689,1.9403,-0.14962,-7.0542,-0.6803,0
-0.059385,1.9659,0.10265,-2.7306,-1.083,0
1.4602,1.6068,0.25324,8.4198,-1.155,0
1.0803,1.7094,0.4669,0.91037,-0.70906,0
0.89035,2.3507,0.78738,-8.4196,-1.457,0
1.2702,2.8124,1.1645,0.68281,-0.60838,0
1.8401,2.3507,1.5223,6.8269,-1.4139,0
1.5552,2.0172,1.902,-2.2755,-0.83852,0
0.60543,3.0945,2.3756,-7.5093,-0.79537,0
-0.24933,3.2997,2.9664,3.6411,-1.1118,0
-1.1041,2.8893,3.5019,5.6891,-0.27756,0
-0.7242,2.402,3.9691,-5.9164,-0.99673,0
-0.34431,2.1198,4.5109,-4.3235,-0.11935,0
0.60543,1.6581,5.139,7.9647,-0.55085,0
-0.059385,1.9659,5.5947,3.186,-0.39263,0
-1.1041,2.4789,5.8276,-7.2818,0.067639,0
-0.34431,2.8637,6.0233,-2.2755,-0.57961,0
-0.059385,2.6328,6.4094,7.7372,0.41284,0
-0.24933,2.0942,6.9191,0.91037,-0.34948,0
-0.62923,2.1198,7.3284,-7.9645,0.32654,0
-0.24933,2.0172,7.6077,2.2757,0.15394,0
0.7004,1.9146,7.7737,7.0545,-0.076195,0
1.5552,3.8383,7.7415,-3.8684,0.58544,0
0.7004,5.8903,7.5227,-7.0542,-0.1625,0
-0.15436,5.4799,7.5098,5.4616,0.97379,0
0.035589,4.2487,7.6823,3.8687,0.25462,0
1.2702,4.1461,7.7222,-7.9645,0.87311,0
0.60543,4.7617,7.6347,-3.4133,0.97379,0
-0.62923,4.5565,7.4378,7.7372,0.58544,0
-1.6739,3.6331,7.1289,1.5931,1.4197,0
-1.6739,2.2224,6.7698,-8.6471,0.58544,0
-0.91415,1.1452,6.43,-0.45498,1.621,0
-1.484,1.6838,6.206,7.5096,1.1464,0
-2.8136,3.2484,5.9769,-1.1377,1.2902,0
-2.3388,2.402,5.6809,-8.8747,1.7073,0
-2.4337,0.73476,5.3128,3.186,1.0169,0
-2.2438,0.60652,4.8868,6.5994,1.9806,0
-1.389,1.4016,4.583,-5.0062,1.0313,0
-0.24933,1.5299,4.4208,-6.144,1.4772,0
-0.43928,1.5555,4.2342,6.1442,0.84434,0
-0.53425,2.4276,3.9948,3.6411,0.32654,0
-1.1991,3.6588,3.7091,-8.192,0.72928,0
-1.294,4.7873,3.3809,-2.7306,-0.061812,0
-1.484,5.3773,3.0552,8.1923,0.90188,0
-0.91415,6.5571,2.7335,1.3655,0.13956,0
0.7004,8.1987,2.4529,-7.7369,0.48476,0
2.22,8.0961,2.2431,0.2277,0.34092,0
2.9798,6.5571,2.005,8.6474,-0.39263,0
2.125,4.8386,1.7823,-2.0479,0.024489,0
1.3652,3.9922,1.5583,-7.5093,-1.155,0
0.98533,3.9153,1.27,4.0962,-0.4214,0
0.60543,2.2224,0.98817,6.5994,-0.8529,0
0.51046,0.042233,0.69986,-4.3235,-0.65153,0
-0.7242,-0.82984,0.427,-5.6889,-0.090578,0
-1.389,0.22178,0.17988,7.0545,-0.55085,0
-0.53425,1.0426,-0.037642,3.6411,0.61421,0
0.51046,0.32437,-0.17922,-6.8267,-0.22003,0
0.035589,-1.9328,-0.32338,-3.1857,0.26901,0
-2.0538,-2.6766,-0.54218,7.282,-0.19126,0
-3.1935,-1.035,-0.77257,1.8206,-0.91043,0
-3.7634,-0.18861,-0.909,-7.7369,-0.65153,0
-3.8583,-1.7019,-1.0133,-0.45498,-1.5145,0
-2.3388,-3.523,-1.0892,7.9647,-0.061812,0
-0.43928,-3.4717,-1.0828,-1.1377,-0.090578,0
-0.43928,-1.9584,-1.0171,-8.192,0.59983,0
0.13056,-0.67595,-1.0133,3.186,0.067639,0
0.13056,-0.67595,-1.066,6.8269,-1.5721,0
-0.81917,-1.9328,-1.1368,-5.0062,-1.5289,0
-1.294,-2.2919,-1.2128,-5.6889,-2.507,0
-0.91415,-1.9841,-1.317,7.282,-0.88167,0
-0.15436,-2.0867,-1.4007,3.186,-0.10496,0
0.60543,-2.7279,-1.4431,-7.2818,0.82996,0
0.7004,-3.4974,-1.5538,-2.503,1.4197,0
0.79538,-4.3438,-1.6439,8.1923,0.024489,0
0.7004,-4.7029,-1.6787,-0.22742,-0.11935,0
0.79538,-4.4464,-1.6864,-8.192,-1.6871,0
1.0803,-4.036,-1.6697,2.7309,-0.95358,0
1.1753,-3.6513,-1.6877,6.5994,-0.10496,0
2.4099,-2.7279,-1.7482,-5.2337,0.58544,0
2.5049,-1.5993,-1.7353,-6.3715,1.9662,0
1.4602,-1.0863,-1.7121,5.9167,1.2039,0
1.2702,-2.2406,-1.6388,4.3238,1.506,0
1.6501,-3.6,-1.5796,-6.8267,0.19709,0
1.2702,-4.0104,-1.6452,-3.4133,-0.061812,0
0.7004,-3.7795,-1.6877,7.7372,0.22586,0
0.41548,-4.036,-1.6208,2.5033,0.12517,0
0.89035,-4.8824,-1.5899,-7.2818,1.7793,0
2.7898,-4.4464,-1.5538,0.2277,1.5923,0
3.2647,-3.523,-1.5538,7.7372,2.5416,0
1.8401,-2.1636,-1.6336,-1.3652,2.1964,0
0.13056,-0.75289,-1.7482,-7.7369,1.808,0
-0.53425,0.47827,-1.8808,3.8687,2.2539,0
-0.91415,0.93996,-1.9696,7.282,1.5204,0
-0.24933,0.52957,-2.0262,-4.0959,2.8436,0
0.60543,0.32437,-2.0918,-5.6889,2.5416,0
1.0803,0.50392,-2.1729,6.5994,3.3039,0
1.9351,0.32437,-2.1433,4.0962,3.5484,0
1.8401,0.45262,-2.0519,-6.5991,2.7573,0
0.79538,-1.5737,-1.9773,-2.7306,3.1457,0
-0.24933,-3.523,-1.9721,8.1923,1.7505,0
-1.1991,-3.7795,-2.0223,0.91037,2.2252,0
-1.294,-4.2925,-1.9657,-7.9645,1.8368,0
0.60543,-4.6516,-1.81,0.91037,1.8512,0
1.4602,-3.9847,-1.6259,7.7372,2.3546,0
0.41548,-2.8818,-1.5461,-1.8203,1.4484,0
-1.0091,-1.8815,-1.5731,-7.5093,2.0669,0
-0.24933,-1.9841,-1.5564,3.186,0.80119,0
0.035589,-2.6253,-1.4779,5.6891,0.84434,0
-0.34431,-2.7022,-1.4225,-5.6889,0.67174,0
-1.0091,-1.4454,-1.4135,-6.3715,0.096406,0
-1.1041,-0.0090658,-1.4174,5.9167,1.0745,0
-0.53425,0.99126,-1.4406,4.0962,0.31216,0
-1.294,1.0682,-1.4457,-7.0542,1.1895,0
-1.6739,1.2221,-1.4225,-3.6408,0.72928,0
-0.91415,1.1708,-1.299,7.282,0.55667,0
-1.1991,0.78606,-1.1291,1.1379,0.93064,0
-1.1041,-0.034715,-1.0017,-8.6471,0.19709,0
0.41548,-0.7016,-0.91672,0.2277,1.2615,0
0.7004,-0.034715,-0.83049,7.5096,0.55667,0
0.41548,0.45262,-0.81247,-3.1857,1.1752,0
-1.1041,-0.36816,-0.86267,-7.0542,1.1464,0
-2.1488,-0.599,-0.93989,4.3238,0.80119,0
-0.34431,-0.90679,-0.94761,6.1442,1.5923,0
1.1753,-1.8815,-0.82663,-5.2337,0.80119,0
-0.24933,-4.2668,-0.70435,-5.6889,1.8224,0
-1.484,-6.0366,-0.7996,6.3718,1.7361,0
0.22554,-5.7289,-0.93217,3.4135,2.3115,0
1.8401,-4.549,-0.9785,-7.9645,3.2608,0
2.7898,-3.523,-1.03,-2.0479,3.0594,0
2.9798,-2.8305,-1.057,7.282,3.9943,0
2.22,-1.6763,-1.0673,1.5931,2.9875,0
0.7004,-0.16296,-1.0995,-7.2818,3.3614,0
0.22554,0.042233,-1.1085,1.3655,3.2032,0
0.7004,-1.2915,-1.0133,7.9647,3.0738,0
1.1753,-2.5483,-0.8794,-2.2755,4.0518,0
1.4602,-2.0354,-0.86267,-7.2818,3.3758,0
0.79538,-0.599,-0.89356,4.5513,4.3251,0
0.41548,0.52957,-0.88069,6.1442,3.4909,0
1.2702,0.99126,-0.81504,-5.4613,3.3758,0
1.1753,0.78606,-0.69277,-6.3715,3.4477,0
1.2702,1.1965,-0.60525,7.282,2.671,0
1.6501,2.2737,-0.59109,4.0962,3.4621,0
1.2702,2.5302,-0.59753,-7.0542,2.671,0
0.98533,1.6325,-0.5602,-2.0479,3.4909,0
0.79538,0.93996,-0.48941,8.1923,3.2464,0
0.32051,0.40132,-0.49198,0.00013542,3.1457,0
-0.34431,0.47827,-0.48941,-9.1023,3.6491,0
-0.62923,0.81171,-0.46624,0.45525,2.7142,0
-0.15436,1.2477,-0.48684,6.5994,3.606,0
0.79538,1.1708,-0.54733,-3.4133,2.7573,0
1.6501,1.0682,-0.55634,-7.7369,3.1888,0
0.98533,1.0426,-0.51258,3.186,3.1025,0
0.60543,0.55522,-0.43407,5.4616,2.6423,0
-0.24933,0.016583,-0.39674,-5.6889,3.2176,0
0.13056,-0.6503,-0.49198,-6.5991,2.0094,0
1.1753,-0.95809,-0.59238,6.3718,2.4984,0
1.0803,-1.0094,-0.49585,3.8687,1.4341,0
0.7004,-0.82984,-0.26417,-8.192,1.2183,0
-0.34431,-0.67595,-0.16249,-3.4133,1.0457,0
-0.53425,-1.3428,-0.21011,6.8269,0.067639,0
-0.15436,-2.7279,-0.25259,0.68281,0.59983,0
0.41548,-3.8308,-0.22813,-8.6471,-0.69468,0
1.1753,-3.7282,-0.19209,0.91037,-0.27756,0
1.6501,-2.8561,-0.16893,7.5096,-0.91043,0
1.1753,-1.8815,-0.15605,-2.9581,-1.27,0
-0.059385,-1.2402,-0.16764,-7.2818,-0.86728,0
-0.62923,-0.75289,-0.24744,4.3238,-1.7734,0
-0.15436,-0.13731,-0.32209,5.9167,-0.91043,0
-0.81917,0.11918,-0.27961,-6.3715,-1.7015,0
-1.6739,-0.034715,-0.15734,-5.6889,-1.3851,0
-2.4337,0.58087,-0.12645,7.282,-1.4714,0
-3.0036,1.4529,-0.12774,3.6411,-2.0611,0
-3.0985,2.0172,-0.10843,-7.7369,-1.5865,0
-2.8136,2.2994,-0.071106,-1.3652,-2.7371,0
-1.8639,2.0172,0.00097052,7.5096,-2.133,0
-1.579,1.9146,0.039583,0.00013542,-2.8953,0
-2.1488,1.812,0.051167,-7.9645,-2.8234,0
-2.6237,1.6068,0.074335,2.7309,-2.7803,0
-0.91415,1.4786,0.053741,7.282,-3.5714,0
0.51046,1.9659,0.0099801,-2.9581,-2.7515,0
0.51046,2.915,-0.037642,-5.6889,-3.6864,0
1.1753,2.6328,-0.0041778,4.7789,-3.0392,0
1.6501,1.812,0.10394,4.5513,-3.4851,0
1.4602,1.7094,0.1477,-6.5991,-3.5282,0
1.5552,2.0172,0.15671,-4.0959,-3.0392,0
1.0803,1.9916,0.15928,7.0545,-3.8015,0
0.22554,1.6325,0.20304,2.0482,-2.8666,0
-1.389,1.5042,0.26611,-8.6471,-3.6433,0
-0.34431,1.1708,0.29185,-1.8203,-3.2118,0
0.13056,0.60652,0.30987,7.7372,-3.2405,0
-0.15436,0.70911,0.30601,-0.9101,-3.672,0
-0.15436,1.2477,0.31245,-8.192,-2.9097,0
0.60543,1.6068,0.29185,2.2757,-3.744,0
0.79538,1.1195,0.27255,6.1442,-2.8522,0
1.2702,0.19613,0.32532,-4.7786,-3.6001,0
1.8401,-0.88114,0.45531,-7.2818,-3.4563,0
1.9351,-2.0867,0.50036,4.7789,-3.3268,0
0.60543,-2.5483,0.39997,4.5513,-3.9597,0
-0.34431,-2.6253,0.29314,-7.0542,-2.996,0
-0.53425,-1.9328,0.21205,-4.3235,-3.9453,0
-0.7242,-0.72725,0.17215,7.9647,-3.0967,0
-1.484,0.45262,0.14384,1.8206,-3.3556,0
-2.6237,1.4016,0.065325,-7.9645,-3.4563,0
-2.0538,1.0682,-0.00031657,-1.1377,-2.8378,0
-1.579,0.19613,-0.059523,7.5096,-3.4851,0
-1.484,-0.11166,-0.10843,-0.9101,-2.2481,0
-0.91415,0.016583,-0.0518,-7.9645,-2.6221,0
-1.1041,0.37567,0.08077,3.186,-1.8166,0
-1.6739,1.0169,0.16314,6.8269,-1.3276,0
-1.579,1.7094,0.13097,-5.2337,-1.7303,0
-0.91415,2.0685,0.067899,-6.3715,-1.0687,0
-0.43928,2.2481,0.039583,6.5994,-2.0611,0
0.035589,1.7351,0.033148,4.0962,-0.98235,0
-0.91415,1.0426,0.04087,-6.5991,-0.99673,0
-0.34431,0.24743,0.073047,-3.4133,-0.72345,0
1.4602,-0.36816,0.076909,7.5096,-0.57961,0
0.79538,0.42697,0.05889,1.5931,-1.8741,0
-0.62923,1.3503,0.056315,-8.4196,-1.6728,0
-0.15436,1.0169,0.091067,0.00013542,-3.1399,0
-0.24933,-0.034715,0.05889,7.7372,-2.9241,0
-1.579,-0.77854,-0.02091,-2.503,-3.37,0
-1.0091,-1.2659,-0.056948,-8.6471,-3.7727,0
1.1753,-2.1636,0.026712,2.5033,-3.1542,0
1.8401,-2.2919,0.1374,6.3718,-4.0029,0
1.1753,-1.2659,0.20562,-3.8684,-3.1111,0
0.41548,-0.47075,0.18116,-5.9164,-3.9741,0
-0.53425,-0.3938,0.057602,6.3718,-3.8303,0
-0.62923,-0.31686,-0.006752,4.3238,-3.7152,0
-1.0091,0.47827,0.094928,-6.144,-4.1467,0
-1.579,0.68346,0.26225,-3.1857,-3.1111,0
-0.059385,0.40132,0.35749,6.8269,-3.7727,0
0.41548,0.29873,0.30344,0.45525,-2.996,0
-1.294,0.93996,0.22106,-8.6471,-3.2405,0
-1.1041,1.812,0.2571,-0.22742,-3.3125,0
-0.24933,0.93996,0.31373,7.282,-2.5645,0
-1.1041,-0.31686,0.3369,-2.503,-3.0679,0
-1.1991,-1.4454,0.39868,-7.5093,-2.2337,0
-1.0091,-2.2662,0.42957,3.6411,-3.1974,0
-0.24933,-2.138,0.33433,6.1442,-2.9816,0
0.51046,-0.90679,0.2468,-5.4613,-2.9673,0
0.22554,-0.31686,0.26611,-5.4613,-3.4131,0
-0.62923,-0.21426,0.3073,6.5994,-2.4782,0
-1.1991,0.042233,0.25581,2.5033,-3.2262,0
-0.91415,0.40132,0.26096,-7.9645,-2.2912,0
-0.7242,0.32437,0.29185,-2.0479,-2.6364,0
-0.62923,0.50392,0.23393,8.1923,-2.6508,0
-0.7242,0.11918,0.19017,-0.22742,-2.133,0
-0.43928,-0.18861,0.21463,-8.6471,-2.6652,0
-0.15436,-0.16296,0.20433,1.8206,-1.2988,0
0.51046,-0.4451,0.16443,7.9647,-1.6584,0
0.79538,-0.34251,0.083344,-3.1857,-0.63715,0
0.79538,0.24743,0.067899,-6.5991,-0.53646,0
0.32051,1.3247,0.15027,4.3238,-1.0255,0
-0.24933,1.5042,0.19918,5.9167,-0.46455,0
-0.24933,0.93996,0.19403,-5.6889,-1.5002,0
0.60543,0.42697,0.21849,-5.0062,-0.43578,0
0.32051,0.24743,0.26611,7.282,-0.89605,0
-0.15436,0.60652,0.21077,3.8687,-0.6803,0
-0.24933,0.40132,0.13483,-7.0542,-0.39263,0
0.13056,-0.16296,0.12453,-2.7306,-1.2269,0
-1.0091,-0.23991,0.14641,7.7372,-0.57961,0
-1.0091,-0.47075,0.18889,0.91037,-1.6152,0
0.13056,-1.0863,0.20819,-8.192,-1.0543,0
0.22554,-1.8558,0.16829,1.3655,-1.3276,0
-0.15436,-2.1893,0.12067,7.0545,-1.5865,0
0.7004,-1.9584,0.12582,-4.0959,-0.9392,0
0.41548,-1.4198,0.15027,-7.5093,-1.7159,0
-0.059385,-1.0607,0.14641,4.0962,-0.75222,0
1.0803,-0.7016,0.13998,5.9167,-1.27,0
1.8401,-0.3938,0.13354,-5.0062,-0.86728,0
1.4602,-0.0090658,0.11166,-5.4613,-0.52208,0
0.32051,-0.29121,0.098789,5.9167,-1.0399,0
0.60543,-1.2402,0.12968,2.9584,-0.004278,0
0.41548,-1.4454,0.13483,-8.192,-0.83852,0
-0.7242,-0.72725,0.062751,-2.503,-0.17688,0
-1.484,0.17048,-0.013187,6.8269,-0.49331,0
-1.0091,0.11918,-0.065958,0.45525,-0.70906,0
-0.7242,-0.11166,-0.089126,-8.4196,0.024489,0
-0.81917,0.27308,-0.098135,0.91037,-0.53646,0
-0.53425,0.50392,0.011267,7.7372,0.64298,0
-0.15436,-0.88114,0.22235,-3.4133,0.15394,0
0.035589,-2.6253,0.32789,-7.7369,0.44161,0
-1.6739,-2.5996,0.30858,4.0962,0.48476,0
-3.8583,-1.5993,0.25324,5.6891,-0.033045,0
-3.1935,-0.36816,0.21334,-6.144,1.0169,0
-0.62923,0.58087,0.15413,-4.5511,0.54229,0
1.3652,1.1708,0.14899,7.7372,1.7649,0
0.98533,1.4529,0.1876,2.7309,1.5491,0
0.98533,1.9146,0.16186,-7.7369,1.7649,0
0.035589,2.4533,0.11938,-0.68254,2.182,0
-0.81917,2.3763,0.047306,7.5096,1.506,0
0.41548,2.2994,-0.049226,-0.9101,2.4265,0
0.41548,1.9916,-0.041503,-7.7369,1.621,0
-0.81917,1.1452,-0.040216,2.7309,2.0813,0
-1.6739,-0.0090658,-0.0518,7.282,2.2252,0
-1.7689,-0.4964,-0.0518,-3.4133,1.8368,0
-0.62923,0.11918,-0.035068,-7.2818,2.7142,0
0.13056,0.99126,-0.033781,4.3238,1.9087,0
-1.389,1.376,-0.038929,4.7789,2.556,0
-1.7689,1.2221,-0.038929,-5.9164,2.1101,0
-0.43928,1.6068,-0.055661,-3.1857,2.0382,0
-0.53425,2.7611,-0.055661,7.5096,2.5128,0
-1.294,2.838,-0.055661,1.8206,1.8943,0
-2.7186,2.5302,-0.1213,-8.4196,2.8436,0
-2.1488,1.7864,-0.098135,0.2277,2.1676,0
-1.0091,1.299,0.096215,7.9647,2.743,0
-0.34431,1.0682,0.23908,-2.503,2.671,0
0.51046,1.0682,0.27512,-7.9645,2.2539,0
1.5552,0.58087,0.22106,2.2757,2.8005,0
2.7898,0.29873,0.10394,7.0545,1.621,0
2.03,0.88866,0.061464,-5.0062,2.2395,0
0.98533,1.7864,0.064038,-6.5991,1.2327,0
1.4602,1.4273,0.046019,5.6891,1.1032,0
1.6501,0.88866,0.012554,4.5513,1.1176,0
0.41548,0.19613,-0.0054649,-6.144,0.31216,0
-0.53425,0.58087,-0.0093262,-4.0959,1.0169,0
0.60543,0.65782,-0.0080391,7.282,-0.11935,0
1.0803,-0.060364,-0.00031657,2.2757,0.21147,0
-0.62923,-0.67595,0.0099801,-7.9645,-0.594,0
-1.1991,-0.5477,0.070473,-1.1377,-0.98235,0
-0.62923,-1.035,0.16057,7.0545,-0.72345,0
0.7004,-2.3431,0.26354,-0.9101,-1.3851,0
1.6501,-2.4201,0.28284,-8.4196,-0.11935,0
0.98533,-1.9841,0.21205,2.5033,-0.65153,0
0.89035,-1.9328,0.15928,7.282,0.12517,0
0.89035,-2.0867,0.19918,-4.0959,0.11079,0
-0.15436,-1.4967,0.26225,-6.144,-0.37825,0
-1.1991,-0.67595,0.29057,5.4616,0.25462,0
-0.24933,-0.52205,0.27898,4.3238,-0.62276,0
0.13056,-0.34251,0.28413,-6.5991,0.48476,0
-0.53425,0.24743,0.22106,-2.9581,0.32654,0
-0.53425,0.24743,0.083344,7.5096,0.88749,0
-0.7242,-0.0090658,-0.032494,1.8206,1.4484,0
-1.294,0.14483,-0.02091,-7.5093,0.70051,0
-2.4337,0.63217,0.05889,1.5931,1.3909,0
-1.0091,0.93996,0.11423,7.7372,0.21147,0
-0.81917,1.0682,0.096215,-3.4133,0.61421,0
-0.62923,1.2734,0.08077,-6.3715,0.57106,0
-0.7242,0.88866,0.084631,4.5513,0.32654,0
-0.62923,0.45262,0.11295,5.9167,1.2183,0
-0.53425,0.47827,0.11938,-6.144,0.61421,0
-0.24933,0.78606,0.096215,-4.7786,1.5347,0
0.51046,0.50392,0.10394,7.0545,1.0313,0
0.51046,-0.18861,0.10909,3.186,1.1752,0
0.035589,-0.52205,0.065325,-7.0542,1.5204,0
0.79538,-0.086014,-0.019623,-2.7306,0.93064,0
2.03,0.37567,-0.036355,8.875,1.995,0
1.3652,0.37567,-0.023484,1.1379,1.1752,0
-0.43928,0.22178,-0.024771,-7.9645,1.9231,0
-1.294,0.40132,-0.027345,-0.22742,1.6498,0
-0.7242,0.29873,-0.054374,7.0545,1.1752,0
-0.24933,0.27308,-0.0917,-2.503,1.7649,0
-1.1991,0.40132,-0.13031,-7.7369,0.87311,0
-0.43928,0.32437,-0.12774,3.6411,1.808,0
0.32051,0.24743,-0.10586,5.4616,1.0169,0
0.7004,-0.0090658,-0.10972,-7.2818,1.1608,0
0.035589,-0.13731,-0.15091,-4.5511,0.98818,0
-1.1041,0.042233,-0.21655,6.8269,0.082022,0
-1.0091,-0.034715,-0.22684,2.2757,0.80119,0
-0.81917,-0.47075,-0.23199,-7.5093,-0.10496,0
0.13056,-0.26556,-0.21397,-1.3652,0.88749,0
1.5552,0.22178,-0.21397,7.5096,0.61421,0
1.2702,0.52957,-0.23843,-0.45498,0.85873,0
0.035589,-0.11166,-0.21783,-7.9645,1.2615,0
-1.1041,-0.77854,-0.20368,2.5033,0.47037,0
-2.2438,-1.7019,-0.22041,7.0545,1.2615,0
-1.9589,-2.1893,-0.21011,-3.8684,0.36969,0
0.32051,-1.9841,-0.18952,-5.9164,1.1752,0
1.3652,-1.5993,-0.17793,5.9167,1.1032,0
1.0803,-0.4964,-0.16378,4.3238,1.0745,0
0.60543,0.55522,-0.14447,-7.5093,1.6786,0
-0.34431,0.45262,-0.16378,-2.9581,0.77243,0
-0.7242,-0.18861,-0.21912,8.1923,1.5491,0
-0.62923,-0.0090658,-0.26031,1.3655,0.65736,0
-0.53425,0.78606,-0.27318,-7.9645,0.91626,0
-0.34431,1.0682,-0.23199,-0.22742,1.0026,0
0.60543,-0.13731,-0.17021,7.9647,0.45599,0
0.7004,-1.2915,-0.12645,-0.9101,1.4772,0
0.7004,-1.3172,-0.092987,-7.5093,0.62859,0
0.79538,-0.599,-0.053087,3.186,1.4341,0
0.7004,-0.4451,-0.031207,6.1442,1.2615,0
-0.059385,-0.086014,-0.022197,-4.5511,1.1608,0
-1.389,0.60652,-0.024771,-5.9164,1.5204,0
-1.484,0.96561,-0.032494,6.1442,0.58544,0
0.7004,1.2477,-0.077542,3.8687,1.2902,0
1.4602,1.4016,-0.10328,-7.5093,0.39846,0
0.60543,1.1708,-0.053087,-2.2755,0.80119,0
0.60543,0.78606,-0.0093262,8.1923,0.77243,0
0.79538,0.37567,0.039583,0.45525,0.34092,0
0.13056,0.27308,0.087205,-8.6471,1.0457,0
0.32051,0.96561,0.087205,0.91037,0.22586,0
-0.34431,1.7864,0.044732,7.7372,1.0313,0
-0.15436,1.7351,0.053741,-2.2755,0.44161,0
0.60543,1.4786,0.088493,-7.0542,0.64298,0
0.32051,1.2221,0.10522,5.0064,0.78681,0
-0.53425,0.78606,0.076909,5.234,-0.018661,0
-2.4337,0.58087,0.056315,-7.0542,0.70051,0
-2.9086,-0.11166,0.017703,-4.5511,-0.27756,0
-2.0538,-0.4964,-0.031207,7.0545,0.55667,0
-0.43928,-0.5477,-0.090413,2.9584,0.42722,0
0.32051,-0.41945,-0.065958,-6.8267,0.45599,0
0.79538,-0.26556,0.016416,-0.9101,1.132,0
-0.15436,-0.18861,0.012554,7.7372,0.34092,0
-1.0091,-0.7016,-0.014475,0.00013542,1.2471,0
-0.81917,-1.1889,0.031861,-8.6471,0.42722,0
-0.81917,-1.112,0.073047,3.4135,0.98818,0
-0.24933,-1.0607,0.042157,7.0545,1.2615,0
0.32051,-0.82984,-0.02992,-4.0959,1.1464,0
-0.53425,-0.4451,-0.086552,-5.6889,1.9231,0
0.035589,-0.21426,-0.12903,6.5994,0.75804,0
1.4602,-0.21426,-0.15734,4.7789,1.0889,0
1.4602,-0.4451,-0.12259,-7.2818,0.067639,0
0.22554,-0.599,0.0086931,-4.0959,-0.26318,0
0.22554,-1.0607,0.167,7.7372,-0.19126,0
0.51046,-1.3172,0.23779,1.5931,-0.92482,0
1.2702,-0.93244,0.21849,-7.7369,0.11079,0
0.7004,-1.3941,0.14384,0.91037,-0.4214,0
0.035589,-1.5224,0.061464,7.9647,0.44161,0
0.51046,-0.98374,0.033148,-2.0479,0.44161,0
0.32051,0.24743,-0.006752,-7.9645,0.010105,0
-0.059385,0.22178,-0.0016037,3.8687,0.48476,0
-0.15436,-0.29121,0.007406,6.8269,-0.69468,0
-1.579,-0.5477,0.012554,-4.3235,-0.19126,0
-1.389,-1.3172,0.043444,-6.144,-0.98235,0
0.32051,-1.2402,0.051167,6.5994,-0.80975,0
1.2702,-0.57335,0.0022576,3.8687,-0.55085,0
1.9351,0.17048,-0.04279,-7.0542,-1.0399,0
1.4602,0.27308,-0.053087,-2.503,-0.26318,0
0.32051,0.70911,-0.019623,8.1923,-1.3419,0
-0.24933,0.99126,0.0035447,0.45525,-0.78098,0
-1.1041,0.52957,-0.017049,-8.4196,-1.3851,0
-0.7242,0.016583,-0.049226,2.0482,-1.5865,0
-1.294,-0.18861,-0.019623,7.282,-1.1406,0
-1.389,-0.16296,0.074335,-4.5511,-1.8741,0
0.035589,0.042233,0.12839,-7.7369,-0.95358,0
0.7004,0.42697,0.08077,4.7789,-1.9317,0
-0.059385,0.99126,0.021564,4.0962,-1.6008,0
-0.62923,1.0682,0.030574,-7.0542,-1.9317,0
-0.15436,1.299,0.067899,-4.0959,-2.507,0
-0.53425,1.1452,0.039583,7.5096,-1.8597,0
-0.91415,1.0939,-0.0041778,2.2757,-2.7803,0
0.60543,1.0169,-0.02091,-8.6471,-1.8741,0
0.98533,0.76041,0.0035447,-1.3652,-2.4782,0
0.035589,0.14483,0.012554,7.0545,-2.5214,0
-0.53425,-0.34251,-0.00031657,-0.45498,-2.3344,0
-0.7242,-0.5477,-0.006752,-8.6471,-3.2118,0
-0.81917,-0.6503,-0.0119,1.5931,-2.3775,0
-0.34431,-0.6503,-0.035068,7.0545,-3.8446,0
0.51046,-0.36816,-0.046652,-4.0959,-4.3049,0
0.79538,-0.4451,-0.063384,-6.3715,-5.283,0
1.2702,-0.5477,-0.10328,5.6891,-4.7652,0
1.0803,-0.13731,-0.10328,4.3238,-1.3707,0
-0.34431,0.35002,-0.11229,-6.3715,1.621,0
-1.1991,-0.086014,-0.13932,-3.8684,5.4183,0
-1.484,-0.26556,-0.18437,8.1923,5.5909,0
-1.7689,-0.7016,-0.19982,0.68281,3.9368,0
-1.9589,-0.7016,-0.17536,-8.4196,0.038872,0
-1.294,-0.36816,-0.15863,0.45525,-5.096,0
-1.8639,-0.47075,-0.17793,7.5096,-7.8432,0
-0.81917,-0.62465,-0.15219,-1.5928,-10.13,0
0.98533,-0.36816,-0.10457,-7.2818,-8.4905,0
0.60543,0.27308,-0.067245,3.8687,-6.8795,0
-0.34431,0.50392,-0.044078,6.3718,-4.7364,0
-0.15436,0.37567,-0.02091,-5.9164,-2.7947,0
0.32051,0.016583,-0.023484,-5.0062,-2.7947,0
-0.91415,0.042233,-0.038929,7.5096,-1.7303,0
-1.7689,0.19613,0.00097052,2.9584,-2.2337,0
-1.6739,0.93996,0.0086931,-7.9645,-1.0111,0
-1.389,0.60652,0.012554,-2.9581,-0.033045,0
-1.484,0.32437,0.0086931,7.7372,0.87311,0
-1.1041,0.016583,0.0099801,0.45525,2.3978,0
0.13056,-0.62465,0.034435,-7.9645,1.8224,0
1.2702,-0.88114,0.046019,0.45525,2.4841,0
0.60543,-1.4711,0.00097052,7.0545,1.506,0
0.035589,-1.5737,-0.045365,-2.503,1.7649,0
0.13056,-1.4198,-0.055661,-7.9645,2.1964,0
0.13056,-1.0863,-0.078829,3.186,2.2827,0
0.51046,-0.72725,-0.10972,4.7789,3.606,0
0.79538,0.067882,-0.15605,-6.8267,3.0738,0
0.32051,0.81171,-0.18952,-4.7786,3.8505,0
-0.15436,1.2477,-0.12645,6.3718,2.9587,0
-0.62923,1.1452,0.043444,2.5033,2.4409,0
-0.15436,0.067882,0.16443,-7.5093,2.369,0
0.13056,-0.72725,0.18116,-1.5928,1.3478,0
-0.059385,-0.4964,0.098789,8.4198,2.3978,0
-0.059385,-0.72725,0.037009,-0.9101,1.9231,0
-0.059385,-0.90679,0.061464,-8.192,2.7861,0
0.51046,-0.0090658,0.12067,2.0482,2.6854,0
0.7004,1.4016,0.17215,6.8269,1.9806,0
0.89035,1.4273,0.15671,-3.1857,2.1532,0
-0.059385,0.86301,0.13097,-6.3715,0.68613,0
-1.579,0.91431,0.14255,5.4616,1.3046,0
-1.1991,0.50392,0.16186,5.4616,0.75804,0
0.32051,0.22178,0.18374,-7.0542,1.0601,0
0.60543,0.22178,0.16829,-2.503,1.5779,0
-0.62923,0.22178,0.16057,7.282,0.82996,0
-0.43928,0.35002,0.18116,2.0482,1.3909,0
0.41548,0.60652,0.17859,-7.7369,-0.033045,0
0.41548,0.88866,0.15542,1.1379,0.15394,0
-0.15436,0.76041,0.17473,8.1923,-0.37825,0
0.89035,0.40132,0.1773,-1.3652,-0.72345,0
1.3652,0.042233,0.15156,-7.7369,0.024489,0
0.79538,0.093531,0.11423,3.6411,-0.8529,0
0.22554,-0.11166,0.10008,7.282,-0.090578,0
0.32051,0.067882,0.08978,-5.0062,-1.0543,0
0.79538,0.19613,0.035722,-6.3715,-1.0111,0
0.51046,-0.034715,0.024138,5.6891,-1.2269,0
-0.34431,-0.16296,0.026712,4.5513,-1.8597,0
-0.7242,0.042233,0.055028,-6.8267,-1.0974,0
-0.81917,0.016583,0.079483,-5.0062,-1.8597,0
0.22554,0.22178,0.088493,7.5096,-0.96797,0
1.6501,0.29873,0.083344,0.91037,-1.4858,0
1.5552,0.45262,0.051167,-7.7369,-1.3995,0
1.1753,0.58087,0.034435,-0.45498,-1.1837,0
0.7004,0.55522,0.055028,7.5096,-1.7159,0
0.89035,0.37567,0.11552,-2.2755,-0.82413,0
0.41548,0.042233,0.14641,-7.5093,-1.5577,0
-0.24933,0.067882,0.12968,4.0962,-0.78098,0
-0.53425,0.17048,0.11938,5.9167,-1.083,0
-0.24933,-0.060364,0.11166,-5.4613,-1.2269,0
0.89035,-0.16296,0.076909,-5.9164,-0.75222,0
2.125,-0.16296,0.012554,5.234,-1.5002,0
1.9351,-0.21426,-0.044078,3.8687,-0.65153,0
0.89035,0.27308,-0.11487,-7.9645,-1.3419,0
0.79538,0.50392,-0.1715,-3.4133,-0.83852,0
0.32051,0.68346,-0.20625,7.5096,-0.69468,0
-0.43928,0.60652,-0.22298,1.5931,-1.0111,0
-0.43928,0.58087,-0.18823,-7.9645,-0.2488,0
-0.7242,0.17048,-0.078829,0.45525,-1.0543,0
-0.7242,-0.13731,-0.024771,7.5096,-0.17688,0
-0.15436,-0.4964,-0.035068,-2.503,-0.62276,0
0.51046,-0.5477,-0.046652,-7.0542,-0.30633,0
0.79538,-0.599,-0.0518,3.8687,0.15394,0
0.13056,-0.599,-0.077542,6.1442,-0.37825,0
0.13056,-0.16296,-0.10843,-5.4613,0.65736,0
0.32051,0.093531,-0.096848,-5.6889,-0.033045,0
-0.62923,-0.23991,-0.0518,6.1442,0.71489,0
-1.9589,-0.80419,-0.023484,3.8687,0.59983,0
-1.6739,-0.98374,0.0061189,-7.2818,0.47037,0
-1.6739,-0.57335,0.026712,-1.5928,1.3046,0
-1.8639,-0.31686,0.04087,7.9647,0.65736,0
-2.5287,-0.18861,0.011267,0.45525,1.9375,0
-2.5287,-0.18861,-0.06081,-8.4196,1.4916,0
-0.91415,-0.47075,-0.11229,1.1379,2.369,0
0.41548,-0.5477,-0.10714,7.282,2.7861,0
1.1753,-0.36816,-0.086552,-3.4133,2.182,0
2.125,-0.23991,-0.089126,-6.8267,2.2539,0
1.8401,-0.18861,-0.12516,4.0962,0.082022,0
1.1753,-0.13731,-0.11358,4.5513,-0.29195,0
0.32051,0.016583,-0.062097,-6.8267,-1.4139,0
-0.15436,0.19613,-0.040216,-4.3235,-1.4714,0
-0.81917,-0.0090658,-0.04279,7.0545,-0.6803,0
-0.7242,-0.4451,0.011267,1.3655,-0.96797,0
-0.62923,-0.5477,0.10008,-8.192,-0.047428,0
-0.24933,-0.18861,0.14384,0.2277,-1.3276,0
0.60543,0.35002,0.1181,7.0545,-1.5721,0
0.79538,0.093531,0.11295,-2.9581,-2.1186,0
0.13056,-0.34251,0.16186,-7.7369,-2.4207,0
0.035589,-0.36816,0.20047,3.4135,-1.4139,0
0.51046,0.016583,0.24166,5.234,-1.8166,0
0.89035,0.14483,0.25324,-5.9164,-0.69468,0
1.7451,0.27308,0.26997,-5.2337,-1.2844,0
2.4099,0.27308,0.26482,6.1442,-0.95358,0
0.79538,0.24743,0.21334,3.6411,-0.65153,0
0.035589,0.22178,0.18502,-7.2818,-1.0687,0
-0.24933,0.42697,0.20176,-1.3652,-0.19126,0
-0.91415,0.093531,0.23908,7.9647,-0.96797,0
0.79538,-0.086014,0.27512,1.1379,-0.018661,0
2.03,0.24743,0.24938,-7.5093,-0.061812,0
2.6949,0.52957,0.19275,2.2757,0.18271,0
0.89035,0.60652,0.15285,6.8269,0.84434,0
-0.53425,0.63217,0.16572,-4.3235,-0.018661,0
-1.294,0.58087,0.18116,-5.9164,0.74366,0
-0.15436,0.81171,0.16958,5.4616,-0.4214,0
1.6501,0.73476,0.158,4.5513,-0.26318,0
2.03,0.65782,0.15671,-7.0542,-0.39263,0
2.03,0.81171,0.13097,-2.9581,-0.78098,0
1.0803,0.73476,0.070473,8.4198,0.16832,0
0.60543,0.37567,0.026712,1.1379,-0.49331,0
-0.53425,0.27308,0.024138,-7.7369,0.51352,0
-0.7242,0.50392,0.038296,0.68281,0.18271,0
-0.24933,0.32437,0.022851,7.5096,0.25462,0
0.41548,-0.034715,-0.013187,-2.0479,0.71489,0
0.22554,-0.41945,-0.015762,-7.2818,0.082022,0
-0.7242,-0.31686,-0.013187,4.5513,1.132,0
-0.81917,-0.47075,-0.045365,5.4616,0.35531,0
0.60543,-1.0094,-0.04279,-6.5991,0.97379,0
1.5552,-1.112,-0.013187,-5.2337,0.85873,0
1.1753,-1.035,0.066612,7.282,0.42722,0
0.7004,-1.2402,0.13869,3.4135,1.2615,0
0.13056,-1.112,0.15928,-7.0542,0.49914,0
0.7004,-0.57335,0.20433,-3.1857,1.5779,0
0.79538,-0.0090658,0.31245,7.282,1.0457,0
0.7004,0.14483,0.35235,1.5931,1.4628,0
0.13056,-0.060364,0.3266,-8.6471,1.8656,0
-1.579,-0.11166,0.31631,0.45525,1.5923,0
-1.1991,0.29873,0.36393,7.0545,2.6998,0
0.22554,0.55522,0.39096,-2.503,2.2683,0
0.60543,0.60652,0.40383,-7.7369,3.419,0
1.1753,0.65782,0.40383,4.0962,3.3902,0
1.8401,0.63217,0.39225,5.4616,3.6635,0
1.7451,0.60652,0.41927,-5.4613,4.397,0
0.89035,0.37567,0.48363,-5.0062,4.0087,0
0.60543,0.19613,0.48105,7.282,5.1018,0
-0.34431,0.45262,0.42056,3.186,4.4402,0
-0.62923,0.55522,0.3665,-7.2818,4.7854,0
-0.81917,0.65782,0.297,-2.0479,4.4977,0
-0.059385,0.11918,0.26997,7.282,3.7066,0
1.6501,-0.34251,0.28413,0.00013542,4.2244,0
1.7451,-0.82984,0.26225,-8.192,3.1025,0
0.7004,-0.52205,0.23265,1.1379,3.7929,0
-0.62923,-1.0094,0.23007,6.8269,3.1745,0
-0.43928,-1.112,0.24423,-2.0479,3.419,0
1.2702,-0.75289,0.20948,-7.5093,3.9799,0
1.1753,-0.90679,0.14899,3.6411,3.4334,0
0.035589,-0.72725,0.13225,6.1442,4.1381,0
-0.15436,-0.57335,0.098789,-5.0062,2.5704,0
0.13056,-0.75289,0.10265,-3.8684,2.1532,0
-0.7242,-0.47075,0.12196,7.0545,1.0745,0
-1.0091,0.14483,0.060177,3.4135,-0.033045,0
1.1753,0.29873,0.013841,-7.2818,0.28339,0
1.7451,-0.26556,0.056315,-1.5928,-0.89605,0
0.22554,-0.47075,0.12968,7.7372,-0.13373,0
0.32051,-0.36816,0.15027,-0.45498,-0.98235,0
1.3652,-0.95809,0.083344,-7.7369,-0.92482,0
0.79538,-1.5993,0.007406,1.8206,-0.99673,0
0.22554,-1.3172,0.016416,6.8269,-1.8741,0
0.13056,-1.0094,0.046019,-3.6408,-1.3995,0
-0.81917,-1.2659,0.056315,-6.5991,-2.7084,0
-1.1041,-0.93244,-0.0080391,4.3238,-2.4207,0
0.60543,-1.112,-0.038929,5.0064,-3.0679,0
0.7004,-1.3685,-0.037642,-6.3715,-3.6289,0
-1.389,-0.7016,-0.033781,-4.5511,-3.1542,0
-1.484,-0.52205,-0.0054649,6.8269,-4.1467,0
-0.43928,-0.086014,0.051167,1.5931,-3.2549,0
0.13056,0.58087,0.11938,-8.192,-3.8303,0
-0.43928,0.52957,0.12196,-1.3652,-3.4707,0
-0.53425,0.78606,0.082057,7.282,-3.1111,0
-0.62923,1.4786,0.022851,-1.3652,-3.557,0
-1.484,1.9916,0.0061189,-7.7369,-2.5645,0
-2.3388,2.4276,0.020277,2.9584,-3.3268,0
-0.81917,2.6328,0.038296,6.8269,-2.2625,0
0.7004,2.4533,0.015128,-3.6408,-2.3775,0
1.0803,2.2737,-0.047939,-6.8267,-1.946,0
0.79538,1.7094,-0.037642,4.7789,-1.0399,0
1.3652,1.6838,0.01899,4.3238,-1.3563,0
0.32051,1.0682,0.056315,-7.2818,0.038872,0
-1.1041,0.19613,0.05889,-3.8684,-0.20565,0
-1.0091,0.067882,0.038296,7.282,0.78681,0
-0.43928,-0.0090658,-0.0028907,1.5931,1.1176,0
0.035589,-0.16296,-0.024771,-8.192,1.0026,0
-0.43928,0.016583,-0.04279,-0.22742,1.9519,0
-0.15436,0.14483,-0.074968,8.1923,1.2902,0
0.035589,0.24743,-0.12645,-1.5928,2.2827,0
0.51046,-0.0090658,-0.17279,-7.7369,1.7361,0
1.6501,-0.086014,-0.19982,4.5513,1.9231,0
1.6501,-0.21426,-0.20496,7.0545,2.4553,0
1.2702,-0.18861,-0.19853,-4.5511,1.9519,0
0.41548,-0.18861,-0.19982,-5.2337,3.1745,0
-0.91415,-0.23991,-0.24229,6.5994,2.5704,0
-1.7689,-0.41945,-0.23457,3.6411,3.232,0
-1.7689,-0.29121,-0.17536,-7.9645,2.9875,0
-1.0091,-0.4964,-0.14447,-2.503,2.2971,0
-0.53425,-0.85549,-0.1715,7.7372,2.5128,0
-0.34431,-0.47075,-0.20239,1.3655,1.3478,0
0.89035,-0.0090658,-0.22556,-7.7369,2.2539,0
2.315,-0.060364,-0.23457,0.45525,1.7936,0
2.9798,-0.13731,-0.22556,7.282,2.2108,0
2.125,-0.21426,-0.22041,-3.1857,2.5416,0
1.1753,-0.47075,-0.18051,-7.7369,1.8656,0
0.60543,-0.80419,-0.11229,4.5513,2.5272,0
0.035589,-1.0607,-0.059523,4.7789,1.3909,0
0.32051,-1.2402,-0.073681,-7.2818,1.9375,0
-0.059385,-1.112,-0.098135,-5.0062,1.6498,0
-0.24933,-1.0094,-0.11229,6.5994,1.3046,0
-1.579,-0.75289,-0.14962,2.7309,1.7936,0
-1.6739,-0.16296,-0.18051,-7.5093,0.75804,0
-0.15436,-0.11166,-0.18051,-1.8203,1.4484,0
0.60543,-0.6503,-0.13031,7.7372,0.59983,0
-0.53425,-0.90679,-0.11487,-0.22742,0.90188,0
-0.81917,-0.26556,-0.15992,-8.4196,0.90188,0
0.60543,0.093531,-0.18694,2.2757,0.42722,0
1.2702,0.19613,-0.19724,6.5994,1.319,0
1.2702,-0.060364,-0.18694,-5.0062,0.77243,0
1.1753,-0.4451,-0.16506,-6.3715,1.8656,0
1.6501,-1.0607,-0.17021,5.9167,1.6354,0
0.7004,-1.3685,-0.18437,4.3238,1.6786,0
0.035589,-1.1633,-0.15863,-6.8267,2.2539,0
0.22554,-1.035,-0.11873,-3.8684,1.7505,0
-0.53425,-1.0094,-0.10843,7.282,2.9587,0
-0.34431,-1.2146,-0.11229,1.5931,2.5704,0
0.13056,-1.112,-0.12388,-8.192,3.2608,0
-0.24933,-0.80419,-0.13417,0.00013542,3.1313,0
-0.62923,-0.599,-0.14833,7.7372,2.3115,0
-0.34431,-0.36816,-0.19081,-2.0479,2.4553,0
0.79538,-0.4964,-0.19209,-7.2818,1.1032,0
0.89035,-0.57335,-0.13804,3.6411,1.9375,0
1.1753,-0.36816,-0.1419,6.3718,1.4916,0
0.79538,0.24743,-0.19853,-4.7786,1.9231,0
-0.15436,0.55522,-0.2513,-5.0062,1.808,0
-0.62923,0.58087,-0.25259,7.5096,0.32654,0
0.32051,0.83736,-0.23843,3.8687,-0.076195,0
0.22554,1.2734,-0.23843,-7.2818,-1.9317,0
-0.24933,1.376,-0.22556,-2.503,-1.5577,0
-0.43928,1.4016,-0.1818,7.0545,-1.5721,0
-1.0091,0.73476,-0.12645,0.68281,-0.66591,0
-1.484,0.27308,-0.086552,-7.9645,0.77243,0
0.41548,0.45262,-0.062097,1.5931,0.85873,0
2.315,0.81171,-0.076255,8.1923,2.0525,0
2.03,1.0169,-0.053087,-2.7306,1.0745,0
0.7004,1.299,-0.036355,-7.7369,1.3621,0
0.60543,1.6581,-0.045365,3.6411,1.319,0
0.79538,1.5812,-0.072394,5.9167,1.3765,0
-0.15436,0.99126,-0.073681,-5.9164,2.4553,0
-0.43928,0.68346,-0.015762,-5.4613,1.8512,0
-0.15436,-0.18861,0.033148,7.0545,2.8436,0
0.60543,-0.5477,0.04988,2.2757,2.4553,0
0.035589,-0.34251,0.011267,-8.192,2.8005,0
-1.1991,0.50392,-0.026058,-1.5928,3.0594,0
-0.81917,0.91431,-0.037642,7.7372,2.3546,0
-0.81917,0.99126,-0.046652,-1.1377,3.3614,0
-1.1991,0.78606,-0.096848,-8.6471,2.8724,0
-1.294,0.19613,-0.17407,1.5931,3.9799,0
-0.43928,-0.11166,-0.19595,7.282,3.9512,0
0.41548,0.093531,-0.19853,-2.7306,3.6491,0
0.79538,0.45262,-0.21011,-6.3715,3.8361,0
0.7004,0.76041,-0.21397,4.5513,2.6567,0
1.3652,0.76041,-0.21397,5.6891,3.4621,0
1.6501,0.58087,-0.21655,-5.4613,2.4841,0
0.51046,0.40132,-0.21783,-5.2337,2.9731,0
0.60543,0.45262,-0.19338,7.282,2.9587,0
1.3652,0.37567,-0.17922,3.6411,2.4697,0
1.1753,0.016583,-0.16378,-7.0542,3.0019,0
0.79538,-0.16296,-0.14447,-1.5928,1.7505,0
0.79538,0.042233,-0.13804,8.6474,2.3402,0
0.22554,0.11918,-0.1316,0.68281,1.621,0
-0.34431,-0.034715,-0.12002,-7.7369,1.7793,0
-0.53425,0.042233,-0.0917,1.5931,2.0813,0
0.13056,-0.13731,-0.055661,6.3718,1.4197,0
1.4602,-0.4451,-0.047939,-5.0062,2.1388,0
0.51046,-0.57335,-0.085264,-6.5991,1.0601,0
0.22554,-0.599,-0.14447,5.9167,1.5635,0
0.60543,-0.599,-0.18051,5.4616,1.2471,0
0.89035,-0.13731,-0.16893,-6.3715,1.2471,0
0.51046,-0.086014,-0.11229,-4.0959,2.0382,0
-0.059385,0.52957,-0.069819,8.4198,1.319,0
0.22554,0.91431,-0.089126,2.2757,2.1245,0
0.13056,1.0682,-0.083977,-8.8747,0.94503,0
0.035589,1.5555,-0.085264,-0.68254,1.1608,0
-0.24933,2.0429,-0.11487,7.7372,1.2327,0
0.7004,1.9916,-0.16506,-1.5928,1.1608,0
0.41548,1.9146,-0.21526,-7.7369,2.3978,0
-0.34431,2.1455,-0.27704,2.2757,1.7073,0
-0.15436,2.0429,-0.27189,5.9167,2.4265,0
0.51046,2.0942,-0.23843,-5.2337,1.4628,0
0.32051,1.9916,-0.2217,-6.5991,1.0026,0
0.13056,1.889,-0.1818,5.4616,1.0601,0
0.035589,2.0685,-0.13675,4.0962,0.52791,0
0.13056,2.1968,-0.12903,-7.5093,1.9087,0
-0.24933,2.0685,-0.12002,-4.5511,1.6354,0
-1.1041,2.0942,-0.10328,8.6474,2.5128,0
-0.53425,1.7607,-0.094274,2.2757,2.5272,0
0.41548,1.4786,-0.092987,-7.9645,2.2971,0
0.32051,1.2221,-0.080116,-0.22742,2.9012,0
-0.24933,0.99126,-0.072394,6.8269,2.0238,0
-0.62923,0.73476,-0.098135,-2.503,2.8724,0
-0.15436,0.55522,-0.1213,-7.5093,2.2108,0
0.51046,0.37567,-0.1316,3.6411,2.6279,0
0.41548,0.016583,-0.099422,6.1442,3.1313,0
-0.15436,-0.16296,-0.065958,-4.7786,2.8293,0
-0.7242,-0.26556,-0.053087,-5.0062,3.8505,0
-1.1991,-0.67595,-0.0518,5.9167,2.8293,0
-1.294,-0.93244,-0.062097,3.186,3.3902,0
-0.81917,-0.77854,-0.068532,-7.0542,2.7142,0
-0.7242,-0.88114,-0.10972,-2.9581,2.5128,0
-0.53425,-1.2402,-0.11615,8.6474,3.2176,0
-0.7242,-1.1376,-0.10071,1.8206,2.7286,0
-0.34431,-1.112,-0.081403,-7.7369,3.9943,0
-0.24933,-1.2659,-0.073681,0.91037,3.1745,0
0.035589,-1.3941,-0.073681,6.8269,3.3902,0
0.41548,-1.1889,-0.047939,-2.9581,2.9587,0
1.2702,-1.4967,-0.022197,-7.0542,2.3834,0
0.60543,-1.7532,0.011267,4.3238,3.0594,0
0.60543,-1.5737,0.04988,6.5994,2.2971,0
1.6501,-1.4454,0.056315,-6.144,3.3471,0
1.7451,-1.6506,0.056315,-5.4613,2.6998,0
0.22554,-1.5224,0.076909,7.282,2.5128,0
-1.579,-1.4967,0.08978,3.6411,2.0957,0
-1.484,-1.1633,0.056315,-8.192,1.0026,0
-1.0091,-1.0607,0.012554,-1.8203,1.6642,0
-0.62923,-0.80419,-0.0054649,7.9647,0.84434,0
-0.15436,-0.88114,0.024138,0.00013542,1.808,0
0.41548,-1.4711,0.021564,-7.7369,1.5491,0
0.89035,-1.7789,-0.019623,2.2757,1.5347,0
1.4602,-1.1376,-0.018336,6.8269,1.621,0
1.7451,-0.88114,0.035722,-3.6408,0.22586,0
1.7451,-0.93244,0.12067,-6.5991,0.72928,0
1.6501,-0.95809,0.15027,4.0962,-0.10496,0
0.89035,-1.0607,0.12324,4.5513,0.71489,0
-0.62923,-0.98374,0.087205,-7.2818,0.94503,0
-1.1041,-1.1889,0.085918,-4.5511,0.48476,0
-0.059385,-1.3685,0.065325,6.8269,0.88749,0
-0.91415,-1.1889,0.034435,1.1379,-0.37825,0
-1.294,-0.88114,0.065325,-8.4196,0.22586,0
-1.1041,-1.0607,0.14384,0.00013542,-0.22003,0
-1.0091,-0.85549,0.17215,6.8269,0.067639,0
-1.389,-0.67595,0.167,-2.503,0.57106,0
-0.81917,-0.85549,0.16057,-7.0542,-0.32071,0
-0.34431,-0.75289,0.15413,3.8687,0.11079,0
1.2702,-0.086014,0.14255,5.6891,-1.3851,0
3.0747,0.14483,0.1477,-5.9164,-1.0543,0
2.9798,-0.034715,0.167,-5.0062,-1.2988,0
1.9351,0.29873,0.16314,7.282,-1.1262,0
1.7451,0.55522,0.15542,3.186,-0.004278,0
0.7004,0.14483,0.16829,-7.5093,-0.46455,0
-0.34431,-0.13731,0.18631,-0.22742,0.24024,0
-0.24933,0.042233,0.19532,8.1923,-1.0543,0
0.22554,0.17048,0.16186,-0.45498,-1.1693,0
-0.43928,-0.26556,0.1181,-8.192,-1.1406,0
-0.81917,-0.4964,0.085918,2.5033,-1.0687,0
-0.7242,-0.36816,0.075622,6.5994,0.47037,0
-1.294,-0.26556,0.098789,-3.8684,0.13956,0
-1.389,-0.41945,0.15928,-6.3715,0.85873,0
-0.62923,-0.5477,0.20948,6.1442,-0.26318,0
0.60543,-0.62465,0.18245,4.3238,-0.9392,0
0.7004,-0.57335,0.091067,-7.5093,-0.95358,0
0.60543,-0.57335,-0.0041778,-3.8684,-1.7447,0
-0.34431,-0.599,-0.041503,6.5994,-0.66591,0
-0.53425,-0.5477,-0.049226,1.8206,-1.2125,0
-0.62923,-0.57335,-0.0028907,-7.9645,-0.23441,0
-0.62923,-0.36816,0.043444,-0.22742,-0.32071,0
0.60543,-0.4964,0.043444,7.7372,-0.91043,0
1.8401,-0.5477,0.035722,-1.5928,-0.6803,0
0.32051,-0.36816,0.026712,-7.5093,-1.9748,0
-0.62923,-0.0090658,0.033148,2.2757,-1.457,0
0.51046,0.17048,0.04087,6.1442,-2.1043,0
0.98533,0.016583,0.026712,-5.4613,-1.8597,0
-0.15436,-0.36816,0.037009,-5.9164,-1.4426,0
-0.15436,-0.26556,0.0086931,6.3718,-2.0036,0
-0.24933,-0.4964,-0.073681,3.8687,-1.1981,0
-1.1041,-0.57335,-0.10843,-7.0542,-2.2193,0
-0.91415,-0.34251,-0.099422,-2.9581,-2.018,0
-0.62923,-0.21426,-0.036355,7.5096,-2.3775,0
-0.7242,-0.21426,0.0086931,0.00013542,-2.4926,0
-0.24933,-0.18861,0.013841,-7.7369,-1.5002,0
0.89035,0.067882,0.00097052,0.68281,-2.0899,0
2.03,-0.034715,-0.022197,6.8269,-0.9392,0
1.8401,0.11918,-0.050513,-2.503,-1.6152,0
1.0803,0.60652,-0.053087,-7.2818,-1.2269,0
0.98533,0.45262,-0.0054649,3.4135,-1.2988,0
0.79538,-0.18861,0.079483,6.3718,-2.0899,0
0.41548,-0.26556,0.12196,-4.5511,-1.5002,0
-0.7242,0.22178,0.13225,-5.4613,-2.5501,0
-2.1488,0.32437,0.13611,7.0545,-1.9173,0
-2.4337,0.17048,0.12324,4.7789,-2.4782,0
-0.91415,0.17048,0.1078,-7.2818,-2.694,0
-0.059385,0.19613,0.13097,-4.0959,-2.3056,0
-0.53425,0.45262,0.11166,7.282,-3.1542,0
-0.15436,0.78606,0.061464,2.2757,-2.3632,0
0.98533,0.93996,0.011267,-7.9645,-3.4275,0
1.5552,1.4786,-0.015762,-0.68254,-3.1686,0
0.32051,1.5042,-0.018336,9.1025,-3.2549,0
-0.53425,1.6838,-0.035068,-0.68254,-3.6145,0
1.1753,1.0939,-0.02091,-7.5093,-2.7803,0
1.7451,0.47827,0.024138,3.6411,-3.6001,0
0.13056,0.24743,0.078196,6.8269,-2.809,0
0.035589,0.42697,0.10651,-4.7786,-3.4851,0
0.51046,0.55522,0.10265,-6.5991,-3.6577,0
0.7004,0.35002,0.097502,4.5513,-3.3412,0
0.41548,0.016583,0.1181,4.3238,-3.9166,0
0.13056,-0.16296,0.11681,-5.9164,-2.809,0
0.51046,-0.41945,0.10394,-4.5511,-3.5282,0
0.32051,-0.52205,0.11037,7.282,-3.1542,0
-0.34431,-0.34251,0.14641,2.5033,-3.4563,0
-0.15436,-0.47075,0.167,-8.6471,-3.7871,0
0.79538,-0.80419,0.17344,-1.1377,-2.7515,0
1.4602,-0.72725,0.1876,7.5096,-3.1255,0
0.51046,-1.112,0.16186,-1.3652,-1.9029,0
0.035589,-1.548,0.11681,-8.4196,-2.4351,0
0.89035,-1.5737,0.098789,3.186,-2.2049,0
1.4602,-0.95809,0.055028,5.9167,-1.9029,0
1.3652,-0.62465,0.026712,-4.5511,-2.6364,0
0.51046,-0.599,0.035722,-7.2818,-1.8166,0
-0.43928,-0.85549,0.035722,3.8687,-2.6796,0
-1.1041,-0.95809,0.01899,5.4616,-1.7303,0
-0.53425,-0.75289,0.022851,-6.144,-1.5002,0
0.98533,-0.41945,0.016416,-4.3235,-1.5002,0
1.1753,-0.21426,-0.014475,7.0545,-0.98235,0
0.89035,-0.16296,-0.036355,2.0482,-1.9748,0
0.41548,0.29873,-0.026058,-8.4196,-1.2988,0
-0.24933,1.0169,-0.00031657,-0.9101,-1.644,0
0.22554,1.4529,0.0035447,8.1923,-0.82413,0
1.2702,1.4529,-0.027345,-1.1377,-0.22003,0
0.32051,1.4529,-0.054374,-7.2818,-0.2488,0
-0.62923,1.6838,-0.056948,3.4135,0.98818,0
-0.15436,1.5555,-0.077542,7.5096,0.082022,0
-0.91415,1.1965,-0.085264,-5.0062,0.51352,0
-1.484,0.81171,-0.065958,-7.0542,-0.13373,0
-0.62923,0.60652,-0.072394,6.5994,-0.061812,0
0.13056,0.58087,-0.081403,4.5513,0.74366,0
0.60543,0.37567,-0.054374,-7.2818,0.41284,0
1.8401,0.22178,-0.035068,-2.7306,1.4628,0
1.7451,0.17048,-0.068532,8.1923,0.58544,0
0.7004,-0.0090658,-0.08269,0.91037,1.0313,0
-0.24933,-0.16296,-0.041503,-7.5093,0.77243,0
-0.34431,-0.13731,-0.031207,0.68281,0.34092,0
0.035589,-0.18861,-0.044078,7.5096,0.95941,0
1.1753,-0.21426,-0.059523,-3.1857,0.096406,0
0.7004,-0.62465,-0.092987,-7.2818,1.132,0
-0.53425,-0.7016,-0.1213,4.7789,0.54229,0
-1.0091,-0.41945,-0.10586,4.5513,0.62859,0
0.32051,-0.5477,-0.098135,-6.5991,0.65736,0
0.79538,-1.0607,-0.10457,-5.0062,-0.10496,0
0.79538,-0.6503,-0.063384,7.0545,0.58544,0
0.51046,-0.77854,-0.017049,2.5033,-0.22003,0
-0.53425,-0.95809,0.0035447,-8.192,0.72928,0
-0.24933,-0.57335,0.01899,-0.45498,0.71489,0
0.51046,-0.4451,0.066612,6.8269,0.62859,0
1.7451,-0.29121,0.10651,-0.45498,1.1608,0
2.22,0.24743,0.083344,-7.9645,0.21147,0
0.89035,0.27308,0.047306,2.7309,0.82996,0
-0.62923,0.45262,0.084631,6.3718,-0.30633,0
-0.81917,0.60652,0.12968,-5.0062,0.11079,0
0.32051,0.55522,0.14899,-7.0542,0.12517,0
0.7004,0.35002,0.12196,6.1442,-0.047428,0
0.51046,-0.0090658,0.11166,4.3238,0.85873,0
0.7004,-0.18861,0.11295,-7.0542,0.12517,0
1.3652,0.042233,0.15027,-5.2337,1.2615,0
1.6501,0.40132,0.19275,7.0545,0.45599,0
1.1753,0.52957,0.21334,2.5033,0.34092,0
0.89035,0.37567,0.2172,-7.7369,-0.033045,0
0.7004,0.27308,0.21591,-1.3652,-1.0543,0
1.3652,0.22178,0.21978,6.8269,-0.32071,0
1.4602,0.19613,0.2172,0.00013542,-0.83852,0
0.7004,0.24743,0.22106,-8.192,0.42722,0
0.22554,0.14483,0.22106,2.2757,0.31216,0
0.60543,0.22178,0.21849,7.5096,0.12517,0
0.41548,0.14483,0.21849,-2.7306,0.024489,0
-0.34431,0.17048,0.21849,-6.5991,-1.2413,0
-0.7242,0.22178,0.21849,5.4616,-0.6803,0
0.13056,0.14483,0.21591,5.9167,-1.4426,0
0.79538,0.17048,0.22106,-6.144,-0.45016,0
-0.15436,0.14483,0.21849,-4.0959,-0.23441,0
-0.24933,0.17048,0.21591,7.7372,-0.45016,0
0.035589,0.22178,0.21463,3.4135,-0.090578,0
-0.53425,0.22178,0.074335,-6.5991,-1.2988,0
-0.7242,0.22178,-0.041503,-1.5928,-0.66591,0
-0.7242,0.40132,-0.068532,7.9647,-1.3995,0
-0.24933,0.58087,-0.076255,-0.22742,-0.96797,0
-0.059385,0.37567,-0.083977,-7.0542,-0.73783,0
-0.059385,0.016583,-0.077542,2.2757,-1.0687,0
0.51046,-0.18861,-0.037642,7.282,0.082022,0
0.7004,-0.36816,0.044732,-4.5511,-0.4214,0
-0.059385,-0.57335,0.11552,-7.2818,0.42722,0
-1.1041,-0.62465,0.16186,5.9167,-0.033045,0
-0.7242,-1.2915,0.18502,4.0962,-0.34948,0
-0.24933,-1.548,0.158,-7.7369,0.067639,0
0.13056,-1.2659,0.10394,-4.3235,-0.594,0
0.035589,-0.599,0.047306,6.3718,0.58544,0
-0.059385,-0.060364,-0.006752,1.3655,0.067639,0
-0.34431,0.37567,-0.023484,-8.192,0.57106,0
-0.81917,0.35002,-0.031207,-0.68254,0.21147,0
-0.62923,-0.0090658,-0.031207,7.7372,-0.40701,0
0.035589,0.067882,-0.0080391,-2.2755,0.32654,0
0.60543,0.68346,0.013841,-7.9645,-0.36386,0
-0.62923,0.68346,0.0035447,3.8687,0.87311,0
-0.43928,0.45262,-0.040216,6.3718,0.35531,0
1.1753,0.50392,-0.038929,-5.4613,0.45599,0
1.6501,0.86301,-0.019623,-5.2337,0.58544,0
1.3652,0.50392,-0.0028907,6.8269,0.024489,0
0.41548,0.27308,0.0061189,3.4135,1.0889,0
0.7004,0.24743,0.01899,-7.5093,0.28339,0
0.79538,0.37567,0.0035447,-1.8203,0.91626,0
0.41548,0.83736,-0.038929,8.1923,0.44161,0
-0.24933,0.78606,-0.076255,1.1379,0.13956,0
-0.53425,0.68346,-0.090413,-7.5093,0.61421,0
0.7004,0.58087,-0.092987,1.8206,-0.29195,0
2.4099,0.60652,-0.092987,7.7372,0.32654,0
1.0803,0.32437,-0.12903,-2.503,-0.79537,0
-1.579,0.27308,-0.12259,-7.2818,-0.076195,0
-2.1488,0.19613,-0.055661,5.234,0.082022,0
-0.81917,0.22178,-0.046652,5.0064,-0.061812,0
0.51046,0.22178,-0.098135,-6.8267,0.42722,0
0.79538,0.68346,-0.12002,-5.4613,-0.98235,0
0.98533,0.93996,-0.089126,7.282,-0.63715,0
0.79538,1.0426,-0.077542,2.5033,-1.5002,0
0.7004,0.81171,-0.13031,-8.6471,-0.89605,0
0.32051,0.63217,-0.17536,-1.1377,-0.2488,0
0.22554,0.58087,-0.17922,7.5096,-0.60838,0
0.13056,0.63217,-0.15477,-0.22742,-0.090578,0
0.035589,1.0682,-0.11873,-8.6471,-1.7447,0
0.51046,0.88866,-0.11101,2.2757,-1.8166,0
1.0803,1.1708,-0.12516,7.0545,-2.6077,0
1.9351,0.86301,-0.15348,-3.8684,-2.6652,0
1.8401,0.60652,-0.15863,-7.2818,-1.6728,0
0.60543,0.37567,-0.13417,5.9167,-1.7591,0
-0.7242,0.24743,-0.080116,4.7789,-0.14811,0
-1.389,0.17048,-0.056948,-7.5093,-0.88167,0
-1.389,0.22178,-0.049226,-4.7786,-0.73783,0
-1.0091,0.22178,-0.0518,7.0545,-1.4714,0
1.2702,0.17048,-0.049226,2.0482,-2.4063,0
2.22,-0.29121,-0.026058,-8.4196,-1.644,0
0.60543,-0.7016,-0.0041778,-1.3652,-2.0755,0
-0.81917,-0.72725,0.0099801,6.1442,-0.47893,0
0.13056,-0.62465,0.060177,-1.3652,-0.43578,0
0.32051,-1.0607,0.13097,-6.8267,-0.11935,0
-0.91415,-0.88114,0.15413,3.6411,0.13956,0
-0.059385,-0.62465,0.1181,5.9167,-0.70906,0
1.9351,-0.88114,0.088493,-6.5991,0.25462,0
2.5999,-0.95809,0.087205,-5.9164,-0.70906,0
0.89035,-0.5477,0.088493,6.1442,0.024489,0
-0.059385,-0.57335,0.066612,3.8687,0.39846,0
-0.62923,-1.0863,0.069186,-7.9645,1.1176,0
-0.81917,-1.3685,0.1078,-3.1857,2.4697,0
-0.34431,-1.6506,0.12711,7.9647,1.808,0
0.035589,-1.5993,0.13611,2.0482,2.5128,0
-0.62923,-1.7019,0.12196,-8.192,1.5347,0
-1.0091,-1.5993,0.092354,1.5931,1.995,0
0.7004,-1.4198,0.10136,7.5096,2.1676,0
1.5552,-1.6506,0.14512,-1.8203,1.7217,0
0.7004,-1.5737,0.19918,-7.5093,2.4841,0
0.51046,-1.1889,0.19403,3.8687,1.7217,0
1.8401,-0.57335,0.11037,7.7372,2.6567,0
2.4099,-0.5477,0.066612,-4.0959,2.5128,0
1.5552,-0.85549,0.039583,-5.4613,2.7286,0
1.1753,-1.1889,-0.00031657,5.6891,3.2895,0
2.7898,-0.93244,-0.035068,4.3238,2.556,0
3.1697,-0.41945,-0.024771,-7.2818,3.3183,0
1.4602,-0.7016,-0.015762,-3.4133,2.3258,0
-0.34431,-0.95809,-0.047939,8.1923,2.7142,0
-1.294,-0.72725,-0.11358,1.3655,2.8436,0
-0.43928,0.093531,-0.18051,-7.7369,2.7573,0
0.79538,0.50392,-0.2011,1.3655,3.6491,0
1.5552,0.83736,-0.19724,7.282,2.556,0
0.51046,0.27308,-0.1715,-2.2755,2.7861,0
-0.15436,-0.599,-0.12516,-7.2818,1.621,0
-1.1041,-0.4964,-0.089126,3.4135,1.3909,0
-1.579,-0.52205,-0.099422,5.234,1.6642,0
-0.53425,-0.599,-0.11101,-6.144,1.2615,0
0.60543,-0.16296,-0.13804,-5.2337,2.2395,0
1.6501,0.14483,-0.18437,6.3718,1.2471,0
2.4099,0.70911,-0.22298,2.5033,1.7073,0
0.79538,1.1452,-0.18952,-7.9645,1.2615,0
-0.24933,0.99126,-0.16635,-1.5928,0.77243,0
-0.34431,0.68346,-0.17922,7.5096,0.97379,0
0.89035,0.35002,-0.19209,-1.1377,-0.3351,0
1.4602,0.45262,-0.19595,-8.192,0.29777,0
1.1753,0.81171,-0.18308,2.9584,-0.57961,0
0.32051,0.70911,-0.17407,7.0545,0.024489,0
0.32051,0.65782,-0.12774,-3.6408,-0.004278,0
0.41548,0.86301,-0.087839,-6.8267,-0.89605,0
1.2702,0.96561,-0.0518,5.234,-0.92482,0
1.3652,1.0426,-0.010613,4.5513,-2.6364,0
1.0803,0.99126,0.043444,-6.8267,-2.0755,0
0.51046,0.99126,0.097502,-3.8684,-2.5358,0
0.32051,0.81171,0.15156,7.0545,-1.8741,0
0.79538,0.65782,0.14512,2.9584,-1.2988,0
1.4602,0.60652,0.13998,-7.0542,-1.9748,0
0.22554,0.76041,0.12453,-0.9101,-1.4139,0
-1.389,1.0169,0.079483,7.7372,-2.5933,0
-1.6739,0.76041,0.044732,0.00013542,-1.9173,0
-0.53425,0.60652,0.011267,-7.5093,-2.1186,0
0.41548,0.86301,-0.017049,2.7309,-1.7447,0
0.7004,0.99126,-0.027345,7.7372,-0.95358,0
0.79538,0.81171,-0.0093262,-2.7306,-1.6871,0
0.7004,0.63217,0.0035447,-6.8267,-1.2125,0
1.2702,0.63217,-0.0028907,5.0064,-2.5789,0
1.5552,0.63217,-0.033781,4.5513,-2.5214,0
1.0803,0.55522,-0.046652,-7.0542,-2.7803,0
0.51046,0.14483,-0.038929,-4.5511,-2.9673,0
-0.24933,-0.11166,-0.040216,7.7372,-1.9029,0
-1.0091,0.042233,-0.023484,2.5033,-2.4351,0
-1.294,0.19613,0.0086931,-7.7369,-1.4282,0
-1.1041,0.24743,0.048593,-0.68254,-2.0755,0
-0.7242,0.37567,0.08077,7.5096,-1.8454,0
-1.389,0.29873,0.088493,-1.3652,-1.7303,0
-1.389,0.47827,0.048593,-8.4196,-2.2049,0
-1.0091,0.81171,0.066612,2.2757,-1.155,0
-1.294,0.73476,0.098789,6.5994,-1.5721,0
-1.484,1.1195,0.087205,-5.4613,-0.27756,0
-1.0091,1.4016,0.065325,-6.144,-0.36386,0
0.13056,0.93996,0.042157,6.3718,-0.32071,0
1.3652,0.42697,0.022851,2.9584,0.11079,0
1.2702,-0.4451,0.038296,-8.192,-0.6803,0
0.98533,-0.4451,0.044732,-2.7306,0.31216,0
0.7004,-0.29121,0.027999,7.282,-0.4214,0
0.60543,-0.18861,0.0048318,0.00013542,0.45599,0
-0.059385,-0.41945,0.030574,-8.4196,0.49914,0
0.22554,-0.80419,0.057602,0.68281,0.35531,0
0.035589,-0.95809,0.079483,7.5096,1.2327,0
0.13056,-0.77854,0.078196,-2.503,0.39846,0
-0.62923,-0.62465,0.025425,-7.5093,1.4197,0
-0.24933,-0.599,-0.059523,4.7789,1.1032,0
1.0803,-0.57335,-0.11487,6.1442,1.6642,0
1.1753,-0.6503,-0.14318,-5.6889,2.3402,0
-0.34431,-0.599,-0.15091,-4.7786,1.9231,0
-0.62923,-0.3938,-0.13031,7.7372,2.8868,0
-0.7242,-0.4964,-0.10328,3.4135,1.8368,0
-0.81917,-0.5477,-0.062097,-6.8267,2.4265,0
-0.059385,-0.599,-0.049226,-2.0479,1.7649,0
1.2702,-0.85549,-0.06081,7.282,1.3909,0
2.125,-0.98374,-0.069819,0.45525,2.0525,0
1.6501,-0.75289,-0.073681,-7.9645,1.5635,0
1.5552,-0.6503,-0.071106,1.5931,2.8005,0
0.60543,-0.88114,-0.049226,7.5096,2.3115,0
-0.34431,-1.2146,-0.046652,-3.6408,2.8293,0
-0.059385,-1.1376,-0.063384,-6.8267,2.556,0
0.51046,-1.2915,-0.056948,5.9167,2.0238,0
0.98533,-1.3685,-0.006752,4.0962,2.5128,0
0.32051,-1.1889,0.069186,-7.0542,1.5923,0
-0.24933,-1.0094,0.093641,-3.1857,2.5416,0
-0.7242,-0.52205,0.057602,6.8269,2.0382,0
-1.579,0.016583,0.012554,0.00013542,2.4121,0
-1.294,0.22178,-0.014475,-8.6471,2.8293,0
0.32051,0.42697,0.0048318,1.1379,2.369,0
-0.24933,0.58087,0.015128,7.0545,3.2032,0
-0.62923,0.58087,-0.00031657,-3.8684,2.3978,0
-0.24933,0.35002,-0.018336,-7.5093,3.0162,0
1.0803,0.042233,-0.053087,4.5513,2.6423,0
2.03,-0.4451,-0.065958,6.1442,2.4265,0
2.125,-0.82984,-0.050513,-6.144,2.8868,0
1.6501,-0.98374,-0.0119,-5.4613,2.0669,0
0.7004,-0.77854,0.038296,7.5096,2.9731,0
0.035589,-1.0863,0.064038,3.6411,2.3115,0
0.7004,-1.1633,0.070473,-7.7369,2.7861,0
0.7004,-1.035,0.083344,-2.2755,2.5416,0
0.41548,-1.5224,0.04087,7.9647,1.9519,0
0.035589,-1.4711,0.030574,1.5931,2.5991,0
0.41548,-1.4198,0.067899,-7.5093,2.1245,0
0.89035,-1.4198,0.13225,0.91037,3.3327,0
1.5552,-1.1376,0.15413,7.7372,3.0162,0
1.9351,-1.035,0.12968,-2.503,3.4477,0
0.7004,-0.47075,0.08077,-7.2818,3.534,0
0.79538,0.016583,0.035722,4.3238,2.671,0
1.8401,-0.060364,0.016416,5.4616,3.4334,0
2.315,0.067882,0.046019,-5.2337,2.6135,0
1.8401,-0.060364,0.079483,-4.0959,3.606,0
1.2702,0.093531,0.088493,7.7372,3.2176,0
0.89035,0.50392,0.082057,3.4135,2.9012,0
0.89035,0.60652,0.075622,-7.7369,2.9156,0
-0.059385,0.81171,0.04988,-1.8203,1.6067,0
-1.1041,0.93996,-0.0041778,7.7372,2.2108,0
-0.43928,0.70911,-0.055661,0.00013542,1.2039,0
-0.15436,0.68346,-0.072394,-7.7369,1.8799,0
-0.43928,1.0939,-0.047939,2.0482,2.0957,0
-0.15436,1.1708,-0.036355,7.0545,1.9231,0
-0.059385,1.5812,-0.041503,-4.7786,2.3834,0
0.41548,2.2994,-0.037642,-6.5991,0.72928,0
1.6501,2.3763,-0.031207,5.4616,0.90188,0
2.315,2.0172,-0.019623,4.0962,-0.047428,0
1.8401,2.3763,-0.00031657,-6.5991,0.39846,0
0.79538,3.0432,-0.0041778,-3.1857,1.4916,0
0.035589,2.4276,-0.022197,8.4198,1.5923,0
0.51046,1.7094,-0.062097,0.00013542,2.8724,0
0.60543,1.5042,-0.10843,-8.4196,1.7793,0
1.2702,1.4529,-0.12903,0.2277,1.7073,0
1.6501,1.6838,-0.14704,6.3718,0.88749,0
0.60543,1.6581,-0.16506,-3.6408,0.18271,0
-0.24933,1.2221,-0.1715,-8.4196,0.88749,0
-0.62923,0.86301,-0.15992,3.6411,0.55667,0
-0.81917,0.86301,-0.14447,5.9167,2.0525,0
-0.81917,1.1708,-0.10457,-5.9164,1.8799,0
-1.294,1.6068,-0.102,-4.7786,1.9806,0
-0.7242,1.8377,-0.13417,6.3718,1.3478,0
1.0803,1.812,-0.13804,3.4135,-0.2488,0
0.22554,1.5812,-0.11358,-7.5093,0.082022,0
-1.0091,1.4529,-0.032494,-2.0479,-0.69468,0
-0.43928,0.73476,0.083344,7.5096,0.68613,0
0.98533,0.042233,0.18631,-0.9101,1.2327,0
0.89035,-0.23991,0.23779,-8.4196,1.6354,0
0.79538,-0.93244,0.24423,2.5033,2.0238,0
1.6501,-1.3428,0.21591,6.5994,0.70051,0
2.315,-1.3941,0.20047,-4.3235,1.2183,0
1.7451,-1.2146,0.19532,-7.0542,0.58544,0
1.6501,-1.0094,0.16057,6.3718,1.6786,0
1.6501,-1.2659,0.15156,5.6891,2.0669,0
1.0803,-1.3428,0.19017,-6.8267,1.5347,0
1.3652,-1.4711,0.20047,-4.3235,1.8799,0
1.6501,-1.7019,0.23007,7.5096,0.55667,0
0.79538,-1.7789,0.26354,2.9584,1.2471,0
0.98533,-1.5737,0.21591,-7.2818,0.36969,0
0.89035,-1.2402,0.17473,-1.5928,0.36969,0
1.1753,-1.4454,0.11166,7.282,0.36969,0
1.1753,-1.7276,0.082057,-0.22742,-0.30633,0
-0.15436,-1.4198,0.064038,-7.5093,0.62859,0
0.035589,-1.2659,0.066612,2.5033,-0.033045,0
0.51046,-0.93244,0.083344,6.8269,0.58544,0
0.32051,-0.95809,0.078196,-3.6408,0.12517,0
0.13056,-1.4711,0.062751,-6.8267,-0.23441,0
0.035589,-1.7276,0.033148,6.3718,0.13956,0
-0.059385,-1.5737,0.017703,4.0962,-0.65153,0
0.7004,-0.98374,0.044732,-7.2818,0.15394,0
0.13056,-0.4451,0.042157,-3.8684,-0.80975,0
-1.1991,0.042233,-0.014475,7.282,-0.30633,0
-0.34431,0.14483,-0.032494,1.5931,0.067639,0
-0.059385,0.24743,-0.032494,-8.4196,0.067639,0
-0.81917,0.68346,-0.041503,-1.3652,1.1464,0
-1.8639,1.0169,-0.037642,7.7372,-0.076195,0
-1.8639,1.2477,-0.0093262,-1.3652,0.28339,0
-1.0091,1.4273,0.017703,-8.4196,-0.65153,0
-0.24933,0.93996,0.042157,3.186,-0.37825,0
0.035589,0.70911,0.061464,6.1442,0.39846,0
-0.53425,0.58087,0.046019,-4.3235,-0.11935,0
-0.24933,0.58087,0.0061189,-6.144,0.47037,0
0.41548,0.81171,0.0035447,5.6891,-1.155,0
0.32051,0.52957,0.0099801,5.234,-1.5289,0
-1.389,0.73476,0.033148,-6.8267,-2.3056,0
-2.0538,0.47827,0.044732,-4.3235,-2.6221,0
-0.24933,0.042233,-0.023484,7.282,-1.4858,0
0.79538,0.50392,-0.12002,2.0482,-1.7303,0
-0.43928,0.68346,-0.15091,-7.9645,-0.56523,0
-1.1991,0.40132,-0.12002,-0.68254,-1.2556,0
-0.15436,0.50392,-0.102,7.5096,-0.92482,0
-0.34431,0.73476,-0.08269,-0.45498,-0.70906,0
-1.579,0.73476,-0.086552,-7.7369,-0.72345,0
-2.6237,0.22178,-0.092987,3.6411,0.45599,0
-1.8639,-0.13731,-0.10457,7.282,-0.1625,0
-1.484,0.042233,-0.11229,-3.4133,0.70051,0
-1.579,-0.060364,-0.089126,-6.144,0.21147,0
-0.7242,0.042233,-0.074968,6.1442,-0.20565,0
-1.0091,-0.0090658,-0.047939,5.234,-0.090578,0
-0.91415,-0.16296,-0.014475,-6.8267,-1.1981,0
0.7004,-0.18861,-0.045365,-3.6408,-0.22003,0
2.22,-0.13731,-0.089126,7.9647,-0.75222,0
2.6949,-0.18861,-0.068532,2.7309,-0.004278,0
0.89035,-0.18861,-0.055661,-7.2818,0.15394,0
0.51046,-0.67595,-0.053087,-0.22742,-0.10496,0
0.7004,-1.1889,-0.037642,7.9647,0.88749,0
1.1753,-1.1376,-0.033781,-1.3652,0.22586,0
2.125,-1.2659,-0.0041778,-8.6471,1.1176,0
1.2702,-1.1633,0.0035447,2.0482,0.34092,0
-1.0091,-1.035,-0.0028907,6.8269,0.22586,0
-2.0538,-1.0607,0.007406,-3.8684,0.72928,0
-1.1041,-1.2146,0.056315,-6.144,0.80119,0
-0.7242,-1.0607,0.098789,5.9167,2.5416,0
-0.62923,-0.29121,0.14512,4.3238,2.1388,0
-0.24933,-0.086014,0.16829,-7.2818,2.8724,0
0.13056,-1.1633,0.167,-4.3235,2.4553,0
-0.53425,-1.6506,0.2069,6.8269,1.9087,0
-0.7242,-1.8815,0.20433,2.0482,2.4553,0
0.13056,-1.8558,0.15156,-7.7369,1.4628,0
1.1753,-1.8045,0.11295,-2.2755,2.4409,0
0.79538,-1.5737,0.12196,7.5096,1.6786,0
-0.34431,-1.4198,0.14126,-1.3652,1.9087,0
-0.53425,-1.6763,0.11423,-7.9645,1.9375,0
0.13056,-2.0867,0.04988,1.8206,1.0169,0
1.6501,-2.6253,0.027999,7.0545,1.5491,0
1.7451,-2.5227,0.0061189,-3.4133,0.47037,0
1.0803,-2.5483,-0.02992,-6.3715,1.2183,0
0.89035,-2.1893,-0.056948,5.6891,0.85873,0
0.79538,-1.8815,-0.031207,5.0064,0.88749,0
0.7004,-1.5737,0.017703,-7.9645,1.3046,0
0.51046,-0.98374,0.056315,-4.3235,0.44161,0
-0.43928,-0.6503,0.066612,7.7372,1.132,0
-0.059385,-0.52205,0.034435,1.8206,-0.23441,0
-0.059385,0.14483,-0.033781,-7.9645,-0.26318,0
0.13056,0.68346,-0.10714,0.2277,-0.80975,0
1.4602,0.067882,-0.13031,7.7372,-1.2125,0
1.5552,-0.0090658,-0.11101,-1.1377,-0.60838,0
-0.53425,0.32437,-0.098135,-7.2818,-1.4282,0
-2.1488,0.58087,-0.10328,2.9584,-0.7666,0
-1.0091,0.83736,-0.077542,6.1442,-1.7159,0
-1.0091,1.4529,-0.056948,-4.7786,-1.644,0
-0.24933,2.0172,-0.090413,-5.4613,-1.6728,0
0.60543,1.9403,-0.12774,6.1442,-2.2337,0
1.3652,2.1455,-0.12645,4.0962,-1.457,0
1.2702,2.4276,-0.10843,-7.2818,-2.4495,0
0.51046,2.6585,-0.1213,-2.0479,-1.7878,0
0.41548,2.4276,-0.15219,7.7372,-2.3056,0
0.51046,3.0175,-0.16893,0.91037,-2.133,0
-0.24933,3.3766,-0.15091,-8.4196,-1.6296,0
-1.1041,3.274,-0.14318,0.00013542,-2.2769,0
-1.389,3.1201,-0.18437,7.0545,-1.4139,0
-0.059385,3.0945,-0.19338,-3.4133,-2.4638,0
1.4602,2.3763,-0.16249,-7.5093,-2.0611,0
2.22,2.2481,-0.16506,3.6411,-2.1474,0
2.125,2.2224,-0.18051,4.7789,-2.1186,0
2.315,2.0685,-0.12259,-6.5991,-1.0255,0
2.03,2.0942,-0.026058,-5.0062,-1.6152,0
0.7004,1.9916,0.021564,6.1442,-0.63715,0
0.51046,2.1198,0.043444,2.9584,-1.4858,0
1.2702,2.2224,0.057602,-8.4196,-1.27,0
0.79538,2.1968,0.022851,-2.7306,-1.2269,0
-0.53425,2.2737,-0.00031657,7.282,-2.0899,0
-0.24933,1.9916,0.029286,-0.9101,-1.3276,0
-1.1991,2.1198,0.056315,-7.9645,-2.3488,0
-1.389,1.7351,0.060177,0.68281,-1.644,0
-0.62923,0.99126,0.078196,7.5096,-2.1043,0
0.51046,0.65782,0.1477,-2.9581,-2.3344,0
0.79538,0.60652,0.18245,-7.7369,-1.9029,0
0.79538,0.78606,0.13611,5.234,-2.7371,0
1.3652,0.47827,0.094928,5.6891,-1.7447,0
1.6501,0.27308,0.13483,-5.4613,-2.3775,0
1.0803,0.42697,0.167,-4.5511,-1.7591,0
1.4602,-0.13731,0.167,7.0545,-1.5433,0
2.125,-0.75289,0.18116,2.5033,-1.7015,0
2.22,-0.75289,0.17215,-8.192,-0.8529,0
1.2702,-0.7016,0.17344,-1.1377,-1.3851,0
-0.059385,-1.2915,0.18631,8.875,-0.23441,0
0.32051,-1.5224,0.16057,0.00013542,-0.79537,0
1.2702,-1.6506,0.11681,-7.9645,-0.57961,0
0.98533,-1.5737,0.096215,1.8206,-0.56523,0
0.51046,-1.1889,0.10651,7.282,-1.2413,0
0.035589,-0.82984,0.085918,-2.7306,-0.45016,0
0.60543,-0.90679,0.017703,-7.0542,-1.5002,0
0.41548,-1.7019,-0.028633,5.4616,-1.0111,0
0.13056,-2.1123,-0.068532,4.7789,-1.6728,0
-0.24933,-1.7532,-0.071106,-6.3715,-1.8885,0
-1.1991,-0.98374,0.012554,-5.0062,-1.4139,0
-0.81917,-0.6503,0.093641,7.282,-2.0323,0
-0.7242,-0.599,0.052454,2.9584,-0.9392,0
-0.81917,-0.31686,-0.046652,-8.192,-1.5433,0
-0.34431,0.22178,-0.096848,-1.8203,-1.1262,0
-0.24933,0.27308,-0.062097,7.282,-1.1693,0
0.22554,0.22178,0.0086931,-0.22742,-1.5865,0
-0.34431,-0.060364,0.04988,-8.192,-0.55085,0
-0.15436,-0.62465,-0.0054649,2.2757,-0.86728,0
0.13056,-0.90679,-0.062097,6.5994,1.1464,0
-0.34431,-0.72725,-0.089126,-5.0062,2.0669,0
-0.62923,-0.41945,-0.065958,-7.2818,2.5991,0
-1.1041,-0.18861,0.025425,5.6891,1.9375,0
-0.91415,-0.47075,0.064038,4.5513,-1.1262,0
0.22554,-0.3938,0.011267,-7.5093,-2.6221,0
0.32051,-0.21426,-0.031207,-4.5511,-4.8515,0
-0.91415,-0.21426,-0.010613,7.282,-4.3912,0
-1.1041,-0.18861,0.025425,1.1379,-3.744,0
-0.62923,-0.18861,0.034435,-8.192,-3.3412,0
0.79538,-0.4451,-0.0041778,0.91037,-2.7659,0
1.8401,-0.75289,0.011267,7.7372,-4.4919,0
1.9351,-0.72725,0.037009,-2.503,-4.6501,0
0.79538,-0.16296,0.060177,-7.5093,-5.8583,0
-0.7242,0.32437,0.057602,3.6411,-4.8659,0
-1.389,-0.6503,0.029286,5.9167,-2.9097,0
-0.059385,-1.2402,-0.022197,-6.5991,-1.3995,0
1.6501,-0.93244,-0.045365,-5.4613,1.1464,0
1.9351,-0.85549,-0.063384,7.282,0.93064,0
0.60543,-0.72725,-0.055661,3.4135,1.4484,0
0.13056,-0.85549,-0.018336,-7.5093,0.51352,0
0.7004,-0.52205,0.074335,-2.503,-0.047428,0
0.79538,-0.4964,0.14641,7.9647,0.47037,0
0.89035,-0.34251,0.14512,0.45525,0.067639,0
0.79538,-0.21426,0.11166,-8.4196,1.2758,0
1.5552,0.22178,0.060177,0.68281,0.52791,0
2.6949,0.29873,0.026712,6.8269,0.44161,0
2.125,-0.4964,-0.023484,-2.0479,-0.47893,0
0.79538,-0.90679,-0.032494,-6.5991,-1.9029,0
-0.7242,-1.0094,-0.044078,5.234,-1.9748,0
-1.294,-1.0094,-0.069819,6.5994,-3.2693,0
0.035589,-0.95809,-0.036355,-6.3715,-2.4351,0
1.6501,-0.57335,0.065325,-5.4613,-2.5645,0
1.6501,-0.26556,0.14255,7.0545,-1.8885,0
0.60543,-0.67595,0.14512,2.5033,-1.083,0
0.035589,-0.599,0.12324,-8.4196,-1.6584,0
0.60543,-0.11166,0.07176,-1.8203,-0.99673,0
0.13056,0.37567,0.042157,7.5096,-2.1618,0
0.22554,0.55522,0.069186,0.45525,-1.6008,0
0.60543,0.40132,0.10008,-8.192,-1.2413,0
0.79538,0.24743,0.12324,1.8206,-1.0543,0
0.41548,0.45262,0.15413,6.5994,0.22586,0
-0.43928,1.0426,0.10008,-4.5511,-0.36386,0
-0.059385,0.88866,0.042157,-7.2818,0.42722,0
0.79538,0.68346,0.053741,4.7789,-0.32071,0
1.9351,0.60652,0.037009,4.5513,-0.62276,0
1.4602,0.65782,-0.063384,-6.8267,-0.88167,0
-0.059385,0.63217,-0.19982,-4.3235,-1.9317,0
-0.62923,0.81171,-0.24358,7.5096,-1.1693,0
-1.1041,0.70911,-0.13804,2.5033,-2.0323,0
-1.484,0.86301,-0.0518,-7.7369,-1.1262,0
0.79538,0.52957,-0.076255,-0.45498,-1.2988,0
3.1697,0.55522,-0.102,7.282,-1.6008,0
2.315,0.78606,-0.089126,-2.0479,-1.2125,0
1.0803,0.70911,-0.12774,-7.7369,-2.3919,0
1.0803,0.88866,-0.16764,3.8687,-1.8885,0
0.89035,0.76041,-0.1419,6.3718,-2.8522,0
0.89035,0.63217,-0.10972,-5.0062,-2.7227,0
0.22554,1.0169,-0.10843,-6.144,-2.6221,0
0.13056,1.6068,-0.13675,7.0545,-3.1399,0
0.51046,1.7607,-0.17407,3.4135,-2.1474,0
0.60543,1.812,-0.20496,-7.7369,-2.881,0
-0.15436,1.8377,-0.23843,-2.9581,-1.8885,0
-1.1041,1.3503,-0.24229,7.9647,-2.2912,0
-1.389,1.0939,-0.23843,0.45525,-2.2481,0
-1.484,0.78606,-0.22556,-8.192,-1.7878,0
-0.059385,0.60652,-0.26674,0.45525,-2.2769,0
0.60543,0.88866,-0.3414,6.8269,-1.0687,0
-1.0091,1.1965,-0.38773,-2.503,-1.5289,0
-2.6237,1.6068,-0.44951,-7.5093,-0.63715,0
-1.484,1.5812,-0.47397,2.9584,-0.7666,0
0.51046,1.7094,-0.44565,7.282,-1.2413,0
0.79538,1.812,-0.38516,-4.7786,-0.95358,0
0.035589,1.5555,-0.33753,-6.8267,-2.0036,0
-0.81917,1.7351,-0.2912,5.6891,-0.95358,0
-0.62923,1.8377,-0.28991,4.3238,-1.1262,0
-0.62923,1.812,-0.3311,-7.0542,-0.2488,0
0.035589,1.889,-0.34011,-4.3235,0.41284,0
1.1753,2.3763,-0.29377,7.7372,0.18271,0
0.60543,2.3763,-0.25645,1.8206,1.2039,0
0.035589,1.7607,-0.23199,-9.5574,0.48476,0
0.89035,1.4529,-0.22942,-1.1377,1.3334,0
1.3652,0.73476,-0.18437,7.5096,1.0457,0
0.32051,0.27308,-0.090413,-0.45498,0.97379,0
0.60543,0.17048,0.0048318,-7.7369,0.81558,0
1.0803,-0.086014,0.04988,2.5033,-0.78098,0
1.2702,-0.18861,0.0048318,7.0545,-0.9392,0
-0.62923,-0.21426,-0.11487,-3.6408,-2.507,0
-1.294,-0.16296,-0.21269,-6.8267,-2.2193,0
-0.24933,-0.18861,-0.22813,4.0962,-2.4351,0
0.51046,-0.26556,-0.24744,5.9167,-2.4638,0
0.32051,-0.47075,-0.28991,-5.6889,-1.4714,0
-0.34431,-0.599,-0.33496,-5.4613,-2.018,0
-0.24933,-0.62465,-0.30922,7.0545,-0.75222,0
-0.059385,-0.599,-0.2513,3.8687,-0.88167,0
-0.43928,-0.57335,-0.2011,-7.7369,-0.018661,0
-0.24933,-0.82984,-0.16893,-2.503,0.70051,0
0.22554,-1.1633,-0.14447,8.4198,0.51352,0
-0.34431,-1.1376,-0.073681,0.91037,1.7505,0
-0.24933,-0.85549,-0.0054649,-7.9645,1.0457,0
1.8401,-0.67595,-0.0016037,0.68281,2.0238,0
3.3597,-0.599,0.0061189,7.5096,1.9662,0
1.7451,-0.82984,0.01899,-3.6408,2.0525,0
0.13056,-1.2402,0.027999,-6.144,2.5128,0
-0.15436,-1.1633,0.042157,5.234,1.319,0
1.1753,-0.52205,0.038296,3.6411,1.7649,0
2.4099,-0.034715,0.047306,-6.8267,0.36969,0
2.9798,-0.034715,0.12453,-4.7786,0.31216,0
2.315,-0.0090658,0.21205,7.7372,0.22586,0
0.7004,-0.034715,0.29314,2.5033,0.12517,0
1.0803,-0.18861,0.31888,-8.4196,1.4053,0
1.9351,-0.0090658,0.26225,-1.1377,0.88749,0
1.4602,0.17048,0.14512,7.7372,1.8943,0
0.51046,0.22178,0.065325,-0.9101,1.2615,0
-0.24933,-0.034715,0.046019,-8.192,1.4341,0
-0.34431,0.093531,0.07176,1.5931,1.9806,0
-0.15436,0.68346,0.061464,6.8269,1.8224,0
0.035589,0.96561,0.0086931,-4.0959,3.1888,0
-0.43928,0.78606,-0.031207,-7.2818,2.6135,0
-0.7242,0.60652,-0.023484,4.7789,3.3327,0
-0.62923,0.65782,0.033148,4.3238,2.9443,0
-0.53425,0.14483,0.087205,-7.5093,2.2108,0
-0.91415,-0.41945,0.12196,-4.5511,2.4553,0
-1.294,0.17048,0.14384,7.9647,1.2327,0
-0.24933,0.52957,0.12711,2.0482,1.9806,0
-0.059385,0.37567,0.097502,-8.8747,1.2183,0
-0.059385,-0.034715,0.08978,-1.8203,1.3478,0
0.60543,-0.36816,0.079483,7.7372,1.3478,0
0.32051,-0.29121,0.04988,-0.68254,0.55667,0
0.13056,0.016583,0.046019,-7.9645,1.0745,0
-0.059385,-0.34251,0.073047,2.2757,0.12517,0
0.13056,-0.52205,0.048593,7.282,0.77243,0
0.13056,-0.34251,0.0022576,-4.0959,0.54229,0
-0.34431,-0.0090658,-0.019623,-6.5991,0.85873,0
-0.7242,-0.0090658,0.020277,5.9167,1.693,0
-1.0091,0.11918,0.10265,4.7789,0.93064,0
-1.0091,0.45262,0.11938,-6.8267,1.7361,0
0.41548,0.29873,0.10522,-3.8684,0.77243,0
1.3652,-0.034715,0.14512,7.7372,1.1752,0
1.0803,-0.41945,0.21591,2.5033,1.0745,0
-0.059385,-0.57335,0.26225,-7.7369,0.58544,0
-0.62923,-0.36816,0.24294,-1.3652,1.1608,0
-0.62923,-0.23991,0.26096,7.282,-0.11935,0
0.22554,-0.6503,0.32274,0.2277,0.19709,0
1.3652,-0.47075,0.37423,-7.7369,-1.0543,0
0.79538,-0.060364,0.41155,1.5931,-1.4282,0
0.22554,0.11918,0.40898,6.5994,-1.5145,0
0.13056,0.17048,0.39096,-3.4133,-2.2481,0
-0.059385,0.19613,0.37551,-6.144,-1.1837,0
0.51046,0.016583,0.41155,5.4616,-1.8741,0
0.7004,0.29873,0.45789,4.3238,-1.2988,0
0.89035,0.76041,0.44502,-6.5991,-1.5289,0
0.79538,0.52957,0.39611,-3.1857,-1.9317,0
0.035589,0.47827,0.37937,7.7372,-1.3276,0
-2.0538,-0.11166,0.39482,0.91037,-2.2193,0
-2.4337,-0.29121,0.39225,-7.7369,-1.3995,0
-1.1991,-0.23991,0.3369,0.91037,-1.9748,0
-1.294,-0.47075,0.31759,7.282,-1.7303,0
-1.6739,-0.85549,0.29443,-3.1857,-1.3995,0
-1.8639,-0.80419,0.24938,-8.4196,-1.8597,0
-1.1041,-0.62465,0.27512,3.6411,-0.99673,0
-0.62923,-1.1376,0.32789,5.9167,-1.9173,0
-0.24933,-1.3685,0.36522,-5.6889,-1.3851,0
0.51046,-1.2402,0.33047,-4.7786,-1.7303,0
0.41548,-1.1376,0.2867,6.5994,-1.8885,0
-0.15436,-1.2402,0.29185,3.4135,-1.3132,0
-0.24933,-1.3685,0.31759,-7.0542,-2.1186,0
0.79538,-1.4198,0.30215,-2.9581,-1.0255,0
2.03,-0.88114,0.32274,7.9647,-1.3851,0
1.9351,-0.62465,0.36908,0.91037,-0.62276,0
1.5552,-0.80419,0.34462,-8.192,-0.090578,0
1.9351,-0.52205,0.24552,0.68281,-0.26318,0
1.7451,-0.0090658,0.13354,7.9647,0.78681,0
0.60543,-0.086014,0.11166,-2.503,0.067639,0
0.32051,-0.34251,0.15027,-7.2818,1.1176,0
-0.059385,-0.599,0.20433,3.8687,0.90188,0
-0.059385,-0.62465,0.2069,5.9167,1.0889,0
0.035589,-0.57335,0.22621,-6.5991,1.3334,0
-0.24933,-0.62465,0.2571,-5.4613,0.38407,0
-0.81917,-0.599,0.23908,6.8269,1.1464,0
-0.7242,-0.52205,0.20176,3.4135,0.25462,0
-0.34431,-0.57335,0.21849,-7.5093,1.0313,0
-0.059385,-0.62465,0.23522,-1.8203,1.1752,0
0.60543,-0.57335,0.22492,6.8269,0.94503,0
1.7451,-0.62465,0.20819,1.1379,1.5779,0
1.9351,-0.599,0.19403,-6.8267,0.54229,0
0.60543,-0.599,0.16186,1.5931,1.1176,0
-0.34431,0.11918,0.11552,7.0545,0.11079,0
0.035589,0.73476,0.076909,-2.7306,0.21147,0
1.3652,0.73476,0.044732,-6.3715,0.39846,0
0.7004,0.40132,0.042157,5.234,-0.076195,0
-0.43928,0.78606,0.012554,5.0064,0.88749,0
-0.34431,0.96561,-0.04279,-6.8267,-0.033045,0
0.51046,0.78606,-0.13289,-4.3235,0.55667,0
0.79538,0.60652,-0.12388,6.8269,-0.004278,0
0.89035,0.83736,-0.10328,1.5931,-0.20565,0
0.79538,1.1708,-0.10843,-7.9645,0.45599,0
0.32051,1.1965,-0.12516,-0.45498,-0.018661,0
-0.15436,1.0426,-0.14318,7.282,1.1032,0
0.22554,1.2477,-0.17536,-1.3652,0.26901,0
0.79538,1.1452,-0.23972,-7.9645,0.42722,0
-0.24933,1.299,-0.31694,3.4135,0.082022,0
-0.15436,1.0939,-0.36199,6.1442,-0.80975,0
0.51046,0.81171,-0.3311,-5.6889,-0.26318,0
0.41548,0.14483,-0.2616,-6.144,-1.2844,0
-0.15436,-0.3938,-0.22813,6.1442,-0.60838,0
0.41548,-0.34251,-0.24229,4.3238,-1.2413,0
1.3652,-0.4964,-0.25259,-7.2818,-1.2556,0
0.7004,-0.80419,-0.23328,-3.6408,-0.80975,0
-0.34431,-0.67595,-0.23457,7.282,-1.4282,0
-0.24933,-0.62465,-0.24872,1.1379,-0.32071,0
-0.34431,-0.88114,-0.27833,-7.7369,-1.0399,0
-1.1041,-0.95809,-0.30536,0.68281,-0.39263,0
-1.0091,-0.75289,-0.26932,7.282,-0.30633,0
-0.15436,-0.6503,-0.22298,-1.5928,-0.5077,0
0.13056,-1.3172,-0.18952,-7.7369,0.36969,0
0.035589,-1.4454,-0.14962,4.0962,-0.23441,0
0.60543,-1.4454,-0.02992,6.3718,0.78681,0
0.41548,-1.2146,0.064038,-5.2337,0.25462,0
0.22554,-0.77854,0.065325,-5.6889,0.38407,0
0.41548,-0.82984,-0.026058,7.0545,0.42722,0
1.3652,-0.72725,-0.10843,2.9584,-0.3351,0
0.7004,-0.599,-0.098135,-7.7369,0.11079,0
-1.294,-0.599,-0.071106,-1.5928,-1.6296,0
-2.1488,-0.5477,-0.067245,7.282,-2.0899,0
-1.7689,-0.75289,-0.0917,-0.45498,-2.7227,0
-1.294,-0.77854,-0.15734,-7.5093,-2.4063,0
-1.9589,-0.62465,-0.19853,2.7309,-0.72345,0
-1.294,-0.6503,-0.17665,6.8269,-1.2413,0
0.32051,-0.57335,-0.15091,-4.3235,-0.66591,0
-0.24933,-0.36816,-0.18694,-6.5991,-1.6584,0
-0.7242,-0.5477,-0.23071,5.4616,-1.2988,0
-0.059385,-0.599,-0.26417,4.7789,-0.70906,0
-0.43928,-0.34251,-0.25259,-6.8267,-0.66591,0
-0.53425,-0.21426,-0.24229,-4.3235,0.70051,0
-0.7242,0.24743,-0.25001,6.8269,0.31216,0
-1.389,0.73476,-0.241,2.7309,1.2902,0
-3.0036,0.55522,-0.17793,-8.6471,1.319,0
-3.0036,0.042233,-0.10972,-1.8203,1.621,0
-1.6739,0.093531,-0.11615,6.5994,2.4409,0
0.035589,0.35002,-0.16378,-1.3652,1.9806,0
-0.15436,0.093531,-0.17665,-7.5093,3.1888,0
-1.1041,-0.3938,-0.16635,2.5033,2.6854,0
-0.53425,-0.34251,-0.16893,6.1442,3.419,0
-0.059385,0.016583,-0.14833,-5.0062,3.5197,0
0.035589,-0.11166,-0.090413,-7.0542,2.8293,0
0.60543,-0.11166,0.012554,5.0064,3.2608,0
0.60543,-0.47075,0.10394,4.7789,1.9806,0
0.79538,-0.31686,0.07176,-7.5093,2.6854,0
1.2702,0.27308,-0.027345,-4.3235,2.2252,0
1.5552,0.55522,-0.086552,7.0545,2.5991,0
0.79538,0.37567,-0.10457,2.5033,3.1745,0
-0.24933,0.24743,-0.063384,-7.7369,2.671,0
-0.91415,-0.0090658,0.0099801,-0.45498,3.419,0
-1.389,0.32437,0.11295,8.4198,1.9519,0
-0.62923,0.76041,0.18245,-2.0479,1.8943,0
-0.34431,0.93996,0.19918,-7.7369,1.132,0
-1.1041,0.78606,0.22621,3.4135,0.70051,0
-0.81917,0.96561,0.30601,5.6891,1.2471,0
-1.389,0.29873,0.44502,-4.0959,0.38407,0
-2.2438,-0.11166,0.55184,-5.9164,1.1032,0
-0.34431,-0.23991,0.56343,5.0064,0.35531,0
1.1753,-0.62465,0.48105,4.0962,1.1464,0
0.79538,-1.2146,0.45917,-7.5093,1.7649,0
0.51046,-1.4454,0.47333,-3.6408,1.9662,0
-0.81917,-1.1889,0.47848,8.4198,3.5772,0
-1.294,-1.4967,0.3768,2.9584,3.3039,0
-0.53425,-1.3685,0.28542,-7.2818,4.1525,0
0.22554,-1.0863,0.32146,-0.45498,3.1745,0
0.13056,-1.2146,0.42571,7.282,2.6854,0
1.2702,-1.1633,0.51838,-1.8203,2.4409,0
2.03,-1.0863,0.59174,-7.0542,0.93064,0
1.4602,-1.5224,0.61105,3.186,0.71489,0
0.035589,-1.5737,0.62521,5.9167,-1.1837,0
0.32051,-1.2659,0.66382,-5.6889,-1.1406,0
1.7451,-0.88114,0.6857,-6.3715,-1.8022,0
1.7451,-0.85549,0.70372,6.3718,-2.4063,0
0.41548,-0.98374,0.72303,4.0962,-2.4495,0
-1.1041,-1.3172,0.74362,-6.8267,-3.8303,0
-0.53425,-1.3941,0.7552,-3.6408,-3.2262,0
-0.43928,-1.1633,0.66382,7.5096,-3.8446,0
-0.62923,-1.3172,0.54798,2.0482,-2.8378,0
0.7004,-1.625,0.48878,-7.7369,-1.831,0
1.1753,-1.5737,0.47076,0.00013542,-1.0111,0
0.41548,-1.5224,0.47591,7.5096,1.1464,0
1.1753,-1.6763,0.43215,-1.8203,1.7217,0
1.4602,-1.548,0.36522,-7.7369,3.8073,0
1.1753,-1.1889,0.35492,3.186,4.1381,0
-0.059385,-1.2915,0.36779,5.6891,4.7279,0
-0.62923,-0.90679,0.34076,-5.0062,4.8429,0
-0.24933,-0.599,0.28027,-6.5991,3.6923,0
-0.43928,-0.34251,0.22106,5.4616,4.3107,0
-0.53425,-0.26556,0.15156,4.3238,3.1745,0
-0.53425,-0.18861,0.061464,-6.3715,3.7929,0
0.22554,0.042233,-0.10714,-2.0479,3.534,0
1.7451,-0.0090658,-0.42119,8.4198,3.4477,0
1.7451,-0.13731,-0.84207,0.45525,4.1094,0
0.60543,-0.3938,-1.1548,-7.9645,3.534,0
-0.24933,-0.34251,-1.3402,1.1379,4.4977,0
-1.1991,0.016583,-1.4921,7.9647,3.5053,0
-1.484,0.016583,-1.6594,-1.5928,3.8792,0
-1.484,-0.13731,-1.8936,-7.2818,3.2464,0
-1.484,0.067882,-2.1974,5.4616,2.7286,0
-1.0091,-0.086014,-2.5101,6.8269,3.3614,0
-0.91415,-0.16296,-2.6723,-4.7786,2.9012,0
0.41548,-0.36816,-2.7907,-5.0062,4.4833,0
1.4602,-0.599,-2.9696,6.3718,4.5553,0
1.7451,-0.85549,-3.1717,2.7309,5.5333,0
1.1753,-1.1889,-3.3197,-7.2818,5.7203,0
1.4602,-0.85549,-3.451,-1.1377,5.1306,0
1.3652,-0.67595,-3.6698,8.6474,5.7059,0
1.1753,-0.62465,-4.0006,0.00013542,4.9724,0
0.7004,-0.31686,-4.3545,-8.192,5.9361,0
0.79538,-0.26556,-4.5926,2.9584,5.2744,0
0.79538,-0.41945,-4.7703,6.8269,4.9724,0
0.60543,-0.086014,-4.9093,-5.0062,4.771,0
0.89035,-0.11166,-4.9878,-6.5991,3.6779,0
0.98533,-0.21426,-4.9891,5.6891,4.2964,0
0.7004,-0.18861,-4.962,3.8687,3.1457,0
1.2702,-0.7016,-4.9067,-7.5093,3.6347,0
1.6501,-0.93244,-4.8604,-2.9581,3.1601,0
0.51046,-0.4964,-4.8887,7.7372,2.743,0
0.035589,0.22178,-4.9041,-0.45498,3.1888,0
0.89035,0.29873,-4.8411,-9.3298,2.369,0
2.4099,-0.4964,-4.6853,0.45525,3.3758,0
2.22,-0.88114,-4.5103,7.5096,2.858,0
0.22554,-1.2659,-4.2812,-2.0479,3.3902,0
-0.62923,-0.67595,-4.0122,-7.7369,3.7929,0
-0.15436,-0.75289,-3.7496,3.6411,3.5053,0
0.22554,-0.95809,-3.4652,6.8269,4.8573,0
-0.059385,-0.95809,-3.2631,-4.0959,4.3107,0
0.41548,-0.72725,-3.1099,-7.2818,5.1018,0
0.89035,-0.13731,-2.904,6.1442,4.8861,0
0.79538,0.91431,-2.6028,4.0962,4.5265,0
0.89035,1.889,-2.2566,-7.5093,4.9436,0
0.89035,2.9406,-2.0313,-2.0479,3.7066,0
0.035589,3.7614,-1.8911,8.1923,4.2101,0
-0.62923,4.3513,-1.6941,1.5931,2.9875,0
0.41548,4.4539,-1.3428,-7.9645,3.1601,0
0.22554,3.864,-0.9489,0.68281,3.4477,0
-0.24933,3.864,-0.58465,7.9647,3.4909,0
0.51046,4.1461,-0.27961,-3.1857,4.7279,0
0.98533,3.7614,0.067899,-7.2818,3.8792,0
0.41548,3.0688,0.49264,5.0064,4.5121,0
0.51046,2.7354,0.8749,6.1442,3.3902,0
1.2702,2.6072,1.2263,-6.8267,2.8724,0
1.6501,2.6328,1.6047,-4.0959,2.556,0
0.60543,2.1711,1.9844,7.9647,1.3478,0
-0.24933,2.1968,2.3666,2.2757,1.8224,0
-0.53425,2.2737,2.8699,-8.192,1.0026,0
-0.53425,1.9916,3.4323,-0.9101,1.9519,0
-1.1991,2.1711,4.0128,7.9647,1.8799,0
-0.91415,1.9659,4.5933,-1.3652,1.7649,0
0.32051,2.1455,5.1558,-7.9645,2.1101,0
-0.24933,2.2224,5.5741,3.186,0.81558,0
-1.484,2.2994,5.9061,6.3718,1.2758,0
-2.1488,1.5299,6.327,-4.5511,0.18271,0
-1.7689,1.889,6.735,-6.5991,0.45599,0
0.035589,2.402,7.0349,6.3718,0.44161,0
0.89035,2.8637,7.2898,4.0962,0.082022,0
0.51046,3.0688,7.5163,-7.2818,0.91626,0
0.13056,3.1201,7.6656,-3.8684,0.22586,0
-0.53425,3.0945,7.7377,7.282,1.3621,0
-1.294,3.864,7.7196,0.00013542,1.2327,0
-0.53425,4.7361,7.6283,-8.6471,1.7936,0
0.035589,5.3003,7.5098,0.45525,2.7142,0
-0.43928,5.3516,7.4017,7.0545,2.556,0
-0.15436,4.7361,7.2203,-1.8203,3.9368,0
-0.34431,4.8643,6.941,-8.192,3.5628,0
-1.1041,5.326,6.6462,3.8687,4.1813,0
-0.43928,5.5312,6.4017,6.3718,3.8361,0
0.32051,5.3516,6.197,-4.7786,2.9299,0
0.035589,4.9412,5.9499,-5.0062,3.1601,0
-1.6739,4.7361,5.6886,7.0545,2.0382,0
-1.484,4.2487,5.417,3.8687,3.0162,0
-1.0091,3.6588,5.1558,-7.9645,2.6567,0
-0.34431,3.0432,4.888,-2.7306,3.1025,0
0.13056,2.5302,4.6113,7.5096,3.2895,0
-0.7242,2.2994,4.3114,0.2277,2.4409,0
-1.6739,1.812,4.054,-7.0542,2.9587,0
-1.7689,1.2477,3.8648,2.0482,1.7073,0
-0.62923,0.76041,3.6653,7.7372,2.1388,0
0.32051,0.63217,3.4182,-3.1857,1.7649,0
0.13056,0.81171,3.1788,-6.8267,1.4772,0
-1.294,0.91431,2.9574,5.6891,1.995,0
-1.8639,0.50392,2.7051,5.9167,0.94503,0
-2.3388,0.50392,2.3769,-6.3715,1.506,0
-2.5287,0.60652,2.0938,-5.0062,0.55667,0
-2.8136,0.65782,1.8351,7.0545,1.1464,0
-1.484,0.65782,1.5506,3.8687,3.0162,0
-0.24933,0.83736,1.2494,-7.2818,4.9292,0
0.035589,0.52957,1.0255,-2.2755,7.3313,0
0.51046,0.27308,0.8556,7.7372,6.1518,0
0.41548,0.65782,0.66897,0.2277,5.4327,0
-0.24933,0.70911,0.50808,-8.192,3.5916,0
-0.15436,-0.060364,0.3665,0.91037,2.8005,0
0.60543,-0.52205,0.21591,6.8269,2.8436,0
-0.059385,-0.41945,0.053741,-3.4133,1.7793,0
-1.0091,-0.4964,-0.098135,-7.7369,2.0238,0
-0.81917,-1.0607,-0.22041,4.3238,0.16832,0
-0.7242,-1.625,-0.33882,5.4616,-0.36386,0
-1.1041,-2.3431,-0.44822,-6.8267,-1.3851,0
-1.6739,-2.5483,-0.54347,-4.5511,-2.0611,0
-1.579,-2.2149,-0.60396,6.5994,-1.6008,0
-1.0091,-2.3688,-0.68762,2.0482,-2.3344,0
-0.62923,-2.7792,-0.78158,-8.192,-1.3132,0
-0.059385,-2.8048,-0.83821,-0.9101,-1.6871,0
0.98533,-2.9074,-0.86009,8.1923,-0.75222,0
2.03,-3.5487,-0.88069,-1.3652,0.010105,0
1.8401,-3.5487,-0.87296,-8.6471,0.39846,0
0.7004,-2.8048,-0.90257,3.8687,1.5347,0
0.51046,-2.0867,-0.95534,6.5994,0.80119,0
0.89035,-2.3431,-1.1021,-5.0062,1.6786,0
-0.059385,-2.6509,-1.3247,-6.144,1.1464,0
0.035589,-2.6509,-1.5101,5.9167,1.3478,0
1.3652,-2.9074,-1.5731,4.3238,1.621,0
-0.34431,-3.3178,-1.5487,-6.8267,1.0745,0
-1.7689,-3.01,-1.5294,-2.7306,2.2395,0
-1.0091,-2.497,-1.5345,8.1923,2.0813,0
-0.7242,-2.2919,-1.5294,2.2757,4.4114,0
-1.1991,-2.2406,-1.5114,-7.2818,6.2381,0
-1.484,-2.2406,-1.456,-0.68254,7.1011,0
-0.15436,-2.2149,-1.429,7.9647,7.2306,0
2.125,-2.2149,-1.4341,-1.8203,4.5409,0
2.6949,-2.4714,-1.4766,-6.8267,3.2032,0
0.98533,-2.5996,-1.5448,3.6411,0.52791,0
-0.24933,-2.6253,-1.6323,7.0545,-0.594,0
-0.24933,-2.6509,-1.6877,-4.5511,-1.2988,0
0.13056,-2.4457,-1.6967,-6.8267,-2.3344,0
-0.91415,-2.0097,-1.7379,6.1442,-1.644,0
-1.8639,-1.8045,-1.7636,4.0962,-2.507,0
-1.579,-1.8815,-1.7109,-6.8267,-1.4858,0
-0.62923,-1.5737,-1.6645,-3.8684,-1.457,0
0.51046,-1.4454,-1.6272,7.7372,-0.60838,0
0.98533,-1.3941,-1.6015,1.3655,0.87311,0
1.0803,-1.6763,-1.6761,-8.4196,1.4916,0
-0.24933,-1.548,-1.8576,-0.22742,3.6203,0
-0.53425,-1.1889,-1.9451,7.5096,3.5053,0
-0.62923,-0.98374,-1.8679,-1.5928,4.5696,0
-1.1991,-1.2915,-1.7508,-8.192,4.5553,0
-1.7689,-1.5993,-1.6658,3.186,4.2676,0
-1.579,-1.7532,-1.6208,6.1442,4.9436,0
-0.34431,-1.8045,-1.6092,-5.4613,3.9368,0
0.60543,-1.035,-1.6619,-6.5991,4.6128,0
0.32051,-0.67595,-1.6941,5.6891,3.6923,0
-0.15436,-1.0607,-1.6581,4.5513,3.606,0
-0.43928,-1.3172,-1.586,-7.5093,3.3902,0
0.32051,-1.3941,-1.5152,-3.4133,2.4553,0
1.1753,-1.1633,-1.4393,7.5096,3.1745,0
1.1753,-0.98374,-1.3968,1.8206,2.1964,0
1.1753,-1.2402,-1.4406,-8.4196,2.8868,0
2.03,-1.1889,-1.4933,0.00013542,2.6998,0
1.4602,-1.7019,-1.4792,7.5096,2.5272,0
0.13056,-1.5993,-1.3814,-1.5928,3.3183,0
-0.43928,-1.7019,-1.3003,-6.8267,2.671,0
-0.15436,-1.5224,-1.2926,3.186,3.7354,0
0.41548,-1.4711,-1.3633,6.8269,3.0738,0
0.32051,-1.4454,-1.4534,-4.7786,3.4765,0
-0.7242,-0.90679,-1.4522,-6.3715,3.6203,0
-0.43928,-0.85549,-1.3839,6.8269,3.1313,0
0.7004,-0.95809,-1.3029,3.8687,3.9224,0
-0.24933,-0.95809,-1.2758,-7.2818,2.9012,0
-0.15436,-0.95809,-1.3106,-2.2755,3.3902,0
-0.15436,-0.80419,-1.3041,8.6474,2.369,0
-1.0091,-0.85549,-1.2398,1.8206,1.7793,0
-1.1041,-1.2146,-1.1947,-7.9645,1.7361,0
-0.81917,-1.112,-1.1857,0.68281,0.61421,0
-1.0091,-1.0607,-1.1767,7.7372,1.1752,0
-1.389,-1.2915,-1.1716,-2.0479,0.067639,0
-0.62923,-1.112,-1.1471,-7.2818,0.12517,0
0.41548,-0.13731,-1.1085,3.8687,-0.30633,0
0.32051,-0.21426,-1.1059,5.6891,-0.9392,0
-0.53425,-0.21426,-1.1162,-5.4613,-0.29195,0
-0.24933,0.27308,-1.0879,-5.0062,-1.2125,0
0.7004,0.52957,-1.0081,6.8269,-0.2488,0
0.79538,0.37567,-0.90385,3.4135,-0.89605,0
0.41548,0.50392,-0.82019,-7.2818,-0.40701,0
0.035589,0.58087,-0.80732,-2.503,0.024489,0
1.2702,0.63217,-0.80475,7.0545,-0.37825,0
1.8401,0.91431,-0.83564,0.00013542,0.72928,0
1.2702,1.4786,-0.87682,-7.7369,-0.090578,0
-0.34431,1.5555,-0.88197,0.45525,0.71489,0
-1.6739,1.2477,-0.83049,6.3718,0.44161,0
-1.6739,1.5299,-0.74554,-2.9581,0.31216,0
-0.91415,1.2734,-0.68247,-8.192,0.95941,0
-0.24933,1.0682,-0.62198,4.7789,0.13956,0
0.51046,0.73476,-0.58337,5.6891,1.0457,0
0.32051,0.11918,-0.51773,-6.144,0.067639,0
-0.15436,-0.599,-0.51387,-4.7786,0.22586,0
-0.43928,-0.47075,-0.53188,7.282,0.096406,0
-0.24933,-0.4964,-0.50743,2.7309,-0.47893,0
0.7004,-0.62465,-0.47783,-7.2818,0.18271,0
1.1753,-1.0607,-0.46753,-1.1377,-0.73783,0
1.4602,-1.112,-0.44308,7.7372,0.053256,0
0.51046,-1.035,-0.39159,-0.68254,-0.46455,0
0.32051,-1.2659,-0.31951,-7.9645,-0.26318,0
0.51046,-1.625,-0.2513,3.186,0.010105,0
0.60543,-2.061,-0.19081,6.8269,-0.37825,0
0.035589,-1.9584,-0.10071,-4.0959,0.45599,0
0.13056,-1.6506,-0.035068,-6.3715,-0.53646,0
0.13056,-1.4967,0.020277,6.3718,-0.19126,0
0.89035,-1.3685,0.017703,5.0064,-1.0687,0
1.7451,-0.95809,-0.022197,-7.2818,-1.6871,0
1.8401,-0.95809,-0.02992,-3.6408,-1.644,0
0.98533,-0.93244,-0.035068,7.5096,-2.9385,0
-0.7242,-0.72725,-0.12516,2.7309,-2.4495,0
-1.8639,-0.18861,-0.23714,-8.192,-3.672,0
-1.294,0.093531,-0.24872,-1.8203,-3.5426,0
0.41548,0.17048,-0.19724,8.1923,-3.8303,0
0.60543,-0.034715,-0.21269,-1.1377,-4.4919,0
0.41548,-0.16296,-0.2912,-8.192,-3.7727,0
-0.43928,0.11918,-0.30536,1.1379,-4.607,0
0.035589,0.35002,-0.31565,7.282,-3.9741,0
0.32051,0.60652,-0.3208,-3.8684,-5.0097,0
-1.1041,0.65782,-0.32981,-7.2818,-5.4412,0
-1.484,0.60652,-0.31179,3.8687,-5.4987,0
-1.1041,0.35002,-0.21912,5.0064,-6.2898,0
-0.7242,0.73476,-0.12388,-6.3715,-5.1248,0
-0.53425,0.99126,-0.10714,-5.2337,-5.6713,0
-0.15436,1.5299,-0.069819,6.5994,-4.607,0
0.89035,2.325,0.00097052,2.0482,-4.5782,0
1.0803,2.3507,0.037009,-8.6471,-4.7364,0
-0.62923,1.9916,0.037009,-2.2755,-3.9741,0
-1.1991,1.6068,0.044732,7.282,-4.5782,0
0.035589,0.91431,0.038296,-0.45498,-3.0248,0
1.1753,-0.034715,0.007406,-7.7369,-3.1542,0
0.7004,-0.23991,0.031861,2.5033,-2.3632,0
0.13056,-0.29121,0.10265,7.282,-2.0899,0
0.60543,-0.4451,0.158,-4.3235,-2.5214,0
1.0803,-0.23991,0.19661,-7.7369,-1.4426,0
1.4602,-0.23991,0.17859,5.6891,-1.9604,0
1.2702,-0.16296,0.16443,4.5513,-0.62276,0
1.2702,-0.18861,0.20562,-6.3715,-0.75222,0
1.5552,-0.4451,0.22879,-3.6408,-0.46455,0
0.7004,-0.80419,0.23522,8.1923,0.082022,0
0.035589,-1.1889,0.20433,1.3655,-0.52208,0
0.035589,-1.1376,0.18245,-8.6471,0.44161,0
-0.34431,-1.0094,0.21463,0.68281,-0.34948,0
-1.484,-0.5477,0.28027,7.7372,0.47037,0
-2.3388,-0.23991,0.30987,-1.1377,0.44161,0
-1.294,-0.23991,0.3073,-7.5093,0.25462,0
-0.81917,-0.18861,0.3266,3.8687,0.61421,0
-1.1991,0.27308,0.33175,6.5994,-0.52208,0
-1.9589,0.55522,0.3266,-5.2337,0.038872,0
-1.579,1.0682,0.29829,-5.6889,-1.0543,0
-0.91415,1.4016,0.29571,6.5994,-1.0255,0
-0.7242,1.4273,0.35621,3.6411,-1.4858,0
-0.62923,0.93996,0.3665,-7.5093,-2.3488,0
-0.53425,0.65782,0.26868,-1.8203,-1.9173,0
-0.53425,0.91431,0.16443,7.7372,-2.8234,0
0.79538,1.0426,0.092354,0.00013542,-1.7303,0
1.4602,1.299,0.11037,-7.9645,-1.946,0
0.7004,1.7351,0.16314,1.5931,-1.5433,0
-0.24933,2.0172,0.18631,6.5994,-1.2413,0
-1.0091,2.1968,0.16958,-2.9581,-1.8597,0
-1.6739,2.0942,0.14899,-6.5991,-0.96797,0
-0.7242,1.9146,0.11295,4.5513,-1.6584,0
0.035589,1.5812,0.053741,5.4616,-0.82413,0
0.035589,1.4529,0.070473,-6.144,-0.6803,0
0.32051,1.4529,0.13483,-4.5511,-0.70906,0
-0.81917,0.99126,0.15285,6.8269,0.28339,0
-0.81917,0.42697,0.098789,2.5033,-0.22003,0
0.22554,-0.060364,0.039583,-8.6471,1.0169,0
0.79538,-0.18861,0.11037,-2.0479,0.71489,0
0.41548,-0.23991,0.20948,7.9647,1.1895,0
-0.24933,-0.4451,0.28542,-0.45498,1.4916,0
-0.62923,-1.2915,0.32146,-7.7369,0.78681,0
-0.059385,-1.9584,0.24166,2.5033,1.3909,0
0.51046,-2.1636,0.18245,6.5994,0.28339,0
0.32051,-1.7789,0.20819,-4.5511,1.0026,0
-0.15436,-1.5224,0.25581,-6.5991,0.74366,0
-0.7242,-1.4198,0.27512,5.234,0.82996,0
-0.62923,-0.93244,0.23136,4.5513,1.4772,0
-0.62923,-0.90679,0.19403,-6.5991,0.91626,0
-0.62923,-0.7016,0.21463,-4.0959,1.9231,0
-0.24933,-0.6503,0.24552,7.282,1.1176,0
0.13056,-0.57335,0.29057,2.2757,1.808,0
-0.43928,-0.85549,0.34977,-7.0542,2.1388,0
-0.059385,-1.4454,0.33433,-1.3652,2.2683,0
0.13056,-1.4711,0.24294,7.7372,3.4046,0
-0.34431,-1.7532,0.16829,-0.68254,2.8293,0
-0.15436,-2.2662,0.16829,-7.2818,3.9368,0
0.035589,-2.3431,0.23908,2.2757,3.7929,0
-0.24933,-2.4457,0.2069,6.8269,4.2388,0
-0.53425,-2.1123,0.13869,-3.6408,4.6847,0
-0.7242,-1.3685,0.21205,-7.0542,3.8073,0
-1.294,-1.2915,0.36522,4.0962,4.3251,0
-2.2438,-1.8302,0.40254,5.6891,3.0882,0
-2.4337,-1.6506,0.32274,-6.8267,3.4621,0
-1.389,-1.4967,0.27383,-4.3235,3.1888,0
-0.24933,-1.4454,0.27255,7.0545,3.0162,0
0.22554,-1.4198,0.21591,2.0482,3.7066,0
-0.059385,-1.1889,0.12453,-7.7369,2.8149,0
0.7004,-0.77854,0.038296,-1.8203,3.6635,0
0.7004,-0.18861,-0.010613,7.9647,2.7142,0
0.89035,0.19613,-0.0093262,-0.45498,2.9012,0
0.41548,-0.034715,0.027999,-7.9645,2.9012,0
-0.34431,0.32437,0.057602,2.0482,2.4841,0
-0.059385,0.093531,0.094928,7.282,3.2176,0
0.60543,-0.13731,0.05889,-4.0959,2.2683,0
0.41548,0.58087,-0.04279,-7.2818,2.743,0
-0.34431,0.91431,-0.096848,4.5513,2.2108,0
-0.24933,0.99126,-0.0518,4.5513,1.8656,0
0.13056,0.58087,-0.06081,-6.5991,2.2108,0
0.41548,0.35002,-0.11744,-5.0062,1.0889,0
1.3652,0.68346,-0.15863,7.0545,1.7936,0
0.89035,0.76041,-0.14576,1.5931,0.71489,0
0.41548,0.91431,-0.015762,-7.2818,0.75804,0
0.22554,1.1708,0.096215,-1.5928,0.59983,0
0.7004,0.86301,0.10651,7.9647,-0.10496,0
0.98533,0.19613,0.07176,-0.9101,0.74366,0
0.79538,0.11918,-0.014475,-8.6471,-0.34948,0
0.7004,0.17048,-0.080116,2.7309,0.19709,0
0.51046,0.17048,-0.069819,7.282,-0.49331,0
0.13056,-0.29121,-0.068532,-4.7786,-0.6803,0
1.0803,-0.26556,-0.069819,-6.5991,-0.53646,0
1.0803,-0.16296,-0.095561,5.6891,-1.6728,0
0.32051,-0.23991,-0.094274,4.7789,-1.3563,0
1.1753,0.042233,-0.0119,-7.5093,-2.8522,0
1.4602,0.11918,0.092354,-3.4133,-2.7227,0
1.4602,0.42697,0.079483,7.7372,-3.2549,0
1.6501,0.29873,-0.033781,1.8206,-3.744,0
0.60543,0.016583,-0.11744,-7.5093,-3.2118,0
-0.62923,-0.13731,-0.11873,0.91037,-4.3625,0
-1.389,-0.18861,-0.019623,7.282,-3.6864,0
-0.53425,-0.18861,0.12711,-1.8203,-4.6501,0
0.51046,-0.13731,0.18502,-7.2818,-4.6645,0
0.51046,0.32437,0.15156,4.0962,-4.607,0
-0.62923,0.52957,0.14641,5.234,-5.4268,0
-1.389,0.35002,0.1979,-6.3715,-4.7508,0
-0.81917,0.32437,0.20304,-4.7786,-5.8008,0
-0.7242,0.88866,0.12196,7.5096,-5.2542,0
-0.62923,1.5812,-0.022197,2.7309,-5.7289,0
-0.34431,2.0172,-0.078829,-8.192,-6.0165,0
0.22554,1.812,-0.035068,-0.9101,-5.6713,0
0.13056,1.8377,-0.0028907,7.5096,-6.6638,0
0.7004,2.0942,0.021564,-1.8203,-5.9734,0
1.6501,2.2737,0.055028,-9.1023,-6.9802,0
2.315,2.2224,0.092354,2.2757,-6.635,0
0.51046,1.5042,0.10909,6.3718,-6.8939,0
-0.62923,1.3503,0.13354,-4.5511,-7.4405,0
0.41548,1.4016,0.075622,-5.6889,-6.9083,0
-0.24933,1.6581,-0.038929,6.5994,-7.6994,0
-1.484,1.3247,-0.056948,3.186,-6.6926,0
-1.1991,1.376,-0.022197,-8.192,-7.196,0
0.13056,0.96561,0.015128,-2.9581,-6.52,0
0.22554,1.0939,0.029286,6.1442,-6.0885,0
-0.059385,1.1195,0.088493,0.68281,-6.3186,0
1.1753,0.81171,0.098789,-7.9645,-5.283,0
1.3652,0.68346,0.064038,0.2277,-5.8871,0
0.60543,0.58087,0.037009,7.282,-4.9953,0
0.60543,0.60652,0.043444,-2.7306,-5.1679,0
1.3652,0.60652,0.074335,-7.5093,-5.2111,0
0.13056,0.32437,0.098789,3.6411,-4.6789,0
-1.579,0.042233,0.051167,7.0545,-5.47,0
-1.6739,-0.18861,-0.010613,-5.4613,-4.5063,0
-0.81917,-0.18861,0.017703,-5.6889,-5.3118,0
0.60543,-0.18861,0.088493,6.3718,-4.7796,0
2.9798,0.27308,0.11295,3.6411,-4.722,0
2.7898,0.29873,0.053741,-7.2818,-4.9809,0
1.3652,-0.0090658,0.035722,-3.1857,-3.9885,0
1.3652,-0.11166,0.01899,7.9647,-4.6789,0
1.1753,0.27308,-0.010613,1.3655,-3.5138,0
-0.15436,0.52957,-0.014475,-7.7369,-3.9741,0
0.51046,0.11918,0.00097052,0.68281,-3.672,0
0.89035,0.093531,0.04988,7.5096,-3.1255,0
-0.24933,0.37567,0.13483,-2.503,-3.3412,0
-0.91415,0.55522,0.17215,-6.5991,-1.8597,0
-0.91415,0.35002,0.12839,4.0962,-2.1906,0
-0.24933,0.22178,0.053741,5.4616,-1.0255,0
-0.34431,0.45262,0.0099801,-5.4613,-1.0255,0
0.51046,1.0939,0.016416,-4.5511,-0.83852,0
0.32051,1.3503,0.0022576,6.8269,-0.11935,0
-0.34431,1.4529,-0.028633,2.5033,-0.79537,0
-1.579,1.6838,-0.010613,-7.5093,-0.061812,0
-2.1488,1.7607,0.0061189,-0.22742,-1.2844,0
-0.62923,1.4273,0.024138,7.7372,-1.27,0
0.98533,1.0426,0.042157,0.00013542,-1.3419,0
1.5552,0.99126,0.082057,-8.192,-1.2125,0
0.60543,0.99126,0.082057,1.5931,0.22586,0
0.22554,0.78606,0.04988,6.5994,-0.076195,0
1.1753,0.88866,0.011267,-3.1857,0.81558,0
0.98533,1.1965,-0.028633,-6.8267,-0.1625,0
0.41548,0.45262,-0.059523,5.4616,-0.14811,0
1.6501,0.19613,-0.11615,4.5513,0.16832,0
2.6949,0.11918,-0.12002,-6.5991,0.19709,0
1.6501,-0.0090658,-0.055661,-3.8684,1.5779,0
0.035589,-0.18861,0.038296,7.5096,0.95941,0
-0.34431,0.22178,0.091067,1.5931,1.2615,0
-0.62923,0.47827,0.00097052,-8.4196,0.48476,0
-0.059385,-0.086014,-0.062097,-0.45498,-0.061812,0
0.51046,-0.4964,-0.0518,7.9647,0.47037,0
0.32051,-0.62465,-0.037642,-1.3652,-0.22003,0
-0.81917,-0.11166,-0.055661,-7.7369,1.0601,0
-1.389,-0.086014,-0.065958,2.9584,0.77243,0
0.13056,-0.18861,-0.035068,8.1923,1.6354,0
0.7004,-0.0090658,0.0048318,-5.0062,1.8512,0
-0.24933,0.35002,-0.022197,-6.8267,0.95941,0
-0.059385,0.35002,-0.077542,6.1442,0.78681,0
0.13056,0.22178,-0.08269,4.5513,-0.9392,0
0.13056,-0.034715,-0.073681,-6.5991,-0.40701,0
0.41548,-0.13731,-0.10586,-3.6408,-0.89605,0
0.7004,-0.3938,-0.11358,7.5096,-0.36386,0
0.89035,-0.80419,-0.068532,1.8206,0.12517,0
1.2702,-0.23991,-0.067245,-7.9645,-0.56523,0
1.2702,-0.16296,-0.081403,0.00013542,0.25462,0
0.035589,0.067882,-0.102,7.9647,-0.65153,0
-0.62923,0.19613,-0.071106,-0.9101,0.32654,0
-0.53425,0.19613,0.0022576,-7.5093,0.45599,0
-0.62923,0.47827,0.097502,3.186,0.64298,0
-0.91415,0.88866,0.12711,6.1442,0.82996,0
-1.484,0.99126,0.062751,-4.0959,-0.39263,0
-0.53425,0.78606,0.012554,-6.3715,0.19709,0
0.13056,0.63217,0.033148,5.9167,-0.56523,0
-0.24933,0.58087,0.091067,3.8687,0.42722,0
-0.53425,-0.086014,0.10136,-7.5093,0.70051,0
0.22554,-0.29121,0.0099801,-2.503,0.77243,0
1.2702,-0.086014,-0.035068,7.9647,1.4053,0
0.7004,-0.13731,0.0086931,0.00013542,-0.047428,0
-0.62923,-0.21426,0.08978,-8.192,-0.033045,0
-1.484,0.042233,0.13998,0.68281,-1.6008,0
-0.7242,-0.31686,0.19146,7.0545,-1.1118,0
-0.7242,-0.5477,0.22364,-2.7306,-0.63715,0
-0.62923,-1.0863,0.23007,-7.5093,-0.32071,0
-1.294,-1.112,0.15156,4.0962,0.84434,0
-2.3388,-1.3172,0.037009,5.6891,0.082022,0
-0.7242,-1.4198,-0.014475,-6.3715,0.62859,0
0.035589,-1.4454,0.0061189,-6.5991,-0.56523,0
0.035589,-1.4454,0.10136,5.4616,-0.52208,0
0.51046,-1.3685,0.19918,3.8687,-0.19126,0
-0.059385,-1.4198,0.22106,-7.7369,0.067639,0
-1.6739,-1.6506,0.18374,-2.503,1.9231,0
-2.0538,-1.5737,0.14126,7.7372,1.6354,0
-1.484,-1.2402,0.15285,0.68281,2.1532,0
-0.62923,-1.2915,0.13354,-7.9645,1.3478,0
0.22554,-1.1889,0.12839,0.68281,0.78681,0
-0.81917,-1.0863,0.11166,7.282,1.4916,0
-1.0091,-0.95809,0.094928,-2.0479,1.1464,0
0.32051,-0.4964,0.065325,-7.9645,2.8005,0
0.51046,-0.0090658,-0.065958,3.8687,2.4265,0
0.98533,0.37567,-0.23457,6.5994,2.5416,0
0.7004,0.29873,-0.26932,-5.2337,1.7649,0
0.60543,0.27308,-0.19209,-5.6889,0.38407,0
0.89035,0.24743,-0.13417,6.8269,0.94503,0
0.51046,0.22178,-0.095561,5.0064,0.48476,0
-1.1991,0.68346,-0.074968,-7.0542,1.8656,0
-2.1488,1.1708,-0.06081,-3.4133,1.8368,0
-0.62923,1.4273,-0.056948,7.5096,1.5491,0
0.7004,0.96561,-0.090413,2.2757,1.3046,0
1.2702,0.93996,-0.098135,-7.7369,-0.39263,0
-0.15436,1.0682,-0.10843,0.45525,-0.047428,0
-0.81917,1.2221,-0.15863,7.9647,-0.75222,0
-1.8639,1.9146,-0.17665,-2.0479,0.71489,0
-2.2438,1.9659,-0.17407,-7.2818,1.621,0
-0.91415,2.1455,-0.13031,3.4135,1.7649,0
1.8401,1.9916,-0.102,7.282,1.8656,0
2.125,1.0939,-0.10328,-5.0062,-0.090578,0
0.89035,0.52957,-0.049226,-5.6889,-0.37825,0
0.7004,0.47827,0.016416,6.3718,-1.5289,0
1.6501,0.58087,0.0035447,3.6411,-0.594,0
2.03,0.63217,-0.053087,-7.7369,0.65736,0
0.13056,0.83736,-0.064671,-2.7306,1.0026,0
-1.1041,0.76041,-0.0016037,7.5096,1.8368,0
-0.059385,0.37567,0.062751,-0.68254,0.31216,0
0.51046,-0.23991,0.064038,-7.9645,0.038872,0
-0.15436,-0.31686,0.055028,2.2757,-1.0543,0
-0.53425,0.016583,0.026712,6.5994,-0.80975,0
-0.53425,0.14483,-0.024771,-5.0062,0.32654,0
-1.1041,0.22178,-0.090413,-5.6889,0.38407,0
-0.91415,0.24743,-0.10972,5.4616,1.319,0
0.22554,0.47827,-0.080116,3.8687,-0.1625,0
0.13056,0.81171,-0.068532,-6.8267,-0.40701,0
-0.24933,1.0169,-0.06081,-3.4133,-1.155,0
-0.62923,0.47827,-0.076255,8.4198,-1.5721,0
0.13056,-0.21426,-0.076255,0.68281,-0.47893,0
0.7004,-0.75289,-0.047939,-8.192,-0.52208,0
-0.15436,-0.93244,-0.013187,-0.45498,1.2039,0
-1.0091,-0.57335,0.016416,7.0545,1.2327,0
-1.0091,-0.034715,0.015128,-1.8203,1.506,0
0.32051,0.17048,0.012554,-6.5991,1.3765,0
0.22554,0.016583,-0.00031657,4.0962,0.11079,0
-0.7242,-0.47075,0.04087,6.3718,0.70051,0
-0.81917,-0.80419,0.10265,-5.0062,-0.23441,0
0.89035,-0.72725,0.15027,-4.5511,0.51352,0
0.79538,-0.6503,0.16057,6.3718,0.18271,0
-0.91415,-0.3938,0.14384,3.4135,-0.34948,0
-0.34431,0.016583,0.047306,-7.7369,0.48476,0
0.13056,-0.034715,-0.089126,-3.1857,0.082022,0
-0.059385,-0.36816,-0.15219,7.282,1.6067,0
0.60543,-0.11166,-0.11229,0.91037,1.0601,0
0.32051,0.17048,-0.072394,-8.4196,0.95941,0
-0.34431,-0.26556,-0.10457,0.91037,0.67174,0
-0.62923,-0.5477,-0.18308,7.282,-0.14811,0
-1.1041,-0.82984,-0.27061,-3.1857,1.0169,0
-1.0091,-1.1633,-0.25773,-7.7369,0.68613,0
-0.43928,-0.90679,-0.12388,4.7789,1.9087,0
-1.579,-0.3938,0.016416,5.4616,1.4197,0
-1.1041,-0.23991,0.051167,-7.2818,0.70051,0
0.22554,-0.23991,-0.019623,-4.5511,0.48476,0
0.32051,-0.47075,-0.11744,7.5096,-0.73783,0
-1.1991,-0.77854,-0.14704,1.5931,0.26901,0
-2.1488,-0.47075,-0.086552,-8.192,0.19709,0
-1.1041,-0.29121,0.1078,-0.22742,1.6498,0
-1.389,-0.6503,0.28542,8.1923,2.2108,0
-1.0091,-0.95809,0.20304,-2.2755,1.5779,0
0.32051,-1.035,-0.049226,-7.9645,1.5204,0
0.22554,-1.2146,-0.17021,3.186,-0.52208,0
-1.1041,-1.4198,-0.078829,6.3718,-0.36386,0
-2.9086,-1.6506,0.020277,-5.2337,-0.66591,0
-2.3388,-1.7789,-0.00031657,-5.6889,0.21147,0
-0.24933,-1.8302,-0.11487,6.8269,1.5779,0
0.79538,-1.5993,-0.17407,3.8687,1.2327,0
0.89035,-1.7276,-0.086552,-8.192,1.8368,0
0.98533,-2.3431,0.01899,-2.9581,0.48476,0
1.2702,-2.6253,0.10909,7.282,0.80119,0
1.6501,-2.6253,0.18245,1.5931,1.0026,0
1.4602,-2.9074,0.21978,-7.9645,1.1752,0
1.6501,-2.9844,0.27126,-0.22742,2.1245,0
1.4602,-2.2406,0.33047,7.5096,1.2039,0
1.0803,-1.6763,0.29314,-1.3652,1.8224,0
-0.059385,-1.3941,0.23393,-7.0542,0.90188,0
-0.059385,-1.4454,0.23136,4.7789,0.91626,0
0.13056,-1.4198,0.28413,5.6891,0.82996,0
0.22554,-0.93244,0.28799,-5.0062,-0.20565,0
0.60543,-0.18861,0.26096,-5.0062,0.16832,0
0.13056,0.37567,0.20819,6.5994,-1.083,0
0.035589,0.11918,0.17087,2.5033,-0.55085,0
-0.15436,0.58087,0.096215,-7.5093,-0.70906,0
0.035589,1.1708,0.04087,-1.8203,-0.23441,0
0.60543,1.1708,0.051167,8.1923,1.0169,0
0.41548,1.5299,0.026712,0.00013542,0.72928,0
0.13056,1.5299,-0.055661,-7.5093,1.3765,0
0.035589,1.4529,-0.10843,1.3655,-0.32071,0
0.41548,1.4786,-0.11615,6.1442,-1.0111,0
1.3652,0.93996,-0.065958,-4.5511,-2.0323,0
0.60543,0.93996,0.0061189,-7.7369,-2.9385,0
0.22554,1.5299,-0.0080391,4.5513,-2.0323,0
0.51046,1.812,-0.083977,4.0962,-2.3775,0
0.51046,2.1455,-0.086552,-7.0542,-0.73783,0
0.51046,2.1968,-0.064671,-4.0959,-0.62276,0
-1.1991,1.9916,-0.076255,7.9647,-0.43578,0
-2.1488,1.0939,-0.073681,2.0482,-0.19126,0
-0.7242,0.22178,0.024138,-9.1023,-1.4139,0
-0.059385,0.32437,0.12324,-0.22742,-0.89605,0
-0.34431,0.81171,0.14384,7.282,-1.946,0
-0.059385,1.2734,0.16443,-0.9101,-1.4714,0
0.035589,1.4273,0.18502,-7.5093,-1.2988,0
-0.91415,1.4529,0.19532,2.9584,-1.3851,0
-0.91415,1.4529,0.13483,6.5994,-0.018661,0
0.7004,1.2221,0.057602,-4.5511,-0.5077,0
1.0803,1.0682,0.046019,-6.144,0.41284,0
-0.15436,1.0682,0.07176,6.1442,-0.57961,0
-0.15436,1.0426,0.073047,5.0064,-0.86728,0
-0.059385,1.0682,-0.00031657,-6.5991,-0.47893,0
-0.53425,0.99126,-0.063384,-3.4133,-0.7666,0
-0.15436,1.3247,-0.074968,6.5994,0.70051,0
0.7004,2.1198,-0.08269,2.2757,0.082022,0
0.89035,1.8633,-0.10071,-7.5093,0.59983,0
-0.059385,1.299,-0.11358,-0.45498,-0.32071,0
-0.91415,1.0426,-0.17536,8.1923,-1.2125,0
-0.43928,1.5555,-0.23071,-0.22742,-1.2556,0
-0.059385,2.2224,-0.23972,-6.8267,-2.1186,0
-0.24933,2.6072,-0.19209,1.8206,-1.0543,0
-0.53425,2.3763,-0.15348,7.282,-1.3995,0
-0.24933,2.2994,-0.15091,-4.0959,-0.53646,0
0.035589,1.9916,-0.16249,-6.5991,-0.6803,0
-0.43928,1.6838,-0.13289,5.6891,-1.7303,0
-1.0091,1.1965,-0.053087,4.3238,-1.7734,0
-1.9589,1.0169,-0.04279,-7.7369,-3.1542,0
-1.7689,0.55522,-0.1419,-3.8684,-2.3632,0
-0.81917,0.50392,-0.22298,7.9647,-2.4782,0
-0.34431,0.24743,-0.20239,2.0482,-1.7159,0
-0.43928,-0.29121,-0.19853,-8.192,-0.9392,0
-1.1041,-0.75289,-0.21912,0.68281,-1.7447,0
0.035589,-1.5224,-0.20625,7.282,-1.4139,0
1.0803,-1.2402,-0.0917,-2.7306,-3.1399,0
0.98533,-0.599,0.015128,-7.7369,-2.9673,0
0.60543,-0.4964,0.062751,3.6411,-3.3125,0
0.32051,-0.5477,0.13225,6.1442,-3.183,0
-0.43928,-0.82984,0.16314,-5.4613,-2.0467,0
-0.62923,-0.4964,0.16057,-5.6889,-2.5501,0
-0.7242,0.016583,0.10008,6.8269,-1.4282,0
-0.91415,0.42697,0.062751,2.7309,-2.0036,0
-2.3388,0.63217,0.065325,-8.192,-1.8741,0
-2.9086,0.86301,0.094928,-2.0479,-1.9748,0
-2.0538,0.96561,0.10522,7.282,-3.0536,0
-0.91415,0.96561,0.12711,-0.22742,-2.4638,0
-0.7242,0.70911,0.16958,-8.4196,-3.4994,0
-0.15436,0.86301,0.19918,2.0482,-2.6508,0
0.22554,0.47827,0.15285,7.5096,-2.5358,0
0.035589,0.52957,0.055028,-3.8684,-2.0611,0
0.79538,1.299,0.030574,-7.2818,-0.98235,0
0.41548,1.1965,0.085918,5.234,-1.6152,0
-0.24933,0.32437,0.13869,5.4616,-0.92482,0
-0.24933,-0.599,0.18631,-6.144,-2.1762,0
0.41548,-0.93244,0.18889,-4.7786,-1.7015,0
-0.059385,-0.5477,0.21334,5.9167,-1.4139,0
-0.62923,-0.11166,0.23136,2.9584,-1.2556,0
0.79538,-0.11166,0.20433,-7.9645,-0.27756,0
0.98533,0.067882,0.18116,-2.2755,-1.1693,0
-0.24933,0.37567,0.16958,7.7372,-0.46455,0
-0.059385,0.37567,0.20562,0.91037,-1.0974,0
0.51046,-0.060364,0.22621,-7.7369,-1.0687,0
0.7004,-0.93244,0.23007,0.00013542,-0.70906,0
0.41548,-1.5737,0.28027,7.5096,-1.3851,0
-0.34431,-1.5224,0.34462,-2.7306,-0.594,0
-0.62923,-1.4198,0.37294,-6.8267,-1.4282,0
-0.62923,-1.4198,0.37037,4.3238,-0.75222,0
-0.24933,-1.9071,0.37551,5.6891,-0.89605,0
0.51046,-2.1636,0.37037,-6.144,-0.96797,0
0.89035,-1.7532,0.36393,-3.8684,-0.22003,0
0.51046,-1.7276,0.34848,7.282,-0.83852,0
-0.24933,-1.5737,0.32789,2.5033,0.12517,0
-0.7242,-0.93244,0.27512,-8.6471,-0.57961,0
-0.24933,-0.6503,0.26096,-0.9101,-0.65153,0
0.41548,-0.57335,0.25839,7.5096,-1.2269,0
0.41548,-0.599,0.25581,-1.5928,-1.9892,0
-0.43928,-0.6503,0.25839,-7.7369,-0.95358,0
-0.24933,-0.599,0.26096,2.5033,-0.96797,0
0.32051,-0.599,0.25581,6.3718,0.88749,0
-0.91415,-0.599,0.24552,-5.4613,0.87311,0
-0.91415,-0.57335,0.21463,-6.144,0.87311,0
0.035589,-0.62465,0.17859,6.1442,0.45599,0
0.41548,-0.5477,0.17215,3.186,-0.98235,0
0.22554,-0.086014,0.14899,-7.7369,-0.45016,0
0.035589,0.35002,0.11552,-2.7306,-1.1693,0
0.035589,0.35002,0.087205,8.4198,-0.061812,0
-0.62923,0.50392,0.075622,0.45525,0.13956,0
-1.389,0.093531,0.074335,-8.8747,0.22586,0
-1.0091,0.14483,0.096215,0.2277,0.87311,0
0.035589,-0.086014,0.094928,6.8269,-0.018661,0
0.13056,-0.18861,0.08077,-2.0479,0.97379,0
-1.0091,0.042233,0.025425,-7.0542,0.47037,0
-1.6739,0.96561,-0.0119,3.186,1.319,0
-1.6739,1.6068,0.020277,6.3718,1.7505,0
-0.91415,1.0939,0.078196,-5.0062,1.4772,0
-0.81917,0.17048,0.12324,-5.6889,2.3258,0
-0.53425,-0.13731,0.18631,6.3718,1.3478,0
-0.81917,-0.23991,0.16314,4.0962,2.0094,0
-0.62923,-0.47075,0.085918,-6.8267,1.6498,0
-0.7242,-0.599,0.092354,-3.4133,2.0669,0
-1.1041,-0.82984,0.15671,7.7372,3.4765,0
-1.389,-0.47075,0.18502,2.0482,3.4621,0
-0.62923,-0.5477,0.16829,-7.5093,4.6991,0
-1.1041,-0.060364,0.14641,0.00013542,3.2176,0
-1.7689,0.37567,0.12453,7.5096,2.556,0
-1.1991,0.58087,0.091067,-1.8203,1.3334,0
0.035589,0.60652,0.078196,-6.8267,0.45599,0
0.13056,0.55522,0.061464,4.0962,1.6067,0
0.41548,0.32437,0.065325,5.4616,1.7505,0
2.22,0.24743,0.13483,-6.8267,3.6203,0
2.6949,-0.26556,0.17344,-5.0062,3.1601,0
1.8401,-0.29121,0.16057,6.5994,2.5416,0
1.7451,0.042233,0.10394,2.9584,1.621,0
0.32051,0.14483,0.08077,-7.0542,-0.11935,0
-1.1041,0.65782,0.07176,-2.9581,0.24024,0
-1.1991,0.47827,0.082057,7.5096,-0.70906,0
-1.8639,0.27308,0.10394,0.2277,0.16832,0
-1.7689,0.73476,0.1477,-7.9645,0.45599,0
-0.34431,0.96561,0.18245,0.68281,0.80119,0
0.13056,0.55522,0.21463,7.5096,1.5347,0
-0.34431,0.58087,0.19532,-1.5928,0.21147,0
-0.15436,1.299,0.13611,-7.5093,-0.20565,0
0.79538,1.5042,0.15285,3.4135,-2.4782,0
1.0803,0.96561,0.17859,5.0064,-3.2405,0
-0.15436,0.93996,0.070473,-6.144,-3.4563,0
-1.484,0.99126,-0.08269,-6.3715,-3.1399,0
-2.1488,1.2221,-0.12002,7.282,-1.4282,0
-0.059385,0.68346,-0.069819,2.9584,-1.8885,0
0.7004,0.32437,-0.076255,-7.5093,-1.7015,0
-0.62923,0.47827,-0.15863,-1.8203,-3.7727,0
-1.0091,0.58087,-0.20368,7.9647,-4.9809,0
0.22554,1.3503,-0.20496,-0.22742,-5.2974,0
-0.24933,1.5042,-0.21011,-7.7369,-5.7001,0
-1.0091,1.1965,-0.25001,3.186,-4.0892,0
-0.81917,0.99126,-0.27189,7.282,-3.7727,0
-0.62923,0.27308,-0.241,-3.4133,-2.018,0
-0.62923,-0.36816,-0.16249,-6.5991,-2.0899,0
-0.62923,-1.0607,-0.054374,4.5513,-2.9097,0
-0.53425,-1.3685,0.029286,5.234,-3.4563,0
-1.389,-1.3685,0.013841,-5.6889,-5.1104,0
-2.3388,-1.4198,-0.073681,-4.3235,-4.4631,0
-0.62923,-1.6763,-0.083977,7.282,-4.7508,0
0.13056,-1.8045,-0.077542,2.5033,-3.37,0
0.32051,-1.5993,-0.094274,-8.4196,-2.018,0
0.32051,-1.1889,-0.027345,0.00013542,-1.5721,0
-0.91415,-1.0607,0.034435,7.7372,-0.4214,0
-0.81917,-1.2915,-0.059523,-1.3652,-1.5145,0
0.22554,-1.625,-0.24358,-7.5093,-0.88167,0
0.60543,-1.8302,-0.33367,3.8687,-1.083,0
0.89035,-1.3685,-0.28734,6.3718,-0.3351,0
1.3652,-0.57335,-0.24229,-5.6889,0.67174,0
1.8401,-0.034715,-0.27061,-6.144,0.26901,0
2.03,0.17048,-0.36328,7.282,1.2615,0
2.5999,0.47827,-0.41991,3.4135,0.34092,0
2.03,0.81171,-0.48812,-7.2818,0.72928,0
0.22554,1.0169,-0.54218,-2.503,0.24024,0
0.035589,0.99126,-0.51515,7.282,-0.13373,0
0.60543,0.81171,-0.45852,0.2277,0.80119,0
1.3652,1.1452,-0.43793,-7.7369,0.49914,0
2.5049,1.6581,-0.51258,1.5931,2.0382,0
2.9798,2.325,-0.66188,6.5994,1.7936,0
2.125,3.1201,-0.80861,-5.0062,2.3834,0
0.89035,2.9406,-0.88712,-7.2818,2.4409,0
-0.91415,2.2994,-0.85494,4.7789,1.8799,0
-1.389,1.6325,-0.77643,4.0962,2.5272,0
-0.91415,1.4529,-0.75712,-7.2818,1.4053,0
-0.91415,1.1708,-0.70564,-4.0959,2.0669,0
-0.91415,1.2477,-0.6104,7.282,1.6354,0
-0.34431,1.4016,-0.52802,2.0482,2.0382,0
-0.7242,0.70911,-0.45723,-7.7369,2.6567,0
-0.62923,0.11918,-0.36842,-0.9101,1.7649,0
-0.62923,0.55522,-0.28219,6.8269,1.9231,0
-0.24933,1.4273,-0.21269,-1.8203,0.067639,0
0.51046,1.5042,-0.24358,-7.9645,-0.090578,0
0.7004,0.96561,-0.31694,3.186,-0.9392,0
0.60543,-0.11166,-0.32466,6.8269,-1.2269,0
0.22554,-1.5737,-0.19853,-4.3235,-0.56523,0
0.035589,-2.3944,-0.037642,-5.9164,-0.8529,0
-0.34431,-2.3944,0.094928,6.3718,0.68613,0
-1.1041,-2.8048,0.21205,4.3238,0.49914,0
-1.0091,-3.2409,0.27769,-7.7369,1.3621,0
-0.24933,-3.3948,0.27255,-3.8684,1.3765,0
0.89035,-3.4974,0.26354,8.1923,0.67174,0
1.6501,-3.7026,0.29057,1.3655,1.1464,0
0.7004,-3.6256,0.34334,-7.7369,0.067639,0
-1.1991,-2.9844,0.36908,0.00013542,0.82996,0
-2.1488,-1.9584,0.30472,7.282,0.082022,0
-0.34431,-0.57335,0.19918,-1.8203,-0.32071,0
0.51046,-0.41945,0.16572,-6.144,-0.52208,0
0.89035,-0.26556,0.19146,3.8687,-1.6728,0
-0.059385,0.016583,0.25968,5.4616,-1.0111,0
-1.0091,-0.086014,0.24166,-6.8267,-1.9317,0
-0.81917,-0.67595,0.15671,-5.6889,-1.2988,0
-0.81917,-1.4711,0.18245,6.5994,-0.9392,0
-0.62923,-2.2662,0.25839,4.0962,-0.594,0
0.13056,-2.574,0.32532,-7.5093,0.47037,0
0.22554,-2.8561,0.40898,-2.7306,-0.73783,0
-0.62923,-2.5227,0.40254,7.5096,-0.62276,0
-1.579,-2.0867,0.30215,0.68281,-1.7591,0
-1.579,-1.8302,0.16958,-7.7369,-1.1837,0
-0.53425,-1.0094,0.074335,-0.45498,-0.26318,0
0.41548,0.27308,0.052454,7.0545,0.16832,0
0.32051,0.40132,0.07176,-2.9581,1.5635,0
-0.53425,0.042233,0.075622,-7.5093,1.0026,0
-0.7242,0.093531,0.074335,3.6411,1.9662,0
-0.62923,-0.31686,0.10008,5.4616,1.5347,0
-0.7242,-0.5477,0.17988,-5.6889,1.6067,0
-0.7242,-0.85549,0.25581,-5.6889,2.1388,0
-0.7242,-0.95809,0.25453,5.9167,1.4772,0
-0.24933,-0.72725,0.2069,3.186,2.3546,0
0.51046,0.11918,0.16958,-7.0542,1.3478,0
-0.15436,0.81171,0.097502,-2.9581,1.506,0
-1.1041,1.2477,0.022851,8.1923,1.1032,0
-0.91415,1.7094,-0.063384,1.1379,1.0169,0
-1.294,2.5815,-0.13675,-7.9645,2.182,0
-1.1041,3.4792,-0.13031,0.68281,1.7361,0
0.60543,3.6075,-0.08269,7.282,2.5272,0
0.89035,3.3253,-0.013187,-1.5928,1.7361,0
-0.059385,2.838,0.047306,-7.5093,2.0957,0
0.32051,1.9403,0.066612,4.3238,2.6567,0
0.89035,1.5555,0.061464,6.1442,2.6567,0
-0.15436,1.7094,0.04087,-5.6889,3.8361,0
-0.059385,1.3247,-0.013187,-5.9164,3.1169,0
0.60543,0.32437,-0.015762,6.5994,3.6923,0
-0.15436,0.14483,0.01899,3.186,2.6854,0
-1.7689,-0.060364,-0.014475,-7.2818,2.3402,0
-1.9589,-0.6503,-0.049226,-1.8203,3.1169,0
-1.1991,-1.4711,0.013841,6.8269,3.5916,0
-0.15436,-2.2919,0.093641,1.1379,5.8498,0
-0.7242,-2.8048,0.083344,-7.5093,5.7203,0
-2.3388,-2.7279,-0.019623,1.1379,6.008,0
-1.8639,-2.3944,-0.1818,7.282,4.6703,0
-0.15436,-2.2406,-0.27833,-2.503,2.671,0
0.41548,-2.5227,-0.2217,-7.5093,2.2683,0
-0.059385,-3.087,-0.18694,4.0962,1.2615,0
-0.53425,-3.6256,-0.21269,6.1442,3.2176,0
0.79538,-2.574,-0.23199,-6.144,4.0806,0
1.4602,-0.72725,-0.27704,-5.2337,5.2888,0
0.60543,0.093531,-0.41605,7.5096,5.0443,0
-1.294,0.47827,-0.54604,3.186,2.8005,0
-2.3388,0.27308,-0.56277,-6.8267,1.8224,0
-0.43928,-0.034715,-0.62713,-2.503,-0.29195,0
0.7004,-0.11166,-0.67089,7.282,0.28339,0
0.13056,0.22178,-0.6297,-0.22742,0.55667,0
0.13056,0.016583,-0.5499,-8.6471,1.2471,0
0.7004,-0.88114,-0.42248,1.1379,2.369,0
-0.7242,-2.0867,-0.31179,7.7372,1.621,0
-1.294,-3.087,-0.26031,-2.9581,1.9806,0
-0.81917,-3.9078,-0.26674,-7.5093,0.45599,0
-0.15436,-4.3181,-0.33239,4.3238,0.22586,0
0.41548,-5.062,-0.30922,6.1442,-0.004278,0
0.7004,-5.7545,-0.16378,-5.4613,-0.36386,0
0.7004,-6.2675,-0.0016037,-4.0959,0.64298,0
0.035589,-6.8318,0.074335,6.8269,0.21147,0
0.13056,-7.3448,0.043444,1.5931,1.621,0
-0.62923,-6.8318,0.046019,-8.6471,1.2902,0
-0.34431,-6.2418,0.083344,-0.68254,0.88749,0
1.8401,-5.7032,0.14384,8.6474,-0.004278,0
2.4099,-5.062,0.16829,0.2277,-1.7303,0
0.51046,-4.7542,0.17859,-7.2818,-1.6152,0
-1.0091,-4.549,0.23779,1.3655,-2.1762,0
-0.43928,-4.5746,0.32532,7.282,-0.39263,0
0.41548,-5.1902,0.35363,-2.9581,0.72928,0
0.13056,-5.2159,0.32532,-6.8267,1.5491,0
-0.81917,-4.1642,0.28542,4.0962,1.8512,0
-0.81917,-3.1639,0.28928,5.0064,0.024489,0
0.22554,-2.7535,0.35492,-6.5991,-0.37825,0
0.22554,-2.5996,0.37809,-4.0959,-1.9892,0
-0.62923,-2.3431,0.35492,7.282,-1.457,0
-1.389,-1.4967,0.29443,3.186,-0.3351,0
-1.0091,-0.88114,0.21463,-7.7369,1.1032,0
0.22554,-0.62465,0.062751,-1.1377,3.3902,0
1.1753,-0.086014,-0.064671,7.0545,2.5704,0
0.51046,0.86301,-0.058236,-0.68254,2.1532,0
-0.43928,1.6325,0.021564,-8.4196,-0.43578,0
-0.7242,1.8377,0.11938,2.5033,-1.6584,0
-0.24933,1.3247,0.20047,7.5096,-1.27,0
0.51046,1.0426,0.20433,-5.0062,-0.96797,0
0.41548,0.83736,0.11295,-5.6889,1.2758,0
-1.0091,1.4016,-0.02992,6.3718,1.2039,0
-1.7689,1.9659,-0.12774,3.4135,1.4916,0
-2.7186,1.9659,-0.1419,-7.5093,0.44161,0
-2.4337,2.1455,-0.11487,-4.3235,-1.0687,0
-0.7242,2.0429,-0.10071,7.282,-1.1118,0
-1.1041,1.8377,-0.14447,1.1379,-2.0755,0
-1.579,2.0685,-0.19209,-8.6471,-0.46455,0
-1.294,1.7864,-0.25001,-1.8203,0.010105,0
-1.294,1.9659,-0.28219,7.0545,1.0169,0
-1.7689,1.7094,-0.24872,-0.45498,1.4197,0
-1.7689,0.52957,-0.18952,-7.2818,0.35531,0
-1.484,-0.034715,-0.13932,2.0482,1.0026,0
-1.8639,0.27308,-0.13031,6.3718,0.096406,0
-1.294,0.78606,-0.15734,-5.2337,1.1176,0
0.89035,1.4529,-0.19209,-6.5991,1.1464,0
2.6949,1.5042,-0.18694,6.1442,1.1895,0
2.4099,1.7094,-0.14447,3.8687,1.4628,0
1.9351,2.0172,-0.11101,-6.5991,-0.076195,0
1.1753,2.5046,-0.15605,-4.3235,-0.19126,0
1.4602,2.6328,-0.15734,7.5096,-1.9029,0
1.1753,3.1714,-0.12002,2.2757,-1.644,0
-0.059385,3.4023,-0.049226,-7.0542,-1.4858,0
0.41548,2.7354,0.016416,-0.9101,-1.2269,0
1.2702,2.6072,0.05889,7.9647,0.067639,0
-0.43928,3.4279,0.085918,-0.9101,-0.43578,0
-2.4337,3.5818,0.12582,-8.192,0.80119,0
-0.91415,3.0432,0.17215,2.7309,0.28339,0
1.3652,2.6841,0.21077,7.0545,0.68613,0
1.9351,2.6585,0.18245,-4.3235,1.0745,0
0.89035,3.1714,0.057602,-5.6889,0.41284,0
-1.0091,3.4023,0.0048318,6.1442,0.87311,0
-0.24933,3.0175,0.076909,4.3238,-0.55085,0
0.13056,2.9663,0.167,-7.2818,-0.076195,0
0.035589,2.7867,0.17215,-3.6408,0.010105,0
0.51046,2.4789,0.13998,7.282,0.68613,0
0.89035,2.5046,0.18889,0.91037,1.621,0
0.51046,2.402,0.20176,-8.6471,0.87311,0
0.89035,2.0172,0.1374,0.68281,1.506,0
0.79538,2.0685,0.056315,7.5096,0.010105,0
0.79538,1.7094,0.015128,-2.0479,0.13956,0
1.4602,0.76041,-0.059523,-8.192,0.31216,0
1.1753,0.52957,-0.10071,3.4135,0.80119,0
0.035589,0.83736,-0.087839,6.8269,2.8005,0
-0.24933,0.76041,-0.038929,-4.5511,2.858,0
0.60543,0.65782,0.0086931,-7.5093,3.606,0
1.1753,0.37567,0.024138,5.4616,2.2539,0
2.315,0.016583,0.015128,3.8687,1.5204,0
2.8848,0.067882,-0.013187,-7.9645,1.4197,0
1.7451,0.35002,-0.038929,-5.0062,1.0313,0
0.41548,-0.13731,-0.074968,7.282,2.6423,0
0.22554,-0.23991,-0.11229,2.0482,2.6423,0
-0.7242,-0.0090658,-0.080116,-8.6471,3.8361,0
-1.484,-0.29121,-0.0080391,-1.3652,3.6491,0
-1.389,-0.5477,0.08077,7.9647,2.6135,0
-1.9589,-0.85549,0.12067,-1.5928,2.1388,0
-1.1991,-0.72725,0.073047,-8.192,0.25462,0
0.32051,-0.41945,0.027999,3.6411,0.80119,0
1.1753,0.067882,0.012554,6.8269,0.52791,0
1.6501,0.45262,-0.063384,-4.5511,1.5779,0
1.1753,0.35002,-0.1715,-5.4613,2.7717,0
0.51046,0.067882,-0.2114,6.3718,2.6854,0
0.41548,0.35002,-0.21912,3.6411,3.3614,0
1.0803,0.32437,-0.22942,-6.8267,1.7361,0
1.3652,0.042233,-0.20625,-3.8684,1.4772,0
0.7004,-0.11166,-0.11615,7.7372,0.35531,0
-1.0091,-0.21426,-0.019623,1.3655,-0.23441,0
-0.34431,-0.47075,0.044732,-7.5093,0.54229,0
0.13056,-0.75289,0.029286,0.68281,0.61421,0
-0.059385,-0.7016,-0.031207,6.8269,2.5272,0
1.2702,-0.13731,-0.06081,-2.9581,2.3978,0
3.0747,-0.36816,-0.047939,-6.8267,2.4697,0
2.22,-0.034715,-0.013187,3.4135,1.2471,0
0.41548,0.88866,-0.0093262,5.9167,-0.78098,0
-1.0091,1.4273,-0.058236,-6.3715,-1.1406,0
-1.9589,1.7094,-0.1316,-4.5511,-2.4063,0
-1.484,2.2737,-0.16506,7.7372,-1.2844,0
-0.059385,2.5815,-0.086552,2.7309,-1.3132,0
0.60543,2.1455,-0.046652,-7.7369,-1.2125,0
0.41548,1.4016,-0.10457,-1.1377,-1.0974,0
0.98533,0.63217,-0.12645,7.7372,-2.1618,0
1.5552,0.067882,-0.074968,-0.45498,-1.3851,0
1.2702,-0.18861,-0.044078,-8.192,-1.7734,0
1.4602,-0.23991,-0.064671,2.0482,-0.6803,0
1.2702,-0.47075,-0.072394,6.8269,-0.11935,0
-0.059385,-0.086014,-0.095561,-5.0062,-0.23441,0
-0.7242,-0.11166,-0.10714,-6.8267,0.35531,0
-0.53425,0.042233,-0.006752,6.1442,-0.92482,0
-1.0091,0.42697,0.11295,3.6411,-0.32071,0
-1.389,0.067882,0.076909,-7.9645,-0.55085,0
-0.91415,-1.112,-0.063384,-3.8684,0.25462,0
-0.81917,-1.6506,-0.14447,7.5096,1.4916,0
-0.7242,-2.061,-0.13031,-0.22742,1.5779,0
-0.059385,-2.2406,-0.072394,-7.7369,2.8293,0
-0.53425,-1.9328,0.029286,1.3655,1.6642,0
-0.7242,-1.5993,0.065325,7.7372,1.808,0
-0.15436,-1.1633,0.025425,-1.8203,0.75804,0
-0.34431,-1.0607,0.035722,-7.2818,0.16832,0
-0.059385,-1.7019,0.11938,5.0064,0.59983,0
0.7004,-2.138,0.22364,6.1442,-0.076195,0
0.60543,-2.7792,0.29443,-6.5991,1.0889,0
1.1753,-3.5487,0.35363,-3.8684,0.35531,0
2.125,-4.0104,0.40898,7.7372,0.65736,0
1.8401,-3.7795,0.36264,4.0962,0.29777,0
1.1753,-3.0613,0.26354,-7.7369,-0.66591,0
0.41548,-2.1893,0.21334,-2.7306,-0.3351,0
0.13056,-1.2146,0.18889,8.6474,-1.5577,0
1.3652,-1.7276,0.27383,0.00013542,-0.62276,0
2.6949,-3.1126,0.33175,-8.8747,-0.73783,0
2.125,-3.523,0.2867,1.3655,-0.047428,0
0.7004,-3.2409,0.25581,7.0545,0.74366,0
-0.34431,-2.8048,0.29571,-1.5928,0.13956,0
-1.484,-1.4454,0.28413,-6.8267,0.68613,0
-2.1488,-0.0090658,0.21849,3.6411,-0.75222,0
-0.62923,0.016583,0.20948,5.9167,-0.66591,0
1.0803,-0.88114,0.23393,-5.4613,-0.72345,0
1.0803,-1.7789,0.16572,-5.6889,-0.594,0
-0.059385,-1.6506,0.056315,6.3718,0.77243,0
-0.53425,-0.5477,0.053741,3.4135,0.31216,0
-0.81917,0.042233,0.10909,-7.7369,1.1752,0
-0.62923,-0.52205,0.079483,-3.4133,0.47037,0
-1.1041,-0.85549,-0.06081,6.8269,0.25462,0
-1.0091,-0.4964,-0.20368,0.68281,0.51352,0
-0.059385,-0.31686,-0.27061,-8.192,0.18271,0
-0.34431,-0.72725,-0.18823,-0.22742,1.9231,0
-0.24933,-0.93244,-0.1316,6.5994,1.995,0
0.79538,-1.035,-0.11615,-2.503,3.3039,0
1.4602,-0.95809,-0.11358,-7.0542,3.1888,0
1.4602,-1.035,-0.11358,3.8687,2.743,0
1.1753,-1.0094,-0.11358,5.4616,2.7861,0
1.2702,-1.0607,-0.11358,-6.5991,1.7361,0
1.0803,-1.035,-0.11358,-5.4613,2.6423,0
-0.62923,-1.035,-0.11229,6.8269,2.3258,0
-1.1041,-1.0607,-0.10586,3.186,3.4334,0
-0.91415,-1.2402,0.042157,-7.0542,3.8936,0
-1.0091,-2.5996,0.18374,-2.0479,3.4621,0
-2.4337,-3.3435,0.17344,7.7372,4.1238,0
-1.8639,-3.7282,0.16057,0.00013542,2.9587,0
-0.059385,-3.3691,0.19017,-7.2818,3.721,0
0.035589,-1.9071,0.18502,2.0482,2.9875,0
-1.0091,-0.4451,0.08077,7.0545,2.9299,0
-0.53425,-0.6503,-0.041503,-3.4133,3.1457,0
0.035589,-1.4198,-0.035068,-6.5991,2.3258,0
-0.81917,-2.497,0.062751,5.4616,3.232,0
-1.6739,-3.01,0.1181,5.4616,2.5991,0
-1.579,-2.7535,0.12196,-6.8267,3.6779,0
-1.0091,-1.6763,0.13097,-3.6408,3.7498,0
-0.7242,-0.18861,0.13225,7.0545,3.5484,0
-0.62923,0.70911,0.098789,1.5931,3.8073,0
-0.62923,0.93996,0.08077,-7.9645,2.3258,0
0.13056,1.0426,0.11166,0.68281,2.4409,0
1.6501,1.0682,0.16057,7.5096,0.81558,0
1.3652,0.73476,0.14126,-2.2755,0.70051,0
0.7004,0.47827,0.11681,-7.2818,0.39846,0
1.4602,0.50392,0.18374,4.7789,0.024489,0
0.41548,0.55522,0.34076,5.234,0.85873,0
-0.81917,0.63217,0.37165,-6.144,0.010105,0
-0.81917,0.37567,0.30858,-5.4613,0.82996,0
-0.34431,0.17048,0.33947,7.7372,0.24024,0
-0.81917,0.19613,0.38324,2.0482,0.067639,0
-1.8639,-0.52205,0.36264,-7.9645,-0.004278,0
-1.389,-1.4198,0.32274,-0.9101,-0.9392,0
-0.24933,-1.8045,0.27126,7.282,0.11079,0
-1.1041,-2.3175,0.23908,-1.5928,-0.1625,0
-1.7689,-2.3431,0.27126,-8.6471,1.1608,0
0.41548,-2.2406,0.3266,3.6411,1.2471,0
1.1753,-2.3175,0.33819,5.4616,1.0601,0
-0.34431,-2.2406,0.28156,-5.6889,1.0601,0
-1.294,-2.061,0.15285,-6.3715,-0.20565,0
-0.34431,-2.1123,0.096215,4.7789,0.36969,0
0.60543,-1.6763,0.17344,3.8687,-0.4214,0
0.13056,-0.75289,0.26997,-7.2818,0.13956,0
-0.34431,-0.5477,0.32146,-3.4133,0.13956,0
-0.62923,-0.5477,0.32403,7.0545,-0.29195,0
-0.7242,-0.13731,0.30215,1.5931,0.31216,0
-1.1041,0.093531,0.167,-8.192,-0.82413,0
-1.0091,-0.4964,-0.0119,-0.22742,-0.26318,0
0.51046,-0.90679,-0.087839,6.8269,-0.99673,0
0.22554,-0.80419,-0.063384,-1.8203,-0.72345,0
-0.34431,-0.85549,-0.027345,-7.7369,-0.13373,0
-0.62923,-0.18861,-0.038929,3.6411,-0.32071,0
-0.62923,0.91431,-0.055661,6.1442,0.91626,0
-0.62923,1.0426,0.026712,-5.4613,0.13956,0
-1.484,0.86301,0.13611,-6.5991,0.78681,0
-2.1488,1.0939,0.15671,5.6891,0.38407,0
-0.15436,1.0939,0.061464,4.5513,-0.29195,0
1.1753,1.0426,-0.089126,-6.3715,-0.047428,0
0.98533,1.5299,-0.16764,-3.1857,-1.0687,0
0.13056,1.7864,-0.12645,8.4198,0.024489,0
-0.7242,1.8377,0.046019,1.5931,-0.13373,0
0.22554,1.889,0.19532,-7.9645,0.59983,0
1.1753,2.3763,0.20176,0.00013542,0.78681,0
1.6501,3.1201,0.13483,7.5096,-0.20565,0
1.4602,3.6844,0.055028,-1.3652,0.11079,0
1.4602,3.787,0.0061189,-7.7369,-1.0543,0
0.89035,4.1205,-0.033781,2.7309,-0.3351,0
0.13056,4.0435,-0.096848,5.234,-0.55085,0
0.51046,4.1718,-0.19853,-5.6889,-0.46455,0
0.32051,4.2744,-0.26803,-4.3235,-0.047428,0
-0.43928,4.1205,-0.25902,6.5994,-0.91043,0
-0.53425,3.8896,-0.19467,2.7309,-0.004278,0
-0.15436,2.8637,-0.14061,-8.192,-0.5077,0
0.51046,1.889,-0.18952,-2.503,0.51352,0
1.3652,1.5042,-0.23328,6.5994,0.57106,0
1.4602,1.7094,-0.19338,-0.68254,-0.37825,0
1.2702,2.5302,-0.16249,-8.4196,-0.91043,0
0.89035,2.4789,-0.069819,1.5931,-2.8378,0
0.89035,1.8377,0.061464,6.8269,-2.5789,0
0.79538,2.0172,-0.026058,-2.9581,-2.8522,0
0.7004,2.4276,-0.21397,-6.3715,-1.946,0
0.51046,2.6072,-0.2011,3.8687,-0.53646,0
0.51046,2.7098,-0.036355,5.6891,-0.39263,0
1.6501,2.6585,0.084631,-6.3715,0.45599,0
1.5552,2.4533,0.098789,-5.4613,-1.0111,0
0.7004,2.838,0.01899,6.8269,-1.1981,0
-0.43928,3.5049,-0.16378,2.7309,-1.8454,0
-0.24933,3.8383,-0.30922,-7.5093,-1.9604,0
0.51046,3.6844,-0.32852,-1.3652,-0.45016,0
0.89035,2.9919,-0.25259,7.282,-0.13373,0
0.22554,1.7607,-0.17536,-0.45498,1.4916,0
-0.24933,1.4016,-0.14318,-7.9645,0.71489,0
-0.059385,1.4016,-0.15992,2.0482,0.68613,0
0.13056,1.2221,-0.1715,7.0545,0.22586,0
-0.34431,0.76041,-0.16378,-4.3235,-0.80975,0
-0.24933,0.63217,-0.17279,-7.2818,-0.26318,0
0.60543,0.35002,-0.27575,4.7789,-0.9392,0
-0.15436,0.19613,-0.43149,5.4616,0.38407,0
-0.62923,0.19613,-0.50228,-6.5991,0.45599,0
-0.24933,0.45262,-0.41605,-4.5511,0.47037,0
-0.53425,0.32437,-0.30278,7.7372,0.58544,0
0.035589,0.47827,-0.29892,2.9584,-0.80975,0
1.4602,0.81171,-0.3208,-6.8267,-0.43578,0
2.315,0.55522,-0.25387,-1.3652,-1.1693,0
1.4602,0.50392,-0.17407,6.8269,0.082022,0
0.41548,0.83736,-0.13031,-0.68254,0.85873,0
-0.059385,1.1965,-0.10328,-8.4196,0.90188,0
-0.15436,0.93996,-0.069819,1.8206,1.7361,0
0.51046,0.65782,-0.058236,7.282,0.62859,0
0.89035,1.6068,-0.041503,-3.4133,1.2327,0
0.7004,2.402,-0.058236,-6.5991,0.34092,0
0.98533,2.6585,-0.11744,4.0962,0.47037,0
1.3652,2.9406,-0.18308,4.5513,0.67174,0
1.5552,4.0435,-0.23199,-6.5991,0.024489,0
0.32051,4.6335,-0.23071,-3.8684,0.95941,0
-1.0091,5.249,-0.24615,7.282,0.13956,0
-0.81917,5.249,-0.28734,2.0482,0.88749,0
-0.24933,4.4539,-0.27961,-7.9645,0.87311,0
0.98533,3.5305,-0.28734,-1.5928,0.91626,0
2.03,3.1458,-0.29249,6.8269,2.0669,0
1.4602,2.5559,-0.15091,-0.9101,1.6642,0
0.13056,1.812,0.053741,-7.9645,2.556,0
-0.53425,1.1965,0.16572,3.4135,1.4197,0
-0.62923,0.58087,0.29185,6.5994,1.4484,0
0.13056,0.016583,0.23522,-5.2337,1.4916,0
2.125,0.27308,-0.031207,-6.144,1.132,0
2.9798,0.067882,-0.23328,6.8269,2.1245,0
2.03,0.19613,-0.27961,3.8687,1.4341,0
1.0803,1.4786,-0.2513,-7.0542,2.2683,0
1.4602,2.838,-0.23457,-1.5928,1.6642,0
1.5552,3.1458,-0.29377,7.9647,1.3046,0
1.2702,2.8893,-0.38258,0.68281,1.0026,0
0.32051,3.1714,-0.37615,-7.5093,-0.49331,0
0.035589,3.4536,-0.17922,1.3655,-0.090578,0
0.60543,3.5305,-0.098135,7.9647,-1.0399,0
0.32051,3.9922,-0.22684,-2.2755,-0.26318,0
0.035589,4.3,-0.3105,-6.8267,-0.39263,0
1.3652,4.0692,-0.33753,4.3238,-0.70906,0
1.7451,3.6844,-0.39803,5.4616,-0.1625,0
-0.24933,3.5305,-0.40704,-6.144,-1.1262,0
-0.81917,4.0435,-0.29635,-5.0062,-0.4214,0
-0.15436,4.5052,-0.17665,6.8269,-1.1837,0
-0.34431,4.4539,-0.10457,3.6411,-0.95358,0
0.32051,4.0692,-0.077542,-7.7369,-0.53646,0
1.7451,2.6841,-0.083977,-1.8203,-0.46455,0
1.7451,1.2221,-0.11358,7.282,1.1608,0
1.2702,-0.31686,-0.14962,0.45525,0.80119,0
0.79538,-1.4711,-0.044078,-8.6471,1.506,0
1.2702,-2.5483,0.13611,1.5931,0.45599,0
1.6501,-3.7795,0.32017,7.282,-0.29195,0
1.2702,-3.9334,0.42314,-3.4133,-0.1625,0
-0.059385,-2.2406,0.37551,-7.2818,-0.91043,0
-1.389,-0.72725,0.29829,4.5513,0.41284,0
-1.1041,-0.23991,0.28027,5.6891,-0.23441,0
0.32051,0.042233,0.30344,-6.5991,0.024489,0
0.035589,-0.29121,0.3369,-5.6889,-0.6803,0
-1.579,-0.5477,0.29443,6.1442,-2.0899,0
-2.0538,-0.599,0.20948,2.7309,-1.9173,0
-1.6739,-0.3938,0.15671,-8.192,-2.8666,0
-0.62923,0.22178,0.15285,-3.1857,-1.1262,0
0.51046,0.50392,0.25324,7.5096,-0.6803,0
1.5552,-0.060364,0.39611,0.00013542,-0.018661,0
1.5552,-0.41945,0.42571,-8.192,-0.004278,0
1.1753,0.60652,0.28027,0.91037,-1.3563,0
0.32051,2.0172,0.083344,6.5994,-1.155,0
0.035589,3.0688,-0.038929,-3.1857,-2.4638,0
0.51046,3.1714,-0.072394,-7.9645,-1.7015,0
0.22554,2.3763,-0.094274,4.3238,-1.5577,0
-0.62923,1.4273,-0.035068,6.1442,-0.98235,0
-0.7242,0.067882,0.064038,-5.9164,0.34092,0
1.0803,-0.21426,0.029286,-5.4613,-0.27756,0
2.315,0.76041,-0.11873,7.0545,0.21147,0
1.3652,1.8377,-0.2513,3.4135,-1.4282,0
1.0803,1.8633,-0.23199,-7.7369,-1.6296,0
0.51046,1.0939,-0.096848,-3.1857,-1.6728,0
-0.15436,0.47827,0.042157,8.1923,-1.8022,0
-0.24933,0.24743,0.14899,0.68281,-0.53646,0
0.60543,0.14483,0.20047,-7.9645,-0.79537,0
0.22554,-0.034715,0.22621,0.91037,0.25462,0
-0.53425,-0.4451,0.1773,7.282,-0.30633,0
0.41548,-1.0607,0.17087,-2.2755,-0.45016,0
1.6501,-1.5737,0.20948,-7.2818,0.067639,0
1.6501,-1.548,0.19146,4.7789,0.038872,0
1.3652,-0.7016,0.13611,6.3718,1.5779,0
0.035589,0.60652,0.11681,-5.4613,0.98818,0
-1.6739,0.60652,0.12453,-5.6889,1.3909,0
-1.579,0.067882,0.14512,7.0545,0.62859,0
-0.91415,0.24743,0.18889,3.8687,0.010105,0
-1.294,-0.21426,0.23007,-7.2818,0.45599,0
-1.389,-0.98374,0.1773,-2.9581,-0.11935,0
-0.43928,-1.3941,0.062751,7.9647,1.2615,0
-0.15436,-1.6763,-0.017049,1.5931,1.0889,0
-0.34431,-1.6763,-0.031207,-8.192,1.9662,0
-0.24933,-1.4198,-0.019623,-0.22742,2.0094,0
1.0803,-1.1889,-0.0028907,6.8269,1.1608,0
1.4602,-0.75289,0.01899,-1.3652,1.1895,0
1.0803,-0.599,0.016416,-7.7369,-0.49331,0
0.89035,-0.31686,-0.024771,3.4135,-0.090578,0
0.32051,0.27308,-0.064671,7.282,-0.46455,0
0.13056,0.55522,-0.026058,-5.0062,-0.004278,0
0.32051,0.63217,0.075622,-6.3715,0.44161,0
-0.62923,0.60652,0.13225,5.9167,-0.43578,0
-0.34431,-0.060364,0.14126,4.0962,-0.033045,0
0.22554,-0.034715,0.17344,-7.2818,-1.2988,0
-0.059385,0.35002,0.20176,-3.4133,-0.73783,0
0.60543,0.37567,0.15413,7.7372,-0.80975,0
0.7004,0.27308,0.10008,0.91037,-0.91043,0
0.89035,0.76041,0.055028,-7.9645,-0.13373,0
0.60543,1.6581,0.033148,0.91037,-0.75222,0
0.32051,1.889,0.01899,7.5096,0.62859,0
-0.34431,1.6581,-0.063384,-2.2755,0.44161,0
-0.7242,1.9916,-0.18694,-7.7369,0.98818,0
-0.15436,2.6841,-0.23071,4.0962,0.62859,0
0.51046,2.7867,-0.20239,6.8269,-0.78098,0
0.7004,2.5046,-0.19209,-4.3235,-0.75222,0
0.7004,1.7864,-0.15863,-5.9164,-1.8454,0
0.7004,1.7864,-0.12903,5.9167,-0.56523,0
-0.059385,2.325,-0.18051,3.6411,-0.29195,0
-1.389,2.6072,-0.3414,-7.0542,0.35531,0
-1.6739,1.9403,-0.4302,-3.1857,1.319,0
-0.81917,0.99126,-0.3105,8.875,0.59983,0
-0.34431,0.40132,-0.1316,1.3655,1.2183,0
0.035589,-0.23991,0.037009,-7.5093,0.082022,0
-1.0091,-1.2402,0.25067,1.3655,0.48476,0
-1.7689,-1.2146,0.31245,7.282,0.64298,0
-2.1488,-1.3685,0.17859,-3.4133,0.58544,0
-2.1488,-1.6506,0.029286,-7.2818,1.6642,0
-1.579,-1.5737,0.024138,5.234,0.93064,0
0.035589,-1.1889,0.030574,5.6891,1.5923,0
1.6501,-1.0607,0.04087,-6.5991,0.41284,0
1.9351,-0.75289,0.037009,-4.0959,0.11079,0
0.60543,-0.16296,-0.015762,6.8269,-0.13373,0
-0.43928,-0.11166,-0.102,1.5931,-0.80975,0
-0.15436,-0.41945,-0.11487,-8.192,0.31216,0
0.7004,-0.98374,-0.019623,-0.9101,-0.53646,0
0.7004,-0.90679,0.093641,7.5096,0.13956,0
-0.7242,-0.88114,0.10522,-1.5928,-0.23441,0
-1.0091,-1.1889,0.10265,-7.9645,-0.22003,0
0.51046,-0.62465,0.15285,2.7309,0.87311,0
1.4602,-0.5477,0.18245,5.6891,0.77243,0
0.7004,-1.2915,0.083344,-5.4613,2.2827,0
-0.62923,-1.2402,-0.069819,-5.4613,1.7073,0
-1.6739,-0.57335,-0.18051,6.5994,1.8512,0
-2.1488,0.45262,-0.20882,3.186,1.0457,0
-1.579,0.91431,-0.23328,-7.0542,-0.39263,0
-0.059385,0.50392,-0.2011,-2.0479,-0.36386,0
1.0803,0.11918,-0.085264,6.8269,-1.3132,0
0.13056,0.52957,0.020277,0.68281,0.16832,0
-1.1041,1.2477,0.05889,-7.2818,0.48476,0
-0.34431,1.6581,-0.019623,1.5931,1.4053,0
0.79538,2.325,-0.16378,7.7372,1.8799,0
1.5552,2.3763,-0.19982,-2.503,0.91626,0
0.60543,3.0432,-0.15219,-6.8267,1.2327,0
0.13056,3.3766,-0.14447,4.7789,-0.4214,0
0.60543,3.274,-0.17279,5.6891,-0.2488,0
1.1753,2.6585,-0.16764,-6.144,-0.47893,0
1.5552,2.838,-0.18566,-4.3235,-0.004278,0
0.98533,2.7867,-0.24486,7.5096,1.4053,0
0.7004,1.889,-0.3414,3.6411,1.3478,0
0.41548,1.2734,-0.37357,-7.7369,2.671,0
-1.0091,0.99126,-0.30793,-1.3652,1.2758,0
-1.6739,0.27308,-0.16249,8.4198,0.44161,0
-1.579,-0.31686,-0.033781,0.45525,-0.99673,0
-0.7242,-0.57335,0.015128,-7.9645,-2.1618,0
-0.15436,-0.13731,-0.033781,0.91037,-0.98235,0
-0.15436,0.17048,-0.17021,7.7372,-0.53646,0
-0.81917,0.60652,-0.28476,-2.9581,1.5491,0
-1.1991,0.76041,-0.30407,-6.8267,1.5923,0
-0.43928,-0.11166,-0.2616,4.5513,1.621,0
0.41548,-0.72725,-0.17279,4.5513,1.5779,0
0.7004,-1.2402,-0.094274,-6.8267,1.1895,0
0.79538,-1.1376,-0.059523,-5.0062,2.8868,0
0.98533,-1.3172,-0.06081,7.0545,3.3183,0
0.41548,-1.6506,0.01899,2.5033,4.8429,0
0.32051,-1.7789,0.18889,-8.8747,4.7998,0
0.7004,-1.548,0.25968,-0.9101,3.8936,0
0.32051,-1.4454,0.19146,7.7372,3.2176,0
-0.24933,-1.1889,0.082057,-2.0479,1.0457,0
-1.1991,-1.2915,0.053741,-7.7369,1.2327,0
-1.389,-1.8815,0.12324,3.186,0.70051,0
-0.91415,-3.4717,0.22621,6.1442,1.5779,0
-1.1991,-4.6772,0.31373,-5.4613,2.2395,0
-0.7242,-5.5237,0.37551,-6.3715,1.4916,0
0.41548,-5.4211,0.39611,5.0064,1.319,0
0.7004,-5.0363,0.40254,3.4135,-0.91043,0
1.1753,-6.011,0.47848,-7.9645,-1.2844,0
0.7004,-6.6522,0.59947,-2.0479,-2.2912,0
0.79538,-6.2418,0.65996,7.9647,-1.7447,0
1.6501,-4.6003,0.60462,0.91037,0.024489,0
2.22,-2.9331,0.50551,-7.7369,1.0313,0
1.3652,-2.0867,0.54412,2.9584,3.3758,0
0.32051,-3.3178,0.63293,7.5096,3.0019,0
-0.24933,-4.6516,0.65352,-3.6408,3.3039,0
-1.0091,-5.3698,0.59432,-7.9645,2.4553,0
-1.7689,-5.5237,0.55699,5.4616,1.7936,0
-2.6237,-5.7802,0.53254,5.9167,2.7573,0
-3.3835,-5.1389,0.45145,-6.144,2.7861,0
-2.2438,-3.8821,0.29185,-5.0062,4.6847,0
-0.34431,-2.7022,0.16443,7.5096,4.3539,0
-0.43928,-1.5993,0.13097,3.6411,4.1813,0
-1.0091,-1.5737,0.14126,-6.5991,3.2032,0
-1.579,-2.2662,0.12968,-3.1857,1.5204,0
-1.294,-2.2919,0.10651,8.1923,1.8512,0
-1.389,-1.0607,0.10909,0.91037,1.0313,0
-0.34431,-0.3938,0.15285,-8.4196,2.2827,0
0.035589,-0.90679,0.18889,0.68281,2.3834,0
-0.34431,-1.0094,0.12453,7.5096,2.6854,0
-0.53425,-0.31686,0.015128,-3.1857,3.0162,0
-0.62923,-0.086014,-0.074968,-7.0542,1.8656,0
-0.24933,0.27308,-0.10328,4.5513,2.2108,0
0.98533,0.50392,-0.063384,5.234,0.82996,0
1.1753,-0.13731,-0.02992,-7.0542,1.2902,0
-0.24933,-0.52205,-0.081403,-5.4613,1.5923,0
-0.34431,-0.62465,-0.14704,6.8269,2.182,0
-0.059385,-0.34251,-0.17021,3.186,3.7642,0
0.7004,-0.21426,-0.14704,-7.2818,3.5916,0
0.32051,0.016583,-0.078829,-1.3652,4.8142,0
-0.24933,0.37567,-0.077542,6.8269,4.1094,0
-0.62923,0.35002,-0.15992,-0.9101,4.4402,0
-0.24933,-0.034715,-0.1715,-8.6471,4.3539,0
0.60543,-0.11166,-0.056948,1.1379,3.9943,0
0.41548,0.042233,0.020277,6.8269,5.2025,0
-0.34431,0.42697,0.016416,-3.4133,4.771,0
0.035589,0.14483,0.10394,-6.8267,5.6053,0
0.51046,-0.13731,0.21463,4.5513,4.9292,0
0.41548,0.27308,0.20433,5.4616,4.3107,0
-0.53425,0.55522,0.11166,-7.0542,4.2532,0
-0.62923,0.55522,-0.02091,-4.3235,3.2176,0
-0.15436,0.88866,-0.069819,7.0545,3.9799,0
0.22554,0.73476,-0.006752,2.9584,2.9587,0
-0.24933,0.60652,0.094928,-7.0542,3.2895,0
0.60543,-0.13731,0.067899,-1.1377,3.0019,0
0.13056,-0.7016,0.0048318,8.4198,2.4265,0
-0.34431,-0.52205,-0.071106,0.2277,2.8724,0
-1.1991,-0.26556,-0.15477,-7.9645,1.7361,0
-2.3388,-0.23991,-0.24615,3.4135,2.5704,0
-2.8136,-0.41945,-0.30021,7.282,2.2395,0
-1.389,-0.034715,-0.29635,-4.5511,3.0019,0
0.32051,0.11918,-0.3208,-5.4613,3.7929,0
0.22554,-0.23991,-0.371,6.1442,3.419,0
0.51046,-0.034715,-0.36842,3.8687,4.2676,0
1.2702,0.60652,-0.3311,-7.2818,2.9299,0
0.7004,0.99126,-0.32981,-2.503,2.9875,0
0.035589,0.76041,-0.35298,8.6474,2.369,0
0.51046,0.88866,-0.42763,2.2757,1.8368,0
0.79538,0.93996,-0.4701,-7.0542,2.3834,0
0.7004,0.76041,-0.37486,-0.22742,1.3478,0
-0.059385,0.65782,-0.24744,7.7372,1.9519,0
-1.484,0.86301,-0.16506,-2.0479,0.61421,0
-1.7689,1.4273,-0.10586,-7.7369,0.34092,0
-0.91415,2.0429,-0.090413,3.8687,-0.1625,0
-1.1041,1.6838,-0.12774,5.9167,-1.2413,0
-1.389,1.4786,-0.16249,-5.6889,-0.6803,0
-0.91415,1.6325,-0.18566,-6.144,-1.644,0
-0.15436,2.0429,-0.18308,6.3718,-0.6803,0
0.41548,2.5046,-0.17793,3.186,-0.8529,0
0.13056,2.6585,-0.17793,-7.9645,-0.45016,0
-0.43928,2.6585,-0.11744,-2.503,0.25462,0
-0.7242,2.402,-0.045365,7.0545,-0.2488,0
-0.7242,2.0172,-0.044078,0.68281,0.80119,0
-1.1991,1.6068,-0.083977,-7.2818,0.082022,0
-0.91415,0.99126,-0.12903,0.68281,0.88749,0
-0.62923,0.42697,-0.12645,6.8269,0.88749,0
-1.484,0.29873,-0.10586,-2.503,0.58544,0
-1.7689,0.88866,-0.10714,-8.192,1.2039,0
-1.389,1.0682,-0.063384,4.5513,0.16832,0
-1.8639,0.11918,-0.0041778,5.4616,0.84434,0
-0.7242,-0.4964,0.053741,-6.3715,-0.37825,0
1.4602,-0.599,0.20176,-4.7786,-0.69468,0
1.8401,-0.67595,0.30858,7.282,-1.0687,0
0.32051,-0.82984,0.29571,3.6411,-1.8022,0
-0.53425,-0.72725,0.37551,-7.2818,-1.083,0
0.32051,-0.57335,0.45531,-1.8203,-2.0611,0
0.7004,-0.36816,0.3369,7.9647,-1.3851,0
0.22554,-0.23991,0.158,1.8206,-1.9029,0
-0.43928,0.042233,0.11037,-8.192,-1.6728,0
-0.62923,-0.060364,0.084631,0.45525,-1.0543,0
-1.389,0.093531,0.016416,7.5096,-1.4426,0
-2.4337,0.63217,0.029286,-2.0479,-0.32071,0
-1.0091,0.68346,0.10265,-7.7369,-1.0543,0
1.4602,0.65782,0.11423,4.0962,-0.46455,0
1.6501,1.6068,-0.04279,6.3718,-0.49331,0
0.22554,2.8637,-0.23328,-5.4613,-0.7666,0
-0.53425,3.7101,-0.28219,-4.5511,-0.061812,0
0.7004,4.0692,-0.3015,7.282,-1.0255,0
1.5552,4.2744,-0.43535,4.0962,-0.39263,0
1.0803,4.0948,-0.60267,-6.8267,-1.2556,0
1.4602,3.4279,-0.55248,-2.9581,-1.155,0
2.125,2.402,-0.28734,7.0545,-0.72345,0
1.8401,1.9403,-0.059523,0.45525,-1.0543,0
1.1753,1.8633,-0.0080391,-7.7369,0.47037,0
0.98533,1.889,-0.056948,0.91037,0.24024,0
0.98533,2.325,-0.1419,7.7372,1.4053,0
0.32051,2.3763,-0.18823,-2.9581,1.4628,0
-0.43928,2.0429,-0.25516,-6.8267,1.1032,0
-0.53425,1.8633,-0.34654,5.0064,1.7793,0
-0.62923,1.5042,-0.32595,5.9167,1.2615,0
-0.24933,0.47827,-0.16378,-5.2337,2.7861,0
0.51046,-0.31686,-0.056948,-6.8267,2.858,0
0.22554,-0.82984,-0.065958,5.9167,3.8649,0
-0.24933,-0.47075,-0.086552,4.0962,4.1238,0
0.035589,-0.0090658,-0.11615,-8.4196,3.0882,0
0.60543,0.65782,-0.17665,-4.0959,3.2895,0
-0.059385,0.91431,-0.21655,7.9647,1.8799,0
-1.579,0.73476,-0.22298,1.5931,2.4409,0
-1.579,0.093531,-0.23199,-7.9645,2.3834,0
-1.484,-0.41945,-0.26803,-1.1377,2.6423,0
-0.91415,-0.52205,-0.26932,8.1923,3.4046,0
0.32051,0.11918,-0.20239,0.45525,2.8293,0
0.22554,1.5812,-0.12002,-8.4196,3.5628,0
-0.24933,2.915,-0.102,2.9584,2.3978,0
-1.1041,3.1201,-0.047939,6.8269,2.3115,0
-1.294,2.915,0.0099801,-3.6408,2.0094,0
-1.0091,2.2224,-0.015762,-6.144,1.9519,0
-0.7242,1.889,-0.064671,6.3718,3.3902,0
-0.24933,1.8377,-0.06081,4.0962,3.4909,0
0.13056,0.86301,-0.02992,-7.5093,5.0587,0
0.41548,-0.11166,0.044732,-2.503,4.584,0
1.7451,-0.23991,0.10651,8.6474,4.2964,0
1.8401,-0.0090658,0.10136,0.45525,3.9799,0
1.2702,-0.34251,0.038296,-8.4196,2.8868,0
0.41548,-0.5477,0.04087,1.3655,3.8792,0
-0.81917,-1.112,0.15542,7.7372,3.6923,0
-1.9589,-1.8558,0.25324,-2.7306,5.1018,0
-1.294,-1.6763,0.26868,-6.5991,5.3032,0
-1.389,-0.23991,0.25067,4.7789,4.6416,0
-1.9589,0.40132,0.21463,5.234,4.282,0
-2.0538,-0.34251,0.14384,-6.8267,2.4841,0
-1.7689,-1.112,0.167,-4.0959,3.0162,0
-1.1041,-1.8815,0.27383,7.282,2.4553,0
-0.91415,-2.6509,0.40898,2.7309,3.4477,0
0.41548,-2.7535,0.5068,-7.0542,4.0087,0
1.2702,-2.4457,0.58917,-0.45498,3.4765,0
0.89035,-2.497,0.64065,7.9647,3.9512,0
1.2702,-1.8558,0.51838,-0.9101,2.5704,0
1.2702,-0.29121,0.34462,-9.1023,3.0019,0
-1.579,0.19613,0.28542,2.9584,2.2971,0
-2.2438,-0.29121,0.27512,5.9167,2.2108,0
0.035589,-0.5477,0.18374,-5.2337,2.4984,0
1.4602,-0.57335,0.14512,-6.5991,1.8512,0
0.51046,-0.599,0.16958,5.4616,2.9443,0
-0.24933,-0.11166,0.19017,4.0962,2.2108,0
-0.15436,0.40132,0.16314,-7.5093,2.9012,0
0.60543,0.81171,0.158,-4.3235,2.4553,0
0.41548,0.96561,0.22621,8.6474,1.8943,0
-0.43928,1.0426,0.28928,2.5033,2.0813,0
-0.15436,1.5299,0.26482,-8.4196,0.82996,0
0.51046,2.0942,0.17215,-0.68254,1.3909,0
-0.24933,2.4276,0.10265,7.9647,0.45599,0
-1.6739,2.6328,0.087205,0.00013542,1.0601,0
-1.6739,2.6072,0.026712,-7.9645,1.4484,0
-1.1041,1.9403,-0.102,2.5033,1.0601,0
-1.1041,1.5042,-0.10843,6.1442,1.4484,0
-1.389,1.4273,0.067899,-4.5511,-0.061812,0
-0.53425,1.4273,0.20176,-6.3715,0.22586,0
-0.15436,0.91431,0.20176,5.9167,-0.36386,0
-0.34431,-0.5477,0.17087,4.7789,0.12517,0
-0.53425,-0.75289,0.10909,-6.8267,0.72928,0
-1.1041,-0.93244,-0.0054649,-3.6408,0.28339,0
-2.1488,-0.77854,-0.12774,7.5096,1.1895,0
-2.4337,-0.88114,-0.21912,0.45525,0.25462,0
-1.0091,-0.95809,-0.28862,-8.6471,0.82996,0
0.22554,-0.77854,-0.39545,-0.22742,0.31216,0
1.3652,-0.18861,-0.44694,7.5096,-0.11935,0
1.1753,0.11918,-0.38516,-2.2755,-0.018661,0
0.32051,-0.4964,-0.18051,-8.192,-1.083,0
0.13056,-0.93244,0.061464,3.6411,-0.1625,0
0.035589,-1.2659,0.17859,5.9167,-0.55085,0
-1.294,-1.1376,0.17859,-5.6889,0.57106,0
-2.8136,-1.035,0.15156,-6.5991,1.1464,0
-1.8639,-1.0607,0.16443,6.1442,1.2615,0
-0.91415,-0.98374,0.19661,3.4135,1.995,0
-0.34431,-1.2659,0.19918,-7.7369,0.90188,0
0.035589,-0.95809,0.18245,-2.7306,1.3765,0
-0.53425,-0.41945,0.1181,7.7372,0.15394,0
-0.15436,-0.47075,0.096215,-0.45498,0.16832,0
-0.059385,-0.82984,0.064038,-8.4196,0.34092,0
-0.62923,-1.1889,-0.04279,0.68281,0.053256,0
-1.389,-1.1376,-0.14447,7.282,1.2758,0
-1.294,-0.52205,-0.17279,-3.4133,0.58544,0
-1.484,0.40132,-0.15091,-7.9645,1.0601,0
-0.43928,0.42697,-0.050513,4.5513,0.38407,0
0.51046,0.042233,0.10136,5.4616,-0.23441,0
0.7004,0.27308,0.16314,-5.2337,0.39846,0
0.89035,0.067882,0.15156,-5.0062,-0.22003,0
0.41548,-0.62465,0.10394,6.8269,1.0889,0
-0.53425,-1.112,0.096215,2.5033,0.52791,0
-0.24933,-0.3938,0.17859,-8.192,0.87311,0
0.13056,1.0426,0.21978,-1.1377,0.71489,0
-0.43928,1.6838,0.1876,8.4198,-0.090578,0
-0.7242,1.1708,0.16314,-1.3652,0.62859,0
-0.24933,0.016583,0.070473,-8.6471,-0.23441,0
0.13056,-0.72725,-0.053087,1.8206,0.64298,0
-0.34431,-1.2402,-0.0041778,7.5096,0.36969,0
-0.62923,-1.4711,0.15285,-4.0959,0.39846,0
-1.1041,-0.98374,0.20819,-5.9164,0.75804,0
-1.389,-0.41945,0.14384,6.8269,-0.19126,0
-1.484,0.78606,0.046019,4.5513,0.54229,0
-1.294,2.2737,-0.023484,-6.5991,-0.60838,0
-1.294,2.1455,-0.083977,-3.1857,-0.26318,0
-1.579,0.96561,-0.15605,7.5096,-0.60838,0
-0.91415,0.55522,-0.22556,2.2757,-0.8529,0
-0.7242,0.83736,-0.27189,-8.4196,0.010105,0
-0.24933,0.96561,-0.2809,1.1379,-0.7666,0
0.41548,0.52957,-0.15992,7.7372,0.053256,0
0.79538,-0.23991,-0.022197,-1.8203,-0.80975,0
0.32051,-1.035,0.037009,-7.0542,-0.95358,0
-0.24933,-1.5993,0.04988,3.186,-1.0543,0
-0.62923,-2.0097,0.069186,5.9167,-1.8454,0
-1.1041,-1.4454,0.15671,-5.9164,-1.0399,0
-1.8639,-1.112,0.21077,-6.3715,-1.7591,0
-1.1991,-0.93244,0.1477,6.5994,-0.8529,0
-0.24933,-0.034715,0.047306,3.6411,-1.155,0
-0.43928,0.68346,-0.006752,-7.2818,-1.2413,0
-1.1041,-0.67595,0.084631,-2.503,-0.75222,0
-1.0091,-2.0867,0.27126,7.7372,-1.6008,0
0.22554,-2.8048,0.37551,0.2277,-0.70906,0
-0.15436,-2.0867,0.28542,-8.8747,-1.6584,0
-1.484,-1.5993,0.19532,0.91037,-1.4282,0
-1.1041,-1.7019,0.13611,7.0545,-1.5289,0
0.32051,-1.5737,0.084631,-3.4133,-1.9892,0
0.13056,-1.7532,0.062751,-7.9645,-1.3132,0
-1.484,-2.2919,0.12711,3.6411,-2.0755,0
-2.4337,-2.6253,0.21849,5.6891,-1.1693,0
-1.0091,-2.9844,0.17087,-6.5991,-1.6296,0
0.79538,-3.2922,0.070473,-5.4613,-1.3132,0
1.3652,-3.4461,-0.0028907,6.8269,-1.0255,0
1.0803,-3.1639,-0.036355,2.2757,-1.5721,0
-0.059385,-3.1126,-0.072394,-7.5093,-0.62276,0
0.035589,-3.4461,-0.089126,-2.0479,-1.457,0
1.4602,-4.3951,-0.10457,7.282,-0.79537,0
1.7451,-4.7542,-0.090413,0.68281,-1.2269,0
0.035589,-3.9847,0.013841,-7.9645,-1.3419,0
-0.34431,-2.6253,0.13097,1.5931,-0.88167,0
0.32051,-2.4201,0.14641,7.0545,-1.6871,0
0.89035,-2.5483,0.052454,-2.9581,-0.72345,0
-0.24933,-1.8302,-0.10457,-6.8267,-1.5289,0
0.32051,-1.035,-0.28348,5.4616,-0.95358,0
2.03,-0.6503,-0.40832,6.3718,-0.96797,0
2.4099,-1.3428,-0.41347,-5.2337,-1.4139,0
1.1753,-2.2662,-0.31308,-4.7786,-1.0974,0
-0.34431,-2.2919,-0.22556,7.0545,-2.4638,0
-0.15436,-1.1889,-0.31308,3.186,-2.0036,0
0.60543,1.0169,-0.55376,-7.5093,-2.8234,0
1.8401,3.5049,-0.62584,-0.9101,-2.694,0
2.315,5.2234,-0.59238,7.5096,-2.5214,0
1.1753,4.8899,-0.64257,-1.3652,-3.1542,0
0.41548,3.4279,-0.71208,-7.9645,-2.1186,0
1.0803,2.6072,-0.71079,2.7309,-3.0967,0
0.89035,3.2484,-0.67089,6.3718,-2.5933,0
0.035589,4.5565,-0.55505,-5.0062,-3.3988,0
0.035589,4.8643,-0.34783,-6.3715,-3.6001,0
0.035589,4.5309,-0.20239,6.5994,-2.9385,0
-0.81917,4.1205,-0.16893,3.8687,-2.9241,0
-1.389,3.7357,-0.17021,-8.192,-1.155,0
-0.62923,3.3253,-0.17536,-3.8684,-1.5721,0
1.0803,2.0685,-0.18952,7.5096,-0.9392,0
1.5552,0.55522,-0.24615,0.45525,-1.155,0
1.1753,0.14483,-0.28348,-8.4196,-1.3132,0
1.3652,0.11918,-0.28219,0.00013542,0.11079,0
1.2702,0.24743,-0.19853,7.9647,0.62859,0
0.79538,0.27308,-0.13932,-1.5928,3.2464,0
1.8401,0.45262,-0.1818,-8.192,4.2676,0
2.125,0.83736,-0.30407,2.5033,5.9217,0
1.3652,1.1965,-0.43278,7.282,6.5546,0
0.13056,0.91431,-0.47525,-4.3235,5.6916,0
0.51046,0.45262,-0.4109,-6.3715,5.634,0
0.79538,0.24743,-0.39159,5.234,3.419,0
0.32051,-0.26556,-0.48812,3.8687,3.1169,0
0.60543,-1.035,-0.50872,-7.5093,1.9662,0
1.8401,-1.6506,-0.3414,-4.3235,1.132,0
2.125,-1.5993,-0.23457,7.0545,1.132,0
1.7451,-1.7276,-0.21783,1.8206,-0.34948,0
1.0803,-2.3175,-0.28348,-8.192,0.024489,0
0.51046,-2.3175,-0.4302,0.00013542,-1.2844,0
0.035589,-2.2406,-0.57693,7.9647,-1.083,0
-1.6739,-2.0354,-0.62198,-1.3652,-1.0543,0
-1.6739,-1.8815,-0.50872,-7.9645,-1.0255,0
-0.24933,-2.3175,-0.33367,3.6411,0.47037,0
0.13056,-2.3688,-0.17665,7.5096,0.45599,0
0.51046,-2.8561,-0.10071,-4.7786,2.0957,0
1.1753,-3.2665,-0.087839,-6.144,2.2252,0
0.60543,-3.4204,-0.099422,5.234,2.743,0
-0.34431,-3.4974,-0.08269,4.0962,3.2032,0
-0.15436,-4.1642,0.044732,-6.5991,2.6854,0
0.51046,-4.9081,0.19661,-4.7786,3.7498,0
0.41548,-5.3698,0.32532,7.282,3.1169,0
-0.34431,-5.5237,0.43343,2.9584,3.8217,0
-0.34431,-5.6006,0.58016,-7.2818,3.419,0
-0.059385,-5.498,0.66253,-1.1377,2.5847,0
-0.81917,-4.8055,0.68828,7.9647,2.3834,0
-1.1991,-3.6769,0.72303,-0.9101,0.58544,0
-1.1041,-3.4204,0.68441,-7.5093,0.61421,0
-0.7242,-3.1896,0.5763,2.7309,-0.79537,0
-1.1041,-2.7792,0.45789,6.3718,-0.80975,0
-1.7689,-2.1893,0.33175,-5.0062,-0.92482,0
-1.7689,-1.7019,0.27641,-5.6889,-1.5865,0
-1.7689,-1.4198,0.27641,6.5994,-0.8529,0
-2.7186,-0.90679,0.30344,3.6411,-1.8166,0
-1.8639,-0.62465,0.39997,-6.5991,-1.155,0
-0.059385,-0.57335,0.50808,-3.1857,-1.6152,0
0.98533,-0.13731,0.53125,7.282,-1.3276,0
0.51046,-0.13731,0.49521,0.2277,-0.52208,0
0.60543,-0.36816,0.46561,-9.3298,-0.55085,0
1.5552,-0.31686,0.51967,0.45525,0.81558,0
0.60543,-0.0090658,0.61362,6.5994,0.32654,0
0.98533,-0.31686,0.66897,-2.7306,1.0457,0
1.7451,-0.5477,0.65739,-7.5093,0.81558,0
-0.43928,-0.36816,0.52996,4.3238,0.35531,0
-0.7242,-0.52205,0.33304,6.1442,0.72928,0
0.60543,-0.34251,0.18374,-5.2337,-0.3351,0
1.0803,-0.21426,0.08077,-5.0062,0.47037,0
-1.0091,0.52957,0.017703,6.8269,-0.10496,0
-2.1488,0.37567,0.033148,2.9584,0.34092,0
-0.7242,0.29873,0.069186,-7.9645,0.58544,0
-0.62923,0.70911,0.075622,-2.503,-0.076195,0
-1.6739,0.76041,0.04988,7.9647,0.65736,0
-1.484,0.68346,0.037009,0.68281,-0.43578,0
-0.43928,0.86301,-0.018336,-7.2818,0.16832,0
0.035589,0.76041,-0.089126,2.0482,-0.46455,0
-0.81917,0.45262,-0.13675,6.3718,-0.5077,0
-1.1041,0.73476,-0.14318,-3.4133,-0.004278,0
-0.24933,1.7094,-0.19853,-7.0542,-0.56523,0
0.51046,2.5046,-0.25902,4.5513,0.55667,0
0.79538,2.8637,-0.21912,5.6891,-0.090578,0
-0.43928,2.2994,-0.16378,-5.6889,0.54229,0
-1.9589,1.6581,-0.13675,-4.5511,0.72928,0
-1.1041,1.4786,-0.062097,7.0545,0.41284,0
-0.62923,1.4273,-0.037642,3.186,1.3909,0
-0.24933,1.4529,-0.041503,-8.192,0.65736,0
0.98533,1.2477,-0.073681,-2.0479,1.6786,0
1.0803,1.812,-0.062097,7.7372,1.2902,0
0.32051,2.1198,0.013841,0.45525,1.3478,0
0.7004,2.5302,0.0048318,-7.5093,1.6067,0
0.32051,3.6075,-0.14962,2.2757,0.85873,0
-0.81917,4.6848,-0.3208,6.5994,1.9087,0
-1.389,5.326,-0.2912,-3.4133,1.2327,0
-1.389,4.9925,-0.17021,-6.5991,1.9519,0
-1.579,4.3,-0.10843,3.8687,1.8799,0
-0.24933,3.4536,-0.081403,4.3238,1.4053,0
0.13056,3.6588,-0.059523,-7.2818,1.8512,0
-2.0538,3.0688,-0.014475,-4.3235,0.88749,0
-3.2885,1.7351,0.094928,6.5994,1.7936,0
-1.7689,0.37567,0.19146,2.0482,1.2615,0
-0.53425,-0.57335,0.22879,-8.192,1.5923,0
0.035589,-0.93244,0.25324,-0.9101,1.808,0
0.22554,-1.2915,0.33175,8.4198,1.319,0
0.13056,-1.6506,0.4064,-1.3652,2.1245,0
0.13056,-2.0354,0.44115,-8.4196,1.1464,0
-0.62923,-2.4714,0.50422,2.7309,1.7793,0
-0.24933,-3.087,0.59689,6.3718,1.1895,0
0.13056,-3.1896,0.61491,-4.7786,1.319,0
-1.0091,-2.6509,0.55957,-6.144,1.7793,0
-1.1041,-2.0097,0.46561,6.3718,1.0889,0
-0.34431,-1.8815,0.42442,4.0962,1.9375,0
-0.62923,-2.0867,0.45145,-7.7369,0.91626,0
-0.059385,-2.1893,0.49006,-2.503,1.3621,0
0.7004,-1.548,0.47848,7.9647,1.0601,0
0.7004,-1.3685,0.40769,0.45525,0.67174,0
0.51046,-1.4454,0.3472,-6.8267,1.132,0
-0.43928,-1.7019,0.297,2.0482,0.11079,0
-1.1041,-1.7789,0.20047,7.5096,1.1032,0
-1.294,-1.8302,0.13998,-3.6408,0.31216,0
-1.1991,-1.3685,0.15285,-6.144,0.71489,0
-1.9589,-0.82984,0.15928,6.1442,0.62859,0
-1.7689,-0.599,0.14255,4.5513,-0.004278,0
-1.484,-0.13731,0.15027,-7.2818,0.80119,0
-1.389,0.63217,0.19918,-3.8684,-0.10496,0
-0.34431,1.1965,0.15156,7.5096,0.47037,0
-0.059385,1.6838,-0.038929,1.8206,-0.39263,0
-0.34431,2.0942,-0.090413,-8.192,-0.73783,0
-0.43928,2.2737,-0.045365,-0.45498,-0.65153,0
-0.15436,1.8377,-0.11615,7.9647,-1.5002,0
-0.34431,1.7094,-0.25387,-1.8203,-0.62276,0
-2.0538,1.7864,-0.32466,-7.5093,-1.5865,0
-1.484,2.6585,-0.36585,3.6411,-1.0687,0
1.2702,4.5565,-0.46238,5.4616,-1.3132,0
1.2702,5.8646,-0.51,-5.9164,-1.6296,0
-0.53425,5.839,-0.45466,-6.144,-0.78098,0
-1.8639,4.9156,-0.35941,6.5994,-1.2844,0
-1.294,4.8899,-0.3607,3.6411,-0.090578,0
0.22554,5.0951,-0.38516,-7.2818,-0.52208,0
0.32051,4.9669,-0.36585,-2.9581,-0.033045,0
0.035589,4.5052,-0.39288,7.282,0.29777,0
0.51046,4.1205,-0.57307,0.45525,-0.20565,0
0.035589,4.6078,-0.78158,-8.4196,0.64298,0
-1.484,4.5052,-0.84722,1.3655,-0.13373,0
-1.6739,3.1714,-0.72366,6.3718,0.54229,0
-0.81917,2.4533,-0.49842,-3.8684,0.19709,0
-0.7242,1.5299,-0.35813,-6.8267,0.19709,0
-0.81917,0.58087,-0.31951,5.4616,0.95941,0
-1.1041,-0.23991,-0.20882,4.7789,0.54229,0
-1.484,-1.0863,-0.08269,-6.8267,1.8368,0
-0.53425,-1.8815,-0.087839,-4.0959,1.2471,0
0.98533,-2.1893,-0.12388,7.5096,1.621,0
1.8401,-3.01,-0.017049,1.8206,1.319,0
2.22,-3.9334,0.084631,-7.5093,0.54229,0
2.22,-4.8055,0.14512,-0.22742,0.93064,0
1.8401,-5.8571,0.1374,8.875,-0.30633,0
0.60543,-6.4727,0.14512,0.00013542,0.18271,0
-0.34431,-6.3444,0.18889,-7.7369,-0.49331,0
-0.24933,-5.7289,0.25067,2.5033,-0.5077,0
0.79538,-5.0876,0.35492,8.1923,-0.10496,0
2.125,-3.8052,0.42056,-4.0959,-0.7666,0
3.0747,-3.1896,0.52868,-6.5991,0.13956,0
1.8401,-3.8308,0.65867,4.7789,-0.80975,0
-0.53425,-3.9334,0.70372,5.0064,-0.60838,0
-1.389,-4.2155,0.71402,-6.3715,-1.4139,0
-0.62923,-4.2412,0.73719,-3.6408,-3.2262,0
0.035589,-4.2925,0.78095,7.5096,-3.8015,0
-0.62923,-3.5743,0.81312,2.2757,-5.0241,0
-1.1991,-2.3688,0.78095,-7.9645,-3.1542,0
-1.389,-2.6766,0.63808,-1.5928,-2.2625,0
-1.389,-2.9844,0.44759,7.0545,-1.0543,0
-1.579,-1.8045,0.28156,-0.45498,-0.39263,0
-0.62923,-0.4451,0.16958,-7.7369,-1.5289,0
0.60543,0.86301,0.17215,1.3655,-1.2269,0
0.7004,1.8377,0.17344,6.8269,-2.2193,0
0.7004,1.9403,0.075622,-3.1857,-0.89605,0
0.22554,1.8633,-0.098135,-7.5093,0.49914,0
-0.059385,1.6325,-0.30922,4.3238,1.9519,0
0.51046,0.99126,-0.45723,5.4616,3.9655,0
0.32051,0.73476,-0.48297,-5.2337,3.4765,0
-0.81917,1.4273,-0.32852,-5.0062,3.606,0
-1.1991,3.2484,-0.078829,6.8269,1.3478,0
-0.43928,4.1205,-0.014475,2.7309,-0.047428,0
0.51046,4.3257,-0.15219,-7.7369,-1.27,0
0.7004,3.2997,-0.34783,-2.503,-2.7084,0
0.32051,1.812,-0.3607,7.5096,-1.9748,0
-0.43928,1.1195,-0.18952,1.3655,-2.4638,0
-0.7242,1.5299,-0.019623,-7.7369,-1.3419,0
-0.7242,1.7864,0.10008,1.3655,-1.6008,0
-0.62923,1.6068,0.092354,6.8269,-2.0899,0
-1.1991,1.2477,0.0048318,-2.9581,-2.2337,0
-0.81917,1.0939,-0.083977,-7.5093,-3.6145,0
-0.15436,0.99126,-0.10843,4.7789,-2.7084,0
-0.91415,0.042233,-0.013187,5.9167,-2.8953,0
-0.7242,-0.7016,0.18374,-5.6889,-1.3995,0
0.13056,-1.0094,0.3472,-5.0062,-0.63715,0
0.22554,-0.98374,0.49393,7.7372,-0.60838,0
-0.34431,-1.0094,0.63422,2.5033,-0.061812,0
-1.1041,-0.41945,0.67154,-7.7369,-1.27,0
-2.4337,1.0426,0.60848,-1.1377,-0.78098,0
-2.3388,2.2224,0.4965,7.9647,-1.6584,0
-1.6739,2.5815,0.45403,0.2277,-1.4714,0
-1.0091,2.1455,0.53897,-7.2818,-1.2413,0
0.22554,1.4016,0.55184,2.5033,-1.6008,0
0.41548,1.0682,0.45917,6.8269,-0.47893,0
-0.53425,0.70911,0.3665,-4.3235,-1.3707,0
-0.34431,-0.62465,0.40512,-7.2818,-0.82413,0
0.51046,-2.0867,0.54026,4.7789,-1.644,0
0.7004,-2.2919,0.58016,4.0962,-1.9892,0
0.22554,-2.0354,0.4862,-7.0542,-1.7303,0
-0.34431,-1.5993,0.46046,-4.0959,-2.5645,0
-0.53425,-1.4454,0.55957,6.3718,-1.3276,0
0.13056,-1.4198,0.66125,1.5931,-1.7303,0
0.79538,-1.8815,0.70243,-8.6471,-0.78098,0
-0.24933,-1.8558,0.72818,-1.8203,-0.62276,0
-0.91415,-2.0867,0.83114,7.282,-1.155,0
-1.389,-2.4714,0.94055,-0.9101,-0.45016,0
-0.43928,-2.061,0.92767,-7.9645,-1.27,0
-0.34431,-2.1123,0.84015,0.68281,0.082022,0
-1.0091,-2.497,0.86203,6.5994,-0.018661,0
-0.15436,-2.6253,0.89164,-4.3235,0.49914,0
-0.62923,-2.6766,0.70372,-6.5991,0.85873,0
-1.1041,-2.9074,0.45016,5.0064,0.010105,0
-1.484,-2.8048,0.31888,4.3238,0.65736,0
-1.0091,-2.1893,0.20433,-6.8267,-0.37825,0
-0.7242,-0.90679,-0.054374,-4.0959,0.34092,0
0.7004,0.067882,-0.34654,8.1923,0.35531,0
2.315,0.042233,-0.49456,1.8206,0.59983,0
2.03,-0.5477,-0.52674,-8.4196,1.4916,0
0.32051,-0.88114,-0.74039,-1.1377,0.94503,0
-1.1991,-0.52205,-1.1342,7.5096,1.8799,0
-0.7242,-0.29121,-1.4406,-0.22742,0.94503,0
-1.1991,-0.67595,-1.5731,-7.7369,1.132,0
-1.8639,-0.95809,-1.7134,2.7309,1.1464,0
-2.1488,-1.2402,-1.9207,6.1442,0.71489,0
-2.1488,-2.3688,-2.1047,-5.0062,1.5204,0
-1.7689,-2.7022,-2.3351,-5.9164,0.74366,0
-0.62923,-1.9584,-2.7933,6.3718,1.6498,0
0.60543,-1.0863,-3.2373,4.3238,1.4197,0
0.7004,-1.1633,-3.3918,-6.3715,2.0094,0
0.32051,-1.5737,-3.3776,-2.7306,2.8293,0
-0.34431,-2.8048,-3.3442,7.9647,2.4697,0
-0.15436,-3.8052,-3.2914,1.5931,3.1457,0
0.035589,-4.1642,-3.276,-7.7369,1.9519,0
-0.91415,-2.7792,-3.4085,0.68281,2.2971,0
-1.294,-1.4711,-3.7058,7.5096,2.1964,0
-0.43928,-0.85549,-4.0984,-2.9581,2.3834,0
0.51046,-1.0863,-4.4176,-7.2818,3.5197,0
0.79538,-1.0863,-4.6506,4.3238,2.9587,0
1.2702,-0.75289,-4.7921,5.6891,3.7354,0
1.5552,-0.62465,-4.8295,-6.5991,2.5128,0
0.22554,-0.6503,-4.7793,-5.2337,2.1388,0
-0.91415,-1.0607,-4.7754,7.0545,1.9519,0
-0.53425,-1.5993,-4.8964,2.2757,1.4053,0
0.7004,-2.2919,-5.074,-7.9645,2.6998,0
0.79538,-2.8305,-5.1139,-2.0479,2.4265,0
0.41548,-3.4974,-5.0611,7.282,3.4765,0
-0.53425,-3.01,-4.9942,-0.68254,3.2176,0
-0.059385,-1.2659,-4.9054,-7.9645,2.8293,0
0.035589,-0.16296,-4.8359,1.5931,3.0019,0
-0.43928,-0.5477,-4.6017,6.3718,1.9087,0
0.22554,-1.3428,-4.3327,-4.7786,2.743,0
1.1753,-1.5224,-4.137,-7.2818,2.2395,0
0.13056,-0.90679,-3.9465,5.234,3.1169,0
-1.389,0.042233,-3.7882,3.8687,3.4909,0
-0.91415,0.27308,-3.5784,-7.2818,3.232,0
-0.34431,0.47827,-3.2734,-3.4133,3.8936,0
-0.43928,-0.11166,-2.931,7.5096,2.8436,0
-0.15436,-0.67595,-2.7058,1.5931,3.2608,0
-0.15436,0.14483,-2.5191,-7.7369,2.4265,0
0.22554,0.55522,-2.2604,0.2277,2.4409,0
0.60543,-0.086014,-2.0404,7.7372,2.4121,0
-0.24933,-0.23991,-1.8447,-1.3652,1.4916,0
-1.0091,0.24743,-1.5899,-7.2818,2.0669,0
-0.91415,0.47827,-1.2256,3.186,0.84434,0
-0.15436,0.60652,-0.74812,6.3718,1.5204,0
-0.34431,0.63217,-0.22427,-5.6889,1.132,0
-1.1991,0.63217,0.28027,-4.0959,1.319,0
-0.34431,0.35002,0.81184,7.0545,2.0813,0
-0.53425,0.68346,1.4026,2.7309,1.5347,0
-1.1041,1.1965,1.8904,-8.192,2.5416,0
-0.43928,1.6838,2.2598,-1.3652,1.6354,0
0.51046,1.7607,2.8274,7.282,1.9662,0
0.60543,1.6325,3.5327,-1.3652,1.6498,0
0.79538,1.7094,4.1312,-8.4196,1.132,0
0.22554,2.325,4.574,2.0482,1.7793,0
-0.62923,3.1458,4.9666,7.282,1.0313,0
-1.294,3.6588,5.3064,-3.8684,2.2395,0
-0.34431,3.8896,5.7993,-7.0542,1.995,0
0.98533,3.4023,6.4557,5.4616,2.5416,0
1.9351,2.6841,7.0323,4.5513,2.9299,0
0.7004,2.6072,7.4326,-6.5991,2.2539,0
-0.91415,3.0945,7.7518,-5.2337,2.9443,0
-1.1991,3.6075,8.0865,7.0545,1.8656,0
-1.484,3.0945,8.3645,2.2757,2.3834,0
-0.53425,2.5302,8.4829,-7.7369,2.0238,0
0.035589,3.0432,8.4919,-0.68254,1.9806,0
-0.15436,3.7357,8.4301,7.0545,2.7573,0
0.60543,3.864,8.304,-1.5928,2.2971,0
0.32051,3.4279,8.1367,-8.4196,3.4765,0
-0.81917,3.4536,7.9642,3.8687,2.6998,0
-1.294,3.8127,7.784,6.1442,3.1025,0
-0.91415,4.2744,7.524,-5.6889,2.9875,0
-1.389,5.3003,7.2421,-5.9164,2.671,0
-1.484,5.839,6.9873,6.5994,3.606,0
-0.53425,5.5055,6.726,3.4135,2.9587,0
0.035589,5.5055,6.4094,-7.0542,4.282,0
-0.91415,5.6338,6.031,-2.2755,4.1238,0
-1.389,6.352,5.6989,7.9647,4.3827,0
-0.24933,6.8906,5.3964,0.45525,4.5409,0
-0.059385,6.6854,5.0322,-7.9645,3.4765,0
-0.62923,5.4799,4.6178,0.91037,3.8505,0
-0.43928,3.9409,4.2252,6.3718,2.4553,0
-0.7242,3.9666,3.8352,-3.1857,2.743,0
-0.81917,4.7104,3.4465,-7.7369,2.3258,0
-0.7242,4.5822,3.1968,5.234,1.9806,0
-0.24933,3.8383,3.0115,5.4616,2.2539,0
0.51046,2.2737,2.7245,-6.5991,0.85873,0
0.035589,1.0426,2.4361,-4.5511,0.98818,0
-0.24933,0.40132,2.1388,7.9647,-0.17688,0
-0.7242,0.37567,1.7707,2.2757,0.45599,0
-1.389,0.50392,1.4502,-8.6471,0.97379,0
-1.8639,-0.36816,1.2289,-0.45498,1.0745,0
-1.294,-1.3685,1.086,7.9647,2.1964,0
0.32051,-1.5224,0.98173,-0.22742,1.2327,0
0.79538,-1.2659,0.80154,-7.9645,1.8224,0
0.22554,-1.3172,0.55957,3.6411,1.4628,0
0.035589,-1.1376,0.37551,6.5994,1.9231,0
0.13056,-0.29121,0.16057,-5.2337,3.045,0
-0.34431,0.58087,-0.17665,-5.6889,3.0162,0
-0.7242,1.4273,-0.4405,6.1442,4.2964,0
-1.1041,0.76041,-0.50872,2.9584,3.4334,0
-1.294,-0.13731,-0.53832,-8.6471,3.7786,0
-1.389,-0.52205,-0.57307,-3.1857,3.0162,0
-1.8639,-0.11166,-0.64,7.7372,1.9231,0
-2.1488,0.11918,-0.78287,0.00013542,1.7793,0
-2.3388,-0.57335,-0.86653,-8.4196,0.21147,0
-1.7689,-0.93244,-0.87168,0.68281,0.39846,0
-0.53425,-0.77854,-0.86009,7.0545,-0.72345,0
0.79538,-0.90679,-0.87039,-3.4133,-0.79537,0
2.03,-1.4454,-0.85623,-7.5093,-0.83852,0
2.7898,-1.8045,-0.86653,4.0962,-1.5002,0
2.4099,-2.3175,-0.94118,5.4616,-0.73783,0
0.98533,-2.6253,-1.0673,-7.0542,-1.7591,0
-0.7242,-3.1383,-1.1239,-5.0062,-1.2269,0
-1.0091,-3.4717,-1.0017,7.0545,-1.9604,0
1.3652,-4.036,-0.88455,2.5033,-1.8885,0
1.9351,-5.0107,-0.93088,-7.5093,-1.155,0
0.51046,-5.5237,-1.0918,-1.8203,-1.4139,0
0.22554,-6.0879,-1.263,8.1923,-0.061812,0
-0.91415,-6.2931,-1.3608,-0.9101,-0.62276,0
-1.389,-5.6263,-1.3196,-8.192,0.22586,0
-0.91415,-4.7285,-1.2642,1.8206,0.18271,0
-0.62923,-4.3181,-1.3029,7.7372,-0.36386,0
-0.62923,-4.2668,-1.3852,-3.1857,0.053256,0
-0.15436,-4.2668,-1.438,-6.5991,-1.155,0
-0.059385,-4.3438,-1.4187,5.234,-0.43578,0
-1.0091,-4.3438,-1.42,4.5513,-1.0687,0
-1.1991,-3.5743,-1.5294,-7.0542,-0.9392,0
-1.389,-2.6253,-1.725,-2.7306,-0.82413,0
-2.0538,-1.7532,-1.9271,7.9647,-1.9029,0
-1.484,-0.77854,-1.9992,0.91037,-1.6296,0
-1.0091,-0.4964,-1.8743,-7.7369,-3.0536,0
-0.15436,-1.2659,-1.7031,0.00013542,-2.7947,0
0.51046,-2.2406,-1.6761,7.7372,-3.0536,0
0.41548,-2.3944,-1.7675,-2.9581,-2.9097,0
-0.34431,-2.2919,-1.8241,-7.0542,-1.8741,0
-0.81917,-2.5227,-1.7237,4.7789,-2.1186,0
-0.15436,-3.1383,-1.4702,5.6891,-0.89605,0
0.32051,-3.6,-1.2591,-5.9164,-1.8022,0
0.7004,-3.0613,-1.2913,-6.144,-1.5577,0
0.51046,-2.061,-1.5821,6.1442,-1.644,0
-0.15436,-1.9841,-1.7212,3.4135,-1.8454,0
-0.53425,-2.1636,-1.6118,-7.7369,-0.49331,0
-0.53425,-2.2406,-1.5332,-2.503,-0.69468,0
-0.62923,-1.4198,-1.6027,8.1923,0.68613,0
-0.53425,-0.11166,-1.6581,0.2277,0.12517,0
-1.1991,0.50392,-1.6092,-8.192,0.010105,0
-1.6739,0.17048,-1.5384,1.1379,-0.3351,0
-1.1041,-0.086014,-1.5603,6.1442,-1.3563,0
0.41548,0.067882,-1.5654,-3.6408,-0.83852,0
1.7451,0.91431,-1.5628,-6.8267,-1.7015,0
1.7451,2.2994,-1.4972,4.7789,-0.91043,0
0.22554,2.4276,-1.3376,4.7789,-1.1406,0
-0.15436,1.9146,-1.214,-5.9164,-1.155,0
0.035589,1.7607,-1.2874,-4.0959,-0.75222,0
-0.43928,1.5299,-1.4702,7.5096,-1.6296,0
-0.53425,0.47827,-1.6787,2.2757,-0.82413,0
-1.1041,-0.599,-1.7829,-7.9645,-1.644,0
-1.389,-0.7016,-1.5178,-0.68254,-1.0543,0
-0.62923,-0.67595,-1.1793,8.1923,-0.55085,0
-0.059385,-1.3428,-1.0892,-0.45498,-0.78098,0
-0.53425,-2.0097,-1.187,-7.5093,-0.004278,0
-0.24933,-2.9587,-1.214,2.7309,-1.3419,0
-0.059385,-3.4204,-1.1394,7.282,-1.1693,0
0.13056,-3.4974,-1.0171,-4.3235,-1.831,0
0.13056,-3.7026,-0.91029,-6.5991,-1.6296,0
-0.43928,-3.087,-0.87039,5.0064,-0.99673,0
-0.15436,-2.7535,-0.83692,4.0962,-1.5145,0
0.035589,-2.8818,-0.8395,-7.0542,-0.6803,0
0.41548,-2.8048,-0.94761,-3.1857,-1.8454,0
0.79538,-2.9587,-1.0969,8.1923,-1.6871,0
-0.24933,-3.0357,-1.0969,1.5931,-2.4207,0
-0.7242,-3.0357,-1.0454,-8.6471,-3.0536,0
-0.059385,-2.3175,-1.1059,0.45525,-2.32,0
0.32051,-1.9328,-1.2732,7.5096,-3.1974,0
0.89035,-1.8815,-1.5075,-2.0479,-2.2049,0
0.51046,-2.3688,-1.6027,-7.7369,-2.809,0
-0.24933,-2.6253,-1.3337,3.8687,-2.5645,0
-0.059385,-2.9074,-0.92831,6.5994,-2.0611,0
-0.059385,-3.1126,-0.71336,-5.0062,-2.2769,0
-1.0091,-3.8308,-0.71723,-5.9164,-1.0399,0
-1.0091,-4.1899,-0.79445,6.8269,-1.7591,0
0.22554,-4.0617,-0.85494,2.9584,-1.4426,0
0.32051,-3.9334,-0.95148,-7.7369,-2.018,0
-0.81917,-3.6256,-1.0647,-3.1857,-2.4782,0
-0.91415,-3.0613,-1.0737,7.0545,-1.644,0
0.41548,-2.9331,-0.96177,0.2277,-1.7159,0
0.13056,-2.7792,-0.85108,-9.1023,-0.076195,0
-0.81917,-2.4201,-0.7597,-0.45498,-0.60838,0
-1.7689,-1.1889,-0.70178,7.282,-0.40701,0
-1.7689,-0.0090658,-0.70435,-2.0479,-0.63715,0
-1.294,0.81171,-0.81891,-7.2818,-1.2269,0
-1.579,1.2221,-0.90385,2.0482,-0.1625,0
-0.91415,1.9146,-0.88969,5.6891,-0.52208,0
-0.24933,2.9406,-0.90771,-5.6889,0.70051,0
-0.059385,3.6331,-1.0236,-5.2337,0.51352,0
0.035589,3.4023,-1.0441,7.7372,0.19709,0
0.035589,3.4279,-0.89356,3.8687,-0.004278,0
-0.62923,4.1974,-0.78415,-8.192,-1.3707,0
0.13056,3.8896,-0.8498,-1.8203,-0.80975,0
0.79538,3.351,-0.83564,7.7372,-1.5577,0
0.22554,2.3763,-0.57822,0.45525,-0.79537,0
0.7004,1.4786,-0.31437,-7.7369,-0.75222,0
0.41548,0.76041,-0.16893,1.5931,-1.4714,0
-0.24933,-0.11166,-0.102,7.0545,-1.3563,0
-0.15436,-0.80419,-0.12903,-2.9581,-2.9097,0
0.60543,-1.1889,-0.15734,-7.2818,-2.4495,0
0.7004,-1.3685,-0.083977,3.8687,-3.4707,0
0.7004,-1.5993,0.039583,4.7789,-3.0967,0
0.41548,-1.7789,0.12196,-6.5991,-2.8234,0
-0.91415,-1.8045,0.17215,-5.0062,-3.4131,0
-1.8639,-1.2659,0.16572,6.3718,-2.7947,0
-0.7242,-0.31686,0.076909,3.4135,-4.1467,0
0.98533,0.29873,0.013841,-6.5991,-3.7727,0
0.89035,0.27308,0.022851,-2.7306,-4.5782,0
0.13056,-0.23991,0.14126,7.282,-4.9666,0
0.035589,-0.4451,0.31759,0.91037,-4.6789,0
-0.15436,0.093531,0.46046,-8.4196,-5.5563,0
-1.294,0.52957,0.4862,1.1379,-4.6214,0
-0.53425,0.58087,0.35235,7.0545,-5.4844,0
-0.059385,0.83736,0.14126,-3.4133,-5.3261,0
-1.1041,0.99126,0.066612,-7.5093,-6.2323,0
-1.6739,1.0426,0.13225,5.234,-7.4405,0
-0.62923,1.0426,0.158,5.4616,-7.2391,0
0.51046,1.2734,0.14641,-5.4613,-8.0734,0
0.32051,1.6581,0.17473,-6.3715,-6.7789,0
0.7004,1.8633,0.18889,6.1442,-7.0234,0
-0.62923,2.3763,0.12968,2.7309,-6.5056,0
-2.6237,2.838,0.04988,-8.192,-6.3761,0
-0.91415,2.8124,-0.02992,-3.1857,-7.2104,0
1.4602,3.2227,-0.099422,7.282,-6.4049,0
0.79538,4.7361,-0.13932,0.91037,-7.0665,0
-0.81917,5.9416,-0.13804,-7.9645,-5.657,0
-0.34431,6.788,-0.15091,1.8206,-5.4412,0
0.98533,6.8906,-0.26288,7.0545,-4.794,0
0.98533,6.6597,-0.36842,-4.0959,-4.0604,0
-0.62923,6.6854,-0.33882,-7.2818,-4.6501,0
-1.1991,6.9932,-0.26417,5.4616,-3.6433,0
-0.7242,6.1468,-0.2114,5.6891,-4.3625,0
-1.484,4.9925,-0.13932,-6.5991,-3.6289,0
-2.8136,4.8643,-0.044078,-4.5511,-4.1323,0
-1.6739,4.3257,0.029286,6.5994,-4.7796,0
-0.81917,3.2484,-0.04279,2.2757,-4.6501,0
-1.6739,2.5559,-0.10071,-7.2818,-5.8008,0
-1.1991,2.4789,0.057602,-0.45498,-5.1392,0
-0.7242,2.8893,0.23522,7.9647,-6.0309,0
-1.1041,2.9919,0.23007,-0.9101,-5.5994,0
-0.91415,2.0429,0.087205,-7.0542,-5.7433,0
-0.34431,1.299,-0.047939,3.6411,-6.4049,0
1.1753,1.2734,-0.12774,6.3718,-6.1316,0
0.98533,1.5812,-0.080116,-4.7786,-7.6706,0
0.035589,1.5812,0.026712,-5.6889,-7.1528,0
0.035589,1.4529,0.076909,5.4616,-7.6419,0
0.035589,0.91431,0.046019,3.8687,-7.0953,0
-0.91415,-0.060364,0.1078,-6.8267,-6.1028,0
-1.389,-1.2402,0.30086,-3.4133,-6.1891,0
-1.0091,-2.0097,0.4669,7.9647,-4.9666,0
-0.7242,-2.1893,0.51967,1.5931,-6.0885,0
-0.62923,-2.2406,0.55699,-8.192,-5.9015,0
-0.7242,-1.7276,0.67927,-1.8203,-6.2754,0
-0.53425,-0.75289,0.71016,7.282,-6.3474,0
-0.62923,0.70911,0.56472,-1.3652,-4.9809,0
-0.059385,1.299,0.36136,-8.4196,-5.3405,0
1.6501,0.93996,0.26096,3.4135,-4.1898,0
2.7898,0.37567,0.34591,6.1442,-4.7652,0
2.03,-0.26556,0.47591,-5.2337,-4.233,0
0.79538,-1.0607,0.58145,-6.5991,-3.6145,0
0.13056,-1.6506,0.66511,5.234,-3.8734,0
0.60543,-2.0354,0.61749,3.6411,-2.6652,0
0.035589,-1.4711,0.5467,-7.5093,-3.1255,0
-2.4337,-1.3172,0.51452,-3.1857,-1.9173,0
-3.6684,-1.3428,0.53125,8.4198,-1.5002,0
-1.8639,-1.0094,0.4965,0.91037,-0.86728,0
-0.53425,-1.1376,0.52868,-7.5093,0.29777,0
-0.91415,-1.3685,0.68313,-0.22742,-0.018661,0
-1.389,-0.88114,0.76421,6.8269,1.5204,0
0.035589,-0.16296,0.7359,-1.3652,1.3621,0
1.1753,0.35002,0.81827,-8.192,2.5272,0
0.79538,0.32437,0.9547,3.186,2.9731,0
-0.62923,-0.16296,0.91223,7.0545,2.9299,0
-1.7689,-0.11166,0.67927,-4.5511,3.9224,0
-2.1488,0.19613,0.53254,-5.6889,3.3758,0
-1.7689,0.22178,0.62006,5.6891,4.397,0
-0.7242,0.17048,0.73332,4.5513,3.8649,0
-0.62923,0.47827,0.74105,-6.3715,4.2676,0
-0.7242,0.58087,0.59689,-3.1857,4.6991,0
-0.059385,0.91431,0.55571,8.1923,4.2532,0
0.7004,1.1965,0.65867,2.2757,4.9724,0
0.32051,1.9146,0.51323,-7.2818,3.9368,0
0.035589,2.1968,0.12582,0.45525,4.5553,0
0.60543,1.7864,-0.032494,7.5096,4.0806,0
1.1753,1.2734,0.048593,-1.8203,4.0518,0
1.5552,1.1195,0.070473,-7.2818,4.6128,0
0.60543,0.55522,0.2069,3.8687,4.1381,0
-0.24933,0.29873,0.38967,5.4616,5.2169,0
-0.7242,0.47827,0.34334,-6.8267,4.3827,0
-1.1041,0.78606,0.16443,-5.4613,4.6272,0
-1.484,0.27308,0.012554,7.282,4.0375,0
-0.53425,0.37567,-0.15091,2.9584,3.3039,0
0.60543,1.0169,-0.27575,-7.2818,3.6635,0
0.79538,0.37567,-0.28991,-1.5928,2.5991,0
0.51046,0.24743,-0.22427,8.1923,3.3039,0
-0.24933,0.91431,-0.2217,-0.22742,2.4121,0
-0.24933,1.3247,-0.28219,-8.6471,2.369,0
-0.059385,1.2221,-0.35555,1.1379,2.0525,0
-0.43928,0.58087,-0.30922,6.5994,0.93064,0
-0.15436,0.27308,-0.19724,-3.4133,1.1895,0
0.7004,-0.060364,-0.10328,-6.8267,-0.23441,0
0.79538,-0.16296,-0.14318,5.234,0.15394,0
-0.53425,-0.13731,-0.16506,4.5513,-0.5077,0
1.1753,-0.16296,-0.044078,-7.7369,-0.6803,0
2.125,-0.13731,0.01899,-4.5511,-0.39263,0
1.3652,-0.23991,-0.063384,7.0545,-1.3419,0
1.0803,-0.67595,-0.18566,2.7309,-0.83852,0
-0.24933,-1.3685,-0.20368,-7.7369,-2.3056,0
-1.1041,-1.2915,-0.10328,-1.1377,-2.2769,0
-0.34431,-1.3428,-0.049226,7.7372,-2.881,0
0.51046,-1.5993,-0.054374,-1.1377,-3.6433,0
0.79538,-1.2915,-0.028633,-8.4196,-3.3988,0
1.1753,-0.599,0.08077,2.5033,-4.5494,0
0.41548,-0.26556,0.12324,6.5994,-3.8446,0
0.035589,-0.16296,0.013841,-4.3235,-4.7364,0
1.1753,0.27308,-0.056948,-7.0542,-4.8946,0
1.3652,1.0426,0.0048318,5.234,-5.3261,0
0.51046,1.3503,-0.026058,5.0064,-6.4193,0
0.22554,1.889,-0.26417,-6.5991,-5.9878,0
0.32051,2.1711,-0.53832,-4.5511,-6.9802,0
-0.34431,1.7864,-0.5705,7.5096,-6.0741,0
-0.62923,0.55522,-0.4006,2.2757,-6.6638,0
-0.53425,-0.31686,-0.22684,-7.7369,-6.635,0
-0.7242,-0.34251,-0.16893,-0.45498,-6.1316,0
0.41548,-0.034715,-0.2011,7.7372,-6.822,0
1.8401,0.19613,-0.2011,-1.3652,-6.1172,0
1.6501,0.68346,-0.12903,-7.7369,-7.4261,0
0.51046,1.299,-0.13804,3.4135,-6.8795,0
-0.34431,1.889,-0.21269,5.6891,-7.009,0
-0.059385,2.4533,-0.3208,-5.9164,-6.7213,0
0.035589,3.4536,-0.38516,-5.4613,-5.5419,0
0.035589,4.1461,-0.5306,6.5994,-5.8439,0
0.89035,4.7617,-0.7893,2.5033,-4.6357,0
1.6501,5.5568,-0.84851,-7.5093,-5.5419,0
0.60543,5.8903,-0.58465,-3.1857,-5.2686,0
0.22554,4.9669,-0.34268,7.282,-5.3405,0
0.035589,4.4539,-0.36714,0.91037,-5.7289,0
0.035589,4.0948,-0.52416,-7.9645,-4.4775,0
1.1753,4.5052,-0.60911,1.3655,-4.5351,0
1.9351,4.6848,-0.60267,8.1923,-2.8378,0
1.7451,4.5052,-0.51644,-3.1857,-2.5645,0
0.60543,4.3513,-0.38644,-7.9645,-2.3056,0
-0.24933,3.6075,-0.16378,4.5513,-1.6871,0
-0.62923,3.4023,0.030574,5.4616,-2.3056,0
-0.62923,2.9406,0.12968,-7.7369,-1.2413,0
-1.1041,2.4789,0.21205,-5.0062,-1.7734,0
-1.389,2.2994,0.25324,7.282,-0.91043,0
-0.34431,2.2224,0.13998,2.5033,-0.40701,0
-0.059385,2.5046,-0.040216,-7.7369,-0.10496,0
0.13056,3.1201,-0.0028907,-1.5928,1.1895,0
0.32051,3.4279,0.20433,7.5096,0.35531,0
0.22554,3.9922,0.32918,-1.8203,1.0026,0
-0.7242,4.0179,0.36007,-8.192,-0.004278,0
-1.484,3.9922,0.28027,3.4135,-0.090578,0
0.035589,4.1718,0.18889,7.5096,0.39846,0
1.1753,4.0179,0.22106,-4.5511,0.22586,0
0.60543,3.7101,0.29829,-5.6889,1.6642,0
-1.294,3.274,0.18245,6.5994,1.2758,0
-1.8639,2.0942,0.076909,3.4135,2.2539,0
1.4602,0.55522,0.10008,-7.5093,2.2683,0
2.03,-0.72725,0.088493,-3.1857,2.2539,0
-0.81917,-0.599,0.065325,8.1923,2.8868,0
-1.294,-0.29121,0.083344,1.3655,2.0238,0
-1.389,-0.21426,0.07176,-8.192,2.9443,0
-1.389,-0.4451,0.038296,-0.45498,2.0094,0
-0.81917,-0.98374,0.0048318,7.9647,2.3258,0
-0.81917,-1.112,0.030574,-1.1377,2.4409,0
-0.62923,-1.3685,0.082057,-7.0542,2.2108,0
-1.294,-2.1636,0.13998,3.8687,3.2608,0
-1.294,-2.8048,0.076909,6.3718,2.5272,0
0.13056,-2.2919,-0.12388,-5.4613,3.3471,0
1.6501,-1.6506,-0.28348,-5.4613,2.9012,0
0.79538,-1.4711,-0.27447,6.3718,2.7573,0
-1.294,-1.6506,-0.12259,3.6411,3.2608,0
-1.6739,-1.0607,0.12839,-7.7369,2.6423,0
-1.484,-0.67595,0.37423,-3.6408,3.7786,0
-1.294,-0.80419,0.3871,7.282,3.0882,0
-1.0091,-0.67595,0.26868,0.45525,3.6779,0
-0.15436,-0.34251,0.23522,-8.4196,3.534,0
0.41548,0.22178,0.24423,0.91037,3.0882,0
1.3652,0.60652,0.18245,7.7372,3.6491,0
1.1753,1.0939,0.34977,-3.8684,2.8149,0
-1.0091,1.1195,0.57887,-7.2818,3.8649,0
-2.1488,1.0682,0.45531,4.0962,3.419,0
-0.7242,1.5812,0.079483,5.4616,3.6203,0
0.035589,2.2481,0.020277,-6.8267,3.9655,0
-0.43928,2.0942,0.14899,-5.0062,3.1888,0
-0.24933,1.1965,0.070473,6.3718,4.095,0
0.32051,0.91431,-0.15219,2.7309,3.0882,0
0.60543,0.93996,-0.14576,-7.7369,3.6203,0
1.2702,0.50392,0.12582,-1.1377,3.0306,0
1.3652,0.55522,0.3266,7.7372,2.671,0
1.1753,0.78606,0.28542,-0.22742,3.3327,0
0.51046,1.2477,0.16958,-8.4196,2.8293,0
0.7004,1.4273,0.15413,2.5033,4.1669,0
0.79538,1.9659,0.098789,7.0545,3.5053,0
0.41548,2.6841,-0.078829,-1.8203,3.7498,0
1.1753,2.5046,-0.26417,-6.144,3.2608,0
1.4602,2.2737,-0.29763,4.3238,2.4121,0
0.89035,1.5299,-0.10843,6.1442,2.858,0
0.32051,1.3247,0.044732,-5.9164,2.1388,0
-0.34431,0.91431,0.020277,-4.5511,3.5484,0
0.41548,0.65782,0.055028,7.282,3.4477,0
1.5552,0.29873,0.29443,3.4135,3.908,0
1.8401,-0.7016,0.55313,-8.8747,3.8792,0
0.60543,-1.8045,0.53897,-2.503,2.671,0
-0.81917,-1.8815,0.38967,8.6474,2.8149,0
-1.294,-1.4198,0.19146,0.2277,1.4916,0
-1.6739,-1.5224,-0.10972,-7.7369,2.3402,0
-0.7242,-2.2919,-0.19595,2.7309,2.4265,0
0.79538,-2.8561,0.08978,6.8269,2.5272,0
0.89035,-2.7535,0.49264,-4.3235,2.9156,0
-0.15436,-1.9328,0.52868,-6.8267,1.4772,0
-0.62923,-1.7789,0.24809,5.9167,1.3765,0
-0.34431,-2.3175,-0.077542,4.3238,-0.20565,0
0.51046,-2.8048,-0.18823,-7.7369,-0.37825,0
-0.15436,-2.0867,0.0022576,-3.6408,-0.27756,0
-1.484,-2.0867,0.21978,7.282,-0.43578,0
-2.1488,-2.1636,0.16443,2.2757,0.71489,0
-1.6739,-1.4711,-0.087839,-8.192,-0.090578,0
-0.91415,-0.13731,-0.27961,-0.22742,0.51352,0
-1.294,0.50392,-0.38387,7.0545,-0.55085,0
-1.0091,0.58087,-0.43793,-2.7306,-0.80975,0
0.51046,0.32437,-0.34011,-7.2818,-0.52208,0
0.79538,-0.0090658,-0.19724,3.8687,-0.79537,0
0.7004,-0.90679,-0.2217,6.3718,0.70051,0
0.32051,-0.599,-0.37743,-6.144,0.25462,0
-0.91415,-0.26556,-0.46753,-5.0062,0.98818,0
-0.7242,-0.18861,-0.39803,6.8269,0.57106,0
0.7004,-0.21426,-0.19209,2.9584,-0.090578,0
1.0803,-0.7016,0.088493,-7.2818,0.38407,0
-0.15436,-0.95809,0.23007,-1.8203,-0.6803,0
-1.1041,-0.75289,0.19146,7.9647,0.096406,0
-1.9589,-0.67595,0.21077,-0.22742,-0.83852,0
-1.1991,-1.3428,0.30086,-8.192,-0.8529,0
0.7004,-2.7279,0.31116,3.186,-0.91043,0
1.6501,-3.8821,0.29185,7.5096,-1.7303,0
0.41548,-4.6003,0.28156,-4.5511,-0.83852,0
-0.34431,-5.4724,0.28284,-5.2337,-1.644,0
-1.0091,-6.4214,0.31759,5.4616,-0.80975,0
-1.484,-7.0113,0.4167,5.4616,-1.1262,0
-0.43928,-7.3961,0.49006,-7.2818,-1.3419,0
0.035589,-6.8831,0.44502,-4.3235,-0.96797,0
-0.7242,-6.011,0.31502,7.282,-1.7447,0
-1.1991,-5.6006,0.19661,1.8206,-0.73783,0
-0.53425,-5.5493,0.10909,-7.2818,-1.5433,0
0.035589,-5.3441,0.00097052,0.45525,-1.0543,0
-0.53425,-4.4207,-0.19724,8.875,-1.3276,0
-0.15436,-4.036,-0.38773,-0.68254,-1.9748,0
0.60543,-4.2412,-0.3903,-7.5093,-1.3419,0
0.7004,-4.2925,-0.28734,2.5033,-2.2337,0
-0.059385,-3.8052,-0.26932,6.1442,-1.3563,0
-1.6739,-3.5487,-0.31437,-4.3235,-1.8741,0
-1.7689,-2.497,-0.36842,-6.3715,-1.7734,0
-1.294,-1.4454,-0.3311,5.9167,-1.644,0
-1.1041,-0.6503,-0.22684,4.3238,-2.3344,0
-0.24933,-0.4964,-0.14704,-7.7369,-1.4426,0
-0.43928,-0.11166,-0.11229,-4.0959,-2.2769,0
-0.059385,0.17048,0.047306,7.282,-1.4858,0
1.0803,0.19613,0.27126,0.45525,-1.6152,0
1.5552,-0.034715,0.30858,-8.192,-1.7303,0
0.60543,-0.62465,0.19403,0.91037,-1.155,0
-0.34431,-0.98374,0.10008,6.5994,-2.0611,0
-0.53425,-1.0607,0.076909,-4.0959,-1.1262,0
-0.7242,-1.5224,0.12196,-8.192,-2.0755,0
-0.7242,-1.2915,0.18245,3.8687,-1.7303,0
-1.0091,-0.80419,0.18245,4.7789,-2.133,0
-1.7689,-0.41945,0.12067,-6.8267,-2.9097,0
-1.6739,0.042233,0.043444,-5.2337,-2.5214,0
-0.43928,0.73476,-0.11101,7.7372,-3.5138,0
0.60543,2.1968,-0.18694,2.9584,-2.5645,0
0.32051,2.9406,-0.099422,-7.7369,-2.7947,0
-0.34431,2.838,-0.14318,-1.3652,-2.1906,0
-0.34431,2.4276,-0.27704,8.1923,-1.3707,0
-0.7242,1.7864,-0.28734,-0.22742,-1.5289,0
0.41548,1.5299,-0.12259,-8.6471,-0.090578,0
1.7451,1.1452,0.083344,2.5033,-0.49331,0
1.7451,0.58087,0.24552,6.5994,0.62859,0
0.51046,0.22178,0.34462,-4.3235,0.90188,0
0.035589,-0.29121,0.42571,-6.8267,0.85873,0
0.60543,-0.5477,0.47591,7.0545,1.7793,0
-0.059385,-0.93244,0.38452,4.5513,0.98818,0
-0.91415,-1.2915,0.14126,-7.5093,1.7936,0
0.035589,-1.3685,-0.077542,-2.7306,1.1032,0
1.3652,-1.1376,-0.092987,6.8269,1.1895,0
0.32051,-0.11166,0.062751,0.45525,1.2902,0
-1.579,0.24743,0.16829,-8.4196,0.55667,0
-1.7689,-0.060364,0.069186,1.1379,1.3765,0
-1.0091,0.86301,-0.11873,7.0545,0.44161,0
-0.059385,1.5555,-0.20882,-3.1857,1.2902,0
0.79538,1.3503,-0.18566,-7.2818,0.90188,0
0.60543,0.78606,-0.10071,3.8687,0.74366,0
-1.0091,-0.11166,-0.014475,5.0064,1.1176,0
0.32051,-0.31686,0.079483,-6.8267,0.24024,0
0.79538,0.22178,0.094928,-4.7786,1.2183,0
-0.15436,0.73476,0.020277,7.282,0.84434,0
-1.1041,0.65782,-0.15219,2.5033,1.8512,0
-1.1991,0.35002,-0.3504,-8.192,2.2395,0
-1.389,0.17048,-0.32724,-0.9101,1.8656,0
-1.0091,-0.5477,-0.13031,7.5096,2.2827,0
-0.059385,-1.7276,0.19017,-1.5928,0.85873,0
0.035589,-2.8818,0.38195,-8.6471,1.4053,0
0.51046,-3.6,0.32532,2.9584,0.81558,0
0.32051,-3.8565,0.11681,6.1442,1.3909,0
0.7004,-3.3435,-0.11615,-5.4613,2.1964,0
0.7004,-2.3688,-0.31437,-6.3715,1.995,0
-0.62923,-1.4711,-0.33239,6.1442,3.1601,0
-0.91415,-1.3685,-0.16635,3.6411,2.1532,0
1.2702,-1.3428,0.024138,-7.0542,2.3834,0
2.6949,-1.4711,0.026712,-3.6408,1.5491,0
2.03,-1.5993,-0.02091,7.5096,1.0026,0
1.7451,-1.548,-0.059523,0.45525,1.506,0
2.03,-1.7789,-0.10972,-8.192,1.0745,0
0.79538,-2.8048,-0.068532,1.8206,2.4121,0
-0.91415,-3.5487,0.053741,7.5096,1.8656,0
-0.91415,-3.8308,0.079483,-2.9581,2.2539,0
-0.91415,-3.6513,0.082057,-6.8267,1.9519,0
0.32051,-3.4974,0.26611,5.234,0.91626,0
1.6501,-3.4461,0.37037,5.6891,1.1608,0
0.60543,-3.2152,0.22235,-6.3715,-0.27756,0
-1.6739,-2.8048,0.017703,-4.5511,0.29777,0
-2.3388,-2.6509,-0.080116,7.5096,-0.26318,0
-0.91415,-2.6509,-0.12002,2.9584,0.13956,0
-0.15436,-1.8815,-0.1419,-8.192,1.0313,0
-0.34431,-1.5737,-0.12774,-1.3652,0.72928,0
-0.15436,-1.9071,-0.11487,8.4198,1.9519,0
-0.059385,-2.1893,-0.077542,0.2277,1.0889,0
-0.43928,-2.2919,-0.04279,-8.4196,1.4341,0
-1.0091,-2.1123,-0.022197,1.5931,1.2615,0
-1.389,-2.0867,-0.022197,6.5994,0.90188,0
-0.7242,-2.4201,-0.006752,-3.8684,2.0094,0
-1.1041,-2.138,0.017703,-6.3715,1.6067,0
-1.8639,-1.6763,0.04988,5.4616,2.858,0
-1.579,-1.4711,0.029286,3.8687,2.4409,0
-0.53425,-1.1633,0.0061189,-7.7369,2.1532,0
-0.15436,-1.0607,0.061464,-3.1857,1.7793,0
-1.1041,-1.035,0.069186,7.9647,0.38407,0
-1.389,-0.7016,-0.090413,1.1379,0.85873,0
-0.059385,-0.11166,-0.38258,-8.192,-0.27756,0
1.7451,1.4016,-0.48297,-0.68254,0.44161,0
0.98533,2.838,-0.39674,7.5096,0.34092,0
-1.294,3.6588,-0.3311,-2.0479,0.24024,0
-2.0538,3.6331,-0.38902,-7.5093,0.65736,0
-1.0091,3.5818,-0.36199,3.6411,-0.43578,0
-0.34431,3.787,-0.19982,6.8269,0.28339,0
-0.34431,4.0948,-0.065958,-5.6889,-0.53646,0
-0.53425,4.2744,-0.15863,-6.144,0.19709,0
-0.7242,3.8383,-0.19081,5.4616,0.68613,0
-0.15436,2.5302,-0.071106,4.0962,0.68613,0
0.32051,1.2221,-0.053087,-7.5093,1.9662,0
0.79538,0.91431,-0.099422,-3.1857,1.4628,0
1.0803,0.45262,-0.069819,8.4198,2.5416,0
0.41548,-0.4964,0.08978,1.5931,2.4553,0
-0.34431,-1.1376,0.29185,-7.7369,2.4841,0
-1.1041,-0.85549,0.40512,0.2277,2.9156,0
-1.8639,-0.36816,0.41284,7.9647,1.995,0
-1.6739,0.22178,0.17215,-3.1857,2.556,0
-0.53425,0.50392,-0.041503,-7.0542,1.4053,0
-0.059385,0.58087,0.098789,4.3238,1.6498,0
-0.91415,0.37567,0.25968,6.1442,1.2758,0
-0.62923,-0.29121,0.30344,-5.6889,0.67174,0
0.22554,-1.0607,0.34205,-5.2337,1.2758,0
0.32051,-1.625,0.41927,7.282,0.36969,0
-0.7242,-1.8558,0.55056,2.7309,1.1608,0
-1.7689,-2.061,0.60848,-7.2818,0.42722,0
-1.579,-1.7019,0.56729,-0.68254,0.61421,0
-1.294,-1.9841,0.59046,7.5096,0.82996,0
-1.294,-2.4201,0.61877,-0.68254,0.28339,0
0.22554,-2.574,0.52353,-7.7369,1.2471,0
1.3652,-1.7019,0.3665,1.3655,0.42722,0
0.51046,-0.88114,0.23651,6.5994,1.2758,0
-0.24933,-0.13731,0.10909,-5.0062,0.95941,0
-0.7242,0.63217,-0.063384,-6.5991,0.85873,0
-0.15436,0.68346,-0.21011,5.6891,1.3334,0
0.51046,0.37567,-0.25645,4.5513,0.62859,0
0.32051,0.50392,-0.2912,-7.2818,1.7505,0
-0.34431,0.60652,-0.46496,-3.4133,1.2183,0
-0.81917,0.88866,-0.48941,7.282,2.0669,0
-0.34431,1.5042,-0.28991,0.91037,2.1245,0
0.13056,2.2737,-0.18437,-8.4196,1.7505,0
-0.91415,2.402,-0.20368,-0.9101,2.2683,0
-1.294,1.7607,-0.14833,7.7372,1.1176,0
-1.0091,1.1708,0.073047,-0.9101,1.9087,0
-0.24933,0.14483,0.26225,-7.7369,1.3046,0
0.22554,-0.47075,0.24166,2.2757,1.7361,0
-0.81917,0.067882,0.10265,6.8269,2.4409,0
-0.91415,0.27308,0.061464,-4.5511,2.0957,0
0.79538,0.22178,0.17601,-6.8267,3.232,0
1.3652,0.24743,0.31116,5.9167,2.3115,0
0.98533,0.45262,0.41541,3.6411,2.4697,0
0.60543,0.55522,0.46175,-7.7369,0.72928,0
-0.34431,0.65782,0.61105,-3.4133,-2.0899,0
-0.7242,0.32437,0.78738,8.4198,-4.5782,0
-1.294,-0.7016,0.85431,0.68281,-7.4549,0
-1.484,-1.5224,0.72689,-7.7369,-7.1528,0
-1.0091,-1.035,0.51581,1.1379,-7.2104,0
-0.059385,-0.4964,0.23651,7.282,-5.2111,0
0.7004,-0.23991,0.034435,-2.503,-3.2981,0
0.035589,-0.18861,0.10909,-6.5991,-1.7159,0
-0.7242,0.016583,0.37294,4.0962,1.0889,0
0.41548,-0.086014,0.50165,6.1442,2.2108,0
0.13056,0.042233,0.34076,-5.6889,4.958,0
-0.53425,0.45262,0.034435,-5.4613,6.3676,0
0.79538,2.1198,-0.17279,7.0545,8.1943,0
1.3652,4.4539,-0.24744,2.2757,10.093,0
0.41548,6.4033,-0.37357,-7.7369,10.654,0
-0.15436,6.5828,-0.68891,-0.9101,12.466,0
0.22554,6.2494,-1.0236,8.4198,12.063,0
1.2702,6.7623,-1.0776,-0.68254,12.596,0
1.0803,7.0445,-0.8588,-8.192,12.02,0
0.7004,5.249,-0.68247,2.9584,11.2,0
-1.294,3.4536,-0.54604,6.8269,11.128,0
-2.6237,2.5302,-0.59495,-4.7786,9.6901,0
-1.1041,2.7611,-0.70178,-5.9164,10.093,0
0.98533,3.5049,-0.71208,5.9167,8.9854,0
0.32051,3.8127,-0.68891,5.0064,9.0141,0
-0.7242,3.8896,-0.69534,-7.5093,8.971,0
-1.6739,3.1201,-0.76742,-3.4133,8.2662,0
-2.3388,2.5302,-0.86138,7.282,9.1723,0
-1.7689,2.2737,-0.78287,-0.68254,8.4244,0
-0.91415,1.7094,-0.56921,-8.8747,9.3881,0
-1.1991,0.042233,-0.31308,0.68281,9.4312,0
-0.7242,-0.80419,-0.12259,6.8269,9.5319,0
-0.15436,-1.2146,-0.022197,-4.5511,10.424,0
-0.91415,-1.2146,0.12582,-7.2818,9.8052,0
-1.389,-1.548,0.44888,5.234,10.941,0
-1.0091,-2.1893,0.71016,5.9167,10.409,0
-1.484,-2.574,0.80411,-6.8267,10.913,0
-2.2438,-1.8558,0.84015,-5.4613,10.913,0
-0.24933,-1.0607,0.88005,6.5994,10.222,0
1.1753,-0.599,0.89035,2.9584,10.783,0
0.98533,-0.11166,0.82857,-7.0542,9.5895,0
0.79538,0.17048,0.6059,-1.3652,9.9922,0
0.13056,0.19613,0.33819,7.282,9.2299,0
-0.53425,0.22178,0.22621,-0.45498,8.971,0
1.2702,-0.034715,0.3266,-6.5991,9.2155,0
2.7898,-0.41945,0.34591,2.2757,8.2518,0
1.5552,-1.2659,0.20047,7.0545,8.9854,0
-0.7242,-2.0354,0.10136,-3.4133,7.8778,0
-0.62923,-3.4974,0.20433,-6.144,8.0504,0
0.79538,-4.4207,0.25324,5.6891,7.6621,0
1.7451,-4.7029,0.28928,5.6891,6.9861,0
1.3652,-4.3181,0.44502,-6.8267,7.4319,0
0.41548,-5.4724,0.60075,-4.7786,6.3388,0
1.5552,-6.9087,0.77065,7.282,6.9573,0
2.22,-7.7551,0.9946,2.9584,6.0799,0
1.6501,-7.2165,1.0847,-7.9645,5.8498,0
1.0803,-6.6009,1.0834,-1.1377,5.634,0
0.89035,-6.1136,1.1182,7.9647,4.282,0
0.22554,-5.4724,1.1246,0.2277,4.6416,0
-0.24933,-4.6516,0.9547,-8.192,3.3183,0
-0.53425,-3.3435,0.48234,2.0482,3.419,0
0.41548,-2.0354,0.044732,7.282,3.0162,0
0.89035,-1.2915,-0.086552,-3.6408,2.2971,0
-0.15436,-1.2915,0.062751,-7.7369,2.556,0
-0.62923,-1.6506,0.37037,4.5513,1.2039,0
-1.6739,-1.035,0.71016,5.9167,1.6354,0
-1.579,-0.41945,0.8749,-6.5991,0.49914,0
-0.059385,0.50392,0.7359,-4.3235,0.26901,0
0.035589,0.83736,0.53383,7.5096,0.053256,0
-0.7242,0.27308,0.40769,2.2757,-0.86728,0
-1.389,-0.29121,0.29571,-7.9645,-0.13373,0
-2.4337,0.50392,0.18245,0.2277,-1.1981,0
-2.8136,1.4016,0.16443,7.0545,-0.57961,0
-0.62923,2.2224,0.20562,-2.2755,-0.96797,0
1.7451,2.6841,0.17859,-7.7369,-1.083,0
1.7451,2.6841,0.10522,3.6411,-0.55085,0
1.0803,2.1968,0.16186,5.4616,-1.2125,0
0.41548,2.1455,0.1773,-5.4613,-0.1625,0
0.13056,1.9146,0.18116,-5.2337,-0.6803,0
0.51046,1.1195,0.29185,7.0545,0.18271,0
0.79538,0.70911,0.28156,2.7309,0.42722,0
0.79538,1.0939,0.087205,-7.9645,0.18271,0
0.79538,1.889,0.007406,-2.0479,1.0889,0
0.60543,2.4789,0.022851,7.9647,0.34092,0
0.13056,3.1714,-0.019623,-0.22742,1.4484,0
0.60543,2.6072,-0.10328,-7.2818,1.1176,0
0.7004,1.0682,-0.14576,2.2757,1.5347,0
0.32051,0.11918,-0.16635,8.1923,2.0669,0
-0.34431,0.067882,-0.16764,-3.1857,1.4772,0
0.22554,0.63217,-0.102,-6.144,2.3258,0
0.7004,0.45262,-0.058236,5.234,1.2183,0
-0.24933,-0.18861,-0.15734,5.234,1.7217,0
-1.1041,-0.72725,-0.36456,-6.5991,1.1895,0
-1.294,0.52957,-0.50743,-3.8684,0.87311,0
-1.389,2.0172,-0.57436,7.282,1.1895,0
-0.91415,2.7354,-0.69663,1.8206,0.067639,0
0.13056,2.0429,-0.76742,-7.9645,0.62859,0
0.22554,0.47827,-0.75198,-0.22742,-0.6803,0
-0.15436,-1.2915,-0.65158,7.9647,-0.594,0
-0.62923,-1.3428,-0.45981,-1.3652,-1.1693,0
-0.7242,-0.36816,-0.31823,-7.7369,-2.1762,0
-1.484,-0.36816,-0.42119,3.186,-1.9748,0
-3.0985,-1.5224,-0.51773,5.6891,-3.2981,0
-2.1488,-1.8302,-0.42763,-6.144,-2.9241,0
-0.62923,-1.4198,-0.36842,-5.6889,-3.8878,0
-0.53425,-1.0607,-0.44179,6.3718,-4.233,0
-0.62923,-1.035,-0.46367,4.3238,-4.3193,0
-0.34431,-0.5477,-0.39159,-7.2818,-5.3693,0
-0.53425,-0.5477,-0.30793,-3.6408,-4.6357,0
-0.059385,-0.62465,-0.28605,7.5096,-5.7576,0
0.41548,-1.3685,-0.36328,1.3655,-5.1104,0
0.79538,-1.9841,-0.39417,-7.7369,-5.3261,0
0.035589,-2.497,-0.30407,0.45525,-5.5131,0
-1.389,-2.9074,-0.20754,7.7372,-4.8659,0
-2.0538,-2.7535,-0.17279,-3.1857,-5.6138,0
-0.91415,-2.3688,-0.26674,-8.6471,-4.5063,0
0.51046,-2.2919,-0.36585,3.186,-5.2255,0
-0.81917,-2.5483,-0.23585,5.9167,-4.5782,0
-1.1991,-2.7022,0.05889,-5.6889,-4.233,0
-1.389,-2.6509,0.28928,-5.6889,-4.4344,0
-2.0538,-1.9071,0.36007,6.5994,-3.2118,0
-1.6739,-1.3172,0.26225,3.4135,-3.859,0
-0.53425,-1.3172,0.20948,-5.9164,-2.7084,0
-0.059385,-0.95809,0.14255,-2.503,-2.8666,0
-0.91415,-0.41945,-0.046652,7.282,-2.507,0
-0.91415,0.093531,-0.12259,0.91037,-1.8597,0
1.3652,1.1708,0.073047,-7.9645,-2.2625,0
1.8401,1.9659,0.1876,2.0482,-1.155,0
-0.24933,2.915,-0.018336,7.7372,-1.7591,0
-1.294,3.1458,-0.32724,-3.1857,-0.86728,0
-0.53425,2.325,-0.46624,-7.0542,-1.0111,0
0.51046,1.1965,-0.39288,5.6891,-1.0399,0
0.7004,0.22178,-0.26674,5.234,-0.46455,0
1.3652,0.32437,-0.18308,-6.3715,-1.1693,0
1.5552,0.76041,-0.069819,-4.0959,-0.061812,0
0.79538,0.70911,-0.078829,7.5096,-0.82413,0
0.41548,0.63217,-0.30664,2.5033,-0.27756,0
0.41548,0.63217,-0.50099,-6.5991,-0.2488,0
1.1753,0.63217,-0.61683,0.2277,-0.70906,0
1.0803,0.65782,-0.56149,7.9647,-0.033045,0
0.41548,0.91431,-0.41605,-0.9101,-1.0255,0
0.13056,1.5299,-0.3414,-8.192,-0.23441,0
0.51046,2.2481,-0.28862,2.2757,-1.0399,0
0.60543,2.325,-0.22684,6.8269,-0.9392,0
0.89035,1.0426,-0.10071,-4.5511,-0.80975,0
0.13056,-0.85549,0.047306,-6.8267,-1.5577,0
-1.484,-1.6763,0.16314,5.6891,-0.79537,0
-1.1991,-0.57335,0.15156,3.8687,-1.8597,0
0.22554,0.78606,-0.04279,-6.8267,-1.3419,0
1.3652,1.812,-0.25259,-3.1857,-1.7591,0
2.5999,1.9916,-0.39931,7.7372,-1.946,0
2.9798,2.1455,-0.70693,1.8206,-1.5865,0
2.5999,1.9659,-1.0416,-7.2818,-2.4351,0
2.03,1.5812,-1.0467,0.68281,-1.6152,0
2.03,1.4273,-0.92445,6.8269,-2.5645,0
2.125,1.6838,-0.93989,-3.6408,-2.1906,0
1.5552,2.0942,-0.91544,-7.7369,-2.3632,0
-0.62923,2.6841,-0.74425,5.234,-2.9097,0
-1.484,2.0429,-0.54347,5.234,-2.3775,0
-0.81917,1.5299,-0.50872,-7.2818,-3.3844,0
-1.579,1.9146,-0.50357,-3.8684,-2.809,0
-2.7186,1.9916,-0.33625,7.5096,-3.5857,0
-1.8639,1.6325,-0.13546,2.5033,-3.6289,0
-1.1041,0.96561,0.012554,-8.6471,-3.5138,0
-0.059385,0.14483,0.21077,-1.1377,-4.3337,0
0.60543,-0.4451,0.34591,7.7372,-3.5857,0
0.13056,-0.57335,0.27898,-0.45498,-4.6357,0
0.035589,-0.93244,0.19017,-7.7369,-4.0316,0
0.7004,-1.4198,0.29185,2.9584,-4.4488,0
0.22554,-1.2915,0.47848,5.4616,-4.6789,0
-0.24933,-0.11166,0.54155,-5.2337,-4.233,0
-1.389,0.17048,0.33561,-6.3715,-5.1679,0
-2.6237,-0.77854,0.08978,6.3718,-4.3481,0
-2.0538,-1.5224,0.15671,3.6411,-5.1823,0
-0.059385,-2.0867,0.4463,-7.7369,-4.8371,0
1.5552,-2.6766,0.69342,-3.1857,-4.9522,0
1.6501,-2.9331,0.51709,7.5096,-5.4412,0
0.22554,-2.3431,0.012554,2.0482,-4.8371,0
-1.1041,-1.3941,-0.1818,-7.5093,-5.7001,0
-0.7242,-0.034715,-0.036355,0.45525,-4.9666,0
-1.1991,0.50392,-0.0041778,7.282,-5.6282,0
-2.5287,1.0682,-0.21397,-2.7306,-5.6138,0
-2.4337,1.8633,-0.44436,-7.2818,-5.3549,0
-0.81917,2.4533,-0.51773,4.0962,-6.0022,0
-0.34431,2.7098,-0.47139,5.4616,-5.1392,0
-1.6739,2.7354,-0.51901,-6.3715,-5.959,0
-1.484,3.4536,-0.76356,-5.4613,-5.3405,0
0.035589,4.0179,-0.88069,6.1442,-5.5419,0
1.7451,3.5562,-0.75455,2.9584,-5.6713,0
2.125,3.4279,-0.53188,-7.7369,-4.9522,0
1.6501,3.4792,-0.34783,-2.2755,-5.6426,0
-0.53425,2.9663,-0.19982,6.8269,-4.6357,0
-1.1991,2.4533,-0.11358,0.2277,-5.2974,0
-0.43928,2.5046,-0.10071,-7.2818,-4.7364,0
0.51046,2.3507,-0.049226,0.45525,-4.6357,0
0.79538,1.0169,0.020277,7.282,-4.8371,0
0.89035,-1.112,0.13097,-2.7306,-3.9166,0
0.41548,-1.7789,0.29314,-7.2818,-4.5063,0
-0.34431,-1.1376,0.42442,4.3238,-3.2549,0
-0.34431,-0.90679,0.52224,5.4616,-3.7296,0
-0.81917,-1.7276,0.6458,-5.6889,-3.2262,0
-1.1041,-2.3688,0.72946,-4.5511,-2.809,0
-1.484,-2.1636,0.91995,7.9647,-3.183,0
-0.91415,-2.6253,1.0422,2.2757,-2.1186,0
-1.1041,-3.2152,0.90966,-8.4196,-2.7515,0
-1.6739,-2.4201,0.72689,-1.8203,-1.7878,0
-1.6739,-0.6503,0.6059,8.6474,-1.9892,0
-1.484,1.5555,0.39225,-0.68254,-1.8885,0
-1.8639,3.4792,-0.033781,-7.9645,-1.2413,0
-1.294,4.7104,-0.5499,2.9584,-1.9029,0
0.60543,4.813,-0.86395,7.282,-0.88167,0
0.41548,4.7617,-0.86009,-3.1857,-1.5721,0
-1.0091,4.7873,-0.78158,-6.3715,-0.99673,0
-0.34431,4.9156,-0.6799,4.5513,-0.8529,0
0.035589,4.8386,-0.48941,4.7789,-1.1981,0
0.13056,3.9922,-0.22684,-7.0542,-0.36386,0
0.51046,2.5815,-0.10071,-4.5511,-1.155,0
1.2702,1.1965,-0.21526,7.9647,-0.26318,0
2.03,0.91431,-0.3208,1.1379,-0.86728,0
1.4602,0.91431,-0.15863,-7.9645,-0.60838,0
-0.15436,0.52957,0.10394,-0.68254,-0.36386,0
-0.81917,0.016583,0.25839,7.7372,-1.0543,0
-0.24933,-0.11166,0.2867,-0.68254,-0.11935,0
0.13056,0.45262,0.22106,-8.192,-1.0687,0
1.1753,0.24743,0.1773,2.9584,-0.37825,0
1.5552,-0.086014,0.18116,6.1442,-0.6803,0
-0.43928,0.55522,0.17601,-5.0062,-0.92482,0
-1.389,1.1195,0.042157,-6.8267,-0.3351,0
-0.15436,0.91431,-0.050513,5.9167,-1.1981,0
0.22554,-0.086014,-0.033781,4.0962,-0.3351,0
-1.389,-0.95809,0.027999,-6.5991,-1.0399,0
-0.91415,-1.5993,0.016416,-2.0479,-0.60838,0
0.7004,-2.061,0.070473,6.8269,-0.53646,0
1.5552,-2.1636,0.15156,0.00013542,-1.0543,0
0.41548,-2.574,0.2468,-7.9645,-0.20565,0
0.13056,-3.1639,0.28542,0.91037,-1.1262,0
0.22554,-3.4204,0.22621,6.5994,-0.27756,0
-0.24933,-3.2665,0.13354,-4.5511,-0.78098,0
0.41548,-3.6256,0.16829,-6.3715,-0.70906,0
2.6949,-3.6,0.37809,4.5513,-0.29195,0
4.2144,-3.523,0.53769,4.5513,-0.96797,0
3.0747,-3.7282,0.36908,-5.9164,-0.018661,0
1.4602,-3.523,0.11423,-3.6408,-0.82413,0
0.41548,-2.0097,-0.024771,7.9647,-0.22003,0
-0.53425,-0.21426,-0.12903,1.8206,-0.43578,0
-0.62923,1.1965,-0.27575,-8.8747,-0.75222,0
-0.15436,2.0429,-0.39417,0.00013542,-0.047428,0
-0.24933,2.5302,-0.27575,7.5096,-0.89605,0
-1.1991,2.6328,-0.058236,-1.3652,0.010105,0
-0.7242,2.6841,-0.14318,-7.7369,-0.62276,0
-0.62923,2.915,-0.46624,4.3238,-0.39263,0
-0.15436,3.0688,-0.40961,7.5096,-0.1625,0
0.7004,3.3253,0.015128,-4.5511,-0.6803,0
0.32051,3.9922,0.37423,-5.6889,0.19709,0
-0.43928,4.4539,0.25581,6.1442,-0.65153,0
-0.43928,4.1974,-0.081403,4.0962,0.082022,0
-0.059385,3.1714,-0.22041,-7.7369,-0.23441,0
-0.43928,2.2224,-0.14061,-2.7306,-0.27756,0
-0.24933,0.88866,0.033148,8.1923,0.22586,0
-0.34431,-0.18861,0.19146,0.45525,-0.60838,0
-0.059385,-0.26556,0.21463,-8.192,0.31216,0
1.0803,0.27308,0.23522,0.68281,-0.56523,0
0.7004,0.81171,0.39225,7.7372,-0.004278,0
0.22554,0.96561,0.56472,-2.2755,-0.30633,0
0.51046,0.016583,0.3871,-7.2818,-0.63715,0
-0.15436,-1.7276,0.23522,3.4135,-0.018661,0
-0.81917,-2.7022,0.43086,6.3718,-1.0255,0
0.22554,-3.2409,0.56858,-6.144,-0.19126,0
0.7004,-3.2152,0.47076,-6.5991,-1.0399,0
-0.059385,-3.6256,0.29571,6.1442,-0.98235,0
-1.1991,-4.1129,0.19532,3.6411,-0.96797,0
-0.91415,-4.5233,0.19532,-7.7369,-1.7303,0
0.32051,-5.1902,0.37294,-3.1857,-1.0255,0
1.1753,-5.5237,0.47848,7.5096,-2.1474,0
0.60543,-5.062,0.3768,0.2277,-1.5721,0
-1.0091,-4.036,0.32146,-8.4196,-2.133,0
-0.7242,-3.6256,0.46046,0.91037,-2.32,0
0.7004,-4.4464,0.57244,7.0545,-1.946,0
0.98533,-4.985,0.51194,-2.0479,-2.8522,0
0.13056,-3.8308,0.39997,-7.9645,-1.9604,0
-1.1041,-1.4454,0.32146,4.7789,-2.8953,0
-1.389,0.78606,0.31631,6.1442,-2.2193,0
-0.53425,2.1455,0.18889,-6.5991,-2.4495,0
0.41548,2.6328,-0.21397,-5.2337,-2.7371,0
0.79538,2.3763,-0.54218,7.0545,-2.1618,0
0.60543,1.5555,-0.59238,3.4135,-2.9385,0
0.035589,0.58087,-0.57951,-7.9645,-1.9748,0
0.60543,0.016583,-0.52674,-1.5928,-2.5789,0
0.41548,-0.41945,-0.32852,8.875,-2.2049,0
-0.53425,-0.29121,-0.13417,0.2277,-1.9604,0
-0.62923,-0.16296,-0.073681,-8.192,-2.3919,0
-0.62923,0.50392,0.17344,1.8206,-1.5577,0
-1.294,1.9403,0.56214,7.0545,-2.2912,0
-0.7242,2.0429,0.73461,-3.4133,-1.4858,0
-0.15436,1.1452,0.52868,-7.5093,-1.8741,0
0.13056,0.47827,0.19275,5.6891,-1.8454,0
-0.24933,0.50392,0.053741,4.3238,-1.3851,0
-0.91415,0.81171,0.23393,-6.8267,-1.9892,0
0.32051,0.78606,0.43601,-4.0959,-1.083,0
0.13056,0.65782,0.42571,7.282,-1.8454,0
-0.43928,0.63217,0.2867,2.9584,-1.2556,0
0.60543,0.86301,0.18116,-8.192,-1.2988,0
1.1753,1.2477,0.17215,-1.3652,-1.5002,0
-0.15436,2.7354,0.051167,8.1923,-0.73783,0
-1.6739,3.8383,-0.14061,-1.1377,-1.5433,0
-1.294,3.9666,-0.18437,-7.7369,-0.56523,0
0.60543,3.4279,0.029286,2.2757,-1.0543,0
1.0803,3.1458,0.15413,6.8269,-0.73783,0
-1.1041,2.8637,0.14512,-4.7786,-0.40701,0
-2.1488,2.4276,0.12582,-7.5093,-0.98235,0
-0.91415,2.325,0.15027,5.4616,-0.018661,0
1.0803,2.2737,0.15542,3.8687,-0.86728,0
1.5552,1.9659,0.05889,-7.2818,-0.033045,0
0.7004,1.889,-0.069819,-4.7786,-0.30633,0
-0.24933,2.1198,-0.23714,6.3718,-0.36386,0
-0.24933,1.9659,-0.46753,1.5931,0.32654,0
0.60543,1.9146,-0.5306,-8.4196,-0.43578,0
-0.24933,2.325,-0.50099,0.2277,0.61421,0
-1.579,2.3763,-0.80603,7.282,-0.061812,0
-1.7689,2.2737,-1.0313,-3.1857,0.51352,0
-1.7689,1.4786,-0.77901,-7.9645,0.70051,0
-2.0538,0.35002,-0.34912,4.3238,0.35531,0
-1.0091,-0.31686,-0.076255,5.6891,1.3909,0
-0.34431,-0.57335,0.04988,-6.144,0.48476,0
0.32051,-1.0607,0.085918,-4.5511,1.4341,0
-0.15436,-1.3685,-0.1213,6.8269,1.2039,0
-1.484,-1.2659,-0.48297,2.7309,1.2902,0
-1.8639,-1.0607,-0.57693,-7.5093,2.182,0
-1.6739,-0.72725,-0.36585,-1.1377,1.5779,0
-0.91415,-0.086014,-0.18437,7.0545,2.6998,0
-1.1991,0.37567,-0.22298,-0.45498,2.1676,0
-2.0538,0.32437,-0.3311,-6.5991,2.7861,0
-1.579,-0.034715,-0.3414,2.7309,2.9731,0
-0.43928,-0.16296,-0.28348,7.5096,2.7142,0
0.13056,0.24743,-0.12774,-4.0959,3.606,0
-0.43928,0.27308,0.053741,-6.3715,2.8436,0
0.32051,0.22178,0.13225,5.4616,3.6203,0
1.3652,0.73476,0.15413,4.5513,3.2751,0
0.89035,1.2221,0.16572,-6.8267,3.2032,0
0.41548,1.1708,0.12968,-3.6408,3.5772,0
0.51046,1.299,-0.055661,7.9647,2.7286,0
2.03,1.2221,-0.30922,1.8206,3.4909,0
2.4099,1.0426,-0.57565,-9.1023,2.5416,0
1.4602,0.76041,-0.79702,-0.45498,3.0594,0
1.4602,0.37567,-0.6696,6.3718,2.6998,0
2.03,0.50392,-0.20754,-2.7306,2.3258,0
1.7451,0.58087,-0.085264,-7.2818,2.8436,0
0.7004,0.58087,-0.42506,3.6411,1.8368,0
-0.24933,0.093531,-0.69277,5.4616,2.4841,0
-0.53425,-0.29121,-0.59495,-6.144,1.621,0
-0.059385,0.14483,-0.30021,-5.4613,1.7505,0
0.41548,0.55522,-0.10071,7.0545,1.7649,0
0.51046,-0.41945,-0.102,3.4135,1.132,0
0.22554,-2.3944,-0.015762,-7.2818,1.8368,0
0.035589,-3.4717,0.18631,-3.4133,0.78681,0
-0.15436,-2.3175,0.25195,7.5096,1.4916,0
-0.43928,-1.2915,0.10394,1.1379,0.88749,0
-0.91415,-0.086014,-0.25902,-8.4196,0.90188,0
-0.91415,0.96561,-0.5602,0.2277,1.1895,0
-0.62923,0.93996,-0.53961,7.282,0.39846,0
-1.6739,0.50392,-0.49713,-1.1377,1.3334,0
-2.0538,0.73476,-0.64257,-6.8267,0.51352,0
-1.8639,1.9146,-0.74297,3.6411,1.1895,0
-1.0091,2.0172,-0.56406,6.5994,1.0457,0
-0.15436,1.1195,-0.30278,-4.0959,0.81558,0
0.60543,0.17048,-0.11487,-6.144,1.4772,0
0.7004,-0.36816,-0.055661,5.4616,0.65736,0
0.32051,-1.112,-0.064671,4.3238,1.6498,0
0.035589,-1.3941,-0.19209,-7.0542,0.93064,0
0.13056,-1.1633,-0.28219,-3.6408,1.2758,0
0.13056,-1.112,-0.10714,7.5096,1.4197,0
0.035589,-1.7276,0.167,2.2757,0.91626,0
0.13056,-1.6506,0.36264,-7.2818,1.693,0
0.035589,-1.5224,0.48363,-0.22742,0.82996,0
-0.91415,-1.9328,0.46818,7.7372,1.5491,0
-2.4337,-1.9584,0.57759,-1.3652,1.0889,0
-3.0036,-1.8302,0.87877,-7.2818,1.0026,0
-1.484,-2.0867,0.94569,2.7309,1.4772,0
0.13056,-1.4454,0.78738,6.3718,0.71489,0
0.32051,-0.3938,0.66511,-4.0959,1.7073,0
-0.24933,0.14483,0.55056,-6.144,0.91626,0
-0.7242,0.50392,0.50937,4.7789,1.4772,0
-0.7242,1.5812,0.47977,4.7789,1.4053,0
-0.81917,2.0172,0.40383,-7.2818,1.1176,0
-1.0091,-0.034715,0.28284,-5.0062,1.808,0
-1.389,-1.8558,0.15027,8.6474,0.91626,0
-0.91415,-1.9841,0.10136,2.0482,1.7936,0
-0.15436,-0.93244,0.13097,-7.7369,1.2183,0
0.51046,0.65782,0.18374,-0.9101,1.3334,0
0.22554,1.5299,0.20948,6.8269,1.621,0
-0.62923,1.8377,0.20819,-2.0479,0.98818,0
-0.81917,1.812,0.29571,-8.4196,1.7793,0
0.41548,1.5555,0.35878,2.5033,0.88749,0
0.51046,0.45262,0.38967,6.3718,1.3909,0
0.7004,-0.80419,0.37294,-4.7786,0.98818,0
0.89035,-1.035,0.34462,-6.5991,0.64298,0
0.79538,-0.034715,0.33304,5.4616,1.1032,0
-0.24933,0.99126,0.27512,4.7789,0.13956,0
-1.1041,0.81171,0.16443,-6.144,0.94503,0
-1.389,-0.034715,0.15413,-4.0959,0.15394,0
-1.9589,-0.5477,0.12067,7.282,0.51352,0
-1.484,-1.5993,0.15027,0.91037,0.49914,0
-0.43928,-3.1383,0.29185,-8.6471,-0.018661,0
-0.24933,-4.549,0.39225,-0.22742,0.77243,0
-1.1041,-5.062,0.38195,7.5096,-0.1625,0
-0.24933,-5.6006,0.29443,-1.3652,0.70051,0
0.13056,-5.1646,0.19275,-7.7369,0.13956,0
-0.059385,-4.3181,0.1773,2.5033,0.18271,0
-0.059385,-3.7026,0.24166,7.282,0.48476,0
-0.059385,-3.2409,0.41541,-4.0959,-0.27756,0
0.98533,-3.0357,0.53383,-6.8267,0.52791,0
1.0803,-3.3178,0.46818,5.4616,-0.4214,0
-0.53425,-3.1639,0.34462,4.0962,0.067639,0
-1.1991,-2.7792,0.27383,-7.0542,-0.20565,0
-0.43928,-2.1893,0.082057,-2.7306,-0.57961,0
0.32051,-1.3941,-0.25773,7.9647,-0.033045,0
0.41548,-0.13731,-0.4907,0.91037,-1.0255,0
-1.0091,1.2221,-0.55505,-7.9645,-0.1625,0
-1.7689,2.0172,-0.59753,1.5931,-1.0687,0
-2.0538,2.4533,-0.5306,8.4198,-0.83852,0
-1.1991,2.3507,-0.27061,-1.8203,-0.79537,0
0.32051,1.299,-0.11229,-7.7369,-1.4426,0
0.7004,0.22178,-0.098135,4.5513,-0.65153,0
0.41548,-0.13731,-0.083977,6.1442,-1.5433,0
-0.43928,-0.98374,-0.085264,-6.3715,-0.79537,0
-1.1041,-1.5224,0.21077,-4.7786,-1.2844,0
-1.389,-2.0354,0.49779,7.0545,-1.2413,0
-0.62923,-1.4711,0.34205,3.186,-0.92482,0
-0.34431,-1.0094,0.079483,-8.192,-1.6008,0
-1.0091,0.27308,-0.022197,-1.5928,-0.60838,0
-1.389,1.4016,-0.19982,7.7372,-1.457,0
-1.1041,1.7607,-0.34912,-0.68254,-0.79537,0
1.3652,2.0685,-0.31437,-7.7369,-0.99673,0
2.125,0.47827,-0.3208,2.0482,-1.2413,0
0.98533,-0.90679,-0.31951,6.5994,-0.5077,0
0.22554,-1.5993,-0.23843,-4.7786,-1.2988,0
0.60543,-1.8045,-0.22298,-7.0542,-0.39263,0
0.41548,-1.548,-0.37743,5.234,-1.083,0
-1.0091,-1.4711,-0.34011,4.3238,-0.65153,0
-1.389,-1.4711,-0.037642,-6.8267,-0.60838,0
-1.0091,-1.4198,0.14512,-3.4133,-0.98235,0
-0.7242,-0.90679,0.14255,7.282,-0.14811,0
-0.53425,0.042233,0.012554,0.91037,-1.0543,0
-1.0091,0.78606,-0.18694,-7.2818,-0.090578,0
-1.389,0.73476,-0.32209,0.45525,-0.57961,0
-0.81917,0.68346,-0.35427,7.0545,-0.39263,0
-0.81917,0.32437,-0.23843,-2.9581,-0.047428,0
-1.484,0.016583,-0.069819,-7.2818,-0.63715,0
-2.6237,-0.16296,-0.018336,4.0962,0.39846,0
-0.81917,-0.18861,-0.080116,6.5994,-0.36386,0
0.51046,0.24743,-0.15863,-5.6889,0.38407,0
-0.7242,1.0682,-0.19467,-5.0062,0.38407,0
-1.484,0.91431,-0.10843,6.8269,0.11079,0
-0.91415,0.42697,0.074335,3.6411,0.84434,0
-1.0091,0.016583,0.10265,-7.5093,-0.047428,0
-0.91415,0.32437,-0.0041778,-0.9101,0.88749,0
0.22554,0.52957,-0.12774,7.282,0.28339,0
-0.15436,0.88866,-0.26031,-0.45498,0.45599,0
-0.53425,1.299,-0.25902,-7.5093,0.67174,0
0.79538,1.9403,-0.12903,2.7309,0.010105,0
1.2702,2.4276,-0.095561,6.8269,0.82996,0
0.41548,3.0945,-0.26031,-4.3235,-0.19126,0
0.22554,3.2484,-0.40446,-7.2818,0.41284,0
0.035589,2.6072,-0.50228,5.6891,0.18271,0
0.13056,1.8377,-0.49971,4.3238,-0.047428,0
-0.059385,1.2734,-0.40189,-7.9645,0.61421,0
-0.34431,1.4786,-0.24358,-4.7786,-0.2488,0
-1.6739,1.7094,-0.10586,7.282,0.67174,0
-1.579,1.0426,-0.090413,2.5033,-0.10496,0
-0.34431,-0.77854,-0.102,-7.7369,0.28339,0
-0.24933,-2.2406,-0.0093262,-0.22742,0.39846,0
-0.15436,-3.8565,0.20176,6.8269,-0.17688,0
-0.059385,-5.062,0.43215,-2.0479,0.68613,0
0.41548,-5.575,0.54026,-8.192,-0.30633,0
0.13056,-5.575,0.56343,3.4135,0.55667,0
0.60543,-5.5237,0.61491,5.4616,0.12517,0
0.32051,-4.5233,0.60075,-5.4613,0.024489,0
-0.059385,-2.497,0.4669,-5.9164,0.45599,0
1.5552,-0.3938,0.23651,7.282,-0.30633,0
2.8848,0.45262,0.094928,3.4135,0.64298,0
1.4602,-0.36816,0.15285,-7.9645,-0.23441,0
-0.53425,-1.3172,0.23265,-2.2755,0.26901,0
-1.389,-0.72725,0.17473,7.282,0.15394,0
-0.059385,1.4273,-0.041503,0.91037,-0.26318,0
1.1753,2.6585,-0.12002,-7.2818,0.52791,0
0.7004,2.2994,-0.054374,2.2757,-0.29195,0
0.13056,1.9916,-0.063384,6.8269,0.55667,0
0.035589,2.4276,-0.063384,-2.503,-0.090578,0
-0.34431,3.1971,-0.10714,-6.8267,0.18271,0
-1.1041,4.7104,-0.23457,5.234,0.45599,0
-1.7689,6.1211,-0.31179,5.9167,-0.14811,0
-2.1488,6.9675,-0.3105,-6.3715,0.57106,0
-2.1488,6.6341,-0.25902,-4.5511,-0.29195,0
-2.1488,4.9669,-0.10457,7.282,0.28339,0
-2.2438,3.3766,0.098789,2.9584,-0.17688,0
-1.6739,1.7094,0.20433,-7.5093,-0.43578,0
-1.389,-0.599,0.27512,-0.9101,-0.047428,0
-1.9589,-2.138,0.34334,8.1923,-0.95358,0
-1.8639,-3.7026,0.44502,-1.1377,-0.10496,0
-0.81917,-5.0363,0.49135,-7.2818,-0.98235,0
0.98533,-6.2418,0.51452,2.5033,-0.66591,0
1.0803,-6.2418,0.4463,5.6891,-0.66591,0
0.7004,-5.8571,0.42828,-5.9164,-1.27,0
1.1753,-6.0623,0.57501,-5.4613,-0.57961,0
1.4602,-6.8061,0.68956,6.1442,-1.644,0
0.98533,-7.2165,0.72431,3.8687,-0.95358,0
0.79538,-7.2678,0.72946,-7.2818,-1.5002,0
0.41548,-7.1139,0.72818,-3.1857,-1.4282,0
-0.34431,-4.7029,0.57115,7.7372,-1.1693,0
0.035589,-2.6253,0.3871,1.1379,-1.7591,0
0.035589,-1.9328,0.16958,-7.5093,-0.8529,0
-1.484,-1.3172,0.16186,0.91037,-1.7303,0
-2.4337,-0.77854,0.28027,6.8269,-1.0974,0
-1.8639,-0.11166,0.30601,-2.503,-1.3276,0
-1.1041,0.14483,0.29057,-7.9645,-1.4426,0
-0.81917,0.47827,0.19275,3.4135,-0.86728,0
-0.15436,0.88866,0.046019,6.1442,-1.7591,0
-0.53425,1.7607,-0.11873,-5.0062,-0.78098,0
-0.81917,2.7098,-0.15863,-5.9164,-1.6871,0
0.79538,3.0432,-0.12516,5.9167,-1.3132,0
0.79538,3.3766,-0.19853,3.6411,-1.3132,0
0.32051,3.7101,-0.28991,-7.0542,-1.8885,0
1.2702,4.1718,-0.31308,-2.503,-1.1406,0
1.6501,4.2231,-0.25001,7.282,-1.9748,0
0.60543,3.5818,-0.2011,0.68281,-1.2269,0
-0.24933,2.4533,-0.25387,-8.192,-1.7447,0
-0.15436,2.3763,-0.31179,0.68281,-1.8454,0
0.41548,2.6072,-0.34011,7.7372,-1.4426,0
0.13056,3.1714,-0.41733,-2.503,-2.2337,0
-1.294,3.6588,-0.54218,-7.5093,-1.2844,0
-0.34431,4.4026,-0.67346,4.0962,-2.1043,0
0.035589,4.8643,-0.79059,5.6891,-1.6152,0
-1.0091,4.1718,-0.79445,-4.7786,-1.5721,0
-1.1991,3.864,-0.70693,-5.6889,-2.018,0
-1.1991,4.1718,-0.66574,6.5994,-1.1837,0
-1.389,4.5822,-0.58723,4.3238,-2.0611,0
-0.62923,4.6848,-0.44565,-7.2818,-1.2125,0
0.41548,4.5052,-0.52545,-3.8684,-1.7303,0
0.89035,4.377,-0.65673,7.9647,-1.6008,0
0.41548,4.5565,-0.65416,2.5033,-1.2556,0
-0.34431,4.7361,-0.51773,-7.7369,-1.8885,0
-0.15436,4.9925,-0.40318,-0.9101,-0.95358,0
0.98533,4.6335,-0.45595,7.0545,-1.7159,0
1.8401,4.0948,-0.60782,-1.5928,-1.0399,0
0.89035,3.1458,-0.58852,-8.192,-1.2125,0
-0.24933,1.7864,-0.39417,2.2757,-1.27,0
-0.059385,0.40132,-0.29249,6.1442,-0.57961,0
0.60543,-0.3938,-0.29506,-5.4613,-1.1981,0
0.79538,-0.85549,-0.24872,-7.7369,-0.22003,0
-0.34431,-1.2659,-0.14061,5.234,-0.65153,0
-0.24933,-1.6763,-0.085264,3.8687,-0.2488,0
0.51046,-2.0097,-0.035068,-7.5093,0.096406,0
-0.34431,-2.2149,0.10522,-3.8684,-0.32071,0
-0.53425,-2.1636,0.15928,7.0545,0.70051,0
0.035589,-1.7276,0.075622,1.5931,-0.061812,0
0.7004,-0.75289,-0.046652,-7.5093,0.71489,0
-0.24933,-0.77854,-0.096848,0.00013542,0.58544,0
-0.24933,-1.3941,-0.12002,7.5096,0.62859,0
1.0803,-1.7019,-0.06081,-1.5928,1.2902,0
0.22554,-1.0607,-0.0041778,-7.9645,0.68613,0
-1.484,-0.23991,-0.083977,3.4135,1.7505,0
-1.8639,0.68346,-0.14447,6.8269,1.132,0
0.035589,0.99126,-0.083977,-4.5511,1.8368,0
0.60543,0.55522,-0.010613,-6.5991,1.9087,0
-0.15436,0.45262,0.024138,5.9167,1.5347,0
-0.62923,0.78606,0.0022576,4.3238,2.4265,0
-1.484,1.0169,-0.064671,-7.2818,1.6354,0
-1.9589,1.0169,-0.11229,-2.7306,2.6423,0
-0.7242,1.0426,-0.096848,7.7372,2.3258,0
1.1753,1.2734,-0.15348,0.2277,2.5416,0
1.0803,1.1195,-0.23972,-8.192,3.0162,0
-1.1041,1.0426,-0.21011,2.9584,2.4553,0
-2.1488,0.50392,-0.064671,7.7372,3.4621,0
-1.579,-0.16296,0.044732,-3.8684,2.6567,0
-1.389,0.17048,0.07176,-6.3715,3.2608,0
-0.43928,1.0426,0.048593,5.4616,3.0162,0
0.32051,1.6068,0.060177,4.5513,2.7142,0
0.32051,1.3503,0.079483,-6.3715,3.2464,0
-0.43928,0.83736,0.038296,-3.1857,2.3258,0
-0.62923,0.93996,-0.064671,8.1923,3.0306,0
-0.059385,1.2221,-0.11358,1.5931,2.1532,0
1.1753,1.1708,-0.071106,-7.9645,2.3258,0
1.5552,0.52957,-0.027345,0.68281,2.2108,0
0.60543,0.042233,-0.015762,7.7372,1.6067,0
0.22554,0.042233,0.0086931,-3.6408,2.2683,0
0.22554,0.63217,-0.036355,-7.2818,1.2039,0
0.13056,0.93996,-0.12774,4.3238,1.7936,0
-0.43928,0.47827,-0.081403,5.234,1.2183,0
-1.6739,-0.23991,0.065325,-5.9164,1.0889,0
-1.579,-0.80419,0.1876,-5.9164,1.2758,0
-0.91415,-1.0094,0.34977,6.1442,0.36969,0
-0.15436,-1.035,0.45789,2.9584,1.2758,0
1.5552,-1.0607,0.46304,-7.7369,0.42722,0
2.7898,-1.7532,0.49006,-0.9101,0.82996,0
1.6501,-2.5996,0.56085,6.5994,0.78681,0
-0.059385,-2.7535,0.59303,-1.3652,0.24024,0
-0.62923,-2.2406,0.52868,-7.7369,1.0601,0
-0.059385,-1.7019,0.55828,3.186,0.15394,0
-0.059385,-1.7019,0.64194,7.5096,1.0026,0
-0.43928,-1.8302,0.57373,-4.3235,0.39846,0
-0.62923,-2.3431,0.46561,-6.5991,0.59983,0
-0.62923,-2.497,0.41284,5.6891,0.82996,0
-0.24933,-1.112,0.30215,4.3238,0.15394,0
0.13056,-0.13731,0.078196,-7.0542,1.0169,0
-1.1041,0.42697,-0.13546,-3.8684,0.067639,0
-1.389,0.83736,-0.34912,7.0545,0.68613,0
-0.34431,1.2734,-0.47654,3.186,0.31216,0
0.035589,1.9146,-0.50872,-7.7369,0.15394,0
-0.059385,2.4276,-0.49842,-1.1377,0.61421,0
0.51046,2.3507,-0.48169,8.4198,-0.22003,0
0.13056,1.4786,-0.36456,-1.5928,0.64298,0
-0.34431,0.91431,-0.22556,-7.7369,-0.23441,0
-0.7242,1.299,-0.12002,3.6411,0.12517,0
-0.24933,1.2734,-0.00031657,6.5994,0.16832,0
-0.81917,0.58087,-0.019623,-5.2337,-0.3351,0
-2.1488,-0.21426,-0.13031,-6.144,0.45599,0
-1.1041,-0.034715,-0.067245,6.5994,-0.49331,0
-0.62923,0.067882,0.10522,4.0962,0.35531,0
-0.91415,-0.36816,0.19918,-7.2818,-0.19126,0
-0.15436,-1.5737,0.19661,-2.503,-0.19126,0
0.60543,-3.6513,0.18116,7.5096,0.15394,0
1.2702,-5.498,0.15027,0.2277,-0.594,0
1.8401,-5.0107,0.10522,-8.8747,0.21147,0
1.6501,-3.4974,0.15285,0.2277,-0.62276,0
0.98533,-2.5483,0.18374,7.0545,-0.061812,0
0.13056,-2.7535,0.15027,-3.6408,-0.29195,0
0.035589,-2.574,0.1876,-7.2818,-0.57961,0
0.60543,-2.2919,0.3266,4.5513,0.067639,0
0.32051,-1.8815,0.39482,5.9167,-0.69468,0
-0.24933,-0.57335,0.29443,-5.6889,0.12517,0
-1.1991,0.78606,0.094928,-6.3715,-0.40701,0
-2.1488,1.8377,0.04087,5.9167,-0.1625,0
-1.1041,1.1708,0.15027,4.3238,0.11079,0
-0.34431,0.016583,0.23908,-7.7369,-0.47893,0
-1.1041,0.24743,0.24423,-3.6408,0.38407,0
-1.6739,1.1965,0.13998,7.5096,-0.47893,0
-1.6739,1.2221,-0.033781,0.2277,0.22586,0
-0.91415,0.58087,-0.14447,-8.192,0.082022,0
-0.81917,0.24743,-0.13804,1.5931,-0.17688,0
-0.53425,0.47827,-0.059523,7.282,0.52791,0
-0.059385,0.29873,0.055028,-3.1857,-0.26318,0
0.60543,-0.21426,0.16958,-7.2818,0.64298,0
0.13056,-0.5477,0.16829,3.8687,-0.090578,0
-0.34431,-0.34251,0.051167,6.8269,0.13956,0
-0.34431,-0.23991,-0.02091,-4.5511,0.26901,0
-0.15436,-0.21426,-0.0093262,-5.0062,-0.45016,0
0.41548,-0.21426,0.027999,5.9167,0.34092,0
0.79538,-0.47075,0.082057,4.7789,-0.6803,0
0.41548,-0.80419,0.079483,-7.0542,0.024489,0
-0.34431,-0.75289,0.047306,-3.6408,-0.49331,0
-0.62923,-0.36816,-0.0518,7.282,-0.62276,0
-0.24933,0.83736,-0.14833,2.0482,-0.2488,0
0.89035,2.0172,-0.21269,-7.2818,-0.98235,0
1.0803,2.5815,-0.29377,-0.68254,-0.20565,0
0.32051,2.4276,-0.31308,7.5096,-0.98235,0
0.51046,1.7607,-0.19338,-0.9101,-0.49331,0
0.98533,0.93996,-0.054374,-7.9645,-0.6803,0
0.7004,-0.034715,-0.087839,2.7309,-1.0255,0
0.7004,-0.52205,-0.24229,6.5994,-0.46455,0
0.7004,-0.36816,-0.36714,-4.3235,-1.3995,0
0.41548,-0.29121,-0.42248,-7.0542,-0.65153,0
-0.43928,-0.67595,-0.3414,5.6891,-1.4858,0
-0.62923,-1.4711,-0.18694,3.6411,-1.27,0
-0.34431,-2.2662,-0.056948,-7.9645,-1.2269,0
0.13056,-1.7789,-0.040216,-3.4133,-1.8741,0
-1.0091,-0.5477,-0.099422,7.282,-1.1693,0
-2.3388,0.093531,-0.22298,1.1379,-2.2481,0
-2.8136,0.70911,-0.31565,-8.4196,-1.6296,0
-1.6739,0.93996,-0.3414,1.1379,-2.2193,0
-1.1041,0.24743,-0.31437,7.5096,-2.4207,0
-1.1991,-0.5477,-0.24229,-2.7306,-2.0611,0
-1.1041,-0.7016,-0.1715,-7.9645,-2.9385,0
-0.15436,-0.62465,-0.12903,3.186,-2.0036,0
0.22554,-0.599,-0.10328,4.5513,-2.9241,0
0.32051,-0.36816,-0.069819,-6.3715,-2.4351,0
0.22554,-0.4451,-0.0054649,-6.5991,-2.7371,0
0.13056,-0.57335,0.07176,6.3718,-2.9816,0
0.60543,-0.34251,0.15156,3.4135,-2.3056,0
0.41548,-0.16296,0.19403,-7.7369,-3.1974,0
-0.43928,-0.4451,0.33947,-2.7306,-2.2049,0
-0.7242,-1.0607,0.68055,7.282,-2.881,0
-0.62923,-1.548,0.87104,0.68281,-2.5501,0
-1.1041,-1.548,0.67412,-7.5093,-2.3775,0
-2.2438,-1.2146,0.40383,0.91037,-2.8953,0
-2.2438,-0.29121,0.21077,7.5096,-2.133,0
-0.81917,0.37567,0.04087,-3.6408,-2.9673,0
0.13056,0.32437,-0.0028907,-7.5093,-2.133,0
-0.34431,-0.034715,0.07176,5.4616,-2.5501,0
-0.34431,-0.88114,0.10651,4.5513,-2.4782,0
-0.059385,-1.5737,0.19918,-5.9164,-2.0323,0
0.51046,-2.061,0.42828,-3.4133,-2.7227,0
0.51046,-2.0097,0.72689,7.9647,-1.8454,0
-0.34431,-2.3944,0.84273,1.5931,-2.7659,0
-1.1041,-2.6253,0.69342,-7.5093,-2.1618,0
-1.1041,-3.1383,0.54541,-0.22742,-2.4207,0
-0.15436,-2.8818,0.55056,7.9647,-2.6364,0
-0.81917,-0.90679,0.50165,-0.9101,-1.8741,0
-1.294,0.96561,0.36779,-7.7369,-2.694,0
-1.294,1.7351,0.29829,3.186,-1.7015,0
-1.0091,1.889,0.28413,6.5994,-2.4638,0
0.32051,1.8377,0.27255,-4.0959,-2.0036,0
0.60543,1.6068,0.1181,-6.144,-1.9748,0
0.22554,1.4529,-0.067245,6.1442,-2.3632,0
-0.34431,0.93996,-0.080116,4.5513,-1.5865,0
-0.15436,1.1452,0.11037,-7.0542,-2.2769,0
-0.53425,1.376,0.21334,-3.6408,-1.4282,0
-1.1991,0.73476,0.061464,8.1923,-1.8166,0
-0.34431,0.016583,-0.0518,1.5931,-1.5577,0
0.60543,-0.13731,-0.033781,-8.4196,-1.2269,0
-0.15436,0.52957,-0.11873,-0.22742,-1.7447,0
-1.0091,0.68346,-0.22813,7.0545,-0.79537,0
-0.34431,0.32437,-0.21011,-3.1857,-1.5002,0
0.51046,0.76041,-0.041503,-7.9645,-0.70906,0
0.89035,0.91431,0.12968,3.6411,-0.92482,0
0.035589,0.70911,0.18245,4.7789,-0.79537,0
-1.484,0.42697,0.11681,-6.8267,-0.2488,0
-1.1041,0.47827,-0.023484,-4.7786,-0.9392,0
-0.34431,0.067882,-0.11615,6.5994,0.096406,0
-1.0091,-0.599,-0.12388,1.8206,-0.79537,0
-1.8639,-0.93244,-0.11744,-7.5093,-0.22003,0
-1.484,-0.72725,-0.036355,-1.8203,-0.29195,0
-0.43928,-0.16296,0.087205,8.4198,-0.6803,0
0.51046,0.37567,0.064038,-0.22742,0.053256,0
-0.059385,1.1452,-0.090413,-8.192,-0.88167,0
-0.53425,2.402,-0.21011,1.8206,-0.033045,0
-0.15436,2.9919,-0.28605,7.282,-0.72345,0
-1.1041,3.3253,-0.32595,-4.3235,-0.53646,0
-0.91415,3.5305,-0.3311,-6.8267,-0.26318,0
0.7004,3.2484,-0.3607,5.4616,-0.8529,0
0.89035,2.6328,-0.42506,5.6891,0.010105,0
-0.62923,1.7864,-0.45208,-6.5991,-0.88167,0
-1.8639,0.91431,-0.35169,-4.0959,-0.11935,0
-1.7689,0.11918,-0.1715,7.0545,-0.3351,0
-0.53425,-1.035,-0.038929,2.0482,-0.63715,0
0.79538,-1.3941,-0.006752,-7.9645,-0.018661,0
1.5552,-0.93244,-0.23843,0.00013542,-0.82413,0
0.79538,-0.41945,-0.53317,7.7372,0.11079,0
-0.24933,-0.47075,-0.51129,-0.45498,-0.60838,0
0.32051,-0.31686,-0.28734,-8.192,-0.29195,0
0.79538,-0.4964,-0.18952,2.0482,-0.10496,0
0.32051,-1.0607,-0.12774,6.3718,-0.66591,0
0.51046,-1.0863,-0.068532,-3.4133,0.26901,0
0.41548,-0.80419,-0.083977,-6.8267,-0.594,0
-0.15436,-0.41945,-0.083977,4.3238,0.067639,0
-0.81917,-0.18861,-0.077542,4.0962,-0.19126,0
-0.7242,-0.4964,-0.14318,-6.8267,-0.53646,0
-0.24933,-1.2402,-0.13289,-4.5511,0.082022,0
0.13056,-0.98374,-0.050513,6.3718,-0.79537,0
-0.059385,-0.4451,-0.069819,1.8206,0.11079,0
0.60543,-0.7016,-0.20754,-7.9645,-0.65153,0
0.41548,-0.90679,-0.32595,-1.3652,-0.37825,0
-0.7242,-0.47075,-0.32981,7.7372,-0.23441,0
-1.484,-0.0090658,-0.19467,-0.45498,-0.88167,0
-0.24933,0.19613,0.064038,-7.5093,-0.10496,0
0.51046,0.42697,0.34977,2.5033,-0.89605,0
0.035589,0.32437,0.49393,7.9647,-0.22003,0
-1.1991,0.042233,0.48749,-3.6408,-0.56523,0
-0.24933,-0.18861,0.41927,-7.7369,-0.62276,0
0.51046,-0.4451,0.31759,4.0962,-0.10496,0
0.32051,-0.98374,0.22235,5.234,-0.79537,0
-0.43928,-0.57335,0.17215,-6.8267,0.19709,0
-1.294,0.52957,0.084631,-4.5511,-0.57961,0
-2.0538,1.9403,0.00097052,7.7372,0.024489,0
-1.1041,2.5046,0.022851,3.186,0.010105,0
0.13056,2.6585,0.08077,-7.2818,-0.32071,0
0.89035,2.1711,0.10136,-1.5928,0.47037,0
-0.15436,2.1455,0.039583,7.7372,-0.32071,0
-1.0091,2.1711,-0.058236,-0.45498,0.61421,0
-1.389,1.2221,-0.1316,-7.7369,0.18271,0
-2.0538,0.22178,-0.071106,2.9584,0.35531,0
-1.1991,-0.13731,-0.018336,7.282,0.70051,0
0.13056,0.042233,-0.08269,-3.1857,0.18271,0
0.32051,0.17048,-0.19209,-6.3715,1.0026,0
-0.43928,0.14483,-0.17793,4.5513,0.15394,0
-0.62923,0.22178,-0.081403,5.9167,0.81558,0
-0.62923,0.47827,-0.055661,-6.144,0.48476,0
-0.62923,0.83736,-0.14447,-4.7786,0.36969,0
-0.15436,0.99126,-0.35555,7.282,0.87311,0
0.13056,0.81171,-0.59753,2.9584,-0.061812,0
0.7004,0.91431,-0.60267,-7.5093,0.78681,0
1.3652,0.50392,-0.45208,-1.3652,-0.14811,0
1.1753,0.016583,-0.43921,7.5096,0.16832,0
0.79538,-0.47075,-0.43535,-1.1377,0.053256,0
0.89035,-0.57335,-0.27447,-8.4196,-0.57961,0
0.89035,-0.57335,-0.14576,1.8206,0.13956,0
1.8401,-0.34251,-0.098135,7.282,-0.82413,0
2.5999,0.067882,-0.035068,-3.8684,-0.061812,0
1.4602,0.45262,-0.086552,-6.8267,-0.53646,0
0.13056,0.83736,-0.22813,5.234,-0.57961,0
-0.15436,1.0426,-0.27833,4.7789,-0.11935,0
0.60543,1.0939,-0.27061,-7.2818,-0.91043,0
0.22554,1.5042,-0.29892,-3.4133,0.053256,0
-0.15436,1.7864,-0.32595,7.9647,-0.72345,0
-0.24933,2.1198,-0.32595,1.5931,-0.10496,0
-0.53425,2.7098,-0.31179,-7.9645,-0.19126,0
-0.24933,3.0175,-0.3504,-0.68254,-0.46455,0
0.13056,3.3253,-0.56664,7.282,0.28339,0
0.035589,3.274,-0.74425,-1.1377,-0.57961,0
0.035589,3.3253,-0.70564,-8.192,0.29777,0
-0.15436,2.9919,-0.54733,2.2757,-0.30633,0
0.035589,2.4789,-0.4006,6.8269,-0.13373,0
-0.43928,2.7611,-0.19595,-4.7786,0.038872,0
-0.24933,3.0945,-0.078829,-6.8267,-0.65153,0
0.51046,2.9919,-0.06081,5.4616,0.24024,0
0.7004,1.8377,-0.053087,5.234,-0.73783,0
0.32051,0.17048,0.038296,-7.2818,-0.11935,0
-0.43928,-0.4964,0.18502,-3.8684,-0.40701,0
0.41548,-0.31686,0.28413,6.5994,-0.60838,0
1.7451,0.016583,0.27383,1.1379,-0.11935,0
1.6501,-0.36816,0.19146,-7.2818,-0.88167,0
1.1753,-2.0867,0.1374,-0.9101,0.13956,0
-0.059385,-3.8821,0.30344,7.5096,-0.57961,0
-1.0091,-4.1642,0.59432,-0.22742,-0.033045,0
0.22554,-4.7542,0.72946,-7.2818,0.067639,0
1.1753,-5.575,0.62135,2.7309,-0.3351,0
0.13056,-5.1133,0.47591,6.8269,0.57106,0
-1.484,-3.6513,0.34591,-5.0062,-0.1625,0
-1.0091,-3.0613,0.29057,-7.7369,0.82996,0
-0.059385,-3.5487,0.42957,5.4616,0.39846,0
-0.059385,-3.5487,0.69342,4.0962,0.65736,0
0.41548,-3.0357,0.80283,-7.2818,1.1032,0
0.32051,-2.2919,0.71144,-4.0959,0.57106,0
-1.389,-1.9071,0.5763,7.282,1.5204,0
-3.0036,-2.3175,0.43858,2.5033,0.74366,0
-2.0538,-3.2922,0.20819,-7.7369,1.6498,0
0.22554,-3.3435,0.18116,-0.9101,1.5347,0
1.0803,-3.6513,0.39997,7.282,1.7649,0
-0.7242,-4.1386,0.45403,-1.3652,2.4265,0
-1.389,-4.5233,0.16057,-8.6471,1.6354,0
-0.91415,-4.2412,-0.14833,2.0482,2.4984,0
-0.34431,-3.7026,-0.18823,6.1442,1.6067,0
1.4602,-2.4457,-0.13289,-5.0062,2.2108,0
1.6501,-1.6763,-0.14833,-7.0542,2.2395,0
0.22554,-1.4198,-0.11229,5.4616,1.9375,0
-0.059385,-1.6506,0.031861,4.5513,2.8293,0
-0.24933,-2.3175,0.10909,-7.5093,1.9806,0
-1.0091,-2.8561,0.10136,-4.3235,2.8293,0
-0.059385,-3.0613,0.20433,7.0545,2.2683,0
0.13056,-2.3431,0.35492,2.2757,2.2683,0
-1.389,-2.0097,0.3768,-7.9645,2.4984,0
-0.43928,-2.3431,0.40383,-0.45498,1.8943,0
0.98533,-2.0097,0.62006,7.282,2.7717,0
1.1753,-1.112,0.73847,-1.8203,1.8799,0
0.7004,-1.1633,0.53769,-7.5093,2.5272,0
1.2702,-1.3172,0.2674,4.7789,2.1101,0
1.9351,-0.6503,0.084631,6.1442,1.9231,0
1.8401,0.24743,0.033148,-5.2337,2.2971,0
0.13056,1.5299,-0.053087,-5.4613,1.621,0
-1.1041,2.7098,-0.32209,6.3718,2.671,0
-1.0091,3.0175,-0.59495,4.0962,1.9662,0
-0.15436,2.3763,-0.59624,-7.0542,2.4265,0
0.035589,1.7094,-0.42377,-2.7306,2.1964,0
-0.24933,1.2477,-0.35555,7.7372,1.4628,0
-0.7242,0.55522,-0.41476,0.91037,1.4053,0
-1.484,0.73476,-0.48941,-7.7369,-0.65153,0
-1.579,1.4786,-0.4804,1.8206,-0.37825,0
0.41548,2.0172,-0.42892,7.282,-0.39263,0
1.3652,2.4533,-0.32595,-2.0479,1.5779,0
0.60543,2.6328,-0.241,-7.2818,2.8724,0
-0.34431,2.4276,-0.31565,3.4135,2.4553,0
-0.7242,2.2737,-0.46753,6.3718,2.1245,0
-0.34431,2.5302,-0.39159,-5.4613,0.082022,0
0.51046,2.6841,-0.14704,-5.4613,0.57106,0
0.41548,3.2227,-0.02091,6.8269,0.98818,0
-0.24933,3.9153,-0.083977,3.6411,3.1025,0
-0.24933,3.9922,-0.15734,-7.5093,5.7635,0
0.13056,3.1458,-0.15219,-2.0479,6.7128,0
-0.53425,1.812,-0.16635,7.9647,8.0073,0
0.41548,0.91431,-0.18051,1.3655,6.1518,0
0.41548,1.1452,-0.16249,-8.192,5.0011,0
-0.91415,0.81171,-0.037642,0.00013542,2.9875,0
-0.43928,-0.060364,0.052454,6.3718,1.5204,0
0.13056,-0.52205,0.076909,-3.1857,1.7505,0
-0.059385,-0.62465,0.1374,-7.7369,0.90188,0
-0.059385,-1.3172,0.2674,3.186,1.7217,0
0.035589,-1.7789,0.35106,5.234,0.51352,0
0.7004,-2.0354,0.23136,-6.5991,-0.20565,0
-0.059385,-1.9584,0.061464,-5.9164,-1.2413,0
-1.7689,-1.625,0.0022576,5.4616,-2.8666,0
-1.6739,-1.4454,0.0022576,3.8687,-2.4495,0
-0.81917,-1.1633,0.0099801,-7.2818,-3.1111,0
-0.15436,-1.5224,0.046019,-2.0479,-1.457,0
-0.059385,-1.8045,0.08077,7.9647,-0.78098,0
-0.24933,-1.7532,0.074335,1.1379,0.11079,0
-0.15436,-1.035,0.0099801,-8.4196,1.1752,0
0.035589,0.067882,-0.0518,0.2277,0.64298,0
-0.43928,1.299,-0.064671,6.8269,1.5923,0
-0.62923,2.8124,-0.12516,-3.6408,0.82996,0
-0.059385,3.787,-0.3015,-7.0542,1.6786,0
1.0803,4.0435,-0.44179,5.234,2.0238,0
1.4602,3.6844,-0.42892,6.1442,2.0238,0
0.98533,3.5818,-0.30407,-4.7786,2.7861,0
0.89035,3.5049,-0.25387,-5.0062,1.693,0
0.22554,3.9922,-0.35169,6.5994,2.0813,0
-0.059385,4.4539,-0.48426,3.186,0.80119,0
0.7004,3.9409,-0.4006,-7.7369,0.54229,0
0.22554,3.8127,-0.19724,-1.1377,0.38407,0
-0.34431,4.3257,-0.089126,8.4198,-0.23441,0
-0.91415,4.377,-0.081403,-0.68254,0.93064,0
0.035589,3.3766,-0.087839,-7.7369,0.34092,0
0.41548,2.5302,-0.089126,2.9584,1.3334,0
0.98533,1.7351,-0.053087,6.5994,1.132,0
0.22554,0.47827,0.04087,-4.0959,1.3334,0
-0.81917,-0.57335,0.21205,-7.2818,1.995,0
-1.1041,-0.90679,0.30858,5.234,1.6067,0
-0.24933,-0.77854,0.35363,4.3238,2.8724,0
-1.389,-0.41945,0.39482,-7.2818,2.5704,0
-2.8136,0.067882,0.4064,-5.0062,3.4477,0
-1.294,0.19613,0.4167,7.282,3.6491,0
0.13056,-0.26556,0.45917,2.0482,3.3758,0
-0.15436,-0.23991,0.29314,-8.192,3.9799,0
-1.484,0.52957,-0.033781,-0.9101,2.9156,0
-0.62923,0.70911,-0.17922,7.7372,3.5053,0
1.5552,0.37567,-0.17922,-1.1377,2.7286,0
1.6501,0.29873,-0.18694,-7.2818,2.5847,0
0.98533,0.73476,-0.16378,3.186,2.6423,0
0.89035,1.376,-0.022197,5.234,1.7217,0
0.79538,0.99126,0.13869,-5.6889,2.2539,0
0.89035,-0.34251,0.27383,-6.144,1.1895,0
0.7004,-1.3685,0.34977,6.1442,1.5923,0
0.32051,-1.7789,0.37809,3.186,1.1176,0
-0.7242,-1.8815,0.42056,-6.8267,0.82996,0
-0.7242,-2.6253,0.51709,-1.3652,1.3765,0
0.7004,-3.7282,0.71659,8.1923,0.45599,0
2.03,-4.1899,0.88134,-0.45498,1.3621,0
1.5552,-3.8308,0.91352,-7.7369,0.48476,0
0.22554,-2.7792,0.81698,1.5931,0.71489,0
-0.53425,-1.548,0.72431,7.7372,0.59983,0
0.89035,-0.41945,0.62521,-3.1857,-0.14811,0
2.03,0.81171,0.53897,-7.0542,0.42722,0
1.2702,1.5812,0.65867,4.7789,-0.69468,0
0.32051,1.5042,0.88649,5.6891,-0.14811,0
0.51046,0.93996,0.98559,-6.144,-0.89605,0
0.7004,0.37567,0.86976,-4.7786,-1.0687,0
0.41548,0.016583,0.73719,6.5994,-0.9392,0
0.22554,-0.11166,0.64838,3.4135,-1.8454,0
-0.24933,-0.41945,0.58016,-7.7369,-1.2125,0
-1.8639,-0.599,0.53125,-1.5928,-2.2481,0
-1.579,-1.2915,0.54541,7.5096,-1.8885,0
-1.389,-1.5224,0.53769,0.68281,-2.1043,0
-1.389,-1.4711,0.51066,-6.8267,-2.5214,0
-0.91415,-1.9328,0.5364,1.8206,-1.9317,0
-1.1991,-3.1896,0.4862,7.7372,-2.9241,0
-0.7242,-3.7795,0.41026,-3.6408,-2.0467,0
-0.81917,-4.1386,0.48105,-7.2818,-2.7227,0
-1.1991,-4.6003,0.57887,4.7789,-2.4495,0
-1.0091,-4.9594,0.57244,5.4616,-2.2769,0
-0.7242,-4.8568,0.57887,-6.3715,-2.7659,0
-0.62923,-4.5233,0.59432,-4.7786,-1.8454,0
-0.15436,-4.0617,0.4965,6.5994,-2.5933,0
0.22554,-3.5743,0.34334,2.0482,-1.8885,0
-0.24933,-2.9587,0.22492,-8.6471,-2.0755,0
-0.059385,-2.2149,0.083344,-1.8203,-2.0899,0
0.035589,-1.8815,-0.10457,7.7372,-1.4282,0
-0.15436,-1.7276,-0.20882,-1.3652,-2.0755,0
-0.24933,-1.035,-0.12516,-8.6471,-1.0399,0
-0.15436,-0.41945,-0.00031657,2.0482,-1.7447,0
-1.484,-0.0090658,0.043444,6.8269,-1.1118,0
-1.484,-0.060364,-0.00031657,-3.8684,-0.98235,0
-0.34431,-0.47075,-0.15992,-7.2818,-1.3132,0
-0.53425,-0.82984,-0.32209,4.0962,-0.5077,0
-0.62923,-0.7016,-0.40961,5.234,-1.3276,0
0.51046,-0.13731,-0.44822,-6.144,-0.45016,0
1.0803,0.37567,-0.42377,-4.7786,-1.0399,0
1.6501,0.60652,-0.34397,7.0545,-0.78098,0
0.60543,0.58087,-0.18694,2.2757,-0.52208,0
0.32051,0.91431,-0.017049,-7.7369,-1.1981,0
1.1753,1.299,0.057602,0.45525,-0.23441,0
1.5552,1.9146,-0.037642,7.7372,-1.1262,0
1.6501,1.9659,-0.24229,-2.2755,-0.40701,0
1.4602,1.8377,-0.38387,-6.3715,-0.72345,0
1.2702,1.6581,-0.48297,3.8687,-0.98235,0
0.89035,2.325,-0.58723,6.1442,-0.45016,0
0.13056,4.4026,-0.77257,-5.0062,-1.3419,0
-0.43928,5.6081,-0.99652,-5.4613,-0.45016,0
0.32051,5.6851,-1.0338,6.3718,-1.27,0
0.7004,5.0951,-0.94375,3.186,-0.9392,0
-0.24933,4.3257,-0.84722,-7.0542,-0.89605,0
0.13056,3.9922,-0.80732,-2.7306,-1.3995,0
-0.059385,3.9922,-0.84593,8.4198,-0.63715,0
-1.0091,4.8899,-0.77,0.68281,-1.6008,0
-0.91415,5.4286,-0.64772,-8.192,-0.80975,0
-0.34431,5.0695,-0.65158,1.3655,-1.3276,0
-0.81917,4.3,-0.7095,6.8269,-1.2556,0
-1.389,3.4536,-0.68376,-3.6408,-0.79537,0
-0.53425,2.1198,-0.59109,-7.0542,-1.4714,0
0.32051,1.4786,-0.55119,5.0064,-0.5077,0
0.79538,0.65782,-0.49456,5.234,-1.2844,0
0.22554,-0.93244,-0.35684,-6.5991,-0.60838,0
0.13056,-1.7019,-0.29506,-5.2337,-0.56523,0
0.035589,-2.0867,-0.34268,6.5994,-0.95358,0
-0.7242,-2.2149,-0.33882,2.9584,-0.10496,0
-1.0091,-2.7792,-0.16893,-7.7369,-0.88167,0
0.89035,-2.9587,0.035722,-1.8203,0.11079,0
1.8401,-3.1126,0.061464,7.282,-0.5077,0
1.4602,-3.8052,-0.068532,-1.1377,-0.19126,0
0.51046,-3.9591,-0.098135,-7.9645,0.038872,0
0.51046,-3.9078,-0.026058,2.7309,-0.53646,0
0.32051,-3.6256,0.042157,6.8269,0.35531,0
-0.43928,-3.7282,0.056315,-4.0959,-0.52208,0
0.035589,-3.8565,0.061464,-6.144,0.22586,0
-0.059385,-3.3435,0.0035447,6.8269,-0.11935,0
-0.81917,-2.5227,-0.10457,3.6411,-0.22003,0
-0.34431,-1.8302,-0.16635,-7.2818,0.32654,0
1.0803,-1.548,-0.068532,-2.7306,-0.53646,0
0.51046,-1.4198,0.025425,7.9647,0.36969,0
-1.294,-1.6506,0.033148,0.45525,-0.56523,0
-1.9589,-1.3428,0.14255,-7.2818,-0.090578,0
-0.059385,-1.035,0.28284,1.5931,-0.23441,0
1.6501,-0.75289,0.10909,6.8269,-0.69468,0
1.6501,-0.62465,-0.2217,-2.9581,-0.004278,0
0.60543,0.17048,-0.35555,-6.3715,-0.9392,0
-0.34431,0.76041,-0.20496,5.0064,-0.20565,0
-0.7242,1.1708,-0.092987,5.4616,-0.7666,0
-0.53425,1.4016,-0.2513,-6.144,-0.70906,0
-0.62923,1.7094,-0.43793,-4.0959,-0.43578,0
-0.81917,2.3763,-0.3607,7.0545,-1.1837,0
0.79538,2.8893,-0.10843,2.9584,-0.3351,0
2.03,3.5818,0.033148,-7.5093,-1.2556,0
0.89035,3.8127,-0.015762,-1.5928,-0.72345,0
0.13056,2.9406,-0.069819,7.9647,-0.89605,0
0.035589,1.6068,-0.11229,-0.22742,-1.2413,0
0.13056,1.3503,-0.12516,-8.6471,-0.55085,0
0.60543,1.5812,-0.045365,1.3655,-1.4858,0
1.4602,1.1195,0.087205,6.5994,-0.57961,0
1.5552,0.42697,0.25067,-2.0479,-1.2844,0
0.98533,0.50392,0.40512,-6.3715,-1.0687,0
0.79538,0.093531,0.52868,3.6411,-0.95358,0
0.22554,0.11918,0.55313,5.6891,-1.5865,0
-0.43928,0.14483,0.51452,-6.144,-0.79537,0
-1.1041,-0.086014,0.51581,-5.0062,-1.7447,0
-1.0091,-0.4451,0.54412,6.5994,-1.0399,0
0.32051,-0.82984,0.47462,2.0482,-1.5002,0
0.79538,-0.7016,0.31373,-7.5093,-1.6728,0
0.79538,0.17048,0.15027,-2.503,-1.2556,0
0.98533,0.78606,0.024138,7.0545,-2.0036,0
0.60543,1.2477,0.14126,-0.22742,-1.155,0
0.7004,1.376,0.39611,-8.192,-1.9173,0
0.13056,0.17048,0.44244,1.1379,-1.3995,0
-0.15436,-1.2402,0.41413,6.8269,-1.4714,0
-0.34431,-2.2662,0.46818,-4.0959,-1.831,0
-0.15436,-2.6509,0.59046,-6.8267,-1.0974,0
-0.91415,-2.1893,0.66253,5.234,-1.9317,0
-1.0091,-1.9328,0.62392,5.4616,-1.0687,0
0.32051,-2.3431,0.60333,-7.5093,-1.644,0
0.79538,-2.6253,0.69857,-3.6408,-1.5577,0
0.51046,-2.9331,0.92639,6.8269,-1.1981,0
-0.059385,-3.7539,1.1658,2.0482,-1.8741,0
1.1753,-4.036,1.1993,-7.7369,-0.98235,0
0.60543,-3.6513,1.0242,-1.1377,-1.9317,0
-1.0091,-2.5227,0.81055,8.1923,-1.3132,0
-0.24933,-1.4198,0.70887,-0.22742,-1.5865,0
0.51046,-0.57335,0.74748,-8.192,-1.831,0
1.0803,-0.72725,0.78996,2.0482,-1.3851,0
1.0803,-1.4454,0.70758,7.0545,-2.32,0
-0.059385,-1.7789,0.55571,-4.5511,-1.5002,0
-0.059385,-2.1123,0.42828,-5.6889,-2.4351,0
0.13056,-2.1893,0.39611,5.0064,-2.0611,0
-0.53425,-2.6766,0.38066,5.0064,-2.2769,0
0.32051,-2.4714,0.27512,-6.3715,-2.881,0
0.60543,-1.2402,-0.022197,-3.8684,-2.2912,0
0.035589,-0.4964,-0.41347,7.5096,-3.37,0
0.41548,-0.4964,-0.72109,2.5033,-2.6077,0
1.2702,-0.29121,-0.93088,-8.192,-3.2981,0
0.51046,-1.1889,-1.1239,-0.45498,-3.2549,0
0.035589,-1.4454,-1.3955,7.9647,-2.9816,0
0.51046,-1.3941,-1.7134,-1.5928,-3.7008,0
1.3652,-0.93244,-2.0867,-8.4196,-2.7803,0
1.4602,-0.75289,-2.393,2.9584,-3.7008,0
-0.059385,-1.112,-2.6221,6.1442,-3.0823,0
-0.53425,-1.3428,-2.8268,-6.3715,-3.2549,0
0.41548,-1.3941,-3.0108,-6.5991,-3.3844,0
0.51046,-1.4198,-3.1666,5.9167,-2.6508,0
0.89035,-1.4198,-3.3171,4.0962,-3.2981,0
0.41548,-1.1889,-3.5166,-7.0542,-2.2337,0
0.22554,-1.8045,-3.8268,-3.8684,-2.7227,0
0.60543,-2.138,-4.1229,7.9647,-2.133,0
0.98533,-2.1893,-4.2992,0.00013542,-1.8022,0
2.03,-2.2406,-4.4832,-7.9645,-2.1618,0
2.03,-1.4198,-4.8179,2.2757,-1.27,0
1.0803,-0.36816,-5.1023,7.5096,-2.0467,0
0.79538,-0.11166,-5.1062,-3.8684,-1.0111,0
0.7004,-0.13731,-4.9595,-7.0542,-1.4139,0
0.89035,-0.21426,-4.881,5.9167,-1.0687,0
0.41548,-0.18861,-4.9221,3.8687,-0.60838,0
-0.059385,0.067882,-4.9891,-7.0542,-1.0687,0
1.0803,0.19613,-5.1448,-3.8684,0.010105,0
1.6501,0.45262,-5.1808,8.1923,-0.6803,0
0.7004,0.58087,-4.9749,2.2757,0.18271,0
0.035589,0.60652,-4.63,-7.7369,0.082022,0
0.98533,0.60652,-4.3172,-0.9101,0.024489,0
1.8401,0.55522,-4.1229,7.5096,0.68613,0
1.8401,0.58087,-3.9581,-2.2755,-0.018661,0
0.13056,-0.16296,-3.7046,-8.4196,0.94503,0
-0.34431,-1.5224,-3.3326,3.186,0.31216,0
0.98533,-1.625,-2.9915,6.3718,0.71489,0
1.1753,-0.98374,-2.7174,-4.0959,0.90188,0
-1.294,-0.18861,-2.4329,-5.9164,0.39846,0
-2.0538,0.37567,-2.0455,6.3718,1.2471,0
-0.81917,0.55522,-1.7237,4.0962,0.28339,0
-0.15436,0.14483,-1.483,-7.0542,0.97379,0
-0.81917,-0.13731,-1.299,-3.1857,0.55667,0
-1.8639,-0.23991,-1.1664,7.5096,0.35531,0
-1.1991,-0.18861,-1.0583,0.45525,0.80119,0
0.51046,0.067882,-0.94633,-8.192,-0.061812,0
0.79538,0.40132,-0.71465,0.68281,0.87311,0
-0.059385,0.60652,-0.32981,7.282,0.15394,0
-1.0091,0.63217,0.19532,-1.8203,0.65736,0
-0.81917,1.1195,0.64709,-7.2818,0.58544,0
-0.43928,1.4016,1.0229,4.5513,-0.004278,0
-0.53425,1.1708,1.4991,6.5994,0.55667,0
-0.62923,1.1195,2.0835,-6.144,-0.52208,0
-0.62923,0.22178,2.7656,-5.6889,0.18271,0
-0.62923,-0.086014,3.5418,5.6891,-0.39263,0
-0.059385,0.27308,4.3539,3.6411,-0.3351,0
0.60543,0.29873,5.0579,-6.8267,0.053256,0
-0.81917,0.73476,5.65,-1.8203,-0.62276,0
-3.0036,1.1708,6.1738,7.9647,0.39846,0
-3.1935,1.4273,6.69,0.2277,-0.32071,0
-1.294,1.7094,7.246,-9.1023,0.52791,0
-0.34431,1.7864,7.8097,1.8206,0.45599,0
-1.0091,2.1711,8.1997,7.0545,0.35531,0
-1.9589,2.4789,8.425,-3.8684,1.1464,0
-1.6739,3.1201,8.4765,-7.2818,0.48476,0
-1.579,3.2227,8.4095,5.4616,1.5204,0
-1.579,3.5818,8.3645,6.1442,1.0745,0
-1.484,3.864,8.3259,-5.6889,1.5491,0
-1.389,4.4539,8.1907,-4.3235,1.8512,0
-0.91415,4.7617,8.0092,7.0545,1.4628,0
0.41548,5.4286,7.8303,2.7309,2.4409,0
1.5552,5.6594,7.6476,-6.3715,1.7217,0
1.7451,6.0955,7.4146,-1.8203,2.7142,0
1.1753,6.3263,7.0581,7.5096,2.4121,0
1.0803,6.1981,6.6578,0.68281,2.6279,0
0.035589,5.9416,6.2652,-7.2818,3.0594,0
-0.7242,6.275,5.8534,1.5931,2.4553,0
-0.62923,6.8136,5.4608,7.5096,3.4621,0
0.22554,7.4549,5.0682,-2.7306,2.6854,0
0.32051,7.814,4.6152,-7.2818,3.3758,0
-0.62923,7.5062,4.157,5.0064,3.232,0
0.79538,6.3263,3.7413,6.1442,2.9443,0
1.8401,5.6338,3.4735,-6.5991,3.6347,0
0.22554,4.5565,3.3011,-5.0062,2.8005,0
-1.0091,3.0432,3.0771,7.282,3.6203,0
-0.7242,1.9403,2.8133,2.5033,2.8293,0
0.13056,1.5042,2.4966,-7.5093,3.1169,0
1.6501,1.1708,2.1607,-1.5928,3.2608,0
1.2702,0.99126,1.7578,7.7372,2.6998,0
-0.34431,1.0682,1.4065,0.2277,3.4765,0
-1.8639,1.299,1.1671,-7.7369,2.6279,0
-1.1991,2.1198,0.98945,2.0482,3.4477,0
1.2702,2.5559,0.89164,6.5994,3.0019,0
2.22,1.4273,0.81827,-4.5511,2.8293,0
1.0803,0.76041,0.83758,-8.192,2.9012,0
0.035589,1.1452,0.75263,4.5513,1.9231,0
0.98533,1.6325,0.56214,5.0064,2.6567,0
1.3652,1.5555,0.46818,-6.8267,1.7936,0
0.98533,1.2734,0.41026,-4.3235,2.3978,0
1.7451,1.0426,0.21849,6.3718,2.1964,0
2.22,1.5042,-0.059523,1.8206,1.8799,0
0.7004,1.5042,-0.26031,-7.9645,2.4553,0
0.035589,0.96561,-0.4804,-1.5928,1.621,0
0.51046,0.24743,-0.73782,7.282,2.6854,0
0.41548,0.11918,-0.98237,-0.9101,2.0957,0
-0.15436,-0.060364,-1.0995,-7.5093,2.6135,0
-0.62923,-0.62465,-1.2475,2.7309,2.8724,0
0.41548,-1.1633,-1.3608,7.282,2.4697,0
1.2702,-0.90679,-1.3247,-3.6408,3.3902,0
0.51046,-0.95809,-1.3131,-7.2818,2.4553,0
0.13056,-1.7276,-1.3736,5.234,3.2464,0
0.60543,-2.8818,-1.3415,5.4616,2.7861,0
0.32051,-3.8308,-1.1561,-6.144,2.671,0
-0.34431,-3.4974,-1.1162,-3.6408,3.0162,0
-0.34431,-2.6766,-1.3904,7.282,2.1101,0
0.41548,-2.3175,-1.6722,1.3655,2.8436,0
0.32051,-1.7789,-1.8679,-7.7369,1.808,0
0.035589,-0.98374,-1.9786,-0.45498,2.2252,0
0.60543,-1.2146,-2.0146,7.7372,1.9087,0
0.79538,-2.4457,-2.0146,-1.1377,1.2902,0
0.7004,-4.472,-1.9374,-6.8267,1.6642,0
0.79538,-5.8571,-1.8653,2.7309,0.64298,0
1.2702,-5.8315,-1.846,6.5994,1.2902,0
1.5552,-5.3954,-1.7868,-5.0062,0.47037,0
0.7004,-5.3954,-1.6362,-5.4613,0.58544,0
-0.43928,-4.472,-1.5294,6.3718,0.49914,0
-1.389,-2.7279,-1.5281,3.8687,-0.20565,0
-0.7242,-1.1633,-1.5525,-7.0542,0.45599,0
-0.059385,-0.67595,-1.5821,-3.8684,-0.594,0
-0.34431,-1.3172,-1.5667,7.282,0.024489,0
-0.53425,-2.4457,-1.5667,2.5033,-0.52208,0
-0.7242,-2.138,-1.6517,-7.9645,-0.75222,0
0.32051,-0.90679,-1.752,-1.1377,-0.53646,0
1.9351,0.11918,-1.7366,6.5994,-1.5289,0
0.7004,0.24743,-1.6465,-1.1377,-0.7666,0
-0.81917,-0.72725,-1.6233,-7.9645,-1.7303,0
-0.34431,-1.548,-1.6208,2.9584,-1.3132,0
0.035589,-2.0354,-1.5487,6.8269,-1.3995,0
0.13056,-2.1893,-1.3942,-3.6408,-1.8597,0
-0.34431,-1.9328,-1.2964,-5.6889,-1.1118,0
-0.62923,-1.9071,-1.299,5.6891,-1.9748,0
-0.15436,-1.8558,-1.3376,4.5513,-1.155,0
-0.43928,-1.7789,-1.4032,-7.2818,-1.6728,0
-0.62923,-1.3685,-1.4676,-3.4133,-1.5721,0
-1.0091,-1.2915,-1.5667,7.9647,-1.2269,0
-1.8639,-1.6506,-1.6105,0.45525,-1.8885,0
-1.1991,-2.2662,-1.5268,-8.192,-0.89605,0
0.32051,-2.1123,-1.4998,0.68281,-1.644,0
-0.24933,-1.3941,-1.4612,7.0545,-0.92482,0
-0.53425,-0.80419,-1.4187,-2.503,-0.6803,0
0.41548,-0.62465,-1.4032,-6.5991,-0.83852,0
0.22554,-0.3938,-1.3878,4.5513,0.21147,0
-0.53425,-0.67595,-1.4032,6.1442,-0.52208,0
0.32051,-1.1633,-1.4676,-6.8267,0.45599,0
0.13056,-1.3685,-1.5667,-4.7786,-0.090578,0
-1.1041,-1.3685,-1.6066,6.5994,0.053256,0
0.7004,-1.5993,-1.5101,3.4135,0.34092,0
2.8848,-1.0094,-1.3595,-7.0542,-0.32071,0
2.6949,0.24743,-1.2694,-1.8203,0.45599,0
1.2702,0.93996,-1.2745,7.7372,-0.55085,0
0.7004,0.73476,-1.2707,-0.22742,-0.004278,0
0.60543,0.22178,-1.1716,-8.192,-0.34948,0
0.32051,-0.90679,-0.99266,2.0482,-0.72345,0
0.32051,-1.0863,-0.93603,7.5096,-0.23441,0
0.41548,-1.3428,-1.0223,-4.3235,-1.0974,0
0.035589,-1.5993,-1.1574,-6.8267,-0.19126,0
0.035589,-1.0607,-1.2411,5.6891,-0.88167,0
0.60543,-0.23991,-1.2642,4.5513,-0.62276,0
1.6501,-0.13731,-1.1973,-7.2818,-0.6803,0
3.4546,-0.88114,-1.0763,-3.8684,-1.3707,0
2.6949,-1.0607,-1.012,7.7372,-0.80975,0
0.79538,-0.29121,-1.1059,1.1379,-1.8166,0
0.79538,0.37567,-1.1677,-8.6471,-1.2556,0
2.22,0.29873,-1.0789,-1.5928,-1.8597,0
2.315,0.27308,-1.0377,7.7372,-1.8741,0
0.98533,0.99126,-1.0982,0.00013542,-1.644,0
0.32051,1.8633,-1.1381,-7.9645,-2.4207,0
1.0803,1.9146,-1.0236,1.5931,-1.7159,0
1.1753,1.4273,-0.84336,6.3718,-2.7659,0
-0.62923,1.7607,-0.8099,-4.0959,-2.4063,0
-1.1991,1.9146,-0.86524,-7.7369,-2.8522,0
0.035589,1.889,-0.81891,5.4616,-3.3556,0
2.125,1.5555,-0.70435,5.6891,-2.996,0
2.4099,0.68346,-0.66188,-7.0542,-4.1898,0
0.7004,-0.4451,-0.72366,-4.5511,-3.4851,0
-0.62923,-0.62465,-0.72237,7.5096,-4.3337,0
-1.294,-0.82984,-0.56921,3.4135,-4.1755,0
-0.7242,-1.2146,-0.40704,-7.0542,-4.0892,0
-0.24933,-1.6506,-0.38902,-0.9101,-4.6357,0
0.41548,-1.8558,-0.42892,7.7372,-3.6289,0
1.7451,-1.8815,-0.31694,-0.68254,-4.42,0
1.7451,-2.3688,-0.10714,-8.192,-3.3844,0
0.13056,-3.2922,0.092354,3.6411,-3.4707,0
0.22554,-3.5487,0.23136,7.282,-3.37,0
1.3652,-3.4717,0.19918,-4.3235,-2.6364,0
0.60543,-3.2152,0.08978,-6.8267,-3.2837,0
-0.43928,-3.0613,0.13225,5.6891,-2.1762,0
-0.7242,-3.0613,0.31759,4.0962,-3.0104,0
0.035589,-2.5996,0.41799,-7.9645,-2.4782,0
-0.34431,-2.2919,0.29314,-4.0959,-2.4351,0
-2.5287,-2.2149,0.083344,8.6474,-2.6796,0
-4.0483,-1.0094,0.00097052,1.5931,-1.7015,0
-2.6237,-0.31686,0.05889,-8.4196,-2.3056,0
-0.15436,0.067882,0.066612,-0.22742,-1.5002,0
0.22554,0.24743,-0.16249,7.5096,-2.133,0
-0.81917,0.42697,-0.42506,-2.2755,-2.0036,0
-2.0538,0.37567,-0.48297,-7.7369,-1.7734,0
-1.579,0.016583,-0.32981,3.186,-2.3488,0
-0.43928,0.11918,-0.13804,6.5994,-1.3851,0
0.035589,1.1708,-0.10328,-4.7786,-1.9604,0
-0.34431,1.9403,-0.17793,-6.144,-1.0543,0
0.41548,2.402,-0.34011,5.4616,-1.1118,0
0.7004,2.1455,-0.46367,2.7309,-1.0255,0
-0.43928,1.3503,-0.40704,-7.9645,-0.26318,0
-1.294,0.60652,-0.3504,-1.3652,-0.89605,0
-0.24933,0.016583,-0.37357,7.9647,0.29777,0
0.41548,-0.599,-0.38773,0.45525,-0.13373,0
0.32051,-0.93244,-0.18566,-8.4196,0.47037,0
-1.294,-1.2659,0.070473,0.91037,0.68613,0
-2.7186,-1.8558,0.18631,7.7372,0.54229,0
-1.484,-1.8815,0.22364,-2.0479,1.3765,0
-1.0091,-1.6506,0.1979,-7.5093,0.78681,0
-2.0538,-1.7276,0.061464,4.5513,1.7649,0
-2.3388,-2.0867,-0.032494,5.4616,1.2758,0
-0.15436,-2.0097,0.039583,-6.3715,1.7217,0
0.60543,-1.9328,0.16443,-5.0062,2.0957,0
0.13056,-2.061,0.23779,6.3718,1.7649,0
0.79538,-1.9841,0.33304,2.7309,2.7286,0
0.89035,-2.1123,0.46046,-7.2818,1.9087,0
0.22554,-2.1636,0.39739,-0.22742,2.671,0
0.035589,-1.4967,0.167,8.1923,2.2827,0
0.51046,-0.85549,0.017703,-0.68254,2.1101,0
1.0803,-0.67595,0.12968,-7.5093,2.4553,0
1.9351,-0.57335,0.20948,3.186,1.7073,0
1.6501,-0.086014,0.039583,6.8269,2.5847,0
0.22554,0.65782,-0.14833,-4.5511,1.693,0
-1.389,1.2221,-0.081403,-5.4613,2.1101,0
-1.579,1.376,0.085918,5.4616,1.8943,0
-0.43928,1.7351,0.15285,4.0962,1.3334,0
0.035589,2.0429,0.04087,-6.8267,1.8799,0
0.13056,2.0172,-0.076255,-2.0479,0.87311,0
1.5552,2.6328,-0.1612,7.9647,1.6498,0
2.125,3.8127,-0.22813,1.1379,0.84434,0
0.89035,5.1977,-0.3105,-7.5093,0.87311,0
-0.059385,5.8133,-0.35813,0.91037,0.85873,0
-1.294,5.2234,-0.27447,6.1442,0.024489,0
-1.389,4.0692,-0.085264,-3.4133,0.61421,0
-0.62923,2.8124,0.092354,-6.8267,-0.57961,0
1.0803,1.889,0.24938,4.5513,-0.17688,0
1.4602,1.8377,0.4167,6.5994,-0.8529,0
1.0803,2.3763,0.55571,-6.8267,-1.1262,0
0.32051,3.1201,0.54026,-6.3715,-0.86728,0
0.51046,3.7614,0.42314,5.9167,-1.8454,0
1.8401,4.0948,0.38581,3.186,-1.1262,0
1.2702,3.5305,0.41284,-7.5093,-2.0755,0
-0.15436,2.4533,0.38324,-1.5928,-1.6152,0
0.13056,1.9403,0.32017,7.282,-1.8166,0
-0.059385,1.889,0.29958,-0.45498,-2.2625,0
0.51046,2.5302,0.30858,-7.9645,-1.644,0
2.22,2.4276,0.28284,3.186,-2.5645,0
2.4099,1.0426,0.2275,6.1442,-1.6728,0
0.98533,-0.11166,0.19146,-4.3235,-2.3344,0
-0.7242,-0.34251,0.19275,-6.8267,-1.9317,0
-1.1991,-0.47075,0.18374,5.9167,-1.7734,0
-0.24933,-0.62465,0.17215,4.7789,-2.1043,0
-0.059385,-1.112,0.23522,-7.0542,-1.1837,0
0.035589,-1.3428,0.35749,-3.4133,-1.9173,0
0.035589,-1.112,0.33433,7.7372,-1.0111,0
-0.34431,-0.599,0.17344,2.0482,-1.3995,0
-1.1041,-0.29121,0.016416,-7.9645,-1.2125,0
-1.6739,-1.1633,0.0035447,0.00013542,-0.70906,0
-2.0538,-2.1636,0.19661,8.1923,-1.1981,0
-1.6739,-2.3688,0.5068,-1.1377,-0.061812,0
-0.059385,-2.5227,0.67283,-6.5991,-0.73783,0
1.2702,-2.3944,0.68313,4.3238,0.13956,0
0.13056,-2.061,0.59174,6.8269,0.024489,0
-0.62923,-1.5737,0.51581,-5.4613,-0.047428,0
0.41548,-0.67595,0.38324,-4.7786,0.68613,0
0.60543,0.22178,0.097502,6.8269,0.024489,0
0.32051,0.76041,-0.17407,4.0962,1.0601,0
-0.91415,0.47827,-0.2616,-7.7369,0.55667,0
-1.1991,0.50392,-0.1715,-3.1857,0.95941,0
-0.43928,0.58087,-0.13675,7.7372,1.1176,0
0.60543,0.65782,-0.081403,0.68281,0.57106,0
1.0803,1.376,0.0086931,-8.8747,1.4197,0
1.9351,1.7864,-0.053087,0.91037,0.54229,0
1.8401,2.5302,-0.37872,6.8269,1.4484,0
1.0803,2.9919,-0.67861,-4.5511,1.0313,0
0.79538,2.6072,-0.67475,-7.2818,1.0601,0
-0.15436,2.0685,-0.43278,5.4616,1.6354,0
-1.0091,1.6838,-0.22556,4.0962,0.94503,0
0.60543,1.9659,-0.15734,-7.0542,2.0813,0
1.8401,2.9406,-0.25387,-4.3235,1.4053,0
0.7004,2.6585,-0.27447,7.7372,2.0813,0
0.13056,1.5812,-0.095561,2.2757,2.1532,0
0.22554,1.1195,0.098789,-7.9645,1.9662,0
-0.43928,1.299,0.1876,0.2277,2.6135,0
-0.059385,1.889,0.18374,7.7372,1.9375,0
0.51046,2.9663,0.05889,-2.0479,2.9443,0
0.7004,2.838,-0.0518,-8.6471,2.4265,0
1.4602,1.7351,0.013841,3.186,2.7573,0
2.03,0.65782,0.19275,5.9167,3.045,0
2.22,-0.4964,0.34848,-5.9164,2.556,0
0.7004,-1.4198,0.45531,-5.0062,3.3758,0
-0.7242,-2.5483,0.47333,6.8269,2.4841,0
-0.81917,-3.8308,0.4669,4.0962,3.1313,0
-0.059385,-6.2675,0.53511,-6.5991,2.6423,0
1.2702,-8.6272,0.7063,-2.503,2.6279,0
1.5552,-8.9863,0.91352,7.9647,3.1169,0
1.1753,-7.909,1.0461,1.1379,2.4697,0
1.2702,-6.6009,1.0435,-7.5093,3.2895,0
1.9351,-6.011,0.95985,1.1379,2.2108,0
0.7004,-5.4211,0.89035,7.9647,2.6854,0
-0.91415,-5.1646,0.86589,-2.503,2.3258,0
-1.484,-5.062,0.88263,-7.5093,2.0957,0
-0.7242,-3.6256,0.88005,5.234,2.6567,0
0.13056,-2.3688,0.79768,5.6891,1.7073,0
0.51046,-2.1636,0.78609,-6.144,2.5272,0
-0.81917,-2.4714,0.90322,-4.5511,1.5204,0
-0.91415,-2.8561,1.0229,6.5994,1.6354,0
0.79538,-2.574,1.0294,2.7309,1.2327,0
1.3652,-2.2406,0.89292,-7.2818,0.36969,0
0.035589,-1.7276,0.74233,-1.5928,0.77243,0
-0.7242,-1.4967,0.63164,7.0545,-0.34948,0
-0.24933,-1.4198,0.51066,-0.68254,0.44161,0
-1.0091,-1.1633,0.39868,-8.192,-0.27756,0
-1.6739,-1.4967,0.35235,2.0482,-0.34948,0
-1.6739,-1.2402,0.31759,6.8269,-0.34948,0
-1.294,-1.035,0.25324,-3.4133,-1.3132,0
-0.91415,-0.75289,0.18631,-7.5093,-0.82413,0
0.32051,-0.82984,0.055028,4.0962,-1.9748,0
0.13056,-0.41945,-0.19467,5.0064,-1.5865,0
-1.0091,0.52957,-0.44694,-6.3715,-1.9317,0
-1.389,0.96561,-0.46109,-4.7786,-2.3775,0
-0.53425,1.299,-0.3414,7.7372,-2.1762,0
0.035589,1.376,-0.30664,2.5033,-3.744,0
0.7004,1.1965,-0.41733,-8.6471,-3.5138,0
1.4602,1.3247,-0.4302,-0.68254,-4.5926,0
0.7004,1.4273,-0.35813,7.5096,-4.4631,0
-0.34431,2.1968,-0.32981,-2.0479,-4.233,0
0.41548,2.838,-0.37743,-8.192,-4.42,0
1.6501,3.0688,-0.3607,3.4135,-3.2118,0
1.8401,2.6072,-0.31308,7.282,-3.8303,0
1.6501,2.5815,-0.27447,-5.6889,-2.7084,0
2.03,2.6328,-0.27447,-6.8267,-2.996,0
1.8401,2.402,-0.31308,6.5994,-2.881,0
1.2702,2.2994,-0.3311,4.3238,-2.2912,0
0.89035,2.5815,-0.27833,-7.7369,-2.6652,0
0.22554,2.8893,-0.19209,-2.7306,-1.4139,0
-0.24933,2.5302,-0.27061,7.9647,-1.8166,0
-0.53425,2.0429,-0.39288,0.91037,-0.83852,0
-0.059385,2.3763,-0.44951,-6.8267,-0.8529,0
-0.62923,2.9663,-0.49842,1.8206,-0.96797,0
-2.3388,3.5818,-0.48297,7.282,-0.52208,0
-2.3388,4.0948,-0.43664,-2.0479,-1.3132,0
-1.0091,4.5565,-0.43407,-6.5991,-0.57961,0
-0.62923,4.9925,-0.45466,5.234,-1.3563,0
-0.059385,5.3516,-0.43535,5.4616,-0.89605,0
0.51046,4.9925,-0.34783,-6.144,-0.98235,0
0.22554,4.2744,-0.19209,-4.0959,-1.4139,0
0.13056,3.2484,-0.13031,7.282,-0.78098,0
0.13056,2.9406,-0.18694,2.7309,-1.644,0
-0.43928,2.2737,-0.2513,-7.0542,-0.73783,0
0.32051,1.6581,-0.31308,-1.5928,-1.2269,0
0.89035,1.7094,-0.371,7.0545,-0.75222,0
-0.15436,1.812,-0.40704,-1.1377,-0.20565,0
-0.15436,1.0682,-0.38516,-8.4196,-0.63715,0
1.6501,0.17048,-0.34654,3.186,0.42722,0
2.125,-0.34251,-0.36328,6.8269,-0.53646,0
0.89035,-0.57335,-0.41605,-5.6889,-0.018661,0
0.13056,-0.36816,-0.46496,-6.144,-0.70906,0
0.13056,0.32437,-0.53188,5.6891,-1.0255,0
-1.1991,0.29873,-0.65673,4.3238,-0.60838,0
-1.294,0.47827,-0.64644,-7.2818,-1.3995,0
-0.81917,0.60652,-0.46753,-3.4133,-0.4214,0
-0.62923,0.11918,-0.32724,7.9647,-1.3132,0
-1.1991,-0.086014,-0.32338,1.1379,-1.0543,0
-1.484,0.093531,-0.3414,-8.8747,-1.4139,0
-1.0091,-0.034715,-0.26674,0.68281,-1.9748,0
-1.579,-0.88114,-0.10457,7.9647,-1.1262,0
-2.2438,-1.8302,0.064038,-2.2755,-1.7591,0
-1.1991,-2.6253,0.20176,-7.7369,-0.82413,0
-0.34431,-3.2152,0.33561,5.234,-1.4282,0
-0.43928,-2.9331,0.44759,6.3718,-1.4139,0
-1.484,-2.7022,0.51581,-5.6889,-1.4714,0
-1.1991,-2.5996,0.47591,-5.0062,-2.3056,0
-0.24933,-2.4457,0.33304,6.5994,-1.6008,0
-0.91415,-2.2149,0.25067,3.8687,-2.4495,0
-2.5287,-1.7532,0.24938,-8.192,-1.6008,0
-2.4337,-1.7532,0.30858,-1.5928,-1.8166,0
-1.294,-1.8302,0.43472,8.1923,-1.9317,0
-0.24933,-2.6253,0.59432,-0.45498,-1.5289,0
1.1753,-3.7282,0.63164,-8.192,-2.507,0
1.5552,-4.4207,0.58402,2.5033,-1.644,0
0.13056,-4.1899,0.52095,7.282,-2.3775,0
-2.0538,-3.6769,0.47591,-3.4133,-1.9317,0
-2.7186,-2.7792,0.44244,-7.2818,-1.7015,0
-1.7689,-2.0867,0.40383,5.4616,-2.2337,0
-1.0091,-1.8815,0.36908,5.0064,-1.3563,0
-0.059385,-1.5737,0.28542,-7.0542,-2.3344,0
-0.24933,-1.1633,0.16572,-3.8684,-1.7159,0
-1.1041,-1.0607,0.087205,8.1923,-2.018,0
-0.62923,-0.75289,0.092354,1.8206,-2.0899,0
0.035589,-0.67595,0.082057,-8.4196,-1.3132,0
-0.43928,-1.3685,0.044732,-0.9101,-1.8454,0
-0.059385,-1.9584,0.1181,7.282,-0.63715,0
0.13056,-1.3941,0.1979,-1.3652,-1.3851,0
-0.7242,-0.77854,0.1773,-7.7369,-0.99673,0
-1.0091,-0.41945,0.13354,2.5033,-1.1837,0
0.41548,-0.72725,0.079483,7.282,-1.9604,0
0.7004,-0.72725,0.0086931,-5.4613,-1.1262,0
1.5552,-0.6503,-0.028633,-4.7786,-1.9029,0
1.6501,-0.85549,0.0048318,5.9167,-1.1118,0
1.1753,-0.7016,0.10909,3.4135,-1.7015,0
0.98533,-0.13731,0.18116,-7.7369,-1.8597,0
0.7004,0.14483,0.13869,-2.2755,-1.6152,0
1.2702,0.45262,0.044732,7.5096,-2.4782,0
1.9351,1.3247,-0.00031657,0.2277,-1.6152,0
1.7451,1.9659,-0.069819,-8.192,-2.4495,0
1.5552,2.7611,-0.17922,0.68281,-1.8597,0
1.7451,3.0432,-0.31308,6.5994,-1.9604,0
1.2702,3.351,-0.50486,-3.4133,-2.2049,0
0.89035,3.787,-0.67346,-7.2818,-1.4714,0
-0.24933,4.1974,-0.77514,4.5513,-2.3919,0
-0.62923,4.5565,-0.83178,5.234,-1.5577,0
0.32051,3.9666,-0.77514,-6.5991,-2.2912,0
1.2702,3.351,-0.6104,-4.0959,-2.1043,0
1.4602,2.3763,-0.44565,7.282,-1.7303,0
0.51046,1.1195,-0.34397,2.9584,-2.0611,0
-0.24933,0.19613,-0.30664,-6.8267,-0.79537,0
-0.34431,0.37567,-0.29249,-0.68254,-1.2988,0
1.0803,0.52957,-0.14833,8.1923,-0.36386,0
1.4602,-0.11166,0.046019,-0.68254,-0.60838,0
1.5552,-0.77854,0.1773,-7.5093,-0.86728,0
1.5552,-0.7016,0.20433,3.4135,-0.46455,0
1.1753,-0.34251,0.21205,6.8269,-1.3707,0
0.79538,-0.23991,0.24037,-4.3235,-0.36386,0
0.41548,-0.41945,0.22364,-6.8267,-1.0687,0
-0.15436,-0.060364,0.055028,6.1442,-0.3351,0
0.41548,0.37567,-0.19338,5.4616,-0.10496,0
1.8401,0.35002,-0.29635,-7.2818,-0.29195,0
2.22,1.0426,-0.33496,-4.3235,0.54229,0
2.4099,2.1198,-0.41476,7.7372,-0.30633,0
1.9351,2.5815,-0.46496,1.8206,0.55667,0
1.0803,2.2224,-0.44565,-8.192,-0.36386,0
0.22554,1.7864,-0.40446,-0.9101,-0.3351,0
0.32051,1.4786,-0.35427,7.282,-0.57961,0
0.51046,1.4016,-0.40575,-1.8203,-1.3132,0
0.79538,0.70911,-0.51258,-7.9645,-0.65153,0
0.13056,-0.41945,-0.45723,2.7309,-1.3563,0
-2.1488,-1.1633,-0.024771,7.282,-0.2488,0
-2.4337,-1.3685,0.39482,-3.6408,-0.29195,0
-1.294,-1.625,0.61234,-6.8267,-0.090578,0
-0.7242,-2.0867,0.67927,4.5513,0.44161,0
-0.62923,-2.9331,0.68313,4.5513,-0.49331,0
-0.62923,-3.1126,0.76293,-6.5991,0.31216,0
-0.62923,-2.8305,0.83114,-3.4133,-0.62276,0
0.41548,-2.4457,0.70758,7.282,-0.11935,0
0.7004,-2.5483,0.50165,1.3655,0.21147,0
-0.15436,-2.5483,0.39611,-7.9645,0.096406,0
-0.15436,-1.1633,0.36393,0.00013542,1.3478,0
0.60543,0.60652,0.27512,7.282,0.64298,0
0.79538,1.299,0.16958,-2.7306,1.5635,0
0.22554,1.1708,0.076909,-7.9645,0.85873,0
-1.0091,1.1452,-0.0119,3.8687,0.67174,0
-1.294,1.5042,-0.087839,6.5994,0.88749,0
-0.34431,1.9916,-0.076255,-4.7786,0.082022,0
0.60543,1.9659,-0.0518,-6.144,1.0313,0
0.32051,1.6325,-0.099422,6.5994,0.053256,0
-1.389,0.91431,-0.24744,4.0962,0.59983,0
-2.6237,0.19613,-0.28862,-7.2818,0.26901,0
-2.5287,-0.62465,-0.14833,-3.1857,-0.36386,0
-2.0538,-1.2146,0.060177,7.9647,0.11079,0
-1.6739,-1.8815,0.20176,0.91037,-0.89605,0
0.035589,-2.1636,0.26997,-8.8747,-0.076195,0
1.0803,-1.9841,0.26482,0.68281,-0.66591,0
0.60543,-1.5993,0.14512,7.282,-0.34948,0
-0.34431,-0.95809,-0.028633,-1.5928,-0.10496,0
-0.24933,-0.95809,-0.094274,-7.7369,-0.86728,0
-0.059385,-1.2146,-0.044078,4.7789,-0.090578,0
-0.43928,-1.4967,0.10136,6.1442,-1.0255,0
-0.62923,-2.2406,0.18502,-4.7786,-0.26318,0
-0.24933,-2.5483,0.10909,-5.0062,-0.47893,0
1.4602,-2.3175,-0.046652,5.9167,-0.60838,0
1.9351,-1.6763,-0.18823,2.7309,-0.14811,0
0.13056,-0.7016,-0.31565,-7.7369,-1.155,0
-1.1041,-0.0090658,-0.37486,-3.4133,-0.5077,0
-0.7242,0.14483,-0.26803,7.7372,-1.4714,0
-0.24933,-0.57335,-0.0080391,0.00013542,-1.27,0
0.035589,-1.4711,0.12839,-8.4196,-1.3276,0
-0.53425,-1.4967,0.10909,2.5033,-1.7734,0
-0.15436,-1.1633,0.097502,8.4198,-0.96797,0
0.035589,-0.34251,0.15542,-3.4133,-1.8166,0
-0.34431,0.37567,0.18889,-7.2818,-0.98235,0
0.41548,0.32437,0.2468,4.5513,-1.4714,0
0.7004,0.24743,0.30987,5.234,-1.3707,0
-0.62923,0.19613,0.35621,-7.0542,-0.8529,0
-1.1041,0.22178,0.36007,-4.7786,-1.2844,0
-1.9589,0.50392,0.26096,6.8269,-0.23441,0
-1.6739,1.3503,0.08978,1.3655,-0.82413,0
0.13056,2.2737,-0.049226,-8.192,-0.27756,0
0.13056,2.6841,-0.15219,-1.3652,-0.39263,0
-0.53425,2.9406,-0.30407,6.5994,-0.75222,0
-0.7242,3.0432,-0.48812,-2.2755,-0.10496,0
-0.7242,2.6072,-0.5898,-8.192,-0.91043,0
-0.34431,2.0942,-0.57307,3.4135,0.12517,0
-0.7242,2.1198,-0.46882,6.1442,-0.3351,0
-1.1991,1.0426,-0.36971,-5.6889,0.096406,0
-1.294,0.58087,-0.27833,-6.3715,0.42722,0
-1.8639,0.55522,-0.14576,6.5994,-0.23441,0
-1.6739,0.32437,0.057602,3.6411,0.59983,0
-0.34431,0.042233,0.21849,-6.3715,-0.37825,0
0.22554,0.27308,0.17859,-2.2755,0.29777,0
-0.43928,0.32437,-0.02091,8.1923,0.053256,0
-0.62923,0.22178,-0.18437,0.2277,0.024489,0
-1.1991,0.68346,-0.25902,-8.192,0.72928,0
-1.6739,1.1965,-0.30021,2.7309,0.024489,0
-1.7689,1.1195,-0.31823,6.5994,1.0026,0
-0.91415,1.0426,-0.33367,-5.2337,0.13956,0
-0.43928,1.2477,-0.36456,-6.5991,0.57106,0
-0.24933,1.376,-0.38644,6.8269,0.62859,0
0.89035,1.376,-0.34654,4.5513,0.15394,0
2.03,1.1708,-0.21397,-7.0542,1.1608,0
1.6501,0.83736,-0.08269,-3.8684,0.38407,0
1.1753,0.93996,0.016416,7.282,1.2471,0
0.22554,0.68346,0.094928,2.0482,0.70051,0
-0.53425,-0.086014,0.16057,-8.192,0.70051,0
-1.294,-1.0094,0.15285,-0.45498,0.94503,0
-0.91415,-1.8558,0.17087,7.9647,0.11079,0
-1.389,-2.138,0.26482,-2.2755,1.0457,0
-0.91415,-1.5224,0.41284,-7.7369,0.32654,0
0.32051,-1.0863,0.45145,3.4135,0.93064,0
0.13056,-0.72725,0.28027,5.4616,0.87311,0
-0.34431,-1.0863,0.08978,-5.0062,0.26901,0
-0.62923,-1.1633,0.026712,-5.6889,0.61421,0
-0.7242,-1.8302,0.075622,6.3718,-0.55085,0
-0.53425,-2.3688,0.16958,3.4135,-0.090578,0
-0.24933,-2.9074,0.29057,-7.9645,-0.66591,0
1.5552,-3.523,0.38195,-3.6408,-0.4214,0
2.7898,-3.6256,0.3768,7.5096,0.082022,0
2.5049,-3.4974,0.32918,0.91037,-0.46455,0
2.4099,-3.0357,0.24423,-9.1023,0.49914,0
2.4099,-1.9328,0.17344,0.2277,-0.53646,0
1.4602,-1.5224,0.14512,7.5096,-0.033045,0
-0.15436,-1.6763,0.16057,-3.1857,-0.27756,0
-0.62923,-1.9841,0.15156,-7.5093,-0.47893,0
-0.15436,-1.4711,0.23522,4.3238,0.34092,0
0.7004,-0.57335,0.30601,5.4616,-0.40701,0
0.32051,-0.0090658,0.24809,-5.9164,0.54229,0
-0.34431,0.14483,-0.031207,-4.7786,-0.23441,0
-1.1991,0.73476,-0.29892,7.0545,-0.018661,0
-1.294,1.7094,-0.31437,2.9584,0.010105,0
-1.0091,2.4789,-0.19209,-8.192,-0.57961,0
-0.24933,2.838,-0.056948,-0.9101,0.26901,0
0.035589,2.2737,0.034435,7.7372,-0.52208,0
1.5552,1.4529,0.078196,-0.68254,0.31216,0
3.8345,1.1195,0.091067,-7.7369,-0.10496,0
2.4099,1.8633,0.070473,3.186,-0.29195,0
0.13056,2.915,-0.063384,6.8269,0.082022,0
-0.7242,3.1201,-0.25001,-5.6889,-0.78098,0
-0.62923,2.402,-0.29635,-5.9164,0.31216,0
-0.62923,2.2737,-0.22942,6.5994,-0.4214,0
-0.62923,2.9406,-0.19209,3.6411,0.25462,0
-0.81917,2.6585,-0.27833,-7.7369,0.31216,0
-0.7242,2.0942,-0.37486,-2.2755,0.024489,0
-0.43928,1.9403,-0.39674,7.7372,0.75804,0
-0.81917,2.325,-0.32724,-0.68254,-0.047428,0
-0.53425,2.5559,-0.27447,-8.192,0.91626,0
-0.81917,2.1455,-0.38001,2.7309,0.42722,0
-0.43928,1.4016,-0.49585,6.3718,0.74366,0
-1.1991,1.5812,-0.36714,-5.0062,1.0026,0
-1.1991,1.5299,-0.15863,-6.5991,0.48476,0
-0.34431,1.1708,-0.13675,5.0064,1.3478,0
0.035589,0.73476,-0.21655,3.8687,0.54229,0
-0.53425,-0.11166,-0.18694,-7.5093,1.319,0
-0.62923,-0.75289,-0.092987,-2.7306,0.80119,0
-1.1041,-1.5224,-0.032494,7.7372,0.84434,0
-1.579,-1.7276,-0.010613,1.1379,0.94503,0
-0.43928,-0.77854,0.08077,-8.192,0.067639,0
0.7004,0.093531,0.20819,0.00013542,0.74366,0
1.5552,-0.67595,0.27383,6.5994,-0.23441,0
1.0803,-2.3431,0.30215,-1.5928,0.32654,0
-0.34431,-3.1383,0.44888,-7.7369,0.082022,0
-1.389,-3.01,0.63293,3.186,-0.14811,0
-0.7242,-2.4714,0.67669,6.1442,0.47037,0
-0.81917,-2.5483,0.64709,-5.2337,-0.26318,0
-1.1041,-2.8818,0.5866,-5.6889,0.62859,0
-1.8639,-2.574,0.49521,5.9167,-0.018661,0
-1.579,-2.574,0.4669,3.186,0.096406,0
-1.1041,-2.8561,0.47205,-7.5093,0.15394,0
-0.24933,-2.497,0.41026,-2.0479,-0.5077,0
0.89035,-2.0097,0.38324,8.1923,0.29777,0
1.4602,-1.6763,0.52868,0.91037,-0.55085,0
0.51046,-2.1893,0.77709,-7.9645,0.18271,0
-0.34431,-2.061,0.8852,0.45525,-0.13373,0
-0.24933,-2.1123,0.83887,7.7372,-0.076195,0
-0.15436,-1.7019,0.70887,-3.4133,0.41284,0
0.035589,-1.1889,0.63293,-7.0542,-0.29195,0
0.51046,-0.31686,0.57244,5.6891,0.61421,0
0.41548,0.11918,0.43215,5.9167,-0.47893,0
0.035589,0.29873,0.3768,-6.5991,-0.11935,0
0.13056,0.96561,0.39739,-5.0062,-0.52208,0
0.22554,1.6068,0.39225,7.0545,-1.1837,0
0.51046,2.0942,0.33175,2.5033,-0.66591,0
-0.15436,2.9919,0.18502,-7.7369,-1.5289,0
-1.579,3.4023,0.017703,-1.1377,-0.53646,0
-1.0091,2.6841,-0.0028907,7.9647,-1.1693,0
-0.15436,1.5812,0.088493,-0.45498,-0.88167,0
-1.0091,0.37567,0.10522,-9.1023,-0.75222,0
-2.3388,0.093531,0.16057,2.2757,-1.3419,0
-2.8136,0.60652,0.23265,7.0545,-0.46455,0
-1.579,0.73476,0.2069,-5.0062,-1.3563,0
0.22554,0.93996,0.12196,-7.0542,-0.52208,0
1.2702,1.4786,0.034435,6.1442,-0.88167,0
1.6501,1.5042,0.020277,3.6411,-0.92482,0
0.7004,0.76041,0.017703,-7.9645,-0.27756,0
-0.15436,0.32437,0.044732,-2.7306,-0.89605,0
0.41548,0.99126,0.042157,7.9647,0.038872,0
1.2702,2.6072,-0.16249,0.45525,-0.57961,0
0.51046,4.0948,-0.44436,-8.4196,0.13956,0
-0.81917,4.0435,-0.50872,0.2277,0.36969,0
-1.0091,2.7098,-0.36585,6.8269,0.31216,0
-0.059385,1.5555,-0.19724,-2.9581,1.3621,0
-0.34431,1.2734,-0.067245,-7.9645,0.77243,0
-0.7242,1.1452,0.017703,4.0962,1.9231,0
-0.7242,1.0426,0.12067,5.9167,1.5491,0
0.41548,0.73476,0.21077,-5.9164,1.9806,0
2.125,0.37567,0.24809,-5.0062,2.3978,0
2.6949,0.22178,0.20948,7.0545,1.8368,0
0.7004,0.17048,0.12839,3.4135,2.7142,0
-0.24933,-0.0090658,0.14126,-8.192,1.9231,0
-0.62923,-0.41945,0.31116,-1.3652,2.5416,0
-0.15436,-0.26556,0.49393,7.5096,2.0813,0
0.41548,0.042233,0.60204,-0.68254,1.621,0
1.2702,0.11918,0.57759,-7.5093,1.8512,0
1.9351,0.68346,0.43472,3.186,0.95941,0
1.7451,0.70911,0.31631,7.5096,1.7073,0
0.60543,0.40132,0.31502,-3.6408,0.88749,0
-0.43928,-0.034715,0.30215,-6.5991,1.319,0
0.41548,-0.21426,0.18889,5.6891,1.2183,0
1.6501,-0.72725,0.24294,4.3238,0.82996,0
1.8401,-1.4454,0.39997,-6.5991,1.4484,0
0.60543,-0.6503,0.39482,-4.5511,0.62859,0
0.60543,1.4016,0.32274,7.282,1.693,0
1.4602,2.6328,0.27769,2.2757,1.0745,0
0.51046,1.7864,0.20047,-6.5991,1.5204,0
-0.53425,0.63217,0.14641,-0.68254,1.9231,0
-1.1991,0.47827,0.14384,7.0545,1.4628,0
-1.579,0.27308,0.12196,-1.5928,2.3834,0
-1.484,0.50392,-0.0093262,-8.192,1.5491,0
-0.81917,0.81171,-0.14962,2.7309,2.182,0
-0.62923,0.93996,-0.092987,6.1442,1.5779,0
0.41548,-0.034715,0.12067,-5.2337,1.1464,0
1.3652,-1.7276,0.24037,-6.3715,1.2615,0
0.60543,-2.5227,0.27641,5.234,-0.018661,0
0.32051,-2.6766,0.35492,4.0962,0.47037,0
0.79538,-3.1383,0.44888,-7.2818,-0.79537,0
0.51046,-3.1383,0.42828,-3.4133,-0.56523,0
-0.53425,-2.7792,0.29571,7.0545,-0.88167,0
-0.62923,-1.6506,0.16314,0.45525,-1.4426,0
-1.6739,-1.5993,0.11295,-9.1023,-0.80975,0
-2.3388,-2.0867,0.15928,-0.22742,-1.8885,0
-0.62923,-2.6509,0.22106,7.0545,-1.1837,0
0.32051,-2.7535,0.21591,-2.0479,-1.6871,0
0.22554,-2.2149,0.18889,-7.0542,-1.4282,0
-0.24933,-2.1636,0.14126,4.3238,-0.73783,0
-0.53425,-2.1636,0.13611,4.7789,-1.0974,0
-1.389,-1.8302,0.18502,-7.0542,0.010105,0
-1.8639,-1.7532,0.24294,-4.7786,-0.57961,0
-1.1991,-2.0354,0.26611,7.282,0.24024,0
0.13056,-2.1636,0.16829,2.7309,0.18271,0
1.3652,-1.4967,0.052454,-7.2818,0.11079,0
0.89035,-0.57335,0.030574,-1.3652,0.94503,0
-0.62923,-0.4964,0.10136,9.1025,0.57106,0
-1.7689,-0.57335,0.15285,-0.22742,1.9087,0
-0.7242,-0.34251,0.16057,-7.2818,1.5204,0
1.5552,-0.47075,0.15928,3.186,2.2683,0
2.5999,-0.57335,0.17087,7.282,2.4265,0
2.5049,-0.98374,0.21978,-3.6408,2.0813,0
0.79538,-0.85549,0.18502,-5.6889,2.9875,0
-0.15436,-0.41945,0.087205,5.9167,2.1964,0
-0.62923,-0.47075,-0.028633,5.234,3.0019,0
-0.62923,-0.77854,-0.12903,-6.5991,2.5991,0
-1.1991,-0.4451,-0.17922,-3.4133,2.8436,0
-0.24933,-0.21426,-0.23199,7.282,3.2032,0
0.51046,0.58087,-0.31179,1.8206,2.6423,0
-0.15436,1.2221,-0.3504,-7.5093,3.4765,0
-0.62923,1.1965,-0.39931,0.00013542,2.4697,0
-0.15436,1.3503,-0.4302,7.7372,3.0019,0
0.035589,1.1452,-0.43278,-3.1857,2.5272,0
-0.43928,0.78606,-0.47268,-7.7369,2.182,0
-0.53425,0.40132,-0.46238,3.8687,2.4121,0
-0.15436,0.70911,-0.43793,5.9167,1.1752,0
0.41548,1.2477,-0.44951,-6.5991,1.7936,0
0.79538,1.6581,-0.371,-5.4613,0.57106,0
0.89035,1.7864,-0.24744,7.282,0.61421,0
-0.059385,1.7864,-0.20625,3.186,0.25462,0
-1.1041,1.5812,-0.2616,-7.9645,-0.594,0
-1.0091,1.0169,-0.3607,-1.5928,-0.061812,0
-0.62923,0.91431,-0.40961,7.282,-1.2988,0
-0.059385,0.96561,-0.39545,-1.8203,-0.66591,0
0.035589,0.73476,-0.35169,-7.9645,-1.457,0
-0.7242,0.35002,-0.30664,2.2757,-1.7015,0
-0.81917,0.016583,-0.30922,7.0545,-1.5721,0
-0.059385,0.067882,-0.28862,-4.0959,-2.5358,0
-0.91415,-0.086014,-0.22427,-6.3715,-1.7734,0
-1.8639,-0.086014,-0.18694,5.9167,-2.7084,0
-2.0538,0.78606,-0.17279,4.7789,-2.1474,0
-1.1991,1.2477,-0.12645,-6.5991,-2.2625,0
0.41548,0.99126,-0.081403,-4.5511,-2.6077,0
1.2702,1.1708,-0.12002,7.0545,-1.7159,0
1.4602,1.5812,-0.18437,2.7309,-2.4495,0
1.1753,1.0169,-0.23071,-7.7369,-1.4139,0
0.32051,0.65782,-0.22942,-0.9101,-1.8166,0
0.035589,0.60652,-0.19724,8.1923,-1.3995,0
0.22554,0.78606,-0.19338,-0.45498,-0.95358,0
0.60543,0.99126,-0.20882,-6.8267,-1.4139,0
1.4602,0.76041,-0.23843,2.5033,-0.43578,0
-0.34431,0.65782,-0.25387,7.5096,-1.0399,0
-3.0985,0.65782,-0.26803,-3.8684,-0.23441,0
-3.3835,1.0682,-0.27961,-6.8267,-0.14811,0
-1.0091,1.4016,-0.28862,6.1442,-0.32071,0
0.51046,0.96561,-0.29763,5.6891,0.44161,0
0.7004,0.65782,-0.23328,-7.2818,-0.20565,0
1.5552,0.65782,-0.15992,-4.5511,0.94503,0
1.9351,0.65782,-0.11101,7.9647,0.58544,0
1.4602,1.1708,-0.12259,2.2757,1.1752,0
0.22554,1.9146,-0.23843,-7.9645,1.5635,0
1.2702,2.1711,-0.37743,-0.22742,1.3478,0
1.5552,2.5046,-0.47911,8.1923,2.5128,0
0.98533,2.6841,-0.55376,-1.8203,1.9806,0
1.4602,2.838,-0.55634,-7.7369,3.0306,0
1.2702,2.5302,-0.46496,3.6411,2.9731,0
0.32051,2.325,-0.40575,5.9167,3.3183,0
0.13056,1.7864,-0.35813,-5.6889,4.0518,0
0.13056,1.2477,-0.29763,-5.6889,3.534,0
-0.34431,1.0426,-0.28219,6.1442,4.5409,0
-1.1041,0.27308,-0.2912,3.6411,3.7786,0
0.035589,-0.3938,-0.36199,-7.7369,4.4114,0
0.79538,-1.0863,-0.42634,-2.7306,4.1813,0
0.13056,-1.3428,-0.40832,6.8269,3.6491,0
0.7004,-1.1889,-0.37743,0.45525,3.9655,0
0.60543,-1.4967,-0.36842,-8.192,2.671,0
0.98533,-1.7276,-0.39674,1.8206,3.1457,0
0.51046,-1.3172,-0.34268,7.0545,2.1101,0
0.035589,-1.3172,-0.26417,-4.0959,1.9519,0
0.60543,-1.3685,-0.26288,-7.2818,1.8656,0
0.41548,-1.2146,-0.29249,5.6891,1.0169,0
-0.91415,-1.7532,-0.24358,5.9167,1.6498,0
-1.8639,-2.3688,-0.14833,-5.9164,0.57106,0
-1.8639,-2.1123,-0.13031,-3.1857,1.2471,0
-2.1488,-1.3685,-0.18051,7.0545,0.72928,0
-2.5287,-0.88114,-0.19467,1.8206,0.48476,0
-2.0538,-0.6503,-0.1316,-7.5093,0.93064,0
-0.34431,-1.0607,-0.044078,0.45525,0.067639,0
-0.059385,-1.625,-0.026058,8.4198,0.82996,0
0.60543,-1.5737,-0.027345,-1.1377,-0.1625,0
0.32051,-1.1889,-0.055661,-7.0542,0.21147,0
-0.91415,-1.2659,-0.11873,3.186,0.11079,0
-1.8639,-0.62465,-0.1818,5.9167,-0.46455,0
-1.579,0.22178,-0.1715,-5.6889,0.13956,0
-0.34431,0.81171,-0.15992,-5.6889,-1.0111,0
0.035589,0.47827,-0.12774,6.5994,-0.40701,0
-0.81917,-0.47075,-0.056948,4.0962,-1.27,0
-0.7242,-1.1889,-0.022197,-7.5093,-1.2556,0
0.32051,-1.3941,-0.035068,-3.1857,-1.155,0
0.51046,-1.1633,-0.069819,7.7372,-1.8454,0
0.32051,-0.5477,-0.059523,0.45525,-1.155,0
0.13056,-0.29121,0.0061189,-9.1023,-2.1474,0
0.13056,-0.4964,0.053741,0.2277,-1.5865,0
-0.91415,-0.5477,0.084631,7.0545,-2.018,0
-1.7689,-0.29121,0.16314,-3.1857,-2.1618,0
-1.389,0.042233,0.20948,-7.5093,-1.6728,0
0.035589,0.14483,0.11037,4.5513,-2.3775,0
0.22554,0.45262,0.016416,5.234,-1.6008,0
0.51046,0.83736,0.012554,-6.8267,-2.4638,0
0.89035,1.5042,0.024138,-5.2337,-2.0899,0
-0.7242,1.7864,-0.036355,6.8269,-2.1474,0
-1.7689,1.5299,-0.15091,3.186,-2.5214,0
-2.8136,1.1965,-0.24872,-7.5093,-1.7591,0
-2.4337,1.3247,-0.30536,-2.2755,-2.4638,0
-0.24933,1.1452,-0.35555,7.282,-1.4139,0
0.98533,1.0169,-0.41605,-0.68254,-1.8166,0
1.4602,0.83736,-0.49713,-7.9645,-1.5145,0
1.6501,0.93996,-0.52416,1.8206,-1.27,0
1.8401,2.0172,-0.49327,6.3718,-1.7734,0
1.6501,2.7354,-0.49842,-4.3235,-0.79537,0
-0.059385,2.2481,-0.49198,-6.8267,-1.4858,0
0.13056,1.6838,-0.43793,4.7789,-0.594,0
0.89035,0.91431,-0.36199,4.7789,-0.72345,0
1.4602,0.65782,-0.29249,-7.2818,-0.62276,0
0.22554,1.6325,-0.27061,-3.6408,0.15394,0
-1.0091,2.3507,-0.32209,8.1923,-0.32071,0
0.035589,1.8633,-0.36199,2.2757,0.90188,0
1.3652,1.7351,-0.3414,-7.9645,0.29777,0
0.60543,1.5555,-0.25001,-0.22742,0.67174,0
0.13056,1.2221,-0.14833,8.6474,0.72928,0
1.1753,0.58087,-0.11873,0.00013542,0.28339,0
1.5552,0.52957,-0.18308,-8.4196,1.2327,0
0.41548,0.52957,-0.17665,2.7309,0.39846,0
-0.24933,0.11918,-0.13289,7.5096,1.2758,0
-0.24933,-0.6503,-0.054374,-3.6408,1.0457,0
0.51046,-1.1889,0.025425,-6.8267,1.1176,0
0.79538,-1.6506,0.074335,4.5513,1.7505,0
0.41548,-1.5737,0.079483,4.5513,1.0745,0
-0.34431,-2.4457,0.11037,-7.2818,2.1676,0
-0.62923,-3.01,0.14384,-4.3235,1.2615,0
-0.059385,-3.2152,0.17859,7.7372,1.7217,0
0.035589,-2.1636,0.16443,2.2757,1.6498,0
-0.34431,-1.0607,0.11938,-8.4196,1.2039,0
-0.43928,-0.16296,0.10265,-1.1377,1.9231,0
-0.7242,-0.13731,0.14384,8.6474,1.1032,0
-0.53425,-0.6503,0.16958,-1.1377,2.0382,0
-1.1991,-1.6763,0.17601,-8.4196,1.4053,0
-1.389,-1.5737,0.20562,3.186,1.5204,0
-0.81917,-1.4198,0.27512,5.9167,1.693,0
-1.1991,-1.4198,0.34205,-4.3235,1.0601,0
-1.9589,-0.90679,0.35749,-7.0542,1.9662,0
-1.1991,-0.6503,0.29958,5.4616,1.1752,0
0.7004,-0.5477,0.2468,3.6411,1.9806,0
1.4602,-0.6503,0.22621,-7.5093,1.621,0
-0.15436,-0.80419,0.24294,-2.9581,1.4772,0
-0.62923,-0.4964,0.26868,7.7372,1.8656,0
0.79538,-0.060364,0.27641,0.91037,1.0601,0
1.3652,-0.599,0.297,-8.192,1.9806,0
0.13056,-1.6763,0.35878,-0.22742,1.2471,0
-1.1041,-1.7789,0.3768,8.1923,2.0382,0
-0.34431,-1.548,0.35621,-1.8203,2.2395,0
0.22554,-0.95809,0.30601,-7.9645,1.9231,0
1.2702,-0.3938,0.26354,3.4135,2.6998,0
1.6501,-0.16296,0.23136,7.282,1.6354,0
0.51046,0.067882,0.23136,-4.3235,2.2683,0
-0.34431,0.91431,0.22621,-5.9164,1.5204,0
-0.7242,1.0426,0.25324,6.3718,1.5779,0
-0.24933,0.81171,0.26096,4.5513,1.7217,0
0.51046,0.35002,0.20304,-6.5991,1.0889,0
0.32051,0.19613,0.19017,-2.2755,2.0238,0
-0.24933,0.17048,0.20304,7.9647,1.1464,0
-0.059385,-0.034715,0.13869,2.0482,2.0525,0
0.51046,-0.18861,0.057602,-7.9645,1.621,0
0.22554,-0.21426,0.01899,1.1379,1.4484,0
-1.0091,0.27308,0.00097052,7.9647,1.7793,0
-0.81917,0.067882,0.030574,-2.7306,0.94503,0
0.79538,-0.82984,0.033148,-7.2818,1.9087,0
1.3652,-0.80419,0.029286,5.0064,1.0889,0
0.41548,-0.4451,-0.0080391,4.5513,1.7361,0
-1.389,-0.29121,-0.036355,-7.2818,1.693,0
-2.8136,-0.67595,-0.049226,-5.0062,1.3334,0
-1.7689,-0.6503,-0.049226,6.8269,2.0382,0
-0.34431,-0.47075,-0.040216,2.5033,1.1032,0
-0.059385,-0.4964,-0.031207,-7.5093,1.9662,0
0.32051,-0.086014,-0.04279,-0.68254,1.2471,0
0.13056,0.19613,-0.014475,7.282,1.4197,0
-0.43928,0.016583,-0.022197,-1.1377,1.4916,0
-0.059385,0.35002,-0.078829,-9.1023,0.78681,0
0.41548,1.376,-0.13546,1.8206,1.5347,0
1.3652,1.7351,-0.078829,7.0545,0.68613,0
1.9351,1.8633,0.026712,-3.4133,1.4053,0
1.9351,1.8377,0.024138,-8.192,0.97379,0
2.125,2.0685,-0.044078,4.5513,0.71489,0
1.3652,1.9146,-0.065958,6.1442,1.0313,0
-1.1041,1.376,-0.047939,-5.4613,0.15394,0
-0.91415,1.0682,0.026712,-5.0062,1.1608,0
0.60543,0.99126,0.08077,6.3718,0.29777,0
1.6501,1.5812,0.0061189,3.6411,0.88749,0
2.125,2.0429,-0.10457,-7.5093,0.82996,0
3.0747,1.9659,-0.10972,-2.7306,0.49914,0
2.5999,1.1195,-0.053087,8.1923,1.2615,0
1.8401,0.68346,-0.035068,0.91037,0.38407,0
0.51046,0.37567,-0.040216,-6.8267,1.2039,0
-0.24933,0.016583,0.0022576,1.3655,0.59983,0
0.22554,-0.16296,0.084631,7.9647,0.84434,0
1.0803,-0.0090658,0.13225,-2.0479,1.0745,0
-0.34431,-0.13731,0.11423,-7.7369,0.65736,0
-1.8639,-0.3938,0.076909,4.3238,1.5204,0
-1.484,-0.5477,0.073047,6.3718,0.72928,0
-1.0091,-0.599,0.16057,-5.4613,1.5779,0
0.41548,-1.0863,0.26611,-4.5511,1.2758,0
1.0803,-1.1376,0.29571,7.282,1.3765,0
1.1753,-1.035,0.32532,2.5033,1.8224,0
-0.81917,-1.035,0.33304,-7.9645,1.0026,0
-1.294,-0.98374,0.26997,-1.5928,1.8799,0
-0.15436,-0.52205,0.18116,7.5096,0.77243,0
-0.15436,0.27308,0.1181,-0.9101,1.132,0
-0.43928,0.83736,-0.006752,-7.5093,0.64298,0
-0.059385,1.5555,-0.18823,2.7309,-0.061812,0
0.60543,1.7864,-0.27061,6.1442,0.19709,0
0.32051,1.6325,-0.20368,-5.2337,-1.1118,0
-0.53425,1.7351,-0.068532,-7.5093,-0.66591,0
-0.53425,1.3247,0.065325,5.234,-1.7159,0
0.22554,0.99126,0.12968,4.3238,-1.8022,0
1.6501,0.73476,0.12711,-5.6889,-1.8022,0
1.1753,0.60652,0.08077,-4.5511,-2.5789,0
-0.81917,0.86301,0.060177,7.0545,-1.7734,0
-0.91415,0.76041,0.074335,1.8206,-2.6364,0
0.41548,0.32437,0.10394,-8.4196,-1.8741,0
-0.24933,0.19613,0.12582,-0.45498,-2.1186,0
-1.389,-0.26556,0.13225,6.8269,-2.0323,0
-0.81917,-0.26556,0.10909,-1.3652,-1.3419,0
0.98533,-0.4451,0.083344,-8.192,-2.0611,0
0.51046,-0.31686,0.038296,2.5033,-1.1118,0
-0.34431,-0.47075,-0.0093262,5.4616,-1.8741,0
-0.53425,-1.0863,-0.027345,-6.144,-1.3995,0
-0.7242,-1.5737,-0.023484,-5.4613,-1.2988,0
0.035589,-1.2659,-0.049226,5.9167,-1.644,0
1.0803,-0.52205,-0.102,3.186,-0.86728,0
1.6501,0.47827,-0.1419,-7.2818,-1.6728,0
0.32051,1.4529,-0.24229,-2.503,-0.79537,0
-0.62923,1.7864,-0.41991,8.1923,-1.27,0
1.3652,1.8633,-0.56406,0.45525,-1.2269,0
2.22,1.7864,-0.57822,-7.9645,-1.0255,0
0.79538,1.5299,-0.49456,0.91037,-1.6871,0
-0.62923,1.4529,-0.37357,7.5096,-0.73783,0
-1.8639,1.4273,-0.29249,-2.7306,-1.4282,0
-1.294,1.4786,-0.25259,-7.5093,-0.52208,0
-0.24933,1.0939,-0.22556,4.5513,-0.56523,0
-0.24933,0.24743,-0.15605,6.3718,-0.57961,0
0.41548,-0.62465,-0.063384,-6.144,0.010105,0
0.98533,-1.2402,-0.0119,-5.0062,-0.89605,0
-1.389,-1.625,0.0086931,7.282,0.024489,0
-1.6739,-2.0354,0.051167,3.186,-0.82413,0
0.60543,-2.5227,0.15413,-7.9645,-0.34948,0
0.60543,-3.1383,0.24809,-1.1377,-0.11935,0
-1.1991,-3.8821,0.23651,8.4198,-0.39263,0
-1.1041,-3.7539,0.10008,0.00013542,0.59983,0
-0.24933,-3.0357,-0.017049,-7.9645,-0.11935,0
-0.059385,-3.01,-0.022197,2.0482,0.74366,0
0.60543,-2.5227,0.022851,6.5994,0.44161,0
1.7451,-1.8045,0.07176,-3.6408,0.59983,0
3.1697,-1.4454,0.16572,-7.7369,1.0601,0
2.8848,-1.3685,0.27512,4.5513,0.54229,0
0.60543,-0.90679,0.27898,6.1442,1.4628,0
-0.43928,-0.3938,0.20433,-5.6889,0.54229,0
1.3652,0.19613,0.15928,-5.0062,0.97379,0
2.125,0.29873,0.15285,7.282,0.64298,0
0.7004,0.47827,0.21978,1.8206,0.16832,0
-0.81917,0.58087,0.26096,-8.6471,0.57106,0
-1.389,0.52957,0.22364,-2.9581,-0.47893,0
-1.0091,0.37567,0.12968,8.1923,0.29777,0
-1.294,0.47827,0.075622,0.2277,-0.69468,0
-1.389,-0.16296,0.096215,-7.9645,-0.594,0
0.035589,-0.75289,0.1374,0.68281,-0.70906,0
0.60543,-1.2402,0.24166,7.5096,-1.2125,0
-0.24933,-1.6506,0.34462,-2.9581,-0.52208,0
0.13056,-2.0097,0.36522,-7.2818,-1.457,0
0.7004,-1.9841,0.3266,4.0962,-0.6803,0
0.7004,-1.8302,0.27255,5.9167,-1.2556,0
0.60543,-1.8302,0.26096,-6.144,-1.1406,0
1.2702,-2.3175,0.28542,-5.0062,-0.91043,0
1.9351,-2.5483,0.33047,6.8269,-1.7015,0
2.22,-2.4201,0.34076,2.9584,-0.83852,0
1.2702,-2.5227,0.28413,-7.5093,-1.5433,0
-0.15436,-2.9587,0.24809,-2.2755,-0.79537,0
-0.43928,-3.2922,0.20176,7.9647,-0.92482,0
-0.24933,-3.1896,0.13611,1.1379,-1.155,0
0.60543,-2.574,0.12711,-7.7369,-0.57961,0
0.41548,-2.574,0.18245,2.2757,-1.3419,0
0.035589,-2.3688,0.18374,8.4198,-0.32071,0
-0.34431,-2.0097,0.16958,-2.9581,-0.95358,0
-1.1041,-2.3175,0.20819,-7.7369,-0.32071,0
-0.91415,-2.0867,0.26225,4.0962,-0.20565,0
-0.62923,-1.6506,0.21978,5.6891,-0.39263,0
-0.15436,-1.8815,0.15285,-6.8267,0.65736,0
0.13056,-1.7019,0.1374,-4.0959,-0.19126,0
-0.24933,-0.93244,0.11681,6.1442,0.24024,0
-0.24933,-0.88114,0.056315,2.7309,-0.70906,0
0.7004,-0.95809,-0.028633,-8.192,-0.9392,0
0.13056,-0.26556,-0.072394,-1.5928,-0.34948,0
0.13056,-0.18861,-0.077542,7.0545,-0.594,0
0.035589,0.067882,-0.0518,-0.9101,0.97379,0
-0.43928,0.70911,-0.072394,-7.9645,0.59983,0
-0.62923,0.99126,-0.10714,2.2757,1.4053,0
-0.15436,1.5299,-0.10457,6.8269,1.2183,0
0.035589,1.7607,-0.072394,-4.3235,0.72928,0
-0.34431,1.5555,-0.058236,-7.0542,1.3765,0
0.41548,1.2221,-0.090413,4.5513,0.44161,0
1.2702,1.376,-0.12903,4.3238,1.6642,0
0.60543,1.4273,-0.16506,-7.0542,1.506,0
-0.24933,1.7351,-0.26288,-4.5511,2.3834,0
-0.24933,1.8377,-0.37872,7.282,3.1745,0
0.035589,2.0942,-0.41862,1.5931,3.1745,0
0.13056,1.7607,-0.40575,-7.9645,4.4977,0
0.7004,1.7094,-0.34011,-2.503,3.7929,0
1.1753,2.1455,-0.21269,7.7372,4.282,0
1.1753,2.5046,-0.11873,0.45525,3.6923,0
0.035589,2.4533,-0.12903,-7.7369,3.045,0
-0.059385,2.838,-0.17407,1.1379,3.5197,0
0.51046,3.274,-0.22684,7.0545,2.6423,0
0.32051,2.9663,-0.28605,-4.0959,3.7929,0
-0.059385,2.7354,-0.28348,-6.5991,3.232,0
0.60543,2.9663,-0.20368,5.9167,3.5484,0
0.79538,2.5559,-0.0518,5.9167,3.721,0
0.51046,1.8377,0.084631,-6.5991,3.0162,0
-0.53425,1.2477,0.1773,-3.8684,3.7354,0
0.41548,1.0169,0.19403,8.1923,2.858,0
1.2702,0.83736,0.11681,2.9584,3.4765,0
0.51046,1.3503,-0.089126,-7.5093,2.8436,0
0.79538,1.7351,-0.29249,-0.9101,2.3258,0
1.8401,1.5812,-0.32595,7.5096,2.369,0
2.315,0.63217,-0.21783,-0.9101,1.2039,0
2.22,-0.4451,-0.15734,-7.7369,1.808,0
1.7451,-0.93244,-0.18566,2.5033,0.72928,0
0.41548,-1.0094,-0.19209,6.3718,0.97379,0
0.60543,-1.1889,-0.12002,-4.5511,0.68613,0
1.7451,-1.1889,-0.02091,-6.144,0.19709,0
1.1753,-1.4711,0.057602,5.234,0.87311,0
-0.15436,-1.2659,0.096215,3.6411,-0.076195,0
-0.81917,-0.5477,0.1078,-6.8267,0.61421,0
-0.62923,-0.060364,0.11423,-2.503,-0.26318,0
-1.0091,-0.31686,0.088493,8.1923,-0.27756,0
-2.0538,-0.599,0.039583,0.2277,-0.2488,0
-1.1041,-0.62465,0.030574,-8.4196,-1.1118,0
0.60543,-0.599,0.091067,1.5931,-0.53646,0
1.4602,-0.75289,0.12968,6.3718,-1.6871,0
0.41548,-0.26556,0.08978,-4.0959,-1.3563,0
-0.15436,0.11918,0.034435,-7.2818,-1.4714,0
0.32051,0.24743,-0.031207,5.234,-1.7447,0
1.8401,0.40132,-0.085264,5.4616,-0.92482,0
1.6501,0.58087,-0.067245,-7.0542,-1.7591,0
0.035589,0.60652,0.007406,-4.0959,-0.95358,0
-1.1041,0.60652,0.085918,6.8269,-1.7447,0
-1.0091,0.58087,0.12196,1.8206,-1.5145,0
-0.81917,0.37567,0.069186,-7.7369,-1.3132,0
-0.43928,0.19613,-0.018336,-1.5928,-1.6871,0
-0.059385,0.42697,0.0061189,8.4198,-0.60838,0
0.41548,0.35002,0.10651,-0.45498,-1.3851,0
0.41548,-0.0090658,0.13354,-7.9645,-0.75222,0
0.32051,-0.16296,0.076909,2.0482,-1.3851,0
1.1753,-0.18861,0.043444,7.5096,-1.6728,0
1.6501,-0.26556,0.082057,-4.0959,-1.2269,0
1.3652,-0.72725,0.11681,-6.3715,-1.8885,0
0.7004,-0.88114,0.10522,5.0064,-0.63715,0
1.2702,-0.4451,0.0099801,5.234,-1.083,0
2.03,0.22178,-0.083977,-5.9164,-0.52208,0
2.22,0.55522,-0.098135,-4.5511,-0.53646,0
1.8401,0.58087,-0.102,7.9647,-1.1837,0
0.60543,1.1965,-0.22041,2.2757,-0.60838,0
0.7004,1.8633,-0.3504,-7.9645,-1.5289,0
1.8401,1.9659,-0.34783,-0.45498,-0.52208,0
1.2702,1.3503,-0.27961,8.4198,-0.66591,0
-0.059385,0.83736,-0.21397,0.00013542,-0.19126,0
-0.62923,0.88866,-0.22041,-8.192,0.58544,0
-0.7242,0.91431,-0.23328,1.3655,0.16832,0
-0.91415,1.0426,-0.23843,7.0545,1.0457,0
-0.7242,1.0426,-0.23843,-3.6408,0.32654,0
-0.53425,1.0169,-0.23843,-6.5991,0.91626,0
0.13056,1.0426,-0.23843,4.7789,0.75804,0
1.7451,1.0426,-0.23843,4.5513,0.65736,0
1.8401,1.0426,-0.23843,-7.5093,1.2183,0
1.1753,1.0169,-0.23972,-4.5511,0.57106,0
0.32051,1.0426,-0.23457,6.1442,1.5204,0
0.035589,1.0682,-0.23972,1.8206,0.95941,0
-0.43928,1.0426,-0.23972,-8.192,1.5779,0
-0.91415,0.96561,-0.22684,-1.5928,1.8368,0
-0.34431,-0.29121,-0.072394,7.282,1.506,0
0.22554,-1.3685,-0.010613,-1.1377,2.1964,0
0.79538,-2.0354,0.029286,-8.4196,1.2758,0
0.98533,-1.9584,0.096215,2.5033,2.0957,0
0.89035,-1.5993,0.1374,7.5096,1.6498,0
-0.059385,-1.2146,0.13869,-4.3235,1.8224,0
-1.1041,-0.72725,0.098789,-7.0542,2.182,0
-0.91415,-0.13731,0.053741,4.5513,1.4053,0
0.035589,-0.034715,0.021564,4.3238,2.1676,0
0.7004,-0.3938,-0.010613,-7.0542,1.2471,0
0.32051,-0.57335,-0.026058,-3.8684,1.693,0
-1.7689,-0.5477,-0.033781,7.5096,1.3765,0
-2.0538,-0.599,-0.035068,1.5931,0.93064,0
-0.15436,-0.599,-0.032494,-8.192,1.5923,0
1.5552,-0.62465,-0.032494,-0.45498,0.91626,0
1.4602,-0.599,-0.031207,7.7372,2.182,0
0.32051,-0.599,-0.032494,-1.1377,1.808,0
0.32051,-0.5477,-0.02992,-7.7369,2.4553,0
0.035589,-0.11166,0.013841,3.4135,2.6135,0
1.1753,-0.086014,-0.027345,6.1442,1.8799,0
1.9351,0.067882,-0.098135,-5.4613,2.4409,0
2.125,0.19613,-0.099422,-4.3235,1.3621,0
2.5049,0.14483,-0.035068,7.5096,1.995,0
1.4602,-0.4964,0.024138,2.9584,1.7793,0
-0.15436,-1.1633,0.07176,-7.9645,1.8368,0
0.51046,-1.112,0.12711,-0.68254,2.4553,0
1.3652,-1.3172,0.17344,7.5096,1.6067,0
0.51046,-1.112,0.19146,-0.68254,2.2539,0
0.22554,-1.2402,0.1979,-7.7369,1.0169,0
1.4602,-1.4198,0.20819,3.4135,1.2902,0
2.5049,-1.5993,0.21334,7.0545,0.98818,0
0.13056,-1.5737,0.19146,-4.5511,0.70051,0
-1.0091,-0.90679,0.13097,-6.144,1.4916,0
-0.34431,-0.21426,0.10136,6.5994,0.68613,0
0.98533,0.17048,0.10522,4.0962,1.5779,0
1.0803,0.50392,0.087205,-6.5991,0.65736,0
-0.15436,0.81171,0.048593,-3.8684,0.61421,0
0.13056,0.93996,0.034435,7.0545,0.47037,0
0.60543,0.99126,0.067899,0.91037,-0.45016,0
0.22554,0.50392,0.074335,-8.192,-0.004278,0
-0.53425,-0.16296,0.05889,-0.22742,-1.155,0
-0.53425,-0.34251,0.031861,7.5096,-0.62276,0
-0.24933,-0.18861,0.027999,-2.9581,-1.2125,0
1.0803,-0.18861,0.056315,-7.9645,-1.5289,0
1.8401,-0.4964,0.092354,2.7309,-1.2988,0
1.8401,-0.29121,0.10909,5.0064,-2.2049,0
1.4602,-0.21426,0.12711,-6.3715,-1.4858,0
1.0803,-0.4451,0.17087,-6.3715,-2.6077,0
-0.62923,-0.5477,0.18889,7.0545,-2.3775,0
-1.389,-0.34251,0.16829,3.4135,-2.5789,0
0.035589,-0.18861,0.13483,-8.4196,-3.0823,0
0.7004,-0.11166,0.1078,-3.1857,-2.4207,0
0.51046,0.042233,0.084631,7.7372,-3.4994,0
0.98533,0.63217,0.048593,1.5931,-2.8953,0
1.4602,0.70911,-0.015762,-7.2818,-3.8446,0
0.41548,0.17048,-0.053087,0.45525,-4.0892,0
0.22554,0.35002,-0.067245,8.4198,-4.0748,0
0.13056,0.86301,-0.047939,-1.3652,-4.9666,0
0.51046,1.0169,-0.04279,-7.9645,-4.0029,0
1.7451,1.0682,-0.17021,4.0962,-4.7364,0
1.7451,1.0169,-0.28476,6.1442,-3.8303,0
0.7004,0.73476,-0.28991,-5.6889,-3.9022,0
-1.1991,0.093531,-0.22556,-6.3715,-3.9741,0
-1.9589,0.14483,-0.20239,7.282,-3.1111,0
-0.7242,0.68346,-0.20754,3.6411,-3.7727,0
0.51046,0.42697,-0.18952,-6.5991,-2.6652,0
-0.24933,-0.23991,-0.16893,-2.0479,-3.1686,0
-1.0091,-0.086014,-0.16893,7.0545,-2.5645,0
0.13056,0.17048,-0.16378,0.45525,-1.8885,0
1.4602,0.63217,-0.18308,-7.5093,-1.9748,0
0.13056,1.2734,-0.20368,1.1379,-0.6803,0
-0.62923,1.4529,-0.18952,7.5096,-1.1118,0
0.79538,1.0939,-0.15219,-2.7306,-0.033045,0
1.8401,0.27308,-0.11615,-6.8267,-0.20565,0
1.5552,-0.11166,-0.087839,4.0962,-0.11935,0
1.2702,-0.41945,-0.13804,4.7789,0.58544,0
0.41548,-0.29121,-0.19982,-6.3715,0.067639,0
0.79538,0.22178,-0.18694,-4.3235,1.319,0
1.6501,0.27308,-0.06081,7.7372,0.93064,0
-0.15436,0.24743,-0.033781,1.8206,1.9806,0
-0.62923,0.19613,-0.096848,-8.8747,2.5704,0
0.79538,-0.26556,-0.077542,-1.5928,2.7573,0
0.41548,-0.29121,0.029286,7.5096,3.908,0
-0.81917,-0.52205,0.14641,-1.8203,3.232,0
-0.34431,-0.599,0.15156,-7.7369,4.1669,0
0.22554,-0.13731,0.08077,3.8687,3.5053,0
0.41548,-0.11166,0.079483,5.234,3.8649,0
-0.91415,-0.16296,0.098789,-5.9164,4.4114,0
-1.389,-0.4451,0.11166,-5.9164,4.3107,0
-0.34431,-0.77854,0.08978,7.0545,5.6053,0
-0.24933,-0.47075,0.078196,3.186,4.9724,0
0.035589,-0.086014,0.11295,-7.5093,5.821,0
1.0803,-0.31686,0.1773,-2.0479,5.6484,0
1.9351,-0.5477,0.167,9.1025,6.1231,0
1.3652,-0.599,0.07176,0.2277,6.9285,0
-0.059385,-0.57335,-0.014475,-8.4196,5.9792,0
0.41548,-0.599,-0.02992,0.91037,6.2237,0
1.0803,-0.34251,-0.013187,7.0545,4.9292,0
0.32051,0.29873,-0.019623,-1.8203,5.3176,0
-0.15436,1.0682,-0.064671,-7.0542,5.1306,0
-0.24933,1.1708,-0.071106,3.8687,4.0087,0
0.60543,1.0939,-0.013187,6.1442,3.1601,0
0.79538,1.0169,0.015128,-4.5511,0.32654,0
0.32051,1.0426,0.0048318,-5.0062,-0.89605,0
0.7004,1.0169,-0.017049,6.8269,-3.1974,0
1.4602,0.76041,0.007406,4.3238,-3.7727,0
0.13056,0.42697,-0.0041778,-6.8267,-3.7296,0
-0.81917,0.45262,-0.041503,-3.1857,-3.9741,0
0.7004,0.55522,-0.055661,8.875,-2.6652,0
1.9351,0.32437,-0.090413,1.8206,-3.2981,0
0.79538,-0.21426,-0.081403,-7.9645,-2.4063,0
-1.389,-0.31686,-0.049226,1.1379,-2.8378,0
-1.1991,-0.26556,-0.0093262,7.0545,-2.9385,0
0.41548,-0.16296,0.067899,-2.503,-2.5358,0
0.60543,-0.21426,0.11295,-7.9645,-3.2118,0
0.41548,-0.18861,0.097502,4.3238,-2.1618,0
-0.43928,-0.29121,0.094928,5.6891,-2.8953,0
0.13056,-0.4451,0.19146,-6.5991,-2.1043,0
0.41548,-1.0094,0.24294,-5.4613,-2.0323,0
1.2702,-1.0607,0.25324,5.6891,-2.3775,0
2.125,-1.2659,0.20948,2.7309,-1.6152,0
2.22,-0.6503,0.1477,-8.192,-2.5933,0
1.8401,-0.31686,0.12324,-2.0479,-1.7015,0
1.2702,-0.47075,0.15542,8.1923,-2.4782,0
0.79538,-1.112,0.21849,0.00013542,-2.7659,0
-0.53425,-1.5737,0.20819,-7.7369,-3.0967,0
-2.7186,-1.3172,0.13998,2.0482,-4.3625,0
-1.9589,-0.88114,0.082057,7.0545,-3.672,0
-0.059385,-0.82984,0.079483,-3.8684,-4.2618,0
0.60543,-0.47075,0.075622,-7.2818,-2.9097,0
0.41548,0.50392,0.042157,4.5513,-2.6364,0
0.13056,0.88866,-0.047939,5.234,-2.3056,0
0.22554,0.76041,-0.10843,-7.0542,-1.8022,0
-0.34431,0.45262,-0.0917,-3.6408,-2.6796,0
-0.62923,0.27308,-0.063384,7.0545,-1.8597,0
-0.53425,0.17048,-0.006752,2.2757,-2.4638,0
-0.43928,0.19613,0.044732,-7.2818,-1.644,0
-0.91415,0.40132,0.039583,-1.1377,-1.2125,0
-0.24933,0.093531,-0.015762,8.875,-1.0687,0
0.98533,-0.13731,-0.031207,-0.45498,0.067639,0
2.5049,-0.21426,-0.045365,-8.192,-0.55085,0
2.4099,0.32437,-0.072394,2.7309,0.42722,0
1.4602,1.0169,-0.089126,7.282,-0.39263,0
1.8401,0.81171,-0.102,-2.7306,-0.40701,0
2.5999,0.37567,-0.098135,-6.8267,-0.32071,0
2.125,0.65782,-0.069819,5.234,-0.79537,0
1.0803,0.70911,-0.069819,4.5513,0.44161,0
1.6501,0.65782,-0.1419,-6.5991,-0.076195,0
1.2702,0.78606,-0.19338,-3.4133,0.71489,0
-0.43928,0.73476,-0.2011,8.1923,0.12517,0
-0.91415,0.83736,-0.16764,1.1379,-0.32071,0
-0.62923,0.42697,-0.10972,-8.4196,0.22586,0
-0.059385,-0.21426,-0.033781,0.00013542,-0.55085,0
0.035589,-0.034715,0.016416,7.5096,0.082022,0
-0.91415,0.093531,0.075622,-1.8203,-1.2269,0
-1.6739,-0.034715,0.066612,-7.9645,-1.1406,0
-1.484,0.14483,-0.02091,2.7309,-1.083,0
-0.7242,0.35002,-0.098135,5.6891,-1.27,0
-0.15436,-0.18861,-0.12516,-5.0062,-0.14811,0
0.035589,-1.5224,-0.095561,-5.4613,-0.86728,0
0.035589,-2.1123,-0.06081,6.3718,0.25462,0
0.89035,-1.7532,-0.017049,3.186,0.067639,0
1.1753,-1.7276,0.030574,-8.6471,0.61421,0
-0.15436,-1.7789,0.075622,-2.7306,1.4772,0
-0.15436,-1.0607,0.098789,7.5096,1.319,0
0.13056,-0.18861,0.085918,1.1379,2.4265,0
-0.81917,0.19613,0.061464,-8.8747,1.5491,0
-0.7242,-0.0090658,0.042157,0.45525,2.2252,0
0.7004,-0.3938,0.05889,7.7372,2.0238,0
0.41548,-0.52205,0.1181,-2.7306,1.9662,0
-0.91415,-0.88114,0.13354,-8.192,2.5991,0
-0.34431,-0.62465,0.098789,4.5513,1.8512,0
0.41548,0.14483,0.051167,5.6891,2.9299,0
0.60543,0.29873,0.037009,-5.6889,2.3115,0
0.22554,0.22178,0.033148,-4.0959,2.9443,0
-0.43928,0.68346,0.0035447,7.7372,2.8293,0
-1.0091,0.93996,-0.041503,3.186,2.4697,0
-1.484,0.016583,-0.028633,-6.3715,3.2464,0
-0.43928,-0.95809,0.021564,-1.3652,2.5704,0
0.51046,-0.57335,0.057602,7.9647,3.6635,0
0.32051,-0.29121,0.066612,0.91037,2.9587,0
-0.34431,-0.52205,0.061464,-7.2818,3.1169,0
-1.0091,-2.061,0.096215,1.1379,3.1313,0
-1.484,-2.8818,0.16958,7.282,2.4121,0
-0.34431,-2.7792,0.20433,-3.6408,3.1745,0
0.98533,-2.4201,0.16572,-7.7369,2.3546,0
2.03,-2.4714,0.094928,4.3238,3.232,0
1.2702,-1.8558,0.024138,6.5994,3.0306,0
0.41548,-0.75289,0.015128,-6.5991,3.0162,0
0.035589,-0.34251,0.083344,-5.2337,3.4477,0
-0.43928,-0.62465,0.17087,7.282,2.4121,0
-0.059385,-0.95809,0.23265,3.6411,3.0594,0
1.1753,-1.2402,0.2275,-7.2818,2.0669,0
1.7451,-1.0863,0.18374,-2.9581,2.6423,0
1.9351,-0.85549,0.13869,7.5096,2.6135,0
0.51046,-0.85549,0.094928,0.00013542,2.4265,0
0.13056,-1.2402,0.075622,-8.4196,3.1169,0
0.79538,-1.1376,0.013841,1.3655,2.0813,0
0.22554,-1.0094,0.017703,6.3718,2.9299,0
0.13056,-1.0094,0.048593,-3.6408,2.0382,0
0.60543,-0.75289,0.016416,-7.7369,2.2539,0
0.22554,-0.41945,-0.069819,4.3238,2.3546,0
-0.34431,0.042233,-0.19081,5.9167,1.7505,0
-0.43928,0.40132,-0.28734,-5.9164,2.5991,0
-0.34431,0.32437,-0.26932,-4.7786,1.6642,0
0.60543,0.22178,-0.2114,6.3718,2.2683,0
0.13056,0.22178,-0.20625,2.0482,1.4916,0
0.13056,0.19613,-0.15863,-8.6471,1.1032,0
1.0803,-0.034715,-0.00031657,-2.0479,1.2183,0
1.8401,-0.4451,0.21334,8.4198,0.41284,0
1.6501,-0.75289,0.28542,-0.45498,1.3334,0
0.035589,-0.23991,0.20176,-7.9645,0.49914,0
-0.62923,0.093531,0.12711,2.7309,1.0889,0
1.4602,-0.23991,0.11295,8.1923,0.93064,0
1.7451,-0.086014,0.085918,-2.9581,0.54229,0
0.51046,0.86301,0.013841,-7.0542,0.94503,0
0.89035,1.3247,-0.02992,4.3238,-0.090578,0
1.6501,1.4273,-0.035068,5.6891,0.71489,0
0.89035,1.9146,-0.031207,-6.3715,0.024489,0
0.7004,1.9146,-0.006752,-5.0062,0.44161,0
0.89035,1.6068,-0.022197,7.0545,0.59983,0
0.32051,1.9659,-0.10328,2.9584,0.024489,0
-0.81917,2.4533,-0.19081,-7.5093,0.65736,0
-0.91415,2.6328,-0.25902,-0.45498,-0.5077,0
1.2702,2.402,-0.32338,7.5096,-0.076195,0
2.7898,1.7864,-0.32209,-1.8203,-0.83852,0
1.9351,1.1965,-0.26417,-7.2818,-1.0543,0
1.7451,0.88866,-0.20368,2.9584,-0.79537,0
1.4602,0.93996,-0.21783,7.0545,-1.7159,0
0.32051,1.9916,-0.23071,-3.8684,-0.9392,0
-0.43928,2.5302,-0.2011,-6.8267,-1.9317,0
-0.53425,2.402,-0.19595,4.5513,-1.5721,0
0.41548,1.7864,-0.22041,4.5513,-1.9317,0
0.79538,0.99126,-0.22298,-7.0542,-2.6364,0
0.51046,0.68346,-0.19595,-4.3235,-2.3488,0
0.51046,0.60652,-0.20625,7.7372,-3.7871,0
0.89035,0.58087,-0.23328,2.0482,-3.4419,0
1.3652,0.32437,-0.26417,-7.5093,-4.3337,0
1.3652,0.24743,-0.20239,0.45525,-3.9885,0
0.79538,-0.060364,-0.12903,7.282,-3.3844,0
0.60543,-0.3938,-0.12774,-2.0479,-3.5138,0
0.79538,-0.060364,-0.16635,-7.7369,-2.2049,0
-0.81917,1.1708,-0.18952,2.9584,-2.9673,0
-1.1991,1.9916,-0.19338,5.9167,-2.2337,0
-0.43928,1.9146,-0.18437,-5.9164,-2.9816,0
0.79538,0.83736,-0.12903,-6.3715,-3.2837,0
1.6501,-0.13731,-0.089126,6.5994,-3.0967,0
0.60543,-0.5477,-0.11229,2.9584,-4.046,0
-0.53425,-0.57335,-0.099422,-7.9645,-3.0679,0
-0.53425,-0.36816,-0.0080391,-2.503,-3.859,0
-0.81917,0.24743,0.060177,7.282,-3.1974,0
-1.0091,0.27308,0.025425,0.91037,-3.5857,0
-0.91415,-0.0090658,-0.0119,-7.7369,-3.9597,0
-0.059385,-0.16296,0.0099801,0.91037,-3.2837,0
-0.24933,-0.4451,0.034435,7.5096,-3.859,0
-1.0091,-0.57335,-0.00031657,-3.6408,-2.4638,0
-1.6739,-0.62465,0.0035447,-7.2818,-2.4782,0
-1.484,-0.599,0.033148,5.0064,-1.3995,0
-0.43928,-1.1633,0.082057,5.4616,-0.73783,0
-0.15436,-1.3941,0.11938,-6.3715,-0.79537,0
-1.0091,-1.4198,0.12968,-4.0959,0.51352,0
-1.294,-1.4198,0.1374,7.5096,0.18271,0
-0.53425,-0.6503,0.12711,3.6411,1.4053,0
0.51046,-0.47075,0.13998,-7.7369,1.2758,0
1.3652,-0.29121,0.1374,-1.3652,1.6354,0
1.4602,-0.4451,0.088493,7.7372,2.2683,0
1.5552,-0.80419,0.087205,0.2277,1.9231,0
2.315,-1.4711,0.1181,-7.5093,3.1601,0
1.7451,-1.7019,0.20304,1.8206,2.6567,0
1.1753,-1.3172,0.23136,6.3718,3.5484,0
0.51046,-1.3428,0.17988,-3.8684,3.5197,0
-0.53425,-1.5993,0.18502,-6.8267,3.4765,0
-0.34431,-1.8045,0.26096,5.234,4.1381,0
0.035589,-1.8558,0.23136,4.5513,3.2608,0
0.7004,-1.8558,0.12324,-7.2818,3.9655,0
1.2702,-1.8045,0.056315,-4.3235,3.0594,0
1.0803,-1.3428,0.024138,7.5096,3.1601,0
1.2702,-0.88114,0.048593,1.5931,3.0738,0
1.5552,-0.90679,0.064038,-7.9645,2.3978,0
0.60543,-0.93244,0.047306,0.2277,3.0594,0
-0.7242,-0.5477,0.037009,7.9647,2.0094,0
-1.389,-0.95809,0.055028,-2.7306,2.4984,0
-0.91415,-1.112,0.08077,-7.9645,1.7217,0
0.32051,-0.5477,0.092354,3.186,1.4628,0
1.8401,-0.23991,0.11552,6.1442,1.693,0
2.125,-0.18861,0.12196,-5.2337,0.98818,0
1.8401,-0.23991,0.1181,-5.6889,1.995,0
0.51046,-0.3938,0.12968,5.9167,1.2327,0
-0.43928,-0.31686,0.15285,3.8687,1.9375,0
-0.15436,-0.034715,0.12067,-7.5093,1.4341,0
0.98533,0.19613,0.076909,-3.1857,0.98818,0
0.89035,-0.060364,0.057602,7.282,0.98818,0
-0.53425,-0.36816,0.030574,0.91037,-0.45016,0
-1.294,-0.62465,0.026712,-8.192,-0.033045,0
-0.91415,-1.112,0.067899,-0.68254,-1.3132,0
-0.7242,-1.0863,0.15027,7.5096,-1.083,0
-0.81917,-0.85549,0.23393,-1.8203,-1.1837,0
-0.059385,-1.0863,0.25968,-7.9645,-1.4139,0
0.98533,-0.80419,0.22106,4.3238,-0.37825,0
1.4602,-0.36816,0.19017,6.5994,-1.1693,0
1.1753,-0.13731,0.15285,-4.7786,-0.36386,0
0.89035,-0.23991,0.11423,-6.144,-1.1406,0
1.4602,-0.18861,0.084631,7.0545,-1.3132,0
0.98533,-0.18861,0.052454,3.8687,-1.2413,0
0.51046,-0.16296,0.047306,-7.5093,-2.0899,0
0.13056,-0.16296,0.078196,-2.503,-1.27,0
-0.43928,-0.18861,0.13483,8.1923,-1.946,0
-0.24933,-0.13731,0.11423,2.2757,-1.0974,0
-0.059385,-0.16296,0.039583,-7.7369,-1.155,0
-0.53425,0.83736,-0.022197,0.91037,-1.3563,0
-0.24933,1.6068,-0.046652,7.0545,-0.89605,0
0.035589,1.5042,-0.073681,-2.9581,-1.7591,0
-0.24933,1.1965,-0.096848,-7.7369,-0.99673,0
-0.53425,1.5042,-0.023484,4.3238,-1.8454,0
-0.24933,1.2734,0.08077,6.3718,-1.5865,0
0.60543,0.83736,0.14641,-6.144,-1.5289,0
0.22554,0.63217,0.19275,-5.0062,-1.8454,0
-0.91415,0.63217,0.16314,6.8269,-0.96797,0
-1.6739,0.60652,0.11295,2.2757,-1.831,0
-1.0091,0.88866,0.083344,-7.0542,-1.1837,0
-1.1041,1.5042,0.015128,-1.8203,-1.7591,0
-1.389,1.812,-0.031207,7.7372,-1.8022,0
-0.34431,1.8633,0.0022576,-0.9101,-1.5721,0
0.60543,2.5559,0.020277,-8.4196,-2.2625,0
0.79538,2.7098,-0.045365,1.3655,-1.3707,0
1.0803,2.6841,-0.1316,6.5994,-2.1906,0
0.32051,3.4023,-0.20239,-4.3235,-1.4714,0
0.035589,3.787,-0.24615,-6.8267,-1.5433,0
0.32051,3.8896,-0.29377,5.0064,-1.831,0
0.22554,3.4023,-0.33496,5.0064,-1.1837,0
0.79538,2.9663,-0.30664,-6.8267,-2.1186,0
0.035589,2.9663,-0.22298,-5.0062,-1.3132,0
0.13056,3.0432,-0.11101,7.0545,-2.0323,0
0.13056,2.2481,-0.044078,2.0482,-1.8454,0
-0.91415,1.5042,-0.067245,-7.9645,-1.8597,0
-0.24933,1.3503,-0.11873,0.2277,-2.6077,0
2.125,0.88866,-0.11101,8.4198,-1.9029,0
2.7898,0.65782,-0.058236,-1.1377,-2.9529,0
2.125,0.78606,0.037009,-8.6471,-2.3344,0
0.7004,0.27308,0.10394,3.6411,-2.6077,0
-0.43928,-0.31686,0.11166,6.1442,-2.7659,0
-0.15436,-0.34251,0.053741,-5.6889,-2.0323,0
1.2702,-0.0090658,-0.018336,-5.4613,-2.507,0
1.6501,-0.29121,-0.065958,6.8269,-1.3419,0
0.60543,-0.82984,-0.050513,4.5513,-2.1186,0
0.035589,-0.4964,0.013841,-7.5093,-1.9604,0
1.5552,-0.034715,0.037009,-3.4133,-2.0755,0
1.6501,0.47827,-0.056948,7.7372,-2.6508,0
-0.24933,1.0939,-0.17279,1.8206,-1.6008,0
-1.294,1.1708,-0.17665,-7.5093,-2.32,0
-0.24933,1.1452,-0.13932,0.00013542,-1.2125,0
0.51046,1.299,-0.16635,7.7372,-1.5145,0
1.3652,0.63217,-0.20496,-0.9101,-1.3276,0
1.6501,0.042233,-0.22427,-8.4196,-0.83852,0
0.60543,-0.13731,-0.23328,2.9584,-1.5145,0
-0.43928,0.042233,-0.21011,6.5994,-0.66591,0
-0.15436,0.19613,-0.15992,-4.7786,-1.3419,0
0.32051,0.016583,-0.0518,-6.8267,-0.60838,0
1.2702,-0.16296,0.069186,6.1442,-0.43578,0
1.5552,0.016583,0.13354,4.3238,-0.56523,0
0.60543,0.37567,0.11166,-7.5093,0.36969,0
-0.34431,0.60652,0.038296,-4.3235,-0.36386,0
-0.15436,0.52957,-0.086552,6.5994,0.72928,0
0.41548,0.11918,-0.18823,1.1379,0.16832,0
0.22554,-0.34251,-0.19853,-7.5093,0.84434,0
-0.91415,-0.57335,-0.12002,-1.1377,1.3621,0
-0.91415,-0.13731,0.022851,8.6474,1.2471,0
0.7004,-0.086014,0.10265,-1.3652,2.4409,0
0.89035,0.29873,0.051167,-9.1023,1.7505,0
-0.059385,0.52957,-0.023484,3.4135,2.743,0
0.13056,0.52957,-0.010613,7.282,2.3115,0
0.60543,0.14483,0.052454,-3.4133,2.5128,0
0.60543,-0.36816,0.08077,-5.4613,2.9156,0
1.3652,0.11918,0.037009,5.0064,2.3834,0
1.1753,0.81171,-0.056948,4.3238,3.3327,0
-0.34431,1.0169,-0.13804,-6.5991,2.5272,0
-0.059385,1.0682,-0.15219,-3.1857,3.1601,0
0.32051,0.99126,-0.14447,7.282,2.8005,0
0.98533,1.0426,-0.13932,1.8206,2.4841,0
2.5049,1.3247,-0.13417,-7.5093,3.0306,0
0.98533,1.1708,-0.10714,0.68281,2.0094,0
-0.62923,0.81171,-0.035068,8.4198,2.6567,0
-0.34431,0.65782,-0.0119,-1.1377,1.808,0
-0.059385,0.32437,0.0035447,-7.7369,1.9375,0
-0.62923,0.70911,-0.0041778,2.7309,2.1101,0
-0.62923,0.14483,0.021564,6.8269,1.4628,0
-0.7242,-0.34251,0.079483,-4.0959,2.3978,0
0.41548,-0.086014,0.12453,-6.5991,1.6067,0
1.2702,0.60652,0.098789,6.5994,2.3402,0
0.60543,1.1965,0.017703,4.5513,1.8656,0
0.32051,1.1452,-0.068532,-6.8267,1.7073,0
0.60543,1.5555,-0.102,-2.9581,2.0813,0
1.1753,2.0172,-0.086552,7.282,1.1752,0
1.4602,1.7351,-0.038929,1.3655,1.8943,0
0.51046,1.2221,-0.0041778,-7.5093,0.88749,0
0.79538,1.5299,0.007406,0.68281,1.1895,0
1.2702,1.7864,-0.0016037,7.7372,1.0313,0
0.89035,1.6325,0.0022576,-2.0479,0.57106,0
1.4602,1.4786,0.0061189,-7.0542,1.4484,0
1.4602,1.9403,-0.0016037,3.6411,0.58544,0
0.13056,1.9659,-0.035068,5.4616,1.5204,0
-0.91415,1.8633,-0.072394,-6.144,0.82996,0
-0.34431,1.6068,-0.089126,-6.144,0.88749,0
0.98533,1.4786,-0.092987,7.0545,0.97379,0
1.8401,1.2221,-0.067245,2.9584,0.024489,0
1.9351,1.0169,-0.041503,-7.9645,0.71489,0
0.51046,0.29873,-0.044078,-0.68254,-0.30633,0
-0.15436,-0.13731,-0.036355,7.282,0.22586,0
-0.059385,-0.21426,-0.006752,-1.3652,0.038872,0
0.32051,-0.6503,0.04087,-8.192,-0.20565,0
0.13056,-0.90679,0.065325,1.8206,0.38407,0
0.32051,-1.035,0.061464,6.8269,-0.62276,0
1.1753,-0.95809,0.091067,-3.8684,0.16832,0
2.03,-0.5477,0.12196,-7.0542,-0.594,0
1.7451,-0.75289,0.10651,5.9167,-0.033045,0
1.1753,-0.93244,0.07176,5.4616,0.42722,0
0.32051,-0.7016,0.070473,-5.9164,0.13956,0
-0.34431,-0.85549,0.10651,-4.5511,0.94503,0
-0.62923,-1.2402,0.11938,6.3718,-0.061812,0
-0.15436,-1.5993,0.14384,2.7309,0.42722,0
-0.34431,-1.0863,0.1876,-7.9645,0.010105,0
-1.6739,-0.6503,0.1979,-1.5928,0.096406,0
-1.1041,-1.112,0.17344,8.6474,0.84434,0
-0.24933,-1.8558,0.16057,0.00013542,0.29777,0
-0.53425,-2.1893,0.13225,-7.9645,1.5204,0
-1.0091,-2.0097,0.11681,3.186,1.0889,0
-1.389,-1.8815,0.15285,7.0545,1.7217,0
-0.34431,-1.8045,0.21205,-4.3235,1.8943,0
1.2702,-1.7789,0.28413,-6.3715,1.2902,0
1.4602,-1.8045,0.32146,6.3718,1.995,0
0.79538,-1.3685,0.31373,4.5513,1.0313,0
0.79538,-1.0607,0.25453,-7.7369,1.9087,0
1.7451,-1.035,0.20433,-3.4133,1.6642,0
1.2702,-1.548,0.1979,8.1923,1.7936,0
-0.15436,-1.7532,0.23393,1.8206,2.3402,0
0.89035,-1.3685,0.29057,-8.192,1.621,0
2.5049,-1.3685,0.32532,-0.22742,2.556,0
2.315,-1.5993,0.3369,8.1923,1.8368,0
2.03,-2.0097,0.33819,-2.0479,2.6854,0
0.7004,-1.9328,0.30215,-7.9645,2.8149,0
0.22554,-1.5737,0.23265,3.186,2.4553,0
1.4602,-0.95809,0.15928,6.1442,2.8724,0
2.315,-0.3938,0.08978,-5.0062,1.4628,0
0.89035,0.50392,0.031861,-6.3715,1.7649,0
-0.34431,0.91431,-0.014475,5.4616,0.70051,0
-1.0091,1.0169,-0.087839,3.6411,0.67174,0
-1.389,0.55522,-0.1715,-7.5093,1.4484,0
-0.62923,0.042233,-0.20754,-3.6408,1.808,0
-0.34431,-0.16296,-0.23972,7.5096,4.0662,0
-1.484,-0.18861,-0.25387,0.91037,4.3107,0
-1.484,-0.18861,-0.26031,-8.4196,5.5046,0
0.22554,-0.4964,-0.26031,0.00013542,5.5333,0
0.60543,-0.599,-0.24615,7.282,5.4327,0
-0.7242,-0.57335,-0.23585,-2.7306,6.0655,0
-0.81917,-0.6503,-0.20239,-6.8267,4.9005,0
-0.15436,-0.29121,-0.17665,3.6411,4.958,0
-0.059385,0.24743,-0.28476,5.234,2.9587,0
0.60543,0.55522,-0.43793,-6.3715,2.1101,0
0.89035,0.63217,-0.51258,-5.2337,1.0601,0
1.2702,0.65782,-0.43921,6.8269,-0.6803,0
0.98533,0.55522,-0.32595,3.4135,-1.1406,0
0.32051,0.093531,-0.2616,-7.0542,-3.4994,0
0.60543,-0.36816,-0.23328,-1.5928,-4.5494,0
0.32051,-0.060364,-0.24872,7.282,-6.7789,0
-0.34431,0.68346,-0.28219,1.1379,-8.4617,0
0.22554,1.7351,-0.34526,-7.0542,-8.8932,0
0.89035,1.9403,-0.39545,2.2757,-9.6412,0
-0.15436,1.4016,-0.38387,7.282,-7.6131,0
0.41548,0.88866,-0.35941,-2.7306,-6.6063,0
0.60543,0.91431,-0.35555,-7.2818,-4.3768,0
0.41548,0.63217,-0.33239,3.6411,-2.8234,0
0.60543,0.17048,-0.27833,5.9167,-1.9892,0
0.79538,-0.31686,-0.23585,-5.4613,-0.20565,0
1.4602,0.40132,-0.23328,-5.6889,-0.19126,0
2.315,1.1452,-0.25902,6.3718,1.7649,0
1.8401,0.88866,-0.29635,3.6411,2.1532,0
1.2702,0.68346,-0.27575,-7.9645,2.9731,0
0.79538,0.86301,-0.22684,-2.7306,2.7573,0
1.2702,0.76041,-0.15348,7.282,1.0313,0
1.4602,0.88866,-0.12259,1.8206,0.38407,0
0.41548,1.0426,-0.16635,-8.4196,-1.9892,0
-0.43928,1.0169,-0.23457,0.68281,-2.5789,0
-0.7242,1.0169,-0.26932,7.0545,-4.4056,0
-0.7242,0.73476,-0.22942,-4.5511,-5.4987,0
-0.53425,0.68346,-0.17793,-7.2818,-5.9302,0
-0.15436,0.86301,-0.10972,4.5513,-7.1097,0
1.1753,0.73476,-0.10586,5.9167,-6.3617,0
1.9351,0.88866,-0.12002,-7.2818,-7.009,0
1.2702,1.2477,-0.10457,-5.4613,-5.3549,0
0.98533,1.3503,-0.085264,7.282,-3.9597,0
1.8401,0.70911,-0.063384,2.7309,-2.4351,0
1.4602,0.55522,-0.0917,-8.4196,-0.53646,0
-0.24933,0.29873,-0.1213,-1.1377,-0.594,0
-0.15436,-0.23991,-0.14061,7.7372,0.77243,0
0.51046,-0.060364,-0.11358,-0.22742,0.68613,0
0.41548,-0.34251,-0.023484,-7.2818,2.0238,0
-0.34431,-0.52205,0.053741,2.7309,3.0306,0
-0.059385,-0.88114,0.10136,6.3718,3.2895,0
0.60543,-0.95809,0.17215,-4.5511,4.2388,0
-0.7242,-0.98374,0.2069,-6.3715,3.0738,0
-2.3388,-1.3172,0.21849,5.234,3.0738,0
-2.3388,-1.3941,0.20304,4.0962,1.4628,0
-2.3388,-1.3941,0.16057,-6.8267,0.70051,0
-2.2438,-0.90679,0.092354,-3.1857,0.44161,0
-0.43928,-0.67595,0.051167,8.4198,-0.52208,0
1.7451,-0.6503,0.083344,0.91037,0.11079,0
1.2702,-0.82984,0.13097,-8.192,-1.0399,0
-0.15436,-0.98374,0.14641,1.1379,-0.69468,0
0.035589,-0.75289,0.10265,7.9647,-1.0974,0
0.51046,-0.36816,-0.0080391,-1.3652,-1.27,0
0.7004,0.24743,-0.080116,-7.0542,-0.62276,0
0.7004,1.0169,-0.080116,3.4135,-0.99673,0
0.32051,0.86301,-0.023484,5.4616,0.54229,0
0.32051,1.1708,0.061464,-6.3715,0.36969,0
0.98533,1.3503,0.08978,-5.2337,1.3334,0
1.0803,0.68346,0.094928,6.8269,1.621,0
-0.059385,-0.18861,0.094928,2.9584,1.3909,0
-0.34431,-0.060364,0.097502,-7.7369,2.3115,0
0.035589,-0.086014,0.10651,-3.1857,1.506,0
-0.62923,-0.4451,0.15027,7.7372,2.3834,0
-0.81917,-0.34251,0.18245,-0.22742,1.621,0
0.22554,-0.034715,0.19275,-8.6471,1.4053,0
0.89035,0.70911,0.17087,1.8206,1.4197,0
0.22554,1.6838,0.13354,6.3718,0.54229,0
0.035589,1.7351,0.082057,-4.5511,1.2183,0
1.6501,1.4529,0.05889,-6.3715,-0.23441,0
1.3652,1.2221,0.067899,6.1442,-0.22003,0
-0.81917,1.5555,0.14899,3.6411,-1.457,0
-0.24933,1.2734,0.2867,-7.7369,-2.1762,0
0.60543,0.55522,0.4167,-2.9581,-2.0036,0
0.13056,0.27308,0.4566,7.282,-2.9673,0
0.13056,0.65782,0.41541,0.2277,-2.1906,0
0.51046,0.40132,0.32532,-8.4196,-3.2405,0
0.7004,-0.26556,0.31116,0.00013542,-2.9385,0
0.79538,-1.0863,0.36522,7.5096,-2.8378,0
1.1753,-1.3685,0.4064,-1.8203,-2.8522,0
0.22554,-1.7019,0.42314,-7.7369,-1.8022,0
0.13056,-1.5737,0.44888,3.6411,-2.6796,0
-0.43928,-1.4198,0.51323,5.9167,-1.9892,0
-1.294,-1.3941,0.55957,-5.0062,-2.9385,0
-0.62923,-0.90679,0.52996,-5.2337,-3.1111,0
1.1753,-0.67595,0.42957,7.282,-3.2118,0
0.51046,-1.1633,0.4167,3.186,-4.0316,0
-0.53425,-1.3685,0.46947,-6.5991,-3.2405,0
-0.15436,-1.7019,0.4965,-2.0479,-4.046,0
-0.059385,-2.0354,0.45145,7.7372,-3.0679,0
-0.059385,-1.6763,0.38066,0.68281,-3.1542,0
0.13056,-1.2915,0.3266,-7.7369,-2.8953,0
-0.059385,-1.2146,0.32017,1.1379,-1.9604,0
0.13056,-0.6503,0.3266,8.1923,-2.3919,0
-0.24933,-0.88114,0.30215,-2.0479,-1.2413,0
0.51046,-1.0863,0.29829,-7.7369,-1.9604,0
1.7451,-1.112,0.30987,4.3238,-1.7878,0
2.22,-1.035,0.31502,4.7789,-1.7447,0
2.22,-1.0607,0.28413,-6.3715,-1.9029,0
1.8401,-0.7016,0.24166,-5.4613,-0.47893,0
1.2702,-0.3938,0.19918,7.282,-0.7666,0
0.13056,-0.7016,0.19275,2.9584,0.19709,0
-0.43928,-1.2402,0.19661,-7.0542,-0.594,0
-0.7242,-1.3428,0.1979,-1.8203,-1.0399,0
-0.62923,-1.1376,0.17087,7.282,-0.95358,0
0.32051,-0.72725,0.13097,0.00013542,-1.4139,0
1.7451,-0.36816,0.096215,-8.192,-0.061812,0
1.2702,-0.4964,0.092354,0.00013542,-0.5077,0
-0.62923,-0.3938,0.12711,6.8269,0.42722,0
-1.294,-0.67595,0.14641,-2.2755,0.18271,0
-0.34431,-0.98374,0.12839,-7.2818,-0.1625,0
0.22554,-1.2402,0.092354,3.6411,0.38407,0
-0.24933,-1.3685,0.065325,5.6891,-0.37825,0
0.41548,-1.3941,0.04087,-5.6889,0.64298,0
0.7004,-1.4454,0.017703,-5.4613,-0.3351,0
0.32051,-1.3941,0.00097052,6.8269,-0.40701,0
0.7004,-1.7019,0.015128,3.6411,-0.92482,0
0.32051,-1.7789,0.048593,-6.8267,-1.6296,0
0.22554,-1.3685,0.04087,-2.0479,-0.70906,0
0.32051,-1.5737,-0.006752,8.4198,-1.3563,0
-0.53425,-1.2402,-0.063384,0.45525,-0.30633,0
-0.059385,-0.85549,-0.094274,-8.192,-0.75222,0
1.6501,-0.41945,-0.087839,1.8206,-0.83852,0
2.5999,-0.21426,-0.11615,7.0545,-0.63715,0
1.7451,0.067882,-0.13932,-2.9581,-1.7878,0
0.7004,0.65782,-0.15091,-7.7369,-1.3276,0
-0.34431,0.73476,-0.12002,4.5513,-2.5501,0
0.51046,0.68346,-0.10972,5.6891,-1.9029,0
1.1753,1.1452,-0.12774,-5.2337,-1.6871,0
0.51046,1.8633,-0.14447,-4.7786,-1.3563,0
0.035589,2.2481,-0.18308,7.282,-0.061812,0
0.32051,2.7354,-0.24358,3.186,-0.73783,0
0.13056,3.5305,-0.3208,-7.5093,-0.018661,0
0.60543,3.8127,-0.36456,-1.5928,-1.1693,0
0.89035,3.4023,-0.36328,7.7372,-1.5145,0
0.13056,2.6072,-0.32595,0.00013542,-1.7447,0
-0.81917,2.0172,-0.28219,-7.0542,-2.6077,0
-1.294,1.6325,-0.22942,2.5033,-1.5289,0
-0.91415,1.9916,-0.21655,7.5096,-2.0323,0
-0.24933,2.4533,-0.24229,-3.1857,-1.0255,0
0.60543,2.3507,-0.30664,-7.5093,-1.3995,0
0.7004,2.0172,-0.35298,3.186,-1.9173,0
0.22554,1.6325,-0.32724,5.4616,-1.7015,0
-0.34431,1.1452,-0.2616,-5.6889,-2.507,0
-0.059385,0.55522,-0.29635,-5.6889,-1.1406,0
0.60543,-0.0090658,-0.32724,6.3718,-1.155,0
0.7004,-0.6503,-0.27189,2.9584,-0.2488,0
0.32051,-0.72725,-0.14962,-7.7369,-0.018661,0
-1.389,-0.6503,-0.11615,-2.7306,-0.86728,0
-1.9589,-0.36816,-0.1612,6.5994,-0.23441,0
-0.62923,-0.4451,-0.20239,0.00013542,-1.155,0
0.60543,-0.85549,-0.2011,-7.9645,0.010105,0
0.13056,-0.90679,-0.20625,0.91037,0.13956,0
-0.43928,-1.035,-0.17793,6.1442,0.78681,0
-0.62923,-1.2915,-0.12388,-3.6408,1.4341,0
-0.15436,-1.3941,-0.085264,-7.5093,0.38407,0
0.60543,-1.1633,-0.063384,4.7789,0.62859,0
1.0803,-1.2915,-0.037642,4.7789,-0.80975,0
2.03,-1.0863,-0.023484,-6.5991,-0.46455,0
1.6501,-0.90679,-0.0093262,-5.2337,-0.60838,0
0.60543,-1.548,0.042157,7.0545,-0.46455,0
0.13056,-1.625,0.11295,1.8206,0.78681,0
0.89035,-1.4711,0.14384,-7.9645,0.36969,0
0.89035,-1.1376,0.1181,-0.22742,1.3046,0
-0.059385,-0.72725,0.061464,7.282,0.41284,0
0.22554,-0.31686,0.04087,-1.8203,0.51352,0
0.7004,0.067882,0.083344,-6.5991,0.70051,0
-0.24933,0.14483,0.16829,4.5513,0.48476,0
-0.43928,-0.5477,0.19403,6.3718,1.8512,0
-0.62923,-1.4711,0.22235,-6.144,1.2327,0
-0.15436,-2.2662,0.26096,-5.6889,2.0813,0
0.60543,-2.5996,0.27512,6.5994,1.6067,0
0.13056,-2.2406,0.29314,4.0962,1.3334,0
-0.43928,-2.1636,0.32403,-7.0542,1.0745,0
-0.62923,-1.6506,0.34848,-2.2755,-0.594,0
-0.53425,-0.95809,0.34462,7.5096,-0.594,0
-0.24933,-0.7016,0.31502,0.91037,-1.7734,0
0.60543,-1.0607,0.25839,-8.4196,-1.0111,0
0.13056,-0.82984,0.18889,0.2277,-0.57961,0
-0.15436,-0.62465,0.15156,6.3718,-0.55085,0
-0.62923,-0.13731,0.16314,-4.0959,0.21147,0
0.035589,0.37567,0.16057,-6.8267,-1.0687,0
0.51046,0.86301,0.14255,4.3238,-0.9392,0
0.32051,1.1708,0.10008,4.3238,-2.018,0
0.035589,0.88866,0.084631,-6.8267,-1.9604,0
0.7004,0.17048,0.16443,-4.7786,-1.0255,0
0.79538,-0.4451,0.28799,6.8269,-0.70906,0
1.2702,-0.82984,0.33047,2.2757,0.85873,0
1.6501,-0.7016,0.33047,-7.9645,-0.018661,0
0.51046,-0.6503,0.3369,-1.5928,-0.090578,0
0.32051,-0.6503,0.4064,7.9647,-1.3707,0
0.98533,-1.035,0.48234,-1.1377,-2.5358,0
0.98533,-0.88114,0.51452,-8.192,-2.5789,0
0.22554,-0.6503,0.47719,2.9584,-3.7152,0
1.0803,-0.34251,0.4566,7.0545,-2.6508,0
0.89035,-0.4964,0.47205,-5.2337,-2.9529,0
0.22554,-0.29121,0.52095,-7.5093,-2.0036,0
0.32051,-0.26556,0.55828,5.9167,-1.6871,0
-0.34431,-0.93244,0.6265,5.234,-2.6796,0
-0.15436,-1.3172,0.63293,-6.5991,-2.7227,0
0.035589,-1.1633,0.57373,-4.0959,-4.5494,0
-0.43928,-0.82984,0.54026,7.7372,-4.1323,0
-0.15436,-0.85549,0.57501,3.186,-4.1611,0
0.41548,-0.95809,0.56214,-7.2818,-3.3268,0
0.22554,-0.4964,0.49521,-1.1377,-1.946,0
0.035589,-0.23991,0.48363,7.5096,-2.1474,0
0.7004,-0.21426,0.53125,-0.68254,-1.3563,0
1.3652,-0.47075,0.55699,-7.5093,-2.6652,0
1.4602,-0.57335,0.51709,2.2757,-2.809,0
0.51046,-0.18861,0.4862,7.7372,-3.0104,0
0.13056,-0.31686,0.51709,-4.0959,-3.183,0
0.60543,-0.80419,0.55056,-7.0542,-1.9029,0
0.51046,-0.75289,0.52224,6.3718,-2.2049,0
-0.91415,-0.6503,0.43729,4.5513,-0.82413,0
-1.8639,-0.77854,0.35749,-7.2818,-1.457,0
-0.059385,-0.23991,0.2867,-3.8684,-1.6152,0
1.0803,0.35002,0.14641,8.1923,-2.0611,0
-0.62923,0.88866,-0.098135,2.2757,-3.1974,0
-1.1041,1.2734,-0.37872,-8.8747,-2.3775,0
0.7004,0.86301,-0.54733,-1.8203,-2.8953,0
1.3652,0.65782,-0.66317,6.8269,-1.6296,0
0.7004,0.32437,-0.79702,-0.9101,-1.7303,0
-0.24933,0.50392,-1.0544,-7.5093,-1.7591,0
-0.62923,0.83736,-1.4251,2.7309,-1.5865,0
0.51046,0.70911,-1.7997,6.5994,-2.7515,0
0.79538,0.58087,-2.1176,-4.5511,-2.2337,0
-0.15436,0.32437,-2.3879,-5.9164,-3.0967,0
-0.53425,-0.0090658,-2.5989,6.3718,-2.2337,0
0.41548,0.14483,-2.7508,4.0962,-1.7159,0
0.89035,0.37567,-2.9632,-6.8267,-1.7015,0
0.13056,0.29873,-3.2155,-3.1857,-0.83852,0
-0.53425,0.22178,-3.4536,7.7372,-1.7734,0
-0.059385,0.65782,-3.6492,0.00013542,-1.083,0
1.1753,0.45262,-3.7844,-8.8747,-1.6728,0
2.03,0.52957,-3.9259,0.68281,-1.1837,0
1.3652,0.81171,-4.1293,7.0545,-0.86728,0
0.32051,0.99126,-4.4022,-3.1857,-1.4714,0
0.035589,1.0426,-4.6905,-7.2818,-0.88167,0
0.22554,1.2221,-4.9016,5.234,-1.7447,0
0.79538,0.60652,-5.0058,5.234,-0.92482,0
0.41548,0.042233,-5.0084,-6.3715,-1.0399,0
0.13056,-0.18861,-4.9646,-4.5511,-0.8529,0
1.0803,-0.7016,-4.9106,6.8269,0.038872,0
1.4602,-1.1633,-4.8629,2.0482,-0.23441,0
0.41548,-0.90679,-4.944,-7.5093,0.94503,0
0.98533,-0.90679,-5.0174,-0.45498,0.19709,0
2.5049,-1.1633,-4.9891,7.7372,0.44161,0
2.315,-0.88114,-4.89,-0.9101,0.22586,0
2.315,-0.6503,-4.7072,-8.4196,-0.29195,0
1.3652,-0.82984,-4.4897,2.7309,0.39846,0
0.035589,-0.4964,-4.2541,6.5994,-0.26318,0
-0.24933,-0.72725,-4.0418,-4.3235,1.1032,0
0.51046,-1.4198,-3.823,-5.6889,0.87311,0
0.32051,-2.061,-3.5643,6.1442,1.2615,0
0.13056,-2.7022,-3.3184,3.6411,1.2471,0
0.13056,-2.4457,-3.1138,-6.8267,0.24024,0
-0.43928,-2.0097,-2.819,-2.503,0.88749,0
-0.7242,-1.625,-2.4509,7.5096,-0.061812,0
-0.62923,-1.1889,-2.1794,-0.22742,0.94503,0
0.32051,-0.75289,-2.012,-7.7369,0.85873,0
1.2702,-0.4451,-1.864,1.1379,0.85873,0
1.5552,-0.47075,-1.7649,7.282,1.3334,0
2.22,0.11918,-1.6581,-2.7306,0.26901,0
2.125,0.52957,-1.5229,-7.7369,0.98818,0
-0.53425,0.37567,-1.2926,3.6411,-0.22003,0
-1.7689,0.29873,-0.91415,5.234,-0.018661,0
-0.91415,0.45262,-0.4405,-6.3715,-0.004278,0
0.32051,0.60652,-0.02091,-5.4613,0.13956,0
1.1753,0.83736,0.37937,6.5994,1.6354,0
1.0803,1.2221,0.86203,2.7309,1.1176,0
-0.43928,1.6838,1.4206,-7.7369,1.8943,0
-1.389,2.6072,2.005,-1.8203,0.88749,0
-0.91415,2.7354,2.6356,7.282,0.47037,0
-1.1991,2.7611,3.3255,-0.9101,0.31216,0
-1.7689,3.4536,4.0205,-8.192,-0.45016,0
-2.2438,4.5822,4.6808,1.8206,0.58544,0
-1.6739,5.3003,5.26,7.282,-0.32071,0
-0.15436,5.8133,5.6757,-2.503,0.12517,0
0.035589,5.9672,6.0773,-7.5093,-0.60838,0
0.13056,6.4802,6.5754,3.4135,-1.0543,0
-0.91415,6.6597,7.0066,6.1442,-0.49331,0
-1.8639,6.3776,7.3013,-5.9164,-1.1262,0
-1.1041,5.8133,7.5536,-6.3715,-0.090578,0
-1.8639,5.8646,7.8329,6.3718,-0.8529,0
-2.5287,5.7364,8.0478,4.0962,-0.27756,0
-2.1488,5.5568,8.1264,-7.2818,0.15394,0
-2.2438,5.5568,8.1328,-2.7306,0.15394,0
-1.579,5.5825,8.0736,7.9647,1.2758,0
-0.34431,5.3516,7.8985,1.5931,0.39846,0
0.51046,5.6851,7.681,-7.7369,0.82996,0
0.035589,6.1211,7.4597,-0.22742,-0.26318,0
-0.24933,5.6081,7.2022,7.7372,-0.79537,0
-0.62923,5.326,6.8727,-2.503,-0.4214,0
0.41548,5.1464,6.5329,-7.0542,-0.8529,0
1.9351,5.1208,6.2266,4.5513,0.44161,0
1.2702,4.8386,5.9872,6.1442,-0.49331,0
0.41548,4.7873,5.7195,-5.6889,-0.46455,0
0.60543,4.9669,5.4685,-5.0062,-1.4282,0
0.79538,4.6335,5.2227,5.9167,-2.1618,0
-0.34431,3.8896,5.0013,3.6411,-1.2413,0
-0.53425,2.9919,4.7864,-7.9645,-1.2988,0
0.41548,2.4276,4.5444,-2.7306,0.28339,0
0.22554,1.9916,4.2368,6.8269,-0.033045,0
-0.53425,1.5812,3.9897,-0.22742,0.12517,0
-0.81917,1.1708,3.7747,-8.6471,0.067639,0
-0.62923,1.0426,3.5405,0.91037,-0.65153,0
-0.15436,0.76041,3.2728,7.5096,0.13956,0
0.51046,0.35002,2.996,-3.1857,-0.66591,0
0.89035,0.042233,2.6897,-7.5093,0.45599,0
-0.15436,0.093531,2.3396,4.3238,0.72928,0
-1.484,-0.086014,1.9882,5.0064,1.693,0
-2.6237,-0.88114,1.6858,-7.2818,2.6998,0
-2.8136,-1.5993,1.4412,-4.7786,1.9087,0
-1.8639,-1.5737,1.2044,6.5994,2.3834,0
-0.7242,-1.2402,1.001,2.2757,0.77243,0
-0.62923,-1.5737,0.84015,-7.5093,0.55667,0
-0.15436,-2.2662,0.67154,-1.1377,0.12517,0
0.51046,-2.1123,0.48234,7.5096,-0.047428,0
0.13056,-2.3688,0.34076,-0.9101,1.1895,0
0.035589,-2.6253,0.26482,-8.6471,0.72928,0
1.1753,-2.6766,0.20433,1.8206,1.4197,0
0.7004,-2.9331,0.11552,7.0545,0.39846,0
-0.7242,-2.7792,0.0022576,-3.1857,-0.090578,0
-1.484,-2.1893,-0.16764,-6.3715,-0.033045,0
-0.53425,-1.9071,-0.34011,3.8687,-0.45016,0
-0.15436,-1.7789,-0.4804,5.6891,1.1895,0
0.13056,-1.548,-0.5499,-6.3715,1.1752,0
-0.24933,-1.7019,-0.61812,-5.0062,2.4265,0
-1.1991,-2.0354,-0.73524,6.5994,2.2827,0
-0.91415,-1.9584,-0.89613,2.9584,1.6067,0
-0.91415,-1.5993,-1.039,-8.4196,1.5923,0
-0.43928,-1.4967,-1.1175,-1.3652,0.15394,0
-1.1041,-1.9328,-1.1458,8.6474,0.71489,0
-1.8639,-2.1636,-1.1883,-0.45498,0.082022,0
-1.1041,-2.2406,-1.2591,-7.5093,0.74366,0
0.13056,-2.5483,-1.3337,2.2757,1.2327,0
1.1753,-3.1639,-1.3685,6.3718,0.82996,0
1.6501,-3.3948,-1.3479,-4.5511,1.3046,0
0.035589,-3.2665,-1.3144,-5.6889,-0.53646,0
-0.81917,-3.3691,-1.3131,5.0064,-0.70906,0
-1.1041,-3.2152,-1.3131,5.0064,-1.7591,0
-0.7242,-3.1639,-1.3312,-6.5991,-1.8166,0
-0.24933,-3.6256,-1.3762,-3.1857,-0.83852,0
1.6501,-4.0873,-1.4264,6.8269,-1.0255,0
2.22,-3.9334,-1.5101,1.1379,0.36969,0
0.7004,-3.4461,-1.6208,-8.4196,-0.40701,0
0.60543,-2.8818,-1.7199,0.00013542,-0.13373,0
1.8401,-2.9331,-1.7302,7.7372,-0.99673,0
2.125,-3.6256,-1.6452,-2.7306,-1.9892,0
2.315,-3.8565,-1.6002,-7.9645,-1.4139,0
2.03,-3.8565,-1.6118,3.8687,-1.9892,0
0.51046,-3.4461,-1.6465,6.1442,-0.49331,0
-0.62923,-3.3691,-1.6504,-5.6889,-0.66591,0
-1.1991,-3.2152,-1.6246,-6.3715,-0.26318,0
-0.81917,-3.3948,-1.5847,5.9167,-0.34948,0
-0.34431,-4.2412,-1.5461,3.6411,-1.7159,0
0.51046,-4.0617,-1.5525,-7.2818,-1.4139,0
0.22554,-3.4461,-1.6105,-4.3235,-2.7515,0
-0.24933,-2.6509,-1.6504,7.9647,-2.0323,0
-0.62923,-2.2662,-1.6748,1.8206,-1.7159,0
-0.15436,-1.7019,-1.6864,-8.192,-1.27,0
-0.53425,-1.1889,-1.6748,0.68281,-0.018661,0
-1.1041,-1.548,-1.6439,7.282,-0.53646,0
0.22554,-1.5993,-1.5899,-2.2755,0.18271,0
1.2702,-1.6763,-1.5384,-7.7369,-0.75222,0
0.51046,-1.548,-1.5873,4.3238,-0.32071,0
-0.24933,-1.1376,-1.6774,6.3718,0.34092,0
-0.7242,-1.035,-1.7816,-5.4613,0.54229,0
-0.43928,-0.98374,-1.8679,-5.9164,1.9662,0
-0.15436,-1.0094,-1.8911,6.8269,1.2327,0
0.51046,-1.5224,-1.837,4.7789,1.9231,0
-0.24933,-1.8045,-1.8138,-7.0542,1.5635,0
-0.7242,-1.112,-1.7842,-2.7306,1.7361,0
0.89035,-0.72725,-1.7109,8.6474,2.4697,0
0.51046,-1.112,-1.6285,0.91037,1.8943,0
-0.43928,-1.3172,-1.5834,-8.6471,2.9731,0
0.32051,-1.1376,-1.5371,1.1379,2.4984,0
0.13056,-1.5737,-1.4933,7.5096,3.5628,0
-0.34431,-1.6763,-1.4805,-3.1857,3.8649,0
-0.059385,-1.3428,-1.4933,-7.7369,3.6491,0
1.1753,-1.0863,-1.474,3.186,4.0662,0
1.3652,-1.5224,-1.4753,5.4616,3.0306,0
1.1753,-1.4711,-1.4921,-5.6889,4.0087,0
0.41548,-1.4198,-1.4908,-5.4613,3.606,0
-0.7242,-1.6506,-1.4522,6.8269,3.9943,0
-0.91415,-2.0097,-1.3659,2.9584,3.9655,0
0.51046,-1.9328,-1.317,-8.192,3.1601,0
0.22554,-1.5993,-1.3054,-3.1857,4.0231,0
-0.15436,-1.7276,-1.2385,6.8269,3.5197,0
-0.62923,-1.5224,-1.1651,0.91037,4.8861,0
-1.389,-1.2146,-1.1227,-8.6471,4.7135,0
-1.8639,-1.3685,-1.0866,0.2277,4.9148,0
-1.484,-1.3685,-1.0828,7.5096,5.0731,0
-1.389,-0.93244,-1.0737,-2.503,3.8936,0
-1.389,-0.90679,-1.0454,-8.8747,4.5409,0
-0.81917,-1.1889,-1.0158,3.6411,3.534,0
-0.7242,-1.0863,-0.98237,6.5994,4.5984,0
-1.7689,-0.75289,-0.93217,-4.7786,4.8573,0
-2.6237,-0.599,-0.92316,-6.8267,4.7135,0
-1.484,-0.5477,-0.93217,6.3718,5.0874,0
0.7004,-0.29121,-0.92831,4.3238,3.7498,0
1.4602,-0.29121,-0.91029,-7.9645,4.1381,0
0.98533,-0.90679,-0.91672,-2.9581,2.9731,0
0.79538,-1.0607,-0.92702,8.1923,3.1745,0
0.32051,-0.98374,-0.83178,2.0482,3.1601,0
0.13056,-1.035,-0.68119,-8.192,2.5272,0
1.5552,-1.2402,-0.59881,0.2277,3.1025,0
3.3597,-1.3685,-0.60911,8.1923,1.9375,0
2.6949,-0.98374,-0.62455,-2.503,2.6135,0
0.7004,-0.6503,-0.57951,-7.5093,2.0813,0
-0.34431,-1.112,-0.4405,3.8687,2.2683,0
-0.15436,-1.3428,-0.29506,5.9167,2.7861,0
0.60543,-1.3941,-0.2513,-6.8267,2.2539,0
0.41548,-1.2402,-0.30278,-6.5991,3.2608,0
-0.43928,-1.3172,-0.38258,7.0545,2.3115,0
-0.7242,-1.112,-0.4109,3.6411,2.8149,0
0.41548,-1.035,-0.39674,-7.2818,2.5272,0
0.79538,-0.75289,-0.35298,-2.503,2.0238,0
-0.81917,-0.62465,-0.35427,8.4198,2.3546,0
-2.0538,-0.77854,-0.35555,0.68281,1.0313,0
-1.579,-0.67595,-0.31308,-8.6471,1.4197,0
-0.15436,-0.18861,-0.30407,-0.9101,0.15394,0
1.7451,-0.060364,-0.35941,7.0545,-0.29195,0
1.7451,0.27308,-0.3607,-1.8203,-0.66591,0
1.5552,0.29873,-0.21011,-8.192,-1.8166,0
1.2702,-0.034715,0.007406,1.8206,-1.4426,0
0.13056,-0.41945,0.073047,5.6891,-2.7084,0
0.51046,-0.82984,0.022851,-5.9164,-2.1618,0
0.22554,-1.2402,0.0061189,-6.8267,-2.881,0
0.035589,-1.6506,0.020277,6.3718,-3.2981,0
0.60543,-1.2402,0.037009,3.4135,-3.0392,0
1.4602,-0.57335,0.0022576,-7.7369,-3.8015,0
1.5552,-0.18861,-0.036355,-2.503,-2.8234,0
0.60543,0.32437,-0.037642,7.0545,-3.4419,0
0.7004,1.1195,-0.06081,0.45525,-2.6652,0
1.5552,1.5812,-0.10714,-7.9645,-2.5214,0
1.1753,2.2994,-0.14318,0.91037,-2.694,0
0.51046,2.838,-0.17407,7.5096,-2.0755,0
0.7004,2.6072,-0.15477,-2.7306,-3.2693,0
0.32051,2.6328,-0.12645,-6.8267,-2.5645,0
0.60543,2.915,-0.092987,3.8687,-3.2693,0
1.5552,2.8124,-0.0518,5.234,-2.9241,0
1.7451,2.4789,-0.0119,-5.0062,-2.7371,0
0.98533,2.2994,0.042157,-5.0062,-3.2837,0
0.89035,2.5559,0.037009,6.5994,-2.4782,0
1.2702,3.351,-0.089126,3.8687,-3.3988,0
1.5552,3.5305,-0.22427,-6.8267,-2.6364,0
0.51046,2.8124,-0.19595,-3.4133,-2.7515,0
-0.34431,2.6328,-0.10714,7.7372,-2.5645,0
-0.62923,2.8893,-0.063384,0.91037,-1.8741,0
-0.81917,3.0945,-0.037642,-7.5093,-2.6221,0
0.41548,2.2994,0.066612,0.45525,-1.27,0
1.2702,1.4529,0.19403,7.7372,-1.3419,0
1.0803,1.0426,0.24423,-2.7306,-0.27756,0
0.89035,1.0169,0.25839,-7.2818,0.34092,0
-0.24933,0.99126,0.29571,5.234,0.41284,0
-1.6739,0.27308,0.3266,5.4616,1.8224,0
-1.294,-0.34251,0.35106,-7.0542,1.1895,0
0.41548,-0.85549,0.35749,-4.5511,1.7936,0
0.7004,-1.5224,0.37937,7.9647,0.59983,0
1.2702,-2.5996,0.4463,2.2757,0.067639,0
2.125,-3.7282,0.56472,-7.5093,0.038872,0
0.98533,-4.4464,0.68828,-1.1377,-0.69468,0
-0.62923,-4.4464,0.7552,7.7372,0.44161,0
-1.6739,-3.7795,0.80798,-1.3652,-0.11935,0
-1.1991,-3.2409,0.8556,-8.8747,0.77243,0
0.13056,-2.574,0.83758,2.9584,0.59983,0
-0.43928,-2.3175,0.78352,7.282,0.52791,0
-0.7242,-1.9841,0.73719,-5.0062,1.2758,0
0.7004,-1.8045,0.71659,-7.2818,0.62859,0
0.89035,-1.3428,0.71273,5.234,1.4772,0
0.79538,-1.5224,0.69729,4.7789,0.64298,0
1.7451,-1.2659,0.68055,-6.144,1.0745,0
1.2702,-0.85549,0.6857,-3.8684,1.319,0
0.41548,-0.6503,0.6857,7.5096,1.2471,0
0.7004,-0.57335,0.63937,2.0482,2.4409,0
0.7004,-0.13731,0.53897,-8.6471,1.7217,0
0.79538,0.65782,0.43729,-1.1377,2.2252,0
1.1753,1.2221,0.36779,7.282,1.0026,0
1.4602,1.9403,0.29571,-0.68254,0.90188,0
0.60543,2.2481,0.23007,-7.5093,1.1608,0
-0.15436,3.0175,0.19275,2.2757,1.1032,0
-1.1991,3.1971,0.19017,7.282,2.8724,0
-1.8639,3.351,0.12324,-3.8684,2.9443,0
-1.0091,3.5049,-0.053087,-7.0542,4.3395,0
0.32051,4.0692,-0.22813,5.6891,4.2676,0
0.7004,5.0695,-0.32852,5.234,3.8505,0
-0.34431,5.762,-0.36585,-5.9164,4.1525,0
-1.294,6.1981,-0.36842,-3.4133,3.3183,0
0.32051,6.0955,-0.3607,7.0545,4.7854,0
1.5552,5.762,-0.30278,2.2757,5.0587,0
0.7004,5.6081,-0.2809,-8.8747,6.6121,0
-1.0091,5.5825,-0.27833,-0.45498,7.4751,0
-0.7242,5.5825,-0.27961,7.5096,7.1874,0
-0.15436,5.3003,-0.28991,-1.3652,7.8922,0
0.035589,5.1977,-0.25773,-7.5093,6.6552,0
-0.059385,5.1721,-0.21912,2.9584,7.2018,0
0.60543,4.6335,-0.17793,6.5994,6.9429,0
-0.15436,4.1205,-0.14833,-4.0959,7.4032,0
-1.0091,3.9153,-0.17407,-5.9164,8.3093,0
-0.24933,3.4023,-0.21912,5.6891,7.8347,0
0.41548,2.8893,-0.23457,3.6411,8.6977,0
0.41548,2.7098,-0.22556,-7.2818,7.6477,0
0.60543,2.402,-0.25387,-3.6408,7.9641,0
1.2702,1.7864,-0.27318,7.5096,7.6908,0
0.89035,1.7607,-0.2809,1.8206,7.0724,0
1.0803,2.0429,-0.31951,-7.7369,7.3313,0
0.32051,1.7607,-0.38387,-1.1377,5.9792,0
0.13056,1.5299,-0.42248,7.0545,6.5402,0
1.2702,1.4273,-0.39288,-1.5928,6.1374,0
2.03,1.4529,-0.37743,-8.4196,6.871,0
1.2702,1.5042,-0.33625,3.6411,7.36,0
-1.1041,1.376,-0.19853,6.3718,6.7559,0
-1.484,0.96561,-0.047939,-5.0062,7.2306,0
0.13056,0.17048,0.04087,-6.144,5.6484,0
0.60543,-0.41945,0.1078,5.6891,5.6772,0
0.98533,-1.035,0.19918,4.5513,4.5409,0
-0.059385,-1.1376,0.21849,-6.144,3.8361,0
-1.0091,-0.85549,0.14512,-3.1857,4.1238,0
0.13056,-1.1633,0.13483,7.7372,3.4909,0
0.79538,-1.5993,0.20948,1.8206,4.5121,0
-0.43928,-1.7789,0.31759,-8.192,3.1601,0
-1.0091,-1.625,0.38838,0.68281,2.8293,0
-2.0538,-1.4198,0.36908,7.0545,1.7793,0
-2.1488,-1.112,0.34977,-1.5928,0.81558,0
-1.9589,-0.77854,0.35235,-6.8267,1.4341,0
-0.91415,-0.36816,0.29571,3.4135,0.54229,0
-0.34431,-0.23991,0.22879,6.3718,1.693,0
0.60543,0.042233,0.13998,-5.0062,1.4484,0
0.32051,0.22178,0.066612,-5.4613,1.5779,0
-0.34431,0.22178,0.043444,6.5994,1.7073,0
-1.1991,-0.034715,0.1078,4.0962,0.68613,0
-0.81917,-0.62465,0.2069,-6.8267,1.1032,0
0.41548,-1.4454,0.33561,-3.1857,-0.26318,0
0.7004,-1.5737,0.38066,8.1923,0.010105,0
0.7004,-1.4198,0.32403,1.1379,-0.29195,0
0.79538,-1.6763,0.21591,-7.7369,-0.79537,0
0.98533,-2.061,0.15285,0.91037,-0.40701,0
0.60543,-1.9071,0.12711,7.5096,-1.8885,0
0.035589,-1.5993,0.12839,-3.4133,-1.457,0
0.51046,-1.4967,0.12453,-7.0542,-2.6508,0
0.035589,-2.4457,0.17988,4.5513,-2.7659,0
-0.24933,-3.3948,0.25581,5.4616,-3.1542,0
-0.43928,-3.0613,0.23265,-7.2818,-4.3337,0
-0.15436,-2.2919,0.10394,-4.3235,-3.9885,0
1.1753,-2.0867,0.021564,7.0545,-5.1392,0
-0.059385,-1.4198,0.026712,2.5033,-4.4056,0
-2.7186,-0.34251,-0.022197,-7.7369,-4.8227,0
-1.8639,0.93996,-0.15605,-1.5928,-4.722,0
0.51046,1.6838,-0.25773,7.7372,-4.3481,0
0.13056,2.0942,-0.31308,-0.9101,-5.096,0
-1.389,2.5046,-0.29892,-7.9645,-4.6645,0
-1.1991,2.1198,-0.31179,2.0482,-6.1028,0
-1.0091,1.6581,-0.40575,6.5994,-6.1172,0
0.035589,1.4273,-0.50614,-5.4613,-6.8939,0
0.41548,0.86301,-0.45466,-7.5093,-7.5268,0
0.41548,0.17048,-0.32852,5.0064,-6.8939,0
-0.81917,-0.36816,-0.23071,4.7789,-7.3973,0
-1.1991,-0.85549,-0.11615,-6.5991,-6.0741,0
-0.059385,-2.2662,-0.0054649,-4.3235,-6.6063,0
1.3652,-3.1126,0.091067,7.282,-6.52,0
0.60543,-3.01,0.16314,1.8206,-6.5919,0
-0.24933,-3.4717,0.22879,-7.7369,-7.1816,0
0.035589,-4.2925,0.26611,-0.68254,-6.1172,0
0.51046,-5.1389,0.31631,7.7372,-6.7213,0
0.32051,-5.9853,0.43601,-2.0479,-5.8439,0
-0.43928,-6.2675,0.55313,-8.4196,-6.1316,0
-0.24933,-5.3698,0.58145,2.9584,-6.2035,0
0.13056,-4.5746,0.51323,6.5994,-5.7001,0
-0.24933,-3.8821,0.39225,-5.2337,-6.4624,0
-0.7242,-3.4974,0.33947,-6.5991,-5.5419,0
-0.7242,-3.4717,0.35878,6.1442,-6.4193,0
-0.81917,-3.2152,0.38967,4.7789,-6.4049,0
-0.059385,-2.3688,0.43729,-6.8267,-6.8508,0
0.035589,-1.4198,0.4566,-2.9581,-7.5843,0
-0.24933,-1.0863,0.43729,7.7372,-6.5343,0
-0.43928,-1.035,0.4167,0.91037,-6.7213,0
-0.62923,-1.0607,0.41799,-7.7369,-5.0529,0
-0.24933,-0.75289,0.43215,0.68281,-4.9666,0
1.1753,-1.1633,0.44244,6.3718,-4.6645,0
0.98533,-1.5224,0.44244,-3.4133,-4.3625,0
0.035589,-1.2659,0.41927,-7.0542,-5.2255,0
-0.059385,-0.62465,0.41155,5.6891,-4.1323,0
0.51046,-0.26556,0.45016,4.5513,-4.6214,0
0.79538,-0.18861,0.47591,-6.8267,-3.37,0
0.79538,-0.16296,0.48363,-4.7786,-2.6508,0
0.89035,-0.23991,0.4862,6.5994,-2.0323,0
0.22554,-0.21426,0.48234,3.186,-0.7666,0
0.035589,-0.21426,0.47333,-7.2818,-1.7734,0
0.41548,0.11918,0.29185,-1.8203,-1.7734,0
0.89035,0.68346,0.18889,7.282,-3.4131,0
0.7004,1.1708,0.17344,-0.9101,-3.7152,0
0.41548,1.1452,0.10651,-7.0542,-2.9816,0
-1.0091,1.299,-0.013187,2.2757,-2.7659,0
-0.81917,1.9659,-0.15734,7.0545,-1.0255,0
-0.24933,2.4533,-0.25387,-3.6408,-1.5145,0
-0.059385,2.402,-0.22942,-6.5991,-1.155,0
0.035589,2.4789,-0.20882,6.3718,-1.9029,0
0.035589,2.3507,-0.24486,5.4616,-2.5933,0
1.0803,3.0688,-0.29892,-7.5093,-2.018,0
0.98533,3.6844,-0.3414,-4.3235,-2.4207,0
0.89035,3.9153,-0.38387,7.9647,-0.62276,0
1.2702,4.1461,-0.39674,3.186,-0.49331,0
0.89035,4.2744,-0.35684,-7.5093,0.59983,0
1.0803,3.787,-0.19338,-0.22742,0.85873,0
0.32051,3.2997,-0.0119,7.9647,0.12517,0
-0.34431,3.0945,-0.0054649,-0.9101,0.58544,0
-0.15436,2.838,-0.064671,-7.2818,-0.34948,0
0.41548,2.6585,-0.015762,3.8687,0.59983,0
0.035589,2.2224,0.076909,6.5994,0.93064,0
0.22554,2.3507,0.092354,-4.5511,1.4197,0
1.0803,2.3763,0.043444,-6.144,2.1532,0
1.4602,2.0429,-0.028633,6.5994,1.2902,0
0.41548,1.889,-0.059523,4.0962,1.9662,0
-0.43928,2.1198,-0.033781,-7.5093,0.88749,0
-0.7242,2.2224,0.022851,-2.7306,1.2615,0
-0.81917,1.812,0.05889,7.9647,1.1895,0
-0.62923,1.5555,0.097502,1.1379,0.64298,0
-1.1041,1.4273,0.158,-8.4196,1.1608,0
-1.389,1.1965,0.18502,1.3655,0.067639,0
-0.81917,1.5555,0.18374,7.282,0.54229,0
-1.1041,1.5042,0.167,-3.6408,-0.26318,0
-1.294,1.2734,0.19146,-6.8267,-0.40701,0
-0.7242,1.8633,0.1477,4.3238,-0.033045,0
-0.81917,2.6585,0.033148,5.6891,-0.594,0
-1.1991,3.3253,-0.063384,-6.3715,0.34092,0
-1.389,3.4792,-0.12002,-5.4613,-0.53646,0
-0.91415,3.787,-0.16893,5.234,-0.1625,0
-1.389,3.6588,-0.24615,1.8206,-0.70906,0
-1.389,4.0435,-0.34783,-8.6471,-1.2844,0
-0.34431,3.9666,-0.43793,-2.0479,-0.82413,0
0.13056,3.6844,-0.44694,7.0545,-1.831,0
-1.0091,2.7611,-0.371,0.00013542,-0.9392,0
-1.8639,2.5559,-0.25773,-8.4196,-1.7015,0
-2.1488,2.1711,-0.21269,0.45525,-1.3851,0
-1.1041,2.1711,-0.16893,6.5994,-1.3995,0
-0.43928,2.4789,-0.089126,-3.8684,-2.1186,0
-1.1041,2.8637,-0.085264,-6.3715,-1.5145,0
-1.294,3.0175,-0.17279,4.3238,-2.5645,0
-0.34431,2.5815,-0.2217,5.4616,-2.0323,0
-0.059385,2.5815,-0.22427,-6.3715,-2.5645,0
-1.1041,2.3763,-0.23071,-5.0062,-2.6508,0
-1.0091,2.2737,-0.23843,7.5096,-2.32,0
0.32051,1.7607,-0.22556,2.9584,-3.0104,0
0.7004,1.812,-0.20754,-7.7369,-2.0467,0
1.8401,1.9916,-0.21783,-0.68254,-2.6221,0
3.3597,2.1968,-0.30021,6.5994,-1.8022,0
2.7898,1.812,-0.30793,-1.1377,-1.6296,0
1.3652,1.2734,-0.21655,-7.2818,-1.8166,0
0.79538,1.0426,-0.12388,3.4135,-1.0111,0
0.035589,1.2477,-0.081403,7.5096,-1.8885,0
-0.62923,0.68346,-0.032494,-3.8684,-1.0111,0
0.7004,0.067882,0.035722,-5.0062,-1.644,0
1.9351,-0.11166,0.14899,5.9167,-1.2844,0
1.2702,0.042233,0.158,4.5513,-1.1837,0
-0.24933,-0.034715,-0.013187,-6.5991,-1.7591,0
0.13056,-0.47075,-0.12388,-4.5511,-0.98235,0
-0.43928,-0.5477,-0.076255,7.0545,-1.8741,0
-1.579,-0.36816,0.01899,1.5931,-1.1406,0
-1.7689,-0.4964,0.11166,-9.1023,-1.4426,0
-1.6739,-0.29121,0.19661,0.00013542,-1.27,0
-1.0091,-0.21426,0.24166,8.1923,-0.6803,0
0.035589,0.067882,0.28027,-2.503,-1.083,0
-0.059385,0.19613,0.28027,-8.192,-0.018661,0
-0.34431,0.24743,0.16572,3.6411,-0.56523,0
-0.62923,0.45262,-0.0041778,7.282,0.16832,0
-1.1041,0.81171,-0.16249,-4.7786,0.25462,0
-0.81917,0.78606,-0.26932,-7.2818,0.13956,0
0.32051,0.63217,-0.26031,5.6891,1.0745,0
0.13056,0.58087,-0.24872,3.6411,0.35531,0
-0.059385,0.60652,-0.23843,-6.8267,1.5204,0
0.7004,0.60652,-0.23457,-3.6408,1.132,0
0.79538,0.60652,-0.23585,7.7372,1.5635,0
0.32051,0.58087,-0.23585,0.91037,1.995,0
0.13056,0.60652,-0.23843,-8.192,1.4341,0
1.5552,0.55522,-0.23972,1.1379,2.3546,0
3.1697,0.58087,-0.23585,7.7372,1.4772,0
2.5999,0.58087,-0.23714,-2.9581,2.1532,0
1.3652,0.65782,-0.241,-7.2818,1.6786,0
0.98533,1.0939,-0.27189,4.7789,1.4628,0
0.32051,0.91431,-0.24229,5.6891,2.0382,0
-0.43928,-0.11166,-0.14061,-5.9164,1.2183,0
-1.0091,-0.80419,-0.077542,-5.2337,2.2683,0
-1.389,-1.4711,-0.055661,6.3718,1.4197,0
-1.0091,-2.0867,-0.065958,2.9584,1.7217,0
-0.81917,-3.01,-0.081403,-6.5991,1.808,0
-0.24933,-3.3948,-0.065958,-1.8203,1.1608,0
0.60543,-3.5743,-0.065958,8.4198,1.8512,0
-0.24933,-4.5233,-0.018336,0.91037,0.84434,0
-1.9589,-4.985,0.061464,-7.2818,1.4772,0
-1.8639,-4.6259,0.12453,2.2757,0.97379,0
-1.1041,-3.5487,0.12453,7.9647,0.87311,0
0.32051,-2.3944,0.057602,-3.4133,1.2183,0
0.41548,-1.112,0.035722,-7.5093,0.38407,0
0.13056,0.093531,0.055028,5.4616,1.1895,0
0.60543,0.50392,0.067899,5.234,0.28339,0
-0.15436,0.37567,0.083344,-7.0542,0.68613,0
-1.1991,0.50392,0.08978,-4.0959,0.47037,0
-0.62923,0.73476,0.11037,7.7372,-0.018661,0
-0.15436,0.17048,0.20304,2.7309,0.61421,0
0.89035,-0.57335,0.33047,-7.5093,-0.17688,0
1.0803,-1.0863,0.42056,-1.5928,0.84434,0
-0.62923,0.93996,0.42056,7.0545,0.48476,0
-1.294,4.3,0.43601,0.00013542,0.90188,0
-0.15436,5.9929,0.49006,-8.192,1.1464,0
0.41548,5.3773,0.51452,1.8206,0.52791,0
-0.81917,4.6848,0.5068,7.0545,1.2183,0
-1.8639,4.377,0.52868,-4.3235,0.26901,0
-1.6739,4.5565,0.53897,-7.7369,0.98818,0
-1.389,4.4283,0.49907,3.8687,0.65736,0
-1.484,4.6078,0.48749,4.5513,0.58544,0
-1.389,4.4283,0.53383,-6.3715,1.1608,0
-1.579,4.3513,0.57244,-5.0062,0.25462,0
-1.0091,3.8383,0.57244,6.8269,0.95941,0
-0.62923,3.8127,0.51709,3.186,-0.19126,0
-0.53425,3.9153,0.43215,-7.7369,0.15394,0
-0.15436,4.7361,0.35106,-2.2755,0.096406,0
-0.059385,5.8646,0.22364,7.9647,-0.26318,0
-0.53425,6.5315,0.030574,-0.22742,0.55667,0
-1.1991,7.0701,-0.13546,-8.192,-0.34948,0
-0.81917,7.4292,-0.2513,2.5033,0.38407,0
0.41548,7.8396,-0.30536,7.282,-0.27756,0
0.13056,8.2757,-0.35684,-2.9581,-0.37825,0
0.13056,8.1731,-0.38902,-7.2818,-0.22003,0
0.60543,7.5575,-0.41605,5.4616,-1.0111,0
0.32051,6.9419,-0.44308,5.4616,-0.1625,0
-0.34431,5.5312,-0.38129,-6.3715,-0.92482,0
-1.1041,4.377,-0.25387,-5.0062,-0.11935,0
-1.8639,2.915,-0.15734,7.7372,-0.29195,0
-1.484,1.8633,-0.078829,2.2757,-0.43578,0
0.13056,0.45262,-0.0080391,-7.5093,0.22586,0
0.7004,-0.13731,0.033148,-1.3652,-0.72345,0
-0.15436,-0.4451,0.048593,7.5096,0.16832,0
0.51046,-0.82984,0.094928,-0.9101,-0.83852,0
0.60543,-2.061,0.16958,-7.9645,-0.69468,0
0.32051,-3.3178,0.22879,3.4135,-1.1837,0
0.22554,-3.8052,0.19275,6.5994,-2.0323,0
0.035589,-3.8565,0.17473,-5.0062,-1.3851,0
0.13056,-3.6256,0.13354,-6.3715,-1.9173,0
0.035589,-3.7539,0.043444,5.9167,-0.56523,0
2.22,-4.0617,-0.036355,4.0962,-0.78098,0
3.4546,-4.2925,-0.074968,-7.9645,-0.7666,0
1.6501,-3.8308,-0.038929,-3.8684,-0.56523,0
-0.62923,-4.036,0.029286,8.4198,-0.96797,0
-1.1041,-4.2412,0.04988,0.2277,0.90188,0
-1.0091,-4.5746,0.027999,-8.6471,1.2758,0
-0.15436,-4.472,0.026712,0.00013542,2.8005,0
0.32051,-4.8311,0.046019,7.7372,3.0738,0
1.4602,-5.3441,0.074335,-2.9581,2.3258,0
1.4602,-5.5493,0.08978,-8.192,2.3402,0
0.60543,-5.6006,0.08978,3.186,1.132,0
-0.34431,-5.498,0.092354,6.3718,2.743,0
-0.53425,-4.5233,0.079483,-5.6889,3.9368,0
-0.24933,-3.8052,0.037009,-6.5991,6.684,0
0.89035,-3.7539,0.00097052,5.234,8.3956,0
1.5552,-3.8565,-0.059523,3.8687,7.547,0
0.60543,-4.1642,-0.15219,-7.0542,6.3963,0
-0.91415,-4.549,-0.2616,-3.4133,2.7717,0
-2.3388,-4.7285,-0.31951,7.9647,1.8656,0
-3.4784,-5.2928,-0.32852,1.8206,1.506,0
-3.8583,-5.4724,-0.31951,-7.7369,3.1313,0
-2.5287,-5.8058,-0.29506,-0.22742,5.2169,0
-1.8639,-5.7032,-0.27061,7.7372,4.6847,0
-0.91415,-5.8827,-0.24744,-1.3652,3.5053,0
0.32051,-5.9084,-0.18823,-7.2818,-1.0111,0
0.13056,-5.6776,-0.10972,3.6411,-4.4631,0
0.035589,-5.8315,-0.056948,7.0545,-7.6563,0
0.60543,-5.7802,-0.047939,-4.7786,-9.0658,0
0.32051,-5.6263,-0.047939,-6.3715,-7.4836,0
0.035589,-5.5237,-0.041503,5.9167,-5.8439,0
0.13056,-5.0107,-0.059523,4.7789,-2.2912,0
-0.15436,-4.3438,-0.096848,-5.2337,-1.0543,0
0.13056,-4.1899,-0.14704,-3.1857,-0.033045,0
-0.059385,-4.2412,-0.16506,7.282,0.41284,0
-0.62923,-4.2925,-0.16506,2.2757,0.12517,0
-1.1041,-3.8052,-0.23199,-7.5093,1.7217,0
-1.9589,-2.7279,-0.3105,0.68281,1.9375,0
-1.484,-2.061,-0.38258,7.9647,4.2388,0
-0.53425,-1.548,-0.46753,-1.1377,5.0731,0
0.51046,-0.93244,-0.55763,-8.192,5.2025,0
0.60543,-1.2146,-0.55634,2.5033,4.6847,0
0.32051,-2.3688,-0.46367,6.3718,1.8656,0
0.13056,-2.9331,-0.36971,-4.3235,0.15394,0
0.32051,-2.8048,-0.30536,-6.8267,-3.2405,0
0.13056,-3.2152,-0.28605,6.5994,-4.6214,0
-0.91415,-3.9847,-0.27575,4.5513,-5.6282,0
-1.7689,-4.7542,-0.19081,-6.5991,-6.0309,0
-1.579,-4.8824,-0.047939,-3.6408,-4.9234,0
-0.34431,-5.0107,0.048593,7.282,-5.4844,0
-0.059385,-5.575,0.084631,1.1379,-4.4344,0
0.035589,-5.934,0.092354,-7.7369,-4.8083,0
0.79538,-5.9853,0.096215,-0.45498,-4.2042,0
0.60543,-5.7802,0.12968,7.282,-3.0823,0
0.22554,-5.8571,0.16186,-2.0479,-2.2912,0
-0.91415,-5.934,0.18502,-7.7369,0.49914,0
-0.62923,-5.4724,0.18502,3.186,1.5635,0
0.79538,-5.6776,0.20304,6.8269,3.8936,0
1.4602,-5.9084,0.24294,-5.0062,4.7422,0
0.89035,-5.7289,0.29443,-5.9164,4.8717,0
0.32051,-6.2931,0.39611,6.1442,5.4758,0
-0.34431,-6.3957,0.39482,4.0962,4.397,0
-0.059385,-6.1392,0.31373,-7.0542,4.9292,0
0.60543,-5.2159,0.22492,-2.2755,3.7929,0
0.32051,-5.062,0.21463,6.1442,3.534,0
-0.34431,-4.6003,0.27512,-0.45498,2.8436,0
-0.62923,-4.0617,0.28542,-7.5093,1.132,0
-0.7242,-3.9334,0.2468,2.5033,0.54229,0
-0.62923,-3.1383,0.21205,7.7372,-1.7734,0
-0.24933,-2.497,0.20176,-2.9581,-2.2912,0
0.60543,-2.2919,0.1979,-6.8267,-3.5138,0
0.79538,-2.2149,0.15542,4.7789,-4.1179,0
0.32051,-1.7276,0.064038,5.4616,-3.5857,0
-0.91415,-1.5224,-0.00031657,-6.8267,-4.1467,0
-1.1991,-1.6506,0.012554,-4.3235,-2.9385,0
-0.62923,-1.2915,0.04988,7.7372,-3.2693,0
-0.7242,-1.0607,0.056315,1.8206,-2.4638,0
-1.1041,-1.0094,0.039583,-7.2818,-2.018,0
-1.389,-0.52205,0.021564,-0.45498,-1.9748,0
-1.0091,-0.4964,-0.026058,7.5096,-0.79537,0
0.32051,-0.29121,-0.10328,-1.5928,-1.2844,0
1.2702,0.19613,-0.11358,-6.5991,-0.17688,0
0.41548,-0.67595,-0.023484,3.4135,-0.70906,0
0.13056,-1.8045,0.11166,6.3718,-0.56523,0
0.7004,-1.9841,0.17473,-5.0062,-0.55085,0
0.035589,-1.5993,0.14512,-6.144,-1.5865,0
-0.24933,-1.3941,0.084631,5.9167,-1.3276,0
-0.62923,-0.16296,0.034435,4.0962,-2.8378,0
0.51046,1.1708,0.0086931,-6.8267,-2.507,0
1.7451,1.2477,0.087205,-4.0959,-3.1542,0
1.1753,1.0426,0.17215,7.0545,-3.5426,0
0.32051,1.0426,0.14255,1.1379,-3.0248,0
-0.43928,0.99126,0.062751,-8.192,-3.5426,0
-0.62923,0.81171,0.022851,0.2277,-1.5433,0
-0.24933,0.37567,0.037009,6.8269,-0.96797,0
-1.0091,0.24743,0.073047,-2.9581,0.11079,0
-1.484,-0.034715,0.15156,-7.7369,-0.91043,0
-0.62923,-0.3938,0.22492,3.8687,-3.1686,0
0.60543,-0.26556,0.24938,5.234,-3.6864,0
0.79538,0.58087,0.22235,-6.3715,-4.233,0
1.3652,1.4529,0.15285,-4.3235,-1.9173,0
1.9351,1.299,0.08978,6.8269,-1.0255,0
1.3652,1.0939,0.096215,2.7309,-0.52208,0
-0.15436,1.0169,0.12453,-8.6471,-1.4858,0
-1.1041,1.0169,0.17988,-1.1377,-4.5207,0
-2.3388,1.0426,0.18502,8.1923,-6.5343,0
-2.4337,1.0426,0.13225,-0.45498,-9.7562,0
-0.7242,1.0169,0.12582,-7.5093,-10.231,0
-0.059385,1.0426,0.13354,2.2757,-10.59,0
0.035589,1.812,0.17344,7.282,-9.6987,0
0.60543,2.1711,0.24037,-3.4133,-7.5987,0
0.89035,1.9916,0.26868,-6.3715,-7.009,0
1.4602,1.4016,0.2069,6.5994,-5.2111,0
0.98533,1.1452,0.12968,5.4616,-5.6426,0
-0.91415,1.7864,0.074335,-6.5991,-4.7508,0
-1.1991,1.9403,0.027999,-5.0062,-4.0029,0
-1.294,2.4789,-0.063384,7.5096,-3.1255,0
-1.1041,3.3766,-0.17279,2.5033,-0.80975,0
0.79538,3.5818,-0.24615,-7.5093,0.053256,0
1.0803,3.2997,-0.22556,-0.45498,2.2683,0
0.035589,3.351,-0.18051,6.5994,1.8368,0
-0.059385,3.2227,-0.19595,-1.8203,1.3765,0
-0.15436,2.8124,-0.18566,-7.7369,0.36969,0
-0.059385,2.915,-0.11229,2.0482,-1.3563,0
0.13056,2.3507,-0.031207,6.3718,-1.2988,0
-0.62923,1.9403,0.00097052,-4.7786,-2.6221,0
-0.53425,2.1198,0.024138,-7.7369,-2.2625,0
-0.53425,1.7607,0.10651,4.7789,-2.809,0
-0.62923,1.6581,0.14126,4.5513,-3.37,0
-1.1991,1.5555,0.10522,-7.7369,-3.0392,0
-1.1991,1.1965,0.11166,-5.4613,-4.0604,0
-1.579,0.76041,0.18631,7.5096,-3.3125,0
-0.91415,0.37567,0.28928,2.7309,-3.8159,0
0.51046,-0.034715,0.34205,-7.2818,-2.6508,0
0.32051,-0.67595,0.35749,-1.3652,-1.2844,0
0.51046,-1.1633,0.35106,7.0545,-0.37825,0
1.2702,-1.1889,0.38452,-1.3652,1.506,0
1.0803,-1.112,0.44759,-8.6471,1.0026,0
0.89035,-1.2915,0.4862,2.5033,1.6498,0
0.79538,-1.3941,0.47462,6.5994,0.81558,0
1.4602,-1.1889,0.4167,-4.3235,0.47037,0
-0.15436,-0.98374,0.35492,-7.5093,0.87311,0
-1.484,-0.75289,0.34076,5.234,0.067639,0
-0.43928,-0.62465,0.36264,4.5513,0.65736,0
-0.15436,-1.0607,0.36264,-7.2818,-0.89605,0
-0.15436,-1.112,0.32789,-3.6408,-1.5865,0
0.7004,-1.3685,0.33175,7.7372,-3.0248,0
0.60543,-1.5993,0.36007,2.2757,-4.4919,0
-0.24933,-1.5737,0.3369,-7.2818,-4.6214,0
-0.34431,-1.7532,0.25195,-0.45498,-5.8871,0
0.60543,-1.7789,0.14512,8.1923,-5.0241,0
0.98533,-1.3941,0.094928,-0.9101,-5.7289,0
0.22554,-1.2915,0.11166,-7.7369,-5.2255,0
0.89035,-1.1633,0.167,3.186,-4.9522,0
0.79538,-1.035,0.21463,6.5994,-5.283,0
1.6501,-0.7016,0.20562,-4.5511,-4.1467,0
1.8401,-0.41945,0.13611,-6.144,-4.6645,0
-1.1991,-0.4964,0.078196,6.5994,-3.5282,0
-1.9589,-0.52205,0.04087,3.6411,-3.3988,0
-0.15436,-0.26556,-0.0054649,-7.0542,-2.7947,0
1.0803,0.76041,-0.086552,-2.7306,-2.018,0
0.60543,1.5555,-0.16378,7.5096,-2.507,0
-0.34431,1.812,-0.20368,0.00013542,-1.7447,0
-1.1041,1.6068,-0.241,-8.6471,-2.9529,0
-1.389,1.2734,-0.26546,1.3655,-2.5214,0
-0.91415,1.5555,-0.26546,7.282,-2.9241,0
-0.91415,1.5555,-0.26031,-3.4133,-2.9385,0
-0.62923,1.4016,-0.26031,-6.5991,-2.2049,0
-0.53425,0.88866,-0.2616,4.7789,-2.7084,0
-0.53425,0.14483,-0.26031,5.234,-1.5577,0
-0.059385,-0.060364,-0.26031,-6.3715,-2.2049,0
0.51046,0.78606,-0.24486,-5.4613,-1.6152,0
0.32051,1.299,-0.20368,6.1442,-1.6152,0
-0.34431,1.376,-0.1818,3.4135,-1.7303,0
-0.62923,0.88866,-0.17279,-7.7369,-0.594,0
-1.1991,-0.086014,-0.058236,-2.9581,-1.0255,0
-1.1991,-1.0607,0.11681,6.5994,0.47037,0
-1.1991,-1.5993,0.23007,0.68281,0.45599,0
-1.484,-1.6506,0.24552,-8.4196,1.1464,0
0.13056,-1.7789,0.23136,0.00013542,1.995,0
1.7451,-2.8048,0.23265,7.7372,1.6354,0
1.6501,-3.3691,0.20047,-1.8203,2.9156,0
0.60543,-2.9844,0.17859,-7.9645,2.2683,0
-0.24933,-2.1636,0.11552,3.6411,3.232,0
-0.53425,-1.8558,0.043444,7.9647,3.232,0
-0.81917,-1.4967,0.025425,-3.8684,3.1601,0
-0.7242,-0.88114,0.00097052,-7.0542,3.7498,0
-0.62923,-0.67595,-0.040216,5.4616,2.743,0
-0.62923,-0.62465,-0.04279,6.1442,3.2895,0
0.13056,-0.31686,-0.023484,-5.2337,2.3402,0
0.32051,-0.21426,-0.046652,-4.5511,2.3402,0
-0.34431,-0.47075,-0.068532,7.5096,2.369,0
0.035589,-0.31686,-0.12259,2.5033,1.6786,0
0.60543,-0.0090658,-0.19595,-8.4196,2.369,0
0.32051,0.37567,-0.21783,-0.9101,1.1464,0
-0.24933,0.60652,-0.19467,7.9647,1.6354,0
-0.62923,1.1452,-0.23328,-1.5928,0.85873,0
-0.53425,1.6068,-0.33753,-7.5093,0.38407,0
0.035589,1.8377,-0.39803,4.3238,0.31216,0
0.51046,2.1198,-0.42377,6.8269,-0.80975,0
0.7004,2.2224,-0.43793,-5.6889,-0.23441,0
0.51046,1.9916,-0.43278,-6.3715,-1.3995,0
-0.7242,1.5812,-0.40704,7.0545,-1.2125,0
-1.579,0.91431,-0.30793,4.0962,-1.7303,0
-0.34431,0.37567,-0.20625,-7.2818,-2.4495,0
-0.15436,0.22178,-0.12903,-1.5928,-2.1186,0
-0.34431,0.24743,-0.076255,8.4198,-3.1111,0
-0.7242,-0.034715,-0.068532,0.45525,-2.4926,0
-0.7242,-0.18861,-0.071106,-9.1023,-3.183,0
-1.1991,0.067882,-0.098135,1.3655,-2.9816,0
-1.8639,0.40132,-0.13417,6.5994,-2.7659,0
-1.1991,0.55522,-0.12388,-3.1857,-3.3412,0
-0.059385,0.35002,-0.0917,-7.2818,-2.3775,0
-0.81917,-0.034715,-0.063384,3.8687,-3.1974,0
-1.294,-0.16296,-0.037642,5.234,-2.2912,0
-1.0091,0.042233,-0.006752,-6.144,-2.507,0
-0.62923,0.14483,0.04087,-5.2337,-2.5358,0
-0.62923,0.19613,0.065325,7.5096,-1.9173,0
-0.059385,-0.5477,0.042157,2.7309,-2.5358,0
-0.62923,-1.1889,-0.023484,-7.9645,-1.4426,0
-1.8639,-2.061,0.0022576,-1.8203,-1.9892,0
-2.1488,-2.061,0.098789,7.5096,-1.2988,0
-1.8639,-1.8815,0.20433,0.00013542,-1.0543,0
-0.43928,-2.3944,0.29571,-7.5093,-1.2988,0
0.89035,-3.1383,0.34334,2.5033,-0.34948,0
0.98533,-3.7795,0.37165,6.8269,-0.91043,0
-0.34431,-4.6516,0.43987,-4.5511,0.45599,0
-1.294,-5.062,0.46947,-6.144,0.90188,0
-0.24933,-4.3951,0.42056,5.6891,2.3115,0
0.51046,-3.4204,0.34205,5.0064,3.5628,0
1.2702,-2.6253,0.29571,-6.3715,2.7286,0
1.7451,-2.2662,0.27126,-3.4133,2.4409,0
1.6501,-1.7532,0.22106,7.0545,0.31216,0
1.2702,-1.4711,0.17601,1.3655,0.47037,0
0.7004,-1.4454,0.1477,-7.7369,0.34092,0
0.79538,-1.4198,0.12196,0.2277,0.91626,0
1.2702,-1.1376,0.078196,7.0545,1.6786,0
1.3652,-0.75289,0.026712,-1.8203,0.25462,0
0.41548,-0.086014,-0.035068,-7.5093,-0.40701,0
0.22554,0.68346,-0.099422,2.9584,-3.2405,0
0.60543,1.4529,-0.11873,6.8269,-4.9234,0
0.7004,1.6068,-0.17665,-5.6889,-6.4768,0
1.1753,1.7351,-0.24615,-5.6889,-7.8576,0
2.125,2.0685,-0.29377,6.5994,-6.9802,0
1.7451,2.1711,-0.31437,3.4135,-6.7932,0
0.98533,1.5555,-0.27318,-7.2818,-4.3768,0
0.79538,1.4016,-0.24486,-3.1857,-3.2837,0
0.32051,1.376,-0.24229,6.5994,-2.1906,0
-0.91415,1.7094,-0.26417,0.45525,-1.5145,0
-1.389,2.0429,-0.3015,-7.5093,-2.1618,0
-0.34431,2.1968,-0.34397,-0.22742,-1.2269,0
0.89035,1.5042,-0.35684,6.5994,-1.7015,0
1.6501,1.3503,-0.37357,-2.9581,-0.56523,0
1.2702,1.4273,-0.38001,-8.192,-0.10496,0
-1.1991,1.4273,-0.38387,3.4135,-0.11935,0
-1.8639,1.4273,-0.38387,5.9167,0.26901,0
-0.7242,1.9146,-0.39288,-5.2337,-1.3276,0
0.41548,2.1968,-0.36328,-5.6889,-1.5145,0
0.60543,2.1968,-0.3607,7.0545,-3.3412,0
0.89035,2.0172,-0.37357,3.6411,-4.0029,0
0.41548,2.402,-0.38516,-7.2818,-4.3912,0
-0.059385,2.8893,-0.45981,-2.7306,-5.1679,0
0.035589,3.6075,-0.54218,7.9647,-4.2761,0
0.51046,3.8383,-0.55376,1.3655,-5.0385,0
1.2702,3.6331,-0.51515,-7.9645,-4.0748,0
1.0803,3.0432,-0.49713,0.91037,-4.2186,0
1.4602,3.2997,-0.51258,7.7372,-3.9885,0
1.5552,3.5049,-0.52416,-2.503,-2.9816,0
0.51046,3.2484,-0.5306,-7.5093,-3.0536,0
0.32051,2.8637,-0.56406,4.7789,-1.3563,0
0.51046,2.7611,-0.54604,5.6891,-1.3419,0
1.2702,2.9663,-0.52287,-6.144,-0.36386,0
1.7451,3.3253,-0.48426,-3.8684,-0.033045,0
1.1753,3.1971,-0.44822,7.5096,-0.5077,0
-0.15436,2.6072,-0.42763,2.7309,0.15394,0
-1.294,2.0685,-0.40832,-7.2818,-0.96797,0
-0.24933,1.6325,-0.36456,-0.9101,-0.3351,0
1.1753,1.7094,-0.28219,7.282,-0.99673,0
1.9351,1.299,-0.20239,-1.5928,-1.155,0
1.4602,0.58087,-0.17922,-8.192,-1.0255,0
0.51046,0.24743,-0.19724,2.7309,-2.1618,0
1.0803,0.47827,-0.17021,5.9167,-1.831,0
1.3652,0.29873,-0.087839,-5.2337,-3.1399,0
0.51046,-0.26556,-0.032494,-6.5991,-2.8666,0
0.035589,-1.0607,-0.00031657,6.1442,-2.9529,0
0.98533,-1.5737,0.044732,3.4135,-3.0967,0
1.3652,-1.2402,0.11552,-7.9645,-2.1043,0
-0.34431,-0.80419,0.17473,-2.9581,-2.5933,0
-0.53425,-0.88114,0.25581,7.282,-1.457,0
1.4602,-0.7016,0.297,0.91037,-1.9029,0
2.5999,-0.18861,0.28413,-7.7369,-1.3276,0
2.5999,-0.599,0.26482,0.68281,-0.89605,0
2.315,-1.1889,0.25324,7.0545,-1.1981,0
1.1753,-1.112,0.19275,-2.9581,-0.20565,0
-0.059385,-0.47075,0.12968,-7.2818,-0.91043,0
-0.53425,0.24743,0.10265,4.0962,-0.090578,0
0.32051,0.83736,0.12968,5.9167,-0.57961,0
1.1753,1.2734,0.13611,-5.9164,-0.47893,0
0.98533,0.93996,0.14126,-5.6889,0.067639,0
1.5552,0.42697,0.20948,5.9167,-0.55085,0
1.6501,0.22178,0.25581,3.6411,0.48476,0
0.41548,0.11918,0.22106,-7.0542,-0.26318,0
-0.43928,-0.034715,0.15156,-3.8684,0.45599,0
-0.7242,0.27308,0.098789,7.9647,0.61421,0
0.035589,0.32437,0.062751,2.2757,0.52791,0
0.13056,0.24743,0.026712,-7.5093,1.4916,0
-0.81917,0.19613,-0.0054649,-0.22742,0.78681,0
-1.294,0.42697,0.034435,8.1923,1.8224,0
-0.91415,0.86301,0.085918,-1.3652,1.2183,0
-0.24933,1.2477,0.096215,-7.9645,1.2327,0
0.51046,1.1195,0.05889,3.4135,1.4628,0
0.79538,0.76041,0.021564,7.282,0.80119,0
0.79538,0.65782,-0.024771,-4.7786,1.7361,0
-0.15436,1.376,-0.067245,-5.6889,0.95941,0
-2.1488,1.7607,-0.10972,5.9167,1.4916,0
-2.7186,1.812,-0.10586,4.7789,1.2615,0
-1.8639,1.3503,-0.096848,-6.3715,0.82996,0
-0.91415,1.3503,-0.10586,-3.1857,1.3765,0
-1.1991,1.3247,-0.11101,8.4198,0.39846,0
-1.389,1.4529,-0.11229,1.1379,1.3621,0
-0.91415,0.93996,-0.102,-7.9645,0.55667,0
-0.81917,0.32437,-0.092987,0.91037,0.88749,0
0.41548,-0.52205,-0.045365,7.282,0.88749,0
1.5552,-0.93244,0.0061189,-1.5928,0.25462,0
0.51046,-0.95809,0.064038,-7.2818,0.87311,0
0.79538,-0.75289,0.11295,3.6411,-0.23441,0
3.5496,-0.6503,0.16829,5.4616,0.52791,0
3.2647,-0.62465,0.20304,-5.2337,0.038872,0
2.03,-0.34251,0.22492,-6.3715,0.12517,0
1.0803,-0.23991,0.22621,4.7789,0.52791,0
0.22554,-0.23991,0.21849,3.8687,-0.27756,0
0.22554,-0.67595,0.22106,-7.0542,0.47037,0
0.035589,-1.5224,0.24423,-2.9581,-0.594,0
0.7004,-1.9584,0.26868,8.1923,0.024489,0
0.22554,-1.6763,0.26482,1.1379,-0.22003,0
-0.53425,-0.98374,0.27383,-7.9645,-0.45016,0
-0.53425,-0.7016,0.2867,0.45525,0.25462,0
-1.389,-0.5477,0.23651,6.8269,-0.69468,0
-1.389,-0.11166,0.2069,-3.8684,0.29777,0
-1.389,-0.11166,0.2069,-7.2818,-0.26318,0
-1.389,0.093531,0.1773,4.7789,-0.076195,0
-0.34431,0.45262,0.17473,5.9167,0.11079,0
0.035589,0.81171,0.22492,-6.144,-0.55085,0
-0.34431,0.73476,0.25067,-4.3235,0.29777,0
0.41548,0.88866,0.23393,7.282,-0.66591,0
1.7451,0.52957,0.24166,2.9584,0.010105,0
0.7004,0.042233,0.23007,-7.7369,-0.45016,0
-1.389,0.83736,0.15671,-0.22742,-0.46455,0
-0.53425,2.1455,0.060177,8.4198,-0.047428,0
1.4602,3.0432,-0.0028907,-1.1377,-0.80975,0
1.2702,2.9406,-0.0080391,-6.8267,-0.004278,0
-0.24933,2.1968,0.051167,3.4135,-0.8529,0
-0.43928,1.1452,0.1078,6.3718,-0.36386,0
-0.15436,0.45262,0.12839,-4.0959,-0.46455,0
0.60543,0.55522,0.1078,-5.9164,-0.9392,0
0.035589,1.376,0.082057,5.9167,-0.22003,0
-1.6739,1.4786,0.053741,4.0962,-1.155,0
-0.91415,0.86301,0.060177,-7.0542,-0.2488,0
-0.24933,0.17048,0.042157,-2.0479,-0.91043,0
-0.43928,-0.41945,-0.027345,7.0545,-0.79537,0
0.32051,-1.112,-0.045365,0.68281,-0.594,0
1.3652,-1.6763,-0.010613,-7.9645,-1.2844,0
1.2702,-2.6253,0.091067,0.91037,-0.45016,0
0.89035,-3.2152,0.1876,7.0545,-1.3851,0
0.22554,-2.9587,0.21334,-3.4133,-0.78098,0
-0.24933,-2.1893,0.16958,-7.5093,-1.0111,0
-0.7242,-1.5993,0.11681,5.0064,-1.3419,0
-1.484,-1.1633,0.047306,4.5513,-0.62276,0
-2.8136,-0.80419,-0.028633,-7.0542,-1.5289,0
-1.7689,-0.62465,-0.064671,-5.0062,-0.63715,0
-1.9589,-0.086014,-0.078829,6.8269,-1.2556,0
-2.8136,0.11918,-0.080116,2.2757,-1.0255,0
-1.7689,-0.29121,-0.038929,-7.7369,-0.80975,0
-0.34431,-0.77854,-0.010613,-1.5928,-1.457,0
0.13056,-0.23991,-0.044078,7.282,-0.57961,0
0.13056,-0.36816,-0.099422,-1.3652,-1.5289,0
0.51046,-0.75289,-0.102,-8.192,-0.63715,0
0.7004,-0.93244,-0.083977,2.5033,-1.083,0
-0.15436,-0.4964,-0.098135,6.3718,-0.92482,0
-1.579,-0.4964,-0.1213,-4.7786,-0.27756,0
-2.0538,-0.599,-0.14318,-6.3715,-0.95358,0
-0.91415,-0.34251,-0.16635,5.4616,0.11079,0
-0.24933,-0.16296,-0.2011,4.7789,-0.62276,0
0.13056,0.32437,-0.25001,-6.5991,0.067639,0
0.51046,1.0939,-0.28991,-3.8684,0.26901,0
-0.34431,1.1452,-0.30922,7.5096,-0.076195,0
-0.059385,0.86301,-0.32852,2.0482,0.88749,0
0.41548,1.1452,-0.33496,-7.5093,0.096406,0
0.79538,1.4529,-0.30536,-1.1377,1.1032,0
0.89035,1.9403,-0.28734,7.9647,0.62859,0
0.22554,2.1711,-0.29377,0.2277,0.68613,0
-0.53425,2.2481,-0.32209,-7.9645,1.0745,0
-0.91415,1.9659,-0.33496,1.8206,0.39846,0
-1.7689,1.889,-0.35427,7.9647,1.4053,0
-2.0538,1.8633,-0.34783,-2.9581,0.62859,0
-1.9589,1.5555,-0.33625,-6.8267,1.3478,0
-2.4337,0.93996,-0.27961,4.3238,1.0169,0
-1.484,0.14483,-0.18566,5.234,0.80119,0
-0.059385,-0.3938,-0.12002,-6.3715,1.2615,0
1.2702,-0.77854,-0.059523,-5.0062,0.34092,0
0.51046,-0.75289,-0.013187,6.8269,1.2471,0
-0.81917,-0.82984,0.055028,2.7309,0.47037,0
-1.294,-0.95809,0.087205,-6.3715,0.71489,0
-0.34431,-0.4964,0.10265,-1.3652,0.88749,0
0.22554,-0.4964,0.10008,8.1923,0.16832,0
-0.81917,-0.88114,0.08077,-0.68254,1.0601,0
-1.389,-0.98374,0.075622,-7.7369,0.067639,0
0.22554,-0.80419,0.1078,2.0482,0.70051,0
2.03,-1.0863,0.11681,6.3718,0.32654,0
3.5496,-1.3685,0.12968,-3.8684,0.12517,0
2.8848,-1.1633,0.14384,-6.144,0.61421,0
1.3652,-0.75289,0.12582,5.0064,-0.10496,0
0.32051,0.14483,0.04087,4.5513,0.81558,0
-0.24933,1.0169,-0.077542,-6.8267,0.13956,0
-1.294,1.3503,-0.26417,-4.5511,0.93064,0
-2.0538,1.2477,-0.48426,7.0545,0.85873,0
-1.579,1.299,-0.58079,1.8206,0.68613,0
-1.0091,1.6068,-0.54218,-7.7369,1.506,0
-0.91415,1.8377,-0.47783,-1.8203,0.80119,0
-0.7242,1.6068,-0.40575,7.0545,1.8512,0
-0.24933,1.2221,-0.37229,-0.9101,1.2615,0
1.0803,1.0939,-0.37229,-7.9645,1.7073,0
0.98533,0.73476,-0.34011,3.186,1.9662,0
-0.059385,-0.13731,-0.26031,6.5994,1.6067,0
-0.91415,-1.035,-0.13546,-4.5511,2.4697,0
-0.53425,-1.4198,0.021564,-5.4613,1.5635,0
1.5552,-1.625,0.10394,5.9167,2.3834,0
1.2702,-1.7789,0.082057,4.5513,1.9231,0
-0.53425,-1.5737,0.074335,-6.3715,1.9519,0
-1.7689,-1.4198,0.11037,-2.0479,2.3258,0
-1.0091,-1.3941,0.12968,8.875,1.6642,0
-0.7242,-1.112,0.13354,1.5931,2.5272,0
-1.6739,-0.98374,0.13611,-7.7369,1.7217,0
-0.53425,-1.2659,0.14899,0.91037,2.2252,0
1.5552,-0.82984,0.167,7.282,2.0525,0
0.60543,-0.4451,0.20176,-2.2755,1.7505,0
-2.4337,-0.31686,0.25195,-7.7369,2.3546,0
-3.5734,-1.1633,0.30987,4.0962,1.5347,0
-2.3388,-2.2149,0.36908,6.1442,2.4121,0
-0.15436,-2.3175,0.42185,-5.0062,1.5779,0
1.1753,-2.0097,0.44888,-5.0062,1.8656,0
0.51046,-1.3685,0.43729,7.5096,1.9087,0
-0.24933,-0.75289,0.3665,3.8687,1.2902,0
-0.81917,-0.3938,0.29314,-6.5991,2.0669,0
-1.1041,-0.75289,0.24166,-2.2755,1.0889,0
-1.579,-1.7276,0.24938,6.8269,1.9806,0
-2.0538,-2.4201,0.29057,0.2277,1.4341,0
-2.3388,-2.6766,0.34848,-7.5093,1.4628,0
-0.24933,-2.8561,0.34848,0.91037,1.7073,0
-0.34431,-2.5483,0.29185,6.3718,0.90188,0
-1.0091,-1.548,0.29057,-4.0959,1.7649,0
-1.579,-1.0607,0.297,-7.2818,0.71489,0
-0.24933,-1.0094,0.29443,5.0064,1.2183,0
1.6501,-0.75289,0.25067,4.3238,0.77243,0
1.1753,-0.88114,0.22364,-7.7369,0.42722,0
0.41548,-0.82984,0.20562,-4.3235,0.94503,0
0.60543,-1.112,0.19532,7.0545,0.12517,0
0.89035,-1.0607,0.17087,2.2757,1.0457,0
0.7004,-0.4964,0.13225,-8.192,0.38407,0
1.8401,-0.34251,0.083344,-1.5928,0.75804,0
1.6501,-0.72725,0.083344,7.282,0.68613,0
-0.15436,-1.1889,0.11423,-1.1377,0.010105,0
0.22554,-1.3428,0.11423,-7.5093,0.81558,0
1.7451,-0.90679,0.042157,3.6411,-0.11935,0
1.2702,-0.18861,0.007406,6.8269,0.80119,0
-0.15436,-0.29121,0.10394,-5.0062,0.42722,0
-1.0091,-1.0094,0.19532,-5.0062,0.34092,0
-1.484,-1.2915,0.20948,6.3718,0.88749,0
-1.389,-0.47075,0.22364,4.3238,0.053256,0
-0.34431,-0.21426,0.23265,-6.3715,0.95941,0
0.51046,-1.1633,0.20047,-2.503,0.22586,0
0.22554,-1.4198,0.13354,7.9647,0.70051,0
0.035589,-0.95809,0.11552,1.5931,0.85873,0
0.98533,-0.7016,0.16057,-7.2818,0.39846,0
1.9351,-0.36816,0.16443,0.2277,1.2615,0
1.7451,-0.23991,0.16958,7.9647,0.39846,0
0.51046,0.042233,0.20304,-1.5928,1.2327,0
-0.15436,0.60652,0.22235,-7.0542,0.74366,0
-0.7242,0.45262,0.21978,4.3238,0.55667,0
-1.0091,0.29873,0.15542,6.3718,0.75804,0
-1.389,0.19613,0.055028,-5.0062,-0.076195,0
-1.1991,0.45262,-0.11487,-5.2337,0.70051,0
-1.0091,0.58087,-0.21269,6.3718,-0.10496,0
0.32051,0.11918,-0.14962,3.6411,0.41284,0
-0.34431,-0.16296,-0.045365,-7.2818,0.22586,0
-0.53425,-0.18861,-0.0041778,-2.9581,-0.090578,0
0.41548,-0.21426,0.024138,7.7372,0.67174,0
0.79538,-1.1633,0.057602,1.1379,-0.11935,0
1.3652,-1.6763,0.082057,-8.4196,0.71489,0
0.60543,-1.0094,0.10265,-0.22742,0.082022,0
-0.43928,0.29873,0.085918,7.282,0.15394,0
0.98533,1.0426,0.076909,-1.5928,0.31216,0
1.4602,0.68346,0.082057,-8.192,-0.5077,0
1.6501,0.042233,0.056315,3.8687,0.38407,0
2.22,0.32437,0.075622,6.1442,-0.37825,0
2.125,0.78606,0.096215,-4.7786,0.55667,0
0.13056,0.50392,0.061464,-6.3715,0.55667,0
-0.62923,0.27308,0.015128,5.9167,0.42722,0
-0.91415,0.14483,0.04087,5.234,1.0889,0
-0.15436,0.016583,0.044732,-7.2818,0.22586,0
0.51046,0.35002,-0.032494,-2.9581,1.132,0
-0.24933,1.0426,-0.089126,8.1923,0.35531,0
-1.1991,1.6068,-0.13546,1.5931,0.81558,0
0.22554,1.299,-0.13417,-8.192,0.85873,0
1.8401,0.91431,-0.086552,-0.22742,0.21147,0
2.125,0.68346,-0.023484,7.7372,0.91626,0
2.22,0.37567,-0.023484,-1.8203,-0.090578,0
1.7451,0.24743,-0.073681,-6.3715,0.62859,0
0.89035,0.47827,-0.094274,3.6411,0.26901,0
0.41548,0.78606,-0.15734,6.1442,0.29777,0
-0.24933,1.1965,-0.21269,-5.4613,0.97379,0
-0.24933,1.5555,-0.23071,-4.7786,0.35531,0
0.89035,1.0426,-0.18694,6.8269,1.5204,0
1.9351,0.73476,-0.13804,3.4135,0.68613,0
2.125,0.86301,-0.1213,-7.2818,1.1608,0
0.60543,0.99126,-0.13031,-2.9581,1.1176,0
-0.91415,1.2734,-0.15605,7.7372,0.72928,0
-1.389,1.3503,-0.18566,1.8206,1.5635,0
-1.484,1.1708,-0.19081,-7.2818,0.59983,0
-0.43928,1.0426,-0.18051,0.68281,1.3478,0
-0.059385,1.299,-0.16506,7.5096,0.67174,0
0.60543,1.6838,-0.16764,-2.9581,0.68613,0
0.98533,1.812,-0.1612,-7.5093,0.95941,0
0.60543,1.8377,-0.15863,3.8687,0.13956,0
-0.91415,1.8633,-0.16249,5.6891,0.85873,0
-1.1041,1.3503,-0.10972,-4.5511,-0.10496,0
-0.15436,0.86301,-0.045365,-5.6889,0.38407,0
-1.0091,1.1708,-0.0054649,7.282,0.15394,0
-1.6739,1.0682,0.030574,3.186,-0.061812,0
-2.1488,0.63217,0.061464,-6.8267,0.71489,0
-2.2438,0.22178,0.082057,-2.503,0.053256,0
-2.0538,0.19613,0.10008,7.5096,1.0313,0
-1.389,0.45262,0.055028,0.2277,0.34092,0
1.4602,0.58087,-0.063384,-8.192,0.62859,0
2.03,0.83736,-0.16764,-0.22742,0.65736,0
0.22554,0.99126,-0.21783,7.5096,0.053256,0
-0.53425,1.2477,-0.24872,-2.503,0.81558,0
0.32051,1.1452,-0.26932,-7.0542,-0.11935,0
0.7004,0.86301,-0.26417,3.6411,0.70051,0
0.32051,0.70911,-0.24615,5.9167,0.32654,0
-0.43928,1.0939,-0.23071,-6.3715,0.48476,0
-1.1991,1.4529,-0.25516,-5.0062,1.1176,0
-0.81917,1.6838,-0.28862,6.8269,0.44161,0
0.32051,2.2737,-0.29377,3.4135,1.2615,0
0.22554,2.4276,-0.28219,-7.2818,0.28339,0
0.22554,2.5559,-0.23071,-2.2755,0.67174,0
0.7004,2.6072,-0.16635,7.7372,0.68613,0
0.89035,2.402,-0.102,1.1379,0.35531,0
0.41548,2.0172,-0.0041778,-7.7369,1.1895,0
-1.389,1.0426,0.062751,0.45525,0.34092,0
-2.5287,0.70911,0.11166,7.7372,1.2327,0
-1.9589,1.0939,0.14384,-3.4133,0.59983,0
-0.91415,1.4273,0.16186,-7.5093,0.71489,0
-1.1041,1.4529,0.12711,5.6891,0.80119,0
-0.91415,1.6838,0.074335,5.234,0.12517,0
0.32051,1.5812,0.046019,-6.8267,1.2183,0
0.89035,1.1708,0.074335,-4.7786,0.42722,0
0.98533,1.0426,0.14512,7.282,1.4628,0
-0.15436,1.299,0.14512,3.186,1.1608,0
-1.294,1.4016,0.051167,-7.7369,1.0169,0
-1.389,0.96561,-0.032494,0.00013542,1.5204,0
-0.91415,0.68346,-0.089126,7.7372,0.68613,0
-0.7242,0.88866,-0.099422,-0.22742,1.7649,0
-1.389,0.99126,-0.098135,-8.6471,1.0026,0
-1.294,1.0426,-0.17279,2.5033,1.8224,0
-1.389,1.1965,-0.3208,6.8269,2.4265,0
-0.24933,1.1708,-0.44822,-3.6408,2.9012,0
0.035589,1.299,-0.53575,-7.2818,4.7279,0
-0.059385,1.6068,-0.57307,4.7789,4.584,0
0.79538,1.8633,-0.54733,4.0962,5.1737,0
0.89035,2.1198,-0.45981,-7.0542,3.3039,0
0.41548,1.9146,-0.42377,-4.3235,2.182,0
-0.24933,1.5555,-0.37229,7.5096,1.8512,0
-0.53425,1.1708,-0.29377,2.0482,1.7361,0
-0.7242,0.78606,-0.17793,-7.9645,3.3183,0
-0.7242,0.067882,-0.037642,-0.45498,2.7142,0
-0.7242,-1.1889,0.11552,7.5096,2.4984,0
-0.81917,-2.5227,0.23393,-2.0479,0.31216,0
0.41548,-3.01,0.38581,-8.4196,-2.3632,0
2.315,-3.3435,0.53511,2.9584,-4.3625,0
2.4099,-3.523,0.63164,7.282,-7.0665,0
1.2702,-3.7539,0.71659,-4.7786,-7.1816,0
0.79538,-3.6256,0.78095,-6.3715,-8.1165,0
1.3652,-3.5487,0.78352,6.5994,-7.5987,0
1.5552,-4.2925,0.7552,4.0962,-7.5268,0
0.60543,-5.1646,0.76035,-6.8267,-8.1165,0
-0.43928,-4.4464,0.72045,-3.1857,-7.2679,0
-0.81917,-3.523,0.67541,7.5096,-7.5412,0
-0.15436,-3.6,0.66511,1.8206,-5.6426,0
0.32051,-3.8821,0.63036,-7.2818,-4.8803,0
1.4602,-3.3948,0.5763,0.68281,-3.6577,0
2.03,-2.3175,0.49907,7.9647,-2.018,0
2.03,-1.0607,0.34591,-1.1377,-1.5289,0
1.2702,0.55522,0.19017,-7.0542,-0.004278,0
-0.24933,1.7864,0.094928,3.186,-1.0974,0
-0.15436,1.7351,0.055028,6.8269,-1.3995,0
0.60543,1.2221,0.0035447,-5.0062,-2.507,0
-0.24933,0.81171,0.0035447,-5.6889,-3.3556,0
-1.1041,0.14483,0.039583,6.3718,-2.6796,0
-0.24933,0.45262,0.0022576,3.4135,-3.3844,0
0.32051,0.50392,-0.04279,-7.2818,-2.6364,0
-0.53425,0.60652,-0.038929,-3.6408,-3.7727,0
-0.24933,0.35002,0.0022576,7.0545,-4.2474,0
0.60543,-0.034715,0.05889,1.3655,-4.6214,0
-0.81917,0.042233,0.026712,-8.192,-5.283,0
-3.3835,0.45262,-0.072394,0.45525,-3.6577,0
-2.6237,0.24743,-0.1316,7.282,-3.3268,0
-0.059385,-0.75289,-0.14061,-2.2755,-1.3707,0
0.7004,-1.7532,-0.13932,-7.7369,-1.0111,0
2.5049,-1.5993,-0.17793,3.4135,-0.55085,0
2.6949,-0.18861,-0.23843,6.1442,0.41284,0
1.4602,0.65782,-0.24486,-5.4613,0.26901,0
0.89035,0.50392,-0.19982,-5.2337,2.2539,0
0.51046,0.093531,-0.14318,5.9167,2.6135,0
0.32051,0.60652,-0.12388,2.9584,4.0231,0
0.60543,1.3503,-0.14833,-7.9645,4.095,0
1.9351,1.0426,-0.10714,-1.5928,3.0594,0
1.9351,0.76041,-0.019623,7.7372,2.8005,0
0.51046,0.65782,0.0099801,-1.3652,1.0745,0
-1.294,1.1452,-0.026058,-8.8747,1.6067,0
-1.1041,1.3247,-0.032494,1.8206,1.2902,0
-0.24933,1.1708,-0.017049,6.5994,2.1245,0
-0.53425,0.81171,-0.014475,-3.6408,2.4553,0
-0.059385,0.37567,-0.0119,-6.5991,1.0601,0
0.89035,-0.29121,-0.0093262,3.6411,0.78681,0
1.8401,-0.72725,0.0099801,5.9167,-1.0255,0
2.03,-0.5477,-0.0016037,-5.4613,-0.57961,0
0.60543,-0.34251,-0.018336,-4.7786,-0.27756,0
-1.9589,-0.90679,0.020277,7.282,0.35531,0
-2.3388,-2.061,0.05889,2.5033,1.6067,0
-0.24933,-2.0097,0.064038,-8.192,1.2183,0
1.5552,-1.112,0.020277,-1.1377,2.4553,0
2.22,-0.7016,-0.041503,7.9647,1.6354,0
2.8848,-0.57335,-0.080116,-0.9101,1.9087,0
1.4602,-0.11166,-0.11615,-7.5093,1.9231,0
-1.1041,0.17048,-0.14447,2.9584,1.4053,0
-0.91415,0.22178,-0.18823,7.282,2.3115,0
0.7004,0.42697,-0.22298,-4.0959,1.1464,0
1.4602,0.63217,-0.27833,-6.5991,1.5204,0
1.2702,1.1452,-0.38387,5.4616,0.59983,0
1.4602,1.5812,-0.49327,4.5513,0.13956,0
2.03,2.0942,-0.54604,-6.3715,0.038872,0
0.60543,1.4529,-0.48941,-4.0959,-1.3132,0
-0.81917,1.3503,-0.40446,7.5096,-0.78098,0
-0.7242,0.86301,-0.34654,2.2757,-1.8166,0
-0.91415,0.91431,-0.30021,-8.192,-1.0111,0
-0.24933,0.96561,-0.26031,-0.9101,-0.75222,0
1.6501,0.52957,-0.22556,8.1923,-0.69468,0
2.22,0.24743,-0.17279,-1.5928,0.096406,0
1.2702,1.0169,-0.16893,-7.7369,-0.88167,0
0.79538,1.5812,-0.21011,2.5033,-0.1625,0
-0.15436,1.6581,-0.23071,6.5994,-0.75222,0
-0.53425,2.1968,-0.23972,-5.0062,-0.076195,0
0.22554,2.5815,-0.25387,-6.8267,0.57106,0
1.4602,2.3763,-0.27704,5.234,0.39846,0
0.98533,1.5042,-0.21397,4.5513,1.5779,0
0.60543,0.86301,-0.098135,-6.5991,0.64298,0
0.60543,0.63217,0.017703,-5.0062,1.2615,0
0.79538,-0.13731,0.070473,6.5994,0.61421,0
1.2702,-1.0863,0.076909,1.1379,0.15394,0
1.8401,-1.112,0.076909,-7.7369,0.32654,0
2.22,-1.3172,0.097502,-0.45498,-0.80975,0
1.8401,-1.4454,0.070473,7.282,-0.004278,0
1.0803,-1.1633,0.046019,-2.2755,-0.86728,0
0.32051,-1.5224,0.082057,-7.5093,-0.14811,0
-0.24933,-1.9841,0.079483,3.6411,-0.018661,0
-0.62923,-2.497,0.043444,6.3718,-0.32071,0
-0.059385,-3.1126,0.10265,-4.7786,0.26901,0
-0.7242,-2.9331,0.19403,-5.2337,-0.75222,0
-1.6739,-2.9587,0.26482,6.1442,-0.19126,0
-1.579,-3.01,0.28156,4.0962,-0.96797,0
-0.91415,-2.7022,0.26997,-5.4613,-0.66591,0
-0.62923,-1.9584,0.26354,-3.1857,-0.36386,0
-0.059385,-1.5737,0.26225,7.7372,-0.79537,0
0.60543,-2.0867,0.23908,0.68281,0.13956,0
0.7004,-2.061,0.25581,-6.5991,-0.9392,0
1.3652,-1.625,0.2468,1.8206,-0.49331,0
1.1753,-1.4967,0.20176,7.282,-1.1262,0
-0.53425,-1.3941,0.14126,-3.1857,-1.3132,0
-2.3388,-0.4451,0.029286,-6.8267,-0.95358,0
-2.9086,0.32437,-0.094274,4.7789,-1.7159,0
-1.7689,0.35002,-0.16378,5.4616,-0.89605,0
-0.34431,0.24743,-0.14962,-6.3715,-1.8741,0
0.51046,-0.060364,-0.11229,-5.0062,-1.4282,0
1.3652,-0.21426,-0.045365,6.1442,-1.6584,0
1.4602,-0.4451,0.01899,2.5033,-1.9604,0
0.60543,-1.0863,0.057602,-9.1023,-1.2556,0
0.22554,-1.0607,0.070473,-1.3652,-1.9892,0
0.60543,-0.26556,0.060177,7.5096,-0.95358,0
0.60543,-0.11166,0.042157,-1.3652,-1.5865,0
1.9351,-0.18861,0.037009,-8.4196,-1.0687,0
2.125,-0.16296,0.092354,3.186,-0.98235,0
-0.81917,-0.41945,0.14126,6.1442,-1.3707,0
-2.4337,-0.060364,0.167,-5.2337,-0.56523,0
-1.1041,0.067882,0.20948,-6.5991,-1.3995,0
-1.7689,-0.72725,0.22106,5.4616,-0.49331,0
-2.4337,-0.98374,0.20819,4.0962,-0.86728,0
-1.1041,-0.5477,0.22492,-7.9645,-0.91043,0
0.13056,-0.0090658,0.24552,-4.0959,-0.39263,0
0.13056,0.45262,0.23136,7.0545,-1.1693,0
0.32051,0.76041,0.18374,1.3655,-0.11935,0
1.2702,0.24743,0.16186,-8.192,-0.89605,0
1.4602,-0.060364,0.14255,-0.45498,-0.34948,0
0.60543,0.093531,0.11037,7.7372,-0.22003,0
1.3652,-0.086014,0.084631,-1.5928,-0.46455,0
2.5049,0.042233,0.038296,-7.2818,0.44161,0
1.8401,-0.060364,-0.010613,4.5513,-0.32071,0
1.0803,0.11918,-0.036355,6.5994,0.61421,0
0.41548,0.50392,-0.046652,-5.0062,0.038872,0
0.13056,1.1452,-0.077542,-5.9164,0.31216,0
0.51046,1.4273,-0.12645,6.1442,0.62859,0
0.60543,1.376,-0.15992,3.6411,0.12517,0
0.89035,1.1195,-0.13289,-7.0542,1.0889,0
0.89035,0.78606,-0.1316,-2.7306,0.24024,0
0.7004,0.88866,-0.14447,7.7372,0.87311,0
0.79538,0.99126,-0.15477,0.68281,0.52791,0
0.79538,1.2477,-0.16893,-8.192,0.35531,0
0.41548,1.1708,-0.18566,0.91037,1.0169,0
-0.24933,0.99126,-0.16635,8.1923,0.28339,0
-0.7242,0.73476,-0.096848,-2.7306,1.2471,0
-1.1991,0.35002,-0.027345,-6.5991,0.59983,0
-0.91415,0.47827,-0.010613,4.7789,1.0313,0
0.41548,0.68346,-0.037642,4.7789,1.0889,0
0.32051,0.88866,-0.10071,-5.9164,0.57106,0
0.13056,1.7094,-0.20368,-4.5511,1.3621,0
0.60543,2.6328,-0.2912,7.0545,0.48476,0
0.7004,2.2224,-0.2809,2.0482,1.3621,0
0.79538,1.4786,-0.2011,-7.9645,0.90188,0
1.4602,1.0939,-0.15219,0.2277,0.94503,0
2.5049,1.0169,-0.12259,7.5096,1.2471,0
2.5999,1.1965,-0.10328,-1.8203,0.44161,0
1.1753,0.88866,-0.081403,-8.6471,1.2615,0
0.51046,0.17048,-0.049226,2.5033,0.34092,0
-0.62923,0.14483,-0.035068,6.8269,0.80119,0
-0.91415,0.11918,-0.045365,-4.7786,0.59983,0
-0.81917,0.17048,-0.055661,-6.5991,0.35531,0
-0.7242,-0.0090658,0.01899,5.234,0.90188,0
-0.62923,-0.21426,0.14899,5.0064,0.024489,0
-0.059385,-0.88114,0.22364,-7.0542,0.90188,0
0.41548,-1.0607,0.22621,-4.0959,0.11079,0
0.22554,-0.29121,0.18245,7.282,0.59983,0
0.32051,-0.13731,0.16572,1.1379,0.75804,0
0.7004,-0.67595,0.2069,-7.7369,0.39846,0
0.32051,-1.1376,0.26225,0.45525,1.3765,0
-1.0091,-0.41945,0.24423,7.5096,0.62859,0
-1.294,0.042233,0.19017,-2.2755,1.5491,0
0.13056,-0.77854,0.1876,-7.2818,1.0889,0
1.7451,-1.2915,0.19403,4.5513,1.0889,0
1.2702,-1.1889,0.17087,6.8269,1.6067,0
-0.15436,-1.2915,0.14641,-5.9164,0.87311,0
0.51046,-1.1376,0.14255,-6.3715,1.8943,0
0.7004,-0.75289,0.14641,7.0545,1.0026,0
-0.62923,-0.80419,0.12839,3.8687,1.4053,0
-1.7689,-0.7016,0.05889,-6.5991,1.3334,0
-0.91415,0.14483,-0.0041778,-3.4133,0.74366,0
0.51046,0.52957,-0.026058,7.9647,1.4772,0
0.7004,0.35002,-0.038929,0.68281,0.45599,0
0.89035,0.016583,-0.049226,-7.5093,1.2902,0
0.79538,0.067882,-0.074968,1.3655,0.68613,0
0.7004,0.17048,-0.11358,7.7372,0.68613,0
0.79538,0.50392,-0.14704,-2.2755,0.90188,0
0.98533,1.0939,-0.2011,-7.2818,0.15394,0
0.60543,1.3503,-0.24229,4.0962,0.91626,0
0.79538,1.2221,-0.26932,5.6891,0.010105,0
-0.7242,1.3247,-0.31437,-6.3715,0.45599,0
-3.2885,1.9403,-0.36328,-4.7786,0.22586,0
-3.2885,2.402,-0.42763,6.5994,-0.20565,0
-1.0091,2.6328,-0.43149,1.3655,0.32654,0
1.0803,2.9663,-0.40575,-8.4196,-0.60838,0
0.79538,2.838,-0.40446,-1.3652,0.13956,0
0.13056,2.9663,-0.45337,7.0545,-0.60838,0
0.89035,2.7867,-0.47525,-2.0479,-0.43578,0
0.7004,2.9663,-0.43407,-8.6471,-0.32071,0
0.79538,3.0688,-0.39674,3.4135,-0.99673,0
0.79538,2.325,-0.34783,5.9167,-0.17688,0
0.41548,1.4786,-0.26674,-5.6889,-1.155,0
-0.43928,1.3247,-0.20368,-6.5991,-0.5077,0
-0.15436,1.4529,-0.16635,6.1442,-1.1262,0
0.7004,1.1965,-0.1316,3.6411,-1.2413,0
0.7004,1.0426,-0.11615,-7.0542,-0.82413,0
0.79538,0.99126,-0.086552,-2.7306,-1.5865,0
0.79538,-0.0090658,-0.037642,7.0545,-0.66591,0
0.22554,-1.0094,0.048593,0.68281,-1.4282,0
-0.34431,-1.1376,0.10909,-8.192,-0.9392,0
-0.059385,-1.8558,0.16958,1.5931,-0.83852,0
0.51046,-2.6509,0.21591,6.8269,-1.27,0
0.13056,-2.5483,0.26997,-2.7306,-0.53646,0
-0.91415,-2.5227,0.31631,-7.0542,-1.457,0
-1.389,-2.5996,0.3266,4.5513,-0.65153,0
-1.294,-2.7022,0.31759,6.5994,-1.2125,0
-1.6739,-2.8818,0.3073,-5.6889,-1.1981,0
-1.1991,-3.0357,0.29057,-5.0062,-0.92482,0
-0.15436,-2.3175,0.26997,7.0545,-1.8022,0
0.13056,-1.4198,0.26225,4.0962,-0.99673,0
1.1753,-1.3172,0.297,-6.8267,-1.9892,0
1.4602,-1.112,0.36264,-2.2755,-1.4426,0
0.60543,-1.0863,0.38066,7.7372,-1.7303,0
0.035589,-2.061,0.35878,0.2277,-1.9892,0
0.22554,-2.8048,0.34848,-7.2818,-1.3851,0
-0.34431,-2.2406,0.36779,2.0482,-2.2481,0
-0.059385,-1.1889,0.40126,7.9647,-1.2988,0
0.51046,-0.18861,0.34205,-3.6408,-2.0755,0
0.89035,0.47827,0.25195,-6.3715,-1.7878,0
0.51046,1.376,0.19146,5.4616,-1.8885,0
0.22554,2.0172,0.11166,4.7789,-2.5933,0
0.13056,1.7094,0.0061189,-6.8267,-1.9317,0
0.22554,0.93996,-0.059523,-4.3235,-2.9529,0
1.0803,0.24743,-0.062097,7.0545,-2.133,0
1.5552,0.37567,-0.067245,2.9584,-2.6364,0
0.51046,1.0169,-0.071106,-7.9645,-2.694,0
-0.43928,1.1452,-0.085264,-1.8203,-2.3056,0
-0.7242,0.29873,-0.11358,7.0545,-3.1111,0
0.41548,-0.086014,-0.10457,-0.9101,-2.2769,0
1.9351,0.24743,-0.086552,-8.192,-3.1255,0
1.8401,0.29873,-0.096848,2.2757,-2.6077,0
1.0803,-0.034715,-0.094274,5.9167,-2.7947,0
-0.059385,-0.16296,-0.055661,-5.0062,-3.183,0
-1.389,0.016583,-0.049226,-7.7369,-2.6508,0
-1.0091,-0.060364,-0.049226,5.6891,-3.4563,0
0.13056,-0.4451,-0.037642,3.6411,-2.4638,0
0.60543,-0.52205,-0.019623,-7.5093,-3.1255,0
1.4602,-0.4451,0.016416,-3.4133,-2.6508,0
1.4602,-0.6503,0.07176,7.5096,-2.6652,0
1.0803,-0.47075,0.064038,0.91037,-3.2549,0
-0.62923,0.17048,-0.006752,-8.192,-2.7227,0
-3.0985,0.093531,-0.077542,1.5931,-3.744,0
-3.0985,0.11918,-0.10328,7.9647,-2.9529,0
-1.7689,0.70911,-0.094274,-3.1857,-3.4707,0
-1.0091,1.2734,-0.065958,-6.8267,-3.183,0
-1.1041,1.1708,-0.010613,4.7789,-2.9385,0
-1.389,0.81171,0.0061189,5.234,-3.7583,0
-0.91415,1.1452,-0.063384,-6.8267,-3.0536,0
-0.81917,1.3503,-0.16378,-3.6408,-4.1755,0
-0.15436,1.1708,-0.20368,8.1923,-3.5282,0
-0.24933,0.81171,-0.20239,2.5033,-3.8015,0
-1.0091,0.58087,-0.17536,-7.2818,-3.8303,0
-1.1991,0.093531,-0.17021,-0.22742,-3.1542,0
0.22554,-0.13731,-0.1316,7.5096,-3.7583,0
0.60543,0.016583,-0.056948,-1.5928,-2.7227,0
-0.24933,-0.34251,0.0022576,-6.8267,-3.4851,0
-0.62923,-0.57335,0.037009,3.4135,-3.0104,0
-1.389,-0.82984,0.062751,7.282,-3.0536,0
-1.294,-1.035,0.097502,-5.0062,-3.4707,0
0.13056,-1.5224,0.16057,-6.144,-2.7371,0
1.3652,-2.0354,0.19918,5.6891,-3.5426,0
0.41548,-2.1893,0.20176,3.8687,-2.5214,0
-0.34431,-1.7532,0.1876,-6.5991,-2.881,0
-0.62923,-1.7789,0.16958,-2.7306,-2.5358,0
-1.1041,-2.0867,0.19403,7.5096,-2.3919,0
-0.91415,-2.3944,0.22364,0.45525,-3.1399,0
0.32051,-2.061,0.20819,-7.7369,-2.4207,0
0.60543,-1.1633,0.17601,1.1379,-3.2405,0
0.51046,-0.67595,0.16057,6.1442,-2.4351,0
0.13056,-0.57335,0.14126,-3.4133,-2.8953,0
0.98533,-0.086014,0.061464,-8.6471,-3.1399,0
1.4602,0.40132,-0.0028907,4.0962,-2.694,0
1.6501,0.81171,-0.038929,5.4616,-3.183,0
1.6501,0.47827,-0.074968,-7.0542,-1.8741,0
0.035589,0.042233,-0.102,-6.3715,-2.4351,0
-1.579,0.042233,-0.10071,5.9167,-1.8166,0
-1.294,0.24743,-0.096848,3.6411,-2.0036,0
0.32051,0.37567,-0.12259,-6.8267,-2.5933,0
0.79538,0.32437,-0.15477,-3.1857,-2.0036,0
0.32051,-0.18861,-0.19467,7.7372,-2.7227,0
-0.43928,-0.034715,-0.21269,1.8206,-1.4714,0
-0.7242,0.29873,-0.19595,-8.4196,-1.7447,0
-0.15436,0.042233,-0.18051,0.00013542,-1.4139,0
0.7004,-0.34251,-0.13804,7.0545,-1.0111,0
0.7004,-0.31686,-0.095561,-2.503,-1.4426,0
0.7004,-0.47075,-0.064671,-6.5991,-0.47893,0
-1.0091,-1.0607,-0.053087,4.5513,-1.3707,0
-0.34431,-1.1376,-0.024771,6.8269,-0.8529,0
1.5552,-1.0607,0.012554,-5.2337,-1.1406,0
1.2702,-0.52205,0.08077,-4.7786,-1.1118,0
0.51046,-0.52205,0.167,6.8269,-0.10496,0
0.60543,-0.82984,0.21978,2.9584,-0.43578,0
1.4602,-1.4454,0.25581,-7.9645,0.80119,0
1.0803,-1.7532,0.25067,-1.5928,-0.018661,0
0.7004,-1.0607,0.21334,7.9647,0.35531,0
0.79538,-0.47075,0.14899,-0.9101,0.29777,0
-0.34431,-0.47075,0.10008,-8.6471,0.010105,0
-1.1991,-0.5477,0.11681,2.9584,0.91626,0
0.22554,-0.41945,0.1773,7.282,0.15394,0
2.8848,-1.0094,0.19532,-3.8684,1.1032,0
3.5496,-1.8302,0.20433,-6.8267,0.47037,0
1.2702,-1.6763,0.17601,6.3718,0.52791,0
-1.1991,-0.72725,0.12453,3.8687,0.64298,0
-1.579,0.016583,0.084631,-6.8267,-0.30633,0
-0.91415,0.19613,0.012554,-3.6408,0.54229,0
-0.81917,0.27308,-0.047939,6.8269,-0.033045,0
-0.53425,0.99126,-0.090413,1.5931,1.0745,0
-0.62923,1.5812,-0.10972,-7.9645,1.0745,0
-0.53425,1.0169,-0.12388,-1.1377,0.81558,0
-1.294,0.70911,-0.14833,7.5096,1.0601,0
-2.0538,0.37567,-0.20239,-1.8203,-0.14811,0
-1.294,0.22178,-0.241,-8.8747,0.54229,0
1.5552,0.24743,-0.241,2.7309,-0.1625,0
2.6949,0.68346,-0.17279,6.3718,0.49914,0
1.9351,0.96561,-0.095561,-5.2337,0.78681,0
1.1753,0.73476,-0.049226,-6.3715,0.52791,0
-0.059385,0.65782,-0.024771,6.1442,1.2471,0
-2.8136,0.58087,-0.053087,3.6411,0.24024,0
-3.9533,0.32437,-0.10457,-6.8267,0.95941,0
-1.1991,0.042233,-0.102,-2.2755,0.42722,0
2.03,-0.16296,-0.058236,7.5096,0.44161,0
1.3652,-0.21426,-0.050513,0.45525,0.84434,0
-0.53425,-0.47075,-0.06081,-7.7369,0.19709,0
-1.7689,-0.5477,-0.068532,1.5931,1.2183,0
-1.389,-0.13731,-0.055661,7.5096,0.41284,0
-0.34431,0.042233,-0.017049,-4.3235,0.95941,0
-0.059385,-0.29121,0.020277,-7.0542,1.0026,0
-0.53425,-0.29121,0.067899,5.0064,0.82996,0
-0.62923,-0.0090658,0.10909,5.4616,1.5347,0
-1.484,0.17048,0.11681,-6.3715,0.42722,0
-2.6237,-0.31686,0.092354,-4.3235,1.0169,0
-1.7689,-0.23991,0.1181,6.3718,0.35531,0
-1.389,-0.47075,0.16572,2.2757,0.98818,0
-1.294,-0.599,0.16443,-7.2818,1.7361,0
-0.43928,-0.36816,0.158,-0.68254,1.5779,0
0.51046,-0.034715,0.16958,6.8269,2.5416,0
0.22554,-0.086014,0.17344,-2.0479,1.4916,0
-0.34431,-0.4451,0.16186,-7.9645,2.2252,0
-0.059385,-0.57335,0.1078,4.5513,2.1101,0
-0.34431,-0.62465,0.051167,6.3718,1.995,0
-2.3388,0.11918,-0.0041778,-5.6889,2.0957,0
-1.1041,0.29873,-0.049226,-6.3715,0.75804,0
1.3652,0.14483,-0.058236,6.1442,1.6067,0
1.5552,-0.0090658,-0.0518,3.186,1.3478,0
0.7004,-0.34251,-0.035068,-7.5093,2.5416,0
-0.43928,-0.086014,0.0061189,-1.8203,2.9587,0
-0.24933,0.42697,0.034435,8.1923,2.4553,0
0.51046,0.78606,0.034435,0.2277,2.858,0
1.3652,0.47827,0.033148,-7.9645,1.4916,0
1.8401,0.55522,0.01899,0.68281,2.0238,0
0.89035,1.0426,0.013841,7.5096,1.5923,0
-0.81917,0.63217,0.007406,-3.4133,2.4121,0
-1.6739,0.27308,0.021564,-7.7369,3.1025,0
-1.1041,0.27308,0.016416,4.7789,2.4553,0
0.32051,0.22178,0.021564,4.5513,2.8436,0
0.7004,0.24743,0.015128,-6.5991,1.3478,0
0.89035,0.45262,-0.0016037,-5.2337,1.7361,0
1.2702,0.32437,-0.006752,7.282,1.2902,0
1.5552,-0.0090658,-0.0028907,2.9584,1.1176,0
0.22554,0.35002,-0.033781,-8.192,1.6067,0
-0.7242,0.58087,-0.096848,-2.503,0.88749,0
-1.7689,0.58087,-0.16378,8.1923,1.8368,0
-1.389,0.32437,-0.20368,0.45525,1.0601,0
0.32051,0.50392,-0.22813,-8.192,1.621,0
1.2702,0.52957,-0.21269,0.45525,1.6354,0
0.89035,0.37567,-0.2114,7.5096,1.2902,0
1.0803,0.76041,-0.21655,-2.2755,1.9375,0
0.41548,0.99126,-0.20496,-6.8267,1.0026,0
-0.24933,0.70911,-0.1715,5.234,1.995,0
-0.62923,0.37567,-0.14704,5.9167,1.8224,0
-0.81917,-0.034715,-0.10972,-6.3715,2.4121,0
-0.059385,-0.34251,-0.046652,-5.0062,2.9443,0
0.22554,-0.29121,-0.032494,7.282,2.3115,0
-0.43928,-0.21426,-0.032494,3.6411,2.7717,0
-0.62923,0.016583,-0.019623,-7.2818,1.8368,0
-2.3388,0.19613,-0.017049,-2.0479,2.7573,0
-4.0483,0.50392,-0.085264,7.7372,3.0019,0
-1.8639,0.83736,-0.17279,0.00013542,3.1169,0
0.60543,0.99126,-0.23457,-8.192,3.5197,0
0.89035,0.73476,-0.22813,1.8206,2.2539,0
0.32051,0.65782,-0.1818,6.5994,2.4265,0
-0.24933,0.78606,-0.11487,-5.0062,0.97379,0
-0.62923,0.78606,-0.071106,-7.5093,1.3478,0
-0.62923,0.86301,-0.064671,5.6891,1.4772,0
-0.62923,0.73476,-0.0917,3.8687,1.1752,0
-0.62923,0.42697,-0.098135,-8.192,1.693,0
-0.7242,0.45262,-0.12388,-4.3235,0.45599,0
0.035589,0.32437,-0.16893,7.282,1.3046,0
0.60543,0.73476,-0.27575,0.91037,0.78681,0
1.3652,1.2477,-0.32466,-8.4196,0.97379,0
0.89035,1.9659,-0.31437,0.91037,0.93064,0
-2.2438,1.9916,-0.31308,8.1923,-0.047428,0
-5.188,1.6068,-0.29377,-1.8203,0.85873,0
-2.6237,1.2477,-0.24872,-6.8267,0.18271,0
0.51046,1.0169,-0.21269,4.0962,1.1464,0
0.79538,0.93996,-0.20754,5.4616,0.82996,0
0.89035,0.27308,-0.15992,-6.5991,0.32654,0
0.13056,-0.36816,-0.055661,-5.4613,0.64298,0
-0.34431,-0.77854,0.0086931,6.8269,-0.53646,0
-0.53425,-0.95809,0.025425,2.9584,-0.047428,0
-0.15436,-0.5477,0.060177,-6.8267,-1.5145,0
0.035589,-0.29121,0.11938,-2.2755,-1.6584,0
-0.91415,-0.75289,0.19403,8.1923,-1.6728,0
-0.34431,-1.1376,0.2172,0.91037,-1.946,0
1.9351,-0.36816,0.17087,-7.9645,-0.92482,0
1.7451,-0.3938,0.16958,1.5931,-2.018,0
-0.059385,-1.035,0.19661,7.5096,-1.6152,0
-0.91415,-0.82984,0.19275,-2.7306,-2.2337,0
-1.1991,-0.47075,0.14512,-7.5093,-2.0323,0
-0.43928,-0.4451,0.047306,4.3238,-1.1406,0
0.22554,-0.599,-0.010613,5.9167,-1.6296,0
1.1753,-0.85549,-0.053087,-5.0062,-0.60838,0
2.4099,-0.67595,-0.102,-4.7786,-1.3995,0
0.89035,-0.62465,-0.11744,6.3718,-0.7666,0
-2.4337,-0.599,-0.12645,3.8687,-0.49331,0
-3.9533,-0.57335,-0.1316,-7.0542,-0.65153,0
-1.484,-0.34251,-0.1316,-3.6408,-0.10496,0
1.8401,-0.41945,-0.13031,7.7372,-1.2413,0
1.7451,-0.086014,-0.083977,1.8206,-0.80975,0
-0.24933,0.37567,-0.044078,-7.7369,-2.1618,0
-2.1488,0.50392,-0.022197,-0.45498,-2.3488,0
-2.4337,0.40132,-0.015762,6.5994,-2.2481,0
-0.7242,0.24743,-0.049226,-2.503,-2.3344,0
0.32051,0.24743,-0.10328,-6.8267,-0.88167,0
0.13056,0.42697,-0.14061,4.3238,-1.3851,0
0.60543,0.52957,-0.14962,5.234,-0.72345,0
2.4099,0.067882,-0.15605,-5.4613,-1.457,0
2.5049,-0.11166,-0.15605,-5.0062,-1.9892,0
0.89035,0.52957,-0.16635,7.0545,-1.6584,0
-0.91415,0.93996,-0.14704,3.186,-2.1906,0
-0.91415,0.29873,-0.062097,-7.7369,-0.89605,0
0.7004,-0.11166,-0.0016037,-2.503,-1.3995,0
1.4602,0.042233,-0.010613,7.282,-0.89605,0
0.32051,0.14483,-0.040216,-0.45498,-1.27,0
-0.7242,-0.26556,-0.089126,-8.4196,-2.1906,0
-1.389,-0.060364,-0.15605,1.3655,-1.831,0
-0.91415,0.14483,-0.18694,6.3718,-2.9529,0
-0.7242,0.19613,-0.15863,-3.6408,-2.3056,0
-1.1991,0.22178,-0.11358,-6.3715,-3.2118,0
-1.389,-0.0090658,-0.11101,4.5513,-3.183,0
-0.53425,0.52957,-0.15477,5.0064,-2.4782,0
0.7004,0.88866,-0.19724,-6.3715,-2.2625,0
0.7004,0.55522,-0.24229,-4.0959,-0.69468,0
0.7004,1.0682,-0.32209,7.282,-1.4139,0
-0.34431,1.6068,-0.39545,1.1379,-1.0543,0
-1.579,1.3503,-0.38258,-6.5991,-1.7734,0
-2.0538,1.3503,-0.32209,0.2277,-2.2769,0
-1.294,1.1452,-0.26803,7.282,-1.6008,0
-0.7242,0.76041,-0.14447,-1.1377,-2.2337,0
-2.5287,0.37567,0.024138,-7.9645,-1.1118,0
-1.7689,0.50392,0.13354,3.186,-1.7591,0
0.035589,0.58087,0.23265,7.0545,-1.5289,0
0.79538,0.32437,0.30344,-4.7786,-1.7159,0
0.7004,0.47827,0.30987,-6.144,-2.3919,0
0.79538,0.60652,0.30344,6.3718,-1.4139,0
1.7451,0.32437,0.29057,4.0962,-2.0899,0
2.6949,-0.034715,0.29314,-7.0542,-1.1262,0
0.13056,-0.41945,0.34848,-2.2755,-1.7447,0
-4.2382,-0.29121,0.38452,7.9647,-1.8166,0
-4.7131,0.29873,0.37165,1.1379,-1.831,0
-1.484,0.52957,0.30344,-7.7369,-2.9529,0
0.60543,0.45262,0.25324,0.45525,-2.1474,0
0.41548,0.50392,0.17215,7.282,-2.7947,0
-0.81917,0.58087,0.022851,-2.503,-1.9029,0
-1.1041,0.35002,0.01899,-7.7369,-2.0899,0
-0.15436,-0.21426,0.17859,3.6411,-2.7659,0
-0.059385,-0.5477,0.34848,5.234,-2.6796,0
-0.62923,-0.62465,0.41026,-6.144,-4.1611,0
-0.7242,-0.85549,0.39868,-5.2337,-3.557,0
0.51046,-1.2659,0.42442,6.3718,-4.0172,0
0.60543,-1.3685,0.42828,2.9584,-3.37,0
-1.9589,-0.6503,0.41284,-7.7369,-2.32,0
-3.1935,-0.034715,0.40254,-2.503,-2.018,0
-1.389,0.42697,0.36522,7.5096,-0.3351,0
-0.91415,0.27308,0.29958,0.91037,-0.8529,0
-0.91415,-0.060364,0.29958,-8.6471,-0.40701,0
-0.62923,-0.6503,0.45403,-0.22742,-1.2988,0
-1.8639,-0.7016,0.67026,8.4198,-2.0899,0
-1.484,-0.41945,0.81184,-0.9101,-1.7159,0
-0.43928,-0.47075,0.81055,-7.9645,-1.8166,0
-0.62923,-0.5477,0.66125,3.186,0.35531,0
0.035589,-0.060364,0.48234,7.282,0.74366,0
0.60543,0.17048,0.40898,-3.6408,1.5923,0
-0.15436,0.17048,0.48234,-6.3715,1.0169,0
-0.15436,-0.0090658,0.56214,5.4616,-0.30633,0
0.51046,-0.34251,0.47205,4.5513,-0.27756,0
0.7004,-0.086014,0.33947,-6.5991,-0.66591,0
0.79538,0.067882,0.30987,-3.4133,1.4772,0
1.2702,-0.23991,0.29057,7.9647,2.369,0
1.6501,-0.23991,0.26354,1.8206,2.9731,0
1.1753,0.19613,0.30344,-7.7369,2.5991,0
1.3652,0.042233,0.3665,-1.1377,0.81558,0
1.6501,-0.13731,0.38324,7.282,0.90188,0
1.0803,-0.18861,0.38324,0.2277,-0.56523,0
1.3652,-0.18861,0.4167,-8.4196,0.067639,0
1.5552,0.067882,0.40769,0.91037,0.22586,0
0.79538,0.22178,0.31373,7.7372,1.0601,0
0.89035,0.47827,0.19918,-2.7306,2.4697,0
1.5552,0.60652,0.10651,-7.2818,1.8512,0
1.0803,1.1195,0.012554,4.7789,2.2252,0
-0.24933,1.1195,-0.080116,5.0064,0.59983,0
0.22554,0.52957,-0.12388,-6.144,1.2615,0
0.51046,-0.034715,-0.12002,-4.3235,2.0382,0
1.4602,-0.36816,-0.090413,7.5096,2.4984,0
1.6501,-0.57335,-0.04279,2.7309,3.7498,0
-1.6739,-0.5477,-0.058236,-7.5093,2.8436,0
-4.8081,-0.34251,-0.17922,-1.1377,3.1457,0
-3.0036,0.016583,-0.2616,7.7372,1.3621,0
1.7451,0.11918,-0.22556,-0.9101,0.71489,0
4.5943,-0.31686,-0.10457,-8.4196,0.58544,0
3.5496,-1.0094,-0.026058,2.0482,0.15394,0
1.5552,-0.88114,-0.0080391,5.9167,1.2615,0
-0.62923,-0.6503,-0.017049,-4.0959,0.28339,0
-0.62923,-0.599,0.060177,-6.5991,0.61421,0
1.3652,-0.16296,0.167,4.7789,0.35531,0
2.5999,-0.13731,0.11423,3.4135,0.48476,0
3.0747,-0.11166,-0.087839,-6.8267,1.3765,0
3.4546,0.067882,-0.22556,-4.0959,0.65736,0
2.315,0.35002,-0.32209,7.0545,1.2902,0
0.035589,0.32437,-0.41476,1.8206,0.41284,0
-0.15436,0.27308,-0.44822,-7.9645,0.58544,0
0.98533,0.50392,-0.37872,-0.22742,0.55667,0
1.9351,0.78606,-0.33882,7.5096,-0.14811,0
1.7451,0.70911,-0.34526,-0.9101,-0.018661,0
1.0803,0.35002,-0.28734,-7.2818,-1.7303,0
0.89035,-0.36816,-0.11487,3.186,-1.6008,0
0.89035,-1.2659,0.007406,6.1442,-1.9317,0
0.60543,-1.4198,-0.006752,-4.7786,-1.3563,0
-0.24933,-0.41945,-0.10328,-6.3715,-0.79537,0
-0.15436,0.27308,-0.22684,6.5994,-1.8166,0
0.60543,0.32437,-0.3015,4.0962,-1.3132,0
-0.15436,0.042233,-0.24872,-7.2818,-2.2769,0
-2.1488,-0.11166,-0.2114,-2.2755,-1.6008,0
-1.6739,0.27308,-0.37743,8.6474,-1.3276,0
-0.53425,0.50392,-0.47397,1.1379,-0.37825,0
-1.0091,0.32437,-0.23843,-7.5093,1.3909,0
-0.7242,-0.060364,0.094928,0.91037,1.2758,0
0.22554,-0.4451,0.2867,7.5096,2.0525,0
-0.34431,-0.75289,0.36007,-2.2755,0.24024,0
-1.6739,-0.72725,0.37294,-7.7369,-1.2269,0
-1.8639,-0.85549,0.27383,4.0962,-2.32,0
-1.579,-0.5477,0.20176,6.1442,-3.0823,0
-0.24933,-0.4964,0.12196,-5.2337,-1.3563,0
-0.7242,-0.34251,-0.068532,-5.4613,-0.72345,0
-1.294,0.27308,-0.3015,6.1442,1.4916,0
0.79538,0.76041,-0.52674,4.0962,1.3334,0
0.98533,0.78606,-0.70307,-7.9645,0.68613,0
-1.6739,1.1452,-0.7597,-1.5928,-0.2488,0
-2.9086,1.0682,-0.66445,7.0545,-1.7591,0
-1.294,0.29873,-0.54347,-0.45498,-0.78098,0
0.13056,-0.13731,-0.45723,-8.192,-0.52208,0
0.79538,-0.21426,-0.39288,2.9584,1.6786,0
0.41548,-0.47075,-0.28991,7.0545,2.3258,0
-1.1041,-0.34251,-0.13675,-4.0959,2.1245,0
-1.389,-0.21426,-0.010613,-6.8267,1.8224,0
0.41548,-0.23991,0.025425,5.234,0.19709,0
1.2702,-0.23991,0.034435,5.4616,0.61421,0
0.79538,-0.67595,0.052454,-6.5991,-0.090578,0
1.0803,-0.98374,0.029286,-3.8684,0.55667,0
1.5552,-1.0094,-0.023484,6.8269,0.71489,0
1.9351,-1.035,-0.092987,2.2757,-0.033045,0
1.8401,-1.0094,-0.089126,-8.4196,0.42722,0
0.32051,-0.98374,0.07176,-0.45498,-0.60838,0
0.22554,-0.77854,0.27255,8.1923,0.21147,0
1.5552,-0.6503,0.31502,-0.9101,-0.69468,0
2.6949,-0.85549,0.22364,-7.2818,-1.1262,0
1.9351,-0.93244,0.10909,4.5513,-1.1693,0
1.1753,-0.75289,0.011267,5.6891,-1.8022,0
0.79538,-0.62465,-0.083977,-6.144,-0.34948,0
0.035589,-0.599,-0.17536,-5.0062,-0.047428,0
-0.53425,-0.82984,-0.24358,7.0545,1.6354,0
0.41548,-0.47075,-0.28219,3.4135,2.0957,0
1.7451,0.24743,-0.25387,-7.5093,1.6642,0
1.8401,-0.41945,-0.12903,-1.3652,1.7649,0
1.1753,-1.1376,-0.0041778,7.7372,0.34092,0
1.5552,-1.3941,0.12324,0.2277,1.1608,0
1.1753,-1.1633,0.29314,-7.2818,1.2471,0
0.22554,-1.3428,0.52868,1.5931,3.1169,0
1.0803,-1.7019,0.74877,6.3718,4.469,0
1.9351,-2.0867,0.84659,-3.6408,4.6703,0
2.315,-2.0097,0.85817,-7.2818,5.5046,0
2.4099,-1.8045,0.7951,4.5513,3.7066,0
2.6949,-1.3172,0.68441,5.0064,2.8436,0
3.5496,-1.112,0.53125,-7.5093,0.80119,0
2.22,-0.75289,0.4167,-5.2337,-0.090578,0
-2.5287,-0.62465,0.43729,7.0545,0.44161,0
-9.0819,-0.62465,0.48878,3.186,0.39846,0
-10.981,-0.57335,0.45531,-7.5093,2.0525,0
-5.093,-0.6503,0.41413,-2.0479,0.87311,0
2.125,-0.88114,0.50808,7.9647,-0.19126,0
3.3597,-1.7019,0.68828,-0.45498,-2.4638,0
1.1753,-1.9584,0.81827,-7.5093,-4.5782,0
-0.24933,-2.1123,0.82986,2.5033,-4.2618,0
-0.059385,-2.1893,0.78223,6.5994,-3.8734,0
0.51046,-2.0867,0.73461,-4.3235,-0.75222,0
1.1753,-2.061,0.63679,-6.8267,0.58544,0
1.7451,-1.6506,0.50165,5.0064,1.3334,0
-0.15436,-1.2402,0.44244,4.5513,0.94503,0
-1.579,-1.4967,0.43343,-6.3715,-0.56523,0
-1.0091,-1.2659,0.32274,-4.5511,0.32654,0
0.89035,-1.0607,0.19017,7.282,0.67174,0
2.03,-1.3428,0.1374,2.9584,3.2751,0
1.2702,-2.4201,0.2468,-8.192,4.7566,0
1.0803,-3.7282,0.45274,-0.45498,5.0874,0
1.3652,-3.4974,0.56085,7.7372,4.584,0
0.51046,-3.4204,0.4965,-0.22742,1.8943,0
-0.34431,-3.4204,0.32789,-7.2818,1.1464,0
-0.15436,-2.4457,0.08978,3.186,-0.20565,0
0.89035,-1.6763,-0.22298,7.7372,0.70051,0
0.89035,-1.1889,-0.55891,-3.6408,1.5204,0
-0.7242,-0.98374,-0.92316,-6.5991,1.4053,0
-1.1991,-0.4964,-1.2887,5.4616,2.0238,0
-1.484,-0.29121,-1.456,5.0064,0.68613,0
-0.7242,-1.1889,-1.5719,-6.3715,1.132,0
0.89035,-1.4454,-1.8177,-4.3235,0.44161,0
0.98533,-1.1889,-2.1317,7.7372,0.39846,0
0.41548,-0.5477,-2.4548,2.5033,0.67174,0
1.3652,0.17048,-2.8165,-7.5093,0.15394,0
1.9351,0.50392,-3.1382,-0.68254,1.3765,0
0.7004,-0.11166,-3.3815,7.7372,0.61421,0
-1.484,-0.75289,-3.5694,-1.1377,0.64298,0
-1.1991,-0.47075,-3.6634,-8.192,-0.43578,0
0.13056,-0.0090658,-3.6724,3.186,-1.5721,0
0.79538,-0.57335,-3.747,6.5994,-1.5289,0
1.4602,-0.88114,-3.9761,-4.3235,-2.7227,0
1.9351,-0.23991,-4.2696,-5.9164,-2.1186,0
1.8401,0.093531,-4.5167,5.234,-3.0536,0
1.1753,0.24743,-4.684,4.0962,-2.9816,0
1.1753,0.24743,-4.7947,-6.8267,-2.9529,0
0.79538,0.68346,-4.9157,-3.4133,-3.672,0
0.79538,1.1708,-5.0187,7.282,-2.7803,0
0.7004,1.1195,-5.065,0.91037,-3.6577,0
1.5552,1.0169,-5.0354,-9.1023,-2.5645,0
2.125,1.0939,-5.0418,-0.22742,-2.3344,0
1.7451,1.2221,-4.9878,7.282,-1.6728,0
1.0803,1.1452,-4.8411,-2.0479,-0.66591,0
0.79538,1.0169,-4.684,-7.2818,-1.7591,0
1.4602,0.78606,-4.5386,4.3238,-1.6871,0
2.03,0.067882,-4.3031,5.9167,-3.4994,0
2.22,-0.67595,-4.0019,-5.6889,-3.4131,0
2.125,-1.4967,-3.7638,-5.2337,-3.183,0
2.22,-2.3175,-3.5861,6.8269,-3.1111,0
1.7451,-2.574,-3.4201,3.6411,-1.8022,0
0.98533,-2.138,-3.2116,-6.5991,-2.4351,0
-1.294,-1.3941,-2.8795,-2.7306,-2.1043,0
-3.0036,-1.035,-2.4741,7.5096,-3.9309,0
-0.81917,-0.4964,-2.106,0.00013542,-4.4488,0
0.89035,0.22178,-1.8113,-8.192,-3.859,0
0.41548,0.55522,-1.6529,0.91037,-3.2981,0
-0.34431,0.91431,-1.7057,7.7372,-1.1837,0
-0.62923,1.5042,-1.7559,-3.1857,-1.2988,0
-0.24933,1.9659,-1.6452,-6.5991,-0.52208,0
0.22554,1.7094,-1.3157,5.4616,-1.8166,0
-1.0091,1.2734,-0.85237,5.234,-3.5138,0
-1.7689,1.5299,-0.40704,-6.5991,-4.0748,0
-2.0538,1.5299,0.042157,-3.8684,-4.8515,0
-2.0538,1.1965,0.45403,7.9647,-3.2262,0
-2.6237,1.5555,0.7951,2.2757,-3.2837,0
-2.4337,1.7607,1.1516,-7.9645,-2.881,0
0.41548,1.3503,1.6201,-0.22742,-3.7296,0
1.9351,0.81171,2.2405,8.4198,-5.3549,0
-1.0091,0.93996,2.9433,-0.9101,-5.7433,0
-2.8136,1.1708,3.7297,-8.192,-7.2823,0
-1.1041,1.0939,4.5238,3.4135,-6.5343,0
1.2702,1.3503,5.215,6.3718,-6.4912,0
1.0803,1.9146,5.7002,-5.4613,-5.657,0
0.13056,2.2224,6.0117,-5.0062,-5.1535,0
-1.0091,2.5302,6.3038,6.5994,-6.1316,0
-1.389,3.1458,6.6604,2.9584,-6.146,0
-0.91415,3.6588,7.0722,-7.7369,-8.1884,0
-1.294,3.6588,7.4571,-2.2755,-8.433,0
-2.5287,4.0948,7.6579,7.0545,-9.109,0
-2.2438,4.813,7.7106,-0.45498,-8.8788,0
-1.294,4.6848,7.7235,-7.5093,-7.8576,0
-1.579,5.1977,7.7389,1.5931,-8.4186,0
-3.6684,5.5055,7.8406,7.0545,-7.9871,0
-2.8136,5.839,7.9874,-4.0959,-9.972,0
0.32051,5.7364,7.9771,-7.2818,-10.677,0
1.4602,5.326,7.7698,5.6891,-11.655,0
0.89035,5.4286,7.421,4.5513,-12.518,0
0.7004,5.7364,7.0787,-6.5991,-11.813,0
0.41548,5.9416,6.8637,-3.8684,-12.417,0
0.60543,5.9416,6.7247,7.5096,-11.195,0
0.60543,5.5055,6.5716,1.1379,-11.655,0
-0.62923,5.1977,6.4017,-8.192,-12,0
-1.1991,4.6078,6.1919,0.45525,-12.69,0
-0.91415,3.9153,5.8727,7.5096,-14.416,0
-0.53425,3.787,5.4956,-1.3652,-13.87,0
-0.059385,3.864,5.0747,-7.7369,-14.229,0
1.6501,3.8383,4.6229,3.6411,-12.547,0
1.5552,3.6844,4.2213,6.8269,-12.144,0
0.035589,3.5049,3.9266,-5.4613,-12.503,0
0.035589,3.1971,3.6936,-6.8267,-12.547,0
0.22554,2.8893,3.5044,5.4616,-13.956,0
-1.1991,2.4276,3.3976,3.6411,-13.381,0
-2.4337,2.0685,3.283,-7.5093,-14.158,0
-2.3388,2.1455,3.0475,-3.1857,-13.41,0
-1.294,1.9659,2.6241,7.5096,-13.338,0
-0.62923,1.9146,2.1762,0.45525,-14.402,0
-0.7242,1.8377,1.8093,-7.9645,-14.805,0
-1.294,2.0172,1.4991,0.68281,-16.617,0
-1.294,1.7094,1.2289,7.5096,-16.2,0
-0.34431,1.0169,0.9251,-3.4133,-16.718,0
0.41548,1.4529,0.59303,-7.7369,-16.387,0
0.89035,1.4529,0.3369,4.5513,-15.984,0
0.32051,0.45262,0.24166,5.234,-16.502,0
-1.6739,-0.060364,0.20433,-5.6889,-15.323,0
-2.5287,-0.0090658,0.12839,-5.0062,-15.955,0
-2.4337,-0.034715,-0.037642,6.8269,-15.265,0
-1.8639,0.067882,-0.18566,2.7309,-15.725,0
0.22554,-0.31686,-0.26031,-6.5991,-16.027,0
1.1753,-1.0094,-0.3414,-1.5928,-15.294,0
0.51046,-1.3685,-0.42763,7.7372,-15.582,0
0.7004,-1.3941,-0.5203,0.68281,-14.431,0
2.22,-1.1633,-0.62198,-8.6471,-15.61,0
2.9798,-1.2915,-0.71336,1.8206,-15.855,0
1.9351,-1.112,-0.81504,7.282,-16.991,0
1.1753,-0.80419,-0.95148,-4.0959,-18.458,0
-0.81917,-0.85549,-1.0982,-6.5991,-18.386,0
-2.1488,-0.80419,-1.2012,5.4616,-19.177,0
-0.34431,-0.85549,-1.2475,5.6891,-18.027,0
1.6501,-0.77854,-1.272,-6.5991,-18.559,0
1.3652,-0.67595,-1.3621,-3.4133,-19.091,0
0.79538,-0.6503,-1.4779,8.4198,-19.911,0
-0.7242,-0.85549,-1.5294,1.3655,-21.45,0
-3.0985,-1.1889,-1.5307,-7.2818,-20.371,0
-1.8639,-0.88114,-1.5268,0.2277,-20.4,0
0.89035,-0.4451,-1.5345,7.282,-18.573,0
3.7396,-0.52205,-1.5422,-3.1857,-18.099,0
1.8401,-0.85549,-1.5603,-7.5093,-17.854,0
-1.579,-0.72725,-1.6619,5.234,-16.876,0
-2.0538,-0.62465,-1.7366,6.1442,-17.408,0
-2.2438,-0.6503,-1.7134,-6.144,-16.114,0
-0.53425,-0.82984,-1.6452,-4.5511,-16.689,0
2.22,-0.98374,-1.6375,6.8269,-16.157,0
3.0747,-1.0607,-1.6542,2.9584,-15.927,0
1.9351,-1.5224,-1.6491,-6.8267,-16.574,0
-0.43928,-1.548,-1.6156,-0.45498,-15.984,0
-2.2438,-1.2402,-1.6426,7.282,-17.135,0
-1.1041,-0.82984,-1.7199,-1.5928,-16.732,0
0.13056,-1.1376,-1.6954,-8.4196,-17.351,0
1.2702,-1.2915,-1.6311,2.9584,-17.797,0
2.5999,-0.93244,-1.6555,6.5994,-17.351,0
1.8401,-1.0094,-1.7044,-4.0959,-18.156,0
-0.24933,-1.7789,-1.6954,-7.0542,-16.934,0
-0.81917,-1.6506,-1.6439,4.5513,-17.049,0
0.79538,-1.4967,-1.6697,5.234,-15.955,0
0.89035,-1.4454,-1.81,-6.144,-15.61,0
-0.91415,-0.90679,-1.9554,-5.0062,-16.128,0
-0.81917,-0.16296,-2.1124,7.282,-15.682,0
0.41548,-0.34251,-2.1639,2.9584,-16.718,0
0.7004,-0.75289,-2.0416,-8.192,-16.027,0
0.51046,-1.4967,-1.8576,-0.9101,-17.164,0
-0.15436,-1.548,-1.7623,7.5096,-17.538,0
-0.7242,-1.2402,-1.7469,-0.9101,-17.897,0
-0.43928,-1.0863,-1.7855,-7.5093,-18.703,0
0.7004,-1.2659,-1.8267,2.5033,-18.084,0
1.8401,-1.1376,-1.7791,6.1442,-19.149,0
1.2702,-1.3172,-1.6684,-4.5511,-18.573,0
0.41548,-1.1633,-1.5834,-5.6889,-18.631,0
0.60543,-1.0607,-1.5114,6.1442,-17.753,0
1.6501,-1.548,-1.447,4.0962,-15.97,0
0.60543,-1.548,-1.3646,-7.5093,-15.51,0
-1.484,-0.93244,-1.2797,-2.9581,-13.669,0
0.22554,-0.4451,-1.2578,8.1923,-13.913,0
2.8848,-0.5477,-1.3003,1.3655,-13.194,0
2.5999,-1.112,-1.3247,-8.6471,-13.007,0
-0.15436,-1.4198,-1.2887,0.68281,-12.992,0
-2.8136,-1.4454,-1.2964,8.1923,-11.31,0
-3.6684,-1.6763,-1.3337,-2.0479,-11.353,0
-2.6237,-1.8045,-1.3518,-7.7369,-10.13,0
-0.62923,-1.5737,-1.3209,4.0962,-10.662,0
0.60543,-1.4454,-1.3067,6.1442,-11.252,0
0.89035,-1.3941,-1.3633,-5.4613,-11.525,0
0.22554,-1.1889,-1.4573,-5.9164,-12.777,0
0.035589,-0.80419,-1.4586,6.3718,-11.885,0
0.60543,-0.88114,-1.3826,3.6411,-12.374,0
0.32051,-0.95809,-1.3479,-7.5093,-11.051,0
-0.43928,-0.75289,-1.3234,-2.0479,-10.375,0
-0.81917,-0.36816,-1.2681,7.5096,-10.245,0
-0.24933,-0.23991,-1.2166,0.45525,-9.1665,0
0.79538,-0.23991,-1.2102,-8.192,-9.5692,0
0.13056,-0.23991,-1.1947,0.2277,-8.3323,0
0.035589,-0.4451,-1.16,7.282,-8.4617,0
0.79538,-0.57335,-1.0377,-1.8203,-7.5124,0
-0.43928,-0.57335,-0.8691,-8.192,-6.7069,0
-1.1041,-0.36816,-0.77,3.4135,-6.6782,0
-0.24933,-0.26556,-0.70178,5.9167,-5.2542,0
-0.059385,-0.16296,-0.64257,-6.144,-5.8008,0
0.22554,0.29873,-0.61555,-6.144,-4.794,0
1.5552,0.50392,-0.61426,5.9167,-4.9522,0
3.2647,0.37567,-0.60911,3.6411,-4.7652,0
2.9798,-0.0090658,-0.57307,-8.192,-3.9741,0
1.0803,-0.18861,-0.53961,-3.1857,-4.6501,0
-1.1041,0.24743,-0.53832,7.7372,-3.8734,0
-0.91415,0.50392,-0.46624,0.00013542,-4.9378,0
0.22554,0.067882,-0.33882,-8.4196,-4.9378,0
0.32051,-0.4451,-0.26417,1.8206,-5.1679,0
-0.059385,-1.112,-0.23071,6.8269,-5.6713,0
0.60543,-1.3941,-0.22041,-3.8684,-4.909,0
0.60543,-1.7019,-0.19338,-6.3715,-5.6426,0
0.32051,-1.548,-0.19467,5.234,-4.7652,0
-0.53425,-0.93244,-0.22041,5.0064,-4.9809,0
-0.15436,-0.67595,-0.20754,-6.5991,-4.9953,0
2.5049,-0.5477,-0.20882,-4.7786,-4.5351,0
4.7843,-0.034715,-0.31823,8.1923,-5.2686,0
1.5552,0.73476,-0.53446,2.0482,-4.2042,0
-3.0036,1.4273,-0.73138,-7.7369,-4.9953,0
-5.2829,0.99126,-0.71851,-0.9101,-4.42,0
-4.8081,0.11918,-0.49842,8.4198,-4.6357,0
-1.8639,-0.88114,-0.28348,-0.22742,-5.0529,0
0.13056,-1.3428,-0.19724,-8.192,-4.3625,0
0.22554,-1.9584,-0.16378,2.7309,-4.9378,0
0.7004,-2.4201,-0.12903,7.282,-3.7152,0
2.4099,-2.3431,-0.095561,-4.3235,-4.0029,0
2.4099,-1.7789,-0.090413,-6.5991,-3.2981,0
0.22554,-0.93244,-0.10457,5.9167,-3.0104,0
-1.579,-0.16296,-0.12388,4.7789,-3.4994,0
-2.5287,-0.34251,-0.10457,-6.8267,-2.9241,0
-3.0985,-0.77854,-0.098135,-3.1857,-4.046,0
-0.91415,-1.1889,-0.089126,7.7372,-3.3412,0
2.6949,-1.1376,-0.02992,0.91037,-3.8734,0
3.0747,-0.47075,0.007406,-8.192,-3.4275,0
1.6501,-0.23991,0.012554,0.91037,-2.7947,0
-0.059385,0.067882,-0.027345,7.5096,-2.996,0
-1.6739,0.45262,-0.094274,-3.1857,-1.6728,0
-1.1991,0.22178,-0.13546,-7.5093,-2.2769,0
-0.15436,-0.26556,-0.096848,4.0962,-1.4858,0
-0.15436,-1.0094,0.024138,5.4616,-1.8166,0
-0.059385,-1.4198,0.14126,-5.9164,-2.1043,0
0.51046,-1.6506,0.23651,-5.4613,-1.5577,0
1.4602,-1.8558,0.32274,6.8269,-1.9317,0
1.9351,-2.0867,0.41541,2.2757,-0.26318,0
1.6501,-2.2406,0.46432,-7.7369,-0.1625,0
0.7004,-2.2919,0.45789,-2.0479,0.98818,0
0.32051,-2.497,0.46304,7.282,1.2758,0
-0.91415,-2.3944,0.48492,0.45525,0.90188,0
-4.1432,-2.2919,0.45145,-8.192,1.6354,0
-3.9533,-2.2149,0.39225,1.1379,0.75804,0
0.51046,-2.1893,0.35749,7.282,1.8224,0
2.03,-1.5224,0.35621,-3.1857,1.6067,0
-0.34431,-1.3685,0.35749,-6.8267,2.5847,0
-1.1991,-1.6506,0.32789,5.0064,3.4765,0
0.13056,-1.4967,0.22364,5.234,3.5484,0
1.7451,-0.62465,0.16057,-6.8267,4.6272,0
2.315,-0.26556,0.13998,-4.7786,3.8792,0
1.3652,0.24743,0.17344,7.7372,4.5409,0
1.5552,-0.21426,0.22492,2.7309,4.3395,0
2.6949,-1.2915,0.22879,-7.7369,4.5265,0
1.3652,-1.9584,0.2468,0.00013542,5.6053,0
1.3652,-1.9071,0.26997,8.4198,5.4039,0
3.1697,-0.82984,0.27383,-0.9101,6.4539,0
-1.1041,-0.52205,0.23136,-7.7369,5.6772,0
-8.607,-0.29121,0.18245,3.4135,6.3676,0
-7.1824,-0.23991,0.18374,7.0545,6.8854,0
-0.53425,0.093531,0.20433,-3.6408,6.8998,0
2.5049,0.22178,0.20304,-5.4613,7.8203,0
2.4099,-0.0090658,0.1773,5.6891,6.31,0
3.2647,-0.3938,0.21334,4.0962,6.0368,0
4.4044,-0.52205,0.27126,-7.0542,4.4833,0
0.89035,-0.11166,0.30472,-2.9581,4.1525,0
-5.9477,-0.36816,0.30215,7.282,4.2676,0
-6.8975,-0.82984,0.30215,1.1379,3.6203,0
-1.389,-0.75289,0.26868,-7.9645,5.0443,0
2.03,-0.13731,0.15671,-0.22742,4.6128,0
1.4602,0.14483,-0.033781,6.5994,4.6272,0
0.51046,0.24743,-0.23071,-1.5928,2.6998,0
0.13056,0.93996,-0.46238,-7.7369,0.72928,0
-1.389,1.3247,-0.5898,3.6411,0.81558,0
-1.6739,0.65782,-0.47525,5.6891,0.61421,0
0.79538,0.067882,-0.25645,-5.6889,3.0738,0
1.7451,0.042233,-0.1419,-5.6889,4.6703,0
1.7451,-0.31686,0.00097052,5.6891,7.1587,0
0.60543,-0.5477,0.18502,3.186,9.1436,0
-0.43928,-0.36816,0.33947,-7.7369,9.0573,0
-1.294,0.093531,0.39225,-2.503,9.46,0
-1.389,0.65782,0.40769,7.7372,7.8347,0
-0.53425,0.99126,0.46561,0.45525,8.3669,0
1.4602,1.1195,0.47719,-7.5093,8.9997,0
2.6949,1.299,0.3871,1.5931,11.071,0
2.03,1.1708,0.32789,7.5096,13.904,0
0.7004,1.0426,0.32403,-3.6408,14.163,0
-0.15436,0.99126,0.31502,-7.2818,14.724,0
-0.24933,0.70911,0.34334,5.4616,12.668,0
1.0803,0.11918,0.38324,5.6891,11.157,0
-0.24933,-0.41945,0.39482,-6.8267,9.7333,0
-2.8136,-0.34251,0.36136,-4.5511,8.8128,0
-2.4337,-0.41945,0.33175,7.9647,10.424,0
-0.7242,-0.086014,0.30215,3.4135,10.697,0
1.5552,0.11918,0.297,-6.5991,12.092,0
3.2647,-0.47075,0.29057,-0.22742,11.258,0
2.22,-0.4451,0.28928,7.5096,10.093,0
-1.389,-0.18861,0.2275,-1.1377,9.7477,0
-3.5734,0.35002,0.062751,-7.7369,9.1148,0
-0.91415,0.78606,-0.13417,2.7309,10.941,0
1.5552,0.96561,-0.24744,6.8269,11.229,0
1.2702,0.52957,-0.22556,-3.4133,12.164,0
0.22554,0.27308,-0.1419,-7.0542,11.546,0
0.13056,-0.034715,-0.089126,5.4616,10.208,0
0.13056,-0.18861,-0.078829,5.234,10.524,0
0.60543,-0.18861,-0.13546,-6.5991,9.5463,0
0.79538,-0.47075,-0.16635,-5.6889,10.496,0
0.32051,-1.035,-0.14833,7.0545,9.9922,0
-0.34431,-1.112,-0.16378,2.5033,9.7908,0
-0.15436,-0.77854,-0.19853,-7.7369,9.5607,0
0.13056,-0.85549,-0.20754,-1.8203,7.9066,0
-0.53425,-1.2146,-0.1419,8.1923,7.8059,0
0.60543,-1.8815,-0.068532,-0.9101,5.7203,0
1.1753,-2.4714,-0.10457,-8.4196,5.4183,0
0.89035,-2.3431,-0.17407,3.186,4.9148,0
-0.34431,-2.061,-0.19081,5.234,4.7566,0
-1.579,-2.6509,-0.14318,-5.4613,5.6916,0
-2.7186,-3.4204,-0.04279,-6.3715,4.8429,0
-2.3388,-3.3178,0.076909,6.5994,5.6053,0
-1.1041,-3.1383,0.17344,3.4135,4.4114,0
-0.7242,-3.3178,0.21978,-7.7369,3.7929,0
-0.059385,-3.6769,0.21978,-2.2755,3.0594,0
-0.059385,-3.6256,0.1979,7.9647,1.8224,0
-1.1991,-3.7795,0.17988,-0.68254,2.2539,0
-1.389,-3.8821,0.16443,-7.7369,1.1464,0
-0.91415,-3.6,0.15671,1.3655,1.8799,0
-0.24933,-3.523,0.14126,7.0545,1.8656,0
0.41548,-3.1639,0.08077,-3.1857,2.0382,0
0.22554,-2.3175,-0.023484,-6.3715,2.7142,0
0.22554,-1.9328,-0.062097,3.8687,1.808,0
0.13056,-2.574,-0.035068,5.4616,2.0813,0
-1.0091,-2.7022,0.022851,-5.0062,0.35531,0
-1.8639,-2.1893,0.07176,-4.0959,-0.14811,0
-2.0538,-1.6506,0.15285,7.5096,-0.4214,0
-1.389,-1.9584,0.22235,3.8687,-0.80975,0
0.89035,-1.9071,0.23522,-7.5093,0.38407,0
1.0803,-1.3428,0.18116,-3.1857,-0.46455,0
-0.059385,-1.0863,0.16186,7.7372,-0.39263,0
-1.1991,-0.6503,0.22106,1.5931,-2.0036,0
-2.4337,-0.4451,0.34977,-7.2818,-3.4851,0
-3.5734,-0.72725,0.45274,1.5931,-4.046,0
-2.9086,-0.72725,0.49264,7.7372,-5.7289,0
-1.9589,-0.599,0.42571,-2.2755,-4.8659,0
-0.53425,-0.5477,0.32274,-6.8267,-5.1104,0
1.2702,0.40132,0.29314,4.7789,-4.0316,0
1.9351,0.63217,0.27255,5.0064,-4.0172,0
1.6501,0.35002,0.22364,-7.2818,-5.0241,0
0.7004,-0.23991,0.19403,-5.4613,-5.1823,0
-0.34431,-0.36816,0.25324,7.282,-6.6206,0
0.22554,-0.4964,0.297,2.2757,-5.8727,0
2.4099,-0.82984,0.26868,-8.4196,-6.4049,0
1.9351,-0.23991,0.26096,-1.3652,-6.3617,0
-0.34431,0.093531,0.28284,7.5096,-5.9302,0
-0.7242,-0.26556,0.26354,-1.3652,-6.448,0
0.89035,-0.23991,0.18502,-7.5093,-6.1748,0
1.4602,0.27308,0.11166,2.9584,-7.9727,0
1.3652,0.78606,0.060177,6.1442,-7.685,0
0.98533,0.68346,-0.018336,-5.2337,-8.0302,0
0.32051,1.1965,-0.18051,-5.6889,-7.9727,0
-0.059385,2.1198,-0.28991,6.1442,-7.6131,0
0.7004,2.0429,-0.27961,3.6411,-8.6631,0
0.32051,1.6325,-0.21269,-7.2818,-8.059,0
0.13056,1.7094,-0.13289,-5.0062,-8.6343,0
1.2702,1.8633,-0.071106,7.0545,-7.5556,0
1.1753,1.8633,-0.0041778,2.2757,-7.8432,0
-0.81917,1.812,0.098789,-7.7369,-8.548,0
-2.1488,2.0942,0.16829,0.00013542,-8.2172,0
-1.1041,2.2737,0.20433,7.282,-8.9508,0
0.7004,2.5046,0.23007,-1.1377,-7.8289,0
1.3652,2.915,0.24809,-7.7369,-8.2172,0
0.41548,2.838,0.25453,3.4135,-7.3542,0
-1.0091,2.9919,0.22106,7.282,-6.9658,0
-0.7242,3.787,0.18116,-4.0959,-7.196,0
1.8401,3.787,0.1477,-5.4613,-6.52,0
2.7898,3.351,0.12324,5.9167,-7.5556,0
-1.1991,3.1201,0.11552,5.4616,-6.0309,0
-3.6684,2.5302,0.11295,-6.8267,-5.5275,0
-0.059385,2.0942,0.074335,-4.0959,-4.2761,0
4.6893,1.376,0.0048318,7.282,-3.4563,0
4.9742,1.812,-0.098135,2.2757,-4.5926,0
1.3652,2.6328,-0.18694,-8.6471,-4.4919,0
-0.059385,2.5046,-0.17665,-0.22742,-6.3761,0
0.89035,2.3507,-0.13804,7.282,-6.5487,0
0.7004,2.5302,-0.12002,-1.8203,-6.3474,0
-1.7689,2.6328,-0.11101,-7.7369,-5.1535,0
-2.5287,2.6841,-0.10071,3.4135,-2.6221,0
0.32051,2.9919,-0.10714,6.3718,-2.5645,0
2.22,3.1201,-0.14962,-5.4613,-2.4638,0
1.3652,3.1201,-0.18952,-6.144,-5.47,0
0.035589,3.1201,-0.14704,5.6891,-7.7857,0
0.51046,2.838,-0.062097,3.4135,-8.7638,0
1.5552,3.0175,-0.023484,-7.5093,-8.2747,0
1.6501,3.3766,-0.031207,-3.8684,-4.2618,0
-0.24933,3.1714,0.042157,7.5096,-1.7447,0
-1.6739,2.6585,0.14126,1.1379,1.1176,0
-1.579,2.7867,0.14255,-9.3298,1.3621,0
0.60543,2.7867,0.044732,0.45525,0.35531,0
2.9798,2.9919,-0.15863,7.5096,-0.63715,0
2.6949,3.8127,-0.47783,-0.9101,-2.1762,0
0.7004,3.9666,-0.78158,-8.192,-0.69468,0
-0.15436,4.1718,-0.84722,2.9584,0.36969,0
0.51046,3.7614,-0.67218,6.8269,3.2751,0
1.3652,2.5046,-0.45981,-4.0959,4.6128,0
0.41548,1.9916,-0.23972,-6.5991,3.7929,0
0.22554,1.812,0.055028,4.3238,2.671,0
1.2702,1.0939,0.37037,5.4616,-0.23441,0
1.4602,0.45262,0.51838,-6.5991,-0.70906,0
0.7004,0.96561,0.48363,-5.0062,-1.155,0
0.32051,1.3247,0.38452,7.282,0.81558,0
0.035589,1.1708,0.33433,3.4135,3.2032,0
0.13056,1.0682,0.30858,-7.7369,4.4977,0
0.60543,1.0682,0.26611,-1.5928,5.8929,0
0.89035,1.0169,0.21849,7.282,4.0806,0
1.4602,0.55522,0.18889,0.91037,3.4765,0
0.98533,0.73476,0.158,-7.9645,2.0094,0
-0.81917,0.52957,0.1773,1.5931,1.621,0
-0.91415,0.27308,0.18502,7.9647,2.3115,0
0.60543,0.70911,0.10522,-2.0479,2.4121,0
0.7004,1.2221,0.0022576,-6.8267,4.469,0
-0.24933,1.4016,-0.0518,5.234,3.9512,0
-0.7242,1.4273,-0.08269,6.3718,3.3327,0
-0.059385,0.91431,-0.12903,-6.144,1.1032,0
1.6501,0.99126,-0.16764,-5.0062,-1.083,0
2.03,1.5042,-0.31308,6.8269,-0.23441,0
1.1753,1.812,-0.45337,2.9584,0.84434,0
1.4602,1.5812,-0.44179,-6.8267,4.771,0
1.1753,1.2221,-0.2809,-1.3652,6.8566,0
-0.53425,0.78606,-0.12645,7.282,7.6333,0
-0.24933,0.45262,-0.10457,0.00013542,7.1011,0
2.6949,0.76041,-0.15477,-8.8747,4.4546,0
4.2144,0.93996,-0.10714,2.0482,3.5484,0
2.9798,0.78606,-0.0080391,6.5994,1.8799,0
1.2702,0.47827,0.020277,-4.5511,3.0306,0
0.89035,0.50392,-0.059523,-6.8267,4.5265,0
-1.389,0.35002,-0.19853,6.8269,5.9361,0
-4.5231,0.19613,-0.24358,3.186,7.4176,0
-3.2885,-0.034715,-0.20625,-7.7369,6.31,0
-0.91415,-0.47075,-0.1715,-4.3235,6.2813,0
0.32051,-0.34251,-0.15863,8.1923,4.771,0
1.3652,-0.4964,-0.15091,0.91037,4.6416,0
1.7451,-0.52205,-0.090413,-8.192,4.9292,0
1.7451,-0.34251,-0.028633,0.68281,4.8142,0
1.7451,-0.13731,-0.038929,7.5096,6.31,0
1.4602,0.58087,-0.1213,-2.9581,5.5333,0
0.51046,0.96561,-0.19853,-7.2818,6.0799,0
-1.0091,1.0169,-0.21655,5.0064,5.3176,0
-1.7689,1.0682,-0.20882,5.9167,5.3032,0
-0.91415,0.96561,-0.24486,-5.6889,6.3244,0
-0.24933,0.73476,-0.23071,-4.7786,6.4826,0
-0.43928,0.17048,-0.18823,6.3718,8.3812,0
-0.62923,0.093531,-0.18308,2.7309,8.2806,0
-0.059385,-0.26556,-0.14061,-6.8267,9.2011,0
0.60543,-0.5477,-0.069819,-2.503,8.6401,0
1.2702,-0.11166,-0.036355,7.5096,7.173,0
1.8401,-0.11166,-0.022197,0.2277,6.3388,0
2.125,-0.41945,-0.017049,-7.9645,4.2388,0
1.7451,-0.086014,-0.10328,1.8206,4.7135,0
-0.059385,0.35002,-0.24486,7.0545,4.0231,0
-0.43928,0.35002,-0.34654,-3.4133,4.095,0
0.32051,0.27308,-0.30664,-6.8267,4.0518,0
0.7004,0.40132,-0.241,5.4616,3.4765,0
-0.059385,0.016583,-0.3015,5.234,4.3107,0
-1.6739,-0.62465,-0.28734,-6.144,3.1169,0
-0.24933,-0.93244,-0.12774,-4.5511,3.4765,0
0.89035,-0.72725,0.017703,6.3718,3.0019,0
0.51046,-0.88114,0.087205,2.9584,2.7286,0
-1.0091,-1.2146,0.070473,-7.9645,3.4046,0
-1.9589,-0.85549,0.0061189,-2.0479,3.3902,0
-1.579,-0.95809,-0.08269,7.5096,5.5477,0
-0.81917,-1.1633,-0.1213,0.2277,6.2381,0
-1.294,-1.112,-0.095561,-8.4196,8.0073,0
-0.7242,-0.75289,-0.056948,1.3655,8.5107,0
-0.81917,-1.1376,-0.067245,7.7372,7.9497,0
-1.6739,-1.8302,-0.024771,-3.6408,7.8059,0
-1.0091,-1.6763,0.060177,-6.8267,5.9073,0
0.89035,-0.75289,0.047306,5.4616,5.5477,0
0.98533,-0.75289,-0.049226,4.5513,3.5197,0
0.51046,-1.1633,-0.12259,-7.0542,2.2252,0
0.7004,-1.1633,-0.12388,-3.8684,1.2615,0
1.5552,-1.0607,-0.085264,7.0545,-0.11935,0
2.125,-1.0607,0.015128,1.3655,0.80119,0
2.03,-1.2659,0.14512,-8.4196,0.22586,0
0.51046,-1.6506,0.24037,0.00013542,1.0889,0
-2.3388,-1.0607,0.25195,7.9647,0.77243,0
-1.1991,-0.67595,0.17215,-1.8203,0.32654,0
0.79538,-0.57335,0.10522,-7.9645,0.85873,0
1.4602,-0.29121,0.10265,4.5513,0.24024,0
-1.8639,-0.26556,0.13869,6.1442,1.5491,0
-5.4729,-0.4964,0.1876,-5.0062,1.1176,0
-4.5231,-0.88114,0.22492,-6.144,1.1895,0
0.51046,-1.035,0.2571,6.1442,0.39846,0
2.5049,-1.4711,0.22492,3.8687,-1.1406,0
0.51046,-1.8045,0.14126,-7.7369,-1.2125,0
-1.0091,-1.8302,0.10394,-3.6408,-2.5645,0
0.22554,-1.548,0.11681,7.9647,-1.831,0
0.79538,-1.7276,0.11166,2.0482,-2.1906,0
-1.389,-1.5737,0.038296,-7.7369,-1.7591,0
-2.7186,-1.3685,-0.050513,0.2277,-1.1262,0
-1.1041,-0.4451,-0.15477,7.282,-1.8885,0
0.89035,0.29873,-0.34268,-2.9581,-1.3707,0
1.5552,0.27308,-0.50872,-6.144,-2.6652,0
0.51046,-0.060364,-0.61812,4.7789,-2.2769,0
-0.34431,-0.4964,-0.57307,5.4616,-2.133,0
0.41548,-1.5737,-0.42763,-5.6889,-2.4638,0
0.7004,-1.625,-0.33882,-4.7786,-2.2049,0
-0.24933,-1.2146,-0.32981,6.5994,-3.9166,0
-1.579,-0.82984,-0.27961,3.4135,-3.9022,0
-2.7186,-0.95809,-0.068532,-7.5093,-4.9809,0
-2.1488,-1.2659,0.2069,-1.8203,-5.0672,0
-1.294,-1.6506,0.36779,7.9647,-4.8515,0
-0.91415,-2.1123,0.44888,0.00013542,-5.2974,0
1.0803,-1.9328,0.47848,-7.7369,-4.046,0
1.3652,-1.3172,0.4862,1.8206,-4.8083,0
0.13056,-1.035,0.49264,6.1442,-4.2186,0
-1.1041,-0.52205,0.41284,-3.4133,-4.6357,0
0.79538,0.24743,0.13483,-7.2818,-4.3049,0
2.8848,0.78606,-0.21011,5.234,-2.9385,0
2.6949,0.96561,-0.38516,4.5513,-2.7515,0
0.89035,0.78606,-0.38516,-7.9645,-0.95358,0
-1.9589,0.58087,-0.34397,-4.5511,-1.5145,0
-3.7634,0.58087,-0.32724,7.0545,-1.5577,0
-2.3388,0.63217,-0.32852,1.3655,-2.5501,0
0.98533,0.88866,-0.3105,-8.192,-3.8015,0
3.2647,0.52957,-0.22427,0.00013542,-3.4419,0
2.125,0.99126,-0.099422,7.5096,-4.3337,0
0.7004,1.0169,0.0035447,-2.503,-3.1542,0
-0.059385,0.067882,0.052454,-7.5093,-3.3988,0
0.13056,-0.52205,0.026712,4.5513,-2.6508,0
0.7004,-0.31686,-0.069819,5.9167,-2.0611,0
-1.1041,-0.21426,-0.11487,-6.144,-2.5645,0
-3.4784,0.29873,-0.037642,-5.6889,-2.0036,0
-3.1935,0.32437,0.070473,6.8269,-3.4131,0
-0.24933,0.50392,0.13097,3.6411,-3.1399,0
1.7451,0.52957,0.14899,-7.2818,-3.0823,0
1.1753,0.60652,0.12324,-1.8203,-2.6508,0
-0.24933,0.27308,0.098789,7.282,-1.4426,0
-0.24933,0.19613,0.055028,1.8206,-2.1762,0
-1.0091,-0.086014,-0.014475,-7.7369,-1.8454,0
-2.4337,-0.41945,-0.065958,1.1379,-2.9529,0
-1.1041,-0.34251,-0.063384,7.0545,-2.7084,0
0.035589,-0.034715,-0.026058,-2.2755,-2.1186,0
0.22554,-0.086014,0.035722,-7.7369,-2.0611,0
-0.81917,0.11918,0.10265,5.0064,-1.0399,0
-1.294,0.37567,0.13998,5.234,-1.8597,0
-0.91415,-0.16296,0.15285,-6.3715,-1.1262,0
-0.91415,-0.7016,0.15285,-5.2337,-1.2556,0
-0.24933,-0.95809,0.15413,7.0545,-0.82413,0
1.1753,-1.2402,0.13998,2.7309,0.010105,0
0.89035,-0.90679,0.084631,-7.2818,-0.32071,0
-1.1991,-0.6503,0.024138,-1.1377,1.0169,0
-2.7186,-0.599,0.021564,7.9647,0.35531,0
-1.1991,-0.599,0.04988,0.68281,1.0889,0
0.60543,-0.599,0.065325,-7.5093,0.81558,0
1.3652,-0.80419,0.097502,2.7309,0.19709,0
-0.34431,-0.47075,0.13225,7.0545,0.45599,0
-2.1488,-0.23991,0.11423,-5.2337,-0.56523,0
-0.24933,0.067882,0.074335,-6.3715,0.72928,0
1.2702,0.11918,0.042157,5.9167,0.91626,0
-2.2438,-0.29121,0.022851,3.4135,1.9087,0
-3.0036,-0.75289,0.0022576,-8.192,2.3834,0
0.89035,-0.7016,-0.0080391,-4.3235,1.0745,0
2.5999,-0.13731,0.00097052,7.9647,0.81558,0
1.9351,0.65782,-0.0028907,1.5931,-0.95358,0
1.1753,1.2221,0.020277,-8.192,-0.49331,0
-0.43928,0.93996,0.11938,0.00013542,-0.26318,0
-1.484,0.65782,0.22879,7.0545,0.11079,0
-0.91415,0.86301,0.31373,-1.8203,1.132,0
0.79538,0.73476,0.3266,-7.2818,-0.004278,0
1.6501,0.35002,0.31888,3.6411,0.067639,0
0.13056,-0.0090658,0.24423,6.5994,-1.5577,0
-1.294,0.067882,0.17473,-4.7786,-1.5289,0
-2.7186,-0.11166,0.19017,-4.7786,-1.0687,0
-2.4337,-0.13731,0.14126,6.3718,-0.98235,0
0.32051,0.29873,-0.0016037,4.0962,0.19709,0
1.8401,0.55522,-0.064671,-7.2818,-0.99673,0
0.79538,0.32437,-0.054374,-2.2755,-0.95358,0
0.51046,0.32437,-0.077542,7.9647,-2.0323,0
0.32051,0.96561,-0.16893,1.1379,-2.3488,0
-1.484,1.6325,-0.2912,-7.5093,-1.8597,0
-0.53425,2.0685,-0.3414,1.5931,-2.2912,0
1.4602,1.9916,-0.21397,7.5096,-1.1693,0
0.41548,1.3247,-0.0518,-2.503,-1.946,0
-0.81917,1.0426,0.10522,-6.5991,-1.7159,0
-1.389,0.73476,0.23393,4.7789,-2.3344,0
-2.6237,0.40132,0.297,5.6891,-3.3125,0
-1.6739,0.50392,0.28027,-5.9164,-2.9529,0
0.51046,1.0426,0.2275,-5.0062,-4.0316,0
0.41548,1.1195,0.21978,6.5994,-3.3125,0
-1.8639,0.76041,0.23779,3.186,-4.1179,0
-2.3388,0.68346,0.24552,-7.9645,-3.9453,0
0.41548,0.83736,0.25324,-1.5928,-3.5714,0
1.7451,0.70911,0.23007,7.9647,-4.0604,0
-1.0091,0.32437,0.19661,-0.68254,-3.4419,0
-2.5287,-0.23991,0.15156,-8.192,-4.8946,0
-1.1991,-0.060364,0.084631,2.2757,-4.8803,0
-1.484,0.093531,-0.044078,6.8269,-5.585,0
-2.0538,-0.26556,-0.19724,-4.0959,-5.4412,0
-0.53425,0.40132,-0.28991,-7.5093,-4.3912,0
1.2702,0.093531,-0.18823,4.7789,-4.4056,0
1.1753,-0.90679,0.031861,5.4616,-3.1686,0
0.98533,-1.3172,0.18889,-6.8267,-4.2186,0
0.89035,-1.1376,0.23136,-5.4613,-4.3049,0
-0.24933,-0.82984,0.18889,6.5994,-5.1104,0
-1.6739,-0.6503,0.16186,2.7309,-5.9015,0
-1.0091,-0.88114,0.14255,-7.7369,-5.3981,0
0.41548,-0.95809,0.094928,-1.3652,-6.2323,0
-0.34431,-0.21426,0.012554,8.1923,-5.2255,0
-0.81917,0.11918,-0.12774,0.45525,-6.0165,0
0.13056,0.47827,-0.32981,-7.2818,-5.9734,0
2.7898,0.83736,-0.42634,2.7309,-6.1316,0
3.6446,1.1965,-0.34397,6.8269,-7.0809,0
1.1753,0.93996,-0.2513,-4.0959,-6.3617,0
-0.81917,0.68346,-0.2616,-6.3715,-7.2823,0
0.22554,0.58087,-0.31308,5.4616,-6.2179,0
1.6501,0.29873,-0.21526,5.4616,-5.9878,0
0.7004,-0.26556,0.029286,-6.3715,-5.657,0
-2.1488,-0.26556,0.24423,-3.6408,-4.5351,0
-3.0036,-0.0090658,0.34205,7.9647,-5.1248,0
-1.294,0.22178,0.3369,2.7309,-4.2761,0
-1.294,0.47827,0.30215,-7.7369,-5.2542,0
-0.7242,0.55522,0.29443,-0.9101,-4.9953,0
0.32051,1.0682,0.29829,7.9647,-4.8515,0
0.7004,1.1452,0.29057,-1.1377,-4.9809,0
0.79538,1.0426,0.32532,-7.9645,-3.5857,0
0.89035,1.2734,0.43987,2.7309,-4.1755,0
1.3652,0.86301,0.56214,7.0545,-3.4563,0
0.41548,0.91431,0.55184,-4.5511,-4.4056,0
-0.7242,0.73476,0.48105,-6.5991,-5.2398,0
-0.24933,0.70911,0.42957,6.1442,-5.4556,0
0.51046,1.1452,0.42828,4.0962,-6.52,0
-0.34431,1.1708,0.45789,-7.2818,-5.6282,0
-1.7689,1.299,0.46432,-2.9581,-6.3042,0
-1.0091,1.4273,0.42571,7.7372,-5.585,0
1.4602,1.4273,0.37423,2.0482,-5.8583,0
4.3094,1.7351,0.32532,-8.4196,-6.3474,0
3.6446,1.5812,0.33947,-1.1377,-6.1028,0
0.79538,0.99126,0.31373,7.0545,-7.0521,0
-0.91415,0.76041,0.24294,-1.5928,-6.0453,0
-2.1488,1.1708,0.13869,-8.4196,-6.5631,0
-2.8136,1.376,-0.0119,2.2757,-5.6857,0
-2.7186,1.3503,-0.10843,6.3718,-5.2686,0
-2.4337,0.93996,-0.078829,-4.3235,-5.4268,0
-1.1991,0.68346,0.030574,-6.5991,-4.5494,0
0.98533,0.42697,0.15413,5.9167,-5.6713,0
2.03,0.19613,0.19275,4.7789,-5.1392,0
1.7451,0.19613,0.18631,-6.8267,-5.8871,0
1.0803,0.17048,0.15413,-3.8684,-5.6857,0
0.7004,0.22178,0.12839,7.0545,-5.1679,0
1.5552,0.19613,0.13869,1.8206,-5.2974,0
2.22,0.22178,0.087205,-7.2818,-3.8446,0
1.7451,0.42697,-0.02992,0.45525,-4.2186,0
1.5552,0.68346,-0.16506,7.5096,-3.3125,0
0.51046,0.83736,-0.22813,-2.0479,-3.2262,0
-3.0985,0.47827,-0.15219,-6.5991,-3.2837,0
-5.2829,0.27308,-0.058236,4.3238,-2.4926,0
-2.6237,0.17048,0.020277,5.9167,-3.4851,0
1.4602,-0.34251,0.13611,-5.4613,-2.694,0
2.9798,-0.75289,0.24552,-4.0959,-3.4131,0
1.9351,-0.41945,0.32789,7.0545,-3.0248,0
1.6501,-0.0090658,0.3665,2.5033,-2.5214,0
1.7451,0.14483,0.35235,-7.2818,-2.6364,0
0.98533,-0.034715,0.30215,0.00013542,-1.3851,0
1.9351,0.093531,0.1979,8.6474,-2.0323,0
3.2647,0.63217,0.097502,-0.9101,-1.4426,0
1.6501,0.68346,0.0099801,-8.192,-2.0755,0
-1.579,0.63217,-0.054374,3.186,-2.4207,0
-2.3388,0.58087,-0.02091,7.5096,-1.8741,0
0.32051,0.93996,0.029286,-4.0959,-2.5214,0
1.7451,0.99126,0.10265,-6.8267,-1.2269,0
-0.81917,0.73476,0.21849,5.6891,-1.5577,0
-1.9589,0.37567,0.31245,4.7789,-0.86728,0
0.51046,-0.060364,0.3266,-6.3715,-0.75222,0
1.8401,-0.67595,0.35363,-3.6408,-1.5145,0
1.2702,-0.6503,0.46947,7.0545,-1.1981,0
-0.24933,-0.13731,0.51838,1.8206,-2.4207,0
0.035589,0.11918,0.40769,-7.7369,-1.9892,0
0.035589,-0.034715,0.29571,0.2277,-2.8522,0
-0.43928,-0.11166,0.3073,7.0545,-3.1111,0
-0.059385,0.11918,0.2674,-2.2755,-3.2405,0
1.7451,0.73476,0.14384,-8.192,-4.2905,0
3.3597,0.99126,0.035722,3.8687,-3.8878,0
1.9351,0.78606,-0.050513,7.0545,-4.9953,0
0.7004,0.68346,-0.13289,-5.0062,-4.5351,0
1.2702,1.0939,-0.15219,-5.4613,-5.0529,0
1.6501,2.1198,-0.072394,6.1442,-5.3981,0
0.60543,1.9916,0.060177,4.5513,-5.1679,0
-2.0538,1.1708,0.17087,-7.0542,-6.2754,0
-5.093,0.65782,0.24552,-2.0479,-5.6426,0
-5.4729,0.37567,0.27255,8.1923,-6.5056,0
-1.294,0.19613,0.2674,0.2277,-5.959,0
1.8401,0.14483,0.25968,-7.9645,-5.8583,0
1.2702,-0.034715,0.24294,1.5931,-6.2179,0
-0.059385,0.067882,0.1876,7.282,-5.4987,0
-1.7689,0.70911,0.094928,-3.4133,-6.4049,0
-0.62923,1.2221,-0.049226,-7.2818,-5.5419,0
2.9798,0.86301,-0.13675,4.7789,-5.8871,0
3.8345,0.40132,-0.089126,5.6891,-5.772,0
2.6949,-0.0090658,0.048593,-6.3715,-5.3981,0
2.9798,-0.16296,0.13225,-4.3235,-6.1891,0
1.1753,0.042233,0.1181,7.7372,-5.2686,0
-2.1488,0.37567,0.10136,2.2757,-5.9446,0
-3.5734,0.52957,0.11938,-8.192,-5.096,0
-0.43928,-0.086014,0.14384,-1.1377,-4.9809,0
4.0245,-0.060364,0.14255,8.4198,-4.909,0
5.734,0.40132,0.12711,-1.1377,-3.8734,0
3.2647,0.58087,0.19661,-8.192,-4.2042,0
-0.62923,0.52957,0.27641,2.7309,-2.8234,0
-3.0036,0.067882,0.29185,7.282,-3.0104,0
-1.8639,-0.11166,0.22364,-3.8684,-2.3775,0
0.60543,0.52957,0.12324,-6.3715,-1.9748,0
1.4602,0.65782,0.044732,6.1442,-2.2912,0
1.0803,0.37567,0.0022576,5.0064,-0.89605,0
0.13056,0.24743,-0.035068,-6.5991,-1.2988,0
-1.389,0.70911,-0.102,-3.8684,-0.090578,0
-2.4337,0.22178,-0.17665,8.1923,-0.37825,0
-2.5287,-0.034715,-0.2114,2.0482,-0.43578,0
-1.294,-0.18861,-0.26803,-8.192,-0.34948,0
0.41548,0.016583,-0.35813,-1.8203,-1.4858,0
0.32051,0.22178,-0.44436,7.282,-0.89605,0
-1.0091,0.22178,-0.49198,-0.9101,-1.8022,0
-0.91415,0.19613,-0.53317,-7.9645,-1.27,0
1.4602,0.22178,-0.57822,2.7309,-1.083,0
2.7898,0.70911,-0.60525,6.8269,-1.27,0
0.32051,0.93996,-0.63743,-4.7786,-0.57961,0
-1.579,0.27308,-0.66188,-6.3715,-1.5433,0
0.22554,0.40132,-0.64515,4.7789,-1.083,0
1.1753,0.78606,-0.6001,4.0962,-1.8885,0
-0.62923,0.76041,-0.6001,-7.5093,-2.0036,0
-2.3388,0.93996,-0.58852,-3.6408,-1.8597,0
-1.8639,0.99126,-0.50099,7.282,-2.5214,0
0.035589,0.45262,-0.39674,1.1379,-1.6728,0
0.60543,-0.21426,-0.36971,-7.7369,-2.5789,0
-1.389,-0.23991,-0.39803,0.45525,-1.9748,0
-2.0538,0.016583,-0.41733,7.5096,-2.4495,0
0.79538,0.17048,-0.3903,-1.3652,-2.6364,0
3.5496,0.70911,-0.43407,-7.5093,-2.2769,0
1.7451,1.5042,-0.52802,3.4135,-3.2118,0
-2.2438,1.5042,-0.5705,7.0545,-2.4207,0
-3.4784,0.96561,-0.49456,-4.7786,-3.4851,0
-1.1041,0.63217,-0.34397,-5.2337,-3.1111,0
-0.24933,0.42697,-0.24486,5.9167,-3.3556,0
-1.9589,0.47827,-0.21783,3.6411,-3.8015,0
-1.7689,-0.18861,-0.21655,-7.5093,-3.1974,0
-0.059385,-0.5477,-0.241,-3.1857,-4.2042,0
-0.91415,-0.31686,-0.26288,7.7372,-3.4419,0
-3.6684,0.042233,-0.23843,1.5931,-4.3625,0
-2.7186,0.17048,-0.19982,-8.192,-4.4631,0
1.4602,-0.23991,-0.1818,0.45525,-4.6214,0
2.7898,-0.5477,-0.17279,6.5994,-5.5275,0
0.79538,-0.62465,-0.13546,-1.8203,-4.794,0
-0.81917,-0.62465,-0.085264,-8.4196,-5.6857,0
-1.389,-1.0863,-0.08269,3.186,-4.9522,0
-0.81917,-1.548,-0.087839,5.9167,-5.096,0
-0.53425,-1.2146,-0.053087,-6.3715,-5.2974,0
-0.15436,-0.80419,-0.049226,-5.4613,-4.8659,0
0.41548,-0.31686,-0.087839,5.9167,-5.959,0
0.22554,0.52957,-0.11873,3.4135,-5.2255,0
-1.484,0.63217,-0.092987,-7.2818,-5.8871,0
-0.43928,-0.13731,-0.036355,-3.1857,-5.1104,0
3.6446,-0.52205,0.075622,7.7372,-4.3625,0
3.9295,-0.36816,0.17988,0.68281,-4.3768,0
1.2702,-0.80419,0.1979,-8.6471,-3.2837,0
-0.24933,-1.4198,0.1078,0.45525,-4.2618,0
-1.0091,-0.95809,0.00097052,6.5994,-3.8734,0
-1.8639,0.27308,-0.040216,-2.0479,-4.5782,0
-1.6739,1.1708,-0.038929,-7.2818,-4.9378,0
0.22554,1.1195,-0.037642,3.6411,-4.5926,0
1.8401,0.55522,-0.069819,5.9167,-5.3549,0
2.22,-0.0090658,-0.098135,-6.8267,-4.1611,0
1.8401,0.067882,-0.092987,-5.0062,-4.4344,0
0.7004,0.37567,-0.08269,7.0545,-3.4563,0
-0.24933,0.58087,-0.076255,2.9584,-2.6652,0
-0.53425,-0.13731,-0.10071,-7.7369,-2.809,0
-1.294,-0.23991,-0.13804,-1.5928,-1.8454,0
-1.484,-0.4964,-0.2011,7.7372,-2.8234,0
0.13056,-0.82984,-0.23972,1.1379,-2.4926,0
2.8848,-1.2659,-0.23071,-6.8267,-3.1974,0
3.5496,-1.112,-0.20239,1.5931,-3.3412,0
0.51046,-0.77854,-0.16249,7.9647,-2.7947,0
-2.0538,-1.4454,-0.17793,-1.8203,-3.2981,0
-1.1041,-1.7276,-0.20239,-7.7369,-2.2481,0
-0.15436,-1.5737,-0.16249,3.6411,-3.0248,0
0.13056,-1.1633,-0.102,6.8269,-2.5933,0
0.60543,-0.77854,-0.056948,-5.9164,-2.7227,0
0.89035,-0.36816,-0.063384,-6.144,-3.1111,0
0.7004,-0.47075,-0.13417,6.5994,-2.507,0
1.4602,-0.85549,-0.22556,4.0962,-3.2693,0
1.7451,-1.4198,-0.24744,-7.0542,-2.2912,0
-0.059385,-1.2146,-0.12645,-3.1857,-2.7371,0
-0.43928,-0.11166,0.075622,8.1923,-2.0611,0
0.79538,0.24743,0.19403,1.5931,-1.6152,0
1.5552,-0.060364,0.23651,-8.4196,-1.946,0
0.035589,-0.13731,0.27383,-0.45498,-1.3995,0
0.035589,-0.034715,0.27126,7.9647,-2.6077,0
0.41548,-0.086014,0.29057,-0.68254,-2.1186,0
-2.1488,-0.4451,0.32532,-7.7369,-2.9529,0
-2.7186,-0.5477,0.28027,2.2757,-3.2118,0
-0.15436,-0.34251,0.18889,6.5994,-3.1255,0
2.6949,-0.4964,0.16186,-4.3235,-3.9022,0
3.3597,-0.26556,0.19146,-6.3715,-2.996,0
2.125,0.24743,0.21978,5.234,-3.6864,0
1.6501,0.27308,0.18116,3.4135,-3.0104,0
0.89035,0.016583,0.084631,-7.2818,-3.2693,0
-0.7242,-0.18861,0.0035447,-3.8684,-3.8446,0
-2.8136,-0.6503,-0.047939,7.9647,-3.37,0
-4.1432,-0.95809,-0.089126,1.1379,-4.2618,0
-2.5287,-0.5477,-0.085264,-8.6471,-3.2262,0
-0.15436,-0.4964,-0.10328,-0.45498,-3.5282,0
1.6501,-0.086014,-0.1612,7.5096,-3.0248,0
1.1753,-0.086014,-0.22556,0.00013542,-2.5214,0
0.51046,0.093531,-0.24744,-8.192,-3.0679,0
1.6501,0.42697,-0.2114,3.4135,-2.1906,0
1.4602,0.58087,-0.22298,6.3718,-3.1974,0
0.41548,0.11918,-0.29635,-4.5511,-2.507,0
0.13056,-0.11166,-0.32724,-5.6889,-2.7227,0
0.98533,0.32437,-0.28348,5.9167,-2.694,0
1.6501,1.0426,-0.25387,4.0962,-2.0611,0
0.51046,0.86301,-0.31565,-6.144,-3.0104,0
-0.15436,0.37567,-0.37229,-2.0479,-2.5358,0
-1.6739,0.17048,-0.35813,7.7372,-3.9741,0
-2.7186,-0.086014,-0.29506,0.45525,-3.7727,0
-1.294,-0.16296,-0.27061,-7.9645,-3.6433,0
-0.24933,0.016583,-0.29249,1.5931,-3.4851,0
-0.43928,-0.31686,-0.3015,6.5994,-2.0467,0
-0.62923,-0.23991,-0.25001,-2.9581,-2.7084,0
1.0803,0.042233,-0.18566,-7.2818,-2.3632,0
4.2144,0.19613,-0.1213,4.5513,-3.6433,0
4.6893,0.22178,-0.036355,5.0064,-4.2905,0
2.03,0.22178,0.039583,-6.8267,-4.0029,0
-1.1991,0.11918,0.076909,-5.4613,-4.046,0
-3.1935,-0.060364,0.11037,6.5994,-2.0755,0
-4.2382,-0.16296,0.20176,2.9584,-1.7159,0
-3.8583,0.042233,0.31116,-7.7369,-0.594,0
-1.1041,0.11918,0.42828,-2.2755,-0.8529,0
1.5552,-0.57335,0.54541,7.9647,-1.3995,0
2.315,-0.90679,0.57887,0.91037,-0.78098,0
1.6501,-0.77854,0.55313,-7.9645,-0.91043,0
1.1753,-0.599,0.49135,0.2277,1.2758,0
0.98533,-0.16296,0.40769,7.282,2.2108,0
1.3652,-0.57335,0.27126,-1.8203,4.2964,0
2.125,-0.93244,0.13354,-7.9645,5.6916,0
1.6501,-0.4964,0.0061189,3.4135,5.8498,0
0.60543,-0.47075,-0.11101,6.1442,6.6265,0
0.89035,-0.57335,-0.20368,-5.4613,5.1594,0
1.7451,-0.36816,-0.2809,-5.4613,5.3463,0
2.22,-0.4964,-0.30922,6.8269,4.4977,0
1.2702,-1.3428,-0.22041,3.4135,4.5121,0
-1.294,-1.9328,-0.006752,-7.9645,5.3032,0
-3.0036,-1.625,0.25968,-2.503,5.2457,0
-1.6739,-1.0094,0.40254,8.6474,6.4683,0
0.7004,-1.1376,0.36264,0.00013542,5.4039,0
-0.62923,-1.5737,0.20433,-8.192,5.1018,0
0.035589,-1.2659,0.01899,2.5033,3.7786,0
3.8345,-0.82984,-0.14447,6.5994,2.671,0
4.6893,-0.599,-0.30021,-3.4133,3.3327,0
1.4602,-0.599,-0.36328,-6.5991,3.1745,0
-0.7242,-0.90679,-0.38258,5.4616,4.9724,0
-0.43928,-1.1376,-0.36585,5.234,4.958,0
-1.484,-1.112,-0.29635,-6.5991,5.6053,0
-4.7131,-1.035,-0.16764,-3.1857,5.5621,0
-3.7634,-0.95809,-0.049226,7.9647,4.6703,0
0.22554,-1.0607,-0.0041778,2.5033,5.2744,0
0.32051,-0.93244,-0.0016037,-7.7369,4.3539,0
-0.24933,-0.98374,0.016416,-0.68254,5.0731,0
0.41548,-0.7016,0.027999,8.6474,4.8285,0
0.7004,-0.36816,0.034435,-0.68254,4.771,0
0.41548,0.016583,0.015128,-8.4196,5.1018,0
-0.43928,-0.086014,-0.027345,1.8206,3.7786,0
-0.059385,-0.88114,-0.053087,6.3718,3.9799,0
1.0803,-1.0607,-0.046652,-4.3235,2.8293,0
2.03,-0.5477,-0.077542,-6.5991,3.4909,0
1.1753,-0.23991,-0.14318,5.4616,3.6923,0
0.51046,-0.16296,-0.26288,4.3238,3.3614,0
0.41548,0.29873,-0.27318,-7.9645,3.8217,0
-0.34431,0.60652,-0.058236,-3.6408,2.8868,0
1.1753,0.58087,0.24423,7.7372,4.0806,0
2.4099,0.11918,0.30858,1.3655,4.0087,0
1.8401,-0.57335,0.11552,-8.4196,4.6559,0
1.6501,-0.13731,-0.023484,0.68281,4.6991,0
2.125,0.32437,0.048593,7.0545,3.5197,0
1.6501,0.29873,0.19661,-3.1857,3.4765,0
0.51046,-0.26556,0.31245,-7.9645,1.7936,0
-0.91415,-1.0094,0.37809,3.6411,1.9662,0
-0.81917,-1.3428,0.41155,5.4616,1.2471,0
-0.24933,-1.1376,0.42314,-5.4613,1.0601,0
-0.91415,-0.72725,0.43343,-4.5511,1.0313,0
-2.4337,-0.90679,0.3871,7.282,-0.27756,0
-2.8136,-1.1889,0.26611,3.6411,0.082022,0
-1.1991,-1.112,0.15671,-7.2818,-1.0543,0
0.79538,-1.0607,0.14512,-2.0479,-0.66591,0
0.89035,-1.548,0.18502,7.7372,-1.0399,0
-0.81917,-0.72725,0.167,0.68281,-1.5577,0
-0.62923,-0.13731,0.070473,-7.5093,-0.92482,0
0.41548,-0.599,-0.013187,1.8206,-1.644,0
-0.24933,-1.1633,-0.014475,7.5096,-0.56523,0
-2.1488,-1.112,0.061464,-1.8203,-0.88167,0
-1.7689,-1.0607,0.13611,-7.9645,-0.594,0
-0.34431,-1.1889,0.13225,4.0962,-0.14811,0
-2.4337,-0.57335,0.069186,6.5994,-0.72345,0
-2.8136,0.016583,-0.0093262,-5.2337,0.053256,0
0.13056,0.40132,-0.04279,-5.0062,-1.2988,0
2.315,0.067882,-0.006752,7.0545,-1.1837,0
1.0803,-0.086014,0.079483,3.8687,-1.8166,0
-1.6739,0.32437,0.13225,-6.5991,-2.1762,0
-1.0091,0.76041,0.14126,-2.7306,-1.2269,0
0.51046,0.73476,0.12453,7.5096,-1.7591,0
0.89035,0.35002,0.167,0.91037,-0.8529,0
0.98533,-0.26556,0.22364,-8.4196,-2.0755,0
-1.294,-0.5477,0.24423,0.68281,-2.7515,0
-3.6684,-0.060364,0.30472,6.8269,-3.37,0
-1.6739,0.37567,0.35106,-2.7306,-4.233,0
1.8401,0.91431,0.31116,-7.2818,-3.2118,0
2.9798,1.2221,0.20176,3.4135,-3.744,0
1.4602,0.86301,0.11552,5.9167,-2.7803,0
-0.15436,0.45262,0.11037,-5.2337,-3.5426,0
-1.0091,0.76041,0.158,-6.144,-4.1179,0
-4.1432,0.96561,0.16057,5.9167,-4.2761,0
-6.1377,0.45262,0.12324,2.9584,-5.1104,0
-4.0483,0.067882,0.11037,-8.8747,-4.0029,0
1.2702,0.067882,0.13354,-2.0479,-4.607,0
3.6446,0.14483,0.087205,7.5096,-3.9885,0
1.8401,-0.5477,0.037009,-0.45498,-4.607,0
-1.389,-1.1633,0.00097052,-7.7369,-5.4412,0
-3.5734,-0.88114,-0.045365,2.0482,-5.2974,0
-4.3332,-0.6503,-0.10586,7.0545,-6.3474,0
-0.62923,-0.90679,-0.21269,-5.0062,-5.4556,0
3.8345,-0.52205,-0.241,-5.9164,-5.9446,0
2.315,-0.4451,-0.19338,6.5994,-5.2542,0
-0.43928,-0.57335,-0.21655,4.3238,-4.5638,0
-0.53425,-0.36816,-0.27061,-7.5093,-4.4775,0
-1.6739,-0.21426,-0.31308,-3.4133,-3.1255,0
-2.7186,0.58087,-0.28476,7.5096,-3.744,0
-0.62923,1.4273,-0.21783,0.91037,-2.7947,0
1.5552,1.1965,-0.21269,-8.192,-3.1542,0
2.22,-0.23991,-0.23199,0.45525,-3.1974,0
0.7004,-0.88114,-0.14704,8.1923,-2.8378,0
-1.1991,-1.0607,0.029286,-2.0479,-3.6864,0
-0.34431,-1.2915,0.13869,-7.0542,-2.7371,0
1.4602,-1.3428,0.15542,4.7789,-3.4419,0
1.1753,-0.57335,0.1477,6.5994,-3.0248,0
-0.059385,0.73476,0.20047,-5.0062,-3.557,0
-0.059385,1.6068,0.23522,-5.6889,-4.5782,0
0.89035,0.99126,0.18116,7.0545,-4.4344,0
0.98533,-0.5477,0.1374,3.6411,-5.5419,0
-1.294,-0.75289,0.15671,-7.5093,-4.4775,0
-1.9589,0.11918,0.17988,-2.0479,-4.7364,0
-0.059385,0.73476,0.15027,7.7372,-4.1179,0
0.22554,0.52957,0.064038,0.00013542,-3.8446,0
-2.4337,0.24743,0.011267,-8.8747,-4.5638,0
-2.5287,0.19613,-0.006752,2.0482,-3.9022,0
-0.15436,-0.23991,-0.02091,6.8269,-4.9522,0
-0.53425,-0.086014,0.0099801,-4.0959,-4.1755,0
-1.1041,-0.11166,0.076909,-7.2818,-4.5926,0
-0.15436,-0.85549,0.16958,5.0064,-4.5782,0
0.51046,-0.5477,0.24552,4.5513,-4.2618,0
1.3652,-0.29121,0.2867,-6.8267,-5.0241,0
1.5552,-0.75289,0.32146,-5.4613,-4.3481,0
0.41548,-1.2402,0.35106,5.9167,-5.4412,0
-0.43928,-1.3941,0.37937,2.2757,-4.9378,0
-0.62923,-1.9328,0.36522,-7.7369,-5.1535,0
-1.484,-2.2406,0.35749,-1.8203,-5.3837,0
-3.0036,-2.2406,0.37165,8.4198,-4.7508,0
-1.389,-2.0097,0.34848,-0.22742,-5.4987,0
0.98533,-2.0867,0.26997,-7.7369,-4.722,0
1.5552,-1.9071,0.24294,2.2757,-5.585,0
1.5552,-1.3685,0.24037,5.9167,-5.4268,0
2.6949,-1.3685,0.22879,-4.7786,-5.5275,0
2.9798,-1.3685,0.20562,-6.144,-6.0885,0
1.5552,-1.4198,0.16057,5.6891,-5.3118,0
0.035589,-1.3685,0.12711,3.8687,-6.0022,0
0.035589,-0.90679,0.11681,-7.9645,-5.1392,0
0.035589,-0.6503,0.098789,-3.6408,-5.7576,0
-0.81917,-0.62465,0.053741,8.1923,-5.8008,0
-0.15436,-0.57335,-0.0518,1.8206,-5.5563,0
1.2702,-0.086014,-0.12259,-7.9645,-6.2754,0
1.4602,0.37567,-0.11101,0.00013542,-5.4556,0
1.5552,0.60652,-0.073681,7.7372,-6.4912,0
1.0803,0.86301,-0.081403,-1.5928,-5.9015,0
0.32051,0.47827,-0.086552,-6.5991,-6.2179,0
-3.8583,0.24743,-0.069819,3.8687,-6.3761,0
-7.6573,0.19613,-0.10457,6.3718,-5.772,0
-3.3835,0.19613,-0.12903,-3.8684,-6.7357,0
4.2144,0.50392,-0.14447,-6.3715,-5.772,0
5.924,0.86301,-0.13804,5.6891,-6.9227,0
3.4546,1.0169,-0.08269,4.5513,-6.822,0
0.32051,1.0682,-0.023484,-6.8267,-7.1241,0
-2.0538,0.73476,-0.010613,-3.6408,-7.7857,0
-3.5734,0.83736,-0.02091,7.7372,-7.1672,0
-3.7634,0.68346,0.012554,1.3655,-8.059,0
-3.0036,0.14483,0.074335,-8.8747,-7.0521,0
-1.294,-0.4451,0.074335,0.00013542,-7.498,0
0.51046,-0.36816,0.013841,7.5096,-7.1384,0
1.5552,-0.4964,-0.044078,-1.5928,-6.6206,0
1.4602,-1.035,-0.02992,-7.5093,-7.0234,0
0.035589,-0.6503,-0.041503,3.186,-5.9734,0
-1.6739,-0.52205,-0.064671,6.1442,-7.0378,0
-1.1041,-0.599,-0.094274,-5.2337,-6.6926,0
-1.389,-0.3938,-0.0917,-6.3715,-7.4549,0
-2.3388,-0.75289,-0.023484,6.3718,-7.9439,0
0.32051,-0.93244,-0.014475,3.8687,-7.5843,0
2.125,-0.4964,-0.083977,-7.9645,-8.433,0
0.41548,-0.52205,-0.13417,-2.503,-7.5268,0
-1.0091,-0.80419,-0.12903,7.7372,-8.5193,0
-0.91415,-0.95809,-0.14318,0.68281,-8.0734,0
0.51046,-0.77854,-0.19338,-7.7369,-8.1309,0
0.60543,-0.77854,-0.27704,1.3655,-8.2316,0
0.79538,-0.72725,-0.371,7.0545,-7.1672,0
1.1753,-0.599,-0.42763,-2.0479,-7.4693,0
1.4602,-0.57335,-0.47783,-7.7369,-6.0309,0
1.7451,-0.34251,-0.49971,4.5513,-6.2179,0
1.1753,-0.47075,-0.46624,5.4616,-5.7864,0
0.98533,-0.3938,-0.38773,-7.2818,-5.772,0
-0.7242,-0.21426,-0.28862,-3.8684,-6.4912,0
-4.6181,-0.21426,-0.23843,7.282,-5.9734,0
-6.3276,-0.47075,-0.241,2.9584,-7.009,0
-3.7634,-0.31686,-0.16506,-7.7369,-6.2754,0
-0.91415,0.042233,-0.033781,-0.68254,-6.8076,0
0.51046,0.45262,0.10522,7.9647,-6.7932,0
-0.34431,0.35002,0.21205,-0.45498,-6.448,0
-1.6739,-0.060364,0.24938,-7.5093,-7.0665,0
-2.1488,-0.4964,0.24294,2.7309,-5.959,0
-2.1488,-0.599,0.19146,7.282,-6.5775,0
-1.579,-0.086014,0.1374,-2.0479,-5.772,0
-0.34431,-0.086014,0.092354,-7.0542,-5.9446,0
0.41548,-0.4451,0.052454,5.9167,-6.2611,0
0.60543,-0.77854,0.060177,4.7789,-5.6857,0
0.41548,-1.2915,0.05889,-7.0542,-6.4912,0
-1.1041,-2.1123,0.091067,-3.8684,-5.47,0
-1.8639,-2.2919,0.097502,7.5096,-6.333,0
-0.91415,-2.0354,0.082057,2.0482,-5.9015,0
-1.8639,-1.625,0.069186,-7.9645,-5.657,0
-2.6237,-1.1889,0.0061189,-1.8203,-5.8439,0
0.79538,-1.0607,-0.08269,7.9647,-4.6933,0
3.5496,-1.7276,-0.15863,-0.22742,-5.5563,0
2.8848,-1.625,-0.18566,-8.6471,-5.0241,0
0.41548,-0.95809,-0.15863,1.3655,-6.1028,0
-1.484,-0.95809,-0.11615,7.0545,-6.4912,0
-0.81917,-1.1889,-0.095561,-3.6408,-6.3617,0
1.3652,-0.6503,-0.080116,-7.5093,-6.8364,0
1.5552,-0.26556,-0.065958,4.5513,-5.9015,0
-0.34431,0.016583,-0.15477,4.7789,-6.822,0
-1.294,0.40132,-0.22298,-6.5991,-6.1748,0
-0.34431,1.0682,-0.19982,-4.5511,-6.4768,0
-0.059385,0.86301,-0.1715,7.5096,-6.9083,0
0.035589,0.60652,-0.15219,3.6411,-6.6063,0
1.1753,0.11918,-0.11487,-7.5093,-7.5987,0
0.41548,0.14483,-0.0518,-2.503,-6.6063,0
-1.389,0.70911,-0.047939,7.7372,-7.311,0
-1.484,0.93996,-0.089126,1.1379,-6.8508,0
0.7004,0.68346,-0.15605,-7.7369,-6.9227,0
3.6446,0.65782,-0.15863,0.45525,-7.4261,0
3.8345,0.55522,-0.090413,7.5096,-6.5775,0
3.1697,0.11918,0.056315,-2.503,-7.3398,0
1.9351,-0.11166,0.23136,-7.2818,-6.3186,0
-0.53425,-0.4451,0.37165,4.3238,-6.5056,0
-0.7242,-0.5477,0.4064,5.9167,-6.2898,0
-0.15436,-0.599,0.4167,-5.4613,-5.9878,0
-1.484,-0.62465,0.39225,-5.4613,-6.9371,0
-3.0985,-0.62465,0.28928,6.3718,-6.3042,0
-2.1488,-0.62465,0.16057,4.0962,-7.1816,0
0.60543,-1.3428,0.031861,-7.2818,-6.6494,0
0.89035,-1.7276,-0.073681,-2.0479,-6.7501,0
0.60543,-1.1633,-0.17922,7.282,-7.1528,0
-0.43928,0.76041,-0.23714,1.1379,-6.6494,0
-2.5287,2.4276,-0.24358,-7.7369,-7.7713,0
-2.2438,2.4789,-0.24744,-0.45498,-7.3686,0
-0.34431,2.0172,-0.34011,7.5096,-8.4473,0
0.035589,1.6838,-0.40961,-2.0479,-8.4473,0
-1.579,0.96561,-0.39159,-7.9645,-8.8213,0
-1.389,0.47827,-0.36971,3.186,-9.5836,0
1.0803,0.99126,-0.41605,6.1442,-8.9939,0
3.3597,1.3247,-0.48684,-5.0062,-10.101,0
2.5049,1.7094,-0.51644,-5.6889,-9.6555,0
0.22554,1.2734,-0.48555,5.9167,-10.562,0
-1.0091,1.0426,-0.40832,3.6411,-10.519,0
-1.0091,1.0169,-0.34783,-7.5093,-9.7418,0
-1.294,1.0682,-0.27833,-4.0959,-9.6268,0
-1.294,0.73476,-0.24486,7.282,-7.9152,0
0.22554,0.65782,-0.23972,1.5931,-8.3754,0
1.3652,1.376,-0.1818,-8.192,-7.8001,0
0.98533,1.6325,-0.083977,-0.68254,-8.3467,0
0.89035,0.70911,0.022851,7.0545,-9.1665,0
0.32051,-0.47075,0.11166,-1.8203,-8.6631,0
-0.53425,-1.1376,0.18631,-7.5093,-9.0227,0
-1.1041,-1.3685,0.26096,2.7309,-7.5556,0
-1.1991,-0.6503,0.26611,5.9167,-8.3754,0
0.22554,-0.26556,0.21205,-4.7786,-8.5193,0
1.8401,0.29873,0.18502,-5.4613,-8.8932,0
2.22,0.29873,0.17601,6.1442,-9.9432,0
2.6949,0.27308,0.14512,4.0962,-9.1953,0
1.3652,0.22178,0.062751,-7.0542,-9.8713,0
0.32051,-0.060364,0.012554,-3.4133,-8.6343,0
0.7004,-0.41945,0.026712,8.1923,-8.6056,0
-1.1991,-0.4964,0.0061189,0.91037,-8.3179,0
-2.4337,-0.36816,-0.017049,-7.7369,-7.7857,0
0.51046,-0.0090658,-0.026058,2.0482,-8.922,0
2.4099,-0.086014,-0.017049,7.282,-8.3898,0
0.89035,0.042233,-0.0093262,-1.8203,-9.1377,0
0.32051,0.35002,0.025425,-7.5093,-8.361,0
2.315,0.81171,0.057602,4.5513,-8.059,0
2.315,1.0426,0.083344,6.3718,-8.3754,0
1.3652,1.2734,0.091067,-6.8267,-7.383,0
0.98533,1.6581,0.04988,-3.6408,-7.9871,0
1.4602,1.2477,-0.015762,7.7372,-7.0953,0
2.125,1.376,-0.055661,2.9584,-7.8864,0
1.6501,1.4786,-0.065958,-8.6471,-8.4186,0
1.0803,1.376,-0.044078,-0.45498,-8.548,0
0.79538,0.68346,0.030574,8.6474,-9.7131,0
1.0803,0.52957,0.12196,-2.0479,-8.6056,0
1.0803,0.81171,0.13483,-8.192,-8.7638,0
-0.059385,0.24743,0.062751,4.3238,-7.3398,0
0.7004,0.45262,-0.0041778,6.8269,-7.0234,0
0.89035,0.81171,-0.014475,-5.6889,-7.4693,0
-1.294,1.0426,-0.0016037,-6.5991,-7.1241,0
-2.4337,1.299,-0.019623,6.1442,-8.2316,0
-1.7689,1.4016,-0.053087,2.9584,-7.2679,0
-0.53425,1.4529,-0.068532,-7.7369,-7.5412,0
0.41548,1.7094,-0.041503,-2.0479,-6.6638,0
-0.24933,2.1198,0.039583,7.5096,-6.0885,0
-2.2438,2.2737,0.055028,0.45525,-6.3761,0
-2.8136,2.4789,0.015128,-8.6471,-5.4844,0
-2.5287,2.6072,-0.050513,-0.22742,-6.1748,0
-1.7689,1.9146,-0.055661,7.0545,-4.8515,0
-0.91415,1.7864,-0.0054649,-3.4133,-4.7508,0
-0.15436,1.5812,0.01899,-8.8747,-3.9597,0
0.60543,1.7351,-0.0080391,4.0962,-2.9816,0
0.13056,2.0685,-0.06081,6.3718,-3.2549,0
-1.0091,2.2224,-0.046652,-5.0062,-2.4063,0
-1.0091,2.2481,-0.041503,-5.6889,-3.6864,0
-0.15436,1.9916,-0.067245,5.6891,-3.6145,0
-2.1488,2.1198,-0.046652,5.0064,-4.2905,0
-2.6237,1.9916,-0.027345,-6.8267,-4.4631,0
-0.53425,1.8633,-0.058236,-3.1857,-3.557,0
2.03,2.1198,-0.16506,7.282,-3.9453,0
2.315,2.6841,-0.21912,2.2757,-2.5933,0
-2.5287,2.2224,-0.22427,-8.4196,-2.996,0
-5.6628,1.4273,-0.24229,0.2277,-2.2193,0
-1.1991,0.88866,-0.24229,7.7372,-1.9029,0
4.7843,0.91431,-0.23972,-1.5928,-2.133,0
2.03,1.5299,-0.22556,-7.5093,-1.083,0
-4.2382,1.7351,-0.20496,4.0962,-1.9029,0
-4.7131,1.3503,-0.15863,6.1442,-1.1262,0
-1.1991,1.3503,-0.10071,-5.0062,-1.5577,0
-0.15436,1.8633,-0.014475,-5.6889,-1.3563,0
-0.53425,1.7094,0.065325,7.0545,-0.91043,0
-0.15436,1.2477,0.065325,3.8687,-1.5865,0
-0.24933,1.299,0.027999,-7.5093,-0.6803,0
-2.3388,1.4529,-0.028633,-1.8203,-1.5433,0
-3.2885,1.9659,-0.13675,8.1923,-1.0399,0
-2.6237,2.2994,-0.24358,0.45525,-0.96797,0
-0.62923,2.5302,-0.28605,-8.4196,-1.0687,0
-0.24933,2.7098,-0.28862,0.68281,-0.090578,0
0.13056,2.325,-0.29249,7.0545,-0.78098,0
1.6501,2.0942,-0.29892,-3.4133,0.29777,0
2.5999,1.8633,-0.28991,-7.2818,-0.1625,0
1.8401,2.0172,-0.29249,4.5513,0.52791,0
1.7451,1.4529,-0.27318,4.3238,1.4628,0
2.03,1.3503,-0.24744,-7.0542,1.5923,0
0.51046,1.4016,-0.21783,-4.7786,2.9012,0
-1.389,1.4273,-0.2011,7.282,2.3115,0
-2.8136,1.1195,-0.20882,2.0482,3.1457,0
-3.0036,0.24743,-0.21783,-8.192,2.9012,0
-1.294,0.17048,-0.21783,-0.22742,2.9012,0
-0.24933,0.58087,-0.21783,7.282,3.7642,0
-1.9589,0.24743,-0.22813,-2.503,3.2032,0
-3.2885,-0.034715,-0.23457,-7.5093,4.2532,0
-1.389,0.22178,-0.19982,4.3238,3.5916,0
0.7004,0.093531,-0.1419,5.6891,3.8792,0
1.4602,0.14483,-0.10714,-6.5991,3.908,0
1.0803,0.70911,-0.096848,-5.4613,3.3614,0
0.89035,1.2221,-0.095561,7.0545,4.3683,0
1.4602,1.1452,-0.11744,3.6411,3.7642,0
1.4602,1.0426,-0.090413,-7.7369,4.6703,0
0.51046,1.299,-0.064671,-2.0479,4.4114,0
0.035589,1.1965,-0.092987,7.7372,4.2532,0
0.7004,1.5555,-0.11744,-0.68254,4.6559,0
-0.34431,1.7864,-0.092987,-7.9645,3.6491,0
-2.2438,1.5299,-0.027345,2.5033,4.3683,0
-2.4337,0.91431,0.042157,7.7372,3.5484,0
0.035589,-0.034715,0.13097,-3.6408,3.8649,0
2.315,-0.21426,0.23522,-6.8267,4.0806,0
2.9798,0.27308,0.38452,5.4616,3.721,0
1.9351,0.27308,0.51452,4.5513,4.7854,0
0.035589,-0.5477,0.59046,-6.8267,3.9799,0
-1.1041,-1.0863,0.68956,-2.9581,4.5553,0
-0.81917,-0.599,0.73332,8.4198,3.8073,0
-0.7242,-0.52205,0.6458,1.1379,3.2464,0
-0.7242,-0.34251,0.51323,-8.8747,3.3183,0
-0.15436,-0.23991,0.39611,-1.1377,2.1388,0
1.5552,-0.21426,0.31245,8.4198,2.8005,0
1.5552,0.042233,0.24809,-1.5928,1.9375,0
-0.15436,-0.29121,0.19532,-8.192,2.4841,0
-0.53425,-0.29121,0.14126,2.2757,2.5272,0
-2.2438,-0.7016,0.10909,7.0545,2.0525,0
-3.3835,-0.95809,0.10651,-4.5511,2.6135,0
-1.484,-0.95809,0.085918,-7.2818,1.693,0
-0.34431,-1.3172,0.066612,5.4616,2.5272,0
-0.53425,-1.6763,0.096215,4.3238,2.2539,0
-0.7242,-1.5224,0.20304,-7.2818,2.5704,0
-1.8639,-1.1889,0.38967,-4.3235,3.1601,0
-2.6237,-1.2659,0.64194,7.282,2.8293,0
-1.9589,-1.5993,0.87104,1.1379,3.6491,0
-0.81917,-1.2915,1.0023,-8.192,2.6567,0
0.79538,-1.3428,0.9251,0.45525,2.9587,0
3.5496,-1.5993,0.56986,7.5096,2.4409,0
2.125,-1.2659,0.14641,-3.1857,2.3402,0
-0.7242,-0.88114,-0.12645,-6.5991,3.1745,0
0.79538,-0.88114,-0.26417,4.0962,2.6998,0
3.7396,-1.4454,-0.3105,4.5513,3.7498,0
2.315,-1.2915,-0.30278,-6.144,2.9156,0
0.13056,-0.82984,-0.26417,-4.0959,3.1601,0
-1.579,-0.36816,-0.20239,7.0545,3.0594,0
-3.0036,-0.23991,-0.16893,2.5033,2.5128,0
-1.389,-0.93244,-0.1419,-7.5093,3.3471,0
1.8401,-0.77854,-0.054374,-1.3652,2.4841,0
2.315,-1.1633,0.10394,7.5096,3.3183,0
1.4602,-1.548,0.22364,0.00013542,2.7142,0
1.4602,-1.5224,0.20562,-7.2818,2.7717,0
1.4602,-1.7019,0.1773,2.2757,3.2608,0
1.5552,-1.548,0.17215,6.8269,2.858,0
1.6501,-1.7276,0.18502,-3.1857,3.908,0
-0.81917,-2.0867,0.18374,-6.3715,3.1169,0
-4.1432,-2.1893,0.20819,5.0064,3.6635,0
-4.0483,-1.9841,0.29829,5.9167,3.3183,0
-0.62923,-1.8558,0.34462,-7.0542,3.0738,0
0.60543,-2.1123,0.29571,-4.5511,3.534,0
-1.294,-2.4201,0.20562,7.9647,2.8149,0
-3.0985,-2.3944,0.10265,1.8206,3.8361,0
-3.0036,-2.2149,0.022851,-8.6471,3.0738,0
-1.294,-2.2149,0.034435,-0.22742,3.5053,0
0.32051,-1.8045,0.05889,7.0545,3.5628,0
0.22554,-1.6763,0.013841,-1.8203,3.2032,0
-0.62923,-1.2915,-0.095561,-7.9645,4.1381,0
0.41548,-1.035,-0.20368,2.7309,3.419,0
1.7451,-1.1889,-0.29635,6.8269,4.3395,0
0.60543,-1.3428,-0.35941,-4.7786,3.7642,0
-2.4337,-1.1376,-0.42634,-6.5991,3.8792,0
-4.1432,-1.5224,-0.45723,5.6891,4.0087,0
-2.9086,-1.4711,-0.42377,4.7789,3.2895,0
-0.24933,-1.1633,-0.3414,-7.5093,4.2244,0
0.79538,-0.80419,-0.2616,-4.7786,3.3614,0
-0.7242,-0.82984,-0.2011,7.9647,4.1813,0
-1.8639,-0.88114,-0.16764,2.0482,4.0518,0
-1.7689,-0.47075,-0.11744,-7.7369,3.8361,0
-0.7242,-0.18861,-0.073681,-0.68254,4.3251,0
0.32051,-0.21426,-0.045365,8.4198,3.4046,0
1.6501,-0.47075,-0.019623,-0.45498,4.282,0
0.98533,-1.035,0.012554,-8.192,3.534,0
-0.7242,-1.0863,0.051167,1.8206,3.7786,0
-1.1991,-1.0094,0.088493,6.8269,3.6491,0
0.41548,-1.0094,0.039583,-3.8684,2.9731,0
2.8848,-1.548,-0.089126,-6.3715,3.5053,0
3.9295,-2.0097,-0.12645,4.5513,2.4553,0
3.4546,-2.1636,-0.045365,5.4616,3.0882,0
3.1697,-2.1893,0.070473,-7.2818,2.556,0
3.0747,-1.7276,0.17087,-4.3235,2.6998,0
0.98533,-1.2146,0.20562,7.5096,3.2032,0
-4.6181,-0.98374,0.19146,2.5033,2.5991,0
-10.317,-0.52205,0.13097,-7.5093,3.5197,0
-8.9869,-0.26556,0.078196,-0.22742,2.5991,0
-1.7689,-0.75289,0.082057,9.1025,3.0882,0
3.6446,-1.4198,0.11166,-0.45498,2.9156,0
3.4546,-1.7276,0.078196,-8.6471,2.5416,0
0.79538,-1.5737,0.04988,2.7309,3.2464,0
0.32051,-1.4711,0.083344,7.5096,2.3258,0
0.60543,-1.6763,0.094928,-4.5511,3.2608,0
0.035589,-1.8302,0.10651,-5.4613,2.4553,0
-0.43928,-1.5737,0.13483,7.0545,2.556,0
-0.62923,-1.6506,0.12839,4.5513,2.3834,0
-1.579,-1.7532,0.10651,-7.5093,1.5491,0
-1.579,-1.8302,0.13611,-4.0959,2.182,0
-0.059385,-2.3175,0.17344,7.282,1.1176,0
0.035589,-2.0867,0.18889,1.8206,1.808,0
-0.7242,-1.6506,0.1374,-8.4196,1.3046,0
-0.15436,-1.3941,0.14384,0.00013542,1.1176,0
0.60543,-1.1633,0.21463,7.7372,1.5204,0
0.7004,-1.0094,0.24423,-2.503,0.82996,0
0.79538,-0.77854,0.23007,-8.4196,1.9662,0
1.2702,-0.82984,0.17087,4.0962,1.2758,0
3.4546,-0.93244,0.12067,6.3718,1.7217,0
3.6446,-0.77854,0.12067,-5.0062,1.3621,0
2.22,-0.4451,0.11552,-6.3715,0.91626,0
1.2702,-0.41945,0.074335,6.1442,1.8943,0
1.2702,-0.060364,0.046019,3.186,1.5779,0
2.03,0.14483,0.030574,-7.5093,3.1888,0
0.89035,0.042233,-0.022197,-2.2755,3.1169,0
-0.24933,0.58087,-0.10457,7.282,3.6635,0
-0.059385,1.2734,-0.18437,-0.22742,4.0231,0
0.035589,1.4016,-0.24744,-8.4196,3.4621,0
-0.34431,1.6838,-0.24744,1.1379,4.3395,0
0.035589,1.5042,-0.24358,8.1923,3.606,0
-0.15436,0.73476,-0.2513,-3.1857,4.3827,0
-1.0091,0.52957,-0.25387,-6.8267,4.2388,0
-1.6739,0.52957,-0.20754,4.0962,4.1381,0
0.22554,0.042233,-0.14447,5.6891,4.4833,0
2.22,-0.3938,-0.095561,-5.2337,3.2608,0
1.8401,-0.29121,-0.041503,-4.5511,3.5772,0
2.315,0.24743,-0.0054649,6.8269,2.4984,0
3.1697,0.32437,0.037009,2.5033,2.7861,0
2.6949,0.35002,0.11295,-7.5093,3.1601,0
0.7004,0.68346,0.20562,-0.45498,3.2464,0
0.89035,0.68346,0.25453,8.4198,4.4114,0
-0.34431,0.63217,0.21463,-1.3652,3.8361,0
-1.7689,0.11918,0.17344,-7.2818,4.771,0
-1.0091,-0.82984,0.16186,3.6411,4.3827,0
-1.294,-0.52205,0.19532,7.5096,4.8861,0
-2.5287,0.19613,0.26482,-5.2337,5.9648,0
-1.0091,-0.21426,0.31245,-5.9164,6.4826,0
1.3652,-0.41945,0.27255,6.3718,8.5251,0
-0.059385,-0.31686,0.20948,4.7789,8.1223,0
-1.484,0.067882,0.17215,-6.8267,8.6833,0
0.51046,0.42697,0.16958,-3.8684,7.921,0
1.7451,0.32437,0.14899,7.282,7.2737,0
0.51046,0.27308,0.13869,0.68281,7.5902,0
-1.389,0.65782,0.098789,-8.8747,6.7272,0
-3.6684,0.47827,0.091067,0.45525,7.6621,0
-3.9533,0.52957,0.092354,7.0545,6.9141,0
-1.484,0.86301,0.091067,-2.503,7.2737,0
0.22554,1.0169,0.10522,-7.7369,7.1011,0
0.51046,0.76041,0.1374,3.186,6.1806,0
0.89035,0.37567,0.13354,6.3718,6.5977,0
0.13056,0.22178,0.061464,-6.144,5.3032,0
-0.34431,0.19613,0.038296,-5.6889,6.1374,0
-0.059385,0.22178,0.094928,6.3718,5.8642,0
-1.8639,0.27308,0.15027,2.2757,6.5258,0
-4.5231,1.0169,0.14384,-7.9645,7.4751,0
-2.7186,1.3503,0.078196,-0.9101,6.9861,0
0.32051,1.2221,0.057602,7.0545,7.6045,0
2.315,1.3503,0.069186,-2.0479,6.2094,0
0.79538,1.7094,-0.0054649,-8.4196,6.3388,0
-0.62923,2.6072,-0.11101,3.4135,5.8785,0
-1.1041,2.6841,-0.19982,5.9167,6.008,0
-1.484,1.6838,-0.22427,-7.0542,7.0867,0
-0.34431,0.68346,-0.17021,-5.2337,6.6409,0
-0.53425,0.24743,-0.10071,6.5994,7.4751,0
-1.1991,-0.52205,-0.14962,3.6411,5.9505,0
1.2702,-0.62465,-0.19853,-7.2818,5.3032,0
3.1697,-0.11166,-0.23328,-2.0479,4.0662,0
1.0803,1.0939,-0.3105,8.875,3.1888,0
-0.62923,1.6838,-0.35813,0.91037,4.2101,0
-0.91415,1.5299,-0.30407,-7.5093,4.0806,0
-1.1991,0.65782,-0.22942,2.0482,5.5909,0
-0.81917,0.35002,-0.18051,7.282,5.0011,0
2.22,0.99126,-0.18823,-3.1857,4.5121,0
4.0245,1.5812,-0.22942,-6.5991,3.908,0
1.3652,1.5812,-0.25259,4.5513,2.5704,0
-0.7242,1.1452,-0.28219,4.7789,3.419,0
0.32051,0.067882,-0.23714,-7.2818,3.0162,0
1.3652,-0.75289,-0.19081,-3.8684,4.4833,0
1.6501,-0.67595,-0.13932,7.282,4.8861,0
1.6501,-0.41945,-0.096848,2.5033,4.5984,0
0.32051,-0.72725,-0.089126,-8.192,4.6991,0
-1.579,-0.93244,-0.10328,-1.3652,3.0594,0
-2.0538,-0.7016,-0.098135,6.8269,3.3039,0
0.51046,-0.36816,-0.094274,-1.3652,2.369,0
1.8401,-0.23991,-0.094274,-7.7369,2.8436,0
0.89035,-0.47075,-0.10328,1.8206,3.2464,0
0.7004,-1.3685,-0.096848,7.0545,3.1169,0
2.4099,-2.0354,-0.077542,-4.5511,4.0087,0
2.8848,-2.7535,-0.024771,-7.9645,2.7142,0
1.8401,-2.9844,0.030574,5.234,2.9875,0
0.98533,-2.5227,0.074335,5.0064,1.9519,0
0.51046,-2.0097,0.097502,-6.8267,1.808,0
-0.24933,-1.625,0.094928,-4.5511,2.2395,0
0.60543,-1.4198,0.015128,7.0545,1.808,0
1.4602,-0.85549,-0.0917,1.5931,3.0594,0
-1.0091,-0.3938,-0.15348,-7.9645,2.4265,0
-3.0036,0.016583,-0.14576,-1.1377,2.9587,0
-1.1041,-0.034715,-0.11358,6.8269,2.6135,0
0.7004,0.32437,-0.11873,-2.0479,2.0957,0
1.5552,0.24743,-0.11873,-7.7369,2.671,0
1.1753,0.016583,-0.11615,4.3238,2.0382,0
2.125,0.11918,-0.12774,6.1442,3.3327,0
2.6949,0.68346,-0.12903,-5.4613,3.0306,0
1.2702,0.47827,-0.098135,-5.6889,3.419,0
0.51046,0.52957,-0.089126,7.0545,3.5916,0
1.8401,0.35002,-0.086552,3.6411,2.6998,0
2.7898,0.45262,-0.04279,-7.9645,3.1025,0
2.5049,0.32437,0.043444,-2.0479,1.808,0
1.2702,0.50392,0.069186,7.9647,2.2827,0
-0.24933,0.32437,0.04988,0.68281,1.693,0
0.41548,-0.29121,0.044732,-7.7369,1.6642,0
1.3652,-0.31686,0.065325,0.91037,2.1245,0
0.41548,-0.4964,0.082057,8.4198,1.2327,0
0.41548,-0.72725,0.10265,-2.2755,2.1388,0
0.13056,-0.18861,0.11552,-7.9645,1.319,0
-1.0091,0.65782,0.19017,3.8687,1.9231,0
-0.91415,1.2221,0.23522,5.9167,1.8943,0
0.32051,1.1708,0.22621,-6.144,1.5635,0
-0.34431,0.52957,0.15671,-5.2337,2.3402,0
-1.7689,0.27308,0.08978,7.282,1.4772,0
-1.294,0.11918,0.085918,3.186,2.2827,0
-1.389,0.19613,0.10394,-7.7369,1.5491,0
-1.9589,0.45262,0.13611,-3.6408,1.8656,0
-1.1041,0.86301,0.13998,6.8269,1.9519,0
0.22554,1.7351,0.12196,1.1379,1.2902,0
0.7004,2.1455,0.10651,-8.6471,2.0094,0
0.32051,1.2221,0.065325,0.68281,0.98818,0
0.13056,0.73476,-0.0080391,7.282,1.7217,0
0.035589,0.86301,-0.076255,-3.4133,1.0889,0
0.13056,1.0169,-0.077542,-7.9645,0.81558,0
0.7004,0.78606,-0.019623,4.5513,1.0169,0
0.7004,0.63217,0.088493,5.6891,0.024489,0
-0.34431,0.86301,0.14255,-7.0542,0.85873,0
-2.7186,0.55522,0.12711,-5.2337,0.082022,0
-3.6684,0.76041,0.066612,6.8269,0.59983,0
-0.53425,0.91431,0.027999,2.5033,0.81558,0
2.8848,0.73476,0.047306,-7.5093,0.34092,0
2.5999,0.067882,0.043444,-2.0479,1.1895,0
1.9351,-0.93244,0.047306,7.9647,0.26901,0
2.125,-1.3172,0.088493,0.00013542,1.0457,0
1.7451,-0.62465,0.093641,-8.192,0.61421,0
1.0803,0.50392,0.039583,2.0482,0.62859,0
0.7004,1.7351,-0.033781,5.9167,1.1752,0
0.7004,2.1455,-0.11358,-4.0959,0.48476,0
0.41548,2.0172,-0.18694,-6.8267,1.506,0
0.22554,1.376,-0.27318,6.5994,0.57106,0
-0.059385,1.3503,-0.34654,4.5513,1.0026,0
-0.34431,2.1198,-0.33367,-7.0542,0.75804,0
-0.059385,2.3507,-0.31308,-3.4133,0.35531,0
-0.15436,2.5302,-0.28862,8.1923,1.0313,0
-0.34431,2.6841,-0.26932,0.91037,0.038872,0
0.035589,2.1198,-0.25773,-8.192,0.85873,0
-0.15436,1.4016,-0.23714,1.3655,0.082022,0
0.7004,1.376,-0.25387,7.0545,0.038872,0
1.6501,1.9403,-0.25645,-4.0959,0.13956,0
2.22,2.2224,-0.16893,-7.2818,-0.60838,0
1.5552,1.7094,-0.044078,4.5513,0.13956,0
1.1753,1.2221,0.0048318,5.234,-0.7666,0
0.22554,0.042233,-0.0041778,-7.0542,-0.20565,0
-0.43928,-0.75289,-0.010613,-4.3235,-0.5077,0
-0.53425,-0.90679,-0.0119,7.282,-0.75222,0
-0.15436,-0.7016,-0.049226,1.8206,-0.10496,0
0.51046,-0.26556,-0.089126,-8.4196,-0.86728,0
0.51046,0.52957,-0.033781,-1.3652,0.16832,0
-0.43928,0.91431,0.0086931,6.8269,-0.60838,0
-0.059385,0.76041,-0.010613,-0.45498,-0.36386,0
1.1753,0.42697,-0.035068,-8.4196,-0.32071,0
1.6501,0.42697,0.0035447,1.5931,-1.0974,0
1.0803,0.58087,0.056315,7.282,-0.5077,0
0.41548,0.35002,0.030574,-3.8684,-1.5002,0
0.79538,0.47827,-0.040216,-7.0542,-0.92482,0
2.4099,0.83736,-0.068532,4.3238,-1.3276,0
2.125,0.19613,-0.047939,4.7789,-1.3419,0
1.8401,-0.57335,-0.0093262,-6.8267,-0.79537,0
2.125,-0.72725,0.060177,-4.3235,-1.5865,0
0.60543,-0.36816,0.12453,7.282,-0.62276,0
-1.0091,-0.26556,0.16314,2.2757,-1.4714,0
0.32051,-0.7016,0.18374,-8.4196,-0.95358,0
1.1753,-0.93244,0.15542,-0.68254,-1.0687,0
0.60543,-0.4964,0.091067,7.282,-1.3563,0
-0.43928,-0.29121,0.069186,-1.3652,-0.63715,0
-1.1041,-0.41945,0.017703,-7.7369,-1.5865,0
-1.0091,-0.599,-0.064671,2.2757,-0.73783,0
1.4602,-0.90679,-0.12645,6.8269,-1.6584,0
3.7396,-1.0094,-0.10972,-5.4613,-1.5577,0
3.8345,-1.2915,-0.06081,-5.6889,-1.5002,0
2.22,-1.548,-0.014475,6.5994,-2.0036,0
0.13056,-1.035,0.0022576,3.186,-1.1406,0
-1.0091,-0.67595,-0.0016037,-7.5093,-1.9892,0
-2.9086,-0.599,0.0035447,-2.7306,-1.0255,0
-3.9533,-0.62465,0.022851,7.7372,-1.3851,0
-1.1991,-0.62465,0.057602,1.8206,-1.2269,0
1.5552,-0.36816,0.091067,-7.7369,-0.60838,0
0.51046,0.042233,0.097502,1.3655,-1.0399,0
-1.1991,0.35002,0.05889,8.875,0.16832,0
-1.294,0.042233,0.022851,-1.5928,-0.49331,0
0.7004,-0.34251,0.00097052,-7.2818,0.19709,0
1.3652,-0.5477,-0.022197,3.6411,0.13956,0
-0.53425,-0.77854,-0.054374,5.9167,-0.14811,0
-1.294,-1.0094,-0.094274,-5.2337,0.55667,0
-1.389,-1.035,-0.1213,-5.6889,-0.27756,0
-2.3388,-0.72725,-0.13546,5.6891,0.55667,0
-0.53425,-0.13731,-0.17021,4.3238,-0.10496,0
1.9351,-0.13731,-0.14833,-7.5093,-0.033045,0
1.8401,-0.3938,-0.090413,-4.0959,0.067639,0
0.51046,0.19613,-0.072394,6.8269,-0.6803,0
-0.7242,0.50392,-0.10843,1.8206,0.24024,0
-1.1991,0.35002,-0.19209,-8.4196,-0.57961,0
-0.81917,-0.034715,-0.27447,-1.8203,0.067639,0
-0.15436,-0.16296,-0.28605,7.282,-0.29195,0
0.41548,-0.18861,-0.25645,-0.9101,-0.52208,0
0.13056,0.067882,-0.21783,-8.192,0.038872,0
-1.484,0.45262,-0.18823,1.8206,-0.79537,0
-3.0036,0.58087,-0.16635,6.1442,0.053256,0
-1.7689,0.65782,-0.19724,-4.0959,-0.72345,0
-1.1041,0.88866,-0.23972,-6.8267,-0.27756,0
-2.6237,1.2221,-0.24358,4.7789,-0.076195,0
-3.0036,1.1965,-0.24615,5.6891,-0.26318,0
-0.53425,1.0682,-0.26288,-5.9164,0.82996,0
0.60543,1.0426,-0.23714,-4.7786,0.15394,0
-0.62923,1.3247,-0.19853,7.5096,1.0889,0
-2.0538,1.4016,-0.16764,2.0482,0.49914,0
-2.1488,1.4529,-0.17922,-7.5093,0.47037,0
-2.0538,1.4786,-0.1419,-1.3652,0.94503,0
-1.1041,1.4529,-0.096848,7.7372,0.35531,0
0.79538,1.1708,-0.102,-1.3652,1.4484,0
1.3652,1.299,-0.11358,-8.4196,0.82996,0
0.22554,1.4016,-0.12774,2.5033,1.5347,0
-1.1991,1.1708,-0.14318,7.0545,1.5779,0
-0.34431,1.0426,-0.13804,-3.8684,1.2471,0
0.7004,1.5042,-0.11615,-6.8267,1.808,0
0.7004,1.4786,-0.12516,5.6891,0.80119,0
1.3652,0.88866,-0.14318,6.1442,1.693,0
0.89035,0.47827,-0.19209,-7.0542,1.1464,0
0.32051,0.52957,-0.23843,-4.7786,1.506,0
1.1753,0.86301,-0.23972,6.8269,1.7073,0
1.5552,1.2477,-0.21269,2.7309,0.90188,0
0.89035,1.1452,-0.17793,-7.9645,1.6354,0
0.89035,1.0169,-0.17407,-1.5928,0.61421,0
0.89035,0.76041,-0.19853,8.4198,1.2039,0
-0.059385,0.63217,-0.22942,-0.9101,0.80119,0
1.3652,0.32437,-0.28348,-8.192,0.61421,0
4.0245,0.016583,-0.27189,2.2757,1.1752,0
4.5943,0.29873,-0.21269,6.5994,0.31216,0
2.4099,0.52957,-0.18823,-4.3235,1.2758,0
0.60543,0.86301,-0.21526,-7.5093,0.47037,0
-1.9589,0.68346,-0.19081,4.3238,1.1032,0
-3.2885,0.45262,-0.13031,5.0064,1.1752,0
-0.34431,0.50392,-0.064671,-7.2818,0.62859,0
1.7451,0.78606,-0.013187,-4.0959,1.3621,0
2.03,0.50392,0.0061189,7.7372,0.49914,0
1.5552,0.27308,0.025425,0.91037,1.5347,0
0.035589,0.19613,0.078196,-7.7369,1.3046,0
-2.3388,-0.0090658,0.12067,-0.22742,1.4484,0
-1.294,0.067882,0.12968,7.7372,1.8512,0
1.2702,-0.0090658,0.12453,-0.9101,0.87311,0
1.5552,0.37567,0.14255,-7.9645,1.808,0
0.7004,0.58087,0.17859,2.5033,0.95941,0
0.035589,0.88866,0.18889,7.282,1.4484,0
-0.34431,0.96561,0.18116,-4.0959,1.2039,0
-4.0483,0.47827,0.16572,-7.2818,0.44161,0
-4.903,0.52957,0.158,6.1442,0.82996,0
-2.1488,0.11918,0.158,4.0962,-0.004278,0
0.13056,0.14483,0.19532,-7.5093,1.0601,0
1.4602,0.73476,0.24938,-3.8684,0.67174,0
0.98533,0.96561,0.26225,7.282,0.55667,0
-0.62923,1.0169,0.25968,2.5033,0.34092,0
-1.389,1.0169,0.2867,-7.7369,-0.80975,0
-0.34431,1.0939,0.30601,-0.45498,0.010105,0
0.13056,0.73476,0.35621,8.4198,-0.37825,0
-0.62923,0.42697,0.39739,-1.1377,0.85873,0
-0.24933,0.042233,0.39225,-7.9645,1.0745,0
0.035589,-0.16296,0.3472,3.4135,0.57106,0
-1.1991,0.016583,0.32789,6.5994,0.80119,0
-1.1991,-0.060364,0.32403,-5.0062,-0.53646,0
0.22554,0.093531,0.32017,-5.6889,0.053256,0
1.8401,0.14483,0.34848,6.1442,-0.82413,0
-0.43928,-0.034715,0.40512,4.7789,-0.73783,0
-3.1935,0.016583,0.43472,-6.3715,-0.62276,0
-1.484,-0.34251,0.43987,-4.0959,-1.3707,0
0.13056,-0.57335,0.45403,7.5096,-0.66591,0
-0.91415,-0.36816,0.42571,1.5931,-1.6871,0
-2.3388,-0.21426,0.40769,-9.1023,-1.2269,0
-2.7186,-0.4964,0.38967,-0.45498,-1.831,0
-1.6739,-1.0607,0.36908,7.9647,-2.2337,0
0.13056,-1.3685,0.37423,-1.3652,-1.7159,0
1.7451,-1.1376,0.39611,-8.192,-2.3632,0
1.0803,-0.82984,0.43987,3.186,-1.4282,0
-0.24933,-0.88114,0.49779,5.9167,-2.2912,0
-0.62923,-1.0094,0.52996,-5.0062,-1.8454,0
0.32051,-0.75289,0.51838,-5.9164,-1.9317,0
2.315,-0.599,0.4566,5.4616,-2.3775,0
2.8848,-0.62465,0.39611,4.3238,-1.6152,0
1.4602,-0.599,0.37937,-7.2818,-2.5645,0
-0.059385,-0.62465,0.35363,-3.8684,-1.5865,0
-0.62923,-0.85549,0.31888,7.5096,-1.8166,0
-1.1991,-1.0094,0.28928,1.1379,-1.6296,0
-2.0538,-1.0094,0.2571,-7.9645,-1.2844,0
-1.1041,-0.77854,0.24294,0.00013542,-2.133,0
0.89035,-0.6503,0.25581,7.0545,-1.1981,0
1.1753,-0.6503,0.27641,-2.0479,-1.9029,0
1.1753,-0.599,0.31759,-8.192,-1.0974,0
1.4602,-0.34251,0.36779,4.5513,-1.27,0
1.8401,-0.4451,0.35749,6.1442,-1.7303,0
2.125,-0.31686,0.32017,-5.9164,-1.1406,0
1.7451,-0.29121,0.28799,-4.7786,-1.9317,0
0.98533,-0.41945,0.22879,7.0545,-0.83852,0
0.32051,-1.035,0.13998,5.234,-1.457,0
-0.24933,-0.85549,0.065325,-7.5093,-1.3132,0
-0.7242,-0.62465,0.012554,-3.4133,-1.4139,0
-1.484,-0.57335,-0.028633,8.4198,-2.1762,0
-1.9589,-0.31686,-0.031207,0.45525,-1.4714,0
-1.579,-0.31686,-0.035068,-7.2818,-2.0036,0
-0.7242,-0.75289,-0.067245,1.3655,-1.1406,0
0.98533,-1.1889,-0.086552,7.282,-1.27,0
1.3652,-1.5993,-0.068532,-3.4133,-1.5002,0
0.89035,-1.8045,-0.055661,-7.5093,-1.2988,0
1.3652,-1.8302,-0.036355,5.234,-2.3344,0
2.125,-1.8302,-0.018336,5.0064,-1.5577,0
2.315,-1.5224,0.037009,-7.2818,-2.2337,0
2.4099,-1.7019,0.074335,-4.5511,-1.8022,0
2.125,-1.4711,0.04988,7.5096,-1.7878,0
1.1753,-1.1889,-0.031207,2.0482,-1.946,0
-0.7242,-0.77854,-0.13675,-8.6471,-0.70906,0
-2.3388,-0.31686,-0.20882,-1.5928,-1.2269,0
-1.1991,-0.7016,-0.22813,7.282,-0.34948,0
2.5049,-0.7016,-0.20754,-1.3652,-1.4282,0
3.4546,-0.13731,-0.13675,-7.7369,-1.7159,0
0.60543,0.37567,-0.063384,1.8206,-1.6152,0
-1.8639,0.78606,-0.0119,6.3718,-2.0899,0
-1.7689,0.73476,0.035722,-5.0062,-0.56523,0
-1.1991,0.37567,0.066612,-7.5093,-1.0399,0
-0.059385,0.52957,0.04988,4.7789,-0.46455,0
1.0803,0.58087,-0.0016037,4.7789,-1.0255,0
1.9351,0.60652,-0.040216,-7.2818,-1.9317,0
2.9798,0.52957,-0.087839,-4.7786,-1.6008,0
3.0747,0.32437,-0.15863,7.0545,-2.4782,0
0.79538,0.17048,-0.21011,2.5033,-1.2125,0
-1.8639,-0.034715,-0.19209,-7.2818,-1.5865,0
-2.2438,-0.16296,-0.1715,-1.8203,-1.3707,0
-0.62923,-0.21426,-0.16378,7.5096,-1.3995,0
-0.059385,-0.23991,-0.10972,0.2277,-2.3488,0
-0.91415,-0.67595,-0.068532,-7.2818,-1.6584,0
-2.1488,-0.93244,-0.019623,2.0482,-2.4782,0
-1.389,-0.75289,-0.0080391,7.5096,-1.6008,0
-1.0091,-0.93244,-0.022197,-2.7306,-1.9173,0
-1.294,-1.4454,-0.017049,-7.5093,-2.2337,0
-1.389,-1.1889,-0.027345,4.7789,-1.8022,0
-1.0091,-0.85549,-0.065958,5.4616,-2.6652,0
0.41548,-0.93244,-0.069819,-7.2818,-1.3851,0
1.2702,-1.1889,-0.035068,-4.5511,-1.8597,0
-0.15436,-1.3685,-0.0080391,7.282,-1.2269,0
-1.6739,-1.1889,-0.044078,2.7309,-0.88167,0
-0.91415,-1.2659,-0.10457,-6.8267,-1.27,0
0.32051,-1.112,-0.17536,0.68281,-0.43578,0
1.5552,-0.75289,-0.20625,8.4198,-1.2844,0
-0.059385,-0.90679,-0.17793,-1.3652,-0.43578,0
-2.6237,-0.90679,-0.12516,-7.5093,-0.594,0
-2.0538,-0.47075,-0.11487,2.2757,-0.39263,0
-0.059385,-0.29121,-0.13932,7.282,0.13956,0
0.22554,-0.4964,-0.17922,-5.2337,-0.7666,0
0.79538,-0.80419,-0.24615,-6.8267,-0.033045,0
1.7451,-0.95809,-0.29377,5.6891,-1.0543,0
1.5552,-1.0094,-0.26546,4.7789,-0.43578,0
1.1753,-1.2915,-0.25773,-7.2818,-0.40701,0
1.4602,-1.3685,-0.24486,-4.3235,-0.56523,0
1.8401,-0.90679,-0.20239,7.5096,0.12517,0
2.22,-0.6503,-0.18437,3.186,-0.73783,0
0.60543,-0.599,-0.22298,-8.192,0.16832,0
-2.7186,-0.47075,-0.23714,-0.9101,-0.3351,0
-3.3835,-0.75289,-0.2114,7.282,0.44161,0
-0.91415,-1.7532,-0.12259,-1.3652,0.55667,0
0.41548,-1.9328,-0.019623,-7.7369,0.096406,0
-0.34431,-1.8815,0.070473,3.186,0.72928,0
-0.62923,-1.8045,0.10909,6.5994,-0.061812,0
-0.7242,-1.5993,0.13354,-5.9164,0.94503,0
-0.53425,-1.6763,0.10008,-5.9164,0.55667,0
0.32051,-0.72725,0.024138,6.8269,0.75804,0
1.7451,-0.31686,-0.10457,4.3238,0.98818,0
1.0803,-0.7016,-0.2217,-7.5093,0.082022,0
0.41548,-0.4451,-0.27833,-3.6408,0.54229,0
1.3652,-0.29121,-0.2616,8.1923,-0.65153,0
1.6501,-0.4964,-0.22942,1.3655,-0.1625,0
0.60543,-0.82984,-0.18823,-7.7369,-0.10496,0
0.22554,-0.75289,-0.10071,0.2277,0.010105,0
0.60543,-0.90679,0.053741,7.0545,0.93064,0
0.89035,-1.2402,0.23265,-2.7306,-0.047428,0
1.5552,-1.3428,0.37551,-7.5093,0.45599,0
0.89035,-0.85549,0.45274,4.0962,-0.78098,0
-0.7242,-0.6503,0.44115,5.6891,-0.86728,0
-1.294,-0.5477,0.38581,-5.6889,-0.92482,0
0.98533,-0.060364,0.29314,-5.6889,-1.3563,0
2.315,0.37567,0.20948,6.8269,-0.30633,0
1.5552,0.58087,0.1477,3.8687,-1.2844,0
-0.7242,0.11918,0.13354,-7.5093,-0.78098,0
-1.1991,0.093531,0.17344,-2.7306,-1.8166,0
-1.0091,-0.11166,0.23007,8.1923,-2.1474,0
-1.1991,-0.36816,0.27641,1.8206,-1.7159,0
0.035589,-0.5477,0.31759,-7.7369,-2.32,0
0.98533,-0.36816,0.31373,0.68281,-1.1118,0
0.41548,-0.21426,0.34462,7.0545,-2.018,0
0.7004,-0.18861,0.39482,-3.6408,-1.5721,0
2.5049,-0.4964,0.42957,-7.2818,-1.5289,0
3.1697,-0.31686,0.44115,4.7789,-1.644,0
1.5552,-0.4964,0.44244,4.7789,-0.57961,0
-1.0091,-0.5477,0.42056,-7.5093,-1.2556,0
-3.2885,-0.85549,0.4463,-4.5511,-0.37825,0
-1.484,-1.2659,0.4965,6.5994,-0.95358,0
2.22,-1.3685,0.51838,1.8206,-0.6803,0
3.0747,-1.4198,0.53897,-8.6471,-0.17688,0
0.51046,-1.1889,0.55957,-1.5928,-0.27756,0
-0.34431,-1.3428,0.59174,7.7372,1.1032,0
0.32051,-1.625,0.64065,-0.9101,0.65736,0
-0.91415,-1.7789,0.66768,-8.6471,1.5923,0
-1.579,-1.5993,0.7063,1.8206,1.1032,0
-0.62923,-1.4454,0.71788,7.0545,0.91626,0
0.51046,-1.6763,0.71402,-4.0959,1.4628,0
0.32051,-2.2662,0.71659,-7.0542,1.1176,0
-0.43928,-2.0867,0.73719,4.5513,2.743,0
0.13056,-1.8815,0.73719,4.3238,2.8724,0
0.32051,-1.8045,0.7063,-6.3715,4.0087,0
-0.91415,-1.7789,0.6561,-5.0062,3.9512,0
-1.389,-1.8045,0.5866,7.7372,3.3327,0
-1.484,-2.0097,0.48234,2.5033,3.7498,0
-0.81917,-1.6763,0.4167,-8.6471,2.7573,0
2.03,-1.7532,0.33433,0.45525,3.6635,0
3.3597,-1.7532,0.15027,8.1923,3.0162,0
2.125,-1.3172,-0.0917,-1.5928,3.3471,0
-0.34431,-1.1376,-0.26803,-7.5093,3.6491,0
-2.3388,-1.7276,-0.44822,3.186,3.2032,0
-1.1991,-1.8302,-0.64644,6.3718,4.0806,0
1.9351,-1.5993,-0.89999,-6.144,3.0738,0
3.3597,-1.2146,-1.2192,-5.2337,3.8649,0
1.5552,-0.52205,-1.4882,6.8269,3.5916,0
0.41548,-0.21426,-1.7276,2.9584,3.5916,0
0.7004,0.27308,-1.9966,-7.2818,4.1525,0
0.13056,0.27308,-2.3274,-2.2755,3.2751,0
-1.579,0.042233,-2.5977,7.9647,3.9943,0
-1.9589,0.27308,-2.7701,1.1379,2.6567,0
-0.059385,0.50392,-2.9658,-8.6471,2.6423,0
0.79538,0.35002,-3.2541,0.68281,2.2539,0
-0.7242,0.45262,-3.5154,6.8269,1.5347,0
-1.1991,0.78606,-3.7329,-2.9581,2.5272,0
-0.24933,0.70911,-4.0173,-7.0542,1.8224,0
1.1753,0.17048,-4.3803,4.3238,2.671,0
2.125,0.35002,-4.7008,5.0064,2.0957,0
2.4099,0.58087,-4.9234,-7.0542,1.7361,0
1.7451,1.0682,-5.1525,-4.5511,2.0094,0
0.7004,0.83736,-5.3302,6.8269,1.0601,0
0.41548,0.99126,-5.4138,0.91037,1.8368,0
0.60543,0.73476,-5.4215,-8.192,0.70051,0
1.3652,0.63217,-5.4421,-0.22742,1.0313,0
2.5999,0.58087,-5.5181,7.9647,0.94503,0
2.9798,0.37567,-5.6004,-1.5928,0.47037,0
3.0747,0.24743,-5.6596,-8.4196,1.2615,0
3.0747,0.70911,-5.7163,2.9584,0.28339,0
0.22554,0.93996,-5.7407,6.5994,0.70051,0
-2.7186,0.99126,-5.7446,-5.2337,-0.55085,0
-2.5287,1.0169,-5.7485,-6.8267,-1.3276,0
0.51046,0.96561,-5.7485,6.3718,-1.0399,0
1.8401,0.99126,-5.7472,3.186,-1.3851,0
1.7451,1.0169,-5.7459,-7.5093,-0.22003,0
2.6949,1.0169,-5.7472,-2.0479,-1.3132,0
2.9798,1.0426,-5.7485,7.7372,-1.1262,0
2.03,1.0169,-5.7472,0.91037,-1.644,0
1.0803,1.0169,-5.7472,-7.7369,-1.9173,0
-1.0091,1.0682,-5.7472,1.1379,-1.0543,0
-2.3388,1.0169,-5.7485,7.5096,-1.644,0
-1.0091,1.0169,-5.7485,-3.4133,-0.89605,0
0.79538,1.0169,-5.7459,-6.8267,-1.7734,0
1.4602,1.0939,-5.4898,5.234,-1.6728,0
-0.24933,2.5815,-1.873,4.5513,-1.4282,0
-1.579,3.351,0.28542,-6.3715,-1.5433,0
-1.579,3.2484,1.1336,-3.6408,-0.47893,0
-1.6739,3.1458,1.6768,7.0545,-1.3276,0
-1.294,3.0945,2.2675,2.2757,-0.89605,0
-1.484,3.0945,3.0321,-7.7369,-1.7159,0
-1.1991,2.7867,3.7721,-1.1377,-2.32,0
-0.7242,2.8637,4.4942,7.5096,-2.2481,0
-0.059385,2.7611,5.3025,-0.45498,-3.0823,0
1.0803,2.2224,6.0271,-8.192,-2.018,0
0.89035,1.6325,6.587,2.0482,-2.6652,0
0.13056,1.4786,7.1211,7.282,-2.2625,0
1.8401,1.1708,7.6656,-4.5511,-2.4638,0
1.6501,0.78606,8.0775,-6.8267,-3.3556,0
-2.2438,0.88866,8.3761,6.1442,-3.0392,0
-3.1935,1.2734,8.627,4.0962,-4.1611,0
1.3652,1.8633,8.8085,-6.5991,-3.4563,0
3.7396,2.2481,8.8729,-3.8684,-3.8303,0
1.6501,2.5302,8.8652,7.7372,-3.5138,0
0.51046,2.9406,8.8265,1.3655,-3.2262,0
0.79538,3.0175,8.7493,-8.8747,-4.1035,0
0.7004,3.0688,8.6631,0.00013542,-3.5714,0
0.32051,3.3253,8.5614,7.0545,-4.8659,0
0.22554,3.1971,8.3799,-2.503,-4.4344,0
0.035589,3.0945,8.089,-7.7369,-4.607,0
-1.0091,3.0945,7.7583,4.0962,-4.7508,0
-0.91415,3.1458,7.4494,6.3718,-4.046,0
0.89035,3.8383,7.1211,-6.8267,-4.8515,0
0.51046,4.2487,6.7144,-5.2337,-3.9597,0
-2.9086,4.5565,6.3257,7.7372,-4.909,0
-4.8081,4.2231,6.0117,2.9584,-4.8371,0
-2.6237,4.2231,5.6667,-7.9645,-4.9522,0
-0.53425,4.2744,5.3218,-1.3652,-5.657,0
-1.1041,3.864,4.9086,7.282,-5.0672,0
-2.5287,4.0435,4.5096,-0.9101,-6.1604,0
-4.1432,4.4796,4.1351,-8.4196,-5.6138,0
-3.1935,3.9666,3.8262,2.7309,-6.1316,0
-2.1488,3.2997,3.5096,8.1923,-5.9159,0
-1.8639,2.838,3.1736,-3.4133,-5.3981,0
-1.1041,2.7354,2.8364,-7.0542,-5.9446,0
-0.81917,2.7098,2.5147,4.3238,-4.909,0
-1.6739,2.9406,2.2186,4.3238,-5.5419,0
-1.579,2.7867,1.9638,-6.144,-4.5638,0
-0.15436,2.402,1.6935,-4.0959,-4.4056,0
-0.15436,2.0942,1.4477,7.282,-4.3625,0
0.035589,1.9146,1.2533,1.8206,-3.7727,0
0.51046,2.0685,1.0641,-7.9645,-4.8659,0
1.4602,2.1711,0.8157,-0.68254,-4.1179,0
1.9351,2.1968,0.55184,6.8269,-4.8803,0
2.7898,1.4529,0.37551,-1.5928,-4.4344,0
2.7898,0.93996,0.24938,-7.2818,-4.1467,0
1.4602,1.0939,0.14255,3.6411,-4.7077,0
1.2702,1.376,0.030574,5.6891,-3.9741,0
1.2702,1.1708,-0.17279,-5.4613,-4.8946,0
-0.15436,0.81171,-0.45466,-5.6889,-4.2186,0
-0.91415,1.1708,-0.76613,6.1442,-4.4919,0
-0.15436,1.5299,-1.0197,3.186,-4.4775,0
1.1753,1.3503,-1.2655,-8.4196,-3.4707,0
1.6501,0.78606,-1.4946,-2.7306,-3.7727,0
0.41548,0.37567,-1.6594,7.282,-2.3056,0
-0.53425,0.22178,-1.7508,-0.68254,-2.4063,0
0.41548,0.47827,-1.8113,-8.4196,-1.5433,0
1.8401,0.55522,-1.8473,0.68281,-1.3707,0
2.8848,0.35002,-1.9309,7.282,-1.946,0
2.315,0.22178,-2.0185,-2.2755,-1.1118,0
0.22554,-0.11166,-2.0815,-7.5093,-1.6728,0
-1.0091,-0.67595,-2.1369,4.0962,-0.36386,0
-0.24933,-1.2146,-2.1729,6.5994,-0.34948,0
0.51046,-1.4711,-2.1871,-5.6889,-0.018661,0
-0.15436,-1.6506,-2.2373,-6.144,0.68613,0
-0.62923,-1.5737,-2.2566,6.3718,-0.033045,0
1.4602,-1.9584,-2.2411,4.3238,0.80119,0
2.5049,-2.1893,-2.2308,-7.2818,-0.49331,0
1.8401,-2.497,-2.227,-1.8203,-0.22003,0
1.6501,-2.3431,-2.1987,7.5096,-0.27756,0
-0.059385,-2.2406,-2.1639,1.5931,-0.56523,0
-1.389,-2.2919,-2.1369,-8.192,0.41284,0
0.60543,-2.2662,-2.1266,0.91037,-0.23441,0
2.6949,-2.2919,-2.1382,7.7372,0.78681,0
2.5049,-2.4457,-2.1703,-3.4133,0.12517,0
1.2702,-2.3944,-2.2,-7.0542,-0.13373,0
-1.294,-2.2406,-2.2656,5.6891,-0.1625,0
-2.1488,-2.2406,-2.2991,5.9167,-1.1837,0
0.035589,-2.2662,-2.2656,-6.8267,-0.36386,0
1.6501,-2.3175,-2.1909,-3.4133,-1.0687,0
1.5552,-2.4201,-2.1562,7.282,-0.29195,0
0.41548,-2.3175,-2.1845,2.0482,-0.6803,0
-1.0091,-2.2919,-2.2231,-7.2818,-1.6871,0
-2.0538,-1.9584,-2.2077,0.45525,-1.9317,0
-2.0538,-2.138,-2.0944,7.9647,-3.2118,0
-1.0091,-2.1893,-1.9902,-2.0479,-2.3775,0
0.32051,-2.2406,-1.9361,-8.192,-2.6796,0
0.7004,-2.4714,-1.9065,3.4135,-1.1406,0
0.60543,-2.3431,-1.8705,6.5994,0.19709,0
0.13056,-2.138,-1.8293,-5.0062,0.72928,0
-0.24933,-2.8818,-1.7765,-5.6889,1.9806,0
0.51046,-3.3691,-1.7379,6.1442,1.0601,0
1.8401,-3.2409,-1.6748,3.4135,1.8656,0
1.6501,-3.1639,-1.5834,-7.9645,1.7073,0
1.1753,-3.0357,-1.5654,-2.503,2.5704,0
0.89035,-3.0357,-1.6105,7.282,3.7066,0
1.8401,-3.2665,-1.6491,0.45525,3.534,0
2.8848,-3.1896,-1.6015,-8.192,4.5696,0
2.4099,-2.8561,-1.5217,1.1379,3.6923,0
1.2702,-2.3944,-1.465,7.0545,4.1813,0
0.41548,-2.0354,-1.4431,-3.4133,3.7498,0
0.51046,-2.3431,-1.3852,-7.7369,3.3758,0
0.13056,-2.8048,-1.2333,4.5513,3.7786,0
-1.579,-2.7279,-1.0943,5.234,3.0019,0
-2.0538,-2.9587,-1.0042,-6.5991,3.7498,0
-0.15436,-3.01,-0.97078,-5.4613,2.5847,0
1.5552,-2.8048,-0.96306,6.8269,2.3258,0
0.98533,-2.2149,-0.97336,2.9584,1.5923,0
-0.059385,-2.138,-0.98365,-8.4196,0.61421,0
-0.62923,-2.1893,-0.99524,-0.45498,1.4916,0
-0.62923,-2.2406,-0.98751,8.1923,0.71489,0
0.035589,-2.4714,-0.92959,-0.22742,1.4484,0
0.7004,-2.138,-0.85108,-8.4196,0.36969,0
0.035589,-2.8305,-0.80732,2.5033,-0.3351,0
-0.24933,-2.8818,-0.81504,7.282,-0.92482,0
-1.1041,-2.6766,-0.85494,-3.1857,-2.2193,0
-1.389,-2.6509,-0.86138,-6.3715,-1.4858,0
-0.43928,-2.1636,-0.86138,5.4616,-2.32,0
0.60543,-1.8815,-0.87296,4.5513,-1.5721,0
0.79538,-1.8302,-0.88841,-6.5991,-1.6152,0
0.7004,-2.0354,-0.8292,-4.3235,-1.644,0
-0.43928,-1.9841,-0.67475,7.0545,-1.0974,0
-2.1488,-2.1123,-0.46882,2.2757,-2.1474,0
-2.7186,-2.2919,-0.32338,-7.5093,-0.95358,0
-2.1488,-2.5483,-0.26288,-0.68254,-0.86728,0
-1.1041,-2.3431,-0.28219,7.0545,0.26901,0
1.4602,-2.0097,-0.33496,-0.9101,0.97379,0
3.9295,-1.3941,-0.44951,-7.7369,0.90188,0
4.0245,-1.2915,-0.58465,2.0482,2.182,0
0.7004,-1.3685,-0.69792,6.5994,1.7649,0
-3.8583,-1.3941,-0.7198,-5.6889,6.2094,0
-5.093,-1.4198,-0.70178,-6.3715,14.969,0
-2.4337,-1.4198,-0.68247,6.1442,19.154,0
0.51046,-1.6506,-0.64901,4.0962,13.602,0
0.79538,-1.7532,-0.59753,-7.5093,2.9299,0
-0.81917,-1.5993,-0.55119,-3.6408,-2.5645,0
-0.15436,-1.7019,-0.51773,7.282,-5.3261,0
2.22,-1.7276,-0.47911,2.0482,-5.772,0
2.22,-1.0607,-0.40832,-7.9645,-7.0953,0
0.32051,-0.4451,-0.35684,0.91037,-7.8001,0
-2.5287,-0.47075,-0.33239,6.8269,-4.9234,0
-4.0483,-1.0607,-0.33367,-2.9581,-2.1618,0
-2.5287,-1.112,-0.32724,-7.2818,1.8512,0
-0.81917,-1.035,-0.34912,4.0962,2.4697,0
0.51046,-1.2659,-0.371,6.3718,0.93064,0
1.3652,-1.3941,-0.38387,-5.6889,-2.5501,0
1.4602,-1.112,-0.40832,-5.0062,-7.685,0
0.60543,-0.57335,-0.44822,6.8269,-10.936,0
0.035589,-0.5477,-0.51258,2.2757,-14.129,0
0.98533,-0.4964,-0.53832,-7.5093,-12.949,0
1.0803,-0.16296,-0.53703,-1.1377,-10.893,0
0.79538,-0.11166,-0.52674,8.4198,-8.5768,0
0.89035,-0.16296,-0.49198,0.45525,-7.4117,0
-2.4337,-0.3938,-0.44951,-7.7369,-9.2816,0
-2.8136,-0.29121,-0.4405,2.9584,-9.9144,0
1.5552,0.016583,-0.43149,7.0545,-11.223,0
1.4602,0.11918,-0.41991,-4.3235,-7.3686,0
-1.1041,-0.31686,-0.38129,-5.6889,-1.2556,0
-2.6237,-1.0607,-0.23328,6.3718,2.4984,0
-3.6684,-1.3685,-0.046652,4.3238,3.5916,0
-2.5287,-1.112,0.08978,-7.5093,0.81558,0
-0.62923,-0.52205,0.16958,-3.6408,-0.83852,0
-0.53425,-0.4964,0.20562,7.7372,-3.9022,0
-0.81917,-0.34251,0.2571,1.1379,-6.1316,0
0.32051,0.016583,0.33819,-8.4196,-7.1097,0
1.1753,-0.034715,0.42056,-0.22742,-7.6131,0
1.4602,-0.13731,0.45403,7.282,-5.3405,0
0.98533,0.042233,0.44373,-1.5928,-4.9809,0
0.41548,-0.086014,0.40769,-7.0542,-4.4056,0
-1.0091,-0.11166,0.38452,2.7309,-5.6138,0
-0.43928,0.067882,0.32789,6.1442,-7.4693,0
1.0803,0.19613,0.29314,-6.5991,-7.7713,0
0.41548,0.19613,0.28156,-6.144,-7.9583,0
0.22554,0.016583,0.26354,6.3718,-3.7296,0
0.51046,0.27308,0.21334,3.6411,0.067639,0
-0.43928,0.27308,0.19918,-7.5093,3.908,0
-0.53425,0.22178,0.20562,-2.9581,5.0443,0
0.32051,0.19613,0.21463,7.0545,2.369,0
0.98533,0.016583,0.19146,0.68281,-0.8529,0
1.9351,0.093531,0.15542,-7.2818,-5.3261,0
3.8345,0.17048,0.1078,1.1379,-5.7145,0
3.8345,0.19613,0.022851,6.8269,-3.7583,0
2.8848,0.016583,-0.027345,-3.1857,-0.73783,0
1.3652,0.58087,-0.023484,-7.5093,1.7649,0
-1.0091,0.60652,-0.024771,4.0962,-0.26318,0
-1.9589,-0.086014,-0.023484,7.0545,-3.2549,0
-1.484,-0.47075,0.044732,-6.3715,-8.7206,0
-1.0091,-0.13731,0.13097,-5.6889,-11.914,0
-0.15436,0.37567,0.16572,5.9167,-12.518,0
1.0803,0.35002,0.15285,3.8687,-11.612,0
2.03,0.24743,0.19403,-7.5093,-8.6919,0
1.2702,0.68346,0.27512,-2.503,-8.5336,0
-0.24933,0.68346,0.33304,7.5096,-8.8788,0
0.035589,-0.060364,0.33047,0.68281,-12.158,0
-1.1041,-0.034715,0.32274,-7.7369,-15.438,0
-3.0985,0.35002,0.33175,1.8206,-16.617,0
-3.5734,0.27308,0.33304,7.282,-15.768,0
-1.484,0.24743,0.29958,-3.1857,-9.9144,0
1.9351,-0.034715,0.24552,-6.3715,-4.7364,0
0.7004,0.35002,0.20176,5.0064,0.39846,0
-2.3388,0.78606,0.16572,6.1442,1.6354,0
-2.3388,0.45262,0.11938,-6.3715,-0.63715,0
-1.1991,0.52957,0.037009,-4.0959,-3.3844,0
-1.1991,1.0939,-0.035068,6.8269,-6.7213,0
-1.294,1.3503,-0.031207,3.186,-5.5275,0
-0.62923,0.99126,-0.054374,-7.7369,-3.0104,0
-1.294,1.1708,-0.11744,-1.1377,1.506,0
-1.0091,1.376,-0.1213,7.282,5.2457,0
0.22554,0.96561,-0.102,-1.1377,5.4758,0
0.32051,0.52957,-0.0518,-7.7369,4.7135,0
-0.34431,0.11918,0.016416,1.8206,0.29777,0
0.51046,0.19613,0.10909,7.0545,-2.9241,0
1.5552,0.19613,0.18374,-4.0959,-5.9302,0
0.79538,0.37567,0.23393,-7.7369,-6.8652,0
-1.7689,0.067882,0.28542,5.0064,-4.794,0
-2.0538,-0.29121,0.36007,4.5513,-3.3125,0
-0.53425,-0.086014,0.43215,-6.5991,-0.40701,0
0.41548,0.42697,0.47977,-4.3235,-0.30633,0
0.035589,0.016583,0.49135,6.1442,-0.23441,0
0.51046,-0.57335,0.48878,2.0482,-0.47893,0
1.7451,-0.4451,0.51323,-7.7369,-0.96797,0
0.51046,-0.0090658,0.52353,-0.22742,0.54229,0
-1.579,0.14483,0.53897,8.1923,0.35531,0
-0.53425,-0.086014,0.51709,-0.45498,1.2615,0
0.98533,0.042233,0.48105,-8.192,0.38407,0
0.79538,0.17048,0.39353,2.7309,-0.594,0
0.41548,-0.034715,0.33947,6.8269,-0.55085,0
-0.34431,-0.34251,0.32532,-3.1857,-1.155,0
-0.15436,-0.13731,0.30601,-7.5093,0.31216,0
1.7451,0.14483,0.24037,4.3238,-0.79537,0
2.7898,0.42697,0.20562,4.5513,-1.5433,0
1.4602,0.067882,0.17344,-6.144,-3.2118,0
-0.53425,-0.36816,0.15671,-4.3235,-4.4775,0
-0.7242,-0.47075,0.16958,6.8269,-3.3556,0
0.41548,0.11918,0.17601,2.7309,-2.809,0
0.89035,0.50392,0.17473,-7.7369,0.010105,0
0.22554,0.63217,0.1773,-1.3652,1.6067,0
-0.7242,0.60652,0.1876,8.1923,3.4765,0
-0.24933,0.35002,0.167,-0.22742,3.7354,0
1.6501,0.14483,0.12324,-7.5093,1.0601,0
2.5999,-0.31686,0.10394,1.8206,-1.7591,0
4.3094,-0.77854,0.13354,7.7372,-5.8583,0
1.2702,-0.75289,0.1477,-2.0479,-6.7645,0
-2.8136,-0.6503,0.11681,-7.0542,-6.8508,0
-0.91415,-0.85549,0.062751,4.7789,-4.5782,0
1.6501,-1.0094,0.024138,5.0064,-0.78098,0
1.2702,-1.0094,-0.038929,-6.3715,0.38407,0
-0.15436,-0.98374,-0.074968,-5.6889,1.0313,0
-2.0538,-1.3172,-0.064671,6.1442,-1.457,0
-2.1488,-1.3428,-0.02992,2.9584,-3.2549,0
-1.1991,-1.1376,-0.015762,-7.7369,-5.2542,0
-0.15436,-1.2659,-0.0016037,-3.1857,-6.4912,0
0.51046,-1.3685,0.007406,6.5994,-4.6214,0
0.60543,-1.6506,0.035722,0.2277,-2.9673,0
1.3652,-1.3172,0.039583,-7.7369,0.47037,0
2.125,-1.3428,0.069186,0.68281,0.88749,0
1.7451,-1.4198,0.10394,6.8269,-0.39263,0
1.4602,-1.1889,0.16443,-2.7306,-3.2837,0
0.98533,-1.2915,0.24037,-7.5093,-8.7494,0
0.32051,-1.3428,0.2571,3.4135,-11.353,0
1.1753,-1.1633,0.22364,5.4616,-12.201,0
1.5552,-1.0094,0.21463,-5.6889,-8.6199,0
1.1753,-1.0094,0.16314,-5.4613,-4.0316,0
0.89035,-1.2915,0.092354,7.282,0.22586,0
0.41548,-1.5737,0.075622,4.0962,4.3395,0
-0.34431,-1.8302,0.12067,-7.5093,4.7566,0
-0.24933,-1.5224,0.1477,-1.8203,4.8142,0
1.1753,-1.4198,0.17988,7.9647,1.6498,0
1.8401,-1.1376,0.21849,0.91037,-1.7878,0
1.7451,-1.035,0.25453,-7.7369,-4.9378,0
0.98533,-0.75289,0.26225,1.1379,-8.0302,0
-0.15436,-0.6503,0.22235,7.9647,-8.5768,0
-2.7186,-0.62465,0.19275,-3.4133,-9.7418,0
-2.9086,-0.82984,0.22235,-6.8267,-8.9795,0
0.22554,-0.75289,0.26611,5.0064,-9.7706,0
1.8401,-0.85549,0.27126,5.234,-11.281,0
2.9798,-0.4964,0.24938,-6.3715,-12.59,0
3.6446,-0.034715,0.23393,-5.0062,-14.388,0
0.60543,-0.34251,0.16958,7.5096,-12.82,0
-2.6237,-0.75289,0.052454,2.7309,-11.511,0
-2.6237,-0.75289,-0.056948,-8.192,-8.059,0
-1.1991,-0.62465,-0.12645,-1.5928,-5.1535,0
-0.62923,-0.5477,-0.13675,7.0545,-2.9241,0
0.98533,-0.11166,-0.12259,0.2277,-0.30633,0
2.9798,-0.086014,-0.12002,-7.7369,0.22586,0
1.5552,0.067882,-0.14447,1.5931,1.7936,0
-1.7689,0.22178,-0.21011,6.5994,1.319,0
-3.7634,0.19613,-0.21912,-4.3235,1.8799,0
-2.6237,0.11918,-0.18308,-7.0542,3.0306,0
0.79538,-0.34251,-0.13546,4.0962,4.2101,0
2.5049,-1.3172,-0.10586,5.234,7.0867,0
0.7004,-1.2146,-0.10714,-6.3715,8.0073,0
-1.0091,-1.0863,-0.086552,-4.5511,9.5319,0
0.41548,-0.72725,-0.062097,7.0545,7.9354,0
2.22,-0.36816,-0.040216,2.5033,5.4039,0
3.3597,-0.47075,-0.010613,-8.192,2.8724,0
2.125,-0.82984,0.0048318,-2.7306,-1.3132,0
-0.34431,-0.23991,0.012554,7.282,-2.996,0
-0.53425,-0.4451,0.0048318,-1.1377,-4.9809,0
0.41548,-0.98374,-0.038929,-8.8747,-4.1611,0
0.79538,-0.85549,-0.0518,2.2757,-3.0392,0
0.79538,-0.62465,-0.02992,6.3718,-2.7371,0
0.32051,-0.85549,-0.018336,-4.0959,-2.6652,0
-1.7689,-0.52205,-0.033781,-6.3715,-4.7508,0
-3.7634,-0.5477,0.0048318,6.3718,-4.3193,0
-2.1488,-0.82984,0.073047,5.0064,-4.8371,0
2.03,-0.77854,0.094928,-6.3715,-5.4268,0
2.8848,-1.0863,0.094928,-4.3235,-6.0165,0
-0.7242,-1.112,0.10394,6.5994,-7.4549,0
-2.3388,-0.75289,0.11037,1.8206,-7.0521,0
-0.15436,-0.62465,0.10008,-8.4196,-7.8432,0
1.8401,-0.599,0.067899,-0.9101,-6.0597,0
1.6501,-0.34251,0.022851,8.4198,-4.5494,0
2.125,-0.16296,-0.0041778,-1.1377,-3.1399,0
4.6893,0.27308,-0.038929,-7.2818,-1.5721,0
4.0245,-0.0090658,-0.11101,3.4135,-3.5714,0
0.79538,-0.13731,-0.14061,6.8269,-5.3118,0
-1.0091,-0.16296,-0.086552,-4.7786,-8.4186,0
-1.0091,-0.21426,-0.038929,-6.3715,-9.4686,0
-1.389,-0.4451,-0.054374,5.9167,-9.224,0
-3.2885,-0.060364,-0.067245,3.6411,-8.5049,0
-2.3388,0.60652,-0.056948,-6.3715,-5.1392,0
0.32051,0.47827,-0.014475,-2.0479,-2.6077,0
2.03,0.27308,0.069186,7.5096,1.7936,0
2.125,0.016583,0.11166,-0.22742,4.8429,0
1.7451,0.29873,0.12067,-8.4196,6.8566,0
0.51046,0.52957,0.14126,1.8206,7.7771,0
-0.43928,0.37567,0.16443,7.5096,5.9792,0
-1.1991,-0.26556,0.17344,-2.2755,5.2025,0
-0.7242,-0.29121,0.1773,-6.3715,2.5991,0
0.79538,-0.4964,0.20433,4.5513,1.4341,0
1.9351,-0.82984,0.24938,5.0064,-0.033045,0
1.6501,-1.2146,0.25324,-6.8267,-1.644,0
0.51046,-1.3685,0.18116,-4.5511,-1.6584,0
-0.53425,-0.95809,0.07176,7.0545,-2.6221,0
0.035589,-0.41945,0.037009,3.4135,-1.3563,0
0.035589,-0.41945,0.027999,-7.7369,-1.4282,0
-1.0091,-0.599,0.016416,-0.68254,-0.80975,0
-1.1991,-1.035,-0.0016037,7.282,0.053256,0
0.035589,-0.82984,-0.0054649,-1.1377,0.31216,0
2.22,-0.18861,0.013841,-8.192,2.369,0
3.0747,0.42697,0.012554,2.7309,2.556,0
1.9351,0.32437,-0.026058,5.9167,3.9799,0
1.3652,0.45262,-0.055661,-5.0062,4.0806,0
1.4602,0.65782,-0.032494,-6.3715,3.5772,0
1.8401,1.376,0.0061189,6.1442,3.8073,0
1.5552,1.5042,0.025425,4.5513,2.5416,0
0.51046,1.4529,0.017703,-5.9164,2.9443,0
-0.43928,1.6838,0.039583,-2.9581,1.808,0
-3.0985,1.2734,0.12711,7.7372,1.7936,0
-6.8975,1.0426,0.20047,1.3655,1.6498,0
-5.3779,0.96561,0.21463,-8.4196,0.58544,0
1.5552,0.73476,0.18374,-0.22742,0.77243,0
4.0245,0.70911,0.13483,7.5096,-0.95358,0
1.2702,1.1452,0.096215,-1.8203,-1.083,0
-1.1991,1.6838,0.092354,-7.5093,-2.1618,0
-0.91415,2.0942,0.13225,3.4135,-2.5214,0
0.22554,2.4533,0.1773,7.0545,-1.7159,0
0.13056,2.1711,0.2172,-4.5511,-2.2193,0
0.035589,2.1968,0.22235,-6.144,-1.3563,0
0.98533,2.2481,0.19918,5.9167,-2.7515,0
1.5552,2.2224,0.11938,4.5513,-2.7371,0
0.32051,2.4533,0.0035447,-6.5991,-3.0248,0
-0.34431,2.1711,-0.092987,-3.6408,-3.0248,0
0.51046,1.9146,-0.20368,7.7372,-1.0687,0
2.9798,2.1455,-0.30922,1.3655,-0.34948,0
4.0245,2.6841,-0.3504,-8.6471,1.9231,0
2.6949,2.5046,-0.31951,-0.9101,2.4409,0
1.4602,2.1455,-0.21912,6.8269,3.0738,0
-0.059385,2.402,-0.15863,-0.45498,3.0594,0
-1.8639,2.8124,-0.16378,-7.9645,1.693,0
-1.389,2.2481,-0.17279,1.8206,1.808,0
-0.7242,1.9659,-0.18952,5.9167,0.77243,0
-0.059385,2.0942,-0.24872,-4.0959,1.9231,0
-0.7242,2.7354,-0.3208,-7.7369,1.5779,0
-1.484,2.9663,-0.28862,3.6411,0.88749,0
-1.294,3.0688,-0.22684,6.1442,-0.26318,0
-0.91415,2.6072,-0.18051,-5.6889,-3.0392,0
-1.1991,2.3763,-0.1715,-4.5511,-3.8446,0
-1.1991,2.7098,-0.17407,6.8269,-5.8439,0
0.13056,2.7354,-0.1612,3.6411,-6.3042,0
1.6501,2.6328,-0.11744,-7.5093,-7.5556,0
2.315,2.7098,-0.047939,-2.0479,-9.2528,0
1.8401,3.4023,0.0061189,8.875,-9.5261,0
0.51046,3.787,0.048593,-0.22742,-11.123,0
-0.24933,3.7357,0.056315,-8.4196,-10.893,0
-0.15436,4.2744,0.026712,1.8206,-11.885,0
-0.059385,4.1461,0.016416,6.3718,-11.353,0
-1.0091,4.5052,0.064038,-4.5511,-9.5549,0
-2.0538,4.4539,0.12453,-6.5991,-7.5843,0
-2.3388,4.7104,0.16057,5.4616,-4.2042,0
-2.7186,4.5309,0.17344,4.7789,-3.5426,0
-2.3388,4.6335,0.17215,-6.5991,-2.5645,0
0.60543,4.9669,0.13483,-4.3235,-3.7008,0
2.125,4.6078,0.1181,7.5096,-4.6933,0
0.79538,3.8383,0.11681,1.5931,-4.607,0
-0.62923,3.2484,0.13611,-7.9645,-4.8227,0
0.22554,3.0945,0.13869,0.00013542,-2.6796,0
0.60543,3.0688,0.10522,7.282,-2.0467,0
-0.81917,2.8124,0.043444,-1.3652,-0.30633,0
-0.7242,2.7354,-0.031207,-7.9645,0.053256,0
0.41548,3.1458,-0.063384,3.6411,-1.2125,0
0.79538,2.9663,-0.059523,7.0545,-2.4495,0
0.98533,2.9919,-0.077542,-4.5511,-5.6138,0
0.13056,2.9919,-0.099422,-6.5991,-6.4768,0
-0.059385,2.7867,-0.10071,5.4616,-7.6419,0
1.3652,2.402,-0.098135,4.0962,-6.822,0
1.5552,2.0429,-0.10843,-7.5093,-5.3981,0
0.035589,2.1198,-0.14962,-3.6408,-5.0385,0
-1.6739,2.325,-0.19724,7.282,-3.5426,0
-1.389,2.2481,-0.23714,2.0482,-4.2905,0
-1.579,2.2481,-0.2513,-7.5093,-3.9453,0
-0.81917,2.2737,-0.21912,0.2277,-4.7364,0
-0.81917,2.0172,-0.17922,7.9647,-5.6138,0
-3.0985,2.1711,-0.1612,-2.0479,-5.0097,0
-1.579,2.4533,-0.14318,-8.192,-5.3549,0
0.60543,2.3763,-0.12388,2.9584,-4.0029,0
-0.24933,2.6072,-0.14318,6.5994,-4.9378,0
-0.43928,3.351,-0.19081,-5.4613,-5.4556,0
2.125,3.8383,-0.26288,-6.5991,-5.6138,0
3.3597,3.1714,-0.30021,5.0064,-6.0165,0
1.0803,2.7867,-0.2513,3.186,-4.4344,0
-1.294,3.1201,-0.18566,-7.5093,-4.7796,0
-1.389,2.915,-0.12645,-2.9581,-4.1467,0
-0.24933,2.7354,-0.096848,7.7372,-5.772,0
0.13056,2.6841,-0.078829,0.91037,-7.7713,0
-0.24933,2.6328,-0.033781,-7.7369,-9.2816,0
0.51046,2.7098,0.035722,2.5033,-11.497,0
1.8401,2.8893,0.076909,7.282,-11.223,0
1.7451,2.8124,0.10522,-3.1857,-11.856,0
1.0803,2.915,0.11295,-7.7369,-10.475,0
1.2702,2.8124,0.15027,5.0064,-9.7275,0
2.5999,3.1714,0.16829,5.4616,-9.6555,0
2.8848,2.8124,0.14641,-7.2818,-9.0658,0
1.2702,1.7351,0.087205,-4.3235,-10.648,0
0.32051,1.4016,0.07176,7.282,-10.375,0
0.22554,1.889,0.069186,2.9584,-11.497,0
-1.0091,1.9659,0.070473,-8.192,-11.108,0
-2.0538,1.812,0.016416,-0.22742,-10.202,0
-1.579,1.3503,-0.053087,7.5096,-10.101,0
-1.579,1.3503,-0.10972,-1.3652,-8.433,0
-1.389,1.9146,-0.12903,-7.0542,-8.6487,0
-0.34431,1.9403,-0.12388,3.6411,-7.3686,0
0.60543,1.6838,-0.15734,6.1442,-6.7213,0
0.13056,2.1711,-0.20754,-5.2337,-5.7576,0
-1.484,2.325,-0.25516,-5.4613,-3.8734,0
-2.1488,1.9916,-0.25516,6.3718,-4.0316,0
-0.81917,1.6838,-0.18437,3.6411,-3.0679,0
0.60543,1.7351,-0.10457,-7.9645,-3.9166,0
1.2702,1.0426,-0.041503,-2.0479,-3.672,0
1.5552,0.70911,-0.0080391,7.5096,-3.1974,0
1.2702,1.1452,-0.017049,0.45525,-3.2837,0
0.32051,1.376,-0.041503,-7.9645,-2.0036,0
-1.0091,1.6838,-0.056948,1.1379,-2.5933,0
-1.1991,1.7351,-0.044078,7.0545,-1.6296,0
0.32051,1.0169,-0.02091,-3.8684,-1.8166,0
1.7451,0.24743,0.022851,-7.2818,-1.9173,0
1.0803,-0.36816,0.029286,4.3238,-1.7734,0
-0.7242,0.11918,-0.019623,5.234,-3.1255,0
-1.294,0.47827,-0.045365,-7.0542,-2.7659,0
-1.389,0.11918,-0.095561,-4.3235,-3.8159,0
-1.1991,0.32437,-0.19724,6.8269,-3.3844,0
0.13056,0.016583,-0.29377,2.2757,-3.5138,0
1.1753,-0.13731,-0.34654,-8.192,-4.1755,0
0.32051,0.067882,-0.38001,-0.9101,-3.7871,0
-1.484,0.42697,-0.38902,7.5096,-4.9953,0
-1.484,0.55522,-0.38387,0.2277,-4.3625,0
-1.579,0.27308,-0.39417,-7.5093,-4.607,0
-2.6237,-0.26556,-0.41476,2.5033,-4.0029,0
-0.81917,-0.5477,-0.44308,6.8269,-2.9816,0
2.03,-0.36816,-0.43149,-3.4133,-3.0392,0
3.0747,-0.52205,-0.36199,-6.8267,-1.8022,0
1.5552,-0.90679,-0.29377,5.234,-2.9529,0
-0.15436,-0.98374,-0.26674,5.9167,-2.809,0
-0.059385,-0.7016,-0.24486,-6.144,-3.3125,0
1.1753,-0.57335,-0.22942,-5.0062,-2.881,0
0.32051,-0.599,-0.23071,7.0545,-1.27,0
-1.9589,-0.086014,-0.19853,3.4135,-1.083,0
-2.8136,0.73476,-0.1419,-7.7369,0.16832,0
-1.294,0.96561,-0.08269,-1.8203,-0.86728,0
0.13056,0.58087,-0.053087,8.1923,-0.92482,0
0.22554,0.22178,-0.036355,0.45525,-1.1262,0
-0.43928,0.45262,-0.018336,-8.4196,-1.457,0
-0.62923,0.86301,0.022851,2.0482,-0.17688,0
0.51046,0.99126,0.030574,7.0545,-0.69468,0
1.8401,0.78606,0.007406,-3.1857,0.12517,0
1.6501,0.60652,0.00097052,-7.7369,-0.73783,0
0.51046,0.11918,-0.053087,4.5513,-1.4426,0
0.79538,-0.36816,-0.12259,5.6891,-1.4714,0
-0.91415,-0.31686,-0.13031,-6.3715,-2.2481,0
-2.1488,-0.21426,-0.080116,-6.144,-1.1693,0
0.035589,-0.23991,0.0035447,6.1442,-2.0899,0
1.1753,-0.13731,0.04087,3.8687,-1.6728,0
0.41548,-0.18861,0.04087,-7.7369,-1.9748,0
-0.43928,0.81171,0.04087,-2.503,-2.1906,0
-1.294,0.96561,0.046019,7.9647,-1.2413,0
-1.294,0.22178,0.016416,0.00013542,-1.8022,0
0.22554,-0.11166,0.030574,-7.5093,-0.63715,0
0.79538,-0.67595,0.044732,2.0482,-1.2125,0
-0.24933,-1.2659,0.027999,6.8269,-0.98235,0
0.035589,-1.3941,0.039583,-4.0959,-0.75222,0
1.1753,-1.4454,0.07176,-7.5093,-1.3563,0
1.0803,-1.1633,0.064038,4.7789,-0.5077,0
-0.15436,-1.548,0.04087,5.4616,-1.4714,0
-1.1041,-1.7019,0.011267,-7.0542,-0.69468,0
-1.0091,-1.0607,0.030574,-3.4133,-1.0399,0
-0.24933,-0.93244,0.047306,7.7372,-1.1262,0
-0.91415,-1.5224,0.048593,2.5033,-0.5077,0
-1.484,-2.1123,0.025425,-8.192,-1.2413,0
-0.24933,-1.9328,0.013841,0.00013542,-0.3351,0
2.125,-1.8815,0.024138,7.282,-1.0255,0
4.0245,-1.8558,0.04988,-0.9101,-0.37825,0
2.315,-1.8045,0.01899,-7.2818,0.024489,0
0.13056,-2.3944,0.020277,3.6411,-0.13373,0
0.035589,-2.5996,0.013841,6.5994,0.74366,0
1.1753,-2.7022,-0.017049,-4.5511,-0.061812,0
0.89035,-2.6509,-0.089126,-5.4613,0.90188,0
-0.24933,-2.3688,-0.11873,6.3718,0.70051,0
-0.43928,-1.7789,-0.046652,4.3238,1.1895,0
-0.7242,-1.4711,-0.0041778,-5.9164,1.8368,0
0.51046,-1.4198,0.034435,-4.3235,1.4197,0
0.13056,-1.7019,0.075622,7.7372,2.4984,0
-1.8639,-2.0354,0.11166,1.8206,2.0382,0
-2.3388,-1.9584,0.1181,-8.4196,3.0019,0
-0.53425,-2.3944,0.10136,-2.2755,3.1169,0
1.1753,-2.6509,0.092354,7.282,2.9299,0
1.5552,-2.6253,0.066612,-0.9101,3.7498,0
0.60543,-2.138,0.053741,-8.4196,2.8293,0
-0.24933,-1.5737,0.043444,2.0482,3.3902,0
-0.34431,-1.4198,0.076909,7.0545,2.3402,0
-1.1041,-1.7019,0.17988,-3.8684,2.556,0
-1.294,-2.0097,0.26096,-7.7369,2.7861,0
-1.8639,-2.497,0.29185,4.7789,2.2683,0
-2.6237,-2.9331,0.25324,3.8687,2.6567,0
-1.1991,-3.2922,0.24037,-7.2818,0.80119,0
-1.1041,-2.9587,0.26225,-4.5511,0.54229,0
-1.8639,-2.4714,0.2867,6.5994,-0.9392,0
-0.53425,-2.0097,0.26354,1.8206,-1.3851,0
1.2702,-2.1636,0.30344,-7.7369,-0.75222,0
0.89035,-2.1893,0.44115,0.2277,-0.78098,0
-0.62923,-1.9841,0.55442,7.0545,0.94503,0
0.41548,-1.625,0.54798,-2.2755,0.47037,0
2.7898,-0.95809,0.49779,-7.5093,1.2758,0
2.5999,-0.88114,0.49779,3.6411,1.0169,0
0.79538,-0.7016,0.51581,5.9167,0.41284,0
-0.34431,-0.16296,0.55957,-6.144,0.41284,0
0.13056,-0.18861,0.566,-6.144,-1.27,0
-0.53425,-0.6503,0.54412,7.9647,-0.78098,0
-1.8639,-1.1889,0.53254,3.4135,-1.3132,0
-1.579,-1.0863,0.54283,-8.192,-0.30633,0
0.41548,-1.2915,0.58531,-1.3652,0.78681,0
0.7004,-1.3941,0.64065,7.7372,0.64298,0
-1.294,-1.5993,0.6664,-0.68254,0.82996,0
-2.1488,-1.7789,0.6561,-6.8267,-1.644,0
0.41548,-1.5737,0.62521,3.6411,-2.6508,0
1.9351,-1.4711,0.59947,6.1442,-4.1323,0
0.13056,-1.1376,0.56343,-4.0959,-4.2761,0
-2.1488,-0.80419,0.50551,-5.9164,-3.2837,0
-2.7186,-0.93244,0.49779,6.1442,-3.37,0
-1.7689,-1.2402,0.49393,4.5513,-2.2481,0
-2.0538,-1.4454,0.5068,-6.8267,-3.6433,0
-1.484,-1.5224,0.58402,-2.7306,-4.233,0
0.79538,-2.1893,0.70372,7.282,-5.2398,0
0.79538,-2.3431,0.72946,1.5931,-6.0165,0
-1.294,-2.5483,0.69471,-8.192,-4.8083,0
-1.389,-2.3688,0.61105,1.3655,-4.5782,0
0.7004,-2.3175,0.52739,6.8269,-2.1618,0
1.5552,-3.01,0.46304,-3.8684,-0.96797,0
0.89035,-3.3178,0.39611,-7.7369,1.0745,0
-0.24933,-2.7022,0.33175,4.5513,2.9012,0
-1.1991,-2.3175,0.28156,5.6891,3.1457,0
0.32051,-2.5227,0.24423,-6.8267,3.2608,0
1.7451,-2.3688,0.25839,-6.144,-0.3351,0
1.0803,-2.061,0.28799,5.9167,-3.1399,0
-0.91415,-2.1123,0.31888,2.0482,-6.4337,0
-2.4337,-2.1893,0.297,-8.6471,-7.9583,0
-2.3388,-2.2149,0.25968,-2.7306,-7.9152,0
0.035589,-1.7532,0.23265,7.9647,-8.9076,0
1.8401,-1.7532,0.25839,-0.22742,-8.7638,0
1.2702,-1.5224,0.24938,-8.192,-10.878,0
-0.34431,-1.4711,0.21334,1.8206,-11.324,0
-0.34431,-1.6763,0.16186,7.0545,-11.684,0
-0.53425,-1.5737,0.12067,-3.6408,-11.022,0
-1.389,-1.4198,0.11037,-7.2818,-8.5336,0
-1.9589,-1.7276,0.12196,5.234,-7.2823,0
-1.294,-1.8045,0.12324,4.5513,-4.7077,0
0.98533,-2.0867,0.11938,-7.5093,-4.3481,0
0.79538,-2.1893,0.15156,-4.3235,-3.8015,0
0.32051,-1.6763,0.15413,7.5096,-3.7871,0
0.13056,-1.4711,0.13097,2.0482,-4.4488,0
-0.7242,-1.6506,0.094928,-7.5093,-3.2262,0
-1.294,-1.7789,0.037009,0.00013542,-3.4131,0
-0.81917,-1.8045,-0.028633,7.0545,-1.3419,0
0.89035,-1.8815,-0.036355,-1.8203,-0.66591,0
0.60543,-2.3431,0.039583,-8.192,-0.090578,0
-1.484,-2.0867,0.039583,3.6411,0.45599,0
-0.34431,-1.4198,-0.022197,6.3718,-0.37825,0
0.51046,-1.5993,-0.015762,-5.4613,0.41284,0
-0.7242,-2.0097,-0.0016037,-5.6889,-0.69468,0
-0.53425,-2.2662,-0.04279,6.5994,-0.23441,0
0.79538,-2.2406,-0.074968,4.3238,-0.73783,0
0.98533,-2.2149,-0.064671,-6.8267,-1.4714,0
-0.34431,-2.2406,-0.044078,-2.503,-1.3276,0
-0.62923,-1.9841,-0.063384,8.6474,-2.6796,0
-1.1991,-1.3428,-0.14833,0.91037,-2.1474,0
-1.9589,-1.0863,-0.26031,-7.9645,-3.0536,0
-1.484,-1.4711,-0.31694,0.91037,-2.7947,0
-0.34431,-1.2146,-0.27447,7.0545,-2.7371,0
-0.62923,-1.0863,-0.20882,-3.4133,-3.4563,0
-2.8136,-1.035,-0.17279,-7.7369,-2.9529,0
-3.0985,-0.98374,-0.16764,5.0064,-3.9741,0
-0.34431,-1.1889,-0.14704,5.234,-3.2693,0
1.2702,-1.1376,-0.12259,-7.0542,-3.859,0
0.98533,-1.112,-0.077542,-4.3235,-4.0316,0
0.41548,-1.2659,-0.0080391,7.5096,-3.7296,0
-1.1041,-1.1633,0.048593,2.9584,-4.4488,0
-1.389,-1.3172,0.12196,-8.192,-3.5138,0
-0.7242,-1.6506,0.21463,-1.8203,-4.2042,0
-0.53425,-1.2915,0.3472,7.282,-3.4707,0
-0.059385,-0.82984,0.44244,-0.45498,-3.2981,0
1.0803,-1.0863,0.49006,-7.2818,-3.2549,0
1.4602,-1.0863,0.47462,2.0482,-2.3632,0
0.32051,-1.0094,0.43858,7.0545,-3.0967,0
-0.059385,-0.72725,0.37423,-3.4133,-2.4782,0
-1.0091,-0.18861,0.28542,-7.2818,-3.3988,0
-1.294,-0.62465,0.21205,4.5513,-3.5857,0
-1.0091,-1.4198,0.15928,5.4616,-4.1467,0
0.41548,-1.7789,0.15027,-6.8267,-5.47,0
1.8401,-1.8558,0.15027,-5.0062,-5.4124,0
1.1753,-1.8302,0.12839,7.282,-6.6782,0
-0.24933,-1.3172,0.074335,3.186,-5.9878,0
0.32051,-1.0863,-0.0093262,-7.2818,-5.8727,0
0.13056,-1.3172,-0.10457,-1.5928,-5.6713,0
-1.579,-1.3685,-0.18437,8.1923,-4.8659,0
-1.484,-1.4454,-0.22427,0.00013542,-5.4844,0
0.41548,-1.4711,-0.26031,-8.192,-4.5638,0
1.6501,-1.7019,-0.31437,2.2757,-5.5994,0
2.4099,-1.8045,-0.30407,8.1923,-5.6138,0
1.7451,-2.0867,-0.22556,-3.6408,-6.0597,0
2.125,-2.4714,-0.13804,-7.7369,-6.7213,0
3.3597,-2.5996,-0.11615,5.4616,-5.772,0
1.9351,-2.3944,-0.15477,5.4616,-6.448,0
-1.1041,-1.548,-0.20754,-6.5991,-5.6426,0
-1.294,-1.3941,-0.23328,-4.3235,-6.5631,0
0.035589,-1.9328,-0.2513,7.282,-7.0378,0
0.22554,-2.4201,-0.25387,2.0482,-7.0521,0
0.7004,-2.1123,-0.22942,-8.192,-7.6994,0
1.2702,-1.8558,-0.15863,-2.503,-6.2898,0
0.035589,-1.5737,-0.12645,7.282,-6.6926,0
-2.8136,-1.4967,-0.15605,0.00013542,-6.0885,0
-2.9086,-1.625,-0.18051,-8.192,-6.9083,0
0.51046,-1.112,-0.2114,0.91037,-7.872,0
2.9798,-1.0094,-0.33496,6.3718,-8.0158,0
2.6949,-1.7532,-0.51258,-2.9581,-9.1665,0
1.2702,-1.625,-0.63743,-8.4196,-7.9727,0
0.41548,-1.2402,-0.64129,2.2757,-8.0302,0
-1.294,-1.2915,-0.59881,4.5513,-6.9083,0
-2.9086,-1.1376,-0.57565,-4.7786,-6.822,0
-2.5287,-1.0607,-0.55891,-5.9164,-7.5843,0
-0.62923,-0.72725,-0.52545,6.3718,-7.498,0
0.89035,-0.82984,-0.49971,3.4135,-8.9651,0
0.89035,-0.75289,-0.47654,-7.2818,-8.3754,0
-0.7242,-0.95809,-0.48169,-2.7306,-9.0083,0
-0.7242,-1.7276,-0.5203,7.7372,-8.9651,0
1.9351,-1.9584,-0.50228,0.2277,-8.9508,0
4.6893,-2.1636,-0.43535,-6.8267,-9.9576,0
3.5496,-2.0097,-0.33625,1.8206,-9.4398,0
0.60543,-1.8302,-0.241,5.6891,-10.403,0
0.41548,-1.5737,-0.18308,-3.6408,-9.7131,0
1.0803,-1.4711,-0.16249,-6.3715,-9.6124,0
-3.0036,-1.6506,-0.18051,6.1442,-9.5405,0
-6.8975,-1.4711,-0.22813,4.5513,-8.8357,0
-3.2885,-0.90679,-0.21011,-6.5991,-9.785,0
2.5049,-0.7016,-0.13932,-3.4133,-9.2528,0
3.1697,-0.88114,-0.064671,7.0545,-10.116,0
2.125,-0.62465,-0.040216,2.0482,-9.8569,0
1.1753,-0.3938,-0.017049,-7.5093,-9.5549,0
0.035589,-0.23991,0.037009,-0.22742,-9.9288,0
-0.62923,-0.41945,0.060177,7.9647,-8.9939,0
-0.81917,0.19613,0.060177,-1.3652,-9.9576,0
-1.1991,0.47827,0.064038,-7.7369,-9.3247,0
-2.4337,0.32437,0.083344,3.186,-10.001,0
-3.3835,0.27308,0.11681,6.1442,-10.303,0
-2.5287,0.45262,0.15671,-5.0062,-9.9432,0
-1.1991,0.58087,0.2172,-7.0542,-10.749,0
-0.24933,0.83736,0.29571,6.1442,-9.7275,0
0.13056,1.4786,0.31245,3.8687,-10.749,0
0.32051,1.2734,0.25968,-7.7369,-11.108,0
0.7004,0.81171,0.25581,-4.0959,-12.417,0
0.32051,0.37567,0.26354,6.5994,-12.403,0
-2.0538,0.27308,0.21205,2.0482,-9.3103,0
-3.0985,0.42697,0.13354,-8.4196,-6.6638,0
1.5552,0.88866,0.076909,-1.3652,-3.0679,0
5.4491,1.299,0.052454,8.1923,-3.4419,0
4.9742,1.6838,0.012554,-1.3652,-4.7652,0
1.4602,1.8633,-0.032494,-8.192,-7.5556,0
-0.24933,2.6072,-0.074968,1.5931,-10.821,0
0.41548,2.5046,-0.12516,7.5096,-11.583,0
0.13056,1.812,-0.17665,-4.5511,-12.719,0
-1.0091,1.4786,-0.21655,-6.144,-11.583,0
-1.8639,1.4786,-0.23071,5.234,-11.569,0
-1.1041,1.4273,-0.241,4.0962,-11.77,0
0.41548,1.4016,-0.27833,-7.0542,-11.669,0
0.035589,0.91431,-0.33367,-4.5511,-12.59,0
-1.484,0.91431,-0.36971,7.7372,-11.094,0
-2.0538,0.96561,-0.37872,1.5931,-10.706,0
-0.91415,1.5299,-0.40446,-8.4196,-8.7206,0
1.0803,1.7607,-0.35427,0.68281,-7.2823,0
4.4044,1.299,-0.2912,7.282,-6.9371,0
5.1642,0.24743,-0.25516,-2.0479,-5.9159,0
2.5049,-0.13731,-0.25516,-7.7369,-7.0521,0
0.035589,-0.4451,-0.25387,4.0962,-6.5775,0
0.13056,-0.5477,-0.22942,6.3718,-7.1097,0
-0.7242,-0.5477,-0.18308,-5.0062,-6.6926,0
-2.3388,-0.11166,-0.16249,-5.4613,-5.6426,0
-2.8136,0.40132,-0.14318,7.282,-5.7289,0
-2.3388,0.27308,-0.15863,2.9584,-4.4631,0
-0.059385,0.042233,-0.1715,-7.2818,-5.1823,0
3.4546,0.65782,-0.15863,-2.503,-4.5494,0
3.8345,1.1195,-0.11744,7.7372,-4.722,0
1.6501,0.86301,-0.072394,1.5931,-4.9522,0
-0.059385,0.91431,-0.045365,-7.5093,-4.2474,0
0.51046,0.76041,-0.06081,2.0482,-4.8803,0
1.2702,1.2221,-0.096848,7.0545,-3.6145,0
0.22554,1.6838,-0.19982,-4.3235,-3.9309,0
-0.24933,2.3507,-0.26031,-7.0542,-3.2118,0
-0.7242,2.3763,-0.27189,5.9167,-2.9385,0
-0.059385,2.5815,-0.22813,4.5513,-3.4419,0
0.98533,2.402,-0.18051,-7.7369,-2.7084,0
2.5049,2.6328,-0.16249,-3.8684,-3.6864,0
2.8848,3.1971,-0.16506,7.0545,-2.8522,0
1.9351,3.2484,-0.14576,0.91037,-3.37,0
1.1753,3.3766,-0.085264,-8.4196,-3.1974,0
1.2702,3.4279,-0.049226,0.91037,-3.0679,0
1.4602,2.9919,-0.058236,6.8269,-4.0748,0
-0.059385,2.7354,-0.0917,-2.2755,-3.4563,0
-0.91415,2.6841,-0.096848,-7.5093,-4.722,0
0.32051,2.7098,-0.095561,3.4135,-4.1755,0
1.4602,2.6328,-0.078829,5.4616,-4.5063,0
0.98533,2.7098,-0.073681,-5.4613,-4.7077,0
0.89035,2.8637,-0.08269,-5.4613,-3.9741,0
1.4602,2.7867,-0.047939,6.3718,-4.8227,0
0.89035,2.4276,0.042157,3.186,-3.7727,0
-0.91415,2.0172,0.14512,-7.7369,-4.1898,0
-0.7242,2.402,0.20047,-3.8684,-3.4994,0
2.125,2.6072,0.21463,7.282,-2.8522,0
2.6949,2.6585,0.23136,0.91037,-3.0967,0
1.3652,2.6585,0.23393,-7.9645,-1.9173,0
1.6501,1.9146,0.23522,0.45525,-2.9241,0
2.125,1.7864,0.21077,6.8269,-2.6221,0
0.60543,2.0942,0.17601,-1.5928,-3.1974,0
-2.7186,2.5046,0.11681,-7.2818,-3.5426,0
-2.9086,2.402,0.046019,4.5513,-2.8378,0
-0.81917,2.5046,-0.022197,6.3718,-3.3556,0
-0.53425,2.6072,-0.083977,-6.144,-2.0467,0
-1.8639,2.6841,-0.1715,-5.2337,-2.3919,0
-1.1041,2.4533,-0.22041,6.8269,-1.946,0
0.41548,2.4276,-0.26031,3.6411,-1.644,0
0.79538,2.1455,-0.25902,-7.0542,-1.8885,0
1.4602,2.1968,-0.20239,-2.503,-0.62276,0
2.4099,2.2481,-0.10328,7.9647,-1.0687,0
2.9798,2.0172,-0.028633,1.8206,-0.13373,0
1.4602,1.889,-0.024771,-7.7369,-0.2488,0
0.32051,1.8377,-0.068532,0.68281,-0.13373,0
0.51046,2.1455,-0.095561,6.5994,0.57106,0
-0.24933,2.1968,-0.076255,-1.3652,0.082022,0
-1.6739,1.9916,-0.096848,-6.8267,1.2471,0
-0.91415,2.1198,-0.16249,4.5513,0.75804,0
1.4602,1.9916,-0.24744,4.7789,1.6642,0
3.8345,1.8633,-0.24872,-6.3715,1.8656,0
2.5999,2.0685,-0.19081,-3.6408,1.8224,0
-0.15436,1.9659,-0.16764,7.5096,2.7861,0
-1.1991,2.1711,-0.19338,0.91037,2.2971,0
-0.91415,2.5559,-0.23714,-8.4196,3.5197,0
-2.0538,2.6328,-0.26546,-1.1377,3.1169,0
-2.5287,2.4276,-0.25001,8.1923,3.2895,0
-2.5287,2.0942,-0.19982,-0.9101,3.3902,0
-2.6237,2.1455,-0.1419,-7.9645,2.7861,0
-3.9533,2.0172,-0.080116,3.186,3.6347,0
-3.1935,2.1455,-0.006752,6.8269,2.7861,0
-0.7242,2.2481,0.062751,-4.5511,3.6491,0
1.1753,2.5046,0.12582,-7.7369,3.1888,0
1.4602,2.4276,0.17215,4.5513,2.7861,0
0.41548,2.2994,0.16443,4.7789,2.4409,0
-2.1488,2.2224,0.13225,-6.8267,1.0889,0
-3.2885,2.0942,0.096215,-4.3235,1.7649,0
-0.15436,2.3763,0.1181,6.1442,0.98818,0
3.8345,2.0942,0.15285,3.186,1.8512,0
4.9742,1.889,0.13225,-8.192,1.5779,0
2.5999,1.6068,0.067899,-2.503,1.0457,0
-0.43928,1.5042,0.053741,7.7372,1.2327,0
-1.0091,1.4529,0.074335,-0.22742,0.010105,0
-1.294,1.4273,0.060177,-7.9645,0.81558,0
-2.5287,1.1965,-0.0080391,1.3655,0.31216,0
-3.4784,1.3247,-0.054374,7.0545,1.132,0
-1.8639,1.8633,-0.090413,-3.6408,1.4772,0
-0.34431,1.7094,-0.10586,-7.7369,1.1464,0
-0.43928,0.99126,-0.062097,5.9167,1.7217,0
0.035589,0.93996,-0.017049,5.234,0.38407,0
0.60543,1.5299,-0.032494,-6.144,0.80119,0
0.60543,1.4786,-0.087839,-3.6408,-0.033045,0
-0.24933,1.0426,-0.17793,8.1923,0.12517,0
-1.6739,0.91431,-0.19724,2.0482,0.35531,0
-0.91415,1.1965,-0.1612,-8.4196,-0.43578,0
0.79538,0.86301,-0.085264,-1.3652,0.26901,0
2.03,0.40132,-0.0080391,8.1923,-0.98235,0
1.5552,0.35002,0.007406,-0.22742,-0.49331,0
0.98533,0.76041,-0.019623,-8.4196,-1.0399,0
2.03,0.96561,-0.10457,2.7309,-1.3563,0
3.8345,0.73476,-0.17665,6.8269,-1.1262,0
5.0692,0.70911,-0.19853,-4.5511,-2.1762,0
3.7396,1.0939,-0.2217,-7.0542,-1.5433,0
1.5552,1.1452,-0.23585,5.234,-2.881,0
-0.24933,1.299,-0.25001,3.8687,-2.7659,0
-1.484,1.6581,-0.27061,-7.9645,-3.2262,0
-1.0091,1.3503,-0.28219,-2.503,-3.8878,0
0.98533,1.5555,-0.29249,7.282,-3.2837,0
1.5552,1.7607,-0.29635,-0.22742,-4.3912,0
0.51046,1.376,-0.28605,-8.6471,-3.8015,0
0.22554,0.76041,-0.26288,1.1379,-4.6214,0
1.2702,0.29873,-0.20882,7.282,-4.722,0
0.79538,-0.23991,-0.15734,-2.7306,-4.4775,0
-2.0538,-0.80419,-0.13804,-7.5093,-5.1823,0
-0.34431,-0.72725,-0.10972,3.6411,-4.1755,0
2.5049,-0.4451,-0.086552,5.234,-4.8659,0
2.03,-0.23991,-0.055661,-6.5991,-4.046,0
0.60543,-0.21426,0.046019,-5.0062,-4.1898,0
-0.43928,-0.21426,0.097502,5.6891,-4.42,0
-0.62923,-0.23991,0.11037,2.2757,-3.7296,0
-0.53425,-0.23991,0.11681,-7.7369,-4.5063,0
-0.53425,-0.67595,0.1773,-0.68254,-3.4419,0
-0.15436,-0.72725,0.20304,7.282,-3.9741,0
0.13056,-0.62465,0.16057,-1.5928,-3.6864,0
-1.1041,-0.57335,0.065325,-7.0542,-3.557,0
-0.91415,-0.62465,-0.014475,4.3238,-4.2618,0
0.98533,-0.62465,-0.02992,6.3718,-3.5857,0
2.6949,-0.62465,-0.035068,-6.5991,-4.607,0
2.03,-0.57335,-0.046652,-5.4613,-3.9022,0
-1.484,-0.85549,-0.059523,5.6891,-4.4056,0
-4.0483,-0.95809,-0.044078,3.8687,-4.4056,0
-1.484,-1.2402,-0.038929,-6.8267,-3.9022,0
0.035589,-1.3941,-0.08269,-2.9581,-4.4488,0
-0.24933,-1.1633,-0.11358,6.8269,-3.37,0
0.41548,-1.2402,-0.12002,0.45525,-3.9885,0
1.4602,-0.41945,-0.06081,-7.7369,-3.3125,0
0.98533,-0.16296,-0.0016037,0.68281,-3.4994,0
0.7004,-0.4451,0.052454,7.0545,-3.9166,0
0.13056,-0.77854,0.1374,-3.1857,-3.4275,0
-1.579,-0.98374,0.29829,-7.7369,-4.4631,0
-1.389,-1.2659,0.45789,4.0962,-3.744,0
1.8401,-1.1376,0.51194,5.6891,-4.3768,0
4.6893,-1.3428,0.43472,-6.144,-4.3768,0
3.3597,-1.3941,0.34848,-4.3235,-4.2618,0
0.79538,-1.3685,0.3472,6.5994,-5.1248,0
-1.6739,-1.0863,0.38324,2.2757,-4.233,0
-1.9589,-0.57335,0.38324,-8.6471,-4.7652,0
-2.5287,-0.75289,0.36908,-0.9101,-3.7008,0
-3.5734,-0.90679,0.30987,7.0545,-3.2981,0
-3.0985,-0.47075,0.23522,-2.0479,-3.4994,0
-0.62923,-0.29121,0.16958,-8.4196,-3.0248,0
1.9351,-0.16296,0.15413,2.2757,-4.3049,0
1.9351,0.067882,0.16314,6.5994,-4.1035,0
-0.7242,0.42697,0.13097,-2.9581,-5.0672,0
-1.484,0.37567,0.070473,-7.5093,-5.0672,0
-1.579,0.76041,0.067899,5.4616,-4.3768,0
-0.43928,0.93996,0.12067,3.8687,-4.3912,0
1.6501,0.76041,0.17601,-6.8267,-3.3268,0
2.125,0.37567,0.2275,-3.8684,-4.9234,0
-0.91415,0.24743,0.24166,7.7372,-5.3549,0
-2.3388,0.70911,0.25324,2.9584,-6.5343,0
-0.62923,0.93996,0.28156,-7.7369,-7.0521,0
-0.24933,0.78606,0.31631,-1.1377,-6.1748,0
-2.1488,0.60652,0.28542,7.9647,-6.4193,0
-2.2438,0.40132,0.19275,0.00013542,-4.8515,0
0.035589,0.76041,0.15928,-7.9645,-5.2686,0
0.51046,1.1965,0.16443,2.9584,-4.6357,0
0.13056,1.1452,0.13354,7.282,-4.5494,0
-0.34431,1.299,0.065325,-4.3235,-4.8371,0
0.035589,1.4273,0.0022576,-6.3715,-3.9022,0
0.60543,1.6581,-0.014475,5.4616,-4.4919,0
1.8401,1.2734,-0.014475,4.7789,-3.37,0
2.5999,0.58087,-0.028633,-6.5991,-3.8015,0
1.8401,0.55522,-0.055661,-4.5511,-3.6001,0
2.22,0.32437,-0.078829,7.282,-3.2981,0
2.125,0.19613,-0.076255,2.5033,-3.8734,0
0.13056,0.19613,-0.036355,-8.192,-2.9097,0
-1.1041,-0.0090658,-0.035068,-1.5928,-3.672,0
0.98533,0.042233,-0.072394,8.1923,-2.7371,0
1.8401,-0.034715,-0.16506,-1.8203,-2.9816,0
0.13056,-0.16296,-0.27833,-7.7369,-3.0823,0
-1.0091,0.32437,-0.32466,3.4135,-2.5933,0
-0.34431,0.52957,-0.28991,5.6891,-3.3556,0
0.79538,0.83736,-0.26803,-4.0959,-2.4495,0
1.8401,0.45262,-0.24358,-5.2337,-3.2405,0
0.7004,0.27308,-0.18694,5.4616,-2.5214,0
-3.2885,0.042233,-0.12259,4.0962,-2.4926,0
-4.1432,-0.18861,-0.089126,-7.9645,-2.8666,0
-1.1991,-0.18861,-0.096848,-3.8684,-2.3056,0
0.79538,-0.4451,-0.10714,6.8269,-3.1111,0
1.0803,-0.31686,-0.102,1.1379,-2.2193,0
1.9351,-0.21426,-0.064671,-8.192,-2.8234,0
2.6949,0.067882,-0.00031657,0.2277,-2.4782,0
2.03,0.42697,0.10265,7.0545,-2.32,0
1.5552,0.067882,0.17988,-2.0479,-2.809,0
1.5552,-0.3938,0.21978,-8.192,-1.8454,0
0.41548,-0.11166,0.19918,3.6411,-2.5214,0
-0.24933,-0.36816,0.17087,5.6891,-1.5145,0
-1.9589,-0.57335,0.14126,-5.4613,-1.8022,0
-2.6237,-0.57335,0.084631,-6.144,-1.7159,0
-3.0036,-0.599,0.030574,6.3718,-1.2844,0
-3.4784,-1.0863,-0.040216,3.6411,-1.9029,0
-2.4337,-1.3941,-0.12516,-7.2818,-0.98235,0
0.035589,-1.3941,-0.15219,-2.7306,-1.7015,0
0.60543,-1.1889,-0.1419,8.875,-1.0687,0
-1.0091,-1.3428,-0.10586,0.91037,-1.2269,0
-1.484,-1.625,-0.055661,-7.7369,-1.4426,0
1.3652,-1.7789,0.013841,2.0482,-0.69468,0
5.4491,-1.5737,0.057602,7.9647,-1.457,0
5.4491,-1.112,0.069186,-1.8203,-0.53646,0
1.4602,-0.80419,0.07176,-7.2818,-1.4139,0
-0.62923,-1.112,0.070473,4.5513,-1.4858,0
0.41548,-1.3941,0.08978,6.3718,-1.4714,0
1.2702,-1.1889,0.15413,-5.9164,-2.32,0
-0.059385,-0.77854,0.17988,-5.4613,-1.5433,0
-0.059385,-0.3938,0.12196,6.5994,-2.5214,0
3.2647,-0.21426,0.097502,3.4135,-1.7447,0
4.4044,-0.4451,0.11938,-6.5991,-2.0899,0
1.2702,-0.599,0.15671,-1.8203,-2.2337,0
-1.389,-0.57335,0.18116,7.7372,-1.644,0
-1.1041,0.22178,0.17344,0.00013542,-2.5214,0
-1.294,0.50392,0.19532,-8.192,-1.6008,0
-2.3388,0.093531,0.21077,1.3655,-2.4063,0
-1.1041,-0.41945,0.16057,6.8269,-2.0755,0
0.22554,-0.599,0.060177,-3.6408,-2.0755,0
-0.91415,-0.82984,-0.041503,-7.0542,-2.6221,0
-2.3388,-1.1889,-0.11873,3.6411,-1.7734,0
-1.7689,-1.3941,-0.13804,5.234,-2.6508,0
0.035589,-1.4198,-0.14962,-6.3715,-1.8166,0
1.7451,-1.1376,-0.18051,-5.6889,-2.2337,0
2.125,-1.0607,-0.1612,5.9167,-2.1906,0
1.7451,-1.3172,-0.081403,3.4135,-1.831,0
0.41548,-1.4454,-0.035068,-7.5093,-2.5645,0
-0.24933,-1.9584,-0.024771,-3.4133,-1.7015,0
0.32051,-2.1636,-0.0041778,6.8269,-2.4351,0
2.22,-2.0097,0.016416,0.00013542,-1.6728,0
2.9798,-1.5737,-0.015762,-8.192,-1.7591,0
1.0803,-1.4198,-0.077542,0.68281,-1.9604,0
-0.62923,-1.3941,-0.1213,7.282,-1.3707,0
-0.43928,-1.1889,-0.16378,-2.9581,-2.1474,0
-0.059385,-1.5737,-0.13804,-7.7369,-1.27,0
-0.62923,-1.548,-0.094274,4.5513,-2.0755,0
-0.62923,-1.1633,-0.074968,6.1442,-1.8166,0
-0.7242,-0.7016,-0.031207,-5.4613,-2.2625,0
-0.53425,-0.4451,0.048593,-5.4613,-2.8234,0
-0.62923,-0.21426,0.13354,6.1442,-1.7734,0
-0.62923,-0.67595,0.17988,3.6411,-1.7447,0
-0.15436,-0.98374,0.19403,-7.2818,0.096406,0
0.51046,-1.0094,0.2069,-2.0479,0.28339,0
0.98533,-0.72725,0.158,7.282,1.1032,0
-1.484,-0.41945,0.069186,0.91037,1.6786,0
-2.4337,-0.77854,0.053741,-7.7369,1.2327,0
-0.15436,-1.2146,0.15413,2.5033,2.0382,0
1.1753,-1.0863,0.25968,6.3718,0.90188,0
0.7004,-0.72725,0.2674,-3.8684,1.0889,0
-0.34431,-0.6503,0.18374,-6.3715,-0.061812,0
-1.1041,-0.29121,0.066612,5.9167,-0.99673,0
-2.4337,-0.0090658,-0.028633,4.7789,-1.1693,0
-4.0483,0.17048,-0.073681,-7.0542,-2.4063,0
-2.7186,0.14483,-0.049226,-3.6408,-1.5002,0
1.6501,-0.29121,-0.023484,6.3718,-2.0755,0
2.6949,-0.57335,-0.024771,0.68281,-1.1693,0
1.6501,-0.599,-0.053087,-8.6471,-1.1262,0
2.03,-0.3938,-0.077542,-0.45498,-1.6728,0
2.125,-0.23991,-0.077542,6.8269,-1.1837,0
1.4602,-0.72725,-0.081403,-2.9581,-2.1618,0
-0.7242,-0.98374,-0.037642,-8.6471,-1.1981,0
-3.2885,-0.75289,0.037009,4.0962,-1.4858,0
-2.5287,-0.4451,0.13998,5.9167,-0.9392,0
-0.53425,-0.4451,0.17859,-6.144,-0.27756,0
-1.579,-0.29121,0.1181,-5.4613,-0.63715,0
-0.24933,-0.23991,0.017703,6.3718,0.32654,0
2.7898,-0.23991,-0.071106,3.6411,-0.47893,0
1.8401,-0.47075,-0.13031,-7.0542,0.16832,0
0.035589,-0.599,-0.1715,-1.5928,-0.090578,0
-0.43928,-0.62465,-0.15219,7.5096,-0.19126,0
-1.1991,-0.5477,-0.11615,-0.45498,0.64298,0
-1.9589,-0.086014,-0.10972,-7.9645,-0.061812,0
-0.91415,-0.13731,-0.086552,0.45525,0.94503,0
0.32051,-0.67595,-0.022197,6.8269,0.24024,0
0.60543,-0.7016,0.042157,-3.1857,0.51352,0
0.7004,-0.62465,0.10651,-7.5093,0.54229,0
-0.34431,-0.599,0.12711,4.3238,-0.033045,0
-1.0091,-0.85549,0.1181,5.234,0.71489,0
-0.34431,-1.2659,0.062751,-5.9164,-0.13373,0
0.7004,-1.112,0.043444,-4.7786,0.77243,0
1.8401,-0.52205,0.10008,6.5994,0.096406,0
3.2647,-0.26556,0.21978,3.4135,-0.34948,0
2.5999,0.067882,0.29958,-7.5093,-0.91043,0
0.60543,-0.31686,0.30086,-1.5928,-2.6652,0
-0.7242,-0.5477,0.20948,8.1923,-2.5933,0
-1.389,-0.34251,0.065325,0.2277,-3.5282,0
-0.34431,0.016583,-0.0041778,-7.9645,-2.6077,0
-0.15436,0.11918,0.0099801,1.3655,-2.0611,0
-0.34431,-0.31686,-0.00031657,7.7372,-1.6584,0
-0.059385,-0.67595,-0.006752,-3.4133,-0.46455,0
-0.059385,-0.18861,-0.022197,-7.2818,-0.9392,0
-0.62923,0.093531,-0.02992,4.7789,0.18271,0
0.41548,-0.31686,-0.045365,5.234,-0.26318,0
1.4602,-0.29121,-0.074968,-5.2337,0.32654,0
0.60543,-0.7016,-0.085264,-4.3235,0.67174,0
0.22554,-0.95809,-0.0518,6.1442,0.31216,0
0.89035,-0.5477,0.00097052,1.8206,1.3621,0
1.4602,-0.47075,0.04988,-7.9645,0.54229,0
-0.24933,-0.34251,0.066612,0.00013542,1.2471,0
-1.1991,-0.4964,0.069186,7.7372,0.75804,0
0.79538,-0.82984,0.033148,-1.5928,0.59983,0
2.9798,-0.67595,-0.02091,-6.8267,1.1032,0
2.5049,-0.6503,-0.045365,3.4135,0.31216,0
0.32051,-0.62465,-0.049226,6.3718,1.2039,0
-1.579,-1.035,-0.037642,-5.2337,0.12517,0
-0.91415,-0.62465,-0.017049,-6.144,0.39846,0
-0.24933,-0.26556,0.039583,6.8269,-0.033045,0
0.035589,-0.4451,0.047306,3.186,-0.69468,0
-0.53425,-0.52205,0.0035447,-7.2818,-0.23441,0
-1.1041,-0.31686,-0.036355,-2.503,-1.3132,0
0.32051,-0.26556,-0.058236,7.282,-0.63715,0
1.8401,-0.62465,-0.032494,0.91037,-1.644,0
3.0747,-0.47075,-0.041503,-7.5093,-1.6584,0
3.6446,0.22178,-0.06081,0.91037,-1.6008,0
3.1697,0.067882,-0.083977,7.282,-2.3488,0
1.4602,-0.4451,-0.12774,-3.6408,-1.4426,0
-0.15436,-0.57335,-0.1612,-7.2818,-2.2769,0
0.035589,-0.11166,-0.14447,3.8687,-1.5865,0
1.7451,0.14483,-0.10071,5.9167,-1.7591,0
2.5049,-0.34251,-0.062097,-5.6889,-1.8454,0
0.79538,-0.4964,-0.026058,-5.2337,-1.1118,0
-1.389,-0.11166,-0.013187,7.9647,-1.7734,0
-2.6237,-0.11166,-0.0119,2.5033,-0.65153,0
-2.6237,-0.52205,-0.010613,-7.5093,-1.3563,0
-0.53425,-0.80419,-0.023484,-1.1377,-0.66591,0
1.2702,-0.4451,-0.04279,8.1923,-0.53646,0
1.4602,-0.0090658,-0.076255,0.91037,-0.88167,0
0.89035,0.17048,-0.089126,-8.6471,-0.076195,0
2.03,-0.086014,-0.10586,1.8206,-0.66591,0
3.2647,-0.3938,-0.15219,6.8269,0.31216,0
2.5999,-0.060364,-0.19209,-3.6408,-0.10496,0
0.51046,0.11918,-0.17279,-7.5093,-0.018661,0
0.79538,0.14483,-0.10843,3.6411,0.15394,0
2.4099,-0.29121,-0.067245,4.5513,-0.5077,0
2.4099,-0.29121,-0.063384,-6.8267,0.45599,0
1.2702,-0.23991,-0.044078,-5.0062,-0.22003,0
1.9351,-0.16296,0.016416,7.0545,0.59983,0
3.2647,-0.21426,0.038296,2.5033,0.55667,0
2.125,-0.47075,-0.028633,-7.7369,0.51352,0
-1.1991,-0.52205,-0.11101,-0.68254,1.2615,0
-2.0538,-0.086014,-0.11744,7.7372,0.52791,0
-0.81917,-0.034715,-0.064671,-1.5928,1.4916,0
-0.059385,0.067882,-0.0016037,-8.192,0.84434,0
-1.0091,-0.034715,0.048593,3.186,1.4053,0
-1.294,-0.13731,0.05889,6.3718,1.506,0
-1.294,-0.16296,0.075622,-5.4613,1.0457,0
-3.0985,-0.18861,0.064038,-6.5991,1.7217,0
-3.0985,-0.21426,0.04087,5.6891,0.57106,0
-1.389,-0.13731,0.0061189,3.6411,1.3909,0
-2.1488,-0.18861,-0.013187,-7.5093,0.82996,0
-2.3388,0.093531,0.04988,-2.7306,1.2039,0
-1.294,0.35002,0.088493,8.1923,1.693,0
-0.15436,-0.16296,0.033148,0.68281,1.0889,0
0.32051,-1.0094,-0.036355,-7.0542,1.9662,0
0.13056,-0.82984,-0.049226,1.3655,0.95941,0
-0.53425,0.067882,-0.040216,6.8269,1.5923,0
0.60543,0.47827,-0.035068,-3.6408,1.3909,0
1.8401,-0.18861,-0.033781,-6.144,1.3334,0
2.125,-0.47075,-0.055661,5.4616,2.1532,0
1.1753,-0.85549,-0.06081,4.5513,1.3909,0
1.1753,-0.93244,-0.094274,-7.0542,2.2539,0
1.2702,-0.72725,-0.17021,-2.7306,1.3765,0
0.035589,-0.67595,-0.20882,7.5096,1.6067,0
-1.0091,-0.62465,-0.18694,2.5033,1.5923,0
0.79538,-0.85549,-0.1419,-7.5093,1.0313,0
1.6501,-0.4964,-0.10714,-0.68254,1.7505,0
-0.34431,0.042233,-0.062097,7.9647,0.88749,0
-3.0036,0.60652,-0.11744,-0.9101,1.7073,0
-1.7689,0.50392,-0.20882,-7.5093,1.2758,0
0.51046,0.55522,-0.24744,2.5033,1.3046,0
1.3652,0.93996,-0.25259,6.3718,1.5923,0
-0.81917,0.96561,-0.21397,-4.5511,0.71489,0
-2.2438,0.70911,-0.12645,-6.144,1.3909,0
-1.9589,0.68346,-0.045365,6.3718,0.47037,0
-0.91415,0.91431,-0.014475,4.3238,0.98818,0
-1.484,0.99126,0.013841,-7.7369,0.94503,0
-1.389,0.78606,0.052454,-3.8684,0.67174,0
-0.34431,0.65782,0.082057,7.0545,1.5204,0
0.98533,0.91431,0.12839,1.3655,0.67174,0
1.4602,1.3247,0.16057,-8.6471,1.4484,0
0.60543,1.8633,0.1773,-0.22742,0.80119,0
-1.6739,1.6581,0.1876,7.282,0.80119,0
-3.2885,0.93996,0.18374,-2.503,1.1176,0
-3.0985,0.70911,0.17601,-8.6471,0.52791,0
-1.7689,0.81171,0.15156,2.5033,1.4772,0
0.13056,0.99126,0.13354,5.9167,0.58544,0
0.7004,1.5555,0.17859,-5.0062,1.2615,0
-0.15436,2.2994,0.20176,-6.5991,1.1176,0
0.41548,1.812,0.15027,5.4616,0.90188,0
2.8848,0.99126,0.084631,3.6411,1.6354,0
4.2144,0.47827,0.046019,-7.0542,0.80119,0
1.1753,1.299,0.026712,-3.1857,1.7649,0
-1.6739,2.4533,-0.047939,6.5994,1.1752,0
-1.8639,2.1198,-0.14318,1.8206,1.5347,0
-0.34431,0.70911,-0.17021,-7.7369,1.9087,0
-0.53425,0.016583,-0.19467,-0.68254,1.2183,0
-1.6739,0.86301,-0.24229,7.0545,1.9806,0
-1.389,1.812,-0.2217,-1.5928,0.93064,0
-1.0091,1.6325,-0.21655,-7.7369,1.5491,0
-0.53425,1.2221,-0.23972,4.0962,1.2183,0
-1.0091,1.0426,-0.22427,7.0545,0.93064,0
-0.81917,0.47827,-0.15219,-4.7786,1.6498,0
0.41548,-0.23991,-0.054374,-5.0062,0.97379,0
-0.53425,-0.62465,0.073047,7.282,2.0382,0
0.035589,-0.57335,0.19918,3.4135,1.4628,0
3.5496,-0.57335,0.297,-7.5093,1.6642,0
4.3094,-0.62465,0.38581,-1.8203,1.6642,0
1.4602,-1.0863,0.50165,8.1923,1.0601,0
0.41548,-1.1376,0.52739,0.00013542,1.995,0
2.22,-0.80419,0.50294,-8.192,1.3765,0
1.2702,-0.5477,0.44888,1.8206,2.0382,0
-1.1041,-0.13731,0.40126,7.0545,1.693,0
-0.91415,-0.31686,0.36908,-3.8684,1.3909,0
0.41548,-0.52205,0.30987,-7.2818,1.7649,0
-0.91415,-0.36816,0.25581,5.0064,0.93064,0
-2.3388,-0.23991,0.1979,4.7789,1.8799,0
-0.43928,-0.6503,0.21849,-6.8267,1.0313,0
1.9351,-0.7016,0.26611,-5.0062,1.3621,0
2.315,-1.112,0.28928,6.8269,1.1464,0
0.22554,-1.3172,0.25968,3.186,0.71489,0
-1.1041,-1.1376,0.2172,-7.9645,1.4772,0
-0.24933,-0.75289,0.20047,-1.5928,0.65736,0
1.4602,-0.36816,0.19403,7.7372,1.3046,0
2.125,-0.21426,0.17215,-0.9101,0.38407,0
1.2702,-0.18861,0.17473,-8.192,0.54229,0
-0.059385,-0.4964,0.18374,1.8206,0.91626,0
0.22554,-0.75289,0.16829,6.8269,0.54229,0
0.035589,-0.72725,0.10522,-3.8684,1.8224,0
-3.1935,-0.599,0.01899,-7.5093,1.1752,0
-3.5734,-0.5477,-0.018336,4.5513,1.9519,0
-0.24933,-0.36816,0.0086931,5.234,1.621,0
2.125,-0.41945,0.060177,-6.3715,1.4772,0
1.7451,-0.060364,0.05889,-3.4133,2.0813,0
0.13056,0.42697,0.007406,7.7372,1.4916,0
-0.62923,0.29873,-0.02091,1.8206,2.6423,0
-0.7242,-0.034715,-0.0054649,-8.192,2.1388,0
-1.294,-0.13731,0.030574,-0.45498,2.6854,0
-2.3388,0.042233,0.051167,7.282,2.4697,0
-3.2885,0.17048,0.087205,-0.68254,1.7073,0
-1.8639,0.17048,0.092354,-7.9645,1.9519,0
0.7004,-0.034715,0.069186,1.8206,0.70051,0
1.2702,0.32437,0.015128,6.3718,1.506,0
0.51046,0.24743,-0.044078,-4.3235,0.97379,0
-0.43928,0.27308,-0.080116,-7.2818,1.7217,0
0.32051,0.19613,-0.11101,6.1442,2.0957,0
2.9798,0.40132,-0.081403,5.4616,1.5491,0
3.6446,0.32437,-0.059523,-5.6889,2.369,0
2.03,0.29873,-0.0518,-4.7786,1.3909,0
0.7004,0.45262,-0.017049,6.8269,2.1964,0
-0.81917,0.52957,0.0022576,3.6411,1.693,0
-1.389,0.65782,-0.018336,-7.0542,1.8368,0
-1.1041,0.86301,-0.076255,-2.2755,2.2252,0
-1.294,0.70911,-0.090413,8.4198,1.4916,0
-1.389,0.63217,-0.050513,0.45525,2.3978,0
-1.484,0.88866,0.065325,-7.5093,1.3765,0
-2.4337,0.76041,0.16443,0.68281,1.9375,0
-1.0091,0.42697,0.18116,7.0545,1.7217,0
1.7451,0.27308,0.15156,-3.6408,1.5204,0
2.315,0.63217,0.12324,-7.5093,2.4409,0
-1.0091,0.73476,0.075622,4.0962,1.621,0
-2.8136,0.60652,0.0035447,5.234,2.2827,0
-0.34431,0.35002,-0.071106,-6.5991,1.3909,0
1.6501,0.016583,-0.092987,-5.4613,1.2615,0
0.51046,0.11918,-0.081403,7.0545,1.4053,0
-0.24933,-0.034715,-0.06081,2.9584,0.80119,0
-1.0091,0.067882,-0.031207,-7.7369,1.7649,0
-1.7689,0.14483,-0.0119,-1.5928,0.90188,0
-1.6739,-0.060364,0.031861,7.9647,1.621,0
-0.91415,0.067882,0.066612,-0.45498,1.3621,0
0.60543,0.22178,0.044732,-7.5093,1.4484,0
0.60543,0.19613,0.007406,2.0482,2.1388,0
-0.15436,0.22178,-0.032494,6.8269,1.319,0
-1.7689,-0.060364,-0.073681,-4.3235,2.0382,0
-1.7689,0.042233,-0.11615,-5.9164,0.91626,0
-1.0091,0.19613,-0.15219,5.0064,1.2615,0
-0.24933,0.40132,-0.15219,5.234,1.2758,0
0.035589,0.093531,-0.095561,-6.144,1.1608,0
-0.43928,-0.4451,-0.089126,-4.5511,2.0238,0
-0.15436,-0.034715,-0.11744,7.5096,0.97379,0
0.41548,0.11918,-0.12903,2.0482,1.5491,0
0.13056,-0.0090658,-0.13675,-7.5093,0.81558,0
0.22554,-0.13731,-0.14704,0.91037,1.1752,0
0.60543,-0.18861,-0.15091,7.5096,1.7361,0
0.32051,-0.18861,-0.15734,-0.9101,1.2615,0
-0.34431,0.067882,-0.16764,-7.0542,2.0957,0
0.035589,0.22178,-0.18823,3.6411,0.88749,0
0.035589,0.47827,-0.21269,6.3718,1.2902,0
-1.0091,0.81171,-0.27061,-5.0062,0.91626,0
-2.6237,1.0169,-0.33239,-5.9164,0.68613,0
-2.8136,1.2734,-0.37872,6.5994,1.2183,0
-1.294,1.1452,-0.40961,3.6411,0.29777,0
0.7004,1.0426,-0.36971,-7.7369,1.1752,0
1.6501,0.99126,-0.32338,-3.4133,0.36969,0
1.6501,1.2734,-0.27961,8.1923,1.0313,0
2.125,1.376,-0.23972,0.91037,1.1608,0
1.5552,1.1708,-0.22298,-8.8747,0.85873,0
1.6501,0.99126,-0.21783,0.68281,1.7505,0
1.5552,0.73476,-0.2011,7.5096,0.82996,0
1.6501,0.32437,-0.13675,-2.2755,1.621,0
3.2647,0.016583,-0.087839,-7.5093,0.78681,0
2.9798,0.11918,-0.076255,2.9584,0.70051,0
1.0803,0.17048,-0.08269,5.234,0.77243,0
0.32051,0.47827,-0.102,-5.9164,-0.076195,0
0.79538,0.35002,-0.12388,-5.4613,0.68613,0
0.32051,0.22178,-0.15734,5.234,-0.47893,0
-0.34431,0.22178,-0.14704,2.5033,0.11079,0
0.41548,0.042233,-0.1213,-7.7369,-0.061812,0
1.3652,0.14483,-0.094274,-2.0479,-0.22003,0
-0.15436,0.60652,-0.090413,7.7372,0.78681,0
-1.0091,0.40132,-0.074968,-0.9101,0.35531,0
-1.484,0.29873,-0.013187,-8.192,1.693,0
-1.9589,0.47827,0.01899,2.5033,1.4772,0
-1.1041,0.88866,-0.026058,6.1442,2.0813,0
-0.34431,1.2221,-0.092987,-3.6408,2.3834,0
-1.0091,1.1708,-0.099422,-7.2818,1.8368,0
-2.0538,1.376,-0.068532,5.4616,2.4409,0
-2.1488,1.6068,-0.017049,4.3238,1.4341,0
-2.0538,1.2477,0.033148,-6.3715,2.182,0
-1.6739,0.81171,0.079483,-3.1857,1.9375,0
-1.484,0.88866,0.042157,7.5096,2.2108,0
-1.484,0.68346,0.016416,2.2757,2.8436,0
-0.7242,0.14483,-0.006752,-6.8267,2.2108,0
0.41548,-0.18861,-0.062097,0.2277,3.1025,0
2.315,-0.21426,-0.10843,8.4198,2.4121,0
3.5496,-0.11166,-0.10071,-1.1377,3.0882,0
3.2647,0.50392,-0.046652,-7.7369,2.9012,0
0.89035,0.65782,-0.010613,4.0962,2.5991,0
-0.81917,0.58087,-0.045365,6.3718,3.2032,0
-1.389,0.63217,-0.062097,-5.2337,2.4553,0
-1.9589,0.58087,-0.018336,-6.144,3.4909,0
-0.24933,0.35002,0.079483,5.234,2.7286,0
3.1697,0.24743,0.17473,3.6411,2.8149,0
4.2144,0.22178,0.21077,-7.0542,2.6854,0
2.315,0.47827,0.24423,-3.1857,1.8368,0
0.035589,0.32437,0.3073,8.4198,2.5847,0
-1.1991,0.27308,0.3665,0.45525,1.8512,0
-0.34431,0.68346,0.29443,-7.9645,2.8868,0
-0.53425,0.45262,0.20176,0.91037,2.8868,0
-0.53425,-0.23991,0.167,7.282,3.0594,0
0.98533,-0.52205,0.18374,-3.6408,3.9512,0
1.0803,-0.13731,0.21849,-7.7369,3.2176,0
-0.7242,-0.060364,0.23007,3.8687,4.1238,0
-1.8639,-0.3938,0.16572,5.0064,3.0594,0
-1.1991,-0.52205,0.029286,-6.5991,3.3614,0
0.22554,-0.34251,-0.092987,-5.4613,3.3327,0
0.32051,0.042233,-0.10328,6.5994,2.9012,0
0.13056,0.14483,-0.087839,3.186,3.7354,0
0.60543,-0.34251,-0.11744,-8.192,2.858,0
0.60543,-1.112,-0.21655,-2.7306,3.721,0
-0.34431,-1.0607,-0.27704,6.5994,3.3471,0
-1.0091,-1.0607,-0.30922,-0.68254,3.5916,0
-0.62923,-0.72725,-0.33239,-8.6471,4.1094,0
-1.1041,-1.112,-0.35169,1.8206,3.5197,0
-1.0091,-1.112,-0.3414,7.5096,4.4977,0
-0.24933,-1.0094,-0.25387,-3.6408,3.6635,0
-0.34431,-0.98374,-0.14447,-7.0542,4.3107,0
-0.059385,-0.95809,-0.063384,6.3718,4.1669,0
0.98533,-0.75289,-0.035068,4.7789,3.7642,0
1.1753,-0.34251,-0.027345,-7.5093,4.2676,0
0.98533,-0.18861,0.035722,-4.0959,3.2895,0
1.8401,-0.7016,0.13869,8.1923,4.2532,0
1.0803,-1.2146,0.2069,2.7309,3.5772,0
-0.81917,-1.3428,0.18374,-8.192,3.9512,0
-1.8639,-1.1376,0.14899,-1.3652,4.2388,0
-0.34431,-0.29121,0.098789,8.1923,3.7929,0
2.125,0.093531,0.043444,-0.68254,4.5984,0
2.315,-0.29121,0.026712,-7.7369,3.5916,0
0.22554,-0.26556,-0.00031657,2.2757,4.2676,0
-1.1991,-0.21426,-0.069819,6.8269,3.7498,0
-0.81917,-0.67595,-0.10328,-2.9581,3.6923,0
-1.389,-0.6503,-0.12645,-6.3715,4.0231,0
-1.9589,-0.6503,-0.1316,5.234,3.3614,0
-1.389,-0.90679,-0.12259,4.7789,4.3539,0
-0.91415,-0.90679,-0.11615,-6.8267,3.5628,0
-0.62923,-0.5477,-0.089126,-4.3235,4.2388,0
-1.389,-0.7016,-0.064671,7.282,3.8217,0
-1.1991,-1.1889,-0.04279,2.0482,3.5628,0
0.13056,-1.1376,-0.019623,-8.6471,4.0662,0
1.3652,-1.035,-0.015762,-1.3652,3.4334,0
0.98533,-1.3172,-0.0119,7.5096,4.282,0
1.3652,-1.5993,-0.0119,-1.8203,3.4477,0
2.03,-1.5224,-0.022197,-7.2818,3.7066,0
2.315,-1.1376,-0.019623,2.5033,3.6203,0
0.60543,-0.80419,-0.037642,5.9167,3.2032,0
-0.7242,-0.95809,-0.045365,-5.4613,3.8792,0
-1.294,-0.95809,-0.013187,-6.5991,2.858,0
-2.5287,-1.2146,0.042157,6.1442,3.534,0
-1.7689,-1.3685,0.048593,4.3238,2.6423,0
-1.1991,-1.1633,-0.0119,-7.9645,2.6423,0
-2.3388,-1.5224,-0.044078,-3.6408,2.8724,0
-3.4784,-1.8045,-0.050513,7.5096,2.0669,0
-3.6684,-1.8302,-0.040216,1.1379,3.0162,0
-2.5287,-2.061,-0.035068,-8.192,2.2971,0
-0.059385,-1.7019,-0.044078,0.45525,3.1169,0
1.9351,-1.5224,-0.046652,7.9647,3.5772,0
0.60543,-1.9584,-0.0119,-2.7306,3.5484,0
-0.81917,-2.4457,0.039583,-7.2818,4.5121,0
0.32051,-2.5996,0.038296,4.5513,3.6635,0
1.6501,-1.9328,-0.006752,6.1442,4.4977,0
1.2702,-1.3685,-0.073681,-6.3715,3.8361,0
2.125,-1.5224,-0.10328,-4.7786,4.1094,0
3.9295,-1.7789,-0.085264,7.7372,4.5553,0
2.8848,-1.3685,-0.054374,2.9584,4.0375,0
0.79538,-1.0607,-0.058236,-8.4196,5.0587,0
0.22554,-0.98374,-0.046652,-1.3652,4.2101,0
1.7451,-1.0607,-0.047939,7.9647,5.0011,0
2.6949,-1.4967,-0.06081,-0.45498,4.8142,0
1.9351,-1.2915,-0.065958,-8.192,4.7135,0
1.5552,-1.3428,-0.023484,2.5033,5.3032,0
0.98533,-1.112,-0.014475,7.0545,4.397,0
-0.34431,-1.0607,-0.06081,-3.8684,5.1162,0
-0.059385,-1.3172,-0.12516,-6.5991,4.282,0
0.51046,-1.3428,-0.17021,5.9167,4.4546,0
0.7004,-1.1376,-0.15219,5.234,4.4114,0
0.79538,-1.035,-0.14447,-7.0542,3.6779,0
-0.91415,-1.3172,-0.1715,-5.2337,4.4114,0
-1.6739,-1.5993,-0.18694,7.7372,3.4046,0
0.13056,-1.5737,-0.16764,2.2757,4.1525,0
0.98533,-1.1889,-0.12903,-7.5093,3.5916,0
0.41548,-1.0863,-0.077542,-2.2755,3.4621,0
0.32051,-1.1889,-0.02091,7.5096,3.6635,0
0.51046,-1.0607,0.011267,-0.9101,2.7142,0
0.22554,-0.5477,-0.024771,-8.6471,3.4334,0
-2.0538,-0.5477,-0.078829,2.0482,2.4984,0
-4.5231,-0.77854,-0.069819,5.9167,2.8868,0
-2.8136,-0.67595,-0.10071,-4.3235,2.6135,0
-0.7242,-0.18861,-0.15992,-7.2818,2.2252,0
-1.294,-0.57335,-0.2114,5.9167,2.7573,0
-0.15436,-0.88114,-0.21783,4.3238,1.9231,0
1.1753,-1.0094,-0.15605,-7.5093,2.7717,0
0.51046,-0.98374,-0.11615,-4.5511,2.182,0
-1.579,-0.98374,-0.18952,7.7372,2.4697,0
-2.0538,-0.75289,-0.30407,2.0482,2.5704,0
0.035589,-0.6503,-0.38258,-7.9645,1.9375,0
1.1753,-0.82984,-0.3311,0.2277,2.671,0
0.32051,-1.0607,-0.20368,8.1923,1.808,0
0.035589,-1.1889,-0.069819,-1.5928,2.858,0
0.60543,-1.112,0.042157,-8.192,2.5416,0
0.7004,-0.77854,0.13611,3.186,2.743,0
0.7004,-0.599,0.19146,7.0545,3.1313,0
1.4602,-0.57335,0.18889,-4.0959,2.182,0
0.98533,-0.599,0.16572,-5.4613,2.7286,0
-0.24933,-0.36816,0.14384,5.4616,1.6354,0
-0.15436,0.042233,0.13998,4.5513,2.2252,0
0.60543,0.24743,0.13483,-7.2818,2.2971,0
0.7004,0.50392,0.17215,-2.9581,2.0813,0
0.60543,0.88866,0.20562,8.1923,2.8724,0
0.89035,1.299,0.21334,0.91037,2.0382,0
1.4602,1.9403,0.17344,-8.6471,2.9012,0
1.2702,2.2481,0.10008,1.5931,2.2395,0
1.1753,1.9659,0.051167,7.7372,2.3115,0
0.7004,1.5812,0.064038,-2.503,2.4265,0
-0.34431,1.1708,0.15928,-7.9645,1.6786,0
-1.579,0.52957,0.20304,4.3238,2.5416,0
-1.0091,-0.0090658,0.20176,6.3718,1.5347,0
-0.15436,-0.4964,0.18889,-6.3715,2.0382,0
-1.294,-1.1376,0.22879,-5.6889,1.506,0
-1.6739,-1.3685,0.23522,5.9167,1.2615,0
-0.91415,-0.62465,0.18631,4.0962,1.9375,0
-0.15436,0.47827,0.1374,-6.3715,1.3621,0
-0.53425,0.65782,0.092354,-4.5511,2.4553,0
-1.294,0.19613,0.051167,7.282,1.8368,0
-1.8639,0.093531,0.048593,1.8206,2.2827,0
-0.91415,-0.36816,0.075622,-7.2818,2.1964,0
1.9351,-0.77854,0.10008,-0.22742,1.6642,0
2.03,-1.2146,0.075622,6.5994,2.5704,0
0.22554,-1.3428,0.026712,-2.7306,1.9806,0
-1.1991,-0.41945,-0.019623,-7.7369,3.0738,0
-0.7242,0.042233,-0.015762,3.4135,2.6423,0
0.89035,-0.4964,0.065325,6.1442,2.671,0
0.41548,-0.88114,0.15413,-5.2337,2.9731,0
-1.579,-1.0094,0.23908,-5.6889,2.2827,0
-2.3388,-0.67595,0.3266,7.0545,3.2176,0
-0.91415,0.11918,0.4463,4.7789,2.4841,0
0.13056,0.78606,0.55571,-6.8267,3.3614,0
1.4602,1.3247,0.63679,-3.6408,3.3758,0
2.125,0.88866,0.65996,8.875,3.3614,0
1.5552,0.73476,0.64065,1.8206,3.9799,0
0.22554,0.91431,0.6162,-8.192,3.0306,0
-0.24933,1.5042,0.53383,0.00013542,3.6491,0
0.035589,1.7864,0.44244,7.7372,2.7142,0
0.60543,1.8633,0.36007,-1.1377,2.9587,0
0.32051,1.2734,0.29314,-7.2818,2.858,0
-1.389,1.0939,0.26611,3.4135,2.3402,0
-1.484,1.299,0.297,7.282,3.0738,0
1.3652,1.4273,0.31245,-4.5511,2.1964,0
0.32051,1.4529,0.31759,-5.6889,3.1745,0
-1.294,1.4529,0.31888,6.1442,2.7142,0
-0.53425,1.4786,0.31888,3.4135,3.0019,0
1.2702,1.4529,0.31888,-7.2818,3.3183,0
2.03,1.4529,0.32274,-3.4133,2.8724,0
1.3652,1.5042,0.32146,8.4198,3.908,0
0.41548,1.4529,0.32017,1.1379,3.1169,0
2.4099,1.4786,0.31759,-8.6471,3.8936,0
2.8848,1.5299,0.32274,-0.22742,3.3614,0
-0.24933,2.1198,0.34591,7.0545,3.0306,0
-2.1488,1.8377,0.35878,-2.0479,3.3327,0
-1.1041,1.5042,0.37294,-7.7369,2.5128,0
-0.91415,1.4529,0.36522,3.186,3.419,0
-3.5734,0.96561,0.34848,6.1442,2.5416,0
-4.8081,1.2221,0.30086,-5.2337,2.8436,0
-3.0985,1.0939,0.21077,-6.144,2.671,0
-1.294,1.0682,0.13097,5.4616,2.1101,0
0.41548,1.299,0.10136,3.6411,2.7861,0
1.7451,1.6581,0.11938,-7.0542,1.9375,0
2.7898,1.7864,0.12968,-4.0959,2.743,0
2.5049,1.8633,0.13611,7.7372,2.3115,0
0.13056,1.8377,0.13225,1.1379,2.3834,0
-1.7689,1.812,0.13097,-9.1023,2.4409,0
-1.1041,1.8377,0.13483,-0.22742,1.3765,0
0.32051,1.812,0.13611,7.5096,1.9231,0
-0.34431,1.812,0.13354,-2.0479,0.94503,0
-1.1041,1.8377,0.13225,-7.2818,1.7649,0
-0.24933,1.812,0.13611,4.0962,1.6354,0
0.41548,1.8377,0.12453,5.9167,1.3478,0
0.13056,1.0682,0.0086931,-5.4613,1.8943,0
-0.43928,0.70911,-0.031207,-5.2337,0.84434,0
0.035589,0.60652,-0.04279,7.7372,1.6498,0
-0.62923,0.58087,-0.0518,3.186,0.87311,0
-1.1991,0.91431,-0.076255,-7.7369,1.1608,0
-0.24933,1.0169,-0.090413,-0.9101,1.319,0
1.2702,0.78606,-0.13417,8.6474,0.68613,0
2.5049,1.1965,-0.18694,0.45525,1.4916,0
1.8401,1.6068,-0.19853,-7.2818,0.67174,0
0.13056,0.83736,-0.16893,2.0482,1.319,0
-0.059385,0.27308,-0.12002,7.282,1.1032,0
0.035589,0.37567,-0.062097,-2.503,1.132,0
-0.34431,0.65782,-0.038929,-6.8267,1.5347,0
0.035589,1.0426,-0.058236,5.9167,0.59983,0
0.035589,0.83736,-0.089126,5.6891,1.3909,0
-1.7689,0.19613,-0.08269,-6.3715,0.52791,0
-3.2885,0.11918,-0.0518,-4.3235,1.0313,0
-3.6684,-0.060364,-0.053087,7.5096,1.0601,0
-3.1935,0.093531,-0.12903,2.2757,0.68613,0
-1.1041,0.70911,-0.23585,-8.6471,1.2615,0
0.7004,1.2221,-0.24615,-0.68254,0.16832,0
1.9351,1.1708,-0.20368,7.5096,1.1176,0
1.5552,1.0426,-0.15863,-0.22742,0.65736,0
1.1753,0.70911,-0.14318,-8.192,1.1895,0
1.5552,0.14483,-0.15992,2.5033,1.4916,0
1.0803,-0.11166,-0.16635,7.282,0.90188,0
-0.24933,0.093531,-0.1316,-4.0959,1.693,0
-0.059385,0.35002,-0.081403,-6.8267,0.75804,0
0.60543,0.32437,-0.058236,5.4616,1.3478,0
-0.91415,-0.23991,-0.064671,3.8687,0.80119,0
-2.4337,-0.23991,-0.099422,-7.2818,0.41284,0
-1.7689,0.27308,-0.17793,-4.3235,0.93064,0
-1.0091,0.96561,-0.26031,7.5096,0.15394,0
0.035589,1.1195,-0.34268,0.91037,0.93064,0
1.2702,0.76041,-0.37229,-8.6471,-0.090578,0
2.03,0.11918,-0.38258,-0.9101,0.010105,0
1.1753,-0.57335,-0.38258,7.282,0.11079,0
-0.15436,-0.7016,-0.34397,-1.8203,-0.26318,0
-0.7242,-0.4451,-0.2912,-8.192,0.88749,0
-0.62923,-0.75289,-0.30922,3.6411,0.28339,0
0.51046,-0.90679,-0.36328,5.234,1.0889,0
2.315,-0.7016,-0.35941,-5.6889,0.59983,0
1.7451,-0.3938,-0.36456,-3.6408,0.26901,0
-0.62923,-0.23991,-0.39803,7.282,0.57106,0
-1.294,-0.18861,-0.41605,2.2757,-0.22003,0
-0.15436,0.067882,-0.40575,-8.192,0.75804,0
-0.059385,-0.36816,-0.33753,-0.9101,-0.061812,0
-0.91415,-0.75289,-0.23843,7.7372,0.39846,0
-1.7689,-0.4964,-0.21783,-0.9101,-0.061812,0
-2.7186,-0.26556,-0.27961,-7.9645,-0.69468,0
-3.4784,-0.16296,-0.31179,3.186,-0.047428,0
-3.2885,-0.47075,-0.3311,6.3718,-0.83852,0
-1.8639,-0.82984,-0.33367,-5.4613,0.010105,0
-1.0091,-0.98374,-0.27575,-6.5991,-0.55085,0
1.0803,-1.035,-0.19853,6.3718,-0.4214,0
3.1697,-0.72725,-0.16764,3.4135,-0.37825,0
3.1697,-0.31686,-0.2114,-7.7369,-1.2844,0
0.89035,0.067882,-0.28734,-1.5928,-0.70906,0
-1.484,-0.086014,-0.27318,7.282,-1.8166,0
-2.6237,-0.6503,-0.15863,1.1379,-1.1981,0
-1.8639,-0.72725,-0.023484,-8.4196,-1.457,0
0.60543,-0.98374,0.033148,0.91037,-1.4426,0
0.89035,-0.93244,-0.019623,7.0545,-0.98235,0
0.13056,-0.23991,-0.092987,-3.6408,-1.8741,0
0.51046,0.14483,-0.10071,-7.7369,-1.2269,0
2.125,0.27308,-0.10843,3.6411,-2.1618,0
2.315,0.19613,-0.11101,5.9167,-1.5865,0
1.2702,0.45262,-0.12516,-6.5991,-1.7591,0
-0.24933,0.29873,-0.14447,-5.4613,-2.2049,0
-2.4337,-0.034715,-0.1213,6.5994,-1.6728,0
-0.62923,-0.599,-0.069819,3.186,-2.5645,0
1.3652,-0.16296,-0.073681,-8.4196,-1.6728,0
-1.7689,0.58087,-0.06081,-1.1377,-2.2625,0
-4.2382,0.45262,0.00097052,7.0545,-2.2193,0
-1.8639,0.22178,0.10265,-0.9101,-1.9892,0
2.03,-0.23991,0.16443,-8.6471,-2.7515,0
3.4546,-0.060364,0.16958,2.5033,-1.7591,0
3.2647,0.14483,0.073047,7.7372,-2.5214,0
2.8848,0.19613,-0.022197,-3.1857,-1.946,0
1.7451,-0.034715,-0.037642,-7.2818,-2.133,0
1.4602,0.067882,-0.017049,4.3238,-2.4782,0
1.0803,-0.11166,0.046019,5.4616,-1.7159,0
-0.81917,-0.67595,0.13998,-5.9164,-2.5501,0
-1.484,-0.98374,0.21205,-4.0959,-1.6871,0
-1.1041,-0.77854,0.26096,7.282,-2.4063,0
-0.15436,-0.90679,0.27512,1.8206,-2.1762,0
0.7004,-1.0094,0.26225,-8.6471,-1.8166,0
0.89035,-1.0094,0.22106,0.68281,-2.3488,0
-0.34431,-0.5477,0.13998,7.7372,-1.3707,0
-1.1041,-0.47075,0.10651,-1.3652,-2.1618,0
-1.484,-0.29121,0.15285,-7.7369,-1.3563,0
-2.7186,-0.18861,0.23265,2.7309,-1.7015,0
-3.0036,-0.47075,0.30344,6.3718,-1.9892,0
-0.81917,-0.80419,0.33304,-4.7786,-1.5145,0
1.6501,-1.035,0.33947,-5.4613,-2.2912,0
0.51046,-1.2659,0.35492,7.282,-1.2988,0
-1.579,-1.3685,0.37037,3.6411,-1.9317,0
-1.484,-1.1376,0.37165,-7.2818,-1.4282,0
-0.24933,-1.2915,0.38838,-2.2755,-1.4282,0
0.32051,-1.112,0.39997,7.9647,-1.946,0
0.13056,-0.75289,0.41284,0.00013542,-1.0687,0
-0.81917,-0.95809,0.42571,-9.1023,-1.644,0
-1.484,-1.0094,0.45917,1.1379,-0.57961,0
-0.91415,-1.5224,0.4669,7.5096,-0.96797,0
-0.62923,-1.5224,0.44244,-3.6408,-0.8529,0
0.60543,-1.4711,0.47333,-7.9645,-0.43578,0
2.315,-1.6763,0.55699,4.7789,-1.0687,0
2.9798,-2.0097,0.59303,5.234,-0.14811,0
1.7451,-1.9328,0.51452,-6.5991,-1.1262,0
1.7451,-1.3172,0.35106,-5.4613,-0.46455,0
2.03,-1.035,0.2571,6.1442,-0.4214,0
1.3652,-0.72725,0.22106,2.2757,-0.29195,0
-0.7242,-0.599,0.15928,-8.192,0.62859,0
-0.81917,-0.57335,0.0099801,-2.2755,-0.1625,0
-0.24933,-0.82984,-0.18566,7.5096,0.47037,0
-1.1041,-1.2659,-0.36328,-0.22742,-0.57961,0
-1.8639,-1.3941,-0.49713,-9.1023,-0.52208,0
-0.81917,-1.1376,-0.67346,1.8206,-0.30633,0
0.89035,-1.112,-0.8691,6.3718,-0.60838,0
2.4099,-1.5224,-1.048,-2.9581,0.52791,0
2.4099,-1.5993,-1.1947,-7.2818,-0.10496,0
1.9351,-1.7019,-1.3518,4.7789,0.65736,0
2.6949,-1.3172,-1.5809,5.234,0.22586,0
2.5049,-0.77854,-1.8898,-6.5991,-0.13373,0
0.60543,-0.62465,-2.2115,-4.5511,0.26901,0
-1.389,-0.34251,-2.4612,7.282,-0.57961,0
-2.5287,0.016583,-2.689,2.7309,0.44161,0
-0.62923,0.22178,-2.9503,-6.5991,-0.2488,0
1.6501,0.47827,-3.227,-0.68254,0.22586,0
1.0803,0.60652,-3.3776,7.7372,0.16832,0
0.035589,0.91431,-3.5012,0.00013542,-0.49331,0
-1.1991,1.2734,-3.7882,-7.9645,0.038872,0
-0.24933,1.1195,-4.1422,1.8206,-0.89605,0
0.60543,1.3247,-4.3957,7.282,0.024489,0
-1.484,1.1708,-4.5219,-4.3235,-0.30633,0
-3.6684,1.0939,-4.5721,-6.8267,-0.11935,0
-3.6684,0.99126,-4.5695,6.3718,0.067639,0
0.13056,1.0426,-4.5425,4.5513,-0.8529,0
4.0245,1.2477,-4.518,-7.5093,-0.090578,0
3.3597,1.6838,-4.5257,-3.6408,-0.98235,0
1.4602,1.5299,-4.5939,7.5096,-0.26318,0
0.22554,1.4273,-4.7278,2.2757,-0.43578,0
-0.53425,1.6581,-4.8887,-8.192,-0.82413,0
0.41548,1.6068,-5.0238,-1.5928,-0.30633,0
1.2702,1.2734,-5.0161,8.1923,-1.0687,0
-0.24933,1.0426,-4.8604,-0.45498,-0.061812,0
-1.1041,1.299,-4.6248,-8.8747,-0.39263,0
0.035589,1.376,-4.3275,2.0482,0.21147,0
0.60543,1.2221,-4.0173,6.3718,0.52791,0
-0.91415,1.3247,-3.7329,-4.3235,-0.033045,0
-2.4337,1.4016,-3.4343,-6.5991,0.75804,0
-4.0483,1.1708,-3.0636,4.7789,-0.047428,0
-3.3835,1.299,-2.5706,5.4616,0.88749,0
-0.059385,1.1195,-1.9297,-7.2818,0.82996,0
0.60543,1.0682,-1.1561,-4.3235,1.132,0
-0.7242,1.5299,-0.43407,7.282,1.9231,0
-1.484,1.812,0.084631,1.8206,1.3478,0
1.3652,1.8633,0.46175,-8.192,2.3402,0
4.7843,1.5555,0.86075,-2.7306,1.5204,0
2.4099,1.4529,1.2919,7.282,2.3115,0
0.22554,0.93996,1.6678,0.00013542,2.6567,0
1.7451,0.47827,1.9651,-7.7369,2.6279,0
0.51046,0.76041,2.1749,2.0482,3.606,0
-0.81917,1.4786,2.2727,6.3718,2.6854,0
0.41548,1.2734,2.3242,-4.3235,3.3902,0
1.8401,1.0682,2.4271,-5.4613,2.4553,0
0.98533,1.0426,2.6562,5.6891,2.3978,0
-0.81917,1.0682,3.0166,4.5513,2.5416,0
-1.294,1.6838,3.5791,-6.144,2.0525,0
-1.294,1.6068,4.2497,-2.9581,3.1025,0
-1.9589,1.5042,4.879,7.7372,2.4984,0
-1.1041,1.6068,5.417,1.1379,3.4621,0
0.41548,0.99126,5.8534,-8.192,3.2176,0
-0.43928,0.19613,6.2562,0.45525,2.9443,0
-1.1991,-0.3938,6.6977,8.4198,3.4621,0
-0.24933,-0.85549,7.0169,-2.0479,2.6854,0
0.51046,-0.95809,7.2022,-7.9645,3.6347,0
-0.34431,-0.72725,7.3927,3.186,2.743,0
-2.1488,-0.086014,7.5858,6.1442,2.8005,0
-2.2438,0.093531,7.6347,-4.7786,2.6998,0
-0.7242,-0.4964,7.5163,-5.4613,2.182,0
0.51046,-0.41945,7.3271,6.3718,3.1601,0
0.32051,-0.34251,7.0838,3.8687,2.3834,0
-0.15436,-0.6503,6.8084,-7.7369,3.0019,0
-0.15436,-0.93244,6.542,-2.2755,2.2683,0
1.2702,-0.93244,6.2755,6.8269,2.1676,0
2.6949,-0.5477,6.0027,-0.45498,2.6998,0
3.5496,-0.18861,5.7749,-8.4196,2.2252,0
3.3597,0.042233,5.5535,0.91037,3.3183,0
2.6949,0.47827,5.2896,7.0545,2.3115,0
1.3652,0.83736,5.1133,-2.9581,2.6279,0
-0.15436,0.76041,4.9949,-7.7369,2.0525,0
-1.8639,0.93996,4.8391,4.0962,1.5491,0
-3.0985,1.2734,4.574,5.4616,2.3258,0
-3.7634,1.4016,4.2561,-6.3715,1.7217,0
-3.7634,1.7094,4.0038,-5.6889,2.8868,0
-3.6684,1.4786,3.8249,6.1442,2.369,0
-3.0985,0.99126,3.6241,2.7309,2.369,0
-0.81917,1.4273,3.3963,-7.7369,2.182,0
0.51046,2.0172,3.238,-0.9101,1.1608,0
-0.81917,1.9916,3.1093,8.4198,1.8656,0
-0.7242,1.889,2.9265,0.45525,1.2758,0
0.98533,1.812,2.6678,-7.9645,2.4409,0
0.79538,1.5812,2.4246,2.2757,2.5704,0
-0.91415,1.4529,2.2366,6.3718,2.4984,0
-2.0538,1.2221,2.0384,-3.4133,2.6567,0
-1.0091,1.0426,1.8029,-6.3715,1.132,0
1.0803,0.76041,1.5918,4.7789,1.4628,0
1.5552,0.29873,1.4425,5.0064,0.45599,0
0.51046,0.19613,1.3241,-5.4613,1.1895,0
0.13056,0.11918,1.2379,-3.6408,1.6642,0
-0.15436,-0.23991,1.1014,7.282,1.4484,0
0.035589,-0.034715,0.82986,3.186,2.2108,0
0.13056,0.17048,0.51323,-7.7369,0.98818,0
0.13056,0.45262,0.22492,-1.3652,1.4772,0
1.1753,0.32437,0.026712,7.5096,0.62859,0
0.79538,0.19613,-0.13417,0.00013542,0.58544,0
-1.1991,-0.034715,-0.33753,-7.2818,1.0313,0
-1.8639,-0.13731,-0.51,1.5931,0.41284,0
-1.6739,0.042233,-0.61812,6.1442,1.3478,0
-1.389,-0.060364,-0.75584,-4.7786,0.31216,0
-0.15436,-0.16296,-0.97593,-7.2818,0.42722,0
0.035589,0.067882,-1.1922,5.234,-0.19126,0
-1.484,-0.11166,-1.317,4.5513,-0.8529,0
-1.8639,-0.36816,-1.42,-6.8267,-0.19126,0
-0.059385,-0.599,-1.6066,-4.0959,-0.88167,0
2.9798,-0.599,-1.8035,6.1442,0.21147,0
3.0747,-0.36816,-1.9567,1.1379,-0.7666,0
0.41548,-0.29121,-2.0584,-7.9645,-0.82413,0
-1.579,-0.23991,-2.1099,-0.68254,-1.2844,0
-1.579,-0.7016,-2.1266,7.5096,-2.3775,0
-0.91415,-1.4711,-2.1909,-1.8203,-1.9029,0
-0.7242,-1.548,-2.281,-8.4196,-2.9673,0
-0.7242,-1.4711,-2.3853,3.4135,-2.133,0
0.51046,-1.4454,-2.4702,6.5994,-2.6652,0
1.0803,-1.5737,-2.5063,-5.0062,-2.6796,0
-0.91415,-1.5224,-2.4895,-6.144,-2.3056,0
-1.7689,-1.4967,-2.4728,5.9167,-3.1542,0
-0.43928,-1.7276,-2.4329,4.7789,-2.4063,0
0.41548,-1.8302,-2.3377,-7.2818,-3.37,0
0.98533,-1.6506,-2.2257,-4.0959,-2.7371,0
0.13056,-1.7276,-2.1961,7.7372,-2.6077,0
-0.53425,-1.7532,-2.2772,1.3655,-2.881,0
-0.53425,-1.0863,-2.3467,-7.7369,-2.2337,0
-0.059385,-0.5477,-2.3171,0.45525,-3.4994,0
0.7004,-1.2402,-2.218,7.7372,-3.0248,0
-0.91415,-1.7276,-2.1382,-2.0479,-4.0172,0
-2.4337,-1.8045,-2.0957,-6.5991,-3.9022,0
-0.43928,-1.3172,-2.0712,3.186,-3.7583,0
2.5999,-1.112,-2.0481,6.1442,-4.4056,0
3.7396,-1.2402,-2.0198,-4.3235,-3.7727,0
2.22,-0.88114,-2.0326,-5.2337,-4.8227,0
-0.53425,-0.67595,-2.0429,5.9167,-4.3049,0
-2.9086,-0.85549,-1.9889,4.0962,-4.4775,0
-3.4784,-0.72725,-1.8653,-7.0542,-4.4631,0
-4.2382,-0.41945,-1.7945,-2.503,-3.7583,0
-3.8583,-0.72725,-1.7726,7.7372,-4.4488,0
-1.484,-0.95809,-1.7173,0.2277,-3.5138,0
-0.24933,-0.72725,-1.6465,-7.9645,-4.3625,0
-1.0091,-0.6503,-1.6015,1.1379,-3.8015,0
-1.579,-0.34251,-1.559,7.282,-3.4563,0
-1.579,-0.23991,-1.5191,-2.9581,-3.37,0
1.3652,-0.18861,-1.4522,-7.9645,-2.3344,0
5.0692,-0.0090658,-1.4148,4.3238,-2.996,0
4.6893,-0.34251,-1.3878,5.234,-2.2193,0
2.6949,-0.52205,-1.3582,-6.8267,-2.5933,0
0.98533,-0.3938,-1.3659,-4.3235,-2.5501,0
-0.34431,-0.23991,-1.3543,6.8269,-2.2337,0
-0.53425,-0.4964,-1.2617,2.2757,-2.7659,0
-0.81917,-0.80419,-1.1355,-8.4196,-1.6008,0
-2.4337,-0.18861,-1.0583,-1.3652,-1.9604,0
-0.91415,0.093531,-1.0454,7.7372,-1.2556,0
3.6446,-0.034715,-1.0828,-0.68254,-1.5002,0
3.7396,-0.13731,-1.1433,-7.7369,-2.1043,0
-0.43928,0.016583,-1.1922,2.5033,-1.644,0
-2.4337,0.17048,-1.2192,6.3718,-2.3488,0
-0.7242,0.17048,-1.2025,-5.6889,-1.2413,0
0.89035,-0.0090658,-1.1407,-6.144,-1.7447,0
-1.484,-0.11166,-1.0364,5.4616,-1.3419,0
-4.1432,-0.0090658,-0.93989,4.0962,-1.1693,0
-2.8136,-0.060364,-0.8588,-7.5093,-1.6296,0
0.32051,0.32437,-0.78544,-3.1857,-0.73783,0
2.125,0.27308,-0.70178,7.7372,-1.5577,0
2.8848,0.22178,-0.67861,2.0482,-0.78098,0
1.1753,0.42697,-0.70822,-8.4196,-1.0399,0
-0.62923,0.29873,-0.68762,0.68281,-1.1262,0
1.0803,-0.034715,-0.61941,7.7372,-0.60838,0
2.9798,-0.11166,-0.65544,-1.5928,-1.3563,0
1.3652,0.067882,-0.82663,-7.0542,-0.37825,0
-1.1041,0.45262,-0.8794,4.5513,-1.1262,0
-0.24933,0.58087,-0.7597,5.4616,-0.65153,0
0.32051,0.40132,-0.61168,-5.6889,-0.6803,0
-1.484,0.68346,-0.58594,-5.2337,-1.2125,0
-2.5287,0.45262,-0.6104,7.5096,-0.5077,0
-0.059385,0.52957,-0.6297,3.186,-1.3851,0
3.3597,0.29873,-0.62069,-7.7369,-0.34948,0
3.7396,0.19613,-0.66574,-1.8203,-0.83852,0
1.4602,-0.034715,-0.69406,8.1923,-0.36386,0
-0.15436,-0.41945,-0.62327,-0.22742,0.12517,0
0.035589,-0.62465,-0.60525,-8.192,-0.49331,0
-0.15436,-0.34251,-0.71465,2.0482,0.11079,0
-1.1041,-0.29121,-0.7494,6.8269,-1.0543,0
-2.6237,-0.6503,-0.55248,-3.8684,-0.43578,0
-3.3835,-0.18861,-0.31823,-7.0542,-0.4214,0
-3.8583,0.17048,-0.16506,5.234,-0.14811,0
-2.6237,-0.060364,-0.15863,4.3238,0.93064,0
-1.7689,-0.16296,-0.19209,-7.0542,0.44161,0
-2.0538,-0.0090658,-0.18566,-4.0959,1.5491,0
-2.1488,-0.31686,-0.17922,7.0545,0.74366,0
-1.6739,-0.29121,-0.18952,1.8206,0.97379,0
0.13056,-0.23991,-0.20754,-7.9645,1.0313,0
0.60543,-0.18861,-0.241,-1.3652,0.70051,0
-0.43928,0.016583,-0.25259,7.282,1.9231,0
-1.1991,0.17048,-0.24358,-1.3652,1.2327,0
-1.0091,-0.060364,-0.22813,-8.4196,2.2108,0
-1.389,-0.62465,-0.2616,2.7309,1.9662,0
-0.15436,-0.93244,-0.35298,6.3718,1.8799,0
0.98533,-0.82984,-0.45466,-5.0062,2.2683,0
-0.24933,-1.4198,-0.51129,-6.5991,1.4628,0
-2.2438,-2.2149,-0.52545,5.6891,2.556,0
-1.579,-1.8045,-0.51258,4.0962,2.2252,0
1.3652,-1.1889,-0.48684,-7.0542,3.232,0
3.1697,-0.77854,-0.49842,-4.0959,3.5197,0
2.9798,-0.88114,-0.54347,7.282,3.232,0
3.5496,-0.7016,-0.57565,2.2757,3.6491,0
4.7843,-0.34251,-0.5898,-8.4196,2.3258,0
2.9798,-0.21426,-0.61683,-1.5928,2.7861,0
0.32051,-0.41945,-0.63614,7.282,1.9662,0
-2.1488,-0.36816,-0.56921,0.2277,2.0669,0
-3.3835,-0.7016,-0.47268,-7.0542,2.369,0
-0.7242,-0.93244,-0.39545,1.5931,1.9519,0
1.4602,-1.0094,-0.34526,8.1923,2.9012,0
1.7451,-0.98374,-0.30664,-3.6408,1.9519,0
1.8401,-1.0094,-0.23328,-7.7369,2.3258,0
3.2647,-0.75289,-0.15605,4.7789,1.808,0
3.5496,-0.57335,-0.1213,6.1442,1.7793,0
2.03,-0.90679,-0.102,-5.6889,2.4553,0
-0.059385,-1.1633,-0.087839,-5.0062,1.8943,0
-1.579,-0.88114,-0.031207,7.282,2.8436,0
-2.7186,-0.7016,0.029286,3.186,2.0094,0
-2.3388,-1.0863,0.057602,-8.192,2.0957,0
-0.62923,-1.3685,0.046019,-1.8203,1.6642,0
0.51046,-1.3941,0.051167,7.5096,0.82996,0
0.32051,-1.1376,0.076909,-0.68254,1.4484,0
-1.294,-0.85549,0.11166,-8.192,0.48476,0
-1.294,-0.57335,0.12968,1.8206,1.2327,0
-1.9589,-0.18861,0.097502,6.8269,0.67174,0
-4.5231,-0.5477,0.083344,-4.3235,0.64298,0
-5.6628,-0.6503,0.1374,-8.192,0.87311,0
-3.0985,-0.34251,0.22235,4.7789,-0.14811,0
0.32051,0.016583,0.31502,4.7789,0.49914,0
0.89035,0.37567,0.40254,-7.2818,-0.62276,0
2.125,0.91431,0.46432,-4.5511,-0.20565,0
5.0692,1.0426,0.51709,6.1442,-0.5077,0
4.7843,0.99126,0.52868,2.2757,-0.82413,0
1.3652,0.99126,0.5261,-7.9645,-0.40701,0
-1.389,0.76041,0.51581,-0.68254,-1.4139,0
-1.484,0.58087,0.52224,7.7372,-0.4214,0
-0.91415,0.35002,0.5364,-0.22742,-0.8529,0
0.51046,0.042233,0.51967,-7.5093,-0.34948,0
0.60543,0.37567,0.50036,2.9584,-0.29195,0
-1.389,0.52957,0.54155,7.282,-1.1406,0
-3.7634,0.58087,0.60204,-5.0062,-0.62276,0
-3.2885,0.37567,0.6561,-6.144,-1.7591,0
-0.34431,0.22178,0.76679,6.1442,-1.1262,0
0.13056,0.17048,0.93411,4.3238,-1.3851,0
-1.579,-0.26556,1.0924,-6.3715,-1.3707,0
-1.294,-0.47075,1.1619,-3.1857,-0.6803,0
-1.0091,-0.060364,1.1452,7.7372,-1.457,0
-1.1991,0.14483,1.0538,1.3655,-0.49331,0
-2.5287,0.14483,0.92896,-7.5093,-1.5145,0
-2.3388,-0.0090658,0.91352,0.00013542,-1.2556,0
0.13056,0.067882,0.95213,7.5096,-1.6296,0
0.79538,0.47827,0.94955,-1.8203,-2.0755,0
-0.91415,0.55522,0.95213,-7.5093,-1.3132,0
-0.059385,0.32437,0.87748,3.6411,-2.1474,0
0.51046,0.22178,0.72431,6.3718,-1.1837,0
-0.81917,-0.11166,0.66511,-5.6889,-1.8597,0
-0.62923,-0.67595,0.70372,-5.0062,-1.7591,0
1.6501,-0.6503,0.72045,7.0545,-1.831,0
2.5999,-0.18861,0.63422,3.6411,-2.6508,0
1.3652,-0.060364,0.45789,-8.192,-1.9604,0
-0.81917,0.14483,0.28413,-3.1857,-2.7227,0
-1.7689,0.45262,0.19146,7.5096,-1.6728,0
-2.1488,0.58087,0.18631,-0.45498,-1.7734,0
-2.2438,0.58087,0.20562,-8.192,-1.7015,0
-1.1041,0.37567,0.24166,1.3655,-1.2125,0
0.41548,0.81171,0.27769,6.5994,-1.9173,0
0.22554,0.91431,0.25453,-3.4133,-0.79537,0
-0.62923,0.76041,0.16314,-7.2818,-1.2988,0
-0.62923,0.91431,0.016416,3.6411,-0.23441,0
-0.81917,0.73476,-0.18051,4.7789,-0.033045,0
-0.7242,0.86301,-0.36842,-6.8267,-0.061812,0
-1.1991,0.45262,-0.44436,-5.2337,0.71489,0
-1.389,-0.23991,-0.43664,7.7372,-0.23441,0
-0.81917,-0.29121,-0.42763,1.3655,0.59983,0
-0.059385,-0.23991,-0.37486,-8.6471,-0.29195,0
-0.62923,-0.18861,-0.35169,-0.9101,0.010105,0
-1.1041,-0.16296,-0.36842,7.282,-0.018661,0
-0.15436,0.042233,-0.3903,-1.8203,-0.56523,0
1.0803,0.22178,-0.38773,-7.9645,0.25462,0
-0.43928,0.19613,-0.37357,3.6411,-0.70906,0
-2.1488,-0.034715,-0.35169,6.8269,0.15394,0
-0.53425,0.11918,-0.32724,-3.8684,-0.23441,0
1.3652,0.37567,-0.27833,-7.0542,-0.061812,0
1.7451,0.60652,-0.22813,5.234,0.48476,0
-0.15436,0.63217,-0.19467,4.5513,-0.047428,0
0.13056,0.55522,-0.23328,-7.0542,0.84434,0
2.6949,0.11918,-0.31308,-4.0959,-0.061812,0
3.7396,0.067882,-0.33239,8.1923,0.26901,0
0.51046,0.11918,-0.27061,2.7309,-0.004278,0
-1.9589,0.19613,-0.14576,-7.7369,-0.5077,0
-0.62923,0.76041,-0.026058,-0.22742,0.12517,0
0.89035,1.1965,0.01899,8.4198,-0.7666,0
-0.34431,1.0939,0.034435,-1.3652,0.13956,0
-1.579,0.27308,0.070473,-8.192,-0.594,0
-1.389,-0.31686,0.11166,3.186,-0.37825,0
-2.1488,-0.29121,0.12711,6.5994,-0.1625,0
-2.6237,0.067882,0.084631,-5.0062,-0.79537,0
-1.6739,0.17048,0.061464,-5.9164,0.082022,0
-1.1991,0.22178,0.092354,5.9167,-0.82413,0
-0.62923,-0.0090658,0.16186,4.0962,-0.14811,0
-0.81917,0.37567,0.22235,-7.7369,-0.6803,0
-0.059385,0.32437,0.21591,-3.4133,-0.82413,0
0.13056,0.042233,0.19017,8.6474,-0.37825,0
0.13056,-0.21426,0.17859,2.0482,-1.1262,0
-0.43928,-0.18861,0.19146,-8.4196,-0.13373,0
-1.7689,0.042233,0.2069,-0.68254,-0.7666,0
-0.53425,-0.16296,0.21205,8.1923,-0.22003,0
1.5552,-0.3938,0.20562,-2.2755,0.024489,0
2.125,-0.5477,0.16572,-7.5093,-0.32071,0
2.315,-0.34251,0.046019,3.4135,0.62859,0
1.2702,0.016583,-0.062097,6.5994,-0.090578,0
-0.24933,0.14483,-0.11744,-5.6889,1.0457,0
-0.62923,-0.060364,-0.12903,-6.8267,0.61421,0
-0.15436,-0.11166,-0.11358,5.4616,0.87311,0
-0.059385,0.32437,-0.022197,4.0962,1.2327,0
0.13056,0.50392,0.12324,-7.7369,0.68613,0
-0.7242,0.35002,0.24552,-4.0959,1.7361,0
-1.1991,0.47827,0.32274,8.6474,1.0889,0
-1.294,0.32437,0.32403,1.3655,2.1388,0
-1.8639,0.27308,0.26997,-7.9645,2.0094,0
-1.389,0.45262,0.22364,-0.45498,1.8799,0
-0.24933,0.27308,0.22106,7.7372,2.2827,0
-0.15436,0.17048,0.25195,-1.5928,1.4916,0
-1.294,0.47827,0.2468,-7.9645,2.5128,0
-1.389,0.60652,0.23265,2.9584,1.9231,0
-0.24933,0.86301,0.297,6.5994,2.6998,0
0.51046,0.35002,0.37809,-5.2337,2.6998,0
0.13056,-0.4964,0.39611,-5.6889,2.4841,0
-0.34431,-0.599,0.33819,6.3718,3.1169,0
-0.62923,0.11918,0.25581,4.3238,2.2108,0
-0.15436,-0.29121,0.16314,-6.5991,3.0882,0
-0.059385,-1.0863,0.098789,-3.1857,2.556,0
0.22554,-1.548,0.039583,7.7372,2.9875,0
0.60543,-1.0094,0.0035447,0.68281,3.5197,0
0.22554,-0.7016,0.007406,-8.4196,3.0738,0
-1.484,-0.599,0.062751,0.45525,4.0806,0
-2.6237,-0.82984,0.1477,7.282,3.1457,0
-1.7689,-0.93244,0.18374,-2.9581,3.7642,0
-0.91415,-0.52205,0.15671,-7.7369,3.4477,0
-1.8639,-0.52205,0.12711,4.3238,3.232,0
-3.1935,-0.29121,0.10522,5.4616,3.8936,0
-2.0538,0.22178,0.1078,-5.9164,3.0882,0
0.79538,0.58087,0.12067,-5.0062,4.1381,0
1.9351,0.37567,0.10265,6.8269,3.5916,0
1.2702,0.24743,0.033148,2.5033,3.8936,0
-0.81917,0.32437,0.0048318,-8.4196,4.1525,0
-0.7242,1.2221,0.070473,-2.9581,3.6491,0
-0.15436,1.7607,0.12968,7.5096,4.6991,0
-1.1991,2.1455,0.1773,-1.1377,3.8936,0
-1.1991,2.2481,0.20433,-8.8747,4.8142,0
-1.294,2.325,0.19661,2.0482,4.6416,0
-0.91415,2.0172,0.19275,7.0545,4.5984,0
0.89035,1.5812,0.21077,-4.0959,5.1306,0
0.89035,1.1708,0.25195,-7.0542,4.3395,0
-0.7242,0.81171,0.23393,5.6891,5.2313,0
-0.7242,1.5042,0.1876,5.234,4.4833,0
0.51046,2.5815,0.17344,-6.8267,5.2169,0
-0.43928,3.2227,0.16314,-4.3235,5.519,0
-1.1041,2.7098,0.16829,7.0545,5.2025,0
-0.81917,2.1198,0.1477,3.4135,6.1087,0
-0.24933,1.6325,0.10136,-7.7369,5.2744,0
2.22,0.96561,0.053741,-2.0479,6.1374,0
3.4546,0.14483,0.029286,8.4198,5.634,0
1.4602,-0.16296,-0.02091,0.2277,5.8642,0
0.51046,0.016583,-0.098135,-7.7369,6.2237,0
0.60543,-0.086014,-0.18823,1.8206,5.7203,0
0.22554,-0.599,-0.26417,7.0545,6.7272,0
-0.43928,-0.6503,-0.30664,-3.6408,5.9648,0
0.035589,-0.85549,-0.32595,-5.6889,6.5689,0
-0.15436,-0.41945,-0.30407,5.6891,6.3963,0
-0.53425,-0.26556,-0.28476,5.234,6.1662,0
0.035589,-0.4451,-0.29249,-6.3715,6.8566,0
-1.1041,-0.5477,-0.29892,-5.0062,6.1374,0
-4.2382,-0.599,-0.27318,8.1923,7.1443,0
-5.5679,-0.52205,-0.23972,1.5931,6.5114,0
-2.5287,-0.13731,-0.23328,-7.5093,6.7991,0
0.32051,-0.11166,-0.19853,-0.45498,7.0867,0
-0.91415,-0.67595,-0.15734,7.7372,6.5689,0
-2.5287,-0.95809,-0.14576,-2.2755,7.4751,0
-0.43928,-1.2659,-0.2011,-8.6471,6.7415,0
2.03,-1.1376,-0.26674,3.186,7.3744,0
2.4099,-1.2659,-0.26288,6.3718,7.0867,0
0.98533,-1.0863,-0.19081,-4.7786,7.0148,0
0.22554,-0.98374,-0.095561,-5.9164,7.5182,0
-0.34431,-0.21426,-0.10972,5.4616,6.6552,0
-0.53425,0.37567,-0.14962,3.186,7.5758,0
0.51046,0.24743,-0.1316,-7.7369,6.684,0
1.4602,-0.23991,-0.1213,-2.9581,7.1011,0
1.6501,-0.086014,-0.12388,8.1923,6.9141,0
0.51046,0.14483,-0.092987,0.00013542,6.382,0
0.22554,-0.060364,-0.059523,-7.9645,7.058,0
-0.43928,0.067882,0.0086931,2.0482,6.0943,0
-2.3388,-0.086014,0.051167,7.0545,6.871,0
-2.9086,-0.21426,0.01899,-3.8684,6.0655,0
-1.8639,0.067882,0.0022576,-7.5093,6.0368,0
-1.294,0.14483,0.04087,5.0064,6.1518,0
-0.53425,-0.34251,0.064038,4.7789,5.4758,0
-0.15436,-1.2146,0.055028,-6.8267,6.4683,0
0.7004,-1.035,0.029286,-4.0959,5.5765,0
1.1753,-0.3938,0.012554,7.0545,6.31,0
1.4602,-0.23991,0.020277,2.0482,5.8066,0
0.60543,-0.72725,0.029286,-7.9645,5.4902,0
-0.34431,-1.1889,0.029286,0.00013542,5.8354,0
-0.7242,-1.5993,0.00097052,8.1923,4.9148,0
-0.34431,-1.035,-0.047939,-0.45498,5.7491,0
-0.53425,-0.67595,-0.102,-8.6471,4.8429,0
-1.6739,-0.599,-0.11358,2.5033,5.2025,0
-2.6237,-0.57335,-0.087839,6.1442,5.0155,0
0.60543,-0.34251,-0.087839,-4.0959,4.3827,0
4.2144,0.32437,-0.081403,-5.9164,4.9292,0
3.4546,0.76041,-0.098135,5.9167,3.7929,0
-0.15436,0.19613,-0.095561,5.234,4.5121,0
-2.4337,-0.3938,-0.055661,-6.8267,3.9512,0
-2.1488,-0.599,-0.023484,-3.4133,4.0375,0
-1.1991,-0.599,-0.0054649,7.9647,4.2244,0
-0.15436,-0.5477,-0.019623,2.0482,3.3183,0
-0.62923,-0.6503,-0.0518,-8.4196,3.9512,0
-0.53425,-0.85549,-0.053087,-0.45498,2.9156,0
0.32051,-0.72725,-0.026058,7.282,3.5053,0
0.60543,-0.57335,0.022851,-1.8203,3.1888,0
0.32051,-0.4964,0.044732,-7.9645,2.8005,0
-0.43928,-0.5477,0.035722,3.8687,3.419,0
-1.6739,-0.36816,0.034435,5.4616,2.5991,0
-1.1041,-0.47075,0.044732,-5.0062,3.4477,0
0.32051,-0.5477,0.062751,-6.5991,2.5416,0
0.22554,-0.36816,0.083344,5.9167,2.7142,0
0.41548,-0.4964,0.093641,3.186,2.6135,0
0.51046,-0.85549,0.10522,-7.9645,2.0525,0
0.13056,-1.2659,0.11166,-3.1857,3.0019,0
0.035589,-0.6503,0.096215,7.282,2.182,0
-0.059385,-0.060364,0.067899,1.1379,3.0738,0
-0.7242,-0.086014,0.015128,-8.192,2.6135,0
-0.059385,-0.47075,-0.024771,0.00013542,2.6279,0
0.13056,-0.85549,-0.028633,7.5096,2.9587,0
0.13056,-1.1889,0.021564,-2.2755,2.0813,0
1.8401,-0.88114,0.069186,-7.5093,2.8436,0
2.6949,-0.31686,0.08077,3.8687,1.9806,0
0.7004,0.24743,0.11037,6.1442,2.556,0
-1.294,0.29873,0.12711,-4.0959,2.4553,0
-1.579,-0.0090658,0.1078,-6.144,2.1532,0
0.32051,0.067882,0.056315,6.8269,2.9156,0
1.9351,-0.11166,0.0099801,4.5513,1.9662,0
1.0803,0.11918,-0.006752,-6.8267,2.7286,0
-0.62923,0.42697,-0.04279,-3.1857,1.7793,0
-1.1991,0.35002,-0.13804,7.7372,1.9231,0
-0.91415,0.27308,-0.19338,1.5931,2.0094,0
-0.81917,0.37567,-0.21269,-8.192,1.3621,0
-1.0091,0.58087,-0.20625,0.00013542,2.1101,0
-1.389,0.32437,-0.2513,7.0545,1.1176,0
0.22554,0.47827,-0.30922,-2.503,1.808,0
1.8401,0.32437,-0.26803,-6.5991,1.6354,0
1.7451,-0.060364,-0.20754,3.6411,1.6498,0
0.51046,-0.16296,-0.17279,6.1442,2.2108,0
-0.81917,0.042233,-0.19338,-6.5991,1.3478,0
-1.1991,0.42697,-0.18308,-5.0062,2.2971,0
-0.34431,0.52957,-0.12774,7.7372,1.4197,0
0.13056,0.37567,-0.102,4.0962,2.0094,0
-0.53425,0.24743,-0.13417,-7.7369,1.9519,0
0.51046,-0.086014,-0.18952,-2.2755,1.693,0
2.315,-0.4451,-0.22298,7.0545,2.6135,0
2.6949,-1.1633,-0.20754,-0.45498,1.8943,0
0.79538,-1.3685,-0.18051,-7.7369,2.7717,0
-0.62923,-1.4454,-0.10972,1.5931,2.1532,0
0.41548,-1.7276,-0.058236,7.7372,2.1676,0
2.315,-2.0097,-0.049226,-4.5511,2.4121,0
2.7898,-1.4711,-0.049226,-6.5991,2.0238,0
1.8401,-1.0607,-0.050513,5.6891,3.2464,0
1.2702,-1.2659,-0.077542,4.3238,2.6854,0
0.32051,-1.112,-0.072394,-7.9645,3.5628,0
0.13056,-1.0094,-0.036355,-3.6408,3.0594,0
0.13056,-0.72725,-0.024771,7.7372,2.8436,0
-0.24933,-0.62465,-0.0028907,1.1379,3.2176,0
-0.24933,-0.34251,0.034435,-7.2818,2.4121,0
0.035589,-0.18861,0.073047,0.68281,3.3902,0
-0.7242,-0.72725,0.10265,7.7372,2.7286,0
-1.389,-0.90679,0.11037,-2.0479,3.5053,0
-0.15436,-1.1889,0.12839,-7.9645,3.6491,0
0.7004,-0.90679,0.15413,4.0962,3.4046,0
0.7004,-0.67595,0.17215,5.9167,4.0518,0
0.89035,-1.3941,0.13354,-5.2337,3.0594,0
0.13056,-1.9328,0.069186,-5.2337,4.0375,0
-0.34431,-1.4454,0.04087,6.3718,3.606,0
0.41548,-0.80419,0.056315,4.3238,3.9368,0
1.2702,-0.11166,0.051167,-6.8267,4.0518,0
0.41548,0.35002,-0.037642,-2.9581,3.3471,0
-0.7242,0.37567,-0.11615,7.282,4.0806,0
-2.0538,0.96561,-0.14704,0.45525,3.1313,0
-1.0091,1.3503,-0.15219,-8.4196,3.9224,0
0.79538,1.0169,-0.1818,2.0482,3.6347,0
1.3652,1.7607,-0.18694,8.4198,3.4621,0
0.89035,2.3763,-0.13031,-2.9581,4.095,0
-0.24933,2.3763,-0.0518,-6.3715,3.4621,0
-1.1991,1.5812,-0.0119,5.4616,4.6128,0
-0.62923,1.6325,-0.028633,5.4616,4.0518,0
-0.81917,1.7351,-0.065958,-5.6889,4.6703,0
-0.62923,1.4016,-0.046652,-4.5511,4.584,0
-0.53425,1.3503,0.056315,7.0545,4.095,0
-1.1991,1.6838,0.091067,2.7309,4.7279,0
-1.294,1.7864,0.027999,-7.7369,3.9224,0
-1.0091,1.7864,-0.062097,-1.1377,5.0874,0
-0.53425,1.5812,-0.10328,8.1923,4.771,0
0.51046,1.2477,-0.1213,-0.9101,5.26,0
1.1753,1.299,-0.081403,-8.6471,5.6196,0
0.41548,1.376,-0.047939,1.1379,4.9292,0
0.22554,1.1708,-0.031207,7.0545,5.5765,0
0.60543,1.3247,0.0099801,-3.4133,4.5984,0
1.2702,1.4529,-0.0054649,-7.0542,5.3032,0
1.9351,1.7094,-0.073681,4.7789,5.1881,0
2.315,1.889,-0.13675,5.234,5.0731,0
1.0803,2.4533,-0.14447,-6.144,5.6053,0
-0.24933,2.6328,-0.13546,-4.3235,4.6703,0
0.035589,2.1455,-0.1213,7.0545,5.4039,0
0.51046,0.88866,-0.063384,2.2757,4.5409,0
0.32051,0.60652,-0.00031657,-7.9645,4.9292,0
0.79538,1.0939,0.048593,-0.68254,5.26,0
0.7004,1.1708,0.066612,7.7372,5.0874,0
-0.7242,0.78606,0.057602,-0.9101,6.3532,0
-1.1991,0.91431,0.056315,-7.9645,5.9361,0
-1.0091,1.3247,0.094928,2.7309,6.8422,0
-0.62923,2.1455,0.15928,7.0545,6.2525,0
0.035589,2.5815,0.18631,-5.0062,5.9073,0
1.1753,2.3507,0.16958,-5.2337,6.1231,0
2.22,1.2477,0.16314,5.9167,5.4327,0
1.7451,0.19613,0.18116,4.3238,6.5833,0
0.51046,-0.95809,0.20304,-6.5991,6.1806,0
-0.34431,-1.7532,0.1773,-3.1857,7.2018,0
-1.294,-0.75289,0.158,7.282,7.1443,0
-1.389,1.2221,0.12839,1.3655,6.8854,0
-0.34431,2.0172,0.092354,-8.192,7.3169,0
-0.24933,0.65782,0.078196,0.2277,6.3532,0
-0.43928,-0.72725,0.07176,8.1923,7.3313,0
-1.1041,-0.80419,0.007406,-2.503,6.6696,0
-1.294,-0.21426,-0.046652,-7.2818,7.2737,0
-0.91415,0.32437,-0.063384,3.6411,7.4751,0
-0.7242,-0.41945,-0.022197,5.6891,7.1011,0
-1.294,-0.599,0.029286,-5.2337,7.921,0
-1.0091,-0.6503,0.031861,-5.4613,7.1443,0
0.79538,-0.4964,0.034435,6.3718,8.0073,0
1.4602,0.17048,0.055028,2.2757,7.5614,0
0.41548,0.76041,0.079483,-7.7369,7.7915,0
-0.15436,0.99126,0.04988,-0.9101,8.1367,0
-0.53425,0.55522,-0.018336,7.7372,7.2162,0
-0.15436,0.88866,-0.081403,-1.3652,7.8347,0
1.2702,1.7864,-0.12388,-8.8747,6.6984,0
2.03,1.9146,-0.15605,2.2757,7.1587,0
2.125,1.5555,-0.15477,6.3718,7.1299,0
0.60543,0.65782,-0.087839,-5.2337,7.058,0
-1.484,0.067882,-0.006752,-6.8267,8.036,0
-1.0091,-0.3938,0.11166,5.6891,7.173,0
0.32051,-0.36816,0.20304,3.8687,7.8203,0
-0.43928,-0.4964,0.23265,-6.5991,7.058,0
-0.53425,-0.5477,0.22621,-3.4133,7.0867,0
0.32051,0.11918,0.27512,7.5096,7.4176,0
1.1753,0.042233,0.34205,0.68281,6.8998,0
2.03,-0.47075,0.35878,-8.6471,7.7771,0
2.22,-1.112,0.35363,0.91037,6.8854,0
2.03,-2.1123,0.37037,7.282,7.5614,0
2.315,-2.574,0.41541,-2.0479,7.3025,0
0.41548,-2.3431,0.42056,-7.7369,7.1299,0
-0.62923,-1.4454,0.40383,4.0962,7.5758,0
-0.7242,-1.112,0.41026,6.3718,6.6409,0
0.035589,-1.4711,0.44244,-6.144,7.4751,0
-0.15436,-1.5737,0.43343,-6.144,6.7703,0
-1.484,-1.7019,0.40898,5.6891,7.4607,0
-2.0538,-1.5737,0.37937,4.3238,7.6477,0
-0.43928,-1.8302,0.36007,-5.9164,7.2162,0
0.13056,-1.625,0.29314,-2.0479,7.8347,0
-0.34431,-1.2402,0.18374,7.7372,6.8854,0
-1.294,-1.3685,0.14126,1.5931,7.6333,0
-1.389,-1.5993,0.14641,-7.7369,7.2162,0
-1.484,-1.2146,0.13611,1.1379,7.2162,0
-1.484,-0.5477,0.1078,7.0545,7.5902,0
-0.24933,-0.0090658,0.056315,-2.2755,6.9429,0
0.51046,-0.086014,-0.00031657,-7.5093,7.8203,0
0.79538,-0.41945,-0.010613,3.8687,6.9141,0
0.13056,-0.29121,0.00097052,6.5994,7.4032,0
0.035589,-0.034715,0.021564,-5.4613,7.2162,0
0.41548,-0.060364,0.053741,-5.0062,6.8278,0
0.79538,0.093531,0.079483,6.5994,7.6908,0
0.7004,0.17048,0.060177,3.6411,6.8854,0
-0.34431,-0.0090658,-0.024771,-7.2818,7.7915,0
0.13056,-0.36816,-0.096848,-3.1857,6.9861,0
1.6501,-0.36816,-0.081403,7.0545,7.1587,0
1.6501,-0.47075,0.012554,1.8206,7.5039,0
1.2702,-1.112,0.092354,-8.192,7.0436,0
0.98533,-1.5737,0.11166,0.00013542,8.108,0
1.4602,-1.7789,0.11681,7.5096,7.3744,0
2.03,-1.548,0.12324,-2.0479,7.9497,0
1.5552,-1.1633,0.10265,-8.4196,7.3888,0
0.98533,-1.3428,0.042157,2.7309,7.1443,0
0.41548,-1.6506,-0.017049,6.8269,7.5326,0
0.22554,-1.7789,-0.022197,-6.144,6.7415,0
0.60543,-1.3172,-0.024771,-6.3715,7.734,0
0.41548,-1.0607,-0.028633,6.5994,6.8566,0
-0.34431,-1.2402,-0.015762,3.6411,7.245,0
0.41548,-1.112,0.011267,-7.2818,7.1155,0
1.7451,-1.035,0.062751,-1.5928,6.6121,0
2.315,-1.2659,0.07176,7.7372,7.36,0
1.2702,-1.625,0.031861,0.2277,6.497,0
-0.24933,-1.5224,-0.006752,-8.192,7.2737,0
-0.24933,-1.1889,-0.010613,1.1379,6.6409,0
1.1753,-1.2915,0.04988,7.5096,7.0148,0
0.7004,-1.625,0.1078,-2.9581,7.5182,0
0.32051,-1.7532,0.12968,-7.9645,7.3456,0
1.8401,-1.8045,0.1477,3.6411,8.6114,0
2.03,-1.548,0.19146,6.5994,7.734,0
0.51046,-1.1376,0.22364,-5.4613,8.1655,0
-0.34431,-1.3172,0.22235,-5.2337,7.6189,0
-1.1041,-1.0607,0.17988,7.282,7.3025,0
-2.6237,-0.82984,0.13483,3.6411,7.9641,0
-2.4337,-0.88114,0.093641,-6.8267,7.3888,0
0.035589,-1.0094,0.091067,-1.8203,8.4532,0
1.2702,-0.95809,0.10265,7.7372,7.8203,0
0.035589,-0.47075,0.096215,0.68281,8.1223,0
-0.34431,-0.23991,0.053741,-8.192,7.9066,0
1.4602,0.093531,0.025425,1.3655,7.2162,0
2.4099,0.067882,0.029286,7.282,7.8778,0
1.3652,-0.086014,0.053741,-3.1857,7.1299,0
0.51046,-0.62465,0.08077,-7.5093,7.9066,0
1.2702,-0.93244,0.064038,4.3238,7.5326,0
0.89035,-0.98374,0.042157,5.9167,7.3456,0
-0.15436,-0.4451,0.034435,-5.9164,7.6189,0
-1.0091,-0.23991,0.069186,-5.2337,6.8422,0
-0.15436,-0.3938,0.10394,5.9167,7.8059,0
2.03,-0.62465,0.15156,3.186,7.0004,0
2.8848,-1.0863,0.1979,-7.5093,7.36,0
2.22,-1.0863,0.22492,-3.4133,7.1587,0
1.2702,-0.77854,0.23908,6.3718,6.6552,0
0.32051,-0.599,0.26354,0.00013542,7.2306,0
0.60543,-0.85549,0.27641,-7.9645,6.5114,0
0.32051,-0.95809,0.25324,0.68281,7.4751,0
-0.91415,-0.77854,0.21978,7.0545,6.8998,0
-1.8639,-0.80419,0.20176,-3.1857,7.2018,0
-2.3388,-0.95809,0.20948,-7.5093,7.0724,0
-0.91415,-0.77854,0.19275,3.4135,6.3963,0
0.41548,-0.599,0.17988,5.4616,7.2737,0
0.7004,-0.57335,0.18502,-6.144,6.5402,0
0.32051,-0.5477,0.19661,-4.5511,7.6765,0
0.13056,-0.57335,0.20948,7.282,7.6045,0
0.13056,-0.80419,0.23007,3.186,7.921,0
-1.389,-0.6503,0.23779,-6.8267,8.6114,0
-2.5287,-0.57335,0.24938,-1.1377,8.0504,0
-2.4337,-0.034715,0.24552,7.7372,9.1436,0
-1.6739,-0.086014,0.25067,-0.9101,8.5826,0
-1.579,0.093531,0.21591,-8.6471,9.5175,0
-1.9589,0.22178,0.15156,2.2757,9.7333,0
-1.6739,0.29873,0.12582,7.282,9.5319,0
-0.15436,0.42697,0.15027,-3.4133,10.208,0
0.41548,0.27308,0.18374,-6.8267,9.3018,0
-0.24933,-0.034715,0.19403,4.7789,10.093,0
-0.62923,0.11918,0.19532,5.6891,9.5175,0
0.41548,0.45262,0.20819,-6.3715,9.6326,0
0.13056,0.58087,0.20304,-3.4133,9.9059,0
-0.34431,0.35002,0.22621,8.4198,9.3881,0
-0.059385,0.24743,0.26868,2.2757,10.438,0
1.0803,0.70911,0.25581,-7.5093,9.5751,0
2.5049,1.1452,0.22879,-1.5928,9.8052,0
3.5496,1.1452,0.18245,7.7372,8.971,0
2.7898,1.3247,0.16057,-0.22742,8.4819,0
0.7004,1.4273,0.15542,-7.7369,9.3018,0
-0.059385,1.5042,0.12711,1.1379,9.0717,0
-0.7242,1.7607,0.04087,6.5994,10.395,0
-0.62923,2.5815,-0.024771,-3.1857,9.6182,0
-0.059385,2.7354,-0.085264,-7.5093,9.4456,0
0.035589,2.4276,-0.14318,4.0962,9.0573,0
-0.059385,2.325,-0.13031,5.0064,8.1943,0
1.2702,2.2481,-0.11615,-6.3715,9.1723,0
3.1697,2.2481,-0.095561,-5.2337,8.6977,0
3.1697,2.0429,-0.032494,6.5994,9.7908,0
-0.15436,1.889,0.0099801,2.5033,9.4888,0
-1.389,1.812,-0.0028907,-7.0542,9.0429,0
-1.1041,1.889,-0.11358,-2.2755,8.8847,0
-1.6739,2.402,-0.23457,8.1923,7.6621,0
-1.8639,2.6328,-0.28476,0.45525,8.4532,0
0.035589,2.6328,-0.26674,-8.192,8.0073,0
1.1753,2.1968,-0.22298,1.8206,9.1436,0
0.32051,1.9146,-0.19982,7.5096,9.3306,0
0.22554,2.1455,-0.1612,-4.3235,9.0429,0
0.51046,2.4789,-0.14318,-7.0542,9.5607,0
0.035589,2.6585,-0.16764,5.9167,8.6258,0
0.13056,2.2224,-0.16635,4.5513,9.5463,0
0.7004,2.4276,-0.15734,-7.2818,8.9854,0
0.79538,2.6841,-0.15605,-3.8684,9.5032,0
1.4602,2.3763,-0.15477,7.7372,9.7189,0
1.5552,2.0685,-0.1419,1.3655,9.2299,0
1.0803,2.1711,-0.12388,-7.7369,10.064,0
0.32051,2.2224,-0.099422,-0.22742,9.0573,0
0.035589,1.9916,-0.080116,7.5096,9.7764,0
0.7004,1.4016,-0.06081,-0.9101,9.2299,0
0.79538,1.6068,-0.0518,-7.5093,9.1723,0
0.035589,1.812,-0.038929,4.0962,9.5319,0
0.13056,1.889,-0.035068,7.282,8.7265,0
0.7004,1.8633,-0.055661,-4.7786,9.6614,0
-0.34431,1.6325,-0.054374,-6.8267,8.971,0
-0.53425,1.0169,-0.026058,6.1442,9.6614,0
0.51046,1.4786,0.0061189,5.234,9.7189,0
0.7004,2.2737,-0.0518,-6.8267,9.3306,0
1.4602,2.3763,-0.12903,-3.8684,9.9778,0
2.22,2.0429,-0.14962,7.7372,9.0717,0
1.5552,1.9403,-0.11744,1.5931,10.035,0
1.7451,2.1198,-0.098135,-8.192,9.6038,0
1.6501,1.9659,-0.11744,-0.45498,10.064,0
0.41548,1.9403,-0.12002,7.5096,10.309,0
-1.0091,2.0942,-0.12903,-1.8203,9.5607,0
-1.294,1.7351,-0.14704,-8.4196,10.28,0
-0.91415,1.4786,-0.1818,3.6411,9.3162,0
-0.7242,1.4273,-0.22041,6.1442,9.9203,0
0.41548,1.7351,-0.23457,-4.7786,9.7477,0
1.9351,2.325,-0.25516,-5.6889,9.7189,0
2.22,2.3507,-0.30536,6.1442,10.424,0
1.7451,1.5042,-0.32981,3.4135,9.6182,0
0.98533,1.1195,-0.32852,-7.2818,10.496,0
0.89035,1.0682,-0.34397,-3.1857,9.6182,0
1.4602,1.299,-0.3311,7.282,10.078,0
0.7004,1.6325,-0.31179,0.45525,10.28,0
0.32051,1.3247,-0.31437,-7.9645,9.8771,0
1.8401,1.6068,-0.3105,0.68281,10.726,0
2.125,1.7607,-0.30407,6.3718,9.6038,0
0.22554,1.299,-0.31565,-2.7306,10.208,0
-1.1041,1.0939,-0.33239,-6.3715,9.7045,0
-0.43928,1.0426,-0.35555,4.3238,9.7621,0
-0.15436,1.0682,-0.35941,5.4616,10.107,0
-0.34431,1.0426,-0.3311,-6.144,9.3737,0
-1.7689,0.73476,-0.25773,-5.4613,10.28,0
-2.3388,0.91431,-0.21655,7.0545,9.4025,0
-0.91415,0.96561,-0.19982,2.7309,10.064,0
-0.24933,0.24743,-0.19338,-7.0542,9.5751,0
0.51046,0.35002,-0.17407,-0.45498,8.9566,0
0.89035,0.32437,-0.16893,7.282,9.1723,0
1.2702,0.24743,-0.15992,-1.1377,8.0936,0
2.03,0.17048,-0.13031,-6.5991,8.971,0
1.0803,-0.599,-0.0917,4.0962,8.4532,0
0.32051,-0.88114,-0.050513,5.4616,9.086,0
1.3652,-0.98374,-0.045365,-6.144,9.5463,0
2.22,-1.0094,-0.023484,-5.9164,9.273,0
1.6501,-0.98374,-0.013187,6.8269,10.122,0
0.51046,-0.75289,-0.010613,3.4135,8.9854,0
0.7004,-0.599,0.027999,-7.9645,9.4312,0
1.2702,-0.82984,0.057602,-1.8203,8.8271,0
0.98533,-0.98374,0.057602,8.1923,8.8991,0
0.7004,-0.4964,0.057602,0.00013542,9.4312,0
0.7004,-0.23991,0.04988,-7.7369,8.7408,0
0.79538,-0.52205,0.038296,1.5931,9.3162,0
0.7004,-0.67595,0.029286,6.5994,7.9929,0
0.60543,0.042233,0.029286,-3.4133,7.9929,0
0.7004,0.50392,-0.00031657,-6.8267,7.6045,0
0.79538,0.35002,-0.047939,4.5513,7.2881,0
0.13056,0.042233,-0.090413,6.1442,8.41,0
0.79538,-0.4451,-0.1213,-6.5991,8.036,0
1.3652,-0.11166,-0.13031,-5.2337,9.3881,0
0.98533,-0.34251,-0.13417,6.5994,8.784,0
0.89035,-0.5477,-0.10972,2.2757,9.1436,0
0.7004,-0.599,-0.092987,-8.6471,9.5751,0
0.98533,-0.57335,-0.083977,-2.0479,9.6614,0
0.32051,-0.62465,-0.11487,7.7372,11.416,0
-1.0091,-0.5477,-0.18051,-0.9101,11.344,0
-0.81917,-0.31686,-0.2217,-7.9645,12.236,0
0.79538,-0.23991,-0.22041,3.186,11.258,0
0.79538,-0.6503,-0.17922,6.5994,10.28,0
-1.294,-0.41945,-0.13675,-4.5511,10.093,0
-1.8639,-0.4964,-0.10586,-6.144,9.273,0
-1.1991,-0.77854,-0.073681,5.234,10.539,0
-0.91415,-0.47075,-0.080116,4.7789,10.352,0
-0.7242,-0.4964,-0.087839,-6.5991,11.143,0
-0.62923,-0.5477,-0.077542,-3.6408,11.287,0
-1.1991,-0.29121,-0.06081,8.1923,10.783,0
-2.4337,0.093531,-0.032494,1.3655,11.431,0
-2.9086,0.19613,-0.064671,-7.7369,10.409,0
-1.9589,-0.060364,-0.095561,0.68281,11.431,0
-0.91415,-0.6503,-0.10972,8.6474,11.244,0
-0.15436,-0.85549,-0.11229,-0.9101,11.431,0
0.51046,-0.5477,-0.102,-8.4196,11.804,0
0.32051,-0.18861,-0.10714,3.186,11.057,0
-0.7242,-0.36816,-0.11487,7.0545,11.905,0
-1.1991,-0.31686,-0.13932,-4.0959,11.085,0
-1.6739,-0.21426,-0.14962,-6.3715,11.618,0
-1.0091,-0.67595,-0.1419,5.4616,11.2,0
-0.81917,-0.90679,-0.14962,4.0962,10.568,0
-1.389,-0.4451,-0.16635,-7.5093,10.97,0
-0.81917,0.29873,-0.15992,-3.6408,10.078,0
-0.62923,0.32437,-0.1316,7.0545,11.157,0
-0.7242,-0.0090658,-0.10972,1.8206,10.769,0
0.035589,-0.47075,-0.10714,-8.6471,11.359,0
0.60543,-0.5477,-0.086552,-0.9101,11.445,0
0.13056,-0.36816,-0.059523,7.7372,10.553,0
-0.43928,-0.4964,-0.054374,-1.3652,10.855,0
-0.91415,-0.599,-0.037642,-7.9645,9.4888,0
-1.0091,-0.29121,-0.032494,2.7309,9.9059,0
-1.8639,0.042233,-0.032494,5.4616,9.086,0
-1.389,0.17048,-0.035068,-5.2337,8.41,0
-0.91415,-0.26556,-0.072394,-6.3715,8.41,0
0.51046,-0.4964,-0.099422,6.5994,7.6045,0
1.4602,-0.34251,-0.11101,4.0962,9.0717,0
0.32051,0.27308,-0.098135,-7.5093,9.2299,0
-0.059385,0.067882,-0.072394,-3.1857,10.841,0
0.79538,-0.086014,-0.078829,7.7372,12.107,0
2.03,0.042233,-0.0917,1.1379,12.61,0
2.125,0.22178,-0.11744,-7.7369,14.278,0
0.7004,0.47827,-0.1316,0.68281,14.106,0
-0.43928,0.65782,-0.13031,7.7372,15.458,0
-0.15436,0.37567,-0.12259,-2.7306,15.544,0
0.41548,0.24743,-0.12774,-7.5093,16.292,0
0.22554,-0.034715,-0.102,4.0962,17.126,0
-1.1041,0.067882,-0.046652,5.9167,16.738,0
-1.7689,0.22178,-0.058236,-5.6889,17.472,0
-1.484,-0.060364,-0.078829,-5.4613,16.292,0
-0.91415,-0.6503,-0.10328,6.8269,16.652,0
0.41548,-0.7016,-0.11101,3.6411,16.278,0
1.2702,-0.34251,-0.11358,-7.2818,15.918,0
0.32051,0.042233,-0.098135,-1.5928,16.364,0
-0.91415,-0.29121,-0.092987,7.282,15.242,0
-0.15436,-0.29121,-0.10714,0.45525,15.947,0
1.1753,-0.23991,-0.12516,-7.5093,14.811,0
0.89035,-0.6503,-0.13675,2.2757,14.293,0
0.22554,-0.4451,-0.098135,8.1923,13.516,0
-0.43928,-0.31686,-0.046652,-1.8203,12.135,0
0.41548,-0.72725,-0.059523,-6.3715,12.481,0
1.2702,-1.112,-0.12645,4.5513,11.013,0
-0.24933,-0.82984,-0.12388,5.0064,11.085,0
-1.6739,-0.6503,-0.065958,-6.5991,9.5175,0
-1.484,-1.112,-0.026058,-5.2337,8.5682,0
-1.294,-1.3428,-0.0016037,7.282,8.1367,0
-2.5287,-1.4454,0.0086931,3.4135,7.3744,0
-2.6237,-1.1633,0.034435,-6.8267,8.6833,0
-2.2438,-1.0094,0.035722,-2.0479,8.0936,0
-1.1041,-0.98374,0.016416,7.7372,8.5395,0
0.22554,-0.93244,0.00097052,0.2277,7.5758,0
-0.53425,-0.80419,0.01899,-7.9645,6.6696,0
-1.6739,-1.1376,0.064038,2.0482,6.871,0
-1.484,-1.5993,0.096215,7.0545,6.1087,0
-0.81917,-1.4711,0.098789,-3.6408,7.4176,0
-0.24933,-1.2402,0.094928,-6.8267,7.2306,0
0.60543,-1.2659,0.079483,4.7789,7.9641,0
-0.43928,-1.1889,0.07176,5.0064,8.108,0
-0.53425,-1.0607,0.083344,-6.3715,7.2306,0
-0.15436,-0.93244,0.08077,-4.5511,7.5039,0
-0.43928,-0.98374,0.074335,7.282,6.1087,0
-1.1041,-0.75289,0.087205,2.2757,6.6409,0
-1.6739,-0.88114,0.10394,-8.192,6.497,0
-1.6739,-0.95809,0.12582,-0.45498,6.8135,0
-1.484,-0.77854,0.14384,8.1923,7.6189,0
-1.484,-0.82984,0.14255,-1.3652,6.8278,0
0.22554,-0.98374,0.15027,-7.7369,7.1299,0
3.4546,-1.035,0.16572,4.0962,5.5046,0
4.0245,-1.2659,0.14899,5.9167,5.2025,0
2.125,-1.112,0.13869,-5.9164,4.9724,0
-0.059385,-1.035,0.13225,-5.2337,4.8573,0
-1.1991,-1.0607,0.12196,6.8269,6.1662,0
0.32051,-0.98374,0.10008,3.6411,5.821,0
1.4602,-0.4964,0.07176,-7.0542,6.8854,0
-0.059385,-0.72725,0.015128,-2.0479,6.2237,0
-1.9589,-1.2146,-0.044078,8.1923,6.2237,0
-2.1488,-1.112,-0.10457,0.00013542,6.4107,0
-2.0538,-0.82984,-0.12516,-8.192,6.4251,0
-2.2438,-0.88114,-0.102,1.3655,8.6689,0
-2.1488,-0.7016,-0.047939,7.5096,9.3737,0
-2.2438,-0.62465,-0.022197,-3.1857,11.2,0
-0.81917,-0.77854,-0.078829,-7.0542,11.128,0
-0.24933,-0.4451,-0.12903,5.9167,10.625,0
-0.62923,-0.26556,-0.13417,5.0064,10.74,0
0.13056,-0.4964,-0.092987,-6.8267,9.6901,0
0.035589,-0.4964,-0.014475,-5.0062,10.668,0
-0.43928,-0.34251,0.031861,6.8269,10.107,0
0.035589,-0.4964,0.024138,1.5931,10.51,0
0.51046,-1.0094,-0.010613,-9.1023,10.237,0
-0.34431,-1.035,0.00097052,-0.45498,9.2155,0
-1.579,-0.72725,0.034435,7.9647,9.3018,0
-0.91415,-0.62465,0.076909,-2.503,7.6477,0
0.7004,-0.5477,0.14126,-7.7369,7.8059,0
1.4602,-0.13731,0.15542,2.9584,7.0004,0
1.0803,-0.086014,0.11166,6.5994,7.173,0
0.13056,0.14483,0.016416,-5.9164,7.7052,0
-0.15436,0.47827,-0.08269,-7.0542,7.0436,0
-0.7242,0.60652,-0.13289,5.4616,7.734,0
-0.62923,0.55522,-0.1213,4.0962,6.4826,0
-0.7242,0.40132,-0.063384,-7.2818,6.9429,0
0.035589,-0.0090658,-0.017049,-3.8684,6.9717,0
0.51046,-0.11166,0.0048318,7.7372,7.1011,0
0.7004,0.016583,0.0099801,2.0482,7.8347,0
0.98533,-0.060364,0.033148,-7.9645,6.7272,0
0.7004,-0.13731,0.0061189,-1.1377,7.2162,0
0.32051,0.042233,-0.058236,7.5096,6.2381,0
-0.24933,0.22178,-0.081403,-0.45498,6.5833,0
0.32051,0.24743,-0.054374,-7.9645,7.1299,0
1.8401,0.22178,-0.019623,2.9584,7.3169,0
1.5552,0.24743,0.04087,6.3718,8.9278,0
1.5552,-0.034715,0.087205,-4.3235,8.5107,0
1.3652,-0.4451,0.11423,-5.0062,9.2299,0
0.98533,-0.26556,0.065325,6.3718,8.2949,0
0.89035,0.27308,-0.0080391,3.8687,7.6765,0
0.13056,0.042233,-0.018336,-7.0542,7.7484,0
-0.24933,0.11918,-0.0080391,-1.5928,7.2018,0
-0.62923,0.42697,0.042157,7.7372,8.6114,0
-1.1991,0.58087,0.085918,0.68281,8.1655,0
-0.7242,0.37567,0.083344,-7.7369,8.9134,0
-0.91415,-0.034715,0.060177,1.5931,8.5682,0
-1.0091,-0.18861,0.029286,6.5994,7.9354,0
-1.0091,-0.47075,0.039583,-4.3235,8.6114,0
1.0803,-0.599,0.044732,-6.3715,8.0792,0
3.1697,-0.82984,0.051167,5.234,9.3449,0
2.6949,-0.67595,0.062751,5.4616,8.4963,0
0.60543,-0.4451,0.065325,-6.8267,8.3956,0
-0.53425,-0.67595,0.057602,-5.0062,7.9785,0
-0.15436,-0.93244,0.069186,7.282,7.4751,0
0.41548,-1.2402,0.094928,2.7309,8.6833,0
0.32051,-1.3428,0.10909,-8.192,8.5107,0
-0.24933,-1.112,0.10008,-2.0479,10.035,0
-0.15436,-1.0094,0.096215,7.282,10.352,0
-0.059385,-0.98374,0.10651,-0.9101,10.798,0
-0.43928,-0.7016,0.12582,-7.7369,11.431,0
-0.53425,-0.13731,0.14384,3.186,10.553,0
-0.15436,-0.34251,0.1374,7.0545,10.927,0
0.51046,0.016583,0.10909,-4.5511,9.5032,0
0.60543,0.32437,0.082057,-6.5991,8.971,0
0.32051,-0.4451,0.031861,6.1442,7.7771,0
-0.53425,-0.88114,-0.033781,4.7789,6.1806,0
0.7004,-0.95809,-0.038929,-6.8267,6.0799,0
1.0803,-0.75289,-0.015762,-5.0062,4.7422,0
0.32051,-0.4451,0.022851,7.5096,5.4327,0
-1.1991,-0.47075,0.043444,2.5033,4.5696,0
-1.389,-0.4964,0.026712,-8.4196,4.3395,0
-0.91415,-0.060364,0.020277,-2.7306,3.8361,0
-0.15436,0.65782,0.052454,7.5096,2.6279,0
2.315,0.96561,0.076909,0.45525,3.1601,0
2.9798,0.76041,0.064038,-7.9645,2.4409,0
1.1753,0.42697,0.046019,2.0482,3.7642,0
0.41548,0.50392,0.05889,7.7372,4.1094,0
0.035589,0.32437,0.069186,-2.9581,4.771,0
-0.24933,0.016583,0.070473,-6.8267,5.821,0
-0.7242,0.093531,0.074335,5.4616,5.4183,0
0.035589,0.17048,0.11037,6.5994,6.7847,0
0.41548,0.19613,0.15156,-5.6889,6.2525,0
1.4602,-0.034715,0.15928,-5.0062,7.3025,0
2.6949,0.14483,0.18245,7.5096,7.6621,0
3.6446,0.68346,0.20433,3.4135,7.6765,0
3.2647,0.93996,0.21463,-7.7369,8.6401,0
2.6949,0.52957,0.21077,-1.8203,7.6621,0
2.5049,0.29873,0.17859,7.282,8.2949,0
1.7451,0.27308,0.12196,-0.22742,7.4463,0
0.7004,0.19613,0.11295,-7.2818,7.3888,0
-0.91415,0.24743,0.11681,2.2757,7.4895,0
-1.8639,0.27308,0.16572,7.5096,6.7559,0
-0.53425,-0.034715,0.17215,-3.8684,7.5614,0
0.41548,0.47827,0.13869,-7.2818,6.6409,0
0.035589,1.0426,0.065325,4.3238,7.1011,0
-0.43928,0.88866,-0.0041778,5.0064,6.5546,0
-0.62923,0.37567,-0.06081,-7.5093,5.7922,0
-0.53425,0.24743,-0.072394,-5.6889,5.821,0
-1.389,0.19613,-0.046652,6.5994,4.4977,0
-1.8639,0.24743,-0.0080391,2.0482,5.0443,0
-1.1041,-0.36816,0.031861,-8.4196,4.1525,0
0.41548,-0.47075,0.057602,-2.0479,4.2532,0
0.60543,0.42697,0.042157,7.282,4.095,0
0.98533,0.35002,0.007406,-0.22742,2.9587,0
0.79538,-0.23991,-0.02992,-7.7369,3.1601,0
0.32051,-0.0090658,-0.035068,1.1379,1.7649,0
0.22554,0.14483,-0.006752,6.5994,2.0382,0
0.7004,-0.034715,0.033148,-3.8684,1.2039,0
0.13056,-0.41945,0.047306,-6.3715,0.54229,0
-0.81917,-0.34251,0.025425,5.0064,0.44161,0
-0.81917,-0.4451,0.053741,4.5513,-0.95358,0
0.32051,-0.36816,0.12067,-6.5991,-0.57961,0
0.32051,-0.41945,0.14512,-4.0959,-1.5289,0
0.035589,-0.29121,0.13097,7.0545,-0.62276,0
0.60543,-0.23991,0.14512,1.8206,-0.004278,0
0.41548,-0.23991,0.16314,-7.5093,0.44161,0
0.22554,-0.18861,0.16057,-0.45498,1.5347,0
1.7451,-0.21426,0.11938,7.0545,0.85873,0
2.7898,0.042233,0.10394,-1.3652,1.8656,0
1.7451,-0.11166,0.14641,-7.5093,1.3046,0
0.51046,-0.4451,0.2069,3.186,2.2108,0
-0.15436,-0.23991,0.23522,7.0545,2.9875,0
0.035589,0.016583,0.26225,-5.0062,3.2176,0
1.1753,-0.086014,0.27383,-5.6889,4.7422,0
1.9351,-0.11166,0.2275,5.9167,4.3251,0
1.6501,-0.16296,0.17988,4.3238,5.1737,0
0.89035,-0.18861,0.14899,-6.5991,4.469,0
1.1753,-0.21426,0.12324,-4.0959,3.6347,0
0.89035,-0.18861,0.11295,7.282,3.4046,0
1.5552,-0.21426,0.088493,0.91037,2.1388,0
1.5552,-0.16296,0.085918,-8.192,3.1457,0
-0.15436,0.067882,0.065325,0.45525,2.671,0
-1.6739,0.22178,0.024138,7.282,3.606,0
-0.15436,0.19613,-0.023484,-2.2755,3.9655,0
2.03,-0.034715,-0.031207,-7.7369,3.6203,0
2.315,0.11918,-0.0080391,3.186,4.4546,0
1.2702,0.47827,-0.0119,5.9167,3.606,0
0.7004,0.35002,-0.046652,-6.3715,4.7279,0
0.60543,-0.0090658,-0.073681,-6.8267,4.6703,0
0.98533,0.11918,-0.037642,6.3718,5.3463,0
0.32051,0.65782,0.0048318,3.186,6.2813,0
-0.34431,0.96561,-0.0054649,-7.5093,5.9505,0
-0.62923,0.99126,-0.059523,-3.6408,7.173,0
-1.1991,1.299,-0.13417,6.8269,6.5546,0
-1.8639,1.4016,-0.19467,0.91037,7.6045,0
-2.0538,1.4529,-0.2114,-9.3298,7.7196,0
-0.91415,1.1452,-0.2011,-0.22742,7.7771,0
-0.24933,0.76041,-0.17279,7.5096,8.6545,0
-1.294,0.37567,-0.1213,-1.3652,8.1223,0
-1.8639,0.24743,-0.12388,-7.7369,9.3593,0
-1.484,-0.034715,-0.13546,3.4135,9.0141,0
-1.0091,0.093531,-0.13031,6.5994,9.5319,0
-1.294,0.19613,-0.1213,-5.2337,9.8771,0
-1.7689,0.47827,-0.12259,-5.4613,9.3018,0
-0.24933,0.55522,-0.12259,7.0545,10.337,0
2.125,0.58087,-0.12645,2.9584,9.8052,0
2.8848,0.60652,-0.11615,-7.2818,10.956,0
2.5999,0.32437,-0.078829,-0.9101,11.042,0
1.2702,-0.0090658,-0.056948,7.9647,10.97,0
0.60543,-0.21426,-0.067245,0.2277,11.546,0
-0.15436,0.093531,-0.10714,-7.2818,10.438,0
-0.34431,0.19613,-0.11487,2.2757,11.143,0
-1.294,0.24743,-0.10071,7.282,10.424,0
-1.294,0.73476,-0.080116,-3.6408,11.172,0
-0.34431,0.70911,-0.049226,-7.7369,11.905,0
0.41548,0.60652,-0.040216,4.7789,12.207,0
0.89035,0.37567,-0.081403,5.4616,13.732,0
0.98533,0.47827,-0.11744,-7.0542,13.559,0
0.89035,0.35002,-0.10328,-4.3235,14.767,0
0.51046,0.50392,-0.074968,7.282,13.962,0
0.13056,0.60652,-0.069819,2.7309,13.344,0
-1.484,0.016583,-0.098135,-8.4196,12.998,0
-2.4337,-0.16296,-0.14962,-0.45498,11.934,0
-1.1041,-0.18861,-0.19595,7.282,13.013,0
-0.53425,0.11918,-0.22427,-2.7306,12.754,0
0.13056,0.63217,-0.22427,-7.2818,13.818,0
1.5552,0.96561,-0.22684,3.8687,13.588,0
2.5049,1.0426,-0.18308,6.1442,12.912,0
3.1697,0.70911,-0.10972,-5.9164,13.113,0
3.5496,0.65782,-0.04279,-6.3715,12.121,0
2.6949,0.11918,-0.015762,5.4616,13.214,0
0.7004,0.11918,-0.0080391,3.8687,12.552,0
-0.91415,-0.11166,0.030574,-7.2818,12.711,0
-1.484,-0.6503,0.097502,-4.0959,12.078,0
0.89035,-0.18861,0.1078,6.8269,10.927,0
2.315,0.17048,0.074335,0.2277,11.661,0
1.7451,-0.0090658,0.044732,-7.9645,11.272,0
0.60543,-0.16296,0.048593,-0.68254,12.783,0
-0.34431,-0.16296,0.08978,7.5096,12.682,0
-0.62923,-0.4964,0.10651,-1.8203,12.898,0
-0.53425,-0.599,0.08978,-7.5093,13.027,0
-1.389,-1.0607,0.10008,4.5513,12.02,0
-1.6739,-0.88114,0.10136,5.9167,12.811,0
-2.0538,-0.41945,0.092354,-5.0062,12.063,0
-1.579,-0.18861,0.064038,-4.7786,12.984,0
-0.91415,-0.16296,0.020277,6.5994,12.97,0
-0.7242,-0.18861,0.033148,2.9584,12.739,0
-0.059385,-0.13731,0.031861,-7.0542,13.3,0
0.41548,0.11918,0.01899,-2.0479,12.524,0
0.7004,0.52957,0.039583,7.5096,13.588,0
0.7004,0.58087,0.073047,0.91037,13.027,0
0.89035,0.63217,0.074335,-7.2818,13.272,0
1.5552,0.42697,0.035722,0.91037,12.854,0
1.6501,0.76041,-0.036355,6.8269,11.315,0
1.0803,1.2734,-0.102,-2.9581,10.913,0
1.4602,1.4273,-0.15863,-7.0542,8.8847,0
1.8401,1.1965,-0.241,4.3238,8.9278,0
1.1753,1.0939,-0.37229,5.9167,8.1943,0
-0.15436,1.6068,-0.49456,-5.6889,7.7915,0
-0.62923,2.0429,-0.57693,-5.0062,7.7484,0
-0.62923,2.2737,-0.60654,7.282,6.3388,0
-0.34431,2.838,-0.6104,2.7309,6.6121,0
-0.53425,3.8127,-0.58594,-8.192,5.2169,0
-1.389,3.7357,-0.51901,-1.5928,5.3032,0
-1.389,3.2227,-0.45852,7.9647,4.9292,0
0.035589,2.1198,-0.44308,-0.68254,4.4258,0
1.7451,1.3503,-0.43664,-8.4196,5.5477,0
0.98533,1.2734,-0.37486,1.8206,4.9148,0
0.51046,1.4786,-0.28348,6.1442,5.5046,0
0.7004,1.6325,-0.20625,-5.0062,4.3539,0
0.7004,1.5042,-0.14576,-7.7369,3.3327,0
0.89035,0.63217,-0.1213,5.234,2.6135,0
0.13056,-0.77854,-0.12516,4.7789,1.0889,0
-0.34431,-1.5993,-0.099422,-7.9645,1.6786,0
-0.059385,-2.1123,-0.0028907,-3.8684,0.84434,0
-0.059385,-2.4201,0.11423,6.8269,1.3621,0
-1.0091,-2.1123,0.20304,1.8206,1.2183,0
-1.389,-1.8815,0.21849,-8.4196,0.80119,0
-0.91415,-2.138,0.23136,-0.22742,1.2902,0
-0.62923,-2.2406,0.24037,7.0545,-0.19126,0
-0.059385,-2.5483,0.25324,-1.8203,-0.39263,0
0.51046,-2.3944,0.32274,-7.5093,-2.1043,0
0.32051,-2.2919,0.3871,2.9584,-2.6508,0
-0.53425,-2.5483,0.35106,6.5994,-2.9529,0
-1.294,-2.3688,0.32918,-5.0062,-4.2761,0
-1.579,-2.2919,0.34977,-6.3715,-4.5063,0
-0.24933,-2.2662,0.41155,5.4616,-6.3761,0
0.41548,-2.2919,0.47591,4.7789,-6.0309,0
-0.34431,-2.2406,0.49779,-6.144,-5.5275,0
-2.2438,-2.1893,0.50937,-3.8684,-4.4631,0
-1.484,-1.5224,0.51452,6.8269,-2.4207,0
0.035589,-1.3685,0.49521,2.5033,-2.2769,0
1.3652,-1.3685,0.43601,-8.192,-0.80975,0
2.03,-1.4454,0.36393,-1.1377,-1.5865,0
1.6501,-1.4967,0.37037,7.7372,-2.0036,0
1.2702,-1.3428,0.44244,-1.3652,-2.7515,0
1.5552,-0.88114,0.47076,-8.192,-4.0316,0
1.2702,-0.57335,0.47076,3.8687,-3.2981,0
0.98533,-0.36816,0.42957,6.1442,-3.6145,0
1.4602,-0.21426,0.39611,-5.4613,-1.3995,0
1.3652,-0.18861,0.37165,-5.6889,0.067639,0
0.60543,-0.23991,0.35106,5.6891,1.4197,0
-0.059385,-0.16296,0.31502,3.6411,2.3115,0
0.13056,-0.21426,0.26354,-7.5093,0.88749,0
-0.059385,-0.18861,0.20433,-4.0959,0.57106,0
1.2702,-0.16296,0.14255,7.7372,-1.2125,0
1.4602,-0.18861,0.091067,0.91037,-0.79537,0
1.1753,-0.18861,0.017703,-8.4196,-0.13373,0
0.98533,-0.16296,-0.068532,-0.22742,0.74366,0
0.22554,0.042233,-0.12903,7.0545,2.5704,0
-0.43928,-0.086014,-0.17793,-2.9581,2.0957,0
-0.059385,-0.086014,-0.22942,-8.192,2.6423,0
-0.7242,0.55522,-0.241,3.186,1.6067,0
-1.1991,1.1965,-0.2513,6.3718,1.6498,0
0.13056,1.4016,-0.25902,-4.3235,2.4553,0
0.51046,1.4529,-0.28219,-5.2337,2.858,0
0.41548,1.4529,-0.28219,5.9167,4.771,0
1.6501,1.376,-0.26674,3.186,4.5553,0
2.6949,0.99126,-0.22041,-7.9645,5.821,0
2.5049,1.1708,-0.14447,-2.503,6.0511,0
1.0803,1.3503,-0.041503,7.5096,6.2525,0
-0.7242,0.70911,0.061464,0.68281,7.0004,0
-1.1991,-0.23991,0.10136,-7.7369,6.0655,0
0.13056,-0.52205,0.092354,1.3655,6.6409,0
1.1753,-0.086014,0.046019,7.282,5.5046,0
0.32051,0.067882,-0.006752,-2.7306,5.6053,0
0.13056,-0.34251,-0.02091,-6.8267,5.6484,0
0.60543,-0.599,-0.0119,5.234,5.5909,0
0.13056,-1.1633,0.066612,5.234,7.0148,0
0.32051,-1.3941,0.15156,-6.3715,7.0148,0
1.3652,-1.6506,0.18502,-3.4133,8.7984,0
0.79538,-1.7789,0.16057,7.7372,9.1148,0
-0.81917,-1.8558,0.1477,2.0482,9.647,0
-1.1041,-1.7789,0.11938,-7.7369,9.8627,0
-0.15436,-1.035,0.085918,0.2277,8.8847,0
0.60543,-0.16296,0.097502,8.4198,9.7764,0
0.32051,0.093531,0.10909,-1.1377,9.3018,0
-1.1991,-0.5477,0.096215,-7.5093,10.424,0
-0.91415,-0.6503,0.043444,2.7309,10.496,0
-0.24933,-0.31686,-0.0093262,7.0545,9.834,0
-1.1991,0.29873,-0.024771,-4.5511,9.647,0
-0.53425,0.55522,-0.0041778,-6.5991,7.7484,0
0.32051,0.65782,0.021564,5.6891,7.7915,0
0.60543,0.91431,0.053741,5.234,6.871,0
0.035589,0.99126,0.069186,-6.5991,7.3888,0
-0.059385,1.0169,0.05889,-5.2337,8.0792,0
0.51046,1.0682,0.007406,7.0545,8.0936,0
0.98533,1.0169,-0.11101,2.7309,9.3593,0
0.7004,0.81171,-0.20882,-7.7369,8.9422,0
0.7004,0.68346,-0.2217,-2.7306,10.294,0
0.79538,1.4529,-0.23714,7.7372,10.222,0
0.79538,1.9916,-0.27575,-1.1377,10.438,0
-0.24933,1.9916,-0.33367,-8.8747,10.884,0
-0.91415,1.889,-0.371,2.2757,10.194,0
-1.0091,2.3507,-0.40446,7.0545,11.071,0
-0.15436,2.325,-0.40575,-4.3235,10.323,0
0.51046,2.0172,-0.40318,-6.5991,11.546,0
0.60543,1.8633,-0.36456,5.4616,12.423,0
0.22554,1.6068,-0.3311,4.5513,13.344,0
0.13056,1.4529,-0.27575,-7.2818,14.552,0
0.60543,1.9403,-0.24744,-4.7786,13.617,0
0.79538,1.7094,-0.26803,7.5096,14.034,0
0.7004,1.812,-0.32209,1.8206,12.739,0
0.13056,1.5555,-0.3504,-7.2818,12.538,0
-0.43928,1.1965,-0.3105,-0.9101,12.193,0
-0.62923,1.0682,-0.27575,7.5096,11.301,0
0.035589,0.99126,-0.26031,-1.3652,11.991,0
-0.059385,0.99126,-0.23972,-7.7369,10.841,0
-0.91415,0.73476,-0.15863,3.4135,11.488,0
-1.389,0.17048,-0.033781,6.8269,11.287,0
-0.7242,0.067882,0.067899,-4.3235,11.459,0
0.035589,0.14483,0.12839,-6.144,11.848,0
1.2702,-0.086014,0.13611,6.5994,10.467,0
2.03,-0.6503,0.12196,4.0962,10.51,0
2.22,-0.6503,0.078196,-7.9645,8.9854,0
2.6949,-0.21426,0.060177,-2.9581,9.3018,0
2.22,-0.31686,0.091067,7.7372,9.1292,0
0.79538,-0.36816,0.13611,1.3655,9.158,0
-0.34431,-0.4964,0.14899,-8.192,10.395,0
-0.059385,-0.75289,0.15928,0.68281,10.05,0
-0.059385,-0.62465,0.19275,7.0545,10.898,0
-1.0091,-0.62465,0.17473,-3.6408,9.4312,0
-0.53425,-0.36816,0.14641,-7.7369,8.4532,0
0.22554,-0.21426,0.11295,3.8687,7.5326,0
-0.34431,-0.18861,0.098789,5.0064,6.0943,0
-0.62923,-0.11166,0.094928,-6.144,6.5114,0
1.0803,-0.41945,0.08978,-5.6889,5.7059,0
1.4602,-0.29121,0.052454,5.9167,6.7415,0
0.98533,-0.23991,-0.0016037,2.7309,6.6984,0
0.22554,0.093531,-0.047939,-7.7369,6.5546,0
-1.294,0.17048,-0.081403,-2.503,6.7559,0
-0.7242,0.27308,-0.11744,7.9647,5.4758,0
0.89035,0.50392,-0.15219,0.2277,5.9792,0
0.7004,0.86301,-0.1316,-8.4196,5.0874,0
-0.62923,0.73476,-0.078829,1.3655,5.447,0
-1.294,-0.11166,-0.056948,5.9167,5.3607,0
-0.81917,-0.4964,-0.067245,-4.5511,4.4546,0
0.60543,-0.086014,-0.099422,-6.8267,4.6703,0
1.2702,0.19613,-0.16249,5.6891,3.3758,0
0.89035,0.47827,-0.19982,4.0962,3.9224,0
0.89035,0.63217,-0.19853,-6.3715,3.3902,0
0.98533,0.60652,-0.17793,-3.1857,3.2751,0
0.7004,0.65782,-0.17279,6.8269,3.4765,0
2.03,0.35002,-0.20625,2.0482,2.3978,0
2.125,0.47827,-0.18952,-8.192,2.8436,0
1.2702,0.27308,-0.14318,0.2277,1.7505,0
1.0803,-0.0090658,-0.12259,7.282,2.4409,0
0.79538,-0.13731,-0.12903,-1.5928,2.6423,0
0.7004,0.14483,-0.14318,-7.5093,2.5704,0
0.89035,0.42697,-0.15091,3.6411,3.2464,0
0.79538,0.52957,-0.15219,6.5994,2.1532,0
0.22554,0.35002,-0.1715,-4.7786,2.7142,0
0.035589,0.067882,-0.17279,-6.144,1.9662,0
0.60543,0.29873,-0.17665,6.8269,2.1964,0
0.79538,0.58087,-0.16893,4.5513,2.743,0
-0.34431,0.37567,-0.21783,-7.0542,2.3115,0
-1.294,0.29873,-0.23843,-3.4133,3.4334,0
-0.7242,0.68346,-0.22813,7.282,2.7142,0
-0.059385,0.14483,-0.23071,0.91037,3.1888,0
0.51046,0.19613,-0.27318,-7.9645,2.3546,0
0.79538,0.96561,-0.29249,-0.22742,1.1176,0
0.51046,1.0426,-0.26674,7.5096,1.132,0
-0.34431,0.58087,-0.17922,-2.0479,0.28339,0
0.22554,0.19613,-0.056948,-8.4196,1.8656,0
0.60543,-0.086014,0.01899,2.9584,2.0669,0
0.89035,-0.62465,0.035722,6.5994,3.2032,0
0.035589,-0.67595,0.060177,-4.3235,3.7498,0
-0.43928,-0.93244,0.11037,-6.8267,2.7717,0
0.22554,-1.035,0.15285,5.234,2.7142,0
0.035589,-1.2146,0.18502,4.3238,0.88749,0
-0.62923,-0.85549,0.19403,-7.5093,0.93064,0
-0.24933,-0.6503,0.17215,-4.3235,0.38407,0
1.2702,-0.3938,0.17215,7.282,0.41284,0
1.4602,-0.23991,0.15156,1.8206,1.2902,0
0.89035,-0.3938,0.12324,-7.5093,0.93064,0
0.32051,-0.5477,0.085918,-1.3652,2.2539,0
-0.43928,-0.34251,0.035722,7.0545,1.7217,0
-0.7242,0.067882,0.00097052,-0.45498,2.2539,0
-0.53425,0.14483,-0.0080391,-7.9645,1.8368,0
-0.15436,-0.060364,0.0048318,1.8206,1.0169,0
0.035589,-0.7016,0.04988,6.5994,1.4772,0
-0.91415,-0.88114,0.075622,-4.7786,0.71489,0
-1.7689,-0.77854,0.092354,-6.8267,2.2252,0
-0.91415,-0.3938,0.079483,5.6891,2.4553,0
0.79538,-0.21426,0.07176,3.8687,3.6347,0
1.2702,0.63217,0.046019,-7.0542,4.2964,0
0.41548,1.2477,0.016416,-2.0479,3.8361,0
-0.7242,1.5555,-0.031207,7.5096,4.397,0
-0.62923,0.73476,-0.1419,0.45525,3.2176,0
0.41548,-0.34251,-0.2513,-8.4196,3.8361,0
0.89035,0.11918,-0.36585,0.2277,3.4334,0
0.7004,0.78606,-0.43535,7.5096,3.4477,0
0.41548,0.76041,-0.44822,-1.8203,3.9512,0
0.22554,0.63217,-0.45852,-7.2818,2.9012,0
1.3652,0.55522,-0.43921,3.6411,3.2464,0
2.125,0.40132,-0.38644,6.3718,1.8224,0
1.6501,0.19613,-0.34268,-5.9164,2.0094,0
1.6501,-0.29121,-0.26932,-5.6889,1.6786,0
2.125,-0.82984,-0.17793,6.5994,1.5347,0
1.1753,-1.2659,-0.076255,3.6411,2.4409,0
-0.15436,-1.1376,0.021564,-7.9645,1.9519,0
-0.53425,-1.0607,0.091067,-2.9581,3.3183,0
-0.059385,-1.4967,0.18889,7.5096,3.0882,0
-0.7242,-2.3175,0.28027,-0.22742,3.4621,0
-1.8639,-2.3175,0.33561,-8.192,3.6347,0
-1.294,-2.7792,0.35363,1.8206,2.8149,0
-0.91415,-2.3944,0.31502,7.7372,3.8649,0
-0.7242,-1.2659,0.20047,-4.0959,3.3758,0
-1.389,-1.1889,0.10136,-7.7369,4.6272,0
-1.294,-1.0863,0.087205,4.5513,4.8429,0
-0.15436,-1.0607,0.13225,4.5513,4.5121,0
0.035589,-1.035,0.21077,-6.3715,4.8573,0
-1.0091,-1.548,0.28928,-4.7786,3.6347,0
-1.389,-2.3944,0.34591,6.3718,4.5409,0
-0.7242,-3.9591,0.47719,2.7309,4.095,0
-0.81917,-5.2415,0.63551,-8.192,5.2169,0
-0.7242,-4.8568,0.72303,-1.3652,6.008,0
-0.7242,-4.4977,0.76421,7.5096,5.8642,0
-0.15436,-4.3694,0.80411,-0.45498,6.6696,0
0.13056,-5.0876,0.89292,-8.4196,5.7059,0
-0.43928,-5.3954,1.01,2.7309,6.6409,0
-0.059385,-5.2928,1.1452,6.8269,6.5689,0
0.79538,-5.934,1.2314,-3.6408,6.871,0
0.79538,-6.2675,1.2443,-6.3715,7.2162,0
0.32051,-6.1392,1.189,6.1442,6.3244,0
-0.43928,-5.9597,1.122,4.7789,7.1299,0
-0.059385,-5.6776,1.131,-6.3715,6.3676,0
1.2702,-5.8315,1.1375,-2.7306,7.3169,0
2.03,-5.3441,1.104,7.5096,7.4176,0
2.22,-4.4464,1.0126,2.2757,7.7196,0
1.5552,-3.8565,0.92253,-7.7369,8.5107,0
0.89035,-3.0613,0.88263,0.00013542,8.1223,0
1.5552,-2.6253,0.80025,7.0545,9.3737,0
2.03,-1.5993,0.70887,-1.1377,9.0717,0
1.7451,-0.85549,0.62263,-7.7369,9.8627,0
1.4602,-0.5477,0.50422,2.7309,9.8052,0
1.5552,0.40132,0.40126,7.0545,8.9566,0
0.51046,0.99126,0.28027,-4.5511,9.6038,0
-0.34431,1.5555,0.1773,-6.8267,8.971,0
-1.1041,2.0429,0.092354,6.1442,10.15,0
-1.1991,2.5302,0.046019,4.5513,10.136,0
0.41548,2.1455,0.0048318,-6.8267,10.323,0
1.7451,1.889,-0.028633,-5.0062,10.683,0
2.22,2.1198,-0.047939,7.282,9.4169,0
1.6501,2.2737,-0.058236,2.2757,9.5751,0
0.32051,2.6072,-0.13031,-7.9645,7.9641,0
-0.53425,2.6585,-0.22041,-0.45498,7.5902,0
-1.294,2.6585,-0.30407,7.5096,6.9141,0
-1.8639,2.6585,-0.38644,-2.2755,6.0655,0
-1.294,2.402,-0.47268,-8.8747,6.8135,0
-0.7242,2.0685,-0.56277,2.9584,6.1662,0
-0.53425,2.402,-0.62584,6.3718,7.4319,0
0.41548,2.6072,-0.67218,-5.6889,7.245,0
1.2702,2.6841,-0.66574,-5.6889,7.4032,0
0.51046,2.7354,-0.68376,5.9167,7.7628,0
-0.15436,2.915,-0.71465,2.9584,6.8422,0
-0.62923,2.7611,-0.71723,-7.7369,7.3888,0
-1.389,2.402,-0.71208,-2.0479,6.0511,0
-0.81917,2.0429,-0.75841,7.7372,6.8135,0
0.41548,2.1198,-0.78544,0.68281,6.8854,0
0.035589,2.5559,-0.78415,-8.192,6.5977,0
-0.24933,2.915,-0.80346,0.91037,6.9429,0
-0.62923,3.0688,-0.82405,8.1923,5.7779,0
-0.15436,2.5815,-0.77901,-1.1377,6.684,0
0.60543,2.3763,-0.68633,-8.192,5.9936,0
0.7004,1.9916,-0.59109,4.3238,6.2957,0
0.22554,2.1198,-0.5602,6.3718,6.1662,0
0.22554,2.2994,-0.57822,-5.6889,4.7566,0
0.60543,2.2994,-0.62327,-4.7786,4.3395,0
-0.43928,2.4276,-0.61941,5.9167,2.4121,0
-0.91415,2.1455,-0.5602,3.186,2.6998,0
-0.24933,1.9146,-0.48941,-8.192,2.6135,0
0.51046,2.1198,-0.45723,-1.8203,2.8293,0
0.13056,1.7607,-0.47268,8.6474,3.232,0
-0.34431,1.5042,-0.50614,-0.22742,2.3978,0
-0.34431,1.7094,-0.49198,-7.7369,3.4046,0
-1.389,1.5812,-0.4109,2.9584,2.9156,0
-0.91415,1.1452,-0.33496,6.5994,3.3758,0
0.32051,0.78606,-0.30021,-4.3235,2.4121,0
-0.059385,0.86301,-0.31565,-5.6889,1.1895,0
-0.34431,0.50392,-0.29635,5.9167,0.98818,0
-0.62923,-0.0090658,-0.24229,4.0962,-0.047428,0
-0.62923,-0.11166,-0.18437,-7.5093,0.84434,0
-0.059385,0.067882,-0.14962,-4.0959,0.24024,0
0.035589,0.24743,-0.16893,7.7372,1.1032,0
-1.1991,0.47827,-0.2217,1.5931,2.3115,0
-1.7689,0.86301,-0.2217,-8.6471,3.4765,0
-1.484,0.78606,-0.17922,-1.1377,5.5046,0
-1.484,1.1452,-0.13804,6.8269,4.6272,0
-1.484,1.1708,-0.1316,-2.7306,4.1813,0
-0.81917,1.3247,-0.14447,-7.7369,1.9087,0
-0.24933,1.6838,-0.16893,4.0962,0.57106,0
1.2702,1.6325,-0.20368,5.9167,0.65736,0
0.13056,2.0172,-0.26674,-5.2337,0.97379,0
-2.0538,1.889,-0.31179,-6.144,3.8361,0
-2.4337,1.5812,-0.26417,6.1442,5.0731,0
-1.0091,1.0426,-0.27061,3.6411,7.2162,0
-0.15436,1.4786,-0.32466,-7.7369,7.9785,0
0.7004,2.7354,-0.35684,-2.0479,8.2806,0
-0.43928,2.8124,-0.41862,8.1923,9.1867,0
-1.7689,1.9659,-0.51515,0.45525,8.2374,0
-0.7242,1.5555,-0.5705,-7.2818,9.0141,0
-0.81917,1.9403,-0.5602,1.5931,8.0648,0
0.035589,1.6581,-0.54733,7.5096,7.547,0
2.4099,1.4529,-0.52159,-2.9581,6.4539,0
3.4546,1.6838,-0.44694,-8.192,5.0443,0
2.4099,1.2734,-0.36199,4.0962,6.195,0
1.7451,0.78606,-0.27833,6.3718,6.3388,0
1.5552,0.37567,-0.22041,-5.6889,7.9066,0
0.7004,0.016583,-0.13417,-5.2337,7.2593,0
0.79538,-0.13731,-0.058236,7.5096,6.6984,0
1.9351,0.093531,0.029286,3.4135,7.1443,0
1.4602,0.99126,0.08978,-8.192,6.684,0
0.13056,1.5299,0.12196,-1.1377,7.9785,0
-1.294,0.76041,0.13483,7.9647,7.1587,0
-0.7242,-0.36816,0.17601,0.45525,7.6908,0
-1.1991,-0.4451,0.25839,-7.5093,7.8347,0
-1.1991,-0.5477,0.33819,2.0482,8.0936,0
-0.34431,-1.3428,0.38452,7.9647,9.4025,0
0.7004,-1.4454,0.39997,-3.1857,8.6977,0
0.41548,-1.4711,0.38838,-7.7369,9.46,0
-0.91415,-1.625,0.35621,5.234,8.4963,0
-1.1041,-1.4967,0.33175,4.3238,8.41,0
-0.91415,-0.6503,0.28413,-6.5991,8.9997,0
-0.62923,0.50392,0.20562,-4.5511,9.3162,0
-0.81917,0.88866,0.091067,6.5994,11.661,0
-0.7242,0.29873,-0.028633,2.9584,12.639,0
-0.7242,0.47827,-0.062097,-8.192,15.314,0
-0.059385,1.0939,-0.058236,-2.0479,16.292,0
0.51046,2.5559,-0.027345,7.0545,16.364,0
0.41548,3.7614,-0.037642,-0.45498,16.105,0
-0.34431,3.4536,-0.022197,-7.9645,13.43,0
-0.81917,2.6072,0.026712,1.8206,12.15,0
-0.62923,1.2477,0.067899,5.6891,9.7189,0
-1.1991,0.24743,0.038296,-3.8684,9.6758,0
-0.7242,0.11918,0.038296,-7.0542,9.7621,0
0.51046,-0.060364,0.12324,4.7789,9.158,0
0.22554,-0.47075,0.26225,4.3238,8.8991,0
-0.24933,-1.1633,0.43601,-6.8267,6.3244,0
-0.62923,-2.1893,0.56472,-3.8684,5.5333,0
-1.1991,-3.7282,0.70887,7.0545,4.4546,0
-1.294,-4.7029,0.84916,2.5033,5.332,0
-0.91415,-4.985,0.94183,-7.7369,7.6908,0
-0.62923,-3.8308,0.95599,0.68281,9.3593,0
0.035589,-2.6766,0.87233,7.5096,11.589,0
-0.059385,-2.2919,0.77966,-2.0479,9.9347,0
-0.53425,-2.1893,0.72174,-7.2818,7.5614,0
-2.0538,-2.1893,0.77837,4.0962,4.1669,0
-2.0538,-2.2919,0.8852,5.6891,1.7505,0
-0.91415,-2.497,0.98173,-6.8267,2.5991,0
-0.62923,-2.4201,1.059,-5.0062,3.6923,0
-0.059385,-2.5227,1.1452,7.5096,7.4319,0
0.60543,-2.5483,1.2147,2.7309,9.5319,0
0.79538,-2.138,1.2018,-7.5093,11.589,0
0.89035,-1.8302,1.0989,-1.8203,12.351,0
0.41548,-2.061,0.96371,7.7372,11.143,0
0.89035,-1.8815,0.83629,0.68281,11.488,0
1.9351,-0.85549,0.72431,-7.2818,10.769,0
1.6501,-0.060364,0.68313,0.45525,11.948,0
1.5552,-0.31686,0.66511,7.5096,11.977,0
1.5552,0.042233,0.58145,-2.9581,10.999,0
0.41548,0.70911,0.40512,-8.4196,9.7908,0
0.32051,1.7607,0.2468,4.3238,6.4395,0
0.7004,1.9403,0.1773,5.6891,5.1737,0
0.60543,1.8377,0.14641,-5.6889,2.7861,0
1.5552,1.3247,0.11552,-5.2337,1.2902,0
2.125,1.0426,0.15156,7.282,-0.57961,0
1.6501,0.99126,0.21978,2.5033,-1.9029,0
0.32051,0.78606,0.24166,-8.4196,-0.033045,0
-0.34431,1.0169,0.12196,-2.7306,1.8224,0
-0.24933,2.0172,-0.055661,8.4198,5.821,0
1.3652,2.2481,-0.16249,0.00013542,7.7771,0
1.2702,1.8377,-0.26031,-7.9645,9.2155,0
1.2702,1.8377,-0.37872,0.68281,9.9634,0
0.22554,2.6328,-0.4701,7.0545,9.1867,0
0.13056,2.7354,-0.52159,-3.1857,10.122,0
-0.62923,2.6841,-0.5203,-7.5093,9.4025,0
-1.7689,2.4276,-0.5499,3.8687,10.237,0
-1.484,2.325,-0.5499,5.6891,9.5751,0
-0.34431,2.6072,-0.49713,-5.2337,9.0141,0
1.7451,2.915,-0.44694,-6.144,9.9922,0
2.6949,3.0432,-0.39545,6.5994,9.7477,0
2.22,2.8124,-0.27189,3.6411,10.639,0
2.22,1.8633,-0.089126,-6.5991,9.3162,0
2.7898,0.45262,0.029286,-3.1857,8.3669,0
2.8848,-0.16296,0.061464,7.9647,7.0724,0
0.7004,-0.75289,0.091067,1.5931,5.6628,0
-0.91415,-1.1633,0.093641,-7.5093,6.8422,0
-0.91415,-1.3941,0.033148,-0.45498,6.8998,0
0.79538,-1.6506,0.0061189,7.7372,8.8847,0
1.2702,-1.5224,0.067899,-1.1377,9.7908,0
1.0803,-0.85549,0.10909,-7.2818,10.309,0
0.89035,-0.21426,0.096215,3.4135,10.596,0
0.22554,-0.34251,0.096215,5.9167,9.1436,0
-1.7689,-0.31686,0.12582,-5.2337,9.5175,0
-3.2885,-0.98374,0.24809,-4.7786,7.9929,0
-2.5287,-1.0607,0.34591,6.5994,7.173,0
-0.62923,-0.72725,0.31759,3.186,5.821,0
-1.0091,-0.086014,0.28413,-6.8267,4.2101,0
-1.7689,0.42697,0.33947,-2.2755,3.8361,0
-1.294,0.29873,0.44888,7.9647,2.2683,0
0.32051,-0.034715,0.51967,0.00013542,2.6135,0
0.7004,-0.4451,0.56986,-7.5093,1.5635,0
0.98533,-0.599,0.62521,1.3655,1.132,0
0.79538,-0.88114,0.67927,6.5994,0.98818,0
-1.389,-1.2659,0.6458,-4.0959,0.11079,0
-1.9589,-1.7019,0.56986,-7.5093,1.2183,0
-1.1991,-1.7789,0.45531,6.1442,1.0601,0
-1.8639,-1.8302,0.3266,5.0064,3.2032,0
-2.9086,-1.8045,0.2468,-7.0542,4.958,0
-2.2438,-1.5224,0.17859,-4.7786,7.3888,0
-1.579,-1.3941,0.066612,6.8269,10.697,0
-1.484,-1.5993,-0.081403,2.2757,12.193,0
-1.389,-1.3685,-0.21269,-8.4196,14.494,0
-1.0091,-0.34251,-0.38516,-2.503,14.048,0
-0.7242,1.299,-0.60911,6.3718,14.063,0
-0.059385,2.7611,-0.85623,-1.3652,12.509,0
0.51046,3.1714,-1.0853,-8.192,9.6901,0
1.2702,3.1714,-1.1291,2.2757,7.7052,0
2.125,3.8896,-1.0326,7.0545,4.5984,0
1.8401,3.9922,-0.96692,-5.0062,3.8649,0
1.3652,3.9666,-0.94633,-7.0542,1.6642,0
0.98533,4.1718,-0.87296,5.0064,-0.20565,0
0.79538,3.4536,-0.77514,4.5513,-1.7303,0
0.7004,2.3763,-0.72881,-6.5991,-3.2262,0
0.13056,2.1968,-0.7494,-4.5511,-1.7159,0
0.7004,2.2737,-0.71336,5.9167,-0.53646,0
1.6501,1.9659,-0.63743,1.8206,2.3402,0
1.3652,1.0939,-0.57307,-8.192,3.3183,0
0.89035,0.17048,-0.50614,0.2277,3.4046,0
0.32051,-0.4451,-0.32338,7.5096,2.8293,0
-1.1041,-1.1633,-0.014475,-1.3652,0.78681,0
-0.15436,-2.138,0.21077,-6.8267,0.67174,0
2.22,-2.2919,0.21205,3.6411,-0.13373,0
1.2702,-1.4711,0.12324,5.9167,1.7793,0
-1.389,-1.112,0.026712,-5.0062,3.0306,0
-0.34431,-0.98374,-0.080116,-5.4613,3.2176,0
1.6501,-0.16296,-0.16893,6.5994,3.6347,0
1.6501,0.35002,-0.18051,3.8687,2.671,0
0.60543,0.58087,-0.2011,-7.9645,4.1238,0
-0.24933,1.5042,-0.31565,-3.4133,4.1669,0
0.51046,2.5815,-0.45337,7.282,4.9005,0
1.1753,3.0432,-0.51515,0.68281,4.9436,0
0.98533,3.4279,-0.57436,-8.192,3.7498,0
0.32051,4.0435,-0.71336,0.91037,4.1381,0
-0.53425,3.6588,-0.79445,7.282,3.3471,0
-0.7242,2.8124,-0.73267,-3.4133,4.8573,0
0.035589,2.0429,-0.57693,-7.7369,5.1881,0
0.79538,1.299,-0.47397,3.6411,5.0299,0
0.89035,0.81171,-0.45723,5.234,4.9724,0
1.8401,0.016583,-0.42248,-5.9164,3.5197,0
2.03,-1.112,-0.22041,-6.144,3.8505,0
1.3652,-3.2152,0.067899,5.9167,2.0813,0
0.32051,-4.6259,0.31245,3.4135,1.1176,0
-1.0091,-5.0876,0.44115,-7.2818,-0.2488,0
-0.7242,-5.1133,0.51066,-2.503,-1.3132,0
-0.15436,-4.036,0.60462,7.282,-0.60838,0
-0.43928,-3.0357,0.73075,0.00013542,-0.75222,0
0.41548,-2.4457,0.83243,-8.6471,1.8512,0
3.0747,-2.497,0.88391,2.7309,3.4046,0
2.8848,-2.5996,0.90579,7.7372,5.6053,0
0.89035,-2.3431,0.85174,-3.8684,6.7847,0
-0.34431,-2.3688,0.78738,-7.2818,5.7059,0
0.035589,-2.7535,0.76035,5.9167,5.2169,0
0.60543,-3.2409,0.74619,5.4616,2.8436,0
0.7004,-3.1896,0.78867,-6.8267,2.6567,0
-0.34431,-3.6769,0.8453,-5.0062,2.6567,0
-1.7689,-3.8308,0.84916,7.0545,3.8073,0
-2.2438,-3.3691,0.84659,2.7309,6.3532,0
-2.4337,-3.3948,0.94312,-7.0542,7.6621,0
-0.43928,-3.7026,1.0242,-0.68254,10.395,0
1.4602,-3.6,1.0371,7.7372,11.33,0
1.8401,-3.2665,0.97787,0.2277,13.185,0
1.2702,-3.4461,0.91352,-7.5093,14.235,0
1.5552,-4.5233,0.89678,2.2757,13.66,0
2.03,-4.6772,0.8749,7.5096,13.444,0
1.0803,-3.1126,0.7359,-3.6408,11.502,0
0.51046,-1.3428,0.55828,-6.3715,11.891,0
1.5552,0.093531,0.47591,5.9167,11.546,0
1.8401,0.52957,0.47205,4.5513,11.761,0
1.7451,0.11918,0.46046,-7.7369,12.063,0
0.51046,-0.47075,0.37551,-3.1857,10.323,0
-0.24933,-1.112,0.28542,7.9647,9.4025,0
-0.62923,-0.98374,0.20433,0.68281,6.4251,0
-0.62923,0.35002,0.10522,-8.4196,5.634,0
0.41548,2.1711,0.055028,-0.22742,5.1881,0
1.1753,2.402,0.093641,7.5096,5.332,0
1.2702,2.0685,0.057602,-2.2755,6.2957,0
0.98533,2.0685,-0.0041778,-7.0542,5.0155,0
0.98533,1.4273,0.043444,3.6411,4.6272,0
1.2702,0.88866,0.17087,5.234,2.7142,0
0.89035,1.1452,0.21591,-6.3715,1.9231,0
-0.81917,1.5299,0.23136,-5.6889,1.8368,0
-0.81917,0.73476,0.28542,6.1442,1.7649,0
0.13056,-0.21426,0.40254,2.9584,3.9368,0
0.79538,-0.18861,0.53511,-7.5093,4.5121,0
0.7004,1.0682,0.56085,-2.2755,6.4539,0
1.8401,1.3503,0.45274,7.9647,6.7991,0
2.03,0.68346,0.3472,-0.22742,7.1443,0
-0.059385,0.27308,0.28027,-8.192,8.0792,0
-0.34431,0.52957,0.1773,2.7309,7.3313,0
1.1753,1.0939,-0.035068,6.5994,7.9066,0
1.9351,1.4016,-0.33882,-4.0959,6.7559,0
1.4602,1.9659,-0.70435,-6.3715,7.4319,0
0.41548,1.9403,-1.1703,5.9167,8.3525,0
-0.24933,1.0939,-1.5744,3.8687,8.2949,0
0.035589,0.83736,-1.8962,-7.5093,8.2662,0
1.6501,1.6325,-2.2167,-2.9581,5.4902,0
3.0747,1.5555,-2.5024,7.0545,4.7135,0
3.0747,0.78606,-2.747,1.1379,3.8361,0
2.4099,1.4016,-3.0404,-7.5093,3.9224,0
1.9351,1.9916,-3.3429,0.2277,4.2101,0
0.41548,1.6581,-3.5668,7.0545,1.9662,0
-1.0091,1.4529,-3.7676,-3.8684,-0.23441,0
-1.1991,1.4529,-4.0431,-6.5991,-4.8515,0
-1.9589,1.889,-4.3623,4.3238,-7.196,0
-2.7186,1.7351,-4.7175,5.4616,-8.9939,0
-2.2438,1.812,-5.0753,-6.3715,-9.109,0
-1.484,2.6328,-5.3173,-5.0062,-7.4549,0
-2.1488,3.2484,-5.4704,7.282,-7.0809,0
-2.7186,3.0175,-5.6944,1.8206,-5.4268,0
-1.7689,3.3253,-5.8797,-8.192,-6.0885,0
0.22554,3.7357,-5.8965,-1.5928,-5.6713,0
3.0747,4.0948,-5.7948,7.7372,-4.9809,0
3.4546,4.0692,-5.7485,-1.1377,-4.6214,0
2.22,4.2231,-5.8025,-7.2818,-2.9241,0
0.32051,4.6078,-5.8321,2.7309,-3.183,0
0.32051,4.8643,-5.7536,7.0545,-1.8022,0
-0.7242,4.3257,-5.63,-3.8684,-1.8454,0
-0.059385,3.5562,-5.4679,-7.5093,-1.4714,0
0.035589,3.2484,-5.2504,5.234,-0.96797,0
-0.91415,2.325,-4.9904,5.234,-1.5289,0
-0.059385,0.32437,-4.6686,-6.8267,-0.45016,0
0.7004,-1.6763,-4.2979,-4.0959,-0.89605,0
1.5552,-1.1376,-4.0199,7.5096,0.44161,0
0.7004,0.55522,-3.7818,1.8206,1.0601,0
-0.34431,1.7864,-3.4484,-8.4196,1.6067,0
-0.15436,1.7094,-2.9284,-1.5928,2.8005,0
-0.62923,0.99126,-2.2823,7.5096,2.0669,0
-0.53425,0.68346,-1.6272,-0.45498,2.7573,0
1.6501,0.88866,-1.1703,-7.2818,1.5923,0
1.9351,1.299,-0.87682,1.3655,1.5347,0
0.035589,1.5812,-0.52159,6.1442,1.4053,0
-0.91415,0.73476,-0.096848,-5.0062,0.84434,0
-0.7242,-1.0094,0.28542,-6.3715,1.621,0
-1.1041,-2.7535,0.59947,4.5513,0.70051,0
-2.0538,-3.3178,0.86332,3.8687,1.7649,0
-1.0091,-2.6766,1.0693,-6.5991,1.6786,0
0.32051,-2.0097,1.2842,-3.6408,1.9231,0
-1.0091,-0.75289,1.5262,8.1923,2.3258,0
-2.4337,0.50392,1.7308,2.5033,1.0313,0
-0.43928,1.1708,1.9972,-7.7369,1.4053,0
1.6501,0.32437,2.4065,-0.22742,0.29777,0
2.125,-0.85549,2.9613,8.1923,1.2039,0
0.89035,-1.8558,3.5546,-1.3652,1.7217,0
-0.34431,-2.4457,4.1789,-7.2818,1.7936,0
-1.7689,-2.6253,4.9009,3.186,2.7286,0
-1.1991,-2.7022,5.5651,7.0545,2.182,0
0.41548,-1.9071,6.0915,-5.0062,3.1601,0
0.22554,-1.7789,6.5535,-5.6889,2.4121,0
0.79538,-1.7789,6.959,6.5994,2.4697,0
2.03,-1.8302,7.3335,2.7309,2.5991,0
0.41548,-1.2402,7.6051,-6.8267,2.0525,0
-1.389,-0.26556,7.8162,-1.5928,3.2032,0
-1.389,0.14483,8.0092,7.7372,2.6423,0
-0.059385,0.24743,8.1264,-1.1377,3.5916,0
-0.62923,0.73476,8.2152,-8.6471,3.3183,0
-1.1041,1.5555,8.2885,2.7309,3.0882,0
-0.81917,2.6841,8.2615,6.1442,3.3183,0
-1.294,4.0179,8.0581,-4.5511,2.5272,0
-2.1488,4.6335,7.8252,-6.5991,3.7786,0
-1.9589,4.2744,7.6759,4.5513,3.3758,0
-1.484,4.5565,7.4725,3.8687,3.9799,0
-0.059385,4.4539,7.1997,-7.5093,3.4334,0
-0.7242,4.377,6.8843,-4.7786,2.4553,0
-0.91415,4.6335,6.5497,6.3718,2.556,0
-0.7242,5.249,6.1816,1.3655,1.5923,0
-0.7242,6.3263,5.7851,-9.1023,2.6279,0
-0.91415,6.4289,5.4338,-0.9101,2.1676,0
-1.1991,5.9672,5.094,8.1923,2.6279,0
-1.389,5.2747,4.7812,-1.1377,2.7717,0
-0.81917,4.0435,4.4775,-9.1023,2.4409,0
-1.294,2.5046,4.1904,2.5033,3.5628,0
-1.8639,1.0169,3.9343,6.5994,3.1745,0
-1.1041,-0.34251,3.7091,-4.3235,4.2101,0
0.51046,-1.1633,3.5263,-6.5991,3.5916,0
0.60543,-1.3172,3.3345,6.3718,2.7286,0
0.89035,-0.31686,3.0539,5.0064,2.182,0
0.32051,0.83736,2.6601,-6.8267,1.0601,0
-0.15436,1.0939,2.2315,-3.4133,2.3115,0
0.035589,1.0682,1.902,7.9647,1.8656,0
0.60543,0.50392,1.6317,1.3655,2.2252,0
1.2702,0.73476,1.3395,-7.9645,1.7361,0
2.03,0.96561,1.0487,0.2277,1.0313,0
2.4099,1.299,0.73461,7.5096,1.7361,0
0.60543,1.6838,0.46304,-2.503,0.67174,0
-1.294,1.5299,0.24423,-7.7369,1.2039,0
-0.34431,1.1965,0.047306,4.5513,0.55667,0
0.98533,0.99126,-0.045365,6.3718,0.57106,0
0.41548,0.96561,-0.14061,-5.9164,1.2902,0
0.7004,0.47827,-0.28734,-5.6889,0.94503,0
0.7004,0.24743,-0.46496,7.0545,2.4697,0
-0.15436,-0.060364,-0.5898,3.6411,2.1101,0
-0.81917,-0.4451,-0.71594,-7.5093,2.743,0
-1.389,-1.0607,-0.83049,-2.7306,2.5272,0
-0.53425,-1.1889,-0.94247,7.7372,1.8512,0
1.0803,-2.061,-1.0828,0.68281,2.1964,0
0.79538,-2.2919,-1.2552,-7.9645,1.1176,0
0.41548,-2.3175,-1.4071,0.45525,2.2683,0
-1.1991,-2.4714,-1.4805,7.282,2.3546,0
-2.2438,-2.3175,-1.5268,-2.503,3.3183,0
-1.0091,-2.061,-1.5641,-8.192,3.8217,0
0.79538,-2.061,-1.5783,3.186,2.9299,0
1.4602,-1.8815,-1.6658,5.6891,3.0162,0
0.13056,-0.75289,-1.8512,-5.9164,1.7361,0
0.13056,0.22178,-2.1124,-5.6889,2.4265,0
1.2702,0.042233,-2.3287,5.6891,2.743,0
1.6501,0.17048,-2.4059,3.4135,3.1457,0
0.79538,0.93996,-2.4754,-7.7369,3.7498,0
1.0803,1.1195,-2.487,-2.9581,2.4409,0
1.3652,1.0682,-2.3866,7.9647,2.556,0
0.89035,0.81171,-2.2501,-0.22742,1.2615,0
-0.43928,0.37567,-2.1266,-8.8747,1.4772,0
-0.62923,0.58087,-2.1214,0.91037,1.2758,0
0.035589,1.5812,-2.2514,7.5096,0.68613,0
-0.15436,1.5555,-2.3454,-2.0479,1.1032,0
-1.0091,1.5042,-2.3686,-7.5093,-0.090578,0
-0.62923,1.5042,-2.4535,3.6411,0.38407,0
-0.24933,2.2224,-2.6002,5.9167,-0.69468,0
-0.91415,2.7867,-2.7251,-5.4613,-0.9392,0
-1.7689,2.7611,-2.7688,-5.6889,-0.95358,0
-2.3388,1.9146,-2.7084,6.3718,-1.7447,0
-1.0091,1.2221,-2.5256,4.0962,-0.8529,0
0.32051,0.50392,-2.281,-7.5093,-1.8741,0
1.9351,-0.34251,-2.0172,-2.503,-1.3707,0
2.7898,-1.7019,-1.7508,7.9647,-2.0899,0
1.8401,-4.036,-1.5114,1.3655,-2.8666,0
1.7451,-5.5237,-1.2398,-7.5093,-2.8953,0
1.5552,-6.4214,-0.96563,0.45525,-4.0748,0
0.51046,-7.0626,-0.75712,7.5096,-2.9385,0
0.41548,-8.3451,-0.60654,-2.7306,-3.0536,0
0.7004,-9.8327,-0.43921,-7.7369,-2.1474,0
0.60543,-10.346,-0.27447,2.7309,-1.8741,0
0.32051,-10.089,-0.15734,6.3718,-2.3775,0
0.035589,-9.9866,-0.073681,-5.0062,-1.4139,0
1.1753,-9.2685,-0.056948,-7.0542,-2.4638,0
1.3652,-8.0886,-0.13804,6.1442,-1.9029,0
-0.34431,-6.3701,-0.31179,4.5513,-2.4926,0
-0.53425,-5.1646,-0.52802,-7.7369,-2.6221,0
-0.24933,-4.5746,-0.67346,-3.8684,-1.9317,0
0.035589,-5.1133,-0.74297,7.5096,-2.3775,0
0.79538,-5.1646,-0.8099,2.0482,-0.9392,0
0.13056,-4.9081,-0.88455,-8.4196,-1.5002,0
0.22554,-5.1902,-0.95405,-1.1377,-0.66591,0
0.7004,-5.1902,-1.0454,7.0545,-0.46455,0
0.79538,-4.8824,-1.1471,-1.5928,-0.80975,0
0.035589,-4.1642,-1.2848,-8.4196,-0.30633,0
0.89035,-3.1639,-1.3917,3.4135,-1.831,0
2.125,-3.2922,-1.4431,5.4616,-1.6728,0
1.6501,-3.087,-1.4676,-5.0062,-2.3775,0
1.0803,-2.574,-1.4419,-5.6889,-1.8454,0
0.32051,-2.0867,-1.4251,5.9167,-0.65153,0
0.22554,-2.1123,-1.447,3.6411,-0.46455,0
0.7004,-2.5483,-1.5049,-8.192,0.72928,0
-0.34431,-2.3431,-1.5204,-3.1857,-0.43578,0
-0.34431,-2.0097,-1.5358,7.7372,-0.090578,0
0.89035,-1.3172,-1.4959,0.91037,-0.45016,0
1.4602,-0.5477,-1.3505,-8.6471,-0.17688,0
0.89035,-0.75289,-1.1497,1.8206,0.80119,0
0.7004,-0.6503,-1.0107,7.282,0.22586,0
0.60543,-0.6503,-0.97979,-3.4133,0.91626,0
1.4602,-0.34251,-0.96048,-6.5991,-0.65153,0
2.5049,0.47827,-0.99524,4.5513,-0.95358,0
3.4546,0.93996,-1.1304,5.9167,-1.2269,0
1.8401,1.2221,-1.2539,-6.8267,-1.2988,0
-0.43928,1.2221,-1.2745,-4.0959,0.21147,0
-1.1991,1.1195,-1.214,7.282,0.067639,0
-1.0091,1.2221,-1.1934,2.0482,1.3909,0
-0.53425,0.65782,-1.1651,-8.192,0.94503,0
-0.62923,0.29873,-1.1394,0.45525,0.87311,0
-0.53425,-0.11166,-1.133,8.1923,0.90188,0
-0.059385,-0.47075,-1.1085,0.00013542,0.13956,0
0.7004,-0.95809,-1.0107,-6.8267,1.0313,0
0.7004,-2.061,-0.83564,3.4135,0.26901,0
1.9351,-2.7792,-0.73524,5.9167,1.2327,0
2.03,-2.8561,-0.73396,-5.2337,1.2615,0
1.1753,-3.2409,-0.68505,-6.5991,1.2902,0
0.22554,-3.4204,-0.6001,5.9167,2.0957,0
-0.34431,-3.1383,-0.57565,3.8687,1.4916,0
-0.059385,-2.574,-0.61683,-7.7369,2.5991,0
1.0803,-2.8818,-0.62198,-3.6408,1.9806,0
1.4602,-3.8052,-0.49842,6.8269,2.0238,0
0.51046,-3.6513,-0.34654,0.45525,1.7793,0
-0.81917,-2.6253,-0.36714,-8.192,0.68613,0
-1.389,-0.98374,-0.54347,0.91037,1.4484,0
-0.059385,0.50392,-0.67346,7.0545,0.67174,0
0.32051,1.1965,-0.68505,-2.2755,1.5635,0
-0.43928,1.0939,-0.64901,-7.9645,1.5347,0
-0.53425,0.27308,-0.56406,3.8687,1.5204,0
0.13056,-0.086014,-0.4302,6.5994,1.9806,0
-0.059385,0.47827,-0.29506,-5.6889,1.1608,0
0.98533,0.14483,-0.15219,-5.9164,1.9519,0
1.6501,-0.90679,0.04087,6.5994,1.1608,0
1.6501,-1.8558,0.24809,3.4135,1.6354,0
2.03,-2.7535,0.427,-7.5093,1.621,0
2.125,-3.8308,0.59174,-2.2755,1.2039,0
2.125,-4.1899,0.68313,7.5096,1.8512,0
1.0803,-3.7282,0.72946,0.45525,0.81558,0
-0.91415,-2.4714,0.67669,-8.6471,1.3909,0
-0.62923,-1.8558,0.52224,0.45525,0.49914,0
0.32051,-0.77854,0.35235,7.282,0.58544,0
0.13056,-0.29121,0.29314,-2.503,1.0601,0
0.89035,-0.93244,0.31631,-7.2818,0.65736,0
1.8401,-1.2659,0.32532,4.3238,1.4772,0
1.1753,-1.1633,0.34205,6.1442,0.21147,0
0.22554,-0.4964,0.41413,-5.4613,0.38407,0
0.41548,-0.034715,0.42442,-6.3715,-0.43578,0
0.41548,-0.034715,0.35621,6.8269,-0.75222,0
-0.43928,0.016583,0.27769,3.6411,-0.13373,0
-1.1991,-0.26556,0.20948,-7.0542,-0.75222,0
-2.8136,-0.82984,0.19532,-3.1857,0.39846,0
-2.2438,-0.4451,0.19403,7.0545,-0.53646,0
-0.53425,0.58087,0.14384,1.1379,-0.594,0
0.41548,1.7864,0.096215,-7.9645,-1.3419,0
0.7004,2.7098,0.066612,0.00013542,-2.3775,0
0.89035,2.7867,0.046019,6.5994,-1.5289,0
1.1753,2.6841,-0.027345,-2.9581,-1.7447,0
0.7004,2.915,-0.11358,-8.192,-0.40701,0
0.32051,2.838,-0.20368,3.8687,-0.99673,0
1.3652,2.8124,-0.34268,5.6891,-1.6871,0
1.4602,4.0692,-0.56921,-6.8267,-1.9604,0
0.41548,5.9159,-0.74039,-5.6889,-2.8666,0
-1.0091,6.352,-0.78029,6.1442,-1.644,0
-1.294,5.0438,-0.67604,2.2757,-2.0323,0
-0.34431,4.1205,-0.53961,-8.192,-1.1406,0
-0.81917,3.1458,-0.46238,-2.2755,-1.2988,0
-1.294,1.9146,-0.3504,7.0545,-1.831,0
-1.0091,0.99126,-0.23714,-1.5928,-0.95358,0
-0.7242,0.83736,-0.18437,-8.4196,-1.3276,0
0.13056,-0.086014,-0.102,2.5033,0.21147,0
1.8401,-1.2402,0.055028,6.1442,0.010105,0
3.2647,-1.7276,0.24552,-5.0062,0.36969,0
2.7898,-1.5993,0.36908,-6.144,0.64298,0
1.7451,-2.5483,0.4064,6.5994,-0.26318,0
0.98533,-3.4717,0.47591,4.0962,0.31216,0
-0.24933,-3.5743,0.63551,-6.8267,-0.79537,0
-0.059385,-3.5487,0.84144,-2.9581,0.11079,0
-0.53425,-4.2412,1.0023,7.5096,0.47037,0
-1.6739,-4.1129,1.0281,0.2277,0.82996,0
-0.7242,-2.574,0.97401,-7.7369,2.1101,0
0.32051,-1.1633,0.89678,2.0482,1.6354,0
1.2702,-0.3938,0.82599,7.0545,2.6135,0
1.6501,-0.18861,0.78738,-3.1857,2.0238,0
0.51046,-0.11166,0.73847,-6.5991,2.1532,0
0.32051,0.32437,0.71016,5.4616,2.4697,0
1.3652,0.58087,0.72174,6.3718,2.0669,0
1.6501,0.88866,0.75134,-6.5991,3.3902,0
1.5552,1.4786,0.72431,-4.3235,2.9875,0
1.6501,1.5812,0.62778,6.8269,3.908,0
0.41548,1.7607,0.54927,1.8206,3.5197,0
-0.34431,1.5555,0.53383,-7.7369,3.3327,0
-0.43928,1.1708,0.44888,-0.45498,3.7929,0
-0.24933,0.99126,0.35235,7.282,2.9731,0
0.7004,0.68346,0.33047,-1.3652,3.8361,0
-0.43928,0.093531,0.42442,-7.7369,2.9443,0
-1.0091,0.17048,0.52996,3.186,3.5772,0
-0.7242,0.47827,0.51581,7.0545,3.8936,0
-0.7242,0.88866,0.40126,-4.3235,4.095,0
0.035589,1.7864,0.21205,-7.2818,5.3176,0
1.9351,2.4276,0.033148,5.4616,4.5984,0
1.9351,2.915,-0.078829,4.7789,5.0155,0
1.9351,3.1201,-0.20239,-7.0542,3.3758,0
2.125,3.4279,-0.34397,-4.0959,2.556,0
2.125,3.5049,-0.37486,6.3718,2.2971,0
1.0803,3.4279,-0.28862,1.8206,1.6498,0
-1.389,3.0945,-0.28862,-7.5093,2.6998,0
-2.6237,3.2227,-0.3607,-1.8203,1.6498,0
-1.0091,3.4279,-0.38516,6.5994,2.0957,0
-0.15436,3.5305,-0.29249,-0.68254,1.3909,0
-0.43928,3.7101,-0.13932,-7.7369,1.132,0
0.035589,3.6075,0.026712,3.6411,1.4772,0
1.2702,2.7098,0.14126,6.5994,0.39846,0
0.79538,2.325,0.10265,-5.4613,1.132,0
-0.24933,2.2737,-0.033781,-6.144,0.11079,0
0.035589,1.9916,-0.14576,6.1442,0.58544,0
1.2702,1.5812,-0.15605,3.6411,0.55667,0
1.8401,1.7607,-0.078829,-7.7369,-0.004278,0
2.9798,2.0942,-0.033781,-3.6408,0.61421,0
2.8848,1.9659,-0.053087,7.0545,-0.2488,0
1.9351,2.402,-0.1213,1.5931,0.74366,0
0.32051,2.6585,-0.17279,-7.9645,0.34092,0
-0.34431,2.915,-0.32209,0.68281,0.41284,0
-0.059385,2.8124,-0.46496,7.282,0.72928,0
-0.059385,2.6585,-0.45208,-2.2755,0.067639,0
-0.34431,2.3507,-0.39674,-7.0542,1.0745,0
-0.62923,1.9916,-0.38516,3.6411,0.32654,0
0.22554,1.8633,-0.40318,5.9167,0.80119,0
-0.53425,2.2737,-0.40318,-6.144,0.21147,0
-0.62923,2.2224,-0.3504,-4.7786,-0.52208,0
1.0803,1.2734,-0.18952,6.5994,-0.49331,0
2.03,0.78606,-0.04279,2.9584,-1.6728,0
1.6501,0.91431,0.024138,-8.4196,-0.72345,0
1.0803,1.299,-0.0054649,-1.5928,-1.0399,0
0.79538,1.9146,-0.033781,7.0545,0.067639,0
0.51046,2.9663,-0.015762,-1.1377,0.82996,0
-0.53425,2.838,0.042157,-7.9645,0.58544,0
-0.15436,1.889,0.14512,2.0482,1.1608,0
1.4602,0.65782,0.22364,6.5994,-0.076195,0
1.5552,0.016583,0.27126,-5.0062,0.36969,0
1.5552,-0.16296,0.3266,-6.3715,-0.2488,0
1.9351,-0.72725,0.35235,5.4616,0.26901,0
2.315,-0.93244,0.30601,3.6411,1.2758,0
1.0803,-0.75289,0.21463,-7.5093,1.2615,0
0.51046,-0.086014,0.19918,-3.1857,2.4697,0
0.13056,0.42697,0.27126,6.8269,1.5347,0
-1.1041,0.50392,0.30987,-0.45498,1.6642,0
-1.9589,-0.72725,0.3369,-9.5574,0.55667,0
-1.9589,-2.5996,0.41927,-0.22742,-0.2488,0
-0.91415,-4.3694,0.51452,7.5096,0.32654,0
-0.91415,-4.985,0.54026,-1.1377,0.010105,0
-1.1041,-4.0104,0.52224,-7.5093,1.6642,0
-0.15436,-2.574,0.46818,2.5033,1.3909,0
-0.62923,-2.497,0.38838,7.0545,1.8656,0
-0.62923,-2.8561,0.37809,-4.0959,1.8656,0
0.41548,-3.0357,0.41026,-6.144,0.91626,0
0.60543,-3.0357,0.45274,5.4616,1.3621,0
0.98533,-3.523,0.56472,5.0064,0.39846,0
0.22554,-4.1129,0.66511,-7.2818,1.7217,0
0.22554,-4.3438,0.69214,-5.2337,1.7217,0
0.60543,-4.3181,0.69342,7.282,1.9806,0
0.98533,-4.036,0.68956,2.2757,2.2108,0
0.7004,-3.6256,0.68441,-7.9645,1.0745,0
0.7004,-4.036,0.72689,-0.22742,1.6642,0
1.9351,-3.7539,0.73976,8.1923,0.47037,0
2.22,-3.2665,0.66768,-2.503,0.93064,0
0.60543,-2.574,0.56343,-7.9645,0.90188,0
-0.24933,-2.6509,0.60333,4.3238,0.72928,0
-0.62923,-4.472,0.82857,6.1442,1.506,0
0.60543,-5.8058,1.0139,-5.2337,0.72928,0
1.7451,-5.2159,1.0139,-5.9164,1.5491,0
1.1753,-3.4717,0.85946,6.1442,0.58544,0
-0.7242,-2.0867,0.68828,4.0962,0.39846,0
-0.62923,-1.4967,0.5364,-8.192,0.038872,0
0.22554,-1.1376,0.40898,-3.4133,-0.69468,0
0.13056,-1.1889,0.27126,8.1923,0.38407,0
-0.43928,-0.5477,0.15027,0.91037,-0.11935,0
-0.62923,0.78606,-0.026058,-8.192,1.0457,0
0.51046,1.5812,-0.22041,1.5931,0.44161,0
2.5049,1.6068,-0.33882,7.0545,0.38407,0
2.8848,1.8633,-0.38516,-3.6408,0.58544,0
1.3652,2.325,-0.35684,-7.0542,-0.26318,0
-0.24933,2.2994,-0.28348,4.7789,0.58544,0
-0.62923,1.7607,-0.23843,5.234,-0.090578,0
0.60543,1.5042,-0.19724,-6.3715,0.84434,0
1.4602,1.9403,-0.20625,-4.7786,1.0169,0
1.1753,2.1455,-0.23972,6.8269,1.3334,0
0.79538,2.2994,-0.2809,1.3655,2.2971,0
0.89035,2.5046,-0.32338,-8.192,1.5779,0
1.5552,2.6328,-0.34912,-1.3652,2.3258,0
1.2702,2.3507,-0.32466,7.5096,1.621,0
2.22,1.9659,-0.32981,-1.8203,2.0813,0
2.7898,1.0939,-0.32981,-8.192,3.0306,0
1.8401,0.24743,-0.38258,2.9584,3.3183,0
0.41548,1.1965,-0.51129,6.5994,4.8429,0
-0.53425,2.5302,-0.59624,-4.3235,4.0518,0
-0.62923,3.2227,-0.5602,-6.5991,4.282,0
-1.389,2.6072,-0.48941,5.9167,3.3902,0
-1.1991,1.5042,-0.48169,5.234,3.3902,0
-0.62923,0.37567,-0.50743,-6.8267,4.9148,0
-0.62923,0.11918,-0.51129,-3.6408,5.3607,0
-1.0091,0.32437,-0.49585,7.282,6.7272,0
-1.294,0.067882,-0.49842,1.3655,5.7347,0
-0.91415,-0.85549,-0.47654,-7.2818,5.5909,0
-0.7242,-0.95809,-0.41218,0.68281,5.447,0
-0.53425,-0.26556,-0.31179,7.7372,5.145,0
-1.0091,0.14483,-0.24486,-3.1857,6.0511,0
-1.8639,0.19613,-0.26031,-7.2818,5.2025,0
-1.579,-0.29121,-0.30278,4.3238,5.9936,0
-1.0091,-0.5477,-0.35169,6.1442,5.0874,0
-0.91415,-0.086014,-0.36199,-6.3715,5.0587,0
-0.7242,-0.41945,-0.32338,-6.144,5.2313,0
-1.1041,-0.75289,-0.24872,6.5994,4.3395,0
-1.8639,-0.67595,-0.15348,3.6411,5.0874,0
-0.91415,-0.13731,-0.033781,-7.7369,4.0806,0
0.32051,0.14483,0.061464,-2.2755,4.5696,0
0.22554,0.24743,0.025425,7.282,3.9943,0
-0.43928,0.17048,-0.032494,0.00013542,3.5628,0
-0.059385,-0.29121,-0.013187,-7.5093,4.0087,0
0.035589,-0.5477,0.026712,1.8206,3.4621,0
0.13056,-0.29121,0.017703,6.5994,4.7998,0
0.79538,0.29873,-0.04279,-3.1857,4.1813,0
0.32051,0.50392,-0.12259,-6.8267,4.4258,0
-0.43928,-0.18861,-0.102,4.3238,4.0662,0
1.2702,-0.47075,-0.073681,4.7789,3.3327,0
1.4602,0.58087,-0.13804,-6.5991,4.0806,0
-0.53425,2.4533,-0.26417,-4.3235,3.3183,0
-1.1041,3.0175,-0.32209,7.0545,4.5409,0
-1.294,2.6328,-0.29249,2.5033,4.7279,0
-1.389,2.1455,-0.28605,-8.8747,5.2888,0
-0.91415,2.6841,-0.34912,-1.3652,5.4183,0
1.0803,3.1971,-0.46753,7.5096,3.9655,0
1.8401,2.9663,-0.57822,-1.5928,3.8936,0
1.0803,2.7354,-0.6297,-7.9645,2.5416,0
0.32051,2.1198,-0.58465,2.5033,3.4621,0
0.13056,1.4016,-0.53188,7.282,3.8649,0
0.51046,1.9146,-0.50486,-4.0959,4.3395,0
0.7004,2.2224,-0.53703,-6.3715,5.0587,0
0.32051,1.9146,-0.56149,6.1442,4.0662,0
0.79538,1.0939,-0.53703,5.4616,4.5553,0
1.4602,0.24743,-0.41733,-6.8267,3.3183,0
0.51046,0.37567,-0.2513,-4.3235,3.8505,0
0.13056,-0.034715,-0.15091,7.0545,3.9512,0
0.60543,-0.90679,-0.12388,2.0482,3.7786,0
0.32051,-1.2146,-0.15091,-7.5093,4.8142,0
0.035589,-0.29121,-0.18308,0.45525,4.3539,0
1.1753,0.83736,-0.22041,8.1923,5.4902,0
1.3652,1.0939,-0.28605,-1.1377,4.958,0
1.3652,1.0939,-0.29763,-7.7369,5.0874,0
1.5552,1.1452,-0.23585,3.6411,5.1881,0
1.4602,2.5815,-0.2011,6.1442,4.1813,0
0.98533,2.9919,-0.22684,-6.5991,4.4546,0
0.13056,1.9916,-0.19467,-6.8267,3.1888,0
-0.24933,0.52957,-0.10586,6.3718,4.1813,0
0.13056,-0.3938,-0.0518,3.186,4.5409,0
1.0803,-0.57335,-0.037642,-7.9645,4.9868,0
2.125,-0.086014,-0.087839,-2.9581,5.5621,0
1.7451,0.45262,-0.15219,7.7372,4.2388,0
-0.059385,0.55522,-0.11873,0.00013542,4.3683,0
-0.53425,0.016583,-0.045365,-7.9645,2.858,0
0.51046,-0.060364,0.047306,2.0482,2.9875,0
0.13056,0.35002,0.17087,7.7372,3.2608,0
0.89035,0.45262,0.35235,-4.5511,3.2895,0
1.2702,-0.72725,0.54927,-7.2818,4.4977,0
1.0803,-2.3431,0.62521,5.0064,3.5484,0
0.41548,-3.4461,0.62263,4.7789,4.1813,0
-1.0091,-3.5487,0.63422,-6.8267,3.534,0
-2.7186,-3.4717,0.73461,-4.7786,3.5484,0
-2.1488,-2.7535,0.81698,7.7372,4.0375,0
-0.7242,-2.1123,0.835,2.0482,3.2176,0
1.1753,-2.1636,0.80025,-8.4196,4.2532,0
2.03,-2.7279,0.76293,0.00013542,3.5628,0
2.22,-2.9587,0.64194,6.8269,4.2532,0
1.5552,-2.2662,0.43215,-2.0479,4.1525,0
0.98533,-1.3428,0.24037,-7.9645,3.8792,0
0.22554,-0.034715,0.096215,3.8687,4.4402,0
0.22554,0.52957,0.047306,5.234,3.232,0
1.1753,0.32437,0.085918,-4.7786,3.7354,0
1.4602,0.27308,0.1477,-5.4613,2.8436,0
2.125,0.70911,0.21077,5.9167,3.3902,0
2.4099,0.91431,0.40126,3.4135,4.1094,0
0.60543,0.24743,0.63036,-7.9645,4.4977,0
0.32051,-0.93244,0.72818,-3.1857,6.0368,0
0.51046,-1.9071,0.74491,7.9647,4.9724,0
0.13056,-2.2406,0.80669,1.1379,4.8717,0
0.79538,-3.0357,0.90708,-7.7369,3.2608,0
1.3652,-3.3435,0.94183,2.5033,2.5847,0
0.51046,-2.4201,0.85302,7.282,3.1601,0
-0.53425,-1.7019,0.72045,-4.0959,3.3471,0
-0.059385,-1.9328,0.59818,-7.7369,5.3751,0
1.2702,-2.0867,0.4862,4.3238,5.0299,0
1.9351,-0.98374,0.32146,5.4616,5.1737,0
1.7451,-0.6503,0.17988,-6.5991,4.2532,0
0.51046,-1.5737,0.078196,-5.0062,3.3471,0
0.41548,-2.3175,0.04988,6.8269,4.0518,0
0.41548,-2.0354,0.038296,3.186,3.5628,0
0.79538,-0.82984,0.022851,-7.9645,4.8573,0
0.79538,0.24743,0.052454,-2.0479,4.4402,0
-0.43928,1.0682,0.11295,7.7372,4.6128,0
-1.1041,1.1452,0.085918,0.00013542,4.469,0
0.41548,0.76041,-0.024771,-8.4196,3.1313,0
2.315,0.55522,-0.10972,1.3655,3.4477,0
2.315,-0.18861,-0.12002,6.5994,2.4984,0
-0.34431,-1.5224,-0.090413,-3.8684,3.7786,0
-2.2438,-1.8302,-0.073681,-7.2818,4.0518,0
-1.1041,-0.77854,-0.046652,5.234,4.4833,0
-0.24933,-0.31686,-0.049226,4.5513,5.3751,0
0.13056,-0.18861,-0.072394,-7.5093,4.8429,0
0.60543,0.29873,-0.049226,-4.5511,5.8929,0
-0.24933,0.55522,-0.006752,6.8269,5.2888,0
-1.8639,0.40132,0.035722,0.2277,6.2957,0
-1.1991,0.55522,0.083344,-8.4196,6.7703,0
0.41548,0.88866,0.05889,0.45525,6.8422,0
1.4602,1.2734,-0.065958,7.7372,7.6621,0
1.4602,1.0682,-0.12516,-1.1377,6.7415,0
-0.059385,0.067882,-0.041503,-6.8267,7.36,0
-1.6739,-0.75289,0.084631,3.186,6.382,0
-0.15436,-1.4198,0.158,5.4616,6.3244,0
0.89035,-0.36816,0.08978,-5.4613,6.3532,0
0.41548,1.1452,-0.0518,-5.2337,5.7922,0
-0.43928,1.5299,-0.12774,7.0545,6.6552,0
0.035589,1.7351,-0.15219,2.9584,5.6772,0
-0.53425,1.812,-0.15992,-7.5093,6.2237,0
-1.6739,1.8633,-0.19595,-0.45498,5.6628,0
-1.0091,1.2477,-0.23585,7.7372,5.4758,0
-0.059385,0.24743,-0.21269,-1.3652,5.9361,0
0.7004,-0.62465,-0.17279,-7.7369,5.1737,0
1.7451,-1.1633,-0.11873,3.186,6.1087,0
2.125,-0.82984,-0.087839,6.8269,5.1018,0
2.125,-0.16296,-0.10457,-4.5511,5.1881,0
1.0803,-0.4451,-0.19209,-5.6889,4.5696,0
0.32051,-1.5737,-0.29635,5.4616,3.9368,0
0.60543,-2.6509,-0.3903,4.3238,4.7998,0
0.79538,-2.6766,-0.40575,-8.192,4.5553,0
0.035589,-1.3428,-0.36714,-2.9581,6.2669,0
0.98533,-0.18861,-0.3311,7.5096,6.008,0
1.4602,1.2221,-0.40189,0.45525,6.2813,0
0.41548,1.4529,-0.52416,-8.6471,6.6265,0
-0.34431,0.88866,-0.61297,-0.22742,6.2813,0
-0.15436,-0.18861,-0.60911,7.0545,7.7052,0
0.035589,-1.3428,-0.61168,-2.0479,7.2881,0
0.035589,-1.9584,-0.64901,-8.6471,8.2086,0
0.98533,-1.9328,-0.68376,2.0482,8.3093,0
1.5552,-1.2146,-0.58852,5.9167,8.1655,0
0.32051,0.32437,-0.45852,-5.4613,8.5682,0
0.035589,1.3503,-0.39417,-6.3715,6.8854,0
0.7004,0.45262,-0.30536,4.5513,6.9573,0
1.4602,-1.3941,-0.096848,3.8687,6.0224,0
1.2702,-2.8305,0.18374,-6.5991,6.497,0
0.32051,-3.1639,0.45917,-3.6408,7.058,0
-0.43928,-3.0613,0.66125,7.7372,6.2525,0
0.035589,-3.0613,0.7552,0.2277,6.31,0
0.7004,-2.7279,0.84273,-8.8747,4.1238,0
1.4602,-2.497,0.95856,0.68281,3.908,0
2.125,-3.3435,0.99074,7.282,3.419,0
1.5552,-3.9334,0.89936,-2.0479,3.8649,0
0.32051,-2.9074,0.6857,-7.5093,4.9005,0
-0.34431,-1.3172,0.5068,2.9584,4.397,0
-0.24933,-0.7016,0.37809,6.3718,5.1018,0
-0.15436,-0.80419,0.20433,-5.2337,3.8361,0
1.0803,-0.67595,0.044732,-5.4613,4.0375,0
1.4602,-0.88114,-0.0518,6.8269,3.8649,0
-0.24933,-0.98374,-0.0518,2.9584,3.5197,0
-1.1991,-1.3172,0.025425,-7.2818,4.4977,0
-0.81917,-1.5993,0.11938,-1.3652,3.721,0
0.60543,-1.2402,0.096215,7.9647,4.6272,0
1.3652,-0.75289,0.012554,0.2277,4.1094,0
1.0803,-0.88114,-0.065958,-7.2818,4.3107,0
0.41548,-0.67595,-0.036355,1.5931,4.5265,0
-0.34431,-0.29121,0.044732,7.5096,3.8361,0
-0.059385,-0.4451,0.10394,-2.7306,4.5553,0
0.7004,-0.29121,0.075622,-6.8267,3.3327,0
0.22554,-0.23991,0.020277,4.3238,3.6779,0
-0.43928,-0.77854,-0.0016037,5.6891,3.4909,0
-0.7242,-2.2919,0.029286,-6.8267,3.7066,0
0.13056,-3.2409,0.082057,-5.0062,4.5696,0
1.2702,-3.6513,0.10651,6.5994,3.606,0
1.5552,-3.087,0.11166,2.7309,4.1669,0
0.32051,-3.087,0.11295,-7.7369,3.2464,0
0.22554,-3.2665,0.10008,-1.3652,3.8936,0
1.1753,-3.1126,0.079483,6.5994,4.5409,0
1.8401,-2.5227,0.04988,-1.3652,4.469,0
1.2702,-2.0097,0.065325,-7.7369,5.3607,0
-0.91415,-1.1889,0.11938,2.2757,4.1669,0
-0.62923,-0.0090658,0.10651,5.6891,4.5121,0
0.79538,0.50392,0.060177,-5.4613,3.9224,0
0.79538,0.32437,0.051167,-5.4613,3.908,0
-0.15436,-0.0090658,0.048593,5.9167,4.3683,0
-0.62923,0.093531,0.022851,3.4135,3.6203,0
-1.389,0.42697,-0.06081,-7.7369,4.3395,0
-1.294,0.55522,-0.099422,-2.503,3.3327,0
-0.91415,0.42697,-0.10328,7.7372,3.9368,0
-0.7242,1.3503,-0.15992,0.45525,3.5484,0
-0.62923,1.4529,-0.2114,-8.192,3.3471,0
-1.1991,1.0169,-0.23457,0.45525,3.8361,0
-0.7242,1.4786,-0.2513,7.282,3.0306,0
0.51046,1.5299,-0.25001,-3.1857,3.908,0
0.32051,1.5042,-0.30793,-8.192,3.1169,0
0.22554,1.9916,-0.39674,4.0962,3.1601,0
1.9351,2.4276,-0.47139,7.282,2.6423,0
3.3597,2.9406,-0.48684,-4.0959,1.4484,0
2.125,3.0432,-0.47525,-6.3715,1.8799,0
0.41548,2.2481,-0.50743,6.3718,1.1752,0
0.7004,1.0682,-0.54733,4.0962,2.4697,0
0.7004,-0.34251,-0.53446,-7.0542,2.3834,0
0.22554,-1.0863,-0.4804,-2.7306,2.369,0
0.7004,-0.62465,-0.42248,9.1025,2.3978,0
1.9351,0.35002,-0.35298,0.91037,1.132,0
1.0803,0.11918,-0.23585,-6.8267,1.4772,0
-0.059385,-0.85549,-0.13804,1.8206,0.28339,0
-0.059385,-0.80419,-0.087839,6.8269,0.85873,0
2.125,0.14483,-0.083977,-2.7306,0.81558,0
3.2647,0.47827,-0.069819,-7.2818,0.39846,0
1.9351,0.14483,-0.0093262,4.0962,0.75804,0
1.8401,0.17048,0.056315,6.1442,-0.62276,0
0.79538,0.14483,0.16314,-6.8267,-0.11935,0
0.32051,-0.034715,0.25324,-6.5991,-1.1693,0
1.2702,0.40132,0.27383,6.5994,-1.27,0
0.79538,0.86301,0.22106,3.6411,-1.6296,0
-0.15436,0.76041,0.21334,-7.7369,-2.4351,0
-0.34431,1.1452,0.24166,-2.2755,-1.8166,0
-0.059385,2.0942,0.24423,8.1923,-2.9673,0
0.41548,2.3507,0.22879,0.91037,-2.4063,0
0.13056,2.325,0.079483,-8.192,-2.7803,0
0.13056,3.0945,-0.26288,0.2277,-2.4638,0
-0.53425,3.7101,-0.60267,7.0545,-1.3851,0
-1.6739,4.0692,-0.71336,-3.4133,-1.6296,0
-1.1041,4.0435,-0.68762,-8.192,-0.43578,0
-0.91415,4.1974,-0.68119,4.7789,-1.3707,0
-0.91415,4.813,-0.73138,6.1442,-1.3419,0
-0.15436,4.8643,-0.72495,-6.144,-1.9317,0
-0.059385,4.7617,-0.6799,-5.2337,-2.6508,0
-0.15436,4.1974,-0.64901,7.0545,-1.8885,0
-1.1991,4.2231,-0.64257,2.5033,-2.3488,0
-1.294,4.4796,-0.61941,-7.7369,-0.9392,0
0.035589,3.6588,-0.51387,-2.9581,-1.0255,0
-0.15436,2.915,-0.33625,7.7372,-0.46455,0
-1.1041,2.4789,-0.2217,0.00013542,-0.20565,0
-1.8639,2.5046,-0.12259,-8.192,-1.0974,0
-1.484,1.9916,0.031861,1.8206,-0.63715,0
-0.91415,1.1708,0.20047,6.8269,-1.7591,0
-1.1991,1.2221,0.31502,-3.8684,-1.2269,0
-1.1991,1.3503,0.41541,-6.8267,-1.1693,0
-0.24933,0.60652,0.49521,5.9167,-1.083,0
-0.15436,0.042233,0.54798,5.234,-0.47893,0
-1.0091,-0.72725,0.59561,-6.8267,-1.7591,0
-1.1991,-0.7016,0.65224,-4.0959,-1.7734,0
-0.91415,-0.90679,0.67154,7.282,-3.3125,0
-0.53425,-1.0094,0.67283,1.8206,-3.5138,0
-0.62923,-1.7789,0.78867,-8.192,-3.5138,0
0.035589,-1.8815,0.94055,-0.9101,-3.859,0
-0.059385,-1.3428,0.96629,7.9647,-2.7803,0
-1.0091,-1.0863,0.9148,-0.68254,-3.672,0
-1.294,-0.77854,0.84401,-8.6471,-3.0248,0
-0.81917,-0.4451,0.79253,2.7309,-3.6433,0
-0.81917,-0.41945,0.69471,6.8269,-3.2981,0
-0.53425,0.24743,0.55571,-4.7786,-2.4063,0
-1.1991,1.1195,0.42314,-6.3715,-2.3775,0
-1.8639,2.1455,0.31888,6.3718,-0.89605,0
-1.0091,2.9406,0.21849,5.234,-1.6728,0
0.13056,3.351,0.083344,-6.3715,-1.1693,0
-1.1041,3.787,-0.015762,-3.8684,-1.644,0
-0.53425,4.377,-0.096848,6.8269,-1.9604,0
-0.81917,4.2231,-0.14061,1.1379,-1.2988,0
-1.0091,4.5822,-0.22427,-9.1023,-2.0755,0
0.51046,5.762,-0.34397,-1.3652,-1.3563,0
1.3652,7.0958,-0.47911,7.7372,-2.5645,0
1.1753,7.737,-0.54218,-1.8203,-2.694,0
0.89035,7.9166,-0.47783,-8.4196,-3.1542,0
0.7004,7.1727,-0.45981,2.2757,-3.9597,0
-0.24933,5.8133,-0.55634,5.9167,-3.4563,0
-1.1991,4.5052,-0.60396,-5.4613,-4.4919,0
-0.24933,4.3257,-0.53575,-7.0542,-3.8015,0
0.60543,4.5565,-0.4508,5.4616,-4.4488,0
0.32051,4.7617,-0.41476,4.0962,-3.9885,0
0.13056,5.249,-0.46753,-7.9645,-3.3556,0
0.32051,5.2234,-0.46882,-2.7306,-3.7152,0
0.79538,4.0435,-0.29635,8.4198,-3.0823,0
0.89035,2.0172,-0.0016037,0.2277,-4.6357,0
-0.62923,0.58087,0.30601,-8.4196,-4.8083,0
-2.3388,0.016583,0.48878,2.2757,-6.4337,0
-2.9086,0.29873,0.50808,7.5096,-7.498,0
-1.7689,-0.26556,0.55184,-3.4133,-7.9727,0
-0.43928,-1.3941,0.65996,-6.3715,-9.4829,0
0.60543,-2.5996,0.83629,5.4616,-9.4542,0
0.22554,-3.7795,1.0358,5.234,-11.439,0
-0.62923,-4.1899,1.1928,-6.3715,-11.813,0
0.035589,-3.2922,1.225,-3.8684,-12.36,0
0.51046,-2.574,1.1606,6.8269,-12.374,0
0.22554,-2.5483,1.1297,2.5033,-10.706,0
-0.34431,-2.5996,1.1323,-8.192,-10.303,0
0.13056,-2.1636,1.1542,-0.45498,-8.2172,0
0.51046,-2.1123,1.2147,6.8269,-7.872,0
1.2702,-2.7279,1.3267,-0.68254,-6.9083,0
1.6501,-2.7535,1.3691,-7.9645,-6.1604,0
0.41548,-2.3431,1.3009,1.1379,-6.635,0
-0.53425,-1.2659,1.1812,6.5994,-5.7433,0
-0.62923,-0.6503,1.0898,-4.3235,-6.6494,0
-0.24933,-0.41945,1.0397,-6.5991,-5.2542,0
-0.53425,-0.4964,1.0126,6.8269,-4.4631,0
-1.1041,-0.4964,0.96629,3.6411,-3.4851,0
-0.81917,-0.599,0.93282,-6.8267,-2.2193,0
-1.484,-0.599,0.89807,-3.1857,-2.8666,0
-1.1991,-0.5477,0.86589,7.282,-1.8741,0
-0.15436,-0.6503,0.79382,0.2277,-2.4207,0
0.7004,-0.85549,0.69729,-8.6471,-1.644,0
0.035589,-1.2402,0.64194,0.2277,-1.1118,0
-1.1041,-1.3685,0.54927,6.3718,-1.0111,0
-0.91415,-1.3941,0.40898,-3.4133,0.41284,0
0.79538,-1.1633,0.29057,-7.5093,-0.29195,0
1.9351,-0.77854,0.18502,5.0064,0.096406,0
1.1753,-0.599,0.1181,5.234,-1.0399,0
0.035589,-0.36816,0.042157,-7.7369,-0.96797,0
-0.62923,0.042233,-0.022197,-4.7786,0.31216,0
-0.7242,0.70911,-0.072394,7.5096,0.71489,0
-0.62923,0.70911,-0.102,2.7309,2.1532,0
-0.7242,0.60652,-0.14447,-7.2818,0.95941,0
-0.7242,0.63217,-0.23972,-1.1377,0.78681,0
-0.62923,1.4273,-0.43278,7.5096,-0.594,0
-1.1991,2.2224,-0.64515,-1.1377,-2.6364,0
-1.9589,2.1198,-0.72623,-8.192,-4.7508,0
-0.81917,1.889,-0.68505,2.7309,-8.6919,0
0.41548,2.1455,-0.72881,7.0545,-9.9576,0
0.13056,2.7867,-0.87811,-4.3235,-11.123,0
-1.0091,3.4792,-0.99395,-6.8267,-9.5117,0
-1.7689,3.2997,-1.0377,4.7789,-7.3542,0
-0.24933,2.8637,-1.0622,5.6891,-5.8152,0
1.5552,2.9663,-1.1278,-6.5991,-4.0604,0
1.0803,3.0432,-1.1497,-4.3235,-4.8946,0
0.32051,2.7867,-1.0609,7.282,-4.6645,0
1.4602,2.6328,-0.93217,2.7309,-5.3405,0
0.32051,1.889,-0.87168,-7.7369,-4.7796,0
-0.34431,1.299,-0.83564,-1.1377,-3.557,0
0.98533,1.5812,-0.79574,7.282,-3.4994,0
1.9351,1.299,-0.75326,0.2277,-2.0755,0
0.41548,1.3503,-0.71336,-7.7369,-2.2193,0
-1.484,1.6838,-0.6902,1.3655,-0.52208,0
-1.579,2.0942,-0.71208,6.3718,-0.14811,0
-1.0091,2.2224,-0.69663,-5.0062,-0.594,0
-0.15436,1.9916,-0.63485,-6.8267,-0.53646,0
0.7004,1.8633,-0.5705,4.7789,-1.8741,0
-0.34431,1.3247,-0.49842,5.4616,-1.8741,0
-1.1041,0.58087,-0.41991,-7.2818,-3.859,0
-1.294,0.27308,-0.33882,-4.7786,-4.9234,0
-0.62923,0.47827,-0.29763,7.282,-6.2035,0
0.51046,0.81171,-0.33239,1.8206,-8.3179,0
0.035589,0.47827,-0.36971,-7.5093,-8.6056,0
-0.53425,-0.18861,-0.41218,0.45525,-9.6412,0
-0.059385,-0.23991,-0.51258,7.9647,-8.0446,0
1.0803,0.55522,-0.60911,-3.4133,-6.9371,0
1.4602,0.96561,-0.66703,-7.5093,-4.722,0
0.41548,1.5555,-0.67346,5.234,-1.6584,0
-0.34431,2.0429,-0.67089,5.4616,-0.95358,0
-1.6739,1.376,-0.65416,-5.9164,0.54229,0
-3.2885,0.29873,-0.55763,-4.5511,-0.45016,0
-3.0036,-0.599,-0.38387,7.5096,-0.53646,0
-1.7689,-0.72725,-0.21269,2.9584,-2.1474,0
-1.484,-0.62465,-0.0518,-7.9645,-3.8878,0
-1.389,-0.599,0.025425,-1.5928,-3.2118,0
0.32051,-0.599,0.026712,7.5096,-2.5789,0
0.7004,-0.4451,0.042157,0.45525,0.24024,0
-1.579,-1.2659,0.087205,-7.5093,1.3909,0
-2.0538,-1.7532,0.13097,2.0482,2.4409,0
-0.7242,-2.3944,0.23908,7.9647,2.5416,0
1.0803,-3.087,0.36264,-3.6408,0.45599,0
0.13056,-3.4461,0.41155,-7.2818,0.11079,0
-0.7242,-3.4974,0.41026,4.7789,-0.49331,0
-0.43928,-3.2152,0.37423,6.1442,2.1532,0
1.2702,-2.8561,0.30858,-6.8267,4.9005,0
1.4602,-2.6766,0.23393,-5.4613,6.2094,0
1.5552,-2.8818,0.16443,6.8269,6.1231,0
1.5552,-3.0357,0.11295,3.8687,1.5347,0
-0.059385,-2.8048,0.065325,-6.8267,-3.0823,0
-0.43928,-2.138,-0.02091,-2.0479,-8.7206,0
0.035589,-1.5224,-0.19081,7.7372,-11.612,0
-0.43928,0.11918,-0.40318,0.00013542,-12.029,0
-1.1041,1.4016,-0.57307,-7.9645,-10.72,0
-1.8639,1.812,-0.64,1.8206,-6.5631,0
-0.34431,1.889,-0.66703,7.282,-5.0385,0
1.5552,1.8633,-0.67604,-4.0959,-4.1898,0
0.98533,1.812,-0.67475,-7.5093,-6.0885,0
-0.34431,1.8377,-0.67475,4.0962,-7.2679,0
-0.62923,1.889,-0.67604,5.4616,-6.6063,0
-0.15436,1.8377,-0.67218,-6.8267,-5.4556,0
1.7451,1.8633,-0.67604,-4.5511,-1.8022,0
3.2647,1.8633,-0.67475,7.0545,-0.13373,0
1.8401,1.889,-0.67346,1.5931,2.1388,0
0.7004,1.8633,-0.63614,-7.9645,2.4984,0
1.3652,1.3247,-0.22813,-2.0479,2.0382,0
1.5552,0.78606,-0.0119,6.8269,2.2539,0
0.98533,-0.13731,0.08978,-1.3652,1.0026,0
1.4602,-1.112,0.158,-6.8267,1.7505,0
0.89035,-1.9584,0.20819,2.5033,1.5779,0
-0.24933,-2.7022,0.30987,7.282,2.556,0
0.51046,-3.0357,0.43343,-4.0959,2.2971,0
2.7898,-3.3435,0.42957,-7.2818,-0.033045,0
2.315,-4.0617,0.41799,5.6891,-2.1762,0
1.7451,-4.985,0.49264,4.0962,-6.4193,0
1.5552,-5.498,0.53383,-6.5991,-8.5912,0
0.32051,-5.5493,0.54541,-3.1857,-11.051,0
0.22554,-5.6006,0.54927,7.5096,-11.77,0
-0.15436,-5.575,0.54927,1.8206,-11.151,0
-1.0091,-5.575,0.54927,-7.9645,-12,0
-0.62923,-5.6006,0.54798,0.00013542,-11.64,0
0.98533,-5.5493,0.54541,7.5096,-13.654,0
1.8401,-5.5493,0.55056,-2.9581,-14.719,0
1.2702,-5.6006,0.54927,-7.0542,-16.358,0
0.51046,-5.6263,0.54798,4.5513,-17.84,0
1.2702,-5.3441,0.51323,6.3718,-17.509,0
1.4602,-2.2149,0.12711,-5.4613,-18.113,0
0.89035,-0.034715,-0.11101,-4.5511,-16.373,0
-0.43928,0.83736,-0.1818,7.0545,-15.208,0
-0.43928,1.376,-0.21655,4.3238,-12.532,0
-0.15436,1.6838,-0.30793,-7.0542,-9.6124,0
-0.7242,1.5555,-0.40575,-2.0479,-8.0158,0
0.7004,1.4529,-0.52416,7.282,-5.4556,0
0.60543,1.6581,-0.5602,0.2277,-4.9953,0
-1.0091,2.0429,-0.53317,-8.8747,-3.2837,0
-0.81917,2.0429,-0.50486,0.91037,-2.3775,0
-0.34431,2.1198,-0.4109,6.8269,-1.3419,0
-0.53425,1.4273,-0.27961,-4.0959,0.44161,0
-1.294,0.55522,-0.16635,-7.5093,0.11079,0
-1.1991,-0.034715,-0.083977,4.3238,0.93064,0
-0.15436,-0.4451,-0.0016037,4.7789,-0.19126,0
0.035589,-0.93244,0.11166,-6.3715,-0.29195,0
-1.1991,-1.2146,0.16572,-5.0062,-0.82413,0
-1.1991,-0.82984,0.16186,7.0545,-1.8741,0
-1.0091,-0.13731,0.13869,2.2757,-1.5577,0
-0.24933,-0.16296,0.17859,-8.4196,-2.1186,0
0.7004,-0.95809,0.29829,-1.8203,0.90188,0
0.32051,-1.3172,0.4167,8.1923,3.6635,0
-0.53425,-0.90679,0.40512,-1.1377,5.2457,0
0.51046,-0.95809,0.34848,-8.192,2.4697,0
0.51046,-1.2146,0.30086,2.7309,-5.7433,0
-0.62923,-0.90679,0.25581,6.3718,-13.755,0
-1.484,-0.93244,0.20176,-5.2337,-21.536,0
-0.91415,-1.2402,0.18502,-5.4613,-24.442,0
-0.15436,-1.3941,0.20176,5.9167,-24.672,0
1.1753,-1.4198,0.20176,3.8687,-22.96,0
0.13056,-1.2659,0.1979,-7.5093,-19.307,0
-2.0538,-0.34251,0.17215,-2.0479,-17.005,0
-1.6739,0.63217,0.15928,8.1923,-12.662,0
0.13056,0.42697,0.14512,0.91037,-9.1953,0
-0.62923,0.17048,0.12839,-8.4196,-4.1755,0
-1.579,0.19613,0.15027,0.2277,1.4628,0
-1.579,0.70911,0.14126,6.8269,6.0943,0
-0.34431,1.2734,0.073047,-1.1377,10.51,0
0.035589,1.1708,0.020277,-6.5991,10.711,0
-0.53425,1.0426,-0.054374,4.7789,9.8484,0
0.32051,0.78606,-0.1612,5.9167,6.3244,0
-0.059385,0.68346,-0.21783,-5.4613,3.0306,0
-0.24933,0.91431,-0.2513,-5.2337,1.5204,0
-1.294,1.299,-0.3105,6.5994,0.15394,0
-2.1488,1.7607,-0.35813,2.5033,1.132,0
-1.389,2.0429,-0.38129,-7.9645,0.038872,0
-1.484,1.7094,-0.41733,-1.5928,-0.7666,0
-1.8639,1.2734,-0.49842,8.1923,-3.4419,0
-1.389,1.3503,-0.54347,-0.9101,-7.57,0
0.32051,1.6838,-0.4701,-8.4196,-10.504,0
1.2702,1.5555,-0.32981,3.186,-14.071,0
0.89035,1.7607,-0.2114,7.5096,-14.402,0
1.3652,2.325,-0.15605,-5.4613,-15.193,0
2.6949,2.2994,-0.14576,-6.144,-14.603,0
3.5496,2.2737,-0.13804,6.3718,-14.963,0
3.8345,2.0172,-0.15091,4.3238,-17.149,0
1.2702,1.8633,-0.14061,-7.7369,-18.473,0
-1.9589,1.6068,-0.13417,-2.9581,-21.565,0
-2.1488,1.7607,-0.15219,7.9647,-22.097,0
1.5552,2.0685,-0.17793,0.45525,-22.615,0
3.7396,1.7094,-0.16506,-8.4196,-22.155,0
2.03,1.2221,-0.11744,1.1379,-20.357,0
0.22554,0.73476,-0.047939,7.5096,-19.71,0
-0.7242,0.40132,-0.0093262,-3.6408,-17.638,0
-0.059385,0.47827,-0.018336,-6.5991,-18.041,0
0.035589,0.24743,-0.046652,4.5513,-17.883,0
0.79538,-0.23991,-0.014475,5.234,-17.84,0
2.9798,-0.85549,0.043444,-5.9164,-17.336,0
2.9798,-0.95809,0.08978,-5.0062,-14.618,0
0.79538,-0.75289,0.10909,7.5096,-13.338,0
0.89035,0.14483,0.085918,1.8206,-10.734,0
1.1753,0.50392,0.046019,-7.5093,-10.26,0
-0.34431,0.14483,-0.0028907,-1.3652,-10.044,0
-1.7689,0.29873,-0.023484,7.9647,-9.9144,0
-1.484,0.50392,0.0099801,0.2277,-10.59,0
-0.34431,0.32437,0.035722,-7.7369,-8.9508,0
1.0803,-0.0090658,0.012554,1.3655,-8.6631,0
1.5552,-0.13731,0.01899,7.7372,-7.0521,0
-0.059385,-0.0090658,0.04087,-2.9581,-7.0521,0
-1.1041,-0.5477,0.062751,-7.0542,-7.7426,0
-0.7242,-1.1633,0.11166,5.9167,-8.059,0
-1.579,-0.93244,0.19403,6.3718,-9.4973,0
-0.81917,-1.1376,0.27383,-5.9164,-8.548,0
0.22554,-1.6763,0.3266,-5.0062,-8.7925,0
0.41548,-2.061,0.297,7.9647,-7.5556,0
-1.1041,-1.9328,0.19275,2.5033,-6.635,0
-2.1488,-1.8558,0.10136,-7.9645,-6.5919,0
-0.15436,-1.3172,0.087205,-0.9101,-5.9302,0
2.9798,-1.0863,0.1181,7.282,-7.3973,0
3.4546,-0.93244,0.12711,-2.503,-7.1384,0
2.03,-0.52205,0.10522,-8.192,-7.5556,0
0.7004,0.042233,0.070473,3.6411,-6.448,0
-0.43928,0.37567,0.029286,5.9167,-4.4344,0
-0.62923,0.042233,-0.0028907,-6.3715,-3.183,0
0.035589,0.11918,-0.035068,-6.8267,-1.0974,0
1.2702,0.22178,-0.062097,6.5994,-1.8885,0
1.3652,0.47827,-0.099422,3.186,-2.3056,0
0.98533,0.91431,-0.15348,-7.9645,-3.6289,0
1.4602,1.4529,-0.2217,-2.2755,-4.1179,0
1.4602,1.3503,-0.26417,7.7372,-2.7803,0
-0.15436,1.5555,-0.28734,0.45525,-2.4063,0
-1.0091,1.7607,-0.2809,-8.192,-0.49331,0
-0.7242,1.6068,-0.22942,0.68281,-1.083,0
-1.294,1.4529,-0.21397,6.5994,-1.7015,0
-1.294,1.1195,-0.20754,-2.2755,-3.1542,0
-0.81917,0.78606,-0.22556,-7.2818,-5.1967,0
-1.1991,0.35002,-0.23457,5.0064,-5.2255,0
-2.3388,-0.060364,-0.26417,5.4616,-6.0885,0
-2.9086,-0.4451,-0.28991,-6.5991,-4.5063,0
-1.1991,-0.6503,-0.26674,-4.5511,-3.9597,0
-0.15436,-1.4198,-0.20754,6.5994,-3.6145,0
-0.34431,-2.2919,-0.14061,2.7309,-3.6001,0
-0.7242,-2.3688,-0.094274,-8.192,-5.4412,0
-1.1991,-2.497,-0.054374,0.00013542,-5.8152,0
-1.9589,-2.3688,-0.089126,8.6474,-7.3254,0
-1.0091,-2.061,-0.13675,-0.45498,-6.8939,0
0.51046,-1.5993,-0.21397,-7.5093,-6.3474,0
0.7004,-0.93244,-0.24358,3.4135,-6.3474,0
0.79538,-0.6503,-0.21655,6.3718,-5.585,0
0.22554,-0.57335,-0.14704,-4.7786,-7.1672,0
0.89035,-0.6503,-0.053087,-6.144,-7.2247,0
3.0747,-1.1376,0.060177,6.1442,-8.5768,0
3.5496,-1.6763,0.167,3.8687,-9.2816,0
2.03,-2.0097,0.2571,-7.2818,-9.5692,0
0.7004,-2.0354,0.25067,-3.6408,-10.821,0
0.13056,-2.138,0.20819,7.7372,-10.533,0
0.32051,-2.1893,0.18245,0.68281,-11.827,0
0.13056,-1.9841,0.14641,-7.5093,-11.41,0
1.2702,-1.8815,0.083344,0.91037,-11.856,0
1.8401,-2.0867,0.012554,7.0545,-11.957,0
1.6501,-2.2919,0.04988,-3.6408,-11.166,0
1.5552,-3.1126,0.19661,-7.0542,-11.784,0
2.125,-4.4464,0.31116,4.5513,-10.734,0
1.0803,-5.5493,0.38066,4.0962,-11.382,0
-0.24933,-5.6006,0.44115,-7.5093,-10.49,0
-0.059385,-5.0107,0.4862,-3.6408,-9.6555,0
-0.059385,-4.2412,0.52739,7.0545,-9.1377,0
-1.1991,-3.1896,0.51709,1.5931,-8.059,0
-1.1991,-3.01,0.48492,-7.7369,-9.1809,0
0.32051,-2.7279,0.51452,-1.3652,-8.6343,0
1.6501,-2.9844,0.60333,7.5096,-9.0227,0
1.5552,-3.0613,0.66125,-0.68254,-8.1597,0
-0.24933,-2.8561,0.67669,-7.0542,-6.7932,0
-1.579,-3.01,0.6857,2.5033,-6.4049,0
-2.1488,-3.6256,0.71659,6.8269,-4.6501,0
-1.294,-4.4464,0.71402,-4.0959,-5.0241,0
-1.1041,-4.6003,0.67541,-7.0542,-4.4056,0
0.035589,-4.2668,0.64065,5.4616,-4.6933,0
1.8401,-4.2925,0.59303,5.0064,-4.6933,0
2.03,-4.8311,0.57373,-6.144,-3.7008,0
-0.62923,-4.8824,0.56729,-4.5511,-4.1179,0
-1.6739,-4.7542,0.52868,7.282,-3.1111,0
-1.0091,-4.6516,0.49135,2.7309,-3.9885,0
-1.389,-3.8821,0.41413,-7.2818,-3.6864,0
-1.7689,-2.6766,0.24423,-1.1377,-3.9309,0
-2.8136,-1.548,0.061464,8.6474,-4.3481,0
-2.3388,-1.3941,-0.02091,0.2277,-3.8878,0
-0.62923,-1.8558,0.007406,-7.9645,-4.6933,0
0.035589,-1.2915,0.073047,2.0482,-3.6289,0
-0.43928,-0.13731,0.074335,6.5994,-3.7152,0
0.035589,0.52957,0.0086931,-4.0959,-2.9529,0
0.13056,0.65782,-0.058236,-6.3715,-2.5933,0
-1.0091,0.83736,-0.0917,6.3718,-3.4707,0
-1.294,1.2734,-0.19209,5.0064,-3.0392,0
0.035589,1.5042,-0.32338,-6.8267,-4.1611,0
1.3652,0.50392,-0.31565,-4.0959,-3.183,0
-0.24933,-0.85549,-0.19338,7.7372,-2.6796,0
-0.53425,-0.75289,-0.14962,2.0482,-1.8022,0
0.41548,0.45262,-0.20496,-7.9645,-0.39263,0
0.60543,1.4016,-0.29892,0.00013542,-0.65153,0
-0.91415,1.5812,-0.38516,7.282,0.54229,0
-2.9086,1.812,-0.48297,-1.3652,-0.19126,0
-1.7689,2.325,-0.5705,-9.1023,0.038872,0
-0.059385,1.812,-0.62584,2.2757,-0.11935,0
0.7004,1.5299,-0.62842,6.1442,-0.55085,0
0.22554,1.0939,-0.56149,-5.0062,0.65736,0
0.41548,-0.034715,-0.45595,-6.8267,0.053256,0
-0.059385,-0.7016,-0.39417,6.1442,0.67174,0
0.035589,-0.18861,-0.40575,3.4135,-0.34948,0
0.60543,-0.4451,-0.40189,-7.2818,-0.29195,0
0.60543,-1.0607,-0.32595,-3.8684,0.67174,0
1.4602,-1.6506,-0.23843,6.5994,0.72928,0
1.4602,-1.8815,-0.16378,0.45525,2.0813,0
-0.34431,-1.8558,-0.095561,-7.7369,0.82996,0
-0.7242,-2.6253,0.0035447,0.45525,0.38407,0
0.41548,-3.523,0.11681,6.8269,-0.91043,0
1.3652,-3.7795,0.14641,-3.6408,-2.3056,0
0.79538,-2.8818,0.10136,-7.2818,-1.9317,0
-0.059385,-2.5996,0.016416,5.0064,-2.6508,0
-0.91415,-2.3431,-0.046652,5.234,-1.1693,0
-0.91415,-1.9071,-0.078829,-6.5991,-1.0399,0
-0.53425,-1.3941,-0.078829,-3.8684,-0.34948,0
-1.294,-1.5993,-0.064671,7.7372,-0.2488,0
-0.53425,-1.9584,-0.069819,2.7309,-1.3851,0
-0.15436,-1.9841,-0.12259,-7.9645,-0.88167,0
-0.34431,-1.8045,-0.18437,-1.3652,-1.7878,0
-1.1041,-1.3172,-0.21269,8.6474,-0.80975,0
-0.62923,-0.90679,-0.2513,-0.45498,-1.2988,0
0.41548,-1.1889,-0.21912,-8.192,-2.0467,0
0.60543,-1.8815,-0.11744,2.0482,-3.3268,0
0.22554,-1.9328,0.031861,7.282,-6.1172,0
-0.34431,-1.3428,0.13611,-2.7306,-6.1604,0
0.035589,-0.57335,0.18245,-7.7369,-6.333,0
-0.7242,-0.21426,0.20948,4.0962,-3.8303,0
-1.1991,-0.13731,0.19403,5.234,-1.7303,0
0.13056,0.067882,0.11938,-5.6889,-0.37825,0
0.41548,0.47827,0.035722,-5.2337,1.4053,0
-0.91415,0.65782,-0.027345,6.5994,1.2327,0
-2.7186,0.86301,-0.044078,2.5033,2.4841,0
-1.7689,0.99126,0.00097052,-8.4196,1.7505,0
-1.579,0.22178,0.04988,-2.2755,1.8368,0
-1.9589,-0.13731,0.082057,7.282,1.4628,0
-0.24933,0.042233,0.11552,0.00013542,0.48476,0
0.98533,0.093531,0.10394,-8.4196,1.0745,0
-0.24933,-0.5477,0.10008,1.3655,0.39846,0
-0.34431,-1.1889,0.11166,6.3718,1.5923,0
1.1753,-1.4198,0.17087,-3.6408,1.1032,0
1.2702,-1.5993,0.23908,-7.2818,0.82996,0
0.41548,-1.0607,0.25968,4.7789,0.25462,0
0.22554,-0.7016,0.22235,5.4616,-1.3851,0
0.7004,-0.75289,0.21077,-6.144,-1.0255,0
0.79538,-0.67595,0.16057,-4.7786,-2.1618,0
0.32051,-0.3938,0.08978,6.8269,-1.5289,0
0.13056,-0.4964,0.048593,2.2757,-1.7015,0
1.3652,-0.599,0.057602,-7.7369,-1.946,0
1.4602,-0.52205,0.061464,-1.3652,-1.5289,0
-0.24933,-0.18861,-0.0093262,7.0545,-2.8953,0
-1.484,-0.31686,-0.090413,-1.1377,-2.4063,0
-2.1488,-0.034715,-0.12388,-7.9645,-3.2837,0
-1.389,0.68346,-0.12259,3.186,-2.809,0
-0.81917,0.91431,-0.14704,7.0545,-2.5933,0
-0.7242,0.81171,-0.241,-3.6408,-3.4131,0
0.41548,1.1452,-0.38644,-7.9645,-3.0967,0
1.2702,1.6325,-0.51,5.4616,-4.42,0
0.89035,1.4786,-0.53832,4.5513,-3.7727,0
-1.1041,0.91431,-0.44951,-7.2818,-3.8446,0
-2.4337,0.37567,-0.28348,-3.6408,-3.5714,0
-1.7689,-0.0090658,-0.10714,7.7372,-2.9385,0
-1.1041,-0.4451,0.038296,1.5931,-3.6864,0
-1.389,-0.90679,0.10136,-7.9645,-2.809,0
-1.389,-1.4967,0.14384,0.45525,-3.4851,0
-0.62923,-1.7789,0.21849,8.1923,-2.32,0
-0.62923,-1.8558,0.26096,-2.0479,-1.7159,0
0.035589,-1.548,0.27383,-7.2818,-1.3707,0
-0.62923,-0.88114,0.25067,3.4135,-0.22003,0
-1.0091,-0.85549,0.19918,6.5994,-0.66591,0
-0.15436,-0.7016,0.12968,-5.2337,0.45599,0
0.79538,-0.13731,0.10136,-6.3715,-0.20565,0
0.13056,-0.29121,0.092354,6.5994,0.024489,0
-1.0091,-0.29121,0.04988,3.8687,0.038872,0
-0.62923,-0.21426,-0.00031657,-7.9645,-0.65153,0
0.89035,0.35002,-0.0080391,-2.9581,-0.27756,0
0.79538,0.50392,0.047306,7.7372,-1.5289,0
-0.91415,-0.11166,0.15671,0.00013542,-0.9392,0
-1.294,-0.21426,0.2275,-9.1023,-1.0543,0
-1.389,0.22178,0.2468,1.8206,-0.91043,0
-1.7689,0.067882,0.30215,7.0545,-0.27756,0
-1.579,-0.13731,0.34076,-4.3235,-1.0399,0
-1.484,-0.13731,0.32789,-7.0542,-0.14811,0
-0.62923,-0.0090658,0.29057,5.0064,-1.0399,0
0.51046,-0.11166,0.28413,5.0064,-0.46455,0
0.13056,-0.6503,0.33304,-6.8267,-0.95358,0
-1.0091,-0.7016,0.3768,-5.2337,-1.7159,0
-1.6739,-0.57335,0.37551,7.5096,-2.0467,0
-0.34431,-0.086014,0.29829,2.7309,-3.7152,0
0.51046,0.68346,0.15413,-7.2818,-3.1399,0
1.3652,1.5042,0.066612,-2.7306,-3.7727,0
2.125,2.0942,0.034435,7.5096,-3.1255,0
1.7451,2.2224,0.0061189,0.00013542,-3.0536,0
0.98533,2.2737,0.0035447,-8.4196,-3.6145,0
0.7004,2.2224,-0.006752,0.91037,-2.9241,0
0.89035,2.0429,-0.047939,7.282,-3.744,0
0.79538,2.2224,-0.083977,-3.1857,-2.7227,0
0.79538,2.4533,-0.14447,-6.3715,-3.2837,0
0.89035,2.2737,-0.20496,5.234,-3.3556,0
0.89035,1.7094,-0.23199,5.6891,-3.0536,0
0.89035,1.3247,-0.24744,-6.144,-3.4131,0
1.4602,1.0426,-0.23199,-4.3235,-1.8597,0
0.89035,0.45262,-0.23457,7.9647,-2.3632,0
-0.43928,-0.31686,-0.26417,3.186,-1.8885,0
-0.7242,-0.77854,-0.29249,-7.2818,-2.5933,0
-0.15436,-0.4964,-0.32209,-0.45498,-3.3268,0
-1.294,-0.26556,-0.31823,9.3301,-2.9241,0
-1.1991,-0.16296,-0.24615,-0.22742,-3.859,0
-1.0091,0.35002,-0.18694,-7.9645,-2.9529,0
-3.0036,1.1195,-0.21783,3.4135,-3.6864,0
-4.0483,1.889,-0.29377,7.282,-3.0967,0
-2.0538,2.2481,-0.34397,-5.6889,-2.6364,0
-0.059385,2.2224,-0.38516,-5.4613,-2.9385,0
0.035589,2.0172,-0.38644,5.9167,-2.3056,0
2.03,1.6068,-0.37357,4.5513,-3.4563,0
3.8345,1.9916,-0.39288,-6.8267,-2.9529,0
1.8401,2.4276,-0.41218,-4.3235,-3.4275,0
-0.059385,2.4533,-0.41991,7.7372,-3.2262,0
-1.1991,2.6072,-0.39545,2.0482,-2.5214,0
-1.6739,2.6328,-0.35555,-8.6471,-2.5645,0
-1.0091,2.7098,-0.28862,-2.7306,-1.1406,0
-0.62923,2.6841,-0.18694,6.8269,-1.9173,0
-0.7242,2.4533,-0.12002,-1.1377,-1.5002,0
-1.1041,2.5815,-0.10071,-7.5093,-2.4351,0
-1.1991,2.8893,-0.074968,2.0482,-3.0823,0
-0.34431,2.7611,-0.032494,6.5994,-2.5358,0
1.2702,2.6841,0.020277,-4.5511,-2.4782,0
1.1753,2.6841,0.047306,-7.2818,-0.3351,0
0.98533,2.0942,0.092354,4.7789,-0.26318,0
1.8401,1.5812,0.158,5.234,0.082022,0
1.4602,0.63217,0.19017,-6.8267,-0.32071,0
1.0803,0.24743,0.20047,-4.5511,-1.0687,0
-0.24933,-0.034715,0.21077,7.282,0.11079,0
-2.4337,-0.41945,0.22364,2.0482,-0.27756,0
-2.3388,-0.23991,0.17344,-7.7369,1.2183,0
-1.1041,0.042233,0.042157,-0.68254,1.1608,0
0.035589,0.93996,-0.099422,7.9647,1.0889,0
1.1753,1.0169,-0.17021,-0.68254,0.82996,0
1.8401,0.55522,-0.1715,-7.7369,-1.0111,0
1.7451,0.58087,-0.20882,4.0962,-1.27,0
1.5552,1.4529,-0.3607,6.5994,-3.0823,0
0.89035,2.4276,-0.52545,-5.0062,-2.7371,0
0.41548,2.2481,-0.57307,-6.5991,-2.4782,0
0.7004,1.9403,-0.48941,5.9167,-2.018,0
0.7004,1.376,-0.31179,3.6411,-0.39263,0
0.89035,1.6068,-0.17021,-7.7369,-0.10496,0
0.13056,2.2224,-0.069819,-2.7306,1.6786,0
0.13056,1.8633,0.012554,7.7372,1.4484,0
1.2702,1.5812,0.053741,1.8206,1.7649,0
0.7004,1.9146,0.087205,-7.0542,1.6067,0
-0.24933,1.6581,0.14641,0.91037,1.0457,0
-0.15436,1.0939,0.24938,7.5096,1.9519,0
1.7451,0.22178,0.32146,-2.503,0.94503,0
2.6949,-0.6503,0.33047,-7.7369,1.5204,0
1.4602,-0.7016,0.34977,4.0962,0.80119,0
0.035589,-0.41945,0.34977,5.6891,0.28339,0
1.2702,-0.4964,0.29185,-6.144,0.34092,0
0.7004,-0.77854,0.16443,-5.0062,-0.95358,0
-2.6237,0.067882,-0.0041778,6.8269,-0.49331,0
-2.5287,0.99126,-0.13804,2.2757,-1.6152,0
-0.059385,0.63217,-0.15992,-7.5093,-1.5577,0
0.51046,0.29873,-0.17279,-0.9101,-2.0036,0
-0.81917,0.99126,-0.19853,7.282,-2.7515,0
-1.294,1.5555,-0.17021,-2.0479,-1.7015,0
-0.62923,1.5812,-0.10843,-7.9645,-2.1186,0
-0.15436,1.5042,-0.064671,2.2757,-1.0687,0
1.8401,1.1708,-0.023484,6.5994,-1.7591,0
2.6949,1.2477,0.066612,-4.3235,-2.1474,0
0.7004,0.58087,0.14899,-7.5093,-2.0467,0
-1.389,-0.47075,0.17473,5.0064,-2.6652,0
-1.484,-0.90679,0.16314,5.4616,-1.3707,0
-0.15436,-0.13731,0.16186,-6.3715,-1.5577,0
1.1753,0.63217,0.17087,-5.4613,-0.46455,0
2.6949,0.37567,0.20562,7.5096,-0.57961,0
2.315,-0.0090658,0.23522,3.186,-1.2844,0
1.8401,0.14483,0.22879,-6.3715,-1.3851,0
0.89035,0.76041,0.21205,-1.8203,-2.6796,0
0.32051,0.96561,0.2275,8.1923,-1.6152,0
1.3652,1.3503,0.22492,0.00013542,-1.7159,0
0.7004,1.5812,0.11295,-7.2818,-0.72345,0
-0.62923,1.299,-0.02091,2.5033,-0.10496,0
-2.7186,1.3247,-0.090413,7.5096,-0.60838,0
-3.2885,0.78606,-0.077542,-3.4133,-0.14811,0
-2.4337,0.32437,0.021564,-7.0542,-1.5289,0
-0.62923,-0.034715,0.18631,5.4616,-1.1837,0
0.98533,-0.21426,0.24294,5.234,-1.7591,0
1.4602,-0.21426,0.21077,-6.8267,-1.7878,0
1.7451,0.042233,0.23007,-3.8684,-1.2556,0
1.5552,-0.16296,0.30086,7.5096,-2.3488,0
1.7451,-1.4454,0.3665,2.5033,-1.8454,0
0.89035,-2.3688,0.38452,-8.192,-3.0823,0
-0.81917,-2.3431,0.38066,-1.1377,-2.5214,0
-1.1991,-2.0354,0.35621,7.282,-2.2337,0
0.32051,-1.6506,0.34591,-1.8203,-2.3344,0
0.51046,-1.7532,0.33175,-8.4196,-1.5433,0
-0.24933,-1.8045,0.3369,2.7309,-2.5645,0
-0.34431,-1.8045,0.37809,6.3718,-2.1618,0
-0.24933,-1.548,0.41799,-6.3715,-3.4851,0
1.1753,-1.2146,0.38066,-6.8267,-3.6289,0
0.79538,-0.98374,0.28284,6.1442,-3.3844,0
-0.24933,-0.47075,0.21463,2.9584,-4.1467,0
-1.1041,-0.23991,0.14641,-7.0542,-3.8159,0
-1.294,0.11918,0.051167,-2.0479,-5.4412,0
-0.34431,1.2221,-0.067245,7.0545,-5.47,0
0.79538,2.5302,-0.22813,0.2277,-6.4337,0
0.79538,2.9919,-0.31308,-7.5093,-7.3973,0
1.4602,3.351,-0.33753,1.8206,-7.383,0
1.4602,3.4536,-0.36456,6.5994,-8.361,0
0.7004,3.1971,-0.36456,-4.3235,-6.9371,0
-1.484,2.8124,-0.3414,-7.2818,-6.7069,0
-1.8639,2.4789,-0.31308,5.0064,-5.3981,0
0.13056,2.4276,-0.34011,5.0064,-4.8515,0
1.7451,1.8633,-0.33625,-6.8267,-5.3549,0
2.22,1.2221,-0.2616,-4.0959,-5.0097,0
0.98533,0.52957,-0.18823,8.4198,-6.5919,0
-1.294,-0.0090658,-0.15734,2.7309,-6.5343,0
-3.2885,-0.72725,-0.12645,-7.7369,-7.009,0
-1.7689,-1.4711,-0.059523,-0.9101,-6.5487,0
-0.43928,-2.574,0.027999,7.282,-5.3261,0
-1.1041,-3.2665,0.10136,0.45525,-5.3118,0
-1.294,-3.3435,0.16443,-7.5093,-4.3193,0
0.51046,-2.3944,0.21205,2.9584,-5.6426,0
1.6501,-1.7019,0.29185,7.282,-5.8152,0
1.6501,-0.93244,0.31888,-3.8684,-6.635,0
0.89035,-0.36816,0.2468,-6.5991,-6.8652,0
2.03,0.042233,0.17344,5.4616,-5.5419,0
2.6949,-0.034715,0.15285,5.0064,-5.4412,0
1.8401,0.093531,0.13998,-6.3715,-3.7152,0
1.7451,0.45262,0.082057,-4.0959,-3.9166,0
1.4602,0.60652,0.022851,7.9647,-3.7152,0
0.89035,0.88866,-0.019623,2.2757,-4.1898,0
0.32051,1.299,-0.068532,-7.9645,-5.6426,0
-0.34431,2.1968,-0.11615,-1.1377,-5.6138,0
-0.53425,2.0942,-0.18694,8.1923,-6.7357,0
0.22554,2.1198,-0.28734,-0.22742,-5.3693,0
0.51046,2.2224,-0.35427,-8.192,-5.096,0
0.89035,2.2481,-0.36714,1.1379,-4.3768,0
0.13056,1.7351,-0.38644,5.9167,-3.7152,0
0.13056,1.1708,-0.37229,-3.8684,-4.6357,0
0.035589,0.78606,-0.34397,-7.2818,-3.859,0
-0.43928,0.63217,-0.35941,4.3238,-4.7796,0
-0.43928,0.81171,-0.34912,4.3238,-3.8015,0
0.51046,0.76041,-0.28991,-7.0542,-3.1399,0
1.2702,0.65782,-0.22427,-5.0062,-2.7227,0
-0.15436,1.0939,-0.1612,7.5096,-1.3851,0
-1.6739,1.1452,-0.11744,2.0482,-2.1186,0
-1.579,1.1195,-0.12388,-8.192,-1.5433,0
0.13056,1.3247,-0.13031,-1.3652,-2.5789,0
1.6501,1.889,-0.14061,7.282,-2.6652,0
1.2702,1.4273,-0.085264,-1.3652,-2.5358,0
-0.24933,1.0682,0.0048318,-8.6471,-3.0392,0
-0.7242,1.0169,0.078196,2.5033,-2.0467,0
0.60543,1.0169,0.10909,6.5994,-2.9816,0
0.60543,0.99126,0.12582,-5.4613,-2.507,0
-0.7242,1.3247,0.12968,-5.2337,-3.1686,0
-1.294,1.376,0.083344,7.0545,-3.6577,0
-0.81917,1.1195,0.075622,3.8687,-3.0536,0
-0.62923,0.81171,0.098789,-7.7369,-3.7152,0
-0.34431,0.58087,0.11681,-2.7306,-2.4351,0
-0.7242,0.63217,0.083344,8.1923,-2.809,0
-0.059385,0.91431,-0.023484,0.91037,-2.133,0
-0.059385,0.99126,-0.10071,-7.2818,-2.0611,0
-0.43928,0.96561,-0.11358,2.5033,-2.694,0
-0.62923,1.0939,-0.090413,7.5096,-2.0323,0
-1.389,1.2477,-0.086552,-2.2755,-3.0536,0
-2.5287,0.93996,-0.071106,-7.5093,-2.2481,0
-2.1488,0.88866,-0.022197,3.6411,-2.4063,0
-0.43928,0.99126,-0.0093262,5.6891,-2.2337,0
1.1753,1.0682,-0.022197,-6.144,-1.6728,0
1.2702,0.99126,-0.037642,-4.7786,-2.3632,0
-0.15436,0.50392,-0.047939,7.0545,-1.3995,0
-1.1991,0.067882,-0.010613,3.8687,-2.1906,0
-0.15436,-0.13731,0.016416,-7.7369,-1.4858,0
0.7004,0.042233,0.00097052,-3.8684,-1.4282,0
0.32051,0.19613,-0.019623,7.7372,-1.4714,0
-0.43928,0.22178,-0.014475,0.68281,-0.46455,0
0.51046,0.68346,0.011267,-8.8747,-1.155,0
0.60543,0.68346,-0.013187,1.1379,-0.14811,0
-0.15436,0.11918,-0.067245,7.5096,-0.80975,0
-0.62923,-0.599,-0.1213,-3.6408,-0.60838,0
-0.62923,-0.4451,-0.10714,-7.2818,-0.34948,0
0.13056,-0.5477,-0.073681,4.5513,-0.96797,0
0.13056,-0.82984,-0.053087,4.7789,-0.061812,0
-0.53425,-0.95809,-0.038929,-7.5093,-0.96797,0
-0.53425,-0.7016,-0.0080391,-4.5511,-0.10496,0
-0.81917,-0.599,0.016416,7.7372,-0.5077,0
0.60543,0.11918,-0.015762,2.0482,-0.69468,0
0.51046,0.50392,-0.099422,-8.6471,-0.32071,0
-0.81917,0.11918,-0.13932,-1.3652,-1.1981,0
-1.8639,0.88866,-0.14061,7.7372,-0.27756,0
-1.389,0.96561,-0.14962,-0.68254,-1.1118,0
-1.579,0.29873,-0.13675,-7.5093,-0.43578,0
-1.389,-0.41945,-0.068532,2.0482,-0.32071,0
-0.81917,-0.85549,-0.019623,6.5994,-0.72345,0
-0.15436,-0.72725,0.007406,-5.0062,-0.10496,0
0.51046,-0.62465,0.035722,-6.144,-1.2125,0
0.13056,-0.29121,0.073047,5.9167,-0.34948,0
-0.53425,0.042233,0.092354,3.6411,-0.8529,0
-0.43928,0.11918,0.11938,-7.2818,-0.40701,0
-0.059385,-0.0090658,0.14641,-3.4133,-0.018661,0
0.60543,0.27308,0.19017,7.7372,-0.75222,0
0.89035,0.042233,0.20176,2.0482,0.024489,0
-0.34431,0.14483,0.21205,-8.6471,-0.95358,0
-1.0091,0.42697,0.22364,0.91037,-0.1625,0
-0.7242,0.32437,0.24423,7.7372,-0.20565,0
-2.0538,-0.5477,0.25581,-2.0479,-0.20565,0
-2.6237,-0.90679,0.27126,-7.0542,0.58544,0
-1.1041,-0.47075,0.26997,5.0064,-0.30633,0
0.51046,0.016583,0.21463,5.4616,0.59983,0
0.13056,-0.13731,0.14641,-6.5991,-0.11935,0
-0.34431,-0.67595,0.091067,-5.4613,0.12517,0
0.035589,-0.72725,0.037009,7.0545,0.18271,0
1.3652,-0.90679,0.0022576,3.186,-0.43578,0
2.03,-0.90679,-0.0041778,-8.192,0.26901,0
2.315,-0.77854,0.027999,-0.9101,-0.65153,0
1.6501,-0.599,0.047306,8.1923,0.16832,0
0.89035,-0.62465,0.055028,-0.68254,-0.27756,0
0.13056,-0.52205,0.11938,-7.5093,-0.14811,0
-0.43928,-0.34251,0.18502,2.2757,0.010105,0
-0.15436,-0.16296,0.20047,6.3718,-0.80975,0
0.51046,-0.0090658,0.22879,-5.4613,-0.033045,0
1.3652,-0.29121,0.27126,-7.5093,-0.92482,0
2.22,-0.34251,0.24938,5.0064,-0.11935,0
2.22,-0.98374,0.16314,3.8687,-0.29195,0
0.79538,-1.3172,0.079483,-6.8267,-0.32071,0
-1.389,-1.112,0.069186,-3.8684,0.31216,0
-2.5287,-1.112,0.098789,6.8269,-0.45016,0
-1.579,-1.3428,0.15156,0.00013542,0.77243,0
0.89035,-2.2149,0.22492,-8.4196,0.18271,0
2.5049,-2.8048,0.29443,1.3655,0.94503,0
2.5049,-2.4457,0.27769,7.0545,1.0889,0
1.6501,-1.4711,0.17473,-2.9581,0.81558,0
-0.059385,-1.0863,0.1181,-7.5093,1.5204,0
-0.91415,-1.1633,0.11681,3.6411,0.65736,0
-1.579,-0.5477,0.091067,5.9167,1.4916,0
-1.389,0.24743,0.046019,-5.6889,0.94503,0
-0.62923,0.60652,-0.032494,-5.4613,0.95941,0
-0.15436,0.86301,-0.10457,7.282,1.3765,0
0.13056,0.76041,-0.18051,2.0482,0.58544,0
-0.059385,0.86301,-0.2217,-7.5093,1.4772,0
0.51046,0.70911,-0.23457,0.68281,0.58544,0
0.89035,0.68346,-0.20754,7.9647,1.0313,0
0.13056,0.55522,-0.14704,-0.68254,1.0026,0
0.13056,0.093531,-0.10328,-7.0542,0.52791,0
0.7004,-0.599,-0.023484,2.9584,1.3478,0
0.7004,-0.98374,0.096215,6.5994,0.54229,0
0.89035,-1.3172,0.24294,-5.6889,1.5779,0
0.89035,-1.4198,0.41799,-6.8267,1.1608,0
1.3652,-1.4711,0.57373,6.1442,1.2758,0
2.7898,-1.6506,0.63422,4.7789,1.6786,0
1.7451,-1.5224,0.59561,-6.3715,1.0169,0
-0.7242,-1.4454,0.52095,-3.1857,2.0957,0
-1.389,-1.4711,0.47719,7.5096,1.2327,0
-1.389,-1.112,0.41284,0.68281,1.7505,0
-1.294,-0.77854,0.33561,-8.4196,1.4772,0
-0.7242,0.19613,0.2571,-0.22742,1.0313,0
-0.81917,0.81171,0.18502,7.5096,1.4916,0
-1.294,1.3247,0.1078,-2.0479,0.49914,0
-0.81917,1.3503,0.039583,-8.6471,1.1895,0
0.32051,0.60652,0.012554,2.9584,0.38407,0
0.035589,-0.23991,0.060177,6.5994,0.71489,0
0.035589,-0.599,0.1181,-6.144,0.87311,0
0.60543,-0.31686,0.097502,-6.3715,0.35531,0
-0.34431,-0.086014,0.08077,6.8269,1.2183,0
-1.7689,-0.67595,0.098789,4.0962,0.29777,0
-1.6739,-1.4198,0.07176,-7.2818,1.0169,0
-0.43928,-1.548,0.031861,-2.7306,0.42722,0
0.7004,-1.9328,0.0035447,7.282,0.16832,0
0.13056,-1.7276,0.01899,0.00013542,0.41284,0
-0.059385,-1.4711,0.022851,-8.4196,-0.3351,0
-0.059385,-1.4711,0.0048318,1.3655,0.78681,0
-1.1991,-1.9328,-0.0054649,6.3718,0.16832,0
-1.9589,-2.1123,-0.0016037,-3.8684,0.84434,0
-2.1488,-1.7019,-0.032494,-7.0542,0.64298,0
-2.1488,-0.6503,-0.064671,5.234,0.096406,0
-0.81917,-0.29121,-0.035068,5.234,0.42722,0
0.89035,-0.21426,0.0048318,-6.5991,-0.56523,0
1.4602,-0.47075,-0.018336,-4.0959,0.39846,0
1.0803,-0.26556,-0.094274,7.5096,-0.13373,0
1.3652,0.27308,-0.19209,2.9584,0.35531,0
1.4602,0.35002,-0.28991,-7.9645,0.65736,0
1.0803,0.78606,-0.32981,-0.22742,0.067639,0
1.3652,0.99126,-0.32724,7.7372,1.0169,0
1.5552,1.0426,-0.31437,-2.2755,0.36969,0
0.41548,1.2477,-0.36328,-8.192,1.5491,0
-0.43928,1.4786,-0.50228,3.6411,1.5779,0
-0.53425,2.2481,-0.69663,6.8269,2.0813,0
-1.294,2.8893,-0.81762,-5.0062,2.671,0
-1.9589,3.3766,-0.93217,-5.6889,1.8368,0
-1.389,3.7614,-1.0133,6.3718,2.3546,0
-1.1041,4.2231,-1.0673,3.4135,0.91626,0
-1.389,4.4539,-1.0995,-8.4196,1.0313,0
-1.8639,3.6588,-1.1046,-2.9581,0.25462,0
-2.2438,3.1714,-1.0441,8.4198,-0.11935,0
-0.91415,3.1458,-0.96692,0.68281,0.49914,0
0.32051,2.915,-0.88969,-8.6471,-0.17688,0
-0.43928,2.0172,-0.74168,0.68281,0.75804,0
-1.6739,1.0169,-0.57178,7.5096,-0.11935,0
-1.294,0.55522,-0.45208,-2.2755,0.13956,0
-1.579,-0.0090658,-0.35684,-7.7369,0.038872,0
-0.91415,-0.95809,-0.25645,3.6411,-0.32071,0
0.32051,-1.5993,-0.102,5.234,0.59983,0
0.13056,-1.9071,0.046019,-6.3715,-0.076195,0
-0.24933,-2.9331,0.16443,-6.5991,1.0457,0
-0.059385,-3.6,0.23265,5.9167,0.42722,0
1.3652,-3.523,0.27126,2.7309,0.49914,0
2.03,-2.7535,0.31245,-7.5093,0.38407,0
1.6501,-2.2919,0.32274,-2.503,-0.20565,0
-0.059385,-2.497,0.32274,7.282,1.0169,0
-1.6739,-2.3175,0.32274,0.45525,0.52791,0
-1.0091,-1.9841,0.32918,-7.9645,1.3046,0
-0.15436,-1.8302,0.31245,1.1379,0.70051,0
-0.53425,-1.3172,0.28542,7.282,0.29777,0
-1.294,-1.3428,0.22106,-2.9581,0.58544,0
-0.62923,-1.0607,0.11166,-7.7369,-0.29195,0
0.51046,-0.29121,0.035722,3.8687,0.35531,0
0.60543,0.32437,0.0022576,6.1442,-0.91043,0
0.32051,0.32437,0.01899,-5.4613,-0.66591,0
-0.53425,0.42697,0.04087,-5.4613,-0.57961,0
-0.53425,0.11918,0.05889,6.8269,-0.6803,0
-1.389,-0.13731,0.025425,4.5513,0.24024,0
-1.7689,0.067882,-0.050513,-7.0542,-0.55085,0
-1.6739,-0.086014,-0.12002,-2.503,0.38407,0
-0.7242,-0.47075,-0.13932,7.5096,-0.23441,0
-0.34431,-0.4964,-0.15477,0.91037,0.19709,0
1.1753,-0.086014,-0.22298,-7.9645,0.35531,0
1.4602,0.35002,-0.3105,1.8206,-0.2488,0
1.8401,0.067882,-0.32466,7.0545,0.65736,0
0.32051,0.093531,-0.28219,-2.9581,-0.23441,0
-0.15436,-0.36816,-0.2217,-7.2818,0.61421,0
0.51046,-1.2659,-0.15091,5.234,0.44161,0
-0.34431,-1.2146,-0.10714,5.4616,0.42722,0
-1.1041,-0.77854,-0.096848,-6.5991,0.82996,0
-0.81917,-0.62465,-0.090413,-4.5511,-0.57961,0
-0.81917,-0.77854,-0.090413,6.8269,-0.19126,0
-1.294,-0.4451,-0.098135,2.0482,-1.27,0
-1.294,-0.23991,-0.14447,-8.4196,-0.46455,0
-0.15436,-0.47075,-0.18952,-0.9101,0.34092,0
0.51046,-0.57335,-0.15863,7.5096,0.42722,0
0.22554,-0.5477,-0.0917,-1.8203,1.4916,0
-1.8639,-0.62465,0.00097052,-8.192,0.19709,0
-1.9589,-0.88114,0.1078,2.9584,0.39846,0
-0.24933,-1.2659,0.21334,6.1442,-0.13373,0
0.41548,-1.112,0.30472,-5.6889,-0.36386,0
0.79538,-1.0607,0.40769,-6.144,0.31216,0
0.32051,-1.5993,0.45403,5.4616,-0.22003,0
-0.43928,-2.2662,0.45016,3.8687,0.94503,0
-0.15436,-2.061,0.45917,-7.7369,0.32654,0
0.51046,-1.0863,0.50165,-2.7306,0.72928,0
-0.34431,-1.1889,0.54541,7.7372,0.55667,0
-2.4337,-1.112,0.53511,0.91037,-0.047428,0
-2.7186,-0.80419,0.48878,-8.192,0.78681,0
-1.1041,-0.88114,0.43215,0.68281,0.36969,0
-0.24933,-0.7016,0.39611,7.282,2.0094,0
-0.7242,-0.599,0.38066,-3.4133,2.0669,0
-0.7242,-0.34251,0.36007,-7.9645,2.2683,0
-1.389,0.016583,0.27383,3.6411,2.0382,0
-2.0538,0.19613,0.2172,5.6891,0.45599,0
-0.62923,0.24743,0.17988,-5.9164,0.59983,0
1.3652,0.45262,0.12067,-5.4613,-0.66591,0
1.9351,0.86301,0.030574,7.0545,0.25462,0
0.7004,1.0169,-0.065958,3.8687,0.61421,0
-0.24933,1.0682,-0.12516,-6.5991,1.1895,0
-0.059385,1.2221,-0.12259,-2.7306,2.0382,0
0.035589,1.1452,-0.10586,7.282,0.87311,0
-0.34431,1.0426,-0.1213,1.5931,1.0313,0
-1.389,1.0682,-0.11744,-7.5093,-0.23441,0
-1.389,1.2221,-0.12774,0.45525,0.16832,0
-0.24933,1.4273,-0.17279,7.9647,0.78681,0
0.7004,1.7351,-0.20496,-1.3652,1.0169,0
0.22554,1.812,-0.22298,-7.7369,2.2539,0
-0.24933,1.812,-0.18308,3.186,1.4341,0
-0.62923,1.3503,-0.13804,7.0545,1.8512,0
0.51046,1.6068,-0.12388,-5.0062,1.0169,0
1.2702,1.7864,-0.16764,-7.0542,0.71489,0
-0.15436,1.8633,-0.21397,5.4616,1.319,0
-0.91415,2.6072,-0.24229,5.234,1.0601,0
-0.81917,2.7354,-0.18694,-7.0542,2.4553,0
-0.62923,2.402,-0.10972,-4.0959,1.9087,0
-0.53425,2.2737,-0.071106,7.0545,2.6135,0
-1.0091,2.2737,-0.078829,1.8206,2.6135,0
-0.62923,2.2481,-0.077542,-8.6471,2.4553,0
0.60543,2.0429,0.016416,-0.68254,3.0738,0
0.79538,1.8377,0.167,8.1923,1.7793,0
0.79538,1.5812,0.2867,-0.68254,2.0669,0
1.4602,0.99126,0.33819,-8.4196,0.90188,0
0.98533,0.65782,0.32789,2.9584,1.0026,0
-1.579,0.81171,0.26354,6.3718,1.4484,0
-1.7689,0.40132,0.26096,-4.0959,1.1895,0
-0.43928,-0.85549,0.297,-5.0062,2.3402,0
-0.53425,-2.5996,0.38195,5.6891,1.5923,0
-2.8136,-3.0357,0.4965,4.0962,2.2539,0
-2.9086,-2.5227,0.59947,-7.5093,1.8799,0
-0.62923,-1.7532,0.65481,-3.8684,1.6498,0
-0.7242,-1.8302,0.7153,7.0545,2.2971,0
-1.7689,-2.6253,0.80798,2.0482,1.8224,0
-0.24933,-2.6509,0.86847,-7.2818,3.0306,0
1.1753,-2.6766,0.86589,0.00013542,2.2395,0
0.98533,-2.6253,0.81698,8.1923,2.4409,0
0.7004,-2.5227,0.7153,-1.1377,2.1101,0
0.89035,-1.3172,0.58917,-7.2818,1.2902,0
0.98533,-0.52205,0.47333,4.0962,1.9662,0
0.98533,-0.72725,0.4167,6.8269,1.1032,0
0.22554,-0.67595,0.35492,-5.4613,1.8799,0
-0.43928,-0.62465,0.31373,-5.4613,1.2902,0
-1.294,-0.57335,0.28413,5.6891,1.2902,0
-2.5287,-0.34251,0.2069,4.5513,1.4053,0
-2.3388,-0.23991,0.14384,-6.8267,0.82996,0
-0.53425,-0.13731,0.15542,-3.1857,1.7073,0
0.51046,0.016583,0.15542,7.7372,0.90188,0
0.035589,-0.34251,0.11938,0.45525,1.693,0
-1.6739,-0.82984,0.12839,-8.192,1.4628,0
-3.0036,-1.2402,0.16958,0.00013542,1.4772,0
-1.8639,-1.3941,0.20304,6.8269,1.9231,0
0.60543,-0.62465,0.18631,-3.8684,0.87311,0
0.7004,-0.034715,0.15413,-7.7369,1.3334,0
0.41548,-0.29121,0.13998,4.0962,0.15394,0
1.0803,-0.77854,0.16186,5.234,0.55667,0
1.1753,-1.4711,0.17859,-6.3715,0.72928,0
-0.15436,-1.1633,0.14255,-5.0062,0.71489,0
-1.294,-0.034715,0.064038,6.3718,1.6067,0
-2.7186,0.50392,-0.015762,2.0482,0.62859,0
-2.0538,0.63217,-0.11744,-7.9645,1.3478,0
-0.34431,1.1195,-0.241,-1.8203,0.64298,0
1.3652,1.7094,-0.35427,7.7372,0.97379,0
2.4099,2.3507,-0.44436,0.00013542,1.3478,0
2.7898,2.3507,-0.49971,-8.192,1.1608,0
2.03,1.7864,-0.49585,1.8206,2.2395,0
1.5552,1.1708,-0.50099,6.3718,1.1464,0
2.7898,0.50392,-0.50357,-4.3235,1.4916,0
2.8848,0.22178,-0.45466,-6.144,0.59983,0
1.8401,-0.060364,-0.38902,6.5994,0.26901,0
-0.34431,-0.23991,-0.29763,3.8687,0.68613,0
-1.1991,-0.72725,-0.18566,-7.2818,-0.076195,0
0.51046,-0.95809,-0.065958,-3.4133,0.95941,0
0.035589,-1.0863,0.029286,7.5096,0.35531,0
-1.6739,-1.0607,0.075622,1.1379,0.98818,0
-2.0538,-1.5224,0.097502,-7.9645,1.2902,0
-1.484,-2.0867,0.16057,0.45525,0.88749,0
-0.91415,-2.3688,0.20948,8.1923,1.8368,0
-0.81917,-1.5224,0.19275,-1.8203,0.71489,0
0.035589,-0.57335,0.13998,-6.5991,1.1032,0
-0.059385,-0.21426,0.075622,4.5513,0.096406,0
-1.0091,0.016583,0.066612,6.1442,-0.37825,0
-1.9589,-0.57335,0.074335,-6.144,0.13956,0
-1.484,-0.93244,0.10909,-5.2337,-0.1625,0
-0.91415,-0.72725,0.11166,6.1442,1.5491,0
-1.294,-0.36816,0.061464,3.8687,1.4772,0
0.51046,0.016583,-0.0080391,-7.0542,1.7505,0
1.8401,-0.0090658,-0.022197,-2.0479,0.98818,0
1.0803,0.63217,-0.069819,7.0545,-0.80975,0
0.7004,0.93996,-0.17407,0.00013542,-0.95358,0
0.22554,1.299,-0.33753,-8.192,-2.0899,0
0.13056,1.9146,-0.47139,2.7309,-0.9392,0
1.2702,2.2481,-0.57178,6.8269,-0.34948,0
1.4602,2.6072,-0.67089,-5.0062,0.38407,0
0.79538,3.2484,-0.73396,-6.3715,0.98818,0
0.79538,3.9666,-0.79188,5.9167,-0.29195,0
0.89035,4.5822,-0.86653,4.3238,-0.27756,0
1.3652,4.7361,-0.93088,-7.7369,-1.5433,0
0.89035,4.5565,-0.92959,-2.9581,-0.78098,0
-0.15436,4.8643,-0.89613,6.3718,-0.2488,0
0.7004,4.5565,-0.85494,1.3655,-0.1625,0
0.51046,4.0179,-0.76742,-7.0542,0.48476,0
-0.24933,2.5302,-0.57693,-0.45498,-0.72345,0
-0.62923,0.93996,-0.32338,6.8269,-0.30633,0
-0.059385,0.042233,-0.102,-1.8203,-1.1693,0
0.51046,-0.75289,0.067899,-8.4196,-1.0111,0
0.13056,-1.7789,0.23007,3.6411,-0.60838,0
0.035589,-2.4201,0.37165,6.3718,-0.8529,0
0.035589,-2.5996,0.44115,-5.0062,0.39846,0
0.13056,-2.6509,0.47848,-5.2337,-0.004278,0
1.0803,-2.9587,0.5261,6.1442,1.0889,0
2.03,-3.3691,0.56986,4.5513,0.67174,0
2.4099,-3.7026,0.6059,-7.2818,0.32654,0
1.0803,-3.3435,0.61105,-4.5511,0.34092,0
0.32051,-2.8561,0.57244,7.7372,-0.69468,0
0.51046,-2.7535,0.4862,2.2757,0.16832,0
0.79538,-2.5996,0.39739,-8.6471,-0.52208,0
0.7004,-1.8815,0.29958,-1.3652,0.28339,0
0.035589,-1.4711,0.20433,8.1923,0.42722,0
0.22554,-1.3941,0.15027,-0.68254,0.010105,0
1.1753,-1.112,0.11166,-7.2818,0.41284,0
0.79538,-1.0094,0.097502,2.7309,-0.8529,0
-0.34431,-0.4451,0.097502,6.8269,0.13956,0
0.13056,0.016583,0.13611,-4.0959,0.010105,0
0.60543,0.14483,0.1773,-5.4613,0.98818,0
-0.53425,-0.086014,0.19275,5.9167,1.621,0
-1.1991,-0.3938,0.22364,3.4135,0.78681,0
1.0803,-0.599,0.23265,-7.5093,1.319,0
2.5049,-0.82984,0.21849,-3.6408,0.24024,0
0.7004,-0.6503,0.17601,6.8269,1.1032,0
-1.294,-0.34251,0.21334,1.8206,1.2183,0
-0.7242,0.58087,0.27383,-8.192,1.0457,0
2.125,1.2221,0.22106,0.00013542,1.2183,0
3.8345,1.4273,0.15156,6.8269,-0.29195,0
2.6949,1.6838,0.15027,-2.7306,0.22586,0
1.4602,1.5555,0.1773,-7.5093,-0.4214,0
0.89035,1.6838,0.15156,3.186,0.67174,0
0.035589,1.299,0.12196,5.6891,1.4341,0
0.13056,0.60652,0.18374,-6.3715,1.319,0
0.035589,0.47827,0.297,-6.3715,1.9806,0
-0.43928,0.29873,0.3768,5.9167,0.82996,0
-1.484,-0.0090658,0.44115,2.5033,1.1464,0
0.41548,-0.41945,0.49521,-7.9645,0.47037,0
2.9798,-0.26556,0.49521,-2.7306,0.18271,0
2.9798,0.016583,0.47848,7.5096,0.59983,0
1.3652,0.40132,0.48878,0.2277,-0.10496,0
0.41548,0.24743,0.46561,-8.6471,0.88749,0
-0.059385,-0.31686,0.4669,1.1379,0.13956,0
-1.1041,-1.2915,0.5068,6.8269,0.94503,0
-0.15436,-1.7276,0.59947,-2.7306,1.1608,0
2.22,-1.8558,0.6664,-7.0542,1.3334,0
2.7898,-1.9584,0.70243,3.8687,2.2395,0
0.41548,-3.1126,0.73976,6.1442,1.7505,0
-1.484,-3.2152,0.79897,-6.3715,2.9443,0
-0.81917,-3.1896,0.8157,-5.4613,2.2108,0
0.89035,-3.6769,0.8157,7.282,2.4553,0
1.2702,-4.3181,0.77451,2.2757,2.0094,0
0.89035,-4.4464,0.68699,-7.5093,1.1752,0
0.7004,-4.7798,0.52224,-0.68254,1.5347,0
0.13056,-3.7539,0.28413,7.282,0.71489,0
0.60543,-2.6509,0.0086931,-0.22742,1.8943,0
1.1753,-2.3175,-0.24744,-7.2818,1.4484,0
1.1753,-1.9841,-0.50357,2.7309,1.2183,0
0.7004,-2.061,-0.73911,6.8269,0.45599,0
0.32051,-1.6506,-0.98623,-4.5511,-1.1981,0
-1.1991,-0.90679,-1.2887,-5.6889,-0.92482,0
-1.389,-0.3938,-1.6349,6.5994,-1.7159,0
-0.62923,-0.52205,-2.0107,3.8687,-0.69468,0
-0.81917,-0.85549,-2.3287,-7.5093,-0.7666,0
-0.059385,-0.6503,-2.6144,-2.503,-1.083,0
1.8401,0.17048,-2.8757,8.1923,-0.98235,0
2.7898,0.73476,-3.0649,0.91037,-2.3344,0
1.9351,1.0169,-3.2644,-8.192,-1.7159,0
-0.24933,1.299,-3.4767,1.8206,-2.3775,0
-0.43928,1.1195,-3.7316,7.282,-1.6008,0
1.5552,0.76041,-3.989,-2.9581,-1.2844,0
2.5999,0.96561,-4.1962,-7.9645,-1.8741,0
1.1753,1.7607,-4.3854,4.5513,-1.2556,0
-0.059385,1.9659,-4.5914,6.1442,-2.3344,0
-0.7242,1.9146,-4.751,-5.4613,-1.6008,0
-0.059385,2.1198,-4.908,-5.6889,-1.8741,0
0.51046,1.7094,-4.9698,6.1442,-1.8022,0
0.89035,1.2221,-4.9556,3.6411,-1.2413,0
0.22554,0.78606,-4.8732,-7.9645,-2.133,0
-0.059385,0.88866,-4.7561,-2.7306,-1.4714,0
0.60543,0.76041,-4.6866,6.8269,-2.6508,0
0.79538,0.88866,-4.7239,0.68281,-2.3344,0
0.13056,0.76041,-4.7535,-8.6471,-2.3919,0
-0.43928,0.86301,-4.7381,2.0482,-2.7227,0
1.1753,1.2221,-4.6557,7.282,-1.8454,0
4.4044,0.63217,-4.518,-2.0479,-2.694,0
3.8345,-0.18861,-4.3211,-8.6471,-1.946,0
1.5552,-0.034715,-4.1666,2.9584,-2.7803,0
1.6501,0.14483,-4.0263,6.3718,-2.7084,0
1.9351,0.22178,-3.7676,-5.4613,-2.4638,0
0.98533,0.19613,-3.4587,-5.4613,-2.881,0
-0.24933,0.76041,-3.1279,6.3718,-1.5289,0
-0.43928,0.70911,-2.738,3.6411,-1.6871,0
-0.15436,0.42697,-2.3364,-8.192,-0.11935,0
0.13056,0.32437,-1.9374,-2.0479,0.51352,0
0.79538,0.76041,-1.6349,8.6474,1.2615,0
1.7451,1.5042,-1.4895,1.3655,2.182,0
-0.24933,2.0942,-1.4573,-7.5093,1.4484,0
-2.1488,2.7867,-1.4328,1.1379,2.2971,0
-1.579,2.7867,-1.3904,7.5096,1.3765,0
-1.0091,2.6841,-1.2823,-2.503,1.8368,0
-1.294,2.6328,-1.1278,-7.7369,1.7793,0
-1.294,2.4533,-0.89356,3.6411,1.3334,0
-0.15436,2.325,-0.66574,6.1442,1.995,0
0.41548,2.838,-0.46367,-5.4613,0.90188,0
0.22554,4.0692,-0.21011,-5.6889,1.6498,0
-0.53425,4.5822,0.21205,6.5994,0.88749,0
-0.059385,4.1718,0.78095,3.4135,1.0169,0
0.60543,3.4536,1.3627,-7.7369,1.1176,0
1.4602,3.0945,1.902,-2.7306,0.45599,0
1.4602,2.5302,2.4876,8.1923,1.4053,0
0.41548,1.812,3.238,0.91037,0.81558,0
-1.1991,1.5299,4.1184,-8.192,1.7361,0
-0.7242,1.4529,4.9318,1.3655,1.2902,0
-0.15436,1.376,5.5856,7.0545,0.62859,0
-1.1991,1.1195,6.1803,-3.4133,0.47037,0
-2.4337,0.76041,6.7685,-7.7369,-0.62276,0
-3.2885,0.29873,7.3335,4.5513,0.44161,0
-3.5734,-0.060364,7.7814,4.5513,0.34092,0
-2.4337,-0.5477,8.1418,-8.192,0.91626,0
-1.1041,-1.3685,8.4185,-4.7786,0.87311,0
-1.389,-1.9071,8.5653,6.8269,0.053256,0
-0.53425,-0.85549,8.555,2.5033,0.51352,0
-0.81917,0.42697,8.4636,-7.9645,-0.66591,0
-2.3388,0.76041,8.322,-2.0479,-0.004278,0
-1.579,1.5299,8.2255,7.7372,-0.60838,0
0.035589,2.2481,8.1212,0.2277,-0.23441,0
0.32051,1.8377,7.9771,-8.4196,0.38407,0
-0.34431,1.299,7.7505,2.2757,-0.14811,0
-1.294,1.5812,7.4494,6.3718,0.55667,0
-0.53425,2.3763,7.0426,-3.8684,-0.6803,0
-0.24933,3.1714,6.5587,-7.2818,-0.55085,0
-1.1041,3.9409,6.1636,4.5513,-1.3132,0
-0.059385,3.9922,5.7942,4.7789,-1.5433,0
3.5496,3.4279,5.5213,-5.6889,-0.89605,0
4.8792,2.5815,5.3089,-3.6408,-1.5145,0
2.7898,2.3763,5.0682,7.5096,-0.594,0
1.4602,2.3763,4.8044,2.0482,-1.7447,0
0.22554,1.8377,4.5045,-8.4196,-1.7303,0
-0.43928,1.299,4.1647,0.45525,-2.2481,0
-0.059385,1.299,3.8545,7.5096,-2.7947,0
0.60543,0.88866,3.6087,-2.503,-1.946,0
0.79538,0.45262,3.4156,-7.5093,-2.1762,0
0.89035,0.47827,3.1917,3.6411,-0.63715,0
0.79538,1.1452,2.9124,5.9167,-0.99673,0
0.7004,1.6838,2.5932,-5.6889,-1.0255,0
0.32051,1.7864,2.2508,-5.4613,-1.3563,0
-0.43928,1.3247,1.9162,6.1442,-2.2769,0
-0.059385,1.0939,1.5892,3.186,-1.3851,0
0.41548,0.96561,1.3357,-8.192,-1.9029,0
-0.43928,0.76041,1.1838,-1.8203,-0.89605,0
-1.484,0.32437,1.0808,7.282,-1.0687,0
-2.1488,-0.26556,0.95084,1.1379,-1.2844,0
-0.7242,-0.57335,0.77194,-7.5093,-0.70906,0
0.32051,-0.93244,0.54927,1.5931,-1.5577,0
0.32051,-1.2659,0.33304,5.4616,-0.69468,0
0.035589,-1.6506,0.16186,-5.4613,-1.4139,0
0.7004,-1.5224,-0.013187,-6.8267,-0.92482,0
0.035589,-0.95809,-0.16764,5.234,-0.89605,0
-1.1041,-0.6503,-0.31694,5.9167,-1.5002,0
0.13056,-0.599,-0.43407,-6.8267,-0.88167,0
1.6501,-1.1633,-0.50228,-4.7786,-1.7878,0
1.8401,-1.3428,-0.56921,6.8269,-0.88167,0
1.3652,-0.85549,-0.66574,1.8206,-1.27,0
0.89035,-0.599,-0.75584,-7.7369,-1.644,0
0.89035,-0.85549,-0.83049,-0.68254,-1.7878,0
0.13056,-0.47075,-0.89742,7.0545,-2.8378,0
-1.0091,0.19613,-0.97464,-1.8203,-2.0755,0
-1.7689,-0.21426,-1.0931,-7.5093,-2.8378,0
-1.389,-0.5477,-1.2462,3.6411,-2.3344,0
-0.24933,-0.98374,-1.3788,6.1442,-2.4638,0
1.7451,-1.8302,-1.4547,-5.0062,-2.8234,0
1.4602,-2.7022,-1.5062,-5.2337,-1.946,0
0.51046,-2.9844,-1.5731,6.8269,-2.3919,0
1.4602,-2.2406,-1.6529,4.5513,-1.2413,0
0.79538,-1.1633,-1.743,-7.2818,-1.9317,0
-1.1041,-1.2402,-1.7688,-2.503,-2.4926,0
-2.0538,-1.8558,-1.7611,7.7372,-2.9673,0
-1.6739,-1.5737,-1.7714,0.91037,-4.1755,0
-0.24933,-0.7016,-1.8331,-7.9645,-3.2837,0
0.60543,-0.034715,-1.8756,0.68281,-3.7727,0
0.79538,-0.34251,-1.8679,7.0545,-2.4638,0
-0.34431,-1.035,-1.8705,-1.3652,-2.1043,0
-0.53425,-1.4454,-1.8756,-8.192,-1.946,0
0.41548,-1.9328,-1.882,2.9584,-1.155,0
0.13056,-2.497,-1.8383,7.282,-1.831,0
-0.24933,-2.5996,-1.8035,-3.6408,-0.55085,0
0.51046,-2.138,-1.752,-6.8267,-1.0255,0
2.4099,-1.9071,-1.6581,5.9167,-0.32071,0
2.03,-1.8302,-1.6323,4.0962,-0.29195,0
1.3652,-1.5993,-1.6478,-7.5093,-0.72345,0
0.89035,-1.7789,-1.6774,-4.5511,0.58544,0
1.4602,-2.2919,-1.6903,7.5096,0.64298,0
3.3597,-2.3431,-1.7263,0.2277,2.3834,0
2.9798,-1.7789,-1.7572,-8.192,2.2108,0
0.7004,-1.2659,-1.7714,-0.45498,2.0957,0
-0.34431,-1.0094,-1.7701,7.0545,1.7217,0
-0.53425,-1.0094,-1.7559,-1.8203,0.57106,0
-0.059385,-1.2915,-1.7649,-7.5093,1.4341,0
0.60543,-1.3172,-1.7701,3.4135,0.80119,0
1.4602,-0.6503,-1.7701,5.9167,1.8656,0
1.4602,-0.57335,-1.7829,-4.7786,2.1388,0
0.41548,-0.4964,-1.7791,-6.144,2.0669,0
0.13056,-0.086014,-1.7816,6.3718,2.4553,0
1.1753,-0.18861,-1.7752,3.6411,1.2471,0
1.4602,-0.67595,-1.7302,-7.2818,1.9087,0
0.32051,-1.1633,-1.6439,-2.2755,1.2758,0
-1.0091,-1.1376,-1.5371,7.9647,1.8943,0
-0.62923,-0.72725,-1.4689,0.91037,2.3258,0
0.98533,-0.599,-1.4715,-7.7369,1.7649,0
1.8401,-0.57335,-1.4779,0.68281,2.2252,0
0.98533,-0.88114,-1.4689,6.5994,0.94503,0
-0.62923,-0.7016,-1.4573,-3.6408,1.5347,0
-1.7689,-0.6503,-1.4225,-6.5991,1.2615,0
-1.484,-1.112,-1.3955,6.1442,1.5635,0
-0.15436,-1.3685,-1.4187,5.234,2.3978,0
1.2702,-1.1376,-1.429,-6.5991,1.8656,0
2.6949,-0.77854,-1.3891,-4.0959,2.6854,0
2.8848,-0.36816,-1.3633,7.5096,1.4628,0
1.6501,-0.21426,-1.3428,2.7309,1.3909,0
0.22554,-0.36816,-1.2977,-7.7369,0.75804,0
-0.53425,0.19613,-1.2681,-0.45498,0.16832,0
0.035589,0.27308,-1.2668,7.5096,0.84434,0
0.51046,-0.060364,-1.2436,-1.3652,0.26901,0
-0.34431,0.067882,-1.2025,-8.192,1.2758,0
-1.6739,-0.11166,-1.1085,2.5033,0.48476,0
-2.2438,-0.72725,-0.95791,6.1442,0.45599,0
-1.484,-1.2402,-0.84593,-5.9164,0.024489,0
-0.34431,-1.0863,-0.82534,-6.144,-1.0399,0
0.60543,-0.82984,-0.85623,5.0064,-1.0543,0
0.79538,-0.57335,-0.88712,3.8687,-2.8234,0
0.7004,-0.34251,-0.89356,-7.9645,-2.7803,0
0.22554,-0.52205,-0.83821,-2.9581,-3.7008,0
0.13056,-0.85549,-0.80603,7.282,-3.9453,0
-0.15436,-0.98374,-0.80861,0.00013542,-3.6433,0
-0.53425,-1.0094,-0.79831,-9.3298,-4.42,0
-0.15436,-1.0607,-0.73911,0.2277,-3.5857,0
0.60543,-1.5224,-0.64,6.8269,-4.1467,0
0.79538,-1.4967,-0.55119,-3.1857,-2.8522,0
1.4602,-1.4711,-0.52159,-7.5093,-2.1906,0
2.03,-1.4198,-0.57951,4.7789,-1.8166,0
2.9798,-1.112,-0.68633,5.6891,-1.0687,0
2.315,-0.47075,-0.81633,-7.0542,-1.9604,0
0.7004,0.47827,-0.89098,-5.2337,-1.457,0
0.32051,0.93996,-0.90257,6.5994,-2.881,0
1.2702,1.0682,-0.88841,2.7309,-3.1111,0
2.6949,1.2477,-0.88069,-8.192,-4.1035,0
2.8848,1.1195,-0.85752,-1.8203,-5.47,0
1.8401,1.0682,-0.83821,7.282,-5.4124,0
0.89035,1.0426,-0.78544,-0.22742,-6.6494,0
0.51046,1.0169,-0.7198,-8.4196,-5.8583,0
-1.6739,0.76041,-0.64386,2.7309,-6.3186,0
-2.6237,0.60652,-0.53317,6.5994,-6.3042,0
-2.4337,0.35002,-0.41605,-3.4133,-6.1891,0
-0.81917,-0.26556,-0.32724,-6.5991,-7.1816,0
-0.24933,-0.5477,-0.33882,5.4616,-6.4049,0
-0.53425,-0.62465,-0.36971,5.4616,-7.0234,0
-0.059385,-0.80419,-0.39417,-6.5991,-5.8727,0
1.2702,-0.47075,-0.41991,-4.0959,-5.4987,0
0.98533,-0.23991,-0.48426,7.9647,-5.1679,0
-0.34431,-0.23991,-0.48812,2.2757,-4.3768,0
-0.059385,-0.18861,-0.40832,-8.192,-5.1104,0
-0.62923,0.042233,-0.33367,-1.1377,-4.0892,0
-1.6739,0.19613,-0.2809,7.7372,-4.6357,0
-2.3388,0.73476,-0.24615,0.00013542,-3.8015,0
-1.0091,1.2734,-0.20496,-8.4196,-3.3988,0
-0.24933,1.4016,-0.19853,1.8206,-3.7008,0
0.13056,1.4529,-0.26546,7.0545,-3.37,0
0.51046,1.1195,-0.3414,-4.5511,-4.7652,0
0.89035,0.78606,-0.34912,-7.2818,-4.6933,0
-0.53425,0.88866,-0.34268,5.9167,-5.7145,0
-1.7689,1.5042,-0.34011,5.4616,-5.959,0
-1.389,1.5299,-0.31565,-6.144,-5.283,0
-0.81917,1.4529,-0.26932,-4.3235,-5.4124,0
-1.484,1.5042,-0.23972,7.0545,-3.9741,0
-2.6237,1.6581,-0.19595,2.2757,-4.7364,0
-1.294,1.299,-0.14704,-7.5093,-4.5351,0
-1.0091,0.83736,-0.045365,-1.8203,-5.1679,0
-1.7689,0.88866,0.048593,7.282,-6.0309,0
-2.0538,0.68346,0.13097,-0.45498,-5.4412,0
-1.1041,0.32437,0.21334,-7.7369,-5.9302,0
1.2702,0.22178,0.27898,1.3655,-4.3912,0
0.7004,-0.060364,0.32146,6.3718,-4.1323,0
-0.24933,-0.13731,0.37551,-5.0062,-3.1399,0
-1.1991,0.32437,0.42442,-7.0542,-2.5645,0
-2.1488,0.32437,0.42314,5.4616,-2.9241,0
-0.059385,0.19613,0.37037,3.8687,-1.8166,0
2.125,-0.060364,0.29571,-7.2818,-2.3344,0
0.98533,-0.086014,0.21591,-3.4133,-1.3563,0
-0.81917,0.58087,0.167,7.282,-1.5145,0
0.89035,0.40132,0.10651,2.2757,-1.7303,0
3.6446,0.22178,0.078196,-8.192,-1.2556,0
2.125,0.17048,0.088493,-0.45498,-2.3775,0
-1.0091,0.47827,0.13998,7.282,-1.7303,0
-0.81917,0.093531,0.15285,-1.8203,-2.5933,0
-0.34431,-0.36816,0.13483,-7.5093,-2.2912,0
0.22554,-0.85549,0.12968,3.6411,-1.8597,0
-0.059385,-0.98374,0.12968,5.9167,-2.3488,0
-0.53425,-1.548,0.13483,-6.144,-1.2125,0
-0.62923,-1.8045,0.13998,-4.5511,-2.018,0
-0.62923,-1.3685,0.067899,6.8269,-1.1981,0
0.51046,-1.3685,-0.02091,2.5033,-1.2269,0
1.3652,-1.5993,-0.02992,-7.0542,-1.3132,0
0.41548,-1.4967,0.046019,-1.3652,-0.46455,0
0.98533,-1.4198,0.10394,7.282,-0.98235,0
1.3652,-0.4451,0.10394,-0.45498,0.57106,0
0.41548,0.067882,0.098789,-7.9645,0.51352,0
-1.0091,-0.086014,0.12968,2.7309,1.6642,0
-1.294,0.11918,0.13611,6.8269,2.4553,0
0.22554,0.17048,0.14126,-3.4133,2.369,0
2.315,-0.034715,0.17859,-7.7369,3.5628,0
3.1697,0.093531,0.28799,5.6891,2.858,0
1.2702,-0.034715,0.42442,4.3238,3.8792,0
-0.059385,-0.18861,0.55056,-7.2818,3.7066,0
-0.059385,-0.41945,0.60719,-4.5511,3.6779,0
0.035589,-0.57335,0.60462,6.8269,3.908,0
-0.34431,-0.6503,0.62006,1.5931,2.6854,0
-1.1991,-1.3941,0.65867,-8.4196,3.2176,0
-1.7689,-2.3431,0.71144,-0.45498,2.4409,0
-2.1488,-3.1126,0.8054,7.5096,3.1745,0
-1.579,-4.1129,0.85174,-0.68254,3.3471,0
-0.53425,-3.1639,0.80283,-7.7369,3.0306,0
0.98533,-1.4967,0.68055,2.5033,3.6923,0
1.9351,-0.3938,0.5866,6.1442,2.4697,0
1.6501,-0.086014,0.58016,-5.4613,2.9587,0
0.32051,-0.77854,0.58273,-5.6889,1.8943,0
-0.34431,-1.0094,0.5763,6.5994,1.5923,0
1.2702,-0.80419,0.59689,3.186,1.3478,0
2.6949,-0.95809,0.59689,-7.2818,0.35531,0
2.4099,-1.548,0.51323,-2.2755,1.1895,0
2.315,-1.6506,0.39353,8.1923,0.58544,0
2.315,-0.4964,0.25067,0.00013542,1.6642,0
1.6501,0.27308,0.13869,-7.5093,1.7649,0
1.6501,0.32437,0.085918,1.8206,1.8656,0
1.3652,0.45262,0.055028,7.5096,2.6854,0
1.7451,0.29873,0.074335,-3.1857,2.1676,0
1.4602,-0.060364,0.11037,-6.144,3.3614,0
1.1753,-0.36816,0.08978,5.6891,2.9156,0
0.51046,-0.034715,0.053741,5.0064,3.5484,0
-1.6739,0.22178,0.062751,-6.8267,3.4334,0
-1.7689,0.76041,0.091067,-3.6408,2.6423,0
-0.53425,1.2734,0.085918,7.9647,3.0882,0
0.51046,1.1708,0.10136,0.91037,1.9375,0
1.4602,0.78606,0.12324,-8.192,2.556,0
0.89035,0.60652,0.16057,-0.22742,1.8943,0
-0.91415,0.55522,0.21591,7.5096,1.7073,0
-0.53425,-0.16296,0.31373,-1.8203,2.0382,0
-0.91415,-0.5477,0.45403,-7.7369,1.3765,0
-1.484,-0.3938,0.56214,4.7789,2.3978,0
-0.81917,-0.21426,0.56729,5.9167,1.506,0
0.98533,-0.18861,0.5068,-6.8267,1.5491,0
1.9351,-0.4451,0.44502,-6.144,0.80119,0
1.1753,-0.34251,0.38581,6.5994,-0.10496,0
1.2702,0.042233,0.27255,3.6411,0.41284,0
1.9351,0.37567,0.14255,-7.9645,-0.55085,0
1.2702,0.11918,0.11295,-3.4133,0.13956,0
-0.15436,0.19613,0.12067,7.5096,-0.98235,0
0.035589,0.70911,0.10265,0.45525,-1.27,0
-0.15436,0.96561,0.012554,-8.4196,-1.2556,0
-1.0091,1.0426,-0.055661,-0.22742,-1.8885,0
-2.7186,1.0426,-0.074968,7.282,-0.99673,0
-2.9086,1.5042,-0.10457,-1.3652,-2.1906,0
-2.3388,1.5042,-0.21011,-7.7369,-1.9892,0
-1.484,1.7351,-0.34654,3.6411,-3.1974,0
-0.34431,1.5812,-0.37743,5.9167,-4.1611,0
0.79538,1.4273,-0.30021,-4.3235,-4.0316,0
1.4602,0.65782,-0.18952,-5.6889,-4.9378,0
2.22,0.55522,-0.12645,5.6891,-4.0316,0
1.5552,0.78606,-0.018336,3.6411,-4.9809,0
-0.15436,0.70911,0.10909,-7.5093,-4.5782,0
-1.0091,0.32437,0.15928,-4.0959,-4.4775,0
-0.15436,-0.29121,0.1374,7.282,-4.2905,0
1.1753,-0.26556,0.13998,1.8206,-2.6652,0
1.9351,-0.52205,0.2172,-7.7369,-2.6652,0
1.5552,-0.93244,0.30987,-1.5928,-1.5433,0
0.51046,-1.2402,0.3665,7.5096,-2.8522,0
0.13056,-0.85549,0.37937,0.00013542,-4.1179,0
0.60543,-0.41945,0.39353,-7.7369,-5.3261,0
1.3652,-0.52205,0.39482,2.5033,-6.9658,0
1.4602,-0.77854,0.34977,7.0545,-6.7501,0
1.1753,-0.95809,0.3073,-3.6408,-7.7713,0
1.3652,-0.95809,0.22621,-6.5991,-7.0665,0
2.03,-0.52205,0.17215,5.234,-7.009,0
3.0747,-0.26556,0.14255,4.5513,-6.7789,0
2.4099,-0.23991,0.097502,-6.5991,-6.2035,0
0.60543,-0.34251,0.062751,-4.5511,-7.3686,0
-0.34431,0.22178,0.025425,7.5096,-6.8076,0
-0.059385,0.99126,-0.026058,2.0482,-7.7569,0
0.22554,0.60652,-0.06081,-7.5093,-6.822,0
-0.62923,0.52957,-0.081403,0.00013542,-5.959,0
0.60543,0.60652,-0.102,7.5096,-5.47,0
3.2647,0.58087,-0.11358,-2.2755,-3.9453,0
3.0747,0.35002,-0.15734,-8.4196,-4.4056,0
0.7004,0.24743,-0.24872,4.0962,-3.3412,0
-0.15436,0.47827,-0.3015,6.1442,-3.6001,0
-0.7242,0.81171,-0.3208,-5.2337,-3.744,0
-1.1991,0.93996,-0.32981,-5.6889,-3.4851,0
-1.0091,1.0426,-0.30021,6.1442,-4.3912,0
-1.389,1.0169,-0.26031,3.4135,-3.3268,0
-1.294,0.96561,-0.25259,-7.5093,-3.9022,0
-0.81917,0.55522,-0.20368,-2.503,-3.0967,0
-0.7242,0.52957,-0.15219,7.282,-3.2549,0
-0.53425,0.32437,-0.11744,-0.9101,-3.7296,0
-0.059385,0.52957,-0.10843,-7.9645,-2.8234,0
-0.62923,0.88866,-0.11487,1.8206,-3.4131,0
-0.53425,1.7351,-0.13932,6.8269,-2.2193,0
-0.15436,1.889,-0.14962,-3.1857,-2.6221,0
-0.43928,1.5555,-0.14061,-6.144,-2.5358,0
-0.53425,1.5042,-0.13804,5.4616,-2.0755,0
0.60543,1.376,-0.12903,4.0962,-2.507,0
2.4099,1.1708,-0.081403,-7.9645,-1.3276,0
3.4546,0.81171,-0.046652,-3.4133,-1.9892,0
2.9798,0.96561,-0.017049,8.1923,-1.2988,0
2.03,1.2221,0.039583,1.3655,-1.6296,0
0.51046,0.35002,0.079483,-7.5093,-2.0036,0
0.22554,-0.034715,0.10265,0.68281,-1.2413,0
-0.53425,-0.21426,0.12711,7.7372,-1.6152,0
-0.53425,-0.4964,0.16057,-1.8203,-0.033045,0
0.41548,-0.77854,0.21077,-7.7369,0.010105,0
0.60543,-0.52205,0.23136,3.8687,0.61421,0
0.7004,-0.80419,0.2674,6.1442,0.49914,0
0.7004,-1.1633,0.30215,-5.4613,-0.78098,0
1.4602,-1.3685,0.32918,-5.6889,-0.69468,0
0.79538,-1.4454,0.33304,6.5994,-1.9604,0
-0.24933,-1.4454,0.29829,3.186,-1.0255,0
-1.1991,-1.7019,0.24294,-7.7369,-0.7666,0
-2.6237,-1.4967,0.15928,-1.5928,-0.45016,0
-2.7186,-1.1376,0.11037,7.282,-0.11935,0
-1.6739,-0.4964,0.094928,0.00013542,-1.4858,0
-0.91415,-0.18861,0.051167,-8.192,-0.91043,0
0.035589,-0.21426,0.021564,1.1379,-1.4714,0
0.51046,-0.18861,0.015128,6.5994,-0.36386,0
1.3652,-0.11166,0.034435,-4.0959,0.28339,0
1.8401,0.29873,0.017703,-6.3715,0.024489,0
2.8848,0.27308,-0.027345,5.4616,1.0745,0
2.8848,-0.034715,-0.08269,4.5513,0.55667,0
1.7451,-0.18861,-0.092987,-7.9645,1.8656,0
1.2702,0.042233,-0.10457,-4.7786,1.7073,0
1.5552,0.47827,-0.11229,7.7372,1.2615,0
0.7004,0.40132,-0.12516,2.2757,0.88749,0
1.1753,0.78606,-0.14704,-8.4196,-0.6803,0
2.6949,1.5042,-0.18051,-1.1377,-0.2488,0
2.22,1.9916,-0.23457,7.7372,-1.0687,0
-0.15436,1.7351,-0.28734,-0.68254,-0.32071,0
-0.53425,1.6068,-0.31308,-7.7369,0.038872,0
-0.81917,1.9146,-0.30664,2.0482,0.082022,0
-1.1041,1.889,-0.30536,6.3718,1.0745,0
-0.81917,1.7607,-0.31437,-3.8684,0.29777,0
-1.294,1.3247,-0.30664,-5.4613,1.132,0
-1.294,1.0682,-0.3015,5.9167,0.21147,0
-0.81917,1.3247,-0.29635,4.3238,0.28339,0
-1.294,1.1708,-0.24615,-7.7369,0.58544,0
-1.389,1.1195,-0.1612,-2.503,0.52791,0
-0.62923,1.2221,-0.12388,8.1923,1.8656,0
-0.15436,0.93996,-0.10328,1.8206,0.93064,0
1.0803,0.68346,-0.0917,-7.2818,0.90188,0
2.22,0.63217,-0.076255,1.8206,-0.30633,0
1.6501,0.58087,-0.032494,7.9647,-1.0399,0
0.7004,0.29873,0.026712,-1.5928,-0.52208,0
-0.43928,-0.0090658,0.10008,-6.5991,-0.88167,0
0.60543,-0.16296,0.15285,3.8687,0.48476,0
1.3652,-0.034715,0.16186,5.9167,-0.061812,0
0.89035,-0.36816,0.17087,-5.6889,-0.018661,0
0.79538,-0.80419,0.18631,-4.7786,-0.594,0
0.22554,-0.95809,0.20562,7.0545,-1.6584,0
-0.34431,-1.0607,0.17344,3.4135,-1.155,0
-0.059385,-1.035,0.12324,-8.6471,-1.946,0
1.1753,-1.2659,0.098789,-3.4133,-0.83852,0
1.6501,-1.1633,0.096215,7.0545,-0.89605,0
0.89035,-0.75289,0.10651,0.00013542,-0.52208,0
1.6501,-0.88114,0.12453,-8.192,0.13956,0
1.5552,-0.7016,0.11681,1.1379,-0.34948,0
-0.15436,-0.85549,0.093641,7.5096,0.84434,0
-1.0091,-0.98374,0.10265,-2.9581,0.35531,0
-0.7242,-0.88114,0.1374,-7.9645,1.132,0
-0.059385,-0.47075,0.16186,4.0962,0.58544,0
0.60543,0.042233,0.15671,4.3238,-0.66591,0
0.22554,0.24743,0.10265,-7.0542,-1.3276,0
-0.059385,0.50392,0.069186,-4.7786,-3.1542,0
0.60543,0.78606,0.082057,7.0545,-2.4495,0
0.7004,0.70911,0.10265,2.2757,-2.6796,0
-1.0091,0.35002,0.093641,-8.192,-1.2413,0
-0.43928,-0.060364,0.029286,-2.0479,-0.3351,0
0.89035,-0.16296,-0.023484,6.8269,-0.49331,0
0.32051,-0.16296,-0.032494,-0.22742,0.024489,0
0.035589,0.24743,-0.017049,-7.7369,-1.7303,0
0.41548,-0.18861,0.030574,1.8206,-1.7591,0
0.51046,-0.26556,0.094928,7.282,-2.7659,0
0.79538,-0.21426,0.094928,-3.4133,-2.8234,0
0.32051,-0.21426,0.042157,-6.8267,-2.2193,0
0.79538,-0.4451,-0.0054649,5.234,-2.8234,0
1.9351,-0.26556,0.016416,4.0962,-1.8022,0
1.0803,0.042233,0.065325,-6.8267,-2.809,0
0.41548,0.17048,0.12711,-3.4133,-2.6221,0
1.4602,-0.060364,0.17087,6.8269,-3.0967,0
3.1697,-0.4451,0.16186,1.5931,-3.8734,0
4.1195,-0.29121,0.1078,-7.7369,-3.183,0
2.125,-0.16296,0.04087,0.45525,-3.8446,0
-0.15436,0.016583,0.00097052,7.9647,-2.6796,0
-1.8639,-0.034715,-0.045365,-0.9101,-2.7947,0
-2.6237,0.042233,-0.087839,-7.2818,-2.3919,0
-2.6237,-0.34251,-0.059523,3.4135,-1.7303,0
-1.484,-0.23991,-0.015762,6.5994,-2.2769,0
-1.0091,-0.16296,-0.02091,-5.0062,-1.2125,0
-0.91415,-0.21426,-0.023484,-5.9164,-2.0611,0
-0.7242,-0.18861,-0.0054649,6.1442,-1.457,0
0.035589,-0.3938,0.00097052,4.3238,-1.7015,0
0.13056,-0.3938,-0.032494,-7.7369,-1.9892,0
-0.34431,-0.47075,-0.083977,-2.9581,-1.3276,0
0.035589,-0.5477,-0.11615,7.5096,-2.1186,0
0.41548,-0.13731,-0.10586,0.45525,-1.1406,0
1.2702,-0.11166,-0.080116,-8.4196,-1.7015,0
1.5552,-0.16296,-0.06081,1.5931,-1.4426,0
0.41548,0.067882,-0.040216,6.8269,-1.3851,0
-0.62923,-0.11166,-0.037642,-4.3235,-2.2769,0
0.13056,0.042233,-0.098135,-7.2818,-1.7734,0
1.3652,0.17048,-0.16378,4.3238,-2.8666,0
2.125,0.19613,-0.16249,5.4616,-2.1906,0
2.22,0.14483,-0.13031,-6.3715,-2.3775,0
1.1753,-0.086014,-0.099422,-4.7786,-2.1043,0
0.98533,-0.3938,-0.044078,6.1442,-1.2556,0
1.9351,-0.26556,-0.033781,3.4135,-1.6584,0
1.6501,0.24743,-0.040216,-7.9645,-0.594,0
-0.059385,0.22178,-0.045365,-2.503,-1.4139,0
-1.0091,-0.5477,-0.02091,7.0545,-0.95358,0
0.51046,-0.90679,0.024138,-0.68254,-1.0111,0
1.1753,-1.035,0.05889,-8.192,-1.2125,0
0.41548,-1.0094,0.08077,1.5931,-0.26318,0
-0.53425,-0.72725,0.078196,7.282,-0.70906,0
-0.62923,-0.57335,0.070473,-2.9581,0.64298,0
-1.1991,-0.11166,0.060177,-6.144,0.39846,0
-1.1991,-0.11166,0.056315,5.234,0.94503,0
1.2702,-0.4451,0.064038,5.234,1.3621,0
1.8401,-0.29121,0.055028,-6.8267,0.78681,0
0.7004,-0.23991,0.026712,-5.0062,1.7505,0
-0.53425,0.27308,-0.00031657,6.5994,1.0313,0
-0.059385,0.50392,-0.033781,2.7309,1.7936,0
1.2702,-0.21426,-0.045365,-8.192,1.2471,0
1.3652,-0.47075,-0.015762,-2.0479,0.95941,0
0.89035,-0.034715,-0.023484,7.282,0.78681,0
0.79538,0.65782,-0.068532,0.00013542,-0.5077,0
0.7004,0.96561,-0.10071,-7.5093,0.082022,0
0.7004,0.73476,-0.10457,1.3655,-0.86728,0
0.89035,0.60652,-0.06081,7.7372,-0.11935,0
0.41548,0.86301,-0.017049,-2.0479,-0.36386,0
0.7004,0.91431,-0.04279,-7.0542,-0.49331,0
2.5049,0.47827,-0.02992,4.7789,0.32654,0
2.9798,0.22178,-0.0054649,5.4616,-0.2488,0
1.4602,-0.060364,-0.046652,-6.5991,0.72928,0
-0.059385,-0.13731,-0.081403,-4.5511,-0.3351,0
-0.059385,0.067882,-0.10071,6.3718,-0.1625,0
-0.15436,-0.086014,-0.12259,3.4135,-0.29195,0
-0.059385,-0.47075,-0.13675,-8.192,-0.40701,0
-0.059385,-0.75289,-0.14318,-2.7306,0.82996,0
0.7004,-0.7016,-0.1213,7.0545,0.22586,0
1.9351,-0.36816,-0.074968,0.45525,0.91626,0
1.6501,-0.23991,-0.035068,-7.9645,-0.14811,0
0.89035,-0.7016,-0.068532,-0.9101,-0.37825,0
1.5552,-0.90679,-0.11101,6.1442,-0.090578,0
1.2702,-1.035,-0.11487,-2.0479,-0.57961,0
1.0803,-1.4967,-0.089126,-7.0542,0.36969,0
1.0803,-1.4711,-0.078829,3.6411,-0.65153,0
0.41548,-0.85549,-0.06081,5.6891,-0.29195,0
-0.43928,-0.62465,-0.06081,-5.6889,-0.80975,0
-0.7242,-0.90679,-0.046652,-5.4613,-0.95358,0
-2.0538,-1.1889,-0.059523,6.3718,-0.1625,0
-0.7242,-1.0863,-0.050513,2.7309,-0.72345,0
1.2702,-0.4964,-0.0016037,-7.2818,0.35531,0
1.0803,0.042233,0.017703,-2.9581,-0.2488,0
-0.34431,-0.086014,-0.010613,7.0545,0.74366,0
0.13056,-0.086014,-0.026058,0.45525,1.621,0
-0.059385,0.042233,-0.032494,-6.5991,1.9519,0
-1.294,-0.11166,-0.041503,2.2757,2.9012,0
-1.0091,0.11918,-0.044078,7.5096,1.6067,0
-1.484,-0.086014,-0.0119,-2.9581,1.7361,0
-1.389,-0.7016,0.043444,-7.2818,0.71489,0
-1.484,-0.98374,0.067899,5.4616,1.0026,0
-1.1041,-0.95809,0.098789,5.4616,1.9231,0
-1.389,-1.035,0.12067,-6.3715,1.8368,0
-0.7242,-1.0607,0.12067,-4.7786,2.8436,0
-0.81917,-1.548,0.12711,7.282,1.4197,0
-0.43928,-1.4198,0.12324,3.4135,1.132,0
0.32051,-0.93244,0.13998,-7.5093,-0.13373,0
0.22554,-0.4451,0.14899,-0.22742,-1.0399,0
-1.1041,-0.21426,0.11552,8.4198,-0.57961,0
-1.484,-0.18861,0.065325,-0.45498,-1.0687,0
-1.0091,-0.21426,-0.022197,-8.192,0.54229,0
0.13056,-0.16296,-0.071106,2.0482,0.18271,0
0.41548,0.27308,-0.064671,6.8269,0.54229,0
0.79538,0.016583,-0.064671,-4.0959,0.16832,0
1.2702,-0.34251,-0.049226,-6.5991,-1.2556,0
1.5552,-0.57335,-0.0041778,5.6891,-1.1262,0
1.1753,-0.29121,0.013841,4.7789,-2.2769,0
0.98533,-0.21426,0.051167,-6.3715,-1.0399,0
0.79538,-0.18861,0.10265,-3.8684,-0.34948,0
0.13056,0.067882,0.08077,6.8269,0.42722,0
-1.1991,0.45262,0.052454,2.0482,1.2615,0
0.13056,0.78606,0.0099801,-7.7369,-0.11935,0
1.6501,1.0682,-0.049226,0.00013542,0.010105,0
1.5552,1.5299,-0.13417,6.8269,-1.5002,0
0.13056,1.8377,-0.19982,-1.5928,-1.3419,0
0.22554,1.5299,-0.20754,-7.2818,-1.2844,0
-0.059385,1.299,-0.22556,3.186,-1.8166,0
-0.15436,1.5812,-0.24744,5.6891,-1.3707,0
0.035589,1.7351,-0.27061,-5.2337,-2.5933,0
1.6501,1.3503,-0.28605,-6.3715,-1.9173,0
2.5049,0.83736,-0.25516,5.9167,-2.3056,0
2.315,0.91431,-0.18694,3.8687,-1.7878,0
1.0803,1.0169,-0.11101,-7.7369,-0.99673,0
-0.24933,0.99126,-0.0518,-3.1857,-1.457,0
0.035589,0.99126,-0.02091,8.4198,-0.91043,0
-0.059385,0.68346,0.046019,0.68281,-2.3488,0
-1.0091,-0.18861,0.15542,-7.7369,-2.4638,0
-1.294,-0.26556,0.22879,1.3655,-3.3988,0
-0.91415,-0.034715,0.27126,6.8269,-4.0316,0
-1.294,-0.34251,0.33175,-4.5511,-3.8159,0
-1.1041,-0.77854,0.36264,-6.5991,-4.607,0
-1.0091,-0.67595,0.33047,4.3238,-3.6433,0
0.035589,-0.6503,0.30987,5.4616,-4.5063,0
1.3652,-0.80419,0.32532,-6.8267,-4.1611,0
1.8401,-0.72725,0.33561,-4.5511,-4.1323,0
1.6501,-0.62465,0.34076,8.6474,-4.2905,0
0.79538,-0.62465,0.32789,3.186,-2.8234,0
0.89035,-0.31686,0.32017,-7.5093,-2.8953,0
0.79538,0.27308,0.29571,-0.9101,-1.1981,0
0.51046,0.19613,0.28284,7.9647,-0.89605,0
0.13056,-0.23991,0.25195,-0.9101,-0.46455,0
0.7004,-0.29121,0.20433,-8.4196,-0.004278,0
0.22554,-0.21426,0.18116,2.2757,-0.88167,0
-1.1041,-0.23991,0.16572,6.5994,-0.34948,0
-1.1991,-0.4964,0.17215,-5.0062,-1.5145,0
-1.0091,-0.52205,0.22492,-5.6889,-0.99673,0
0.41548,-0.34251,0.28413,6.5994,-1.1837,0
1.8401,-0.18861,0.24552,2.9584,-1.2844,0
2.03,-0.21426,0.16958,-6.5991,-0.43578,0
1.6501,-0.18861,0.094928,-2.503,-1.3707,0
1.3652,0.042233,0.074335,7.7372,-0.7666,0
-1.1041,0.11918,0.10394,0.45525,-1.8741,0
-3.0985,-0.060364,0.16443,-8.4196,-1.8454,0
-1.8639,-0.18861,0.23908,0.91037,-1.7015,0
0.035589,-0.36816,0.27383,7.282,-2.2625,0
0.035589,0.50392,0.20176,-4.0959,-1.4858,0
0.7004,1.4786,0.088493,-7.2818,-2.5645,0
2.5049,2.4789,0.015128,4.0962,-1.7303,0
2.5049,1.9146,-0.037642,5.4616,-1.9748,0
1.7451,1.2734,-0.12259,-6.5991,-1.9892,0
1.9351,1.376,-0.14833,-4.7786,-1.0687,0
