-0.026398,0.010376,0.035095,2.0482,0.015564,0
-0.026703,0.0086975,0.039978,2.0482,0.011902,0
-0.023956,0.0053406,0.043488,2.7309,0.013123,0
-0.023346,0.00045776,0.043945,2.9584,0.015259,0
-0.025024,-0.00015259,0.041199,2.7309,0.01709,0
-0.025482,-0.0012207,0.043488,2.0482,0.021057,0
-0.023346,-0.0045776,0.045013,2.0482,0.024719,0
-0.018921,-0.0061035,0.038605,1.5931,0.025635,0
-0.011749,-0.0038147,0.027771,2.0482,0.024414,0
-0.0035095,-0.0019836,0.019073,1.8206,0.023193,0
0.0039673,-0.0061035,0.012207,2.0482,0.022583,0
0.0061035,-0.010071,0.0035095,2.0482,0.023193,0
0.0050354,-0.012512,-0.0041199,2.0482,0.025024,0
0.0054932,-0.012207,-0.012512,0.91037,0.027466,0
0.0097656,-0.011749,-0.016479,2.0482,0.026245,0
0.010223,-0.016174,-0.015869,1.8206,0.023499,0
0.0073242,-0.018311,-0.016937,1.5931,0.020142,0
0.0039673,-0.019989,-0.016022,2.0482,0.01709,0
0.0053406,-0.018005,-0.015411,1.3655,0.019836,0
0.012054,-0.015564,-0.013733,1.8206,0.023193,0
0.016327,-0.015564,-0.011292,1.3655,0.02533,0
0.019684,-0.015869,-0.0076294,2.2757,0.028687,0
0.018463,-0.017853,-0.0061035,2.0482,0.032349,0
0.014801,-0.015564,-0.0080872,2.0482,0.036926,0
0.011444,-0.0093079,-0.005188,2.5033,0.04303,0
0.0064087,-0.004425,0.0018311,2.0482,0.047302,0
0.00045776,-0.0018311,0.0071716,2.2757,0.047607,0
0.00015259,0.0010681,0.0088501,2.9584,0.044861,0
0.002594,0.0041199,0.0076294,3.186,0.039368,0
0.0016785,0.0022888,0.0073242,3.186,0.032654,0
0.00030518,-0.00061035,0.011597,2.5033,0.024719,0
0.0024414,-0.0027466,0.018768,2.2757,0.017395,0
0.0038147,-0.002594,0.024414,2.2757,0.015259,0
0.0015259,-0.00045776,0.028687,2.5033,0.011597,0
0.0012207,0.0033569,0.032349,2.0482,0.0067139,0
-0.00015259,0.005188,0.032043,2.0482,0.0045776,0
-0.00045776,0.0039673,0.032043,2.7309,0.0033569,0
0.0030518,0.0061035,0.034637,2.2757,0.0057983,0
0.0059509,0.0074768,0.041504,2.0482,0.0085449,0
0.0056458,0.0062561,0.047455,2.2757,0.011292,0
0.0030518,0.0071716,0.047455,2.7309,0.011597,0
0.0030518,0.010986,0.045166,2.5033,0.010681,0
0.0053406,0.014038,0.042572,2.7309,0.012512,0
0.0056458,0.015259,0.041199,2.0482,0.014038,0
0.002594,0.015259,0.036621,2.2757,0.015564,0
0.00061035,0.01358,0.031891,1.5931,0.018616,0
0.0015259,0.0080872,0.025177,2.0482,0.024414,0
0.0024414,-0.0012207,0.017853,2.0482,0.030212,0
0.002594,-0.0085449,0.0061035,2.2757,0.032349,0
-0.0012207,-0.009613,-0.0045776,1.8206,0.032043,0
-0.0022888,-0.010376,-0.011902,2.0482,0.02655,0
-0.0013733,-0.011292,-0.014038,2.2757,0.022888,0
0.00045776,-0.011444,-0.0079346,1.8206,0.020447,0
0.0045776,-0.013123,-0.0032043,2.5033,0.021057,0
0.0067139,-0.012054,-0.0038147,1.5931,0.020447,0
0.0085449,-0.013123,-0.0079346,1.8206,0.021667,0
0.0085449,-0.01236,-0.014191,1.8206,0.022278,0
0.0074768,-0.010223,-0.022736,2.5033,0.022888,0
0.0071716,-0.0091553,-0.027466,1.8206,0.020447,0
0.0088501,-0.0074768,-0.023804,2.0482,0.014954,0
0.010376,-0.0068665,-0.018005,2.0482,0.0094604,0
0.0091553,-0.0064087,-0.013123,2.5033,0.0064087,0
0.0073242,-0.005188,-0.0064087,2.5033,0.0054932,0
0.004425,-0.0057983,-0.0013733,2.2757,0.0082397,0
0.0016785,-0.007782,0.0015259,2.7309,0.010986,0
-0.0022888,-0.0054932,0.0018311,2.9584,0.014038,0
-0.0042725,-0.0028992,0.0033569,2.2757,0.014343,0
-0.0027466,-0.0019836,0.0028992,2.2757,0.014038,0
0.00030518,-0.004425,0.0035095,2.2757,0.013428,0
0.00091553,-0.0062561,0.0073242,2.2757,0.013428,0
-0.0019836,-0.0036621,0.010071,2.0482,0.014954,0
-0.0035095,-0.00076294,0.0097656,2.0482,0.019531,0
-0.0012207,-0.00091553,0.007782,2.7309,0.023193,0
0.0010681,-0.0015259,0.0012207,2.2757,0.028381,0
0.0013733,-0.0032043,-0.00030518,2.2757,0.032654,0
-0.00061035,-0.0028992,0.0019836,2.5033,0.036621,0
-0.0024414,-0.0016785,0.0024414,2.5033,0.039062,0
0.002594,-0.0016785,-0.0022888,2.2757,0.039062,0
0.0038147,-0.0021362,-0.0032043,2.2757,0.037231,0
-0.0013733,-0.0028992,-0.00015259,2.5033,0.03479,0
-0.0053406,0.0019836,0.004425,2.5033,0.03479,0
-0.0036621,0.0018311,0.0090027,2.2757,0.03479,0
-0.0012207,0.0010681,0.011444,2.2757,0.030823,0
-0.0010681,0.00030518,0.012817,2.5033,0.027161,0
-0.0010681,-0.00061035,0.012207,2.2757,0.025635,0
0.0032043,0,0.012207,2.2757,0.027771,0
0.0086975,0.0021362,0.010376,2.2757,0.033569,0
0.013275,0.0047302,0.010834,2.5033,0.039062,0
0.018158,0.0036621,0.007019,2.7309,0.04303,0
0.020752,0.0016785,-0.00030518,2.0482,0.046082,0
0.019836,-0.0018311,-0.0012207,1.8206,0.046082,0
0.015106,-0.00091553,0.0019836,2.2757,0.047607,0
0.015564,0.0016785,0.005188,2.2757,0.049744,0
0.01358,0.0028992,0.010529,2.5033,0.05188,0
0.004425,0.0074768,0.011749,2.5033,0.048828,0
-0.0019836,0.011139,0.0086975,1.3655,0.044556,0
-0.0067139,0.0083923,0.004425,2.0482,0.041199,0
-0.0090027,0.0030518,0.0038147,1.8206,0.041809,0
-0.0071716,0.0010681,0.0068665,2.2757,0.042725,0
-0.0082397,0.0036621,0.0059509,1.3655,0.043945,0
-0.010529,0.0053406,0.0019836,2.0482,0.044556,0
-0.0073242,0.0056458,-0.0027466,2.7309,0.044556,0
-0.0019836,0.0068665,-0.0038147,1.8206,0.045471,0
0.0016785,0.0091553,-0.0064087,1.8206,0.047302,0
-0.00076294,0.0088501,-0.014648,3.186,0.046997,0
-0.0065613,0.0065613,-0.023499,2.2757,0.046082,0
-0.011597,0.0042725,-0.030975,2.5033,0.043335,0
-0.014191,0.0074768,-0.033875,2.5033,0.040283,0
-0.014954,0.0099182,-0.032196,2.5033,0.037537,0
-0.014038,0.010529,-0.033417,2.2757,0.036621,0
-0.015717,0.012207,-0.036621,1.8206,0.036011,0
-0.019379,0.012512,-0.044708,1.8206,0.036621,0
-0.022736,0.010986,-0.061493,2.5033,0.036621,0
-0.019836,0.0074768,-0.079651,2.5033,0.037537,0
-0.015106,0.0061035,-0.094147,3.186,0.036926,0
-0.013733,0.0056458,-0.11017,2.0482,0.036316,0
-0.014343,0.0067139,-0.12115,2.0482,0.033875,0
-0.012665,0.0045776,-0.13199,2.0482,0.030212,0
-0.010529,0.0033569,-0.14313,1.8206,0.027466,0
-0.0088501,0.0015259,-0.15518,2.7309,0.023499,0
-0.0088501,0.00045776,-0.16098,2.5033,0.022583,0
-0.005188,0.00076294,-0.16266,3.4135,0.021667,0
-0.00061035,0.00045776,-0.16312,2.9584,0.021057,0
-0.00091553,0.00015259,-0.16678,2.9584,0.020447,0
-0.0039673,-0.0035095,-0.25665,2.5033,0.020142,0
-0.0035095,-0.0016785,-0.31372,2.5033,0.018921,0
-0.00076294,0.0013733,-0.33417,2.0482,0.018921,0
0.00045776,0.00045776,-0.34149,1.8206,0.019531,0
0.0019836,0.004425,-0.3479,2.2757,0.020142,0
0.0036621,0.011749,-0.34973,1.5931,0.022278,0
0.0035095,0.011444,-0.35248,2.5033,0.019531,0
0.002594,0.010681,-0.36728,1.8206,0.014648,0
0.0032043,0.0090027,-0.39597,1.5931,0.0091553,0
0.0090027,0.0068665,-0.4248,1.8206,0.005188,0
0.014648,0.0073242,-0.4454,1.5931,0.0057983,0
0.014954,0.0064087,-0.46021,1.8206,0.010071,0
0.010071,0.0028992,-0.47867,1.8206,0.016785,0
0.0062561,0.0010681,-0.49988,2.5033,0.022278,0
0.0064087,0.00076294,-0.51697,1.5931,0.026245,0
0.0068665,0.0021362,-0.52216,2.2757,0.032654,0
0.0085449,0.0015259,-0.51056,2.2757,0.035706,0
0.007782,-0.0019836,-0.49637,2.0482,0.039062,0
0.0050354,-0.0039673,-0.48981,2.5033,0.040588,0
0.0032043,-0.0028992,-0.49377,1.5931,0.042114,0
0.0048828,-0.0035095,-0.49896,2.5033,0.044556,0
0.0067139,-0.0068665,-0.49942,2.2757,0.044861,0
0.0038147,-0.010071,-0.49728,2.0482,0.04425,0
-0.0016785,-0.011292,-0.48996,2.2757,0.039368,0
-0.0062561,-0.01297,-0.45868,2.0482,0.036621,0
-0.0054932,-0.01358,-0.40283,2.7309,0.038147,0
0.0018311,-0.013733,-0.34027,2.2757,0.04364,0
0.0056458,-0.01236,-0.27863,2.2757,0.050964,0
0.0056458,-0.010529,-0.20416,1.5931,0.056152,0
0.0028992,-0.010834,-0.10727,2.2757,0.056152,0
0.0018311,-0.011292,0.00045776,2.2757,0.054016,0
0.0057983,-0.0086975,0.11444,2.2757,0.05127,0
0.011139,-0.0085449,0.22842,2.5033,0.051575,0
0.014343,-0.010376,0.32959,2.5033,0.052185,0
0.014191,-0.011139,0.41763,2.0482,0.052795,0
0.01236,-0.014496,0.49271,2.2757,0.050049,0
0.010681,-0.015869,0.56473,2.5033,0.046692,0
0.0083923,-0.015106,0.63538,2.2757,0.044556,0
0.0073242,-0.01297,0.69626,2.0482,0.040894,0
0.0027466,-0.011902,0.7515,2.2757,0.036011,0
-0.0016785,-0.011444,0.7756,2.2757,0.030212,0
-0.0039673,-0.011444,0.78125,1.8206,0.028076,0
-0.004425,-0.011597,0.78201,2.5033,0.029297,0
-0.0067139,-0.011292,0.78217,2.7309,0.029602,0
-0.007019,-0.011139,0.78201,2.7309,0.030823,0
-0.0068665,-0.011444,0.78201,2.2757,0.030823,0
-0.010681,-0.011444,0.78186,2.0482,0.027161,0
-0.014496,-0.011597,0.78217,1.8206,0.023804,0
-0.012817,-0.011749,0.78171,2.2757,0.020447,0
-0.010071,-0.011444,0.78186,1.8206,0.016785,0
-0.010223,-0.011444,0.78201,2.5033,0.014648,0
-0.009613,-0.011749,0.78201,2.0482,0.014954,0
-0.0076294,-0.011292,0.78217,1.8206,0.014648,0
-0.0032043,-0.011597,0.78201,1.8206,0.01709,0
-0.0038147,-0.011444,0.78201,1.8206,0.020752,0
-0.0028992,-0.010986,0.79361,2.2757,0.025635,0
-0.00061035,0.00045776,1.0335,1.5931,0.02533,0
0.0016785,0.009613,1.1792,1.5931,0.022888,0
0.0050354,0.015564,1.228,1.5931,0.017395,0
0.0048828,0.018768,1.2392,2.0482,0.013733,0
0.0027466,0.016785,1.2306,2.0482,0.010986,0
-0.0022888,0.014343,1.2195,2.2757,0.0082397,0
-0.0022888,0.015869,1.2032,1.8206,0.005188,0
0.00015259,0.011292,1.1879,2.7309,0.0039673,0
-0.00076294,0.0099182,1.1716,2.7309,0.0057983,0
-0.0048828,0.010223,1.1411,3.186,0.0073242,0
-0.0068665,0.010376,1.0959,2.7309,0.010071,0
-0.0028992,0.0088501,1.0439,2.9584,0.011902,0
-0.0018311,0.0053406,0.98495,2.5033,0.011597,0
-0.0045776,0.0033569,0.92041,2.9584,0.012512,0
-0.0068665,0.0015259,0.85449,2.2757,0.015564,0
-0.0068665,-0.00091553,0.784,2.0482,0.019531,0
-0.0033569,-0.004425,0.70953,2.2757,0.024414,0
0.0010681,-0.0059509,0.63416,2.5033,0.027771,0
0.002594,-0.0064087,0.56396,2.2757,0.031433,0
0.00061035,-0.0079346,0.49896,2.2757,0.033264,0
-0.00015259,-0.0074768,0.43167,2.7309,0.035095,0
-0.00091553,-0.005188,0.35995,2.7309,0.036011,0
-0.0030518,-0.0013733,0.29449,2.2757,0.0354,0
-0.0033569,0.00045776,0.23178,1.8206,0.034485,0
-0.00015259,0.00076294,0.17242,2.5033,0.031128,0
-0.00015259,-0.00076294,0.11337,1.8206,0.029297,0
-0.00091553,0.00030518,0.059814,1.8206,0.031738,0
-0.0016785,0.0019836,0.0094604,2.5033,0.038452,0
-0.00091553,0.0071716,-0.039673,1.8206,0.047913,0
-0.0015259,0.011292,-0.088654,2.0482,0.057373,0
-0.0042725,0.0083923,-0.13519,1.8206,0.065002,0
-0.0041199,0.004425,-0.17822,2.2757,0.071106,0
-0.0013733,0.00015259,-0.22461,2.5033,0.076294,0
0.0016785,0.00030518,-0.26688,2.0482,0.078125,0
0.0035095,0.0013733,-0.30579,2.5033,0.077515,0
0.0041199,0.00015259,-0.34561,2.2757,0.075073,0
0.0048828,-0.0027466,-0.38956,1.8206,0.071106,0
0.0071716,-0.0027466,-0.42679,1.8206,0.070801,0
0.011139,-0.0019836,-0.45944,1.8206,0.071106,0
0.015411,-0.0047302,-0.49332,2.2757,0.06958,0
0.016632,-0.0076294,-0.53085,2.0482,0.065918,0
0.016632,-0.0045776,-0.56091,2.0482,0.057068,0
0.016022,-0.0068665,-0.58609,2.0482,0.047302,0
0.01709,-0.011444,-0.60226,2.7309,0.037537,0
0.018005,-0.0088501,-0.61203,2.5033,0.031738,0
0.016785,-0.0068665,-0.60944,2.2757,0.028381,0
0.016022,-0.0067139,-0.5957,2.2757,0.02655,0
0.013275,-0.0050354,-0.57739,1.5931,0.02533,0
0.0085449,-0.0028992,-0.55801,2.0482,0.023193,0
0.007019,-0.00030518,-0.54108,2.0482,0.020752,0
0.0057983,0.0019836,-0.52429,2.5033,0.018616,0
0.0030518,0.0028992,-0.51147,2.0482,0.019226,0
0.0019836,0.0015259,-0.49728,2.5033,0.023193,0
0.0015259,-0.00061035,-0.4863,2.0482,0.027161,0
0.00015259,-0.0016785,-0.47775,2.5033,0.032349,0
0.00030518,0.0013733,-0.46783,2.9584,0.036316,0
0.0035095,0.0041199,-0.45731,2.2757,0.037537,0
0.0057983,0.0033569,-0.44617,2.5033,0.036621,0
0.0064087,0.00015259,-0.44113,1.8206,0.031738,0
0.0061035,-0.0041199,-0.43259,2.2757,0.026245,0
0.0028992,-0.0065613,-0.42191,1.5931,0.022888,0
-0.0036621,-0.0080872,-0.41504,1.8206,0.023499,0
-0.0068665,-0.011597,-0.40955,1.8206,0.027771,0
-0.0065613,-0.012054,-0.39047,2.0482,0.032959,0
-0.0045776,-0.013123,-0.36682,2.5033,0.037842,0
-0.0053406,-0.015259,-0.34653,1.8206,0.04425,0
-0.0061035,-0.016327,-0.32669,2.0482,0.047913,0
-0.0041199,-0.015106,-0.30746,2.7309,0.048523,0
-0.0041199,-0.015717,-0.28854,2.2757,0.047607,0
-0.0057983,-0.018921,-0.2771,1.5931,0.045471,0
-0.0039673,-0.019379,-0.26611,2.2757,0.045471,0
-0.0018311,-0.014343,-0.25436,1.8206,0.04303,0
0.0024414,-0.012054,-0.24277,2.0482,0.040283,0
0.0039673,-0.0097656,-0.233,2.2757,0.037231,0
0.0042725,-0.0057983,-0.22354,2.7309,0.031128,0
0.0056458,-0.0032043,-0.21133,2.2757,0.025024,0
0.0093079,-0.0015259,-0.20126,2.0482,0.019226,0
0.0083923,-0.00045776,-0.19455,2.0482,0.014954,0
0.0062561,-0.00076294,-0.18555,1.8206,0.013123,0
0.0059509,0.002594,-0.17822,2.0482,0.013123,0
0.0038147,0.0033569,-0.1767,2.5033,0.014954,0
0.0013733,0.0015259,-0.17288,2.0482,0.015259,0
0.0024414,-0.00076294,-0.17029,1.1379,0.012512,0
0.0053406,-0.0019836,-0.168,1.8206,0.0097656,0
0.0056458,-0.0030518,-0.16068,1.8206,0.010681,0
0.0028992,-0.0054932,-0.1535,1.8206,0.011292,0
0.00045776,-0.0067139,-0.14954,2.0482,0.013123,0
-0.0016785,-0.009613,-0.14389,2.2757,0.010071,0
-0.007019,-0.010986,-0.13672,2.0482,0.0061035,0
-0.013123,-0.0082397,-0.12817,2.2757,0.0033569,0
-0.014496,-0.0028992,-0.12161,2.7309,0.0039673,0
-0.013885,-0.0030518,-0.11871,2.9584,0.0057983,0
-0.015564,-0.0038147,-0.11581,2.0482,0.0036621,0
-0.018768,-0.0041199,-0.11978,2.5033,-0.0012207,0
-0.019073,-0.0054932,-0.12543,2.5033,-0.0054932,0
-0.016479,-0.0047302,-0.12848,2.2757,-0.0076294,0
-0.015717,-0.0027466,-0.12421,2.2757,-0.0085449,0
-0.016174,-0.0019836,-0.11139,2.5033,-0.0091553,0
-0.011902,-0.0028992,-0.097961,2.5033,-0.0088501,0
-0.0062561,-0.0019836,-0.083618,2.7309,-0.0073242,0
-0.0048828,0.0012207,-0.069122,3.186,-0.0027466,0
-0.0041199,0.0038147,-0.05661,2.9584,0.00030518,0
-0.0056458,0.0038147,-0.049744,2.7309,0.0030518,0
-0.0088501,0.0028992,-0.045929,2.2757,0.0039673,0
-0.0086975,0.00015259,-0.042114,1.3655,0.0057983,0
-0.0047302,-0.0013733,-0.040131,2.0482,0.0076294,0
-0.0028992,-0.0015259,-0.0354,2.0482,0.010681,0
-0.00061035,-0.0030518,-0.025635,1.8206,0.011902,0
0.0012207,-0.0050354,-0.018311,2.2757,0.011902,0
0.002594,-0.0018311,-0.012817,1.8206,0.011597,0
0.0041199,0.004425,-0.0035095,2.2757,0.010986,0
0.0059509,0.0086975,0.0032043,2.2757,0.0097656,0
0.0071716,0.010376,0.0059509,2.2757,0.010071,0
0.0094604,0.0090027,0.0050354,2.2757,0.011597,0
0.012207,0.011292,0.0018311,1.5931,0.016785,0
0.012054,0.013885,-0.0041199,1.8206,0.020142,0
0.01236,0.01358,-0.0068665,2.0482,0.021362,0
0.013733,0.013428,-0.0047302,1.8206,0.022278,0
0.016022,0.014343,0.0012207,2.0482,0.021973,0
0.0177,0.016785,0.0082397,1.8206,0.024414,0
0.016479,0.015869,0.015259,1.8206,0.029602,0
0.014496,0.010986,0.016632,1.8206,0.03479,0
0.010986,0.0041199,0.014038,2.2757,0.039062,0
0.0057983,0.0013733,0.0061035,2.0482,0.039978,0
0.0024414,0.0036621,-0.0041199,2.2757,0.041809,0
0.00015259,0.0053406,-0.010071,2.0482,0.042725,0
-0.0016785,0.005188,-0.0093079,2.0482,0.041809,0
-0.0062561,0.00091553,-0.0053406,2.5033,0.038147,0
-0.0097656,-0.0010681,0.0019836,2.2757,0.037537,0
-0.011902,-0.00015259,0.0080872,2.2757,0.036926,0
-0.012665,-0.0024414,0.0094604,2.2757,0.039062,0
-0.01236,-0.0053406,0.0091553,2.2757,0.040588,0
-0.0097656,-0.010986,0.010681,2.7309,0.044556,0
-0.0068665,-0.013428,0.015869,2.2757,0.04425,0
-0.004425,-0.014038,0.019989,2.2757,0.042114,0
-0.0018311,-0.019989,0.027313,2.7309,0.037537,0
-0.0033569,-0.022888,0.033569,2.0482,0.03479,0
-0.0059509,-0.022278,0.039673,2.5033,0.037537,0
-0.005188,-0.019989,0.041504,2.0482,0.040588,0
-0.0030518,-0.015717,0.044098,2.5033,0.041504,0
-0.00045776,-0.011444,0.051422,2.7309,0.039062,0
0.0012207,-0.0079346,0.056305,2.7309,0.032654,0
0.002594,-0.0080872,0.059204,2.5033,0.02655,0
0.0064087,-0.0010681,0.057373,1.8206,0.020142,0
0.0097656,0.005188,0.054626,2.2757,0.014954,0
0.0097656,0.0061035,0.055084,1.8206,0.0085449,0
0.010529,0.007019,0.058441,1.8206,0.0030518,0
0.011902,0.0094604,0.063019,2.2757,-0.0015259,0
0.0090027,0.0086975,0.06485,2.2757,-0.0054932,0
0.0035095,0.0086975,0.06424,2.5033,-0.0085449,0
0.0018311,0.0064087,0.064697,2.0482,-0.011902,0
0.0047302,0.0056458,0.068359,1.5931,-0.013733,0
0.0067139,0.0053406,0.068207,1.1379,-0.014343,0
0.0083923,0.0041199,0.068359,0.91037,-0.012817,0
0.007019,0.0018311,0.070496,2.0482,-0.0082397,0
0.0073242,-0.00076294,0.067902,1.8206,-0.0048828,0
0.0085449,0,0.06012,1.1379,-0.00091553,0
0.0091553,0.005188,0.05127,2.0482,-0.0012207,0
0.010223,0.0088501,0.047302,2.2757,-0.0036621,0
0.014038,0.011749,0.053711,2.9584,-0.0045776,0
0.013428,0.012665,0.059662,2.7309,-0.0015259,0
0.010071,0.014038,0.053711,2.7309,0.0027466,0
0.007019,0.010986,0.041656,2.0482,0.0061035,0
0.0062561,0.0083923,0.039978,1.3655,0.0073242,0
0.010071,0.0090027,0.044861,1.8206,0.0042725,0
0.011292,0.007019,0.049133,2.0482,0.0012207,0
0.011902,0.0028992,0.053253,2.2757,-0.0018311,0
0.011749,-0.0015259,0.056305,2.5033,-0.0039673,0
0.011444,-0.0024414,0.055084,1.8206,-0.0033569,0
0.0085449,-0.0022888,0.050659,2.7309,-0.0021362,0
0.00061035,-0.0056458,0.046387,2.0482,0.0018311,0
-0.0021362,-0.0099182,0.04425,1.5931,0.0061035,0
0.00030518,-0.0082397,0.04837,2.2757,0.0076294,0
0.004425,-0.005188,0.056305,2.5033,0.0088501,0
0.0028992,-0.0041199,0.062103,2.7309,0.0097656,0
-0.0013733,-0.0027466,0.057373,2.7309,0.011902,0
-0.0033569,-0.0019836,0.047302,2.9584,0.014648,0
-0.0022888,-0.0030518,0.041656,2.5033,0.018616,0
-0.0022888,-0.0062561,0.044708,2.9584,0.021057,0
-0.0027466,-0.0054932,0.046082,2.2757,0.023804,0
-0.0033569,-0.0016785,0.047455,2.0482,0.027466,0
-0.004425,-0.0015259,0.05127,2.5033,0.032349,0
-0.0028992,-0.004425,0.052643,2.2757,0.0354,0
0.00030518,-0.004425,0.050049,2.5033,0.036316,0
0.002594,-0.0016785,0.046539,2.2757,0.035095,0
0.0012207,-0.0010681,0.045929,1.1379,0.032959,0
-0.0015259,-0.00030518,0.048218,2.0482,0.031433,0
-0.0019836,-0.0010681,0.044098,2.0482,0.027161,0
-0.0015259,-0.004425,0.036621,2.5033,0.022583,0
-0.0030518,-0.0056458,0.031128,2.0482,0.018616,0
-0.0062561,-0.0021362,0.032043,2.2757,0.018005,0
-0.011597,0.0015259,0.037384,2.2757,0.018005,0
-0.013275,0.0030518,0.041656,2.0482,0.015564,0
-0.010681,0.0010681,0.041504,2.0482,0.011597,0
-0.0065613,-0.0018311,0.039978,2.0482,0.0082397,0
-0.0024414,-0.0038147,0.031281,1.1379,0.007019,0
0.0016785,-0.0057983,0.026245,1.5931,0.0076294,0
0.00091553,-0.0050354,0.027466,0.68281,0.0088501,0
-0.0027466,-0.0056458,0.029755,2.0482,0.0088501,0
-0.0064087,-0.0062561,0.028076,1.8206,0.0085449,0
-0.007782,-0.0022888,0.027161,1.8206,0.010681,0
-0.0079346,0.0028992,0.029755,1.8206,0.014648,0
-0.0067139,0.0082397,0.036774,2.0482,0.0177,0
-0.0047302,0.011292,0.039978,2.0482,0.018921,0
-0.0054932,0.0097656,0.036621,2.5033,0.016479,0
-0.0065613,0.0080872,0.029907,2.2757,0.015564,0
-0.0062561,0.0050354,0.018463,2.2757,0.016479,0
-0.0071716,0.0024414,0.013123,2.2757,0.021973,0
-0.007782,0.0022888,0.013123,2.7309,0.028381,0
-0.0073242,0.00015259,0.013733,2.5033,0.036926,0
-0.0061035,-0.0012207,0.012817,2.5033,0.04364,0
-0.005188,-0.00015259,0.014954,2.5033,0.048523,0
-0.0032043,-0.0012207,0.014954,2.2757,0.05127,0
-0.00091553,-0.0032043,0.014496,2.2757,0.054321,0
0.0027466,-0.0068665,0.020294,2.7309,0.058899,0
0.0082397,-0.0071716,0.026093,2.9584,0.059509,0
0.01236,-0.0038147,0.029602,2.5033,0.060425,0
0.014954,-0.0022888,0.029449,2.2757,0.063171,0
0.018158,-0.00030518,0.024567,2.7309,0.065918,0
0.020294,0.0019836,0.020905,2.2757,0.06958,0
0.018005,0.0059509,0.018005,2.0482,0.071716,0
0.012665,0.0079346,0.014038,2.2757,0.074768,0
0.0082397,0.007782,0.0090027,2.7309,0.076294,0
0.0068665,0.0065613,0.0015259,2.5033,0.081482,0
0.0053406,0.0073242,-0.0018311,2.7309,0.08728,0
0.0018311,0.0076294,-0.0015259,2.5033,0.093689,0
0.00030518,0.0080872,-0.0019836,2.2757,0.097046,0
-0.0056458,0.0080872,-0.0024414,2.7309,0.095825,0
-0.01297,0.010681,0,2.2757,0.091858,0
-0.016327,0.0099182,0.0028992,2.7309,0.086975,0
-0.016327,0.010071,0.0054932,2.9584,0.081482,0
-0.016174,0.010223,0.0074768,2.5033,0.079956,0
-0.013428,0.010223,0.0059509,2.0482,0.079956,0
-0.011749,0.0088501,-0.0012207,2.5033,0.083618,0
-0.01297,0.0082397,-0.0053406,2.5033,0.086365,0
-0.015259,0.0065613,-0.0057983,1.8206,0.089722,0
-0.018921,0.007019,-0.0012207,1.8206,0.090942,0
-0.020447,0.0091553,0.0012207,1.5931,0.090637,0
-0.020752,0.0090027,0.0032043,2.2757,0.090637,0
-0.021973,0.0080872,0.0083923,1.8206,0.08728,0
-0.022583,0.007782,0.012207,2.0482,0.083923,0
-0.022888,0.0080872,0.01236,1.3655,0.079956,0
-0.022736,0.0048828,0.013123,2.7309,0.075684,0
-0.022583,0.0030518,0.013885,1.8206,0.073853,0
-0.022583,-0.00015259,0.017853,2.7309,0.073242,0
-0.022736,-0.0056458,0.027618,2.5033,0.071411,0
-0.022583,-0.007019,0.040741,2.2757,0.069885,0
-0.022888,-0.0083923,0.046387,2.5033,0.067444,0
-0.022736,-0.013428,0.04303,2.7309,0.067139,0
-0.022888,-0.017242,0.036163,3.186,0.063477,0
-0.022736,-0.018768,0.032654,2.7309,0.060425,0
-0.020599,-0.019226,0.031738,2.2757,0.055847,0
-0.012207,-0.019073,0.031281,1.8206,0.050049,0
-0.0047302,-0.018463,0.031738,1.8206,0.043945,0
0.00076294,-0.011444,0.037231,2.2757,0.039062,0
0.0036621,-0.004425,0.0383,2.2757,0.032654,0
0.0073242,-0.0021362,0.034637,2.0482,0.025635,0
0.0093079,-0.00030518,0.033264,1.5931,0.022888,0
0.0076294,-0.00076294,0.028992,2.0482,0.021667,0
0.0079346,-0.0013733,0.019836,2.7309,0.020142,0
0.010986,-0.0018311,0.0097656,2.7309,0.017395,0
0.014343,-0.004425,0.0056458,2.9584,0.014343,0
0.0177,-0.0045776,0.00015259,2.2757,0.010986,0
0.018463,-0.0013733,-0.009613,2.2757,0.0076294,0
0.017853,-0.0010681,-0.01709,2.2757,0.0061035,0
0.014801,0.00015259,-0.0177,2.0482,0.0054932,0
0.011139,0.00061035,-0.014496,2.0482,0.0036621,0
0.0097656,0.00076294,-0.0071716,2.0482,-0.00091553,0
0.011444,0.0067139,0.0032043,2.7309,-0.0042725,0
0.012817,0.009613,0.010986,2.7309,-0.0079346,0
0.011597,0.0071716,0.015106,2.5033,-0.0094604,0
0.010071,0.0056458,0.014801,2.0482,-0.010986,0
0.0082397,0.0039673,0.011292,1.8206,-0.013123,0
0.0056458,0.0018311,0.009613,1.8206,-0.018311,0
0.0041199,0.00061035,0.0079346,2.2757,-0.022583,0
0.0041199,-0.00091553,0.002594,1.5931,-0.028381,0
0.0050354,-0.0015259,-0.0039673,2.2757,-0.031433,0
0.0088501,-0.0047302,-0.0038147,1.5931,-0.032043,0
0.01236,-0.0047302,-0.0033569,2.2757,-0.032654,0
0.014954,-0.0042725,-0.0073242,1.8206,-0.036926,0
0.017548,-0.0085449,-0.010834,1.3655,-0.040588,0
0.016937,-0.0080872,-0.012207,2.0482,-0.048218,0
0.015869,-0.0053406,-0.014343,2.2757,-0.055237,0
0.01358,-0.0054932,-0.0177,2.5033,-0.059509,0
0.013885,-0.0030518,-0.016632,2.2757,-0.061646,0
0.015564,0.00076294,-0.0099182,2.2757,-0.06073,0
0.01709,0.0045776,-0.0050354,2.2757,-0.06012,0
0.0099182,0.0067139,-0.0047302,2.0482,-0.058594,0
0.0024414,0.0062561,-0.0036621,2.2757,-0.056763,0
0,0.0027466,-0.0042725,2.5033,-0.055237,0
0.0015259,-0.00030518,-0.0056458,2.0482,-0.053406,0
0.0085449,-0.00015259,-0.0056458,2.5033,-0.052185,0
0.017242,-0.0022888,-0.0064087,2.2757,-0.047607,0
0.022888,-0.002594,-0.0061035,2.5033,-0.040894,0
0.025482,-0.0033569,-0.0036621,1.8206,-0.036011,0
0.019989,-0.0028992,0.0013733,2.2757,-0.0354,0
0.013885,-0.0035095,0.0048828,2.2757,-0.039062,0
0.012817,-0.0054932,0.0050354,2.0482,-0.04303,0
0.013428,-0.0061035,0.0028992,2.2757,-0.047302,0
0.013275,-0.0067139,-0.0010681,2.5033,-0.047913,0
0.011139,-0.0080872,-0.0056458,2.7309,-0.046387,0
0.0064087,-0.0059509,-0.0067139,3.186,-0.045471,0
-0.00061035,-0.0047302,-0.00076294,2.5033,-0.042419,0
-0.004425,-0.0038147,0.0028992,2.2757,-0.036621,0
-0.0053406,-0.0012207,0.0041199,2.0482,-0.029907,0
-0.005188,0.0030518,0.0057983,2.7309,-0.027466,0
-0.0061035,0.0053406,0.0065613,3.186,-0.027771,0
-0.007782,0.0097656,0.0073242,2.7309,-0.027771,0
-0.0038147,0.010834,0.011292,1.8206,-0.025635,0
-0.0021362,0.0091553,0.014954,1.5931,-0.019531,0
-0.005188,0.0065613,0.016327,1.8206,-0.014343,0
-0.0088501,0.0056458,0.019684,2.0482,-0.0088501,0
-0.010071,0.0053406,0.020905,2.0482,-0.0067139,0
-0.011292,0.005188,0.019836,2.2757,-0.0076294,0
-0.01358,0.004425,0.022736,2.0482,-0.0076294,0
-0.013885,0.0047302,0.028076,1.8206,-0.010376,0
-0.016022,0.0036621,0.028534,1.8206,-0.010376,0
-0.020599,0.00045776,0.020294,2.0482,-0.0082397,0
-0.020905,0,0.009613,2.7309,-0.0033569,0
-0.018005,0.00030518,-0.00030518,2.7309,-0.0015259,0
-0.019836,0.0016785,-0.0059509,2.0482,-0.0018311,0
-0.02121,-0.00015259,-0.0047302,2.0482,-0.0054932,0
-0.020294,-0.002594,-0.00091553,1.8206,-0.0085449,0
-0.018311,-0.0022888,-0.0013733,2.2757,-0.011597,0
-0.014648,-0.0045776,-0.0038147,2.5033,-0.013733,0
-0.0079346,-0.0079346,-0.00091553,2.0482,-0.013733,0
-0.0010681,-0.0071716,0.0028992,2.2757,-0.012512,0
0.00045776,-0.0048828,0.0067139,3.186,-0.011292,0
-0.0019836,-0.0028992,0.0088501,2.2757,-0.0094604,0
-0.0045776,-0.00061035,0.010834,1.8206,-0.0073242,0
-0.0053406,-0.0012207,0.014191,2.5033,-0.0057983,0
-0.0057983,-0.0032043,0.017395,2.5033,-0.0039673,0
-0.0065613,-0.0024414,0.015869,2.5033,-0.0033569,0
-0.0054932,-0.00045776,0.011749,1.5931,-0.0027466,0
-0.0041199,0.0019836,0.012512,2.5033,-0.0021362,0
-0.0048828,0.0010681,0.013733,2.9584,0.00030518,0
-0.0053406,0.0012207,0.012817,2.9584,0.0061035,0
-0.0056458,0.0038147,0.013123,2.5033,0.011292,0
-0.0045776,0.0065613,0.01236,2.2757,0.013123,0
-0.0019836,0.0094604,0.013428,2.7309,0.014648,0
-0.0012207,0.010529,0.010681,2.2757,0.015259,0
-0.00015259,0.011902,0.0071716,2.7309,0.016785,0
0.0028992,0.012817,0.009613,2.9584,0.018005,0
0.0065613,0.015869,0.01709,2.2757,0.021667,0
0.0065613,0.017548,0.020294,2.0482,0.02655,0
0.005188,0.017548,0.021362,1.8206,0.030823,0
0.0048828,0.018005,0.021515,1.5931,0.032349,0
0.0065613,0.017548,0.021973,1.5931,0.031433,0
0.0090027,0.016174,0.024414,1.5931,0.030212,0
0.011139,0.012512,0.022736,2.0482,0.028687,0
0.01297,0.0090027,0.016022,2.2757,0.026855,0
0.01236,0.0048828,0.0099182,2.2757,0.027466,0
0.011139,0.00030518,0.0047302,2.0482,0.029907,0
0.007782,-0.0013733,0.005188,2.0482,0.033569,0
0.0074768,-0.00045776,0.0042725,2.2757,0.038147,0
0.0080872,-0.0028992,0.0015259,2.0482,0.042114,0
0.0074768,-0.010071,-0.0042725,2.5033,0.045471,0
0.0064087,-0.01297,-0.011597,1.8206,0.047913,0
0.0062561,-0.012817,-0.020294,2.2757,0.050964,0
0.010376,-0.0099182,-0.028076,2.5033,0.05188,0
0.012207,-0.0047302,-0.025635,2.2757,0.051575,0
0.010071,-0.0019836,-0.020447,1.8206,0.05188,0
0.0080872,0.0027466,-0.012817,2.0482,0.051575,0
0.0076294,0.0064087,-0.010071,2.5033,0.050964,0
0.0054932,0.0088501,-0.0067139,2.5033,0.050049,0
0.0048828,0.010223,0.0028992,1.8206,0.051575,0
0.0059509,0.013275,0.010529,2.0482,0.053406,0
0.0064087,0.013733,0.017853,2.2757,0.055847,0
0.0062561,0.011292,0.024872,1.8206,0.058289,0
0.0074768,0.012054,0.028076,2.2757,0.06073,0
0.010376,0.010071,0.025787,2.2757,0.063477,0
0.011749,0.007019,0.021667,2.2757,0.062866,0
0.011749,0.0053406,0.018005,2.0482,0.06134,0
0.007782,0.0024414,0.019684,2.7309,0.061035,0
0.0030518,0.0021362,0.016174,2.5033,0.06012,0
0.0022888,0.0013733,0.0057983,3.4135,0.059509,0
0.00076294,0.002594,-0.0080872,2.9584,0.06073,0
-0.002594,0.0061035,-0.016022,2.9584,0.06073,0
-0.0068665,0.0086975,-0.016937,2.9584,0.060425,0
-0.009613,0.0090027,-0.014343,2.7309,0.059509,0
-0.0097656,0.010986,-0.016174,2.0482,0.058899,0
-0.0083923,0.012512,-0.020142,2.2757,0.059204,0
-0.0090027,0.0065613,-0.023346,2.2757,0.062561,0
-0.011444,-0.0021362,-0.020447,2.0482,0.065002,0
-0.013275,-0.0028992,-0.015564,2.5033,0.068359,0
-0.016022,-0.0054932,-0.014648,2.5033,0.071716,0
-0.014496,-0.010986,-0.016327,2.5033,0.074768,0
-0.010376,-0.013885,-0.0177,2.2757,0.074463,0
-0.0050354,-0.014191,-0.016327,1.8206,0.072021,0
-0.0042725,-0.018311,-0.015869,1.5931,0.065002,0
-0.0073242,-0.020752,-0.015106,1.8206,0.06012,0
-0.0083923,-0.019531,-0.012207,0.68281,0.055237,0
-0.0053406,-0.017853,-0.0093079,1.5931,0.054016,0
-0.0022888,-0.015106,-0.0038147,2.0482,0.054016,0
0,-0.012817,0.00061035,2.7309,0.053711,0
0.0012207,-0.013123,0.0061035,2.0482,0.05249,0
0.0018311,-0.011749,0.0099182,2.5033,0.052795,0
0.0021362,-0.0088501,0.011292,2.0482,0.051575,0
0.0041199,-0.007019,0.0086975,1.8206,0.055237,0
0.0065613,-0.007782,0.0057983,1.8206,0.059814,0
0.0074768,-0.007019,0.0059509,2.5033,0.063171,0
0.0054932,-0.0067139,0.0062561,2.0482,0.065918,0
0.0048828,-0.009613,0.0041199,2.5033,0.067444,0
0.0065613,-0.0093079,0.0056458,2.2757,0.066528,0
0.0085449,-0.0065613,0.010834,2.0482,0.063782,0
0.0093079,-0.0059509,0.010223,2.2757,0.061646,0
0.0094604,-0.007782,0.0067139,2.9584,0.059509,0
0.0094604,-0.0056458,0.0050354,2.0482,0.057373,0
0.0086975,-0.0033569,0.002594,2.5033,0.058899,0
0.0079346,-0.0038147,-0.0012207,2.5033,0.061035,0
0.0086975,-0.0024414,-0.0082397,2.5033,0.065308,0
0.0080872,-0.0047302,-0.014801,2.5033,0.066223,0
0.0054932,-0.0059509,-0.019073,2.7309,0.064087,0
0.0054932,-0.0036621,-0.021515,2.9584,0.061646,0
0.0085449,-0.004425,-0.024872,2.7309,0.061035,0
0.009613,-0.0035095,-0.024109,2.2757,0.062256,0
0.004425,-0.0018311,-0.018005,2.2757,0.059814,0
-0.0013733,0.0012207,-0.0086975,2.5033,0.056458,0
-0.0047302,0.0028992,-0.0041199,2.2757,0.053101,0
-0.0080872,0.0033569,-0.0032043,2.5033,0.05188,0
-0.011292,0.0032043,-0.0027466,2.5033,0.047607,0
-0.012665,0.0033569,-0.0032043,2.2757,0.044556,0
-0.012817,0.0027466,-0.002594,1.8206,0.04364,0
-0.013123,-0.0013733,0.0036621,1.8206,0.044861,0
-0.009613,-0.0035095,0.0076294,2.2757,0.046387,0
0.00015259,-0.0071716,0.0041199,2.5033,0.046997,0
0.0024414,-0.011292,-0.0016785,2.7309,0.046997,0
0.00015259,-0.011749,-0.004425,2.2757,0.046997,0
-0.0027466,-0.0086975,-0.0010681,1.5931,0.047302,0
-0.005188,-0.005188,0.0010681,1.5931,0.047607,0
-0.0027466,-0.0013733,-0.0036621,1.8206,0.046692,0
-0.0022888,-0.0013733,-0.0038147,2.2757,0.045776,0
-0.0038147,-0.0012207,0.0027466,2.2757,0.04425,0
-0.0064087,-0.0015259,0.011749,1.8206,0.043945,0
-0.005188,0.0012207,0.018158,1.5931,0.041809,0
-0.0035095,0.0028992,0.018311,1.8206,0.039673,0
-0.0039673,0.0016785,0.021362,1.5931,0.040894,0
-0.0065613,0.0036621,0.027466,2.5033,0.04303,0
-0.0071716,0.0036621,0.027771,2.0482,0.045776,0
-0.0053406,0.0033569,0.025787,1.8206,0.045776,0
-0.0047302,0.0015259,0.023651,1.3655,0.04425,0
-0.0079346,-0.0019836,0.015259,2.2757,0.039978,0
-0.010986,-0.0053406,0.0062561,2.0482,0.033569,0
-0.010986,-0.0062561,0.0027466,2.9584,0.028381,0
-0.0061035,-0.0074768,-0.002594,2.5033,0.02533,0
-0.00030518,-0.0068665,-0.012054,2.2757,0.024719,0
0.00091553,-0.005188,-0.014648,1.8206,0.02533,0
-0.0021362,-0.0012207,-0.0082397,2.2757,0.027161,0
-0.0048828,0.00030518,-0.0028992,2.5033,0.029297,0
-0.0079346,-0.0019836,-0.0036621,2.7309,0.028992,0
-0.0083923,-0.0039673,-0.009613,2.7309,0.026245,0
-0.0064087,-0.0056458,-0.021057,2.7309,0.021362,0
-0.0048828,-0.0076294,-0.029449,2.2757,0.01709,0
-0.0057983,-0.0056458,-0.037842,2.5033,0.011292,0
-0.0038147,-0.0045776,-0.045319,2.9584,0.0082397,0
-0.00076294,-0.0028992,-0.044556,2.7309,0.0082397,0
0.0010681,-0.00061035,-0.039673,2.7309,0.0085449,0
0.0016785,-0.0024414,-0.033264,2.0482,0.010071,0
0.0024414,-0.0022888,-0.026245,2.0482,0.011902,0
0.005188,0,-0.019989,2.7309,0.013733,0
0.0090027,0.0064087,-0.010681,2.2757,0.013428,0
0.0088501,0.0080872,-0.00045776,2.2757,0.012207,0
0.0082397,0.0097656,0.0061035,2.2757,0.0088501,0
0.0094604,0.0086975,0.0099182,2.0482,0.007019,0
0.007782,0.0080872,0.011139,2.5033,0.0039673,0
0.0067139,0.007782,0.011749,1.8206,0.0015259,0
0.0065613,0.0076294,0.011597,1.3655,-0.00091553,0
0.0068665,0.0079346,0.011902,2.0482,-0.0021362,0
0.0065613,0.0079346,0.011749,2.2757,-0.0018311,0
0.0068665,0.0082397,0.011902,2.9584,0.00030518,0
0.0062561,0.0079346,0.011444,2.2757,0.0030518,0
0.0068665,0.007782,0.011749,2.2757,0.0067139,0
0.0064087,0.007782,0.011444,2.0482,0.0091553,0
0.0032043,0.0076294,0.011902,1.5931,0.0088501,0
-0.0010681,0.0033569,0.017242,2.0482,0.010071,0
-0.0027466,-0.0033569,0.01297,1.3655,0.010986,0
-0.0030518,-0.010529,0.0013733,1.3655,0.011292,0
-0.0028992,-0.011749,-0.0062561,2.0482,0.010681,0
-0.0028992,-0.007019,-0.0036621,2.5033,0.0073242,0
-0.0022888,-0.0047302,0.0035095,2.0482,0.005188,0
-0.0022888,-0.0071716,0.010376,2.2757,0.005188,0
-0.0090027,-0.011597,0.016327,2.0482,0.0076294,0
-0.019226,-0.013733,0.019684,1.5931,0.010071,0
-0.024872,-0.013733,0.016785,2.5033,0.014343,0
-0.027771,-0.009613,0.0086975,2.2757,0.0177,0
-0.02533,-0.007019,0.0065613,2.2757,0.021057,0
-0.020599,-0.0093079,0.0067139,2.5033,0.021667,0
-0.015869,-0.0094604,0.0065613,2.5033,0.020142,0
-0.010529,-0.0090027,0.0067139,2.0482,0.0177,0
-0.0053406,-0.007782,0.0039673,2.5033,0.014038,0
-0.0036621,-0.0082397,0.0035095,1.8206,0.013428,0
-0.0047302,-0.0059509,0.002594,2.5033,0.014038,0
-0.0036621,-0.0032043,0.0032043,2.5033,0.014954,0
-0.00045776,-0.0035095,0.004425,2.2757,0.017395,0
-0.00015259,-0.0036621,0.0099182,2.0482,0.018921,0
0.00061035,-0.0012207,0.01709,2.7309,0.019836,0
0.0033569,0.00030518,0.014801,2.2757,0.021362,0
0.0062561,0.0036621,0.011292,2.7309,0.022583,0
0.010071,0.0050354,0.01236,2.9584,0.022278,0
0.013885,0.002594,0.012207,2.9584,0.023193,0
0.013885,0.0057983,0.010376,2.5033,0.024414,0
0.011139,0.0071716,0.0064087,2.5033,0.024414,0
0.0093079,0.0053406,0.00061035,2.2757,0.029602,0
0.013123,0.0047302,-0.0035095,2.5033,0.031433,0
0.016632,0.0057983,-0.0021362,2.0482,0.033264,0
0.015564,0.0039673,-0.0022888,1.8206,0.034485,0
0.011597,0.0030518,-0.0028992,2.0482,0.03418,0
0.0094604,0.0013733,-0.0050354,2.0482,0.033264,0
0.0093079,-0.0032043,-0.017395,2.2757,0.03418,0
0.0094604,-0.0042725,-0.031891,2.5033,0.032959,0
0.012054,0.00030518,-0.040894,2.2757,0.029602,0
0.016479,0.0024414,-0.040894,1.5931,0.02594,0
0.018463,0.0010681,-0.034027,2.2757,0.022888,0
0.016174,-0.00030518,-0.02533,2.0482,0.023804,0
0.01709,0.0013733,-0.021362,2.0482,0.02655,0
0.018158,0.004425,-0.024414,1.3655,0.028992,0
0.019073,0.0086975,-0.023804,1.5931,0.032654,0
0.019073,0.0083923,-0.016785,2.0482,0.035706,0
0.017853,0.0068665,-0.0064087,2.7309,0.039368,0
0.015869,0.0057983,0.00091553,2.5033,0.041504,0
0.014191,0.0054932,0.0065613,2.5033,0.040588,0
0.013275,0.0056458,0.010529,1.8206,0.036316,0
0.010529,0.0035095,0.014191,1.5931,0.031433,0
0.0073242,0.0032043,0.014648,2.2757,0.027161,0
0.004425,0.0032043,0.01297,2.7309,0.02594,0
0.0018311,0.0028992,0.017853,2.0482,0.02594,0
-0.0019836,0.00030518,0.020599,2.5033,0.02594,0
-0.005188,-0.0016785,0.021515,2.9584,0.026855,0
-0.0079346,-0.0018311,0.018463,3.186,0.028381,0
-0.0097656,-0.004425,0.012512,2.0482,0.028381,0
-0.010834,-0.010223,0.0038147,2.2757,0.028381,0
-0.010681,-0.013123,-0.0022888,2.7309,0.030212,0
-0.0076294,-0.012512,-0.0035095,2.7309,0.031128,0
-0.0071716,-0.011444,-0.0036621,2.2757,0.032959,0
-0.0062561,-0.009613,-0.010376,2.7309,0.033875,0
-0.0082397,-0.007782,-0.018463,2.2757,0.032043,0
-0.012817,-0.0067139,-0.020294,1.8206,0.030823,0
-0.017395,-0.0064087,-0.013123,2.2757,0.02655,0
-0.016937,-0.0035095,-0.0056458,2.5033,0.023499,0
-0.014038,-0.0018311,0.0022888,1.5931,0.022888,0
-0.012207,0.0010681,0.0086975,2.2757,0.023804,0
-0.010529,0.0027466,0.012207,2.0482,0.024414,0
-0.0086975,0.0030518,0.011139,2.0482,0.028687,0
-0.0080872,0.0035095,0.011444,2.0482,0.031738,0
-0.0061035,0.0080872,0.017395,2.5033,0.03418,0
-0.0024414,0.010223,0.022125,2.0482,0.033569,0
-0.00091553,0.013275,0.022278,2.9584,0.032043,0
-0.00045776,0.01358,0.023346,2.5033,0.028076,0
-0.00045776,0.011444,0.025482,2.7309,0.024719,0
-0.00076294,0.012512,0.032196,2.0482,0.019836,0
-0.00061035,0.014191,0.035553,1.5931,0.013428,0
-0.00091553,0.016937,0.041962,2.2757,0.0097656,0
-0.0022888,0.019073,0.046234,1.8206,0.0088501,0
-0.0033569,0.01709,0.046844,2.2757,0.010986,0
-0.0039673,0.015564,0.045776,2.5033,0.016785,0
-0.002594,0.015411,0.046082,1.8206,0.021057,0
0.00076294,0.015259,0.045929,1.5931,0.024719,0
0.0019836,0.010681,0.04303,2.2757,0.028381,0
0.004425,0.011444,0.033875,2.2757,0.030212,0
0.0091553,0.0091553,0.025635,1.3655,0.031128,0
0.014038,0.0033569,0.015106,1.5931,0.028381,0
0.014343,-0.0028992,0.013275,1.8206,0.02594,0
0.014648,-0.004425,0.018311,2.0482,0.026245,0
0.016479,-0.0061035,0.023651,1.8206,0.02594,0
0.017395,-0.0065613,0.024719,2.5033,0.02533,0
0.014191,-0.0097656,0.024414,2.7309,0.025024,0
0.010681,-0.011139,0.025635,2.5033,0.023499,0
0.0068665,-0.011902,0.028839,3.186,0.024109,0
-0.0015259,-0.013275,0.031586,1.8206,0.025024,0
-0.010529,-0.018311,0.025635,2.7309,0.026245,0
-0.016632,-0.019073,0.013733,2.2757,0.028381,0
-0.018616,-0.016174,0.0016785,2.2757,0.029602,0
-0.016785,-0.017242,-0.0024414,2.0482,0.032043,0
-0.017395,-0.013733,0.0028992,2.9584,0.033875,0
-0.018005,-0.0090027,0.014801,2.0482,0.03479,0
-0.0177,-0.005188,0.030365,2.5033,0.032043,0
-0.0177,0,0.041046,2.5033,0.028381,0
-0.015106,0.002594,0.045013,2.5033,0.02594,0
-0.010529,0.0032043,0.045929,2.2757,0.022583,0
-0.0041199,0.0013733,0.044403,2.2757,0.019836,0
0.00015259,-0.0019836,0.036621,2.2757,0.018616,0
-0.00045776,-0.0039673,0.029602,1.8206,0.018616,0
-0.0013733,-0.0059509,0.022583,2.2757,0.022278,0
0.0022888,-0.0094604,0.015259,2.7309,0.027466,0
0.0067139,-0.011444,0.011139,2.2757,0.029907,0
0.0071716,-0.014343,0.015411,2.7309,0.029907,0
0.0059509,-0.016174,0.018311,2.5033,0.029602,0
0.0010681,-0.014801,0.016022,2.0482,0.027771,0
-0.0050354,-0.013885,0.015564,2.2757,0.02655,0
-0.0064087,-0.013885,0.011902,2.0482,0.027161,0
-0.0024414,-0.013885,0.0053406,2.2757,0.027771,0
0.0022888,-0.01358,-0.00030518,2.2757,0.028076,0
0.0067139,-0.016785,-0.0071716,2.5033,0.029297,0
0.010223,-0.018158,-0.014191,2.5033,0.027771,0
0.010529,-0.012817,-0.02121,2.0482,0.027161,0
0.0076294,-0.0068665,-0.019836,1.5931,0.025635,0
0.0047302,-0.0057983,-0.015564,2.5033,0.02594,0
0.0022888,-0.00045776,-0.0083923,2.0482,0.025635,0
-0.00015259,0.0050354,0.0039673,2.5033,0.02533,0
-0.0019836,0.0059509,0.017242,2.7309,0.025635,0
-0.0033569,0.0073242,0.02533,1.8206,0.02533,0
-0.0053406,0.007782,0.027313,2.0482,0.023804,0
-0.0080872,0.0094604,0.028076,1.5931,0.022583,0
-0.0064087,0.010529,0.031738,2.0482,0.020142,0
-0.0045776,0.0073242,0.034637,2.0482,0.0177,0
-0.0018311,0.0042725,0.037689,2.2757,0.015564,0
-0.00045776,0.00030518,0.041351,2.5033,0.014038,0
-0.0015259,0.00030518,0.04776,2.2757,0.014954,0
-0.0045776,0.005188,0.052948,2.5033,0.018921,0
-0.0074768,0.0090027,0.054016,2.5033,0.022583,0
-0.0091553,0.010376,0.05661,2.9584,0.02533,0
-0.0076294,0.012054,0.061798,2.5033,0.028381,0
-0.0047302,0.0083923,0.06073,2.7309,0.030212,0
-0.0045776,0.0032043,0.054321,3.186,0.032349,0
-0.0030518,0.0024414,0.045929,2.2757,0.032043,0
-0.0010681,0.0028992,0.042267,2.5033,0.032043,0
-0.00030518,0.0033569,0.044403,2.2757,0.031128,0
0.00045776,0.0013733,0.049591,2.9584,0.028992,0
0.0045776,-0.00076294,0.055542,2.5033,0.027771,0
0.0097656,-0.0016785,0.061951,2.2757,0.027466,0
0.011139,-0.0032043,0.066223,2.7309,0.029297,0
0.011749,-0.0036621,0.066071,2.9584,0.034485,0
0.011749,-0.0022888,0.065918,2.7309,0.037537,0
0.01358,-0.0019836,0.066986,2.2757,0.039062,0
0.01297,-0.00030518,0.064392,2.7309,0.039368,0
0.0099182,0.0035095,0.057526,2.5033,0.036926,0
0.0082397,0.0094604,0.046844,2.2757,0.03479,0
0.010071,0.01236,0.042877,2.2757,0.032349,0
0.010223,0.011292,0.044098,1.8206,0.028992,0
0.012054,0.010681,0.04715,2.5033,0.024414,0
0.014191,0.012054,0.050964,2.7309,0.019836,0
0.011749,0.011292,0.05127,2.9584,0.016479,0
0.0076294,0.0091553,0.049591,2.2757,0.014954,0
0.004425,0.0067139,0.048828,2.2757,0.014954,0
0.0028992,0.0056458,0.048218,2.7309,0.016174,0
0.0038147,0.002594,0.046997,2.7309,0.016785,0
0.0027466,0.0022888,0.043335,2.7309,0.019836,0
-0.0012207,0.0016785,0.038452,2.2757,0.020142,0
-0.0027466,0.0019836,0.035553,1.8206,0.019531,0
-0.0018311,-0.0015259,0.032501,1.3655,0.016479,0
0.0022888,-0.0047302,0.031586,2.7309,0.014648,0
0.0076294,-0.0047302,0.031433,2.0482,0.010681,0
0.0094604,-0.0057983,0.031128,1.8206,0.0085449,0
0.0073242,-0.0061035,0.029907,2.2757,0.0079346,0
0.0045776,-0.0036621,0.029297,2.5033,0.0073242,0
0.0027466,-0.0035095,0.028992,2.2757,0.0064087,0
0.0019836,-0.0065613,0.027313,2.2757,0.0054932,0
0.0024414,-0.0056458,0.023499,2.7309,0.0064087,0
0.0041199,-0.0032043,0.02243,3.186,0.0079346,0
0.0057983,-0.00015259,0.026398,2.7309,0.0097656,0
0.0064087,-0.00061035,0.035553,2.5033,0.011292,0
0.007019,0.0013733,0.042572,1.8206,0.010681,0
0.0091553,0.002594,0.043793,2.7309,0.010376,0
0.010071,0.00015259,0.044098,2.2757,0.0085449,0
0.0079346,-0.0010681,0.04776,2.7309,0.0085449,0
0.0074768,-0.00015259,0.050201,2.9584,0.0082397,0
0.0082397,0.00045776,0.053711,2.9584,0.010071,0
0.0056458,0.0035095,0.058289,2.0482,0.013428,0
0.0022888,0.0065613,0.059967,2.2757,0.018616,0
0.0021362,0.0076294,0.059204,2.0482,0.022278,0
0.0018311,0.0082397,0.056915,2.0482,0.02533,0
0.0027466,0.009613,0.056152,2.7309,0.02533,0
0.0053406,0.0086975,0.054321,2.0482,0.024719,0
0.0083923,0.0053406,0.048981,2.5033,0.024109,0
0.015259,0.0038147,0.042114,2.2757,0.023804,0
0.019836,0.0027466,0.033569,2.2757,0.024414,0
0.020142,0.0018311,0.028229,1.8206,0.024719,0
0.014038,0.0024414,0.023804,2.7309,0.024719,0
0.0065613,0.0028992,0.020752,2.2757,0.028076,0
0.0033569,0.0028992,0.023956,2.5033,0.027771,0
0.0053406,0.0016785,0.03006,2.2757,0.026855,0
0.010529,0.0022888,0.034943,2.0482,0.024719,0
0.012665,0.0059509,0.04303,2.9584,0.023193,0
0.010529,0.0057983,0.04837,1.8206,0.024414,0
0.0056458,-0.0016785,0.045929,1.8206,0.027161,0
0.0024414,-0.0042725,0.03952,2.2757,0.032043,0
-0.00015259,-0.0016785,0.032501,2.0482,0.036926,0
-0.0021362,-0.0045776,0.02655,1.5931,0.041809,0
-0.0019836,-0.0057983,0.020599,1.3655,0.045166,0
0.00061035,-0.0036621,0.019226,2.0482,0.045471,0
-0.00030518,-0.0035095,0.023346,2.5033,0.044861,0
-0.0065613,-0.0024414,0.025482,1.8206,0.041199,0
-0.012054,-0.0016785,0.021667,1.8206,0.036926,0
-0.016785,-0.0032043,0.010986,1.8206,0.032043,0
-0.021667,-0.0054932,-0.0010681,2.7309,0.027466,0
-0.030212,-0.0090027,-0.0064087,2.2757,0.02533,0
-0.034485,-0.0094604,-0.0064087,2.2757,0.023499,0
-0.032349,-0.0093079,-0.0056458,2.5033,0.023499,0
-0.028992,-0.01297,-0.004425,2.9584,0.02533,0
-0.027313,-0.0080872,-0.00045776,2.5033,0.027771,0
-0.025635,-0.0022888,0,2.7309,0.028687,0
-0.02533,-0.0012207,-0.0018311,1.8206,0.029602,0
-0.023041,-0.0028992,-0.0042725,3.186,0.030823,0
-0.016327,-0.0039673,-0.009613,2.2757,0.032654,0
-0.010376,-0.0041199,-0.012054,2.7309,0.0354,0
-0.0082397,-0.010223,-0.015411,2.7309,0.037231,0
-0.0091553,-0.014496,-0.01297,2.7309,0.038757,0
-0.01358,-0.01297,-0.011139,2.7309,0.039673,0
-0.015259,-0.0073242,-0.0086975,2.2757,0.039673,0
-0.016937,-0.0076294,-0.005188,2.9584,0.039673,0
-0.018768,-0.010071,-0.0032043,2.7309,0.039978,0
-0.016937,-0.0083923,-0.0018311,2.2757,0.039368,0
-0.014038,-0.0083923,-0.0024414,2.9584,0.039673,0
-0.010986,-0.010376,-0.0035095,2.2757,0.041809,0
-0.0093079,-0.011139,-0.00091553,2.7309,0.045166,0
-0.0061035,-0.011444,-0.00030518,2.2757,0.048523,0
-0.0039673,-0.011444,-0.0048828,1.8206,0.052795,0
-0.0035095,-0.012665,-0.010529,1.5931,0.054626,0
-0.0061035,-0.013428,-0.018158,2.0482,0.057068,0
-0.0064087,-0.010529,-0.021515,1.8206,0.058594,0
0.00091553,-0.007782,-0.02121,1.8206,0.058289,0
0.007782,-0.0067139,-0.023346,2.2757,0.06073,0
0.0073242,-0.0065613,-0.022888,1.3655,0.061951,0
0.005188,-0.0047302,-0.018158,1.8206,0.063477,0
0.0013733,-0.0028992,-0.01297,1.5931,0.064087,0
0.00076294,-0.00045776,-0.0097656,1.5931,0.064087,0
0.0039673,0.00061035,-0.011292,2.0482,0.065918,0
0.0088501,0.0018311,-0.014038,1.5931,0.067444,0
0.012817,0.0027466,-0.017853,2.7309,0.069275,0
0.014343,0.0028992,-0.02121,2.0482,0.070801,0
0.016479,0.0030518,-0.027161,2.0482,0.069885,0
0.018158,0.0030518,-0.032501,2.2757,0.068054,0
0.019836,0.0033569,-0.037537,2.5033,0.064392,0
0.024719,0.0016785,-0.045166,2.0482,0.059204,0
0.030365,0.00091553,-0.051575,2.7309,0.053101,0
0.031128,0.00061035,-0.050812,3.186,0.046997,0
0.028992,0.0038147,-0.048676,2.2757,0.042419,0
0.025635,0.0067139,-0.046082,2.7309,0.040588,0
0.020447,0.0050354,-0.043488,2.5033,0.041504,0
0.01709,0.0065613,-0.039825,2.2757,0.042725,0
0.013123,0.0094604,-0.034637,2.5033,0.044556,0
0.0086975,0.011444,-0.031281,2.7309,0.044861,0
0.0080872,0.011292,-0.030518,2.0482,0.041504,0
0.0097656,0.012512,-0.029907,2.5033,0.039368,0
0.0080872,0.01236,-0.026703,2.5033,0.0354,0
0.0028992,0.0097656,-0.019379,1.8206,0.032349,0
-0.0018311,0.0097656,-0.016327,2.5033,0.029602,0
-0.0041199,0.0099182,-0.015564,2.2757,0.02655,0
-0.0033569,0.007019,-0.017548,3.186,0.026245,0
-0.0030518,0.0012207,-0.023956,2.9584,0.023804,0
-0.0022888,-0.0027466,-0.033722,2.7309,0.021057,0
-0.00030518,-0.0039673,-0.036469,2.7309,0.016479,0
0.0015259,-0.0028992,-0.028381,2.5033,0.014038,0
-0.00061035,-0.0035095,-0.019989,2.2757,0.010986,0
-0.00061035,-0.0056458,-0.020905,2.5033,0.0064087,0
-0.00015259,-0.0079346,-0.029449,2.5033,0.0027466,0
0.00061035,-0.0088501,-0.03891,1.8206,0.00030518,0
-0.0028992,-0.0042725,-0.042572,2.2757,-0.0024414,0
-0.007019,0.00061035,-0.041046,2.5033,-0.0054932,0
-0.010681,0.0010681,-0.038757,2.5033,-0.010986,0
-0.012817,0.0010681,-0.034332,2.2757,-0.016479,0
-0.011597,0.0024414,-0.026855,1.1379,-0.021973,0
-0.010681,0.0042725,-0.020447,2.0482,-0.026855,0
-0.013428,0.007019,-0.015411,2.0482,-0.030823,0
-0.015411,0.0062561,-0.013428,1.8206,-0.032654,0
-0.01297,0,-0.015869,2.2757,-0.035095,0
-0.0091553,-0.0035095,-0.017395,2.0482,-0.037842,0
-0.0083923,-0.0039673,-0.020752,2.2757,-0.039062,0
-0.010223,0.00030518,-0.025177,2.0482,-0.041199,0
-0.01236,0.0038147,-0.033875,1.8206,-0.042725,0
-0.010986,0.0054932,-0.037231,2.2757,-0.044556,0
-0.0061035,0.0056458,-0.038757,2.0482,-0.048523,0
0.0019836,0.005188,-0.039825,2.7309,-0.05249,0
0.011597,0.0010681,-0.044098,2.7309,-0.056152,0
0.02121,-0.0012207,-0.046082,2.7309,-0.061035,0
0.021973,-0.00015259,-0.043793,2.7309,-0.064087,0
0.021973,0.0032043,-0.042877,2.2757,-0.065918,0
0.019684,0.0021362,-0.04364,2.2757,-0.069885,0
0.012054,-0.00030518,-0.041046,2.2757,-0.071411,0
0.0041199,0,-0.035706,2.0482,-0.074463,0
0.00076294,0.0019836,-0.032043,2.7309,-0.074463,0
-0.0010681,0.0010681,-0.033417,2.0482,-0.073242,0
-0.0033569,-0.0035095,-0.037689,2.2757,-0.070496,0
-0.0080872,-0.0057983,-0.041962,2.2757,-0.066833,0
-0.013123,-0.0018311,-0.045624,1.8206,-0.063477,0
-0.014343,-0.0016785,-0.049744,2.7309,-0.058289,0
-0.013275,-0.004425,-0.051422,2.5033,-0.053406,0
-0.013275,-0.0035095,-0.045929,2.2757,-0.046997,0
-0.014648,-0.0038147,-0.042114,2.5033,-0.038452,0
-0.016785,-0.00076294,-0.0383,2.5033,-0.031433,0
-0.021362,0.0018311,-0.036163,2.5033,-0.023499,0
-0.023956,0.0016785,-0.036316,2.0482,-0.01709,0
-0.023804,0.002594,-0.037231,2.7309,-0.010681,0
-0.019989,0.002594,-0.0354,2.5033,-0.0045776,0
-0.012665,0.0015259,-0.030518,2.2757,0.00030518,0
-0.0041199,-0.00045776,-0.025482,2.7309,0.0057983,0
0.0015259,0.0028992,-0.024414,2.9584,0.010376,0
0.0024414,0.0045776,-0.023346,1.8206,0.014954,0
0.0016785,0.0057983,-0.02243,2.0482,0.019531,0
0.0019836,0.0083923,-0.019989,1.8206,0.022888,0
0.0018311,0.0054932,-0.020142,1.5931,0.025024,0
0.0024414,0.0035095,-0.022888,0.91037,0.027161,0
0.0054932,0.0045776,-0.026245,1.5931,0.029602,0
0.011292,0.002594,-0.031738,1.8206,0.033264,0
0.016785,-0.0021362,-0.0354,2.2757,0.036926,0
0.018768,-0.0019836,-0.038757,1.8206,0.04303,0
0.019684,0.0010681,-0.040894,1.3655,0.049133,0
0.020752,0.0013733,-0.040436,2.2757,0.054932,0
0.02121,-0.00091553,-0.035553,1.8206,0.059814,0
0.021515,-0.0028992,-0.033112,2.5033,0.062866,0
0.020599,-0.0024414,-0.0354,2.2757,0.066528,0
0.016479,-0.0032043,-0.032501,2.2757,0.06897,0
0.0093079,-0.0012207,-0.027618,2.5033,0.072632,0
0,0.00015259,-0.022583,2.2757,0.074158,0
-0.0080872,0.00091553,-0.016022,2.5033,0.075684,0
-0.012207,0.00076294,-0.0071716,1.8206,0.076904,0
-0.014496,0.0039673,-0.0013733,2.0482,0.081177,0
-0.015717,0.005188,-0.0076294,1.3655,0.08606,0
-0.016937,0.0042725,-0.020447,2.0482,0.089722,0
-0.017853,0.0045776,-0.025787,2.7309,0.094604,0
-0.017548,0.0027466,-0.019989,2.0482,0.098572,0
-0.017853,0.0027466,-0.012207,2.2757,0.10315,0
-0.0177,0.0062561,-0.0099182,2.5033,0.1059,0
-0.017242,0.0059509,-0.0088501,2.0482,0.10986,0
-0.014191,0.0041199,-0.0091553,2.2757,0.11292,0
-0.0083923,0.0019836,-0.0086975,2.2757,0.11475,0
-0.00091553,0.0024414,-0.010834,3.186,0.11597,0
0.007019,0.0012207,-0.012512,2.5033,0.1181,0
0.013885,-0.0019836,-0.016937,2.5033,0.12115,0
0.020599,-0.005188,-0.019531,2.2757,0.12482,0
0.025177,-0.0047302,-0.016785,2.2757,0.12573,0
0.026093,-0.0053406,-0.011139,2.7309,0.12604,0
0.02594,-0.0062561,-0.0028992,2.2757,0.12573,0
0.024872,-0.0065613,0.0039673,2.2757,0.1236,0
0.027161,-0.0065613,0.0090027,2.2757,0.12177,0
0.03067,-0.0082397,0.0093079,2.2757,0.11993,0
0.034943,-0.0099182,0.0097656,2.2757,0.12054,0
0.034332,-0.0093079,0.010986,2.2757,0.12054,0
0.029297,-0.0059509,0.009613,2.0482,0.12085,0
0.029449,-0.0028992,0.0053406,1.8206,0.12115,0
0.029907,-0.00045776,0.002594,2.7309,0.11963,0
0.028687,0.0019836,0.0036621,1.5931,0.11566,0
0.025635,0.0015259,0.0022888,2.2757,0.11139,0
0.017242,0.0010681,-0.0036621,1.8206,0.10712,0
0.0041199,0.00061035,-0.009613,1.8206,0.10284,0
-0.0018311,0.0018311,-0.013733,2.0482,0.097351,0
-0.0054932,0.0012207,-0.011902,2.5033,0.090332,0
-0.0097656,-0.00076294,-0.010834,2.0482,0.085144,0
-0.015259,0.00030518,-0.0071716,2.7309,0.079041,0
-0.02121,0.0032043,0.00015259,2.5033,0.069885,0
-0.02243,0.0053406,0.010529,2.5033,0.061951,0
-0.016479,0.0068665,0.018311,2.0482,0.054016,0
-0.010529,0.0065613,0.022278,2.7309,0.047913,0
-0.0053406,0.0090027,0.027161,1.8206,0.042725,0
0.0045776,0.013123,0.039368,2.2757,0.037537,0
0.016937,0.01358,0.052948,2.0482,0.033264,0
0.02655,0.010071,0.058899,2.5033,0.029907,0
0.030365,0.0053406,0.057678,2.0482,0.025635,0
0.032501,0.0018311,0.059662,2.5033,0.021973,0
0.034027,-0.00061035,0.065765,2.7309,0.016174,0
0.029755,-0.0030518,0.065308,3.186,0.0088501,0
0.019531,-0.0068665,0.061035,2.9584,0.0030518,0
0.013123,-0.011444,0.055389,2.2757,-0.0015259,0
0.007782,-0.015106,0.046082,2.2757,-0.0054932,0
-0.0021362,-0.017548,0.032806,2.9584,-0.010986,0
-0.013885,-0.017395,0.016327,2.5033,-0.016479,0
-0.025177,-0.017853,0.0041199,2.2757,-0.020752,0
-0.033722,-0.018921,-0.0012207,2.7309,-0.02655,0
-0.039825,-0.018616,-0.0018311,2.2757,-0.031433,0
-0.040436,-0.016785,-0.0088501,2.7309,-0.03418,0
-0.043182,-0.012054,-0.023651,2.7309,-0.036316,0
-0.04715,-0.010834,-0.037842,2.2757,-0.037537,0
-0.045319,-0.0067139,-0.048828,2.2757,-0.035095,0
-0.039368,-0.004425,-0.050049,2.2757,-0.033875,0
-0.035553,0.00030518,-0.040894,2.0482,-0.032349,0
-0.035858,0.0039673,-0.028534,2.2757,-0.031128,0
-0.037689,0.0048828,-0.013428,2.0482,-0.031433,0
-0.034637,0.002594,0.00045776,2.2757,-0.031738,0
-0.030975,0.00076294,0.014191,1.8206,-0.031433,0
-0.027618,0.00061035,0.024719,1.8206,-0.030823,0
-0.026703,-0.00076294,0.027771,2.0482,-0.031433,0
-0.027618,-0.0016785,0.025635,1.5931,-0.030823,0
-0.021973,-0.0033569,0.02121,2.0482,-0.030518,0
-0.007019,-0.0050354,0.013733,1.8206,-0.029907,0
0.0067139,-0.0045776,0.0085449,2.0482,-0.029602,0
0.013123,-0.00015259,0.0039673,2.0482,-0.030212,0
0.017395,-0.00015259,-0.00030518,2.0482,-0.030518,0
0.021515,0.00045776,-0.0039673,2.0482,-0.030518,0
0.021515,0.0065613,-0.0064087,2.5033,-0.028687,0
0.021973,0.0094604,-0.0088501,1.5931,-0.027466,0
0.023041,0.0073242,-0.0036621,1.5931,-0.025635,0
0.021667,0.0059509,0.0073242,1.5931,-0.024109,0
0.019531,0.004425,0.018311,1.3655,-0.023193,0
0.01709,0.0035095,0.024109,2.0482,-0.021667,0
0.015259,0.0059509,0.029297,1.8206,-0.020447,0
0.0177,0.0047302,0.0354,1.8206,-0.016479,0
0.02243,0.0036621,0.037842,2.0482,-0.013123,0
0.02533,0.0028992,0.036774,2.2757,-0.011902,0
0.026245,-0.0013733,0.033722,2.5033,-0.011292,0
0.029449,-0.0035095,0.036621,2.5033,-0.010071,0
0.028687,-0.0028992,0.039368,2.0482,-0.0088501,0
0.018921,-0.0033569,0.037689,2.7309,-0.0088501,0
0.005188,-0.0036621,0.035553,2.2757,-0.010071,0
-0.010986,-0.0024414,0.034485,1.8206,-0.011292,0
-0.025177,-0.0018311,0.030365,2.2757,-0.011597,0
-0.031891,-0.00015259,0.0177,1.8206,-0.011292,0
-0.025177,-0.00076294,0.010071,2.7309,-0.010986,0
-0.013885,0.0013733,0.010529,2.7309,-0.0094604,0
-0.0032043,0.0024414,0.014191,2.0482,-0.010071,0
-0.00045776,0.0016785,0.018616,1.8206,-0.0082397,0
-0.0028992,0.0028992,0.018005,1.5931,-0.0067139,0
-0.0030518,0.0041199,0.015564,2.9584,-0.0039673,0
-0.004425,0.0024414,0.011444,2.2757,-0.0021362,0
-0.010071,0.0010681,0.0082397,2.0482,0.0021362,0
-0.015106,-0.00061035,0.002594,2.0482,0.0039673,0
-0.014038,-0.0019836,-0.007019,1.5931,0.0045776,0
-0.010071,-0.0032043,-0.014191,1.8206,0.005188,0
-0.0097656,0.00030518,-0.018768,1.5931,0.0054932,0
-0.014191,0.0010681,-0.018616,2.7309,0.0045776,0
-0.014496,0.0024414,-0.016022,2.0482,0.0054932,0
-0.0088501,0.0012207,-0.012512,1.8206,0.0042725,0
-0.0022888,-0.0019836,-0.0035095,2.0482,0.0048828,0
0.0019836,-0.0036621,0.0050354,2.0482,0.0057983,0
0.0057983,-0.0039673,0.010071,2.5033,0.0073242,0
0.0097656,-0.0045776,0.015717,2.2757,0.0097656,0
0.016327,-0.0050354,0.017242,1.3655,0.011902,0
0.022278,-0.0035095,0.020905,1.8206,0.014648,0
0.025787,-0.0021362,0.020294,1.8206,0.018005,0
0.027313,0.0012207,0.0177,1.5931,0.021362,0
0.025635,0.002594,0.017242,2.2757,0.023804,0
0.025482,0.00030518,0.018005,2.0482,0.024719,0
0.023804,-0.0010681,0.015564,2.7309,0.02533,0
0.019073,-0.00045776,0.011444,2.5033,0.02655,0
0.011749,-0.0012207,0.0082397,2.5033,0.027466,0
0.0027466,-0.0028992,0.0064087,2.5033,0.027771,0
-0.0041199,-0.0039673,0.00091553,2.2757,0.028992,0
-0.0053406,-0.0010681,-0.0018311,2.5033,0.030823,0
-0.0016785,0.0016785,-0.0027466,2.5033,0.031738,0
0.0067139,0.0015259,-0.0012207,2.5033,0.032959,0
0.017548,0.0010681,0.005188,2.7309,0.03479,0
0.025177,0.0010681,0.011292,2.7309,0.036011,0
0.026093,0.00061035,0.014496,2.7309,0.036011,0
0.024719,0.00061035,0.013428,2.2757,0.0354,0
0.023193,0.0019836,0.010834,2.9584,0.034485,0
0.026245,-0.00015259,0.010986,2.9584,0.032959,0
0.029755,-0.0039673,0.013275,2.7309,0.031128,0
0.028992,-0.0028992,0.018311,2.7309,0.028076,0
0.022583,0.0022888,0.025177,2.5033,0.02655,0
0.013733,0.0050354,0.032501,2.7309,0.025024,0
0.0041199,0.0054932,0.036316,2.2757,0.023499,0
-0.0013733,0.0041199,0.035553,2.7309,0.022888,0
-0.0064087,0.004425,0.034637,2.9584,0.021973,0
-0.017853,0.007019,0.038452,2.7309,0.021362,0
-0.036163,0.0091553,0.042877,1.8206,0.020752,0
-0.046082,0.011444,0.041962,2.2757,0.019531,0
-0.041962,0.0099182,0.040283,2.2757,0.0177,0
-0.032501,0.0071716,0.035706,2.5033,0.016785,0
-0.020294,0.0099182,0.031281,2.5033,0.016174,0
-0.012512,0.0093079,0.028076,2.2757,0.016785,0
-0.010834,0.0068665,0.028076,2.2757,0.0177,0
-0.015717,0.0028992,0.025482,1.8206,0.018311,0
-0.019226,-0.0018311,0.022583,2.5033,0.019531,0
-0.018616,-0.0010681,0.015717,1.5931,0.021057,0
-0.011292,0.00030518,0.009613,1.3655,0.020752,0
0.0050354,-0.0012207,0.0059509,1.8206,0.020447,0
0.025635,-0.0074768,0.00015259,1.8206,0.021057,0
0.036621,-0.010834,-0.0068665,1.8206,0.021973,0
0.035858,-0.011444,-0.0082397,2.2757,0.022888,0
0.03006,-0.011444,-0.0082397,2.2757,0.023193,0
0.023651,-0.010376,-0.0080872,2.0482,0.022888,0
0.019073,-0.01358,-0.0080872,2.0482,0.021667,0
0.019226,-0.014343,-0.011902,1.1379,0.020142,0
0.019531,-0.012665,-0.014343,2.2757,0.018616,0
0.013275,-0.0085449,-0.0079346,2.0482,0.016174,0
0.0027466,-0.005188,0.0016785,2.2757,0.014038,0
-0.0074768,-0.0028992,0.0086975,2.2757,0.013123,0
-0.014038,-0.0035095,0.01297,2.7309,0.014648,0
-0.017548,-0.0038147,0.017853,2.7309,0.015259,0
-0.021515,-0.0036621,0.022125,2.2757,0.0177,0
-0.027771,-0.0028992,0.02655,2.5033,0.019226,0
-0.031738,-0.004425,0.031281,2.9584,0.020142,0
-0.034027,-0.004425,0.036163,2.5033,0.020142,0
-0.035553,-0.0028992,0.0354,2.5033,0.018921,0
-0.038452,-0.0016785,0.035858,2.2757,0.015564,0
-0.037994,-0.0015259,0.036163,2.0482,0.015259,0
-0.032043,-0.0016785,0.037689,2.5033,0.014038,0
-0.020294,-0.0015259,0.037079,2.0482,0.013733,0
-0.0073242,-0.00015259,0.035095,2.7309,0.012817,0
0.00076294,0.00030518,0.032959,2.0482,0.014343,0
-0.00061035,-0.00061035,0.035858,2.2757,0.014648,0
-0.007019,0.00015259,0.037842,2.0482,0.014954,0
-0.0088501,0.0016785,0.037231,2.0482,0.016785,0
-0.0048828,0.00015259,0.037994,1.5931,0.017395,0
0.0016785,0.0015259,0.036774,2.0482,0.019531,0
0.007782,0.0013733,0.033569,2.5033,0.019226,0
0.010529,0.00091553,0.027618,2.2757,0.018921,0
0.0086975,0.0053406,0.023499,2.2757,0.018616,0
0.0054932,0.0088501,0.024872,1.8206,0.018616,0
0.004425,0.010223,0.027313,2.0482,0.018921,0
0.0061035,0.0057983,0.023956,1.5931,0.018616,0
0.011597,0.0016785,0.020599,2.7309,0.018311,0
0.01358,0.00061035,0.016174,2.2757,0.018921,0
0.012207,0.00061035,0.0099182,2.0482,0.021057,0
0.007019,-0.00091553,0.0013733,2.0482,0.024719,0
0.0074768,-0.004425,-0.007782,1.5931,0.028687,0
0.016479,-0.0047302,-0.016632,1.8206,0.032043,0
0.027008,-0.0073242,-0.025024,1.8206,0.035095,0
0.03479,-0.010223,-0.028534,1.3655,0.039978,0
0.038452,-0.011444,-0.025635,1.8206,0.04303,0
0.036774,-0.0097656,-0.023499,1.1379,0.04425,0
0.035248,-0.0062561,-0.019836,1.3655,0.04303,0
0.031433,-0.004425,-0.016632,1.1379,0.042725,0
0.026398,-0.0068665,-0.010529,1.8206,0.041809,0
0.019836,-0.0073242,-0.0039673,2.5033,0.041199,0
0.011902,-0.0065613,0.0018311,2.9584,0.042114,0
0.0042725,-0.0033569,0.0083923,2.2757,0.042419,0
0.0012207,-0.00061035,0.016785,2.5033,0.044556,0
0.0036621,0.0036621,0.020447,2.0482,0.045471,0
0.0059509,0.0067139,0.019989,2.2757,0.045471,0
0.0054932,0.0076294,0.020752,2.5033,0.046997,0
0.0010681,0.0065613,0.022888,2.2757,0.048523,0
-0.004425,0.007019,0.020905,2.0482,0.048523,0
-0.0045776,0.0061035,0.019531,2.7309,0.049133,0
-0.0071716,0.004425,0.018921,2.2757,0.048828,0
-0.010223,0.0028992,0.016022,2.7309,0.050049,0
-0.012665,0.0015259,0.011139,2.7309,0.053406,0
-0.016022,0.0022888,0.011444,2.7309,0.055237,0
-0.021362,0.0013733,0.014801,2.2757,0.05249,0
-0.02533,0.00091553,0.019226,2.2757,0.047607,0
-0.024261,0.0019836,0.02243,3.186,0.040283,0
-0.023041,0.0030518,0.020752,2.0482,0.03479,0
-0.026398,-0.0010681,0.021057,1.8206,0.032349,0
-0.029144,-0.0033569,0.021362,1.8206,0.031738,0
-0.030518,0.00015259,0.022888,1.8206,0.033264,0
-0.032349,0.002594,0.023499,1.8206,0.0354,0
-0.027466,0.0059509,0.019226,2.7309,0.038147,0
-0.019684,0.0059509,0.014343,2.2757,0.041199,0
-0.0097656,0.0041199,0.010681,1.8206,0.043335,0
-0.0035095,0.0018311,0.010681,1.8206,0.045776,0
-0.0021362,0.00061035,0.0067139,1.8206,0.046692,0
-0.00030518,0.00091553,0.00061035,1.8206,0.047913,0
0.0019836,0.0036621,0.00091553,1.8206,0.046997,0
0.0038147,0.0082397,0.0012207,1.3655,0.049438,0
0.0057983,0.013123,-0.0010681,1.8206,0.05249,0
0.0074768,0.016632,-0.0050354,1.8206,0.055847,0
0.011902,0.016174,-0.0093079,2.2757,0.058594,0
0.016785,0.018463,-0.017242,2.5033,0.059204,0
0.017242,0.018463,-0.021057,2.2757,0.058289,0
0.012207,0.014801,-0.0177,2.0482,0.055847,0
0.0065613,0.010376,-0.013428,2.7309,0.053101,0
0.004425,0.0079346,-0.014343,1.5931,0.054932,0
0.0045776,0.0079346,-0.020599,2.2757,0.054321,0
0.0056458,0.005188,-0.022278,1.8206,0.054626,0
0.0048828,0.0030518,-0.018311,1.8206,0.054626,0
0.0056458,-0.00015259,-0.015717,2.2757,0.053101,0
0.011749,-0.0061035,-0.017242,2.2757,0.054321,0
0.018005,-0.01297,-0.02182,2.2757,0.054321,0
0.018158,-0.015869,-0.025787,2.7309,0.055847,0
0.015869,-0.018005,-0.027161,1.3655,0.057983,0
0.016937,-0.018768,-0.028839,2.2757,0.06134,0
0.016937,-0.020599,-0.028229,2.2757,0.063477,0
0.015869,-0.020905,-0.025177,2.9584,0.066223,0
0.0177,-0.020294,-0.027771,3.186,0.065918,0
0.015411,-0.020294,-0.036316,2.9584,0.064392,0
0.009613,-0.021057,-0.034332,2.0482,0.061951,0
0.0039673,-0.021057,-0.022583,2.0482,0.060425,0
0.0013733,-0.021057,-0.009613,2.0482,0.057068,0
-0.0033569,-0.018311,-0.0059509,2.0482,0.054932,0
-0.0093079,-0.016632,-0.0094604,3.186,0.054626,0
-0.012512,-0.014648,-0.013733,2.9584,0.055237,0
-0.0097656,-0.014038,-0.011902,2.7309,0.055847,0
-0.0047302,-0.012512,-0.004425,2.9584,0.056152,0
-0.0019836,-0.013123,0.0042725,2.2757,0.056152,0
-0.0030518,-0.012054,0.015411,2.0482,0.057068,0
-0.0048828,-0.0068665,0.02182,2.5033,0.056763,0
-0.0065613,-0.0013733,0.022278,2.2757,0.054626,0
-0.0061035,0.0019836,0.020142,2.0482,0.054016,0
-0.0047302,0.004425,0.019379,1.8206,0.05188,0
-0.0024414,0.0086975,0.018768,2.2757,0.050964,0
0.00076294,0.011292,0.017548,1.5931,0.048828,0
0.0010681,0.011139,0.015411,2.2757,0.044556,0
-0.00030518,0.0090027,0.011444,2.2757,0.042114,0
-0.0032043,0.0082397,0.0086975,2.2757,0.039368,0
-0.005188,0.0057983,0.0085449,2.2757,0.037842,0
0.0015259,0.0012207,0.0076294,1.8206,0.036316,0
0.014801,-0.0027466,0.0057983,2.0482,0.036316,0
0.024719,-0.0027466,0.0061035,2.2757,0.035706,0
0.027161,-0.0019836,0.007782,2.2757,0.035095,0
0.028381,-0.0018311,0.0045776,2.2757,0.033875,0
0.026855,-0.0013733,0.0015259,2.2757,0.032959,0
0.020142,-0.00045776,0.0042725,2.5033,0.031433,0
0.014496,-0.00076294,0.013428,2.7309,0.027771,0
0.014954,0,0.019226,2.5033,0.024109,0
0.018463,0.0068665,0.020142,2.5033,0.019836,0
0.021515,0.013885,0.022583,2.0482,0.016174,0
0.022278,0.011749,0.026855,2.2757,0.011902,0
0.015717,0.013275,0.034332,2.0482,0.0079346,0
0.0094604,0.016327,0.039062,2.5033,0.0039673,0
0.0013733,0.017242,0.041046,2.2757,0.0012207,0
-0.0090027,0.014801,0.042419,2.2757,-0.00061035,0
-0.019989,0.011444,0.040588,2.5033,-0.0024414,0
-0.030212,0.0076294,0.036011,2.7309,-0.0039673,0
-0.035706,0.002594,0.031433,2.7309,-0.0048828,0
-0.034485,-0.0019836,0.029297,3.186,-0.0064087,0
-0.033569,-0.0024414,0.027618,2.2757,-0.0082397,0
-0.032196,-0.005188,0.029449,2.9584,-0.0097656,0
-0.033264,-0.0094604,0.031281,2.7309,-0.010986,0
-0.030365,-0.014343,0.028076,2.7309,-0.0094604,0
-0.022583,-0.016327,0.016327,2.2757,-0.0091553,0
-0.016632,-0.017853,0.0080872,2.2757,-0.0088501,0
-0.01358,-0.018616,0.0038147,2.0482,-0.0088501,0
-0.013885,-0.015717,0.00091553,2.5033,-0.010681,0
-0.015564,-0.012665,-0.00030518,2.2757,-0.011292,0
-0.012665,-0.014496,-0.0019836,2.5033,-0.011902,0
-0.0088501,-0.015869,-0.0088501,2.5033,-0.013123,0
-0.0061035,-0.011597,-0.0177,2.2757,-0.013123,0
-0.0053406,-0.0080872,-0.023956,2.7309,-0.013733,0
-0.0038147,-0.0024414,-0.022278,2.5033,-0.013733,0
0.00015259,0.00030518,-0.013428,2.2757,-0.014343,0
-0.00015259,0.0036621,-0.0061035,2.0482,-0.015869,0
-0.0024414,0.0050354,-0.0038147,2.2757,-0.016174,0
0.0013733,0.0054932,-0.0028992,2.0482,-0.01709,0
0.011597,0.0041199,-0.0045776,2.0482,-0.0177,0
0.021515,0.0016785,-0.0079346,2.5033,-0.018921,0
0.019836,0.0027466,-0.014496,2.2757,-0.018921,0
0.0083923,0.0061035,-0.018463,2.2757,-0.019531,0
0.00061035,0.0076294,-0.017853,2.5033,-0.018005,0
-0.0048828,0.0080872,-0.013733,1.3655,-0.015564,0
-0.0097656,0.0080872,-0.014191,2.0482,-0.013733,0
-0.011902,0.0079346,-0.014954,2.0482,-0.013123,0
-0.011292,0.0064087,-0.011902,2.2757,-0.011597,0
-0.012207,0.0042725,-0.0048828,2.2757,-0.0094604,0
-0.011597,0.0042725,-0.0028992,2.0482,-0.0082397,0
-0.0074768,0.00045776,-0.0024414,1.8206,-0.0061035,0
0,-0.0041199,0.0013733,2.2757,-0.0057983,0
0.011902,-0.0030518,0.0019836,2.2757,-0.0036621,0
0.025635,-0.0021362,0.0038147,2.2757,-0.0021362,0
0.032654,-0.0050354,0.0085449,2.2757,-0.00091553,0
0.029602,-0.007782,0.010986,2.5033,0.00091553,0
0.02121,-0.0086975,0.010834,2.2757,0.0018311,0
0.016174,-0.0054932,0.015411,2.5033,0.0036621,0
0.016479,-0.0033569,0.024109,2.7309,0.0048828,0
0.017853,-0.0047302,0.030975,2.0482,0.0057983,0
0.014801,-0.0045776,0.037689,2.0482,0.0079346,0
0.0097656,-0.0028992,0.042877,2.2757,0.0091553,0
0.0093079,-0.0018311,0.044098,2.0482,0.010376,0
0.011292,-0.0033569,0.04364,1.8206,0.011292,0
0.010529,-0.0022888,0.041809,2.2757,0.012512,0
0.0064087,0.00091553,0.0354,2.2757,0.013428,0
0.00015259,-0.00030518,0.03067,1.8206,0.014343,0
-0.004425,-0.002594,0.023041,2.7309,0.015564,0
-0.0074768,-0.0038147,0.014343,2.9584,0.016785,0
-0.010376,-0.0041199,0.0097656,2.7309,0.018005,0
-0.015564,-0.0038147,0.0032043,2.0482,0.021362,0
-0.019531,-0.004425,-0.0068665,1.8206,0.022888,0
-0.016327,-0.0013733,-0.0177,2.2757,0.021973,0
-0.0085449,0.0016785,-0.024109,2.7309,0.022583,0
0.0018311,0.0032043,-0.025024,3.186,0.023499,0
0.010681,0.0028992,-0.02121,2.7309,0.024414,0
0.013733,0.0016785,-0.023193,2.5033,0.02533,0
0.014801,0.0038147,-0.02594,2.5033,0.027771,0
0.015564,0.0064087,-0.030365,2.7309,0.028381,0
0.01358,0.0062561,-0.031433,2.2757,0.029907,0
0.0099182,0.004425,-0.026093,2.2757,0.031433,0
0.0054932,0.0022888,-0.019379,2.0482,0.033264,0
-0.0015259,0.002594,-0.017853,1.8206,0.036011,0
-0.0082397,0.0042725,-0.020142,1.8206,0.036926,0
-0.018158,0.0068665,-0.020599,1.8206,0.039368,0
-0.028229,0.0048828,-0.021362,1.8206,0.041199,0
-0.029297,0.0035095,-0.016174,2.2757,0.042419,0
-0.020599,0.0033569,-0.0064087,2.0482,0.042725,0
-0.0099182,0.0045776,-0.0028992,2.0482,0.044556,0
-0.0024414,0.007019,0.0015259,1.8206,0.046082,0
0.0021362,0.0080872,0.0097656,1.5931,0.047607,0
0.0048828,0.0064087,0.011749,2.5033,0.048828,0
0.0067139,0.0054932,0.016174,2.5033,0.050659,0
0.013885,0.00091553,0.019836,2.2757,0.054626,0
0.021973,-0.0012207,0.019684,3.186,0.057373,0
0.024109,-0.0016785,0.018158,2.9584,0.059814,0
0.021057,-0.00030518,0.021057,2.5033,0.062256,0
0.015259,-0.00076294,0.02182,2.7309,0.064697,0
0.010529,0.0015259,0.015411,2.5033,0.066223,0
0.0097656,0.0074768,0.0094604,2.2757,0.06897,0
0.010529,0.0082397,0.007019,2.2757,0.06897,0
0.016632,0.0054932,0.0024414,2.2757,0.070496,0
0.022125,0.0064087,0.00091553,2.2757,0.068359,0
0.025177,0.0091553,0.0053406,2.7309,0.064697,0
0.02243,0.011749,0.0079346,2.5033,0.062561,0
0.014496,0.011139,0.0061035,2.2757,0.06012,0
0.0039673,0.010986,0.007782,2.5033,0.057983,0
-0.0047302,0.0099182,0.010071,2.0482,0.057373,0
-0.0091553,0.0061035,0.0080872,1.5931,0.056763,0
-0.0033569,0.0053406,0.0065613,2.2757,0.056152,0
0.0086975,0.0038147,0.0035095,2.9584,0.054626,0
0.018616,0.004425,-0.0018311,2.2757,0.053101,0
0.020447,0.002594,-0.0059509,2.5033,0.05249,0
0.018158,-0.0021362,-0.0039673,2.2757,0.05188,0
0.011292,-0.0068665,0.0054932,2.2757,0.050964,0
-0.0013733,-0.010376,0.0085449,1.8206,0.049133,0
-0.017395,-0.011139,0.0086975,2.2757,0.046997,0
-0.030518,-0.01297,0.00030518,2.5033,0.044861,0
-0.038757,-0.01358,-0.010986,2.2757,0.041504,0
-0.03952,-0.011902,-0.01709,2.2757,0.041199,0
-0.038147,-0.0097656,-0.016937,1.8206,0.040283,0
-0.037079,-0.0061035,-0.017395,2.2757,0.039368,0
-0.03479,-0.0035095,-0.020142,1.8206,0.039368,0
-0.031586,-0.0050354,-0.016327,2.0482,0.039673,0
-0.024872,-0.0062561,-0.0059509,1.3655,0.039978,0
-0.017548,-0.0019836,0.0038147,1.8206,0.038757,0
-0.013428,0.0016785,0.0093079,2.5033,0.036926,0
-0.010529,0.0041199,0.012817,1.8206,0.035706,0
-0.0085449,0.0039673,0.010681,1.8206,0.034485,0
-0.0086975,0.0030518,0.009613,2.5033,0.033569,0
-0.0094604,0.0033569,0.007782,2.5033,0.032349,0
-0.0080872,0.0059509,0.0073242,2.7309,0.032349,0
-0.0013733,0.0061035,0.012512,2.7309,0.030823,0
0.0048828,0.0039673,0.015411,2.2757,0.032043,0
0.007019,0.0033569,0.010834,2.5033,0.033569,0
0.0042725,0.0045776,0.0038147,2.7309,0.034485,0
0.00045776,0.0053406,0.0032043,2.5033,0.036926,0
-0.0036621,0.0027466,0.0082397,2.2757,0.038147,0
-0.0094604,0.0010681,0.016937,2.5033,0.040283,0
-0.011139,0.0024414,0.027618,2.0482,0.041809,0
-0.004425,0.0041199,0.033722,2.2757,0.041809,0
0.002594,0.0050354,0.032654,2.0482,0.041809,0
0.0056458,0.0010681,0.028839,2.2757,0.040283,0
0.0074768,-0.0039673,0.023804,2.7309,0.040283,0
0.0083923,-0.0079346,0.0177,2.5033,0.039978,0
0.010529,-0.0088501,0.014801,2.5033,0.040283,0
0.014648,-0.0071716,0.012817,2.5033,0.039978,0
0.019989,-0.0079346,0.013428,2.5033,0.039368,0
0.022736,-0.007019,0.01236,2.5033,0.040588,0
0.021515,-0.0021362,0.0086975,2.2757,0.040283,0
0.018921,-0.0013733,0.0028992,2.2757,0.040894,0
0.014801,-0.0028992,0.0018311,2.2757,0.041199,0
0.012207,-0.0035095,0.0045776,2.2757,0.040894,0
0.0093079,-0.0010681,0.0079346,2.0482,0.041504,0
0.0059509,0.0028992,0.013733,2.7309,0.042725,0
0,0.0036621,0.023193,2.0482,0.042114,0
-0.005188,0.0035095,0.028839,2.2757,0.04425,0
-0.0045776,0.0010681,0.030823,2.0482,0.044556,0
-0.00061035,-0.0038147,0.027008,1.5931,0.044861,0
0.0047302,-0.0054932,0.020599,1.8206,0.045166,0
0.011292,-0.0035095,0.017548,1.8206,0.046692,0
0.014038,-0.0021362,0.014954,1.8206,0.047913,0
0.014954,-0.00015259,0.0097656,1.8206,0.048523,0
0.019226,0.00045776,0.0015259,2.5033,0.05127,0
0.02121,0.00091553,-0.0032043,2.2757,0.052185,0
0.020905,0.0036621,0.00076294,2.2757,0.056152,0
0.021057,0.0067139,0.0032043,2.5033,0.057373,0
0.020905,0.004425,0.0027466,2.5033,0.059204,0
0.019531,0.0018311,0.00091553,2.2757,0.06073,0
0.020142,0.00091553,0.0013733,2.5033,0.06012,0
0.023956,0.00091553,0.002594,2.5033,0.058899,0
0.029297,0.0024414,-0.00030518,1.5931,0.057678,0
0.03006,0.0041199,-0.0056458,2.5033,0.053711,0
0.028687,0.0039673,-0.0056458,2.2757,0.050354,0
0.03006,0.00015259,-0.0024414,2.5033,0.046387,0
0.028687,-0.0030518,0.0016785,2.0482,0.041809,0
0.025024,-0.0041199,0.0018311,2.7309,0.039368,0
0.0177,-0.0090027,-0.0024414,2.5033,0.036011,0
0.0093079,-0.014038,-0.0041199,2.7309,0.033264,0
-0.0010681,-0.015717,0.00061035,2.5033,0.029907,0
-0.01297,-0.011902,0.0061035,2.0482,0.02594,0
-0.02182,-0.0094604,0.0045776,2.2757,0.021667,0
-0.030518,-0.0054932,-0.00015259,2.5033,0.018921,0
-0.033875,0.00015259,-0.0021362,2.7309,0.016785,0
-0.032349,0.0057983,-0.0042725,2.2757,0.014648,0
-0.032501,0.013885,-0.00015259,2.7309,0.010986,0
-0.033569,0.020294,0.011749,2.9584,0.007019,0
-0.031433,0.024109,0.02594,2.7309,0.0024414,0
-0.024872,0.025177,0.032349,2.9584,0.00030518,0
-0.018158,0.023499,0.036011,2.5033,-0.00061035,0
-0.016022,0.018005,0.036621,2.2757,-0.0018311,0
-0.016479,0.011597,0.030518,2.5033,-0.00091553,0
-0.01709,0.0083923,0.023193,2.2757,-0.00061035,0
-0.022888,0.007782,0.022736,2.0482,-0.00061035,0
-0.029602,0.0045776,0.02655,1.5931,-0.0018311,0
-0.028381,-0.0027466,0.027771,2.7309,-0.0039673,0
-0.019073,-0.0076294,0.022583,2.2757,-0.0054932,0
-0.0086975,-0.011749,0.012665,1.5931,-0.0067139,0
0.0012207,-0.013885,0.0065613,1.8206,-0.0076294,0
0.011597,-0.015411,0.0027466,2.2757,-0.0067139,0
0.020142,-0.019226,-0.0080872,1.5931,-0.0030518,0
0.021667,-0.0177,-0.019226,2.0482,0.00091553,0
0.020752,-0.011749,-0.025024,1.5931,0.005188,0
0.016022,-0.0099182,-0.019836,1.8206,0.0097656,0
0.010681,-0.0073242,-0.015259,1.8206,0.012817,0
0.0083923,-0.0036621,-0.014648,2.0482,0.015564,0
0.012054,-0.0038147,-0.011597,2.7309,0.014954,0
0.015106,-0.0054932,-0.0053406,2.0482,0.015564,0
0.011444,-0.0036621,-0.0027466,1.8206,0.014954,0
0.011597,-0.0036621,-0.0015259,2.2757,0.012207,0
0.016022,-0.0085449,-0.0021362,2.0482,0.0091553,0
0.015259,-0.010834,-0.004425,2.9584,0.0073242,0
0.010986,-0.011444,-0.009613,2.2757,0.0039673,0
0.0097656,-0.0097656,-0.013123,2.0482,0.0033569,0
0.0085449,-0.0076294,-0.015106,1.8206,0.0042725,0
0.0027466,-0.0068665,-0.01709,2.7309,0.0061035,0
-0.0076294,-0.0082397,-0.018616,2.2757,0.0082397,0
-0.012665,-0.0088501,-0.01358,2.9584,0.0094604,0
-0.010376,-0.0076294,-0.0050354,2.2757,0.010376,0
-0.007782,-0.0083923,-0.00015259,2.7309,0.012817,0
-0.0088501,-0.010376,0.0030518,2.7309,0.012512,0
-0.011597,-0.01297,0.0042725,2.2757,0.011292,0
-0.015869,-0.010681,0.0059509,2.7309,0.011597,0
-0.024109,-0.007782,0.012512,2.7309,0.0085449,0
-0.030518,-0.0050354,0.018768,2.7309,0.0064087,0
-0.032959,-0.0010681,0.023804,2.2757,0.0039673,0
-0.033264,0.0033569,0.027466,2.5033,0.0021362,0
-0.030823,0.0065613,0.028992,2.0482,0.00061035,0
-0.02533,0.007782,0.03006,2.7309,-0.00061035,0
-0.017853,0.0067139,0.030975,2.9584,-0.0015259,0
-0.010681,0.0059509,0.028381,2.5033,0,0
-0.0088501,0.0059509,0.023804,2.0482,0.0018311,0
-0.0093079,0.0068665,0.017242,2.0482,0.0042725,0
-0.0086975,0.0036621,0.010071,2.2757,0.0067139,0
-0.010376,0.002594,0.0047302,2.2757,0.0097656,0
-0.010529,0.0012207,0.0024414,2.7309,0.011292,0
-0.0054932,-0.00076294,0.00030518,1.8206,0.011902,0
0.00015259,-0.0062561,-0.0088501,2.2757,0.011902,0
0.005188,-0.0099182,-0.018005,2.5033,0.011597,0
0.01236,-0.011292,-0.023041,1.8206,0.011597,0
0.017242,-0.013275,-0.018768,2.9584,0.012512,0
0.018921,-0.013733,-0.010071,2.5033,0.015869,0
0.016785,-0.009613,-0.0021362,2.0482,0.0177,0
0.0085449,-0.010223,-0.0033569,2.0482,0.020142,0
0.0036621,-0.010834,-0.0091553,2.5033,0.021973,0
0.0019836,-0.0085449,-0.014954,2.2757,0.025024,0
0.0016785,-0.005188,-0.01236,2.5033,0.027771,0
0.0016785,0.00091553,-0.009613,1.8206,0.031128,0
0.0035095,0.0085449,-0.0082397,2.5033,0.033569,0
0.005188,0.010681,-0.010681,2.2757,0.037537,0
-0.0035095,0.0079346,-0.0062561,2.2757,0.040588,0
-0.014038,0.0094604,-0.0010681,2.5033,0.045471,0
-0.018616,0.014496,0.0042725,2.5033,0.048218,0
-0.018005,0.01709,0.010529,2.0482,0.050354,0
-0.019836,0.014191,0.012207,2.7309,0.05127,0
-0.02533,0.0088501,0.011902,2.7309,0.05127,0
-0.028534,0.007782,0.012054,3.186,0.050659,0
-0.029144,0.0062561,0.016632,2.7309,0.05188,0
-0.03067,0.0073242,0.025787,2.5033,0.054321,0
-0.030212,0.0091553,0.030212,2.9584,0.055542,0
-0.027313,0.0088501,0.03006,2.9584,0.056458,0
-0.019531,0.0048828,0.030212,2.7309,0.055542,0
-0.013733,-0.0012207,0.02655,2.5033,0.052795,0
-0.0091553,-0.0062561,0.019989,2.9584,0.048828,0
-0.0062561,-0.0073242,0.0097656,2.9584,0.04425,0
-0.0016785,-0.0067139,0.0013733,2.2757,0.04425,0
-0.00030518,-0.0097656,-0.00091553,2.9584,0.041504,0
-0.0068665,-0.014038,-0.0018311,2.9584,0.041199,0
-0.015869,-0.014496,-0.0022888,2.7309,0.042114,0
-0.020447,-0.0093079,0.0036621,2.7309,0.042114,0
-0.023041,-0.0083923,0.014954,2.5033,0.04303,0
-0.025482,-0.0085449,0.02121,2.2757,0.04303,0
-0.025482,-0.007019,0.018921,2.2757,0.045166,0
-0.024719,-0.00045776,0.01297,2.5033,0.048218,0
-0.023193,0.0068665,0.0067139,2.5033,0.05249,0
-0.019531,0.0099182,-0.0032043,2.0482,0.059814,0
-0.0083923,0.010681,-0.015411,2.5033,0.06897,0
0.0062561,0.013885,-0.024872,1.8206,0.077515,0
0.024109,0.019684,-0.024719,2.0482,0.082703,0
0.03891,0.025482,-0.018463,1.8206,0.087585,0
0.045929,0.027466,-0.0094604,2.2757,0.089722,0
0.041809,0.025635,-0.0032043,2.0482,0.090027,0
0.031891,0.020905,0.004425,1.8206,0.088196,0
0.027618,0.016937,0.011444,2.0482,0.087585,0
0.029144,0.013733,0.018005,2.2757,0.084534,0
0.03067,0.0068665,0.023804,2.2757,0.080872,0
0.035553,0.0022888,0.032196,2.7309,0.078125,0
0.040588,-0.0038147,0.039215,1.8206,0.076599,0
0.04303,-0.010529,0.038757,2.0482,0.074463,0
0.037231,-0.018158,0.031738,2.0482,0.068054,0
0.0177,-0.020905,0.019379,1.8206,0.065308,0
-0.0086975,-0.021362,0.010529,2.0482,0.061951,0
-0.03006,-0.022583,0.0059509,2.2757,0.060425,0
-0.040741,-0.022278,0.0059509,2.0482,0.059814,0
-0.041809,-0.021515,0.0036621,2.2757,0.059509,0
-0.039368,-0.019989,0.0036621,1.3655,0.059509,0
-0.034943,-0.018768,0.0073242,1.8206,0.057678,0
-0.03006,-0.017242,0.0073242,2.2757,0.056458,0
-0.025635,-0.015106,0.0050354,2.7309,0.056152,0
-0.018311,-0.014038,0.0074768,2.5033,0.056458,0
-0.0071716,-0.010681,0.0074768,2.5033,0.056152,0
0.0024414,-0.0090027,0.0099182,2.5033,0.056152,0
0.0097656,-0.004425,0.01236,2.7309,0.056152,0
0.020447,-0.00061035,0.01236,2.7309,0.054932,0
0.037079,-0.00076294,0.0071716,2.5033,0.053711,0
0.049133,-0.002594,0.0039673,1.5931,0.053711,0
0.046387,-0.0022888,0.0035095,2.0482,0.054321,0
0.034485,-0.0035095,0.0039673,2.0482,0.054016,0
0.020447,-0.0065613,0.0015259,2.7309,0.056763,0
0.007019,-0.0090027,0.00015259,2.5033,0.059204,0
-0.0013733,-0.0074768,0.0027466,2.0482,0.062256,0
-0.0059509,-0.0067139,0.0086975,1.8206,0.064697,0
-0.0064087,-0.0079346,0.019836,1.8206,0.064087,0
-0.0091553,-0.0074768,0.027466,1.8206,0.061951,0
-0.013275,-0.0099182,0.022736,2.2757,0.058594,0
-0.011139,-0.010986,0.011139,2.0482,0.054321,0
-0.0018311,-0.0082397,0.00015259,1.1379,0.051575,0
0.0036621,-0.0082397,-0.0024414,1.1379,0.047913,0
0.0090027,-0.0086975,-0.0018311,2.0482,0.046082,0
0.012207,-0.0086975,-0.0053406,2.5033,0.04425,0
0.002594,-0.0045776,-0.007019,2.2757,0.044556,0
-0.015411,-0.00091553,-0.0093079,1.8206,0.04303,0
-0.030975,0.00061035,-0.009613,2.5033,0.04303,0
-0.036926,0.00076294,-0.007019,2.2757,0.041199,0
-0.032806,0.0038147,-0.0012207,2.2757,0.040588,0
-0.024567,0.0083923,0.0068665,2.2757,0.036926,0
-0.02594,0.011902,0.012512,1.8206,0.035706,0
-0.034332,0.014343,0.018311,2.0482,0.031738,0
-0.039825,0.018158,0.023804,1.8206,0.028992,0
-0.040436,0.019531,0.028839,2.2757,0.025024,0
-0.04303,0.018768,0.03067,2.5033,0.020142,0
-0.048065,0.016327,0.027008,3.4135,0.016174,0
-0.050354,0.014038,0.020447,3.186,0.013428,0
-0.048828,0.011749,0.016022,2.2757,0.011902,0
-0.04303,0.010529,0.016174,2.5033,0.011292,0
-0.031738,0.011597,0.018005,2.5033,0.010071,0
-0.018463,0.011139,0.021362,2.9584,0.010986,0
-0.0086975,0.010529,0.018921,2.7309,0.012512,0
-0.0013733,0.011902,0.011139,2.2757,0.016174,0
0.002594,0.010834,0.0033569,2.7309,0.020752,0
0.0036621,0.0061035,-0.0012207,3.4135,0.024719,0
0.0028992,0.0019836,-0.0039673,2.9584,0.028076,0
0.0061035,0.0021362,-0.0016785,2.9584,0.029297,0
0.018158,0.0041199,0.0053406,3.186,0.031128,0
0.031891,0.0033569,0.017242,2.7309,0.03418,0
0.0354,0.00015259,0.023651,2.9584,0.035706,0
0.023041,-0.0027466,0.024567,2.0482,0.039062,0
0.0064087,-0.0039673,0.022888,2.5033,0.042114,0
-0.0033569,-0.010071,0.017853,2.0482,0.047607,0
-0.009613,-0.01297,0.0016785,2.0482,0.05188,0
-0.013885,-0.012665,-0.021667,2.0482,0.055847,0
-0.015564,-0.011139,-0.041046,2.2757,0.059814,0
-0.016022,-0.011444,-0.050354,1.8206,0.061646,0
-0.012817,-0.01297,-0.050659,2.0482,0.061951,0
-0.0088501,-0.015717,-0.048676,2.5033,0.06134,0
-0.0054932,-0.0177,-0.049286,1.8206,0.057678,0
-0.0038147,-0.020447,-0.055695,1.5931,0.055542,0
-0.0061035,-0.023804,-0.063171,1.8206,0.052795,0
-0.0079346,-0.020905,-0.072937,2.0482,0.050659,0
-0.0027466,-0.013275,-0.066833,1.8206,0.049133,0
0.011444,-0.0068665,-0.051575,2.2757,0.048828,0
0.028839,-0.0042725,-0.039978,2.2757,0.047607,0
0.041656,-0.0053406,-0.034332,2.7309,0.048828,0
0.045929,-0.0045776,-0.024261,2.2757,0.050354,0
0.044556,-0.0013733,-0.0050354,2.7309,0.051575,0
0.042267,0,0.0086975,2.2757,0.054016,0
0.037537,-0.00076294,0.016479,2.9584,0.055237,0
0.034637,-0.0028992,0.027313,2.2757,0.057983,0
0.033875,-0.00076294,0.036316,2.0482,0.057983,0
0.032349,0.0012207,0.040131,2.2757,0.057983,0
0.028381,0,0.040588,2.0482,0.057678,0
0.025787,0.0013733,0.035553,2.0482,0.058899,0
0.022125,0.0028992,0.030823,2.5033,0.060425,0
0.018158,0.0027466,0.027008,2.7309,0.062561,0
0.0085449,0.0032043,0.019226,2.5033,0.064697,0
-0.0010681,0.0064087,0.01709,2.2757,0.066833,0
-0.0022888,0.015106,0.018005,2.5033,0.068054,0
-0.0024414,0.019531,0.024109,1.8206,0.069885,0
-0.0054932,0.020142,0.034943,2.0482,0.070801,0
-0.0083923,0.020294,0.04364,2.0482,0.070496,0
-0.0086975,0.019226,0.04776,2.7309,0.069885,0
-0.0090027,0.019226,0.047913,2.9584,0.069275,0
-0.007782,0.016937,0.040894,2.2757,0.06958,0
-0.0057983,0.012512,0.034943,1.8206,0.069885,0
-0.0030518,0.0093079,0.033722,2.7309,0.071716,0
-0.0013733,0.0083923,0.035095,2.9584,0.073547,0
0.00015259,0.011292,0.034332,2.2757,0.075073,0
0.0030518,0.010986,0.032196,2.2757,0.077209,0
0.011139,0.010834,0.028687,2.9584,0.079041,0
0.020142,0.010529,0.025482,2.9584,0.079956,0
0.029449,0.010529,0.026093,2.7309,0.080261,0
0.039062,0.011597,0.027924,2.5033,0.082703,0
0.047455,0.0097656,0.028534,1.8206,0.085754,0
0.061188,0.009613,0.03067,1.5931,0.089417,0
0.071564,0.0057983,0.034485,1.1379,0.093689,0
0.075226,0.0021362,0.038605,2.2757,0.096741,0
0.075226,-0.0019836,0.036011,2.7309,0.099182,0
0.07019,-0.0038147,0.03006,2.5033,0.10254,0
0.06012,-0.0042725,0.023804,1.8206,0.10345,0
0.046692,-0.0027466,0.011597,1.3655,0.10406,0
0.032654,-0.0019836,-0.00015259,1.8206,0.10223,0
0.020142,-0.00015259,-0.0085449,1.8206,0.10254,0
0.013733,0.00045776,-0.01358,1.8206,0.10315,0
0.0053406,-0.00076294,-0.018005,1.3655,0.10345,0
-0.0057983,-0.0010681,-0.02121,1.8206,0.10437,0
-0.01358,0.002594,-0.023346,1.8206,0.10681,0
-0.018768,0.0079346,-0.02655,2.5033,0.10803,0
-0.024719,0.007019,-0.027313,2.2757,0.11047,0
-0.032806,0.0030518,-0.024414,0.91037,0.11078,0
-0.043335,0.0012207,-0.022736,1.8206,0.11047,0
-0.054626,0.0019836,-0.020294,2.5033,0.10864,0
-0.067902,0.0010681,-0.024261,1.8206,0.10986,0
-0.078583,-0.0036621,-0.030975,2.5033,0.11169,0
-0.084076,-0.0045776,-0.030823,2.5033,0.11597,0
-0.081482,-0.0054932,-0.022736,2.2757,0.11871,0
-0.071716,-0.0048828,-0.010376,2.7309,0.12054,0
-0.058441,-0.0042725,-0.0047302,2.5033,0.12299,0
-0.04364,-0.0041199,-0.0033569,2.2757,0.12543,0
-0.028381,-0.0041199,-0.0027466,2.7309,0.12634,0
-0.023346,-0.0027466,-0.0028992,2.0482,0.12695,0
-0.022583,0.021362,-0.0018311,2.7309,0.12604,0
-0.022583,0.034332,-0.0067139,2.5033,0.12451,0
-0.022888,0.041962,-0.014343,2.2757,0.12146,0
-0.022583,0.041504,-0.018463,2.7309,0.11871,0
-0.022583,0.037231,-0.023804,2.5033,0.11627,0
-0.022583,0.03067,-0.022888,2.5033,0.11566,0
-0.023041,0.021667,-0.026703,2.7309,0.11353,0
-0.022888,0.0091553,-0.030212,2.5033,0.10986,0
-0.022736,-0.00045776,-0.028687,2.9584,0.10681,0
-0.022583,-0.0035095,-0.02182,2.5033,0.10345,0
-0.022888,-0.0053406,-0.010223,2.2757,0.1004,0
-0.022736,-0.0061035,-0.0030518,1.8206,0.097656,0
-0.023193,-0.0067139,-0.0039673,1.8206,0.09613,0
-0.022583,-0.007782,-0.0067139,2.0482,0.096436,0
-0.023346,-0.0071716,-0.0090027,2.2757,0.096741,0
-0.024261,-0.0056458,-0.011444,2.7309,0.09613,0
-0.024261,-0.0076294,-0.012054,1.8206,0.09552,0
-0.021515,-0.011902,-0.0099182,2.0482,0.095215,0
-0.020905,-0.015411,-0.0053406,2.0482,0.094604,0
-0.016632,-0.017853,0.0036621,2.5033,0.09491,0
-0.0073242,-0.021667,0.015106,1.8206,0.09491,0
-0.0021362,-0.023499,0.01709,2.2757,0.09552,0
-0.0048828,-0.023804,0.01236,2.2757,0.094299,0
-0.0079346,-0.026855,0.0073242,2.5033,0.093079,0
-0.0065613,-0.026703,0.0064087,2.2757,0.090027,0
-0.0024414,-0.023499,0.0079346,2.2757,0.088196,0
0.0010681,-0.024872,0.012207,2.5033,0.085754,0
0.0094604,-0.024109,0.011444,2.5033,0.084229,0
0.021057,-0.016022,0.0073242,2.2757,0.085754,0
0.036926,-0.0080872,0.0016785,1.8206,0.088501,0
0.055542,-0.004425,-0.0088501,2.2757,0.092163,0
0.067444,-0.002594,-0.018311,1.5931,0.094299,0
0.059204,-0.0035095,-0.022888,2.7309,0.098572,0
0.037079,-0.0039673,-0.019531,2.5033,0.10223,0
0.014648,-0.010071,-0.009613,2.7309,0.10651,0
-0.0042725,-0.015106,-0.0012207,1.8206,0.11017,0
-0.023346,-0.017853,0.0057983,2.2757,0.11353,0
-0.042114,-0.018463,0.017395,2.9584,0.11597,0
-0.061646,-0.016785,0.026855,2.7309,0.11658,0
-0.075073,-0.012054,0.030212,2.2757,0.11841,0
-0.072021,-0.0080872,0.030975,2.7309,0.11719,0
-0.050964,-0.0082397,0.025787,2.2757,0.11414,0
-0.023041,-0.007019,0.021362,2.5033,0.10925,0
0,-0.0035095,0.021362,2.2757,0.10559,0
0.022278,-0.0016785,0.029144,2.2757,0.10223,0
0.045013,0,0.041199,2.2757,0.10193,0
0.054474,0.0045776,0.048065,1.8206,0.10223,0
0.040588,0.0064087,0.04837,1.3655,0.10345,0
0.016174,0.0073242,0.036621,2.5033,0.10315,0
0.0032043,0.0082397,0.023193,2.7309,0.10193,0
0.0027466,0.01297,0.0083923,2.7309,0.10162,0
-0.00045776,0.016479,-0.010376,1.8206,0.099182,0
-0.014343,0.018005,-0.026398,2.2757,0.096436,0
-0.027771,0.022736,-0.031281,1.8206,0.094604,0
-0.03067,0.029297,-0.024109,1.5931,0.092773,0
-0.024261,0.0354,-0.011139,1.1379,0.093079,0
-0.021515,0.035858,-0.0033569,1.5931,0.091858,0
-0.027771,0.032196,-0.0041199,2.0482,0.091553,0
-0.037231,0.028992,-0.0082397,2.0482,0.089111,0
-0.040741,0.032349,-0.012665,2.0482,0.085754,0
-0.039825,0.03479,-0.014801,2.0482,0.082703,0
-0.033875,0.034637,-0.015564,1.5931,0.079651,0
-0.020447,0.03479,-0.015259,1.3655,0.076599,0
-0.0085449,0.034943,-0.015259,2.0482,0.074768,0
0.0036621,0.034943,-0.015564,2.0482,0.074463,0
0.015869,0.033417,-0.023041,1.3655,0.071716,0
0.019989,0.029602,-0.030365,2.0482,0.068665,0
0.020447,0.024414,-0.033722,2.2757,0.064392,0
0.021667,0.016937,-0.03479,2.7309,0.06134,0
0.017853,0.010529,-0.037689,2.9584,0.057068,0
0.0086975,0.0035095,-0.042114,2.7309,0.050354,0
-0.0050354,-0.0067139,-0.04303,2.0482,0.046082,0
-0.018158,-0.020142,-0.044556,2.0482,0.042419,0
-0.023041,-0.029907,-0.054932,2.2757,0.041809,0
-0.020905,-0.036469,-0.069122,1.8206,0.041809,0
-0.013885,-0.041351,-0.069427,2.2757,0.038147,0
-0.0068665,-0.044403,-0.051575,2.0482,0.036316,0
-0.0047302,-0.046234,-0.029755,2.5033,0.032959,0
-0.004425,-0.048828,-0.015869,2.2757,0.030212,0
0.0018311,-0.053864,-0.011292,3.4135,0.026245,0
0.0088501,-0.058289,-0.013275,2.9584,0.023499,0
0.011597,-0.060577,-0.011597,2.9584,0.017395,0
0.013123,-0.060425,-0.004425,2.5033,0.013428,0
0.0086975,-0.060425,0.0048828,2.7309,0.010376,0
-0.00015259,-0.057678,0.023804,2.5033,0.0082397,0
-0.0042725,-0.056152,0.033569,2.0482,0.0097656,0
0.00061035,-0.055695,0.035706,2.7309,0.010376,0
0.013275,-0.055847,0.036316,2.9584,0.011902,0
0.026093,-0.055847,0.036774,2.5033,0.013123,0
0.034637,-0.055542,0.036163,2.5033,0.014343,0
0.036011,-0.055695,0.036011,2.0482,0.0177,0
0.031738,-0.055542,0.036011,2.0482,0.019836,0
0.025177,-0.055847,0.036163,2.2757,0.021057,0
0.020752,-0.055847,0.036163,2.2757,0.020752,0
0.019989,-0.055237,0.038147,2.5033,0.021057,0
0.021057,-0.046692,0.072021,2.7309,0.020752,0
0.02121,-0.039978,0.082397,2.2757,0.020142,0
0.019531,-0.034027,0.079956,2.2757,0.018005,0
0.013428,-0.028687,0.077209,2.0482,0.014343,0
0.010681,-0.026398,0.072479,1.8206,0.015869,0
0.012665,-0.024414,0.063477,2.2757,0.017395,0
0.019379,-0.019073,0.054779,1.8206,0.019836,0
0.02533,-0.013733,0.047607,2.5033,0.021362,0
0.01709,-0.0085449,0.043945,2.5033,0.021362,0
0.00091553,-0.0050354,0.042267,1.8206,0.020752,0
-0.010834,-0.0024414,0.038452,2.5033,0.020142,0
-0.019531,0.0042725,0.032806,2.7309,0.019226,0
-0.024261,0.013428,0.031433,3.186,0.018005,0
-0.021667,0.019989,0.035706,2.2757,0.018616,0
-0.012817,0.020752,0.041962,2.5033,0.020142,0
-0.0016785,0.020752,0.043945,2.2757,0.021362,0
0.0059509,0.020447,0.051575,2.2757,0.021667,0
0.0057983,0.020447,0.062103,2.5033,0.019836,0
0.00015259,0.02182,0.069427,2.2757,0.016479,0
-0.0086975,0.023956,0.070953,2.0482,0.014648,0
-0.019379,0.023346,0.073853,2.5033,0.012817,0
-0.024109,0.020447,0.077972,2.2757,0.011597,0
-0.028381,0.021515,0.081329,2.5033,0.010376,0
-0.033264,0.028534,0.085754,2.7309,0.0091553,0
-0.03418,0.034943,0.093231,2.7309,0.010986,0
-0.027161,0.037384,0.10223,2.5033,0.012207,0
-0.018768,0.040131,0.10574,2.0482,0.013123,0
-0.015259,0.040436,0.10269,2.5033,0.011902,0
-0.011749,0.040436,0.097656,2.9584,0.010986,0
-0.0042725,0.044556,0.093994,2.7309,0.010071,0
0.0085449,0.046539,0.093842,2.5033,0.010681,0
0.020752,0.044403,0.085907,2.7309,0.013123,0
0.025787,0.042267,0.077972,2.0482,0.013733,0
0.024109,0.03952,0.069885,2.5033,0.013733,0
0.021515,0.036011,0.059052,2.5033,0.012512,0
0.023041,0.03067,0.04776,2.5033,0.010681,0
0.024414,0.025177,0.047302,2.0482,0.0085449,0
0.026703,0.024414,0.053406,1.1379,0.007019,0
0.031738,0.023346,0.055084,1.8206,0.0076294,0
0.038147,0.016632,0.043488,1.8206,0.010071,0
0.045776,0.0088501,0.025787,2.5033,0.015869,0
0.055389,0.0047302,0.0093079,2.2757,0.020752,0
0.066071,0.0065613,-0.0097656,2.2757,0.027466,0
0.073242,0.01358,-0.027008,2.2757,0.034485,0
0.07309,0.020142,-0.039062,1.5931,0.040894,0
0.057678,0.025482,-0.040894,2.5033,0.046387,0
0.033417,0.028687,-0.040436,1.8206,0.050964,0
0.016022,0.031433,-0.048828,2.2757,0.057373,0
0.012665,0.030823,-0.055847,1.8206,0.060425,0
0.015564,0.025787,-0.060883,1.5931,0.062256,0
0.017548,0.018463,-0.072784,0.91037,0.065308,0
0.014343,0.011139,-0.090637,2.2757,0.06958,0
0.0038147,0.002594,-0.10056,1.8206,0.075989,0
-0.011444,0.00076294,-0.086823,2.5033,0.080872,0
-0.026093,0.0054932,-0.059967,2.0482,0.085754,0
-0.033417,0.012207,-0.033417,1.8206,0.085449,0
-0.036774,0.018158,-0.015564,1.8206,0.085449,0
-0.03891,0.018158,-0.0047302,2.7309,0.08728,0
-0.037537,0.014648,-0.00045776,2.7309,0.090637,0
-0.028687,0.0056458,-0.0064087,2.2757,0.09491,0
-0.016632,-0.0074768,-0.019531,2.9584,0.098267,0
-0.011139,-0.017395,-0.033875,2.5033,0.10162,0
-0.016022,-0.023956,-0.047302,2.9584,0.10651,0
-0.024719,-0.028839,-0.055542,2.2757,0.10864,0
-0.028839,-0.03067,-0.054321,2.0482,0.10803,0
-0.03067,-0.03067,-0.051117,2.2757,0.10529,0
-0.033722,-0.024872,-0.045166,2.2757,0.10071,0
-0.032043,-0.020599,-0.035248,2.9584,0.097961,0
-0.025177,-0.019836,-0.021057,2.5033,0.095825,0
-0.021362,-0.016785,-0.013275,2.2757,0.094604,0
-0.020142,-0.014496,-0.011139,2.0482,0.09491,0
-0.020142,-0.014038,-0.010376,1.8206,0.09552,0
-0.020294,-0.013733,-0.010223,1.8206,0.095825,0
-0.020294,-0.013733,-0.010529,1.8206,0.096436,0
-0.020447,-0.013733,-0.010376,2.0482,0.097046,0
-0.020447,-0.014648,-0.010071,2.0482,0.099182,0
-0.020294,-0.024414,-0.0048828,1.8206,0.098877,0
-0.020447,-0.031128,-0.007019,2.2757,0.096436,0
-0.016022,-0.030365,-0.0050354,2.0482,0.094299,0
-0.00076294,-0.030365,-0.00061035,2.5033,0.092163,0
0.022583,-0.027771,0.0024414,2.2757,0.093079,0
0.039825,-0.023499,-0.0033569,2.2757,0.092163,0
0.042725,-0.019531,-0.012665,2.2757,0.092163,0
0.039825,-0.015564,-0.018158,2.2757,0.088501,0
0.039368,-0.0062561,-0.020294,0.91037,0.085144,0
0.029297,0.0065613,-0.019989,1.5931,0.082397,0
0.0050354,0.016479,-0.018616,1.8206,0.079956,0
-0.012665,0.022736,-0.017853,2.0482,0.079956,0
-0.02121,0.025024,-0.016022,2.0482,0.078735,0
-0.031738,0.022278,-0.010529,1.3655,0.075684,0
-0.044556,0.019531,-0.00030518,1.3655,0.072632,0
-0.046844,0.015259,0.014038,1.8206,0.068665,0
-0.040588,0.014343,0.028229,1.8206,0.067139,0
-0.032501,0.013733,0.028076,1.8206,0.065308,0
-0.023651,0.0083923,0.014038,2.2757,0.063782,0
-0.015411,0.0027466,0.0054932,2.0482,0.063477,0
-0.0061035,-0.00045776,0.0041199,1.3655,0.063477,0
0.0039673,-0.0013733,0.0079346,1.8206,0.065002,0
0.015717,-0.00061035,0.0093079,2.2757,0.064392,0
0.029449,-0.0013733,0.0047302,1.8206,0.062866,0
0.045013,-0.0028992,0.0016785,2.2757,0.06012,0
0.05249,-0.0039673,0.0018311,2.5033,0.056458,0
0.045776,-0.0056458,0.0079346,2.0482,0.05249,0
0.030212,-0.0062561,0.017242,2.5033,0.051575,0
0.016632,-0.0082397,0.013428,2.2757,0.055237,0
0.012207,-0.012054,0.0019836,2.7309,0.06134,0
0.0091553,-0.012207,-0.0038147,2.2757,0.066528,0
0,-0.013428,-0.0022888,2.2757,0.069275,0
-0.0079346,-0.016479,-0.0013733,1.8206,0.06958,0
-0.0039673,-0.01709,-0.0030518,2.2757,0.067749,0
0.0057983,-0.016632,-0.0065613,2.2757,0.066528,0
0.010529,-0.014496,-0.010529,2.2757,0.068665,0
0.011749,-0.0097656,-0.016937,2.2757,0.075989,0
0.014038,-0.0083923,-0.02121,2.5033,0.08667,0
0.023956,-0.0085449,-0.027466,2.5033,0.099182,0
0.03479,-0.0057983,-0.03952,2.5033,0.11047,0
0.039825,-0.0012207,-0.045319,1.8206,0.11902,0
0.039215,0.00045776,-0.043793,2.2757,0.12329,0
0.032654,0.0042725,-0.0383,1.8206,0.12299,0
0.021057,0.011749,-0.031586,2.0482,0.12238,0
0.010223,0.023956,-0.028839,2.2757,0.12115,0
-0.0010681,0.032654,-0.037079,1.8206,0.12268,0
-0.013275,0.036163,-0.051117,1.8206,0.12177,0
-0.020905,0.037079,-0.061798,1.5931,0.12329,0
-0.019836,0.036011,-0.062714,2.0482,0.12451,0
-0.018311,0.034943,-0.050201,2.2757,0.12848,0
-0.020294,0.032043,-0.037079,2.2757,0.13214,0
-0.019684,0.025482,-0.031281,2.5033,0.13458,0
-0.014496,0.020447,-0.029907,1.8206,0.1355,0
-0.0073242,0.019836,-0.026398,1.1379,0.1358,0
-0.0021362,0.021515,-0.013275,2.0482,0.1355,0
0.0083923,0.022583,0.0016785,1.8206,0.13855,0
0.028687,0.021057,0.016479,2.2757,0.14191,0
0.046234,0.014191,0.024872,2.7309,0.14709,0
0.055389,0.0079346,0.023651,2.0482,0.15137,0
0.058746,0.0013733,0.011902,2.0482,0.15778,0
0.062256,-0.002594,0.0021362,2.7309,0.16266,0
0.066071,-0.0024414,-0.0019836,2.7309,0.16602,0
0.06958,-0.0016785,-0.0021362,2.2757,0.16541,0
0.069275,0,0.0018311,2.0482,0.16693,0
0.070343,0.00061035,0.0094604,2.5033,0.16754,0
0.068359,0.00076294,0.013123,2.9584,0.16998,0
0.055084,0.0021362,0.010834,2.5033,0.16785,0
0.037994,0.0028992,0.007019,3.6411,0.1651,0
0.018616,0.0021362,0.0062561,2.7309,0.16113,0
-0.0045776,0.010071,0.010986,2.7309,0.15961,0
-0.029907,0.014343,0.013123,2.5033,0.15961,0
-0.049896,0.014954,0.014038,2.5033,0.15808,0
-0.052185,0.016022,0.013733,2.5033,0.159,0
-0.042877,0.024414,0.014038,3.4135,0.159,0
-0.036621,0.032043,0.0093079,2.0482,0.16296,0
-0.035553,0.033264,0.00015259,1.5931,0.16785,0
-0.036469,0.032043,-0.0062561,2.7309,0.17273,0
-0.03418,0.035248,-0.015106,2.2757,0.17395,0
-0.029449,0.038147,-0.022888,2.0482,0.17273,0
-0.032806,0.035248,-0.020294,2.0482,0.16754,0
-0.037079,0.033112,-0.009613,2.5033,0.16022,0
-0.03952,0.033875,-0.0013733,2.2757,0.15289,0
-0.047302,0.033417,0.0039673,2.2757,0.14709,0
-0.054779,0.032196,0.0062561,1.8206,0.1416,0
-0.055084,0.027771,0.0091553,2.2757,0.1355,0
-0.055695,0.015411,0.0068665,2.7309,0.1297,0
-0.056305,0.0062561,0.0041199,2.2757,0.12695,0
-0.051117,0.00030518,0.012665,2.2757,0.12177,0
-0.041962,-0.0062561,0.023041,2.0482,0.11658,0
-0.036774,-0.016327,0.02182,1.8206,0.11017,0
-0.034943,-0.02655,0.015564,1.8206,0.10162,0
-0.036163,-0.033722,0.013733,2.7309,0.092773,0
-0.039825,-0.038605,0.010376,2.2757,0.083313,0
-0.040588,-0.040894,-0.0027466,2.2757,0.076294,0
-0.038757,-0.045624,-0.023499,2.2757,0.066833,0
-0.028381,-0.05188,-0.042572,2.5033,0.061035,0
-0.013428,-0.048218,-0.051575,2.5033,0.058594,0
-0.0047302,-0.035553,-0.052032,2.2757,0.058899,0
-0.0047302,-0.019073,-0.04303,2.7309,0.059509,0
-0.0067139,-0.009613,-0.032959,2.9584,0.059204,0
-0.0048828,-0.011444,-0.030518,2.2757,0.058594,0
0.0085449,-0.014496,-0.035858,2.9584,0.054321,0
0.034027,-0.016022,-0.041351,3.186,0.049133,0
0.054016,-0.01358,-0.040436,2.7309,0.04303,0
0.060577,-0.013275,-0.032043,1.8206,0.040894,0
0.058899,-0.014954,-0.016479,2.7309,0.040588,0
0.051575,-0.014954,0.00045776,2.7309,0.04303,0
0.043335,-0.018616,0.013733,2.0482,0.045166,0
0.032806,-0.026703,0.025787,1.8206,0.047302,0
0.021667,-0.031433,0.041504,2.5033,0.048523,0
0.020294,-0.033417,0.052948,2.0482,0.046997,0
0.018463,-0.032196,0.055237,2.2757,0.046387,0
0.0059509,-0.03006,0.049896,2.2757,0.049133,0
-0.0042725,-0.027313,0.045776,2.9584,0.052185,0
-0.0028992,-0.027771,0.045776,3.186,0.056763,0
-0.00061035,-0.02655,0.050049,2.9584,0.06012,0
-0.0018311,-0.023193,0.052338,2.0482,0.059814,0
0,-0.018463,0.051575,2.2757,0.057068,0
0.0083923,-0.010376,0.049744,2.2757,0.054016,0
0.016632,-0.0012207,0.053101,2.5033,0.049438,0
0.019989,0.0038147,0.054779,2.0482,0.045776,0
0.0177,0.0071716,0.050354,1.8206,0.041504,0
0.010223,0.012207,0.051575,1.3655,0.036011,0
-0.00030518,0.014648,0.053864,1.5931,0.035095,0
-0.017395,0.010834,0.050507,2.0482,0.033569,0
-0.032959,0.0041199,0.044861,2.0482,0.032654,0
-0.041809,-0.0019836,0.04303,2.5033,0.031433,0
-0.043335,-0.007019,0.0354,2.0482,0.028992,0
-0.039825,-0.011902,0.016632,2.0482,0.026245,0
-0.033722,-0.015259,-0.007019,1.3655,0.02533,0
-0.026855,-0.017853,-0.030975,2.0482,0.024719,0
-0.024261,-0.018311,-0.046997,1.5931,0.02533,0
-0.024109,-0.015717,-0.051727,1.3655,0.024414,0
-0.023346,-0.011292,-0.050659,1.8206,0.024414,0
-0.01709,-0.010834,-0.050201,1.3655,0.021973,0
-0.0064087,-0.01297,-0.049438,2.0482,0.021973,0
0.0062561,-0.018158,-0.043945,2.2757,0.022278,0
0.024872,-0.022583,-0.045471,2.2757,0.023193,0
0.04364,-0.025024,-0.051117,2.0482,0.025024,0
0.06012,-0.024261,-0.056305,2.0482,0.02594,0
0.070038,-0.02182,-0.054169,1.8206,0.027771,0
0.070343,-0.013885,-0.05127,2.5033,0.027771,0
0.06012,-0.0038147,-0.052795,2.5033,0.028076,0
0.050049,0.0048828,-0.053711,2.0482,0.031433,0
0.04303,0.015259,-0.045013,2.0482,0.032043,0
0.037994,0.022125,-0.027771,2.2757,0.03418,0
0.042114,0.020294,-0.015106,2.2757,0.039978,0
0.050201,0.020142,-0.0024414,2.0482,0.048218,0
0.058136,0.021362,0.0053406,2.5033,0.055542,0
0.074005,0.019531,0.0028992,2.5033,0.063477,0
0.089111,0.018005,-0.0022888,2.5033,0.067749,0
0.087128,0.0177,-0.0028992,2.7309,0.069275,0
0.072784,0.018005,0.0041199,2.2757,0.06958,0
0.062256,0.014496,0.015869,2.2757,0.071106,0
0.048065,0.0099182,0.021515,2.7309,0.073547,0
0.024719,-0.00091553,0.025177,2.7309,0.079956,0
-0.0015259,-0.010376,0.030365,1.8206,0.085449,0
-0.026855,-0.019989,0.028076,2.0482,0.091248,0
-0.04776,-0.026245,0.017548,2.0482,0.09491,0
-0.061798,-0.028229,0.0027466,2.2757,0.098267,0
-0.07309,-0.026703,-0.0088501,2.7309,0.10132,0
-0.074768,-0.018616,-0.0062561,2.5033,0.10345,0
-0.066223,-0.011597,0.0013733,1.5931,0.10468,0
-0.060272,-0.011902,0.007019,1.5931,0.10681,0
-0.061646,-0.010223,0.012207,2.2757,0.10956,0
-0.061798,-0.0048828,0.021362,2.5033,0.11169,0
-0.057526,0.00061035,0.030212,2.9584,0.11444,0
-0.053406,0.0027466,0.040283,2.2757,0.11475,0
-0.049133,0,0.045624,2.5033,0.11566,0
-0.038452,-0.0027466,0.041504,1.5931,0.11688,0
-0.028839,-0.0033569,0.03067,1.5931,0.1178,0
-0.028687,0.0016785,0.027771,1.8206,0.11658,0
-0.033112,0.0065613,0.032501,2.2757,0.112,0
-0.03479,0.0076294,0.040741,2.0482,0.10559,0
-0.018768,0.007782,0.045013,2.2757,0.098267,0
0.019073,0.0054932,0.048981,2.2757,0.091858,0
0.028992,0.0035095,0.056305,1.8206,0.08667,0
0.026398,0.0030518,0.062714,2.2757,0.080872,0
0.017395,0.0030518,0.066528,2.0482,0.072021,0
0.0035095,0.0015259,0.069427,2.2757,0.065002,0
-0.0079346,-0.0010681,0.066986,2.2757,0.061035,0
-0.015259,-0.0035095,0.06134,2.5033,0.056763,0
-0.018921,-0.0097656,0.05127,2.7309,0.051575,0
-0.012054,-0.01297,0.041351,2.5033,0.044556,0
0.0015259,-0.0059509,0.03479,2.2757,0.037842,0
0.0030518,0.0038147,0.033569,2.5033,0.03479,0
-0.0047302,0.010834,0.035095,3.186,0.033569,0
-0.0071716,0.018616,0.032349,2.9584,0.031738,0
-0.0036621,0.02243,0.027313,2.7309,0.031738,0
-0.00076294,0.021667,0.023346,3.186,0.033875,0
-0.0059509,0.028381,0.016785,2.5033,0.036316,0
-0.013428,0.03479,0.0057983,2.9584,0.039673,0
-0.018158,0.038452,-0.0030518,2.2757,0.044556,0
-0.016327,0.041199,0.0010681,3.186,0.047607,0
-0.010986,0.041962,0.01236,2.7309,0.051575,0
-0.0080872,0.039368,0.02243,2.9584,0.054321,0
-0.0097656,0.033112,0.032043,2.9584,0.053711,0
-0.010681,0.029449,0.041656,2.5033,0.051575,0
-0.011139,0.026093,0.056763,2.9584,0.048218,0
-0.015411,0.020447,0.064545,2.9584,0.046692,0
-0.016937,0.013428,0.059814,2.2757,0.047913,0
-0.015259,0.0099182,0.048065,1.8206,0.050964,0
-0.010681,0.011139,0.037994,2.5033,0.053406,0
0.0035095,0.011292,0.028992,1.3655,0.054932,0
0.031738,0.0083923,0.021973,1.3655,0.056458,0
0.061493,0.00091553,0.014954,2.0482,0.057373,0
0.084076,-0.0032043,0.0065613,1.8206,0.057983,0
0.092621,-0.0038147,-0.0018311,1.3655,0.054932,0
0.090637,-0.0056458,-0.012665,2.0482,0.05249,0
0.086365,-0.00015259,-0.023956,2.2757,0.052185,0
0.083618,0.01297,-0.033112,2.2757,0.053711,0
0.074005,0.018768,-0.037537,1.5931,0.055237,0
0.054626,0.018616,-0.034943,1.8206,0.057678,0
0.036926,0.019684,-0.027466,2.7309,0.056152,0
0.028992,0.019836,-0.023499,2.5033,0.055237,0
0.022583,0.017242,-0.022736,1.8206,0.054932,0
0.0082397,0.019836,-0.019073,1.8206,0.052185,0
-0.015411,0.018921,-0.0090027,1.8206,0.047913,0
-0.037842,0.013428,-0.0019836,2.0482,0.041199,0
-0.051727,0.0062561,0.00030518,2.2757,0.036621,0
-0.058136,-0.0012207,0.0042725,2.7309,0.032959,0
-0.061035,-0.0071716,0.011597,2.5033,0.032349,0
-0.060425,-0.018311,0.01236,2.2757,0.032043,0
-0.058594,-0.028687,0.0045776,2.2757,0.032349,0
-0.058746,-0.032959,-0.00030518,2.7309,0.032043,0
-0.057526,-0.032196,0.0032043,2.7309,0.030518,0
-0.059967,-0.029755,0.0045776,1.8206,0.030212,0
-0.06134,-0.024109,0.010223,2.7309,0.02594,0
-0.055237,-0.018463,0.014801,3.186,0.021667,0
-0.041351,-0.013428,0.015106,3.186,0.019531,0
-0.025787,-0.005188,0.022583,3.186,0.018005,0
-0.012512,0.0068665,0.042725,2.9584,0.018311,0
0.00076294,0.020752,0.057068,2.7309,0.015259,0
0.011749,0.023651,0.059052,2.9584,0.010681,0
0.017853,0.020294,0.056915,2.0482,0.0057983,0
0.022278,0.016479,0.054474,2.2757,0.00091553,0
0.028687,0.007782,0.050049,2.7309,-0.0039673,0
0.037231,-0.0039673,0.041199,2.7309,-0.010681,0
0.041199,-0.01297,0.03418,2.5033,-0.015869,0
0.04303,-0.020905,0.019226,2.2757,-0.021667,0
0.046387,-0.031433,-0.014343,2.2757,-0.028992,0
0.047607,-0.047455,-0.058289,1.8206,-0.036316,0
0.044708,-0.055695,-0.093689,2.0482,-0.042114,0
0.03952,-0.054779,-0.10818,2.2757,-0.045471,0
0.038147,-0.050507,-0.10056,2.7309,-0.046082,0
0.045624,-0.042572,-0.080872,2.9584,-0.046997,0
0.045013,-0.034332,-0.070343,2.2757,-0.046692,0
0.02655,-0.02243,-0.062256,2.0482,-0.047302,0
0.010834,-0.015869,-0.045013,2.0482,-0.050049,0
0.0074768,-0.017548,-0.026703,1.8206,-0.053711,0
0.0074768,-0.021515,-0.018005,2.2757,-0.063782,0
0.0048828,-0.02655,-0.014191,1.5931,-0.080566,0
-0.0012207,-0.025482,-0.0086975,1.8206,-0.097351,0
-0.0059509,-0.023956,-0.00015259,2.0482,-0.1178,0
-0.0093079,-0.018768,0.0094604,2.2757,-0.14771,0
-0.010223,-0.011139,0.018768,2.0482,-0.16876,0
-0.010529,-0.0090027,0.017548,2.5033,-0.16113,0
-0.010529,-0.0086975,0.0019836,1.1379,-0.12329,0
-0.010529,-0.0086975,-0.015564,2.0482,-0.073547,0
-0.010376,-0.0041199,-0.02243,2.2757,-0.035095,0
-0.010529,0.0035095,-0.014191,1.8206,-0.016174,0
-0.010071,0.010223,-0.0021362,2.0482,-0.011597,0
-0.010529,0.013123,0.0045776,2.5033,-0.0177,0
-0.010376,0.019073,0.014191,2.2757,-0.021057,0
-0.010529,0.028076,0.028534,2.5033,-0.019531,0
-0.010071,0.033417,0.046539,1.8206,-0.0094604,0
-0.010529,0.037994,0.06012,1.5931,-0.00061035,0
-0.0094604,0.034637,0.054321,2.2757,0.0036621,0
-0.0064087,0.023651,0.037994,2.2757,0.0039673,0
-0.0065613,0.011139,0.020599,2.5033,0,0
-0.01236,0.0016785,0.0053406,2.0482,-0.00091553,0
-0.023041,-0.0071716,0.0036621,2.5033,0.0021362,0
-0.028076,-0.010986,0.015717,2.5033,0.013123,0
-0.024261,-0.018005,0.028992,2.7309,0.02655,0
-0.015259,-0.029907,0.033569,2.2757,0.036926,0
0.00015259,-0.038147,0.037842,2.9584,0.042419,0
0.023499,-0.041962,0.032043,2.2757,0.041199,0
0.042267,-0.038757,0.0086975,2.5033,0.038147,0
0.046692,-0.034943,-0.023041,2.7309,0.036011,0
0.039978,-0.029449,-0.046844,3.186,0.0354,0
0.032196,-0.027924,-0.063629,2.5033,0.037537,0
0.024719,-0.028229,-0.075836,2.7309,0.040283,0
0.020905,-0.02533,-0.074921,2.7309,0.039368,0
0.023346,-0.016174,-0.052032,2.2757,0.03479,0
0.020752,-0.0059509,-0.021362,1.8206,0.031738,0
0.014343,0.0041199,0.0045776,2.2757,0.027161,0
0.0056458,0.013885,0.020142,1.8206,0.016785,0
-0.007782,0.021515,0.029602,2.0482,0.00091553,0
-0.02121,0.025787,0.028076,2.0482,-0.020752,0
-0.024719,0.025787,0.016479,2.2757,-0.042114,0
-0.015869,0.022736,0.0038147,2.9584,-0.057983,0
-0.0071716,0.02182,0.0015259,2.5033,-0.07019,0
-0.0061035,0.019684,0.0062561,2.0482,-0.076294,0
-0.0048828,0.013275,0.011139,2.5033,-0.084839,0
0.0019836,0.0076294,0.012054,2.2757,-0.099792,0
0.0088501,0.0010681,0.0088501,2.5033,-0.11871,0
0.011597,-0.0027466,0.0028992,2.0482,-0.13916,0
0.015259,-0.007019,-0.0041199,2.2757,-0.15656,0
0.019836,-0.0083923,-0.0079346,2.0482,-0.16937,0
0.021515,-0.0071716,-0.007019,2.5033,-0.17883,0
0.019836,0.00076294,-0.004425,2.9584,-0.18677,0
0.007019,0.0076294,-0.0019836,2.5033,-0.19623,0
-0.005188,0.010223,-0.00045776,2.5033,-0.19928,0
-0.011292,0.013733,0.0042725,2.0482,-0.19562,0
-0.020752,0.018158,0.015259,1.8206,-0.18707,0
-0.035706,0.02121,0.027466,2.0482,-0.17487,0
-0.042419,0.020905,0.035095,2.9584,-0.16266,0
-0.040131,0.020447,0.036163,2.2757,-0.1474,0
-0.037994,0.026093,0.034027,1.5931,-0.13062,0
-0.032349,0.029755,0.031433,2.7309,-0.11353,0
-0.028992,0.033417,0.025635,2.2757,-0.09613,0
-0.033722,0.036163,0.019836,2.0482,-0.07782,0
-0.03479,0.036316,0.019989,2.7309,-0.056152,0
-0.027313,0.0383,0.014801,2.9584,-0.033264,0
-0.019836,0.041046,0.005188,2.2757,-0.018005,0
-0.0097656,0.045319,-0.00061035,2.9584,-0.022278,0
0.002594,0.051575,-0.0038147,2.7309,-0.045776,0
0.016022,0.055847,-0.0061035,2.5033,-0.075073,0
0.032654,0.059814,-0.00015259,2.9584,-0.097046,0
0.040283,0.061493,0.0082397,2.2757,-0.10559,0
0.029449,0.059204,0.018768,3.186,-0.1059,0
0.0053406,0.059814,0.031586,2.9584,-0.10559,0
-0.011139,0.058289,0.041199,2.7309,-0.11322,0
-0.0033569,0.049133,0.04303,2.5033,-0.12573,0
0.018768,0.034943,0.040894,2.7309,-0.13916,0
0.035858,0.020752,0.043335,2.5033,-0.14557,0
0.035553,0.0019836,0.039062,2.5033,-0.1416,0
0.027313,-0.016327,0.030365,1.5931,-0.13092,0
0.021515,-0.032043,0.015106,1.1379,-0.11932,0
0.01358,-0.046997,-0.0015259,1.8206,-0.11322,0
-0.0010681,-0.058289,-0.009613,2.0482,-0.11292,0
-0.012207,-0.064087,-0.0082397,2.0482,-0.11414,0
-0.013733,-0.06546,-0.011597,2.2757,-0.11292,0
-0.013428,-0.067139,-0.029755,2.5033,-0.10345,0
-0.0062561,-0.063019,-0.044403,3.186,-0.088196,0
0.0086975,-0.050201,-0.036621,2.7309,-0.066833,0
0.032196,-0.036469,-0.019226,2.9584,-0.045776,0
0.050354,-0.026245,-0.016479,2.5033,-0.026855,0
0.059814,-0.024719,-0.019836,2.7309,-0.013123,0
0.062714,-0.028839,-0.019226,2.0482,-0.0054932,0
0.057831,-0.028992,-0.021667,1.8206,0.00030518,0
0.040283,-0.026703,-0.033875,1.8206,0.0088501,0
0.020447,-0.016937,-0.046082,2.9584,0.019836,0
0.014191,-0.0050354,-0.055695,3.186,0.030823,0
0.015717,-0.0045776,-0.06134,2.9584,0.038147,0
0.0080872,-0.004425,-0.059052,2.7309,0.038147,0
-0.0057983,-0.0057983,-0.049133,2.5033,0.031433,0
-0.018768,-0.007019,-0.047455,2.9584,0.023804,0
-0.032349,-0.015869,-0.06485,2.9584,0.013428,0
-0.04303,-0.025177,-0.10162,3.186,0.0027466,0
-0.04364,-0.033875,-0.13916,2.9584,-0.0076294,0
-0.039978,-0.033417,-0.16098,3.186,-0.01709,0
-0.045319,-0.028687,-0.16891,2.9584,-0.023804,0
-0.055237,-0.029602,-0.18112,2.5033,-0.029297,0
-0.059204,-0.027466,-0.20477,2.7309,-0.03418,0
-0.052185,-0.020447,-0.21957,2.7309,-0.036316,0
-0.039062,-0.010681,-0.21545,2.5033,-0.036926,0
-0.022888,0.0015259,-0.21515,2.5033,-0.0354,0
-0.011444,0.010223,-0.22964,2.7309,-0.032349,0
-0.00091553,0.011139,-0.25192,2.2757,-0.032959,0
0.0048828,0.0079346,-0.2771,2.2757,-0.033569,0
0.0012207,0.0073242,-0.29388,1.5931,-0.032959,0
-0.0041199,0.0074768,-0.30609,2.7309,-0.027466,0
-0.0024414,0.0036621,-0.3186,2.2757,-0.018005,0
0.00061035,0.0074768,-0.32959,2.7309,-0.007019,0
0.0036621,0.015564,-0.34409,1.8206,0.0015259,0
0.010834,0.015411,-0.35889,2.5033,0.005188,0
0.014038,0.015106,-0.36835,1.8206,0.0061035,0
0.002594,0.018005,-0.38284,2.5033,0.0027466,0
-0.011749,0.014038,-0.40222,2.5033,-0.0018311,0
-0.014038,0.009613,-0.41351,2.0482,-0.0030518,0
-0.0054932,0.0062561,-0.41855,2.2757,-0.0021362,0
0.0062561,0.0074768,-0.42267,2.5033,0.00030518,0
0.018768,0.0094604,-0.41946,2.0482,0.0015259,0
0.031738,0.014954,-0.40649,2.0482,0.0030518,0
0.040894,0.015564,-0.3952,2.0482,0.0057983,0
0.044556,0.013733,-0.38544,2.5033,0.0048828,0
0.045776,0.0068665,-0.37277,2.7309,-0.0033569,0
0.05188,-0.00076294,-0.35843,2.5033,-0.0085449,0
0.048065,-0.0068665,-0.34622,2.5033,-0.0027466,0
0.019226,-0.013275,-0.34973,2.2757,0.0048828,0
-0.020599,-0.020294,-0.35889,2.5033,0.0048828,0
-0.05249,-0.020142,-0.3656,2.7309,-0.0064087,0
-0.07019,-0.019226,-0.37109,2.9584,-0.021362,0
-0.069122,-0.018768,-0.37201,2.5033,-0.030823,0
-0.052032,-0.010834,-0.37476,3.186,-0.032959,0
-0.031281,0.0030518,-0.38651,2.5033,-0.030823,0
-0.014038,0.01358,-0.38269,2.7309,-0.026855,0
-0.00015259,0.020447,-0.33966,2.2757,-0.024719,0
0.011292,0.022278,-0.26917,2.7309,-0.027466,0
0.02533,0.017853,-0.19241,2.5033,-0.035095,0
0.030212,0.0094604,-0.11429,3.186,-0.043945,0
0.022125,-0.00015259,-0.036011,2.9584,-0.056458,0
0.0065613,-0.015717,0.039215,2.7309,-0.068665,0
-0.015869,-0.03006,0.13,3.186,-0.079041,0
-0.035553,-0.037079,0.2301,2.5033,-0.079346,0
-0.039673,-0.040131,0.30823,2.5033,-0.068054,0
-0.030518,-0.042572,0.37003,2.2757,-0.055542,0
-0.016785,-0.044861,0.43121,2.2757,-0.050659,0
-0.0047302,-0.046539,0.49728,2.2757,-0.056152,0
0.0030518,-0.036011,0.56839,3.186,-0.069885,0
0.0099182,-0.022888,0.6424,2.9584,-0.083618,0
0.019531,-0.023193,0.70694,2.2757,-0.086365,0
0.030365,-0.031586,0.75943,2.5033,-0.080566,0
0.03418,-0.040131,0.80765,2.0482,-0.074463,0
0.019989,-0.043793,0.85236,2.0482,-0.074158,0
-0.00030518,-0.035706,0.89355,1.8206,-0.085144,0
-0.0093079,-0.014954,0.94666,2.2757,-0.10223,0
-0.0039673,0.0062561,1.0112,2.0482,-0.12329,0
0.0090027,0.018921,1.0681,2.0482,-0.14099,0
0.022278,0.025635,1.1,2.5033,-0.15228,0
0.027618,0.028839,1.1018,2.7309,-0.15869,0
0.028839,0.028839,1.093,2.5033,-0.16174,0
0.026245,0.027924,1.096,2.7309,-0.16235,0
0.018463,0.030975,1.1169,2.7309,-0.16327,0
0.013733,0.039673,1.1401,2.2757,-0.16388,0
0.01236,0.042267,1.1433,2.2757,-0.16022,0
0.0056458,0.041199,1.1266,2.5033,-0.1532,0
-0.0056458,0.044708,1.1064,2.0482,-0.14618,0
-0.023804,0.05127,1.0872,2.7309,-0.14343,0
-0.042114,0.055237,1.0602,2.7309,-0.14465,0
-0.040894,0.050354,1.0173,2.9584,-0.15015,0
-0.019989,0.037537,0.95947,2.5033,-0.15869,0
0.0054932,0.031738,0.90195,3.186,-0.17395,0
0.017548,0.03418,0.85907,2.7309,-0.19226,0
0.016479,0.035248,0.82535,2.2757,-0.20813,0
0.018768,0.030212,0.7843,2.2757,-0.21667,0
0.024414,0.018463,0.72632,2.5033,-0.21698,0
0.029297,0.0013733,0.66315,2.9584,-0.2121,0
0.027924,-0.011139,0.59647,2.7309,-0.20844,0
0.0082397,-0.014496,0.53543,2.7309,-0.20416,0
-0.026703,-0.017242,0.4744,2.9584,-0.20264,0
-0.050201,-0.015106,0.40527,2.5033,-0.20233,0
-0.048676,-0.0056458,0.33615,2.5033,-0.19989,0
-0.040894,-0.0080872,0.27359,2.2757,-0.19745,0
-0.036621,-0.016327,0.20798,2.7309,-0.19623,0
-0.031128,-0.017548,0.13611,2.5033,-0.19287,0
-0.021057,-0.013733,0.07019,2.0482,-0.18524,0
-0.0024414,-0.012207,0.019531,2.5033,-0.17914,0
0.018158,-0.013123,-0.027771,2.7309,-0.18036,0
0.033417,-0.015106,-0.077209,2.7309,-0.18402,0
0.041656,-0.011597,-0.12665,2.9584,-0.19226,0
0.043488,-0.0064087,-0.17868,2.2757,-0.19867,0
0.036621,-0.0091553,-0.2272,2.2757,-0.19867,0
0.022736,-0.015564,-0.26062,2.2757,-0.19684,0
0.010834,-0.021515,-0.28046,2.2757,-0.19745,0
0.0086975,-0.023499,-0.29785,1.8206,-0.19745,0
0.014954,-0.025482,-0.32852,1.8206,-0.18616,0
0.02533,-0.02594,-0.37369,2.2757,-0.16327,0
0.0354,-0.024567,-0.41626,2.0482,-0.13916,0
0.039978,-0.020752,-0.43869,2.0482,-0.12085,0
0.027924,-0.0177,-0.44937,2.7309,-0.11322,0
0.0079346,-0.013428,-0.4631,1.5931,-0.112,0
-0.00015259,-0.0071716,-0.48584,2.0482,-0.11505,0
0.0012207,-0.0016785,-0.50339,1.3655,-0.11627,0
-0.00061035,-0.0039673,-0.51132,2.0482,-0.112,0
-0.0061035,-0.0088501,-0.5127,2.2757,-0.10376,0
-0.016632,-0.0090027,-0.50888,3.186,-0.093689,0
-0.031281,-0.0010681,-0.50308,3.4135,-0.091248,0
-0.046844,0.02243,-0.4863,2.7309,-0.096436,0
-0.060577,0.046539,-0.46494,2.9584,-0.10864,0
-0.066833,0.055695,-0.45944,2.2757,-0.11841,0
-0.06485,0.05249,-0.46021,2.7309,-0.11963,0
-0.050201,0.047455,-0.45395,2.7309,-0.11597,0
-0.025177,0.044556,-0.44052,2.7309,-0.10925,0
-0.0047302,0.035553,-0.43121,2.2757,-0.10895,0
0.0015259,0.024719,-0.42099,2.5033,-0.10925,0
0.0074768,0.020142,-0.39642,2.2757,-0.11047,0
0.020142,0.01236,-0.37643,2.2757,-0.11078,0
0.028229,0.0042725,-0.3746,2.9584,-0.11047,0
0.022736,0.0027466,-0.37994,3.186,-0.10986,0
0.011597,0.0022888,-0.38757,2.9584,-0.10803,0
0.0059509,-0.0013733,-0.39932,2.7309,-0.10803,0
0.007782,-0.0082397,-0.41214,2.7309,-0.112,0
0.0038147,-0.018158,-0.4306,2.9584,-0.11963,0
-0.0088501,-0.022888,-0.43594,2.9584,-0.13,0
-0.013885,-0.028381,-0.42206,2.5033,-0.13458,0
-0.0053406,-0.028992,-0.40451,2.9584,-0.13306,0
0.014191,-0.024261,-0.38925,1.8206,-0.12848,0
0.039215,-0.015411,-0.3656,2.0482,-0.11993,0
0.059967,-0.007019,-0.32288,2.5033,-0.112,0
0.065002,0.00076294,-0.27603,2.2757,-0.10864,0
0.04776,0,-0.2449,2.9584,-0.1123,0
0.022125,-0.010223,-0.24017,2.0482,-0.11993,0
0.010071,-0.018463,-0.25192,2.2757,-0.12726,0
0.0054932,-0.019226,-0.2533,2.2757,-0.13275,0
0.0022888,-0.015869,-0.2417,2.2757,-0.13367,0
-0.0013733,-0.0099182,-0.22507,1.8206,-0.1297,0
-0.0059509,-0.0085449,-0.21286,2.7309,-0.12451,0
-0.010376,-0.010529,-0.20615,2.2757,-0.12329,0
-0.021667,-0.011139,-0.19958,2.0482,-0.12268,0
-0.035553,-0.0083923,-0.18143,2.0482,-0.12177,0
-0.039978,-0.0083923,-0.15427,2.9584,-0.12054,0
-0.034027,-0.010376,-0.13397,2.7309,-0.11932,0
-0.026855,-0.011749,-0.12405,2.7309,-0.11993,0
-0.017395,-0.016327,-0.10742,2.2757,-0.12329,0
-0.0042725,-0.025635,-0.089874,2.0482,-0.12817,0
0.013885,-0.023499,-0.068207,2.5033,-0.13245,0
0.034637,-0.0099182,-0.042267,2.0482,-0.13641,0
0.049744,-0.0035095,-0.01358,2.0482,-0.14069,0
0.053864,-0.0076294,0.0010681,2.7309,-0.14648,0
0.05661,-0.013885,-0.018158,2.2757,-0.15137,0
0.056763,-0.012207,-0.052032,2.7309,-0.15594,0
0.048981,-0.0027466,-0.055237,2.7309,-0.16113,0
0.038147,0.0048828,-0.037842,2.5033,-0.16418,0
0.027618,0.0012207,-0.026703,2.5033,-0.16632,0
0.027924,-0.0086975,-0.023956,2.2757,-0.16724,0
0.0383,-0.018005,-0.014648,2.5033,-0.16754,0
0.047455,-0.024261,-0.010223,2.9584,-0.16541,0
0.044556,-0.032806,-0.023193,2.9584,-0.16205,0
0.028229,-0.039673,-0.034485,2.9584,-0.159,0
0.0065613,-0.0383,-0.019073,2.7309,-0.15533,0
-0.01358,-0.031738,0.0093079,2.5033,-0.15167,0
-0.032806,-0.017853,0.026093,2.5033,-0.14557,0
-0.052795,0.00015259,0.040131,2.0482,-0.13977,0
-0.071259,0.021362,0.056152,2.2757,-0.13519,0
-0.081329,0.045624,0.065002,2.7309,-0.13489,0
-0.080261,0.063324,0.066223,2.7309,-0.13519,0
-0.077667,0.080872,0.060272,2.7309,-0.13306,0
-0.078735,0.093689,0.058289,2.7309,-0.12482,0
-0.072937,0.093536,0.059662,2.7309,-0.11444,0
-0.056763,0.085449,0.061951,2.5033,-0.1062,0
-0.03418,0.077362,0.067444,1.8206,-0.10437,0
-0.0073242,0.068359,0.066986,1.8206,-0.10956,0
0.020905,0.056915,0.047302,2.0482,-0.11627,0
0.045319,0.040131,0.0059509,2.5033,-0.11871,0
0.055237,0.016327,-0.030975,2.0482,-0.11841,0
0.05661,-0.0033569,-0.070343,2.2757,-0.11505,0
0.055542,-0.010223,-0.11368,2.0482,-0.11139,0
0.048218,-0.010071,-0.15564,1.8206,-0.10742,0
0.042877,-0.009613,-0.18005,1.3655,-0.10193,0
0.046082,-0.014038,-0.19012,2.5033,-0.092163,0
0.050812,-0.025177,-0.1825,2.2757,-0.081177,0
0.049438,-0.031433,-0.16235,2.0482,-0.06958,0
0.0354,-0.032196,-0.1445,1.5931,-0.060425,0
0.0097656,-0.031891,-0.14008,1.3655,-0.054321,0
-0.017853,-0.042267,-0.13657,1.5931,-0.049438,0
-0.035706,-0.050201,-0.12833,1.8206,-0.046082,0
-0.040436,-0.049896,-0.11841,2.0482,-0.044861,0
-0.033875,-0.048676,-0.11154,1.8206,-0.044861,0
-0.023499,-0.049896,-0.10468,2.9584,-0.049438,0
-0.02243,-0.050201,-0.10315,2.5033,-0.062561,0
-0.030518,-0.045929,-0.099487,2.2757,-0.10162,0
-0.034485,-0.037994,-0.078735,2.5033,-0.14008,0
-0.030212,-0.030975,-0.042572,2.2757,-0.13153,0
-0.032196,-0.02655,-0.0062561,3.186,-0.075378,0
-0.047913,-0.015564,0.021667,2.7309,-0.016785,0
-0.065918,-0.0086975,0.042419,2.7309,0.0054932,0
-0.071411,-0.0079346,0.063019,2.7309,-0.0177,0
-0.063782,-0.00061035,0.084686,2.2757,-0.066528,0
-0.052795,0.013428,0.11108,2.5033,-0.1123,0
-0.046997,0.023651,0.14069,2.7309,-0.1358,0
-0.041046,0.022278,0.15228,3.186,-0.13428,0
-0.034027,0.019073,0.14481,2.7309,-0.11688,0
-0.029907,0.015717,0.12604,2.2757,-0.097961,0
-0.024414,0.0015259,0.10742,2.0482,-0.092468,0
-0.02121,-0.010834,0.098877,2.7309,-0.10559,0
-0.027161,-0.0091553,0.11169,2.5033,-0.13153,0
-0.033417,0.00015259,0.12939,2.2757,-0.15808,0
-0.028534,0.0059509,0.12756,2.5033,-0.17365,0
-0.017395,0.0048828,0.11169,1.8206,-0.17273,0
-0.014191,0,0.085907,2.2757,-0.16113,0
-0.023651,-0.010681,0.055847,1.5931,-0.15045,0
-0.032043,-0.027924,0.01709,2.0482,-0.14587,0
-0.035248,-0.046997,-0.02121,2.5033,-0.14862,0
-0.031586,-0.055084,-0.033417,2.5033,-0.15411,0
-0.024872,-0.045471,-0.0099182,2.2757,-0.15411,0
-0.014954,-0.027618,0.023804,1.8206,-0.14801,0
-0.0036621,-0.014343,0.03418,2.2757,-0.13428,0
0.0076294,-0.0094604,0.018311,1.5931,-0.1178,0
0.01358,-0.0086975,-0.00030518,2.0482,-0.10284,0
0.011444,-0.011902,-0.0035095,2.0482,-0.088501,0
0.0033569,-0.011749,-0.00015259,2.0482,-0.077209,0
-0.0041199,-0.0065613,0.009613,1.3655,-0.069885,0
-0.0093079,0.0016785,0.028839,1.8206,-0.063171,0
-0.0097656,0.0079346,0.06012,1.8206,-0.062256,0
-0.00091553,0.0088501,0.08667,1.8206,-0.064392,0
0.01236,0.0099182,0.097046,2.0482,-0.065918,0
0.0177,0.015106,0.095673,1.8206,-0.063782,0
0.018768,0.02243,0.079956,1.1379,-0.058289,0
0.014343,0.035858,0.059967,2.7309,-0.055847,0
0.0054932,0.050507,0.058746,2.2757,-0.056458,0
-0.00015259,0.062561,0.062866,2.2757,-0.062256,0
0.00030518,0.074005,0.069122,2.0482,-0.070496,0
0.0059509,0.085907,0.088043,2.5033,-0.080566,0
0.017548,0.094757,0.10544,2.5033,-0.083618,0
0.035095,0.093384,0.11368,2.7309,-0.082397,0
0.055542,0.083771,0.10635,2.9584,-0.078735,0
0.076294,0.072174,0.096893,2.7309,-0.073547,0
0.08728,0.057678,0.089874,2.5033,-0.072021,0
0.083618,0.038757,0.077362,2.0482,-0.072327,0
0.066986,0.019226,0.061646,2.5033,-0.074158,0
0.045776,0.0064087,0.04425,2.9584,-0.074463,0
0.036774,-0.010681,0.022583,2.7309,-0.070496,0
0.039062,-0.026398,0.0018311,2.2757,-0.063782,0
0.040588,-0.032959,-0.021057,2.2757,-0.056763,0
0.043945,-0.038605,-0.044708,2.0482,-0.050049,0
0.052948,-0.046997,-0.063934,2.0482,-0.047913,0
0.061188,-0.062103,-0.081177,2.0482,-0.048828,0
0.063171,-0.068665,-0.079956,2.5033,-0.050354,0
0.059814,-0.059357,-0.044556,2.2757,-0.051575,0
0.049133,-0.04364,0.010071,1.8206,-0.052795,0
0.039825,-0.027466,0.065613,2.0482,-0.052185,0
0.036163,-0.013428,0.11292,2.0482,-0.054932,0
0.031281,-0.011139,0.12939,2.0482,-0.06012,0
0.021973,-0.018921,0.11765,2.2757,-0.065613,0
0.0093079,-0.030365,0.10529,1.5931,-0.071106,0
-0.00091553,-0.032959,0.095825,1.8206,-0.074768,0
-0.0013733,-0.024872,0.099182,1.8206,-0.075684,0
-0.00076294,-0.020142,0.11108,1.3655,-0.073242,0
-0.012054,-0.023499,0.11047,2.2757,-0.067444,0
-0.03067,-0.023804,0.086517,2.2757,-0.060425,0
-0.048065,-0.017853,0.065918,2.2757,-0.052795,0
-0.059357,-0.013275,0.057373,2.7309,-0.046387,0
-0.071411,-0.017548,0.04837,2.2757,-0.037231,0
-0.079346,-0.019073,0.041809,2.2757,-0.031738,0
-0.075073,-0.017395,0.041504,2.2757,-0.026245,0
-0.056763,-0.016327,0.050354,2.7309,-0.021667,0
-0.028381,-0.0097656,0.068665,2.2757,-0.016785,0
0.0042725,-0.0039673,0.093231,2.5033,-0.014038,0
0.033569,-0.0018311,0.11169,2.0482,-0.012817,0
0.050812,-0.0027466,0.12299,1.3655,-0.012512,0
0.055237,-0.00091553,0.13153,2.5033,-0.010986,0
0.048523,-0.0042725,0.12863,2.7309,-0.0039673,0
0.032806,-0.013733,0.10773,2.0482,0.0076294,0
0.011749,-0.023651,0.079193,2.2757,0.023804,0
-0.0083923,-0.023499,0.06485,2.2757,0.041199,0
-0.029755,-0.015259,0.072021,2.2757,0.056458,0
-0.04715,-0.0059509,0.075989,2.5033,0.074463,0
-0.05722,0.0012207,0.066071,2.5033,0.088501,0
-0.052795,0.0076294,0.059204,2.9584,0.1004,0
-0.038757,0.02121,0.061951,2.2757,0.10742,0
-0.025482,0.036163,0.058594,2.2757,0.10895,0
-0.021667,0.047607,0.050507,2.9584,0.10681,0
-0.021973,0.061188,0.043335,2.2757,0.10345,0
-0.0079346,0.075226,0.035706,2.7309,0.10132,0
0.01709,0.081635,0.03067,2.9584,0.099182,0
0.035095,0.079041,0.026398,2.0482,0.09613,0
0.039062,0.072479,0.0099182,1.5931,0.090332,0
0.040131,0.063324,-0.0085449,1.8206,0.080566,0
0.047302,0.050507,-0.020599,2.0482,0.073547,0
0.050812,0.032959,-0.031281,1.8206,0.065613,0
0.046234,0.0090027,-0.058136,2.0482,0.056458,0
0.040131,-0.010834,-0.085602,2.0482,0.046997,0
0.031738,-0.022736,-0.086517,2.5033,0.035706,0
0.0045776,-0.036926,-0.056915,2.2757,0.026245,0
-0.029144,-0.046997,-0.010681,2.9584,0.020447,0
-0.034943,-0.049286,0.011139,2.9584,0.018921,0
-0.024567,-0.05127,-0.0093079,2.0482,0.021362,0
-0.014038,-0.048828,-0.04364,1.8206,0.026855,0
-0.0053406,-0.034332,-0.050812,2.0482,0.029297,0
0.0024414,-0.013885,-0.034027,2.7309,0.028687,0
0.01236,0.0021362,-0.019073,1.8206,0.02594,0
0.024261,0.015259,-0.0057983,2.5033,0.020142,0
0.032501,0.033417,0.018158,1.5931,0.011292,0
0.041504,0.045319,0.036926,1.8206,0.0018311,0
0.054779,0.049133,0.018463,2.7309,-0.0076294,0
0.057831,0.051575,-0.021515,2.9584,-0.016479,0
0.044556,0.057831,-0.051727,2.5033,-0.022888,0
0.030365,0.062256,-0.070801,2.9584,-0.028076,0
0.023499,0.056305,-0.086212,2.7309,-0.03479,0
0.019684,0.040436,-0.0914,2.5033,-0.041809,0
0.010681,0.027618,-0.077362,2.5033,-0.048218,0
0.00015259,0.021515,-0.043793,2.7309,-0.053406,0
-0.0047302,0.012665,-0.023041,2.7309,-0.059509,0
-0.011902,-0.0019836,-0.036163,3.4135,-0.066833,0
-0.030975,-0.012054,-0.04364,2.5033,-0.073853,0
-0.055542,-0.014343,-0.027161,2.7309,-0.079651,0
-0.080872,-0.016174,-0.025787,2.5033,-0.085144,0
-0.10071,-0.020447,-0.045471,2.0482,-0.091248,0
-0.11093,-0.018158,-0.052795,2.5033,-0.099182,0
-0.10651,-0.0079346,-0.04364,2.7309,-0.10712,0
-0.09079,-0.0016785,-0.033264,1.8206,-0.1178,0
-0.076141,-0.0088501,-0.020905,2.2757,-0.12665,0
-0.059814,-0.02243,-0.004425,2.0482,-0.13428,0
-0.036011,-0.033112,0.0090027,2.0482,-0.13794,0
-0.0082397,-0.047913,-0.020599,2.0482,-0.14069,0
0.012665,-0.057068,-0.08255,2.5033,-0.14435,0
0.018158,-0.053711,-0.11093,2.5033,-0.14984,0
0.014343,-0.043945,-0.096741,2.5033,-0.15625,0
0.0074768,-0.036163,-0.062408,2.5033,-0.16327,0
0.0015259,-0.029144,-0.040741,2.7309,-0.17303,0
-0.0013733,-0.024872,-0.027466,1.8206,-0.18463,0
-0.0073242,-0.018768,-0.012817,1.3655,-0.19836,0
-0.016479,-0.0076294,0.00061035,1.5931,-0.20874,0
-0.025482,0.005188,0.014191,1.5931,-0.21606,0
-0.029144,0.0097656,0.017853,2.2757,-0.22369,0
-0.035858,0.0073242,0.0091553,2.0482,-0.22705,0
-0.047302,0.0045776,-0.012817,1.5931,-0.23102,0
-0.058899,0.0048828,-0.041046,2.5033,-0.23254,0
-0.068817,0.0048828,-0.054321,1.5931,-0.2301,0
-0.071564,-0.00091553,-0.04837,2.2757,-0.22675,0
-0.067139,-0.0079346,-0.040131,2.2757,-0.21759,0
-0.062256,-0.01297,-0.020752,2.5033,-0.21057,0
-0.056458,-0.016785,0.01236,2.0482,-0.20477,0
-0.050049,-0.020142,0.041809,1.8206,-0.20386,0
-0.046844,-0.019531,0.061951,2.0482,-0.20996,0
-0.048218,-0.025635,0.068512,2.5033,-0.2182,0
-0.050507,-0.035248,0.067291,1.8206,-0.22583,0
-0.045929,-0.033569,0.06134,2.2757,-0.23132,0
-0.035553,-0.019684,0.054169,2.7309,-0.22858,0
-0.018616,-0.0080872,0.037842,2.5033,-0.21942,0
0.00030518,0.0016785,0.016785,2.5033,-0.21057,0
0.018158,0.0082397,0.0099182,2.7309,-0.2066,0
0.034943,0.013428,0.0083923,2.9584,-0.20935,0
0.051422,0.019226,0.00045776,2.7309,-0.21515,0
0.072479,0.019379,-0.00076294,2.5033,-0.22186,0
0.096588,0.019684,0.029297,2.2757,-0.22675,0
0.12009,0.021362,0.070953,2.2757,-0.22797,0
0.13763,0.017548,0.07309,2.0482,-0.22736,0
0.14664,0.010834,0.038147,2.2757,-0.22369,0
0.13702,0.0036621,0.0059509,1.8206,-0.22186,0
0.11444,-0.0032043,-0.021515,2.7309,-0.22003,0
0.089111,-0.0056458,-0.062714,2.7309,-0.22125,0
0.059204,0.0013733,-0.093079,2.5033,-0.22125,0
0.031891,0.018311,-0.088196,3.186,-0.21851,0
0.018768,0.030975,-0.059967,2.9584,-0.21423,0
0.018311,0.037231,-0.014801,2.7309,-0.20721,0
0.026245,0.034332,0.031738,2.5033,-0.20142,0
0.03067,0.020447,0.058746,2.2757,-0.20081,0
0.021973,0.004425,0.064545,2.2757,-0.2002,0
0.0039673,-0.011749,0.071259,2.5033,-0.19989,0
-0.015259,-0.028839,0.078125,2.2757,-0.19653,0
-0.021973,-0.042877,0.078583,2.0482,-0.19379,0
-0.015564,-0.047607,0.073395,2.0482,-0.19104,0
-0.0032043,-0.043182,0.062408,2.0482,-0.18799,0
0.014801,-0.030823,0.056305,2.0482,-0.18646,0
0.027771,-0.017548,0.042267,2.5033,-0.18066,0
0.030212,-0.01236,0.023651,2.2757,-0.17639,0
0.033722,-0.0093079,0.02243,1.8206,-0.17059,0
0.035858,0.0016785,0.063782,2.0482,-0.16541,0
0.022736,0.018005,0.11978,2.2757,-0.15747,0
0.0035095,0.034637,0.16754,1.8206,-0.14618,0
-0.0059509,0.042114,0.18997,2.2757,-0.13336,0
0.0018311,0.036774,0.17044,2.0482,-0.12299,0
0.013275,0.023804,0.12009,2.0482,-0.11719,0
0.0083923,0.0032043,0.059357,2.0482,-0.11963,0
-0.0080872,-0.015869,0.0064087,2.7309,-0.12482,0
-0.022583,-0.028839,-0.014496,2.7309,-0.13184,0
-0.029907,-0.035858,-0.015106,2.5033,-0.13855,0
-0.03067,-0.036316,-0.013885,2.5033,-0.14313,0
-0.026093,-0.031281,-0.016479,2.2757,-0.14618,0
-0.017395,-0.02121,-0.0065613,2.2757,-0.14893,0
-0.015411,-0.010071,0.022888,2.0482,-0.14801,0
-0.022583,-0.007782,0.048065,2.2757,-0.14557,0
-0.024109,-0.011444,0.044861,2.0482,-0.14038,0
-0.021973,-0.011902,0.014801,2.7309,-0.13428,0
-0.025024,-0.0085449,-0.02655,2.2757,-0.13031,0
-0.02243,-0.00061035,-0.04715,2.5033,-0.13031,0
-0.015717,0.011749,-0.04776,2.2757,-0.13062,0
-0.012512,0.022888,-0.044708,2.7309,-0.12878,0
-0.011292,0.028534,-0.049744,2.0482,-0.12329,0
-0.012665,0.02655,-0.048065,2.5033,-0.11505,0
-0.014191,0.020905,-0.03006,2.0482,-0.10681,0
-0.0083923,0.015106,-0.013275,1.8206,-0.10132,0
0.0088501,0.007019,-0.0059509,2.0482,-0.098877,0
0.027008,0.00045776,-0.011444,2.7309,-0.098267,0
0.035553,-0.0061035,-0.030823,2.2757,-0.09613,0
0.032959,-0.011749,-0.058594,2.7309,-0.093689,0
0.022736,-0.013428,-0.09201,2.2757,-0.090637,0
0.014648,-0.0093079,-0.11017,1.8206,-0.089111,0
0.0086975,-0.0039673,-0.095062,2.0482,-0.089417,0
0.00061035,0.0027466,-0.055847,2.0482,-0.087585,0
-0.0022888,0.011292,-0.024109,1.8206,-0.08606,0
-0.0039673,0.020905,-0.0015259,1.8206,-0.082703,0
-0.011597,0.027313,0.0065613,2.0482,-0.079041,0
-0.02533,0.032043,0.0059509,1.8206,-0.074158,0
-0.028687,0.033875,0.0036621,1.1379,-0.068054,0
-0.024872,0.035248,0.0059509,2.2757,-0.062256,0
-0.020905,0.042267,0.024109,2.2757,-0.058289,0
-0.012665,0.044708,0.03891,1.8206,-0.055237,0
-0.004425,0.041962,0.038147,2.0482,-0.054016,0
0.00091553,0.040283,0.019226,2.7309,-0.050049,0
0.0030518,0.044556,0.0050354,2.0482,-0.045166,0
0.0033569,0.049438,-0.0073242,2.5033,-0.038147,0
0.007782,0.04837,-0.026703,1.8206,-0.032959,0
0.01358,0.044861,-0.041046,1.8206,-0.027161,0
0.012054,0.048828,-0.029449,2.5033,-0.022278,0
0.0039673,0.056,-0.0018311,2.0482,-0.0177,0
-0.0035095,0.059052,0.019989,1.8206,-0.013733,0
-0.0079346,0.059509,0.041809,2.0482,-0.014038,0
-0.011444,0.054016,0.050507,2.5033,-0.014954,0
-0.0093079,0.039825,0.024719,2.7309,-0.016785,0
0.0022888,0.013428,-0.016632,2.7309,-0.019531,0
0.016785,-0.0082397,-0.040131,3.186,-0.022583,0
0.032349,-0.02655,-0.039825,2.5033,-0.026245,0
0.047302,-0.048676,-0.046234,2.0482,-0.028687,0
0.055084,-0.074615,-0.067596,2.0482,-0.030518,0
0.056305,-0.083466,-0.059357,1.5931,-0.032654,0
0.058594,-0.070038,-0.018616,1.5931,-0.033875,0
0.059204,-0.053253,0.010834,2.5033,-0.036011,0
0.051117,-0.043945,0.00076294,2.2757,-0.037842,0
0.045471,-0.041199,-0.023499,2.9584,-0.039368,0
0.046082,-0.037842,-0.038147,2.7309,-0.038147,0
0.042267,-0.035706,-0.036163,2.0482,-0.032349,0
0.029144,-0.024719,-0.011597,2.5033,-0.02533,0
0.013428,-0.010834,0.038605,2.2757,-0.016785,0
0.0012207,-0.0073242,0.096893,2.2757,-0.0091553,0
-0.0054932,-0.015717,0.12146,2.7309,-0.0018311,0
-0.0082397,-0.028381,0.088348,2.0482,0.005188,0
-0.010529,-0.040436,0.021057,1.8206,0.012817,0
-0.011292,-0.051422,-0.033264,1.8206,0.018616,0
-0.0085449,-0.059509,-0.05661,2.2757,0.023499,0
-0.0053406,-0.05722,-0.0737,2.0482,0.029602,0
-0.00030518,-0.040741,-0.092316,2.0482,0.0354,0
0.0080872,-0.023956,-0.091553,2.2757,0.042725,0
0.022888,-0.019073,-0.075226,2.0482,0.049744,0
0.040741,-0.026703,-0.063629,2.5033,0.054016,0
0.053711,-0.031738,-0.047302,2.7309,0.054016,0
0.05249,-0.035248,-0.016632,1.8206,0.052795,0
0.033264,-0.039062,0.00061035,2.5033,0.052185,0
0.005188,-0.048065,0.010223,2.0482,0.055237,0
-0.021515,-0.045624,0.037384,2.0482,0.063477,0
-0.04715,-0.02533,0.066986,2.0482,0.06958,0
-0.060425,-0.00061035,0.084229,1.8206,0.074463,0
-0.058289,0.016022,0.073853,2.2757,0.075073,0
-0.052948,0.019684,0.070496,1.5931,0.069275,0
-0.056915,0.03067,0.095367,1.5931,0.060425,0
-0.068359,0.049744,0.12756,2.2757,0.046082,0
-0.07782,0.065308,0.13245,2.9584,0.030823,0
-0.078888,0.070953,0.10788,2.2757,0.020752,0
-0.071869,0.068665,0.074005,1.8206,0.015564,0
-0.051575,0.064697,0.044708,1.8206,0.012207,0
-0.024872,0.068817,0.029449,2.2757,0.013733,0
-0.011292,0.082245,0.040283,2.2757,0.012512,0
-0.0041199,0.1004,0.073395,2.7309,0.0076294,0
-0.0022888,0.11551,0.1088,2.9584,0.00030518,0
-0.0047302,0.10941,0.11093,2.7309,-0.0042725,0
-0.0064087,0.092773,0.089569,2.5033,-0.0039673,0
-0.0053406,0.078888,0.073242,2.9584,0.00061035,0
-0.0016785,0.063477,0.06073,2.5033,0.0097656,0
0.0053406,0.035858,0.049286,2.7309,0.018005,0
0.009613,-0.0035095,0.039368,2.5033,0.022278,0
0.0071716,-0.05127,0.016174,2.5033,0.020752,0
-0.00076294,-0.091095,-0.024567,2.2757,0.015259,0
-0.0083923,-0.11124,-0.066986,2.5033,0.011902,0
-0.0013733,-0.11978,-0.090179,2.5033,0.012207,0
0.021515,-0.12619,-0.10086,2.7309,0.01709,0
0.042267,-0.12177,-0.094299,2.7309,0.023499,0
0.048981,-0.09613,-0.054626,2.0482,0.027161,0
0.039978,-0.060425,-0.014801,2.2757,0.023499,0
0.020294,-0.038452,-0.010986,2.2757,0.014954,0
0.0035095,-0.030212,-0.018311,2.0482,0.0073242,0
-0.0022888,-0.028687,-0.0042725,2.0482,0.0015259,0
-0.013733,-0.027008,0.011902,0.91037,0.0048828,0
-0.031281,-0.028076,0.007782,2.0482,0.0088501,0
-0.041656,-0.033417,-0.024719,2.2757,0.011292,0
-0.039368,-0.041046,-0.068512,1.5931,0.0094604,0
-0.036316,-0.036774,-0.10056,2.2757,0.0067139,0
-0.043488,-0.020599,-0.10559,1.8206,0.0018311,0
-0.056305,-0.005188,-0.078735,1.8206,0,0
-0.057678,0.0062561,-0.041962,2.5033,-0.0033569,0
-0.049896,0.018921,-0.012054,1.8206,-0.0079346,0
-0.046234,0.025787,0.0062561,2.2757,-0.014343,0
-0.047607,0.027618,0.010681,2.2757,-0.020142,0
-0.04715,0.029144,0.0028992,2.0482,-0.02594,0
-0.035095,0.025024,0.00030518,1.8206,-0.032349,0
-0.010834,0.0177,0.0073242,2.2757,-0.040588,0
0.023193,0.023499,0.016937,2.0482,-0.050354,0
0.05722,0.035706,0.02594,1.5931,-0.06012,0
0.081635,0.046997,0.022736,2.2757,-0.069275,0
0.098877,0.046387,0.018616,2.2757,-0.079041,0
0.103,0.032654,0.014648,2.2757,-0.085754,0
0.091248,0.013733,-0.0041199,2.2757,-0.089722,0
0.072021,-0.0071716,-0.035248,2.0482,-0.091248,0
0.051575,-0.027618,-0.060577,2.9584,-0.089111,0
0.026855,-0.041046,-0.057526,2.7309,-0.085144,0
0.0094604,-0.049744,-0.018005,2.7309,-0.081177,0
0.0021362,-0.051117,0.023041,2.9584,-0.078125,0
-0.0038147,-0.046387,0.04776,2.0482,-0.075989,0
-0.011292,-0.040741,0.052795,2.2757,-0.06897,0
-0.018463,-0.034332,0.045471,2.2757,-0.057068,0
-0.028229,-0.03418,0.025787,2.0482,-0.042725,0
-0.03891,-0.030365,0.011292,1.8206,-0.030518,0
-0.043182,-0.016479,0.014343,2.7309,-0.020142,0
-0.034027,-0.0027466,0.01358,2.5033,-0.0097656,0
-0.014801,0.0024414,-0.0059509,2.7309,-0.0030518,0
-0.0013733,0.0042725,-0.036926,2.9584,0.0024414,0
0.00045776,-0.0039673,-0.077515,2.2757,0.0039673,0
-0.0047302,-0.013885,-0.11185,2.7309,0.005188,0
-0.011749,-0.0177,-0.1059,2.0482,0.0030518,0
-0.016327,-0.012665,-0.068054,1.8206,-0.00061035,0
-0.018616,-0.0054932,-0.027466,2.2757,-0.007019,0
-0.020905,-0.0050354,-0.013885,2.2757,-0.01709,0
-0.018921,-0.0013733,-0.027008,1.3655,-0.02594,0
-0.014191,0.0045776,-0.040588,1.5931,-0.036011,0
-0.011902,0.0088501,-0.043335,1.3655,-0.04425,0
-0.011292,0.011139,-0.032501,2.0482,-0.046692,0
-0.0091553,0.018005,-0.014343,1.8206,-0.041504,0
-0.002594,0.021667,-0.014648,2.2757,-0.027466,0
0.0056458,0.019836,-0.02121,2.0482,-0.018921,0
0.010986,0.021362,-0.0045776,2.0482,-0.02655,0
0.0071716,0.022125,0.023346,2.0482,-0.044556,0
0.0035095,0.02243,0.045319,1.3655,-0.056763,0
0.0033569,0.015869,0.051727,1.8206,-0.054016,0
0.0035095,0.0033569,0.026855,2.0482,-0.039673,0
0.0056458,-0.0024414,0.015564,2.2757,-0.022583,0
0.0065613,0.0030518,0.031738,2.5033,-0.013123,0
0.0062561,0.0088501,0.032959,2.2757,-0.014038,0
0.0050354,0.015259,0.017395,2.5033,-0.021973,0
0.0045776,0.020447,0.00076294,2.5033,-0.029907,0
0.0036621,0.022125,-0.026855,1.3655,-0.031738,0
0.0030518,0.02121,-0.057983,2.5033,-0.03418,0
0.0062561,0.017242,-0.084839,2.5033,-0.039978,0
0.011292,0.014191,-0.10651,2.2757,-0.048523,0
0.011292,0.014343,-0.11246,2.7309,-0.057068,0
0.0099182,0.015411,-0.10635,2.5033,-0.061951,0
0.010681,0.016937,-0.10132,2.0482,-0.061035,0
0.01236,0.022125,-0.083466,3.186,-0.06012,0
0.010376,0.022736,-0.042419,2.0482,-0.06134,0
0.0059509,0.023346,0.018158,2.7309,-0.06897,0
0.0028992,0.024109,0.067749,2.5033,-0.080261,0
-0.0033569,0.020294,0.08316,2.7309,-0.088196,0
-0.011139,0.014954,0.06485,2.0482,-0.087585,0
-0.015411,0.011597,0.040588,2.2757,-0.07782,0
-0.013885,0.0086975,0.03479,2.2757,-0.065308,0
-0.0097656,0.0048828,0.044556,2.2757,-0.057373,0
-0.0079346,0.00045776,0.066833,2.5033,-0.059814,0
-0.0064087,-0.0010681,0.07309,2.9584,-0.064087,0
-0.00061035,0.0012207,0.055695,2.7309,-0.067444,0
0.0059509,0.0042725,0.032196,2.7309,-0.062561,0
0.011749,0.005188,0.016174,2.0482,-0.050659,0
0.010529,0.0039673,0.011597,1.5931,-0.037231,0
0.0062561,0.0032043,0.023956,2.0482,-0.025635,0
0.0038147,0.0056458,0.048981,2.0482,-0.016479,0
0.002594,0.0012207,0.068359,1.8206,-0.011292,0
0.0019836,-0.0065613,0.076141,1.8206,-0.0079346,0
0.00030518,-0.011902,0.075684,2.0482,-0.011597,0
-0.0041199,-0.011139,0.066223,2.0482,-0.016479,0
-0.007019,-0.0097656,0.04837,1.8206,-0.019226,0
-0.0056458,-0.010223,0.031738,2.7309,-0.011292,0
-0.00045776,-0.0080872,0.015411,2.0482,0.0057983,0
0.0016785,-0.0022888,0.0074768,2.2757,0.028687,0
0.0042725,0.00015259,0.0064087,2.2757,0.049744,0
0.0073242,0.00045776,0.0082397,2.7309,0.062561,0
0.011597,-0.00061035,0.018768,2.0482,0.067749,0
0.016174,-0.004425,0.02243,1.3655,0.066528,0
0.020752,-0.0079346,0.0062561,1.5931,0.062561,0
0.022125,-0.012207,-0.030975,2.0482,0.059509,0
0.019073,-0.018005,-0.071869,2.2757,0.057068,0
0.014954,-0.019073,-0.087738,2.5033,0.054321,0
0.011292,-0.014191,-0.072937,2.2757,0.052185,0
0.0062561,-0.0057983,-0.037537,2.5033,0.05127,0
-0.00045776,-0.0019836,0.00076294,2.5033,0.051575,0
-0.010681,0.0028992,0.019226,2.2757,0.055237,0
-0.018921,0.0085449,0.015717,2.2757,0.059509,0
-0.019226,0.016022,-0.0015259,2.5033,0.06073,0
-0.015411,0.017548,-0.014038,2.5033,0.06073,0
-0.010986,0.012665,-0.0093079,2.2757,0.058594,0
-0.010223,0.016632,0.012207,2.5033,0.053101,0
-0.013428,0.030212,0.042267,2.5033,0.046997,0
-0.015106,0.038757,0.070343,1.5931,0.038147,0
-0.015259,0.034637,0.079193,2.5033,0.027466,0
-0.014191,0.027618,0.06134,2.5033,0.019531,0
-0.0097656,0.019226,0.034485,2.5033,0.014038,0
-0.0054932,0.0082397,0.00015259,2.2757,0.0097656,0
-0.0038147,-0.0016785,-0.026398,2.5033,0.0024414,0
-0.00076294,-0.0061035,-0.028839,2.2757,-0.007019,0
0.0024414,-0.0083923,-0.012512,2.7309,-0.016174,0
0.0053406,-0.0086975,0.011444,2.7309,-0.026245,0
0.0068665,-0.0042725,0.036774,1.8206,-0.035706,0
0.007019,0.00045776,0.042267,1.1379,-0.04364,0
0.0080872,-0.0035095,0.025635,2.0482,-0.049438,0
0.0057983,-0.0074768,0.02182,1.8206,-0.053101,0
0.0038147,-0.01358,0.013428,2.5033,-0.052185,0
0.0082397,-0.020294,-0.0082397,2.2757,-0.047607,0
0.013885,-0.020447,-0.016327,2.0482,-0.040894,0
0.016632,-0.019073,-0.019073,2.2757,-0.030823,0
0.018921,-0.016937,-0.019073,2.5033,-0.021362,0
0.022583,-0.010529,-0.00061035,1.8206,-0.014343,0
0.021973,-0.0076294,0.033569,1.5931,-0.0088501,0
0.018311,-0.012665,0.066833,1.8206,-0.0079346,0
0.01709,-0.017242,0.069275,1.8206,-0.0079346,0
0.017242,-0.01709,0.062103,2.5033,-0.0015259,0
0.017853,-0.015106,0.066833,2.2757,0.011292,0
0.017395,-0.012512,0.06424,1.1379,0.029297,0
0.017548,-0.0085449,0.039978,2.0482,0.044861,0
0.013885,-0.010223,0.016174,1.8206,0.055847,0
0.010986,-0.012512,0.012817,2.2757,0.059509,0
0.011749,-0.013275,0.020599,2.5033,0.059509,0
0.013885,-0.0074768,0.040131,1.8206,0.061951,0
0.016174,-0.0047302,0.067139,2.2757,0.069275,0
0.015564,-0.0024414,0.079803,1.8206,0.081177,0
0.015564,-0.0016785,0.071564,2.5033,0.090942,0
0.014954,-0.0013733,0.073853,2.5033,0.097351,0
0.011597,0,0.092621,2.7309,0.097046,0
0.0083923,0.00045776,0.10788,2.7309,0.093689,0
0.0068665,-0.0021362,0.093842,3.186,0.087891,0
0.0067139,-0.010071,0.060425,2.7309,0.08606,0
0.0067139,-0.017853,0.039368,2.7309,0.086975,0
0.0073242,-0.022125,0.025024,2.5033,0.089111,0
0.0073242,-0.023804,0.0071716,2.0482,0.090332,0
0.0054932,-0.022278,-0.019531,2.7309,0.086975,0
0.0053406,-0.022888,-0.046844,2.5033,0.079651,0
0.0085449,-0.016785,-0.048676,2.0482,0.074158,0
0.0099182,-0.004425,-0.028381,2.5033,0.073853,0
0.0056458,0.015411,-0.0019836,2.5033,0.079651,0
-0.00091553,0.037842,0.014954,2.5033,0.084534,0
-0.0042725,0.059662,0.03006,2.9584,0.084229,0
-0.0053406,0.074158,0.049133,2.7309,0.078735,0
-0.0059509,0.079956,0.059509,2.5033,0.069885,0
-0.0064087,0.078125,0.063477,2.7309,0.062256,0
-0.0039673,0.071869,0.068207,2.2757,0.057373,0
0.0015259,0.06012,0.05722,2.2757,0.056763,0
0.0038147,0.044403,0.021973,2.0482,0.058899,0
0.0016785,0.02243,-0.018768,2.2757,0.06073,0
-0.00091553,-0.00015259,-0.045471,1.5931,0.057373,0
0.00076294,-0.030212,-0.06012,2.2757,0.046082,0
0.0053406,-0.06424,-0.076752,2.0482,0.030212,0
0.0080872,-0.079803,-0.10635,2.5033,0.012817,0
0.009613,-0.066376,-0.10864,2.0482,-0.00030518,0
0.011139,-0.027161,-0.066681,2.0482,-0.0076294,0
0.014191,0.014343,-0.0090027,2.0482,-0.0097656,0
0.018616,0.039215,0.032501,2.5033,-0.011597,0
0.018921,0.044708,0.049438,2.0482,-0.017395,0
0.015411,0.040436,0.047302,2.0482,-0.026245,0
0.010071,0.035248,0.039062,2.2757,-0.038147,0
0.0047302,0.036011,0.030975,1.5931,-0.05127,0
0.00091553,0.037689,0.034485,2.7309,-0.061035,0
-0.0019836,0.021667,0.040283,2.2757,-0.067444,0
-0.007019,-0.0099182,0.023651,2.7309,-0.072937,0
-0.010529,-0.03891,-0.0015259,2.0482,-0.078125,0
-0.0086975,-0.058289,0.0016785,2.0482,-0.081482,0
-0.0093079,-0.070801,0.010834,2.5033,-0.081787,0
-0.011139,-0.07843,0.0080872,2.7309,-0.079041,0
-0.0099182,-0.087738,-0.00045776,2.5033,-0.077515,0
-0.0097656,-0.097809,-0.0054932,2.7309,-0.076904,0
-0.012665,-0.09903,0.00045776,1.8206,-0.076599,0
-0.019836,-0.085907,0.010834,2.2757,-0.079651,0
-0.029144,-0.067139,0.019836,1.8206,-0.079041,0
-0.03479,-0.05661,0.025177,2.2757,-0.068665,0
-0.037689,-0.049591,0.016479,2.7309,-0.056458,0
-0.03418,-0.034027,0.0082397,2.0482,-0.044556,0
-0.024109,-0.013123,0.028687,2.2757,-0.03418,0
-0.013275,0.011597,0.058289,2.7309,-0.028076,0
-0.0054932,0.032043,0.068817,2.5033,-0.022278,0
-0.0033569,0.04776,0.070038,2.2757,-0.013733,0
-0.00091553,0.056305,0.058441,2.0482,-0.00091553,0
0.0032043,0.054016,0.019836,2.7309,0.010681,0
0.0027466,0.038605,-0.02243,1.8206,0.021057,0
0.0032043,0.023346,-0.040436,2.0482,0.030823,0
0.0076294,0.013885,-0.012054,1.5931,0.036316,0
0.013885,0.0022888,0.022125,2.0482,0.046082,0
0.013733,-0.023651,0.030212,1.8206,0.057068,0
0.0059509,-0.061798,0.010834,1.3655,0.068054,0
-0.0027466,-0.08728,-0.0064087,2.2757,0.07782,0
-0.0054932,-0.084534,-0.0056458,1.3655,0.083618,0
-0.0045776,-0.065765,0.0018311,1.8206,0.086975,0
-0.0059509,-0.041656,0.011139,2.0482,0.092773,0
-0.0085449,-0.013733,0.026245,1.8206,0.10132,0
-0.0059509,0.009613,0.051575,1.8206,0.11047,0
0.00061035,0.0177,0.072937,1.8206,0.11902,0
0.005188,0.018005,0.08667,1.3655,0.1236,0
0.0047302,0.010071,0.08728,2.2757,0.1239,0
0.0018311,0.00030518,0.092163,2.2757,0.12268,0
0.0035095,-0.0062561,0.10681,2.0482,0.12146,0
0.0079346,-0.0048828,0.13245,2.2757,0.11902,0
0.010681,-0.0015259,0.15839,2.2757,0.11505,0
0.013733,0,0.17288,2.0482,0.10773,0
0.018158,-0.005188,0.16006,2.2757,0.099792,0
0.014038,-0.014496,0.1416,2.9584,0.090027,0
0.0038147,-0.019379,0.12741,2.7309,0.082397,0
-0.0018311,-0.016632,0.11047,2.7309,0.081177,0
-0.00045776,-0.01297,0.088501,2.5033,0.079956,0
0.00076294,-0.01297,0.079498,2.2757,0.078735,0
-0.0050354,-0.013885,0.097198,2.5033,0.077515,0
-0.0076294,-0.012665,0.12314,2.2757,0.077209,0
-0.00076294,-0.015106,0.12421,2.5033,0.076904,0
0.0064087,-0.015717,0.098724,2.5033,0.078735,0
0.0085449,-0.013275,0.069275,2.9584,0.078735,0
0.010529,-0.013123,0.0354,2.2757,0.078735,0
0.014038,-0.013733,-0.0079346,2.9584,0.077515,0
0.018921,-0.013885,-0.044403,2.2757,0.077515,0
0.024109,-0.010376,-0.046387,2.0482,0.080566,0
0.029449,-0.0030518,-0.0088501,2.0482,0.088196,0
0.03006,0.0045776,0.02594,2.0482,0.094299,0
0.025635,0.0062561,0.033112,2.0482,0.10345,0
0.017853,0.0059509,0.021667,2.7309,0.1123,0
0.0059509,0.0086975,0.020752,2.2757,0.1181,0
-0.0035095,0.0076294,0.031891,2.2757,0.12207,0
-0.012817,0.010986,0.044556,2.5033,0.12482,0
-0.024872,0.01709,0.054932,2.2757,0.12817,0
-0.030975,0.022583,0.072479,1.8206,0.13214,0
-0.026093,0.023193,0.10864,1.5931,0.1413,0
-0.018158,0.027161,0.14648,1.8206,0.15289,0
-0.014496,0.026703,0.16006,2.7309,0.16113,0
-0.0079346,0.023804,0.13718,1.3655,0.16357,0
0.002594,0.015106,0.085144,2.0482,0.15869,0
0.0097656,0.0039673,0.033264,1.8206,0.14679,0
0.013428,-0.0022888,0.005188,2.2757,0.13214,0
0.015411,-0.0038147,-0.0018311,1.5931,0.11566,0
0.019073,-0.0012207,-0.020752,2.2757,0.10681,0
0.023346,-0.0010681,-0.041351,2.2757,0.10254,0
0.027008,0.0015259,-0.050964,2.0482,0.10345,0
0.034332,0.0028992,-0.052032,2.5033,0.10376,0
0.040588,0.0033569,-0.038757,2.2757,0.099792,0
0.041199,0.0045776,-0.0071716,2.7309,0.092773,0
0.034485,0.010071,0.039368,1.3655,0.079041,0
0.022736,0.015411,0.071716,2.0482,0.064392,0
0.015717,0.015717,0.064545,2.5033,0.052185,0
0.017548,0.010986,0.033875,2.5033,0.046997,0
0.022125,0.011902,0.017395,1.8206,0.046082,0
0.022583,0.015869,0.016632,1.8206,0.045166,0
0.015411,0.019073,0.013275,2.0482,0.036926,0
0.002594,0.021667,0.00091553,2.2757,0.022583,0
-0.002594,0.022583,-0.028534,2.2757,0.0039673,0
-0.0088501,0.021362,-0.066376,2.0482,-0.014038,0
-0.024109,0.024719,-0.093079,2.9584,-0.030212,0
-0.042725,0.028534,-0.089569,2.5033,-0.042725,0
-0.052032,0.027008,-0.077209,2.5033,-0.050964,0
-0.048523,0.022583,-0.07019,2.5033,-0.057678,0
-0.041046,0.017395,-0.075684,2.5033,-0.061951,0
-0.035706,0.016022,-0.09552,3.186,-0.064392,0
-0.028992,0.013275,-0.12054,2.5033,-0.070801,0
-0.013123,0.0080872,-0.14999,2.7309,-0.080566,0
0.010376,0.0045776,-0.17456,2.0482,-0.092773,0
0.029449,0.0083923,-0.17685,2.7309,-0.097351,0
0.032043,0.016174,-0.14832,2.2757,-0.091553,0
0.024414,0.025787,-0.10315,1.8206,-0.080872,0
0.019684,0.03418,-0.063324,2.0482,-0.07019,0
0.013123,0.039825,-0.030823,1.3655,-0.06897,0
0.0019836,0.039062,-0.012665,1.1379,-0.072937,0
-0.0061035,0.033417,-0.0097656,2.2757,-0.077515,0
-0.0074768,0.028992,-0.014648,2.0482,-0.080872,0
0.00061035,0.022888,-0.023193,2.5033,-0.081177,0
0.010071,0.014801,-0.028381,2.2757,-0.081482,0
0.012512,0.0097656,-0.0177,1.5931,-0.081482,0
0.010986,0.012817,0.0054932,2.0482,-0.077209,0
0.011139,0.014343,0.020142,1.8206,-0.072021,0
0.012207,0.0088501,0.017395,2.2757,-0.071411,0
0.014648,-0.0062561,0.00076294,1.5931,-0.073242,0
0.01709,-0.023499,-0.027771,2.0482,-0.076599,0
0.014496,-0.036011,-0.047607,1.8206,-0.081482,0
0.0088501,-0.040131,-0.045471,0.91037,-0.084534,0
0.0048828,-0.031128,-0.023651,2.2757,-0.083313,0
0.0022888,-0.020599,0.0015259,2.5033,-0.073547,0
0.0019836,-0.0094604,0.016479,2.0482,-0.06073,0
0.002594,-0.0053406,0.0085449,1.8206,-0.047913,0
0.0030518,-0.010529,-0.010681,1.8206,-0.043945,0
0.0016785,-0.020599,-0.040894,1.3655,-0.046997,0
0.00061035,-0.025177,-0.069275,1.8206,-0.051575,0
-0.00015259,-0.020294,-0.079803,2.5033,-0.05127,0
-0.0053406,-0.015411,-0.069275,1.8206,-0.04303,0
-0.011292,-0.01358,-0.059814,2.0482,-0.033569,0
-0.014648,-0.007782,-0.073242,1.5931,-0.027771,0
-0.01709,-0.0048828,-0.083618,2.2757,-0.024109,0
-0.016937,-0.0086975,-0.080719,2.2757,-0.027161,0
-0.014648,-0.010529,-0.072784,2.9584,-0.033875,0
-0.010986,-0.0067139,-0.060577,2.7309,-0.041199,0
-0.0064087,-0.0033569,-0.042725,2.2757,-0.048218,0
0.00045776,-0.0022888,-0.032196,1.8206,-0.050049,0
0.0035095,-0.0018311,-0.032806,1.8206,-0.048218,0
-0.0030518,-0.0032043,-0.027924,2.5033,-0.044861,0
-0.014038,-0.0010681,0.00045776,2.2757,-0.042419,0
-0.020142,0.0016785,0.052338,2.2757,-0.045166,0
-0.022736,0.004425,0.10529,2.2757,-0.054016,0
-0.020294,0.012817,0.12512,2.5033,-0.065918,0
-0.016632,0.016937,0.10132,2.0482,-0.074463,0
-0.015106,0.014801,0.054932,2.2757,-0.079956,0
-0.015411,0.014954,0.014191,1.8206,-0.082703,0
-0.016022,0.01709,-0.0085449,2.0482,-0.082397,0
-0.018921,0.022278,0.0042725,1.8206,-0.084534,0
-0.023041,0.026245,0.029602,2.0482,-0.090637,0
-0.023651,0.026093,0.026855,2.2757,-0.10376,0
-0.019836,0.02533,0.0015259,2.0482,-0.11627,0
-0.013123,0.024109,-0.016022,1.8206,-0.12451,0
-0.0080872,0.025635,-0.0047302,0.91037,-0.12512,0
-0.0079346,0.022278,0.018768,1.1379,-0.12054,0
-0.0056458,0.014343,0.021515,1.8206,-0.11505,0
0.00030518,0.0064087,-0.0041199,2.0482,-0.11169,0
0.005188,0.0021362,-0.036469,2.0482,-0.11322,0
0.0079346,0.007019,-0.050049,2.0482,-0.11627,0
0.0064087,0.013123,-0.049286,2.5033,-0.12024,0
0.0061035,0.021362,-0.041809,2.0482,-0.11902,0
0.0091553,0.031891,-0.037384,2.2757,-0.10925,0
0.013123,0.033112,-0.040436,2.2757,-0.095825,0
0.012207,0.020447,-0.055084,2.0482,-0.083008,0
0.0073242,0.0053406,-0.067444,1.5931,-0.07782,0
0.0050354,0.002594,-0.063324,2.7309,-0.081787,0
0.0065613,0.01236,-0.049286,2.2757,-0.085754,0
0.0021362,0.025787,-0.025482,2.0482,-0.080566,0
-0.0019836,0.029755,0.0015259,2.2757,-0.061951,0
-0.005188,0.023956,0.0085449,2.2757,-0.03418,0
-0.0067139,0.018768,-0.002594,2.0482,-0.0076294,0
-0.0048828,0.027924,-0.016174,1.5931,0.012817,0
-0.00030518,0.06073,-0.0056458,1.8206,0.030212,0
0.0019836,0.094299,0.02533,2.7309,0.046387,0
-0.00061035,0.11246,0.04715,2.5033,0.053406,0
-0.0030518,0.12115,0.049744,2.2757,0.042114,0
-0.0013733,0.1239,0.0383,2.7309,0.025635,0
-0.0012207,0.11902,0.025024,1.5931,0.021362,0
-0.0027466,0.10818,0.021667,1.3655,0.028687,0
-0.0057983,0.088043,0.021973,2.5033,0.038147,0
-0.011444,0.054932,0.0086975,1.5931,0.046387,0
-0.018463,0.010376,-0.026703,2.2757,0.044861,0
-0.015106,-0.039215,-0.066986,2.2757,0.033264,0
0.0047302,-0.08255,-0.081024,1.8206,0.014038,0
0.02121,-0.1181,-0.080566,2.2757,-0.0057983,0
0.024872,-0.15335,-0.098724,2.5033,-0.013428,0
0.026855,-0.18539,-0.1416,1.8206,-0.0088501,0
0.030823,-0.19089,-0.17258,2.0482,0.00030518,0
0.038147,-0.16205,-0.14847,1.5931,0.0015259,0
0.037384,-0.1326,-0.089874,1.3655,-0.0091553,0
0.031738,-0.12604,-0.055084,1.8206,-0.031128,0
0.030975,-0.13016,-0.058136,1.3655,-0.054626,0
0.028839,-0.12466,-0.077515,2.5033,-0.067444,0
0.013275,-0.10513,-0.077057,2.0482,-0.071106,0
-0.0021362,-0.086517,-0.052643,2.0482,-0.06897,0
-0.0094604,-0.080261,-0.023956,1.8206,-0.065613,0
-0.010223,-0.081329,0.0050354,1.8206,-0.062561,0
-0.0068665,-0.080719,0.033264,2.0482,-0.058289,0
-0.0019836,-0.081482,0.06134,2.2757,-0.056458,0
0,-0.077515,0.07782,2.0482,-0.053101,0
-0.00091553,-0.067291,0.079346,1.5931,-0.047913,0
-0.0013733,-0.052948,0.071869,2.0482,-0.039673,0
-0.0038147,-0.042114,0.058746,2.0482,-0.024109,0
-0.0085449,-0.027771,0.048218,2.0482,-0.0061035,0
-0.0090027,-0.01297,0.045929,1.8206,0.0085449,0
-0.0045776,-0.0064087,0.040436,1.3655,0.020752,0
0.00061035,-0.0083923,0.023804,2.2757,0.027466,0
-0.00091553,-0.0093079,0.0028992,2.2757,0.031433,0
-0.0039673,-0.0079346,-0.014038,2.2757,0.037842,0
-0.0039673,-0.0065613,-0.016632,2.7309,0.049438,0
0.0010681,-0.0016785,-0.012665,2.5033,0.062561,0
0.0083923,0.0033569,-0.011292,2.7309,0.074463,0
0.010681,0.0038147,-0.015411,2.2757,0.080261,0
0.01236,0.0035095,-0.025024,2.2757,0.080566,0
0.018616,0.0062561,-0.035858,2.7309,0.081482,0
0.018463,0.007782,-0.036163,2.5033,0.085754,0
0.0094604,0.0094604,-0.032959,2.7309,0.091248,0
-0.00091553,0.0090027,-0.033417,2.0482,0.09552,0
-0.011139,0.0068665,-0.032501,2.5033,0.09491,0
-0.023651,0.0093079,-0.02655,2.2757,0.094604,0
-0.040588,0.013885,-0.024109,2.2757,0.098877,0
-0.056763,0.02121,-0.028534,2.5033,0.10529,0
-0.061646,0.026245,-0.029755,2.5033,0.11108,0
-0.058136,0.028992,-0.026245,1.1379,0.11536,0
-0.048065,0.029755,-0.027771,2.0482,0.11414,0
-0.033722,0.028381,-0.030518,1.3655,0.10956,0
-0.021667,0.025177,-0.026855,2.2757,0.10559,0
-0.010986,0.023193,-0.018158,2.0482,0.1059,0
0.0016785,0.025787,-0.012817,0.91037,0.10864,0
0.012207,0.027313,-0.014954,1.8206,0.11292,0
0.021362,0.027771,-0.018616,0.91037,0.11444,0
0.024872,0.024567,-0.027618,1.8206,0.10895,0
0.024109,0.024567,-0.034943,1.3655,0.095215,0
0.021057,0.02655,-0.031586,2.0482,0.079651,0
0.014648,0.025787,-0.027161,1.3655,0.06958,0
0.00015259,0.025635,-0.024261,1.3655,0.065308,0
-0.014496,0.029907,-0.0065613,1.3655,0.061646,0
-0.012665,0.036621,0.020294,1.3655,0.054932,0
-0.0028992,0.037842,0.049286,0.45525,0.04425,0
0.0041199,0.032806,0.056305,1.5931,0.03479,0
0.013733,0.024872,0.031891,1.8206,0.032654,0
0.024567,0.02243,0.0057983,2.2757,0.0354,0
0.027313,0.020294,-0.0038147,1.1379,0.040588,0
0.025177,0.012665,-0.010223,1.5931,0.039368,0
0.024567,0.0061035,-0.023499,2.0482,0.027466,0
0.025177,0.0074768,-0.023346,1.8206,0.010376,0
0.024567,0.0082397,-0.002594,1.8206,-0.0024414,0
0.021667,0.0085449,0.011902,2.7309,-0.0067139,0
0.012207,0.011139,0.0080872,2.5033,-0.0036621,0
-0.0013733,0.010834,0.007782,2.0482,0.0064087,0
-0.013885,0.0076294,0.03067,2.5033,0.014954,0
-0.023346,0.0076294,0.05249,2.0482,0.017395,0
-0.017853,0.012665,0.061798,2.0482,0.010986,0
0.0062561,0.019684,0.073853,2.7309,-0.0033569,0
0.01709,0.025635,0.086365,1.8206,-0.016785,0
0.019073,0.027618,0.081482,2.2757,-0.028687,0
0.015411,0.027771,0.056763,2.5033,-0.035095,0
0.012665,0.026245,0.036926,2.9584,-0.039978,0
0.010681,0.02533,0.035706,2.2757,-0.04303,0
0.0054932,0.02182,0.037079,2.2757,-0.040894,0
0.0012207,0.017242,0.021057,2.2757,-0.026245,0
0.0041199,0.014496,-0.0073242,2.5033,0,0
0.0071716,0.019073,-0.016022,2.5033,0.028992,0
0.0065613,0.019836,-0.0062561,2.0482,0.046692,0
0.0048828,0.0093079,-0.0021362,2.0482,0.044861,0
0.0056458,-0.0067139,-0.013123,1.5931,0.027161,0
0.010681,-0.018768,-0.032043,1.8206,0.0015259,0
0.01236,-0.023956,-0.028229,1.5931,-0.026245,0
0.009613,-0.014954,0.010986,1.8206,-0.056763,0
0.0074768,0,0.047455,1.8206,-0.081787,0
0.0067139,0.0065613,0.061493,2.5033,-0.10529,0
0.007782,0.0033569,0.057526,2.2757,-0.12573,0
0.009613,0.0030518,0.048523,2.2757,-0.14252,0
0.0048828,0.0012207,0.043488,2.0482,-0.15381,0
-0.0057983,-0.00076294,0.04776,2.5033,-0.15778,0
-0.015869,-0.00045776,0.056305,2.0482,-0.15594,0
-0.018921,-0.0015259,0.045929,1.3655,-0.14923,0
-0.022583,-0.010529,0.019531,0.91037,-0.14221,0
-0.024414,-0.015106,-0.0035095,0.68281,-0.1358,0
-0.019836,-0.013428,-0.007782,1.1379,-0.13,0
-0.01358,-0.0085449,0.0019836,1.8206,-0.12604,0
-0.007782,-0.0067139,0.013733,1.8206,-0.12604,0
-0.0035095,-0.0053406,0.0074768,1.8206,-0.13031,0
-0.004425,-0.0042725,-0.011292,2.7309,-0.13824,0
-0.0039673,-0.0042725,-0.027466,2.2757,-0.14313,0
-0.00076294,-0.0041199,-0.031128,2.7309,-0.13763,0
0.0018311,0.00045776,-0.016937,1.5931,-0.12024,0
-0.0013733,0.0041199,0.0073242,1.8206,-0.097351,0
-0.0059509,0.0036621,0.01709,1.8206,-0.079651,0
-0.0048828,0.0032043,0.016479,1.3655,-0.068665,0
0.0021362,0.0032043,0.020447,2.0482,-0.061646,0
0.0053406,0.0045776,0.022736,1.8206,-0.050659,0
0.0050354,0.0050354,0.012817,2.2757,-0.029907,0
0.0082397,0.0027466,0.00076294,2.5033,-0.0054932,0
0.014038,-0.00091553,-0.0054932,2.5033,0.014343,0
0.012207,-0.0039673,-0.0032043,2.2757,0.019531,0
0.0068665,-0.0048828,-0.0094604,2.5033,0.011597,0
0.0015259,-0.0057983,-0.025024,2.7309,-0.0024414,0
-0.00076294,-0.0064087,-0.035553,3.186,-0.012817,0
-0.0013733,-0.0036621,-0.038452,2.5033,-0.012207,0
-0.00030518,-0.0021362,-0.031891,2.2757,-0.0027466,0
-0.0022888,-0.0015259,-0.02243,1.8206,0.011902,0
-0.0030518,0.0010681,-0.010986,1.8206,0.028992,0
0.0028992,0.0013733,-0.0036621,0.91037,0.040894,0
0.0099182,0.0021362,0.0018311,1.8206,0.034485,0
0.0083923,0.0032043,0.007019,1.8206,0.011902,0
0.0047302,0.0015259,0.012817,2.5033,-0.021667,0
0.0048828,0.00091553,0.01297,2.0482,-0.048523,0
0.0093079,0.00076294,0.01358,1.8206,-0.056763,0
0.013428,0.0022888,0.018311,2.0482,-0.04425,0
0.018311,0.0013733,0.020447,2.0482,-0.02655,0
0.024567,-0.00061035,0.01709,1.8206,-0.010376,0
0.029907,-0.0016785,0.0079346,1.8206,0.007019,0
0.036316,-0.0016785,-0.0080872,1.8206,0.031738,0
0.035095,-0.0032043,-0.016174,0.91037,0.068665,0
0.023956,-0.005188,-0.010223,1.3655,0.10895,0
0.012207,-0.0032043,0.0064087,1.3655,0.13458,0
0.0059509,-0.0036621,0.017242,1.5931,0.13824,0
0.004425,-0.0083923,0.019531,1.3655,0.12054,0
0.0065613,-0.010681,0.019531,1.5931,0.091248,0
0.010223,-0.0097656,0.020142,1.8206,0.06073,0
0.0065613,-0.004425,0.030212,1.8206,0.032043,0
0.00030518,-0.00045776,0.05188,1.8206,0.011902,0
-0.0057983,0.0032043,0.060883,2.2757,-0.0061035,0
-0.012512,0.0024414,0.05661,1.3655,-0.02655,0
-0.019226,-0.00076294,0.046844,1.3655,-0.058289,0
-0.023346,0,0.038147,2.2757,-0.10162,0
-0.026093,0.0024414,0.033417,0.91037,-0.1535,0
-0.030212,0.0056458,0.036163,2.2757,-0.2005,0
-0.03479,0.0061035,0.03952,2.0482,-0.2243,0
-0.03952,0.0022888,0.037537,2.2757,-0.20294,0
-0.042725,-0.0033569,0.027466,1.8206,-0.14709,0
-0.042114,-0.0073242,0.015564,1.8206,-0.090332,0
-0.038452,-0.0074768,0.0015259,2.5033,-0.062561,0
-0.032043,-0.0064087,-0.010681,2.5033,-0.065613,0
-0.023346,-0.00030518,-0.0093079,2.9584,-0.091553,0
-0.018616,0.0053406,-0.010223,1.8206,-0.12817,0
-0.018616,0.0042725,-0.027313,1.8206,-0.15778,0
-0.016327,-0.005188,-0.05249,2.0482,-0.16998,0
-0.0093079,-0.0083923,-0.063934,2.9584,-0.16663,0
0.00091553,0.0012207,-0.050354,2.7309,-0.15869,0
0.0094604,0.0067139,-0.032806,2.7309,-0.15869,0
0.014954,0.0018311,-0.02594,2.0482,-0.16571,0
0.021667,-0.00045776,-0.020599,2.2757,-0.17517,0
0.02533,0.0027466,0.002594,2.5033,-0.17822,0
0.021973,0.0019836,0.032806,2.2757,-0.16937,0
0.01709,-0.0022888,0.055084,2.2757,-0.14771,0
0.012665,-0.009613,0.064392,1.8206,-0.12299,0
0.0083923,-0.01297,0.055237,1.8206,-0.10376,0
0.0054932,-0.010834,0.037231,1.5931,-0.10101,0
0.010529,-0.0074768,0.026703,1.3655,-0.10498,0
0.018768,-0.0036621,0.032043,1.8206,-0.10437,0
0.020142,-0.00076294,0.041809,2.0482,-0.088501,0
0.012207,0.00045776,0.045929,2.0482,-0.058899,0
0.0053406,-0.00091553,0.034332,2.0482,-0.027771,0
0.0067139,-0.0028992,0.013428,1.8206,-0.0076294,0
0.015106,-0.0059509,-0.0022888,2.2757,-0.0042725,0
0.022736,-0.0093079,-0.0030518,1.8206,-0.012817,0
0.027008,-0.0076294,0.018158,1.1379,-0.020752,0
0.023804,-0.0028992,0.048981,1.8206,-0.024414,0
0.014038,-0.0045776,0.076141,2.0482,-0.025024,0
0.004425,-0.010529,0.083771,1.1379,-0.025024,0
-0.00061035,-0.014496,0.073395,1.5931,-0.033264,0
-0.0086975,-0.011597,0.06485,1.3655,-0.045471,0
-0.025177,-0.0076294,0.06485,0.91037,-0.059204,0
-0.043793,-0.0038147,0.074005,2.5033,-0.072021,0
-0.056763,-0.0035095,0.076904,1.8206,-0.077515,0
-0.062103,-0.0050354,0.068512,2.2757,-0.070496,0
-0.059204,-0.0045776,0.05249,2.5033,-0.050964,0
-0.054779,-0.0013733,0.039368,1.8206,-0.028992,0
-0.06134,0.00015259,0.027008,1.5931,-0.014954,0
-0.072174,-0.00076294,0.012207,1.8206,-0.011902,0
-0.071411,-0.0032043,0.0032043,1.5931,-0.013428,0
-0.058441,-0.007019,0.0062561,2.2757,-0.015259,0
-0.048218,-0.010376,0.015106,2.5033,-0.013123,0
-0.044708,-0.01297,0.0042725,2.5033,-0.011292,0
-0.042419,-0.019836,-0.021515,2.7309,-0.010071,0
-0.036163,-0.019836,-0.035553,1.8206,-0.013733,0
-0.026855,-0.01297,-0.027618,2.0482,-0.015564,0
-0.011444,-0.0050354,-0.014496,2.5033,-0.014343,0
-0.00045776,-0.00045776,-0.0035095,2.5033,-0.010376,0
0.0010681,0.0018311,0.0067139,2.2757,0,0
-0.0010681,0.0030518,0.010376,2.0482,0.014648,0
0.00076294,0.0032043,0.0086975,1.8206,0.030823,0
0.0030518,0.0015259,0.0080872,2.2757,0.046082,0
-0.00061035,-0.0035095,0.0021362,2.2757,0.058594,0
-0.0071716,-0.0071716,-0.016022,2.2757,0.065308,0
-0.011749,-0.010223,-0.032806,2.2757,0.061951,0
-0.0094604,-0.0097656,-0.030365,0.91037,0.05249,0
-0.0012207,-0.0090027,-0.010834,1.1379,0.043945,0
0.0042725,-0.010681,0.0061035,1.5931,0.04303,0
0.00091553,-0.0093079,0.013428,1.8206,0.049438,0
0.0013733,-0.004425,0.010223,1.3655,0.06073,0
0.0071716,-0.0038147,0.004425,2.0482,0.066528,0
0.0056458,-0.0054932,-0.0036621,2.2757,0.062561,0
0.0033569,-0.0047302,-0.0076294,1.5931,0.057068,0
0.0094604,-0.00091553,-0.005188,1.8206,0.051575,0
0.016785,0.0018311,-0.0047302,2.0482,0.050354,0
0.019684,0.0027466,-0.00076294,2.0482,0.053711,0
0.015564,0.0033569,0.002594,2.2757,0.06012,0
0.0086975,0.0030518,0.0045776,2.2757,0.064087,0
0.0056458,0.0033569,0.01236,1.3655,0.065002,0
0.0057983,0.0064087,0.02594,1.8206,0.065918,0
0.0042725,0.0090027,0.032043,2.0482,0.068359,0
0.0030518,0.010223,0.032043,1.8206,0.073547,0
0.0083923,0.010529,0.031738,2.5033,0.078735,0
0.022736,0.0090027,0.029449,2.2757,0.079956,0
0.030212,0.0083923,0.023193,1.8206,0.080872,0
0.029602,0.0048828,0.017395,2.2757,0.080872,0
0.020447,0.005188,0.014038,2.2757,0.077515,0
0.0097656,0.0099182,0.0061035,2.5033,0.077209,0
0.0019836,0.010986,-0.010223,1.8206,0.076904,0
-0.0027466,0.0091553,-0.024872,2.0482,0.080872,0
0.00015259,0.0065613,-0.023193,2.7309,0.090942,0
0.0038147,0.0083923,-0.01358,2.0482,0.10559,0
0.002594,0.0085449,-0.0068665,2.5033,0.1181,0
0.0028992,0.0065613,-0.0083923,2.2757,0.12756,0
0.011292,0.0028992,-0.017242,2.0482,0.13306,0
0.025024,0.0010681,-0.02594,2.0482,0.13092,0
0.039062,0.00061035,-0.036469,1.8206,0.12421,0
0.044556,-0.00076294,-0.041809,1.5931,0.1178,0
0.046844,-0.0010681,-0.030975,2.2757,0.11749,0
0.050354,-0.00030518,-0.022583,1.5931,0.11993,0
0.050659,-0.0022888,-0.032196,1.8206,0.11627,0
0.047607,-0.0054932,-0.044556,2.2757,0.10193,0
0.044861,-0.007782,-0.042725,1.8206,0.080261,0
0.040588,-0.0086975,-0.031586,2.2757,0.058594,0
0.033264,-0.0059509,-0.019989,1.5931,0.03479,0
0.024109,-0.004425,-0.0036621,2.0482,0.011597,0
0.016479,-0.0036621,0.017548,1.3655,-0.010376,0
0.016632,-0.0012207,0.027924,1.8206,-0.030212,0
0.017395,-0.0012207,0.0090027,1.8206,-0.048523,0
0.0083923,-0.0028992,-0.029297,2.2757,-0.066528,0
-0.00045776,-0.0068665,-0.055084,2.2757,-0.081177,0
0.00015259,-0.0071716,-0.057983,1.5931,-0.092163,0
0.0093079,-0.0054932,-0.046844,1.5931,-0.098877,0
0.013123,-0.0041199,-0.029297,1.8206,-0.10193,0
0.0090027,-0.0057983,-0.014343,1.5931,-0.10498,0
0.0032043,-0.0094604,-0.0039673,1.1379,-0.10925,0
0.0041199,-0.012665,-0.0036621,1.5931,-0.11383,0
0.016022,-0.015106,-0.0059509,1.5931,-0.11993,0
0.028229,-0.015717,-0.0039673,1.8206,-0.1236,0
0.035095,-0.011444,0.0074768,2.2757,-0.11719,0
0.037079,-0.0079346,0.025787,1.8206,-0.10498,0
0.034027,-0.0047302,0.038452,2.2757,-0.091858,0
0.030365,-0.0028992,0.046539,2.2757,-0.085144,0
0.024109,-0.0033569,0.045166,1.8206,-0.082703,0
0.018158,-0.0053406,0.0383,2.0482,-0.081482,0
0.017548,-0.0064087,0.031433,2.2757,-0.078735,0
0.019379,-0.0048828,0.021057,2.2757,-0.065308,0
0.0088501,-0.0041199,0.013885,1.8206,-0.04303,0
-0.011749,-0.00091553,0.0079346,2.5033,-0.021362,0
-0.029144,0.0032043,0.0028992,2.5033,-0.0054932,0
-0.037842,0.0050354,-0.0067139,2.0482,0.0015259,0
-0.039673,0.004425,-0.01358,2.2757,0.00061035,0
-0.029907,0.0076294,-0.0038147,2.5033,-0.0054932,0
-0.010834,0.0097656,0.02121,2.0482,-0.010681,0
-0.0016785,0.010529,0.04425,2.7309,-0.012817,0
-0.011597,0.012512,0.051422,2.2757,-0.0064087,0
-0.024567,0.016022,0.049133,2.5033,0.0030518,0
-0.023651,0.018921,0.046234,2.9584,0.011292,0
-0.010986,0.016632,0.038452,1.5931,0.016479,0
-0.0016785,0.0097656,0.029297,1.3655,0.0177,0
-0.0032043,0.0019836,0.023499,1.5931,0.015869,0
-0.012054,0.0035095,0.020752,1.5931,0.014038,0
-0.019226,0.014496,0.022583,1.8206,0.012207,0
-0.017395,0.027313,0.028229,1.8206,0.013733,0
-0.0083923,0.036011,0.032501,1.3655,0.017395,0
0.0013733,0.031738,0.036316,1.8206,0.021362,0
0.01236,0.027466,0.035248,2.2757,0.020142,0
0.023346,0.028076,0.029755,1.3655,0.013733,0
0.027924,0.03006,0.027313,2.0482,0.0039673,0
0.023956,0.028534,0.024414,1.8206,-0.0024414,0
0.010223,0.023193,0.0065613,1.5931,-0.007019,0
-0.0028992,0.019684,-0.023346,1.3655,-0.0091553,0
-0.010529,0.02121,-0.049896,2.5033,-0.0094604,0
-0.011749,0.021973,-0.050507,2.2757,-0.0091553,0
-0.0079346,0.015869,-0.0354,1.8206,-0.0085449,0
-0.0028992,0.00061035,-0.029602,1.8206,-0.0076294,0
0.0012207,-0.019073,-0.040588,1.8206,-0.0073242,0
0.0033569,-0.032959,-0.045013,2.2757,-0.0088501,0
0.0057983,-0.034332,-0.034943,1.3655,-0.016785,0
0.010529,-0.027771,-0.02182,2.7309,-0.028687,0
0.012817,-0.016479,-0.0067139,2.5033,-0.041199,0
0.014648,-0.0067139,0.011749,1.1379,-0.048828,0
0.018311,-0.0039673,0.028076,1.5931,-0.05249,0
0.022736,-0.0097656,0.03479,2.2757,-0.055847,0
0.0177,-0.011292,0.04425,2.2757,-0.056458,0
0.0028992,-0.0086975,0.059357,1.8206,-0.055237,0
-0.010681,-0.0056458,0.072327,2.0482,-0.047913,0
-0.014496,-0.0030518,0.083923,2.5033,-0.033569,0
-0.011597,-0.0054932,0.084991,1.8206,-0.011902,0
-0.010376,-0.016937,0.070953,2.0482,0.013733,0
-0.014343,-0.028381,0.038147,1.8206,0.040588,0
-0.015717,-0.029755,0.0086975,2.7309,0.063171,0
-0.015106,-0.024109,-0.0038147,2.5033,0.080872,0
-0.01709,-0.020294,-0.0045776,2.0482,0.094604,0
-0.021057,-0.02182,-0.005188,2.5033,0.10315,0
-0.026855,-0.023041,-0.012512,2.0482,0.10559,0
-0.031128,-0.02533,-0.013123,1.8206,0.10284,0
-0.032959,-0.032196,-0.0059509,2.2757,0.097656,0
-0.030518,-0.0383,-0.0041199,2.7309,0.09491,0
-0.028839,-0.036926,-0.00030518,2.2757,0.097351,0
-0.03006,-0.028381,0.0085449,2.2757,0.10406,0
-0.030518,-0.022736,0.014191,2.5033,0.10681,0
-0.028229,-0.019989,0.020142,2.2757,0.10742,0
-0.023193,-0.021362,0.013428,1.8206,0.10803,0
-0.014038,-0.021515,-0.0028992,1.8206,0.11566,0
-0.0064087,-0.02121,-0.014191,1.8206,0.12909,0
-0.00076294,-0.018005,-0.002594,1.8206,0.14374,0
0.0024414,-0.014801,0.012512,1.8206,0.15625,0
0.00045776,-0.011139,0.010376,1.5931,0.15961,0
-0.0036621,-0.01236,-0.0015259,2.2757,0.15991,0
-0.007019,-0.016174,-0.022583,2.0482,0.15747,0
-0.0065613,-0.015259,-0.038757,2.2757,0.15656,0
-0.0033569,-0.011139,-0.031586,2.2757,0.15289,0
-0.00061035,-0.0062561,-0.016632,2.2757,0.14618,0
0.00091553,0.0015259,-0.011139,2.2757,0.14221,0
-0.0012207,0.0032043,-0.0054932,1.8206,0.14526,0
-0.0028992,0.0036621,0.0041199,1.5931,0.15228,0
-0.0013733,0.0090027,0.01297,1.5931,0.15686,0
-0.0013733,0.01236,0.026245,1.8206,0.15594,0
-0.0019836,0.014801,0.036163,1.1379,0.15381,0
-0.00076294,0.016632,0.039062,1.8206,0.15533,0
0.00076294,0.013275,0.035248,2.0482,0.16327,0
0.0018311,0.011292,0.02533,1.8206,0.17273,0
-0.00045776,0.012207,0.014343,2.0482,0.17853,0
-0.0016785,0.012512,0.0086975,1.8206,0.18463,0
-0.0010681,0.014648,0.0010681,2.5033,0.1889,0
-0.0019836,0.015259,-0.0061035,2.5033,0.19073,0
-0.0074768,0.01709,-0.0030518,2.2757,0.1886,0
-0.010376,0.018921,0.0056458,2.0482,0.17944,0
-0.0071716,0.018616,0.0059509,2.2757,0.17029,0
-0.00061035,0.018311,0.0059509,1.8206,0.16785,0
0.0030518,0.022583,0.018158,1.8206,0.16937,0
-0.0015259,0.021667,0.028534,2.2757,0.17273,0
-0.0080872,0.023956,0.030518,2.7309,0.1712,0
-0.0091553,0.025177,0.035095,2.2757,0.16632,0
-0.007782,0.026703,0.031738,2.0482,0.15991,0
-0.0062561,0.024414,0.027008,2.0482,0.15778,0
-0.0041199,0.024414,0.029449,2.2757,0.16113,0
-0.0015259,0.024567,0.03479,2.2757,0.16083,0
-0.0010681,0.021667,0.030823,2.2757,0.15686,0
-0.0032043,0.017395,0.0065613,1.8206,0.1474,0
-0.004425,0.011139,-0.023651,1.5931,0.13672,0
-0.0045776,0.0065613,-0.042419,1.8206,0.13092,0
0.00015259,0.0012207,-0.054321,1.1379,0.13031,0
0.005188,-0.0038147,-0.061188,1.8206,0.13,0
0.0082397,-0.004425,-0.063477,1.5931,0.12695,0
0.0094604,-0.002594,-0.063171,1.5931,0.11566,0
0.011749,-0.00015259,-0.048218,2.0482,0.1059,0
0.01236,0.0036621,-0.016785,1.8206,0.098572,0
0.0088501,0.0080872,0.0042725,2.2757,0.097961,0
0.0038147,0.0090027,0.0016785,2.0482,0.10101,0
0.0039673,0.0083923,-0.014038,1.5931,0.1062,0
0.010071,0.0093079,-0.019226,1.8206,0.11169,0
0.013123,0.010529,-0.013885,1.3655,0.11261,0
0.01236,0.010223,-0.0048828,0.91037,0.10742,0
0.0086975,0.0057983,0.0041199,1.3655,0.09613,0
0.0068665,0.00076294,0.0093079,1.5931,0.083313,0
0.0067139,-0.0013733,0.0050354,2.0482,0.072021,0
0.0042725,0.0013733,0.00015259,2.0482,0.062866,0
-0.00045776,0.0056458,-0.0019836,1.1379,0.054626,0
-0.00091553,0.011902,0.0064087,2.2757,0.047913,0
0.0032043,0.013275,0.016785,2.5033,0.039673,0
0.0053406,0.0088501,0.029602,2.0482,0.030823,0
0.0059509,0.0061035,0.041656,2.0482,0.026245,0
0.0094604,0.0056458,0.039825,1.3655,0.022888,0
0.014038,0.0053406,0.031281,0.91037,0.018311,0
0.018158,0.0038147,0.020142,2.0482,0.011292,0
0.019531,0.00045776,0.011292,1.3655,0.00030518,0
0.015259,0.0016785,0.0073242,2.2757,-0.0094604,0
0.0080872,0.0041199,0.002594,2.5033,-0.015259,0
0.00091553,0.0071716,0.00045776,1.8206,-0.0177,0
-0.0048828,0.007782,0.0059509,2.7309,-0.021667,0
-0.0068665,0.0094604,0.019836,2.2757,-0.030212,0
-0.0036621,0.0099182,0.024567,2.7309,-0.040894,0
0.0030518,0.004425,0.012817,2.0482,-0.050964,0
0.0064087,0,-0.00045776,2.0482,-0.061951,0
0.0024414,-0.0027466,0.0013733,2.2757,-0.072632,0
-0.0064087,-0.002594,0.011292,2.0482,-0.083923,0
-0.01297,-0.0038147,0.0067139,2.0482,-0.090332,0
-0.015717,-0.005188,-0.0033569,2.0482,-0.088501,0
-0.016174,-0.0016785,0.0019836,2.2757,-0.081787,0
-0.012207,0,0.016937,2.0482,-0.074463,0
-0.0067139,-0.0021362,0.023499,1.8206,-0.07019,0
-0.002594,-0.0032043,0.015411,2.2757,-0.06897,0
0.002594,0.00015259,0.0059509,2.2757,-0.06958,0
0.0080872,-0.00076294,-0.0068665,2.0482,-0.07019,0
0.010834,-0.0059509,-0.028534,2.0482,-0.070801,0
0.010986,-0.0097656,-0.051727,2.0482,-0.069885,0
0.010376,-0.011139,-0.059967,1.5931,-0.067139,0
0.012665,-0.0083923,-0.055389,2.0482,-0.06134,0
0.015106,-0.0053406,-0.046234,1.8206,-0.050964,0
0.01358,-0.0028992,-0.036011,2.2757,-0.040894,0
0.010223,-0.0065613,-0.03006,2.2757,-0.03418,0
0.0027466,-0.010071,-0.031433,1.8206,-0.031738,0
-0.0047302,-0.011292,-0.044098,2.9584,-0.030212,0
-0.011139,-0.011139,-0.05722,2.5033,-0.030823,0
-0.018311,-0.011139,-0.059204,1.1379,-0.030518,0
-0.019379,-0.0083923,-0.046082,1.5931,-0.030823,0
-0.015564,-0.0068665,-0.015869,0.91037,-0.0354,0
-0.015869,-0.0036621,0.0094604,1.5931,-0.041809,0
-0.019531,-0.0018311,0.018768,1.5931,-0.047302,0
-0.024414,-0.0030518,0.013275,0.91037,-0.046997,0
-0.023651,-0.0018311,0.0015259,2.0482,-0.040588,0
-0.017853,0.0039673,-0.0033569,2.0482,-0.02594,0
-0.012817,0.0091553,0.0033569,2.2757,-0.010376,0
-0.012054,0.010223,0.0061035,1.8206,-0.0018311,0
-0.010681,0.0094604,0.0045776,1.8206,-0.0061035,0
-0.0085449,0.012512,0.01358,2.2757,-0.018005,0
-0.007019,0.013428,0.030212,2.0482,-0.029602,0
-0.0021362,0.01297,0.046844,1.5931,-0.038757,0
0.0041199,0.0097656,0.053711,2.2757,-0.04425,0
0.011292,0.0036621,0.050507,2.0482,-0.048828,0
0.016479,-0.0018311,0.045776,2.0482,-0.054016,0
0.016632,-0.0054932,0.038452,2.0482,-0.054626,0
0.014191,-0.0064087,0.036926,2.2757,-0.049133,0
0.010986,-0.0047302,0.042572,2.0482,-0.037537,0
0.002594,-0.0012207,0.051727,1.8206,-0.021973,0
-0.007019,0.0047302,0.065308,2.5033,-0.0094604,0
-0.009613,0.0054932,0.074615,1.8206,0,0
-0.0024414,-0.00045776,0.068359,2.0482,0.0091553,0
0.0064087,-0.0035095,0.049438,2.2757,0.014038,0
0.011749,-0.0057983,0.030823,2.2757,0.01709,0
0.016327,-0.007782,0.022888,2.0482,0.015564,0
0.019836,-0.0085449,0.034027,1.8206,0.011902,0
0.018311,-0.0057983,0.042267,1.8206,0.0088501,0
0.014038,-0.0042725,0.038452,2.5033,0.010376,0
0.0093079,-0.0041199,0.033722,1.8206,0.015869,0
0.002594,-0.0053406,0.030365,1.8206,0.026245,0
-0.005188,-0.0047302,0.030365,1.1379,0.031738,0
-0.0067139,-0.0042725,0.028076,2.2757,0.036926,0
-0.00045776,-0.0039673,0.021667,1.3655,0.042419,0
0.0067139,-0.0057983,0.023499,1.5931,0.054626,0
0.0083923,-0.0080872,0.024719,1.5931,0.067444,0
0.0057983,-0.0086975,0.0091553,1.8206,0.077515,0
0.0019836,-0.0074768,-0.010376,1.8206,0.07843,0
-0.00045776,-0.0085449,-0.010529,2.0482,0.070801,0
-0.0056458,-0.012054,-0.00015259,1.8206,0.058289,0
-0.0093079,-0.015259,0.0068665,2.2757,0.045776,0
-0.0045776,-0.016479,0.011902,2.5033,0.036316,0
0.0032043,-0.019226,-0.0027466,2.0482,0.032349,0
0.0093079,-0.020752,-0.026093,2.2757,0.029602,0
0.011902,-0.019531,-0.039062,1.8206,0.025635,0
0.014648,-0.015869,-0.036011,2.2757,0.020142,0
0.017853,-0.011444,-0.026398,2.0482,0.015259,0
0.01709,-0.010681,-0.023346,2.0482,0.0091553,0
0.010376,-0.0067139,-0.026703,1.1379,0.0030518,0
0.0027466,-0.0033569,-0.026093,1.8206,-0.0015259,0
0.00076294,0.0010681,-0.02533,2.0482,-0.0064087,0
0.004425,0.0012207,-0.026245,2.2757,-0.0079346,0
0.010529,0.00076294,-0.023956,2.0482,-0.007019,0
0.020294,-0.00076294,-0.014038,2.0482,-0.0039673,0
0.025177,0.00015259,-0.0064087,2.5033,0.00091553,0
0.02533,0.0036621,0.00015259,2.7309,0.007019,0
0.024567,0.0036621,-0.0032043,1.8206,0.013123,0
0.019989,0.0016785,-0.019226,2.2757,0.015564,0
0.016785,-0.0035095,-0.041504,2.2757,0.014954,0
0.016479,-0.0042725,-0.050507,2.5033,0.014648,0
0.012054,0.0016785,-0.03418,2.5033,0.015869,0
0.0088501,0.0082397,-0.0076294,2.0482,0.020447,0
0.0082397,0.014954,0.014954,2.2757,0.024719,0
0.0048828,0.020447,0.0354,1.8206,0.02533,0
-0.0032043,0.019531,0.044861,1.8206,0.021362,0
-0.010071,0.016785,0.045013,2.2757,0.0177,0
-0.011902,0.019989,0.040741,2.7309,0.015869,0
-0.0071716,0.022125,0.0354,2.2757,0.0177,0
0.0048828,0.019836,0.020752,1.5931,0.020142,0
0.016022,0.014648,0.010071,2.2757,0.021362,0
0.014343,0.010071,0.019073,2.2757,0.021973,0
0.0073242,0.0050354,0.036011,2.0482,0.022278,0
0.0028992,-0.0024414,0.039978,1.8206,0.019531,0
-0.0016785,-0.010529,0.018311,1.5931,0.013733,0
-0.0036621,-0.014801,-0.0093079,2.0482,0.0094604,0
-0.00091553,-0.014343,-0.019073,2.0482,0.0048828,0
0.0039673,-0.014038,-0.0062561,1.5931,0.0030518,0
0.0027466,-0.011292,0.0067139,2.0482,0.0033569,0
-0.0019836,-0.012817,0.0016785,2.2757,0.0082397,0
-0.0032043,-0.018005,-0.019226,2.2757,0.016479,0
0.0015259,-0.019836,-0.032349,1.8206,0.028381,0
0.0036621,-0.0065613,-0.013733,1.5931,0.042725,0
-0.00030518,0.012665,0.010986,1.8206,0.06012,0
-0.0015259,0.019531,0.010529,1.8206,0.078125,0
0.002594,0.020447,-0.0013733,2.0482,0.091553,0
0.0012207,0.018768,-0.0022888,2.0482,0.1004,0
-0.0065613,0.013733,0.004425,1.8206,0.1059,0
-0.013123,0.0079346,0.0088501,2.2757,0.10864,0
-0.015106,0.0028992,0.0036621,2.2757,0.10986,0
-0.011749,-0.0064087,-0.0054932,2.5033,0.10956,0
0.00045776,-0.012054,-0.011444,2.7309,0.10681,0
0.011902,-0.015411,-0.0036621,2.7309,0.10559,0
0.010529,-0.019226,0.010071,2.2757,0.10895,0
-0.00045776,-0.024261,0.011597,2.0482,0.11841,0
-0.005188,-0.030518,-0.0024414,1.8206,0.12939,0
-0.0053406,-0.031128,-0.012665,2.5033,0.13641,0
-0.0090027,-0.023499,-0.010986,2.2757,0.13977,0
-0.016479,-0.020142,-0.027618,2.0482,0.14191,0
-0.026703,-0.027008,-0.068207,2.2757,0.14343,0
-0.035858,-0.02121,-0.060272,2.0482,0.14343,0
-0.041962,-0.0071716,-0.0030518,2.2757,0.14099,0
-0.046234,-0.0065613,0.027618,2.7309,0.13336,0
-0.048523,-0.012512,0.019989,1.8206,0.12329,0
-0.048523,-0.017395,0.015564,1.8206,0.11658,0
-0.042572,-0.016632,0.024261,2.2757,0.11749,0
-0.03418,-0.013428,0.027771,2.0482,0.12482,0
-0.028381,-0.012817,0.021515,1.8206,0.13428,0
-0.02594,-0.0042725,0.01709,1.5931,0.13855,0
-0.021515,0.0071716,0.019379,0.91037,0.1358,0
-0.012054,0.01358,0.030212,2.0482,0.13,0
-0.0045776,0.015259,0.046844,1.5931,0.1239,0
-0.0010681,0.013885,0.058746,2.0482,0.11871,0
0.0024414,0.016327,0.055084,2.0482,0.1178,0
0.0083923,0.020294,0.044098,2.2757,0.12115,0
0.018768,0.020905,0.032043,1.5931,0.12604,0
0.028534,0.020752,0.017395,1.8206,0.12634,0
0.033264,0.021515,0.0067139,2.5033,0.12268,0
0.035706,0.021057,0.00030518,1.5931,0.11932,0
0.036774,0.012817,-0.019379,2.2757,0.12115,0
0.03952,0.0090027,-0.031281,2.7309,0.12695,0
0.040131,0.011292,-0.021973,2.0482,0.13123,0
0.0354,0.015869,-0.0021362,2.0482,0.13336,0
0.027618,0.017395,0.013428,2.2757,0.13336,0
0.022278,0.013275,0.016174,2.5033,0.13245,0
0.020447,0.0094604,0.0032043,1.8206,0.13397,0
0.021667,0.0080872,-0.014038,2.5033,0.1358,0
0.021515,0.0080872,-0.015869,2.2757,0.1358,0
0.017853,0.0050354,-0.0021362,2.7309,0.1355,0
0.015411,0.0015259,0.010529,2.2757,0.13794,0
0.017853,-0.0038147,0.017242,1.5931,0.14465,0
0.021667,-0.0090027,0.020294,2.2757,0.15686,0
0.022278,-0.0047302,0.018158,2.0482,0.16479,0
0.020447,-0.00076294,0.014038,1.8206,0.16815,0
0.017548,0.0024414,0.010223,2.0482,0.16602,0
0.010986,0.0032043,0.00076294,2.2757,0.16296,0
0.0041199,0.0033569,-0.0064087,2.7309,0.16266,0
0.0032043,0.0033569,-0.0030518,2.2757,0.16815,0
0.0054932,0.0032043,0.010529,2.2757,0.17365,0
0.0053406,0.0016785,0.022278,2.7309,0.17578,0
0.0012207,0.002594,0.015259,1.5931,0.16968,0
-0.0035095,0.0042725,-0.0012207,2.7309,0.16266,0
-0.0030518,0.0056458,-0.015564,2.5033,0.15808,0
0.0048828,0.0059509,-0.023956,2.2757,0.15869,0
0.014191,0.0042725,-0.019989,2.0482,0.16235,0
0.016785,0.0050354,-0.004425,2.7309,0.16449,0
0.013123,0.0086975,0.0097656,2.2757,0.16327,0
0.0071716,0.0080872,0.021057,2.2757,0.16418,0
0.0076294,0.0035095,0.026703,2.2757,0.16785,0
0.012665,-0.0032043,0.024872,2.2757,0.17334,0
0.019836,-0.0042725,0.027313,1.8206,0.17761,0
0.022583,0.0016785,0.035706,1.3655,0.17212,0
0.018158,0.0064087,0.037689,1.5931,0.16266,0
0.0054932,0.0032043,0.027618,1.3655,0.15717,0
-0.0053406,-0.0015259,0.0097656,1.3655,0.15747,0
-0.011139,-0.0032043,-0.0038147,1.5931,0.16602,0
-0.012054,0.0050354,-0.004425,1.8206,0.17761,0
-0.011444,0.010681,0.0013733,2.0482,0.18494,0
-0.011292,0.0080872,0.012054,2.2757,0.18555,0
-0.0059509,0.0016785,0.010681,1.5931,0.17731,0
0.00076294,-0.0041199,-0.004425,1.8206,0.16754,0
0.0010681,-0.0076294,-0.027161,1.3655,0.159,0
-0.0022888,-0.010071,-0.048676,0.45525,0.15228,0
-0.0022888,-0.0048828,-0.054779,2.0482,0.14771,0
0.0027466,0.0041199,-0.04303,1.5931,0.14465,0
0.0048828,0.013428,-0.025482,1.3655,0.14191,0
0.0032043,0.015411,-0.017395,2.2757,0.13916,0
-0.00076294,0.0097656,-0.0177,2.5033,0.1355,0
-0.0038147,0.004425,-0.023956,2.7309,0.12695,0
-0.0059509,-0.0015259,-0.035706,2.2757,0.1181,0
-0.0048828,-0.0079346,-0.045319,2.5033,0.10834,0
-0.002594,-0.010681,-0.049744,2.5033,0.10071,0
0.0010681,-0.0082397,-0.042267,2.2757,0.094299,0
0.0018311,-0.0038147,-0.024872,1.8206,0.086365,0
-0.0048828,-0.0041199,-0.0048828,2.0482,0.075989,0
-0.018921,-0.0097656,-0.0050354,1.3655,0.064697,0
-0.031586,-0.013733,-0.014038,2.2757,0.055237,0
-0.033569,-0.020447,-0.02182,2.5033,0.047913,0
-0.029297,-0.028839,-0.027008,2.5033,0.038147,0
-0.022583,-0.029755,-0.018311,1.8206,0.02594,0
-0.01297,-0.024567,-0.0061035,2.2757,0.0085449,0
-0.0015259,-0.020294,-0.0071716,1.8206,-0.0033569,0
0.0012207,-0.017853,-0.010681,2.0482,-0.0018311,0
-0.0022888,-0.019531,-0.007019,2.0482,0.0085449,0
-0.004425,-0.020905,0.0035095,2.0482,0.021362,0
-0.0054932,-0.018311,0.024567,1.8206,0.028992,0
-0.0047302,-0.014954,0.045624,2.2757,0.030823,0
-0.0047302,-0.012665,0.056,2.0482,0.033264,0
-0.0064087,-0.01297,0.053864,2.7309,0.038147,0
-0.0048828,-0.015259,0.048828,2.5033,0.046997,0
-0.0032043,-0.014191,0.053101,1.8206,0.059509,0
-0.013733,-0.0093079,0.065765,1.8206,0.074158,0
-0.036163,-0.0024414,0.084839,1.8206,0.090332,0
-0.048218,-0.0027466,0.09964,1.8206,0.10895,0
-0.04364,-0.0068665,0.098114,2.2757,0.12573,0
-0.037384,-0.010071,0.086365,1.3655,0.14069,0
-0.02655,-0.0093079,0.070953,1.3655,0.15442,0
-0.013885,-0.0061035,0.052643,2.0482,0.16937,0
-0.01297,-0.0041199,0.0383,2.2757,0.18158,0
-0.017395,-0.0056458,0.029755,1.5931,0.18677,0
-0.021973,-0.0048828,0.025482,1.8206,0.18097,0
-0.032501,-0.0056458,0.021515,2.2757,0.16785,0
-0.037842,-0.0062561,0.017395,2.7309,0.1535,0
-0.03418,-0.0035095,0.0093079,1.5931,0.14557,0
-0.025787,-0.0019836,0.002594,2.2757,0.14374,0
-0.021362,-0.0028992,-0.0013733,2.0482,0.14648,0
-0.023193,-0.002594,-0.005188,2.5033,0.14679,0
-0.018005,-0.0018311,-0.0036621,1.8206,0.1416,0
-0.0056458,-0.0016785,0.010071,2.0482,0.13275,0
0,-0.0010681,0.016479,2.5033,0.12115,0
-0.0013733,0.0013733,0.014648,2.0482,0.11292,0
-0.0012207,0.0061035,0.014038,2.7309,0.10864,0
0.0056458,0.0080872,0.013885,3.186,0.1062,0
0.020142,0.0097656,0.010834,2.7309,0.10254,0
0.027924,0.013275,0.0019836,2.5033,0.091248,0
0.03006,0.013428,-0.010376,2.2757,0.076599,0
0.024109,0.01297,-0.017853,2.7309,0.062866,0
0.017242,0.010223,-0.024261,2.7309,0.057068,0
0.017395,0.0099182,-0.03006,3.186,0.060425,0
0.019836,0.011292,-0.037842,2.7309,0.066528,0
0.019684,0.007782,-0.041199,2.5033,0.06897,0
0.018616,0.0028992,-0.045166,2.2757,0.067444,0
0.020142,0.002594,-0.053558,2.2757,0.065918,0
0.02533,0.0032043,-0.054779,2.7309,0.065613,0
0.023804,0.0032043,-0.043945,2.5033,0.07019,0
0.017242,0.0042725,-0.034332,1.8206,0.079346,0
0.016022,0.0038147,-0.04303,2.2757,0.085754,0
0.019684,0.0030518,-0.065155,2.5033,0.08667,0
0.024261,0.0048828,-0.076752,2.2757,0.084534,0
0.025787,0.0085449,-0.069733,2.0482,0.082397,0
0.022583,0.016022,-0.046844,2.0482,0.08606,0
0.0086975,0.019531,-0.034637,1.8206,0.092468,0
-0.0054932,0.015717,-0.033569,2.5033,0.099182,0
-0.010376,0.011749,-0.0062561,1.8206,0.099182,0
-0.0076294,0.0076294,0.020905,2.2757,0.092163,0
-0.0042725,0.0015259,0.022278,2.0482,0.078735,0
-0.0013733,-0.0010681,0.010071,1.5931,0.06897,0
0.0048828,-0.00076294,0.00091553,1.8206,0.067749,0
0.014801,-0.0056458,-0.0097656,2.0482,0.074158,0
0.024872,-0.01236,-0.015564,2.0482,0.083923,0
0.029907,-0.0090027,0.0016785,2.0482,0.091248,0
0.02533,0.0016785,0.02533,1.8206,0.093689,0
0.016785,0.0054932,0.030823,1.8206,0.093689,0
0.0061035,0.00015259,0.025787,1.8206,0.093079,0
-0.004425,-0.0016785,0.020294,1.8206,0.094299,0
-0.010986,-0.0016785,0.0090027,1.5931,0.098267,0
-0.018311,0,0,2.2757,0.097656,0
-0.026398,0.0039673,0.0083923,1.8206,0.088501,0
-0.028076,0.0065613,0.025635,2.0482,0.074463,0
-0.020905,0.004425,0.036011,2.0482,0.062561,0
-0.013885,0.0018311,0.026093,1.5931,0.06012,0
-0.014343,-0.00076294,0.0019836,2.2757,0.071106,0
-0.021057,-0.0016785,-0.014038,1.8206,0.087585,0
-0.023041,-0.0028992,-0.024109,2.2757,0.10712,0
-0.012054,-0.0010681,-0.020905,2.5033,0.11749,0
0.0079346,0.0022888,-0.0039673,2.0482,0.1181,0
0.025177,0.0016785,0.0038147,2.2757,0.11505,0
0.033569,-0.0019836,-0.0030518,2.7309,0.112,0
0.033569,-0.010681,-0.021057,2.7309,0.10925,0
0.027161,-0.0091553,-0.031281,2.0482,0.10986,0
0.02182,-0.00091553,-0.032806,2.0482,0.11078,0
0.020142,0.0039673,-0.031891,2.2757,0.11322,0
0.018921,0.0085449,-0.020142,2.5033,0.11902,0
0.019684,0.010529,-0.0041199,2.9584,0.12543,0
0.016785,0.0090027,0.010223,2.7309,0.12756,0
0.012207,0.0099182,0.018463,2.0482,0.12421,0
0.01358,0.0074768,0.022888,2.5033,0.11597,0
0.019836,0.0041199,0.028381,2.0482,0.11047,0
0.020599,0.0019836,0.029449,2.2757,0.10895,0
0.014496,0.0019836,0.015869,2.2757,0.1059,0
0.0094604,0.0027466,0.0018311,1.8206,0.1004,0
0.010071,0.0030518,-0.0027466,1.8206,0.097656,0
0.012054,0,-0.0045776,1.8206,0.10284,0
0.010071,0.00061035,-0.0067139,2.2757,0.11292,0
0.0035095,0.0048828,0.0090027,1.5931,0.11719,0
-0.0062561,0.0032043,0.043335,2.2757,0.11261,0
-0.021515,-0.00030518,0.066376,2.0482,0.10681,0
-0.0383,-0.0012207,0.074921,2.2757,0.1059,0
-0.046692,0.0013733,0.071259,2.2757,0.11108,0
-0.044556,0.0010681,0.057068,2.7309,0.12421,0
-0.034943,-0.0016785,0.050659,2.0482,0.1413,0
-0.022888,-0.0024414,0.053711,2.2757,0.16235,0
-0.011902,-0.00015259,0.056305,1.8206,0.18463,0
-0.0027466,0.0032043,0.057983,2.2757,0.20172,0
0.0053406,0.0024414,0.058441,2.2757,0.20477,0
0.01709,0.0013733,0.063171,2.2757,0.19409,0
0.028534,0.0056458,0.073395,2.5033,0.17853,0
0.03479,0.010529,0.09491,2.0482,0.17395,0
0.0354,0.0094604,0.11612,1.8206,0.18707,0
0.031281,0.0068665,0.12497,2.0482,0.20996,0
0.021973,0.0074768,0.12802,2.0482,0.23193,0
0.014954,0.0065613,0.12299,2.5033,0.24567,0
0.012817,0.0088501,0.11765,2.2757,0.24597,0
0.0085449,0.01297,0.11505,2.0482,0.2359,0
0.0038147,0.012207,0.11429,2.7309,0.224,0
0.004425,0.0094604,0.10986,2.9584,0.21912,0
0.010529,0.0033569,0.099487,2.9584,0.22583,0
0.01358,-0.0035095,0.07782,2.7309,0.23529,0
0.011139,-0.0074768,0.056458,2.7309,0.23621,0
0.0042725,-0.007019,0.041046,2.0482,0.22644,0
-0.0019836,-0.0022888,0.036011,2.0482,0.20935,0
-0.0065613,0.0016785,0.04715,2.5033,0.19379,0
-0.0076294,-0.00015259,0.059509,2.9584,0.18463,0
-0.0088501,-0.0061035,0.060272,2.2757,0.17975,0
-0.014038,-0.014801,0.045776,2.0482,0.17822,0
-0.023041,-0.021057,0.028687,2.0482,0.1828,0
-0.033417,-0.018616,0.028229,2.2757,0.19135,0
-0.039825,-0.016937,0.030365,1.8206,0.20416,0
-0.041199,-0.013123,0.026093,2.5033,0.21759,0
-0.039368,-0.013123,0.012817,2.2757,0.22949,0
-0.037231,-0.010681,0.0053406,2.0482,0.24048,0
-0.033264,-0.0059509,0.0097656,2.2757,0.25024,0
-0.028076,-0.0057983,0.015717,2.2757,0.26215,0
-0.025635,-0.010681,0.013428,2.5033,0.27954,0
-0.021057,-0.01358,0.0016785,1.8206,0.29816,0
-0.016632,-0.013733,-0.0041199,1.8206,0.31219,0
-0.015411,-0.012512,0.0065613,1.5931,0.31311,0
-0.013428,-0.013123,0.028534,1.5931,0.30212,0
-0.0090027,-0.012512,0.042267,2.0482,0.28076,0
-0.0061035,-0.011444,0.03952,2.2757,0.25726,0
-0.0039673,-0.0079346,0.029755,2.2757,0.24323,0
-0.00091553,-0.002594,0.019073,2.5033,0.23743,0
0.0024414,-0.0015259,0.0086975,2.2757,0.23773,0
0.0042725,-0.0027466,-0.0061035,2.2757,0.23956,0
0.0038147,-0.0018311,-0.010529,0.91037,0.23712,0
0.0090027,0.0024414,0.010681,2.2757,0.23499,0
0.017853,0.0067139,0.042572,1.8206,0.23804,0
0.019226,0.010986,0.056152,2.0482,0.24902,0
0.015106,0.01236,0.049438,2.0482,0.26276,0
0.015259,0.011292,0.037842,2.5033,0.271,0
0.024872,0.010834,0.029755,2.0482,0.27283,0
0.032959,0.0074768,0.022278,2.0482,0.26733,0
0.029907,0.0042725,0.013275,2.2757,0.25635,0
0.02182,0.0047302,-0.0050354,2.2757,0.23956,0
0.013123,0.0053406,-0.02533,2.5033,0.21973,0
0.0086975,0.0022888,-0.040131,2.5033,0.20416,0
0.0074768,-0.00015259,-0.04715,2.5033,0.20081,0
0.0022888,-0.0013733,-0.050812,1.8206,0.20844,0
-0.0071716,-0.00015259,-0.053558,2.2757,0.21637,0
-0.015411,0.0018311,-0.059052,2.2757,0.21057,0
-0.020142,0.0012207,-0.068665,2.2757,0.19318,0
-0.021362,-0.0019836,-0.072937,2.7309,0.17792,0
-0.021973,-0.0039673,-0.072327,2.2757,0.17334,0
-0.022888,-0.0071716,-0.069122,2.5033,0.18005,0
-0.019989,-0.010376,-0.070801,2.0482,0.18982,0
-0.016937,-0.012817,-0.075378,1.5931,0.19653,0
-0.017548,-0.010529,-0.070496,1.5931,0.19531,0
-0.01709,-0.0064087,-0.060577,2.2757,0.18982,0
-0.013275,-0.0059509,-0.054169,2.2757,0.18494,0
-0.0062561,-0.0073242,-0.046844,1.8206,0.1825,0
-0.00061035,-0.0042725,-0.045013,1.8206,0.17822,0
-0.0027466,-0.00076294,-0.04364,1.1379,0.17639,0
-0.011597,0.00091553,-0.031433,1.5931,0.1712,0
-0.02243,0.0038147,-0.00091553,2.0482,0.16479,0
-0.024567,0.0083923,0.027618,2.0482,0.159,0
-0.013885,0.010223,0.046692,2.5033,0.15656,0
0.0012207,0.0086975,0.05249,1.5931,0.15503,0
0.010529,0.0033569,0.050049,1.8206,0.15259,0
0.015869,-0.0018311,0.040131,1.8206,0.14679,0
0.016632,-0.0039673,0.028076,2.5033,0.13977,0
0.010986,-0.0010681,0.024872,2.0482,0.13855,0
0.0030518,0.0033569,0.028229,1.5931,0.14526,0
0,0.0039673,0.029297,2.0482,0.15808,0
-0.00030518,0.0047302,0.028992,1.8206,0.16663,0
-0.0021362,0.0024414,0.028687,2.0482,0.16632,0
-0.0010681,0.00076294,0.030365,1.8206,0.16205,0
0.0035095,-0.00045776,0.032501,2.2757,0.15472,0
0.0064087,-0.0015259,0.032959,2.0482,0.1474,0
0.0074768,-0.00015259,0.027313,2.0482,0.14099,0
0.022736,0.0021362,0.01236,2.2757,0.13855,0
0.048523,0.0033569,-0.002594,2.5033,0.13245,0
0.056915,0.0042725,-0.016632,1.5931,0.12329,0
0.04776,0.0019836,-0.026855,1.5931,0.11322,0
0.034637,-0.00076294,-0.029144,2.2757,0.11047,0
0.020752,-0.0042725,-0.021057,2.7309,0.11383,0
0.0090027,-0.0032043,-0.011902,2.0482,0.1181,0
0.011902,-0.0033569,-0.0091553,2.5033,0.11322,0
0.023499,-0.0038147,-0.0093079,1.8206,0.10834,0
0.025482,-0.0027466,-0.0057983,2.9584,0.10742,0
0.01709,-0.0021362,-0.0050354,2.5033,0.11444,0
0.00045776,-0.0045776,-0.0064087,2.2757,0.13,0
-0.017853,-0.0062561,-0.005188,2.0482,0.14679,0
-0.027466,-0.0047302,-0.0079346,2.7309,0.15564,0
-0.03006,-0.0083923,-0.011902,2.7309,0.15411,0
-0.027008,-0.0079346,-0.0022888,2.2757,0.14709,0
-0.020752,-0.0053406,0.007782,2.0482,0.14221,0
-0.021057,-0.0028992,0.0062561,2.5033,0.14496,0
-0.026855,-0.0018311,-0.010529,2.2757,0.15839,0
-0.02655,-0.0024414,-0.035858,2.0482,0.17578,0
-0.023804,0.0021362,-0.055542,1.8206,0.1889,0
-0.023499,0.004425,-0.068817,2.2757,0.19348,0
-0.025024,0.0012207,-0.074615,2.2757,0.19012,0
-0.026398,-0.0012207,-0.072784,1.3655,0.18555,0
-0.023193,-0.0018311,-0.061646,1.5931,0.18982,0
-0.015869,-0.0045776,-0.051727,2.0482,0.20752,0
-0.0099182,-0.0093079,-0.045166,2.0482,0.224,0
-0.0064087,-0.010986,-0.042725,2.2757,0.22705,0
-0.0015259,-0.01297,-0.043488,2.0482,0.21698,0
0.0016785,-0.013275,-0.03952,1.8206,0.20142,0
0.0065613,-0.010681,-0.031586,1.8206,0.18768,0
0.014496,-0.0093079,-0.019226,2.2757,0.17944,0
0.018005,-0.0090027,-0.007019,2.5033,0.17456,0
0.021362,-0.0071716,-0.0019836,2.0482,0.16541,0
0.026398,-0.0068665,-0.007019,2.5033,0.16144,0
0.028534,-0.0061035,-0.014191,1.8206,0.1712,0
0.030975,-0.0033569,-0.025024,2.2757,0.19379,0
0.032043,-0.0016785,-0.036774,1.8206,0.21942,0
0.029755,-0.00030518,-0.049896,1.8206,0.2356,0
0.022736,-0.00091553,-0.062561,1.8206,0.2359,0
0.010376,-0.0010681,-0.064697,2.5033,0.23193,0
-0.0053406,0.0010681,-0.058441,2.7309,0.2298,0
-0.017395,-0.00030518,-0.044556,1.3655,0.23407,0
-0.016479,-0.0012207,-0.027313,2.7309,0.25269,0
-0.004425,0.0018311,-0.016479,2.5033,0.28076,0
0.011139,0.0074768,-0.0056458,2.2757,0.3067,0
0.022736,0.011597,0.0074768,2.2757,0.31616,0
0.036011,0.012512,0.022125,2.2757,0.29999,0
0.049744,0.012817,0.031586,2.5033,0.2597,0
0.059814,0.011597,0.032501,2.5033,0.21332,0
0.059662,0.010376,0.030823,2.9584,0.17609,0
0.05249,0.0090027,0.016479,2.2757,0.15686,0
0.046234,0.011444,0.0027466,2.7309,0.15259,0
0.037537,0.011139,0.0062561,2.5033,0.15533,0
0.018005,0.0074768,0.0090027,2.0482,0.15747,0
-0.007782,0.002594,-0.007019,2.2757,0.15137,0
-0.023651,-0.00030518,-0.032806,2.5033,0.13397,0
-0.029297,-0.0027466,-0.050812,2.2757,0.10895,0
-0.031128,-0.0027466,-0.06958,2.0482,0.085754,0
-0.028839,-0.00045776,-0.082397,2.2757,0.080261,0
-0.023651,0.00045776,-0.077667,1.8206,0.095825,0
-0.015411,0.0024414,-0.055237,2.2757,0.1239,0
-0.00076294,0.0059509,-0.030823,2.0482,0.15381,0
0.017853,0.0093079,-0.014038,1.8206,0.1767,0
0.028992,0.010223,-0.0010681,2.0482,0.18311,0
0.033569,0.010529,0.01358,1.3655,0.177,0
0.03418,0.0088501,0.025635,1.5931,0.16388,0
0.026398,0.0062561,0.028687,2.5033,0.15289,0
0.013885,0.002594,0.02594,2.0482,0.15289,0
0.0019836,-0.00045776,0.026398,2.0482,0.16235,0
0.00045776,-0.0028992,0.032501,2.5033,0.16968,0
0.011444,-0.0022888,0.038147,2.0482,0.1712,0
0.012512,0.0010681,0.039062,2.5033,0.16327,0
0.0067139,0.004425,0.032349,2.5033,0.15259,0
0.00091553,0.0039673,0.018768,2.0482,0.14709,0
0.00030518,0.0035095,0.0030518,2.0482,0.14496,0
0.0080872,0.0015259,-0.0061035,1.5931,0.15045,0
0.020599,0.0027466,-0.0021362,2.5033,0.16113,0
0.030823,0.0059509,0.0068665,2.2757,0.17242,0
0.033417,0.0061035,0.01709,3.186,0.17914,0
0.026398,0.0039673,0.028687,2.2757,0.18555,0
0.01358,0.0033569,0.040131,2.0482,0.19257,0
0.0039673,0.0045776,0.04425,1.5931,0.19897,0
0.00091553,0.0039673,0.038147,1.8206,0.20355,0
0.0012207,0.0016785,0.027161,1.8206,0.20569,0
-0.00045776,-0.00030518,0.018616,2.0482,0.20691,0
-0.0053406,-0.0015259,0.018158,2.5033,0.21179,0
-0.012512,-0.0047302,0.021515,2.2757,0.21545,0
-0.020294,-0.0071716,0.016479,2.5033,0.2182,0
-0.02533,-0.0059509,0.0038147,2.7309,0.21637,0
-0.025482,-0.007019,-0.0097656,2.2757,0.21545,0
-0.028229,-0.0068665,-0.012665,2.7309,0.21912,0
-0.039825,-0.0067139,-0.0065613,2.5033,0.22156,0
-0.055847,-0.0080872,0.005188,2.0482,0.22003,0
-0.063782,-0.0082397,0.014648,2.2757,0.21362,0
-0.059509,-0.0071716,0.021362,2.5033,0.20081,0
-0.051575,-0.0038147,0.027618,2.0482,0.19562,0
-0.043945,-0.00045776,0.030823,2.2757,0.2066,0
-0.042419,0.0019836,0.036316,2.5033,0.23132,0
-0.043488,0.004425,0.045929,2.5033,0.25177,0
-0.03479,0.0067139,0.041962,1.8206,0.25848,0
-0.020599,0.0032043,0.023804,1.5931,0.25391,0
-0.013885,-0.0015259,0.017548,1.5931,0.25208,0
-0.013123,-0.0035095,0.016479,1.1379,0.26215,0
-0.007019,-0.00076294,0.015869,1.8206,0.27588,0
0.0042725,0.0018311,0.0042725,2.2757,0.29053,0
0.011749,0.0045776,-0.010529,1.5931,0.29816,0
0.014191,0.0054932,-0.023499,1.8206,0.29572,0
0.014801,0.0041199,-0.029907,1.5931,0.28076,0
0.012207,0.0032043,-0.024109,1.8206,0.26367,0
0.0065613,0.0018311,-0.010376,1.8206,0.25391,0
-0.0047302,-0.00045776,0.0061035,1.1379,0.25024,0
-0.014954,-0.0032043,0.024261,2.2757,0.24902,0
-0.016632,-0.0053406,0.032806,2.5033,0.2478,0
-0.010071,-0.0045776,0.028229,2.2757,0.24384,0
-0.0022888,-0.0012207,0.022278,1.8206,0.23224,0
0.0010681,0.00015259,0.016632,1.8206,0.21576,0
0.0019836,-0.00076294,0.013885,2.2757,0.20233,0
0.002594,0.00015259,0.019379,2.0482,0.19501,0
0.0039673,0.00091553,0.02594,2.0482,0.18768,0
0.0061035,0.0036621,0.031128,2.5033,0.1767,0
0.0065613,0.0065613,0.032959,2.7309,0.159,0
0.0065613,0.0079346,0.03067,1.8206,0.13824,0
0.0067139,0.0035095,0.030365,2.7309,0.11902,0
0.0065613,0.0010681,0.031433,2.2757,0.10529,0
0.0067139,0.00045776,0.031433,2.5033,0.099182,0
0.0067139,0.00091553,0.031433,2.5033,0.099487,0
0.0067139,0.00061035,0.031738,2.7309,0.10529,0
0.0065613,0.0010681,0.029755,2.5033,0.10925,0
0.014801,0.0071716,0.0033569,2.5033,0.1001,0
0.033112,0.011444,-0.012207,2.0482,0.083008,0
0.039673,0.0097656,-0.018311,2.7309,0.072937,0
0.042572,0.0068665,-0.022125,2.7309,0.079651,0
0.047607,0.0041199,-0.030212,1.8206,0.092773,0
0.051575,0.0016785,-0.043488,2.7309,0.11078,0
0.052032,0.00076294,-0.060272,2.5033,0.1239,0
0.049286,0.0021362,-0.069733,2.2757,0.13153,0
0.048218,0.0010681,-0.068665,2.0482,0.13672,0
0.048523,-0.0047302,-0.058441,2.2757,0.14618,0
0.046539,-0.0082397,-0.048676,2.2757,0.16479,0
0.038452,-0.0090027,-0.040588,1.8206,0.18768,0
0.032959,-0.0076294,-0.027008,2.0482,0.20538,0
0.029755,-0.005188,-0.0093079,1.8206,0.21118,0
0.019379,-0.004425,0.011139,1.8206,0.2121,0
-0.0022888,-0.0022888,0.030975,1.8206,0.21118,0
-0.027466,-0.00076294,0.037079,2.2757,0.21454,0
-0.046234,-0.0039673,0.028992,2.7309,0.22125,0
-0.063324,-0.0088501,0.014801,2.9584,0.22461,0
-0.084381,-0.0094604,0.0041199,1.5931,0.2301,0
-0.1033,-0.0086975,0.00045776,1.8206,0.23743,0
-0.10437,-0.0090027,-0.00030518,2.2757,0.24414,0
-0.097046,-0.0086975,-0.00045776,1.5931,0.2478,0
-0.094452,-0.0059509,0.0028992,2.0482,0.24719,0
-0.091248,-0.0076294,0.010223,1.3655,0.24811,0
-0.080109,-0.010071,0.018005,2.5033,0.24902,0
-0.073395,-0.012512,0.028381,1.8206,0.24994,0
-0.073853,-0.016479,0.037384,2.5033,0.25299,0
-0.077362,-0.015259,0.041962,1.8206,0.25665,0
-0.07431,-0.012512,0.044861,2.0482,0.26031,0
-0.057526,-0.011444,0.050354,2.2757,0.25909,0
-0.035248,-0.011444,0.054321,2.7309,0.2533,0
-0.013885,-0.014038,0.06012,2.2757,0.24384,0
0.0054932,-0.01297,0.067902,2.2757,0.2298,0
0.017242,-0.011597,0.06485,2.5033,0.22034,0
0.024719,-0.011597,0.043945,2.0482,0.21576,0
0.032654,-0.017853,0.016479,2.5033,0.2124,0
0.039673,-0.02182,-0.00091553,2.9584,0.20508,0
0.046387,-0.02182,-0.0048828,2.7309,0.18677,0
0.048065,-0.018311,-0.0022888,2.9584,0.16327,0
0.048065,-0.015106,-0.00045776,2.7309,0.13977,0
0.054016,-0.01236,0.0057983,2.5033,0.12238,0
0.053101,-0.0097656,0.015564,2.0482,0.11353,0
0.040436,-0.0073242,0.021362,2.2757,0.11078,0
0.030823,-0.0045776,0.015564,2.0482,0.11505,0
0.032349,-0.0010681,0.0018311,1.5931,0.12146,0
0.044708,0.0019836,-0.015717,1.8206,0.1239,0
0.057678,0.00091553,-0.031433,2.0482,0.1236,0
0.05722,-0.00061035,-0.037842,1.8206,0.12299,0
0.043488,-0.0033569,-0.0383,1.3655,0.12817,0
0.029907,-0.0068665,-0.036163,1.3655,0.13092,0
0.018463,-0.010223,-0.035858,1.5931,0.12695,0
0.0030518,-0.0097656,-0.034637,1.5931,0.11475,0
-0.010681,-0.0094604,-0.033112,1.5931,0.10071,0
-0.017395,-0.0088501,-0.032806,2.2757,0.090942,0
-0.020447,-0.0091553,-0.032501,2.0482,0.086975,0
-0.028229,-0.0059509,-0.033875,1.5931,0.089722,0
-0.036163,-0.0062561,-0.032654,1.1379,0.095825,0
-0.034943,-0.0076294,-0.025177,2.5033,0.095215,0
-0.025177,-0.0071716,-0.01297,2.0482,0.085449,0
-0.020294,-0.0083923,0.0086975,2.0482,0.069885,0
-0.019989,-0.010223,0.022736,1.8206,0.053711,0
-0.020599,-0.011139,0.021362,1.8206,0.039368,0
-0.016937,-0.009613,0.011139,2.2757,0.030823,0
-0.0045776,-0.0079346,0.0068665,2.2757,0.030518,0
0.0039673,-0.0067139,0.0021362,2.2757,0.04303,0
0.0042725,-0.005188,-0.0022888,2.2757,0.064697,0
0.010681,-0.002594,0.0045776,2.2757,0.082703,0
0.022888,-0.0019836,0.018311,2.0482,0.093994,0
0.03006,-0.0028992,0.027313,2.7309,0.097961,0
0.030823,-0.00061035,0.030975,2.5033,0.1004,0
0.028839,0.00045776,0.0354,2.7309,0.10681,0
0.029755,0.00061035,0.034332,2.2757,0.11749,0
0.032196,-0.0010681,0.02182,2.2757,0.12543,0
0.03418,-0.0015259,0.0057983,2.2757,0.13123,0
0.04425,0.0027466,-0.0036621,2.7309,0.1355,0
0.057373,0.0019836,-0.0022888,2.5033,0.13824,0
0.057831,-0.00076294,0.0074768,2.7309,0.13763,0
0.047455,-0.0030518,0.012054,1.8206,0.13672,0
0.036316,-0.0010681,0.0094604,2.9584,0.13275,0
0.025635,0.00061035,0.0086975,2.2757,0.12604,0
0.019379,0.0021362,0.010071,2.7309,0.11658,0
0.011749,0.0016785,0.005188,2.7309,0.10864,0
-0.0041199,0.00091553,-0.0074768,2.5033,0.10437,0
-0.026398,0.00076294,-0.01297,2.7309,0.1001,0
-0.045929,0.00061035,-0.0024414,2.2757,0.090027,0
-0.069733,-0.0022888,0.010986,2.7309,0.078125,0
-0.093689,-0.0036621,0.015717,2.9584,0.067139,0
-0.10941,-0.00091553,0.013428,2.5033,0.063782,0
-0.10727,0.00030518,0.0090027,2.5033,0.067444,0
-0.090179,0.0022888,0.0056458,2.0482,0.06958,0
-0.074768,0.004425,0.0028992,2.2757,0.068665,0
-0.063629,0.0021362,-0.00091553,2.2757,0.064392,0
-0.049133,-0.00015259,-0.0041199,1.5931,0.057068,0
-0.028839,0.0015259,-0.011292,2.2757,0.046082,0
-0.011902,0.0059509,-0.022125,2.5033,0.034485,0
-0.004425,0.0093079,-0.033569,1.8206,0.028687,0
-0.0035095,0.010071,-0.03952,2.0482,0.031128,0
-0.004425,0.0073242,-0.035706,2.0482,0.038452,0
-0.0022888,0.0059509,-0.029755,2.7309,0.045166,0
0.0018311,0.0057983,-0.020294,1.8206,0.046692,0
0.0073242,0.0053406,-0.011139,1.8206,0.040894,0
0.012207,0.0027466,0.0024414,2.5033,0.028381,0
0.018158,0.00091553,0.021362,1.8206,0.016479,0
0.030365,0.00045776,0.031738,2.5033,0.0054932,0
0.039062,0.00045776,0.030823,2.2757,-0.0012207,0
0.034332,-0.0021362,0.022125,2.0482,-0.0073242,0
0.026855,-0.0024414,0.018158,2.0482,-0.0076294,0
0.032959,-0.0018311,0.016479,2.0482,0,0
0.041962,-0.0015259,0.012054,2.2757,0.0067139,0
0.040741,-0.00045776,0.0088501,2.2757,0.0033569,0
0.026855,-0.0012207,0.012207,2.0482,-0.0085449,0
0.0053406,-0.0013733,0.026093,2.9584,-0.015564,0
-0.01709,0.0015259,0.043793,2.5033,-0.0079346,0
-0.0354,0.0027466,0.053711,2.2757,0.0082397,0
-0.044403,0.0018311,0.055847,2.2757,0.022278,0
-0.046234,0.0036621,0.05127,2.5033,0.022278,0
-0.050659,0.0035095,0.042572,2.9584,0.012207,0
-0.059204,0.0019836,0.031738,2.2757,0.0048828,0
-0.069885,0.0035095,0.020142,2.7309,0.005188,0
-0.081024,0.00076294,0.01236,2.7309,0.0082397,0
-0.084076,-0.00015259,0.010071,3.6411,0.0054932,0
-0.077209,-0.0013733,0.0056458,2.2757,-0.0039673,0
-0.065155,-0.0045776,-0.0091553,2.2757,-0.017395,0
-0.049744,-0.0079346,-0.024719,2.2757,-0.032654,0
-0.032501,-0.007019,-0.040283,2.5033,-0.049133,0
-0.012817,-0.0050354,-0.056152,2.5033,-0.065918,0
0.0082397,0,-0.065002,2.2757,-0.077515,0
0.015106,0.0028992,-0.057526,2.9584,-0.076599,0
0.0010681,0.0047302,-0.037994,1.8206,-0.065918,0
-0.0094604,0.0068665,-0.020599,2.2757,-0.057373,0
0.0048828,0.0080872,-0.0035095,2.7309,-0.057373,0
0.029602,0.0091553,0.0099182,2.2757,-0.06958,0
0.041962,0.0082397,0.013275,2.0482,-0.083008,0
0.046539,0.0033569,0.0021362,1.8206,-0.090942,0
0.050354,-0.0016785,-0.01236,2.0482,-0.093994,0
0.051575,-0.0047302,-0.018005,2.2757,-0.09613,0
0.05188,-0.0036621,-0.010986,2.0482,-0.099182,0
0.054321,-0.00045776,0.014801,2.2757,-0.099182,0
0.056915,-0.00045776,0.05188,2.5033,-0.10071,0
0.052643,0.0041199,0.089874,1.8206,-0.10529,0
0.048828,0.0056458,0.10773,1.3655,-0.10742,0
0.049591,0.0027466,0.099792,2.0482,-0.11139,0
0.048065,0.0012207,0.083313,2.0482,-0.11169,0
0.04425,0.0019836,0.062256,2.0482,-0.11047,0
0.045471,0.0041199,0.044403,2.9584,-0.10803,0
0.044098,0.0019836,0.031128,2.2757,-0.10559,0
0.033875,-0.0019836,0.019684,2.2757,-0.10712,0
0.019684,-0.0053406,0.011139,1.8206,-0.11169,0
0.010223,-0.0033569,0.013123,1.3655,-0.11444,0
0.0056458,-0.00045776,0.029144,2.2757,-0.10803,0
0.0041199,-0.0012207,0.045319,2.5033,-0.093384,0
0.0041199,-0.0013733,0.05661,2.2757,-0.075684,0
0.0042725,-0.0016785,0.068665,2.7309,-0.065613,0
0.0041199,-0.0018311,0.074615,2.9584,-0.060425,0
0.0041199,-0.00061035,0.065918,2.9584,-0.050964,0
0.0041199,0.00015259,0.06012,2.9584,-0.029297,0
0.00076294,0.00061035,0.058441,2.5033,-0.0030518,0
-0.01236,0.00030518,0.055084,2.7309,0.021362,0
-0.028229,-0.0065613,0.011139,1.8206,0.035706,0
-0.036774,-0.0074768,-0.024872,1.8206,0.039368,0
-0.033264,-0.0056458,-0.03418,2.0482,0.037842,0
-0.019073,-0.0028992,-0.028839,2.0482,0.035095,0
-0.007019,-0.0019836,-0.015106,2.2757,0.035095,0
-0.016327,-0.0015259,0.0022888,2.7309,0.041809,0
-0.03479,-0.00030518,0.0059509,1.8206,0.050659,0
-0.050659,0.0033569,-0.007019,2.2757,0.062256,0
-0.063019,0.0022888,-0.02243,2.5033,0.072632,0
-0.071411,0.0022888,-0.031586,2.7309,0.07843,0
-0.069427,0.0030518,-0.041351,2.2757,0.078735,0
-0.05661,0.0062561,-0.040283,2.2757,0.077209,0
-0.040131,0.0093079,-0.028076,2.0482,0.076294,0
-0.02243,0.0073242,-0.011902,2.2757,0.075684,0
-0.0073242,0.0061035,-0.0038147,1.8206,0.077209,0
-0.0045776,0.0085449,-0.007019,1.8206,0.087891,0
-0.010986,0.010071,-0.011902,1.8206,0.10468,0
-0.016022,0.0088501,-0.011292,1.3655,0.11627,0
-0.016632,0.0047302,-0.0032043,2.2757,0.11292,0
-0.011444,0.0019836,0.0068665,2.0482,0.10162,0
-0.0038147,0.00091553,0.015411,1.5931,0.091858,0
0.0019836,-0.00091553,0.018463,2.2757,0.091248,0
0.0047302,-0.0032043,0.023499,1.3655,0.099487,0
0.0018311,-0.0036621,0.02655,1.8206,0.11322,0
-0.0085449,-0.0024414,0.021362,2.2757,0.12512,0
-0.020294,-0.0018311,0.016785,2.5033,0.13702,0
-0.028992,-0.0032043,0.017853,2.7309,0.14832,0
-0.037231,-0.004425,0.019684,1.8206,0.15717,0
-0.043793,-0.0086975,0.019226,2.2757,0.16876,0
-0.045471,-0.010529,0.01236,1.1379,0.18311,0
-0.03418,-0.0086975,-0.00015259,1.8206,0.20416,0
-0.0088501,-0.0054932,-0.0088501,2.2757,0.22888,0
0.015106,-0.0041199,-0.0071716,2.2757,0.25208,0
0.028229,-0.0053406,-0.00076294,2.2757,0.2713,0
0.029755,-0.0045776,-0.0033569,2.2757,0.2829,0
0.029907,-0.0030518,-0.014038,1.1379,0.28992,0
0.030823,-0.00061035,-0.026398,2.0482,0.29816,0
0.031128,0.00061035,-0.038605,2.2757,0.30914,0
0.031281,0.00061035,-0.052032,2.0482,0.32776,0
0.031128,-0.0036621,-0.069122,2.2757,0.35736,0
0.031433,-0.0057983,-0.077057,2.2757,0.39307,0
0.031281,-0.0065613,-0.078888,2.2757,0.42053,0
0.031281,-0.0065613,-0.078888,2.7309,0.42786,0
0.030823,-0.0062561,-0.078888,2.5033,0.41565,0
0.031128,-0.0062561,-0.079498,2.7309,0.38971,0
0.030975,-0.0064087,-0.079193,2.2757,0.36255,0
0.030975,-0.0064087,-0.079041,2.0482,0.35431,0
0.031281,-0.0067139,-0.079193,2.5033,0.37567,0
0.020294,-0.0067139,-0.079041,2.2757,0.41443,0
-0.005188,-0.0065613,-0.079041,2.2757,0.44647,0
-0.02121,-0.0064087,-0.08194,2.2757,0.45227,0
-0.026093,-0.0015259,-0.12329,2.0482,0.43304,0
-0.024109,0.0035095,-0.14465,1.8206,0.40314,0
-0.017548,0.0036621,-0.15305,1.8206,0.38086,0
-0.0013733,0.0018311,-0.15884,2.2757,0.37567,0
0.019226,0.0024414,-0.17044,2.0482,0.39001,0
0.03952,0.0045776,-0.18677,1.5931,0.40955,0
0.064087,0.0071716,-0.20676,1.5931,0.41199,0
0.08728,0.0067139,-0.22705,1.8206,0.38879,0
0.10422,0.0073242,-0.24826,1.1379,0.33997,0
0.11902,0.0048828,-0.27008,1.5931,0.28168,0
0.12756,0.0018311,-0.29205,2.5033,0.23346,0
0.12115,-0.00045776,-0.31235,1.8206,0.2005,0
0.10681,0.00015259,-0.32867,2.5033,0.18158,0
0.095215,0.0035095,-0.33264,2.0482,0.17181,0
0.08316,0.0050354,-0.32074,1.8206,0.16815,0
0.07019,0.0041199,-0.31219,1.8206,0.16266,0
0.056458,0.0033569,-0.31586,1.8206,0.15472,0
0.041809,0.0035095,-0.32623,2.0482,0.1474,0
0.036774,0.0048828,-0.33539,2.0482,0.14893,0
0.036163,0.0056458,-0.34851,2.0482,0.16785,0
0.035858,0.0053406,-0.35461,2.2757,0.19775,0
0.035706,0.0056458,-0.35614,2.7309,0.23071,0
0.035553,0.0054932,-0.35629,2.7309,0.25513,0
0.036011,0.0057983,-0.35645,2.0482,0.26672,0
0.036316,0.0054932,-0.3569,2.2757,0.26703,0
0.036316,0.0056458,-0.35614,1.8206,0.26154,0
0.036011,0.0054932,-0.35645,2.2757,0.25391,0
0.036316,0.0056458,-0.3566,2.7309,0.24689,0
0.036011,0.0057983,-0.35629,2.2757,0.24078,0
0.036163,0.0057983,-0.35629,2.2757,0.22888,0
0.036011,0.0057983,-0.35645,2.5033,0.20844,0
0.01297,0.0054932,-0.3566,2.5033,0.18372,0
-0.02594,0.0057983,-0.35614,2.7309,0.15381,0
-0.012054,0.0054932,-0.35629,2.7309,0.11932,0
0.013123,0.0057983,-0.35645,2.5033,0.081787,0
0.027924,0.0053406,-0.3566,2.5033,0.048828,0
0.031738,0.0054932,-0.35645,2.7309,0.030212,0
0.028381,0.005188,-0.35645,2.7309,0.028076,0
0.018311,0.0054932,-0.35065,2.5033,0.033875,0
0.0013733,0.0024414,-0.27008,1.5931,0.03418,0
-0.0094604,0.0022888,-0.18051,1.8206,0.022278,0
-0.010986,0,-0.10773,1.8206,0.0088501,0
-0.012207,-0.0028992,-0.037079,1.5931,0.005188,0
-0.019073,-0.0038147,0.041199,2.0482,0.012207,0
-0.032349,-0.007019,0.13077,2.2757,0.024109,0
-0.051117,-0.007019,0.22263,2.0482,0.03418,0
-0.067596,-0.007019,0.3183,2.0482,0.03479,0
-0.069733,-0.0079346,0.42084,2.5033,0.032654,0
-0.056458,-0.0088501,0.52048,1.8206,0.032959,0
-0.036469,-0.0076294,0.61127,2.5033,0.029907,0
-0.013733,-0.005188,0.69733,2.0482,0.021057,0
0.0028992,-0.0039673,0.76508,1.5931,0.0097656,0
0.0067139,-0.002594,0.80322,2.2757,0.0027466,0
0.010223,-0.0036621,0.82932,1.5931,0.00061035,0
0.021973,-0.0080872,0.85358,2.2757,-0.00030518,0
0.036469,-0.0090027,0.88684,2.0482,-0.0030518,0
0.04715,-0.0057983,0.94254,2.0482,-0.0097656,0
0.041504,-0.0013733,1.0045,2.5033,-0.013123,0
0.023346,0.00061035,1.0626,2.9584,-0.016174,0
0.014191,0.0088501,1.1177,2.0482,-0.021362,0
0.012665,0.015259,1.174,2.7309,-0.030518,0
0.0057983,0.020599,1.2144,2.5033,-0.044861,0
-0.0033569,0.019073,1.2274,2.5033,-0.059204,0
-0.0024414,0.016785,1.2192,2.5033,-0.078125,0
0.011597,0.015564,1.2109,2.2757,-0.09491,0
0.032959,0.015106,1.2001,2.2757,-0.10956,0
0.055695,0.015564,1.1888,2.2757,-0.12177,0
0.076904,0.016632,1.1864,2.2757,-0.13489,0
0.088348,0.017242,1.189,1.8206,-0.14984,0
0.088501,0.014801,1.1847,2.2757,-0.16846,0
0.084229,0.011597,1.17,2.7309,-0.19714,0
0.072937,0.010986,1.1447,2.7309,-0.22736,0
0.046082,0.01297,1.1101,2.7309,-0.25055,0
0.01297,0.011902,1.0674,2.9584,-0.2655,0
-0.0048828,0.010529,1.0155,2.7309,-0.27649,0
-0.0013733,0.010376,0.95871,2.0482,-0.29022,0
0.011292,0.0088501,0.90332,2.0482,-0.30884,0
0.0177,0.0083923,0.84595,2.2757,-0.32532,0
0.0080872,0.010986,0.78949,2.7309,-0.33508,0
-0.012054,0.011139,0.72617,1.8206,-0.33966,0
-0.032043,0.011902,0.65277,2.0482,-0.34058,0
-0.044403,0.0097656,0.57693,2.0482,-0.34393,0
-0.046997,0.0097656,0.50705,1.8206,-0.35095,0
-0.052795,0.011902,0.43976,2.2757,-0.35767,0
-0.055542,0.012817,0.37094,2.2757,-0.36285,0
-0.045471,0.014191,0.30518,2.0482,-0.36499,0
-0.027771,0.010529,0.22873,2.0482,-0.36865,0
-0.0086975,0.0041199,0.1593,2.2757,-0.37537,0
0.010681,0.0041199,0.13046,2.0482,-0.3894,0
0.024719,0.0080872,0.10269,2.0482,-0.41138,0
0.0177,0.0038147,0.045166,2.2757,-0.43365,0
0.0016785,-0.0016785,-0.023346,1.5931,-0.45135,0
-0.0064087,-0.0022888,-0.082245,1.5931,-0.46631,0
-0.0033569,-0.0019836,-0.13138,0.91037,-0.48065,0
-0.00091553,-0.0036621,-0.17517,1.8206,-0.49591,0
-0.013123,-0.0021362,-0.2092,2.0482,-0.5069,0
-0.024872,0.00076294,-0.22736,2.2757,-0.51208,0
-0.021057,0.0012207,-0.23956,2.5033,-0.51727,0
-0.0027466,-0.00076294,-0.25864,2.2757,-0.52673,0
0.012817,-0.0016785,-0.28732,2.7309,-0.53406,0
0.018005,-0.0030518,-0.31296,2.0482,-0.53467,0
0.022736,-0.0039673,-0.32974,1.3655,-0.52765,0
0.024872,-0.0041199,-0.3421,2.2757,-0.51544,0
0.016785,-0.0053406,-0.35568,2.0482,-0.50201,0
0.0019836,-0.0059509,-0.3775,2.2757,-0.48309,0
-0.013428,-0.0050354,-0.40604,2.2757,-0.46051,0
-0.03067,-0.0061035,-0.43427,2.5033,-0.4303,0
-0.056305,-0.011139,-0.45898,2.7309,-0.39612,0
-0.083618,-0.015259,-0.49057,2.2757,-0.36469,0
-0.09491,-0.016174,-0.50461,2.2757,-0.34851,0
-0.086212,-0.016632,-0.50842,2.5033,-0.33997,0
-0.068665,-0.016479,-0.50873,2.0482,-0.33356,0
-0.050507,-0.016632,-0.50888,1.8206,-0.32196,0
-0.027924,-0.016479,-0.50873,2.0482,-0.31281,0
-0.0021362,-0.016632,-0.50903,2.0482,-0.30731,0
0.018921,-0.016174,-0.50827,2.0482,-0.30914,0
0.028381,-0.016632,-0.50842,2.2757,-0.31555,0
0.022736,-0.016632,-0.50858,2.2757,-0.32379,0
0.010376,-0.016022,-0.51102,2.2757,-0.33081,0
0.0065613,-0.016632,-0.54092,2.0482,-0.33539,0
0.015106,-0.01297,-0.55222,2.5033,-0.3363,0
0.022583,-0.010529,-0.54245,2.7309,-0.33875,0
0.015869,-0.0085449,-0.52048,2.2757,-0.34119,0
0.0036621,-0.0074768,-0.50049,1.8206,-0.34119,0
0.00015259,-0.0065613,-0.48447,1.8206,-0.34241,0
0.0010681,-0.0064087,-0.47318,2.2757,-0.34729,0
-0.0038147,-0.0067139,-0.46265,1.5931,-0.36011,0
-0.0086975,-0.0067139,-0.45654,1.8206,-0.37445,0
-0.0054932,-0.0065613,-0.44952,1.8206,-0.38544,0
0.0062561,-0.0062561,-0.43365,1.5931,-0.39459,0
0.025024,-0.0053406,-0.41656,1.8206,-0.40527,0
0.049286,-0.0061035,-0.4039,1.3655,-0.42023,0
0.076141,-0.005188,-0.39413,1.3655,-0.43396,0
0.095367,-0.0073242,-0.37781,2.0482,-0.43793,0
0.096283,-0.011292,-0.34973,2.0482,-0.43518,0
0.08316,-0.011597,-0.31998,1.3655,-0.43762,0
0.066986,-0.0099182,-0.30502,1.8206,-0.44678,0
0.048065,-0.0064087,-0.29785,2.0482,-0.45807,0
0.031433,-0.0045776,-0.29312,1.8206,-0.46265,0
0.022736,-0.0059509,-0.29648,2.5033,-0.45685,0
0.009613,-0.010834,-0.31311,2.2757,-0.44037,0
-0.013733,-0.012512,-0.32288,1.8206,-0.41748,0
-0.036926,-0.0030518,-0.29892,2.0482,-0.39185,0
-0.04776,0.0059509,-0.25833,2.0482,-0.37018,0
-0.046844,0.0038147,-0.23056,2.9584,-0.35645,0
-0.034637,0.00045776,-0.21622,2.5033,-0.35706,0
-0.0177,0.0033569,-0.20233,2.2757,-0.36102,0
-0.0068665,0.0094604,-0.17807,2.7309,-0.36133,0
-0.0094604,0.012054,-0.15213,2.9584,-0.34851,0
-0.019989,0.011749,-0.1442,3.186,-0.32745,0
-0.023193,0.011902,-0.14648,2.2757,-0.3006,0
-0.017395,0.014191,-0.13855,2.2757,-0.27435,0
-0.007019,0.013275,-0.12924,2.0482,-0.24872,0
0.0036621,0.0065613,-0.13077,2.9584,-0.22858,0
0.0048828,0.0022888,-0.13458,1.8206,-0.21301,0
-0.00091553,0.0024414,-0.13245,2.0482,-0.20294,0
-0.0042725,0.0057983,-0.12039,2.5033,-0.19165,0
-0.0083923,0.004425,-0.10696,1.3655,-0.17517,0
-0.019073,0.0050354,-0.090942,1.5931,-0.15198,0
-0.032959,0.0053406,-0.083618,1.5931,-0.12207,0
-0.041351,0.0053406,-0.08194,1.8206,-0.092773,0
-0.036621,0.0054932,-0.08194,1.5931,-0.06897,0
-0.01358,0.0056458,-0.081787,1.8206,-0.05188,0
0.021973,0.0050354,-0.081635,1.3655,-0.041809,0
0.059052,0.0053406,-0.081635,1.8206,-0.030518,0
0.083008,0.0056458,-0.081635,2.5033,-0.019531,0
0.0914,0.0054932,-0.081482,2.0482,-0.0094604,0
0.091553,0.0056458,-0.081787,2.2757,-0.00030518,0
0.079346,0.0056458,-0.081177,1.1379,0.0082397,0
0.056305,0.0056458,-0.07843,1.1379,0.018311,0
0.031891,0.0068665,-0.039062,1.3655,0.02655,0
0.013123,0.0061035,-0.025024,1.3655,0.033569,0
0.0074768,0.00076294,-0.027466,1.3655,0.037842,0
0.0065613,-0.0045776,-0.037231,2.0482,0.036316,0
0.0010681,-0.0090027,-0.050507,2.0482,0.033569,0
-0.0099182,-0.0093079,-0.059967,2.9584,0.039673,0
-0.014343,-0.007782,-0.046234,2.7309,0.057068,0
-0.017853,-0.0054932,-0.017395,2.5033,0.075989,0
-0.027313,-0.0054932,0.0030518,1.5931,0.07843,0
-0.036469,-0.0079346,0.0085449,1.3655,0.058899,0
-0.033112,-0.0090027,0.0082397,1.8206,0.028992,0
-0.023651,-0.0073242,0.011139,2.0482,0.007019,0
-0.025787,-0.0036621,0.007019,1.1379,0.0018311,0
-0.037537,-0.00015259,-0.0019836,2.0482,0.016174,0
-0.046844,0.005188,-0.0028992,2.2757,0.035706,0
-0.043945,0.0073242,0.0057983,2.0482,0.051575,0
-0.037537,0.0018311,0.010223,2.2757,0.057068,0
-0.042114,-0.0038147,0.016479,2.7309,0.053711,0
-0.053253,-0.0045776,0.031128,1.5931,0.05188,0
-0.063934,-0.0041199,0.046997,1.1379,0.059509,0
-0.070801,-0.0054932,0.05661,2.0482,0.07782,0
-0.070496,-0.0064087,0.060272,2.2757,0.099792,0
-0.063324,-0.0064087,0.059357,2.2757,0.12512,0
-0.045929,-0.0035095,0.061188,2.5033,0.14404,0
-0.025635,0.00091553,0.061188,2.9584,0.14832,0
-0.018768,0.0015259,0.060577,1.5931,0.13824,0
-0.017548,0.00061035,0.059204,2.2757,0.11993,0
-0.017548,0.00091553,0.058594,2.2757,0.10773,0
-0.0088501,0.0024414,0.062103,2.2757,0.10986,0
0.010529,0.0028992,0.063477,2.5033,0.1236,0
0.014191,0.0013733,0.069122,2.2757,0.13458,0
-0.0021362,-0.00045776,0.068512,2.0482,0.13519,0
-0.018463,-0.0015259,0.062408,1.1379,0.12756,0
-0.025787,-0.0033569,0.056,1.5931,0.11993,0
-0.024719,-0.0057983,0.052795,1.8206,0.11963,0
-0.014038,-0.0079346,0.057373,1.8206,0.13062,0
0.0019836,-0.010223,0.064392,1.8206,0.14435,0
0.010834,-0.0094604,0.068054,2.5033,0.15747,0
0.011292,-0.0090027,0.062561,2.0482,0.16632,0
0.0061035,-0.011902,0.054932,2.2757,0.17303,0
-0.0015259,-0.01358,0.051727,2.9584,0.17822,0
-0.0028992,-0.01358,0.050812,2.2757,0.18158,0
0.0059509,-0.013885,0.050659,1.8206,0.18433,0
0.018768,-0.013428,0.050659,2.2757,0.18311,0
0.025177,-0.013885,0.050812,2.0482,0.18127,0
0.032501,-0.01358,0.050659,2.2757,0.17822,0
0.041046,-0.013885,0.050964,1.8206,0.17761,0
0.037231,-0.013885,0.050812,1.8206,0.18463,0
0.024567,-0.013733,0.050507,1.8206,0.19257,0
0.019989,-0.013733,0.050507,2.0482,0.19135,0
0.019073,-0.014038,0.050659,2.0482,0.17822,0
0.018921,-0.013733,0.050659,2.5033,0.16541,0
0.018921,-0.0061035,0.051727,2.7309,0.16327,0
0.018463,-0.0022888,0.043945,2.5033,0.177,0
0.020447,-0.0016785,0.038605,2.7309,0.19867,0
0.028229,-0.0013733,0.0383,2.7309,0.22125,0
0.040283,0.00015259,0.042114,2.0482,0.23682,0
0.057983,0.0053406,0.050507,2.5033,0.242,0
0.072479,0.009613,0.056152,1.8206,0.24628,0
0.077057,0.010529,0.053864,2.5033,0.25818,0
0.072784,0.012207,0.056763,1.8206,0.27893,0
0.063934,0.014343,0.069275,2.5033,0.30579,0
0.057983,0.013275,0.087128,2.2757,0.32623,0
0.057068,0.011902,0.098419,2.5033,0.32715,0
0.055389,0.0094604,0.103,2.5033,0.30762,0
0.057526,0.0093079,0.099487,2.7309,0.28107,0
0.070801,0.007019,0.090332,2.2757,0.25909,0
0.085602,0.004425,0.077667,2.0482,0.24689,0
0.083923,0.0048828,0.075531,1.8206,0.24353,0
0.070343,0.0053406,0.084076,2.5033,0.23956,0
0.060883,0.0054932,0.086823,1.8206,0.23438,0
0.052795,0.0041199,0.086365,2.2757,0.22949,0
0.037994,0.0019836,0.087891,1.8206,0.2243,0
0.020599,0.0036621,0.08316,1.5931,0.21851,0
0.014954,0.00030518,0.072327,2.0482,0.2124,0
0.014038,-0.0042725,0.065155,2.7309,0.20782,0
0.014191,-0.0061035,0.055847,1.8206,0.19897,0
0.014191,-0.0065613,0.047607,0.91037,0.1825,0
0.014038,-0.0067139,0.044556,1.3655,0.159,0
0.014191,-0.0048828,0.044861,0.91037,0.13519,0
0.014191,-0.0038147,0.044556,1.1379,0.11719,0
0.014038,-0.0036621,0.046539,1.1379,0.10895,0
0.014038,-0.0041199,0.045776,2.0482,0.12238,0
0.014038,-0.0056458,0.0383,2.2757,0.16998,0
0.0035095,-0.0047302,0.031891,1.8206,0.21973,0
-0.023346,-0.0041199,0.023041,2.0482,0.23071,0
-0.047302,-0.0057983,0.01358,2.2757,0.20294,0
-0.059509,-0.0082397,0.0041199,1.8206,0.1712,0
-0.054932,-0.013275,0.00030518,2.0482,0.16388,0
-0.043182,-0.014191,-0.00045776,1.5931,0.17548,0
-0.032806,-0.015106,0,2.2757,0.18616,0
-0.024109,-0.011292,0.010071,1.8206,0.18188,0
-0.018921,-0.0048828,0.018158,2.2757,0.16602,0
-0.023346,-0.0038147,0.025635,2.0482,0.15015,0
-0.041199,-0.0067139,0.032043,2.9584,0.14282,0
-0.061493,-0.0038147,0.04364,2.7309,0.14008,0
-0.066528,0.0022888,0.049133,2.7309,0.13458,0
-0.047455,0.0053406,0.05188,2.7309,0.12695,0
-0.0068665,0.0059509,0.052185,2.2757,0.11139,0
0.040894,0.0091553,0.057373,2.7309,0.09491,0
0.079346,0.015106,0.063629,2.0482,0.079956,0
0.09903,0.018768,0.059662,2.0482,0.076294,0
0.10193,0.016937,0.052795,2.0482,0.085754,0
0.1004,0.015717,0.053406,2.5033,0.10468,0
0.085754,0.01358,0.051727,2.5033,0.12817,0
0.053253,0.014191,0.043488,2.5033,0.15289,0
0.015564,0.011902,0.033875,2.5033,0.17365,0
-0.015411,0.007782,0.027924,2.2757,0.18585,0
-0.043945,0.0074768,0.017548,1.8206,0.18799,0
-0.068817,0.0079346,0.0054932,2.2757,0.18372,0
-0.078888,0.0064087,-0.00061035,2.2757,0.18219,0
-0.077515,0.0054932,-0.0071716,1.8206,0.19073,0
-0.077209,0.0042725,-0.0080872,2.2757,0.20538,0
-0.077667,0.0030518,-0.0036621,1.3655,0.21912,0
-0.071106,0.0015259,-0.0019836,1.3655,0.22583,0
-0.053864,-0.00076294,-0.0080872,1.1379,0.22339,0
-0.035858,-0.0045776,-0.014954,1.3655,0.21851,0
-0.021362,-0.004425,-0.020294,1.8206,0.21973,0
-0.0028992,-0.0056458,-0.022888,1.8206,0.22675,0
0.016022,-0.007782,-0.01709,2.0482,0.23376,0
0.020599,-0.0056458,-0.0057983,2.5033,0.23407,0
0.01236,-0.004425,0.0085449,1.1379,0.22369,0
0.0048828,-0.004425,0.014801,1.8206,0.21088,0
0.0013733,-0.0039673,0.016022,2.2757,0.20111,0
0,-0.0041199,0.016327,2.7309,0.19928,0
-0.0010681,-0.0042725,0.016632,2.2757,0.20752,0
-0.00061035,-0.0042725,0.016479,2.7309,0.22186,0
-0.00061035,-0.0039673,0.016785,2.5033,0.23468,0
-0.00061035,-0.0038147,0.016632,1.8206,0.24261,0
-0.0073242,-0.0039673,0.016327,2.2757,0.24353,0
-0.026855,-0.0041199,0.016785,2.0482,0.24872,0
-0.043793,-0.0041199,0.016785,1.5931,0.26154,0
-0.039673,-0.0039673,0.018158,2.7309,0.27985,0
-0.014191,-0.0038147,0.036774,1.8206,0.29694,0
0.012207,-0.00091553,0.036621,1.1379,0.31158,0
0.028076,0.00061035,0.025635,2.5033,0.32318,0
0.023956,-0.0022888,0.017548,2.5033,0.32623,0
0.013885,-0.007019,0.013428,2.0482,0.32196,0
0.010986,-0.0086975,0.0090027,2.5033,0.31342,0
0.013123,-0.0094604,0.0088501,2.2757,0.30518,0
0.011749,-0.0086975,0.01236,2.7309,0.29266,0
0.0099182,-0.0059509,0.015869,2.5033,0.28137,0
0.017548,-0.0073242,0.012665,2.2757,0.2771,0
0.036163,-0.0068665,0.0090027,2.9584,0.27435,0
0.048981,-0.0035095,0.016479,2.5033,0.26581,0
0.053864,-0.00045776,0.027771,2.0482,0.24811,0
0.05249,0.0010681,0.033722,2.2757,0.21973,0
0.039368,0.0018311,0.028992,2.0482,0.18707,0
0.031586,0.0018311,0.03006,2.5033,0.16174,0
0.036926,0.0042725,0.037231,2.2757,0.14709,0
0.034637,0.0065613,0.044098,2.7309,0.14221,0
0.020447,0.0065613,0.044708,1.8206,0.1416,0
0.023041,0.0059509,0.043793,2.0482,0.1358,0
0.042572,0.0068665,0.052948,2.5033,0.12054,0
0.052185,0.0050354,0.064392,1.5931,0.097656,0
0.045776,0.0016785,0.071411,2.0482,0.074768,0
0.038147,0.00091553,0.067902,1.5931,0.059509,0
0.040283,0.00091553,0.050964,2.0482,0.053101,0
0.051422,0.00091553,0.030518,1.5931,0.046387,0
0.066376,0.0018311,0.0073242,1.3655,0.034485,0
0.074005,0.0032043,-0.0088501,2.0482,0.021362,0
0.071564,0.0062561,-0.022888,1.8206,0.011597,0
0.057983,0.0090027,-0.029907,1.3655,0.011292,0
0.025482,0.0097656,-0.028839,1.8206,0.014648,0
-0.0056458,0.0076294,-0.025177,1.3655,0.016785,0
-0.02121,0.0056458,-0.024261,1.5931,0.014038,0
-0.024261,0.0010681,-0.021362,1.8206,0.0024414,0
-0.023804,-0.0010681,-0.014496,2.0482,-0.014343,0
-0.033875,-0.00030518,-0.0083923,1.8206,-0.031128,0
-0.055695,0.00061035,-0.0041199,2.2757,-0.043335,0
-0.060577,0.0054932,0.0039673,2.9584,-0.046082,0
-0.042419,0.0088501,0.022736,2.2757,-0.040588,0
-0.024261,0.0099182,0.042877,2.5033,-0.033875,0
-0.017395,0.0057983,0.052032,2.5033,-0.029907,0
-0.012054,0.0021362,0.04715,2.2757,-0.030823,0
-0.0064087,-0.00076294,0.035858,1.8206,-0.036316,0
-0.0035095,-0.0047302,0.02594,2.0482,-0.047607,0
-0.0016785,-0.0062561,0.016022,2.0482,-0.056152,0
-0.0024414,-0.0067139,0.005188,1.8206,-0.06012,0
-0.0035095,-0.0062561,0.00045776,2.2757,-0.061035,0
-0.0016785,-0.0036621,0.002594,1.8206,-0.061035,0
0.0064087,-0.0019836,-0.00030518,2.7309,-0.065613,0
0.010834,-0.0016785,0.00061035,2.0482,-0.072937,0
0.0018311,-0.0015259,-0.0032043,1.8206,-0.084229,0
-0.015411,0.00015259,-0.012207,3.186,-0.096436,0
-0.032196,0.0015259,-0.017548,2.7309,-0.10864,0
-0.041046,0.00015259,-0.015106,2.7309,-0.11566,0
-0.037689,0.00015259,-0.010834,2.7309,-0.12115,0
-0.02121,0.0036621,-0.013275,1.8206,-0.12604,0
-0.00015259,0.005188,-0.022278,1.8206,-0.13336,0
0.0038147,0.0056458,-0.028992,2.2757,-0.14343,0
-0.0056458,0.0071716,-0.03067,2.2757,-0.14954,0
-0.0045776,0.0062561,-0.031433,2.0482,-0.15106,0
0.016479,0.0041199,-0.033569,2.0482,-0.14923,0
0.037842,0.0013733,-0.030212,2.2757,-0.14923,0
0.032501,-0.00045776,-0.027466,1.8206,-0.15198,0
0.0032043,-0.0035095,-0.036316,1.8206,-0.15259,0
-0.031281,-0.0068665,-0.047913,1.5931,-0.14923,0
-0.055389,-0.007019,-0.054779,2.2757,-0.14587,0
-0.062256,-0.0038147,-0.056152,2.0482,-0.14771,0
-0.055847,-0.0021362,-0.05127,1.8206,-0.1532,0
-0.045471,-0.0021362,-0.048065,1.3655,-0.16205,0
-0.038605,-0.0019836,-0.04715,1.8206,-0.1651,0
-0.033875,-0.0048828,-0.04837,0.91037,-0.15808,0
-0.030823,-0.0064087,-0.044556,1.1379,-0.14709,0
-0.033722,-0.0065613,-0.033722,1.5931,-0.13641,0
-0.035858,-0.0036621,-0.026093,2.0482,-0.12787,0
-0.031281,-0.0022888,-0.023956,2.2757,-0.12054,0
-0.015259,0,-0.02655,1.8206,-0.112,0
0.0065613,0.0016785,-0.025787,2.2757,-0.096436,0
0.016632,0.0013733,-0.016022,1.8206,-0.079346,0
0.018921,0.0027466,-0.0024414,1.8206,-0.071716,0
0.019073,0.0061035,0.010529,2.5033,-0.076904,0
0.0177,0.013733,0.021362,2.9584,-0.087585,0
0.021362,0.016479,0.023499,2.2757,-0.089417,0
0.038147,0.011597,0.019379,2.5033,-0.077515,0
0.043488,0.0090027,0.010834,1.8206,-0.058594,0
0.017548,0.011139,0.0015259,2.2757,-0.042725,0
-0.020142,0.0080872,-0.0057983,2.5033,-0.0354,0
-0.045624,0.0045776,-0.0024414,2.2757,-0.036926,0
-0.053406,0.0064087,0.012665,2.9584,-0.044861,0
-0.044556,0.0064087,0.031433,2.0482,-0.057678,0
-0.025635,0.0059509,0.041962,1.5931,-0.066223,0
-0.002594,0.0054932,0.049744,2.2757,-0.069275,0
0.022736,0.007019,0.05661,2.5033,-0.063171,0
0.040283,0.0062561,0.058136,2.0482,-0.055237,0
0.044708,0.0038147,0.055389,2.2757,-0.055237,0
0.039368,-0.00091553,0.050354,1.5931,-0.065613,0
0.039825,-0.00045776,0.041199,2.2757,-0.077209,0
0.041351,0.0035095,0.034943,2.0482,-0.083008,0
0.025177,0.0033569,0.036926,2.2757,-0.082397,0
-0.00015259,0.00030518,0.045166,2.2757,-0.074768,0
-0.016632,-0.0012207,0.044708,1.1379,-0.068359,0
-0.024261,0.00030518,0.040741,2.2757,-0.064087,0
-0.028992,-0.0012207,0.050049,1.1379,-0.067139,0
-0.032959,-0.0047302,0.057068,1.5931,-0.071716,0
-0.032654,-0.007782,0.045471,1.8206,-0.07019,0
-0.027161,-0.0090027,0.022125,1.5931,-0.063477,0
-0.019073,-0.010681,0.0056458,1.8206,-0.056458,0
-0.0059509,-0.013275,0.0057983,1.5931,-0.054321,0
0.0099182,-0.018311,0.0094604,1.3655,-0.052795,0
0.020294,-0.023956,-0.013428,2.2757,-0.047913,0
0.025635,-0.027466,-0.047302,2.0482,-0.037537,0
0.018768,-0.028839,-0.055542,1.5931,-0.021362,0
0.0038147,-0.031281,-0.04364,1.3655,-0.0064087,0
-0.0064087,-0.028534,-0.032806,2.0482,0.0021362,0
-0.014801,-0.023499,-0.029144,2.5033,0.0015259,0
-0.011902,-0.018311,-0.015106,2.5033,-0.0015259,0
0.0022888,-0.013275,0.007782,2.2757,0.00030518,0
0.012817,-0.009613,0.017242,1.5931,0.010071,0
0.01709,-0.0027466,0.0079346,1.8206,0.023193,0
0.022888,0.0045776,-0.012207,1.8206,0.03479,0
0.029449,0.0093079,-0.024567,2.0482,0.046997,0
0.032043,0.012207,-0.019531,2.5033,0.062256,0
0.035095,0.014343,-0.0024414,2.2757,0.076599,0
0.047455,0.015717,0.013428,2.5033,0.087891,0
0.063171,0.017395,0.017548,2.7309,0.093994,0
0.075378,0.018921,0.0097656,2.2757,0.093689,0
0.078888,0.017242,-0.0028992,2.2757,0.092773,0
0.0737,0.015717,-0.013123,1.8206,0.093079,0
0.05661,0.015411,-0.016479,2.7309,0.097046,0
0.024719,0.01236,-0.01297,2.0482,0.1004,0
-0.0073242,0.01236,-0.0065613,2.5033,0.099182,0
-0.023499,0.012817,-0.0038147,2.2757,0.09613,0
-0.027161,0.012817,-0.0033569,2.0482,0.090942,0
-0.027771,0.012817,-0.0032043,2.2757,0.085144,0
-0.027466,0.01297,-0.0027466,2.0482,0.079346,0
-0.021973,0.012817,-0.0028992,1.8206,0.072021,0
-0.0094604,0.012207,-0.0056458,2.0482,0.062866,0
0.0019836,0.00076294,-0.045319,2.7309,0.053406,0
0.01709,-0.0033569,-0.059662,2.5033,0.044861,0
0.02594,-0.0028992,-0.054321,2.5033,0.039978,0
0.029297,-0.00030518,-0.040741,1.8206,0.03418,0
0.027313,-0.0010681,-0.016479,2.2757,0.026245,0
0.020905,-0.00015259,0.0038147,2.0482,0.010376,0
0.011444,-0.00076294,0.010223,2.0482,-0.011597,0
-0.00045776,0.0016785,0.0041199,2.2757,-0.031128,0
-0.016479,0.0041199,-0.0047302,1.1379,-0.042419,0
-0.029297,0.0039673,-0.0027466,2.2757,-0.046387,0
-0.036774,0.0045776,0.014648,1.8206,-0.045776,0
-0.043793,0.0024414,0.036926,2.0482,-0.042419,0
-0.045929,0.0027466,0.050659,1.8206,-0.038147,0
-0.051727,0.0047302,0.058746,1.8206,-0.036011,0
-0.05722,0.0083923,0.074921,1.8206,-0.033264,0
-0.05188,0.0085449,0.084534,1.3655,-0.032043,0
-0.042114,0.011292,0.068054,1.3655,-0.031433,0
-0.034637,0.010834,0.050049,1.8206,-0.03418,0
-0.027313,0.010223,0.041046,2.0482,-0.041199,0
-0.02121,0.0057983,0.033875,2.2757,-0.049744,0
-0.026245,0.0048828,0.017395,2.0482,-0.055237,0
-0.045166,0.0016785,-0.0080872,2.0482,-0.059204,0
-0.066681,-0.0036621,-0.025177,2.2757,-0.063782,0
-0.072327,-0.007782,-0.03067,2.9584,-0.069885,0
-0.059204,-0.0088501,-0.022888,2.5033,-0.074463,0
-0.041046,-0.0074768,-0.0071716,2.5033,-0.076904,0
-0.021667,-0.0035095,0.0022888,2.7309,-0.077515,0
0.0019836,-0.0022888,-0.0053406,2.2757,-0.075684,0
0.023193,-0.0059509,-0.018158,2.2757,-0.069275,0
0.029907,-0.0086975,-0.029602,2.9584,-0.058594,0
0.031586,-0.0090027,-0.034027,2.7309,-0.045776,0
0.030975,-0.0088501,-0.035095,2.9584,-0.036621,0
0.031128,-0.0088501,-0.035095,2.7309,-0.031128,0
0.031281,-0.0090027,-0.035095,2.7309,-0.02594,0
0.031281,-0.0088501,-0.035248,2.0482,-0.0177,0
0.030975,-0.0090027,-0.035095,2.5033,-0.0064087,0
0.031281,-0.0090027,-0.034637,2.7309,0.0024414,0
0.030975,-0.0057983,-0.028992,2.0482,0.010986,0
0.031281,-0.0042725,-0.010986,2.5033,0.019226,0
0.031281,-0.0056458,0.015564,1.8206,0.025635,0
0.033264,-0.0032043,0.036011,2.2757,0.030518,0
0.034332,-0.00061035,0.043488,2.2757,0.031433,0
0.027161,0.0018311,0.041046,2.2757,0.030823,0
0.019226,0.0027466,0.037842,2.2757,0.032349,0
0.020294,0.0015259,0.037689,2.0482,0.038452,0
0.022583,-0.00076294,0.034332,1.1379,0.045776,0
0.017242,0.0022888,0.036316,1.5931,0.052185,0
0.007019,0.0022888,0.039673,1.3655,0.054016,0
-0.0013733,0.0027466,0.039062,1.3655,0.055847,0
-0.007782,0.0030518,0.034485,2.0482,0.057373,0
-0.013885,0.00091553,0.030823,1.1379,0.059814,0
-0.020905,-0.005188,0.032349,1.3655,0.059814,0
-0.02243,-0.0085449,0.037079,1.8206,0.052185,0
-0.018768,-0.010376,0.04776,2.2757,0.038452,0
-0.014648,-0.0097656,0.058899,1.8206,0.019836,0
-0.0094604,-0.0091553,0.06134,2.0482,0.0045776,0
-0.002594,-0.010986,0.062561,1.1379,-0.007019,0
0.0050354,-0.01297,0.062408,1.3655,-0.016785,0
0.015106,-0.01358,0.058136,2.2757,-0.02655,0
0.029449,-0.010834,0.05249,1.5931,-0.039062,0
0.042114,-0.0076294,0.058746,2.2757,-0.050659,0
0.04425,-0.0033569,0.072174,2.0482,-0.058289,0
0.034332,0.0038147,0.077667,2.2757,-0.058594,0
0.026398,0.0056458,0.073853,1.5931,-0.051575,0
0.035553,0.0030518,0.072937,2.0482,-0.04303,0
0.050049,0.0012207,0.075684,2.2757,-0.0354,0
0.049286,0.0024414,0.071259,1.8206,-0.03479,0
0.039215,0.007019,0.06424,2.7309,-0.04364,0
0.023193,0.0036621,0.06073,2.7309,-0.059814,0
-0.00015259,0.0015259,0.054169,2.2757,-0.076294,0
-0.019379,0.0022888,0.043335,2.0482,-0.087585,0
-0.025177,0.0045776,0.027466,2.7309,-0.089111,0
-0.025177,0.0053406,0.012207,1.3655,-0.087585,0
-0.02655,0.0042725,0.0047302,1.8206,-0.087891,0
-0.021362,0.0035095,0.0053406,1.8206,-0.093994,0
0.0010681,0.0047302,0.0057983,2.0482,-0.10437,0
0.037079,0.0038147,0.0035095,1.8206,-0.11871,0
0.06134,0.0016785,0.0019836,2.2757,-0.13519,0
0.071869,-0.0016785,-0.0021362,1.8206,-0.14801,0
0.078888,-0.00076294,-0.018005,1.8206,-0.15228,0
0.080719,-0.0010681,-0.039825,1.5931,-0.14526,0
0.06897,-0.0042725,-0.049438,1.8206,-0.12939,0
0.051575,-0.0035095,-0.04715,2.5033,-0.11383,0
0.03418,-0.0035095,-0.04303,1.8206,-0.10345,0
0.013885,-0.0022888,-0.046387,2.5033,-0.099487,0
-0.0064087,-0.0021362,-0.053406,1.8206,-0.098267,0
-0.017242,-0.0062561,-0.056305,2.5033,-0.09613,0
-0.01358,-0.0053406,-0.055084,2.0482,-0.089417,0
-0.0030518,0,-0.050201,2.2757,-0.072937,0
0.0064087,0.0042725,-0.046692,1.1379,-0.052795,0
0.0064087,0.0071716,-0.047913,1.5931,-0.033264,0
-0.0028992,0.009613,-0.047302,2.5033,-0.015869,0
-0.0057983,0.0088501,-0.042877,2.0482,-0.0015259,0
-0.0010681,0.0099182,-0.038757,2.2757,0.012207,0
0.0027466,0.011749,-0.032349,2.5033,0.027161,0
0.0035095,0.015564,-0.02121,2.2757,0.048523,0
0.0016785,0.01236,-0.024261,1.5931,0.071106,0
-0.0015259,0.004425,-0.042877,1.5931,0.093994,0
-0.007782,-0.0019836,-0.068054,2.0482,0.11749,0
-0.015106,-0.0099182,-0.084229,2.0482,0.13763,0
-0.02121,-0.014496,-0.085297,2.0482,0.14465,0
-0.023651,-0.014496,-0.083313,2.7309,0.13184,0
-0.021057,-0.014191,-0.085297,2.2757,0.10559,0
-0.016327,-0.015259,-0.090637,2.2757,0.078125,0
-0.01358,-0.013275,-0.092621,2.5033,0.056763,0
-0.015106,-0.013123,-0.089111,2.2757,0.042725,0
-0.021515,-0.013885,-0.086823,2.9584,0.032349,0
-0.035248,-0.016022,-0.079803,2.7309,0.015259,0
-0.051575,-0.020752,-0.065308,2.2757,-0.0088501,0
-0.054779,-0.020294,-0.054169,2.5033,-0.031738,0
-0.048218,-0.017548,-0.040741,2.7309,-0.049438,0
-0.037537,-0.011444,-0.025024,2.0482,-0.057678,0
-0.019836,-0.0045776,-0.010681,2.2757,-0.056152,0
0,-0.00015259,-0.0041199,2.5033,-0.047913,0
0.012207,0.007019,0.0012207,2.5033,-0.038757,0
0.017548,0.014801,0.02243,2.7309,-0.033264,0
0.020142,0.021667,0.041962,2.5033,-0.030823,0
0.022125,0.02182,0.050354,2.7309,-0.028687,0
0.021667,0.020905,0.054321,1.5931,-0.020752,0
0.022583,0.023346,0.059357,2.0482,-0.0082397,0
0.021667,0.023193,0.067902,1.1379,0.0076294,0
0.018463,0.021515,0.075836,2.2757,0.027466,0
0.021973,0.023651,0.073242,1.8206,0.046387,0
0.030365,0.02594,0.063019,2.2757,0.058899,0
0.034637,0.022888,0.050049,1.8206,0.067444,0
0.026093,0.019226,0.03952,2.0482,0.074158,0
0.0074768,0.019836,0.041046,2.2757,0.080566,0
-0.0041199,0.023041,0.047302,2.2757,0.090637,0
-0.0076294,0.023193,0.049744,2.5033,0.099792,0
-0.0080872,0.021515,0.048828,2.0482,0.10529,0
-0.0079346,0.020294,0.046997,1.8206,0.10315,0
-0.0080872,0.021667,0.047913,1.5931,0.097656,0
-0.0080872,0.02121,0.052643,1.1379,0.094604,0
-0.0079346,0.023193,0.053864,1.3655,0.09613,0
-0.0079346,0.019531,0.041656,2.0482,0.10437,0
-0.0079346,0.010223,0.010681,1.1379,0.11383,0
-0.0035095,-0.00091553,-0.025177,2.0482,0.12329,0
0.0045776,-0.0038147,-0.041656,1.5931,0.13214,0
0.0050354,-0.0016785,-0.039978,2.0482,0.14221,0
0.0042725,-0.0024414,-0.032349,2.2757,0.15228,0
0.011292,-0.0024414,-0.027313,2.0482,0.16663,0
0.0177,-0.005188,-0.031128,2.0482,0.19684,0
0.019836,-0.0093079,-0.047455,1.8206,0.23987,0
0.01709,-0.014191,-0.065002,2.2757,0.27435,0
0.0093079,-0.014191,-0.070343,2.5033,0.28229,0
0.00076294,-0.01297,-0.063934,1.8206,0.26184,0
-0.011139,-0.01297,-0.053101,1.8206,0.23285,0
-0.025024,-0.014038,-0.045624,1.8206,0.21149,0
-0.038605,-0.015564,-0.046387,2.7309,0.20081,0
-0.049896,-0.017395,-0.052338,2.7309,0.19867,0
-0.05722,-0.015564,-0.049896,2.5033,0.20142,0
-0.05127,-0.013885,-0.044708,2.7309,0.20905,0
-0.031433,-0.01358,-0.039062,1.3655,0.21912,0
-0.01236,-0.012512,-0.028534,1.5931,0.22736,0
-0.0041199,-0.011444,-0.015106,1.8206,0.23132,0
-0.0076294,-0.012817,-0.011292,2.0482,0.23071,0
-0.017395,-0.0094604,-0.014343,2.5033,0.22583,0
-0.027466,-0.010223,-0.013733,2.2757,0.21484,0
-0.032196,-0.014648,-0.0086975,2.2757,0.2005,0
-0.026703,-0.020447,-0.0036621,2.0482,0.18555,0
-0.015411,-0.021515,-0.0073242,2.2757,0.17456,0
-0.0021362,-0.020294,-0.013428,2.2757,0.16815,0
0.00061035,-0.023499,-0.026855,2.0482,0.15717,0
-0.005188,-0.024567,-0.040894,2.0482,0.14252,0
-0.011749,-0.028534,-0.038452,2.2757,0.12756,0
-0.019379,-0.028839,-0.024414,1.8206,0.11047,0
-0.026855,-0.025482,-0.0038147,2.0482,0.097046,0
-0.028534,-0.017548,0.0177,1.1379,0.088806,0
-0.026245,-0.011139,0.04364,1.5931,0.083313,0
-0.024109,-0.0061035,0.07309,2.0482,0.079956,0
-0.019073,-0.0022888,0.095825,2.0482,0.075378,0
-0.013733,0.0012207,0.10345,1.5931,0.070496,0
-0.0080872,0.0027466,0.10193,1.8206,0.067139,0
0.00045776,0.0015259,0.098877,2.2757,0.06958,0
0.0033569,0.0013733,0.097809,2.2757,0.074768,0
-0.0015259,0.0050354,0.10132,2.0482,0.076599,0
-0.0080872,0.0073242,0.11276,1.3655,0.072937,0
-0.002594,0.0082397,0.12054,1.3655,0.065002,0
0.022736,0.0097656,0.12177,1.8206,0.054932,0
0.052948,0.007019,0.11322,2.2757,0.044861,0
0.067139,0.002594,0.089111,1.5931,0.032349,0
0.070496,-0.00076294,0.062714,1.5931,0.025024,0
0.076752,-0.0030518,0.056763,2.2757,0.020142,0
0.084686,-0.004425,0.064392,2.9584,0.019836,0
0.082397,-0.0091553,0.067596,2.2757,0.024109,0
0.072784,-0.014038,0.06897,2.2757,0.038147,0
0.067596,-0.017395,0.07843,2.2757,0.056763,0
0.066681,-0.018616,0.086823,1.5931,0.06958,0
0.063782,-0.0177,0.078583,2.0482,0.074158,0
0.05722,-0.021515,0.056152,1.5931,0.06958,0
0.047302,-0.026093,0.032654,2.0482,0.068054,0
0.043488,-0.02655,0.021667,2.2757,0.076294,0
0.042114,-0.023193,0.026093,2.5033,0.09613,0
0.032501,-0.021515,0.030975,2.5033,0.11505,0
0.0177,-0.019379,0.028534,2.2757,0.11871,0
0.0067139,-0.01709,0.018921,2.0482,0.11292,0
-0.0082397,-0.011139,0.0085449,2.0482,0.10559,0
-0.029907,-0.0047302,0.0090027,2.7309,0.10498,0
-0.048981,-0.0019836,0.011292,1.8206,0.10956,0
-0.063171,-0.0028992,0.0010681,2.2757,0.1178,0
-0.068359,-0.00076294,-0.01236,1.3655,0.12848,0
-0.076599,0.00030518,-0.014191,2.2757,0.13977,0
-0.090485,-0.0036621,-0.015717,1.3655,0.14771,0
-0.097046,-0.0054932,-0.014191,2.0482,0.15381,0
-0.093842,-0.0047302,-0.0086975,2.0482,0.15106,0
-0.072021,-0.00091553,-0.0062561,2.2757,0.1416,0
-0.02594,0.00045776,-0.0035095,2.0482,0.13123,0
0.018158,0.00076294,0.0047302,2.2757,0.13,0
0.038452,0.0022888,0.015411,1.8206,0.14069,0
0.031738,0.0027466,0.021515,2.0482,0.15686,0
0.0038147,0.0013733,0.020447,2.0482,0.16785,0
-0.041962,-0.002594,0.014038,2.0482,0.16663,0
-0.085449,-0.0062561,-0.0053406,1.8206,0.15411,0
-0.095825,-0.0053406,-0.024872,1.8206,0.13947,0
-0.067902,-0.0030518,-0.022125,1.5931,0.12726,0
-0.026855,-0.0015259,-0.004425,2.5033,0.11292,0
0.014343,0.0042725,0.0022888,2.2757,0.097961,0
0.064392,0.007019,-0.00045776,1.5931,0.087891,0
0.10193,0.0062561,-0.0048828,1.3655,0.08667,0
0.1059,0.0027466,-0.004425,1.5931,0.091553,0
0.079041,0,-0.0033569,2.0482,0.089417,0
0.046082,-0.0015259,-0.0027466,2.2757,0.079651,0
0.026398,0.0036621,0.00061035,2.5033,0.065918,0
0.013428,0.011444,0.010681,2.5033,0.056763,0
0.0022888,0.018158,0.020905,1.5931,0.054932,0
-0.010071,0.023041,0.020294,2.5033,0.06897,0
-0.023346,0.025177,0.01358,2.0482,0.11444,0
-0.02594,0.027008,0.0086975,2.7309,0.18494,0
-0.018005,0.028534,0.0032043,2.2757,0.2594,0
-0.014191,0.024872,-0.011749,2.2757,0.31342,0
-0.017395,0.018463,-0.029297,2.9584,0.33203,0
-0.018768,0.017242,-0.026398,2.9584,0.30792,0
-0.010071,0.018311,-0.012665,2.5033,0.24139,0
0.0039673,0.021515,0.0038147,2.2757,0.15289,0
0.011749,0.030212,0.020599,2.5033,0.068359,0
0.015259,0.034027,0.02594,2.7309,0.0018311,0
0.020905,0.031281,0.014648,2.2757,-0.044861,0
0.029755,0.021515,0.00045776,2.2757,-0.070801,0
0.034485,0.018158,0.00045776,2.2757,-0.079651,0
0.035706,0.019684,0.011749,2.2757,-0.082703,0
0.033417,0.023193,0.023041,2.5033,-0.087891,0
0.021057,0.025177,0.023346,1.8206,-0.089111,0
0.0032043,0.025024,0.025177,1.5931,-0.083923,0
-0.010986,0.023499,0.023651,1.8206,-0.071411,0
-0.018463,0.019684,0.016022,2.2757,-0.045166,0
-0.022736,0.015259,0.019989,2.0482,-0.0076294,0
-0.021667,0.01297,0.032043,2.0482,0.032654,0
-0.018921,0.010834,0.044861,2.0482,0.065613,0
-0.017853,0.0054932,0.055695,1.8206,0.091858,0
-0.01709,0.00015259,0.064087,2.0482,0.1123,0
-0.012817,-0.0048828,0.066986,1.5931,0.12909,0
-0.0048828,-0.011139,0.064392,1.5931,0.14893,0
-0.004425,-0.018158,0.053253,1.5931,0.18066,0
-0.016174,-0.019379,0.049286,1.5931,0.22186,0
-0.034027,-0.022278,0.047455,2.0482,0.26245,0
-0.04364,-0.026855,0.05249,2.0482,0.28595,0
-0.03891,-0.031433,0.059814,1.3655,0.28168,0
-0.028381,-0.033112,0.068512,1.3655,0.25818,0
-0.0099182,-0.032349,0.071869,2.5033,0.23468,0
0.01236,-0.034332,0.06897,1.8206,0.22308,0
0.033264,-0.033875,0.054474,2.2757,0.22369,0
0.046539,-0.032043,0.04303,2.9584,0.22858,0
0.039825,-0.029755,0.04715,2.2757,0.22949,0
0.018463,-0.028839,0.060577,3.186,0.21729,0
0.0012207,-0.028534,0.077209,2.2757,0.19379,0
-0.0059509,-0.028839,0.091858,2.9584,0.16632,0
-0.007019,-0.031586,0.094757,2.2757,0.13916,0
-0.0024414,-0.033264,0.088806,2.2757,0.11902,0
0.0090027,-0.034943,0.076447,2.7309,0.10559,0
0.019073,-0.033722,0.076294,2.2757,0.09552,0
0.025635,-0.028687,0.085907,2.2757,0.090332,0
0.032043,-0.025177,0.08667,2.0482,0.083923,0
0.035706,-0.023651,0.082092,2.7309,0.079651,0
0.037842,-0.024109,0.072632,2.2757,0.075378,0
0.039215,-0.023651,0.063629,2.5033,0.06897,0
0.038605,-0.022125,0.06012,2.2757,0.06073,0
0.035095,-0.018005,0.054321,2.5033,0.053101,0
0.037994,-0.011444,0.050354,2.7309,0.050964,0
0.049896,-0.0048828,0.049286,2.2757,0.056763,0
0.062256,0.0013733,0.049896,1.8206,0.064392,0
0.061188,0.010681,0.05188,1.3655,0.067444,0
0.046082,0.017853,0.047913,1.3655,0.067444,0
0.025635,0.019836,0.037231,1.1379,0.069275,0
0.010223,0.018311,0.024872,1.3655,0.072327,0
-0.00030518,0.015411,0.031586,1.8206,0.075073,0
-0.014343,0.018005,0.056305,2.2757,0.073242,0
-0.030212,0.022583,0.080261,1.8206,0.069885,0
-0.042267,0.019989,0.0914,1.5931,0.071716,0
-0.054474,0.015564,0.093994,2.2757,0.080261,0
-0.064087,0.016785,0.083008,1.1379,0.085144,0
-0.062866,0.018921,0.062561,1.1379,0.087891,0
-0.054779,0.017242,0.047607,1.8206,0.091553,0
-0.041046,0.017548,0.043335,1.8206,0.10254,0
-0.021667,0.022736,0.035706,1.5931,0.11902,0
-0.004425,0.024261,0.025635,1.1379,0.13397,0
0.0088501,0.018921,0.010376,2.0482,0.14404,0
0.015259,0.014496,0.0041199,2.0482,0.15259,0
0.0073242,0.014496,0.0093079,2.0482,0.1593,0
-0.005188,0.018158,0.010681,2.0482,0.15869,0
-0.013275,0.018158,0.00045776,2.2757,0.1535,0
-0.019989,0.016327,-0.013733,2.9584,0.15015,0
-0.036163,0.013733,-0.029602,2.7309,0.15289,0
-0.055389,0.0068665,-0.046844,2.7309,0.16266,0
-0.06485,0.0019836,-0.063629,2.7309,0.17334,0
-0.063782,-0.0036621,-0.074158,2.7309,0.18066,0
-0.057526,-0.0074768,-0.075836,2.2757,0.17944,0
-0.052032,-0.012054,-0.06485,1.8206,0.17334,0
-0.057373,-0.010223,-0.061493,1.8206,0.16876,0
-0.067139,-0.0091553,-0.059967,2.0482,0.17426,0
-0.064545,-0.0054932,-0.049591,2.7309,0.18799,0
-0.047455,-0.0010681,-0.033569,2.7309,0.19806,0
-0.020599,0.0041199,-0.017395,2.7309,0.19867,0
0.00061035,0.0085449,-0.00091553,2.2757,0.18982,0
0.0090027,0.013733,0.023651,2.0482,0.18219,0
0.0050354,0.018768,0.051422,1.8206,0.17731,0
-0.0012207,0.024719,0.07019,1.8206,0.17822,0
0.00091553,0.025635,0.079498,1.8206,0.18402,0
0.011139,0.02533,0.088654,1.5931,0.19073,0
0.036011,0.024261,0.096741,2.2757,0.19836,0
0.068512,0.024567,0.11169,2.0482,0.20813,0
0.080719,0.023651,0.12177,1.1379,0.20935,0
0.056305,0.023041,0.11276,1.5931,0.19867,0
0.013123,0.02121,0.093079,2.0482,0.17609,0
-0.032806,0.02121,0.072632,1.8206,0.1535,0
-0.05661,0.015869,0.057983,2.2757,0.14008,0
-0.036926,0.0061035,0.054932,1.8206,0.14099,0
0.0080872,0.007782,0.053864,2.0482,0.14893,0
0.033417,0.010681,0.050354,2.5033,0.1532,0
0.029755,0.0059509,0.051727,2.2757,0.14587,0
0.02121,-0.0010681,0.054016,2.5033,0.12573,0
0.016022,-0.0065613,0.048981,2.5033,0.099792,0
0.0015259,-0.0086975,0.039825,1.5931,0.079346,0
-0.020447,-0.0073242,0.018311,2.0482,0.075073,0
-0.031128,-0.0083923,-0.019379,2.2757,0.086365,0
-0.027466,-0.01297,-0.048218,2.2757,0.11017,0
-0.014343,-0.012665,-0.054932,1.3655,0.13824,0
0.00076294,-0.010071,-0.055695,0.91037,0.16388,0
0.0086975,-0.0076294,-0.063934,0.68281,0.17792,0
0.01236,-0.0079346,-0.070801,1.5931,0.17792,0
0.013885,-0.0065613,-0.068512,2.0482,0.16998,0
0.018311,-0.0016785,-0.057678,2.2757,0.15961,0
0.017548,0.0013733,-0.044708,3.186,0.15991,0
0.010681,-0.0028992,-0.041046,2.0482,0.1712,0
0.0021362,-0.0022888,-0.049286,2.2757,0.18616,0
-0.018005,0.0010681,-0.055847,2.5033,0.20264,0
-0.051117,0.0027466,-0.054016,2.2757,0.21393,0
-0.076447,0.0032043,-0.046234,2.5033,0.21759,0
-0.07431,0.0032043,-0.041962,2.2757,0.22095,0
-0.031433,0.0013733,-0.04425,1.8206,0.23071,0
0.03891,-0.0019836,-0.056763,2.5033,0.24017,0
0.093842,-0.0033569,-0.066681,2.5033,0.24963,0
0.11444,0.0019836,-0.069275,2.7309,0.25604,0
0.12299,0.004425,-0.068665,2.7309,0.26276,0
0.13397,0.0036621,-0.057831,2.5033,0.26917,0
0.12299,0.00015259,-0.039673,2.5033,0.27924,0
0.079193,-0.0030518,-0.024719,1.8206,0.28992,0
0.033875,-0.0071716,-0.020905,2.2757,0.29999,0
0.010834,-0.0099182,-0.023041,2.2757,0.31097,0
0.0045776,-0.0080872,-0.024414,2.5033,0.32288,0
-0.0018311,-0.0041199,-0.023193,2.5033,0.32928,0
-0.0094604,-0.0035095,-0.015106,1.3655,0.32806,0
-0.011292,-0.002594,-0.007019,1.5931,0.31952,0
-0.0056458,-0.0030518,-0.0093079,1.8206,0.30853,0
0.0032043,-0.0038147,-0.025635,2.0482,0.29633,0
-0.0064087,-0.0024414,-0.043488,2.0482,0.28412,0
-0.041962,-0.0015259,-0.055084,1.5931,0.27832,0
-0.074768,-0.0016785,-0.064087,2.0482,0.2774,0
-0.067749,-0.0035095,-0.079956,2.5033,0.27893,0
-0.03006,-0.0088501,-0.092468,2.0482,0.2774,0
0.0053406,-0.016937,-0.097504,2.5033,0.27405,0
0.029297,-0.017548,-0.095978,1.8206,0.26245,0
0.046844,-0.018005,-0.096283,1.8206,0.24384,0
0.058746,-0.018463,-0.10361,2.2757,0.21484,0
0.053406,-0.017395,-0.10452,1.8206,0.1828,0
0.037231,-0.018311,-0.089722,1.8206,0.15564,0
0.016327,-0.021515,-0.067749,2.2757,0.13947,0
-0.0030518,-0.01709,-0.060425,2.0482,0.1355,0
-0.0097656,-0.014648,-0.059662,1.3655,0.14526,0
-0.010376,-0.01358,-0.059662,2.2757,0.16205,0
-0.010529,-0.013733,-0.059662,2.0482,0.177,0
-0.010834,-0.013733,-0.059662,2.7309,0.18372,0
-0.010223,-0.013885,-0.059509,2.7309,0.18188,0
-0.00015259,-0.013733,-0.059814,2.5033,0.18036,0
0.023804,-0.0090027,-0.060577,2.2757,0.17853,0
0.040283,-0.0039673,-0.056305,2.2757,0.17853,0
0.046082,-0.0033569,-0.045929,1.3655,0.19287,0
0.039062,-0.0022888,-0.041962,1.8206,0.21576,0
0.025787,-0.0035095,-0.054779,1.8206,0.23163,0
0.012665,-0.0038147,-0.075378,1.8206,0.22614,0
0.0012207,-0.0027466,-0.084381,1.5931,0.20691,0
-0.00015259,-0.0018311,-0.089111,2.0482,0.18616,0
0.0091553,-0.0016785,-0.089264,2.0482,0.1709,0
0.025482,0,-0.085602,2.7309,0.15869,0
0.037994,0.0019836,-0.077667,2.7309,0.14313,0
0.041199,0.0042725,-0.065918,1.8206,0.12482,0
0.029602,0.0024414,-0.060272,2.5033,0.1059,0
0.0056458,0.00015259,-0.053864,2.5033,0.092163,0
-0.021057,0.0030518,-0.036469,1.8206,0.085449,0
-0.039368,0.0053406,-0.017548,2.0482,0.084839,0
-0.039978,0.0039673,-0.010529,1.8206,0.092163,0
-0.040436,0.0018311,-0.01297,1.3655,0.1059,0
-0.066681,-0.00091553,-0.018768,2.2757,0.11536,0
-0.12009,-0.0067139,-0.020447,2.7309,0.11353,0
-0.17197,-0.014954,-0.024109,2.5033,0.10101,0
-0.19012,-0.02121,-0.035553,2.5033,0.084534,0
-0.15961,-0.025024,-0.045471,2.2757,0.077515,0
-0.095978,-0.027924,-0.056152,1.8206,0.081482,0
-0.029297,-0.029907,-0.055847,2.0482,0.093994,0
0.016022,-0.027771,-0.049286,0.68281,0.10803,0
0.028229,-0.024719,-0.048065,1.8206,0.11566,0
0.018005,-0.022583,-0.056,0.91037,0.11108,0
0.020294,-0.021515,-0.05661,2.2757,0.094299,0
0.048218,-0.02121,-0.033722,2.2757,0.082092,0
0.07431,-0.022736,-0.0067139,2.0482,0.085144,0
0.082092,-0.021667,0.015106,1.3655,0.10437,0
0.085297,-0.016174,0.035706,1.8206,0.1355,0
0.084076,-0.011444,0.058136,1.5931,0.16663,0
0.072479,-0.0071716,0.072174,1.8206,0.18768,0
0.049286,0.0010681,0.072479,1.5931,0.20233,0
0.026245,0.0097656,0.072632,1.1379,0.21973,0
0.013275,0.011292,0.061951,1.8206,0.2359,0
0.002594,0.010376,0.045166,2.0482,0.24353,0
-0.015259,0.0076294,0.036774,2.0482,0.23682,0
-0.031738,0.0059509,0.031128,2.2757,0.20905,0
-0.037994,0.0059509,0.023499,2.5033,0.16479,0
-0.032501,0.0088501,0.019073,2.9584,0.11414,0
-0.016632,0.01358,0.023804,2.0482,0.075378,0
0.0080872,0.019836,0.034332,2.7309,0.056763,0
0.029297,0.02243,0.034485,2.7309,0.06012,0
0.024872,0.023499,0.027313,2.5033,0.07782,0
-0.0010681,0.030975,0.033112,2.0482,0.098267,0
-0.028839,0.03952,0.049438,2.7309,0.11841,0
-0.041199,0.046234,0.055847,2.7309,0.13519,0
-0.036011,0.048828,0.04715,2.9584,0.14557,0
-0.021057,0.047607,0.037537,2.7309,0.14526,0
-0.0045776,0.040741,0.022888,2.2757,0.13611,0
0.013733,0.032043,0.00030518,2.9584,0.12329,0
0.010681,0.028534,-0.029297,2.2757,0.11322,0
-0.03418,0.027008,-0.04837,2.2757,0.10376,0
-0.071716,0.021515,-0.050049,1.8206,0.093079,0
-0.061493,0.016937,-0.040436,2.0482,0.080566,0
-0.023804,0.015259,-0.022583,1.5931,0.073547,0
0.01236,0.012817,-0.009613,2.2757,0.067749,0
0.048828,0.0033569,-0.013885,1.5931,0.064697,0
0.083313,-0.0085449,-0.024567,1.3655,0.058594,0
0.096588,-0.016327,-0.032959,1.8206,0.031433,0
0.090179,-0.018616,-0.037689,1.1379,-0.0085449,0
0.084534,-0.016022,-0.033264,2.2757,-0.0091553,0
0.072632,-0.014191,-0.030975,1.8206,0.054932,0
0.039825,-0.012207,-0.033112,1.5931,0.1593,0
0.0021362,-0.0080872,-0.034485,1.8206,0.25269,0
-0.0177,-0.0033569,-0.032959,1.8206,0.29694,0
-0.020752,0.00091553,-0.022736,2.0482,0.28137,0
-0.014954,0.0061035,-0.0065613,2.2757,0.22491,0
-0.019531,0.0097656,0.0057983,2.0482,0.15564,0
-0.040131,0.015259,0.014191,2.0482,0.10254,0
-0.048676,0.020752,0.023956,2.0482,0.072632,0
-0.037994,0.019226,0.031738,2.2757,0.058899,0
-0.049438,0.014954,0.027161,2.2757,0.046997,0
-0.086212,0.014801,0.013885,2.5033,0.02594,0
-0.094757,0.013428,0.0016785,2.2757,-0.01709,0
-0.10315,0.010071,0.009613,2.0482,-0.07843,0
-0.15945,0.0090027,0.035553,2.5033,-0.13702,0
-0.2037,0.010681,0.055084,2.0482,-0.16846,0
-0.17624,0.010681,0.062256,2.0482,-0.16052,0
-0.082703,0.010834,0.052948,1.8206,-0.12604,0
0.043793,0.0088501,0.027924,1.8206,-0.088806,0
0.14114,0.0030518,0.00076294,1.8206,-0.070496,0
0.16708,-0.0018311,-0.024414,1.8206,-0.075684,0
0.14542,-0.0036621,-0.039673,2.2757,-0.08667,0
0.12024,-0.0015259,-0.032806,2.5033,-0.080872,0
0.098419,-0.0027466,-0.010834,2.7309,-0.048218,0
0.073242,-0.0024414,0.005188,2.5033,0.010376,0
0.067749,-0.0010681,0.015259,2.9584,0.080261,0
0.071564,-0.0053406,0.019989,2.5033,0.14801,0
0.049438,-0.0050354,0.020447,2.2757,0.19958,0
0.012054,-0.0028992,0.013275,2.5033,0.22552,0
0.0064087,-0.0016785,0.0010681,2.0482,0.23621,0
0.042725,-0.0013733,-0.0064087,1.8206,0.24536,0
0.079956,-0.0015259,-0.0038147,1.8206,0.25757,0
0.073547,-0.0018311,0.0067139,2.5033,0.27527,0
0.030212,-0.0048828,0.013885,1.5931,0.2948,0
-0.004425,-0.0076294,0.016174,2.0482,0.3064,0
-0.025177,-0.0073242,0.019989,2.5033,0.30975,0
-0.040131,-0.0099182,0.02243,2.2757,0.2948,0
-0.028534,-0.010681,0.019836,1.8206,0.24902,0
0.01358,-0.0068665,0.010223,1.1379,0.16663,0
0.046082,-0.0093079,0.0012207,2.2757,0.059509,0
0.022278,-0.014038,-0.0021362,1.8206,-0.053406,0
-0.051117,-0.019073,-0.0059509,1.3655,-0.15015,0
-0.12665,-0.023804,-0.010834,2.0482,-0.21912,0
-0.15396,-0.026398,-0.013885,1.8206,-0.2597,0
-0.12329,-0.030975,-0.016632,2.2757,-0.27039,0
-0.047302,-0.034637,-0.018921,2.5033,-0.25635,0
0.034332,-0.035553,-0.018311,1.8206,-0.22949,0
0.082092,-0.036163,-0.022736,2.2757,-0.19043,0
0.10391,-0.032654,-0.027008,1.8206,-0.14404,0
0.11276,-0.029449,-0.023346,2.5033,-0.090637,0
0.10025,-0.02533,-0.017548,1.8206,-0.041809,0
0.063019,-0.018921,-0.010376,2.7309,-0.01709,0
0.017395,-0.013428,0.0030518,2.2757,-0.027771,0
-0.02121,-0.010223,0.020447,2.7309,-0.071411,0
-0.019226,-0.0094604,0.035553,2.2757,-0.1297,0
0.023651,-0.013428,0.037384,2.7309,-0.18524,0
0.057526,-0.017395,0.032654,2.5033,-0.21942,0
0.055084,-0.018311,0.037384,2.5033,-0.22308,0
0.051727,-0.010986,0.041656,2.9584,-0.20325,0
0.068359,-0.004425,0.040436,2.2757,-0.17334,0
0.07782,-0.0036621,0.041809,2.0482,-0.14374,0
0.061188,-0.0038147,0.053711,2.5033,-0.12207,0
0.022736,-0.0035095,0.068512,2.2757,-0.11139,0
-0.0079346,0,0.077515,2.0482,-0.10986,0
-0.0071716,-0.00030518,0.074921,1.8206,-0.11139,0
0.014648,0.0038147,0.061798,2.5033,-0.10925,0
0.023651,0.0085449,0.042419,2.5033,-0.098572,0
-0.0056458,0.013428,0.029297,2.7309,-0.074768,0
-0.057373,0.016632,0.019073,2.7309,-0.035095,0
-0.096741,0.0177,0.0042725,1.8206,0.017395,0
-0.097961,0.016022,-0.015106,2.2757,0.067749,0
-0.051117,0.016022,-0.026398,2.7309,0.10071,0
0.029297,0.018311,-0.018463,2.5033,0.13855,0
0.10437,0.021362,-0.0038147,1.8206,0.2356,0
0.13245,0.020905,0.0013733,2.2757,0.38116,0
0.1062,0.018921,0.0073242,2.2757,0.50903,0
0.06897,0.018005,0.018921,1.5931,0.55145,0
0.059509,0.0177,0.02121,2.2757,0.50385,0
0.068359,0.018158,0.014648,2.2757,0.41626,0
0.065613,0.016022,0.016937,2.2757,0.34363,0
0.036774,0.010834,0.02243,2.5033,0.32379,0
-0.009613,0.0053406,0.018311,1.1379,0.4007,0
-0.044098,0.0013733,-0.00045776,2.5033,0.54993,0
-0.036926,-0.0022888,-0.024109,2.0482,0.64423,0
-0.0048828,-0.0085449,-0.032349,2.2757,0.5835,0
0.016479,-0.0093079,-0.024872,2.0482,0.35736,0
0.027008,-0.0076294,-0.010071,2.2757,0.041809,0
0.023193,-0.0067139,0.004425,2.5033,-0.25269,0
-0.01358,-0.0032043,0.013428,1.8206,-0.46814,0
-0.066071,0.0041199,0.015717,2.2757,-0.59723,0
-0.093689,0.010681,0.013733,2.2757,-0.66895,0
-0.079041,0.015869,0.014343,2.0482,-0.7193,0
-0.032806,0.019073,0.022736,2.0482,-0.75958,0
0.002594,0.023193,0.036926,2.5033,-0.7724,0
-0.0016785,0.025024,0.039062,2.5033,-0.71716,0
-0.018311,0.026398,0.026398,2.5033,-0.58014,0
-0.032806,0.022888,0.014954,2.2757,-0.38971,0
-0.078735,0.024109,0.010223,2.2757,-0.19287,0
-0.1564,0.029907,0.027313,2.9584,-0.032349,0
-0.21164,0.035095,0.06012,2.5033,0.059509,0
-0.21744,0.037384,0.087433,2.2757,0.07782,0
-0.18921,0.034943,0.097198,2.2757,0.051575,0
-0.13138,0.028381,0.08316,2.0482,0.02533,0
-0.046997,0.015717,0.050049,2.0482,0.02655,0
0.053864,0,0.026855,2.0482,0.049438,0
0.14984,-0.011749,0.032654,2.5033,0.076904,0
0.19394,-0.013428,0.052948,2.5033,0.090942,0
0.15884,-0.0062561,0.076294,2.2757,0.084534,0
0.08606,-0.002594,0.090942,2.0482,0.063477,0
0.038605,-0.005188,0.090942,1.8206,0.045166,0
0.032501,-0.0079346,0.066986,2.0482,0.04364,0
0.038147,-0.0090027,0.032043,2.5033,0.062256,0
0.033112,-0.0086975,0.0057983,2.2757,0.088806,0
0.044403,-0.0088501,-0.0073242,1.1379,0.10712,0
0.081329,-0.0076294,-0.0067139,1.8206,0.10376,0
0.10788,-0.0079346,0.00015259,2.5033,0.077209,0
0.091095,-0.0088501,0.0048828,1.8206,0.032654,0
0.040283,-0.0059509,0.0064087,2.2757,-0.014343,0
-0.017548,-0.0016785,0.0068665,2.2757,-0.056152,0
-0.072479,-0.0059509,0.0094604,2.0482,-0.085754,0
-0.11612,-0.013275,0.0074768,1.8206,-0.10712,0
-0.12619,-0.020599,-0.0054932,2.2757,-0.12207,0
-0.10391,-0.023193,-0.01709,2.0482,-0.1358,0
-0.055847,-0.02243,-0.023956,1.8206,-0.1535,0
0.0177,-0.024414,-0.020599,1.1379,-0.16449,0
0.074463,-0.023651,-0.014191,2.7309,-0.17303,0
0.067596,-0.013885,-0.011444,1.8206,-0.18799,0
0.018005,-0.0035095,-0.015106,1.8206,-0.2066,0
-0.021973,0.00030518,-0.016479,2.5033,-0.21729,0
-0.031738,0.0019836,0.0091553,2.2757,-0.21362,0
-0.037079,-0.0018311,0.044098,1.8206,-0.19958,0
-0.037842,-0.0045776,0.057831,1.8206,-0.17975,0
-0.0088501,-0.0016785,0.049896,1.8206,-0.15961,0
0.028687,0.00015259,0.035858,2.0482,-0.13916,0
0.037079,-0.0010681,0.020294,2.5033,-0.12054,0
0.032043,-0.0047302,0.017548,2.5033,-0.10193,0
0.037384,-0.0093079,0.028534,2.5033,-0.079651,0
0.049896,-0.0079346,0.035706,2.7309,-0.054932,0
0.063171,-0.0053406,0.037079,2.9584,-0.035706,0
0.076447,-0.0057983,0.039062,2.5033,-0.027771,0
0.084534,-0.0062561,0.045624,2.5033,-0.034485,0
0.083771,-0.0048828,0.045776,2.2757,-0.049438,0
0.076141,-0.0027466,0.033264,2.7309,-0.067139,0
0.068054,-0.0018311,0.013885,2.5033,-0.080261,0
0.058594,-0.0016785,0.00061035,2.2757,-0.085144,0
0.044861,-0.0016785,-0.0090027,1.5931,-0.076599,0
0.028076,0,-0.017395,2.7309,-0.061951,0
0.014191,0.0018311,-0.027618,2.5033,-0.041199,0
0.015259,0.0061035,-0.040741,2.5033,-0.020752,0
0.03006,0.010376,-0.050201,2.5033,-0.0021362,0
0.043945,0.011292,-0.052948,2.0482,0.012817,0
0.045929,0.013885,-0.041809,2.5033,0.02533,0
0.032959,0.018158,-0.030823,2.2757,0.032654,0
0.016327,0.021057,-0.028992,1.8206,0.027771,0
0.0016785,0.018921,-0.031281,2.2757,-0.013123,0
-0.0065613,0.0085449,-0.033722,1.3655,-0.097961,0
-0.00061035,-0.002594,-0.0354,1.8206,-0.20294,0
0.0085449,-0.012207,-0.038757,2.2757,-0.29266,0
0.012665,-0.014648,-0.045319,1.8206,-0.33844,0
0.010223,-0.020752,-0.047302,2.2757,-0.33081,0
0.004425,-0.025177,-0.050049,2.5033,-0.27161,0
-0.0047302,-0.027313,-0.049896,2.2757,-0.17456,0
-0.015717,-0.028381,-0.049286,2.5033,-0.063171,0
-0.022736,-0.02533,-0.057068,2.2757,0.038147,0
-0.028992,-0.020752,-0.067139,1.8206,0.10193,0
-0.029297,-0.017395,-0.062714,2.2757,0.12451,0
-0.019073,-0.018158,-0.061951,1.8206,0.11078,0
-0.0035095,-0.018616,-0.06897,1.5931,0.079346,0
-0.002594,-0.020447,-0.063324,2.2757,0.051575,0
-0.0053406,-0.022736,-0.036926,1.3655,0.040283,0
-0.0059509,-0.023651,-0.0073242,2.2757,0.053101,0
-0.011139,-0.020447,0.010223,2.0482,0.084229,0
-0.018768,-0.017242,0.018311,2.0482,0.11932,0
-0.014648,-0.013123,0.019531,2.2757,0.14374,0
0.0016785,-0.011749,0.02182,2.7309,0.15259,0
0.015869,-0.010986,0.0383,2.7309,0.14618,0
0.020294,-0.0094604,0.067444,2.2757,0.13611,0
0.016937,-0.0059509,0.090027,2.2757,0.12512,0
0.0086975,-0.0042725,0.10452,2.5033,0.11627,0
-0.0016785,-0.0068665,0.1181,2.5033,0.10681,0
-0.010223,-0.0097656,0.12527,2.2757,0.095215,0
-0.017853,-0.0079346,0.1207,2.7309,0.081482,0
-0.020752,-0.0035095,0.10849,2.2757,0.076294,0
-0.011597,-0.00045776,0.098267,2.0482,0.073242,0
0.0045776,0.0016785,0.081635,1.8206,0.06958,0
0.0079346,-0.0015259,0.067444,2.0482,0.068054,0
-0.012665,-0.0053406,0.066528,2.5033,0.073853,0
-0.043182,-0.007782,0.084534,2.5033,0.07782,0
-0.066376,-0.0073242,0.087433,2.7309,0.081177,0
-0.059357,-0.007019,0.058746,1.8206,0.084839,0
-0.012665,-0.0062561,0.026398,2.0482,0.10254,0
0.047913,-0.0013733,0.014648,2.2757,0.14343,0
0.095367,0.0067139,0.016022,2.0482,0.1651,0
0.12268,0.011749,0.015106,2.0482,0.13458,0
0.11734,0.012665,0.0083923,1.1379,0.063477,0
0.076599,0.0093079,0.0048828,1.1379,-0.0079346,0
0.03418,0.0047302,0.00076294,2.0482,-0.043945,0
0.023804,-0.0030518,-0.0090027,2.0482,-0.047607,0
0.039825,-0.0086975,-0.026245,2.2757,-0.038757,0
0.044861,-0.0094604,-0.027161,2.2757,-0.039978,0
0.034943,-0.010376,-0.0062561,1.8206,-0.058289,0
0.032806,-0.0048828,0.012207,2.2757,-0.083618,0
0.040436,-0.0024414,0.016327,1.8206,-0.10223,0
0.034637,-0.0045776,0.031281,2.5033,-0.10376,0
0.0062561,-0.00091553,0.057373,2.0482,-0.087585,0
-0.021973,0.010071,0.083618,2.5033,-0.064392,0
-0.035553,0.025635,0.11108,2.0482,-0.044556,0
-0.03952,0.031128,0.12909,2.2757,-0.029297,0
-0.028839,0.032806,0.12054,2.0482,-0.01709,0
-0.0086975,0.032501,0.09491,2.0482,-0.0085449,0
-0.004425,0.028687,0.072174,2.0482,-0.0033569,0
-0.031128,0.02182,0.053711,2.0482,0.0021362,0
-0.064392,0.017242,0.037384,2.9584,0.0073242,0
-0.079803,0.019989,0.032196,2.5033,0.012817,0
-0.075226,0.019684,0.031891,2.7309,0.020447,0
-0.053406,0.024261,0.039215,2.2757,0.031128,0
-0.011902,0.028687,0.04364,2.5033,0.039673,0
0.031891,0.03006,0.047913,2.2757,0.046082,0
0.049744,0.033112,0.058136,2.0482,0.046082,0
0.04364,0.033112,0.056915,1.8206,0.046692,0
0.028229,0.030823,0.042572,2.0482,0.050354,0
0.014496,0.028687,0.031128,2.5033,0.069275,0
0.0067139,0.027161,0.023651,2.0482,0.10437,0
-0.0064087,0.019836,0.012665,1.8206,0.1474,0
-0.025787,0.017548,0.0057983,2.2757,0.18433,0
-0.042725,0.013275,-0.0013733,2.7309,0.20264,0
-0.053558,0.010834,-0.0033569,2.5033,0.20325,0
-0.054779,0.0050354,0.010681,2.9584,0.19775,0
-0.03891,-0.0042725,0.035095,2.0482,0.20111,0
-0.014191,-0.013275,0.046692,2.0482,0.21667,0
0.0059509,-0.022125,0.04715,2.2757,0.23712,0
0.0097656,-0.025482,0.044098,2.5033,0.25421,0
-0.0050354,-0.026398,0.052032,2.2757,0.2655,0
-0.02121,-0.028992,0.0737,1.8206,0.271,0
-0.028992,-0.026093,0.095215,2.0482,0.27679,0
-0.032043,-0.022125,0.097046,1.8206,0.28259,0
-0.029755,-0.018463,0.076447,2.7309,0.28809,0
-0.018921,-0.013885,0.041046,2.0482,0.29388,0
-0.0056458,-0.013123,-0.015717,2.5033,0.2948,0
-0.0059509,-0.016785,-0.082245,2.5033,0.2951,0
-0.015717,-0.018005,-0.11017,1.5931,0.29388,0
-0.015717,-0.013733,-0.095367,2.0482,0.29144,0
-0.007019,-0.0088501,-0.079193,1.5931,0.28381,0
0.0027466,-0.0099182,-0.070801,2.5033,0.26917,0
0.010681,-0.012817,-0.052185,2.2757,0.24689,0
0.014496,-0.015106,-0.032043,2.2757,0.22125,0
0.027466,-0.013275,-0.031586,2.0482,0.19196,0
0.045013,-0.013275,-0.051422,1.8206,0.16357,0
0.03952,-0.014343,-0.075989,2.2757,0.13519,0
0.0047302,-0.021973,-0.089417,2.2757,0.10834,0
-0.040741,-0.028229,-0.09552,2.7309,0.085754,0
-0.080872,-0.025787,-0.090637,1.8206,0.07019,0
-0.12314,-0.021515,-0.068817,1.8206,0.054321,0
-0.15793,-0.023804,-0.041046,2.0482,0.037842,0
-0.15335,-0.024261,-0.0383,2.5033,0.021362,0
-0.10117,-0.020752,-0.048523,2.7309,0.013733,0
-0.032196,-0.019073,-0.044708,2.2757,0.021362,0
0.016022,-0.016785,-0.02655,2.2757,0.032959,0
0.029144,-0.010223,0.00030518,1.8206,0.044861,0
0.02121,-0.0057983,0.022736,2.5033,0.057373,0
0.021515,-0.0074768,0.030365,2.2757,0.074768,0
0.027466,-0.010223,0.031128,2.7309,0.098267,0
0.034637,-0.011139,0.029602,2.2757,0.1236,0
0.064087,-0.0094604,0.024414,2.2757,0.14862,0
0.10498,-0.0059509,0.021362,2.5033,0.16663,0
0.10147,-0.0012207,0.013275,1.5931,0.17639,0
0.060272,0.0053406,-0.0010681,2.7309,0.18036,0
0.027313,0.0091553,-0.0033569,2.7309,0.17883,0
0.010376,0.010986,0.00076294,2.7309,0.17273,0
0.016937,0.01358,-0.0030518,2.2757,0.16083,0
0.039062,0.014496,-0.010681,2.0482,0.1413,0
0.032043,0.0074768,-0.029907,2.0482,0.12268,0
0.004425,0.0024414,-0.054169,2.2757,0.10773,0
0.0019836,0.00045776,-0.082245,2.2757,0.090942,0
0.027771,-0.0028992,-0.1059,2.7309,0.069275,0
0.050201,-0.007019,-0.12161,2.2757,0.043335,0
0.06485,-0.010071,-0.13306,1.8206,0.020752,0
0.077972,-0.010071,-0.13748,2.5033,-0.00030518,0
0.078735,-0.015106,-0.14145,2.2757,-0.018921,0
0.063171,-0.018158,-0.13184,2.0482,-0.032349,0
0.049133,-0.017242,-0.1207,2.2757,-0.037842,0
0.039978,-0.016327,-0.12299,2.2757,-0.028687,0
0.015717,-0.014801,-0.13077,2.0482,-0.022583,0
-0.009613,-0.010681,-0.12924,1.5931,-0.033264,0
-0.013733,-0.007019,-0.11688,2.0482,-0.050354,0
-0.0082397,0.0012207,-0.095367,2.0482,-0.067749,0
0.0065613,0.0093079,-0.076447,2.0482,-0.083313,0
0.050354,0.011902,-0.074158,1.8206,-0.10162,0
0.1001,0.0028992,-0.081024,1.8206,-0.12238,0
0.11475,-0.0071716,-0.086517,2.0482,-0.15076,0
0.084229,-0.013733,-0.084991,2.2757,-0.1828,0
0.031281,-0.013123,-0.077972,2.0482,-0.21271,0
-0.013885,-0.013733,-0.063171,1.8206,-0.22919,0
-0.037994,-0.019989,-0.037537,2.0482,-0.22797,0
-0.050507,-0.022888,-0.0094604,2.5033,-0.21423,0
-0.064697,-0.018616,0.0093079,2.5033,-0.19409,0
-0.082703,-0.010986,0.0074768,2.2757,-0.17334,0
-0.097504,-0.010834,-0.0080872,2.5033,-0.15961,0
-0.10361,-0.015259,-0.017395,2.0482,-0.15533,0
-0.10422,-0.029602,-0.019531,2.0482,-0.15076,0
-0.10605,-0.04364,-0.021515,2.5033,-0.13824,0
-0.1062,-0.041199,-0.033569,2.5033,-0.11078,0
-0.10071,-0.027924,-0.036163,2.0482,-0.078125,0
-0.087891,-0.012665,-0.0076294,2.7309,-0.048218,0
-0.075836,-0.0015259,0.028992,2.2757,-0.029297,0
-0.069427,-0.00030518,0.045929,2.5033,-0.028687,0
-0.072937,-0.00015259,0.038452,2.0482,-0.037231,0
-0.079346,0.0010681,0.010681,2.0482,-0.046387,0
-0.067596,0.0074768,-0.0083923,2.2757,-0.049438,0
-0.042114,0.014191,-0.0048828,2.0482,-0.047607,0
-0.023804,0.013885,0.0054932,2.2757,-0.045471,0
-0.013123,0.007782,0.014191,2.0482,-0.047913,0
-0.0024414,0.011139,0.015106,2.0482,-0.057373,0
-0.0015259,0.028381,0.014038,2.0482,-0.067139,0
-0.013428,0.0383,0.02655,2.0482,-0.076904,0
-0.028381,0.034485,0.042114,2.5033,-0.082397,0
-0.035553,0.028229,0.048981,1.8206,-0.082703,0
-0.024567,0.030212,0.051727,1.5931,-0.079346,0
-0.004425,0.035095,0.045319,1.3655,-0.081177,0
-0.0074768,0.0354,0.039825,1.3655,-0.092163,0
-0.051117,0.031738,0.042419,1.8206,-0.10895,0
-0.12238,0.027313,0.040283,2.0482,-0.12512,0
-0.18555,0.022125,0.033417,1.8206,-0.13306,0
-0.20264,0.017548,0.015411,2.2757,-0.13367,0
-0.15839,0.015259,0.0067139,2.5033,-0.12299,0
-0.060272,0.011902,0.019989,1.5931,-0.10437,0
0.051727,0.0056458,0.036469,2.2757,-0.082703,0
0.12848,-0.002594,0.036469,2.2757,-0.06958,0
0.15381,-0.0042725,0.029449,1.8206,-0.065918,0
0.1239,-0.0012207,0.032959,2.5033,-0.066833,0
0.038605,0.0033569,0.054779,2.5033,-0.065308,0
-0.053406,0.0090027,0.074463,2.5033,-0.063477,0
-0.11185,0.014801,0.070496,1.8206,-0.061646,0
-0.12894,0.014038,0.039368,2.2757,-0.059509,0
-0.091248,0.011749,0.0093079,2.0482,-0.055847,0
-0.012817,0.012054,-0.00015259,2.0482,-0.056458,0
0.04837,0.012665,0.0074768,1.8206,-0.062256,0
0.079803,0.014954,0.027618,2.0482,-0.072327,0
0.10086,0.021515,0.045624,2.2757,-0.082703,0
0.11047,0.022583,0.056915,2.0482,-0.086975,0
0.093689,0.016327,0.056152,1.8206,-0.084839,0
0.049591,0.010223,0.053101,1.8206,-0.072937,0
0.014648,0.0067139,0.060425,2.5033,-0.054321,0
0.0082397,0.0028992,0.067902,2.2757,-0.031128,0
0.012512,0.0027466,0.082245,2.5033,-0.0088501,0
0.012054,0.0067139,0.11017,2.2757,0.007019,0
0.014496,0.01236,0.14282,2.2757,0.016785,0
0.021667,0.017548,0.16205,1.8206,0.028381,0
0.030823,0.015106,0.1619,2.5033,0.031433,0
0.033722,0.011902,0.15884,2.2757,0.023499,0
0.023804,0.010223,0.16769,1.1379,0.013428,0
0.0083923,0.011597,0.17212,2.2757,0.0048828,0
-0.0033569,0.011292,0.15427,2.2757,0.0048828,0
-0.007019,0.01236,0.12421,2.2757,0.010071,0
-0.0018311,0.015869,0.089874,2.0482,0.016174,0
-0.0024414,0.015564,0.050659,2.0482,0.019836,0
-0.019073,0.012665,0.020447,2.2757,0.019836,0
-0.0354,0.014038,0.0057983,2.5033,0.014648,0
-0.054626,0.019379,-0.0048828,2.0482,0.012207,0
-0.079346,0.017395,-0.010376,2.0482,0.014038,0
-0.091705,0.0093079,0.010834,2.2757,0.021667,0
-0.088348,0.0030518,0.038147,2.2757,0.031738,0
-0.089111,0.0012207,0.044708,2.2757,0.040588,0
-0.093231,0.0018311,0.037842,2.5033,0.045166,0
-0.061951,0.0012207,0.043335,2.2757,0.044861,0
0.01358,-0.0010681,0.06012,2.0482,0.037537,0
0.07019,-0.0079346,0.071716,2.2757,0.023499,0
0.060425,-0.015869,0.061493,2.0482,0.0054932,0
-0.0027466,-0.023041,0.035858,2.7309,-0.018921,0
-0.07019,-0.021362,0.011444,2.2757,-0.042419,0
-0.097198,-0.0086975,0.0091553,2.2757,-0.053101,0
-0.091553,0.0032043,0.028076,1.8206,-0.047607,0
-0.069885,0.0045776,0.053864,1.3655,-0.028687,0
-0.024261,0.0065613,0.06424,2.0482,-0.010986,0
0.034485,0.0056458,0.058136,1.8206,-0.0054932,0
0.093384,0.0028992,0.049896,1.8206,-0.012207,0
0.14511,0.0019836,0.054321,2.0482,-0.025635,0
0.16846,0.00015259,0.064697,2.2757,-0.038147,0
0.14938,0.00030518,0.071869,2.5033,-0.048523,0
0.097198,0.0018311,0.06897,2.5033,-0.058289,0
0.037994,0.0027466,0.069427,2.5033,-0.049744,0
-0.005188,0.0013733,0.082703,2.5033,-0.023499,0
-0.032806,-0.00076294,0.088043,2.2757,0.0036621,0
-0.046844,-0.0019836,0.082397,2.5033,0.020752,0
-0.046539,-0.0085449,0.060425,2.0482,0.021973,0
-0.040283,-0.016174,0.037689,1.5931,0.012512,0
-0.03891,-0.010529,0.036774,2.2757,0.00061035,0
-0.037231,0,0.048981,2.2757,0.00061035,0
-0.021515,0.0010681,0.045929,1.8206,0.010376,0
0.014648,-0.0022888,0.028534,2.5033,0.021057,0
0.053711,-0.0071716,0.0093079,2.5033,0.032349,0
0.045013,-0.01358,-0.016022,2.7309,0.045776,0
-0.023499,-0.020294,-0.04715,2.5033,0.058899,0
-0.097504,-0.018768,-0.079193,2.0482,0.06897,0
-0.11063,-0.018158,-0.10559,1.8206,0.073853,0
-0.050812,-0.018005,-0.1152,1.3655,0.075073,0
0.038452,-0.0088501,-0.11246,1.3655,0.072327,0
0.091248,0.0013733,-0.11032,1.8206,0.067139,0
0.081024,0.0099182,-0.11566,1.8206,0.053101,0
0.036774,0.015869,-0.10849,1.1379,0.028381,0
-0.00045776,0.020752,-0.079346,1.8206,0.0042725,0
-0.0064087,0.018768,-0.039215,2.2757,-0.013123,0
0.0054932,0.0086975,-0.018768,1.8206,-0.02655,0
0.010376,0.0039673,-0.020752,2.0482,-0.0354,0
0.0042725,0.0022888,-0.039062,1.1379,-0.031738,0
0.0027466,0.0097656,-0.056152,1.3655,-0.013428,0
0.015869,0.022583,-0.051727,1.8206,0.015564,0
0.020752,0.022583,-0.032959,1.5931,0.046387,0
0.007782,0.017548,-0.0028992,1.8206,0.077515,0
-0.0036621,0.012665,0.029907,1.3655,0.11414,0
-0.0041199,0.010681,0.036011,1.8206,0.15045,0
0.0061035,0.007019,0.018005,1.8206,0.17853,0
0.021515,0.0022888,-0.016785,2.5033,0.18677,0
0.036774,-0.0015259,-0.065613,1.8206,0.16937,0
0.044403,0.0013733,-0.096588,2.7309,0.1416,0
0.041656,0.0091553,-0.080872,2.0482,0.11261,0
0.034637,0.017242,-0.05127,1.3655,0.097656,0
0.025635,0.023346,-0.039673,2.5033,0.097351,0
0.016327,0.026245,-0.046844,2.2757,0.10529,0
0.0050354,0.025787,-0.061493,1.8206,0.1123,0
-0.0068665,0.024414,-0.072937,2.2757,0.11536,0
-0.0093079,0.027924,-0.084229,2.2757,0.11017,0
-0.0036621,0.034637,-0.098724,2.7309,0.10162,0
0.012665,0.040436,-0.11063,2.0482,0.091248,0
0.036774,0.050354,-0.11063,2.0482,0.080566,0
0.041504,0.063782,-0.095673,2.7309,0.071106,0
0.027161,0.074463,-0.081787,2.0482,0.06134,0
0.018158,0.076904,-0.080566,2.2757,0.048523,0
0.032196,0.070343,-0.086212,2.0482,0.032043,0
0.055237,0.062561,-0.095062,1.8206,0.017395,0
0.05722,0.056915,-0.11307,2.0482,0.010681,0
0.026093,0.057068,-0.1236,1.5931,0.0064087,0
-0.0039673,0.064697,-0.11169,1.8206,0.0018311,0
-0.01358,0.065308,-0.088959,2.2757,-0.0061035,0
-0.015411,0.063171,-0.054779,2.5033,-0.010376,0
-0.005188,0.062408,-0.025787,2.0482,-0.00091553,0
0.011597,0.063324,-0.024567,1.3655,0.020752,0
-0.0010681,0.06073,-0.033722,1.3655,0.044861,0
-0.024719,0.053101,-0.037537,1.8206,0.065308,0
-0.0059509,0.046539,-0.027008,1.1379,0.075378,0
0.044861,0.039978,-0.0016785,1.5931,0.076904,0
0.076141,0.032959,0.022583,1.1379,0.076904,0
0.075073,0.023804,0.0383,1.3655,0.073547,0
0.04837,0.0177,0.055542,1.5931,0.070801,0
0.00091553,0.014343,0.072021,2.0482,0.065918,0
-0.045319,0.016174,0.079193,1.8206,0.056152,0
-0.067444,0.016937,0.091553,1.8206,0.038452,0
-0.06134,0.0097656,0.10895,1.8206,0.015869,0
-0.018768,0.0012207,0.11093,1.8206,0,0
0.032196,-0.0061035,0.10956,2.0482,-0.011292,0
0.03418,-0.0088501,0.11322,2.2757,-0.024414,0
-0.0048828,-0.012665,0.10498,2.5033,-0.040894,0
-0.020905,-0.018768,0.09201,2.2757,-0.054626,0
0.0016785,-0.023651,0.084381,2.5033,-0.058289,0
0.051575,-0.026398,0.091095,2.2757,-0.062866,0
0.11673,-0.028076,0.10895,1.8206,-0.076904,0
0.15015,-0.032043,0.121,2.0482,-0.099487,0
0.12619,-0.036926,0.11963,2.7309,-0.13336,0
0.074921,-0.04776,0.11032,2.7309,-0.17853,0
0.05188,-0.056915,0.088348,2.5033,-0.21881,0
0.077209,-0.058594,0.056305,2.7309,-0.24017,0
0.10071,-0.058441,0.02243,2.5033,-0.24567,0
0.06958,-0.057983,-0.0094604,2.2757,-0.25299,0
0.0088501,-0.05661,-0.061951,2.0482,-0.2829,0
-0.040741,-0.056915,-0.12344,2.2757,-0.33417,0
-0.070038,-0.063019,-0.15701,2.2757,-0.38971,0
-0.089722,-0.074768,-0.16449,2.5033,-0.43335,0
-0.095673,-0.084076,-0.1593,1.8206,-0.45654,0
-0.071106,-0.087433,-0.15411,1.1379,-0.45837,0
-0.012207,-0.094147,-0.15762,2.0482,-0.43884,0
0.037842,-0.10162,-0.16693,1.8206,-0.41168,0
0.03479,-0.10864,-0.17303,2.2757,-0.39154,0
0.00015259,-0.10773,-0.17929,2.0482,-0.38696,0
-0.020599,-0.099487,-0.19089,1.8206,-0.39307,0
-0.020447,-0.090637,-0.19913,1.8206,-0.4007,0
-0.0090027,-0.08255,-0.19455,1.1379,-0.38879,0
0.0039673,-0.0737,-0.17532,2.0482,-0.36072,0
0.005188,-0.061646,-0.14893,1.8206,-0.33569,0
-0.0085449,-0.054779,-0.13138,1.8206,-0.32959,0
-0.022583,-0.05188,-0.11169,2.2757,-0.33844,0
-0.024719,-0.052338,-0.086365,2.0482,-0.35217,0
-0.018616,-0.053253,-0.06012,0.91037,-0.34424,0
-0.016022,-0.054474,-0.041504,1.8206,-0.29877,0
-0.019073,-0.05249,-0.025635,1.8206,-0.22247,0
-0.01709,-0.052643,-0.0033569,1.8206,-0.13519,0
-0.0033569,-0.049438,0.02594,2.0482,-0.063477,0
0.015717,-0.043335,0.061493,2.2757,-0.038757,0
0.030975,-0.036316,0.081635,1.8206,-0.046997,0
0.034485,-0.031128,0.083008,1.8206,-0.098267,0
0.025482,-0.027008,0.1004,2.2757,-0.21118,0
0.023804,-0.023041,0.13229,1.8206,-0.3241,0
0.0354,-0.019989,0.14374,2.2757,-0.35614,0
0.043793,-0.018005,0.13855,2.0482,-0.29114,0
0.033264,-0.019379,0.12665,2.7309,-0.16785,0
0.0010681,-0.022278,0.10422,2.2757,-0.043945,0
-0.036774,-0.018768,0.081177,2.5033,0.025635,0
-0.076447,-0.01236,0.065765,2.0482,0.037537,0
-0.1004,-0.0099182,0.059967,2.0482,0.036316,0
-0.09964,-0.013885,0.050201,2.5033,0.058289,0
-0.077362,-0.018768,0.031433,2.9584,0.097656,0
-0.031128,-0.018921,0.014954,2.2757,0.12848,0
0.0067139,-0.016022,0.0079346,2.0482,0.12848,0
-0.0090027,-0.015717,0.0045776,2.2757,0.098572,0
-0.048218,-0.017548,0.011902,2.2757,0.06134,0
-0.057831,-0.02182,0.023346,2.5033,0.03418,0
-0.038605,-0.021667,0.018463,2.5033,0.025635,0
0.0030518,-0.019379,0.007782,2.2757,0.029602,0
0.047302,-0.010681,0.0019836,2.0482,0.04303,0
0.057983,-0.00076294,-0.0015259,2.0482,0.06012,0
0.030365,0.007019,-0.019073,2.7309,0.069275,0
-0.0045776,0.0065613,-0.04425,2.7309,0.072937,0
-0.015259,0.0013733,-0.053253,2.2757,0.070496,0
-0.0010681,-0.0010681,-0.054169,1.8206,0.067444,0
0.019684,-0.00030518,-0.06424,1.8206,0.072021,0
0.034027,-0.00091553,-0.079803,1.1379,0.08667,0
0.026398,0.0019836,-0.08255,1.8206,0.099182,0
-0.0064087,0.0056458,-0.074005,1.8206,0.11108,0
-0.034485,0.0028992,-0.075378,2.0482,0.12238,0
-0.035706,-0.0016785,-0.083923,1.3655,0.12451,0
-0.022583,0.00091553,-0.061646,1.3655,0.12268,0
-0.0091553,0.0028992,-0.025787,2.0482,0.11841,0
-0.016632,0.0064087,0.0030518,1.8206,0.10803,0
-0.04837,0.0056458,0.026245,1.8206,0.10193,0
-0.086823,-0.0021362,0.04303,1.5931,0.1059,0
-0.11627,-0.010223,0.047302,1.1379,0.12146,0
-0.121,-0.012054,0.023956,1.3655,0.13214,0
-0.09903,-0.013885,-0.018311,1.8206,0.12451,0
-0.061951,-0.0093079,-0.038757,1.3655,0.10345,0
-0.040131,0.0012207,-0.027618,1.8206,0.080261,0
-0.046539,0.014191,0.00015259,2.0482,0.061951,0
-0.066833,0.019226,0.031891,2.5033,0.056763,0
-0.082855,0.018921,0.046387,2.0482,0.063477,0
-0.072174,0.019684,0.051727,2.2757,0.06958,0
-0.043945,0.018463,0.070953,2.5033,0.068054,0
-0.03006,0.014648,0.083313,2.0482,0.061646,0
-0.016174,0.010223,0.090027,2.0482,0.050354,0
0.0068665,0.0082397,0.09964,2.2757,0.035706,0
0.021362,0.0094604,0.11719,2.5033,0.021667,0
0.024719,0.0079346,0.13275,2.2757,0.0177,0
0.010071,0.016022,0.14786,1.8206,0.019836,0
-0.022583,0.031891,0.14664,2.2757,0.018311,0
-0.046387,0.038452,0.12268,2.5033,0.0061035,0
-0.03952,0.037079,0.103,2.0482,-0.016479,0
-0.02243,0.035248,0.089569,2.2757,-0.039062,0
-0.022278,0.033417,0.077667,2.5033,-0.058594,0
-0.042114,0.028992,0.077515,2.0482,-0.064697,0
-0.092163,0.021362,0.074158,1.5931,-0.061951,0
-0.16724,0.014954,0.066223,2.0482,-0.053406,0
-0.21866,0.0099182,0.06546,2.2757,-0.047302,0
-0.19394,0.0099182,0.075989,2.5033,-0.043335,0
-0.093842,0.010071,0.08316,1.8206,-0.037842,0
0.016937,0.0065613,0.079041,2.5033,-0.028687,0
0.048218,-0.0032043,0.072784,2.0482,-0.015564,0
-0.0036621,-0.0067139,0.065155,2.5033,0.00030518,0
-0.036316,-0.0067139,0.04837,2.5033,0.018921,0
-0.045624,-0.0061035,0.037079,1.8206,0.03479,0
-0.054932,-0.0065613,0.037231,2.0482,0.046387,0
-0.063477,-0.0062561,0.044708,2.0482,0.053711,0
-0.069427,-0.0035095,0.05249,1.8206,0.06073,0
-0.067596,-0.0053406,0.059814,1.1379,0.068665,0
-0.055389,-0.0080872,0.067291,0.91037,0.081787,0
-0.034027,-0.011902,0.07431,1.3655,0.10284,0
-0.016022,-0.012054,0.076904,1.8206,0.12451,0
-0.025635,-0.013123,0.069122,1.5931,0.14587,0
-0.042114,-0.012054,0.048523,2.5033,0.16266,0
-0.033875,-0.009613,0.025024,1.5931,0.17365,0
0.0010681,-0.0042725,0.017242,1.1379,0.17822,0
0.041962,-0.0019836,0.032043,0.91037,0.17761,0
0.061798,0.00030518,0.054016,1.5931,0.17731,0
0.050049,0.0028992,0.078888,2.2757,0.18097,0
0.018005,0.0099182,0.10727,2.0482,0.18494,0
-0.015259,0.018768,0.12375,2.0482,0.18463,0
-0.03418,0.025635,0.11658,2.0482,0.17609,0
-0.035706,0.025635,0.084686,1.8206,0.16144,0
-0.028839,0.024109,0.066223,2.2757,0.14771,0
-0.027466,0.027618,0.069275,2.7309,0.13733,0
-0.048065,0.029755,0.082397,2.5033,0.12695,0
-0.10864,0.028687,0.11063,2.2757,0.12054,0
-0.2037,0.027313,0.14374,2.0482,0.11505,0
-0.28885,0.024414,0.15869,2.0482,0.11139,0
-0.29236,0.019989,0.15915,2.0482,0.10773,0
-0.18417,0.016479,0.14587,2.5033,0.10895,0
-0.019531,0.013885,0.12482,2.2757,0.11871,0
0.12253,0.011444,0.1149,2.7309,0.13367,0
0.17426,0.0073242,0.11032,2.7309,0.14587,0
0.11932,0.004425,0.09903,2.5033,0.15045,0
0.03418,0.0047302,0.093842,1.8206,0.15289,0
-0.014191,0.0057983,0.090027,2.2757,0.159,0
-0.030212,0.010223,0.075989,2.2757,0.16327,0
-0.036926,0.012665,0.043945,2.0482,0.14374,0
-0.032654,0.013275,0.00015259,1.8206,0.097961,0
-0.017395,0.016327,-0.029297,2.5033,0.056152,0
-0.0045776,0.022583,-0.033264,2.0482,0.052795,0
0.0062561,0.029144,-0.027618,2.2757,0.073853,0
0.010986,0.033569,-0.0073242,2.0482,0.072327,0
0.0018311,0.034485,0.024109,1.8206,0.027466,0
-0.0027466,0.030365,0.045776,1.8206,-0.028992,0
0.013428,0.024567,0.048065,1.5931,-0.064087,0
0.037689,0.019379,0.030212,2.0482,-0.072021,0
0.038147,0.011444,-0.00045776,1.8206,-0.047913,0
0.0080872,0.0047302,-0.015411,2.0482,0.00030518,0
-0.0080872,0.0099182,-0.0035095,1.3655,0.031738,0
0.01297,0.023041,0.0061035,2.2757,0.0097656,0
0.034332,0.026703,-0.0035095,1.5931,-0.048523,0
0.043945,0.02533,-0.021973,1.8206,-0.097351,0
0.038452,0.027618,-0.035248,1.8206,-0.10742,0
0.0012207,0.022278,-0.043182,2.2757,-0.073242,0
-0.051575,0.0076294,-0.057526,2.7309,-0.0064087,0
-0.079041,-0.0086975,-0.079346,2.0482,0.076294,0
-0.07019,-0.016937,-0.087433,1.8206,0.15564,0
-0.04364,-0.017242,-0.06073,1.8206,0.21515,0
-0.014191,-0.013123,-0.022583,1.5931,0.24994,0
0.015259,-0.0083923,0.0074768,2.0482,0.26123,0
0.041809,-0.0024414,0.032959,2.2757,0.25574,0
0.051727,0.0013733,0.05722,2.2757,0.24445,0
0.026093,0.0028992,0.077515,2.7309,0.23254,0
-0.01297,0.0012207,0.081024,2.2757,0.22797,0
-0.069427,-0.0022888,0.063324,2.0482,0.2359,0
-0.15854,-0.0054932,0.031891,2.5033,0.23468,0
-0.21896,-0.0093079,-0.0097656,1.8206,0.21149,0
-0.19196,-0.0076294,-0.034027,2.2757,0.1593,0
-0.097961,-0.0019836,-0.030518,2.7309,0.090027,0
0.0015259,0.0019836,-0.023651,2.7309,0.030823,0
0.086517,0.0065613,-0.019836,2.2757,0.0015259,0
0.1474,0.010986,-0.0064087,1.8206,-0.00091553,0
0.16449,0.015564,0.018616,1.8206,0.0064087,0
0.12482,0.013733,0.027618,1.5931,0.01709,0
0.05661,0.0082397,0.013885,1.8206,0.030518,0
0.026093,0.0015259,0.0013733,2.2757,0.026245,0
0.058746,-0.00076294,-0.013275,1.8206,0,0
0.11398,0.0030518,-0.028229,2.2757,-0.021057,0
0.11932,0.010223,-0.039062,2.5033,-0.012817,0
0.040741,0.013885,-0.06012,2.5033,0.031433,0
-0.066376,0.011902,-0.089874,2.0482,0.092163,0
-0.12314,0.004425,-0.10681,2.9584,0.13458,0
-0.11139,-0.0012207,-0.093842,2.5033,0.14801,0
-0.069885,0.00061035,-0.055695,2.2757,0.13641,0
-0.050507,0.00076294,-0.035706,2.9584,0.11871,0
-0.067749,0.00015259,-0.039673,1.3655,0.11169,0
-0.088348,0.0036621,-0.033264,1.8206,0.11963,0
-0.083466,0.0097656,-0.028076,2.0482,0.13458,0
-0.038605,0.0090027,-0.033569,2.2757,0.14099,0
0.047302,0.0048828,-0.039825,1.8206,0.13397,0
0.16174,0.0019836,-0.045624,1.8206,0.11719,0
0.26413,-0.0015259,-0.04715,1.8206,0.097046,0
0.3006,0.0032043,-0.046692,2.5033,0.079041,0
0.2623,0.019989,-0.038605,1.8206,0.063782,0
0.19623,0.03418,-0.027466,2.2757,0.053101,0
0.14618,0.037689,-0.027008,1.8206,0.047302,0
0.1181,0.033569,-0.039215,2.0482,0.046997,0
0.085449,0.020142,-0.049133,2.0482,0.050659,0
0.037231,0.0097656,-0.049286,2.5033,0.054321,0
-0.0076294,0.0090027,-0.052032,2.0482,0.054626,0
-0.027466,0.0062561,-0.065765,1.5931,0.055847,0
-0.019073,-0.0022888,-0.074615,2.7309,0.06073,0
0.0018311,-0.012054,-0.074463,2.5033,0.076294,0
0.015411,-0.017395,-0.075684,2.7309,0.1001,0
0.0061035,-0.01709,-0.079956,2.0482,0.12543,0
-0.025787,-0.01358,-0.072479,2.2757,0.14679,0
-0.041656,-0.011902,-0.050659,1.8206,0.18097,0
0.0086975,-0.013428,-0.022125,2.2757,0.224,0
0.082703,-0.020294,-0.00061035,2.7309,0.26245,0
0.10986,-0.028992,0.0048828,2.7309,0.29358,0
0.11429,-0.031738,0.015259,3.186,0.3186,0
0.10895,-0.032806,0.03418,2.2757,0.33722,0
0.091095,-0.035858,0.032959,2.2757,0.35736,0
0.057831,-0.045166,0.013428,2.7309,0.38696,0
0.020294,-0.051117,-0.02182,2.5033,0.44037,0
-0.017853,-0.049286,-0.06897,1.8206,0.51025,0
-0.039978,-0.043182,-0.096588,2.5033,0.56091,0
-0.029755,-0.036621,-0.1001,2.7309,0.58228,0
-0.0062561,-0.029755,-0.091553,2.2757,0.56458,0
0.015717,-0.015717,-0.083923,1.8206,0.51361,0
0.037384,0.00091553,-0.085754,2.9584,0.44922,0
0.054932,0.0086975,-0.085602,2.7309,0.38879,0
0.064697,0.010681,-0.07782,2.2757,0.34241,0
0.046539,0.010834,-0.076904,2.2757,0.31372,0
-0.018311,0.011902,-0.08606,2.5033,0.29846,0
-0.10742,0.0094604,-0.081635,2.2757,0.27679,0
-0.16327,0.0018311,-0.062561,2.0482,0.23193,0
-0.18753,-0.0038147,-0.041504,1.8206,0.15991,0
-0.21469,-0.0042725,-0.020294,0.91037,0.076599,0
-0.21896,-0.0016785,-0.0048828,2.2757,0.0027466,0
-0.16235,-0.0028992,-0.00030518,2.2757,-0.053711,0
-0.055389,-0.0064087,-0.0083923,2.2757,-0.095215,0
0.073395,-0.0071716,-0.025787,1.8206,-0.12848,0
0.20065,-0.0065613,-0.041962,2.2757,-0.15503,0
0.26154,-0.0064087,-0.052795,2.2757,-0.16785,0
0.21576,-0.0062561,-0.058441,1.8206,-0.15747,0
0.10605,-0.0062561,-0.054626,2.0482,-0.12329,0
0.0035095,0.0018311,-0.044708,2.0482,-0.068359,0
-0.041962,0.014343,-0.033569,2.2757,-0.0067139,0
-0.014648,0.022278,-0.015717,2.5033,0.051575,0
0.050354,0.020294,0.0068665,2.0482,0.099182,0
0.09491,0.015411,0.022583,1.8206,0.13519,0
0.095367,0.015411,0.029907,2.2757,0.15991,0
0.065308,0.018616,0.037384,1.5931,0.1712,0
0.03952,0.018463,0.046387,2.7309,0.16602,0
0.0093079,0.019836,0.052948,2.5033,0.15656,0
-0.041962,0.025482,0.050049,2.2757,0.15289,0
-0.082397,0.037231,0.042267,2.2757,0.16815,0
-0.077362,0.042877,0.029449,2.2757,0.19867,0
-0.020294,0.042725,0.013885,2.5033,0.22736,0
0.067749,0.037231,-0.00045776,2.9584,0.23224,0
0.13351,0.023956,-0.0076294,2.2757,0.2066,0
0.13519,0.0094604,-0.0032043,2.5033,0.16266,0
0.074921,0.00061035,0.022278,2.2757,0.12604,0
0.00076294,-0.0064087,0.05127,2.0482,0.10956,0
-0.025787,-0.013123,0.052795,1.1379,0.10071,0
-0.0062561,-0.015106,0.039062,2.2757,0.090027,0
0.025024,-0.0086975,0.037231,2.0482,0.07782,0
0.052032,-0.0053406,0.039825,2.2757,0.065918,0
0.067291,-0.0057983,0.044708,1.8206,0.057373,0
0.0737,-0.0047302,0.057831,1.3655,0.050354,0
0.071716,-0.0013733,0.069122,2.5033,0.041809,0
0.053864,-0.00015259,0.062714,2.0482,0.037537,0
0.010986,-0.0022888,0.045624,2.7309,0.041199,0
-0.056763,-0.0054932,0.032349,2.0482,0.056458,0
-0.12833,-0.0062561,0.028687,1.5931,0.073242,0
-0.16632,-0.0048828,0.039062,1.3655,0.071411,0
-0.1532,-0.0013733,0.050049,1.8206,0.047913,0
-0.084991,0.0018311,0.052795,0.91037,0.011292,0
0.0083923,0.002594,0.048981,1.8206,-0.010376,0
0.095367,-0.00015259,0.044403,1.8206,-0.011597,0
0.12955,-0.0047302,0.030365,2.0482,-0.0048828,0
0.090485,-0.009613,0.0083923,2.5033,-0.0027466,0
0.016632,-0.011597,0.0054932,1.3655,-0.0079346,0
-0.046692,-0.0038147,0.031128,2.0482,-0.015869,0
-0.063324,0.007782,0.061646,2.0482,-0.022888,0
-0.022583,0.015106,0.074615,2.2757,-0.024719,0
0.055237,0.015717,0.062714,2.2757,-0.013733,0
0.12848,0.010376,0.032654,2.2757,0.005188,0
0.15244,0.00030518,0.004425,2.2757,0.02594,0
0.12512,-0.0068665,0.0021362,2.2757,0.042725,0
0.089722,-0.011749,0.0099182,2.2757,0.049744,0
0.077667,-0.011444,0.0056458,2.9584,0.042114,0
0.070648,-0.0030518,0.0016785,2.0482,0.030823,0
0.029297,0.0064087,0.014954,2.2757,0.02533,0
-0.038605,0.011597,0.028534,2.0482,0.023804,0
-0.10361,0.011444,0.025787,2.0482,0.022888,0
-0.17502,0.011292,0.023041,1.8206,0.018005,0
-0.24826,0.015717,0.02594,2.2757,0.015869,0
-0.25085,0.017395,0.024567,2.5033,0.019531,0
-0.14343,0.019531,0.016327,2.5033,0.027466,0
0.0061035,0.018616,0.0074768,2.0482,0.042725,0
0.10681,0.016785,-0.0080872,2.5033,0.059509,0
0.13275,0.019073,-0.029449,2.0482,0.079651,0
0.098877,0.02121,-0.048676,2.0482,0.09613,0
0.039215,0.015869,-0.069122,1.8206,0.10681,0
-0.013428,0.0086975,-0.07843,2.2757,0.10956,0
-0.040131,0.0030518,-0.074005,2.0482,0.10895,0
-0.042877,0.0022888,-0.057983,2.0482,0.10559,0
-0.05127,0.0010681,-0.053711,1.8206,0.099182,0
-0.069733,-0.007019,-0.066528,1.5931,0.09613,0
-0.080414,-0.013733,-0.069427,2.2757,0.10529,0
-0.068359,-0.017395,-0.064087,2.2757,0.12634,0
-0.018768,-0.016937,-0.04776,1.3655,0.12573,0
0.04425,-0.015411,-0.026703,1.8206,0.091858,0
0.078278,-0.018616,-0.015106,1.5931,0.050049,0
0.084229,-0.019989,0.0035095,1.5931,0.020142,0
0.10422,-0.0093079,0.044403,1.5931,0.014954,0
0.15625,0.0074768,0.088959,2.0482,0.013428,0
0.18555,0.016479,0.1088,1.5931,-0.010986,0
0.16937,0.0086975,0.097961,1.8206,-0.060425,0
0.13519,-0.0030518,0.072174,1.5931,-0.11108,0
0.099792,-0.004425,0.054474,1.3655,-0.14709,0
0.077362,0.0036621,0.05188,2.2757,-0.16296,0
0.070801,0.012817,0.063171,2.0482,-0.16052,0
0.064545,0.0086975,0.074921,2.7309,-0.14984,0
0.05188,-0.0016785,0.078583,2.5033,-0.13489,0
0.03952,-0.0082397,0.076141,2.5033,-0.12146,0
0.017395,-0.0042725,0.067902,1.8206,-0.10712,0
-0.021515,0.0068665,0.057831,2.2757,-0.091553,0
-0.057526,0.01297,0.044403,1.8206,-0.073242,0
-0.046387,0.011902,0.026855,2.0482,-0.058594,0
0.0067139,0.0059509,0.0082397,1.8206,-0.045471,0
0.06546,0.00045776,-0.0038147,2.0482,-0.032349,0
0.099182,-0.0042725,-0.019226,2.2757,-0.015259,0
0.087433,-0.0010681,-0.04303,2.7309,0.0021362,0
0.037384,0.0032043,-0.05249,2.7309,0.021057,0
-0.011902,0.0033569,-0.045929,2.0482,0.037842,0
-0.038605,-0.0015259,-0.032196,1.8206,0.05188,0
-0.044861,-0.0056458,-0.019226,1.8206,0.062561,0
-0.02533,-0.010223,-0.015564,2.2757,0.072632,0
0.01358,-0.014648,-0.013733,2.5033,0.083008,0
0.03952,-0.020447,0.0047302,2.0482,0.095825,0
0.03479,-0.021515,0.034485,2.7309,0.10498,0
0.034332,-0.019531,0.034332,2.7309,0.10193,0
0.05249,-0.016632,0.016632,2.7309,0.084229,0
0.04303,-0.0085449,0.013123,2.2757,0.063477,0
-0.010681,-0.0013733,0.027466,2.0482,0.05249,0
-0.072174,0.0065613,0.045776,1.5931,0.054321,0
-0.10025,0.0083923,0.048981,1.3655,0.062561,0
-0.071411,0.0085449,0.045166,1.3655,0.063782,0
-0.01358,0.010071,0.037231,2.0482,0.05188,0
0.014343,0.01297,0.027924,2.2757,0.033875,0
0.021362,0.013428,0.030823,1.5931,0.016785,0
0.015869,0.014801,0.051727,2.7309,0.00061035,0
-0.0073242,0.018311,0.081482,1.3655,-0.012207,0
-0.034027,0.019684,0.09964,1.8206,-0.015869,0
-0.066681,0.013885,0.1033,2.0482,-0.013733,0
-0.10468,0.0082397,0.11246,2.5033,-0.007019,0
-0.11795,0.010529,0.13763,2.2757,-0.0012207,0
-0.1001,0.011749,0.16464,1.8206,-0.00061035,0
-0.081177,0.002594,0.18112,1.3655,-0.0033569,0
-0.075836,-0.012665,0.17334,0.91037,-0.0076294,0
-0.068359,-0.016479,0.11536,1.8206,-0.011597,0
-0.049286,-0.012054,0.050659,1.8206,-0.013123,0
-0.032043,-0.0085449,0.045471,1.8206,-0.012512,0
-0.018005,-0.014954,0.079193,1.5931,-0.018921,0
-0.0030518,-0.022583,0.097504,2.0482,-0.031433,0
-0.0038147,-0.023041,0.093079,1.5931,-0.040283,0
-0.017548,-0.024872,0.071411,1.8206,-0.036621,0
-0.01297,-0.025635,0.021973,2.0482,-0.020752,0
0.0054932,-0.022736,-0.039673,2.5033,0.0082397,0
-0.005188,-0.019379,-0.074768,2.5033,0.040588,0
-0.058899,-0.010834,-0.079346,2.2757,0.066833,0
-0.1062,-0.002594,-0.082092,1.8206,0.079651,0
-0.1004,0.0015259,-0.097351,2.9584,0.075378,0
-0.052032,-0.0032043,-0.11353,2.0482,0.061951,0
0.0041199,-0.0085449,-0.1239,1.8206,0.039978,0
0.028229,-0.0053406,-0.11414,1.8206,0.014648,0
-0.0013733,0.0067139,-0.093079,2.7309,-0.0085449,0
-0.067596,0.019836,-0.094604,1.8206,-0.029907,0
-0.12466,0.024261,-0.11887,2.2757,-0.04303,0
-0.10925,0.0177,-0.14053,2.2757,-0.048218,0
-0.012512,-0.0032043,-0.15167,2.0482,-0.047302,0
0.069275,-0.020294,-0.15213,2.2757,-0.045166,0
0.065613,-0.025635,-0.14145,2.9584,-0.046082,0
0.048218,-0.026855,-0.12329,1.8206,-0.056152,0
0.072327,-0.034027,-0.11261,2.2757,-0.074158,0
0.10406,-0.037842,-0.10574,2.2757,-0.099792,0
0.084686,-0.040283,-0.082092,1.3655,-0.12939,0
0.029297,-0.042267,-0.061493,1.8206,-0.15869,0
0.00045776,-0.040436,-0.056915,1.1379,-0.17609,0
0.0045776,-0.03891,-0.059509,1.3655,-0.17914,0
0.032501,-0.037994,-0.060272,1.8206,-0.17792,0
0.089569,-0.036926,-0.066681,1.8206,-0.17883,0
0.14465,-0.034027,-0.065308,1.8206,-0.1828,0
0.13824,-0.028839,-0.056763,2.0482,-0.17609,0
0.076599,-0.02655,-0.076141,1.8206,-0.15411,0
0.034637,-0.027161,-0.10086,2.2757,-0.13397,0
0.033264,-0.019989,-0.082703,1.8206,-0.12878,0
0.041809,-0.009613,-0.043488,1.8206,-0.13519,0
0.044708,-0.007782,-0.011444,2.2757,-0.14893,0
0.036926,-0.0086975,-0.0062561,1.1379,-0.16571,0
0.012054,-0.0082397,-0.0059509,1.5931,-0.18311,0
-0.014191,-0.0030518,0.0042725,1.8206,-0.1944,0
-0.021667,0.0016785,0.029602,2.2757,-0.19714,0
-0.012817,0.004425,0.068054,2.2757,-0.18921,0
-0.0083923,0.0039673,0.09613,2.2757,-0.17029,0
-0.022278,0.0030518,0.10117,2.0482,-0.14404,0
-0.041046,-0.00076294,0.084229,1.8206,-0.1181,0
-0.040741,-0.0062561,0.071411,2.2757,-0.093994,0
-0.010071,-0.011749,0.067291,1.8206,-0.074463,0
0.0093079,-0.016937,0.056763,1.8206,-0.054626,0
-0.035706,-0.018158,0.045776,2.2757,-0.032959,0
-0.088959,-0.015411,0.050354,2.2757,-0.012207,0
-0.066833,-0.01297,0.049591,2.5033,0.0088501,0
0.0091553,-0.016174,0.029907,2.5033,0.024719,0
0.057373,-0.017853,0.00045776,2.2757,0.036316,0
0.050964,-0.015564,-0.028381,1.8206,0.036621,0
0.022888,-0.0090027,-0.052032,2.2757,0.027771,0
0.00045776,-0.0042725,-0.067902,2.2757,0.015869,0
-0.0065613,-0.005188,-0.078278,1.8206,0.0024414,0
0.0038147,-0.0062561,-0.074463,2.0482,-0.0082397,0
0.023041,-0.0033569,-0.059204,2.5033,0.0064087,0
0.025177,-0.002594,-0.051727,2.2757,0.063782,0
-0.0015259,-0.0080872,-0.049286,2.5033,0.13031,0
-0.024872,-0.010071,-0.040131,2.5033,0.15259,0
-0.0093079,-0.0015259,-0.028687,2.5033,0.10925,0
0.034943,0.0086975,-0.023804,2.5033,0.026245,0
0.067749,0.015717,-0.026093,1.8206,-0.057678,0
0.059204,0.024109,-0.029144,1.8206,-0.11414,0
0.020142,0.026703,-0.016022,1.8206,-0.13367,0
-0.014038,0.024872,0.015411,2.5033,-0.1297,0
-0.018005,0.023193,0.036011,2.0482,-0.12024,0
0.0036621,0.021515,0.028687,2.2757,-0.11749,0
0.01297,0.025635,0.014343,1.5931,-0.1236,0
0.0013733,0.031281,0.010681,1.8206,-0.12634,0
-0.016937,0.027771,0,1.8206,-0.11719,0
-0.013885,0.017853,-0.01297,2.2757,-0.092773,0
0.01236,0.015106,-0.018921,1.5931,-0.06073,0
0.016022,0.0082397,-0.023193,2.0482,-0.020447,0
-0.02243,-0.0018311,-0.027466,1.5931,0.030823,0
-0.065613,-0.0093079,-0.024261,1.5931,0.076904,0
-0.076752,-0.01236,-0.014343,1.5931,0.08728,0
-0.052948,-0.010376,-0.014038,1.5931,0.068665,0
-0.018921,-0.0091553,-0.016479,2.0482,0.045166,0
0.010071,-0.0088501,0.00061035,2.0482,0.027771,0
0.036774,-0.0056458,0.032806,1.3655,0.011597,0
0.035706,-0.0032043,0.050964,1.5931,-0.0021362,0
-0.014191,-0.0062561,0.050812,1.8206,-0.013733,0
-0.050049,-0.0065613,0.047302,2.0482,-0.023499,0
-0.01709,-0.00015259,0.041046,2.0482,-0.040588,0
0.028381,0.0090027,0.034332,2.2757,-0.058289,0
0.033417,0.015717,0.03952,2.5033,-0.073547,0
0.019226,0.019379,0.049896,2.5033,-0.082397,0
0.014954,0.020142,0.055084,2.5033,-0.080261,0
0.014191,0.019989,0.053558,2.2757,-0.071716,0
0.0056458,0.018311,0.039062,2.0482,-0.059509,0
-0.007019,0.0099182,0.018005,2.0482,-0.044556,0
-0.0354,0.0032043,0.0054932,2.2757,-0.03418,0
-0.082703,-0.00076294,-0.0015259,2.2757,-0.025635,0
-0.11658,-0.0033569,-0.0030518,1.8206,-0.013123,0
-0.12909,-0.0056458,-0.00045776,1.8206,-0.0027466,0
-0.13626,-0.0065613,-0.002594,2.0482,0.0057983,0
-0.12421,-0.0062561,-0.0016785,2.7309,0.016174,0
-0.084076,-0.0015259,0.0036621,2.0482,0.032043,0
-0.071259,0.0045776,0.0065613,2.2757,0.054932,0
-0.097046,0.0039673,0.00061035,2.5033,0.079956,0
-0.070496,-0.0022888,-0.0065613,2.0482,0.09491,0
0.030212,-0.0062561,0.0036621,2.0482,0.093079,0
0.12054,-0.0094604,0.018311,2.7309,0.079956,0
0.1535,-0.0094604,0.031433,1.8206,0.060425,0
0.15976,-0.004425,0.036316,2.2757,0.045776,0
0.15884,-0.0021362,0.038147,1.8206,0.041809,0
0.13916,0.0013733,0.03891,2.5033,0.05188,0
0.10223,-0.00045776,0.042267,2.2757,0.075378,0
0.066071,0.00015259,0.049896,2.2757,0.10284,0
0.042725,0.0019836,0.059509,2.0482,0.12756,0
0.030518,0.0015259,0.059357,2.2757,0.14374,0
0.025787,-0.0010681,0.055084,2.0482,0.14618,0
0.0064087,-0.0032043,0.045929,2.0482,0.1358,0
-0.027924,-0.0054932,0.037994,2.0482,0.11139,0
-0.03418,-0.0061035,0.034943,1.5931,0.07843,0
0.010681,-0.0030518,0.035706,1.3655,0.040588,0
0.06546,0.0030518,0.038605,2.0482,0.005188,0
0.073395,0.011597,0.037842,2.0482,-0.024109,0
0.048523,0.0177,0.037537,2.0482,-0.046997,0
0.033569,0.016327,0.029297,2.2757,-0.065002,0
0.039673,0.0076294,0.010223,2.2757,-0.079041,0
0.051727,0.00091553,-0.0090027,2.7309,-0.091553,0
0.040283,0.00015259,-0.019836,1.5931,-0.098877,0
0.0086975,0.0035095,-0.015869,2.2757,-0.10345,0
-0.015411,0.0053406,-0.0073242,2.0482,-0.10773,0
-0.023499,0.005188,0.0048828,2.2757,-0.11322,0
-0.070801,0.0019836,0.0093079,2.0482,-0.11871,0
-0.13947,0.0013733,0.013885,2.5033,-0.12299,0
-0.097504,0.0056458,0.020294,2.5033,-0.12299,0
0.012207,0.012207,0.023804,2.2757,-0.11627,0
0.1123,0.016174,0.028839,2.2757,-0.10193,0
0.14191,0.015869,0.035095,2.5033,-0.082092,0
0.096588,0.010681,0.037079,2.7309,-0.061951,0
0.032196,0.0088501,0.025787,2.7309,-0.042725,0
-0.0083923,0.0080872,0.013428,2.5033,-0.024719,0
-0.04425,0.007782,0.013428,2.0482,-0.0039673,0
-0.10193,0.0080872,0.023346,2.7309,0.018311,0
-0.15701,0.0090027,0.035706,1.8206,0.041504,0
-0.15549,0.0083923,0.048523,2.5033,0.065002,0
-0.11139,0.0048828,0.063782,2.2757,0.083923,0
-0.05127,0.0016785,0.067444,2.2757,0.093689,0
0.030212,0.0030518,0.065765,1.8206,0.097961,0
0.12375,0.0059509,0.05249,2.2757,0.097656,0
0.18326,0.0027466,0.034637,2.2757,0.096436,0
0.16953,-0.0019836,0.027618,2.2757,0.092468,0
0.1265,-0.0035095,0.026245,2.0482,0.08606,0
0.095825,-0.0062561,0.017242,1.8206,0.076599,0
0.06073,-0.011292,-0.0027466,1.5931,0.065613,0
0.017853,-0.016937,-0.029144,2.0482,0.052795,0
0.00015259,-0.021362,-0.052185,1.8206,0.041504,0
0.022125,-0.02182,-0.068054,1.8206,0.029297,0
0.062256,-0.018463,-0.079041,1.5931,0.018005,0
0.086517,-0.013275,-0.081787,2.0482,0.0085449,0
0.072632,-0.010529,-0.085144,1.5931,0.0048828,0
0.024261,-0.011139,-0.089264,2.5033,0.0064087,0
-0.030975,-0.014343,-0.093384,2.2757,0.01709,0
-0.048523,-0.014496,-0.10635,1.5931,0.036011,0
-0.02243,-0.012207,-0.11932,1.3655,0.052185,0
0.012207,-0.0097656,-0.1088,2.0482,0.058899,0
0.015717,-0.0076294,-0.0914,2.2757,0.056152,0
-0.0090027,-0.0071716,-0.085144,2.2757,0.04364,0
-0.027161,-0.0093079,-0.080566,2.0482,0.033569,0
-0.029144,-0.0079346,-0.076752,2.0482,0.021973,0
-0.030518,-0.0053406,-0.077515,2.5033,0.0088501,0
-0.03952,-0.0064087,-0.074005,2.0482,-0.0036621,0
-0.043335,-0.01236,-0.066681,1.8206,-0.012512,0
-0.033417,-0.014191,-0.068054,2.7309,-0.014648,0
-0.018768,-0.012207,-0.093842,2.0482,-0.012817,0
-0.0033569,-0.0068665,-0.14099,2.9584,-0.010071,0
0.011444,-0.0047302,-0.16968,2.5033,-0.011902,0
0.01358,-0.0085449,-0.18311,2.0482,-0.0177,0
0.00030518,-0.010681,-0.19394,2.2757,-0.027771,0
-0.0079346,-0.010071,-0.19958,1.8206,-0.035706,0
-0.0018311,-0.010986,-0.20386,1.8206,-0.04364,0
0.015869,-0.011139,-0.21439,2.5033,-0.044556,0
0.043945,-0.010223,-0.23148,2.5033,-0.041199,0
0.054626,-0.010834,-0.25787,2.2757,-0.028076,0
0.03952,-0.010986,-0.28671,1.8206,-0.010376,0
0.03006,-0.0062561,-0.31097,1.8206,-0.0057983,0
0.026093,0.0019836,-0.32455,2.7309,-0.015564,0
0.011749,0.010223,-0.33249,3.4135,-0.032959,0
-0.01297,0.018616,-0.34256,2.0482,-0.04364,0
-0.0354,0.023804,-0.35858,1.3655,-0.045471,0
-0.044098,0.027466,-0.37704,2.0482,-0.041809,0
-0.0354,0.037842,-0.39261,1.8206,-0.033875,0
-0.017242,0.050812,-0.41092,2.0482,-0.023193,0
-0.011902,0.055695,-0.4393,1.8206,-0.010071,0
-0.036163,0.051727,-0.47607,2.2757,0.0012207,0
-0.074158,0.043182,-0.50491,2.0482,0.010986,0
-0.090942,0.032959,-0.5159,1.1379,0.025024,0
-0.078278,0.028076,-0.52002,1.8206,0.040283,0
-0.05249,0.021057,-0.53818,2.2757,0.057373,0
-0.043488,0.018311,-0.56427,2.0482,0.071716,0
-0.059662,0.014496,-0.58304,2.2757,0.084534,0
-0.090027,0.010071,-0.59891,2.2757,0.093994,0
-0.12802,0.0083923,-0.60608,2.9584,0.10315,0
-0.14404,0.0088501,-0.59052,1.1379,0.10986,0
-0.087738,0.0032043,-0.57465,2.2757,0.11505,0
0.040283,-0.010071,-0.58121,2.2757,0.11871,0
0.1712,-0.023346,-0.59601,2.2757,0.12054,0
0.22308,-0.029449,-0.60425,2.7309,0.12329,0
0.17532,-0.028229,-0.60867,2.0482,0.12787,0
0.098724,-0.026093,-0.59784,1.5931,0.13611,0
0.054474,-0.021362,-0.54703,2.5033,0.14526,0
0.036621,-0.021057,-0.47379,2.0482,0.15778,0
0.025024,-0.023956,-0.39185,2.2757,0.16571,0
0.021515,-0.023956,-0.30869,2.5033,0.16876,0
0.028229,-0.022278,-0.22141,2.5033,0.16693,0
0.035706,-0.021362,-0.1207,2.7309,0.1593,0
0.037994,-0.021057,-0.0053406,1.8206,0.14984,0
0.035095,-0.019531,0.12634,2.2757,0.14282,0
0.036163,-0.020752,0.24109,2.0482,0.13702,0
0.043182,-0.026398,0.32578,2.5033,0.13519,0
0.054016,-0.03067,0.40543,2.5033,0.13306,0
0.055542,-0.023804,0.49561,2.2757,0.13031,0
0.040894,-0.016632,0.59723,2.7309,0.12878,0
0.019379,-0.014343,0.68634,2.7309,0.12512,0
-0.007782,-0.01709,0.75195,2.5033,0.12085,0
-0.052032,-0.019226,0.80978,2.2757,0.11658,0
-0.11124,-0.016632,0.87265,1.5931,0.11292,0
-0.14999,-0.013123,0.94467,1.8206,0.11017,0
-0.13763,-0.014648,1.0098,2.0482,0.10712,0
-0.092773,-0.018616,1.0645,2.2757,0.10498,0
-0.050354,-0.014343,1.1194,2.5033,0.10284,0
-0.032043,-0.0073242,1.1792,2.0482,0.10223,0
-0.028687,-0.0041199,1.2386,1.8206,0.1004,0
-0.01236,0.00015259,1.2828,2.5033,0.10132,0
0.0015259,0.0027466,1.3052,2.5033,0.10529,0
-0.017548,0.0035095,1.3068,1.8206,0.10712,0
-0.040894,0.0045776,1.3124,2.2757,0.10773,0
-0.037537,0.0057983,1.3313,1.8206,0.10742,0
-0.029755,0.011749,1.3527,2.0482,0.10498,0
-0.059204,0.013275,1.3634,2.0482,0.10254,0
-0.10483,0.014496,1.3635,1.8206,0.10223,0
-0.10635,0.013885,1.3521,1.8206,0.10254,0
-0.045929,0.011749,1.3362,1.5931,0.10284,0
0.0088501,0.015411,1.3216,1.8206,0.10193,0
0.0086975,0.020905,1.2956,2.0482,0.10193,0
-0.00076294,0.025787,1.2511,1.3655,0.1004,0
0.019836,0.030823,1.1902,1.8206,0.097656,0
0.049286,0.034637,1.1421,2.2757,0.092163,0
0.071716,0.040131,1.0992,2.5033,0.088806,0
0.086517,0.045013,1.0405,2.5033,0.085754,0
0.082245,0.045013,0.96252,3.186,0.081787,0
0.063019,0.041809,0.87952,2.7309,0.079346,0
0.045319,0.040131,0.84518,2.7309,0.079651,0
0.033417,0.039978,0.8371,2.0482,0.083923,0
0.02121,0.039978,0.83572,2.0482,0.091553,0
0.016022,0.039978,0.83603,2.5033,0.097656,0
0.016785,0.040283,0.83603,2.7309,0.10162,0
0.024567,0.037842,0.79468,2.7309,0.10193,0
0.042267,0.0085449,0.35507,2.7309,0.098572,0
0.050812,-0.0088501,0.09613,2.7309,0.091248,0
0.047302,-0.011902,0.00015259,2.2757,0.085449,0
0.045471,-0.010071,-0.047607,2.2757,0.07843,0
0.048065,-0.010986,-0.096283,2.7309,0.072937,0
0.049286,-0.013123,-0.14725,1.3655,0.065308,0
0.047607,-0.015259,-0.19089,2.0482,0.057983,0
0.04364,-0.017548,-0.2301,2.2757,0.050659,0
0.028076,-0.015411,-0.26733,2.5033,0.046387,0
-0.017395,-0.014191,-0.30273,2.7309,0.046387,0
-0.061493,-0.015411,-0.32715,2.0482,0.048828,0
-0.056763,-0.016022,-0.34576,1.8206,0.054626,0
-0.002594,-0.014496,-0.37399,2.2757,0.062561,0
0.060883,-0.013733,-0.41733,1.3655,0.068665,0
0.096741,-0.010986,-0.47119,1.5931,0.072937,0
0.098419,-0.011139,-0.52536,1.8206,0.076294,0
0.05127,-0.013733,-0.56534,1.5931,0.080566,0
-0.034485,-0.014191,-0.59357,2.2757,0.086365,0
-0.112,-0.014038,-0.61386,1.8206,0.094604,0
-0.14252,-0.015259,-0.63171,2.0482,0.1059,0
-0.11627,-0.014496,-0.6369,1.8206,0.11719,0
-0.063019,-0.01358,-0.62912,1.8206,0.12695,0
-0.015106,-0.010681,-0.61935,1.8206,0.13428,0
0.024414,-0.007782,-0.61478,1.5931,0.13641,0
0.041809,-0.0080872,-0.61218,1.1379,0.13489,0
0.036469,-0.0059509,-0.60501,2.0482,0.13153,0
0.032349,-0.0076294,-0.5957,1.1379,0.12543,0
0.014648,-0.007019,-0.58258,2.2757,0.11841,0
-0.017242,-0.0035095,-0.56274,1.5931,0.11078,0
-0.033569,-0.0018311,-0.54352,1.8206,0.10101,0
-0.028534,-0.0028992,-0.52231,2.0482,0.090637,0
-0.014496,-0.005188,-0.49683,2.2757,0.079041,0
-0.0028992,-0.0064087,-0.47775,2.5033,0.063477,0
0.0028992,-0.0062561,-0.46936,2.2757,0.047607,0
0.011444,-0.0047302,-0.4657,2.5033,0.031738,0
0.018921,-0.0041199,-0.45944,2.7309,0.014954,0
0.013275,-0.007019,-0.44769,2.5033,-0.0018311,0
0.00045776,-0.0082397,-0.43198,1.3655,-0.016785,0
-0.010376,-0.007019,-0.41183,1.8206,-0.028381,0
-0.014648,-0.0033569,-0.38696,2.0482,-0.039978,0
-0.016785,-0.0019836,-0.37598,2.2757,-0.046997,0
-0.018921,-0.0065613,-0.37979,1.8206,-0.050659,0
-0.021057,-0.011597,-0.38666,2.2757,-0.054932,0
-0.019073,-0.011902,-0.38544,2.2757,-0.062866,0
-0.015411,-0.010986,-0.37079,2.5033,-0.069885,0
-0.010529,-0.011139,-0.34546,2.0482,-0.064392,0
-0.005188,-0.007782,-0.32211,1.8206,-0.046387,0
0.0010681,0.0022888,-0.30624,2.2757,-0.025635,0
0.010681,0.0065613,-0.29709,2.5033,-0.0073242,0
0.0177,0.0050354,-0.28976,2.2757,0.0033569,0
0.012207,0.0033569,-0.28137,2.7309,0.010681,0
0.0068665,0.0036621,-0.26688,2.5033,0.011292,0
0.011902,0.004425,-0.24582,2.0482,0.014343,0
0.0076294,0.0083923,-0.22415,1.8206,0.022888,0
-0.016327,0.0090027,-0.20325,2.2757,0.036621,0
-0.041504,0.011444,-0.18021,1.1379,0.045471,0
-0.046082,0.013733,-0.16266,1.5931,0.04303,0
-0.034027,0.01236,-0.16495,1.5931,0.039062,0
-0.018158,0.0083923,-0.18341,1.8206,0.045776,0
0.0076294,0.0019836,-0.19928,2.2757,0.063477,0
0.037079,-0.0010681,-0.20554,1.8206,0.079041,0
0.039673,-0.0016785,-0.20676,2.0482,0.08606,0
0.026703,-0.0016785,-0.20676,1.5931,0.091858,0
0.02121,-0.0018311,-0.20645,1.5931,0.10315,0
0.018463,-0.0079346,-0.20218,1.8206,0.11261,0
0.013123,-0.013885,-0.19989,2.2757,0.1178,0
0.0093079,-0.015717,-0.19745,2.2757,0.11566,0
0.0062561,-0.014648,-0.18661,2.2757,0.10864,0
0.0024414,-0.012054,-0.16571,2.0482,0.10437,0
-0.004425,-0.009613,-0.14893,2.0482,0.10223,0
-0.0091553,-0.0074768,-0.14404,1.1379,0.099182,0
-0.013275,-0.0067139,-0.14389,2.7309,0.09552,0
-0.019379,-0.0053406,-0.14099,2.2757,0.089111,0
-0.026855,-0.010681,-0.14236,2.2757,0.078735,0
-0.03479,-0.018005,-0.14999,2.0482,0.065002,0
-0.041351,-0.023956,-0.14862,2.2757,0.050354,0
-0.044708,-0.027924,-0.13962,2.0482,0.038147,0
-0.030518,-0.033264,-0.13657,2.9584,0.028687,0
0.0019836,-0.035858,-0.13824,2.5033,0.019836,0
0.021973,-0.034485,-0.13596,2.5033,0.0085449,0
0.013885,-0.033722,-0.12527,2.7309,-0.0048828,0
-0.0021362,-0.033417,-0.10422,2.2757,-0.019531,0
-0.0080872,-0.035095,-0.085297,2.2757,-0.032043,0
-0.0054932,-0.037537,-0.084686,2.2757,-0.036926,0
0.0030518,-0.035858,-0.091248,2.2757,-0.037231,0
0.013428,-0.026398,-0.088806,1.3655,-0.033264,0
0.019531,-0.019379,-0.085754,2.0482,-0.023804,0
0.018463,-0.014648,-0.087891,1.8206,-0.016174,0
0.011902,-0.0083923,-0.079956,2.5033,-0.010376,0
0.0033569,0.0028992,-0.053101,2.5033,-0.0085449,0
-0.007019,0.013885,-0.016479,2.2757,-0.010071,0
-0.020294,0.023956,0.010834,1.3655,-0.0097656,0
-0.028076,0.030975,0.020142,1.3655,-0.0097656,0
-0.025024,0.038757,0.023499,1.8206,-0.007019,0
-0.015411,0.045013,0.028534,2.0482,-0.0036621,0
-0.0080872,0.048981,0.028687,1.5931,-0.0027466,0
-0.0056458,0.052795,0.02533,0.91037,-0.0033569,0
-0.005188,0.054321,0.023651,1.8206,-0.0036621,0
-0.0056458,0.054474,0.033875,2.0482,-0.0030518,0
-0.0053406,0.054626,0.05249,2.0482,-0.0018311,0
-0.0056458,0.055847,0.068054,2.0482,-0.0018311,0
-0.0057983,0.053864,0.06958,1.5931,-0.0064087,0
-0.0056458,0.052338,0.068359,2.2757,-0.0097656,0
-0.0054932,0.048828,0.079803,1.5931,-0.010071,0
0.0035095,0.04776,0.095215,1.5931,-0.012207,0
0.017395,0.053864,0.087891,2.0482,-0.016174,0
0.010376,0.059662,0.070496,2.0482,-0.023804,0
-0.010071,0.061493,0.059052,2.0482,-0.035706,0
-0.031281,0.061798,0.047455,1.8206,-0.048523,0
-0.033417,0.059357,0.043335,1.8206,-0.062866,0
-0.015869,0.056915,0.058289,2.0482,-0.076599,0
0.0019836,0.048523,0.084229,2.2757,-0.083618,0
0.0030518,0.040436,0.095062,2.7309,-0.086365,0
-0.0010681,0.032654,0.085144,2.7309,-0.086365,0
-0.00091553,0.021973,0.072937,2.7309,-0.083923,0
0.005188,0.011902,0.075378,2.5033,-0.079956,0
0.023651,0.0068665,0.096436,2.7309,-0.073853,0
0.039215,0.005188,0.112,2.0482,-0.066528,0
0.032806,0.0013733,0.11185,2.5033,-0.060425,0
0.01297,-0.0088501,0.10605,2.5033,-0.058594,0
-0.0018311,-0.02121,0.087585,2.7309,-0.073547,0
-0.0079346,-0.028534,0.072021,2.5033,-0.096741,0
-0.0082397,-0.029144,0.072021,2.9584,-0.10925,0
-0.0082397,-0.023499,0.071716,2.5033,-0.098572,0
-0.010376,-0.010834,0.073853,2.5033,-0.072937,0
-0.012817,-0.0083923,0.080109,2.0482,-0.048828,0
-0.011749,-0.011444,0.090942,2.5033,-0.036621,0
-0.012207,-0.012054,0.093689,2.2757,-0.035095,0
-0.020294,-0.011749,0.087433,2.0482,-0.032959,0
-0.026703,-0.017853,0.082397,2.0482,-0.027466,0
-0.026093,-0.023651,0.081024,2.0482,-0.0177,0
-0.021515,-0.024414,0.072937,2.5033,-0.0054932,0
-0.011749,-0.023956,0.063782,2.0482,0.0064087,0
-0.0021362,-0.025482,0.064545,2.5033,0.013123,0
0.0050354,-0.023804,0.072327,1.8206,0.016174,0
0.0091553,-0.019531,0.075684,2.2757,0.0177,0
0.010071,-0.019836,0.085144,1.8206,0.024414,0
0.012054,-0.021057,0.097809,1.3655,0.038147,0
0.015411,-0.023346,0.10254,2.0482,0.055847,0
0.020447,-0.026855,0.094604,2.2757,0.074768,0
0.023041,-0.031433,0.078278,1.5931,0.093994,0
0.024109,-0.032959,0.060577,1.8206,0.11017,0
0.024719,-0.028229,0.041046,1.3655,0.1239,0
0.020294,-0.020599,0.028534,2.5033,0.13885,0
0.014343,-0.01709,0.024872,1.8206,0.15503,0
0.0085449,-0.016174,0.024109,2.2757,0.16937,0
0.0041199,-0.017853,0.028076,2.2757,0.17914,0
0.0061035,-0.018463,0.044403,2.7309,0.177,0
0.011597,-0.015564,0.063629,2.0482,0.16846,0
0.012817,-0.01297,0.074615,2.0482,0.16479,0
0.0067139,-0.0094604,0.083008,2.0482,0.16724,0
0.0038147,-0.0013733,0.084381,2.9584,0.16602,0
0.010071,0.0036621,0.077209,2.5033,0.15808,0
0.018616,0.0056458,0.065613,2.2757,0.1532,0
0.02243,0.0088501,0.035095,2.7309,0.16113,0
0.018158,0.013275,-0.0030518,2.9584,0.18005,0
0.0076294,0.020752,-0.025177,2.7309,0.19653,0
-0.0039673,0.033264,-0.040131,2.9584,0.19928,0
-0.01297,0.033264,-0.055847,2.7309,0.18982,0
-0.021973,0.02182,-0.047607,2.7309,0.17944,0
-0.0177,0.011597,-0.02243,2.2757,0.17761,0
0.01236,0.0079346,-0.0038147,2.0482,0.18829,0
0.036469,0.0012207,0.0016785,2.5033,0.20233,0
0.030823,-0.0094604,0,2.2757,0.21301,0
0.011292,-0.019531,-0.0036621,2.0482,0.21027,0
-0.0024414,-0.02121,-0.0083923,2.0482,0.19989,0
-0.012207,-0.019989,-0.013733,2.2757,0.18707,0
-0.02121,-0.019073,-0.0067139,2.2757,0.17365,0
-0.023956,-0.020142,0.026398,2.0482,0.16266,0
-0.021057,-0.015717,0.050659,1.5931,0.15259,0
-0.012054,-0.009613,0.050659,2.2757,0.13916,0
0.013275,-0.0064087,0.048523,2.5033,0.12054,0
0.048218,-0.0035095,0.046539,2.2757,0.096741,0
0.071869,-0.0021362,0.027771,1.3655,0.070496,0
0.073242,-0.0015259,0.0074768,2.2757,0.045471,0
0.063934,0.00030518,-0.00091553,1.3655,0.027161,0
0.051727,0.0053406,-0.0082397,2.0482,0.017395,0
0.035553,0.0079346,-0.023041,1.8206,0.012817,0
0.020142,0.012665,-0.026398,2.5033,0.0076294,0
0.0099182,0.016632,-0.015564,2.0482,-0.00061035,0
0.0064087,0.019073,-0.0068665,2.0482,-0.0091553,0
0.0047302,0.021667,-0.0047302,2.5033,-0.014343,0
0.0030518,0.024109,-0.015869,2.0482,-0.013428,0
0.00061035,0.023193,-0.02655,1.5931,-0.0064087,0
-0.0024414,0.02121,-0.028229,2.2757,0,0
-0.010986,0.019989,-0.024719,2.0482,0.0024414,0
-0.023193,0.014801,-0.0177,2.0482,0.0021362,0
-0.028839,0.0065613,-0.0013733,1.5931,0.0024414,0
-0.025635,-0.0056458,0.03006,1.8206,0.0012207,0
-0.020599,-0.01709,0.065765,2.5033,-0.0030518,0
-0.019989,-0.024261,0.0914,2.2757,-0.007019,0
-0.019836,-0.032806,0.10376,1.8206,-0.0073242,0
-0.018005,-0.040131,0.092621,2.2757,-0.011902,0
-0.012665,-0.041046,0.059967,2.2757,-0.024719,0
-0.0053406,-0.036469,0.03067,1.5931,-0.027771,0
0.00015259,-0.030975,0.023193,1.8206,-0.017395,0
0.00061035,-0.025635,0.033264,2.5033,0.00091553,0
-0.002594,-0.020599,0.037842,2.7309,0.016479,0
-0.0082397,-0.019073,0.022736,2.0482,0.024719,0
-0.016937,-0.018005,-0.00045776,2.5033,0.029602,0
-0.023041,-0.010223,-0.01236,2.0482,0.03418,0
-0.023956,0.00045776,-0.0083923,2.0482,0.039368,0
-0.020142,0.005188,-0.0010681,1.8206,0.04364,0
-0.011444,0.0054932,0.0074768,2.2757,0.04425,0
-0.0048828,0.0039673,0.01709,2.0482,0.040894,0
0.00030518,0.0030518,0.026855,1.8206,0.032654,0
-0.0012207,0.0024414,0.033264,2.2757,0.026245,0
-0.012207,-0.0030518,0.03418,2.7309,0.021667,0
-0.026093,-0.007782,0.033112,1.8206,0.022278,0
-0.028687,-0.0053406,0.037231,2.5033,0.023804,0
-0.0091553,0.00030518,0.045166,2.2757,0.024719,0
0.018768,0.00030518,0.046387,1.5931,0.022583,0
0.029755,-0.0039673,0.038452,1.5931,0.018616,0
0.021515,-0.0073242,0.030518,2.0482,0.013733,0
0.0099182,-0.0086975,0.03006,1.5931,0.011902,0
0.0021362,-0.0045776,0.025635,1.5931,0.012817,0
-0.0018311,-0.0036621,0.013275,1.5931,0.010071,0
-0.0057983,-0.004425,0.0015259,1.8206,0.0021362,0
-0.0097656,-0.010223,-0.0093079,1.5931,-0.010376,0
-0.010071,-0.013123,-0.0097656,1.8206,-0.018311,0
-0.0054932,-0.010376,0.0039673,1.8206,-0.019836,0
-0.0080872,-0.0057983,0.023804,1.8206,-0.018921,0
-0.027008,0,0.038452,1.8206,-0.020142,0
-0.051575,0.0022888,0.0383,2.0482,-0.025024,0
-0.059357,0.0013733,0.032959,1.8206,-0.030518,0
-0.053558,-0.00091553,0.032196,1.5931,-0.040588,0
-0.045929,-0.0061035,0.02655,1.5931,-0.053711,0
-0.028992,-0.0099182,0.029602,2.2757,-0.067749,0
-0.0019836,-0.009613,0.038452,2.0482,-0.074768,0
0.0057983,-0.0065613,0.047913,2.5033,-0.079346,0
-0.0076294,-0.0074768,0.06073,2.5033,-0.08606,0
-0.014954,-0.0036621,0.067444,2.0482,-0.096741,0
-0.005188,0.0041199,0.064697,2.5033,-0.10864,0
0.0079346,0.0085449,0.057373,2.2757,-0.11993,0
0.013428,0.0071716,0.050507,2.2757,-0.13123,0
0.012817,0.0030518,0.040894,2.2757,-0.14069,0
0.013275,0.0021362,0.033722,2.5033,-0.15106,0
0.014801,0.0028992,0.023804,2.0482,-0.16479,0
0.011902,0.0027466,0.012207,2.2757,-0.18311,0
0.0032043,0.0030518,0.0015259,2.5033,-0.20508,0
-0.0018311,0.0013733,-0.012054,2.0482,-0.22736,0
0.0050354,-0.00030518,-0.026703,2.2757,-0.25024,0
0.011139,0.0015259,-0.03479,1.8206,-0.27069,0
0.0064087,0.0074768,-0.041046,2.0482,-0.28625,0
-0.0035095,0.0099182,-0.054626,2.7309,-0.29633,0
-0.0071716,0.0071716,-0.067749,2.5033,-0.30151,0
-0.010681,0.0061035,-0.072937,2.2757,-0.30426,0
-0.015106,0.0053406,-0.074158,2.9584,-0.31158,0
-0.013733,0.0054932,-0.074615,2.2757,-0.3241,0
-0.011597,0.0048828,-0.068359,2.2757,-0.34149,0
-0.0097656,-0.0018311,-0.0045776,2.7309,-0.35767,0
-0.0094604,-0.0039673,0.024719,2.0482,-0.36682,0
-0.015411,0.00015259,0.022736,2.0482,-0.36285,0
-0.024414,0.00076294,0.013428,1.8206,-0.35095,0
-0.025482,0.00045776,0.016174,2.2757,-0.33539,0
-0.025635,-0.00076294,0.024261,2.0482,-0.31982,0
-0.027924,0,0.027466,1.8206,-0.30731,0
-0.029602,0.0018311,0.019531,2.5033,-0.30243,0
-0.033875,-0.00030518,0.015259,1.8206,-0.30518,0
-0.032349,-0.0045776,0.0099182,1.8206,-0.30914,0
-0.027008,-0.0059509,-0.0071716,1.8206,-0.30975,0
-0.033875,-0.0048828,-0.020752,1.8206,-0.30426,0
-0.051117,-0.0028992,-0.019684,2.0482,-0.28961,0
-0.066528,-0.0016785,-0.012512,1.8206,-0.27039,0
-0.071411,-0.0032043,-0.0083923,1.8206,-0.2533,0
-0.058746,-0.0041199,-0.0018311,1.3655,-0.24292,0
-0.034943,-0.0042725,0.0056458,2.2757,-0.23865,0
-0.023041,-0.002594,0.0086975,2.0482,-0.23895,0
-0.019531,-0.00030518,0.012665,2.0482,-0.2417,0
-0.015564,0.0024414,0.01709,2.0482,-0.242,0
-0.013428,0.0079346,0.019989,2.5033,-0.23926,0
-0.020142,0.011597,0.018921,2.5033,-0.23773,0
-0.032196,0.012665,0.0090027,2.2757,-0.23682,0
-0.040741,0.012665,-0.0062561,3.186,-0.242,0
-0.03891,0.0097656,-0.014648,2.2757,-0.2536,0
-0.029602,0.009613,-0.017242,2.5033,-0.27283,0
-0.019226,0.0054932,-0.018768,2.5033,-0.29938,0
-0.014191,0.0062561,-0.015259,2.2757,-0.32959,0
-0.012207,0.004425,-0.0068665,2.5033,-0.35919,0
-0.012207,0.0019836,0.0021362,2.5033,-0.38483,0
-0.014648,0.0024414,0.0088501,2.2757,-0.40466,0
-0.016479,0.0027466,0.011292,2.5033,-0.41748,0
-0.012512,0.0030518,0.015259,2.7309,-0.4248,0
-0.0013733,0.0010681,0.023804,2.7309,-0.42694,0
0.011597,-0.0018311,0.03006,3.186,-0.42755,0
0.014954,-0.0010681,0.02655,3.186,-0.42694,0
0.0085449,-0.0027466,0.021667,2.2757,-0.4248,0
0.0038147,-0.0038147,0.017548,2.0482,-0.41931,0
0.011902,-0.0028992,0.013275,2.7309,-0.41107,0
0.028229,-0.0062561,0.0073242,2.0482,-0.39581,0
0.032654,-0.0085449,0.0050354,2.7309,-0.3772,0
0.020447,-0.0088501,0.0054932,2.0482,-0.35248,0
0.0045776,-0.0056458,0.0062561,1.8206,-0.3244,0
-0.0056458,-0.0042725,0.0035095,2.2757,-0.28992,0
-0.013885,-0.0054932,0.002594,2.2757,-0.25024,0
-0.013885,-0.0080872,0.005188,2.2757,-0.20905,0
-0.0013733,-0.0076294,0.011292,1.8206,-0.16449,0
0.018005,-0.0097656,0.017242,2.0482,-0.11963,0
0.030975,-0.0073242,0.028687,2.2757,-0.073853,0
0.032806,-0.0019836,0.041046,2.0482,-0.02655,0
0.03067,0.0048828,0.044861,2.2757,0.019531,0
0.025482,0.0091553,0.038605,2.7309,0.059204,0
0.018921,0.014954,0.033417,2.5033,0.084839,0
0.010834,0.015564,0.031586,1.8206,0.10101,0
0.0036621,0.010376,0.029907,2.0482,0.11749,0
0.0032043,0.0054932,0.030212,2.2757,0.13824,0
0.015106,0.0035095,0.028992,2.0482,0.16296,0
0.028381,0.0028992,0.023804,2.2757,0.18524,0
0.029755,0.00030518,0.014191,2.2757,0.20233,0
0.020142,0.00030518,0.0076294,2.5033,0.2179,0
0.0062561,0.00061035,0.0048828,2.2757,0.23041,0
-0.0054932,0.00045776,0.0042725,1.8206,0.24658,0
-0.011292,0.00091553,0.0042725,1.8206,0.27069,0
-0.014954,0.00076294,0.0041199,2.2757,0.30487,0
-0.021667,0.00076294,0.0042725,2.5033,0.3476,0
-0.029755,0.00091553,0.0041199,2.0482,0.39551,0
-0.033875,0.00076294,0.0042725,2.5033,0.44342,0
-0.034637,0.00061035,0.0042725,2.9584,0.48584,0
-0.034943,0.00076294,0.0042725,2.9584,0.51819,0
-0.03479,0.00061035,0.0039673,2.2757,0.53589,0
-0.034943,0.00076294,0.0041199,2.5033,0.54077,0
-0.034943,0.00061035,0.0045776,2.0482,0.53436,0
-0.034943,0.00091553,0.0042725,2.2757,0.51971,0
-0.03479,0.00091553,0.0042725,1.8206,0.50018,0
-0.03479,0.00076294,0.0039673,2.0482,0.48187,0
-0.03479,0.00045776,0.0042725,2.2757,0.46539,0
-0.035095,0.00030518,0.0039673,2.2757,0.44922,0
-0.021362,0.00061035,0.0042725,2.2757,0.43304,0
0.009613,0.00045776,0.0041199,2.9584,0.41687,0
0.029755,0.0032043,0.00076294,2.0482,0.39948,0
0.022583,0.03067,-0.039825,2.7309,0.38666,0
0.0019836,0.043793,-0.064392,2.0482,0.37994,0
-0.0093079,0.040588,-0.075989,2.0482,0.37964,0
-0.0076294,0.032196,-0.071564,1.8206,0.37872,0
0.0097656,0.025177,-0.052032,2.2757,0.37598,0
0.035706,0.021057,-0.042419,2.2757,0.36652,0
0.052032,0.018921,-0.054016,2.9584,0.35767,0
0.050659,0.016327,-0.072174,2.0482,0.3479,0
0.039062,0.01358,-0.084076,2.2757,0.34027,0
0.027161,0.0094604,-0.093689,2.0482,0.33478,0
0.0177,0.0015259,-0.1088,2.2757,0.33356,0
0.0085449,-0.010529,-0.12253,2.0482,0.33295,0
-0.0028992,-0.021973,-0.11719,2.0482,0.33356,0
-0.0021362,-0.023804,-0.09491,2.0482,0.33234,0
0.016479,-0.018616,-0.051117,2.2757,0.32898,0
0.036926,-0.0085449,0.0057983,2.2757,0.32379,0
0.046387,-0.00030518,0.048828,2.0482,0.3183,0
0.045624,-0.0021362,0.067291,1.5931,0.31189,0
0.040741,-0.0065613,0.057983,2.0482,0.30426,0
0.03418,-0.010376,0.035248,2.0482,0.29724,0
0.022583,-0.010834,0.025177,2.2757,0.29205,0
0.0080872,-0.0065613,0.030212,2.5033,0.28595,0
-0.00030518,0.00030518,0.042725,2.2757,0.27771,0
0.010071,0.0010681,0.060577,2.7309,0.26764,0
0.029449,-0.0019836,0.06897,2.2757,0.25574,0
0.042877,-0.0039673,0.058899,2.0482,0.23834,0
0.051422,-0.0047302,0.042419,2.5033,0.22034,0
0.047607,-0.0091553,0.023956,2.5033,0.20142,0
0.030365,-0.015717,0.0056458,2.5033,0.18768,0
0.021057,-0.016937,-0.0054932,1.5931,0.17914,0
0.025635,-0.016174,-0.0093079,2.7309,0.17456,0
0.029755,-0.015717,-0.0082397,2.2757,0.17242,0
0.026855,-0.0093079,-0.0013733,2.2757,0.16815,0
0.022125,-0.00045776,0.010681,2.2757,0.15839,0
0.0028992,0.0021362,0.024414,2.5033,0.14618,0
-0.031433,-0.0016785,0.033569,2.7309,0.13397,0
-0.062561,-0.0065613,0.041046,2.9584,0.12512,0
-0.074463,-0.010071,0.0383,2.7309,0.12054,0
-0.059204,-0.011139,0.026855,2.7309,0.11597,0
-0.026398,-0.013428,0.026398,2.0482,0.11292,0
0.00076294,-0.015411,0.042419,1.8206,0.10803,0
0.0086975,-0.014496,0.064697,2.0482,0.10315,0
0.0071716,-0.011902,0.083313,2.0482,0.098267,0
0.0057983,-0.0068665,0.089417,1.1379,0.092773,0
0.0050354,-0.0010681,0.077667,1.8206,0.085754,0
0.0054932,0.0035095,0.059662,1.8206,0.078735,0
0.014801,0.007019,0.044556,2.0482,0.06958,0
0.027771,0.0099182,0.03479,1.8206,0.057678,0
0.032959,0.01358,0.03952,2.0482,0.04303,0
0.029602,0.015259,0.049896,1.8206,0.027161,0
0.018005,0.016785,0.056,2.2757,0.0094604,0
-0.00091553,0.014191,0.059357,2.9584,-0.0085449,0
-0.014038,0.0045776,0.056458,1.1379,-0.023804,0
-0.012512,-0.0056458,0.044403,2.0482,-0.040283,0
-0.0028992,-0.016174,0.023041,2.5033,-0.054321,0
0.010071,-0.025177,-0.007019,2.0482,-0.065918,0
0.026245,-0.028076,-0.028381,1.8206,-0.077209,0
0.031281,-0.024872,-0.03891,2.5033,-0.085754,0
0.019531,-0.019379,-0.042267,2.7309,-0.093994,0
0.0083923,-0.016785,-0.037231,3.186,-0.10101,0
0.011597,-0.015717,-0.023041,3.186,-0.10742,0
0.018768,-0.010986,-0.0083923,2.7309,-0.11505,0
0.018463,-0.004425,0.0097656,2.0482,-0.12177,0
0.014648,0.0036621,0.038147,2.2757,-0.13092,0
0.019684,0.0061035,0.05661,2.2757,-0.14008,0
0.023346,0.0090027,0.055084,2.9584,-0.14771,0
0.0050354,0.013275,0.041962,3.186,-0.15594,0
-0.014648,0.014954,0.033112,2.7309,-0.16632,0
-0.01709,0.013275,0.034332,2.2757,-0.177,0
0.0036621,0.0083923,0.037994,2.9584,-0.18829,0
0.035248,0.0076294,0.033112,2.5033,-0.20172,0
0.050049,0.007782,0.029907,2.2757,-0.21637,0
0.040436,0.0080872,0.028839,3.186,-0.23041,0
0.016785,0.0080872,0.028687,2.7309,-0.242,0
-0.0048828,0.0076294,0.027924,2.2757,-0.25055,0
-0.016174,0.0050354,0.032043,2.2757,-0.25909,0
-0.012665,0.007019,0.042725,2.0482,-0.26855,0
-0.0028992,0.013733,0.054016,2.0482,-0.27466,0
0.0010681,0.010529,0.054169,2.0482,-0.28076,0
0.0019836,0.00061035,0.04715,2.0482,-0.28503,0
0.0016785,-0.0013733,0.0383,1.8206,-0.28931,0
0.0015259,0.0010681,0.028534,1.8206,-0.29236,0
0.0018311,-0.00015259,0.022125,2.0482,-0.29388,0
0.0016785,0.00045776,0.021362,2.0482,-0.29266,0
-0.00076294,0.00030518,0.021362,1.8206,-0.28839,0
-0.0053406,0.00061035,0.021362,2.0482,-0.28229,0
-0.0050354,0.00091553,0.020905,2.0482,-0.271,0
-0.0035095,0.0016785,0.018158,2.0482,-0.26001,0
-0.0042725,0.00091553,0.013428,2.0482,-0.24841,0
-0.0067139,-0.00045776,0.0039673,1.3655,-0.23712,0
-0.010223,0.0033569,-0.0039673,1.8206,-0.2298,0
-0.0177,0.0050354,-0.0097656,1.5931,-0.22217,0
-0.022125,0.0035095,-0.011139,1.1379,-0.21912,0
-0.017853,0.0016785,-0.014496,2.2757,-0.21637,0
-0.0099182,0.0019836,-0.024109,1.3655,-0.21423,0
-0.0064087,-0.00030518,-0.042419,2.2757,-0.21271,0
-0.0045776,-0.0032043,-0.054932,2.2757,-0.21088,0
-0.0053406,-0.0054932,-0.045319,1.8206,-0.21118,0
-0.014496,-0.0065613,-0.018463,2.2757,-0.21057,0
-0.029907,-0.0064087,0.0010681,2.2757,-0.21027,0
-0.036469,-0.0018311,0.0059509,1.8206,-0.20966,0
-0.034485,0.0019836,0.0038147,2.0482,-0.20721,0
-0.028839,0.0061035,-0.0010681,2.2757,-0.20264,0
-0.0088501,0.0093079,-0.007019,2.5033,-0.19775,0
0.013885,0.0090027,-0.0097656,2.5033,-0.19073,0
0.015259,0.0062561,-0.010986,2.7309,-0.18585,0
0.014954,0.0045776,-0.0047302,2.2757,-0.17944,0
0.029755,0.0093079,0,1.8206,-0.17365,0
0.047913,0.011902,-0.010834,1.5931,-0.16846,0
0.036469,0.010223,-0.028687,2.0482,-0.159,0
0.009613,0.010071,-0.046082,1.5931,-0.14893,0
-0.0056458,0.0099182,-0.052185,2.5033,-0.13702,0
-0.013275,0.0083923,-0.046692,2.2757,-0.12543,0
-0.018005,0.0065613,-0.039062,2.5033,-0.11414,0
-0.01297,0.0041199,-0.039825,2.5033,-0.10284,0
-0.0050354,0.0016785,-0.034943,2.5033,-0.090637,0
-0.0039673,0.0010681,-0.028229,2.0482,-0.076904,0
-0.010223,0.00061035,-0.033112,1.8206,-0.061646,0
-0.016632,0.00045776,-0.040131,2.5033,-0.045166,0
-0.014801,0.0021362,-0.037537,2.0482,-0.031433,0
-0.0053406,0.0030518,-0.032349,2.2757,-0.018616,0
-0.0022888,0.002594,-0.025482,1.8206,-0.0079346,0
-0.011139,-0.0016785,-0.016479,2.0482,-0.0015259,0
-0.028381,-0.0016785,-0.0016785,1.8206,0.0030518,0
-0.037384,0.0013733,0.014954,1.3655,0.0088501,0
-0.028839,0.0041199,0.024719,2.0482,0.016479,0
-0.016937,0.0016785,0.020752,1.8206,0.026855,0
-0.0068665,-0.0068665,0.005188,1.8206,0.0354,0
0.0013733,-0.015564,-0.016785,2.0482,0.041504,0
0.005188,-0.019684,-0.031128,1.5931,0.047302,0
0.0085449,-0.016632,-0.036316,2.0482,0.053711,0
0.0097656,-0.01236,-0.040588,2.7309,0.062561,0
0.010834,-0.0085449,-0.040131,2.2757,0.075378,0
0.0045776,-0.0085449,-0.040283,1.8206,0.087585,0
-0.0097656,-0.011902,-0.041351,1.8206,0.09491,0
-0.019073,-0.013123,-0.041962,1.5931,0.093994,0
-0.012665,-0.010529,-0.03891,1.3655,0.08728,0
0.0041199,-0.009613,-0.032806,2.0482,0.078735,0
0.015106,-0.012054,-0.028839,2.0482,0.073242,0
0.014801,-0.011444,-0.025787,2.2757,0.067444,0
0.01358,-0.0053406,-0.017395,2.2757,0.063477,0
0.015564,-0.0022888,-0.0094604,2.2757,0.061035,0
0.013885,-0.0019836,-0.0079346,2.5033,0.061035,0
0.0067139,-0.004425,-0.0094604,1.8206,0.058899,0
0.0039673,-0.0033569,-0.011139,2.5033,0.057678,0
0.0080872,-0.0053406,-0.005188,2.2757,0.056152,0
0.011444,-0.010834,-0.0015259,1.8206,0.058289,0
0.014191,-0.011444,-0.0039673,2.0482,0.062561,0
0.019989,-0.0097656,-0.0050354,2.5033,0.071716,0
0.03006,-0.0061035,-0.0054932,2.2757,0.084534,0
0.037537,-0.004425,-0.0073242,2.7309,0.099182,0
0.037384,-0.0067139,-0.011292,1.8206,0.10925,0
0.027161,-0.0071716,-0.016632,2.5033,0.11505,0
0.016632,-0.0053406,-0.019226,1.8206,0.1178,0
0.012512,-0.004425,-0.0177,2.2757,0.12085,0
0.011902,-0.0057983,-0.021057,1.8206,0.12695,0
0.0094604,-0.0061035,-0.030365,2.5033,0.13428,0
0.0036621,-0.004425,-0.039978,2.7309,0.14404,0
-0.0061035,-0.0010681,-0.043182,2.5033,0.15198,0
-0.02243,0.00091553,-0.035095,2.0482,0.15961,0
-0.039673,0.0038147,-0.01358,1.8206,0.16357,0
-0.045166,0.0071716,0.015259,2.2757,0.16785,0
-0.034027,0.0094604,0.03952,2.5033,0.17151,0
-0.021057,0.0088501,0.045929,2.2757,0.17487,0
-0.018616,0.009613,0.040283,1.8206,0.17792,0
-0.022736,0.007019,0.031281,2.2757,0.1828,0
-0.028229,0.0042725,0.014496,2.0482,0.18799,0
-0.027618,0.0030518,0.0065613,2.0482,0.18982,0
-0.025635,0.0032043,0.0042725,1.3655,0.1886,0
-0.029755,0.0032043,0.0056458,2.2757,0.18616,0
-0.0383,0.0013733,0.020599,2.0482,0.18402,0
-0.042114,-0.0021362,0.027161,1.8206,0.1825,0
-0.04364,-0.0038147,0.02594,1.8206,0.18188,0
-0.037079,-0.0022888,0.02594,2.0482,0.18646,0
-0.018005,0.002594,0.023956,2.0482,0.1944,0
0.013733,0.0019836,0.014191,2.0482,0.20813,0
0.044556,-0.00045776,0.0050354,1.8206,0.22095,0
0.050201,-0.0028992,0.0071716,1.8206,0.22766,0
0.041199,-0.0022888,0.014191,2.2757,0.22888,0
0.046692,-0.0032043,0.016785,2.7309,0.22583,0
0.051575,0.0024414,0.020599,2.2757,0.22308,0
0.031433,0.0074768,0.033112,2.5033,0.22125,0
0.0061035,0.0038147,0.049286,2.7309,0.21942,0
-0.0022888,0,0.060425,2.5033,0.2121,0
0.0015259,0,0.059204,2.2757,0.1947,0
0.005188,0.0022888,0.059967,2.5033,0.17792,0
0.0057983,0.0030518,0.067749,2.5033,0.17487,0
0.0041199,0.0080872,0.067139,2.0482,0.18433,0
0.0012207,0.014648,0.053711,2.5033,0.19745,0
0.0016785,0.012665,0.032806,2.7309,0.2066,0
0.0099182,0.011139,0.023651,2.2757,0.20996,0
0.018463,0.010529,0.018311,1.5931,0.20935,0
0.019226,0.0088501,0.011292,1.8206,0.20935,0
0.015869,0.0045776,-0.00030518,1.8206,0.21088,0
0.015717,-0.0010681,-0.014343,2.5033,0.21484,0
0.017853,-0.0018311,-0.017395,2.2757,0.21759,0
0.018463,0.0013733,-0.012207,1.8206,0.21759,0
0.015106,0.004425,0.0024414,2.0482,0.21698,0
0.0097656,0.0080872,0.024719,1.8206,0.21454,0
0.0054932,0.0067139,0.04303,1.8206,0.21362,0
0.0048828,0.0028992,0.055237,2.0482,0.21118,0
0.0062561,0.0013733,0.058441,2.2757,0.20813,0
0.0053406,0.0032043,0.049744,1.8206,0.20325,0
-0.00045776,0.0036621,0.041046,1.1379,0.19684,0
-0.0086975,0.0065613,0.042267,2.5033,0.18829,0
-0.013123,0.0056458,0.039062,1.8206,0.17792,0
-0.013428,0.0022888,0.037537,2.2757,0.16388,0
-0.014191,-0.00030518,0.040894,0.91037,0.15137,0
-0.01236,-0.0016785,0.046234,0.91037,0.13611,0
-0.015564,-0.0045776,0.053864,1.3655,0.11902,0
-0.027924,-0.0062561,0.056152,1.1379,0.10437,0
-0.0383,-0.0068665,0.046387,1.8206,0.090332,0
-0.039825,-0.0097656,0.025177,2.5033,0.07782,0
-0.032501,-0.015869,0.0090027,2.2757,0.068359,0
-0.021057,-0.018158,0.0035095,2.5033,0.061035,0
-0.010834,-0.014038,0.0039673,2.5033,0.049133,0
-0.0018311,-0.010529,0.011749,1.5931,0.027771,0
0.005188,-0.010834,0.021667,2.5033,-0.00091553,0
0.009613,-0.012817,0.026855,2.5033,-0.02594,0
0.01358,-0.010071,0.026245,2.5033,-0.038147,0
0.016632,-0.0065613,0.020294,2.7309,-0.039368,0
0.018311,-0.0062561,0.013733,2.7309,-0.034485,0
0.015564,-0.0080872,0.0080872,2.7309,-0.032043,0
0.0079346,-0.010071,-0.0024414,2.0482,-0.035706,0
0.0065613,-0.0048828,-0.0086975,2.0482,-0.044861,0
0.018768,0.00091553,-0.0056458,2.5033,-0.056458,0
0.040283,0.0067139,-0.00045776,2.0482,-0.065308,0
0.054474,0.016022,0.0041199,2.7309,-0.071411,0
0.058746,0.024261,0.0027466,2.7309,-0.072632,0
0.061646,0.027161,-0.0073242,2.2757,-0.07019,0
0.06485,0.026398,-0.0177,2.0482,-0.067749,0
0.058594,0.025635,-0.022888,2.7309,-0.072937,0
0.046082,0.025024,-0.023041,2.2757,-0.082703,0
0.040588,0.02533,-0.020752,1.8206,-0.08667,0
0.036011,0.026703,-0.015564,2.2757,-0.092468,0
0.018158,0.023804,-0.0086975,2.5033,-0.11078,0
-0.0064087,0.0177,-0.0041199,2.2757,-0.1297,0
-0.018768,0.0088501,-0.014496,2.2757,-0.12604,0
-0.0094604,-0.00076294,-0.036011,2.0482,-0.091858,0
0.012054,-0.0068665,-0.05127,2.5033,-0.041809,0
0.018311,-0.0068665,-0.048218,2.0482,-0.010376,0
0.0053406,-0.0073242,-0.036469,2.2757,-0.032349,0
-0.0050354,-0.012817,-0.028076,2.2757,-0.10986,0
-0.0048828,-0.019379,-0.020752,2.5033,-0.20264,0
-0.0065613,-0.027161,-0.010834,2.5033,-0.27527,0
-0.012665,-0.027466,0.0068665,1.8206,-0.31525,0
-0.016937,-0.025177,0.021667,2.0482,-0.33386,0
-0.016479,-0.027313,0.028229,1.5931,-0.34882,0
-0.019226,-0.028381,0.037079,1.3655,-0.35706,0
-0.023041,-0.026703,0.062561,1.3655,-0.35065,0
-0.024872,-0.020142,0.093231,1.8206,-0.31464,0
-0.025177,-0.016937,0.10605,1.8206,-0.24261,0
-0.026398,-0.016327,0.10925,1.5931,-0.14862,0
-0.030365,-0.016479,0.11002,1.5931,-0.049438,0
-0.033569,-0.016174,0.10941,2.2757,0.0354,0
-0.037689,-0.016632,0.10941,1.5931,0.093079,0
-0.044556,-0.016022,0.11047,1.5931,0.1239,0
-0.046692,-0.012665,0.11673,1.8206,0.12573,0
-0.047302,-0.0099182,0.11551,2.0482,0.11536,0
-0.047302,-0.0093079,0.10757,2.2757,0.098572,0
-0.047302,-0.0094604,0.1033,2.7309,0.081482,0
-0.04715,-0.012207,0.10101,2.5033,0.069885,0
-0.046997,-0.015411,0.10193,2.2757,0.056152,0
-0.04715,-0.017395,0.10605,2.5033,0.037842,0
-0.03067,-0.012817,0.11673,2.5033,0.018311,0
-0.0094604,-0.011139,0.1297,2.9584,0.0018311,0
-0.024719,-0.011139,0.13229,2.7309,-0.0064087,0
-0.045166,-0.011597,0.11871,2.5033,-0.0033569,0
-0.043335,-0.014496,0.10773,2.2757,0.011292,0
-0.020294,-0.020752,0.10895,2.2757,0.0354,0
0.0062561,-0.017853,0.11551,2.2757,0.066223,0
0.02182,-0.010834,0.11642,2.2757,0.099487,0
0.026398,-0.0090027,0.10803,1.8206,0.13092,0
0.028687,-0.013428,0.088959,2.0482,0.15381,0
0.029907,-0.015869,0.063324,2.5033,0.16449,0
0.026398,-0.016174,0.038605,2.5033,0.16632,0
0.015717,-0.014648,0.015259,1.8206,0.16357,0
0.0033569,-0.015869,-0.0024414,2.7309,0.16083,0
0.00061035,-0.022736,0.0013733,2.5033,0.15656,0
0.0050354,-0.02533,0.019989,1.5931,0.14679,0
0.0047302,-0.02121,0.045929,1.5931,0.1239,0
0.0013733,-0.016937,0.072174,1.5931,0.088196,0
-0.0012207,-0.011139,0.082855,1.1379,0.047913,0
0.0030518,-0.0032043,0.073242,1.5931,0.0082397,0
0.013428,-0.00030518,0.051727,1.1379,-0.021057,0
0.020599,-0.0039673,0.029755,2.2757,-0.035095,0
0.020599,-0.0071716,0.014801,2.2757,-0.038147,0
0.017242,-0.0054932,0.0085449,1.8206,-0.036316,0
0.016785,-0.0027466,0.0042725,1.8206,-0.030518,0
0.021973,-0.00015259,0.0067139,2.0482,-0.021362,0
0.027771,0.0035095,0.0067139,2.0482,-0.014038,0
0.029144,0.0036621,0.0019836,1.8206,-0.013123,0
0.02121,0.0047302,-0.00030518,1.5931,-0.01709,0
0.0083923,0.002594,0.0076294,1.3655,-0.022888,0
0.0065613,0.00091553,0.022583,1.3655,-0.028687,0
0.009613,0.00076294,0.029144,1.8206,-0.036926,0
0.0067139,0.0028992,0.028381,1.8206,-0.049438,0
-0.0021362,0.010986,0.032501,2.0482,-0.06012,0
-0.016937,0.020752,0.045319,2.0482,-0.070496,0
-0.022583,0.023651,0.062408,2.0482,-0.079956,0
-0.014648,0.027924,0.062714,2.2757,-0.08606,0
0.0024414,0.032654,0.042725,2.2757,-0.08606,0
0.023804,0.03067,0.019684,1.8206,-0.074158,0
0.022583,0.018616,0.0036621,2.0482,-0.055542,0
-0.0024414,0.0082397,-0.0022888,1.5931,-0.033875,0
-0.020599,0.011749,0.0021362,1.8206,-0.0177,0
-0.0071716,0.019073,0.016022,2.2757,-0.0048828,0
0.02182,0.024872,0.023499,2.0482,0.0054932,0
0.029602,0.01709,0.0074768,1.8206,0.016174,0
0.010529,0.0059509,-0.011749,2.7309,0.02533,0
-0.0047302,0.0015259,-0.0073242,2.5033,0.032043,0
-0.013733,0.0035095,0.0022888,2.7309,0.037537,0
-0.027618,0.0036621,-0.0012207,3.4135,0.04364,0
-0.040741,0.0064087,0.00045776,2.2757,0.047607,0
-0.036011,0.0091553,0.015411,2.5033,0.049744,0
-0.015869,0.0076294,0.035858,2.7309,0.048218,0
0.0056458,0.0091553,0.044708,2.0482,0.047302,0
0.012817,0.015106,0.046844,1.8206,0.050659,0
0.0059509,0.019073,0.046692,2.2757,0.055542,0
-0.0028992,0.023651,0.039368,2.2757,0.066223,0
-0.0082397,0.02533,0.03418,1.8206,0.079956,0
-0.012207,0.029907,0.038147,2.0482,0.093079,0
-0.0093079,0.030212,0.043182,2.0482,0.10529,0
0.016022,0.028229,0.041351,1.8206,0.11749,0
0.054474,0.024719,0.031433,2.2757,0.12726,0
0.064545,0.02243,0.016785,1.8206,0.13885,0
0.043182,0.016479,0.0074768,2.0482,0.14984,0
0.024567,0.011597,0.0090027,1.5931,0.15961,0
0.016022,0.007019,0.014191,2.0482,0.16998,0
0.0045776,-0.00030518,0.020447,1.5931,0.17883,0
-0.005188,-0.0068665,0.022736,2.2757,0.18494,0
-0.0064087,-0.0086975,0.020752,2.2757,0.19073,0
-0.0091553,-0.0088501,0.031586,2.0482,0.19836,0
-0.013733,-0.0073242,0.056305,2.0482,0.20782,0
-0.022583,-0.0050354,0.083771,2.2757,0.21851,0
-0.0354,-0.002594,0.09964,2.5033,0.22797,0
-0.046234,-0.0032043,0.095367,2.2757,0.23529,0
-0.045319,-0.0039673,0.0914,2.0482,0.24017,0
-0.037842,-0.0041199,0.090332,2.2757,0.2478,0
-0.03006,-0.0038147,0.090027,1.3655,0.25665,0
-0.022583,-0.002594,0.084534,2.5033,0.26581,0
-0.019531,0.016632,0.029602,2.2757,0.26886,0
-0.027466,0.027313,-0.01358,2.0482,0.26703,0
-0.034485,0.028687,-0.039062,2.2757,0.26306,0
-0.031433,0.028229,-0.048676,2.7309,0.26093,0
-0.024109,0.029297,-0.049286,2.5033,0.26459,0
-0.0177,0.026093,-0.051575,2.9584,0.27191,0
-0.018616,0.019226,-0.060883,2.5033,0.27924,0
-0.022736,0.012665,-0.063782,2.2757,0.28564,0
-0.022736,0.0091553,-0.061035,1.8206,0.28717,0
-0.014954,0.0083923,-0.056305,2.2757,0.28748,0
-0.0024414,0.010071,-0.047302,2.2757,0.28687,0
0.0021362,0.012054,-0.03952,3.186,0.2887,0
0.0010681,0.012817,-0.040436,2.7309,0.29846,0
-0.0028992,0.014343,-0.039673,2.2757,0.31219,0
-0.0073242,0.015411,-0.018921,2.2757,0.32593,0
-0.011597,0.019073,0.011139,2.2757,0.3363,0
-0.014954,0.021057,0.032196,2.5033,0.3421,0
-0.02121,0.015564,0.039673,2.7309,0.34271,0
-0.036774,0.0059509,0.026855,1.8206,0.34027,0
-0.055389,0.0050354,0.01236,2.7309,0.33752,0
-0.063171,0.0073242,0.009613,2.7309,0.33417,0
-0.047607,0.012665,0.00091553,1.8206,0.33508,0
-0.015259,0.016022,-0.017242,2.5033,0.336,0
0.00061035,0.014801,-0.040588,1.8206,0.33417,0
-0.014496,0.016327,-0.058746,1.5931,0.32593,0
-0.038452,0.019226,-0.06424,2.2757,0.31036,0
-0.045319,0.018768,-0.052795,2.2757,0.28961,0
-0.023804,0.019531,-0.040283,2.2757,0.26794,0
0.0064087,0.020447,-0.032349,2.5033,0.2478,0
0.031281,0.020905,-0.023804,1.8206,0.23041,0
0.05249,0.015564,-0.015869,1.5931,0.21515,0
0.059662,0.0056458,-0.019531,1.5931,0.19958,0
0.05127,-0.0013733,-0.027466,1.3655,0.17975,0
0.041046,-0.00091553,-0.026245,2.0482,0.15564,0
0.032959,-0.0030518,-0.017242,2.2757,0.12878,0
0.030518,-0.0050354,-0.0082397,2.5033,0.10376,0
0.033112,-0.0015259,-0.0068665,2.2757,0.082397,0
0.03479,-0.00061035,-0.020752,2.2757,0.066833,0
0.032806,-0.0090027,-0.031128,2.7309,0.054932,0
0.030212,-0.018158,-0.032806,2.0482,0.040894,0
0.025177,-0.025635,-0.031738,2.2757,0.024109,0
0.016327,-0.030975,-0.024719,2.0482,0.0073242,0
0.007782,-0.03006,-0.019989,1.3655,-0.007019,0
0.0036621,-0.027618,-0.024872,2.2757,-0.01709,0
0.0050354,-0.028076,-0.034027,1.3655,-0.021667,0
0.0065613,-0.028534,-0.036621,2.2757,-0.020752,0
0.0019836,-0.028534,-0.032349,2.2757,-0.018616,0
-0.0032043,-0.029144,-0.026398,2.5033,-0.016479,0
0.00015259,-0.033722,-0.028534,2.7309,-0.013428,0
0.0035095,-0.037079,-0.037537,2.7309,-0.0094604,0
0.0065613,-0.035248,-0.045929,2.2757,-0.0048828,0
0.016632,-0.032806,-0.05188,2.5033,-0.00030518,0
0.019989,-0.034637,-0.053711,2.9584,0.0085449,0
0.0032043,-0.034027,-0.050812,2.2757,0.022583,0
-0.033264,-0.032349,-0.046844,2.5033,0.035095,0
-0.063782,-0.032654,-0.043182,2.7309,0.04425,0
-0.062866,-0.029907,-0.036163,2.2757,0.055847,0
-0.032196,-0.027161,-0.033722,2.0482,0.066528,0
0.020142,-0.026093,-0.037384,2.2757,0.075684,0
0.054321,-0.024872,-0.043793,2.2757,0.079956,0
0.036774,-0.025635,-0.045624,2.2757,0.081177,0
0.0022888,-0.027466,-0.037537,2.0482,0.080566,0
0.00045776,-0.023499,-0.028534,2.0482,0.076599,0
0.020752,-0.017395,-0.016785,2.2757,0.067749,0
0.021515,-0.017548,-0.00061035,2.2757,0.054016,0
-0.0057983,-0.016937,0.0032043,2.0482,0.036926,0
-0.034637,-0.014648,-0.004425,2.5033,0.01709,0
-0.041962,-0.014038,-0.020294,1.8206,-0.0039673,0
-0.034637,-0.012512,-0.041962,1.8206,-0.02594,0
-0.027466,-0.013123,-0.058594,1.8206,-0.050049,0
-0.023956,-0.013733,-0.059814,2.2757,-0.077515,0
-0.02533,-0.014038,-0.046387,1.5931,-0.10498,0
-0.025024,-0.015564,-0.025482,2.0482,-0.13245,0
-0.0177,-0.016632,-0.0086975,1.8206,-0.15381,0
-0.0047302,-0.017853,-0.0038147,2.5033,-0.16937,0
0.0071716,-0.020447,-0.010986,2.5033,-0.1828,0
0.0093079,-0.027924,-0.035553,1.8206,-0.19806,0
-0.0015259,-0.033417,-0.071411,1.8206,-0.21576,0
-0.01358,-0.032043,-0.095367,2.0482,-0.23224,0
-0.0082397,-0.02655,-0.08606,2.2757,-0.2417,0
0.015106,-0.019073,-0.056152,2.5033,-0.242,0
0.040588,-0.013733,-0.030518,2.5033,-0.23712,0
0.048981,-0.0094604,-0.015106,2.7309,-0.22797,0
0.040283,-0.0047302,-0.013275,2.2757,-0.22064,0
0.028381,-0.005188,-0.024261,2.7309,-0.21881,0
0.028076,-0.007782,-0.042114,2.5033,-0.22003,0
0.034943,-0.0088501,-0.048218,2.7309,-0.22461,0
0.036316,-0.010834,-0.047302,2.0482,-0.22919,0
0.032043,-0.014954,-0.052185,2.2757,-0.22888,0
0.033264,-0.019379,-0.062408,1.8206,-0.22034,0
0.036621,-0.022583,-0.06012,2.5033,-0.20782,0
0.035858,-0.023499,-0.041046,2.0482,-0.19501,0
0.032806,-0.025482,-0.02533,2.5033,-0.18219,0
0.031433,-0.02594,-0.021667,2.9584,-0.16785,0
0.030823,-0.024109,-0.032654,2.7309,-0.15503,0
0.023651,-0.016937,-0.040894,2.5033,-0.14343,0
0.01236,-0.012817,-0.032196,2.0482,-0.13397,0
0.0047302,-0.011597,-0.023041,2.0482,-0.12268,0
0.00061035,-0.0097656,-0.025177,2.5033,-0.10834,0
-0.0047302,-0.007782,-0.030212,2.0482,-0.090942,0
-0.01358,-0.0094604,-0.025482,1.8206,-0.072327,0
-0.024567,-0.0057983,-0.012665,1.5931,-0.057678,0
-0.029907,0,-0.0039673,1.8206,-0.04364,0
-0.021362,0.0016785,-0.0041199,2.0482,-0.031128,0
-0.0064087,0.0021362,-0.0067139,1.8206,-0.01709,0
0.0027466,0.002594,-0.012054,2.0482,-0.0045776,0
0.0042725,-0.0013733,-0.028839,1.3655,0.0088501,0
0.0019836,-0.0038147,-0.047455,1.8206,0.025024,0
-0.0074768,-0.0059509,-0.056,2.2757,0.043945,0
-0.019379,-0.009613,-0.048218,2.2757,0.064392,0
-0.028229,-0.011139,-0.043488,1.5931,0.080261,0
-0.032196,-0.011597,-0.042419,1.8206,0.089111,0
-0.032196,-0.011444,-0.042114,1.8206,0.091858,0
-0.023804,-0.011597,-0.042267,2.2757,0.093384,0
-0.0090027,-0.011292,-0.042419,2.5033,0.095825,0
0.005188,-0.011292,-0.042114,2.2757,0.097961,0
0.016327,-0.011292,-0.041962,1.5931,0.1004,0
0.019989,-0.011292,-0.042267,2.0482,0.10406,0
0.02121,-0.011444,-0.042419,2.2757,0.10742,0
0.02533,-0.011292,-0.042572,2.2757,0.11292,0
0.027618,-0.011444,-0.042267,2.7309,0.11536,0
0.012054,-0.0097656,-0.039673,2.0482,0.11566,0
-0.029755,0.0064087,-0.016632,2.2757,0.11383,0
-0.073547,0.018463,-0.0085449,2.2757,0.10742,0
-0.075989,0.023956,-0.0059509,2.0482,0.097046,0
-0.036469,0.025177,-0.00091553,2.2757,0.082703,0
0.019989,0.021973,0.0019836,2.0482,0.06958,0
0.066223,0.017395,-0.0032043,2.9584,0.056458,0
0.071411,0.01236,-0.016174,2.2757,0.047607,0
0.042114,0.0091553,-0.035858,2.2757,0.039062,0
0.0083923,0.0082397,-0.058746,1.8206,0.028992,0
-0.0048828,0.0074768,-0.074158,2.0482,0.022278,0
-0.0019836,0.0018311,-0.072784,2.5033,0.016174,0
-0.00045776,0.0022888,-0.056763,2.7309,0.016785,0
-0.0032043,0.0054932,-0.030823,2.0482,0.023193,0
-0.0079346,0.0042725,-0.0083923,2.2757,0.03479,0
-0.014191,0.00045776,0.0038147,1.8206,0.045776,0
-0.021362,0.0015259,0.011292,2.5033,0.053711,0
-0.024109,0.0045776,0.019531,2.2757,0.059814,0
-0.026398,0.0088501,0.021057,2.5033,0.069275,0
-0.027466,0.013275,0.015259,2.2757,0.085754,0
-0.020447,0.01297,0.010681,1.8206,0.10773,0
-0.0027466,0.0083923,0.014496,2.7309,0.12817,0
0.018158,0.0041199,0.01236,2.2757,0.14008,0
0.03006,0,-0.00061035,2.2757,0.14557,0
0.026855,-0.0041199,-0.011749,1.3655,0.15076,0
0.012665,-0.0045776,-0.01297,1.3655,0.15717,0
-0.0048828,-0.0033569,-0.0071716,1.3655,0.16266,0
-0.020142,-0.0062561,-0.0091553,1.5931,0.16876,0
-0.033569,-0.0082397,-0.015869,2.2757,0.1712,0
-0.042877,-0.0056458,-0.018311,2.5033,0.17303,0
-0.0383,-0.0030518,-0.022583,2.7309,0.17212,0
-0.023041,-0.0032043,-0.027161,2.0482,0.16693,0
-0.0082397,-0.0022888,-0.02243,1.8206,0.16205,0
0.0035095,0,-0.011749,1.5931,0.15381,0
0.0088501,0.00045776,-0.0036621,1.5931,0.14313,0
0.0047302,0.00091553,-0.0032043,2.5033,0.12909,0
0.0056458,0.0024414,-0.0074768,1.8206,0.11353,0
0.018463,0.007782,-0.011139,2.7309,0.098267,0
0.031891,0.011292,-0.011902,2.0482,0.083923,0
0.0354,0.0093079,-0.0068665,2.0482,0.073242,0
0.027313,0.005188,-0.0012207,2.5033,0.06073,0
0.012512,0.0018311,-0.0022888,2.0482,0.047607,0
0.0018311,-0.00030518,-0.010376,2.9584,0.035095,0
-0.0024414,0,-0.014038,2.0482,0.021667,0
-0.0061035,0.00091553,-0.014038,2.5033,0.0091553,0
-0.010834,0.0027466,-0.014954,2.2757,-0.0015259,0
-0.015564,0.0080872,-0.0047302,2.2757,-0.0094604,0
-0.01709,0.015106,0.018158,1.8206,-0.016785,0
-0.010529,0.020905,0.030823,2.2757,-0.022888,0
-0.0030518,0.024109,0.029144,2.7309,-0.030212,0
0.0016785,0.027161,0.028229,2.2757,-0.037231,0
0.002594,0.034332,0.0354,2.7309,-0.04303,0
0.002594,0.041656,0.048828,2.7309,-0.049438,0
0.0071716,0.045929,0.05722,2.5033,-0.054321,0
0.011749,0.046997,0.045624,2.5033,-0.057983,0
0.010529,0.045319,0.028229,2.7309,-0.059509,0
0.0086975,0.044098,0.019684,2.5033,-0.055847,0
0.011597,0.036011,0.017395,2.7309,-0.042114,0
0.022888,0.021515,0.0057983,2.0482,-0.026245,0
0.036621,0.0076294,-0.01358,1.3655,-0.011902,0
0.040436,-0.0024414,-0.028381,1.1379,-0.0079346,0
0.035706,-0.0056458,-0.034485,1.8206,-0.012207,0
0.028534,0.0013733,-0.032959,2.0482,-0.022278,0
0.016174,0.011444,-0.016785,2.2757,-0.028076,0
-0.0050354,0.017242,0.0012207,2.0482,-0.031738,0
-0.029907,0.016327,0.01236,2.5033,-0.030518,0
-0.050507,0.0093079,0.018768,1.8206,-0.027771,0
-0.059662,0.0061035,0.020599,2.2757,-0.021973,0
-0.049591,0.0050354,0.015869,2.2757,-0.014648,0
-0.032349,0.0021362,0.0036621,1.8206,-0.007019,0
-0.018921,0.00076294,-0.0021362,1.8206,0.0024414,0
-0.0065613,0.00061035,-0.0013733,2.0482,0.013733,0
0.0085449,0.00076294,0.0041199,1.8206,0.027466,0
0.015717,0.0041199,0.016632,2.0482,0.037231,0
0.0097656,0.0064087,0.039062,2.5033,0.04425,0
0.0035095,0.004425,0.068512,1.5931,0.047913,0
0.004425,0.0019836,0.094452,2.0482,0.052185,0
-0.00076294,0.007019,0.10681,2.0482,0.058594,0
-0.016937,0.0090027,0.099792,2.7309,0.065308,0
-0.026398,0.0021362,0.086517,2.5033,0.072327,0
-0.026245,-0.0088501,0.073395,2.5033,0.076599,0
-0.022888,-0.016479,0.06012,2.2757,0.079956,0
-0.015411,-0.021973,0.041656,2.5033,0.081177,0
-0.0082397,-0.023651,0.029907,2.2757,0.081482,0
-0.00061035,-0.025635,0.032349,2.5033,0.086365,0
0.0082397,-0.029755,0.034485,2.5033,0.097656,0
0.012207,-0.035858,0.028534,2.2757,0.11353,0
0.0079346,-0.041046,0.028992,1.8206,0.12573,0
-0.0024414,-0.044708,0.039215,1.3655,0.13184,0
-0.010834,-0.042572,0.043793,1.8206,0.13062,0
-0.012665,-0.041504,0.035706,1.3655,0.12756,0
-0.0093079,-0.045471,0.021515,1.8206,0.12787,0
-0.0012207,-0.045471,0.0097656,2.9584,0.13153,0
0.015717,-0.03952,0.0053406,2.5033,0.13794,0
0.03479,-0.031586,0.0036621,2.7309,0.14099,0
0.056152,-0.023651,-0.0054932,2.5033,0.14221,0
0.06485,-0.011292,-0.019073,2.7309,0.14435,0
0.054932,0.0010681,-0.017395,2.2757,0.14862,0
0.04837,0.009613,0.0085449,2.2757,0.15137,0
0.059204,0.01236,0.046387,2.5033,0.15076,0
0.070953,0.0097656,0.072479,2.2757,0.14587,0
0.071411,0.0053406,0.088654,2.0482,0.13458,0
0.061493,0.0036621,0.095367,2.0482,0.11963,0
0.046692,0.0027466,0.09491,2.0482,0.10406,0
0.033264,-0.0016785,0.086365,2.2757,0.089722,0
0.019073,-0.0053406,0.071869,1.8206,0.079041,0
0.0022888,-0.0079346,0.066986,1.8206,0.06958,0
-0.0093079,-0.010529,0.06958,2.2757,0.061951,0
-0.012665,-0.011597,0.062103,1.3655,0.057678,0
-0.016937,-0.013123,0.046692,1.3655,0.054321,0
-0.024261,-0.014343,0.031738,1.8206,0.050964,0
-0.027313,-0.020752,0.01297,2.5033,0.045471,0
-0.028839,-0.029297,-0.0028992,2.2757,0.036316,0
-0.033112,-0.031128,-0.013733,2.5033,0.025635,0
-0.040894,-0.031281,-0.021667,2.7309,0.0177,0
-0.05188,-0.033875,-0.037384,2.7309,0.0094604,0
-0.063171,-0.033722,-0.054474,1.8206,0.0036621,0
-0.065765,-0.03006,-0.053101,1.8206,-0.0039673,0
-0.057678,-0.024109,-0.040436,2.0482,-0.014038,0
-0.040894,-0.021515,-0.029755,2.5033,-0.027771,0
-0.019531,-0.019379,-0.025177,2.5033,-0.040588,0
0.0036621,-0.016937,-0.014496,2.5033,-0.052795,0
0.020294,-0.0076294,0.0062561,2.5033,-0.058594,0
0.027466,0.004425,0.03006,2.7309,-0.057373,0
0.028076,0.0094604,0.044556,2.5033,-0.049744,0
0.028229,0.007019,0.048065,2.2757,-0.041504,0
0.033112,0.0048828,0.045624,2.9584,-0.038757,0
0.041962,0.010223,0.045166,2.5033,-0.040894,0
0.046997,0.018616,0.04425,2.5033,-0.044556,0
0.039978,0.020294,0.043335,2.2757,-0.044556,0
0.027008,0.016937,0.036926,2.0482,-0.038147,0
0.0094604,0.014191,0.025787,2.0482,-0.029907,0
-0.0030518,0.014954,0.0062561,2.9584,-0.020142,0
0.00030518,0.017242,-0.010834,2.7309,-0.014038,0
0.0065613,0.02182,0.0036621,2.0482,-0.0082397,0
0.005188,0.032349,0.038605,1.8206,-0.0018311,0
0.0045776,0.039062,0.046997,1.8206,0.0073242,0
0.01358,0.032196,0.024109,2.2757,0.018616,0
0.01297,0.019073,0.002594,2.7309,0.031128,0
-0.010376,0.013885,-0.0059509,1.8206,0.040894,0
-0.032806,0.01297,-0.0090027,1.5931,0.046082,0
-0.037079,0.015106,-0.0064087,1.3655,0.047913,0
-0.029144,0.021515,0.0019836,1.8206,0.048218,0
-0.014343,0.026245,0.019684,1.8206,0.05127,0
0.00015259,0.028687,0.037689,1.8206,0.059509,0
0.0012207,0.026703,0.04837,2.2757,0.07019,0
-0.010529,0.025635,0.053101,2.0482,0.079651,0
-0.022125,0.024872,0.064545,2.2757,0.084229,0
-0.020294,0.021515,0.087891,1.5931,0.089111,0
-0.016479,0.016174,0.11002,1.8206,0.093994,0
-0.021362,0.015411,0.11353,2.0482,0.098572,0
-0.029297,0.018463,0.09613,2.0482,0.10345,0
-0.035553,0.019531,0.066833,2.5033,0.10498,0
-0.030823,0.013733,0.035095,2.0482,0.10284,0
-0.011444,0.0059509,0.0042725,2.0482,0.099792,0
0.007782,0.00015259,-0.0097656,2.0482,0.096741,0
0.014343,-0.007782,-0.0071716,2.5033,0.098267,0
0.019531,-0.0091553,0.0047302,2.5033,0.10529,0
0.027771,-0.0082397,0.018005,2.5033,0.11017,0
0.027008,-0.011444,0.025482,2.2757,0.10925,0
0.017548,-0.013733,0.024567,2.9584,0.10223,0
0.0047302,-0.014343,0.014496,2.2757,0.093689,0
-0.0042725,-0.018768,0.0016785,2.9584,0.087585,0
-0.0085449,-0.016937,-0.014038,2.5033,0.084229,0
-0.0047302,-0.011597,-0.035248,1.5931,0.083618,0
0.0056458,-0.0061035,-0.04303,2.9584,0.085449,0
0.020294,0.00061035,-0.027771,2.5033,0.086975,0
0.028229,0.0059509,-0.011139,2.5033,0.086365,0
0.017242,0.0048828,-0.0083923,2.7309,0.081787,0
0.00015259,0.0039673,-0.014343,2.0482,0.074768,0
-0.0097656,0.011902,-0.0086975,2.0482,0.068054,0
-0.009613,0.021362,0.022736,2.2757,0.066223,0
0,0.015106,0.04837,2.7309,0.069885,0
0.012207,0.0010681,0.054321,2.7309,0.075684,0
0.020142,-0.0019836,0.044861,2.2757,0.075073,0
0.02121,0.0010681,0.034332,2.2757,0.067749,0
0.010529,0.0027466,0.032196,2.2757,0.063171,0
-0.012512,0.0061035,0.037537,2.0482,0.063477,0
-0.032654,0.004425,0.040741,2.2757,0.065918,0
-0.030975,0.0030518,0.032959,2.0482,0.06012,0
-0.0093079,0.0033569,0.018768,2.5033,0.049133,0
0.016937,0.0080872,0.0050354,1.8206,0.032043,0
0.03479,0.0097656,0.0080872,2.2757,0.014038,0
0.038605,0.0050354,0.014343,2.2757,0.00030518,0
0.033264,0.00061035,0.0085449,1.1379,-0.0045776,0
0.035248,0.00015259,0.0013733,1.1379,-0.00091553,0
0.043488,0.00045776,0.0042725,2.2757,0.010681,0
0.040894,0.00045776,0.0071716,2.0482,0.020447,0
0.031128,0.00061035,0.0038147,2.2757,0.025024,0
0.025787,-0.00076294,-0.0028992,2.0482,0.026855,0
0.023651,-0.0018311,-0.016937,2.0482,0.028992,0
0.0038147,-0.0080872,-0.038605,2.2757,0.036926,0
-0.033112,-0.010986,-0.057068,0.91037,0.050354,0
-0.057831,-0.009613,-0.057983,1.8206,0.062866,0
-0.066833,-0.0059509,-0.048676,2.0482,0.070801,0
-0.060577,-0.0039673,-0.04364,2.2757,0.073242,0
-0.04364,-0.00091553,-0.042877,2.5033,0.070801,0
-0.028839,0.0016785,-0.048676,1.8206,0.07019,0
-0.032806,0.0010681,-0.070038,2.0482,0.072937,0
-0.051727,-0.0015259,-0.10315,2.7309,0.081787,0
-0.064697,-0.0019836,-0.12329,2.5033,0.089111,0
-0.054321,0.0030518,-0.11368,2.5033,0.094299,0
-0.024872,0.0085449,-0.079498,2.5033,0.095825,0
-0.00030518,0.010376,-0.041504,2.5033,0.092773,0
0.0067139,0.012207,-0.007019,2.9584,0.086365,0
0.0016785,0.016479,0.0062561,2.7309,0.07843,0
-0.014191,0.020905,-0.0033569,2.9584,0.077515,0
-0.026093,0.020905,-0.017853,2.9584,0.080872,0
-0.023041,0.019073,-0.024109,2.5033,0.088196,0
-0.0083923,0.02121,-0.015106,1.8206,0.089722,0
0.0053406,0.022125,0.0056458,2.2757,0.083008,0
0.011139,0.021362,0.023956,2.2757,0.071106,0
0.018921,0.02243,0.035706,2.2757,0.058899,0
0.030975,0.02533,0.036926,2.7309,0.05127,0
0.032959,0.024109,0.031281,3.186,0.049133,0
0.028992,0.02243,0.026245,2.9584,0.05188,0
0.035858,0.017548,0.020447,2.7309,0.053406,0
0.04776,0.01236,0.0093079,2.2757,0.05188,0
0.051422,0.0076294,-0.0064087,1.8206,0.045166,0
0.044098,0.0057983,-0.013428,2.5033,0.033569,0
0.031128,0.0056458,-0.017853,1.8206,0.022888,0
0.01358,0.0056458,-0.018311,1.8206,0.014954,0
0,0.007782,-0.0057983,1.5931,0.010681,0
-0.0039673,0.0094604,0.0073242,1.1379,0.0091553,0
-0.00061035,0.010071,0.0074768,1.3655,0.010986,0
0.0057983,0.0073242,0.00091553,1.1379,0.011902,0
0.014801,0.007782,0.0091553,1.1379,0.014038,0
0.022125,0.013123,0.026398,2.2757,0.01709,0
0.023041,0.018005,0.030518,1.8206,0.019531,0
0.015564,0.019073,0.024719,2.0482,0.023499,0
0.0074768,0.013885,0.018158,2.2757,0.031128,0
0.002594,0.0065613,0.005188,2.2757,0.040588,0
0.0022888,0.0048828,-0.01297,2.0482,0.050354,0
0.0082397,0.0048828,-0.023956,1.5931,0.056458,0
0.01297,0.0024414,-0.032043,1.8206,0.062561,0
0.012512,0.0015259,-0.041046,2.0482,0.065308,0
0.014801,0.0019836,-0.047913,1.3655,0.062256,0
0.021667,0.0038147,-0.058594,2.2757,0.056152,0
0.024414,-0.0013733,-0.064087,2.0482,0.052795,0
0.016022,-0.0082397,-0.063324,2.2757,0.053101,0
0.005188,-0.0091553,-0.058136,2.0482,0.054626,0
0.0041199,-0.0062561,-0.04425,2.0482,0.056763,0
0.010529,-0.0062561,-0.027771,2.2757,0.054321,0
0.015869,-0.0079346,-0.012054,2.2757,0.048828,0
0.019073,-0.0094604,0.0012207,2.5033,0.042114,0
0.023193,-0.013733,0.012817,2.7309,0.03418,0
0.027313,-0.01297,0.031891,2.0482,0.026245,0
0.023041,-0.009613,0.062256,2.0482,0.018005,0
0.0093079,-0.007782,0.10025,1.8206,0.0079346,0
-0.0048828,-0.009613,0.12451,2.7309,-0.00030518,0
-0.013733,-0.011292,0.13138,2.2757,-0.0057983,0
-0.016937,-0.009613,0.12131,2.5033,-0.012512,0
-0.020142,-0.007782,0.09491,2.5033,-0.018616,0
-0.020752,-0.0097656,0.062561,2.7309,-0.023804,0
-0.017853,-0.013428,0.030365,2.2757,-0.026855,0
-0.01358,-0.016937,-0.00061035,2.5033,-0.024109,0
-0.011444,-0.01709,-0.020294,2.9584,-0.017395,0
-0.01709,-0.016327,-0.030365,1.5931,-0.011292,0
-0.026245,-0.014343,-0.030365,1.8206,-0.0042725,0
-0.032349,-0.010986,-0.019379,1.8206,-0.0015259,0
-0.03418,-0.011292,-0.010986,1.8206,-0.0012207,0
-0.029602,-0.019531,-0.018921,1.5931,0.0030518,0
-0.025635,-0.027771,-0.042725,1.5931,0.010681,0
-0.029907,-0.030365,-0.065765,0.91037,0.018311,0
-0.039825,-0.027924,-0.065002,1.8206,0.027161,0
-0.047302,-0.025177,-0.037689,1.3655,0.03418,0
-0.045013,-0.023956,-0.010681,1.3655,0.040894,0
-0.032959,-0.023804,0.0059509,1.8206,0.045471,0
-0.015259,-0.023804,0.019531,1.8206,0.047913,0
0.00045776,-0.025787,0.020599,2.2757,0.051575,0
0.0053406,-0.029297,0.0042725,1.1379,0.057373,0
0.0091553,-0.031281,-0.01297,2.0482,0.06958,0
0.023346,-0.021515,-0.02533,1.5931,0.082092,0
0.035095,-0.0073242,-0.032501,1.5931,0.097046,0
0.032043,0.0035095,-0.024261,2.0482,0.10864,0
0.014496,0.0035095,-0.0027466,2.2757,0.11871,0
-0.011902,-0.004425,0.011139,2.2757,0.12909,0
-0.034943,-0.0094604,0.018921,2.2757,0.14374,0
-0.043335,-0.0094604,0.022888,1.8206,0.16479,0
-0.040894,-0.0076294,0.025787,2.5033,0.1886,0
-0.033722,-0.0082397,0.031281,2.2757,0.21088,0
-0.023956,-0.0091553,0.042725,2.0482,0.22583,0
-0.012665,-0.012207,0.049744,2.2757,0.2298,0
-0.0057983,-0.016327,0.047302,2.5033,0.22644,0
-0.00030518,-0.017242,0.036774,2.7309,0.22247,0
0.011749,-0.018005,0.028381,2.9584,0.21912,0
0.028076,-0.018158,0.042572,2.0482,0.21942,0
0.038452,-0.012207,0.066986,1.8206,0.22034,0
0.04303,-0.0080872,0.080566,2.0482,0.21545,0
0.038147,-0.0080872,0.069275,2.9584,0.20721,0
0.025177,-0.0091553,0.040741,2.5033,0.19409,0
0.010376,-0.010529,0.011444,2.0482,0.17914,0
-0.0067139,-0.01236,-0.00091553,2.5033,0.1651,0
-0.028839,-0.0083923,0.0038147,2.0482,0.15381,0
-0.050201,0.0033569,0.018311,2.0482,0.14679,0
-0.049591,0.015411,0.032654,2.2757,0.14526,0
-0.016327,0.023956,0.041809,1.8206,0.14709,0
0.022125,0.023499,0.044708,2.0482,0.14709,0
0.045624,0.016937,0.037384,1.8206,0.1413,0
0.047302,0.015106,0.026855,2.0482,0.13519,0
0.034943,0.016785,0.019073,1.8206,0.13672,0
0.032043,0.021515,0.028839,1.3655,0.1474,0
0.035553,0.032654,0.050201,1.8206,0.1593,0
0.035248,0.04303,0.071106,2.0482,0.16876,0
0.026703,0.049896,0.069122,2.0482,0.17395,0
0.017853,0.050049,0.040283,2.0482,0.17609,0
0.014496,0.044556,0.00076294,2.5033,0.17761,0
0.0091553,0.036621,-0.021515,2.5033,0.17731,0
-0.0022888,0.031128,-0.012817,2.5033,0.17303,0
-0.0090027,0.023651,0.020752,2.5033,0.16907,0
-0.0067139,0.0177,0.055695,1.8206,0.16205,0
0.0033569,0.016479,0.072327,2.2757,0.15747,0
0.019226,0.014038,0.062103,2.0482,0.15533,0
0.030518,0.0062561,0.038452,2.0482,0.15778,0
0.029602,-0.0033569,0.013275,2.5033,0.16388,0
0.023499,-0.012207,-0.0010681,2.0482,0.17151,0
0.018311,-0.019073,-0.015717,2.2757,0.17944,0
0.014191,-0.024109,-0.036621,2.2757,0.18494,0
0.0032043,-0.024719,-0.055847,2.0482,0.18494,0
-0.013123,-0.028076,-0.067902,2.5033,0.18158,0
-0.02243,-0.025024,-0.078125,2.7309,0.17639,0
-0.0082397,-0.012207,-0.076294,2.2757,0.1709,0
0.019531,0.0021362,-0.06546,2.5033,0.16449,0
0.032043,0.0083923,-0.057678,2.2757,0.15656,0
0.027771,0.0086975,-0.05188,2.2757,0.14648,0
0.024567,0.0016785,-0.048828,2.0482,0.13245,0
0.023193,-0.0039673,-0.052032,1.8206,0.11414,0
0.014038,-0.0062561,-0.052185,2.0482,0.1001,0
-0.0024414,-0.007782,-0.034637,2.2757,0.091553,0
-0.013428,-0.0061035,-0.0094604,2.5033,0.092163,0
-0.012665,-0.0088501,0.013733,2.5033,0.098572,0
-0.0047302,-0.0094604,0.025635,2.2757,0.10376,0
0.0032043,-0.0093079,0.025177,2.2757,0.10559,0
0.007019,-0.012817,0.030823,2.2757,0.1059,0
0.0039673,-0.019836,0.042114,2.2757,0.10895,0
-0.00091553,-0.024261,0.050812,2.0482,0.12024,0
-0.0068665,-0.022888,0.060425,1.8206,0.1413,0
-0.016479,-0.023193,0.067596,2.0482,0.16266,0
-0.023651,-0.023346,0.05249,2.0482,0.1828,0
-0.023651,-0.022278,0.016174,1.5931,0.20142,0
-0.024872,-0.022888,-0.030518,2.5033,0.2179,0
-0.02533,-0.023346,-0.056152,1.8206,0.23041,0
-0.024261,-0.023804,-0.043182,2.0482,0.2359,0
-0.016174,-0.027313,-0.021973,2.0482,0.23529,0
-0.0041199,-0.032654,-0.014343,1.5931,0.23041,0
0.007782,-0.035553,-0.014038,2.7309,0.22369,0
0.013275,-0.037384,-0.014648,2.2757,0.21515,0
0.0099182,-0.036774,-0.01297,2.2757,0.20691,0
-0.00061035,-0.035706,-0.0024414,2.2757,0.19714,0
-0.014191,-0.032196,0.01358,2.0482,0.18494,0
-0.022736,-0.024414,0.015717,1.8206,0.16937,0
-0.019226,-0.015259,0.010376,1.8206,0.15686,0
-0.0027466,-0.010223,0.011292,2.2757,0.1474,0
0.014801,-0.0065613,0.018616,2.0482,0.14252,0
0.020752,-0.0015259,0.033264,1.8206,0.1413,0
0.017395,0.007019,0.042725,1.8206,0.1416,0
0.0064087,0.018005,0.051575,1.8206,0.13794,0
-0.0082397,0.02655,0.059052,1.8206,0.13031,0
-0.019379,0.027924,0.057068,1.8206,0.12024,0
-0.023804,0.022736,0.043335,2.2757,0.11261,0
-0.028992,0.014801,0.028534,2.2757,0.1059,0
-0.040283,0.012512,0.022583,2.0482,0.099487,0
-0.048676,0.012817,0.018768,2.0482,0.093689,0
-0.05249,0.012665,0.0036621,1.8206,0.083923,0
-0.052948,0.0090027,-0.019531,2.2757,0.069275,0
-0.04715,0.0013733,-0.034332,2.2757,0.053711,0
-0.035858,-0.0082397,-0.043945,2.2757,0.037537,0
-0.02182,-0.0042725,-0.065918,2.2757,0.02594,0
-0.0042725,0.010681,-0.079498,2.7309,0.014648,0
0.013275,0.023804,-0.059509,2.7309,0.0018311,0
0.026398,0.020599,-0.040741,2.5033,-0.0082397,0
0.044098,0.010834,-0.045929,2.7309,-0.018921,0
0.063171,0.0035095,-0.07019,2.2757,-0.031738,0
0.076599,0.0074768,-0.072479,2.2757,-0.045471,0
0.083923,0.01236,-0.042572,2.2757,-0.061951,0
0.088501,0.0085449,-0.011292,1.8206,-0.078735,0
0.086517,0.0030518,-0.0018311,1.8206,-0.093384,0
0.065918,0.0050354,-0.00045776,1.8206,-0.10651,0
0.030212,0.015564,0.013428,1.8206,-0.11902,0
0.00091553,0.027008,0.041656,1.8206,-0.12756,0
-0.016327,0.030365,0.069275,2.7309,-0.13031,0
-0.023956,0.028534,0.079651,2.0482,-0.13031,0
-0.024719,0.028229,0.063171,1.5931,-0.13031,0
-0.021057,0.028534,0.039062,1.3655,-0.13153,0
-0.014343,0.023346,0.022888,1.5931,-0.13214,0
0.0016785,0.017853,0.013885,1.3655,-0.13306,0
0.021362,0.016632,0.0038147,1.8206,-0.13092,0
0.029144,0.015411,-0.0083923,1.8206,-0.12451,0
0.020294,0.0054932,-0.02655,2.2757,-0.10956,0
0.0068665,-0.0068665,-0.045624,1.8206,-0.094299,0
-0.00030518,-0.019379,-0.058746,1.8206,-0.082397,0
-0.00091553,-0.033264,-0.066223,1.3655,-0.07843,0
-0.0033569,-0.043335,-0.080109,1.8206,-0.081787,0
-0.0071716,-0.043793,-0.10193,2.2757,-0.087585,0
-0.0065613,-0.037231,-0.11337,2.2757,-0.094299,0
-0.0048828,-0.029755,-0.09613,2.2757,-0.099792,0
-0.0097656,-0.014954,-0.050201,2.0482,-0.10223,0
-0.021973,0.0028992,0.0053406,2.0482,-0.10254,0
-0.029755,0.014191,0.048981,2.7309,-0.10376,0
-0.03006,0.019379,0.070648,2.7309,-0.10529,0
-0.019684,0.021973,0.08194,2.2757,-0.10559,0
0.0038147,0.022583,0.092163,2.0482,-0.10193,0
0.03418,0.024872,0.10956,2.7309,-0.096741,0
0.057068,0.031433,0.11673,2.5033,-0.090332,0
0.059662,0.037384,0.10956,2.5033,-0.085754,0
0.037994,0.0383,0.078888,2.2757,-0.082703,0
0.007782,0.040131,0.040894,2.7309,-0.081177,0
-0.0073242,0.054474,0.074158,2.9584,-0.079956,0
-0.014038,0.065308,0.14374,2.7309,-0.07782,0
-0.025177,0.050201,0.13138,2.5033,-0.076599,0
-0.038452,0.036774,0.079193,2.2757,-0.073853,0
-0.043945,0.030823,0.065155,2.2757,-0.074768,0
-0.035858,0.022736,0.077515,2.5033,-0.074158,0
-0.022583,0.0054932,0.077362,2.7309,-0.072327,0
-0.018616,-0.010223,0.061188,2.2757,-0.071106,0
-0.026093,-0.020905,0.047607,2.7309,-0.071411,0
-0.035095,-0.030365,0.046387,2.2757,-0.07019,0
-0.0383,-0.037994,0.058289,2.7309,-0.066833,0
-0.039978,-0.040283,0.080414,1.5931,-0.061646,0
-0.044403,-0.039368,0.09964,2.2757,-0.055847,0
-0.046082,-0.036774,0.098572,2.0482,-0.049744,0
-0.03952,-0.032806,0.079498,1.8206,-0.045471,0
-0.023956,-0.031586,0.054626,1.3655,-0.042419,0
-0.0076294,-0.032196,0.027618,1.8206,-0.040588,0
-0.0035095,-0.028534,0.0012207,1.8206,-0.041199,0
-0.0048828,-0.025177,-0.021362,2.2757,-0.046387,0
0.00061035,-0.023499,-0.040588,2.2757,-0.050964,0
0.0054932,-0.018616,-0.052338,1.8206,-0.056152,0
-0.002594,-0.0090027,-0.055084,1.1379,-0.056458,0
-0.015564,-0.0033569,-0.059509,2.0482,-0.058594,0
-0.018768,-0.0018311,-0.062256,2.5033,-0.064392,0
-0.0079346,-0.0048828,-0.055695,2.2757,-0.07019,0
0.009613,-0.0079346,-0.040588,2.2757,-0.076294,0
0.020752,-0.010376,-0.032501,2.0482,-0.082703,0
0.019989,-0.011597,-0.041962,1.8206,-0.088806,0
0.0074768,-0.012817,-0.061951,1.5931,-0.093994,0
-0.014801,-0.014038,-0.078735,2.0482,-0.097961,0
-0.03418,-0.018616,-0.085449,2.2757,-0.10376,0
-0.041809,-0.020294,-0.07843,2.5033,-0.10986,0
-0.038452,-0.012054,-0.067291,3.186,-0.11719,0
-0.029755,0.0048828,-0.056915,2.2757,-0.12482,0
-0.027618,0.019989,-0.052032,2.0482,-0.13092,0
-0.019073,0.027618,-0.057678,2.2757,-0.13428,0
0.0097656,0.026855,-0.077057,2.2757,-0.13763,0
0.043945,0.022583,-0.086823,2.7309,-0.14435,0
0.055847,0.024261,-0.08194,2.2757,-0.1532,0
0.042419,0.024261,-0.064545,2.2757,-0.16022,0
0.019073,0.02182,-0.041199,3.186,-0.16602,0
0.0088501,0.015411,-0.02182,2.7309,-0.16937,0
0.017548,0.0094604,-0.014038,2.5033,-0.17426,0
0.029144,-0.00091553,-0.020752,2.0482,-0.18311,0
0.03479,-0.016785,-0.033112,1.8206,-0.19165,0
0.029755,-0.030365,-0.056458,1.5931,-0.20203,0
0.016785,-0.032349,-0.084991,2.2757,-0.21393,0
0.0059509,-0.019379,-0.095215,2.2757,-0.22125,0
-0.0082397,-0.013123,-0.086517,2.0482,-0.22217,0
-0.021973,-0.014801,-0.083313,2.2757,-0.21637,0
-0.025482,-0.019226,-0.094757,2.0482,-0.20996,0
-0.020599,-0.024109,-0.10559,2.0482,-0.20477,0
-0.012817,-0.025635,-0.10864,1.5931,-0.20172,0
0.00015259,-0.021362,-0.092621,1.8206,-0.19867,0
0.0082397,-0.015869,-0.054169,2.5033,-0.1889,0
0.0093079,-0.012512,-0.014343,2.2757,-0.17151,0
0.010071,-0.0097656,0.007019,2.2757,-0.14618,0
0.011139,-0.0073242,0.0079346,2.0482,-0.11505,0
0.010834,-0.0039673,-0.0028992,1.5931,-0.08667,0
0.0085449,-0.0076294,-0.023346,1.5931,-0.064392,0
0.0038147,-0.02243,-0.042572,2.0482,-0.049744,0
-0.0013733,-0.040131,-0.053253,2.0482,-0.036621,0
-0.0097656,-0.049591,-0.05722,2.2757,-0.018616,0
-0.020447,-0.046844,-0.051422,2.5033,0.00061035,0
-0.025787,-0.042725,-0.044861,2.2757,0.019836,0
-0.023804,-0.042419,-0.039673,2.2757,0.030212,0
-0.019531,-0.041046,-0.03418,2.2757,0.036926,0
-0.016785,-0.037689,-0.028534,2.0482,0.037231,0
-0.011597,-0.036163,-0.027618,2.0482,0.036926,0
-0.0064087,-0.030975,-0.027466,2.2757,0.037231,0
-0.0035095,-0.026245,-0.014496,2.2757,0.038452,0
-0.0036621,-0.027771,0.0061035,2.7309,0.037842,0
-0.0048828,-0.030365,0.021515,2.5033,0.033569,0
-0.0053406,-0.018768,0.036774,2.0482,0.026245,0
-0.0054932,0.0076294,0.050964,1.8206,0.016785,0
-0.0047302,0.027466,0.05661,2.0482,0.007019,0
-0.0033569,0.03067,0.057373,1.8206,0.0024414,0
-0.0022888,0.025635,0.062866,2.2757,-0.00030518,0
-0.0015259,0.018158,0.071259,1.5931,0.00091553,0
-0.0033569,0.0062561,0.058899,2.2757,0.0048828,0
-0.0045776,0.00030518,0.029449,2.2757,0.0067139,0
-0.007782,-0.00015259,0.0033569,2.2757,0.0030518,0
-0.016022,-0.0013733,-0.00076294,2.2757,-0.00091553,0
-0.032959,-0.0045776,0.0074768,1.3655,-0.0024414,0
-0.053864,-0.0080872,0.020447,2.5033,0.00091553,0
-0.066376,-0.010223,0.031128,2.5033,0.010376,0
-0.065765,-0.0067139,0.03418,2.5033,0.019836,0
-0.057983,-0.0050354,0.023956,2.7309,0.028076,0
-0.046539,-0.0053406,-0.0048828,2.2757,0.034485,0
-0.015564,-0.0062561,-0.036163,2.5033,0.039978,0
0.030518,-0.0047302,-0.05127,2.2757,0.042725,0
0.058136,0.00030518,-0.06485,1.1379,0.045776,0
0.056763,0.004425,-0.081635,1.8206,0.048828,0
0.047455,0.0085449,-0.088501,1.8206,0.050049,0
0.044403,0.012512,-0.068817,2.2757,0.048218,0
0.046387,0.019684,-0.041962,1.8206,0.046387,0
0.048828,0.027466,-0.01236,2.0482,0.04364,0
0.04776,0.036926,0.017242,2.2757,0.04303,0
0.047607,0.050507,0.05249,2.2757,0.04303,0
0.047607,0.06012,0.10361,1.8206,0.039368,0
0.044098,0.07431,0.15503,2.0482,0.036011,0
0.041962,0.096588,0.17487,2.0482,0.033875,0
0.0354,0.11841,0.17487,1.3655,0.037537,0
0.021362,0.12344,0.17914,1.5931,0.042419,0
0.010376,0.11993,0.17532,1.8206,0.049744,0
0.010071,0.11124,0.14679,2.2757,0.055847,0
0.01297,0.099182,0.095825,2.5033,0.06012,0
0.010529,0.076141,0.036621,1.8206,0.064392,0
0.0032043,0.049133,0.0021362,2.9584,0.067444,0
-0.002594,0.029755,0.014496,2.5033,0.073853,0
-0.0048828,0.010223,0.036011,2.2757,0.081482,0
-0.0083923,-0.0062561,0.051575,2.2757,0.088501,0
-0.0071716,-0.0091553,0.059204,2.2757,0.093079,0
-0.004425,-0.0022888,0.036163,2.2757,0.092773,0
-0.00061035,0.015259,0.0039673,2.0482,0.089417,0
-0.00076294,0.049591,0.015869,2.2757,0.085144,0
-0.0065613,0.08728,0.05722,2.7309,0.085449,0
-0.013428,0.10452,0.073853,2.5033,0.093079,0
-0.009613,0.10941,0.066223,2.7309,0.10315,0
0.0036621,0.11749,0.075836,2.7309,0.11536,0
0.012512,0.11032,0.10788,2.7309,0.12665,0
0.01297,0.08255,0.12436,2.2757,0.13214,0
0.0064087,0.050201,0.13916,2.7309,0.13428,0
0.00061035,0.026855,0.18875,2.5033,0.13489,0
-0.0030518,-0.0022888,0.23819,2.5033,0.13916,0
-0.0047302,-0.026855,0.2359,2.5033,0.1416,0
-0.0039673,-0.04303,0.20889,2.0482,0.13947,0
0.00076294,-0.068207,0.1741,1.8206,0.13153,0
0.0016785,-0.10025,0.13855,2.0482,0.12024,0
-0.0097656,-0.12085,0.11673,2.0482,0.10773,0
-0.019836,-0.13474,0.093384,2.5033,0.094604,0
-0.015564,-0.14359,0.044403,2.0482,0.083008,0
-0.0091553,-0.15182,-0.014038,2.5033,0.075989,0
-0.0073242,-0.16251,-0.043335,2.2757,0.069275,0
-0.0015259,-0.16495,-0.057678,2.0482,0.06073,0
0.0057983,-0.15244,-0.067444,1.5931,0.05188,0
0.010986,-0.13412,-0.056763,2.0482,0.040894,0
0.01236,-0.11581,-0.025482,1.5931,0.028076,0
0.0090027,-0.095825,-0.0021362,2.0482,0.014038,0
0.014496,-0.085602,-0.005188,1.5931,0.0048828,0
0.02121,-0.08255,-0.023956,1.5931,0.0024414,0
0.018768,-0.080719,-0.019989,1.8206,0.005188,0
0.022583,-0.077667,0.022888,2.7309,0.012207,0
0.030518,-0.066071,0.072327,1.8206,0.019531,0
0.032959,-0.054626,0.11078,1.8206,0.021057,0
0.036774,-0.046997,0.1329,1.8206,0.020447,0
0.039215,-0.03006,0.13763,2.2757,0.016174,0
0.033875,-0.0047302,0.12741,2.0482,0.015259,0
0.021515,0.013428,0.11017,2.2757,0.015564,0
0.0093079,0.020599,0.10742,2.9584,0.013733,0
0.00045776,0.019073,0.11581,2.2757,0.0067139,0
-0.0027466,0.0080872,0.11627,2.0482,-0.0048828,0
-0.0022888,-0.0041199,0.086975,2.0482,-0.01709,0
-0.0054932,-0.012054,0.037079,2.2757,-0.02594,0
-0.012817,-0.021973,-0.016327,2.2757,-0.028381,0
-0.011597,-0.029144,-0.047302,2.2757,-0.026855,0
0.0064087,-0.0354,-0.052948,2.2757,-0.023499,0
0.020142,-0.036163,-0.054626,2.7309,-0.024414,0
0.015259,-0.033112,-0.047455,2.9584,-0.028687,0
0.00045776,-0.0354,-0.041809,2.7309,-0.033569,0
-0.019379,-0.044403,-0.040283,2.7309,-0.039978,0
-0.03891,-0.040894,-0.043793,2.5033,-0.044556,0
-0.048065,-0.026093,-0.053101,2.7309,-0.041199,0
-0.043488,-0.010834,-0.053711,2.7309,-0.037537,0
-0.035706,-0.005188,-0.05249,2.7309,-0.03479,0
-0.034943,-0.0041199,-0.05188,1.8206,-0.036926,0
-0.047302,-0.0042725,-0.052185,2.2757,-0.045166,0
-0.068207,-0.0039673,-0.052185,2.0482,-0.06073,0
-0.075378,-0.0042725,-0.05188,2.0482,-0.082092,0
-0.059357,-0.0041199,-0.052032,2.2757,-0.10437,0
-0.036011,-0.0041199,-0.052185,2.0482,-0.12268,0
-0.019379,-0.0041199,-0.052185,1.5931,-0.13367,0
-0.0010681,-0.0039673,-0.052185,2.0482,-0.13672,0
0.016937,0.00045776,-0.046997,1.8206,-0.13947,0
0.02121,0.048523,0.0021362,1.5931,-0.14374,0
0.011444,0.067596,0.018768,2.2757,-0.14832,0
0.0053406,0.067291,0.0038147,1.8206,-0.14801,0
0.015259,0.068817,0.0074768,1.8206,-0.14191,0
0.030518,0.073242,0.032806,2.0482,-0.1297,0
0.040131,0.067749,0.052185,1.8206,-0.11597,0
0.04425,0.056152,0.055695,2.0482,-0.1059,0
0.046539,0.044403,0.053253,2.2757,-0.10132,0
0.053864,0.033569,0.05249,2.0482,-0.097351,0
0.059814,0.022736,0.061646,2.2757,-0.094299,0
0.055695,0.016327,0.078735,2.2757,-0.088806,0
0.043945,0.013885,0.093384,2.5033,-0.084534,0
0.034943,0.01358,0.099335,1.8206,-0.080872,0
0.030823,0.02243,0.090637,2.5033,-0.076294,0
0.03067,0.025177,0.063019,2.2757,-0.068359,0
0.033112,0.011902,0.023804,1.8206,-0.057373,0
0.0383,0.005188,-0.0079346,2.0482,-0.043945,0
0.038757,0.0090027,-0.022736,2.0482,-0.033875,0
0.029602,0.0090027,-0.046082,2.2757,-0.025024,0
0.018768,-0.0074768,-0.11292,2.2757,-0.016785,0
0.011597,-0.024261,-0.17426,2.5033,-0.0061035,0
0.0050354,-0.015869,-0.12543,2.2757,0.0067139,0
-0.00076294,-0.0053406,-0.045624,2.2757,0.017395,0
-0.0024414,-0.012665,-0.045624,2.0482,0.02533,0
-0.0013733,-0.020447,-0.067596,2.2757,0.027161,0
0.0030518,-0.020599,-0.074158,2.2757,0.024109,0
0.0048828,-0.02243,-0.075073,2.7309,0.026245,0
-0.0030518,-0.024719,-0.062103,2.2757,0.029602,0
-0.014038,-0.022583,-0.034943,2.2757,0.034485,0
-0.013885,-0.0177,-0.016327,2.5033,0.037842,0
-0.0073242,-0.0032043,-0.023804,2.2757,0.040894,0
-0.0059509,0.015259,-0.026398,2.5033,0.041199,0
-0.010529,0.029907,-0.0073242,2.0482,0.040894,0
-0.016785,0.038605,0.01236,2.2757,0.043335,0
-0.02243,0.036163,0.026093,1.5931,0.054626,0
-0.021973,0.022888,0.046387,1.5931,0.068665,0
-0.02182,0.011597,0.050964,1.5931,0.08667,0
-0.025482,0.0053406,0.020142,2.0482,0.10345,0
-0.028076,0.0030518,-0.024109,2.0482,0.11292,0
-0.027618,0.0045776,-0.031433,2.0482,0.11353,0
-0.02594,0.0048828,-0.0012207,2.5033,0.1059,0
-0.014801,0.00091553,0.02182,2.2757,0.095825,0
0.0038147,-0.0041199,0.016479,2.0482,0.08667,0
0.0085449,-0.0056458,-0.0030518,2.2757,0.080261,0
0.0059509,-0.00015259,-0.02182,2.0482,0.073242,0
0.0065613,0.0057983,-0.037384,1.8206,0.06012,0
0.0039673,0.0085449,-0.057526,1.5931,0.04364,0
-0.0079346,0.014191,-0.075836,1.5931,0.028687,0
-0.021362,0.016632,-0.069275,1.8206,0.015564,0
-0.035248,0.011444,-0.035858,0.91037,0.0030518,0
-0.037079,0.0093079,-0.015869,1.8206,-0.010986,0
-0.014038,0.015106,-0.012512,2.0482,-0.027161,0
0.031433,0.021667,-0.016327,2.2757,-0.043335,0
0.068665,0.019684,-0.024261,1.8206,-0.058899,0
0.06485,0.013428,-0.024719,2.0482,-0.070496,0
0.042419,0.011444,-0.015259,1.8206,-0.07782,0
0.021667,0.017548,-0.0036621,2.2757,-0.083618,0
0,0.029755,0.0074768,2.0482,-0.088501,0
-0.02655,0.038757,0.019836,2.0482,-0.092773,0
-0.045471,0.041351,0.036316,2.9584,-0.096436,0
-0.037842,0.042419,0.039368,2.2757,-0.09491,0
-0.0071716,0.042572,0.021973,2.7309,-0.086975,0
0.022583,0.04364,-0.00015259,2.0482,-0.076294,0
0.02121,0.040436,-0.012054,3.186,-0.069275,0
-0.0047302,0.029602,-0.011749,2.7309,-0.065918,0
-0.025177,0.014038,-0.021667,2.7309,-0.067444,0
-0.032501,0.00045776,-0.052032,2.0482,-0.068054,0
-0.035248,-0.011444,-0.098267,2.2757,-0.065918,0
-0.0354,-0.013275,-0.12451,2.5033,-0.065002,0
-0.029144,-0.0033569,-0.12466,2.7309,-0.06073,0
-0.019379,0.0016785,-0.12207,2.9584,-0.06134,0
-0.013733,0.0035095,-0.12131,2.7309,-0.066833,0
-0.010071,0.0032043,-0.12085,2.7309,-0.074768,0
-0.0082397,0.0035095,-0.11993,2.5033,-0.078125,0
-0.010223,0.0083923,-0.10773,2.0482,-0.072937,0
-0.018463,0.015717,-0.091858,2.5033,-0.063477,0
-0.026093,0.029755,-0.086212,1.8206,-0.057373,0
-0.02243,0.050049,-0.08667,2.5033,-0.057983,0
-0.018158,0.059204,-0.097351,2.2757,-0.064087,0
-0.014801,0.059814,-0.10574,2.2757,-0.072632,0
-0.0097656,0.069733,-0.099335,2.7309,-0.079041,0
-0.0074768,0.088654,-0.077667,2.0482,-0.082703,0
-0.0068665,0.094452,-0.053101,1.8206,-0.082703,0
0.0018311,0.079346,-0.029297,2.0482,-0.078125,0
0.018921,0.059357,-0.016785,2.0482,-0.072632,0
0.022583,0.050354,-0.011139,1.8206,-0.065613,0
0.010071,0.041351,-0.00076294,2.0482,-0.055237,0
0.0035095,0.019073,0.0088501,2.0482,-0.046082,0
0.010681,0.00045776,0.010834,2.0482,-0.045471,0
0.0021362,-0.0027466,0.0068665,2.5033,-0.050964,0
-0.016479,0.012512,-0.00091553,2.0482,-0.057983,0
-0.022583,0.03006,-0.018463,2.0482,-0.064087,0
-0.0177,0.037231,-0.032196,2.2757,-0.067139,0
-0.013733,0.026093,-0.03479,2.2757,-0.072632,0
-0.018005,0.0079346,-0.06073,1.8206,-0.079956,0
-0.025635,-0.0056458,-0.11124,1.3655,-0.084839,0
-0.026093,-0.022888,-0.14755,1.8206,-0.086975,0
-0.019226,-0.030518,-0.16525,2.7309,-0.086975,0
-0.012054,-0.025482,-0.17487,2.2757,-0.083618,0
-0.0047302,-0.021515,-0.16342,3.4135,-0.079041,0
0.004425,-0.029907,-0.13336,2.7309,-0.072327,0
0.0074768,-0.04837,-0.10162,2.7309,-0.067139,0
0.0076294,-0.056152,-0.06897,2.7309,-0.066223,0
0.009613,-0.053101,-0.025787,2.5033,-0.065308,0
0.017242,-0.050049,0.016022,2.9584,-0.061951,0
0.028076,-0.04837,0.050049,2.5033,-0.054932,0
0.040283,-0.043945,0.067291,2.5033,-0.050659,0
0.05188,-0.029297,0.075073,2.2757,-0.053101,0
0.061646,-0.0080872,0.089417,2.5033,-0.06073,0
0.062866,-0.005188,0.10208,2.5033,-0.068665,0
0.055084,-0.010223,0.096283,2.2757,-0.073242,0
0.045471,-0.010529,0.092163,3.186,-0.067749,0
0.039215,-0.0013733,0.095978,2.7309,-0.054321,0
0.040741,0.0083923,0.11078,2.5033,-0.0354,0
0.046082,0.01358,0.13245,1.8206,-0.010376,0
0.042725,0.0076294,0.14252,1.5931,0.018311,0
0.029297,-0.012665,0.1413,1.8206,0.044861,0
0.014801,-0.036163,0.14664,1.5931,0.06958,0
0.011292,-0.055695,0.14343,1.8206,0.089111,0
0.017395,-0.066833,0.10468,2.0482,0.1059,0
0.028839,-0.068359,0.053558,2.0482,0.11871,0
0.042114,-0.065918,0.026398,2.5033,0.13489,0
0.045166,-0.071869,0.0059509,1.8206,0.15228,0
0.029907,-0.078888,-0.021973,2.0482,0.16785,0
0.010986,-0.073242,-0.051575,2.0482,0.17517,0
0.0033569,-0.055847,-0.089111,1.8206,0.16907,0
0.0082397,-0.023956,-0.10437,1.1379,0.1593,0
0.023804,0.013428,-0.067444,1.8206,0.1535,0
0.036926,0.033264,-0.0056458,2.0482,0.15472,0
0.037537,0.045471,0.058746,1.8206,0.16235,0
0.025177,0.05127,0.10712,2.0482,0.16541,0
0.0097656,0.042114,0.12451,2.0482,0.15869,0
-0.0019836,0.025787,0.12115,1.5931,0.14343,0
-0.0085449,0.015411,0.11414,2.2757,0.12482,0
-0.0054932,0.0050354,0.10117,2.2757,0.11322,0
0.011139,-0.0041199,0.085297,2.5033,0.12024,0
0.027466,-0.014343,0.072327,2.7309,0.13702,0
0.023499,-0.021667,0.057068,1.5931,0.15594,0
0.0062561,-0.027008,0.040283,2.9584,0.1651,0
-0.00045776,-0.032043,0.018005,1.8206,0.16327,0
-0.0042725,-0.039062,-0.016022,2.7309,0.15594,0
-0.014648,-0.037994,-0.059509,2.2757,0.14709,0
-0.023041,-0.020294,-0.095978,2.0482,0.14343,0
-0.025177,-0.0012207,-0.1091,2.0482,0.14496,0
-0.02121,0.015869,-0.088654,2.7309,0.15137,0
-0.016479,0.021667,-0.056915,2.7309,0.16052,0
-0.019073,0.023804,-0.028076,2.2757,0.16846,0
-0.022888,0.018311,-0.010071,2.7309,0.17639,0
-0.022888,0.010681,0.00015259,2.2757,0.18219,0
-0.023193,-0.0021362,0.016327,2.5033,0.19165,0
-0.026093,-0.018921,0.048981,2.0482,0.20447,0
-0.02533,-0.035858,0.076599,2.5033,0.21484,0
-0.02121,-0.053711,0.081024,2.2757,0.22186,0
-0.02243,-0.071564,0.040741,2.2757,0.2301,0
-0.030365,-0.084991,-0.050812,2.5033,0.242,0
-0.045013,-0.077362,-0.13901,2.7309,0.25635,0
-0.055084,-0.036316,-0.15778,2.0482,0.26733,0
-0.042725,0.015564,-0.10773,2.2757,0.27222,0
-0.024567,0.053558,-0.043182,1.5931,0.27435,0
-0.021667,0.084076,0.0024414,2.2757,0.2771,0
-0.026245,0.11032,0.025635,2.0482,0.28168,0
-0.030365,0.10651,0.030365,2.2757,0.28625,0
-0.03006,0.076294,0.010223,2.0482,0.28839,0
-0.023804,0.040894,-0.0177,2.0482,0.2829,0
-0.014038,-0.0027466,-0.03067,2.2757,0.27374,0
-0.0018311,-0.050354,-0.018921,2.2757,0.26489,0
0.0061035,-0.092468,-0.0071716,2.0482,0.25757,0
0.014038,-0.12802,-0.013733,1.5931,0.25269,0
0.024872,-0.16342,-0.050201,2.0482,0.25177,0
0.037994,-0.18066,-0.12787,1.8206,0.25482,0
0.05249,-0.16785,-0.19608,2.0482,0.27649,0
0.06424,-0.13535,-0.20126,1.5931,0.31647,0
0.071716,-0.099487,-0.15549,2.0482,0.3479,0
0.072327,-0.061493,-0.09613,1.5931,0.3302,0
0.065765,-0.036163,-0.047913,2.9584,0.2597,0
0.053406,-0.018005,-0.016022,2.5033,0.1712,0
0.03479,0.0057983,0.013275,2.9584,0.10406,0
0.0050354,0.029449,0.049744,2.0482,0.074768,0
-0.034485,0.050659,0.09964,2.2757,0.074768,0
-0.064087,0.072937,0.13885,2.2757,0.080261,0
-0.06485,0.07782,0.1532,2.5033,0.077209,0
-0.041962,0.079346,0.1825,2.2757,0.065918,0
-0.0038147,0.081024,0.16403,2.2757,0.056152,0
0.028992,0.074005,0.071716,2.2757,0.054016,0
0.03067,0.063324,0.0094604,2.0482,0.056152,0
0.0030518,0.039825,0.010834,2.9584,0.055847,0
-0.024872,-0.0057983,0.016174,3.4135,0.050049,0
-0.032806,-0.04364,-0.0010681,2.0482,0.042419,0
-0.023804,-0.039673,-0.028076,2.2757,0.031738,0
-0.012207,0.00076294,-0.042267,2.5033,0.0094604,0
-0.0068665,0.039215,-0.045929,2.9584,-0.020447,0
-0.002594,0.050964,-0.056305,2.5033,-0.046997,0
0.0012207,0.048828,-0.070801,2.5033,-0.055237,0
-0.0010681,0.043945,-0.094757,2.0482,-0.047913,0
0.00091553,0.053864,-0.10605,2.2757,-0.0354,0
0.0039673,0.081482,-0.087433,1.8206,-0.029907,0
-0.0065613,0.078583,-0.07431,2.9584,-0.036316,0
-0.018311,0.043945,-0.067749,3.186,-0.050354,0
-0.0177,0.018158,-0.0383,2.5033,-0.064697,0
-0.014801,0.00015259,0.02121,2.2757,-0.073547,0
-0.015717,-0.019379,0.089722,2.0482,-0.076599,0
-0.016174,-0.024414,0.11948,2.5033,-0.07782,0
-0.01358,-0.011292,0.080414,1.8206,-0.083008,0
-0.0071716,0.0032043,0.018005,2.5033,-0.099487,0
-0.0016785,0.005188,0.0013733,1.5931,-0.12146,0
0.0054932,0.0050354,0.036316,2.0482,-0.14526,0
0.014496,-0.0018311,0.089417,1.8206,-0.16296,0
0.024567,-0.01358,0.13138,1.8206,-0.17487,0
0.031128,-0.025024,0.15442,1.8206,-0.18219,0
0.036316,-0.049438,0.1619,1.5931,-0.1886,0
0.044098,-0.076447,0.17181,1.1379,-0.19318,0
0.041046,-0.10147,0.16129,2.9584,-0.19745,0
0.025635,-0.11353,0.16083,2.0482,-0.20416,0
0.020142,-0.097046,0.186,2.0482,-0.21027,0
0.018921,-0.072174,0.21133,2.5033,-0.2124,0
0.018768,-0.043793,0.21271,2.7309,-0.20905,0
0.0033569,-0.017853,0.18951,2.2757,-0.20111,0
-0.025787,0.018768,0.15549,2.0482,-0.19043,0
-0.0354,0.043488,0.11627,2.7309,-0.1828,0
-0.033112,0.052185,0.07431,2.7309,-0.18372,0
-0.02533,0.062561,0.038605,2.7309,-0.19897,0
-0.0035095,0.071564,-0.0012207,2.7309,-0.2298,0
0.019531,0.079193,-0.04303,2.5033,-0.26123,0
0.028839,0.074005,-0.072937,2.2757,-0.28473,0
0.025177,0.053253,-0.076599,2.2757,-0.2948,0
0.016632,0.02655,-0.05127,2.7309,-0.29694,0
0.016785,-0.0065613,-0.032806,2.9584,-0.29694,0
0.031281,-0.040131,-0.037231,2.9584,-0.29877,0
0.044098,-0.046997,-0.033569,2.9584,-0.30243,0
0.040894,-0.041809,-0.019379,2.2757,-0.30945,0
0.031128,-0.034485,0,2.7309,-0.31372,0
0.023956,-0.017853,0.028687,2.0482,-0.31555,0
0.013123,0.0033569,0.063171,2.2757,-0.31006,0
-0.007019,0.012207,0.082245,2.2757,-0.29938,0
-0.024719,-0.0090027,0.073547,2.0482,-0.28992,0
-0.028992,-0.033417,0.047913,1.8206,-0.28381,0
-0.021515,-0.046844,0.033264,1.8206,-0.28137,0
-0.0065613,-0.050964,0.035095,1.8206,-0.28015,0
0.0080872,-0.056915,0.048218,2.2757,-0.27893,0
0.019073,-0.074615,0.046082,2.2757,-0.27618,0
0.029297,-0.10529,-0.0045776,1.5931,-0.27557,0
0.036163,-0.12909,-0.061646,2.0482,-0.27313,0
0.032654,-0.14206,-0.092468,2.0482,-0.26855,0
0.014801,-0.13794,-0.11795,2.0482,-0.26245,0
-0.0065613,-0.11322,-0.13916,2.5033,-0.26001,0
-0.019379,-0.084229,-0.13992,1.1379,-0.26031,0
-0.03067,-0.06073,-0.13245,2.2757,-0.26184,0
-0.050507,-0.041809,-0.14053,2.0482,-0.25757,0
-0.077057,-0.023499,-0.14801,1.8206,-0.24445,0
-0.088043,0.0033569,-0.11612,2.0482,-0.22217,0
-0.077362,0.022278,-0.071259,2.2757,-0.19348,0
-0.052338,0.019073,-0.049438,1.5931,-0.16388,0
-0.016174,0.012817,-0.041351,2.0482,-0.13458,0
0.016632,0.023651,-0.0354,2.0482,-0.1059,0
0.02594,0.048981,-0.032196,2.5033,-0.081177,0
0.027618,0.081177,-0.0094604,2.0482,-0.058594,0
0.032349,0.103,0.032959,2.5033,-0.040588,0
0.022278,0.099792,0.072021,2.5033,-0.026245,0
-0.0013733,0.082855,0.090942,2.2757,-0.018616,0
-0.014496,0.072632,0.078583,2.0482,-0.013733,0
-0.0086975,0.07431,0.045776,2.2757,-0.010986,0
0.0050354,0.077972,0.015717,2.5033,-0.0088501,0
0.016174,0.079956,-0.011292,2.2757,-0.0045776,0
0.026703,0.07782,-0.033112,2.7309,0.0027466,0
0.037689,0.0737,-0.030365,2.7309,0.012207,0
0.041504,0.07309,-0.00061035,2.2757,0.024414,0
0.043182,0.079803,0.039368,2.7309,0.037231,0
0.03479,0.08667,0.078125,2.2757,0.05127,0
0.01236,0.090179,0.10605,2.7309,0.062866,0
-0.016022,0.085449,0.11154,2.7309,0.071106,0
-0.043945,0.072021,0.088654,2.0482,0.078125,0
-0.070648,0.047913,0.050812,2.5033,0.086365,0
-0.097046,0.017548,0.011902,2.7309,0.098877,0
-0.11124,-0.010834,-0.023346,1.8206,0.11597,0
-0.10452,-0.027161,-0.049591,1.8206,0.13428,0
-0.078888,-0.0094604,-0.043335,2.5033,0.14709,0
-0.04303,0.018311,0.0021362,1.8206,0.15808,0
-0.017853,0.020905,0.033875,1.8206,0.16388,0
-0.015869,0.0047302,0.010834,2.5033,0.16602,0
-0.028534,-0.0088501,-0.02121,2.2757,0.1651,0
-0.03952,-0.012665,-0.01236,2.5033,0.16602,0
-0.040894,-0.0019836,0.020599,2.2757,0.17151,0
-0.028381,0.025177,0.043335,2.0482,0.18311,0
-0.0082397,0.055542,0.046997,1.8206,0.19623,0
-0.00076294,0.0737,0.035858,2.0482,0.21027,0
-0.0068665,0.081024,0.041199,1.8206,0.22186,0
-0.0097656,0.072021,0.065765,1.5931,0.22797,0
-0.010834,0.057678,0.076599,1.5931,0.23346,0
-0.013428,0.042725,0.076141,1.8206,0.23682,0
-0.01297,0.031433,0.069275,2.2757,0.24017,0
-0.012817,0.02243,0.048523,2.2757,0.23956,0
-0.0088501,0.0085449,-0.0032043,2.0482,0.23621,0
-0.0018311,-0.0047302,-0.089722,2.2757,0.22736,0
0.0028992,-0.0074768,-0.17014,2.2757,0.21393,0
0.0035095,0.0082397,-0.20325,2.0482,0.19867,0
0.0015259,0.03067,-0.19775,3.4135,0.18738,0
0.0021362,0.048523,-0.17944,2.7309,0.18402,0
0.0074768,0.059814,-0.13809,2.5033,0.19104,0
0.014038,0.072784,-0.086212,2.0482,0.20294,0
0.0177,0.07431,-0.021057,2.5033,0.22034,0
0.015259,0.049591,0.042419,2.2757,0.23804,0
0.0062561,0.018768,0.072479,2.5033,0.25696,0
0.00091553,0.0033569,0.05249,2.9584,0.27557,0
0.0065613,-0.011444,0.0022888,1.8206,0.29816,0
0.019531,-0.045624,-0.059967,2.2757,0.31769,0
0.024567,-0.078278,-0.11398,2.5033,0.33081,0
0.020142,-0.083008,-0.11765,2.7309,0.33661,0
0.010529,-0.07431,-0.064392,2.7309,0.33447,0
-0.0027466,-0.070343,-0.0085449,2.2757,0.32471,0
-0.013885,-0.070038,-0.0030518,2.5033,0.30853,0
-0.018616,-0.070801,-0.022583,2.2757,0.29083,0
-0.023956,-0.077972,-0.034332,2.9584,0.27618,0
-0.028076,-0.090179,-0.03067,3.186,0.2655,0
-0.032043,-0.09201,0.0012207,2.9584,0.25665,0
-0.037231,-0.081635,0.017395,2.9584,0.24506,0
-0.038605,-0.063934,-0.012665,2.2757,0.22583,0
-0.028992,-0.050812,-0.039062,2.2757,0.19989,0
-0.0093079,-0.035248,-0.019684,2.5033,0.16846,0
0.011292,-0.025177,0.02533,2.5033,0.13672,0
0.025482,-0.025787,0.060425,2.2757,0.10803,0
0.030975,-0.023346,0.076599,2.7309,0.084229,0
0.033875,-0.021973,0.076904,2.2757,0.065918,0
0.032959,-0.026398,0.075226,1.8206,0.051575,0
0.027008,-0.033569,0.069275,2.0482,0.037537,0
0.019379,-0.045624,0.051727,2.0482,0.023193,0
0.0093079,-0.053253,0.036163,2.0482,0.0064087,0
-0.00030518,-0.055237,0.043335,2.0482,-0.0082397,0
-0.0057983,-0.05188,0.076141,1.8206,-0.016174,0
-0.007782,-0.045776,0.10895,1.8206,-0.015259,0
-0.0071716,-0.035858,0.10956,2.2757,-0.0076294,0
-0.0073242,-0.03006,0.081482,2.2757,0.00061035,0
-0.010834,-0.028839,0.054626,2.2757,0.0061035,0
-0.011749,-0.027313,0.048828,2.0482,0.0082397,0
-0.0047302,-0.028229,0.050201,2.5033,0.0097656,0
0.0079346,-0.027618,0.043488,2.2757,0.014648,0
0.023499,-0.019684,0.025024,2.0482,0.022888,0
0.036774,-0.0071716,0.0028992,2.2757,0.032959,0
0.040436,0.0027466,-0.014038,2.5033,0.041809,0
0.029907,0.0099182,-0.026855,2.2757,0.046082,0
0.015259,0.011444,-0.046234,2.7309,0.043945,0
0.020905,0.014343,-0.056763,2.0482,0.037537,0
0.025024,0.02182,-0.053711,2.2757,0.029297,0
0.014648,0.027771,-0.041046,1.8206,0.021057,0
0.0038147,0.03006,-0.028381,2.0482,0.014648,0
0.0041199,0.031738,-0.03067,2.0482,0.0088501,0
0.015259,0.034943,-0.042877,2.2757,0.0024414,0
0.024414,0.044708,-0.049896,2.9584,-0.0054932,0
0.02121,0.050201,-0.058136,2.5033,-0.012817,0
0.004425,0.051422,-0.077515,2.7309,-0.020752,0
-0.010071,0.045624,-0.11475,2.2757,-0.030518,0
-0.013123,0.039368,-0.12909,2.0482,-0.041809,0
-0.010834,0.032654,-0.10895,2.0482,-0.05127,0
-0.007019,0.011749,-0.14755,3.186,-0.059509,0
-0.0018311,-0.011139,-0.25101,2.2757,-0.066528,0
0.0045776,-0.018768,-0.34119,2.7309,-0.073547,0
0.0090027,-0.0097656,-0.37186,2.2757,-0.082703,0
0.0086975,-0.00076294,-0.34775,2.5033,-0.093384,0
0.0059509,0.00045776,-0.29984,2.0482,-0.10162,0
0.005188,0.012512,-0.27924,2.0482,-0.10742,0
0.007782,0.028229,-0.3009,2.0482,-0.11169,0
0.0027466,0.03952,-0.34897,1.8206,-0.11108,0
-0.0097656,0.04715,-0.40039,1.8206,-0.10529,0
-0.01358,0.054779,-0.4274,2.0482,-0.096741,0
-0.014191,0.063477,-0.40726,2.2757,-0.086365,0
-0.021515,0.058746,-0.39307,1.5931,-0.072937,0
-0.033417,0.039825,-0.41138,1.8206,-0.057983,0
-0.040741,0.025024,-0.4422,1.5931,-0.04364,0
-0.041046,0.016174,-0.47836,0.91037,-0.031433,0
-0.037689,0.0019836,-0.51315,2.0482,-0.020142,0
-0.044861,-0.010986,-0.55191,2.7309,-0.010376,0
-0.066528,-0.014191,-0.59006,2.2757,-0.0036621,0
-0.079193,-0.0016785,-0.61859,1.8206,0.00030518,0
-0.061188,0.013885,-0.63202,2.2757,0.0015259,0
-0.028534,0.020905,-0.6398,2.0482,-0.0033569,0
-0.012207,0.019836,-0.65063,2.2757,-0.012512,0
-0.016632,0.0086975,-0.64789,2.2757,-0.023499,0
-0.018463,-0.0018311,-0.63431,1.8206,-0.030823,0
-0.007782,-0.0030518,-0.61508,2.0482,-0.032349,0
0.0086975,0.0080872,-0.59418,2.5033,-0.033875,0
0.024567,0.010223,-0.56702,2.0482,-0.032043,0
0.042267,0,-0.55161,2.7309,-0.030212,0
0.057526,-0.0073242,-0.54855,2.2757,-0.030518,0
0.057068,-0.012817,-0.5426,1.8206,-0.03418,0
0.04776,-0.020599,-0.54489,2.5033,-0.040588,0
0.040436,-0.029907,-0.57022,2.5033,-0.048828,0
0.03418,-0.036469,-0.5748,2.5033,-0.057373,0
0.031738,-0.04364,-0.52567,2.5033,-0.065613,0
0.032654,-0.054779,-0.4718,2.9584,-0.072327,0
0.03479,-0.069122,-0.4744,2.2757,-0.076904,0
0.04425,-0.076599,-0.5101,2.7309,-0.082703,0
0.058289,-0.068665,-0.50522,2.7309,-0.088806,0
0.056915,-0.050049,-0.44327,2.9584,-0.092468,0
0.03891,-0.022125,-0.36942,2.5033,-0.094299,0
0.016022,0.0041199,-0.28839,2.0482,-0.091248,0
-0.0018311,0.028381,-0.15854,2.0482,-0.085754,0
-0.0091553,0.043945,-0.0013733,2.2757,-0.081177,0
-0.0073242,0.048676,0.13748,2.0482,-0.080261,0
-0.0039673,0.042725,0.2565,1.8206,-0.084839,0
-0.0027466,0.032501,0.3775,2.0482,-0.089111,0
0.0041199,0.024414,0.50659,1.8206,-0.091858,0
0.015717,0.015717,0.62943,2.2757,-0.091248,0
0.022278,0.0033569,0.75134,2.5033,-0.087585,0
0.021515,-0.0082397,0.87708,2.2757,-0.084229,0
0.020447,-0.019836,0.96786,1.8206,-0.082703,0
0.019836,-0.031128,1.0283,2.2757,-0.08606,0
0.014801,-0.034485,1.0913,1.8206,-0.090332,0
0.0067139,-0.023499,1.1639,2.2757,-0.090027,0
0.0019836,-0.004425,1.2241,1.3655,-0.086365,0
0.0015259,0.011597,1.2801,1.5931,-0.081787,0
0.0016785,0.007782,1.3409,1.8206,-0.076599,0
0.0019836,0.0012207,1.4064,2.2757,-0.070801,0
0.0015259,0.004425,1.4886,2.2757,-0.065918,0
0.0028992,0.00045776,1.5695,2.2757,-0.06012,0
0.0042725,-0.004425,1.6379,2.2757,-0.054932,0
0.002594,0.0045776,1.6801,2.0482,-0.049133,0
-0.0065613,0.014343,1.7004,1.5931,-0.041809,0
-0.013885,0.0038147,1.7082,2.5033,-0.036621,0
-0.018311,-0.015106,1.6884,2.7309,-0.036926,0
-0.028992,-0.012207,1.6226,2.2757,-0.037537,0
-0.040436,0.015259,1.5431,2.2757,-0.038147,0
-0.041656,0.050964,1.5173,2.0482,-0.036621,0
-0.035858,0.067139,1.5437,2.2757,-0.028076,0
-0.030975,0.064545,1.5782,2.9584,-0.015259,0
-0.033722,0.050507,1.5642,2.5033,-0.0015259,0
-0.032806,0.034637,1.4977,2.2757,0.0088501,0
-0.015564,0.014191,1.3979,2.5033,0.013733,0
0.010681,0.00076294,1.2994,2.0482,0.0177,0
0.025482,0,1.216,2.7309,0.024414,0
0.020294,0.0036621,1.1368,1.8206,0.029602,0
0.0027466,-0.0093079,1.0582,2.5033,0.032654,0
-0.022736,-0.037537,0.97916,1.8206,0.0354,0
-0.046997,-0.04303,0.89355,2.5033,0.039673,0
-0.056152,-0.031128,0.79498,2.5033,0.044861,0
-0.046387,-0.037537,0.68405,2.2757,0.048523,0
-0.035858,-0.042419,0.63782,2.5033,0.050964,0
-0.037994,-0.043182,0.62653,1.5931,0.054321,0
-0.045471,-0.043335,0.62515,1.5931,0.054321,0
-0.048065,-0.043488,0.62469,1.8206,0.053406,0
-0.040894,-0.043793,0.62454,2.0482,0.050659,0
-0.018311,-0.043488,0.62515,1.8206,0.048828,0
0.016174,-0.041656,0.57297,2.0482,0.050354,0
0.046844,-0.023804,0.12482,2.0482,0.053711,0
0.061798,-0.015564,-0.14618,1.8206,0.055847,0
0.059967,-0.012054,-0.28351,2.2757,0.058899,0
0.054169,-0.011902,-0.3772,1.3655,0.06134,0
0.053101,-0.01709,-0.44617,1.3655,0.063782,0
0.046692,-0.028229,-0.47974,1.5931,0.064392,0
0.025787,-0.039368,-0.48965,2.0482,0.064697,0
-0.0038147,-0.047455,-0.52277,1.8206,0.063171,0
-0.031433,-0.059967,-0.59296,2.5033,0.06012,0
-0.043335,-0.06897,-0.65811,1.5931,0.058594,0
-0.030823,-0.065002,-0.70801,1.8206,0.059814,0
-0.010071,-0.05249,-0.75882,1.3655,0.06073,0
0.0018311,-0.046082,-0.80109,1.3655,0.06134,0
0.0016785,-0.05188,-0.80688,1.3655,0.054932,0
-0.0074768,-0.058594,-0.78293,2.0482,0.038452,0
-0.0177,-0.051422,-0.74295,2.7309,0.017395,0
-0.020752,-0.03006,-0.69366,2.5033,-0.00061035,0
-0.020905,-0.010223,-0.64255,1.8206,-0.0088501,0
-0.024567,-0.0041199,-0.5986,2.2757,-0.0073242,0
-0.025482,-0.0021362,-0.57953,2.2757,0.0012207,0
-0.019989,-0.0032043,-0.58685,2.2757,0.0082397,0
-0.013733,-0.0045776,-0.60211,2.7309,0.010071,0
-0.013275,0.0076294,-0.59036,2.2757,0.005188,0
-0.01709,0.022583,-0.56137,2.7309,0.0015259,0
-0.020905,0.027466,-0.54214,2.7309,-0.0018311,0
-0.023041,0.026398,-0.54337,2.7309,-0.0036621,0
-0.021057,0.024414,-0.56183,2.7309,-0.0091553,0
-0.014648,0.027008,-0.5632,2.0482,-0.012817,0
-0.010376,0.034027,-0.52628,2.2757,-0.014343,0
-0.0086975,0.038147,-0.46936,2.5033,-0.015869,0
-0.0061035,0.036316,-0.42191,2.2757,-0.018311,0
-0.0057983,0.032196,-0.401,2.0482,-0.025024,0
-0.0073242,0.032043,-0.40192,2.9584,-0.036316,0
-0.010071,0.032959,-0.40771,2.2757,-0.049438,0
-0.007019,0.02533,-0.41092,2.0482,-0.062866,0
0.0093079,0.0080872,-0.42175,2.0482,-0.074463,0
0.028076,0.0062561,-0.43152,2.2757,-0.08667,0
0.029755,0.009613,-0.43045,2.2757,-0.1001,0
0.021973,0.017395,-0.43243,2.5033,-0.11719,0
0.018311,0.026398,-0.44113,2.2757,-0.12817,0
0.022583,0.029602,-0.45456,2.2757,-0.13275,0
0.03006,0.031128,-0.45639,2.0482,-0.13275,0
0.036316,0.027161,-0.43442,1.8206,-0.12787,0
0.039825,0.020294,-0.41901,1.5931,-0.11932,0
0.034485,0.012054,-0.42679,2.2757,-0.10712,0
0.013428,0.014496,-0.43854,1.8206,-0.092468,0
-0.011139,0.026093,-0.43091,1.8206,-0.075378,0
-0.019379,0.03479,-0.40359,2.5033,-0.056763,0
-0.011902,0.0354,-0.3595,2.5033,-0.041199,0
0.00076294,0.029755,-0.32715,2.0482,-0.035095,0
0.010071,0.023041,-0.31616,1.8206,-0.033875,0
0.0068665,0.017548,-0.29831,2.0482,-0.03479,0
-0.004425,0.015717,-0.27313,2.5033,-0.029297,0
-0.014191,0.018005,-0.2562,1.3655,-0.018921,0
-0.02121,0.013885,-0.24246,1.8206,-0.007019,0
-0.026703,0.0013733,-0.23331,2.2757,0.0030518,0
-0.028076,-0.012817,-0.23438,2.7309,0.014648,0
-0.021667,-0.016937,-0.23178,2.9584,0.026855,0
-0.01297,-0.0085449,-0.21118,2.7309,0.036926,0
-0.011597,0.0035095,-0.19379,2.7309,0.047302,0
-0.014801,0.016022,-0.19531,2.5033,0.055542,0
-0.0065613,0.027466,-0.20721,2.2757,0.061035,0
0.01236,0.03006,-0.19852,2.2757,0.065002,0
0.02182,0.025177,-0.17166,2.0482,0.065308,0
0.021362,0.016327,-0.14557,2.7309,0.065918,0
0.025787,0.0079346,-0.13412,2.2757,0.066528,0
0.039062,-0.0030518,-0.13,2.2757,0.066833,0
0.050354,-0.015869,-0.1181,2.7309,0.065918,0
0.049286,-0.02533,-0.097961,2.5033,0.061035,0
0.039368,-0.027924,-0.075073,2.2757,0.056763,0
0.027161,-0.023956,-0.074768,2.7309,0.054932,0
0.017853,-0.021515,-0.095825,2.5033,0.056763,0
0.011139,-0.020599,-0.10696,2.5033,0.059204,0
0.0061035,-0.014343,-0.083771,2.9584,0.065613,0
0.0036621,-0.0053406,-0.042267,1.8206,0.072937,0
0.0062561,0.0024414,-0.0047302,2.2757,0.078125,0
0.012665,0.0056458,0.015564,2.0482,0.077209,0
0.018005,0.011444,0.0036621,1.1379,0.076599,0
0.019989,0.022583,-0.012207,0.91037,0.077515,0
0.015106,0.032043,-0.0012207,1.1379,0.080261,0
0.0036621,0.039215,0.015106,1.3655,0.081177,0
-0.0082397,0.038605,0.0085449,1.3655,0.079041,0
-0.020294,0.032196,-0.012665,2.2757,0.074158,0
-0.021667,0.021515,-0.023346,2.5033,0.067749,0
-0.0094604,0.0099182,-0.02182,2.2757,0.061951,0
-0.0062561,-0.0010681,-0.017853,1.5931,0.059814,0
-0.02121,-0.010529,-0.015869,1.5931,0.059204,0
-0.035858,-0.016632,-0.016632,1.5931,0.06134,0
-0.040436,-0.019989,-0.029907,2.2757,0.065308,0
-0.041046,-0.019379,-0.053253,2.0482,0.06958,0
-0.041809,-0.018921,-0.063934,2.7309,0.06897,0
-0.041962,-0.018616,-0.066833,2.2757,0.066223,0
-0.033417,-0.018768,-0.067139,2.2757,0.06073,0
-0.013428,-0.018768,-0.066986,2.7309,0.054932,0
0.007782,-0.018768,-0.066986,2.2757,0.047302,0
0.030365,-0.017853,-0.057373,2.2757,0.042114,0
0.046234,-0.010223,0.019684,2.9584,0.036926,0
0.053711,-0.0012207,0.055389,1.8206,0.03479,0
0.054932,-0.00091553,0.045471,1.8206,0.032043,0
0.050049,-0.0059509,0.018005,2.0482,0.028381,0
0.03952,-0.0065613,0.0039673,2.2757,0.02594,0
0.027008,-0.0012207,0.017548,2.0482,0.022278,0
0.017395,0.007782,0.059052,2.5033,0.019836,0
0.012207,0.0062561,0.072174,2.2757,0.016174,0
0.007019,0,0.039673,1.8206,0.012512,0
0.0015259,-0.0032043,0.025177,2.5033,0.0073242,0
0.0012207,-0.0012207,0.046387,2.2757,0.0012207,0
0.0039673,0.007782,0.06424,2.5033,-0.0024414,0
0.0036621,0.01358,0.03952,2.5033,-0.00030518,0
0.00030518,0.011902,0.0059509,2.0482,0.0064087,0
0,0.007019,0.0010681,2.2757,0.010681,0
0.0021362,0.0012207,0.021515,2.2757,0.011292,0
0.0030518,-0.0018311,0.042267,2.5033,0.013733,0
0.0030518,-0.0068665,0.043335,2.2757,0.016479,0
0,-0.014648,0.028381,2.2757,0.018616,0
-0.0065613,-0.015259,0.019531,2.7309,0.021973,0
-0.0177,-0.016327,0.014648,2.2757,0.024719,0
-0.028534,-0.021973,0.0056458,2.0482,0.030518,0
-0.030365,-0.030823,-0.0045776,2.0482,0.038147,0
-0.018921,-0.03006,-0.0057983,2.0482,0.044861,0
0.0048828,-0.020142,-0.0035095,1.8206,0.050354,0
0.021515,-0.0054932,0.007019,2.5033,0.049744,0
0.015411,0.0053406,0.034485,1.5931,0.046082,0
0.00045776,0.014038,0.058594,2.0482,0.043335,0
-0.0094604,0.01709,0.067139,2.5033,0.040588,0
-0.015564,0.015564,0.059814,2.0482,0.042419,0
-0.0177,0.0068665,0.046082,1.8206,0.044861,0
-0.014496,-0.0024414,0.029755,2.0482,0.048218,0
-0.0080872,-0.007782,0.019226,1.5931,0.049133,0
0.0018311,-0.009613,0.019531,1.5931,0.048523,0
0.010376,-0.015564,0.032501,2.0482,0.046997,0
0.018158,-0.017548,0.047607,2.5033,0.04425,0
0.020294,-0.0086975,0.054932,1.8206,0.042419,0
0.015717,0.0027466,0.060883,2.2757,0.038452,0
0.007782,0.0048828,0.067139,2.2757,0.033264,0
0.00015259,0.00061035,0.071564,2.7309,0.028687,0
-0.004425,-0.0061035,0.071869,2.7309,0.02594,0
-0.0059509,-0.0094604,0.065002,2.5033,0.022583,0
-0.0076294,-0.0091553,0.059662,2.7309,0.022583,0
-0.011139,-0.0057983,0.066833,2.0482,0.023193,0
-0.020294,-0.0038147,0.06897,2.2757,0.026245,0
-0.028992,0.0015259,0.057068,2.5033,0.031433,0
-0.029297,0.012054,0.043182,3.4135,0.036011,0
-0.019531,0.015259,0.039673,2.5033,0.039978,0
-0.0056458,0.013733,0.039978,2.5033,0.044556,0
0.0010681,0.01358,0.0383,2.5033,0.046387,0
-0.0033569,0.016632,0.039368,2.0482,0.042114,0
-0.007019,0.023041,0.041809,2.2757,0.0354,0
-0.005188,0.030365,0.052032,2.9584,0.02533,0
-0.0012207,0.036926,0.073395,1.8206,0.015259,0
0.0021362,0.03891,0.085602,2.2757,0.0021362,0
0.0015259,0.031128,0.089722,2.0482,-0.010986,0
0.00015259,0.02182,0.092163,2.5033,-0.022583,0
-0.0016785,0.016479,0.085297,2.5033,-0.031128,0
-0.0036621,0.012054,0.067902,2.5033,-0.0354,0
-0.0038147,0.0068665,0.05661,1.3655,-0.036011,0
-0.0030518,0.00015259,0.058899,2.0482,-0.036926,0
0.0074768,-0.0086975,0.067139,1.8206,-0.036316,0
0.024567,-0.021057,0.066681,2.0482,-0.032349,0
0.032501,-0.030365,0.060577,2.0482,-0.028381,0
0.027161,-0.036163,0.052338,2.0482,-0.02533,0
0.015564,-0.0354,0.032043,2.0482,-0.021362,0
0.0048828,-0.036163,-0.00015259,2.2757,-0.015869,0
-0.0018311,-0.044556,-0.028076,2.0482,-0.010986,0
0.0032043,-0.052185,-0.059814,2.2757,-0.0064087,0
0.020752,-0.051422,-0.069275,2.5033,-0.0024414,0
0.029907,-0.039825,-0.049133,2.2757,-0.00030518,0
0.019073,-0.02121,-0.026855,2.2757,0.0015259,0
0.0050354,-0.00030518,-0.021057,2.2757,0.0064087,0
0.0018311,0.013428,-0.021362,1.5931,0.015564,0
0.0056458,0.019226,-0.0067139,2.0482,0.030823,0
0.014954,0.020447,0.022125,2.5033,0.048523,0
0.026398,0.020142,0.049591,2.0482,0.064697,0
0.031281,0.016632,0.06958,2.0482,0.075684,0
0.03067,0.010681,0.067596,1.8206,0.082397,0
0.026703,0.0041199,0.050201,2.2757,0.090027,0
0.019684,-0.0057983,0.033112,2.2757,0.095825,0
0.014648,-0.0083923,0.019073,2.2757,0.10406,0
0.012817,-0.0039673,0.022888,1.5931,0.1123,0
0.018005,0.0010681,0.04303,2.2757,0.11719,0
0.027313,0.0045776,0.063019,2.5033,0.12146,0
0.028687,0.0071716,0.055695,2.2757,0.12238,0
0.017548,0.0091553,0.035553,2.7309,0.11902,0
0.00076294,0.0056458,0.026093,2.5033,0.11353,0
-0.011749,0.0033569,0.028381,2.2757,0.10895,0
-0.021362,0.0030518,0.032043,2.7309,0.10315,0
-0.028229,0.0033569,0.031891,2.5033,0.099487,0
-0.033722,0.0032043,0.031433,2.0482,0.098267,0
-0.036621,0.00045776,0.027313,2.7309,0.096741,0
-0.032806,-0.010681,0.014191,2.5033,0.10071,0
-0.025024,-0.020905,-0.007019,2.7309,0.10529,0
-0.016937,-0.018158,-0.020142,2.5033,0.097351,0
-0.011902,-0.0053406,-0.0091553,1.8206,0.077209,0
-0.009613,0.0057983,0.0083923,2.5033,0.055237,0
-0.0090027,0.0085449,0.011749,2.2757,0.04364,0
-0.010834,0.011749,0.0086975,2.0482,0.041199,0
-0.01358,0.016937,0.0074768,2.0482,0.045166,0
-0.016632,0.016937,0.0088501,1.8206,0.045776,0
-0.016479,0.017395,0.014954,2.0482,0.039673,0
-0.013885,0.017548,0.032349,2.2757,0.025635,0
-0.0093079,0.016632,0.061493,2.2757,0.011902,0
-0.0094604,0.018616,0.086365,0.91037,0.0033569,0
-0.011292,0.020294,0.087433,1.8206,0.00030518,0
-0.0080872,0.022583,0.086517,1.8206,-0.0015259,0
-0.0022888,0.029755,0.097961,1.8206,-0.0033569,0
0.00061035,0.040131,0.096893,2.0482,-0.0042725,0
0.0030518,0.04425,0.088654,1.8206,-0.007019,0
0.0042725,0.037994,0.088959,2.0482,-0.015564,0
0.0057983,0.024109,0.09201,2.2757,-0.031433,0
0.0073242,0.01358,0.086517,1.5931,-0.049133,0
0.0039673,0.0061035,0.070496,1.5931,-0.065002,0
-0.00045776,-0.0086975,0.047607,2.5033,-0.075684,0
-0.0027466,-0.031738,0.022736,2.5033,-0.079346,0
-0.005188,-0.052643,0.016022,2.2757,-0.076599,0
-0.009613,-0.062561,0.021667,1.8206,-0.076294,0
-0.010681,-0.059204,0.0093079,2.0482,-0.080566,0
-0.0085449,-0.043793,-0.018921,2.2757,-0.08728,0
-0.0056458,-0.032043,-0.034943,2.5033,-0.09491,0
0.0022888,-0.024414,-0.032501,2.5033,-0.099487,0
0.007782,-0.023651,-0.024261,2.5033,-0.097961,0
0.0086975,-0.028381,-0.015411,2.2757,-0.092468,0
0.007019,-0.030365,-0.016632,2.5033,-0.079956,0
0.0010681,-0.026855,-0.036163,2.9584,-0.06897,0
-0.0064087,-0.013275,-0.039673,3.6411,-0.065308,0
-0.015259,-0.0056458,-0.0073242,2.7309,-0.069885,0
-0.019226,-0.012054,0.022278,2.5033,-0.079041,0
-0.01709,-0.019226,0.015869,2.7309,-0.082092,0
-0.014191,-0.011597,0.0016785,2.0482,-0.072937,0
-0.011444,-0.0050354,0.0085449,2.5033,-0.054932,0
-0.0088501,-0.0073242,0.034027,2.2757,-0.033264,0
-0.0090027,-0.015106,0.050659,2.2757,-0.011292,0
-0.012817,-0.023651,0.050812,2.2757,0.0021362,0
-0.020294,-0.030518,0.040436,2.0482,0.00061035,0
-0.026093,-0.032349,0.039368,1.8206,-0.0094604,0
-0.026398,-0.023651,0.056763,1.5931,-0.022888,0
-0.018616,-0.018311,0.084229,2.2757,-0.036926,0
-0.010223,-0.020294,0.0914,2.2757,-0.048828,0
-0.0086975,-0.026093,0.062408,2.5033,-0.062561,0
-0.01297,-0.031586,0.027771,2.2757,-0.075684,0
-0.013733,-0.033417,0.017242,2.2757,-0.083008,0
-0.0061035,-0.030365,0.026245,1.8206,-0.090942,0
0.004425,-0.02594,0.042419,1.8206,-0.095825,0
0.010071,-0.022736,0.05127,2.2757,-0.097656,0
0.011444,-0.026093,0.04303,1.8206,-0.096741,0
0.011902,-0.03067,0.028076,2.2757,-0.093384,0
0.011444,-0.028687,0.010834,2.2757,-0.087891,0
0.011597,-0.02655,0.0035095,1.8206,-0.085754,0
0.011597,-0.026398,0.0022888,1.5931,-0.083923,0
0.011749,-0.026398,0.0018311,2.0482,-0.084229,0
0.011444,-0.026093,0.0013733,2.2757,-0.084534,0
0.011444,-0.026398,-0.0035095,2.2757,-0.081177,0
0.011749,-0.024261,-0.012665,2.0482,-0.076904,0
0.017548,-0.020142,-0.014343,0.91037,-0.074158,0
0.023041,-0.014038,0.0016785,2.0482,-0.071716,0
0.016174,-0.0080872,0.019226,2.0482,-0.063171,0
0.0061035,-0.0018311,0.023193,2.5033,-0.053101,0
-0.0028992,0.0033569,0.028534,2.5033,-0.04303,0
-0.010223,0.0039673,0.033875,3.4135,-0.032959,0
-0.012665,0.0073242,0.037842,1.8206,-0.024719,0
-0.0082397,0.016174,0.040894,2.0482,-0.016785,0
-0.00030518,0.024109,0.039825,1.8206,-0.0085449,0
0.0083923,0.02533,0.033569,2.0482,-0.0021362,0
0.017242,0.023651,0.022888,2.7309,0.0088501,0
0.017853,0.016937,0.015869,2.2757,0.021667,0
0.0097656,0.0054932,0.0071716,2.2757,0.036926,0
0.0032043,-0.0045776,-0.0045776,2.9584,0.050049,0
0.0028992,-0.0085449,-0.027313,2.5033,0.059204,0
0.0030518,-0.0082397,-0.055084,1.8206,0.066528,0
-0.0018311,-0.00076294,-0.069733,2.2757,0.075378,0
-0.011292,0.0057983,-0.059967,2.5033,0.080566,0
-0.013123,0.011444,-0.03891,2.5033,0.087585,0
-0.0082397,0.018311,-0.025787,1.8206,0.093384,0
-0.004425,0.025177,-0.020447,2.0482,0.097046,0
-0.0036621,0.030212,-0.011597,2.5033,0.097351,0
-0.0065613,0.029907,0,2.0482,0.091858,0
-0.0097656,0.018311,0.0028992,2.5033,0.081787,0
-0.01358,0.0032043,-0.0035095,1.3655,0.070496,0
-0.017853,-0.0088501,-0.0068665,2.0482,0.06073,0
-0.022278,-0.014038,0.0019836,1.8206,0.054321,0
-0.024109,-0.0067139,0.016174,2.5033,0.050659,0
-0.019531,0.016174,0.019989,1.8206,0.05127,0
-0.013428,0.045929,0.016632,2.0482,0.054016,0
-0.0097656,0.058594,0.014496,2.2757,0.055847,0
-0.0079346,0.053101,0.023651,2.0482,0.05188,0
-0.0013733,0.042419,0.035706,2.2757,0.042419,0
0.0067139,0.036011,0.043945,1.3655,0.030518,0
0.01236,0.029297,0.046539,1.8206,0.021973,0
0.012665,0.016937,0.036774,2.0482,0.021362,0
0.0082397,-0.0013733,0.024414,2.5033,0.029297,0
0.0035095,-0.017853,0.013733,1.8206,0.039368,0
-0.00015259,-0.026703,0.0039673,1.8206,0.043945,0
-0.0053406,-0.033417,0.00015259,1.5931,0.041199,0
-0.0085449,-0.0354,-0.0035095,2.7309,0.033264,0
-0.0079346,-0.031891,-0.013885,2.2757,0.025024,0
-0.0083923,-0.023041,-0.020294,0.68281,0.02655,0
-0.010223,-0.014343,-0.019989,1.8206,0.037842,0
-0.011292,-0.011444,-0.015411,0.91037,0.056458,0
-0.013275,-0.009613,-0.0097656,1.1379,0.069275,0
-0.018616,-0.004425,-0.0036621,2.0482,0.071411,0
-0.021057,-0.00045776,0.0015259,2.2757,0.064392,0
-0.016937,0.0038147,0.0039673,2.7309,0.056458,0
-0.0056458,0.0050354,0.0083923,2.9584,0.05249,0
0.011749,0.0042725,0.018463,2.5033,0.057068,0
0.022125,0.0061035,0.028534,2.7309,0.065613,0
0.015411,0.0056458,0.028687,2.0482,0.072327,0
0.0047302,0.004425,0.018768,2.2757,0.074158,0
0.0022888,0.0045776,0.0047302,2.0482,0.07019,0
0.0035095,0.0057983,-0.0027466,2.2757,0.066528,0
0.0054932,0.0059509,-0.0050354,2.9584,0.066528,0
0.0061035,0.0086975,-0.0059509,2.5033,0.071106,0
0.002594,0.009613,0.0019836,2.7309,0.076904,0
0.00091553,0.0057983,0.0099182,2.5033,0.081177,0
0.0013733,0.0038147,0.009613,1.8206,0.084839,0
0.0010681,0.0030518,0.0047302,2.0482,0.089111,0
-0.0032043,-0.0013733,0.0015259,2.2757,0.090637,0
-0.0080872,-0.0021362,0.0057983,2.2757,0.093384,0
-0.007019,-0.0045776,0.0093079,2.0482,0.093689,0
-0.0019836,-0.0041199,0.0082397,2.0482,0.09613,0
0.0010681,-0.0010681,0.0090027,1.8206,0.098877,0
0.0010681,0.00061035,0.013885,1.8206,0.10254,0
0.0013733,0.002594,0.016632,2.5033,0.10498,0
0.0059509,0.0064087,0.010681,2.5033,0.10437,0
0.013428,0.007782,0.0036621,2.0482,0.10437,0
0.019684,0.007782,0.0041199,1.5931,0.10681,0
0.024719,0.0035095,0.014038,2.0482,0.11047,0
0.026245,0.0033569,0.027313,1.1379,0.11566,0
0.024872,0.0091553,0.033264,1.5931,0.11932,0
0.02243,0.010986,0.031281,2.7309,0.12115,0
0.023499,0.010376,0.015869,2.0482,0.12238,0
0.027313,0.0071716,-0.0090027,0.91037,0.12512,0
0.028076,0.0045776,-0.019531,1.8206,0.13184,0
0.024109,0.0050354,-0.0097656,1.8206,0.14313,0
0.016479,0.0074768,0.0018311,1.8206,0.15686,0
0.0088501,0.013275,0.013275,1.1379,0.16602,0
0.0028992,0.020752,0.028534,2.2757,0.17334,0
0,0.032196,0.035248,2.2757,0.17395,0
-0.0057983,0.037689,0.015869,2.2757,0.17151,0
-0.016022,0.033569,-0.015259,2.7309,0.16846,0
-0.021057,0.028992,-0.030212,2.7309,0.16815,0
-0.019379,0.023956,-0.031128,2.0482,0.17059,0
-0.014496,0.018158,-0.028992,1.8206,0.17151,0
-0.016327,0.01358,-0.031281,2.2757,0.17334,0
-0.024261,0.010376,-0.03067,2.5033,0.17059,0
-0.028076,0.011292,-0.017548,2.9584,0.16663,0
-0.014648,0.0090027,-0.0059509,2.7309,0.16144,0
0.004425,0.0036621,-0.0030518,2.5033,0.15808,0
0.015106,-0.00061035,-0.017548,2.7309,0.15808,0
0.01297,-0.0030518,-0.049591,2.0482,0.16174,0
0.0045776,-0.0048828,-0.082855,2.0482,0.16724,0
-0.0032043,-0.0027466,-0.086823,2.9584,0.17242,0
-0.0080872,0.0039673,-0.059662,2.5033,0.17517,0
-0.0068665,0.0054932,-0.025177,2.0482,0.17456,0
-0.0045776,0.0024414,-0.010071,1.8206,0.16998,0
-0.0038147,-0.0015259,-0.0062561,1.8206,0.16235,0
0.0016785,-0.00045776,-0.0093079,2.2757,0.15717,0
0.0076294,0.0019836,-0.018463,2.2757,0.15503,0
0.010834,0.0013733,-0.027618,1.5931,0.15564,0
0.010071,-0.0027466,-0.029602,2.0482,0.15869,0
0.007019,-0.0059509,-0.027924,2.2757,0.1593,0
0.0039673,-0.00045776,-0.031738,2.2757,0.15778,0
0.0033569,0.0056458,-0.033569,1.5931,0.1535,0
0.0032043,0.007782,-0.026398,1.8206,0.14923,0
0.0035095,0.0067139,-0.015869,2.2757,0.14252,0
0.0056458,0.007019,-0.010529,1.5931,0.1355,0
0.0068665,0.0028992,-0.010223,1.5931,0.12756,0
0.0091553,-0.00091553,-0.0053406,1.5931,0.11749,0
0.011139,-0.0056458,-0.0068665,1.8206,0.11017,0
0.0079346,-0.0013733,-0.016174,2.0482,0.10529,0
-0.00091553,0.010376,-0.014496,2.2757,0.1059,0
-0.0086975,0.020752,0.0062561,2.0482,0.10712,0
-0.0082397,0.024109,0.033722,1.5931,0.10529,0
-0.00015259,0.018005,0.051575,1.5931,0.10071,0
0.0061035,0.0028992,0.051727,1.8206,0.094299,0
0.0050354,-0.0059509,0.040436,2.7309,0.088501,0
0.002594,-0.0067139,0.020142,2.2757,0.084839,0
0.0027466,-0.0018311,0.0079346,2.0482,0.081177,0
0.0013733,0.00030518,0.011139,1.8206,0.077209,0
0.00076294,0.0024414,0.020752,2.5033,0.073547,0
-0.0012207,0.0059509,0.022888,2.9584,0.06958,0
-0.010376,0.0064087,0.015411,2.5033,0.065002,0
-0.018158,0.0071716,-0.0086975,2.7309,0.058594,0
-0.01236,0.0074768,-0.035858,2.0482,0.049744,0
0.0013733,0.0059509,-0.049286,2.2757,0.04425,0
0.0088501,0.00045776,-0.045471,2.5033,0.040588,0
0.0041199,-0.0053406,-0.03479,2.2757,0.038452,0
-0.0047302,-0.012665,-0.021667,2.2757,0.03479,0
-0.010223,-0.015564,-0.014954,2.0482,0.027771,0
-0.0097656,-0.012665,-0.0099182,2.0482,0.018311,0
-0.0085449,-0.010376,-0.0057983,2.2757,0.0088501,0
-0.0091553,-0.012207,0.0030518,2.0482,0.0039673,0
-0.011292,-0.011444,0.017242,2.0482,0.0048828,0
-0.010986,-0.0054932,0.029602,2.2757,0.011597,0
-0.013123,-0.0061035,0.030365,2.0482,0.017395,0
-0.013275,-0.01236,0.03067,2.2757,0.021057,0
-0.0090027,-0.014496,0.0383,2.0482,0.019531,0
0,-0.020294,0.024109,1.8206,0.018616,0
0.0088501,-0.023499,0.0019836,2.5033,0.018921,0
0.012665,-0.023804,-0.0057983,1.8206,0.022888,0
0.011444,-0.025787,-0.002594,2.0482,0.02533,0
0.011292,-0.029449,0.0041199,2.2757,0.028687,0
0.014954,-0.032196,0.015869,2.0482,0.032349,0
0.014191,-0.027771,0.024414,2.2757,0.036011,0
0.0062561,-0.016632,0.036774,1.5931,0.038452,0
-0.0042725,-0.0093079,0.052338,2.2757,0.036621,0
-0.012512,-0.0088501,0.046387,1.5931,0.03479,0
-0.011902,-0.01358,0.024261,1.1379,0.037842,0
-0.0057983,-0.01709,0.0071716,2.0482,0.046082,0
-0.00091553,-0.015717,0.0041199,2.2757,0.057373,0
0.00076294,-0.015411,0.010376,2.2757,0.066223,0
0,-0.027008,0.010529,2.9584,0.067749,0
-0.00045776,-0.03891,0.0012207,2.0482,0.062256,0
0.00030518,-0.044098,0.0018311,1.8206,0.052185,0
0.0035095,-0.041199,0.010529,1.8206,0.042419,0
0.0061035,-0.037079,0.010834,1.8206,0.035095,0
-0.00061035,-0.03418,-0.0030518,2.5033,0.030212,0
-0.015259,-0.03067,-0.029144,2.7309,0.028687,0
-0.025787,-0.026855,-0.038605,1.8206,0.029297,0
-0.021973,-0.021057,-0.031281,2.5033,0.027771,0
-0.0083923,-0.013885,-0.016022,2.5033,0.02533,0
-0.0010681,-0.010071,-0.0033569,2.0482,0.020752,0
-0.0093079,-0.0041199,0.0024414,2.2757,0.016785,0
-0.023956,-0.00045776,0.0024414,2.9584,0.015564,0
-0.032806,0.00045776,0.0030518,3.186,0.01709,0
-0.034485,0.00045776,0.013123,2.7309,0.018921,0
-0.034943,0.0021362,0.018768,2.9584,0.019531,0
-0.034943,0.0030518,0.018005,1.5931,0.016479,0
-0.03479,0.0032043,0.017242,1.8206,0.0094604,0
-0.019531,0.004425,0.019073,2.5033,0.00091553,0
0.007782,0.0033569,0.016022,1.8206,-0.0097656,0
0.016785,0.0028992,0.011597,2.7309,-0.020142,0
0.013885,0.0032043,0.0099182,2.9584,-0.023804,0
0.015259,0.0027466,0.0090027,2.5033,-0.023193,0
0.027618,0.0010681,0.010376,2.2757,-0.020142,0
0.043182,-0.0027466,0.011444,1.8206,-0.021057,0
0.051575,-0.0038147,0.010071,1.5931,-0.029907,0
0.04715,-0.0010681,0.0082397,2.2757,-0.040283,0
0.0354,0.00045776,-0.00076294,2.0482,-0.048218,0
0.024719,0.0012207,-0.010376,2.2757,-0.047913,0
0.020905,0.0093079,-0.012665,1.8206,-0.04303,0
0.023346,0.019379,-0.01297,1.5931,-0.040588,0
0.027771,0.028229,-0.011597,1.5931,-0.040588,0
0.033875,0.03006,-0.011292,2.0482,-0.038757,0
0.036011,0.026703,-0.0074768,1.5931,-0.038147,0
0.033417,0.022278,0.00015259,2.0482,-0.04364,0
0.029449,0.020905,0.002594,1.8206,-0.054932,0
0.025482,0.025177,0.0083923,1.8206,-0.062561,0
0.020752,0.025177,0.014038,1.8206,-0.061646,0
0.01358,0.020294,0.013885,1.8206,-0.051575,0
0.0097656,0.016632,0.0074768,1.8206,-0.040894,0
0.011139,0.015717,0.0019836,3.186,-0.0354,0
0.010986,0.019379,0.0024414,2.9584,-0.032043,0
0.0082397,0.026245,0.0097656,2.2757,-0.031128,0
0.0016785,0.025787,0.013275,2.5033,-0.026855,0
-0.0061035,0.019531,0.0019836,3.186,-0.018616,0
-0.010834,0.0067139,-0.016479,2.5033,-0.0088501,0
-0.016327,-0.0032043,-0.017242,2.2757,0.0048828,0
-0.025024,-0.0076294,-0.0012207,2.0482,0.0177,0
-0.032196,-0.010834,0.007019,2.7309,0.029297,0
-0.032959,-0.015869,-0.0021362,2.2757,0.036621,0
-0.027313,-0.014954,-0.014038,2.2757,0.039673,0
-0.014954,-0.0086975,-0.018921,2.5033,0.036316,0
-0.0028992,0.00091553,-0.017548,2.2757,0.029297,0
-0.0036621,0.0050354,-0.0093079,2.7309,0.021362,0
-0.014648,0.0057983,-0.00030518,2.5033,0.018005,0
-0.017548,0.0065613,-0.0090027,2.2757,0.021057,0
-0.011902,0.011902,-0.030365,2.9584,0.025635,0
-0.010681,0.015869,-0.040894,2.9584,0.025024,0
-0.013885,0.010834,-0.041809,3.186,0.018311,0
-0.012817,0.0059509,-0.044403,3.186,0.0045776,0
-0.0064087,0.0045776,-0.045624,2.2757,-0.011597,0
0.0032043,0.00030518,-0.046692,2.9584,-0.022888,0
0.012665,-0.0048828,-0.048218,2.0482,-0.024109,0
0.014954,-0.0097656,-0.037537,1.8206,-0.014343,0
0.0099182,-0.015869,-0.028534,2.0482,-0.0033569,0
0.0054932,-0.016174,-0.025177,2.0482,0.0057983,0
0.0056458,-0.009613,-0.02121,2.5033,0.010376,0
0.0082397,-0.0010681,-0.013885,2.7309,0.014648,0
0.0074768,0.002594,-0.0028992,2.2757,0.022888,0
0.0010681,0.0033569,0.0056458,1.5931,0.039062,0
-0.0091553,0.0042725,0.014038,1.8206,0.054321,0
-0.013275,0.0016785,0.038605,2.0482,0.065002,0
-0.0073242,-0.0056458,0.063171,2.0482,0.071106,0
0.0027466,-0.011597,0.071106,2.2757,0.076904,0
0.0061035,-0.015411,0.06958,2.2757,0.082092,0
0.00076294,-0.018005,0.065613,2.0482,0.090332,0
-0.0093079,-0.022583,0.05249,2.0482,0.10071,0
-0.018005,-0.03006,0.037994,1.3655,0.11383,0
-0.02182,-0.034637,0.029449,1.8206,0.12573,0
-0.018921,-0.037384,0.024719,2.5033,0.13184,0
-0.01297,-0.036011,0.017242,2.0482,0.13123,0
-0.0094604,-0.032654,0.010834,2.2757,0.1297,0
-0.011597,-0.02655,0.01236,1.8206,0.13092,0
-0.016937,-0.022125,0.014648,1.8206,0.13763,0
-0.015717,-0.018158,0.013123,2.5033,0.14984,0
-0.010376,-0.016327,0.011902,2.2757,0.16693,0
-0.0068665,-0.011139,0.011444,2.7309,0.18036,0
-0.0050354,-0.007782,0.0086975,2.0482,0.18463,0
-0.0013733,-0.0097656,0.0080872,3.4135,0.17822,0
0.0041199,-0.010681,0.01358,2.5033,0.16357,0
0.011292,-0.0065613,0.02243,2.9584,0.14771,0
0.021515,-0.004425,0.016022,2.5033,0.13489,0
0.02594,-0.0039673,-0.010834,1.8206,0.12451,0
0.019989,-0.0041199,-0.03479,1.8206,0.11841,0
0.014038,-0.0056458,-0.049896,2.7309,0.11322,0
0.01297,-0.0056458,-0.049896,2.2757,0.11078,0
0.01236,-0.00015259,-0.035706,2.7309,0.11169,0
0.0061035,0.0047302,-0.0094604,2.5033,0.11383,0
-0.0024414,0.012512,0.022583,2.7309,0.11444,0
-0.0090027,0.021667,0.046844,2.2757,0.11383,0
-0.010376,0.027924,0.05661,2.5033,0.12024,0
-0.0094604,0.029907,0.050964,2.5033,0.13,0
-0.007782,0.028076,0.0383,2.5033,0.13763,0
-0.0036621,0.022888,0.027466,2.5033,0.13763,0
-0.0027466,0.017548,0.03006,2.2757,0.13,0
-0.0057983,0.015259,0.041809,2.0482,0.1178,0
-0.0079346,0.014038,0.054474,2.7309,0.1059,0
-0.0071716,0.014343,0.074463,1.5931,0.092773,0
-0.011597,0.012054,0.085449,2.0482,0.079956,0
-0.019531,0.0079346,0.069733,1.8206,0.071106,0
-0.023956,0.0093079,0.036621,1.5931,0.069275,0
-0.024109,0.012207,0.012512,2.7309,0.074158,0
-0.024109,0.017548,0.0068665,1.8206,0.080566,0
-0.023651,0.019836,0.007019,2.0482,0.085144,0
-0.025177,0.019226,0.010376,2.7309,0.086975,0
-0.026093,0.021362,0.014343,2.0482,0.090637,0
-0.021973,0.027618,0.015564,2.7309,0.093384,0
-0.0080872,0.033264,0.014343,2.0482,0.093384,0
0.013123,0.039673,0.021515,1.8206,0.092773,0
0.028381,0.039825,0.040588,2.2757,0.095825,0
0.033264,0.033417,0.05188,2.0482,0.10834,0
0.034485,0.026398,0.043488,1.5931,0.12787,0
0.037231,0.011902,0.011292,2.5033,0.14801,0
0.038605,-0.0030518,-0.016632,1.8206,0.16083,0
0.03891,-0.009613,-0.015717,1.8206,0.16113,0
0.048065,-0.011749,0.0015259,2.5033,0.14709,0
0.060425,-0.016327,0.0082397,2.2757,0.12024,0
0.063934,-0.019989,-0.0016785,2.0482,0.094299,0
0.055237,-0.020752,-0.015106,2.0482,0.069885,0
0.039215,-0.015869,-0.03067,2.2757,0.048523,0
0.026855,-0.007019,-0.045013,2.5033,0.033264,0
0.022736,0.0050354,-0.048828,2.5033,0.021667,0
0.02121,0.010834,-0.03479,2.5033,0.011292,0
0.01709,0.0082397,-0.016327,2.9584,0.0042725,0
0.01358,0.0041199,-0.010681,3.186,0.0039673,0
0.0080872,0.0015259,-0.0079346,2.9584,0.019226,0
0.0054932,-0.0018311,0.00015259,2.7309,0.058594,0
0.0085449,0.0013733,0.0071716,2.7309,0.112,0
0.010681,0.012512,0.018768,2.7309,0.17212,0
0.015411,0.016327,0.032806,2.5033,0.22461,0
0.02243,0.011292,0.045166,2.2757,0.26306,0
0.023041,0.0068665,0.049133,2.5033,0.289,0
0.018463,0.0041199,0.045624,1.8206,0.31036,0
0.012207,0.0050354,0.040283,2.5033,0.32654,0
0.0091553,0.0054932,0.029449,2.5033,0.33813,0
0.0071716,0.0076294,0.023651,2.5033,0.33691,0
0.0053406,0.013275,0.032959,2.2757,0.3186,0
0.00015259,0.017853,0.045471,2.5033,0.29175,0
-0.0057983,0.018005,0.055237,1.8206,0.26733,0
0.0019836,0.014801,0.054474,2.7309,0.25543,0
0.032501,0.010071,0.049591,1.1379,0.25879,0
0.062256,0.0048828,0.052032,2.5033,0.2713,0
0.062103,0.00030518,0.058746,2.2757,0.29053,0
0.037842,0.00076294,0.061035,1.3655,0.30823,0
0.01709,0.0086975,0.065155,2.2757,0.31769,0
0.010986,0.013123,0.077057,1.8206,0.31769,0
0.0090027,0.007019,0.090027,2.2757,0.30457,0
-0.0024414,0.00091553,0.088348,1.8206,0.271,0
-0.017395,0,0.079041,2.2757,0.21637,0
-0.02182,-0.0030518,0.072479,2.7309,0.15106,0
-0.016022,-0.0068665,0.068665,2.0482,0.088196,0
-0.014954,-0.0053406,0.062408,2.7309,0.036926,0
-0.020142,-0.0039673,0.058594,1.8206,0.0048828,0
-0.024414,-0.0039673,0.051422,1.8206,-0.0082397,0
-0.027618,-0.0042725,0.042877,2.2757,-0.0027466,0
-0.030212,-0.0053406,0.037231,1.5931,0.018311,0
-0.030518,-0.0050354,0.03006,2.0482,0.046387,0
-0.025482,-0.0057983,0.024414,2.2757,0.072937,0
-0.023804,-0.0067139,0.0064087,2.5033,0.091858,0
-0.028534,-0.011292,-0.019073,2.5033,0.10132,0
-0.028839,-0.015106,-0.037537,2.0482,0.097961,0
-0.022736,-0.013733,-0.041962,2.5033,0.082397,0
-0.012054,-0.0067139,-0.029144,2.2757,0.062561,0
-0.0016785,0.0036621,-0.007019,1.8206,0.046692,0
-0.00061035,0.010529,0.016022,2.7309,0.039062,0
-0.01236,0.012512,0.033722,2.0482,0.033875,0
-0.027313,0.012817,0.043335,2.9584,0.022278,0
-0.036621,0.01236,0.04837,1.8206,-0.0094604,0
-0.0354,0.011139,0.049896,2.5033,-0.071716,0
-0.024261,0.0074768,0.046539,2.5033,-0.15839,0
-0.016022,0.0074768,0.031128,2.7309,-0.24567,0
-0.0094604,0.011139,0.01297,2.5033,-0.30914,0
-0.0013733,0.013733,0.01358,1.8206,-0.33417,0
0.0038147,0.015411,0.033875,2.0482,-0.31311,0
0.0039673,0.015411,0.046692,1.8206,-0.23254,0
0.0048828,0.012817,0.040588,1.5931,-0.10284,0
0.0073242,0.0019836,0.029297,2.0482,0.046997,0
0.0083923,-0.01358,0.021515,2.0482,0.19745,0
0.01297,-0.020905,0.016785,1.8206,0.34088,0
0.018311,-0.018311,0.028229,1.5931,0.4657,0
0.020142,-0.010834,0.037537,2.2757,0.54962,0
0.019531,-0.010986,0.042877,2.0482,0.58289,0
0.019989,-0.016937,0.050049,2.5033,0.56732,0
0.018311,-0.01709,0.046387,1.5931,0.51758,0
0.013733,-0.018311,0.025635,2.2757,0.45349,0
0.013428,-0.019989,0.010681,2.2757,0.38086,0
0.013275,-0.018158,0.021515,2.2757,0.29907,0
0.0056458,-0.018616,0.049286,2.0482,0.21118,0
-0.0050354,-0.023499,0.076904,2.2757,0.13916,0
-0.0093079,-0.022278,0.088501,1.8206,0.094299,0
-0.0065613,-0.021973,0.087433,2.5033,0.062866,0
0.0030518,-0.027924,0.075226,1.8206,0.031128,0
0.012665,-0.033264,0.054779,2.2757,0.0079346,0
0.014801,-0.027618,0.043793,2.5033,0.0033569,0
0.0082397,-0.022278,0.04715,2.5033,0.021667,0
0.00030518,-0.016327,0.06134,2.2757,0.052185,0
-0.0041199,-0.0093079,0.066376,2.9584,0.075073,0
-0.0013733,-0.0054932,0.051117,2.7309,0.081482,0
0.0057983,-0.007019,0.030518,2.2757,0.071411,0
0.0074768,-0.0086975,0.022125,2.9584,0.048218,0
0.0019836,-0.010376,0.035553,2.2757,0.023804,0
0.00091553,-0.0050354,0.055542,2.0482,0.0039673,0
0.0062561,-0.0019836,0.066223,2.0482,-0.0054932,0
0.012207,0.0033569,0.066833,2.5033,-0.0021362,0
0.015869,0.0083923,0.067139,1.8206,0.015564,0
0.011444,0.0067139,0.062866,2.2757,0.039978,0
-0.010223,0.0045776,0.057678,2.7309,0.061035,0
-0.038757,0.0079346,0.052643,2.2757,0.073547,0
-0.046997,0.0082397,0.046997,2.7309,0.082397,0
-0.030212,0.0065613,0.046692,2.7309,0.097961,0
-0.015259,0.0056458,0.04425,2.0482,0.11749,0
-0.014038,0.0039673,0.039215,1.5931,0.12878,0
-0.011749,-0.00030518,0.037689,1.8206,0.12604,0
-0.0027466,-0.0027466,0.041046,2.0482,0.12329,0
-0.00091553,-0.0019836,0.043182,2.2757,0.12848,0
-0.010834,-0.00091553,0.04425,1.8206,0.12909,0
-0.014191,0.0083923,0.0383,2.2757,0.10834,0
-0.0018311,0.015106,0.026245,2.0482,0.075989,0
0.016479,0.016785,0.0099182,2.0482,0.042419,0
0.033112,0.010223,0.00015259,1.5931,0.0064087,0
0.044861,0.010376,0.019073,2.0482,-0.025635,0
0.050812,0.018158,0.04837,1.5931,-0.03479,0
0.048676,0.021362,0.068359,1.5931,-0.022583,0
0.040131,0.016174,0.076752,1.8206,-0.0088501,0
0.02594,0.010223,0.073853,1.5931,-0.00030518,0
0.011597,0.0079346,0.059357,2.0482,0.0064087,0
0.0094604,0.004425,0.041046,2.5033,0.023499,0
0.018616,-0.00015259,0.020752,1.5931,0.065918,0
0.031586,-0.0045776,0.0056458,2.0482,0.12299,0
0.041046,-0.0079346,-0.00076294,1.8206,0.18097,0
0.046539,-0.0082397,-0.0048828,2.5033,0.23193,0
0.051117,-0.0041199,-0.0062561,2.0482,0.26428,0
0.053101,-0.0032043,-0.0027466,2.2757,0.26398,0
0.046234,-0.0093079,0.0050354,1.8206,0.2301,0
0.035095,-0.010834,0.0099182,2.0482,0.17853,0
0.024109,-0.0085449,0.009613,2.2757,0.1355,0
0.0099182,-0.0085449,0.010071,2.2757,0.10681,0
-0.00091553,-0.013428,0.017853,2.2757,0.089722,0
-0.0039673,-0.013733,0.030823,2.0482,0.073547,0
-0.0056458,-0.0074768,0.044556,2.5033,0.055847,0
-0.0073242,-0.0039673,0.05127,1.8206,0.036621,0
-0.010223,-0.0027466,0.051422,2.0482,0.022583,0
-0.015259,-0.0065613,0.039825,2.9584,0.012207,0
-0.018311,-0.0085449,0.020142,2.5033,0.0024414,0
-0.018158,-0.0088501,-0.00045776,2.0482,-0.0067139,0
-0.018463,-0.007019,-0.0093079,2.7309,-0.010376,0
-0.018768,-0.0068665,-0.0065613,2.2757,-0.0082397,0
-0.017548,-0.007782,0.0071716,1.8206,-0.0061035,0
-0.017548,-0.007019,0.019989,2.2757,-0.0021362,0
-0.018616,-0.0065613,0.023651,2.5033,0.0079346,0
-0.018158,-0.0032043,0.021973,2.7309,0.020447,0
-0.018311,0.0018311,0.015564,2.5033,0.028687,0
-0.020905,0.0053406,0.00015259,2.2757,0.032654,0
-0.023956,0.0013733,-0.014496,2.7309,0.034485,0
-0.023193,-0.0028992,-0.013123,2.5033,0.029907,0
-0.020294,-0.002594,-0.0064087,2.5033,0.023804,0
-0.017548,-0.0045776,-0.0018311,1.8206,0.024719,0
-0.015717,-0.0027466,0.00076294,1.8206,0.036621,0
-0.01297,0.0024414,0.00091553,1.8206,0.058594,0
-0.011444,0.0012207,-0.0047302,2.0482,0.078125,0
-0.016632,-0.0038147,-0.023041,2.2757,0.085754,0
-0.023499,-0.0099182,-0.054321,1.8206,0.075989,0
-0.026093,-0.012817,-0.075684,2.0482,0.056763,0
-0.026245,-0.011597,-0.074158,1.8206,0.039368,0
-0.026245,-0.0068665,-0.059509,2.0482,0.030212,0
-0.021057,-0.0048828,-0.044556,1.8206,0.031738,0
-0.0088501,-0.0068665,-0.034637,1.8206,0.043945,0
0.0036621,-0.0065613,-0.017395,1.5931,0.06958,0
0.013123,0.00030518,0.016785,2.0482,0.10284,0
0.01709,0.0079346,0.046387,1.8206,0.13672,0
0.011902,0.012665,0.052338,2.5033,0.16296,0
-0.0019836,0.0177,0.033722,2.7309,0.18768,0
-0.014343,0.015259,0.007019,2.0482,0.21729,0
-0.019989,0.013123,-0.012817,2.5033,0.2417,0
-0.029602,0.0091553,-0.018005,2.2757,0.25757,0
-0.041962,0.0027466,-0.019989,2.5033,0.26367,0
-0.043182,-0.0036621,-0.0354,2.2757,0.26215,0
-0.036163,-0.0088501,-0.047607,2.0482,0.25726,0
-0.029449,-0.0093079,-0.043793,1.5931,0.25024,0
-0.025635,-0.0076294,-0.038757,1.8206,0.23071,0
-0.014496,-0.0083923,-0.040741,2.2757,0.20844,0
0.0042725,-0.010071,-0.043335,1.8206,0.1886,0
0.018463,-0.0053406,-0.04837,2.0482,0.16968,0
0.02243,0.0056458,-0.058899,2.7309,0.15656,0
0.020905,0.012054,-0.062714,2.7309,0.15381,0
0.023651,0.0091553,-0.058594,2.2757,0.16693,0
0.02655,0.010223,-0.046234,2.2757,0.18066,0
0.025482,0.015259,-0.026703,2.2757,0.17944,0
0.023193,0.020599,-0.019073,2.7309,0.16479,0
0.022125,0.02121,-0.030823,2.7309,0.14801,0
0.018463,0.022125,-0.045929,2.0482,0.13306,0
0.01297,0.016174,-0.062256,2.7309,0.1059,0
0.0079346,0.010681,-0.074768,2.0482,0.064697,0
0.010529,0.011139,-0.073242,1.5931,0.0354,0
0.019531,0.0094604,-0.067596,2.7309,0.025024,0
0.024567,0.0080872,-0.077515,2.2757,0.027771,0
0.017853,0.009613,-0.10071,2.9584,0.041504,0
0.0079346,0.011139,-0.11383,2.5033,0.066223,0
0.0045776,0.015106,-0.098114,2.2757,0.098267,0
0.0035095,0.018311,-0.068207,2.0482,0.12238,0
0.005188,0.015106,-0.054626,1.8206,0.13123,0
0.013733,0.0085449,-0.056763,2.2757,0.12573,0
0.020599,0.0027466,-0.06012,2.2757,0.11932,0
0.019531,-0.00030518,-0.062866,2.2757,0.11322,0
0.012817,0.00045776,-0.062561,1.8206,0.10437,0
0.005188,0.0024414,-0.061646,2.0482,0.08606,0
0.00076294,0.004425,-0.068817,2.5033,0.063782,0
0.0027466,0.0035095,-0.084534,1.5931,0.050354,0
0.010223,-0.00030518,-0.1004,2.2757,0.046387,0
0.016022,-0.0045776,-0.10742,2.0482,0.046997,0
0.015259,-0.0068665,-0.1001,1.8206,0.046387,0
0.0097656,-0.00076294,-0.089417,2.9584,0.040588,0
0.0010681,0.0061035,-0.080414,2.5033,0.032043,0
-0.0076294,0.012665,-0.077209,1.3655,0.036621,0
-0.013275,0.016022,-0.087891,2.2757,0.058899,0
-0.017853,0.013428,-0.098877,2.2757,0.084229,0
-0.023956,0.016327,-0.092621,1.3655,0.10376,0
-0.022278,0.019073,-0.07782,2.5033,0.11108,0
-0.01297,0.01709,-0.072021,1.8206,0.10803,0
-0.0080872,0.015717,-0.07431,2.2757,0.098267,0
-0.0093079,0.015717,-0.075073,1.3655,0.083313,0
-0.012817,0.019989,-0.064392,2.0482,0.061951,0
-0.016632,0.020447,-0.051117,2.7309,0.030518,0
-0.026093,0.019836,-0.041504,2.7309,0.00030518,0
-0.0383,0.013123,-0.036163,2.7309,-0.0073242,0
-0.045166,0.0061035,-0.029602,2.2757,0.019226,0
-0.045929,0.0030518,-0.019684,2.5033,0.072327,0
-0.040436,-0.0021362,-0.0083923,2.7309,0.1236,0
-0.031433,-0.0080872,0.0013733,2.2757,0.14191,0
-0.025787,-0.010834,0.010223,2.5033,0.11871,0
-0.020752,-0.0094604,0.014038,1.8206,0.067444,0
-0.015106,-0.0059509,0.010681,2.2757,0.0030518,0
-0.011597,-0.0047302,-0.00076294,2.5033,-0.06897,0
-0.0076294,-0.0097656,-0.0177,2.7309,-0.13916,0
0.00030518,-0.017548,-0.034332,2.2757,-0.1889,0
0.0062561,-0.021973,-0.041962,1.8206,-0.20599,0
0.007019,-0.018921,-0.041199,1.8206,-0.18738,0
0.0065613,-0.017242,-0.040894,1.8206,-0.15411,0
0.005188,-0.019226,-0.035553,1.1379,-0.12604,0
0.0024414,-0.01709,-0.029449,1.8206,-0.1123,0
0.0028992,-0.013428,-0.036926,1.5931,-0.11536,0
0.0097656,-0.012512,-0.05249,1.3655,-0.12787,0
0.015717,-0.014496,-0.057068,2.2757,-0.14038,0
0.019226,-0.015717,-0.048065,2.2757,-0.14069,0
0.020294,-0.013123,-0.036011,2.2757,-0.12299,0
0.017853,-0.011749,-0.019226,2.0482,-0.088501,0
0.013123,-0.012054,0.0015259,3.186,-0.050659,0
0.0083923,-0.007019,0.010834,2.0482,-0.015564,0
0.010681,-0.0032043,0.015564,1.8206,0.010681,0
0.017548,-0.0013733,0.019073,2.2757,0.02655,0
0.018921,0.0015259,0.0177,2.0482,0.028076,0
0.017395,0.0042725,0.013123,1.8206,0.028076,0
0.017548,0.0013733,0.0076294,2.0482,0.037842,0
0.017242,-0.0071716,0.0059509,2.5033,0.055847,0
0.012054,-0.011597,0.0033569,2.7309,0.075989,0
0.0050354,-0.0056458,0.00091553,2.0482,0.096436,0
0.00091553,-0.0030518,0.00091553,2.7309,0.10712,0
0.0010681,-0.0050354,-0.0016785,2.9584,0.099182,0
0.0032043,-0.0097656,-0.0062561,3.186,0.077209,0
0.0024414,-0.014496,-0.010529,2.0482,0.052185,0
0.00015259,-0.020752,-0.01297,2.0482,0.024414,0
-0.0021362,-0.020752,-0.016785,2.2757,-0.00030518,0
-0.0027466,-0.012054,-0.022888,2.7309,-0.020142,0
-0.0036621,-0.0076294,-0.021667,2.2757,-0.040588,0
-0.0079346,-0.010071,-0.017548,2.2757,-0.064087,0
-0.016174,-0.015259,-0.026398,2.5033,-0.089417,0
-0.021515,-0.007782,-0.033264,2.9584,-0.112,0
-0.018921,0.0015259,-0.024719,2.9584,-0.1239,0
-0.011444,0.0074768,-0.0076294,2.7309,-0.11658,0
-0.0062561,0.015411,0.011749,2.5033,-0.097656,0
0.00015259,0.025024,0.021667,2.5033,-0.07782,0
0.010376,0.024567,0.018616,2.7309,-0.066223,0
0.020599,0.018463,0.0073242,2.2757,-0.065613,0
0.025482,0.018005,-0.005188,2.5033,-0.06897,0
0.02533,0.020752,-0.015106,2.9584,-0.071411,0
0.02533,0.018616,-0.016937,2.2757,-0.075684,0
0.024567,0.013275,-0.0065613,2.5033,-0.081482,0
0.023346,0.012817,0.016022,2.0482,-0.094299,0
0.016785,0.015717,0.041199,2.0482,-0.11139,0
0.0061035,0.013885,0.052338,1.8206,-0.12482,0
0.00091553,0.0076294,0.043488,2.0482,-0.1355,0
-0.00030518,-0.00076294,0.02594,2.0482,-0.1416,0
-0.0021362,-0.0071716,0.016327,2.2757,-0.14801,0
-0.0085449,-0.012054,0.021973,2.0482,-0.17975,0
-0.022583,-0.015106,0.026398,2.0482,-0.25421,0
-0.032043,-0.016479,0.014954,1.3655,-0.33264,0
-0.030518,-0.016937,-0.0085449,1.3655,-0.37476,0
-0.02594,-0.018463,-0.024872,2.7309,-0.37964,0
-0.020599,-0.020294,-0.02655,1.8206,-0.35706,0
-0.010986,-0.018768,-0.0090027,2.5033,-0.31036,0
-0.0010681,-0.010986,0.013733,2.2757,-0.24597,0
0.0065613,-0.0074768,0.035553,1.3655,-0.17548,0
0.012817,-0.0067139,0.043182,2.0482,-0.10773,0
0.016937,-0.0071716,0.037231,2.7309,-0.045776,0
0.014801,-0.013123,0.028992,2.5033,0.0076294,0
0.010834,-0.016174,0.019836,2.7309,0.047607,0
0.0097656,-0.018311,0.0083923,2.9584,0.079651,0
0.0088501,-0.021667,0.0065613,2.0482,0.10834,0
0.0099182,-0.019989,0.010071,1.8206,0.1355,0
0.010376,-0.014343,0.015564,2.5033,0.1474,0
0.011292,-0.01358,0.029297,2.7309,0.13824,0
0.013885,-0.013123,0.039978,2.5033,0.11658,0
0.019836,-0.012512,0.0354,2.2757,0.095825,0
0.023651,-0.013733,0.0177,2.2757,0.080261,0
0.018463,-0.016174,-0.0022888,3.4135,0.070496,0
0.011902,-0.013123,-0.011292,2.5033,0.069275,0
0.0065613,-0.0054932,-0.0065613,2.5033,0.063782,0
0.00076294,-0.0019836,-0.00045776,2.0482,0.039978,0
-0.0045776,0.0018311,0.0028992,2.0482,0.0045776,0
-0.007782,0.0059509,0.0048828,2.0482,-0.023499,0
-0.0082397,0.0074768,0.009613,2.7309,-0.03479,0
-0.0099182,0.0080872,0.0068665,2.0482,-0.033875,0
-0.019836,0.0076294,-0.0099182,2.2757,-0.037842,0
-0.030975,0.0062561,-0.030518,2.7309,-0.056152,0
-0.033722,0.0059509,-0.0354,2.2757,-0.083618,0
-0.031128,0.0090027,-0.023346,2.0482,-0.11261,0
-0.03006,0.012054,-0.0015259,2.2757,-0.13275,0
-0.029297,0.014191,0.014801,2.5033,-0.14099,0
-0.026093,0.01709,0.024414,1.8206,-0.14008,0
-0.019379,0.015564,0.025024,2.0482,-0.14069,0
-0.01358,0.011902,0.023346,1.8206,-0.15015,0
-0.012665,0.0090027,0.027161,2.2757,-0.16479,0
-0.0085449,0.0062561,0.036621,1.8206,-0.18005,0
0.0064087,0.0056458,0.043945,1.5931,-0.18799,0
0.021667,0.0033569,0.039062,2.0482,-0.18341,0
0.026398,-0.00045776,0.028229,2.2757,-0.17242,0
0.02243,-0.0062561,0.015259,1.3655,-0.16479,0
0.022125,-0.013733,0.0047302,2.2757,-0.16022,0
0.025787,-0.019226,0.0016785,2.5033,-0.16327,0
0.026703,-0.020752,0.0036621,2.2757,-0.16571,0
0.02182,-0.018158,0.010223,1.5931,-0.16541,0
0.017853,-0.014801,0.026093,2.5033,-0.15747,0
0.018463,-0.012207,0.042572,2.2757,-0.14221,0
0.016632,-0.0079346,0.050049,2.2757,-0.12207,0
0.011902,-0.0038147,0.061798,1.8206,-0.099487,0
0.007782,-0.0019836,0.078278,3.186,-0.079346,0
0.0068665,-0.0012207,0.088196,2.5033,-0.065613,0
0.0068665,0.00061035,0.08728,2.7309,-0.064392,0
0.0074768,0.0056458,0.088959,3.4135,-0.076294,0
0.0086975,0.0091553,0.090485,2.7309,-0.091858,0
0.0082397,0.0080872,0.083313,2.9584,-0.098267,0
0.0076294,0.00015259,0.067749,2.5033,-0.096436,0
0.011749,-0.0048828,0.051575,2.2757,-0.091858,0
0.015411,-0.0080872,0.043182,2.2757,-0.085754,0
0.013428,-0.0093079,0.036774,2.2757,-0.076904,0
0.0093079,-0.011444,0.018768,2.9584,-0.065918,0
0.0061035,-0.017853,-0.0093079,2.7309,-0.057983,0
0.0030518,-0.023804,-0.033417,2.2757,-0.057678,0
0.0013733,-0.027771,-0.042725,2.5033,-0.064087,0
0.00091553,-0.028076,-0.03067,2.7309,-0.068665,0
0.0027466,-0.02121,0.0038147,2.7309,-0.062256,0
0.0050354,-0.0090027,0.040131,2.0482,-0.047607,0
0.0030518,0.00045776,0.061493,2.0482,-0.036621,0
-0.0021362,0.0094604,0.069427,2.0482,-0.0354,0
-0.0082397,0.010834,0.063629,2.5033,-0.039062,0
-0.0091553,0.010071,0.04715,2.0482,-0.041199,0
-0.009613,0.0088501,0.037079,1.8206,-0.046997,0
-0.010223,0.0083923,0.042419,1.5931,-0.061646,0
-0.0093079,0.0086975,0.051422,1.8206,-0.076599,0
-0.012512,0.0032043,0.046844,2.0482,-0.082397,0
-0.016632,-0.0053406,0.024414,1.8206,-0.077209,0
-0.0177,-0.015411,-0.0083923,2.0482,-0.063171,0
-0.010834,-0.023346,-0.038605,1.5931,-0.045776,0
0.0015259,-0.026703,-0.058441,1.8206,-0.028076,0
0.0090027,-0.023499,-0.062561,1.5931,-0.018921,0
0.01236,-0.020294,-0.052032,2.2757,-0.01709,0
0.014343,-0.019226,-0.043335,1.1379,-0.014954,0
0.016632,-0.020752,-0.041962,1.1379,-0.0082397,0
0.017853,-0.024872,-0.040131,1.8206,-0.00091553,0
0.016937,-0.027466,-0.03479,2.0482,0.011902,0
0.013733,-0.027313,-0.026093,2.2757,0.030823,0
0.0062561,-0.029449,-0.016937,1.8206,0.048828,0
0.0027466,-0.032501,-0.0086975,2.2757,0.057983,0
0.0079346,-0.032806,-0.0038147,1.8206,0.061035,0
0.016785,-0.028534,-0.0033569,2.0482,0.066833,0
0.020142,-0.02533,0.0021362,1.8206,0.078735,0
0.018921,-0.024109,0.013123,1.5931,0.090027,0
0.018463,-0.025177,0.021667,2.5033,0.096436,0
0.020905,-0.022736,0.031281,2.2757,0.097656,0
0.018311,-0.019836,0.040588,2.2757,0.098877,0
0.013733,-0.015411,0.045929,2.5033,0.1004,0
0.014038,-0.010834,0.05249,2.7309,0.098572,0
0.017853,-0.0054932,0.055084,2.5033,0.093384,0
0.019684,-0.0010681,0.043793,3.186,0.090027,0
0.017853,0.00030518,0.023651,2.7309,0.092773,0
0.013733,-0.00045776,0.0064087,2.7309,0.099792,0
0.0073242,0.0015259,-0.0047302,2.7309,0.10559,0
0.00091553,-0.00045776,-0.0059509,2.7309,0.10773,0
-0.0032043,-0.002594,-0.00091553,2.2757,0.1062,0
-0.0056458,-0.00061035,0.0039673,2.2757,0.1059,0
-0.0088501,-0.00045776,0.0022888,1.5931,0.10803,0
-0.013275,-0.0073242,-0.0064087,2.7309,0.1123,0
-0.01709,-0.01358,-0.0068665,2.7309,0.12878,0
-0.020752,-0.014496,0.007019,2.9584,0.15503,0
-0.025482,-0.014343,0.018768,2.2757,0.18494,0
-0.030212,-0.019073,0.013733,2.0482,0.20477,0
-0.032654,-0.025787,0.0090027,2.7309,0.21362,0
-0.032959,-0.028534,0.0082397,1.8206,0.21637,0
-0.029907,-0.032501,0.0028992,1.8206,0.22064,0
-0.023804,-0.039673,-0.011902,2.5033,0.23132,0
-0.014191,-0.043793,-0.020294,2.0482,0.25208,0
-0.0076294,-0.040283,-0.015717,1.8206,0.28198,0
-0.0033569,-0.032349,-0.0056458,1.5931,0.31158,0
0.0010681,-0.023651,0.0041199,1.3655,0.33386,0
0.0041199,-0.016174,0.018311,2.0482,0.34546,0
0.0079346,-0.0057983,0.034637,2.0482,0.34576,0
0.013733,0.0030518,0.037689,2.5033,0.33508,0
0.020447,0.010834,0.028381,2.0482,0.31677,0
0.021515,0.015869,0.014954,2.2757,0.30182,0
0.016937,0.019684,0.0018311,2.0482,0.29877,0
0.010071,0.023804,0.0013733,2.2757,0.30762,0
0.0053406,0.028381,0.011444,1.8206,0.31891,0
0.0030518,0.029907,0.021057,1.5931,0.32349,0
0.00015259,0.028534,0.02121,1.8206,0.32257,0
-0.004425,0.026093,0.01297,2.2757,0.3183,0
-0.0093079,0.023804,-0.00061035,2.2757,0.31342,0
-0.011139,0.021362,-0.0062561,2.5033,0.30609,0
-0.0091553,0.020294,0.005188,2.7309,0.29266,0
-0.0048828,0.020142,0.02182,2.9584,0.26733,0
-0.0030518,0.018921,0.028381,3.186,0.23041,0
-0.0042725,0.018463,0.032043,2.5033,0.18768,0
-0.0050354,0.015869,0.033112,1.8206,0.15015,0
-0.0038147,0.01236,0.027466,1.8206,0.12512,0
0.0015259,0.010986,0.024414,2.2757,0.10956,0
0.0093079,0.01358,0.029907,2.5033,0.1059,0
0.014038,0.016479,0.032654,2.2757,0.10864,0
0.01358,0.015869,0.034637,1.8206,0.10803,0
0.010529,0.012512,0.04776,2.2757,0.1004,0
0.0048828,0.013885,0.065002,2.2757,0.089722,0
-0.0016785,0.013275,0.067291,2.0482,0.084839,0
-0.0032043,0.011597,0.054474,2.0482,0.084229,0
-0.0013733,0.012665,0.035095,3.186,0.086975,0
-0.0019836,0.016479,0.015259,2.9584,0.093384,0
-0.0080872,0.021667,0.0010681,3.186,0.10651,0
-0.017548,0.029449,-0.0038147,2.0482,0.12421,0
-0.026093,0.036926,-0.0074768,1.8206,0.15198,0
-0.033112,0.03952,-0.011749,2.0482,0.18677,0
-0.0383,0.0383,-0.007019,2.0482,0.2124,0
-0.037537,0.037384,0.0050354,1.5931,0.22186,0
-0.032349,0.032806,0.014038,1.8206,0.22003,0
-0.027313,0.029144,0.012512,2.0482,0.21484,0
-0.023346,0.02594,0.00091553,1.5931,0.20905,0
-0.023041,0.022278,-0.0086975,1.5931,0.19958,0
-0.024872,0.020905,-0.01297,2.2757,0.18402,0
-0.02533,0.019684,-0.023651,2.0482,0.17212,0
-0.018158,0.014954,-0.040741,2.5033,0.16418,0
-0.0093079,0.0082397,-0.04837,1.5931,0.15381,0
-0.0050354,0.0065613,-0.03952,2.2757,0.13763,0
-0.0030518,0.012207,-0.011902,0.91037,0.11749,0
0.0054932,0.016174,0.016327,1.8206,0.10101,0
0.01709,0.014191,0.018616,2.0482,0.090942,0
0.02182,0.010223,0.002594,2.2757,0.083008,0
0.020447,0.010376,-0.0065613,1.5931,0.072937,0
0.017853,0.012207,-0.0079346,1.5931,0.065002,0
0.017242,0.014038,-0.0015259,2.0482,0.058899,0
0.020142,0.01358,0.0050354,2.0482,0.046387,0
0.021362,0.013275,0.014038,2.2757,0.031738,0
0.019836,0.013123,0.032043,2.5033,0.015869,0
0.019379,0.016479,0.045929,2.5033,0.005188,0
0.016632,0.021362,0.047913,2.2757,0.0030518,0
0.012512,0.02594,0.053101,2.0482,0.0048828,0
0.010376,0.030365,0.056763,2.2757,0.0039673,0
0.010071,0.03006,0.048676,2.2757,0.0039673,0
0.0073242,0.02533,0.037994,2.2757,0.0045776,0
0.004425,0.021973,0.028381,2.2757,0.0027466,0
0.0041199,0.021515,0.0088501,2.9584,-0.0057983,0
0.0099182,0.0177,-0.020599,2.9584,-0.017395,0
0.018158,0.014038,-0.045013,2.5033,-0.031738,0
0.023499,0.015259,-0.04776,2.7309,-0.050964,0
0.02655,0.021515,-0.039062,2.2757,-0.071411,0
0.028229,0.024414,-0.028534,2.9584,-0.085754,0
0.029449,0.024872,-0.015411,2.7309,-0.090027,0
0.031738,0.023346,0.0012207,3.4135,-0.090942,0
0.03006,0.019226,0.016327,1.8206,-0.09613,0
0.021057,0.015564,0.021057,2.2757,-0.10925,0
0.010223,0.018158,0.022125,1.8206,-0.12421,0
0.0015259,0.022888,0.032196,2.2757,-0.13489,0
-0.0090027,0.022736,0.047913,2.2757,-0.14069,0
-0.018768,0.017395,0.058594,2.5033,-0.14465,0
-0.022583,0.0086975,0.045624,2.0482,-0.14374,0
-0.021973,-0.00045776,0.010986,2.0482,-0.14252,0
-0.019226,-0.0059509,-0.011902,1.8206,-0.14374,0
-0.016479,-0.011444,-0.0083923,2.0482,-0.14343,0
-0.014648,-0.013733,0.0036621,2.7309,-0.1413,0
-0.014191,-0.015564,0.0056458,2.5033,-0.13824,0
-0.0099182,-0.014496,-0.0013733,1.5931,-0.13824,0
0.0010681,-0.014496,-0.01297,1.3655,-0.14709,0
0.013275,-0.015106,-0.022125,1.5931,-0.1535,0
0.019379,-0.0097656,-0.020752,2.0482,-0.15045,0
0.020752,-0.0076294,-0.010223,2.0482,-0.13916,0
0.015717,-0.0080872,0.0068665,2.0482,-0.12817,0
0.0061035,-0.0074768,0.026093,2.0482,-0.12604,0
-0.0021362,-0.0085449,0.028992,1.8206,-0.13306,0
-0.0073242,-0.011902,0.0090027,1.8206,-0.13855,0
-0.010681,-0.01358,-0.018158,2.2757,-0.13824,0
-0.01236,-0.014648,-0.032806,2.0482,-0.13153,0
-0.01358,-0.016937,-0.028381,2.0482,-0.12512,0
-0.013733,-0.016632,-0.014191,2.5033,-0.12787,0
-0.012665,-0.016327,0.00091553,2.2757,-0.13885,0
-0.011139,-0.012665,0.016174,2.2757,-0.1535,0
-0.0076294,-0.0068665,0.024109,2.2757,-0.16541,0
0.00076294,-0.0042725,0.027618,2.7309,-0.17212,0
0.0071716,-0.004425,0.025787,2.5033,-0.177,0
0.0074768,-0.0053406,0.017548,2.2757,-0.18066,0
0.0039673,-0.0030518,0.014343,2.2757,-0.18768,0
-0.00061035,0.0018311,0.01236,2.5033,-0.19867,0
-0.0080872,0.0076294,0.0094604,2.7309,-0.20935,0
-0.01297,0.011749,0.012665,2.2757,-0.21667,0
-0.01297,0.014801,0.022125,2.7309,-0.21118,0
-0.012207,0.019989,0.033112,2.7309,-0.20294,0
-0.0083923,0.021362,0.039368,2.0482,-0.20172,0
-0.0022888,0.015717,0.039673,2.7309,-0.20813,0
0.0035095,0.0097656,0.041504,1.5931,-0.21545,0
0.0053406,0.0036621,0.048065,2.5033,-0.21851,0
0.0033569,0.002594,0.043182,1.8206,-0.21484,0
0,0.0027466,0.017242,1.3655,-0.20966,0
-0.0016785,-0.00045776,-0.013123,2.2757,-0.20416,0
0,-0.007782,-0.043488,0.91037,-0.19745,0
0.00045776,-0.012665,-0.068817,2.0482,-0.19196,0
-0.0015259,-0.013733,-0.081635,1.8206,-0.18921,0
-0.0035095,-0.011902,-0.082855,2.0482,-0.19165,0
-0.0027466,-0.0080872,-0.070496,1.8206,-0.19958,0
-0.00015259,-0.0022888,-0.053101,1.5931,-0.21179,0
0.00076294,-0.0013733,-0.039978,1.3655,-0.21912,0
-0.0016785,-0.0030518,-0.031433,1.8206,-0.22156,0
-0.004425,-0.0016785,-0.028992,2.0482,-0.21729,0
-0.0028992,0.0028992,-0.024261,2.5033,-0.2066,0
0.00061035,0.0048828,-0.010834,2.0482,-0.19257,0
0,0.0062561,0.021515,1.8206,-0.18005,0
-0.002594,0.010376,0.061646,1.8206,-0.17822,0
-0.0039673,0.014343,0.088959,2.5033,-0.18555,0
-0.0032043,0.018463,0.10193,1.3655,-0.19073,0
-0.00091553,0.020142,0.10178,2.2757,-0.18829,0
0.0073242,0.017853,0.097809,2.7309,-0.18036,0
0.022888,0.010986,0.08728,2.2757,-0.17548,0
0.039825,0.0048828,0.070953,2.2757,-0.16876,0
0.048065,-0.0013733,0.044098,2.5033,-0.15472,0
0.040436,-0.0022888,0.021362,2.0482,-0.13184,0
0.021057,-0.0019836,0.0042725,1.8206,-0.112,0
0.0028992,-0.0032043,-0.014038,2.2757,-0.098572,0
-0.0042725,-0.00076294,-0.028687,1.8206,-0.086975,0
-0.0010681,0.00015259,-0.042419,2.0482,-0.07019,0
0.0053406,-0.0013733,-0.055389,1.8206,-0.054321,0
0.0082397,-0.0047302,-0.061493,2.5033,-0.042419,0
0.0053406,-0.0065613,-0.059204,2.0482,-0.03479,0
-0.0018311,-0.0079346,-0.044861,2.2757,-0.032043,0
-0.0073242,-0.0057983,-0.027771,2.5033,-0.033569,0
-0.009613,-0.005188,-0.016479,2.7309,-0.041504,0
-0.0094604,-0.011292,-0.019684,2.5033,-0.046387,0
-0.0093079,-0.018158,-0.027008,2.0482,-0.044556,0
-0.010834,-0.018921,-0.021973,2.2757,-0.028381,0
-0.014343,-0.012054,-0.004425,1.3655,-0.010681,0
-0.0177,-0.0068665,0.011749,2.0482,0,0
-0.014648,-0.004425,0.020447,1.5931,0.00030518,0
-0.0076294,-0.0042725,0.018921,2.2757,0.005188,0
-0.0013733,-0.0068665,0.0074768,2.2757,0.020752,0
-0.00076294,-0.014648,-0.0099182,2.2757,0.040894,0
-0.0032043,-0.019531,-0.026398,1.5931,0.05249,0
-0.0022888,-0.020905,-0.027771,2.7309,0.056763,0
0.00030518,-0.018005,-0.016632,2.0482,0.053101,0
0.0039673,-0.016327,-0.0041199,1.8206,0.052185,0
0.0068665,-0.01297,0.014191,0.91037,0.055847,0
0.0082397,-0.0079346,0.036926,1.8206,0.056152,0
0.0056458,-0.0019836,0.048981,1.5931,0.053406,0
0.0035095,-0.00015259,0.051727,2.2757,0.049744,0
0.004425,-0.0024414,0.056305,2.2757,0.049133,0
0.007019,-0.0019836,0.059967,2.0482,0.050964,0
0.010223,0,0.054016,1.5931,0.048828,0
0.014648,0.0035095,0.046844,2.0482,0.043945,0
0.018158,0.0033569,0.040741,1.8206,0.037842,0
0.018158,0,0.036316,1.8206,0.037842,0
0.016327,-0.004425,0.037994,1.8206,0.045471,0
0.015259,-0.0050354,0.042419,1.8206,0.057068,0
0.013275,-0.004425,0.041046,2.2757,0.064697,0
0.0036621,-0.0091553,0.026855,1.3655,0.06958,0
-0.010071,-0.014191,0.0018311,2.2757,0.076294,0
-0.023499,-0.019379,-0.018616,2.7309,0.079956,0
-0.027618,-0.022736,-0.026398,2.2757,0.080566,0
-0.018921,-0.021515,-0.023499,2.2757,0.079651,0
-0.0071716,-0.016022,-0.020752,1.3655,0.076599,0
-0.0028992,-0.0073242,-0.016632,2.0482,0.073242,0
-0.0073242,-0.0015259,-0.010376,2.0482,0.067139,0
-0.0093079,0.00015259,-0.014343,2.5033,0.059509,0
-0.0038147,-0.0036621,-0.0177,2.7309,0.055237,0
0.0030518,-0.0042725,-0.012207,2.7309,0.057373,0
0.0013733,-0.004425,0.00091553,2.5033,0.067444,0
-0.0056458,-0.0036621,0.018005,2.2757,0.083313,0
-0.0080872,-0.00091553,0.027618,2.2757,0.093994,0
-0.007019,0.0019836,0.029907,2.5033,0.091553,0
-0.0083923,0.0041199,0.032959,2.5033,0.079346,0
-0.0061035,0.00045776,0.025177,2.7309,0.070801,0
0.0013733,-0.0028992,0.010834,2.7309,0.072327,0
0.0050354,-0.0021362,0.0054932,2.7309,0.081787,0
0.0013733,-0.0022888,0.0068665,2.9584,0.090332,0
-0.00091553,-0.0036621,-0.0080872,2.2757,0.091553,0
-0.0041199,-0.0073242,-0.020752,2.0482,0.089722,0
-0.011444,-0.0097656,-0.018768,2.2757,0.084534,0
-0.016632,-0.0080872,-0.015869,2.0482,0.079346,0
-0.013733,-0.0048828,-0.013428,1.8206,0.070801,0
-0.007019,-0.0013733,-0.010834,2.2757,0.065002,0
-0.0021362,-0.0027466,-0.015106,1.8206,0.065613,0
-0.0013733,-0.0053406,-0.022888,2.0482,0.071106,0
-0.0022888,-0.0083923,-0.0383,1.1379,0.078125,0
-0.0050354,-0.012207,-0.058289,1.8206,0.088196,0
-0.0079346,-0.014648,-0.049896,1.5931,0.10162,0
-0.009613,-0.012665,-0.025177,2.2757,0.11444,0
-0.013428,-0.0085449,-0.0024414,2.0482,0.12085,0
-0.014343,-0.0053406,0.013733,1.8206,0.11536,0
-0.010071,-0.0059509,0.012817,1.8206,0.096436,0
-0.0048828,-0.0065613,0.0056458,2.0482,0.074463,0
0,-0.0082397,0.0094604,2.2757,0.058594,0
0.0067139,-0.0083923,0.019836,1.8206,0.055237,0
0.012817,-0.0042725,0.025024,2.5033,0.055542,0
0.0091553,-0.0018311,0.023804,2.0482,0.049744,0
0.0039673,0.0015259,0.027313,1.8206,0.039978,0
0.004425,0.0042725,0.04425,2.0482,0.036011,0
0.0090027,0.0016785,0.058746,2.7309,0.036621,0
0.016785,-0.005188,0.062561,2.0482,0.030518,0
0.028229,-0.0067139,0.060425,2.7309,0.0177,0
0.036163,-0.0064087,0.050354,2.5033,0.0057983,0
0.032349,-0.0039673,0.032196,2.2757,0.0012207,0
0.023804,-0.0071716,0.017548,2.2757,0.007019,0
0.018463,-0.010529,0.016632,2.9584,0.020142,0
0.013275,-0.011292,0.018005,3.186,0.029907,0
0.0080872,-0.012817,0.026245,2.7309,0.036316,0
0.00045776,-0.010376,0.044403,2.5033,0.041199,0
-0.0076294,-0.0062561,0.061951,2.0482,0.039062,0
-0.014343,-0.0027466,0.08255,2.5033,0.032349,0
-0.021667,-0.0021362,0.10696,2.5033,0.02594,0
-0.023193,-0.0033569,0.11978,2.0482,0.025024,0
-0.015869,-0.0053406,0.121,1.8206,0.026855,0
-0.0094604,-0.0062561,0.12405,2.2757,0.026855,0
-0.011902,-0.0033569,0.13321,2.0482,0.019531,0
-0.01358,0.00015259,0.1358,1.8206,0.010071,0
-0.007019,0.0056458,0.13351,1.8206,0.0067139,0
0.0042725,0.011902,0.11871,2.0482,0.0091553,0
0.011444,0.011139,0.08316,2.5033,0.010986,0
0.010834,0.0057983,0.050354,2.2757,0.010071,0
0.010529,0.0019836,0.03067,2.5033,0.0033569,0
0.010834,0.00061035,0.01358,2.5033,-0.0036621,0
0.0086975,0.00015259,-0.011902,2.0482,-0.0057983,0
0.0068665,-0.002594,-0.045929,1.8206,0.0015259,0
0.0056458,-0.0038147,-0.083008,1.3655,0.012512,0
0,-0.0041199,-0.12039,1.3655,0.019836,0
-0.0013733,-0.007782,-0.14862,2.2757,0.021667,0
0.013885,-0.015564,-0.16266,2.0482,0.018616,0
0.036316,-0.02121,-0.16556,2.2757,0.014954,0
0.044861,-0.02121,-0.15488,1.8206,0.014954,0
0.033569,-0.01709,-0.12512,0.91037,0.022888,0
0.014038,-0.0094604,-0.088043,1.3655,0.033569,0
-0.00015259,-0.0022888,-0.06073,0.91037,0.041809,0
-0.0085449,0.0035095,-0.04776,1.5931,0.04303,0
-0.013123,0.0073242,-0.045013,2.7309,0.041809,0
-0.0091553,0.0099182,-0.046997,2.2757,0.043945,0
-0.0013733,0.013428,-0.056305,2.0482,0.045776,0
0.005188,0.017548,-0.073853,2.2757,0.046692,0
0.0086975,0.016327,-0.089722,2.2757,0.04425,0
0.0038147,0.014038,-0.10056,2.2757,0.031738,0
-0.0035095,0.016327,-0.1001,2.7309,0.017395,0
-0.0071716,0.015869,-0.096283,2.2757,0.010376,0
-0.010071,0.015411,-0.097351,2.5033,0.0079346,0
-0.012817,0.014648,-0.11078,2.5033,0.0036621,0
-0.0083923,0.0099182,-0.13733,2.7309,-0.0018311,0
-0.00015259,0.0019836,-0.16907,2.5033,-0.0076294,0
0.0019836,-0.0010681,-0.18768,2.0482,-0.007019,0
0.00045776,0.0021362,-0.18143,2.7309,-0.0042725,0
-0.0018311,0.0079346,-0.16251,2.2757,-0.0073242,0
-0.0062561,0.0024414,-0.14648,2.2757,-0.015869,0
-0.007782,-0.0019836,-0.13321,2.5033,-0.021973,0
-0.0064087,0.0028992,-0.10666,2.5033,-0.022888,0
-0.0062561,0.011292,-0.070038,3.186,-0.020447,0
-0.0057983,0.016479,-0.045776,2.0482,-0.020447,0
-0.0036621,0.021057,-0.042877,2.0482,-0.02533,0
-0.0022888,0.02533,-0.042114,2.5033,-0.034485,0
-0.0018311,0.024261,-0.027618,2.5033,-0.044861,0
-0.002594,0.022583,-0.0088501,2.2757,-0.056152,0
-0.0028992,0.020752,0.0085449,2.5033,-0.060425,0
-0.0036621,0.015869,0.032043,2.0482,-0.055847,0
-0.0039673,0.015106,0.057678,2.2757,-0.050659,0
-0.0028992,0.016785,0.070038,2.0482,-0.048523,0
0.0010681,0.012665,0.070343,1.8206,-0.054626,0
0.005188,0.007782,0.069427,2.0482,-0.061951,0
0.007019,0.0042725,0.061035,2.0482,-0.064087,0
0.0088501,0.0028992,0.044708,1.8206,-0.059509,0
0.010529,-0.0016785,0.033875,1.8206,-0.046997,0
0.012207,-0.0053406,0.030212,2.7309,-0.033569,0
0.009613,-0.0065613,0.020599,2.0482,-0.029907,0
0.0050354,-0.0062561,0.0074768,1.8206,-0.033875,0
0.00015259,-0.0045776,-0.0054932,1.8206,-0.04303,0
-0.0045776,-0.00030518,-0.0056458,1.3655,-0.057373,0
-0.007782,0.0073242,0.0027466,2.0482,-0.072021,0
-0.010223,0.01236,0.0032043,1.3655,-0.08667,0
-0.013428,0.011444,-0.013428,2.5033,-0.10101,0
-0.018158,0.0048828,-0.027313,1.8206,-0.11505,0
-0.019226,-0.0032043,-0.028839,1.8206,-0.1239,0
-0.01358,-0.009613,-0.023346,2.5033,-0.12543,0
-0.0064087,-0.016174,-0.02121,2.5033,-0.12115,0
-0.0024414,-0.020905,-0.019836,2.5033,-0.12207,0
-0.0038147,-0.015106,-0.011444,3.186,-0.13916,0
-0.0082397,-0.010529,0.0097656,2.5033,-0.17029,0
-0.013123,-0.0093079,0.037994,2.2757,-0.19867,0
-0.020599,-0.013885,0.061798,2.7309,-0.21301,0
-0.025024,-0.015717,0.082092,1.8206,-0.20874,0
-0.010986,-0.013275,0.099182,2.5033,-0.19165,0
0.018005,-0.013428,0.10742,2.2757,-0.16602,0
0.036926,-0.01358,0.10803,2.2757,-0.13794,0
0.033264,-0.012207,0.10986,2.9584,-0.11383,0
0.018463,-0.0062561,0.11551,2.2757,-0.10132,0
0.010986,-0.0016785,0.11795,1.5931,-0.095215,0
0.0085449,-0.0012207,0.10925,2.2757,-0.08606,0
0.0033569,-0.0035095,0.095673,2.7309,-0.067749,0
-0.0016785,-0.0054932,0.079956,2.0482,-0.048523,0
-0.0074768,-0.0071716,0.073853,2.2757,-0.038452,0
-0.01236,-0.011292,0.079651,2.2757,-0.039673,0
-0.0177,-0.013275,0.081024,2.0482,-0.048218,0
-0.02182,-0.012665,0.069122,2.5033,-0.065308,0
-0.025177,-0.013275,0.049591,1.8206,-0.081177,0
-0.026245,-0.015564,0.028687,1.8206,-0.092468,0
-0.026398,-0.017395,0.020294,2.2757,-0.1001,0
-0.023956,-0.016785,0.025787,1.8206,-0.10529,0
-0.017548,-0.013275,0.03479,2.0482,-0.10498,0
-0.0097656,-0.011749,0.042114,2.5033,-0.099487,0
-0.0016785,-0.012512,0.045319,1.8206,-0.09552,0
0.0079346,-0.0076294,0.046844,1.5931,-0.096436,0
0.013428,-0.0065613,0.043182,2.2757,-0.10254,0
0.015106,-0.0091553,0.03952,2.0482,-0.10651,0
0.015106,-0.005188,0.029755,2.0482,-0.10834,0
0.020294,0.0033569,0.011444,2.0482,-0.10712,0
0.029449,0.0071716,-0.010681,2.5033,-0.10315,0
0.039368,0.0086975,-0.019226,2.7309,-0.099487,0
0.047607,0.014496,-0.014191,2.2757,-0.09552,0
0.048523,0.018158,-0.0065613,1.5931,-0.089722,0
0.041046,0.016785,-0.0035095,2.0482,-0.079041,0
0.029602,0.013733,-0.0022888,2.5033,-0.063171,0
0.019684,0.011292,-0.012665,2.7309,-0.050049,0
0.016174,0.0065613,-0.02655,2.2757,-0.037231,0
0.013275,-0.00091553,-0.03891,2.0482,-0.027161,0
0.011597,-0.0071716,-0.04364,1.8206,-0.018921,0
0.014038,-0.011444,-0.032349,1.8206,-0.016479,0
0.014191,-0.0090027,-0.0071716,1.5931,-0.014038,0
0.010986,-0.0059509,0.016785,2.0482,-0.0091553,0
0.007782,-0.0080872,0.024414,2.5033,-0.0042725,0
0.0076294,-0.014038,0.018768,2.2757,-0.0024414,0
0.0097656,-0.017395,0.0028992,2.2757,-0.00030518,0
0.0074768,-0.015411,-0.022888,2.9584,0.010986,0
-0.00045776,-0.014343,-0.045319,2.5033,0.030212,0
-0.0047302,-0.015259,-0.045929,2.7309,0.045471,0
-0.0062561,-0.01236,-0.02182,2.7309,0.049133,0
-0.010529,-0.005188,0.011139,2.5033,0.046997,0
-0.013275,-0.00091553,0.034637,2.5033,0.043335,0
-0.013885,-0.0010681,0.0383,2.2757,0.04364,0
-0.01358,-0.0030518,0.026398,2.0482,0.048828,0
-0.01358,-0.0056458,0.0061035,2.5033,0.057678,0
-0.016479,-0.0047302,-0.011902,2.2757,0.06897,0
-0.016785,-0.004425,-0.0097656,2.5033,0.079041,0
-0.015259,-0.0061035,0.0030518,1.8206,0.088806,0
-0.011597,-0.0099182,0.0061035,1.8206,0.10071,0
-0.0065613,-0.016937,0.0057983,2.2757,0.11078,0
0.00015259,-0.016937,0.0062561,1.8206,0.11719,0
0.0065613,-0.011292,0.0050354,2.5033,0.12115,0
0.0088501,-0.007782,0.0059509,1.8206,0.12848,0
0.0085449,-0.005188,0.0048828,2.7309,0.13824,0
0.010376,-0.0059509,0.0021362,2.2757,0.14801,0
0.013123,-0.0093079,0.0086975,2.0482,0.15533,0
0.010681,-0.0074768,0.02121,1.8206,0.16052,0
0.0033569,-0.0067139,0.033569,2.0482,0.16571,0
-0.0027466,-0.0050354,0.045776,1.3655,0.17273,0
-0.0065613,-0.0054932,0.057678,2.2757,0.17853,0
-0.010986,-0.004425,0.063324,2.0482,0.18494,0
-0.014191,-0.002594,0.064392,2.0482,0.18951,0
-0.016632,-0.00015259,0.068665,1.8206,0.18646,0
-0.019073,0.0018311,0.075684,2.2757,0.18036,0
-0.021057,0.0012207,0.08667,2.2757,0.17609,0
-0.021362,-0.00061035,0.092773,2.7309,0.1767,0
-0.018311,-0.00091553,0.099487,2.0482,0.18097,0
-0.012512,0.0028992,0.11551,2.9584,0.17792,0
-0.0065613,0.0035095,0.12512,2.9584,0.16541,0
-0.00061035,0.0013733,0.11154,2.7309,0.14984,0
0.002594,-0.0028992,0.085449,2.7309,0.13702,0
0.0013733,-0.010376,0.061798,2.5033,0.12756,0
-0.00045776,-0.018158,0.037079,2.5033,0.12299,0
-0.0032043,-0.020142,0.017548,2.2757,0.12024,0
-0.0041199,-0.014648,0.0086975,2.5033,0.11841,0
-0.00030518,-0.0082397,0.028839,2.2757,0.11322,0
0.0024414,-0.00076294,0.060272,2.0482,0.10468,0
-0.0056458,0.00076294,0.072174,2.2757,0.094604,0
-0.019836,-0.00091553,0.059967,2.2757,0.08667,0
-0.028534,-0.004425,0.050659,2.5033,0.082397,0
-0.027008,-0.0041199,0.049438,2.0482,0.082397,0
-0.017548,0.00061035,0.04364,2.0482,0.085754,0
-0.0053406,0.0045776,0.037384,2.7309,0.089722,0
0.0027466,0.0083923,0.039215,2.5033,0.09491,0
0.0068665,0.007019,0.041504,2.5033,0.09552,0
0.0073242,0.0032043,0.036163,2.5033,0.090637,0
0.0050354,0.0024414,0.027924,2.7309,0.083923,0
0.0064087,0.0042725,0.018616,2.0482,0.078735,0
0.013275,0.0035095,0.013733,2.5033,0.076904,0
0.020294,0.0015259,0.013733,2.2757,0.076294,0
0.025635,-0.00045776,0.026245,1.8206,0.076904,0
0.029144,0.0018311,0.035248,2.5033,0.081177,0
0.02533,0.004425,0.028534,1.8206,0.091553,0
0.015411,0.0038147,0.018921,2.0482,0.10803,0
0.0061035,0.0016785,0.011292,2.5033,0.12543,0
0.0041199,-0.00015259,0.0024414,2.0482,0.14038,0
0.0085449,0.0013733,0.0041199,2.7309,0.15076,0
0.013885,-0.00015259,0.013885,2.2757,0.15533,0
0.017395,-0.0012207,0.02243,1.8206,0.15594,0
0.013733,-0.00030518,0.020142,2.2757,0.15686,0
0.0068665,0,-0.0015259,2.7309,0.15625,0
0.0024414,-0.0068665,-0.024414,2.2757,0.15625,0
-0.00091553,-0.010376,-0.02533,2.0482,0.15533,0
-0.0016785,-0.0083923,-0.007782,2.0482,0.15625,0
-0.0016785,-0.0071716,0.010223,1.8206,0.15503,0
-0.0016785,-0.011597,0.016479,2.2757,0.15442,0
-0.00015259,-0.016174,0.0097656,2.7309,0.15564,0
0.0012207,-0.013428,-0.0050354,2.0482,0.15594,0
0.0033569,-0.010223,-0.019836,2.0482,0.15472,0
0.0071716,-0.0086975,-0.030975,1.8206,0.14801,0
0.010071,-0.0088501,-0.032196,2.2757,0.1413,0
0.0071716,-0.0099182,-0.012054,2.2757,0.14008,0
0.0016785,-0.0057983,0.019531,2.5033,0.1416,0
-0.0015259,0.002594,0.050354,2.2757,0.1416,0
-0.0028992,0.011749,0.072479,2.2757,0.13763,0
-0.0010681,0.018005,0.079346,2.5033,0.13458,0
0.0013733,0.01709,0.079956,3.4135,0.12604,0
0.0035095,0.014191,0.07782,2.7309,0.1123,0
0.0056458,0.013123,0.082245,2.7309,0.093384,0
0.0082397,0.014648,0.083618,2.9584,0.072327,0
0.007782,0.01709,0.077209,2.2757,0.054321,0
0.004425,0.020294,0.06012,1.5931,0.046387,0
0.0024414,0.01709,0.037384,1.5931,0.047913,0
0.0012207,0.0094604,0.018463,1.3655,0.053406,0
-0.0015259,0.0061035,0.013428,2.2757,0.059204,0
-0.0059509,0.0068665,0.020752,1.5931,0.064087,0
-0.010834,0.0019836,0.016632,1.8206,0.067444,0
-0.015106,-0.0067139,-0.0039673,2.0482,0.06897,0
-0.016327,-0.0083923,-0.020752,1.5931,0.06958,0
-0.016327,-0.0030518,-0.019836,1.8206,0.069275,0
-0.019531,-0.0028992,-0.012207,2.0482,0.066223,0
-0.021362,-0.0033569,-0.0065613,1.5931,0.057983,0
-0.01236,0.00030518,0.00015259,1.8206,0.048828,0
0.0033569,0.00091553,0,1.8206,0.036926,0
0.013885,-0.00030518,-0.0039673,2.0482,0.016174,0
0.016327,0.005188,0.0010681,1.8206,-0.011902,0
0.015411,0.0074768,0.0097656,2.0482,-0.028687,0
0.010376,0.0099182,0.014801,1.3655,-0.028076,0
0.0057983,0.01358,0.013733,2.0482,-0.015259,0
0.0041199,0.013275,0.0082397,2.5033,-0.0018311,0
0.0050354,0.013733,0.0057983,2.9584,0.0021362,0
0.0045776,0.019684,-0.0028992,2.5033,0.00061035,0
0.0028992,0.025177,-0.018311,2.5033,-0.0073242,0
0.0012207,0.026245,-0.036469,2.2757,-0.018005,0
-0.00015259,0.015869,-0.048828,2.2757,-0.028687,0
0.00076294,0.0065613,-0.052643,2.2757,-0.03418,0
0.0013733,0.0053406,-0.055084,1.8206,-0.034485,0
0.002594,0.0083923,-0.052948,2.2757,-0.036926,0
0.0042725,0.010529,-0.04715,2.7309,-0.037231,0
0.0059509,0.014343,-0.038452,2.2757,-0.037537,0
0.0057983,0.02182,-0.030975,2.5033,-0.034485,0
0.0033569,0.02594,-0.026398,2.7309,-0.033264,0
-0.00030518,0.026093,-0.023041,2.7309,-0.032043,0
-0.0019836,0.028687,-0.029144,2.5033,-0.028687,0
-0.0019836,0.031586,-0.040131,2.2757,-0.022888,0
-0.0015259,0.030365,-0.037231,2.0482,-0.014038,0
-0.0018311,0.027313,-0.015869,2.2757,-0.0012207,0
-0.0016785,0.025635,-0.0027466,2.2757,0.010986,0
-0.0035095,0.026398,-0.010223,2.2757,0.026855,0
-0.0045776,0.02533,-0.023651,2.5033,0.038147,0
-0.0062561,0.020294,-0.035553,2.2757,0.042114,0
-0.0080872,0.014496,-0.046844,2.2757,0.039673,0
-0.0079346,0.0067139,-0.050659,2.7309,0.039368,0
-0.0068665,0.0053406,-0.048676,2.0482,0.046082,0
-0.0076294,0.0035095,-0.046692,1.8206,0.058289,0
-0.0071716,0.0012207,-0.049896,2.2757,0.064392,0
-0.0045776,-0.0035095,-0.054169,2.2757,0.058594,0
-0.002594,-0.0061035,-0.049133,2.2757,0.04303,0
-0.0024414,-0.0064087,-0.048218,1.5931,0.028687,0
-0.0057983,-0.0053406,-0.057526,2.0482,0.017395,0
-0.010834,-0.0045776,-0.067902,1.5931,0.0097656,0
-0.013275,-0.0059509,-0.080414,1.5931,0.013123,0
-0.012512,-0.0080872,-0.089417,2.0482,0.022583,0
-0.0085449,-0.010834,-0.090332,2.0482,0.029297,0
-0.0028992,-0.015869,-0.092621,2.0482,0.027466,0
-0.0013733,-0.018463,-0.094757,2.2757,0.027161,0
-0.0038147,-0.020142,-0.089264,2.0482,0.027771,0
-0.0010681,-0.019531,-0.082245,1.8206,0.02594,0
0.0065613,-0.017242,-0.075226,2.0482,0.015564,0
0.013885,-0.013275,-0.061035,1.8206,0.0076294,0
0.019073,-0.010223,-0.047455,1.5931,0.0039673,0
0.020447,-0.0086975,-0.044556,2.0482,0.0012207,0
0.01297,-0.005188,-0.045471,2.2757,-0.0073242,0
-0.00030518,0.004425,-0.043182,2.2757,-0.029907,0
-0.0088501,0.012512,-0.049133,2.2757,-0.054932,0
-0.0059509,0.016632,-0.062103,2.0482,-0.069275,0
0.0064087,0.019073,-0.06546,2.2757,-0.072021,0
0.0177,0.019989,-0.054626,2.2757,-0.06958,0
0.017853,0.015411,-0.03479,2.2757,-0.06897,0
0.013733,0.013275,-0.0062561,2.0482,-0.073853,0
0.012817,0.014191,0.015869,2.0482,-0.078735,0
0.014954,0.009613,0.021667,2.2757,-0.085144,0
0.019379,0.00045776,0.014191,1.8206,-0.089417,0
0.022888,-0.0048828,0.0036621,2.0482,-0.091553,0
0.022125,-0.0080872,-0.0018311,2.2757,-0.089417,0
0.022125,-0.0083923,0.0024414,2.2757,-0.07843,0
0.025177,-0.0048828,0.014038,2.5033,-0.068054,0
0.021667,0.0036621,0.013123,2.5033,-0.062561,0
0.012512,0.0080872,0.0097656,2.9584,-0.062256,0
0.0054932,0.0059509,0.01297,2.0482,-0.060425,0
0.0027466,0.0067139,0.02655,2.2757,-0.045166,0
0,0.0056458,0.048981,2.2757,-0.021973,0
-0.0080872,0.00030518,0.063477,2.5033,-0.010681,0
-0.015259,-0.0047302,0.058899,2.2757,-0.031128,0
-0.016632,-0.0093079,0.044861,2.7309,-0.073547,0
-0.016479,-0.0091553,0.039673,2.2757,-0.11017,0
-0.018921,-0.0041199,0.035858,2.0482,-0.12085,0
-0.02243,-0.0010681,0.02182,2.0482,-0.11047,0
-0.025024,-0.0041199,0.01297,1.8206,-0.090027,0
-0.02533,-0.009613,0.01297,1.8206,-0.074768,0
-0.024109,-0.016479,0.013428,1.8206,-0.073242,0
-0.021667,-0.025024,0.01709,2.5033,-0.082397,0
-0.014801,-0.028381,0.028992,1.8206,-0.09552,0
-0.0062561,-0.030212,0.033722,1.5931,-0.10529,0
0.0013733,-0.031281,0.011292,2.2757,-0.10345,0
0.0028992,-0.032959,-0.014496,1.8206,-0.093689,0
-0.0064087,-0.032043,-0.023346,2.2757,-0.079041,0
-0.018158,-0.031128,-0.015564,1.5931,-0.065002,0
-0.022736,-0.027313,-0.0059509,1.8206,-0.053711,0
-0.019073,-0.022888,-0.0053406,2.0482,-0.052795,0
-0.0074768,-0.017548,0.0028992,2.2757,-0.061951,0
0.0042725,-0.0061035,0.02655,2.5033,-0.073242,0
0.0085449,0.0054932,0.046234,2.0482,-0.076904,0
0.0091553,0.010834,0.053406,1.5931,-0.069885,0
0.010223,0.0057983,0.03479,2.2757,-0.058289,0
0.011139,0.00091553,-0.00091553,2.2757,-0.048828,0
0.015717,-0.0015259,-0.031128,2.0482,-0.042114,0
0.020294,-0.0015259,-0.046997,2.2757,-0.033569,0
0.021362,-0.0016785,-0.050812,3.4135,-0.028687,0
0.01709,-0.00030518,-0.059967,2.5033,-0.02655,0
0.015106,0.002594,-0.067902,2.2757,-0.024414,0
0.014191,0.0085449,-0.070496,2.7309,-0.0177,0
0.012665,0.016327,-0.068207,2.7309,-0.011902,0
0.010223,0.018768,-0.062561,2.5033,-0.010376,0
0.0091553,0.011292,-0.046387,1.8206,-0.011597,0
0.0074768,0.00061035,-0.023499,2.7309,-0.010376,0
0.0038147,-0.0045776,-0.0059509,2.5033,-0.0082397,0
0.00061035,-0.0019836,0.00015259,2.2757,-0.0088501,0
0.0010681,0.00045776,0.0022888,2.2757,-0.011292,0
0.0033569,0.004425,0.0076294,3.4135,-0.0076294,0
0.0028992,0.0086975,0.033112,2.5033,0.0085449,0
0.0028992,0.011902,0.06012,2.2757,0.023804,0
0.0036621,0.012665,0.06012,2.9584,0.032654,0
0.0018311,0.011139,0.035706,2.0482,0.036316,0
-0.0024414,0.0088501,0.016174,2.5033,0.038757,0
-0.0079346,0.0050354,0.013428,2.2757,0.041199,0
-0.014038,0.0019836,0.029297,2.2757,0.042725,0
-0.01709,0.0048828,0.040436,2.2757,0.045166,0
-0.015259,0.010223,0.040436,2.2757,0.045776,0
-0.010376,0.012207,0.037994,1.8206,0.041504,0
-0.0065613,0.0086975,0.038147,2.2757,0.030823,0
-0.0056458,-0.0022888,0.023804,2.5033,0.017395,0
-0.0039673,-0.015411,-0.0062561,2.9584,0.0064087,0
-0.0021362,-0.023804,-0.02655,2.2757,0.0030518,0
-0.0064087,-0.025635,-0.018005,2.2757,0.0082397,0
-0.013733,-0.022888,0.0062561,2.2757,0.01709,0
-0.016632,-0.02121,0.020294,2.5033,0.027161,0
-0.019073,-0.018158,0.012207,2.5033,0.033569,0
-0.017853,-0.016174,-0.0056458,1.8206,0.038147,0
-0.0093079,-0.015259,-0.016785,2.0482,0.039368,0
-0.0015259,-0.018921,-0.024719,2.2757,0.04364,0
0.0013733,-0.02182,-0.032196,2.0482,0.05127,0
-0.00015259,-0.019226,-0.035706,2.2757,0.065918,0
-0.0013733,-0.0086975,-0.021057,2.5033,0.085144,0
0,0.0022888,0.0093079,2.2757,0.1004,0
0.0028992,0.011902,0.034637,2.2757,0.10529,0
0.0073242,0.018158,0.035095,2.2757,0.10651,0
0.011749,0.018311,0.024719,2.7309,0.10406,0
0.012665,0.012207,0.02594,2.2757,0.10284,0
0.01236,0.00091553,0.025635,2.0482,0.099792,0
0.0094604,-0.0082397,0.019531,2.2757,0.098267,0
0.0048828,-0.010834,0.0093079,2.2757,0.10498,0
0.0032043,-0.0080872,0.0065613,2.5033,0.1178,0
0.0035095,-0.0073242,0.0041199,2.7309,0.12421,0
0.0019836,-0.011139,-0.0083923,2.5033,0.12512,0
0,-0.012817,-0.020752,2.5033,0.12512,0
0.00030518,-0.009613,-0.021515,2.2757,0.12939,0
0,-0.010071,-0.019379,2.5033,0.13611,0
-0.0012207,-0.011139,-0.017548,2.5033,0.14221,0
-0.0047302,-0.014343,-0.010986,2.5033,0.14618,0
-0.0086975,-0.01236,-0.0036621,2.2757,0.14984,0
-0.0082397,-0.0053406,0.0024414,2.2757,0.1532,0
-0.0047302,-0.0024414,-0.00061035,1.8206,0.15625,0
-0.00091553,-0.0027466,0.0050354,1.8206,0.15839,0
0.0010681,-0.00030518,0.023499,1.8206,0.16052,0
0.0021362,0.00030518,0.033264,2.2757,0.16174,0
0.0010681,-0.0019836,0.026093,2.5033,0.1593,0
-0.00076294,-0.002594,0.026245,2.2757,0.15228,0
-0.0035095,-0.0032043,0.044861,1.3655,0.13916,0
-0.0041199,-0.0041199,0.063629,1.5931,0.12665,0
-0.0019836,-0.0057983,0.066681,2.0482,0.11993,0
0.0038147,-0.0097656,0.056305,2.0482,0.11719,0
0.012665,-0.014648,0.044861,2.5033,0.11688,0
0.023193,-0.017853,0.044708,2.0482,0.11261,0
0.035553,-0.020752,0.050049,1.3655,0.10773,0
0.045776,-0.025787,0.054779,1.3655,0.10651,0
0.047913,-0.025635,0.06012,2.0482,0.11078,0
0.042114,-0.018921,0.075073,2.2757,0.11932,0
0.029755,-0.011902,0.086975,2.0482,0.12573,0
0.01709,-0.007019,0.088196,1.5931,0.12909,0
0.0064087,-0.00015259,0.075073,2.0482,0.13306,0
-0.0018311,0.0038147,0.061035,2.2757,0.13489,0
-0.0047302,0.00045776,0.058289,2.5033,0.13275,0
-0.0054932,-0.0028992,0.059204,2.2757,0.12512,0
-0.0080872,-0.0036621,0.055084,2.2757,0.11505,0
-0.016937,-0.00045776,0.033875,2.0482,0.10376,0
-0.027924,0.0033569,0.0091553,1.8206,0.097351,0
-0.040131,0.0018311,-0.0022888,1.8206,0.090027,0
-0.050507,-0.0019836,-0.011139,2.2757,0.084534,0
-0.046082,-0.0056458,-0.02594,2.5033,0.083923,0
-0.028687,-0.0067139,-0.042725,2.5033,0.086365,0
-0.005188,-0.013428,-0.057831,2.7309,0.085754,0
0.014496,-0.018921,-0.066681,2.5033,0.082092,0
0.011444,-0.020905,-0.06012,2.5033,0.080261,0
-0.007782,-0.020752,-0.044556,2.2757,0.080566,0
-0.020447,-0.016479,-0.02594,2.2757,0.083008,0
-0.026703,-0.015717,0.0012207,2.5033,0.081177,0
-0.03067,-0.014648,0.020142,2.7309,0.075989,0
-0.026398,-0.015564,0.010834,2.7309,0.072632,0
-0.0086975,-0.015869,-0.0064087,2.0482,0.06897,0
0.0091553,-0.011444,-0.0038147,2.7309,0.066223,0
0.011292,-0.010681,0.005188,2.5033,0.060425,0
0.0099182,-0.010071,0.0045776,2.7309,0.051575,0
0.011902,-0.010834,0.0073242,2.7309,0.041504,0
0.014343,-0.013275,0.02533,2.5033,0.032654,0
0.01358,-0.016632,0.046082,2.7309,0.028076,0
0.011749,-0.016174,0.060272,2.5033,0.023499,0
0.010681,-0.011444,0.05722,2.0482,0.014038,0
0.0093079,-0.0059509,0.042267,2.2757,0.0045776,0
0.0083923,-0.0015259,0.032196,1.8206,-0.0021362,0
0.0088501,-0.00045776,0.024719,2.2757,-0.0048828,0
0.0093079,0.0022888,0.0090027,1.8206,-0.0045776,0
0.0086975,0.010223,-0.0083923,2.5033,-0.007019,0
0.0085449,0.02243,-0.012665,2.2757,-0.013123,0
0.0094604,0.032654,-0.012512,1.8206,-0.020752,0
0.0079346,0.029602,-0.020599,1.5931,-0.028076,0
0.0074768,0.019989,-0.029297,2.5033,-0.033875,0
0.0088501,0.0094604,-0.025177,2.5033,-0.036621,0
0.0091553,0.0045776,-0.012665,2.0482,-0.034485,0
0.0090027,0.0048828,-0.007019,2.0482,-0.028381,0
0.0076294,0.0074768,-0.0030518,2.2757,-0.019531,0
0.0047302,0.011444,0.0076294,2.0482,-0.010376,0
0.0061035,0.017853,0.026398,2.0482,-0.00061035,0
0.012512,0.02533,0.049744,1.8206,0.0094604,0
0.015106,0.031433,0.064545,1.8206,0.017395,0
0.013885,0.029602,0.070953,2.7309,0.025635,0
0.010834,0.026703,0.071869,2.0482,0.029297,0
0.0062561,0.025787,0.063477,2.5033,0.027771,0
0.0035095,0.028381,0.046539,2.7309,0.023193,0
0.0047302,0.031281,0.032806,2.5033,0.020447,0
0.0056458,0.03418,0.023193,2.0482,0.023499,0
0.0032043,0.033722,0.010223,2.0482,0.027161,0
0.00045776,0.024567,-0.0036621,2.0482,0.028992,0
0.00030518,0.016632,-0.010681,2.2757,0.031128,0
0.0013733,0.01709,-0.0015259,2.5033,0.030518,0
0.00045776,0.020294,0.0045776,2.7309,0.025024,0
-0.0039673,0.019073,-0.0047302,2.5033,0.015564,0
-0.005188,0.015411,-0.016937,2.7309,0.0079346,0
-0.0012207,0.014801,-0.013733,2.7309,0.007019,0
0.0053406,0.016632,-0.0085449,2.5033,0.0097656,0
0.0053406,0.016022,-0.010681,2.0482,0.011292,0
-0.0016785,0.014801,-0.010681,1.8206,0.010071,0
-0.0094604,0.0085449,0.0030518,2.9584,0.012207,0
-0.013275,-0.00015259,0.024719,2.5033,0.018311,0
-0.012207,-0.0033569,0.046234,2.2757,0.023804,0
-0.0094604,-0.00045776,0.051575,2.7309,0.021667,0
-0.0065613,0.0048828,0.041351,2.2757,0.014954,0
-0.0024414,0.0056458,0.027466,2.0482,0.013428,0
0.0039673,0.002594,0.015564,2.2757,0.021667,0
0.0097656,0.00091553,0.016632,2.0482,0.032959,0
0.014191,0.0016785,0.031738,1.5931,0.039062,0
0.015411,-0.0019836,0.038452,1.5931,0.039978,0
0.018005,-0.0080872,0.036469,1.3655,0.040588,0
0.023956,-0.0090027,0.037689,1.8206,0.039978,0
0.025177,-0.0054932,0.038452,1.8206,0.03418,0
0.020294,-0.00061035,0.042419,2.5033,0.023499,0
0.014191,0.0024414,0.048218,1.5931,0.014648,0
0.0086975,0.0045776,0.040436,2.9584,0.011902,0
0.0038147,0.0053406,0.024567,2.5033,0.012207,0
0.0012207,0.0038147,0.015869,1.8206,0.012207,0
0.0036621,0.0035095,0.016785,1.8206,0.012512,0
0.010834,0.0067139,0.027771,2.2757,0.013733,0
0.017853,0.011902,0.036774,2.9584,0.017395,0
0.019531,0.0094604,0.025024,2.5033,0.021057,0
0.014496,0.0019836,0.0038147,1.8206,0.022888,0
0.0076294,0.00030518,-0.0065613,2.2757,0.026855,0
0.00061035,-0.0012207,-0.0068665,2.2757,0.030823,0
-0.0059509,-0.0047302,0.0028992,1.8206,0.036011,0
-0.01236,-0.0054932,0.0093079,2.0482,0.039673,0
-0.015411,-0.0030518,0.011902,2.5033,0.045471,0
-0.0177,0.0027466,0.016174,2.9584,0.054626,0
-0.018768,0.0032043,0.016022,2.7309,0.06134,0
-0.015259,-0.0028992,0.0076294,2.5033,0.065613,0
-0.0090027,-0.0059509,-0.0036621,2.2757,0.068665,0
-0.0064087,-0.0062561,-0.010223,3.186,0.071716,0
-0.0088501,-0.004425,-0.010071,2.5033,0.076294,0
-0.012207,-0.00045776,-0.01297,2.2757,0.083923,0
-0.013885,0.007782,-0.015106,2.0482,0.088806,0
-0.010529,0.018921,-0.02121,2.5033,0.090027,0
-0.0054932,0.028534,-0.034637,2.7309,0.089417,0
-0.00091553,0.028076,-0.054626,2.7309,0.088806,0
-0.0013733,0.019684,-0.067749,2.2757,0.087585,0
-0.007019,0.011139,-0.054474,3.4135,0.091248,0
-0.010223,0.0062561,-0.027313,2.9584,0.095215,0
-0.012817,-0.00061035,-0.011292,2.2757,0.09613,0
-0.016785,-0.0057983,-0.007019,1.8206,0.092773,0
-0.019531,-0.01297,-0.012665,2.2757,0.085449,0
-0.015259,-0.020294,-0.027313,2.2757,0.075073,0
-0.0065613,-0.021667,-0.052338,2.0482,0.065308,0
0.0038147,-0.022278,-0.082092,2.0482,0.055847,0
0.011749,-0.026855,-0.10254,1.8206,0.050659,0
0.016479,-0.030365,-0.10712,1.8206,0.053711,0
0.015411,-0.021362,-0.095978,1.1379,0.062256,0
0.011902,-0.009613,-0.079041,2.7309,0.070801,0
0.010681,-0.007019,-0.060577,2.5033,0.079956,0
0.0085449,-0.01297,-0.048828,2.0482,0.086975,0
0.0076294,-0.019073,-0.049438,1.8206,0.092773,0
0.0083923,-0.022278,-0.049896,2.0482,0.097046,0
0.010986,-0.018463,-0.040588,1.8206,0.096741,0
0.0085449,-0.012817,-0.018921,2.7309,0.097656,0
0.0045776,-0.0082397,0.00091553,2.0482,0.10406,0
0.007782,-0.005188,0.013123,1.8206,0.11322,0
0.014191,-0.0054932,0.022125,1.5931,0.11993,0
0.01297,-0.0053406,0.024567,1.8206,0.11902,0
0.0085449,-0.0076294,0.014496,2.2757,0.11597,0
0.0071716,-0.016327,-0.009613,2.0482,0.11292,0
0.0042725,-0.020294,-0.028229,2.5033,0.10834,0
-0.00015259,-0.016632,-0.028534,2.2757,0.10284,0
-0.0015259,-0.005188,-0.018921,2.5033,0.09613,0
-0.0015259,0.0033569,-0.014343,2.2757,0.094299,0
-0.0032043,0.0065613,-0.016174,2.2757,0.094299,0
-0.0071716,0.0042725,-0.026245,2.7309,0.09491,0
-0.012665,0.00045776,-0.023651,2.5033,0.097046,0
-0.018005,0.00015259,-0.019073,2.7309,0.10681,0
-0.021515,0.00091553,-0.025787,2.2757,0.12024,0
-0.020905,0.002594,-0.030518,2.5033,0.13214,0
-0.016785,0.007782,-0.02182,2.2757,0.13672,0
-0.0038147,0.010071,-0.0019836,2.5033,0.13763,0
0.015717,0.010071,0.018005,2.7309,0.13824,0
0.026093,0.0074768,0.019989,2.5033,0.14008,0
0.026398,0.0054932,0.014191,3.186,0.14252,0
0.019226,0.00061035,0.020294,2.7309,0.14343,0
0.010529,-0.0030518,0.043182,2.7309,0.13763,0
0.0027466,-0.0038147,0.058746,2.2757,0.13062,0
-0.0064087,-0.0032043,0.063477,1.5931,0.12268,0
-0.012207,-0.0068665,0.056152,2.7309,0.11597,0
-0.013885,-0.011292,0.041504,2.2757,0.10925,0
-0.015564,-0.0093079,0.042725,2.5033,0.10162,0
-0.018768,-0.0082397,0.058136,2.7309,0.095215,0
-0.023499,-0.0053406,0.062714,2.0482,0.092773,0
-0.028381,-0.00091553,0.037079,2.0482,0.089417,0
-0.028992,0,0.0019836,2.5033,0.081177,0
-0.019379,-0.00091553,-0.016327,1.8206,0.071411,0
-0.0057983,-0.0019836,-0.024567,2.2757,0.065002,0
0.0032043,-0.0047302,-0.034027,1.8206,0.065613,0
0.0048828,-0.004425,-0.036469,1.1379,0.063477,0
0.0028992,-0.00045776,-0.02121,1.3655,0.054321,0
-0.00015259,0.0053406,-0.0039673,1.8206,0.042114,0
-0.0030518,0.0099182,-0.0083923,2.7309,0.029602,0
-0.0042725,0.016174,-0.021057,1.8206,0.022583,0
-0.0036621,0.026093,-0.031281,1.8206,0.01709,0
-0.0022888,0.033875,-0.039673,2.2757,0.011902,0
0.00045776,0.035553,-0.049744,1.5931,0.010681,0
0.0050354,0.033569,-0.055389,1.8206,0.011292,0
0.0099182,0.028229,-0.046539,2.7309,0.0097656,0
0.011444,0.025482,-0.04425,2.2757,0.0018311,0
0.0091553,0.023193,-0.054016,2.2757,-0.0048828,0
0.0064087,0.019989,-0.066223,2.5033,-0.0088501,0
0.0039673,0.018005,-0.074921,2.2757,-0.0079346,0
0.0057983,0.0177,-0.090942,1.8206,-0.0076294,0
0.011292,0.019073,-0.10422,2.2757,-0.0076294,0
0.016174,0.018158,-0.12192,3.186,-0.010681,0
0.017395,0.016632,-0.15793,2.5033,-0.012512,0
0.016174,0.0177,-0.19379,2.5033,-0.012207,0
0.012207,0.023804,-0.21957,2.5033,-0.011292,0
0.0076294,0.023346,-0.24216,3.4135,-0.014648,0
0.0050354,0.019836,-0.27328,2.5033,-0.021057,0
0.0048828,0.016479,-0.30609,2.7309,-0.028381,0
0.0062561,0.016632,-0.34164,2.7309,-0.030823,0
0.0054932,0.014038,-0.36377,2.2757,-0.029907,0
0.00015259,0.0080872,-0.37735,2.0482,-0.024414,0
-0.009613,0.0030518,-0.38773,2.0482,-0.023804,0
-0.015106,0.0048828,-0.37659,2.7309,-0.025635,0
-0.016479,0.0082397,-0.36484,2.5033,-0.026245,0
-0.015869,0.0065613,-0.39169,2.0482,-0.024109,0
-0.011597,0.0045776,-0.43289,1.8206,-0.020752,0
-0.0054932,0.0086975,-0.45486,2.0482,-0.019226,0
0,0.017395,-0.46158,1.8206,-0.021057,0
0.0032043,0.027771,-0.46906,2.7309,-0.025635,0
0.0039673,0.032501,-0.4924,2.2757,-0.028076,0
0.0050354,0.037689,-0.51743,2.2757,-0.031433,0
0.0071716,0.039062,-0.53619,1.8206,-0.035095,0
0.0071716,0.031586,-0.54749,1.8206,-0.038452,0
0.00076294,0.023346,-0.53391,2.2757,-0.042114,0
-0.012665,0.018005,-0.50278,1.3655,-0.046387,0
-0.021515,0.0068665,-0.49026,2.2757,-0.048828,0
-0.020447,-0.007782,-0.49454,2.7309,-0.05127,0
-0.016022,-0.01709,-0.49438,1.5931,-0.054626,0
-0.0093079,-0.015869,-0.48111,2.2757,-0.057373,0
-0.0038147,-0.012817,-0.46631,2.2757,-0.060425,0
-0.0019836,-0.011597,-0.46509,2.5033,-0.064697,0
-0.0032043,-0.012207,-0.4599,2.5033,-0.065613,0
-0.0050354,-0.0068665,-0.41565,2.2757,-0.063477,0
-0.0053406,-0.00015259,-0.34683,2.5033,-0.060425,0
-0.0027466,0.0012207,-0.27527,1.8206,-0.057678,0
-0.0010681,0.0027466,-0.20859,2.0482,-0.054932,0
-0.00091553,0.0065613,-0.13397,2.5033,-0.05249,0
0.0012207,0.0090027,-0.049286,2.5033,-0.048218,0
0.00045776,0.005188,0.037384,2.5033,-0.042725,0
-0.0018311,-0.0030518,0.12848,2.7309,-0.035095,0
-0.0035095,-0.0086975,0.23132,2.2757,-0.028076,0
-0.0048828,-0.0082397,0.33096,2.9584,-0.023804,0
-0.0061035,-0.0085449,0.42099,2.2757,-0.018616,0
-0.0071716,-0.0048828,0.50842,2.2757,-0.013733,0
-0.0091553,0.0032043,0.60593,2.2757,-0.0030518,0
-0.0088501,0.01709,0.69397,2.0482,0.0076294,0
-0.0028992,0.03067,0.75851,2.5033,0.017395,0
0.0038147,0.041504,0.82428,2.2757,0.02533,0
0.0080872,0.05127,0.89722,2.7309,0.030823,0
0.005188,0.059509,0.95673,2.7309,0.032349,0
-0.00045776,0.06485,0.98465,3.186,0.033264,0
-0.007019,0.068054,1.0091,2.9584,0.032654,0
-0.014496,0.068512,1.0376,2.7309,0.029602,0
-0.018311,0.062103,1.0498,2.7309,0.029907,0
-0.014954,0.05127,1.0513,2.5033,0.028992,0
-0.0068665,0.042267,1.0674,2.2757,0.026855,0
0.0019836,0.031281,1.0965,1.8206,0.023499,0
0.010376,0.021515,1.1298,1.8206,0.019531,0
0.015564,0.015259,1.1551,2.5033,0.018005,0
0.012512,0.014954,1.1867,2.2757,0.020142,0
0.0057983,0.014496,1.2196,2.2757,0.020142,0
0.0021362,0.0082397,1.2434,2.2757,0.01709,0
-0.0010681,-0.0018311,1.2445,2.5033,0.014343,0
-0.0067139,-0.004425,1.221,2.5033,0.014954,0
-0.0080872,-0.0064087,1.19,2.5033,0.020447,0
-0.0047302,-0.010223,1.1606,2.5033,0.027161,0
-0.00091553,-0.01236,1.1255,2.5033,0.033569,0
0.0016785,-0.011749,1.0767,2.7309,0.039673,0
0.00091553,-0.0097656,1.0208,2.5033,0.046387,0
0.00076294,-0.0071716,0.96436,2.5033,0.050354,0
0.00015259,-0.0019836,0.90134,2.5033,0.048523,0
-0.0022888,-0.0019836,0.83817,2.2757,0.046692,0
-0.0035095,-0.0085449,0.76279,2.5033,0.04425,0
-0.0048828,-0.017548,0.68008,2.0482,0.047302,0
-0.0028992,-0.024109,0.61188,2.2757,0.051575,0
0.0048828,-0.029144,0.56641,2.5033,0.058594,0
0.011597,-0.032349,0.52597,2.5033,0.064087,0
0.010071,-0.032043,0.47455,2.2757,0.067749,0
0.0041199,-0.032806,0.40894,2.2757,0.065613,0
0.0016785,-0.032349,0.32654,2.5033,0.057373,0
0.0024414,-0.032654,0.24765,2.0482,0.049438,0
0.0035095,-0.031586,0.18646,1.8206,0.042725,0
0.0050354,-0.029144,0.13794,2.5033,0.038147,0
0.0050354,-0.025787,0.09552,2.2757,0.039062,0
0.0032043,-0.025635,0.048065,2.9584,0.039368,0
0.0027466,-0.02594,-0.013123,2.7309,0.040588,0
0.0048828,-0.026093,-0.081482,3.186,0.039673,0
0.0036621,-0.024567,-0.13779,2.9584,0.039978,0
-0.00015259,-0.023956,-0.17944,3.186,0.037231,0
-0.0036621,-0.027771,-0.21301,1.8206,0.029907,0
-0.0053406,-0.0354,-0.23987,2.0482,0.019531,0
-0.0038147,-0.04364,-0.27145,2.2757,0.010376,0
-0.0012207,-0.056,-0.32501,2.2757,0.0024414,0
-0.0013733,-0.070038,-0.392,2.7309,-0.0021362,0
-0.0024414,-0.079498,-0.46127,2.0482,-0.005188,0
-0.0021362,-0.080872,-0.53314,2.7309,-0.0018311,0
-0.00091553,-0.080414,-0.59799,2.5033,0.005188,0
0.0010681,-0.080414,-0.64682,2.2757,0.011597,0
0.0033569,-0.080872,-0.67337,2.0482,0.01709,0
0.0048828,-0.084381,-0.68542,2.2757,0.017395,0
0.0059509,-0.083466,-0.6958,2.2757,0.014954,0
0.0076294,-0.083008,-0.69092,2.7309,0.0097656,0
0.0093079,-0.082245,-0.66605,2.0482,0.007019,0
0.010071,-0.07782,-0.6279,2.0482,0.0042725,0
0.0091553,-0.073547,-0.58762,2.7309,0.0054932,0
0.0082397,-0.06424,-0.55634,2.5033,0.007019,0
0.011139,-0.054321,-0.53986,2.0482,0.0064087,0
0.014191,-0.046082,-0.53741,2.5033,0.0048828,0
0.014343,-0.041504,-0.53802,1.5931,0.0024414,0
0.012817,-0.035858,-0.53696,1.8206,0.0018311,0
0.0082397,-0.031738,-0.52826,2.0482,0.0048828,0
0.0039673,-0.028076,-0.49469,1.8206,0.0048828,0
-0.00030518,-0.029602,-0.45258,1.8206,0.005188,0
-0.0015259,-0.03067,-0.4277,2.5033,0.0039673,0
0.0018311,-0.028076,-0.41687,1.8206,0.0061035,0
0.010834,-0.028687,-0.40466,2.7309,0.0082397,0
0.019989,-0.031433,-0.39795,1.8206,0.011902,0
0.024109,-0.029907,-0.39536,2.5033,0.012207,0
0.024567,-0.028839,-0.38971,2.7309,0.013123,0
0.020752,-0.027008,-0.38712,2.7309,0.016785,0
0.015564,-0.024719,-0.38849,2.2757,0.022583,0
0.007782,-0.025482,-0.38315,2.7309,0.02655,0
-0.00076294,-0.028534,-0.37384,2.9584,0.029602,0
-0.0054932,-0.034485,-0.36575,2.2757,0.035095,0
-0.0050354,-0.04364,-0.35645,2.5033,0.039062,0
-0.0027466,-0.047913,-0.35095,1.5931,0.04425,0
0,-0.047302,-0.33295,2.0482,0.045776,0
0.00045776,-0.0383,-0.30014,2.2757,0.048828,0
-0.002594,-0.032654,-0.26459,2.0482,0.053406,0
-0.007782,-0.029144,-0.23972,2.2757,0.062866,0
-0.010681,-0.023499,-0.22018,2.0482,0.075684,0
-0.0056458,-0.019379,-0.20706,2.2757,0.091248,0
0.0093079,-0.01358,-0.20004,2.9584,0.10864,0
0.02243,-0.0065613,-0.18768,2.9584,0.12482,0
0.023041,-0.0024414,-0.17349,2.7309,0.13885,0
0.017853,0.0015259,-0.15869,2.7309,0.14771,0
0.016327,0.00061035,-0.14542,1.8206,0.15015,0
0.017548,-0.0073242,-0.14572,2.7309,0.1474,0
0.015564,-0.015259,-0.15823,2.7309,0.14038,0
0.010986,-0.015259,-0.17258,2.7309,0.13458,0
0.0033569,-0.0016785,-0.17639,1.3655,0.12878,0
-0.0064087,0.0090027,-0.16418,2.5033,0.12604,0
-0.011292,0.010071,-0.15823,2.0482,0.12115,0
-0.01297,0.0028992,-0.1651,1.8206,0.11719,0
-0.010376,0.0018311,-0.17136,2.2757,0.11322,0
-0.0054932,0.0099182,-0.16693,2.0482,0.10895,0
-0.0012207,0.01358,-0.16663,1.1379,0.10712,0
0.00076294,0.0073242,-0.18021,2.2757,0.10345,0
-0.0024414,0.0012207,-0.19379,2.0482,0.098877,0
-0.0050354,0.0041199,-0.19089,1.8206,0.095825,0
-0.0012207,0.010071,-0.17365,2.5033,0.093384,0
0.0030518,0.01297,-0.14206,2.2757,0.090942,0
0.0056458,0.016785,-0.10681,2.0482,0.088806,0
0.0088501,0.022736,-0.079193,2.5033,0.088196,0
0.009613,0.023804,-0.057678,2.0482,0.087891,0
0.0054932,0.024719,-0.029449,2.7309,0.086365,0
0.00015259,0.023346,-0.010834,3.186,0.086365,0
-0.0015259,0.023041,-0.0028992,2.7309,0.088806,0
-0.0028992,0.025024,0.023041,2.2757,0.094299,0
-0.0062561,0.028687,0.057373,2.7309,0.098877,0
-0.0064087,0.032349,0.06012,2.5033,0.10132,0
-0.0015259,0.025787,0.049286,2.5033,0.10315,0
0.0027466,0.015564,0.050201,2.7309,0.10529,0
0.0054932,0.011597,0.050354,2.9584,0.10895,0
0.0088501,0.01358,0.043335,2.9584,0.10834,0
0.0080872,0.014801,0.031586,2.9584,0.1062,0
0.0016785,0.013733,0.028381,2.2757,0.10254,0
-0.0038147,0.011139,0.035553,2.7309,0.099487,0
-0.0061035,0.0076294,0.037994,2.7309,0.098877,0
-0.004425,0.0041199,0.021515,2.2757,0.097656,0
0.00061035,0.00045776,-0.0033569,2.2757,0.099182,0
0.0028992,0.005188,-0.010529,2.2757,0.10071,0
0.0018311,0.0088501,-0.0022888,1.8206,0.10223,0
0.00076294,0.0065613,0.0074768,2.7309,0.10345,0
0.0024414,-0.00061035,0.015869,2.2757,0.10254,0
0.0028992,-0.0047302,0.023804,2.2757,0.099487,0
0.0010681,-0.0028992,0.033112,2.9584,0.09552,0
-0.00091553,0.0010681,0.044098,1.8206,0.087891,0
-0.00076294,0.0021362,0.044403,2.2757,0.081482,0
-0.0013733,0.0038147,0.041656,2.7309,0.074463,0
-0.00076294,0.0036621,0.040588,2.5033,0.064697,0
0.0013733,0.005188,0.039825,2.5033,0.055237,0
0.0030518,0.010681,0.042572,2.0482,0.042725,0
0.0016785,0.015717,0.051727,1.1379,0.029602,0
-0.00076294,0.019684,0.059052,1.8206,0.015869,0
-0.00091553,0.021362,0.057373,1.5931,0.0039673,0
0.0016785,0.02243,0.045166,2.2757,-0.0039673,0
0.0048828,0.016632,0.043945,2.0482,-0.010986,0
0.0074768,0.018311,0.05249,1.8206,-0.017395,0
0.0054932,0.022736,0.056763,2.2757,-0.022888,0
0.0012207,0.020905,0.055237,1.8206,-0.027771,0
0.00045776,0.011902,0.055389,2.7309,-0.030212,0
0.0028992,0.0085449,0.053864,2.2757,-0.030823,0
0.0064087,0.015869,0.06424,2.5033,-0.030518,0
0.0093079,0.026245,0.080566,2.0482,-0.030212,0
0.0076294,0.034637,0.072937,2.2757,-0.028687,0
0.004425,0.036163,0.042114,2.0482,-0.029907,0
0.0010681,0.032806,0.01297,2.2757,-0.030823,0
-0.0018311,0.030365,-0.01236,2.5033,-0.031433,0
-0.0018311,0.02655,-0.027466,2.0482,-0.032654,0
-0.0016785,0.023651,-0.028687,2.2757,-0.032043,0
-0.0015259,0.021667,-0.037537,2.7309,-0.029297,0
0.00045776,0.028534,-0.037994,3.4135,-0.024719,0
0.00030518,0.033875,-0.02121,2.7309,-0.018616,0
-0.0061035,0.036621,-0.012512,2.5033,-0.011902,0
-0.013428,0.037994,-0.0073242,2.2757,-0.005188,0
-0.018158,0.042419,-0.0027466,2.2757,0,0
-0.018311,0.046082,-0.0036621,2.7309,0.0045776,0
-0.013275,0.048676,-0.011139,2.7309,0.0079346,0
-0.0065613,0.051727,-0.016632,2.7309,0.010986,0
-0.0027466,0.05661,-0.015106,2.5033,0.010986,0
-0.00045776,0.054779,-0.002594,2.5033,0.012207,0
0.0012207,0.043945,0.0036621,1.8206,0.013733,0
0.0038147,0.030212,-0.010681,2.2757,0.018311,0
0.0085449,0.016937,-0.036926,2.2757,0.027161,0
0.011902,0.0054932,-0.056,2.5033,0.039978,0
0.012207,0.0019836,-0.060577,2.0482,0.056458,0
0.0086975,0.0054932,-0.041809,2.0482,0.070496,0
0.0053406,0.0048828,-0.0027466,2.2757,0.082092,0
0.005188,-0.0048828,0.038147,2.7309,0.090027,0
0.0050354,-0.02121,0.056458,2.2757,0.093689,0
0.0053406,-0.030823,0.057983,1.8206,0.092163,0
0.0064087,-0.032654,0.058289,2.0482,0.089111,0
0.0065613,-0.027008,0.060425,2.2757,0.085449,0
0.0079346,-0.011139,0.055389,2.2757,0.080261,0
0.01236,-0.00045776,0.044403,1.8206,0.074768,0
0.014038,-0.0045776,0.040283,2.7309,0.071716,0
0.0079346,-0.011902,0.048981,2.0482,0.068359,0
-0.0021362,-0.019379,0.04425,2.5033,0.064392,0
-0.0076294,-0.028381,0.034637,1.8206,0.057068,0
-0.0065613,-0.027771,0.058136,2.2757,0.048523,0
-0.0035095,-0.0091553,0.10513,2.2757,0.040588,0
-0.0012207,0.0041199,0.13168,2.2757,0.030212,0
-0.0021362,-0.0024414,0.10559,2.5033,0.019226,0
-0.0038147,-0.014954,0.069275,1.8206,0.0085449,0
-0.0053406,-0.014954,0.07431,2.0482,-0.0018311,0
-0.011902,-0.011139,0.083313,2.0482,-0.010071,0
-0.0177,-0.0091553,0.074615,2.5033,-0.018616,0
-0.018311,0.0030518,0.080566,2.0482,-0.02533,0
-0.013885,0.018921,0.1004,2.7309,-0.031128,0
-0.0039673,0.016632,0.10529,1.8206,-0.036926,0
0.0061035,-0.0022888,0.093689,2.2757,-0.041809,0
0.014038,-0.015717,0.066071,2.2757,-0.04364,0
0.016327,-0.014801,0.028687,2.7309,-0.042114,0
0.011139,-0.0062561,0.0097656,2.7309,-0.039062,0
0.0024414,-0.0010681,0.012817,2.5033,-0.039062,0
-0.0048828,-0.00091553,0.018463,2.5033,-0.040588,0
-0.0091553,-0.0012207,0.022278,2.5033,-0.04364,0
-0.0086975,0.0033569,0.036163,2.2757,-0.042725,0
-0.0038147,0.0068665,0.055695,2.2757,-0.042114,0
-0.00030518,0.0071716,0.070038,2.0482,-0.038757,0
-0.0022888,-0.00061035,0.076752,1.5931,-0.032959,0
-0.0056458,-0.0073242,0.070343,2.7309,-0.027466,0
-0.0057983,-0.0019836,0.042572,2.2757,-0.021362,0
-0.0079346,0.0079346,0.01709,2.5033,-0.015259,0
-0.014954,0.011139,0.010376,2.2757,-0.011292,0
-0.024719,0.0064087,0.012207,2.5033,-0.0061035,0
-0.029907,0.0053406,0.0018311,2.2757,0.00091553,0
-0.02655,0.0038147,-0.01358,1.5931,0.0057983,0
-0.015411,0.0033569,-0.022278,1.3655,0.010986,0
-0.0036621,0.0041199,-0.0088501,1.8206,0.01709,0
-0.00030518,-0.00030518,0.007782,2.0482,0.022888,0
-0.0083923,-0.0094604,0.013733,1.5931,0.028992,0
-0.016937,-0.016632,0.016479,1.5931,0.0354,0
-0.016479,-0.020752,0.020905,2.2757,0.04425,0
-0.010986,-0.025787,0.0093079,2.2757,0.055847,0
-0.0065613,-0.022278,0.0021362,1.8206,0.069885,0
-0.0016785,-0.011749,0.020599,1.8206,0.08606,0
0.0091553,-0.0076294,0.039062,1.8206,0.10162,0
0.022278,-0.0061035,0.046082,1.8206,0.11475,0
0.032501,-0.0048828,0.057831,1.3655,0.12726,0
0.033569,-0.0038147,0.078888,2.5033,0.13885,0
0.028534,-0.00030518,0.092621,2.5033,0.15137,0
0.02533,0.0057983,0.093231,2.2757,0.16479,0
0.020447,0.0094604,0.10468,2.2757,0.17792,0
0.010986,0.011749,0.11261,1.8206,0.19165,0
0,0.0093079,0.094452,2.5033,0.20813,0
-0.007782,0.0067139,0.067291,2.7309,0.22522,0
-0.012054,0.0027466,0.037079,2.0482,0.24109,0
-0.0097656,-0.010681,0.0036621,2.0482,0.25482,0
-0.0019836,-0.025024,-0.022736,1.8206,0.27008,0
0.0061035,-0.027924,-0.041351,2.2757,0.2832,0
0.0079346,-0.021515,-0.034637,2.2757,0.29388,0
0.0033569,-0.011139,-0.0076294,2.9584,0.3006,0
-0.004425,-0.0068665,0.011444,2.7309,0.30304,0
-0.01236,-0.017548,0.022888,2.9584,0.30151,0
-0.0177,-0.040283,0.032349,2.2757,0.29816,0
-0.020599,-0.055084,0.037842,2.5033,0.29816,0
-0.016937,-0.05249,0.049896,2.0482,0.30182,0
-0.0062561,-0.039368,0.069427,2.5033,0.30823,0
0.0059509,-0.029907,0.072632,2.5033,0.31647,0
0.018005,-0.028839,0.042572,2.9584,0.32349,0
0.024414,-0.023499,0.0013733,2.2757,0.32715,0
0.023651,-0.015869,-0.030518,2.5033,0.32867,0
0.020752,-0.0068665,-0.050201,2.2757,0.32806,0
0.018311,0.0042725,-0.049286,2.7309,0.32227,0
0.016327,0.018616,-0.027618,2.0482,0.31403,0
0.014648,0.036011,-0.0019836,2.2757,0.30579,0
0.012207,0.051422,0.0032043,2.0482,0.29846,0
0.0057983,0.057678,-0.015411,2.2757,0.28961,0
-0.00061035,0.058899,-0.042419,2.2757,0.28076,0
-0.0038147,0.05249,-0.062714,2.5033,0.26672,0
-0.005188,0.046844,-0.081177,2.5033,0.25146,0
-0.0045776,0.046844,-0.091248,2.0482,0.23773,0
-0.005188,0.046082,-0.078125,2.7309,0.22278,0
-0.007782,0.039368,-0.055084,1.5931,0.20752,0
-0.0099182,0.035858,-0.045166,2.5033,0.19531,0
-0.0085449,0.034943,-0.042877,1.8206,0.1886,0
-0.0062561,0.033264,-0.041351,2.0482,0.18158,0
-0.0054932,0.020599,-0.032043,2.2757,0.17761,0
-0.0076294,0.014343,-0.023499,1.8206,0.17456,0
-0.011444,0.016022,-0.02655,1.8206,0.1767,0
-0.013275,0.017853,-0.025024,2.2757,0.17853,0
-0.0177,0.020599,-0.0071716,2.2757,0.17883,0
-0.023193,0.020599,-0.011444,2.0482,0.177,0
-0.024261,0.014801,-0.034485,1.8206,0.17303,0
-0.024872,0.010834,-0.027618,2.2757,0.16754,0
-0.02533,0.013428,0.0057983,2.5033,0.15808,0
-0.02533,0.018158,0.02182,2.2757,0.14496,0
-0.025177,0.019836,0.025787,2.9584,0.13062,0
-0.024872,0.020447,0.026398,2.5033,0.12146,0
-0.025177,0.020447,0.026245,2.0482,0.11627,0
-0.025024,0.020447,0.026245,1.5931,0.11139,0
-0.025177,0.020447,0.026398,2.2757,0.10345,0
-0.024719,0.020294,0.02655,2.0482,0.094299,0
-0.025177,0.020142,0.026245,2.2757,0.084839,0
-0.025177,0.020294,0.026093,2.7309,0.078735,0
-0.024872,0.020294,0.026245,2.7309,0.074463,0
-0.025024,0.020142,0.026093,2.5033,0.074158,0
-0.025024,0.020142,0.02655,2.2757,0.075989,0
-0.025482,0.020142,0.02655,1.8206,0.079346,0
-0.02533,0.020599,0.026245,2.0482,0.081177,0
-0.024872,0.020294,0.02655,2.2757,0.080261,0
-0.025024,0.020142,0.026398,2.2757,0.077209,0
-0.025177,0.020294,0.02655,2.7309,0.079651,0
-0.024872,0.019684,0.029144,2.0482,0.082092,0
-0.015869,0.013275,0.049438,2.5033,0.084229,0
-0.0018311,0.017395,0.054626,2.2757,0.083313,0
0.0027466,0.022736,0.039673,2.0482,0.079956,0
0.0068665,0.021667,0.030365,2.0482,0.076599,0
0.0085449,0.0094604,0.019226,2.0482,0.075684,0
0.010529,-0.00030518,0.012512,3.186,0.073547,0
0.015259,-0.0019836,0.022736,2.2757,0.069275,0
0.021515,0.00061035,0.036926,2.0482,0.064697,0
0.025482,-0.00076294,0.045624,2.2757,0.062561,0
0.023346,-0.0033569,0.052185,0.91037,0.064697,0
0.018616,-0.0050354,0.053253,1.1379,0.066833,0
0.018463,0.00091553,0.057068,2.0482,0.064697,0
0.023651,0.014801,0.075531,2.0482,0.057983,0
0.028229,0.025024,0.10406,1.8206,0.049133,0
0.028992,0.018158,0.11444,2.0482,0.039978,0
0.027466,0.0013733,0.093689,1.5931,0.031128,0
0.025024,-0.007019,0.074615,1.5931,0.027161,0
0.025024,-0.011139,0.067596,1.8206,0.029297,0
0.026245,-0.015564,0.059357,2.2757,0.035095,0
0.02655,-0.010834,0.051727,2.5033,0.04303,0
0.026245,0.002594,0.05722,2.7309,0.049438,0
0.024872,0.014648,0.067596,2.7309,0.055847,0
0.01709,0.014343,0.060883,2.7309,0.06012,0
0.0030518,0.0062561,0.041809,2.7309,0.06073,0
-0.010071,-0.004425,0.028534,2.2757,0.062561,0
-0.018921,-0.011292,0.021362,1.8206,0.065002,0
-0.021057,-0.011292,0.018463,2.2757,0.070801,0
-0.02243,-0.0047302,0.020599,2.2757,0.076904,0
-0.024261,0.0019836,0.024872,2.9584,0.083618,0
-0.024872,-0.00015259,0.031586,2.5033,0.088501,0
-0.02533,-0.0074768,0.039368,2.2757,0.090637,0
-0.022583,-0.0099182,0.03067,2.2757,0.08667,0
-0.016174,-0.0027466,0.014954,2.5033,0.07782,0
-0.007019,0.0068665,0.015259,2.2757,0.068054,0
0.00030518,0.013885,0.023651,2.2757,0.056152,0
-0.00030518,0.020447,0.011444,2.7309,0.046082,0
-0.0068665,0.02594,-0.026093,2.7309,0.039673,0
-0.012207,0.027008,-0.062256,2.7309,0.032349,0
-0.012207,0.02121,-0.075073,2.5033,0.027161,0
-0.0068665,0.016632,-0.067902,2.7309,0.02594,0
-0.00091553,0.01236,-0.037842,1.8206,0.026245,0
0.0054932,0.00045776,0.0013733,2.5033,0.029297,0
0.0099182,-0.014496,0.019226,2.2757,0.031738,0
0.007019,-0.023651,0.02655,2.2757,0.036926,0
-0.00030518,-0.027008,0.042572,2.0482,0.045776,0
-0.0091553,-0.032654,0.054932,2.0482,0.056152,0
-0.016327,-0.033264,0.054932,2.0482,0.063782,0
-0.022583,-0.026855,0.040283,1.8206,0.069885,0
-0.024109,-0.023041,0.010376,1.8206,0.076599,0
-0.017395,-0.023041,-0.0076294,2.0482,0.081787,0
-0.0059509,-0.025024,-0.011902,2.2757,0.088501,0
0.0074768,-0.027008,-0.0073242,2.5033,0.09613,0
0.012207,-0.021973,0.0012207,2.7309,0.10071,0
0.0054932,-0.020294,0.0022888,1.8206,0.10284,0
-0.00061035,-0.02533,-0.0028992,1.8206,0.099792,0
-0.00091553,-0.028839,-0.0091553,2.0482,0.093689,0
0.0024414,-0.033112,-0.019073,2.7309,0.085754,0
0.0054932,-0.033417,-0.021057,2.7309,0.07782,0
0.0048828,-0.027771,0.0032043,1.8206,0.068359,0
0.00045776,-0.014954,0.036621,1.8206,0.057678,0
-0.0053406,-0.007019,0.054932,1.3655,0.046082,0
-0.0090027,-0.0086975,0.056458,2.0482,0.037231,0
-0.0085449,-0.0050354,0.071106,2.9584,0.031738,0
-0.0022888,0.0018311,0.090637,2.0482,0.026245,0
0.0080872,0.007019,0.091553,2.0482,0.025024,0
0.014954,0.011139,0.073853,2.5033,0.02594,0
0.012512,0.00076294,0.061646,2.2757,0.024719,0
0.0062561,-0.011902,0.043335,2.7309,0.021973,0
-0.0021362,-0.022583,0.014038,2.2757,0.016785,0
-0.010376,-0.027313,-0.0032043,2.5033,0.0177,0
-0.017853,-0.02533,0.0028992,2.5033,0.023193,0
-0.019989,-0.019836,0.0099182,3.186,0.030823,0
-0.01709,-0.012665,0.019073,2.7309,0.033875,0
-0.01297,-0.012512,0.045471,2.2757,0.032654,0
-0.010223,-0.011597,0.07019,2.7309,0.031128,0
-0.0048828,-0.010529,0.063477,2.2757,0.029602,0
0.0028992,-0.014191,0.032043,1.1379,0.028076,0
0.0091553,-0.014496,0.00061035,1.3655,0.025024,0
0.0097656,-0.0036621,-0.0045776,2.2757,0.024719,0
0.0062561,0.01297,0.016327,2.5033,0.02533,0
0.0041199,0.022125,0.032959,2.5033,0.027466,0
0.0067139,0.025177,0.036011,2.9584,0.028687,0
0.010223,0.02533,0.032043,2.5033,0.032043,0
0.014801,0.023804,0.032349,2.5033,0.036011,0
0.021057,0.020905,0.042572,2.5033,0.031738,0
0.024567,0.0177,0.047913,2.0482,0.015564,0
0.021515,0.018463,0.031281,1.8206,-0.007019,0
0.02243,0.012207,0.0062561,2.0482,-0.023499,0
0.024567,-0.0016785,0.00091553,2.2757,-0.033875,0
0.023041,-0.019226,0.0039673,2.7309,-0.044556,0
0.023346,-0.028992,-0.0035095,2.5033,-0.056458,0
0.024719,-0.02243,-0.027008,2.0482,-0.068359,0
0.022125,-0.014191,-0.051727,2.5033,-0.073853,0
0.017395,-0.016479,-0.073395,1.8206,-0.074158,0
0.012665,-0.020447,-0.087891,1.8206,-0.069275,0
0.0056458,-0.013275,-0.093231,1.8206,-0.066223,0
0.0018311,-0.0073242,-0.08667,1.8206,-0.065002,0
0.002594,-0.011444,-0.07019,1.8206,-0.067139,0
0.002594,-0.016327,-0.053253,2.7309,-0.074463,0
-0.0028992,-0.016479,-0.03952,2.2757,-0.078125,0
-0.010681,-0.011902,-0.03418,1.5931,-0.079346,0
-0.016632,-0.012817,-0.050049,2.2757,-0.074463,0
-0.019531,-0.013275,-0.07431,2.2757,-0.066223,0
-0.023193,-0.010223,-0.086975,2.2757,-0.060425,0
-0.028076,-0.0038147,-0.087738,2.5033,-0.059204,0
-0.028229,0.0056458,-0.077667,2.5033,-0.06134,0
-0.020447,0.021667,-0.059662,2.7309,-0.064087,0
-0.0056458,0.035095,-0.049438,2.2757,-0.067444,0
0.0090027,0.042419,-0.038757,2.5033,-0.074463,0
0.01358,0.041962,-0.030212,2.7309,-0.083618,0
0.0094604,0.037384,-0.033417,2.0482,-0.093994,0
0.0027466,0.030823,-0.042419,2.7309,-0.10468,0
-0.0036621,0.027313,-0.047455,2.2757,-0.1178,0
-0.007782,0.018616,-0.033722,2.7309,-0.12817,0
-0.009613,0.010529,0.00091553,2.2757,-0.12817,0
-0.010376,0.013733,0.031738,2.7309,-0.12482,0
-0.010376,0.02243,0.031281,1.8206,-0.12054,0
-0.0080872,0.018616,0.015411,2.5033,-0.11719,0
-0.0027466,0.0030518,-0.0064087,2.5033,-0.11414,0
-0.00076294,-0.0083923,-0.025635,2.5033,-0.11475,0
-0.0048828,-0.016022,-0.018921,2.5033,-0.1236,0
-0.0097656,-0.020142,0.010834,2.0482,-0.13855,0
-0.0097656,-0.022583,0.024872,1.8206,-0.15137,0
-0.0068665,-0.020294,0.018158,2.5033,-0.159,0
-0.0022888,-0.016174,0.0038147,1.8206,-0.159,0
-0.0022888,-0.0073242,-0.0073242,1.5931,-0.15656,0
-0.0062561,0.0053406,-0.010681,1.8206,-0.15533,0
-0.0053406,0.014343,-0.013275,2.2757,-0.15289,0
-0.0018311,0.015564,-0.010071,1.3655,-0.15015,0
-0.0039673,0.014191,-0.0080872,2.2757,-0.14923,0
-0.0093079,0.01358,-0.014038,2.0482,-0.15259,0
-0.009613,0.018616,-0.018616,1.8206,-0.15259,0
-0.0068665,0.026703,-0.011292,2.0482,-0.14954,0
-0.0057983,0.027618,0.0010681,2.5033,-0.14771,0
-0.0045776,0.024719,0.012817,2.0482,-0.14587,0
-0.0019836,0.020905,0.023499,2.2757,-0.14832,0
0.0027466,0.014496,0.027771,1.8206,-0.15015,0
0.0057983,0.0064087,0.017242,2.0482,-0.15045,0
0.0073242,-0.0018311,0.004425,1.8206,-0.14832,0
0.012512,-0.0091553,-0.009613,2.2757,-0.14465,0
0.021362,-0.015869,-0.032349,2.9584,-0.13977,0
0.028076,-0.01709,-0.042114,2.7309,-0.13641,0
0.028992,-0.016327,-0.033722,2.5033,-0.13245,0
0.023956,-0.014496,-0.022888,3.186,-0.13092,0
0.014801,-0.010529,-0.0071716,2.7309,-0.12695,0
0.0038147,-0.0059509,0.014496,2.7309,-0.12115,0
-0.0030518,-0.0047302,0.022736,2.0482,-0.11444,0
-0.007019,-0.0057983,0.019073,2.0482,-0.11292,0
-0.0068665,-0.007782,0.022888,2.0482,-0.11322,0
-0.0027466,-0.0054932,0.034332,2.0482,-0.11536,0
0.00076294,-0.0045776,0.03952,2.7309,-0.11353,0
0.0018311,-0.004425,0.041046,2.5033,-0.10986,0
0.0019836,-0.0041199,0.039368,2.7309,-0.099487,0
-0.0042725,-0.002594,0.023346,2.9584,-0.085754,0
-0.016632,-0.0019836,0.011902,2.5033,-0.070496,0
-0.024261,-0.0013733,-0.0024414,2.7309,-0.059814,0
-0.023804,0.00015259,-0.0065613,2.9584,-0.052795,0
-0.019836,0.0027466,0.007782,1.5931,-0.046997,0
-0.016327,0.007782,0.015717,2.0482,-0.042419,0
-0.013885,0.0059509,0.0083923,2.2757,-0.038452,0
-0.011139,-0.0022888,0.0062561,2.0482,-0.037231,0
-0.010376,-0.0071716,0.015717,2.2757,-0.039062,0
-0.011444,-0.0071716,0.023956,2.2757,-0.042725,0
-0.013275,-0.0053406,0.032349,2.2757,-0.046997,0
-0.013275,-0.0080872,0.036316,2.5033,-0.052185,0
-0.0080872,-0.011902,0.032043,2.2757,-0.056458,0
0.00061035,-0.014801,0.030365,1.8206,-0.056763,0
0.0085449,-0.010529,0.029602,2.0482,-0.051575,0
0.013123,-0.0024414,0.019684,1.8206,-0.042725,0
0.014496,0.004425,0.0018311,2.0482,-0.037842,0
0.016785,0.002594,-0.0057983,2.2757,-0.0354,0
0.016174,0.00015259,-0.0076294,2.2757,-0.03418,0
0.011444,-0.0085449,-0.017395,2.5033,-0.030823,0
0.0079346,-0.019073,-0.027313,2.2757,-0.02594,0
0.0082397,-0.024414,-0.028992,2.0482,-0.021973,0
0.01236,-0.024719,-0.025024,2.2757,-0.020142,0
0.014954,-0.025024,-0.0083923,2.0482,-0.025635,0
0.014191,-0.030518,0.007019,1.8206,-0.032959,0
0.013123,-0.036316,0.012207,2.0482,-0.036316,0
0.011139,-0.036163,0.00091553,2.7309,-0.036926,0
0.0090027,-0.030212,-0.010529,2.5033,-0.033569,0
0.0067139,-0.016479,0.0085449,2.2757,-0.028076,0
0.0041199,-0.0022888,0.047455,2.5033,-0.021362,0
0.0027466,0.0085449,0.090332,2.2757,-0.014343,0
0.0028992,0.0090027,0.12131,2.2757,-0.011292,0
0.0035095,0.0085449,0.13107,2.5033,-0.014038,0
0.0045776,0.010223,0.11627,2.2757,-0.021973,0
0.0042725,0.015869,0.086365,2.0482,-0.036926,0
0.0028992,0.024109,0.059662,2.2757,-0.049133,0
-0.0033569,0.027924,0.031128,2.2757,-0.061035,0
-0.016479,0.020294,0.0073242,2.7309,-0.071411,0
-0.029602,0.002594,-0.0039673,2.7309,-0.079041,0
-0.035248,-0.012512,-0.019989,2.2757,-0.083008,0
-0.0354,-0.015869,-0.04364,2.2757,-0.085449,0
-0.027924,-0.014801,-0.046844,2.7309,-0.088196,0
-0.0061035,-0.012665,-0.041199,2.2757,-0.092468,0
0.018158,-0.016174,-0.048065,2.7309,-0.10101,0
0.032043,-0.027161,-0.070343,2.5033,-0.10712,0
0.036011,-0.027313,-0.086517,2.0482,-0.112,0
0.031281,-0.010986,-0.09079,2.5033,-0.11749,0
0.023193,0.0086975,-0.089417,2.0482,-0.12329,0
0.016022,0.013123,-0.096283,2.0482,-0.12848,0
0.016632,0.013733,-0.10956,1.8206,-0.13153,0
0.019684,0.015869,-0.12115,1.5931,-0.13153,0
0.017853,0.017242,-0.12985,2.0482,-0.13123,0
0.018311,0.017395,-0.13336,1.3655,-0.13336,0
0.022888,0.012512,-0.13092,1.8206,-0.13672,0
0.023651,0.0073242,-0.12131,1.3655,-0.14191,0
0.018616,0.0027466,-0.11597,1.8206,-0.14465,0
0.014038,0.0028992,-0.11505,2.5033,-0.14404,0
0.010376,0.0041199,-0.11124,1.8206,-0.1413,0
0.007019,-0.0012207,-0.097504,1.8206,-0.13824,0
0.00061035,-0.0064087,-0.079346,1.5931,-0.13184,0
-0.0038147,-0.0047302,-0.062561,1.8206,-0.12329,0
-0.004425,-0.0012207,-0.050049,1.8206,-0.11536,0
-0.0033569,-0.0030518,-0.042114,2.5033,-0.11353,0
-0.0022888,-0.0048828,-0.033569,1.8206,-0.11566,0
-0.002594,-0.0028992,-0.016022,1.8206,-0.11841,0
-0.0035095,-0.00030518,-0.0015259,1.8206,-0.11841,0
-0.0056458,0.0024414,-0.0056458,1.8206,-0.11658,0
-0.010529,0.0042725,-0.019226,2.0482,-0.11139,0
-0.011749,0.0016785,-0.032043,2.2757,-0.10559,0
-0.0083923,-0.0038147,-0.044403,2.2757,-0.10071,0
-0.0061035,-0.0061035,-0.048676,1.8206,-0.098877,0
-0.0056458,-0.0064087,-0.049744,2.9584,-0.098877,0
-0.0065613,-0.0064087,-0.050201,2.7309,-0.099487,0
-0.0074768,-0.0062561,-0.050812,2.0482,-0.095825,0
-0.0073242,-0.0059509,-0.036469,2.5033,-0.089111,0
-0.0064087,-0.0035095,-0.016327,2.2757,-0.084839,0
-0.0038147,-0.0028992,-0.0085449,2.5033,-0.080872,0
-0.0021362,-0.0079346,-0.0097656,2.5033,-0.07782,0
-0.00030518,-0.0085449,0.0028992,2.9584,-0.073242,0
0.0016785,-0.0041199,0.019531,2.2757,-0.067444,0
0.002594,-0.00030518,0.020752,2.7309,-0.06134,0
0.004425,0.00030518,0.011292,2.0482,-0.056458,0
0.007019,0.0012207,0.010071,2.7309,-0.055237,0
0.0082397,0.004425,0.018158,2.5033,-0.057068,0
0.0057983,0.0091553,0.031281,2.0482,-0.058594,0
0.0028992,0.011292,0.050812,2.7309,-0.057678,0
0.0019836,0.0090027,0.072479,2.0482,-0.053711,0
0.0027466,0.0028992,0.083618,2.2757,-0.050049,0
0.0032043,-0.0039673,0.072479,2.5033,-0.04364,0
0.00091553,-0.010834,0.051727,2.5033,-0.037537,0
-0.0012207,-0.011444,0.037537,2.0482,-0.032959,0
-0.00015259,-0.0062561,0.034637,2.7309,-0.028381,0
0.0013733,0.00030518,0.040588,2.7309,-0.029907,0
0.0016785,0.0022888,0.049744,2.2757,-0.032654,0
0.00061035,0.00030518,0.060272,2.2757,-0.033875,0
-0.004425,0.0016785,0.066681,2.5033,-0.028992,0
-0.0064087,0.0010681,0.072327,2.0482,-0.018005,0
-0.0015259,0.00091553,0.076294,2.0482,-0.0048828,0
0.0036621,0.0024414,0.075989,2.5033,0.010071,0
0.0076294,0.0041199,0.074005,2.0482,0.025024,0
0.010071,0.0024414,0.061646,2.7309,0.039978,0
0.0073242,0.0022888,0.045319,2.2757,0.054626,0
0.0027466,0.0010681,0.034637,1.8206,0.067444,0
-0.00030518,-0.0022888,0.032501,2.2757,0.075378,0
-0.0022888,-0.00045776,0.040741,1.8206,0.076599,0
-0.0035095,0.00015259,0.058594,2.0482,0.072327,0
-0.0061035,-0.0027466,0.079193,2.5033,0.072327,0
-0.0073242,-0.0035095,0.096741,2.5033,0.075073,0
-0.0086975,-0.00076294,0.089722,2.5033,0.083618,0
-0.010681,0.0018311,0.06424,2.7309,0.090637,0
-0.009613,0.0013733,0.050812,2.7309,0.09552,0
-0.005188,0.004425,0.059052,2.9584,0.098877,0
-0.0032043,0.010529,0.074921,2.2757,0.10071,0
-0.0053406,0.014191,0.073242,2.2757,0.10101,0
-0.0065613,0.013885,0.057068,3.4135,0.10162,0
-0.0065613,0.012817,0.044556,2.7309,0.10193,0
-0.0080872,0.009613,0.04364,2.9584,0.1004,0
-0.0088501,0.0059509,0.051575,2.7309,0.095215,0
-0.0097656,-0.0015259,0.058594,2.9584,0.088501,0
-0.010071,-0.009613,0.053711,2.7309,0.083618,0
-0.0065613,-0.0094604,0.045929,2.0482,0.082703,0
-0.00045776,-0.0028992,0.047455,2.2757,0.083313,0
0.0041199,0.00045776,0.05188,2.2757,0.083923,0
0.0061035,0.0019836,0.04837,2.5033,0.080261,0
0.0057983,-0.00045776,0.045624,2.2757,0.072021,0
0.0056458,-0.0024414,0.047455,2.7309,0.06134,0
0.0073242,-0.00045776,0.054321,2.2757,0.053101,0
0.0090027,0.0035095,0.058441,2.5033,0.048828,0
0.0071716,0.0030518,0.053406,2.2757,0.046082,0
0.0024414,-0.0019836,0.034637,2.5033,0.042114,0
-0.00061035,-0.005188,0.01236,1.8206,0.030823,0
-0.0048828,-0.004425,0.00045776,1.8206,0.021973,0
-0.012054,-0.0010681,0.0061035,1.8206,0.020752,0
-0.02121,0.0016785,0.02243,2.2757,0.023804,0
-0.031738,0.0013733,0.042572,2.5033,0.02594,0
-0.040283,0.002594,0.050201,1.3655,0.030212,0
-0.043182,0.0059509,0.042877,2.0482,0.035095,0
-0.035553,0.0039673,0.034485,1.5931,0.043335,0
-0.016785,-0.0021362,0.027771,2.0482,0.057983,0
0.00091553,-0.010071,0.029907,1.5931,0.080261,0
0.0062561,-0.014648,0.041962,1.5931,0.10162,0
0.005188,-0.014343,0.041199,2.2757,0.11871,0
0.0036621,-0.014343,0.033417,2.0482,0.13245,0
0.0067139,-0.016022,0.029907,2.0482,0.14069,0
0.020752,-0.020905,0.036163,2.0482,0.14557,0
0.037231,-0.023499,0.041199,2.7309,0.14832,0
0.042114,-0.027161,0.04303,2.0482,0.14893,0
0.034485,-0.03006,0.040894,2.5033,0.14496,0
0.024414,-0.03006,0.044708,2.5033,0.13672,0
0.017395,-0.022583,0.052338,2.0482,0.12756,0
0.010376,-0.015869,0.047455,1.8206,0.11871,0
0,-0.011444,0.031738,2.0482,0.11139,0
-0.007782,-0.011749,0.017548,2.5033,0.10681,0
-0.011902,-0.011444,0.018005,2.7309,0.10284,0
-0.01297,-0.0082397,0.027161,1.8206,0.10162,0
-0.0076294,-0.0090027,0.036316,2.9584,0.098877,0
0.00015259,-0.0036621,0.048523,2.7309,0.09552,0
0.0045776,0.0061035,0.049744,2.2757,0.091858,0
0.004425,0.011292,0.028687,3.186,0.086975,0
0.0074768,0.009613,0.00061035,2.5033,0.080566,0
0.014648,0.0088501,-0.014038,3.186,0.072021,0
0.019073,0.013428,-0.014954,2.0482,0.059814,0
0.015717,0.019684,-0.01709,2.2757,0.046082,0
0.0097656,0.024567,-0.021667,2.2757,0.03479,0
0.0048828,0.028687,-0.027618,2.9584,0.024719,0
0.0018311,0.032806,-0.037079,2.5033,0.016479,0
-0.00045776,0.029602,-0.038757,2.9584,0.011902,0
-0.0032043,0.025787,-0.033417,2.5033,0.0091553,0
-0.0079346,0.030212,-0.029907,1.8206,0.0091553,0
-0.015564,0.035095,-0.032654,1.8206,0.011292,0
-0.020599,0.03479,-0.0354,2.0482,0.012207,0
-0.020752,0.028381,-0.033264,1.8206,0.013123,0
-0.017242,0.021973,-0.026703,2.0482,0.012207,0
-0.012207,0.019684,-0.024719,2.2757,0.012207,0
-0.0033569,0.01236,-0.029755,1.8206,0.012207,0
0.0074768,-0.00091553,-0.037537,2.2757,0.013733,0
0.011292,-0.010071,-0.035706,1.3655,0.015259,0
0.0068665,-0.0083923,-0.016937,2.2757,0.019226,0
-0.0016785,-0.0048828,0.0032043,2.0482,0.019836,0
-0.010986,-0.0028992,0.016632,2.0482,0.020447,0
-0.02182,-0.0036621,0.024261,1.3655,0.022278,0
-0.032349,-0.0076294,0.019531,1.5931,0.02533,0
-0.03418,-0.014648,0.011444,1.5931,0.028076,0
-0.025482,-0.014496,0.020905,1.8206,0.028687,0
-0.011444,-0.011292,0.035706,2.2757,0.027771,0
0.0061035,-0.010681,0.040283,1.8206,0.025024,0
0.018463,-0.0091553,0.036774,1.8206,0.022278,0
0.021057,-0.0057983,0.036621,2.9584,0.021973,0
0.016174,-0.00076294,0.036926,2.0482,0.022278,0
0.010529,0.002594,0.03067,2.2757,0.023804,0
0.0035095,0.0097656,0.027161,2.5033,0.028076,0
0.0015259,0.013275,0.034943,2.5033,0.031433,0
0.0083923,0.0097656,0.047455,2.0482,0.037537,0
0.020294,0.005188,0.058289,2.2757,0.042419,0
0.024414,0.0035095,0.062408,2.2757,0.045776,0
0.021362,0.0032043,0.062866,2.2757,0.046997,0
0.0177,0.0030518,0.063171,2.5033,0.049438,0
0.014496,0.0027466,0.062714,2.2757,0.052795,0
0.0041199,0.0033569,0.063324,2.9584,0.057678,0
-0.0088501,0.0028992,0.063171,2.7309,0.062866,0
-0.010223,0.0030518,0.063019,2.0482,0.068665,0
-0.00061035,0.0028992,0.063019,2.2757,0.072021,0
0.0093079,0.0030518,0.063324,2.0482,0.072327,0
0.016479,0.002594,0.057983,1.8206,0.074463,0
0.02121,0.0015259,0.023346,2.0482,0.077515,0
0.02182,0.0012207,0.0041199,1.1379,0.079651,0
0.016632,0.002594,0.0036621,1.5931,0.082397,0
0.0074768,0.004425,0.013885,2.0482,0.086975,0
-0.0016785,0.0056458,0.025482,1.5931,0.090332,0
-0.0065613,0.0071716,0.039825,2.2757,0.095215,0
-0.007019,0.0053406,0.050812,2.5033,0.098267,0
-0.0068665,-0.00045776,0.05722,2.2757,0.10254,0
-0.007782,-0.0018311,0.06485,2.0482,0.1062,0
-0.0079346,-0.00061035,0.072632,2.0482,0.10895,0
-0.0094604,-0.0041199,0.069733,1.8206,0.10956,0
-0.011749,-0.0074768,0.060425,1.5931,0.11078,0
-0.0093079,-0.0067139,0.055389,2.5033,0.11261,0
-0.0039673,-0.0022888,0.057678,1.8206,0.11261,0
0.00091553,-0.00091553,0.063477,2.5033,0.11444,0
0.0045776,0.00045776,0.060425,2.5033,0.11383,0
0.0028992,0.0021362,0.043945,2.5033,0.1123,0
0.00061035,0.0016785,0.028534,2.2757,0.11017,0
-0.0057983,0.0013733,0.022736,2.2757,0.10986,0
-0.018311,0.0024414,0.032654,2.0482,0.11139,0
-0.026093,0.0057983,0.053253,2.5033,0.11353,0
-0.020752,0.0022888,0.069427,2.0482,0.11658,0
-0.0064087,-0.004425,0.068207,2.0482,0.11932,0
0.004425,-0.010681,0.05127,2.2757,0.12024,0
0.0073242,-0.011139,0.034027,2.9584,0.12024,0
0.0061035,-0.0085449,0.022736,2.7309,0.12024,0
0.0056458,-0.0080872,0.014343,2.5033,0.12146,0
0.0032043,-0.0033569,0.0068665,3.4135,0.12604,0
0.00045776,0.0018311,0.011444,2.2757,0.13367,0
-0.0018311,0.0076294,0.020752,2.7309,0.14191,0
-0.0076294,0.011902,0.032043,2.5033,0.14862,0
-0.01236,0.012512,0.033264,2.0482,0.15076,0
-0.009613,0.0097656,0.023651,2.9584,0.14832,0
-0.0010681,0.0086975,0.02533,2.5033,0.14618,0
0.0088501,0.011444,0.033722,2.2757,0.14984,0
0.012512,0.012207,0.050964,1.8206,0.15717,0
0.0079346,0.0065613,0.069122,2.5033,0.16724,0
0.0038147,-0.0045776,0.075378,2.0482,0.17853,0
0.0028992,-0.015869,0.072632,2.7309,0.18555,0
0.0038147,-0.0177,0.068207,2.7309,0.18921,0
0.0054932,-0.007019,0.068512,2.5033,0.19135,0
0.0062561,0.00045776,0.062561,2.5033,0.1947,0
0.0093079,0.0028992,0.049744,1.8206,0.2005,0
0.013428,0.0035095,0.037842,1.5931,0.2063,0
0.013428,0.004425,0.023804,1.5931,0.20905,0
0.0086975,0.0018311,0.0094604,1.8206,0.20905,0
0.0048828,-0.0027466,-0.0083923,2.5033,0.2066,0
0.0030518,-0.0067139,-0.024414,1.3655,0.20203,0
0.0028992,-0.007019,-0.030212,1.8206,0.19562,0
0.0036621,-0.0083923,-0.02594,2.7309,0.19165,0
0.0057983,-0.0090027,-0.023804,1.8206,0.18982,0
0.005188,-0.0090027,-0.022736,2.0482,0.19043,0
0,-0.0086975,-0.021973,2.5033,0.18799,0
-0.0091553,-0.0071716,-0.016327,2.0482,0.18341,0
-0.014648,-0.0033569,-0.0033569,2.0482,0.177,0
-0.010681,-0.0022888,0.012817,1.5931,0.16907,0
0,-0.0035095,0.026398,1.8206,0.16174,0
0.012512,-0.0073242,0.029449,1.5931,0.15411,0
0.023651,-0.0086975,0.033722,2.7309,0.14709,0
0.022125,-0.0082397,0.03479,1.8206,0.14069,0
0.0093079,-0.0039673,0.026245,2.0482,0.13428,0
-0.0032043,-0.0012207,0.0090027,2.0482,0.12634,0
-0.0071716,-0.0061035,-0.0097656,2.5033,0.11871,0
-0.0062561,-0.010223,-0.023499,2.2757,0.10986,0
-0.0057983,-0.012207,-0.027008,2.9584,0.10162,0
-0.0053406,-0.0083923,-0.01358,2.0482,0.09552,0
-0.0059509,-0.0035095,0.0065613,2.0482,0.093689,0
-0.0088501,-0.0021362,0.015869,1.8206,0.091858,0
-0.011749,-0.0036621,0.0071716,2.2757,0.091553,0
-0.009613,-0.0073242,-0.0067139,2.5033,0.091248,0
-0.00061035,-0.011139,-0.0035095,2.7309,0.090942,0
0.0065613,-0.018463,0.0028992,2.5033,0.087585,0
0.0064087,-0.010986,0.0033569,2.2757,0.089417,0
0.0032043,0.010529,0.0071716,2.9584,0.090942,0
0.0012207,0.023499,0.024109,2.9584,0.091858,0
-0.00061035,0.011444,0.033264,3.186,0.093384,0
-0.0024414,-0.0065613,0.027313,2.5033,0.09491,0
-0.0013733,-0.0065613,0.014801,2.0482,0.095825,0
0.0032043,0.010223,0.013275,2.0482,0.09491,0
0.007782,0.023041,0.002594,2.7309,0.091858,0
0.0073242,0.015564,-0.025635,1.8206,0.085144,0
0.004425,0.0015259,-0.039062,2.2757,0.079956,0
0.0018311,-0.0059509,-0.039368,2.2757,0.075378,0
0,-0.01297,-0.050507,2.5033,0.071106,0
-0.0036621,-0.014801,-0.071106,2.0482,0.069275,0
-0.010834,-0.0039673,-0.081482,2.5033,0.066833,0
-0.018616,0.0073242,-0.090332,2.2757,0.062256,0
-0.024109,0.0050354,-0.097046,2.7309,0.057678,0
-0.022888,-0.0018311,-0.094757,1.8206,0.054016,0
-0.014191,-0.010376,-0.095673,1.1379,0.05127,0
-0.0083923,-0.012207,-0.098877,1.3655,0.047913,0
-0.0079346,-0.0039673,-0.098114,2.0482,0.045471,0
-0.0048828,0.00076294,-0.092316,2.2757,0.04303,0
0.0030518,-0.00045776,-0.084229,2.2757,0.040894,0
0.01709,-0.0053406,-0.075378,2.2757,0.037842,0
0.031891,-0.011444,-0.070953,2.2757,0.03479,0
0.041046,-0.013428,-0.077667,2.2757,0.031128,0
0.038147,-0.013885,-0.076752,1.8206,0.026855,0
0.02243,-0.011902,-0.065765,2.0482,0.023804,0
0.0041199,-0.010986,-0.062256,2.2757,0.019836,0
-0.012054,-0.0085449,-0.071259,2.2757,0.016785,0
-0.020142,-0.0068665,-0.076447,1.8206,0.014954,0
-0.021515,-0.0059509,-0.061951,2.2757,0.013733,0
-0.016785,-0.00045776,-0.044556,1.5931,0.013733,0
-0.0038147,-0.00076294,-0.039368,2.2757,0.014038,0
0.0074768,-0.0028992,-0.03479,2.2757,0.014954,0
0.0090027,0.00061035,-0.023804,2.5033,0.018616,0
0.0016785,0.0027466,-0.016327,1.8206,0.021057,0
-0.0067139,0.0010681,-0.016327,2.9584,0.025024,0
-0.007019,-0.00061035,-0.026245,2.5033,0.031128,0
0.0054932,0.00015259,-0.043945,2.5033,0.036316,0
0.019073,-0.00030518,-0.06012,2.9584,0.042419,0
0.024109,-0.0053406,-0.066681,2.7309,0.048828,0
0.023651,-0.0047302,-0.064545,2.5033,0.054626,0
0.022278,-0.00091553,-0.058136,1.8206,0.057373,0
0.017853,0.002594,-0.05249,2.2757,0.063477,0
0.0082397,0.0030518,-0.050507,2.5033,0.067444,0
-0.00091553,0.0047302,-0.041504,2.7309,0.073547,0
-0.007019,0.0039673,-0.020752,2.0482,0.078125,0
-0.0083923,0.00030518,-0.015259,2.7309,0.080566,0
0,0.00076294,-0.022888,2.9584,0.082703,0
0.016632,0.0024414,-0.021362,2.7309,0.084839,0
0.027924,0.0053406,-0.014648,2.2757,0.086365,0
0.02533,0.0085449,-0.013275,1.5931,0.088501,0
0.015106,0.0082397,-0.014648,1.3655,0.089417,0
0.0068665,0.0036621,-0.015259,2.0482,0.087891,0
0.004425,0.0030518,-0.016022,2.5033,0.087585,0
0.0038147,0.0064087,-0.020752,2.2757,0.085144,0
0.0048828,0.0057983,-0.028992,2.5033,0.081787,0
0.0062561,0.002594,-0.035706,2.0482,0.077209,0
0.0038147,0.0033569,-0.035553,1.8206,0.073547,0
0.0019836,0.007782,-0.030212,1.8206,0.070496,0
-0.0013733,0.010071,-0.025177,2.0482,0.066223,0
-0.0059509,0.0085449,-0.026093,2.2757,0.064392,0
-0.010071,0.0059509,-0.035095,2.5033,0.06012,0
-0.010529,0.00076294,-0.041351,1.5931,0.059204,0
-0.0080872,0.00030518,-0.030518,1.8206,0.056763,0
-0.0062561,0.0024414,-0.0018311,1.8206,0.055237,0
-0.0057983,0.0041199,0.022736,1.8206,0.054626,0
0.00091553,0.0039673,0.032349,2.0482,0.053711,0
0.012665,0.0038147,0.029297,2.5033,0.053406,0
0.019684,0.0045776,0.024109,2.5033,0.054016,0
0.015717,0.0067139,0.022888,2.5033,0.054321,0
0.0067139,0.0059509,0.018463,2.2757,0.055847,0
0,0.0039673,0.014648,2.2757,0.057068,0
-0.0067139,0.0036621,0.016327,1.8206,0.059814,0
-0.013885,0.0065613,0.026093,2.2757,0.062866,0
-0.0177,0.0090027,0.028992,1.8206,0.066833,0
-0.016327,0.0067139,0.020599,2.2757,0.071106,0
-0.015411,0.0022888,0.0093079,3.186,0.07782,0
-0.016479,-0.00045776,0.011902,2.5033,0.083923,0
-0.013733,0.0016785,0.019836,3.186,0.091858,0
-0.011444,0.0018311,0.021515,2.7309,0.10162,0
-0.0091553,-0.0019836,0.012054,2.7309,0.11139,0
-0.0038147,-0.0067139,0.00076294,2.2757,0.11993,0
0.0019836,-0.0079346,-0.0088501,2.7309,0.12909,0
0.0068665,-0.0042725,-0.011749,2.2757,0.13519,0
0.011444,-0.0041199,-0.010834,2.9584,0.13885,0
0.011292,-0.005188,-0.0091553,2.5033,0.14038,0
0.0062561,-0.0061035,-0.010681,2.5033,0.14038,0
0.002594,-0.0033569,-0.020599,2.5033,0.13763,0
-0.0013733,-0.0032043,-0.028992,2.0482,0.13428,0
-0.0059509,-0.0033569,-0.024261,2.2757,0.12817,0
-0.0094604,-0.0016785,-0.021667,2.2757,0.12177,0
-0.013275,0.0013733,-0.023041,2.9584,0.11444,0
-0.021667,0.0045776,-0.021057,2.7309,0.10834,0
-0.027161,0.0056458,-0.015869,2.0482,0.10193,0
-0.024414,0.0067139,-0.007782,2.2757,0.096741,0
-0.011597,0.0039673,-0.0093079,2.7309,0.090027,0
0.0099182,-0.0015259,-0.025177,2.0482,0.083008,0
0.025177,-0.0048828,-0.054474,1.3655,0.076904,0
0.025482,-0.0012207,-0.068054,1.8206,0.068359,0
0.017853,0.0015259,-0.063324,2.2757,0.06073,0
0.010529,0.0018311,-0.053406,2.2757,0.053711,0
0.0053406,0.0059509,-0.03418,2.5033,0.048828,0
0,0.007782,-0.019684,2.0482,0.044556,0
-0.0036621,0.0074768,-0.013428,2.2757,0.041504,0
-0.0071716,0.0048828,-0.0071716,2.5033,0.039062,0
-0.011749,0.0032043,-0.0013733,1.8206,0.037537,0
-0.014954,0.0015259,-0.014648,2.5033,0.039368,0
-0.014038,0.0022888,-0.034943,2.2757,0.041199,0
-0.0032043,0.0021362,-0.039825,2.0482,0.046082,0
0.010834,-0.0015259,-0.037994,2.0482,0.048523,0
0.018158,-0.0035095,-0.043335,2.0482,0.050964,0
0.017853,-0.0035095,-0.046539,2.0482,0.05249,0
0.016022,-0.0012207,-0.038605,2.2757,0.054626,0
0.016174,-0.0030518,-0.026703,2.2757,0.054321,0
0.015411,-0.0057983,-0.01297,2.0482,0.05249,0
0.012512,-0.0080872,-0.0016785,2.2757,0.049438,0
0.0073242,-0.010986,-0.00091553,2.7309,0.046387,0
0.0036621,-0.015259,-0.009613,2.5033,0.04303,0
0.0024414,-0.019226,-0.023041,3.4135,0.037537,0
0.005188,-0.018616,-0.028534,2.5033,0.031128,0
0.0073242,-0.014191,-0.016785,2.2757,0.025635,0
0.0036621,-0.013733,0.0073242,2.2757,0.019531,0
-0.00030518,-0.015564,0.026093,2.0482,0.011902,0
0.0022888,-0.017395,0.034485,1.8206,0.0076294,0
0.0079346,-0.016785,0.040894,2.5033,0.0027466,0
0.010834,-0.015411,0.055237,2.0482,0,0
0.014496,-0.017395,0.065613,2.5033,-0.0048828,0
0.020599,-0.018463,0.067139,2.5033,-0.010071,0
0.024109,-0.018311,0.063171,2.7309,-0.015869,0
0.027618,-0.015564,0.058746,1.8206,-0.020447,0
0.031128,-0.015411,0.05127,2.5033,-0.024109,0
0.032043,-0.012665,0.040436,1.5931,-0.027771,0
0.028839,-0.0099182,0.033569,2.0482,-0.033264,0
0.026245,-0.0093079,0.038452,1.8206,-0.040283,0
0.023804,-0.012054,0.045319,2.0482,-0.047913,0
0.02121,-0.011444,0.042267,1.5931,-0.055237,0
0.017853,-0.0054932,0.029755,2.0482,-0.062256,0
0.015869,0.0054932,0.016479,1.8206,-0.069885,0
0.014954,0.022888,0.0036621,2.0482,-0.07782,0
0.010834,0.034332,-0.0093079,2.0482,-0.086975,0
0.0097656,0.04303,-0.015564,2.2757,-0.097351,0
0.01236,0.053558,-0.016937,2.0482,-0.10834,0
0.01297,0.060272,-0.015564,2.5033,-0.11566,0
0.0041199,0.052795,-0.020599,1.8206,-0.12238,0
-0.011139,0.03952,-0.027924,1.8206,-0.12817,0
-0.019379,0.026703,-0.030823,1.8206,-0.13428,0
-0.022736,0.014343,-0.035095,1.5931,-0.14008,0
-0.032501,0.0059509,-0.036469,2.0482,-0.14374,0
-0.041962,0.0010681,-0.03952,1.5931,-0.14526,0
-0.042267,-0.0071716,-0.053101,2.2757,-0.14618,0
-0.0354,-0.010986,-0.059967,2.0482,-0.14679,0
-0.028381,-0.011597,-0.061951,2.2757,-0.14587,0
-0.020599,-0.011597,-0.062256,2.7309,-0.14618,0
-0.02182,-0.011292,-0.061951,3.186,-0.14526,0
-0.030823,-0.011292,-0.061951,2.5033,-0.14221,0
-0.035095,-0.011444,-0.055084,2.2757,-0.1358,0
-0.0354,-0.010223,-0.011139,2.5033,-0.12909,0
-0.035553,-0.0042725,0.0080872,2.0482,-0.11932,0
-0.036011,0.0019836,0.0083923,2.2757,-0.10986,0
-0.030365,-0.0018311,0.0076294,2.5033,-0.10254,0
-0.022888,-0.0085449,0.018616,2.7309,-0.096741,0
-0.019989,-0.012512,0.030975,2.5033,-0.092163,0
-0.018158,-0.011292,0.041351,2.0482,-0.089111,0
-0.014954,-0.0064087,0.056915,1.5931,-0.08606,0
-0.0090027,-0.0015259,0.07309,2.0482,-0.084534,0
-0.0056458,0.0021362,0.073547,2.7309,-0.083008,0
-0.0042725,0.0032043,0.062561,2.2757,-0.082397,0
-0.00076294,0.0065613,0.049744,2.2757,-0.082703,0
0.0054932,0.0079346,0.042419,2.2757,-0.082703,0
0.0064087,0.0079346,0.046539,2.5033,-0.082703,0
-0.0013733,0.0061035,0.054932,2.7309,-0.083313,0
-0.014496,0.0064087,0.05249,2.7309,-0.085449,0
-0.028229,0.010834,0.037079,2.7309,-0.088196,0
-0.040283,0.015411,0.02182,1.8206,-0.092163,0
-0.028839,0.015259,0.010834,2.0482,-0.098267,0
0.00061035,0.010681,0.004425,2.2757,-0.10559,0
0.01358,0.0082397,0.0022888,2.2757,-0.11139,0
0.01297,0.0080872,0.0016785,2.2757,-0.11597,0
0.01358,0.0080872,0.0021362,2.5033,-0.11536,0
0.018921,0.0076294,0.0016785,2.2757,-0.11383,0
0.020599,0.0080872,0.0016785,2.2757,-0.11108,0
0.016174,0.0080872,0.0018311,1.8206,-0.10529,0
0.01358,0.0080872,0.0018311,2.5033,-0.099792,0
0.016022,0.0062561,0.0019836,2.2757,-0.095215,0
0.020142,-0.0050354,0.0019836,2.0482,-0.089722,0
0.021362,-0.010223,0.0039673,2.2757,-0.086975,0
0.025024,-0.009613,0.010071,2.9584,-0.084534,0
0.031128,-0.0067139,0.017242,1.8206,-0.081482,0
0.032349,-0.0013733,0.018311,2.2757,-0.078125,0
0.027771,0.0016785,0.01297,2.2757,-0.072632,0
0.020599,0.0039673,0.010681,2.0482,-0.068359,0
0.013885,0.0094604,0.015717,1.8206,-0.065002,0
0.014191,0.012207,0.015411,1.5931,-0.062256,0
0.024872,0.010986,0.0056458,2.0482,-0.06012,0
0.035095,0.010529,0.00076294,2.5033,-0.057068,0
0.038147,0.0090027,0.010529,2.2757,-0.053711,0
0.039368,0.0099182,0.029602,2.7309,-0.048828,0
0.040131,0.011139,0.04364,2.7309,-0.04364,0
0.034943,0.0065613,0.0354,2.5033,-0.038452,0
0.026398,0.0056458,0.027008,2.9584,-0.036011,0
0.023041,0.0097656,0.032043,2.5033,-0.034485,0
0.026093,0.016785,0.043945,2.5033,-0.033264,0
0.023041,0.017395,0.049896,2.5033,-0.033569,0
0.011902,0.01297,0.046539,1.8206,-0.034485,0
0.00030518,0.010986,0.04425,2.2757,-0.036316,0
-0.0028992,0.010834,0.043335,2.5033,-0.037537,0
0.0032043,0.01236,0.042877,2.5033,-0.039062,0
0.010986,0.013885,0.050049,2.5033,-0.040283,0
0.017395,0.010986,0.059357,2.5033,-0.042725,0
0.02243,0.0036621,0.055695,1.5931,-0.048218,0
0.024567,-0.0019836,0.037384,2.5033,-0.052185,0
0.023804,-0.0038147,0.018158,2.7309,-0.055847,0
0.02121,-0.0019836,0.020752,1.8206,-0.059204,0
0.018768,0.0028992,0.038757,1.8206,-0.062866,0
0.016327,0.0030518,0.037079,1.8206,-0.06897,0
0.01358,0.00045776,0.022583,2.0482,-0.075073,0
0.010681,0.00061035,0.012207,2.2757,-0.080261,0
0.0056458,0.0027466,0.0013733,2.7309,-0.085144,0
0.0032043,-0.0032043,-0.0042725,2.2757,-0.089417,0
0.009613,-0.010529,-0.0016785,2.2757,-0.095825,0
0.020599,-0.010376,0.0068665,2.0482,-0.10284,0
0.029907,-0.011444,0.010986,2.2757,-0.10803,0
0.030518,-0.014343,0.0053406,2.9584,-0.112,0
0.021973,-0.014038,0.00091553,2.2757,-0.1123,0
0.009613,-0.011139,-0.0027466,2.0482,-0.11047,0
-0.00061035,-0.010376,0.0010681,1.5931,-0.10834,0
-0.0071716,-0.0097656,0.013275,2.2757,-0.10651,0
-0.010986,-0.012054,0.023956,2.2757,-0.10345,0
-0.015411,-0.010223,0.027466,2.9584,-0.099487,0
-0.015411,-0.007782,0.024719,2.7309,-0.09491,0
-0.013885,-0.0073242,0.026703,2.7309,-0.090942,0
-0.011444,-0.01297,0.022736,2.5033,-0.086365,0
-0.010529,-0.015717,0.005188,2.5033,-0.083313,0
-0.013428,-0.015259,-0.013275,2.5033,-0.077515,0
-0.018921,-0.019531,-0.019989,2.7309,-0.068054,0
-0.02533,-0.023956,-0.014648,2.7309,-0.056763,0
-0.027008,-0.025024,-0.0036621,2.7309,-0.048218,0
-0.02121,-0.018768,0.0036621,2.2757,-0.04303,0
-0.010071,-0.010681,0.0065613,2.5033,-0.039673,0
-0.0027466,-0.0093079,0.00061035,2.0482,-0.036011,0
-0.0028992,-0.011292,-0.016022,2.2757,-0.032043,0
-0.0099182,-0.0082397,-0.025177,2.0482,-0.02655,0
-0.018005,-0.0036621,-0.020142,2.0482,-0.020142,0
-0.025024,-0.0018311,-0.010681,2.2757,-0.015259,0
-0.030212,-0.00030518,-0.0076294,2.0482,-0.011902,0
-0.034637,-0.002594,-0.012054,2.7309,-0.0079346,0
-0.036926,-0.0050354,-0.014343,2.2757,-0.0039673,0
-0.039978,-0.004425,-0.017548,2.2757,0.0030518,0
-0.043182,-0.0041199,-0.023651,2.0482,0.0085449,0
-0.040283,-0.0054932,-0.024261,2.2757,0.013733,0
-0.027466,-0.0021362,-0.016632,2.5033,0.017395,0
-0.012207,-0.0047302,-0.0090027,2.2757,0.020447,0
-0.0064087,-0.0064087,0.002594,2.2757,0.021973,0
-0.0062561,0.0033569,0.016174,2.2757,0.023499,0
-0.00076294,0.012817,0.018311,2.2757,0.023193,0
0.0086975,0.011444,0.012817,2.0482,0.023499,0
0.013428,0.0018311,0.0083923,2.2757,0.024719,0
0.010376,-0.0090027,0.0042725,2.2757,0.02594,0
0.0061035,-0.01297,-0.0035095,1.8206,0.028381,0
0.00076294,-0.012054,0.0035095,1.8206,0.029602,0
-0.0038147,-0.0097656,0.015564,1.1379,0.029602,0
-0.0021362,-0.010986,0.014191,1.5931,0.026245,0
0.0057983,-0.013275,-0.0016785,1.5931,0.023804,0
0.016937,-0.016937,-0.010681,1.1379,0.021362,0
0.029449,-0.018616,-0.011902,1.8206,0.018921,0
0.036316,-0.020599,-0.012817,2.2757,0.0177,0
0.038147,-0.02121,-0.014954,2.5033,0.017395,0
0.038605,-0.020599,-0.0090027,1.5931,0.018311,0
0.038605,-0.016174,-0.004425,2.7309,0.015869,0
0.038452,-0.012817,-0.00045776,2.0482,0.0097656,0
0.038605,-0.013123,0,2.5033,0.00030518,0
0.038452,-0.012207,-0.0019836,2.0482,-0.011597,0
0.0383,-0.012817,-0.0013733,2.5033,-0.023193,0
0.018768,-0.010223,0.007782,2.2757,-0.032043,0
-0.017548,-0.0068665,0.022583,2.5033,-0.037231,0
-0.03952,-0.0010681,0.037842,2.2757,-0.040894,0
-0.045319,0.0062561,0.050201,1.5931,-0.046387,0
-0.040131,0.0064087,0.05722,2.2757,-0.053101,0
-0.032196,0.0027466,0.068817,2.5033,-0.06073,0
-0.026245,0.0032043,0.090027,2.7309,-0.068665,0
-0.021362,0.0079346,0.096436,2.2757,-0.075073,0
-0.018311,0.007782,0.084229,2.5033,-0.083313,0
-0.018463,0.0059509,0.058289,2.7309,-0.091858,0
-0.022736,0.01297,0.027466,2.5033,-0.10132,0
-0.031891,0.026398,0.0057983,2.5033,-0.10956,0
-0.041809,0.031586,-0.0019836,2.0482,-0.11169,0
-0.04837,0.032349,-0.0071716,2.9584,-0.10864,0
-0.050201,0.028992,-0.0054932,2.9584,-0.10193,0
-0.04837,0.024109,0.0042725,2.9584,-0.094299,0
-0.043793,0.016632,0.010681,2.2757,-0.090942,0
-0.039062,0.0074768,0.011139,2.5033,-0.088806,0
-0.032806,0.0015259,0.019531,2.5033,-0.085754,0
-0.023804,-0.0024414,0.0383,2.5033,-0.084839,0
-0.017548,-0.0036621,0.05722,2.5033,-0.082092,0
-0.015717,-0.0039673,0.071716,2.2757,-0.082092,0
-0.015106,-0.0024414,0.086517,2.0482,-0.08667,0
-0.014343,-0.0015259,0.093231,1.8206,-0.088501,0
-0.015411,-0.0016785,0.094757,2.2757,-0.089111,0
-0.017395,-0.0015259,0.094757,1.8206,-0.090027,0
-0.0094604,-0.0015259,0.096893,1.8206,-0.091553,0
0.0068665,-0.0012207,0.11078,1.5931,-0.09552,0
0.024719,0.0013733,0.11429,2.0482,-0.099792,0
0.037994,0.0027466,0.10132,2.2757,-0.099487,0
0.044098,0.0030518,0.07431,2.2757,-0.093689,0
0.045624,0.0018311,0.046082,2.0482,-0.079346,0
0.045776,0.0036621,0.027924,2.0482,-0.06073,0
0.042572,0.0042725,0.017242,2.2757,-0.046692,0
0.037079,0.007019,0.019989,2.2757,-0.04364,0
0.032806,0.0097656,0.029297,1.8206,-0.049744,0
0.028687,0.010986,0.035858,2.2757,-0.063171,0
0.023956,0.01358,0.02655,2.0482,-0.077515,0
0.016785,0.01297,0.012817,2.0482,-0.090637,0
0.015106,0.0073242,0.0018311,2.5033,-0.099182,0
0.016785,-0.00076294,-0.012512,2.7309,-0.1062,0
0.012665,-0.0036621,-0.016785,2.9584,-0.11047,0
0.0024414,-0.004425,-0.0068665,2.9584,-0.11139,0
-0.0027466,-0.0036621,0,2.2757,-0.11047,0
0.00091553,0.0013733,-0.0061035,2.5033,-0.1123,0
0.0082397,0.0093079,-0.022278,2.7309,-0.11536,0
0.01709,0.010834,-0.035553,1.8206,-0.11871,0
0.025024,0.010071,-0.039673,2.5033,-0.11871,0
0.02655,0.0065613,-0.041199,2.2757,-0.11688,0
0.021515,0.00091553,-0.049896,2.9584,-0.1178,0
0.023499,-0.0010681,-0.055542,2.5033,-0.11993,0
0.037994,0.0016785,-0.048981,2.0482,-0.12634,0
0.053406,0.0059509,-0.033264,1.8206,-0.13428,0
0.056763,0.010681,-0.012054,1.8206,-0.1416,0
0.050354,0.0093079,0.0033569,2.2757,-0.14801,0
0.044403,0.0062561,0.011139,2.7309,-0.15228,0
0.038757,0.0054932,0.012665,2.2757,-0.15472,0
0.026855,0.0038147,0.0071716,2.0482,-0.15686,0
0.013428,0.0036621,0.00030518,1.5931,-0.16174,0
0.0045776,0.0094604,-0.0027466,2.5033,-0.16907,0
0.005188,0.0086975,-0.0057983,2.5033,-0.1767,0
0.017853,0.0053406,-0.0038147,2.0482,-0.18646,0
0.032654,0.0021362,-0.00076294,1.5931,-0.1947,0
0.03952,0.0019836,-0.0035095,1.5931,-0.19867,0
0.033722,0.0010681,-0.019531,2.0482,-0.19806,0
0.020905,-0.00061035,-0.03952,2.2757,-0.19073,0
0.0056458,-0.0032043,-0.0383,1.8206,-0.17914,0
-0.012665,-0.0019836,-0.022278,1.5931,-0.16327,0
-0.030365,0,-0.012207,1.8206,-0.14801,0
-0.048065,0.002594,-0.016327,1.8206,-0.13336,0
-0.062561,0.0041199,-0.027466,2.0482,-0.12268,0
-0.068207,0.0016785,-0.038452,2.0482,-0.11383,0
-0.06424,-0.0022888,-0.04776,2.2757,-0.10559,0
-0.050049,-0.0041199,-0.052795,2.0482,-0.09613,0
-0.027008,-0.005188,-0.053101,2.2757,-0.090332,0
-0.0041199,-0.0027466,-0.053253,2.0482,-0.088196,0
0.013123,0.0018311,-0.047455,2.2757,-0.088806,0
0.020294,0.0093079,-0.039825,2.2757,-0.091858,0
0.018311,0.012512,-0.031433,2.2757,-0.09491,0
0.014038,0.013428,-0.026093,2.5033,-0.098267,0
0.0097656,0.01358,-0.019989,2.7309,-0.10162,0
0.0039673,0.018311,-0.013275,1.8206,-0.10162,0
-0.0021362,0.021667,-0.0090027,2.2757,-0.1004,0
-0.0022888,0.022736,-0.016022,1.8206,-0.095825,0
0.00061035,0.024414,-0.025635,2.2757,-0.090332,0
-0.00061035,0.023651,-0.028687,2.2757,-0.084229,0
-0.0062561,0.02243,-0.028534,2.7309,-0.079651,0
-0.011902,0.018005,-0.027618,2.5033,-0.074158,0
-0.011749,0.014954,-0.025482,2.9584,-0.07019,0
-0.0065613,0.0097656,-0.02121,2.7309,-0.06073,0
-0.00061035,0.0036621,-0.023499,2.0482,-0.044556,0
0.0053406,0.0041199,-0.026398,2.5033,-0.029297,0
0.0082397,0.0028992,-0.019226,2.0482,-0.015564,0
0.0082397,-0.00045776,-0.011444,2.5033,-0.0048828,0
0.0050354,-0.0047302,-0.009613,2.5033,0.0039673,0
0,-0.0062561,-0.0036621,2.9584,0.010071,0
-0.0027466,-0.0064087,0.011292,2.2757,0.019226,0
-0.0080872,-0.0045776,0.021362,2.2757,0.032349,0
-0.016479,-0.0010681,0.019684,1.8206,0.048218,0
-0.02121,0.0010681,0.021515,2.5033,0.060425,0
-0.019379,0.0038147,0.026245,2.5033,0.066833,0
-0.013885,0.0036621,0.03067,2.5033,0.066223,0
-0.0085449,0.0021362,0.037079,1.8206,0.06134,0
-0.0053406,0.0035095,0.037994,1.8206,0.058594,0
-0.0038147,0,0.031891,1.8206,0.059814,0
-0.0032043,-0.0042725,0.026703,1.8206,0.067139,0
0.0019836,-0.0056458,0.026398,2.0482,0.075684,0
0.0090027,-0.0035095,0.026703,2.0482,0.082397,0
0.014801,-0.0018311,0.021667,2.0482,0.091248,0
0.022736,-0.0010681,0.015564,2.2757,0.09613,0
0.03418,0.00091553,0.018158,2.2757,0.097351,0
0.041046,-0.00061035,0.025177,3.186,0.098877,0
0.041809,-0.0030518,0.030212,2.9584,0.1001,0
0.039673,-0.0035095,0.037842,1.8206,0.10498,0
0.038605,-0.00091553,0.040741,2.0482,0.11353,0
0.038147,0,0.036316,1.5931,0.11719,0
0.038452,-0.00091553,0.028229,2.0482,0.11688,0
0.038452,-0.0012207,0.024567,2.2757,0.1123,0
0.038452,-0.0018311,0.024414,2.2757,0.10742,0
0.038757,-0.0024414,0.020447,2.0482,0.10223,0
0.038605,-0.0068665,-0.0032043,2.7309,0.09613,0
0.038605,-0.012665,-0.016479,2.2757,0.091248,0
0.0071716,-0.018463,-0.024261,2.9584,0.090637,0
-0.041351,-0.020447,-0.034637,2.5033,0.093079,0
-0.06012,-0.017395,-0.039978,2.7309,0.096436,0
-0.059662,-0.01236,-0.026703,2.9584,0.099487,0
-0.049286,-0.011902,0.0033569,2.2757,0.10315,0
-0.041199,-0.0082397,0.04303,2.7309,0.10681,0
-0.036316,-0.0036621,0.078888,2.5033,0.11444,0
-0.030823,-0.0018311,0.098572,2.0482,0.12146,0
-0.023956,-0.0013733,0.10498,2.5033,0.12848,0
-0.015411,0.00015259,0.091095,3.4135,0.13367,0
-0.0038147,0.0021362,0.068207,2.7309,0.13855,0
0.0091553,0.0042725,0.051727,2.7309,0.1413,0
0.02243,0.0035095,0.049133,2.9584,0.14374,0
0.036926,0.0013733,0.053558,2.9584,0.14557,0
0.051422,-0.00076294,0.051575,1.8206,0.15045,0
0.062103,-0.0013733,0.043182,1.8206,0.15594,0
0.065155,-0.0019836,0.027618,1.8206,0.16266,0
0.059662,-0.0035095,0.012665,2.2757,0.16602,0
0.049286,-0.0076294,0.011292,1.8206,0.16418,0
0.03891,-0.014191,0.016327,2.2757,0.15472,0
0.030823,-0.021057,0.021362,1.5931,0.14252,0
0.026245,-0.025024,0.025024,2.0482,0.12939,0
0.024719,-0.024261,0.02533,1.8206,0.1181,0
0.019073,-0.023804,0.019989,2.5033,0.10803,0
0.010223,-0.024261,0.019836,2.2757,0.096436,0
0.0032043,-0.02655,0.026093,2.2757,0.087585,0
0.0033569,-0.02121,0.035858,2.0482,0.081482,0
0.0074768,-0.015869,0.0383,1.8206,0.080566,0
0.0056458,-0.014191,0.025177,1.8206,0.08606,0
-0.0010681,-0.015106,0.009613,2.2757,0.097656,0
-0.0061035,-0.010834,0.0038147,2.0482,0.10986,0
-0.0057983,-0.0076294,0.0045776,1.8206,0.12115,0
-0.0056458,-0.0057983,0.015717,2.0482,0.13031,0
-0.007782,-0.0015259,0.033875,2.5033,0.13702,0
-0.0088501,0.002594,0.052643,2.2757,0.14221,0
-0.0082397,0.0080872,0.063019,2.7309,0.14801,0
-0.0062561,0.010376,0.058289,1.8206,0.14954,0
-0.0015259,0.012512,0.036316,2.2757,0.14801,0
0.0065613,0.014343,0.0022888,2.5033,0.14374,0
0.014038,0.01709,-0.022278,2.7309,0.13824,0
0.015411,0.019073,-0.034637,2.7309,0.13489,0
0.0177,0.017242,-0.034027,2.0482,0.13428,0
0.024109,0.016479,-0.034637,2.7309,0.13672,0
0.027008,0.011902,-0.042725,2.5033,0.14038,0
0.024567,0.0056458,-0.049744,2.7309,0.1413,0
0.018005,0.0019836,-0.046692,2.2757,0.14069,0
0.010681,0.00076294,-0.03891,2.2757,0.13885,0
0.0042725,0.0024414,-0.034027,1.8206,0.13489,0
-0.0019836,0.0035095,-0.029602,2.2757,0.13,0
-0.0071716,0.010223,-0.026703,2.2757,0.12329,0
-0.01358,0.011597,-0.02655,2.5033,0.11292,0
-0.020905,0.0076294,-0.027924,2.5033,0.10101,0
-0.022736,0.0022888,-0.028839,1.8206,0.093994,0
-0.018463,-0.0018311,-0.030212,2.2757,0.092773,0
-0.013885,-0.00091553,-0.031433,1.1379,0.095825,0
-0.010529,-0.0013733,-0.032043,2.5033,0.10162,0
-0.005188,-0.0053406,-0.029602,2.0482,0.1062,0
0.0038147,-0.011597,-0.027466,1.8206,0.10864,0
0.014801,-0.018768,-0.026093,1.3655,0.11078,0
0.021973,-0.02243,-0.029297,2.2757,0.10956,0
0.023041,-0.022888,-0.037842,1.8206,0.10956,0
0.020294,-0.020294,-0.049744,1.3655,0.10803,0
0.016785,-0.019531,-0.050049,1.5931,0.10529,0
0.014801,-0.021057,-0.032501,1.3655,0.10284,0
0.013428,-0.017395,-0.012512,1.5931,0.10254,0
0.011444,-0.010223,-0.0016785,1.8206,0.10193,0
0.0054932,-0.0071716,0.011444,2.0482,0.099182,0
-0.0030518,-0.0047302,0.023041,1.8206,0.093689,0
-0.012665,-0.0028992,0.025177,1.8206,0.083618,0
-0.024872,-0.0042725,0.017242,1.8206,0.068665,0
-0.034332,-0.0016785,0.0048828,2.5033,0.048828,0
-0.033722,0.007019,-0.0062561,2.7309,0.029907,0
-0.028687,0.015869,-0.014954,2.0482,0.015564,0
-0.027466,0.014801,-0.021057,2.2757,0.0030518,0
-0.026855,0.011292,-0.027924,1.8206,-0.0061035,0
-0.023193,0.0083923,-0.0354,2.2757,-0.018005,0
-0.021515,0.0033569,-0.032501,1.8206,-0.028992,0
-0.020752,0.002594,-0.016785,1.5931,-0.039673,0
-0.016022,0.0027466,-0.010071,2.2757,-0.049744,0
-0.0085449,0.0030518,-0.0082397,3.186,-0.059814,0
-0.002594,0.0030518,-0.0080872,2.0482,-0.069885,0
-0.00076294,0.0028992,-0.0053406,1.5931,-0.075378,0
-0.00045776,0.0028992,0.010376,1.8206,-0.077209,0
-0.00045776,0.0024414,0.021057,2.5033,-0.072937,0
0.0012207,-0.00045776,0.017853,2.2757,-0.063477,0
0.005188,-0.0027466,0.0041199,2.0482,-0.047302,0
0.0064087,-0.0015259,-0.012817,2.0482,-0.030823,0
0.0016785,0.0028992,-0.024872,2.5033,-0.026245,0
-0.005188,0.0036621,-0.018311,1.8206,-0.036011,0
-0.0083923,0.0053406,-0.00030518,2.2757,-0.053711,0
-0.010681,0.0094604,0.019226,2.2757,-0.073547,0
-0.014954,0.016785,0.03952,2.5033,-0.085754,0
-0.014496,0.020294,0.052795,2.5033,-0.091858,0
-0.010986,0.013123,0.056152,2.5033,-0.09491,0
-0.010986,0.0032043,0.048065,1.8206,-0.097046,0
-0.014801,-0.010834,0.032196,2.2757,-0.1001,0
-0.015411,-0.020142,0.012817,1.8206,-0.10498,0
-0.01358,-0.019684,0.0024414,2.2757,-0.11292,0
-0.012207,-0.013733,0.017548,2.7309,-0.12115,0
-0.0093079,-0.0085449,0.041046,2.0482,-0.12878,0
-0.0062561,-0.0064087,0.043335,2.0482,-0.13153,0
-0.0065613,-0.0028992,0.032043,2.7309,-0.13184,0
-0.0073242,-0.0010681,0.018768,2.2757,-0.13245,0
-0.0054932,-0.0042725,0.0064087,1.8206,-0.1358,0
-0.0021362,-0.0074768,-0.0053406,2.2757,-0.13947,0
-0.0010681,-0.005188,-0.007782,1.8206,-0.13855,0
-0.0013733,-0.0027466,0.0012207,1.5931,-0.13123,0
-0.0016785,-0.0019836,0.0068665,2.0482,-0.11993,0
-0.0033569,-0.0024414,0.0068665,1.3655,-0.10956,0
-0.0071716,-0.0068665,0.0047302,2.0482,-0.10315,0
-0.0094604,-0.011597,-0.00045776,1.8206,-0.1059,0
-0.012512,-0.012207,-0.0082397,2.0482,-0.11108,0
-0.017853,-0.013885,-0.018616,1.8206,-0.11169,0
-0.019073,-0.018311,-0.029602,1.8206,-0.10376,0
-0.014648,-0.015106,-0.031128,1.5931,-0.090027,0
-0.0094604,-0.0074768,-0.022583,1.5931,-0.078735,0
-0.0032043,-0.0028992,-0.015717,2.2757,-0.075989,0
0.0056458,-0.0016785,-0.011139,2.5033,-0.081177,0
0.015717,-0.0030518,-0.0080872,1.8206,-0.090027,0
0.025177,-0.0036621,-0.013275,1.5931,-0.099182,0
0.03067,-0.002594,-0.02243,2.9584,-0.1059,0
0.027618,-0.00015259,-0.025177,2.2757,-0.10864,0
0.022125,0.00091553,-0.016479,2.9584,-0.11047,0
0.022125,0.0045776,-0.012817,3.186,-0.11169,0
0.022736,0.0083923,-0.019073,2.2757,-0.11261,0
0.022125,0.011139,-0.023804,2.5033,-0.112,0
0.019073,0.0068665,-0.01709,2.5033,-0.10956,0
0.011292,0.0013733,-0.004425,2.9584,-0.10468,0
0.0027466,0.00045776,-0.0032043,2.2757,-0.1004,0
-0.0038147,0,-0.0067139,2.7309,-0.093689,0
-0.013275,-0.002594,-0.0068665,2.7309,-0.086975,0
-0.018158,-0.0015259,-0.0090027,2.2757,-0.079346,0
-0.01358,0.00091553,-0.011292,2.5033,-0.073853,0
-0.0041199,0.00076294,-0.0086975,1.8206,-0.070496,0
0.0016785,-0.0012207,-0.0045776,1.8206,-0.068054,0
0.0028992,0.0013733,-0.007019,1.5931,-0.062256,0
0.0038147,0.0039673,-0.018616,1.8206,-0.054932,0
0.0050354,0.0016785,-0.03418,2.2757,-0.047913,0
0.0022888,-0.0022888,-0.040283,2.2757,-0.040894,0
-0.0038147,-0.005188,-0.040131,2.2757,-0.030212,0
-0.011597,-0.005188,-0.046082,1.8206,-0.016174,0
-0.017853,-0.0082397,-0.05188,1.5931,-0.0015259,0
-0.020447,-0.0097656,-0.056,1.5931,0.010681,0
-0.021667,-0.0062561,-0.066681,1.1379,0.017395,0
-0.020599,-0.0032043,-0.077667,0.91037,0.021057,0
-0.013275,-0.0013733,-0.086975,1.8206,0.020447,0
-0.0050354,0.00030518,-0.089569,1.8206,0.019226,0
0.0019836,0.004425,-0.083313,2.7309,0.017395,0
0.0091553,0.0067139,-0.066986,2.2757,0.016174,0
0.014801,0.0062561,-0.054474,2.2757,0.015869,0
0.016327,0.0088501,-0.056915,2.0482,0.016785,0
0.011749,0.010223,-0.057983,2.0482,0.019531,0
0.0056458,0.0085449,-0.046844,2.5033,0.021973,0
0.0019836,0.004425,-0.02594,2.2757,0.02655,0
0.0010681,-0.0012207,-0.0047302,1.8206,0.028687,0
0.0016785,-0.0013733,0.007782,2.2757,0.028992,0
0.0024414,0.0028992,0.0056458,2.9584,0.02655,0
0.0038147,0.005188,-0.0015259,2.2757,0.018921,0
0.0041199,0.0050354,-0.0064087,2.5033,0.0054932,0
0.00091553,0.0016785,-0.0088501,2.7309,-0.0076294,0
-0.0042725,-0.0041199,-0.004425,1.8206,-0.020752,0
-0.0054932,-0.010376,0.014954,2.2757,-0.032043,0
-0.0028992,-0.015869,0.041199,2.5033,-0.042114,0
-0.0018311,-0.0177,0.050507,2.7309,-0.053406,0
-0.004425,-0.010376,0.039978,2.2757,-0.065613,0
-0.009613,-0.0056458,0.024109,2.5033,-0.076904,0
-0.009613,-0.0054932,0.017242,2.0482,-0.08606,0
-0.0039673,-0.004425,0.022583,2.2757,-0.091553,0
0.00015259,-0.0024414,0.0354,2.2757,-0.095215,0
-0.0024414,0,0.047455,2.2757,-0.092163,0
-0.0088501,0.002594,0.05127,2.5033,-0.079651,0
-0.011749,0.0039673,0.04776,2.2757,-0.056458,0
-0.014496,0.0016785,0.039673,2.2757,-0.033264,0
-0.015564,-0.00076294,0.023956,2.2757,-0.0094604,0
-0.0093079,-0.0035095,0.0050354,2.5033,0.0082397,0
-0.00061035,-0.0061035,-0.015259,2.9584,0.021667,0
0.0035095,-0.011139,-0.023956,2.5033,0.029907,0
0.0027466,-0.023193,-0.025482,2.0482,0.036316,0
0.0019836,-0.028229,-0.023041,2.2757,0.038147,0
0.0012207,-0.02243,-0.017395,2.2757,0.038147,0
-0.00091553,-0.018616,-0.010223,1.8206,0.038147,0
-0.0039673,-0.023956,0.0027466,2.2757,0.044556,0
-0.0091553,-0.030518,0.021667,2.0482,0.056763,0
-0.013428,-0.032959,0.040283,1.8206,0.069275,0
-0.014496,-0.033417,0.049133,1.5931,0.074158,0
-0.013123,-0.029297,0.046539,2.0482,0.071106,0
-0.011139,-0.02182,0.036774,2.5033,0.06134,0
-0.010986,-0.013275,0.03067,2.5033,0.050964,0
-0.016479,-0.0036621,0.036011,2.0482,0.039673,0
-0.02182,0.00015259,0.045776,2.2757,0.024719,0
-0.019379,0.00061035,0.050659,1.8206,0.0079346,0
-0.010529,0.00091553,0.047302,1.8206,-0.0088501,0
-0.0056458,0.00015259,0.039062,2.0482,-0.026855,0
-0.0041199,-0.0024414,0.034332,1.8206,-0.046387,0
-0.0016785,-0.0024414,0.028687,2.5033,-0.068054,0
0.002594,-0.0028992,0.01297,2.5033,-0.087585,0
0.0064087,-0.010071,-0.0038147,2.2757,-0.097656,0
0.0097656,-0.014648,-0.0061035,2.5033,-0.098267,0
0.010223,-0.014648,0.0086975,2.7309,-0.087891,0
0.012207,-0.014343,0.033722,1.8206,-0.075989,0
0.01709,-0.01358,0.06012,2.0482,-0.070496,0
0.016327,-0.011597,0.079803,2.7309,-0.075684,0
0.0086975,-0.0061035,0.091248,2.2757,-0.085754,0
0.0027466,-0.0016785,0.096436,2.2757,-0.098572,0
0.0015259,-0.002594,0.10132,2.7309,-0.10376,0
0.0042725,-0.0019836,0.10941,2.9584,-0.097046,0
0.0062561,-0.0022888,0.12146,2.2757,-0.084534,0
0.0035095,-0.007019,0.12894,2.5033,-0.074158,0
-0.0041199,-0.014496,0.13214,2.2757,-0.073853,0
-0.015717,-0.02182,0.12405,2.9584,-0.080872,0
-0.02594,-0.021362,0.11002,2.0482,-0.093079,0
-0.031891,-0.010986,0.10406,1.8206,-0.10529,0
-0.028687,-0.0028992,0.11551,2.2757,-0.11627,0
-0.013733,-0.0038147,0.13245,2.2757,-0.12115,0
0.0035095,-0.00045776,0.12802,2.0482,-0.12054,0
0.016937,0.0048828,0.1062,2.0482,-0.11658,0
0.025177,0.0035095,0.089722,2.5033,-0.10773,0
0.029755,-0.0028992,0.084534,2.2757,-0.098572,0
0.033569,-0.0016785,0.07782,2.2757,-0.087585,0
0.037994,0.0059509,0.067291,2.0482,-0.079041,0
0.041046,0.0079346,0.058746,2.0482,-0.071716,0
0.037231,0.0080872,0.053711,2.2757,-0.066833,0
0.027313,0.0062561,0.054321,1.8206,-0.064697,0
0.017548,0.0042725,0.053253,0.68281,-0.065002,0
0.012054,0.0059509,0.049286,2.2757,-0.06134,0
0.0042725,0.0042725,0.052032,2.0482,-0.055237,0
-0.0086975,0.0019836,0.059357,2.2757,-0.046082,0
-0.01709,0.0059509,0.059662,2.2757,-0.035095,0
-0.016022,0.0086975,0.049286,1.5931,-0.018616,0
-0.0053406,0.0067139,0.030823,2.0482,0.0030518,0
0.0086975,0.0028992,0.0085449,2.0482,0.028687,0
0.018921,-0.0090027,-0.009613,2.0482,0.056458,0
0.019836,-0.019684,-0.014038,2.2757,0.080261,0
0.011749,-0.022278,0.012817,2.0482,0.093384,0
0.0022888,-0.014648,0.060272,2.0482,0.10315,0
-0.005188,-0.0071716,0.082092,2.0482,0.10956,0
-0.010223,-0.007019,0.071259,2.0482,0.11108,0
-0.01236,-0.013885,0.04776,2.2757,0.10956,0
-0.0091553,-0.02243,0.019989,1.8206,0.10345,0
-0.0030518,-0.024872,-0.0041199,2.2757,0.094299,0
-0.0016785,-0.018768,-0.012665,2.5033,0.083923,0
-0.002594,-0.010376,-0.012512,2.5033,0.073853,0
0.0030518,-0.0056458,-0.015717,2.0482,0.063782,0
0.0099182,-0.0045776,-0.016632,2.5033,0.054626,0
0.014191,-0.0062561,-0.011597,2.2757,0.050964,0
0.012665,-0.00045776,-0.0018311,2.2757,0.054932,0
0.0076294,0.0041199,-0.00091553,2.5033,0.063477,0
0.0056458,0.0080872,-0.0073242,2.9584,0.072327,0
0.009613,0.014648,-0.015411,2.0482,0.078125,0
0.015564,0.019379,-0.024109,2.0482,0.079651,0
0.020294,0.023956,-0.031891,2.5033,0.075684,0
0.02121,0.027924,-0.036011,2.5033,0.068665,0
0.016479,0.027008,-0.038757,2.5033,0.064392,0
0.010376,0.027466,-0.041046,2.5033,0.063477,0
0.007782,0.028839,-0.041504,2.2757,0.066223,0
0.0061035,0.02533,-0.037537,2.0482,0.073547,0
0.0061035,0.024261,-0.036926,2.0482,0.081482,0
0.010071,0.02121,-0.046997,1.8206,0.086975,0
0.011902,0.015717,-0.055542,1.3655,0.08728,0
0.010071,0.015411,-0.050812,1.8206,0.08728,0
0.007782,0.017853,-0.032349,1.8206,0.093994,0
0.0035095,0.025024,-0.020447,2.0482,0.10559,0
0.00076294,0.03479,-0.017395,2.0482,0.11566,0
-0.0010681,0.042419,-0.013123,1.8206,0.12238,0
-0.0019836,0.049744,-0.0045776,2.0482,0.12695,0
-0.0016785,0.051422,0.0012207,2.2757,0.12787,0
-0.0015259,0.050812,0.0013733,1.8206,0.12878,0
-0.0018311,0.052185,0.0059509,1.5931,0.13275,0
-0.0036621,0.059204,0.016479,2.2757,0.13947,0
-0.0064087,0.066071,0.023499,1.8206,0.15076,0
-0.010223,0.066223,0.023193,2.0482,0.16876,0
-0.010529,0.05661,0.015564,1.5931,0.19043,0
-0.010681,0.048523,0.0090027,2.0482,0.20905,0
-0.014496,0.051422,0.0048828,2.5033,0.22369,0
-0.019379,0.061493,0.00015259,2.2757,0.23254,0
-0.022736,0.064545,0.00091553,2.2757,0.24078,0
-0.020447,0.055695,0.011902,2.2757,0.24658,0
-0.012054,0.042572,0.016327,2.0482,0.25299,0
-0.007019,0.032959,0.0085449,2.7309,0.26062,0
-0.0080872,0.027466,-0.0018311,2.2757,0.27008,0
-0.0080872,0.027924,-0.0038147,2.7309,0.27802,0
-0.0062561,0.032806,0.0039673,2.7309,0.28564,0
-0.0068665,0.037537,0.016632,2.2757,0.28992,0
-0.0065613,0.035858,0.020905,2.7309,0.28503,0
-0.0036621,0.034332,0.02182,2.0482,0.27283,0
-0.0021362,0.036163,0.022736,2.9584,0.25604,0
-0.0027466,0.037842,0.020599,2.5033,0.242,0
-0.0019836,0.039215,0.0088501,2.5033,0.23621,0
0.0013733,0.03952,-0.0059509,2.5033,0.23926,0
0.0042725,0.034637,-0.015411,2.7309,0.24811,0
0.004425,0.031433,-0.014038,2.7309,0.25787,0
0.0057983,0.032196,-0.012512,1.8206,0.26703,0
0.0064087,0.033417,-0.018616,2.5033,0.27557,0
0.0032043,0.028076,-0.030212,2.2757,0.28259,0
-0.00015259,0.024719,-0.032196,2.2757,0.28656,0
-0.0013733,0.02655,-0.024261,2.2757,0.29144,0
0.00045776,0.028992,-0.0071716,2.0482,0.30151,0
0.0027466,0.028076,0.010681,1.8206,0.3183,0
-0.00045776,0.025787,0.015411,1.8206,0.33905,0
-0.0057983,0.02182,0.007782,2.0482,0.3537,0
-0.012207,0.017548,0.0065613,2.2757,0.36163,0
-0.018768,0.01709,0.019531,2.0482,0.36713,0
-0.019379,0.014954,0.029907,2.0482,0.37201,0
-0.014343,0.0085449,0.024109,2.5033,0.37537,0
-0.0038147,0.0012207,0.0091553,1.8206,0.37872,0
0.010834,0.00030518,-0.0064087,2.0482,0.38635,0
0.017242,0.00091553,-0.020447,1.8206,0.40009,0
0.0079346,0.0019836,-0.024109,1.8206,0.41687,0
-0.0018311,0.0013733,-0.023041,2.2757,0.42633,0
-0.0041199,-0.00045776,-0.019073,2.0482,0.42236,0
-0.0048828,-0.0015259,-0.01358,2.5033,0.40497,0
-0.0062561,-0.0012207,-0.01358,2.0482,0.383,0
-0.0039673,0.0039673,-0.019989,2.0482,0.3653,0
-0.00076294,0.010376,-0.025177,2.2757,0.35583,0
0.0019836,0.013885,-0.025177,2.7309,0.34729,0
0.0035095,0.012512,-0.024109,1.8206,0.33569,0
0.0050354,0.0013733,-0.026855,2.2757,0.31677,0
0.0053406,-0.0073242,-0.033264,1.3655,0.29236,0
0.0032043,-0.0038147,-0.044403,2.5033,0.26611,0
-0.00045776,0.0038147,-0.040283,1.8206,0.24475,0
-0.002594,0.0032043,-0.021057,2.5033,0.23315,0
-0.0018311,-0.0083923,-0.010071,2.5033,0.22949,0
-0.0012207,-0.016479,-0.0093079,2.2757,0.23102,0
-0.0022888,-0.012512,-0.0073242,2.7309,0.23438,0
-0.0048828,-0.011139,-0.01236,2.2757,0.23773,0
-0.0032043,-0.011902,-0.02594,2.7309,0.24261,0
0.00030518,-0.016937,-0.037231,2.7309,0.24811,0
0.0018311,-0.024719,-0.041962,2.7309,0.25818,0
0.0027466,-0.034637,-0.046997,2.7309,0.27039,0
0.0047302,-0.041809,-0.048218,2.7309,0.28015,0
0.005188,-0.04776,-0.051117,2.5033,0.29053,0
0.0032043,-0.05722,-0.057983,3.186,0.2948,0
0.0012207,-0.06424,-0.059662,2.7309,0.29022,0
0.00076294,-0.06073,-0.049133,1.3655,0.28168,0
-0.0010681,-0.055389,-0.036316,1.8206,0.27496,0
-0.0053406,-0.054779,-0.028076,1.8206,0.271,0
-0.009613,-0.054016,-0.015717,2.2757,0.26794,0
-0.01297,-0.055389,-0.012665,2.5033,0.26154,0
-0.012054,-0.06073,-0.023193,1.8206,0.25391,0
-0.0061035,-0.065613,-0.037842,2.2757,0.24475,0
-0.00015259,-0.06546,-0.04303,1.8206,0.23956,0
0.0013733,-0.060272,-0.033112,1.8206,0.23987,0
0.0030518,-0.054626,-0.020142,2.2757,0.24445,0
0.0038147,-0.047607,-0.020142,1.8206,0.24567,0
0.0028992,-0.041046,-0.028076,1.8206,0.24323,0
-0.0010681,-0.037384,-0.031433,2.5033,0.23712,0
-0.0054932,-0.03952,-0.032806,2.2757,0.23438,0
-0.0045776,-0.041351,-0.035248,2.0482,0.23254,0
0.0018311,-0.046844,-0.03418,2.2757,0.22827,0
0.012665,-0.054169,-0.028076,2.0482,0.21729,0
0.021973,-0.053101,-0.030518,2.0482,0.2066,0
0.025787,-0.04425,-0.033264,2.0482,0.19684,0
0.020599,-0.036774,-0.032654,1.8206,0.1889,0
0.010071,-0.035553,-0.028534,1.5931,0.17822,0
0,-0.035706,-0.020905,2.2757,0.1593,0
-0.0067139,-0.034332,-0.015411,2.7309,0.13123,0
-0.0071716,-0.033569,-0.011902,2.0482,0.1004,0
-0.0022888,-0.030365,-0.011444,2.7309,0.073853,0
0.0016785,-0.026703,-0.0177,2.5033,0.051575,0
0.0030518,-0.022736,-0.027924,2.7309,0.032959,0
0.002594,-0.019836,-0.033722,2.7309,0.017395,0
0.0032043,-0.015411,-0.042725,2.9584,0.005188,0
0.0036621,-0.012665,-0.04303,2.7309,-0.0030518,0
0.0041199,-0.014648,-0.032959,3.186,-0.0076294,0
0.0032043,-0.014801,-0.025787,2.9584,-0.0061035,0
0.00091553,-0.016022,-0.023193,2.2757,0.00030518,0
-0.0027466,-0.016632,-0.021362,2.5033,0.0067139,0
-0.0054932,-0.021515,-0.020142,2.2757,0.010681,0
-0.0090027,-0.025482,-0.028992,2.5033,0.015869,0
-0.011749,-0.031738,-0.039978,2.5033,0.018616,0
-0.011749,-0.040283,-0.049896,2.5033,0.015259,0
-0.010681,-0.045776,-0.062866,2.7309,0.0036621,0
-0.0090027,-0.044708,-0.078278,2.7309,-0.010681,0
-0.0056458,-0.042419,-0.080414,2.7309,-0.018005,0
-0.0042725,-0.040283,-0.059357,1.8206,-0.018005,0
-0.0042725,-0.034027,-0.012207,1.8206,-0.014038,0
-0.0042725,-0.028381,0.035706,1.8206,-0.010681,0
-0.0033569,-0.026245,0.055695,1.5931,-0.011292,0
0.00015259,-0.024414,0.054626,2.5033,-0.013428,0
0.0032043,-0.023956,0.047455,2.5033,-0.018311,0
0.0032043,-0.023956,0.053253,2.0482,-0.024414,0
0.0032043,-0.026855,0.076752,2.0482,-0.033264,0
0.0050354,-0.026093,0.10193,2.0482,-0.041504,0
0.0053406,-0.018768,0.10712,2.5033,-0.047607,0
0.0036621,-0.0061035,0.097504,2.2757,-0.052795,0
0.002594,0.0035095,0.094299,1.5931,-0.064087,0
0.0042725,0.0035095,0.098114,2.2757,-0.079041,0
0.0076294,-0.0013733,0.093536,2.2757,-0.09491,0
0.0071716,-0.0039673,0.070953,2.2757,-0.10651,0
0.0053406,-0.0076294,0.046844,2.5033,-0.11169,0
0.0061035,-0.010223,0.044403,1.8206,-0.11169,0
0.0064087,-0.0076294,0.057831,2.5033,-0.10925,0
0.0018311,-0.0016785,0.079346,2.2757,-0.10986,0
-0.0059509,0.0047302,0.10162,2.2757,-0.11719,0
-0.01297,0.014648,0.1123,1.5931,-0.13031,0
-0.015106,0.024719,0.1088,2.2757,-0.13977,0
-0.010529,0.03479,0.098419,2.5033,-0.14526,0
-0.0050354,0.045471,0.083008,2.2757,-0.14832,0
-0.0038147,0.050812,0.065002,2.7309,-0.15381,0
-0.0071716,0.052185,0.049744,2.2757,-0.16296,0
-0.012512,0.051575,0.040131,2.2757,-0.16876,0
-0.015411,0.049286,0.036926,2.5033,-0.16998,0
-0.016327,0.042419,0.036926,2.7309,-0.16968,0
-0.012817,0.033112,0.041962,2.5033,-0.16846,0
-0.0041199,0.027618,0.052948,2.7309,-0.16327,0
0.0030518,0.028839,0.06134,2.5033,-0.15198,0
0.005188,0.028534,0.062103,2.7309,-0.13458,0
0.0048828,0.020447,0.056,2.5033,-0.11566,0
0.0045776,0.0073242,0.04715,2.5033,-0.10498,0
0.0062561,-0.0038147,0.037842,2.7309,-0.099792,0
0.0067139,-0.0068665,0.021667,2.7309,-0.089417,0
0.0076294,-0.0091553,0.0090027,2.2757,-0.067444,0
0.0088501,-0.015564,0.0022888,2.2757,-0.042114,0
0.0083923,-0.020447,-0.0083923,2.2757,-0.020447,0
0.0097656,-0.024261,-0.031433,2.0482,-0.0030518,0
0.015411,-0.024261,-0.059357,1.8206,0.0054932,0
0.018616,-0.022888,-0.078583,1.8206,0.0030518,0
0.017395,-0.016174,-0.085297,2.5033,-0.00091553,0
0.014954,-0.0032043,-0.08606,2.0482,0.007019,0
0.012665,0.010223,-0.07019,2.5033,0.02594,0
0.010986,0.016479,-0.043793,2.2757,0.050354,0
0.0088501,0.020447,-0.022278,1.5931,0.070496,0
0.0053406,0.02655,-0.012665,2.2757,0.082703,0
0.0027466,0.025482,-0.009613,2.0482,0.085144,0
0.0010681,0.018463,-0.011749,2.2757,0.079041,0
0.00076294,0.010834,-0.015259,2.0482,0.070496,0
0.0015259,0.007019,-0.014343,2.0482,0.06897,0
0.0010681,0.0047302,-0.013885,2.0482,0.06958,0
0.00076294,0.0012207,-0.020294,1.8206,0.072021,0
0.00045776,0.0036621,-0.030365,2.5033,0.06897,0
-0.0016785,0.0041199,-0.035858,1.8206,0.061646,0
-0.007019,-0.0041199,-0.028229,2.2757,0.058899,0
-0.010681,-0.007019,-0.015259,2.5033,0.059204,0
-0.0082397,-0.011902,-0.0079346,2.0482,0.06073,0
-0.0024414,-0.01709,0.0018311,2.0482,0.06073,0
0.00076294,-0.022583,0.0088501,2.0482,0.057983,0
-0.00076294,-0.027313,0.011292,1.5931,0.057068,0
-0.0048828,-0.031433,0.010071,2.5033,0.06073,0
-0.0062561,-0.030975,0.0083923,2.2757,0.064392,0
-0.0064087,-0.023804,0.014954,2.0482,0.067749,0
-0.0073242,-0.016937,0.028229,1.8206,0.06958,0
-0.0068665,-0.014496,0.040131,3.186,0.068359,0
-0.005188,-0.013885,0.045166,2.2757,0.066833,0
-0.0016785,-0.01358,0.046082,2.7309,0.066833,0
0,-0.012054,0.050049,2.2757,0.070801,0
-0.0018311,-0.0091553,0.055695,2.5033,0.079956,0
-0.004425,-0.002594,0.062408,1.8206,0.089111,0
-0.0036621,-0.0016785,0.064392,2.2757,0.090637,0
-0.0013733,-0.0048828,0.061798,2.2757,0.08606,0
-0.00045776,-0.0090027,0.056152,2.5033,0.082092,0
-0.0012207,-0.0093079,0.043488,2.5033,0.083008,0
-0.0022888,-0.0065613,0.033112,2.9584,0.08667,0
-0.0038147,-0.0032043,0.034485,2.7309,0.08728,0
-0.0033569,0,0.038452,2.2757,0.080566,0
-0.00045776,0.0033569,0.036316,2.0482,0.069275,0
0.0022888,0.0019836,0.027466,1.5931,0.065002,0
0.0047302,0.0012207,0.016632,1.8206,0.070496,0
0.0054932,0.00030518,0.01297,2.0482,0.084839,0
0.00091553,-0.00076294,0.01297,2.7309,0.10071,0
-0.0062561,-0.002594,0.0086975,2.9584,0.11505,0
-0.009613,-0.010681,0.0038147,2.0482,0.12665,0
-0.0085449,-0.017853,-0.0083923,2.0482,0.13214,0
-0.0038147,-0.014496,-0.021973,2.0482,0.13367,0
0.0021362,-0.0057983,-0.012512,1.3655,0.13824,0
0.0015259,-0.00091553,0.0079346,1.8206,0.14862,0
-0.0033569,0.0013733,0.031433,2.2757,0.16296,0
-0.0019836,0.0036621,0.068207,1.1379,0.17303,0
0.0024414,0.0039673,0.10162,1.3655,0.177,0
0.0039673,0.0056458,0.10132,2.5033,0.1709,0
0.0050354,0.010529,0.075378,2.2757,0.15717,0
0.0061035,0.012207,0.048828,2.2757,0.14191,0
0.0073242,0.011139,0.026855,2.2757,0.12878,0
0.0079346,0.0093079,0.012512,2.5033,0.12238,0
0.0062561,0.0099182,0.0036621,2.0482,0.12329,0
0.0041199,0.0082397,-0.0082397,2.0482,0.12573,0
0.00076294,0.0027466,-0.020142,2.5033,0.11902,0
-0.0015259,-0.00045776,-0.028839,2.7309,0.1062,0
-0.0022888,0.00045776,-0.03067,2.5033,0.095825,0
-0.0045776,0.0032043,-0.023041,2.2757,0.091858,0
-0.0064087,0.0088501,-0.018158,2.5033,0.09491,0
-0.0059509,0.015411,-0.019989,2.2757,0.10345,0
-0.0024414,0.018616,-0.020752,1.5931,0.10712,0
0.00030518,0.018005,-0.036011,1.8206,0.10468,0
0.00045776,0.011749,-0.075531,2.9584,0.10468,0
-0.00015259,0.01236,-0.09201,2.7309,0.10559,0
-0.0010681,0.02594,-0.036163,2.2757,0.10529,0
-0.002594,0.039062,0.022278,2.2757,0.10559,0
-0.0028992,0.036011,0.023651,2.2757,0.11139,0
-0.0015259,0.03418,0.0071716,2.2757,0.11902,0
0.0028992,0.036011,0.00030518,2.2757,0.13062,0
0.0062561,0.037079,-0.0059509,2.0482,0.14008,0
0.0080872,0.032196,-0.011292,2.2757,0.14618,0
0.0068665,0.028229,-0.004425,2.0482,0.15076,0
0.0068665,0.024414,0.0028992,1.8206,0.14923,0
0.0073242,0.021515,-0.0064087,2.2757,0.14709,0
0.0062561,0.022125,-0.013733,2.2757,0.14526,0
0.0032043,0.02243,-0.012665,2.7309,0.14557,0
0.0027466,0.022583,-0.015564,2.5033,0.14648,0
0.0028992,0.019379,-0.023804,2.0482,0.14557,0
0.0032043,0.017853,-0.023651,2.2757,0.14496,0
0.0030518,0.016022,-0.022583,2.0482,0.14343,0
0.0013733,0.013885,-0.020599,2.7309,0.14282,0
-0.00091553,0.01297,-0.015259,1.8206,0.14252,0
-0.0024414,0.012817,-0.009613,2.0482,0.14587,0
-0.0030518,0.013885,-0.0027466,1.8206,0.14862,0
-0.0045776,0.019379,-0.0053406,2.0482,0.14893,0
-0.0085449,0.032196,-0.025787,2.2757,0.14893,0
-0.010071,0.041962,-0.035706,2.0482,0.15198,0
-0.0053406,0.048828,-0.015869,1.5931,0.15198,0
0.0024414,0.046082,0.0076294,1.8206,0.14984,0
0.0076294,0.038605,0.0056458,2.2757,0.14252,0
0.0082397,0.034485,-0.0091553,2.0482,0.13031,0
0.0064087,0.0383,-0.0091553,1.8206,0.11963,0
0.0074768,0.042419,0.0015259,1.8206,0.10773,0
0.011902,0.044098,0.0064087,2.2757,0.09613,0
0.013885,0.044098,-0.0094604,2.5033,0.08667,0
0.010834,0.04837,-0.037994,2.2757,0.078735,0
0.0050354,0.046692,-0.06546,1.5931,0.069885,0
0.00015259,0.033569,-0.080566,1.8206,0.068359,0
-0.0015259,0.023346,-0.060272,2.0482,0.072327,0
-0.00091553,0.025024,-0.014038,2.5033,0.081482,0
0.00091553,0.024414,0.011139,2.7309,0.089417,0
0.004425,0.018311,0.0067139,2.7309,0.095825,0
0.0068665,0.0099182,-0.007019,2.5033,0.097351,0
0.0093079,-0.0019836,-0.019989,2.5033,0.09613,0
0.010223,-0.012665,-0.02655,2.5033,0.093384,0
0.010681,-0.016937,-0.020447,2.2757,0.093689,0
0.010681,-0.015564,-0.0094604,2.0482,0.09613,0
0.0088501,-0.014191,0.0039673,1.8206,0.098267,0
0.0064087,-0.015717,0.026245,2.0482,0.097351,0
0.0032043,-0.017853,0.045166,1.8206,0.094604,0
0.0010681,-0.019531,0.051727,2.5033,0.091553,0
0.0024414,-0.023499,0.04425,2.2757,0.093689,0
0.005188,-0.024261,0.027771,2.5033,0.10284,0
0.0080872,-0.025482,0.0099182,2.7309,0.11383,0
0.0067139,-0.028229,-0.0027466,2.0482,0.12146,0
0.0041199,-0.031281,-0.016174,1.8206,0.12299,0
0.0039673,-0.027618,-0.01358,2.0482,0.12177,0
0.0033569,-0.023041,0.0022888,2.2757,0.11932,0
0.0015259,-0.020294,0.021667,2.0482,0.11658,0
-0.0012207,-0.023956,0.0383,2.5033,0.11322,0
-0.0050354,-0.026093,0.044098,2.5033,0.11139,0
-0.0057983,-0.029602,0.044098,1.8206,0.10925,0
-0.0053406,-0.030365,0.046539,1.8206,0.10101,0
-0.0088501,-0.02655,0.053864,2.0482,0.083008,0
-0.010834,-0.028229,0.056,1.8206,0.062866,0
-0.0097656,-0.031738,0.04715,2.0482,0.050659,0
-0.0048828,-0.035858,0.035248,2.2757,0.05249,0
0.0027466,-0.045624,0.018463,1.8206,0.062561,0
0.0073242,-0.05661,-0.0064087,2.2757,0.071106,0
0.0099182,-0.054474,-0.023346,1.8206,0.065918,0
0.011292,-0.041962,-0.026703,2.2757,0.045166,0
0.012207,-0.036316,-0.013885,2.5033,0.011902,0
0.011902,-0.040283,0.012817,2.5033,-0.021667,0
0.0083923,-0.043488,0.026245,2.5033,-0.051575,0
0.0053406,-0.037384,0.027008,3.186,-0.073853,0
0.0061035,-0.024414,0.02594,3.4135,-0.086365,0
0.0067139,-0.016479,0.030365,2.9584,-0.094299,0
0.0053406,-0.01358,0.038452,2.5033,-0.10193,0
0.004425,-0.0080872,0.040283,2.2757,-0.11078,0
0.0050354,0,0.036621,1.8206,-0.12177,0
0.0064087,0.0062561,0.033264,2.7309,-0.13123,0
0.0074768,0.010071,0.02121,2.5033,-0.13885,0
0.0080872,0.012054,-0.0047302,1.8206,-0.14282,0
0.007782,0.012665,-0.018768,2.5033,-0.14038,0
0.0097656,0.010834,-0.0097656,2.5033,-0.12695,0
0.011292,0.0086975,0.009613,2.0482,-0.10895,0
0.010071,0.0056458,0.020599,2.9584,-0.088806,0
0.005188,0.00015259,0.016022,2.5033,-0.068054,0
0.0010681,-0.0035095,0.002594,2.5033,-0.05188,0
-0.00030518,-0.0048828,-0.011139,2.0482,-0.04425,0
-0.0013733,-0.00045776,-0.023346,2.0482,-0.037537,0
-0.0015259,0.0097656,-0.035553,1.8206,-0.028381,0
0.00015259,0.020905,-0.037689,2.5033,-0.01709,0
0.0019836,0.025635,-0.036621,2.0482,-0.0057983,0
0.0038147,0.034332,-0.035553,2.2757,0.0018311,0
0.0032043,0.042419,-0.026398,2.0482,-0.0018311,0
0.0015259,0.050049,-0.0038147,2.0482,-0.017395,0
-0.00045776,0.054474,0.026093,2.5033,-0.038452,0
-0.00061035,0.050354,0.047913,1.8206,-0.059204,0
0.00030518,0.039062,0.065765,1.8206,-0.075684,0
0.00045776,0.026855,0.08255,1.8206,-0.091248,0
0.0047302,0.013885,0.091095,1.8206,-0.1001,0
0.010529,0.00076294,0.090179,1.8206,-0.10345,0
0.014038,-0.007019,0.084076,1.5931,-0.10681,0
0.014648,-0.010071,0.074463,1.3655,-0.11353,0
0.010529,-0.019073,0.062256,1.5931,-0.12115,0
0.0042725,-0.025024,0.0383,2.7309,-0.12604,0
-0.0019836,-0.027771,-0.00045776,1.3655,-0.12512,0
-0.0039673,-0.027313,-0.04364,1.5931,-0.11902,0
-0.0024414,-0.016632,-0.06958,1.5931,-0.1059,0
-0.0024414,-0.0091553,-0.071259,2.0482,-0.089111,0
-0.0054932,-0.0083923,-0.06485,2.5033,-0.073853,0
-0.0047302,-0.0091553,-0.059509,2.0482,-0.063171,0
-0.00015259,-0.011292,-0.070801,2.0482,-0.061035,0
0.0033569,-0.016022,-0.095215,2.0482,-0.064392,0
0.0035095,-0.016937,-0.11871,1.8206,-0.065613,0
-0.0021362,-0.018158,-0.13641,2.0482,-0.059204,0
-0.010529,-0.018616,-0.14526,1.8206,-0.045776,0
-0.016632,-0.021057,-0.1384,2.2757,-0.031433,0
-0.0177,-0.023956,-0.12436,1.5931,-0.028381,0
-0.014648,-0.022583,-0.11124,2.0482,-0.037537,0
-0.009613,-0.022736,-0.11337,2.0482,-0.053711,0
-0.0047302,-0.029144,-0.13031,2.5033,-0.067444,0
0.00061035,-0.029449,-0.16022,2.2757,-0.076294,0
0.002594,-0.026703,-0.19928,2.5033,-0.079346,0
-0.00015259,-0.022736,-0.23651,2.2757,-0.081177,0
-0.0056458,-0.017548,-0.2771,2.5033,-0.080261,0
-0.012512,-0.011292,-0.31815,1.8206,-0.081787,0
-0.020142,0.0033569,-0.32593,2.0482,-0.084229,0
-0.025482,0.011444,-0.30029,2.0482,-0.086975,0
-0.027313,0.007019,-0.28015,1.8206,-0.089111,0
-0.021667,0.0045776,-0.28931,1.8206,-0.086365,0
-0.013428,0.0059509,-0.30411,2.2757,-0.079346,0
-0.0064087,0.0065613,-0.30945,2.2757,-0.071716,0
0.0015259,0.011292,-0.3212,2.0482,-0.068665,0
0.0086975,0.017242,-0.33051,1.5931,-0.066528,0
0.013123,0.016022,-0.32608,1.8206,-0.066223,0
0.014038,0.011749,-0.32471,1.8206,-0.063477,0
0.012512,0.0076294,-0.33249,2.2757,-0.055237,0
0.0068665,0.0074768,-0.34103,2.2757,-0.050354,0
0.0022888,0.0056458,-0.35065,2.7309,-0.050049,0
0.002594,0.0016785,-0.37994,2.2757,-0.049438,0
0.007782,-0.004425,-0.42114,2.2757,-0.047302,0
0.016785,-0.0079346,-0.45746,1.8206,-0.039673,0
0.021667,-0.010681,-0.48203,1.1379,-0.02594,0
0.020752,-0.012207,-0.48798,1.8206,-0.010071,0
0.020447,-0.0082397,-0.4808,2.0482,0.0057983,0
0.018463,-0.0039673,-0.4808,1.1379,0.016785,0
0.013885,-0.0053406,-0.48431,2.2757,0.028381,0
0.0097656,-0.0045776,-0.48309,1.8206,0.042114,0
0.004425,0.0057983,-0.47501,2.0482,0.057678,0
0,0.014038,-0.46234,1.8206,0.072632,0
-0.0015259,0.009613,-0.45151,2.0482,0.085754,0
-0.0016785,0.00015259,-0.45517,2.9584,0.093079,0
-0.0028992,-0.0061035,-0.46066,2.7309,0.097656,0
-0.0053406,-0.0056458,-0.45792,2.7309,0.10254,0
-0.0099182,-0.0056458,-0.43533,2.5033,0.10681,0
-0.0094604,-0.0028992,-0.37689,2.7309,0.10986,0
-0.0074768,-0.0022888,-0.28961,2.7309,0.11047,0
-0.0093079,-0.0053406,-0.21286,2.2757,0.10803,0
-0.011902,-0.01297,-0.15732,2.2757,0.10681,0
-0.011749,-0.024567,-0.096283,2.0482,0.10498,0
-0.010071,-0.024872,-0.011597,2.2757,0.10498,0
-0.0083923,-0.018311,0.098724,2.5033,0.099487,0
-0.0038147,-0.010681,0.23453,2.9584,0.088501,0
0.0048828,-0.01297,0.37003,2.7309,0.081482,0
0.0064087,-0.021667,0.48401,2.7309,0.084229,0
0.0018311,-0.027161,0.57571,1.8206,0.088196,0
-0.0016785,-0.028076,0.6517,2.0482,0.088196,0
-0.0021362,-0.02533,0.71259,1.8206,0.083008,0
-0.00015259,-0.023193,0.76675,2.2757,0.06958,0
0.00045776,-0.026855,0.80902,2.9584,0.050659,0
-0.0012207,-0.031586,0.84473,2.5033,0.032043,0
-0.0024414,-0.033417,0.8815,2.0482,0.027466,0
-0.0053406,-0.035248,0.91553,2.5033,0.036926,0
-0.013275,-0.035095,0.94879,2.2757,0.050049,0
-0.020142,-0.030823,0.98679,1.8206,0.052185,0
-0.023346,-0.024719,1.0236,2.0482,0.039368,0
-0.022278,-0.016632,1.0577,1.8206,0.019836,0
-0.016632,-0.0088501,1.1006,1.5931,0.0064087,0
-0.010986,-0.0033569,1.1475,2.2757,-0.00030518,0
-0.0086975,0.0018311,1.178,1.8206,-0.0018311,0
-0.0067139,0.0067139,1.2032,1.8206,-0.0033569,0
-0.0050354,0.012665,1.2265,1.8206,-0.0094604,0
-0.0015259,0.014496,1.2407,2.2757,-0.024109,0
0.0028992,0.012512,1.236,2.0482,-0.04364,0
0.0064087,0.014954,1.2219,1.5931,-0.056763,0
0.0086975,0.022125,1.2157,2.0482,-0.059509,0
0.007782,0.025635,1.2,1.3655,-0.054932,0
0.0061035,0.020752,1.1581,1.5931,-0.050964,0
0.0050354,0.015717,1.1028,1.5931,-0.052185,0
0.00045776,0.019836,1.049,2.0482,-0.057983,0
-0.0039673,0.023956,1.0005,2.2757,-0.068359,0
-0.0027466,0.024414,0.9584,1.5931,-0.073242,0
0.0039673,0.021667,0.91934,2.5033,-0.075989,0
0.0088501,0.018921,0.86517,2.2757,-0.074768,0
0.009613,0.018005,0.79407,2.2757,-0.06897,0
0.010223,0.016022,0.72525,2.2757,-0.06073,0
0.011902,0.013733,0.66895,2.2757,-0.050659,0
0.013275,0.013428,0.60928,1.8206,-0.04425,0
0.013123,0.012512,0.54108,2.0482,-0.047913,0
0.012207,0.01297,0.48233,2.5033,-0.058594,0
0.011749,0.013733,0.43655,2.2757,-0.071106,0
0.0090027,0.019836,0.38452,2.2757,-0.081177,0
0.0047302,0.022278,0.31357,2.7309,-0.083923,0
0.0013733,0.024414,0.23163,2.2757,-0.081482,0
0,0.023041,0.15747,2.5033,-0.079651,0
0.0018311,0.018463,0.091553,2.7309,-0.075989,0
0.0048828,0.019073,0.035553,2.0482,-0.065918,0
0.0012207,0.02243,-0.01358,1.5931,-0.051575,0
-0.005188,0.029144,-0.061951,2.7309,-0.038757,0
-0.0065613,0.032043,-0.10727,2.7309,-0.032959,0
-0.0047302,0.032349,-0.14862,2.5033,-0.029602,0
-0.0012207,0.031128,-0.19165,2.7309,-0.030823,0
0.0068665,0.031891,-0.24399,2.7309,-0.033875,0
0.011444,0.030975,-0.3006,2.0482,-0.036316,0
0.0065613,0.032196,-0.34882,1.8206,-0.036621,0
-0.00061035,0.033264,-0.39017,1.8206,-0.032349,0
-0.0038147,0.026855,-0.43015,2.2757,-0.029602,0
-0.0012207,0.015259,-0.46753,1.3655,-0.027161,0
0.002594,0.0057983,-0.50491,1.8206,-0.026245,0
0.0085449,0.00045776,-0.5394,1.8206,-0.027466,0
0.015106,0,-0.55618,2.2757,-0.027466,0
0.019379,0.00061035,-0.56564,1.8206,-0.024109,0
0.017853,0.00061035,-0.58105,2.2757,-0.019226,0
0.012512,0.00015259,-0.60516,1.8206,-0.014648,0
0.0062561,-0.0035095,-0.62286,2.2757,-0.011902,0
0.0013733,-0.0090027,-0.62469,1.8206,-0.0091553,0
-0.0024414,-0.012512,-0.62073,1.3655,-0.0091553,0
-0.0048828,-0.015717,-0.61493,2.2757,-0.011902,0
-0.0053406,-0.013885,-0.60867,2.5033,-0.016785,0
-0.0053406,-0.010071,-0.61005,1.8206,-0.017395,0
-0.005188,-0.0024414,-0.60928,1.5931,-0.0076294,0
-0.0039673,-0.00030518,-0.59616,2.5033,0.011292,0
-0.00045776,-0.002594,-0.58136,2.2757,0.035706,0
0.0013733,-0.004425,-0.56198,1.8206,0.056152,0
0.002594,0.00015259,-0.5426,1.8206,0.067749,0
0.0061035,0.0022888,-0.53268,2.5033,0.076599,0
0.011292,0.0015259,-0.52521,2.2757,0.088806,0
0.012512,0.0012207,-0.52872,2.2757,0.10895,0
0.012207,0.0019836,-0.55695,2.5033,0.13123,0
0.0094604,0.0010681,-0.58456,2.2757,0.14893,0
0.0061035,0.01236,-0.54443,2.5033,0.15961,0
0.0054932,0.031281,-0.45135,2.5033,0.16541,0
0.0032043,0.027466,-0.40649,2.2757,0.16693,0
-0.0010681,0.011749,-0.40695,2.0482,0.16235,0
-0.0019836,0.0062561,-0.40039,2.0482,0.15625,0
0.00061035,0.0073242,-0.38971,2.0482,0.1532,0
0.0016785,0.0097656,-0.38376,1.8206,0.1532,0
0.00091553,0.010529,-0.37064,2.5033,0.15686,0
0.0012207,0.010529,-0.34256,2.7309,0.16235,0
0.0050354,0.010681,-0.31128,2.0482,0.16663,0
0.0074768,0.012817,-0.30121,2.5033,0.16815,0
0.0059509,0.01709,-0.30884,2.2757,0.16937,0
0.002594,0.014801,-0.31967,1.8206,0.16876,0
-0.0013733,0.010834,-0.31586,1.8206,0.16876,0
-0.0018311,0.015106,-0.29053,2.0482,0.16937,0
0.00091553,0.017395,-0.25757,1.8206,0.16693,0
0.0022888,0.017853,-0.23163,1.8206,0.16235,0
-0.00030518,0.013885,-0.21774,2.2757,0.15045,0
-0.0042725,0.0079346,-0.2182,2.0482,0.13672,0
-0.0062561,0.0061035,-0.224,2.2757,0.12695,0
-0.0074768,0.0056458,-0.22766,1.5931,0.13306,0
-0.009613,0.0059509,-0.21835,1.8206,0.15167,0
-0.013275,0.0068665,-0.20615,2.0482,0.17334,0
-0.014954,0.0047302,-0.20157,1.8206,0.18768,0
-0.0093079,0.0035095,-0.19318,1.8206,0.1886,0
0.00030518,0.0065613,-0.17426,1.3655,0.17609,0
0.0071716,0.010071,-0.15167,2.5033,0.16174,0
0.0091553,0.01297,-0.12665,2.0482,0.15167,0
0.010834,0.0097656,-0.099335,2.2757,0.14923,0
0.014191,0.0074768,-0.07782,2.2757,0.15381,0
0.014648,0.0085449,-0.074158,2.2757,0.16449,0
0.012817,0.0065613,-0.075226,2.0482,0.177,0
0.010986,0.0015259,-0.074768,2.5033,0.18921,0
0.007782,-0.0080872,-0.071869,2.5033,0.2002,0
0.0035095,-0.01709,-0.054169,2.0482,0.20599,0
-0.00045776,-0.016937,-0.031433,2.2757,0.20844,0
-0.0033569,-0.0050354,-0.0097656,2.2757,0.21271,0
-0.0042725,0.0028992,0.013733,2.5033,0.21606,0
-0.0033569,0.0019836,0.037384,2.9584,0.21881,0
-0.0012207,-0.0068665,0.046844,2.5033,0.22186,0
-0.00045776,-0.013733,0.045624,2.5033,0.22217,0
-0.0028992,-0.015564,0.043335,2.5033,0.22064,0
-0.0015259,-0.011292,0.040588,2.5033,0.21973,0
0.002594,-0.0071716,0.037689,2.9584,0.21484,0
0.0042725,-0.0016785,0.03006,2.7309,0.20844,0
0.0062561,0,0.023804,3.186,0.19836,0
0.0099182,-0.0010681,0.017242,2.5033,0.19226,0
0.011444,-0.0033569,0.0056458,2.0482,0.18768,0
0.0099182,-0.0071716,-0.0093079,2.0482,0.18829,0
0.011902,-0.019836,-0.024567,2.2757,0.19348,0
0.015564,-0.039673,-0.036469,2.2757,0.2002,0
0.015564,-0.049591,-0.03891,2.2757,0.19836,0
0.01358,-0.048065,-0.033722,2.2757,0.18829,0
0.010834,-0.049591,-0.03479,2.7309,0.16937,0
0.0061035,-0.048828,-0.048065,2.0482,0.15167,0
0.0022888,-0.037537,-0.027466,2.2757,0.13947,0
-0.0015259,-0.032654,0.014954,1.5931,0.13397,0
-0.0036621,-0.03418,0.041046,2.0482,0.13306,0
-0.0039673,-0.037384,0.040741,2.0482,0.13275,0
-0.0076294,-0.036774,0.034943,1.8206,0.12817,0
-0.010529,-0.0383,0.04303,1.5931,0.1181,0
-0.0082397,-0.041351,0.049591,1.8206,0.10284,0
-0.0035095,-0.040436,0.0383,1.5931,0.089417,0
-0.0018311,-0.031586,0.03418,2.0482,0.080566,0
-0.0027466,-0.019379,0.072174,2.0482,0.07782,0
-0.0022888,-0.016327,0.12085,2.0482,0.075684,0
-0.0036621,-0.025482,0.11383,2.9584,0.065002,0
-0.0039673,-0.037231,0.072479,3.186,0.048828,0
-0.0015259,-0.024567,0.056,2.0482,0.030518,0
0.0018311,0.0045776,0.050964,2.2757,0.016479,0
0.0013733,0.020752,0.053253,2.2757,0.0067139,0
0.00045776,0.025024,0.054626,2.2757,-0.0036621,0
0.0036621,0.025482,0.055389,2.2757,-0.014343,0
0.0042725,0.025024,0.055695,2.5033,-0.022583,0
0.0028992,0.02533,0.055847,2.2757,-0.030212,0
0.0019836,0.025177,0.056152,1.8206,-0.039978,0
-0.00091553,0.025024,0.055695,2.2757,-0.052795,0
-0.0047302,0.025024,0.055542,2.0482,-0.068054,0
-0.0062561,0.025177,0.056152,2.2757,-0.079346,0
-0.0065613,0.025482,0.056,2.5033,-0.086975,0
-0.0076294,0.02533,0.055542,2.9584,-0.091248,0
-0.0085449,0.022736,0.052032,2.5033,-0.098877,0
-0.010681,0.007019,0.029907,2.7309,-0.10925,0
-0.011902,-0.00076294,0.016785,2.2757,-0.12085,0
-0.01297,-0.0042725,0.014038,2.5033,-0.13,0
-0.010834,-0.0013733,0.015106,2.2757,-0.13092,0
-0.0068665,0.0041199,0.024414,2.9584,-0.12207,0
-0.0047302,0.012512,0.03952,2.9584,-0.10284,0
-0.0074768,0.020599,0.041809,2.7309,-0.078125,0
-0.011292,0.028381,0.023499,2.2757,-0.06012,0
-0.011597,0.037079,0.007019,2.0482,-0.046997,0
-0.011749,0.044708,0.011597,2.0482,-0.041199,0
-0.011597,0.050049,0.026855,2.2757,-0.039368,0
-0.0088501,0.050201,0.041962,2.0482,-0.038147,0
-0.0061035,0.050049,0.049896,2.0482,-0.041504,0
-0.0053406,0.04776,0.048065,2.2757,-0.045166,0
-0.0053406,0.035706,0.047455,2.0482,-0.04425,0
-0.004425,0.013428,0.045929,1.8206,-0.041504,0
-0.0056458,-0.0074768,0.043335,1.8206,-0.039062,0
-0.010834,-0.02182,0.04776,2.5033,-0.038757,0
-0.014954,-0.027313,0.060272,1.5931,-0.037231,0
-0.015564,-0.026093,0.073547,1.5931,-0.03479,0
-0.012817,-0.014648,0.077667,1.5931,-0.02594,0
-0.0076294,0.00015259,0.081635,2.2757,-0.012512,0
-0.0018311,0.011292,0.10086,2.0482,-0.0018311,0
-0.00061035,0.015411,0.12512,1.5931,0.005188,0
-0.00061035,0.019073,0.12772,2.2757,0.0057983,0
0.0012207,0.025024,0.11276,2.2757,0.0033569,0
0.0047302,0.025177,0.10071,2.0482,0.0030518,0
0.0093079,0.019073,0.087128,1.8206,0.0030518,0
0.0099182,0.0085449,0.075531,2.2757,0.0073242,0
0.007782,-0.004425,0.079498,2.0482,0.012207,0
0.005188,-0.015411,0.097351,1.8206,0.020752,0
0.0065613,-0.022736,0.10147,2.0482,0.030518,0
0.011139,-0.031433,0.067291,2.0482,0.041504,0
0.010223,-0.04303,0.015411,2.0482,0.049744,0
0.0041199,-0.047302,0.010071,2.0482,0.060425,0
0.00030518,-0.045624,0.036621,2.2757,0.071411,0
-0.0038147,-0.047455,0.038757,2.5033,0.082092,0
-0.0079346,-0.051422,0.0177,2.5033,0.085144,0
-0.0019836,-0.040283,-0.0015259,2.5033,0.080872,0
0.007782,-0.023804,-0.010223,2.0482,0.068665,0
0.01297,-0.017395,-0.012817,2.7309,0.051575,0
0.011444,-0.016327,-0.01297,2.5033,0.035095,0
0.0039673,-0.016174,-0.01297,2.7309,0.018616,0
-0.0056458,-0.016327,-0.01297,2.5033,0.0061035,0
-0.007782,-0.016327,-0.012665,2.2757,-0.0036621,0
-0.0019836,-0.016479,-0.01297,2.2757,-0.010376,0
0.0019836,-0.016022,-0.012817,2.5033,-0.0088501,0
0.0019836,-0.016479,-0.012817,2.5033,-0.007019,0
0.00045776,-0.016479,-0.012665,2.5033,-0.0067139,0
-0.0041199,-0.016785,-0.011292,2.7309,-0.010376,0
-0.0086975,-0.020142,0.0010681,2.5033,-0.015259,0
-0.0091553,-0.027313,0.021515,2.2757,-0.014954,0
-0.0056458,-0.037689,0.0354,2.2757,-0.010681,0
0.00061035,-0.046997,0.042267,2.2757,-0.0091553,0
0.0094604,-0.048981,0.04776,2.0482,-0.013123,0
0.016632,-0.042267,0.046539,2.0482,-0.022278,0
0.017853,-0.033569,0.03952,1.5931,-0.029297,0
0.017853,-0.025787,0.034943,2.5033,-0.029297,0
0.017853,-0.019073,0.039368,2.0482,-0.019226,0
0.016937,-0.01358,0.046539,2.2757,-0.0024414,0
0.014343,-0.011139,0.047913,2.5033,0.019531,0
0.0097656,-0.0088501,0.055847,2.2757,0.043335,0
0.0062561,-0.0024414,0.067749,2.7309,0.067444,0
0.0048828,0.00015259,0.06546,1.8206,0.08606,0
0.0036621,-0.0030518,0.063629,1.5931,0.09552,0
0.0013733,-0.0076294,0.070953,2.2757,0.098572,0
0.00076294,-0.012817,0.074158,2.2757,0.10376,0
0.0024414,-0.020142,0.055695,2.2757,0.10986,0
0.002594,-0.023193,0.039673,2.7309,0.11688,0
-0.0024414,-0.025024,0.049591,2.2757,0.12024,0
-0.0045776,-0.030365,0.062103,2.5033,0.11902,0
-0.00030518,-0.033722,0.06012,2.5033,0.11292,0
0.0056458,-0.039673,0.050964,2.2757,0.10529,0
0.010376,-0.049896,0.035858,2.0482,0.09613,0
0.011139,-0.060883,0.027924,2.5033,0.084534,0
0.010071,-0.062256,0.028534,2.9584,0.072632,0
0.0064087,-0.054321,0.024261,2.5033,0.06012,0
-0.00045776,-0.046387,0.020599,2.2757,0.050659,0
-0.0039673,-0.041351,0.023956,2.7309,0.044861,0
-0.0032043,-0.035706,0.017853,2.2757,0.039062,0
0.0013733,-0.024261,0.0010681,2.0482,0.030823,0
0.0021362,-0.016937,-0.015564,2.2757,0.021667,0
-0.0021362,-0.017548,-0.016479,2.5033,0.0085449,0
-0.009613,-0.020294,-0.015564,2.5033,-0.0018311,0
-0.019073,-0.023651,-0.021057,2.5033,-0.0057983,0
-0.027771,-0.017853,-0.020752,2.7309,-0.0042725,0
-0.033112,-0.004425,-0.0086975,2.0482,0.0012207,0
-0.031128,0.0068665,0.00061035,2.7309,0.0088501,0
-0.023651,0.010071,-0.0036621,1.8206,0.012512,0
-0.016479,0.013123,-0.016785,1.5931,0.012817,0
-0.010681,0.018921,-0.027924,2.0482,0.005188,0
-0.0076294,0.029449,-0.024109,2.2757,-0.0042725,0
-0.010223,0.04303,-0.010681,2.2757,-0.007019,0
-0.013885,0.054932,0.0048828,2.2757,-0.00091553,0
-0.012207,0.06073,0.012665,2.5033,0.0082397,0
-0.010071,0.062714,0.020447,2.0482,0.014648,0
-0.011444,0.05722,0.020752,2.0482,0.015869,0
-0.013428,0.053864,0.015411,1.3655,0.018311,0
-0.010681,0.053406,0.0045776,1.8206,0.024109,0
-0.0064087,0.047455,-0.014954,2.0482,0.032349,0
-0.0064087,0.035248,-0.032043,1.8206,0.035706,0
-0.010071,0.02533,-0.037842,2.2757,0.036316,0
-0.014801,0.018005,-0.036926,2.2757,0.037842,0
-0.013733,0.015564,-0.028839,1.8206,0.044861,0
-0.0071716,0.014801,-0.018921,2.0482,0.053711,0
0.00030518,0.010529,-0.012054,2.0482,0.061646,0
0.0062561,0.010834,-0.014648,2.0482,0.067139,0
0.0042725,0.017395,-0.020142,2.2757,0.072021,0
-0.00015259,0.020905,-0.0073242,1.8206,0.072327,0
0.0018311,0.018921,0.018311,2.5033,0.065613,0
0.0079346,0.014801,0.031738,2.9584,0.05127,0
0.012665,0.010681,0.026398,2.5033,0.032654,0
0.014801,0.0039673,0.012665,2.2757,0.014954,0
0.017853,0.00091553,0.00091553,2.5033,0.00061035,0
0.020599,-0.002594,-0.0099182,2.7309,-0.010986,0
0.020294,-0.0033569,-0.02243,2.5033,-0.016174,0
0.018005,0.0036621,-0.032043,2.2757,-0.018311,0
0.014191,0.017548,-0.041962,3.186,-0.018311,0
0.012207,0.027771,-0.054474,2.7309,-0.016785,0
0.012512,0.024719,-0.061951,2.7309,-0.018005,0
0.016327,0.01709,-0.057678,2.7309,-0.024719,0
0.02121,0.01709,-0.04837,2.7309,-0.035706,0
0.024109,0.021057,-0.026703,2.5033,-0.045471,0
0.025482,0.023651,0.013275,2.7309,-0.047302,0
0.02533,0.021515,0.040741,2.7309,-0.044861,0
0.021973,0.020905,0.037384,1.8206,-0.044556,0
0.015411,0.02182,0.027618,2.5033,-0.046082,0
0.0076294,0.02243,0.032196,2.5033,-0.05127,0
-0.0013733,0.032349,0.040131,2.2757,-0.065613,0
-0.0099182,0.048065,0.044861,2.5033,-0.083923,0
-0.016327,0.057831,0.050049,2.5033,-0.099487,0
-0.0177,0.057983,0.04776,2.2757,-0.10742,0
-0.016174,0.053558,0.038605,2.7309,-0.10681,0
-0.013123,0.048065,0.03067,2.2757,-0.1062,0
-0.0082397,0.039215,0.02121,2.0482,-0.10986,0
-0.0045776,0.027466,0.016785,2.0482,-0.11414,0
0.0028992,0.016785,0.020142,1.5931,-0.11993,0
0.010986,0.0033569,0.025635,1.5931,-0.12695,0
0.014343,-0.016937,0.029755,2.5033,-0.13489,0
0.0177,-0.035706,0.043945,1.8206,-0.14313,0
0.023193,-0.051117,0.06485,1.8206,-0.14893,0
0.023804,-0.063171,0.072784,2.0482,-0.15442,0
0.020142,-0.076294,0.053406,2.0482,-0.15594,0
0.012054,-0.089417,0.018463,1.8206,-0.15381,0
0.0013733,-0.092621,-0.02182,1.1379,-0.14832,0
-0.0080872,-0.081177,-0.055695,1.8206,-0.1413,0
-0.010223,-0.061035,-0.061493,1.8206,-0.1358,0
-0.0054932,-0.045624,-0.044403,2.0482,-0.13367,0
0.00076294,-0.035858,-0.03006,2.2757,-0.13489,0
0.0045776,-0.028076,-0.019836,2.0482,-0.13489,0
0.0071716,-0.018921,-0.007019,2.0482,-0.13275,0
0.011292,-0.011139,0.009613,2.2757,-0.13092,0
0.017242,-0.0038147,0.023651,2.2757,-0.13031,0
0.018616,0.0012207,0.034027,2.2757,-0.13,0
0.013733,0.0010681,0.044556,1.8206,-0.13214,0
0.0050354,-0.002594,0.046997,2.7309,-0.13062,0
-0.0024414,-0.0012207,0.051575,2.2757,-0.12421,0
-0.0071716,0.007782,0.055695,2.5033,-0.1123,0
-0.0088501,0.022278,0.055084,2.5033,-0.099792,0
-0.0071716,0.040741,0.047913,2.0482,-0.091248,0
-0.0027466,0.048218,0.044556,2.0482,-0.092773,0
0.0057983,0.049896,0.043335,2.2757,-0.099182,0
0.013733,0.049896,0.043488,2.5033,-0.10468,0
0.0177,0.049438,0.043335,2.2757,-0.10773,0
0.019073,0.042267,0.042877,2.0482,-0.10925,0
0.018768,-0.0028992,0.035553,2.5033,-0.112,0
0.011292,-0.021362,0.021362,1.8206,-0.10925,0
-0.0013733,-0.027618,0.00076294,2.0482,-0.10406,0
-0.0073242,-0.040283,-0.018005,1.8206,-0.099182,0
-0.0062561,-0.049591,-0.03067,2.5033,-0.095825,0
-0.0039673,-0.039673,-0.041656,2.2757,-0.092468,0
-0.0024414,-0.031128,-0.069275,2.0482,-0.091248,0
-0.0015259,-0.046082,-0.13458,1.5931,-0.093689,0
-0.0016785,-0.051575,-0.18204,2.2757,-0.093384,0
0.00015259,-0.026703,-0.10956,1.3655,-0.090332,0
0.0030518,-0.0079346,0.015564,2.2757,-0.083923,0
0.0080872,-0.020599,0.064392,2.0482,-0.074158,0
0.011597,-0.025024,0.05188,2.2757,-0.059204,0
0.011902,-0.011749,0.039673,2.2757,-0.046082,0
0.010834,-0.0036621,0.037079,2.0482,-0.036011,0
0.0082397,-0.011597,0.031891,2.0482,-0.032043,0
0.0032043,-0.014191,0.032654,1.8206,-0.030212,0
0.00045776,0.0028992,0.056152,2.5033,-0.023804,0
-0.0019836,0.022583,0.085144,2.0482,-0.011597,0
-0.0059509,0.030975,0.10651,2.0482,0.005188,0
-0.010529,0.033722,0.11673,2.2757,0.019836,0
-0.010529,0.029449,0.1091,2.2757,0.029907,0
-0.0053406,0.010071,0.079346,1.8206,0.0354,0
0.0032043,-0.0082397,0.043182,2.5033,0.032959,0
0.0097656,-0.0053406,0.022888,1.5931,0.02533,0
0.010681,-0.0010681,0.0099182,2.0482,0.021973,0
0.011444,-0.021515,-0.0039673,1.5931,0.028076,0
0.014038,-0.050049,-0.012817,2.2757,0.040283,0
0.015411,-0.058746,-0.02182,2.7309,0.050354,0
0.014343,-0.047607,-0.040741,2.7309,0.055542,0
0.014648,-0.037231,-0.072632,2.2757,0.057678,0
0.014801,-0.033264,-0.089417,2.2757,0.06073,0
0.016174,-0.02594,-0.083313,2.5033,0.06958,0
0.015717,-0.016785,-0.081635,2.9584,0.081787,0
0.015564,-0.0085449,-0.090179,2.7309,0.095825,0
0.014038,-0.0013733,-0.089722,2.9584,0.10864,0
0.0085449,0.0048828,-0.076599,2.2757,0.12115,0
0.0032043,0.015869,-0.065308,2.5033,0.13458,0
-0.0047302,0.022736,-0.053558,2.2757,0.14435,0
-0.015869,0.021515,-0.034943,2.7309,0.14465,0
-0.020294,0.019226,-0.026703,2.5033,0.1355,0
-0.016632,0.016785,-0.040131,1.5931,0.12115,0
-0.017242,0.016479,-0.06485,2.7309,0.10895,0
-0.020905,0.011292,-0.080414,2.0482,0.11292,0
-0.022278,-0.00030518,-0.085907,2.2757,0.12756,0
-0.02243,-0.0030518,-0.088654,2.2757,0.14923,0
-0.025177,0.0027466,-0.079803,1.8206,0.16754,0
-0.026855,0.0073242,-0.054779,2.2757,0.17395,0
-0.02594,0.014038,-0.029297,2.5033,0.17151,0
-0.02243,0.023346,-0.018311,1.8206,0.16479,0
-0.01709,0.028687,-0.015259,1.8206,0.15869,0
-0.012054,0.028381,-0.011902,2.2757,0.15961,0
-0.0071716,0.028381,-0.00061035,1.5931,0.16327,0
-0.0019836,0.032196,0.011292,2.0482,0.16235,0
0.0036621,0.040588,0.020599,2.5033,0.15808,0
0.0086975,0.035095,0.039368,2.2757,0.15045,0
0.010071,0.022736,0.070648,2.2757,0.1413,0
0.0071716,0.013275,0.10422,2.2757,0.13458,0
0.0039673,0.010986,0.12253,2.2757,0.13794,0
0.0039673,0.011749,0.13657,2.2757,0.14587,0
0.0033569,0.011597,0.14633,2.2757,0.15228,0
0.0019836,0.013885,0.13123,2.0482,0.14862,0
0.0012207,0.023499,0.095978,2.5033,0.13947,0
-0.0016785,0.032349,0.058441,2.5033,0.12756,0
-0.0059509,0.038452,0.03891,2.0482,0.11169,0
-0.0083923,0.045166,0.036011,2.5033,0.093384,0
-0.010529,0.063934,0.039368,2.5033,0.070496,0
-0.011444,0.091705,0.049896,2.5033,0.049438,0
-0.007782,0.1152,0.072021,2.2757,0.035095,0
-0.0024414,0.12711,0.092316,2.2757,0.029602,0
0.002594,0.13107,0.10147,2.2757,0.031128,0
0.0053406,0.13962,0.10773,1.8206,0.035706,0
0.0067139,0.15991,0.11475,2.7309,0.04303,0
0.007782,0.17822,0.10956,3.186,0.049744,0
0.0086975,0.177,0.08728,3.186,0.050659,0
0.0099182,0.15671,0.054169,2.0482,0.044556,0
0.0097656,0.12802,0.023804,2.0482,0.03418,0
0.0079346,0.092926,0.0022888,2.5033,0.025635,0
0.0079346,0.065002,-0.0085449,2.7309,0.023499,0
0.0094604,0.052948,0.0085449,2.7309,0.022888,0
0.011139,0.028534,0.029449,2.7309,0.020142,0
0.011597,-0.015564,0.0094604,1.8206,0.015564,0
0.01236,-0.048981,-0.04303,2.7309,0.0079346,0
0.012207,-0.059357,-0.098419,2.2757,-0.00030518,0
0.010071,-0.071106,-0.13504,2.2757,-0.0045776,0
0.010376,-0.090179,-0.14328,2.5033,0.00061035,0
0.012207,-0.094604,-0.12711,2.2757,0.011292,0
0.012817,-0.07843,-0.10849,2.2757,0.018616,0
0.010376,-0.063019,-0.092468,2.5033,0.021057,0
0.0097656,-0.055389,-0.072021,2.2757,0.021057,0
0.010986,-0.055084,-0.054779,1.8206,0.013733,0
0.010681,-0.06424,-0.053558,1.8206,0.0018311,0
0.0097656,-0.074615,-0.046082,1.8206,-0.012512,0
0.0091553,-0.074005,-0.019379,1.8206,-0.020752,0
0.0085449,-0.06958,0.0022888,2.0482,-0.022583,0
0.0064087,-0.073242,0.014648,1.5931,-0.015564,0
0.0041199,-0.06424,0.019684,2.2757,-0.0021362,0
0.0013733,-0.037231,0.010071,2.2757,0.0057983,0
0.00061035,-0.018158,0.0021362,2.0482,0.0033569,0
0.00076294,-0.021515,0.0068665,1.8206,-0.0082397,0
0.00076294,-0.025482,0.016022,1.8206,-0.015259,0
0.0013733,-0.015106,0.020142,2.2757,-0.0073242,0
0.00091553,-0.00045776,0.013733,1.5931,0.0094604,0
0.0010681,0.0065613,0.0035095,2.2757,0.024414,0
0.0030518,-0.0035095,-0.0064087,2.2757,0.023804,0
0.0057983,-0.024261,-0.0042725,2.0482,0.015259,0
0.0048828,-0.048523,0.0010681,2.2757,0.010376,0
0.0012207,-0.068665,-0.01297,2.2757,0.015869,0
-0.0027466,-0.082855,-0.044403,2.0482,0.023804,0
-0.0041199,-0.095215,-0.069733,2.0482,0.024414,0
-0.0022888,-0.10422,-0.095978,2.0482,0.015564,0
-0.0035095,-0.10437,-0.12711,2.5033,0.007019,0
-0.007782,-0.096588,-0.14496,2.5033,0.0061035,0
-0.010529,-0.080414,-0.13199,2.5033,0.0064087,0
-0.013885,-0.06424,-0.098572,2.5033,0.0015259,0
-0.016479,-0.055542,-0.068665,2.2757,-0.011292,0
-0.016937,-0.054016,-0.050964,2.0482,-0.031128,0
-0.015259,-0.045319,-0.053558,2.2757,-0.049133,0
-0.012665,-0.031281,-0.065308,2.0482,-0.06134,0
-0.0073242,-0.028076,-0.062714,2.2757,-0.064392,0
-0.0045776,-0.029144,-0.048523,2.7309,-0.062561,0
-0.0067139,-0.020905,-0.03479,2.5033,-0.059509,0
-0.0088501,-0.0073242,-0.030212,1.5931,-0.065613,0
-0.0091553,-0.0010681,-0.023041,2.5033,-0.07782,0
-0.0083923,-0.00030518,0.0039673,2.0482,-0.08667,0
-0.0080872,0.0038147,0.035706,2.2757,-0.089417,0
-0.0088501,0.0064087,0.050354,2.2757,-0.089111,0
-0.0097656,0.0042725,0.053101,1.8206,-0.091248,0
-0.0094604,0.0038147,0.050507,2.2757,-0.093689,0
-0.0076294,0.0065613,0.056,2.7309,-0.09552,0
-0.0057983,0.011444,0.071716,2.2757,-0.10162,0
-0.0067139,0.017548,0.082397,2.5033,-0.10742,0
-0.0085449,0.020142,0.079498,2.5033,-0.10712,0
-0.0079346,0.023193,0.064545,1.3655,-0.09613,0
-0.0082397,0.029602,0.048065,1.5931,-0.082703,0
-0.004425,0.033569,0.037079,1.3655,-0.080566,0
0.0018311,0.032654,0.027771,1.5931,-0.092163,0
0.0057983,0.028076,0.02121,1.8206,-0.11444,0
0.0065613,0.029297,0.0079346,1.8206,-0.13733,0
0.007782,0.030975,-0.015564,2.0482,-0.14954,0
0.0088501,0.028229,-0.034943,2.9584,-0.14313,0
0.0080872,0.021667,-0.026703,2.0482,-0.12451,0
0.0061035,0.020447,0.014038,2.2757,-0.10162,0
0.0033569,0.020905,0.048065,2.2757,-0.088501,0
0.0012207,0.015411,0.049744,2.2757,-0.087585,0
0.0024414,0.007782,0.040741,2.2757,-0.094299,0
0.0021362,0.0013733,0.042267,2.5033,-0.09613,0
0.0010681,0.0012207,0.036163,2.2757,-0.087891,0
0.0048828,0.0062561,0.015717,1.8206,-0.068665,0
0.012512,0.0021362,0.0056458,2.5033,-0.045471,0
0.017548,-0.0088501,0.016174,2.5033,-0.029602,0
0.016479,-0.014038,0.022278,2.5033,-0.025635,0
0.0080872,-0.020905,0.024414,2.5033,-0.031738,0
-0.005188,-0.025635,0.016174,2.5033,-0.037537,0
-0.014801,-0.028229,-0.00015259,3.186,-0.035095,0
-0.015717,-0.024109,-0.016327,2.9584,-0.024414,0
-0.013885,-0.021973,-0.033417,2.0482,-0.010986,0
-0.010986,-0.020447,-0.061188,2.5033,-0.0061035,0
-0.007782,-0.012817,-0.083771,2.2757,-0.011292,0
-0.0048828,0.0036621,-0.07309,2.0482,-0.024414,0
-0.0033569,0.01709,-0.038757,2.2757,-0.033264,0
-0.0039673,0.028381,-0.0028992,2.2757,-0.02533,0
-0.005188,0.033264,0.013885,2.2757,-0.0057983,0
-0.007019,0.033112,0.028992,1.8206,0.0085449,0
-0.0085449,0.031281,0.045929,2.5033,0.011597,0
-0.0054932,0.031891,0.068359,3.186,0.0057983,0
-0.00030518,0.032196,0.093384,2.2757,0,0
0.0039673,0.031891,0.10712,2.5033,-0.0021362,0
0.011292,0.026093,0.10056,2.5033,-0.0024414,0
0.018921,0.014648,0.08316,2.5033,-0.0061035,0
0.019531,0.0033569,0.058441,1.8206,-0.016785,0
0.015717,-0.0068665,0.029755,1.3655,-0.028381,0
0.01358,-0.0080872,0.012207,1.3655,-0.029602,0
0.01297,0.0012207,0.0013733,2.0482,-0.020142,0
0.010986,0.0093079,-0.00015259,1.3655,-0.007019,0
0.011597,0.022583,0.0016785,1.5931,0.0033569,0
0.012665,0.028992,0.0019836,1.8206,0.0015259,0
0.011139,0.024109,0.0033569,2.0482,-0.014038,0
0.0097656,0.022888,-0.013275,1.8206,-0.040588,0
0.0091553,0.011749,-0.044861,1.8206,-0.063171,0
0.0086975,-0.0041199,-0.064545,1.8206,-0.076294,0
0.0080872,-0.0082397,-0.062256,2.2757,-0.07782,0
0.0073242,-0.0048828,-0.053101,2.0482,-0.071411,0
0.0035095,-0.0054932,-0.031738,2.2757,-0.064697,0
-0.00045776,-0.0059509,0.0056458,2.2757,-0.061646,0
-0.0019836,-0.0053406,0.022736,2.7309,-0.066833,0
-0.0030518,-0.0068665,-0.0073242,2.9584,-0.079651,0
-0.0028992,0,-0.065613,2.7309,-0.097046,0
-0.00030518,0.0177,-0.1207,2.0482,-0.11169,0
0.0050354,0.028839,-0.15274,2.7309,-0.11963,0
0.011292,0.03479,-0.13519,2.2757,-0.11902,0
0.010834,0.041046,-0.053406,2.7309,-0.11597,0
0.0062561,0.040894,0.016785,2.5033,-0.11505,0
0.0012207,0.038452,0.018921,2.0482,-0.11963,0
-0.0038147,0.0383,0.010223,2.0482,-0.12848,0
-0.007019,0.041962,0.024872,2.5033,-0.13824,0
-0.0035095,0.040131,0.030365,2.7309,-0.14343,0
0.0041199,0.035553,0.021057,2.0482,-0.1416,0
0.0082397,0.034637,0.0083923,2.5033,-0.1358,0
0.010071,0.033417,0.0061035,2.7309,-0.13458,0
0.0094604,0.038147,0.016785,2.7309,-0.13275,0
0.0065613,0.050812,0.039368,2.7309,-0.13275,0
0.0038147,0.057983,0.059814,2.0482,-0.12787,0
-0.0010681,0.052032,0.063629,2.5033,-0.11841,0
-0.0076294,0.039215,0.052032,1.8206,-0.10345,0
-0.013123,0.024261,0.039825,2.2757,-0.083618,0
-0.016937,0.0085449,0.039215,2.2757,-0.065002,0
-0.018616,-0.0050354,0.045471,2.5033,-0.048523,0
-0.019531,-0.024872,0.053406,2.5033,-0.030823,0
-0.017395,-0.042267,0.061035,2.5033,-0.01709,0
-0.013275,-0.049896,0.06073,2.2757,-0.0057983,0
-0.010071,-0.044708,0.043945,2.2757,0.0033569,0
-0.0076294,-0.041962,0.036011,2.2757,0.014648,0
-0.0038147,-0.041046,0.034332,1.8206,0.028992,0
-0.0015259,-0.041046,0.033722,1.8206,0.04425,0
-0.0032043,-0.040894,0.033722,1.8206,0.057678,0
-0.0065613,-0.041199,0.033569,2.2757,0.071106,0
-0.0059509,-0.040741,0.03418,2.5033,0.082397,0
-0.0028992,-0.040741,0.033722,1.8206,0.098572,0
0,-0.037842,0.030518,2.2757,0.1181,0
0.0022888,-0.018463,0.014954,1.8206,0.14313,0
0.0035095,-0.0027466,0.020142,1.3655,0.16907,0
0.005188,0.0090027,0.03006,2.0482,0.19653,0
0.004425,0.014343,0.026093,2.2757,0.22278,0
0.0028992,0.017242,-0.0035095,1.8206,0.24628,0
0.0019836,0.020447,-0.048981,2.0482,0.2655,0
0.0010681,0.019379,-0.069427,2.0482,0.27863,0
0.00015259,0.018921,-0.063629,2.0482,0.28442,0
0.00091553,0.014191,-0.066223,2.2757,0.28381,0
0.0041199,0.018463,-0.052185,2.0482,0.27954,0
0.0053406,0.034485,0.0067139,2.2757,0.27374,0
0.0048828,0.041656,0.045776,3.186,0.2652,0
0.0033569,0.023651,0.028076,2.7309,0.25726,0
-0.0018311,0.0024414,-0.0065613,2.7309,0.24841,0
-0.0099182,-0.016632,-0.029602,2.7309,0.23682,0
-0.013885,-0.037537,-0.042725,2.7309,0.22522,0
-0.015869,-0.059967,-0.050354,2.0482,0.21606,0
-0.01709,-0.071259,-0.043945,2.9584,0.21149,0
-0.015259,-0.069427,-0.028076,2.2757,0.20721,0
-0.0065613,-0.063629,-0.016174,2.5033,0.20569,0
0.00076294,-0.063934,-0.018005,2.2757,0.20874,0
-0.00061035,-0.0737,-0.032196,2.2757,0.21301,0
-0.0082397,-0.08194,-0.039673,2.5033,0.21912,0
-0.015411,-0.075226,-0.031738,2.5033,0.22369,0
-0.013123,-0.070801,-0.024261,2.2757,0.224,0
-0.00061035,-0.077209,-0.033875,2.2757,0.22034,0
0.015564,-0.085297,-0.055237,2.2757,0.21515,0
0.028076,-0.083923,-0.077667,2.5033,0.20691,0
0.035553,-0.066071,-0.07309,2.5033,0.20081,0
0.0383,-0.041656,-0.048523,1.8206,0.19897,0
0.035858,-0.031433,-0.015869,1.3655,0.19958,0
0.024414,-0.033112,-0.00091553,1.1379,0.20599,0
0.0085449,-0.032043,-0.0033569,1.8206,0.20782,0
-0.00045776,-0.032501,0.0099182,2.2757,0.20355,0
-0.0028992,-0.041962,0.047302,2.5033,0.19592,0
0.0036621,-0.062408,0.095673,1.5931,0.19043,0
0.011902,-0.076904,0.14633,2.2757,0.19012,0
0.016785,-0.076599,0.18311,2.2757,0.18951,0
0.017853,-0.070343,0.19928,2.5033,0.18219,0
0.015259,-0.061646,0.19913,2.5033,0.16663,0
0.010986,-0.057983,0.19913,2.0482,0.15533,0
0.0061035,-0.050201,0.21194,1.8206,0.14984,0
-0.00045776,-0.029755,0.21408,2.0482,0.15411,0
-0.007782,-0.013428,0.18921,1.8206,0.1593,0
-0.010834,-0.01236,0.16876,2.7309,0.16052,0
-0.0094604,-0.013123,0.17197,2.7309,0.15503,0
-0.0091553,-0.0064087,0.16693,2.5033,0.14771,0
-0.0093079,-0.0032043,0.13184,2.0482,0.13824,0
-0.0061035,0.00091553,0.088654,2.2757,0.12817,0
-0.0061035,0.014343,0.061798,2.9584,0.11749,0
-0.010681,0.024872,0.067444,2.7309,0.11078,0
-0.015717,0.032654,0.083618,2.0482,0.10498,0
-0.019989,0.036621,0.090637,2.5033,0.09491,0
-0.020294,0.038605,0.081635,2.7309,0.082092,0
-0.015869,0.035858,0.068054,2.0482,0.065918,0
-0.0091553,0.032654,0.063171,1.8206,0.046692,0
-0.0033569,0.032654,0.068512,1.8206,0.027161,0
-0.00030518,0.036316,0.077362,2.0482,0.007019,0
0.0022888,0.039978,0.086517,1.8206,-0.005188,0
0.0028992,0.040131,0.084839,2.7309,-0.010376,0
-0.0036621,0.040283,0.075684,2.5033,-0.010681,0
-0.011749,0.045624,0.067902,3.186,-0.0079346,0
-0.011444,0.055542,0.061493,2.2757,-0.0045776,0
-0.0053406,0.06424,0.054779,2.0482,0.0054932,0
-0.0015259,0.068054,0.066223,2.2757,0.018311,0
0.00061035,0.069885,0.087128,2.0482,0.029297,0
0.0013733,0.072327,0.095367,2.0482,0.032043,0
0.0018311,0.069427,0.07782,2.5033,0.02533,0
0.0033569,0.061493,0.052338,2.5033,0.015869,0
0.0065613,0.048828,0.03479,1.8206,0.010681,0
0.010376,0.037842,0.023651,1.1379,0.0067139,0
0.011139,0.028687,0.010834,2.2757,0.0030518,0
0.0091553,0.02243,0.0027466,2.2757,-0.0015259,0
0.0076294,0.011292,-0.011444,1.8206,-0.0082397,0
0.0083923,-0.0019836,-0.033417,1.5931,-0.011292,0
0.011444,-0.011444,-0.054779,1.5931,-0.0073242,0
0.010071,-0.019073,-0.086975,1.5931,0.0039673,0
0.0062561,-0.021667,-0.12985,1.5931,0.020752,0
0.0053406,-0.016632,-0.15015,1.8206,0.037842,0
0.0042725,-0.011292,-0.13077,2.0482,0.045166,0
0.0035095,-0.0091553,-0.090637,2.2757,0.045776,0
0.0056458,-0.0080872,-0.056915,2.5033,0.040894,0
0.0082397,-0.0030518,-0.045624,2.0482,0.032654,0
0.0064087,-0.0039673,-0.017853,2.2757,0.023193,0
0.0013733,-0.009613,0.023956,1.8206,0.013123,0
-0.0010681,-0.0083923,0.041046,2.7309,0.0024414,0
0.00030518,-0.0068665,0.036621,2.7309,-0.0088501,0
0.0019836,-0.0088501,0.03006,2.2757,-0.019836,0
0.0038147,-0.013428,0.017242,2.0482,-0.031433,0
0.0042725,-0.011749,-0.0016785,1.8206,-0.047607,0
0.004425,-0.0027466,-0.016327,2.0482,-0.069275,0
0.0032043,0.0074768,-0.02243,2.5033,-0.092773,0
0.0030518,0.016174,-0.031738,2.7309,-0.11078,0
0.0032043,0.027924,-0.040741,2.5033,-0.11963,0
0.0038147,0.045471,-0.031586,3.186,-0.11505,0
0.007782,0.058899,-0.0062561,2.5033,-0.10254,0
0.0088501,0.058594,0.019684,1.8206,-0.089111,0
0.0048828,0.044861,0.043335,2.2757,-0.074158,0
0.00030518,0.027618,0.06546,2.7309,-0.058899,0
-0.0016785,0.020294,0.074921,2.2757,-0.046997,0
-0.00091553,0.01236,0.067749,2.5033,-0.037537,0
0.00030518,0.0039673,0.074158,2.2757,-0.030518,0
0.0041199,-0.0022888,0.10239,2.2757,-0.022278,0
0.0062561,-0.016022,0.12863,1.8206,-0.013123,0
0.0032043,-0.029755,0.12024,1.8206,-0.0030518,0
-0.0028992,-0.038147,0.076599,2.0482,0.0036621,0
-0.011139,-0.041962,0.036163,2.0482,0.0082397,0
-0.016174,-0.039673,0.0027466,2.0482,0.0079346,0
-0.021057,-0.036774,-0.048676,2.2757,-0.0015259,0
-0.02655,-0.033569,-0.092468,2.2757,-0.019836,0
-0.03006,-0.02594,-0.086517,2.0482,-0.047913,0
-0.02594,-0.016327,-0.062256,1.8206,-0.076294,0
-0.015411,-0.014496,-0.052185,2.2757,-0.10071,0
-0.007019,-0.012665,-0.043945,2.2757,-0.12207,0
0.0032043,-0.011292,-0.030518,2.5033,-0.13885,0
0.014038,-0.017853,-0.015411,2.2757,-0.15381,0
0.019073,-0.024414,0.00076294,2.2757,-0.16724,0
0.018463,-0.03006,0.018158,1.5931,-0.17883,0
0.017395,-0.036163,0.045319,1.8206,-0.17914,0
0.018311,-0.041504,0.069122,2.2757,-0.16998,0
0.02243,-0.054016,0.066071,2.0482,-0.16022,0
0.025482,-0.067749,0.03479,1.3655,-0.15625,0
0.023499,-0.065308,-0.0038147,1.5931,-0.16235,0
0.017853,-0.044861,-0.026093,1.5931,-0.17548,0
0.011292,-0.011597,-0.025635,1.8206,-0.18646,0
0.0062561,0.022583,-0.032959,2.2757,-0.18402,0
-0.00061035,0.040588,-0.041351,2.2757,-0.16327,0
-0.0086975,0.039978,-0.019836,2.9584,-0.13824,0
-0.011139,0.037384,0.024567,2.7309,-0.12299,0
-0.0056458,0.031891,0.072784,2.7309,-0.12634,0
0.005188,0.024109,0.1059,2.7309,-0.1416,0
0.0177,0.012512,0.10818,2.9584,-0.15656,0
0.024719,0.0038147,0.11108,3.186,-0.16113,0
0.020142,0.0032043,0.13718,2.2757,-0.15656,0
0.012207,0.0042725,0.17334,2.2757,-0.14435,0
0.007782,0.0053406,0.19913,2.2757,-0.13336,0
0.0050354,0.014954,0.19485,2.7309,-0.12451,0
0.0019836,0.028839,0.16083,2.2757,-0.11505,0
-0.0028992,0.0354,0.11154,2.5033,-0.10437,0
-0.010834,0.0354,0.06897,2.7309,-0.092773,0
-0.020447,0.033112,0.056305,2.5033,-0.079041,0
-0.021667,0.027924,0.05722,2.5033,-0.065308,0
-0.015717,0.027924,0.054932,2.0482,-0.048523,0
-0.013885,0.032959,0.042419,2.9584,-0.030823,0
-0.015564,0.037537,0.02243,2.2757,-0.0088501,0
-0.012054,0.036163,0.011292,1.8206,0.013123,0
-0.0064087,0.029907,-0.0018311,2.0482,0.035095,0
-0.0045776,0.015259,-0.030365,1.8206,0.053711,0
-0.0047302,0.0091553,-0.068817,2.0482,0.06897,0
-0.0027466,0.010986,-0.098267,2.5033,0.078735,0
0.00061035,0.0083923,-0.10925,2.7309,0.082703,0
0.0016785,0.0015259,-0.095825,2.5033,0.082703,0
0.0018311,-0.0018311,-0.075378,1.5931,0.082092,0
0.0012207,0.0012207,-0.0383,1.8206,0.078735,0
-0.0035095,0.0035095,0.0048828,2.0482,0.071716,0
-0.0086975,-0.0013733,0.038147,1.3655,0.062866,0
-0.0080872,-0.018005,0.055237,2.2757,0.050354,0
-0.0056458,-0.034485,0.065002,2.2757,0.035706,0
-0.00030518,-0.03891,0.068665,2.2757,0.019836,0
0.0059509,-0.031128,0.053406,2.2757,0.0079346,0
0.0067139,-0.014343,0.019684,1.8206,0.00030518,0
0.005188,0.0019836,-0.0067139,2.0482,-0.0057983,0
0.0057983,0.01358,0.004425,2.5033,-0.011292,0
0.0067139,0.023193,0.045929,2.2757,-0.020447,0
0.0050354,0.022278,0.092468,2.0482,-0.033875,0
0.0028992,0.014496,0.11932,1.8206,-0.049744,0
0.0013733,0.019989,0.12894,2.7309,-0.064697,0
0.0022888,0.043182,0.11581,2.0482,-0.071106,0
0.0018311,0.069733,0.089569,2.2757,-0.069275,0
-0.0024414,0.09903,0.083923,2.7309,-0.065613,0
-0.0021362,0.1236,0.11078,2.7309,-0.068359,0
0.0032043,0.13138,0.097656,2.9584,-0.075989,0
0.0053406,0.13123,0.040588,2.7309,-0.080872,0
0.007019,0.1268,-0.010376,2.7309,-0.079346,0
0.010681,0.10925,-0.035553,2.9584,-0.067139,0
0.0067139,0.084381,-0.041351,2.9584,-0.050354,0
-0.0032043,0.060425,-0.046387,2.7309,-0.036926,0
-0.014954,0.033264,-0.049438,3.186,-0.032654,0
-0.018311,-0.0032043,-0.068665,2.5033,-0.036011,0
-0.012054,-0.032196,-0.10666,2.2757,-0.038147,0
-0.0012207,-0.036163,-0.12939,2.2757,-0.042114,0
0.0099182,-0.032043,-0.12573,2.9584,-0.046082,0
0.021362,-0.04303,-0.11032,2.0482,-0.045776,0
0.031891,-0.05188,-0.096283,2.5033,-0.043945,0
0.033569,-0.041504,-0.097656,2.0482,-0.039062,0
0.028534,-0.021362,-0.11398,1.5931,-0.032959,0
0.020905,-0.014343,-0.11963,1.8206,-0.021973,0
0.0094604,-0.023346,-0.09201,2.0482,-0.012817,0
0.0010681,-0.040131,-0.059509,2.2757,-0.0079346,0
-0.0032043,-0.056458,-0.026093,2.5033,-0.0048828,0
-0.0057983,-0.061951,0.021667,1.5931,-0.0057983,0
-0.0054932,-0.057678,0.091705,2.2757,-0.0076294,0
-0.0061035,-0.055695,0.15457,2.0482,-0.0088501,0
-0.012512,-0.065155,0.18509,2.7309,-0.011292,0
-0.018005,-0.093536,0.18005,2.2757,-0.01709,0
-0.020294,-0.12009,0.14023,1.8206,-0.025024,0
-0.020447,-0.13535,0.070496,2.2757,-0.027466,0
-0.015869,-0.14038,0.0074768,1.5931,-0.018921,0
-0.0076294,-0.1326,-0.014496,1.8206,-0.010986,0
-0.0012207,-0.11444,-0.013428,2.0482,-0.0085449,0
0.0013733,-0.09201,-0.015564,2.5033,-0.015259,0
-0.0013733,-0.071411,-0.023651,2.5033,-0.025024,0
-0.010681,-0.05127,-0.031891,1.8206,-0.030518,0
-0.018616,-0.034943,-0.048828,2.0482,-0.028687,0
-0.016632,-0.029297,-0.080719,1.5931,-0.015259,0
-0.0059509,-0.026703,-0.09491,2.5033,0.011292,0
0.0035095,-0.015717,-0.072937,2.5033,0.044861,0
0.0048828,-0.0032043,-0.044861,2.5033,0.068665,0
-0.0018311,0.0045776,-0.025635,2.0482,0.073242,0
-0.010681,0.0038147,-0.022888,2.2757,0.061035,0
-0.018768,0.00015259,-0.037842,2.7309,0.039978,0
-0.023499,-0.00076294,-0.065002,2.7309,0.023193,0
-0.025787,-0.0056458,-0.086212,2.5033,0.021362,0
-0.026093,-0.0177,-0.091248,2.5033,0.030212,0
-0.025787,-0.030975,-0.093079,2.2757,0.044556,0
-0.024261,-0.0354,-0.10361,2.5033,0.049438,0
-0.025177,-0.025787,-0.11536,2.2757,0.042725,0
-0.028381,-0.014496,-0.12848,2.2757,0.025635,0
-0.028534,-0.0016785,-0.12756,2.5033,0.0082397,0
-0.025635,0.016327,-0.10529,3.186,-0.0021362,0
-0.023346,0.039673,-0.078278,2.5033,0.0018311,0
-0.024261,0.050812,-0.080414,2.7309,0.016479,0
-0.023804,0.048218,-0.09613,2.5033,0.03418,0
-0.020752,0.047607,-0.089417,2.7309,0.045471,0
-0.015869,0.05249,-0.074768,2.0482,0.050659,0
-0.0065613,0.058594,-0.076904,2.2757,0.05249,0
0.0065613,0.059662,-0.08316,2.9584,0.050049,0
0.01297,0.059052,-0.087891,2.2757,0.048828,0
0.0036621,0.055542,-0.09491,2.0482,0.05127,0
-0.0057983,0.049438,-0.09491,2.0482,0.057983,0
-0.0057983,0.044098,-0.087891,2.0482,0.066528,0
-0.0045776,0.04425,-0.094147,2.7309,0.074768,0
-0.0050354,0.044556,-0.11581,1.8206,0.084229,0
-0.004425,0.044403,-0.12665,1.5931,0.09491,0
-0.002594,0.042725,-0.12436,1.8206,0.1062,0
-0.00015259,0.041656,-0.10696,2.0482,0.11719,0
0.00045776,0.03891,-0.083008,2.5033,0.12665,0
0.0027466,0.037537,-0.071411,2.7309,0.13763,0
0.013275,0.036621,-0.064392,2.0482,0.15472,0
0.028381,0.037994,-0.041504,1.8206,0.17426,0
0.037384,0.032043,-0.016479,2.2757,0.19196,0
0.042267,0.020294,-0.01358,2.5033,0.20172,0
0.048981,0.0032043,-0.030975,2.5033,0.19928,0
0.053864,-0.0042725,-0.030212,1.8206,0.1886,0
0.047607,-0.004425,-0.016632,2.0482,0.17822,0
0.036011,0.00045776,-0.015869,2.5033,0.17487,0
0.027618,-0.00061035,-0.044403,2.2757,0.18188,0
0.024567,-0.014191,-0.073395,2.2757,0.19348,0
0.021057,-0.031281,-0.066833,2.5033,0.2005,0
0.018158,-0.036621,-0.035553,2.2757,0.2002,0
0.016022,-0.027924,-0.012207,2.2757,0.19043,0
0.012665,-0.0097656,-0.0035095,2.5033,0.17334,0
0.0082397,0,-0.0021362,2.2757,0.15564,0
0.0010681,-0.0019836,0.011749,2.9584,0.14984,0
-0.0073242,-0.0035095,0.039673,2.2757,0.16144,0
-0.0099182,-0.0045776,0.056152,2.7309,0.18066,0
-0.0079346,-0.0073242,0.060883,2.7309,0.19531,0
-0.0067139,-0.0083923,0.074768,2.2757,0.19562,0
-0.0068665,-0.0091553,0.086517,2.2757,0.18097,0
-0.0065613,-0.0099182,0.079651,2.2757,0.16205,0
-0.0071716,-0.0048828,0.06012,2.0482,0.14893,0
-0.0061035,0.0059509,0.045013,2.2757,0.14465,0
-0.0013733,0.012512,0.039825,2.2757,0.15106,0
0.0053406,0.012054,0.047913,2.7309,0.159,0
0.010376,0.011902,0.074615,2.5033,0.16266,0
0.011749,0.0050354,0.091248,2.9584,0.16296,0
0.013275,-0.005188,0.078583,2.2757,0.16113,0
0.016785,-0.010834,0.05127,2.0482,0.15961,0
0.019531,-0.0056458,0.021057,1.8206,0.16022,0
0.018311,0.0039673,-0.002594,2.0482,0.16052,0
0.015259,0.012512,-0.02243,2.7309,0.15594,0
0.012817,0.015869,-0.032196,1.8206,0.14709,0
0.0088501,0.02243,-0.018921,2.0482,0.13733,0
0.0054932,0.025635,0.012054,1.8206,0.12604,0
0.0010681,0.02182,0.022278,2.5033,0.12115,0
-0.0038147,0.018463,0.0062561,1.3655,0.11902,0
-0.0085449,0.021515,-0.0085449,2.0482,0.11261,0
-0.011902,0.030518,-0.014954,2.2757,0.1001,0
-0.0080872,0.042267,-0.020752,1.8206,0.089111,0
-0.0033569,0.045624,-0.024872,1.3655,0.082092,0
-0.0041199,0.041809,-0.014648,2.2757,0.077209,0
-0.011139,0.0383,0.0013733,2.5033,0.073547,0
-0.015411,0.032501,-0.0021362,2.7309,0.072021,0
-0.013885,0.017853,-0.021057,2.0482,0.074768,0
-0.0061035,0.0015259,-0.046539,2.0482,0.078125,0
0.0050354,-0.0085449,-0.064087,2.2757,0.076599,0
0.007782,-0.013428,-0.070038,2.5033,0.072937,0
0.0019836,-0.018768,-0.079041,2.7309,0.065308,0
-0.0079346,-0.022125,-0.090027,2.2757,0.057373,0
-0.016022,-0.03067,-0.10086,2.0482,0.054321,0
-0.01358,-0.040894,-0.1033,2.5033,0.053711,0
-0.0059509,-0.053406,-0.0914,2.5033,0.052185,0
-0.0027466,-0.061035,-0.069733,3.186,0.046692,0
-0.005188,-0.06424,-0.055695,2.7309,0.039978,0
-0.010071,-0.058899,-0.06134,2.5033,0.030823,0
-0.0088501,-0.045319,-0.070648,2.5033,0.021057,0
-0.0022888,-0.03006,-0.045929,2.2757,0.0061035,0
0.004425,-0.025787,0.0035095,2.5033,-0.0033569,0
0.010071,-0.030975,0.027008,1.8206,-0.0061035,0
0.016632,-0.036316,0.019684,1.5931,0.00061035,0
0.02121,-0.038452,0.011292,1.8206,0.0097656,0
0.02594,-0.040741,-0.0038147,1.8206,0.014038,0
0.037079,-0.046082,-0.0093079,2.5033,0.0091553,0
0.045471,-0.049133,-0.0032043,2.2757,0.00091553,0
0.046387,-0.035706,-0.0038147,2.0482,-0.0067139,0
0.04425,-0.02594,-0.01358,2.9584,-0.0082397,0
0.044403,-0.028381,-0.027924,2.2757,-0.0024414,0
0.043182,-0.028687,-0.049133,2.2757,0.0048828,0
0.035858,-0.020752,-0.098419,2.0482,0.010986,0
0.020142,-0.014496,-0.14816,1.5931,0.010986,0
-0.00045776,-0.015106,-0.16281,0.91037,0.0054932,0
-0.018005,-0.016937,-0.14267,1.8206,-0.0030518,0
-0.024109,-0.014496,-0.10315,1.5931,-0.0091553,0
-0.018921,-0.010986,-0.053558,1.5931,-0.011597,0
-0.0083923,-0.012817,-0.0027466,1.8206,-0.0094604,0
0.0018311,-0.015259,0.037537,1.8206,-0.007019,0
0.007019,-0.015411,0.06012,2.7309,-0.0027466,0
0.0035095,-0.0073242,0.06958,2.5033,0.00061035,0
-0.0047302,0.010376,0.072174,1.8206,0.0021362,0
-0.016632,0.02243,0.070801,2.2757,0,0
-0.034637,0.022125,0.076904,1.8206,0,0
-0.051117,0.020599,0.085449,2.2757,-0.0030518,0
-0.059509,0.033264,0.094452,1.8206,-0.0085449,0
-0.06424,0.051422,0.10727,2.5033,-0.016174,0
-0.064087,0.056915,0.11749,2.2757,-0.02533,0
-0.05722,0.048828,0.12146,2.7309,-0.033264,0
-0.050049,0.038452,0.11566,2.7309,-0.038147,0
-0.041504,0.027924,0.1088,2.7309,-0.036316,0
-0.028534,0.020447,0.11063,2.2757,-0.030823,0
-0.011292,0.015259,0.12436,2.7309,-0.025635,0
0.0032043,0.0032043,0.13336,2.9584,-0.023499,0
0.0057983,-0.014038,0.1358,2.2757,-0.024414,0
0.0016785,-0.024109,0.12772,2.0482,-0.022583,0
0.005188,-0.03067,0.079651,2.9584,-0.015869,0
0.013123,-0.032043,0.030212,2.2757,-0.011597,0
0.016785,-0.022736,0.0013733,3.186,-0.010071,0
0.0177,-0.015411,-0.012512,2.5033,-0.0085449,0
0.018768,-0.016937,-0.015564,2.7309,-0.0036621,0
0.018158,-0.016174,-0.016327,2.5033,0.00061035,0
0.016022,-0.0028992,-0.010681,2.0482,-0.00091553,0
0.015564,0.0091553,0.0054932,2.7309,-0.012207,0
0.015564,0.0085449,0.023956,2.0482,-0.027771,0
0.012054,0.011444,0.041809,2.0482,-0.042725,0
0.0085449,0.025177,0.066833,2.0482,-0.05188,0
0.0094604,0.027008,0.093079,2.9584,-0.049438,0
0.0088501,0.020142,0.095825,1.8206,-0.045471,0
0.0021362,0.021057,0.081482,2.2757,-0.043335,0
-0.005188,0.020752,0.076294,2.2757,-0.041504,0
-0.010071,0.011749,0.087128,2.0482,-0.041809,0
-0.010529,0.002594,0.092926,1.3655,-0.040283,0
-0.007782,0.00030518,0.084076,2.2757,-0.0354,0
-0.0013733,0.00030518,0.079193,2.7309,-0.028687,0
0.0045776,0.00061035,0.07782,2.7309,-0.01709,0
0.0080872,0.00076294,0.077667,2.5033,-0.0057983,0
0.011749,0.00045776,0.077667,2.2757,0.0036621,0
0.010223,0.00076294,0.077667,2.2757,0.012512,0
0.00061035,0.00076294,0.077667,1.8206,0.022583,0
-0.0094604,0.00076294,0.078278,1.5931,0.033569,0
-0.010529,0.00061035,0.077667,1.8206,0.046997,0
-0.0071716,0.00045776,0.077667,1.1379,0.06012,0
-0.0083923,-0.0021362,0.076141,1.8206,0.069885,0
-0.0093079,-0.023499,0.06134,2.0482,0.07782,0
-0.0033569,-0.039062,0.018616,2.2757,0.084229,0
0.010834,-0.036926,-0.036011,1.1379,0.090637,0
0.027924,-0.023041,-0.070801,1.5931,0.097656,0
0.040283,-0.0035095,-0.055237,2.0482,0.099487,0
0.043945,0.0083923,-0.017548,2.5033,0.096741,0
0.034485,-0.0012207,-0.0057983,2.5033,0.089417,0
0.013428,-0.014954,-0.015717,2.0482,0.078735,0
-0.010071,-0.018616,-0.027771,2.2757,0.069275,0
-0.024719,-0.019226,-0.047913,1.8206,0.06134,0
-0.028229,-0.02121,-0.069275,2.7309,0.053101,0
-0.031281,-0.025787,-0.070496,2.2757,0.04303,0
-0.031128,-0.023651,-0.064697,2.5033,0.027466,0
-0.026093,-0.013885,-0.070038,2.5033,0.0061035,0
-0.019836,-0.010376,-0.079956,2.5033,-0.015869,0
-0.015564,-0.024261,-0.076904,2.9584,-0.038757,0
-0.01358,-0.036774,-0.05249,2.5033,-0.058594,0
-0.0093079,-0.043945,-0.028687,2.2757,-0.069885,0
0.0013733,-0.04837,-0.034485,2.2757,-0.074158,0
0.012512,-0.054321,-0.046997,2.5033,-0.071106,0
0.015411,-0.060272,-0.037079,1.8206,-0.066223,0
0.011444,-0.05249,-0.029602,2.5033,-0.061646,0
0.009613,-0.041656,-0.032806,1.8206,-0.056152,0
0.012054,-0.039062,-0.029602,2.0482,-0.052795,0
0.012817,-0.032349,-0.026398,2.5033,-0.048523,0
0.0083923,-0.016785,-0.041199,2.0482,-0.047302,0
0.0028992,-0.00015259,-0.04715,1.8206,-0.046387,0
0.00030518,0.010986,-0.014954,2.2757,-0.048523,0
-0.0012207,0.014343,0.042419,2.7309,-0.053101,0
-0.00076294,0.011444,0.078278,2.2757,-0.062561,0
-0.00061035,0.015869,0.092163,2.2757,-0.075378,0
-0.0022888,0.03418,0.10666,1.3655,-0.087585,0
-0.00091553,0.042267,0.11749,2.2757,-0.092773,0
-0.00076294,0.030975,0.1123,1.5931,-0.088806,0
-0.0032043,0.028381,0.098724,0.91037,-0.079041,0
-0.0045776,0.032349,0.090942,2.5033,-0.067749,0
-0.0054932,0.034332,0.099182,2.5033,-0.061035,0
-0.0061035,0.031128,0.10391,1.5931,-0.060425,0
-0.0059509,0.024567,0.096893,1.5931,-0.062866,0
0.0019836,0.018158,0.074005,2.2757,-0.063477,0
0.011444,0.015717,0.063477,1.8206,-0.06012,0
0.01236,0.015106,0.06073,2.2757,-0.048828,0
0.0048828,0.015564,0.06073,2.2757,-0.036011,0
0.00015259,0.014648,0.056152,2.2757,-0.026245,0
0.0018311,0.010223,0.024109,2.2757,-0.023499,0
0.005188,0.0045776,-0.019989,2.0482,-0.028381,0
0.0065613,0.0018311,-0.077209,1.3655,-0.035095,0
0.0032043,0.0018311,-0.12497,2.0482,-0.041504,0
-0.0056458,0.010071,-0.1384,2.2757,-0.039978,0
-0.0093079,0.020905,-0.12634,2.0482,-0.032349,0
-0.0062561,0.027466,-0.10544,2.2757,-0.022278,0
-0.0053406,0.023956,-0.091248,1.8206,-0.012512,0
-0.007019,0.01709,-0.089417,1.3655,-0.0073242,0
-0.0057983,0.0091553,-0.090485,3.186,-0.0085449,0
-0.0028992,0.010223,-0.071411,3.186,-0.012207,0
-0.0018311,0.017242,-0.043182,2.7309,-0.01709,0
-0.0050354,0.022736,-0.037537,2.2757,-0.018005,0
-0.010834,0.022125,-0.044556,2.2757,-0.014038,0
-0.014191,0.015106,-0.040131,2.0482,-0.0073242,0
-0.010986,0.0032043,-0.032501,2.5033,-0.0018311,0
-0.0015259,-0.00061035,-0.029755,2.7309,-0.00030518,0
0.0064087,0.00030518,-0.014496,2.2757,-0.0039673,0
0.010529,0.0064087,0.024567,2.0482,-0.014343,0
0.011444,0.014191,0.069733,1.8206,-0.027771,0
0.011749,0.017395,0.09552,2.0482,-0.042419,0
0.013275,0.015869,0.095978,2.2757,-0.054626,0
0.013275,0.01297,0.093536,2.0482,-0.061646,0
0.007782,0.014343,0.10544,2.2757,-0.062561,0
0.0041199,0.018311,0.13443,1.5931,-0.061646,0
0.0022888,0.018311,0.17059,1.5931,-0.062561,0
-0.00045776,0.0177,0.20721,2.5033,-0.067139,0
-0.0024414,0.014038,0.22766,2.0482,-0.071106,0
-0.0042725,0.0079346,0.22354,2.0482,-0.072937,0
-0.0073242,0.0039673,0.2005,2.2757,-0.072327,0
-0.010834,-0.00030518,0.16052,2.2757,-0.07019,0
-0.0082397,-0.0012207,0.1091,2.0482,-0.066528,0
-0.004425,0,0.071564,2.0482,-0.064087,0
-0.0032043,0.0015259,0.05249,2.0482,-0.059814,0
-0.0027466,-0.0015259,0.02655,2.2757,-0.056763,0
-0.0047302,-0.0015259,-0.016479,1.5931,-0.053711,0
-0.0061035,0.0028992,-0.052338,2.7309,-0.052795,0
-0.0048828,0.0032043,-0.057983,1.8206,-0.054626,0
-0.0015259,0.0024414,-0.037842,2.5033,-0.057068,0
0.0027466,0.0059509,-0.018158,2.7309,-0.06073,0
0.0064087,0.0097656,-0.014648,2.0482,-0.062561,0
0.0067139,0.011749,-0.013428,2.7309,-0.067139,0
0.0032043,0.0088501,-0.0041199,1.8206,-0.074463,0
0.0039673,0.0024414,0.0045776,2.0482,-0.080566,0
0.010834,-0.0053406,0.007019,2.2757,-0.082092,0
0.016937,-0.0067139,0.0010681,1.8206,-0.079651,0
0.015869,-0.0061035,-0.010834,2.5033,-0.073242,0
0.014801,-0.00045776,-0.015259,2.5033,-0.065308,0
0.015869,0.0068665,-0.022583,2.7309,-0.056763,0
0.015869,0.0091553,-0.041351,2.9584,-0.050354,0
0.01358,0.007019,-0.059662,2.5033,-0.045166,0
0.011444,0.0057983,-0.069733,2.0482,-0.042725,0
0.009613,0.0068665,-0.067902,2.0482,-0.041809,0
0.007782,0.0085449,-0.062256,1.8206,-0.042725,0
0.0041199,0.010071,-0.055389,2.2757,-0.044861,0
0.0033569,0.012817,-0.043488,2.0482,-0.04303,0
0.0056458,0.0082397,-0.028534,2.0482,-0.036316,0
0.0073242,0.0059509,-0.016632,2.5033,-0.028381,0
0.0061035,0.0038147,-0.0027466,2.2757,-0.019836,0
0.0050354,0.0018311,0.018158,2.0482,-0.014648,0
0.0065613,0.0032043,0.038757,2.5033,-0.013428,0
0.0067139,0.0010681,0.04303,2.2757,-0.013733,0
0.0065613,-0.005188,0.023346,1.5931,-0.011902,0
0.0062561,-0.0061035,0.0030518,1.5931,-0.0021362,0
0.0065613,-0.0013733,0.0099182,2.0482,0.010986,0
0.004425,-0.0013733,0.013428,1.8206,0.022888,0
0.0015259,-0.012665,-0.0021362,2.0482,0.032043,0
0.0010681,-0.028839,-0.015717,2.2757,0.037231,0
-0.0036621,-0.036621,-0.0048828,1.8206,0.046692,0
-0.011139,-0.035248,0.024567,1.8206,0.058289,0
-0.016327,-0.024414,0.046539,2.2757,0.070801,0
-0.014038,-0.010376,0.045319,1.3655,0.080261,0
-0.0076294,-0.0073242,0.035553,2.5033,0.088196,0
-0.0036621,-0.011749,0.027924,2.5033,0.093689,0
-0.0022888,-0.016479,0.026398,2.5033,0.097656,0
-0.00076294,-0.015869,0.023956,1.8206,0.10315,0
0.00045776,-0.0082397,0.017853,1.5931,0.10681,0
0.0019836,0.0065613,0.0085449,2.5033,0.10925,0
0.0054932,0.016632,0.00061035,2.2757,0.11047,0
0.010071,0.017548,-0.012207,2.5033,0.11108,0
0.01297,0.012817,-0.023651,1.8206,0.11292,0
0.014038,0.0085449,-0.032806,2.0482,0.11749,0
0.01236,0.0041199,-0.045166,2.2757,0.12482,0
0.0093079,-0.0010681,-0.054474,1.8206,0.13184,0
0.0062561,-0.0071716,-0.054321,2.5033,0.13885,0
0.0053406,-0.013275,-0.050354,2.9584,0.14404,0
0.0068665,-0.014038,-0.052795,3.186,0.14832,0
0.007782,-0.010986,-0.054169,2.9584,0.1532,0
0.0079346,-0.013275,-0.045013,2.5033,0.15839,0
0.007782,-0.019379,-0.028839,2.2757,0.16449,0
0.0057983,-0.027618,-0.016022,2.2757,0.16907,0
0.0018311,-0.03067,-0.021362,2.2757,0.17181,0
-0.0016785,-0.032806,-0.036774,2.5033,0.17151,0
-0.0053406,-0.035095,-0.042572,2.2757,0.1709,0
-0.0073242,-0.035858,-0.031738,2.2757,0.17212,0
-0.0068665,-0.035706,-0.015259,2.0482,0.17487,0
-0.0047302,-0.032959,-0.0033569,2.0482,0.17792,0
-0.0032043,-0.031891,0.0062561,2.5033,0.17944,0
-0.0030518,-0.036011,0.017395,2.2757,0.18127,0
-0.0010681,-0.0354,0.02533,2.2757,0.18158,0
-0.00045776,-0.028687,0.028839,1.8206,0.1825,0
-0.0021362,-0.020447,0.0354,1.8206,0.18402,0
-0.0036621,-0.009613,0.045929,2.5033,0.18494,0
-0.0015259,-0.0019836,0.046692,2.5033,0.18555,0
0.0019836,0.00061035,0.056305,2.2757,0.18829,0
0.0012207,0.002594,0.074158,2.5033,0.18951,0
0,0.0030518,0.081787,2.2757,0.18982,0
-0.0032043,0.0021362,0.08255,2.0482,0.19073,0
-0.0064087,0.0038147,0.089722,2.7309,0.18982,0
-0.0057983,0.0035095,0.096741,1.8206,0.18677,0
-0.0038147,0.0036621,0.084229,2.0482,0.18097,0
-0.0032043,0.0048828,0.066071,1.5931,0.17242,0
-0.0010681,0.0050354,0.05188,1.8206,0.16296,0
0.0038147,0.0016785,0.037384,1.8206,0.15533,0
0.0099182,-0.0024414,0.021515,1.5931,0.14923,0
0.011139,-0.007782,0.023499,2.2757,0.14496,0
0.0079346,-0.013885,0.039978,2.0482,0.14252,0
0.0062561,-0.016174,0.059814,2.2757,0.13977,0
0.0056458,-0.020752,0.072632,1.8206,0.13275,0
0.0030518,-0.028687,0.067139,2.5033,0.12299,0
0.00045776,-0.036926,0.036926,1.8206,0.11261,0
-0.00030518,-0.034332,-0.00061035,2.0482,0.10468,0
-0.0032043,-0.016022,-0.009613,2.7309,0.097656,0
-0.0076294,0.0010681,0.0032043,2.7309,0.091553,0
-0.009613,0.0062561,0.007782,2.2757,0.086975,0
-0.012054,0.01236,0.012817,2.7309,0.080872,0
-0.016174,0.021362,0.03006,2.5033,0.075684,0
-0.018616,0.028381,0.027924,2.7309,0.071106,0
-0.015259,0.031128,-0.00076294,2.5033,0.066833,0
-0.0097656,0.029755,-0.023956,2.9584,0.062256,0
-0.0074768,0.031128,-0.028534,2.5033,0.059509,0
-0.007019,0.029297,-0.030365,2.2757,0.057373,0
-0.005188,0.019684,-0.026703,2.5033,0.056152,0
-0.0018311,0.01236,-0.019379,2.5033,0.053711,0
-0.0015259,0.007019,-0.021515,1.8206,0.050354,0
-0.0036621,0.0041199,-0.033112,2.2757,0.045471,0
-0.0039673,0.0010681,-0.040283,2.7309,0.041504,0
-0.0033569,-0.0024414,-0.043335,2.2757,0.038757,0
-0.0041199,-0.0059509,-0.043488,2.2757,0.036926,0
-0.005188,-0.0076294,-0.04715,2.2757,0.035706,0
-0.004425,-0.0048828,-0.047302,2.0482,0.032654,0
-0.0028992,0.00061035,-0.045319,1.8206,0.030212,0
-0.00015259,0.0022888,-0.041504,1.8206,0.02533,0
-0.00030518,0,-0.029144,2.0482,0.022278,0
-0.0032043,-0.0010681,-0.011444,1.8206,0.019836,0
-0.0047302,0.00045776,0.0062561,1.5931,0.018921,0
-0.0036621,0.0056458,0.014343,2.0482,0.019226,0
-0.0012207,0.011749,0.018921,2.0482,0.018311,0
0.0018311,0.019531,0.030212,2.0482,0.018616,0
0.0065613,0.022125,0.054932,2.2757,0.01709,0
0.0088501,0.022125,0.084076,2.0482,0.015869,0
0.010223,0.018921,0.098114,1.5931,0.012512,0
0.011292,0.012665,0.09079,1.5931,0.0079346,0
0.0099182,0.0067139,0.068665,1.8206,0.0039673,0
0.007782,0.00061035,0.047607,2.0482,-0.00091553,0
0.0059509,-0.0013733,0.035858,1.8206,-0.0045776,0
0.0039673,-0.0018311,0.022888,2.0482,-0.0079346,0
0.0015259,-0.0035095,0.00076294,1.8206,-0.012512,0
0.00076294,-0.0042725,-0.021973,2.2757,-0.015869,0
-0.00015259,-0.0076294,-0.032349,2.2757,-0.017395,0
-0.0012207,-0.0088501,-0.039673,2.5033,-0.020142,0
-0.00076294,-0.0062561,-0.041962,2.5033,-0.020752,0
-0.00045776,0.00045776,-0.04303,2.5033,-0.020142,0
-0.0012207,0.0083923,-0.047302,2.7309,-0.0177,0
-0.0024414,0.015869,-0.059814,2.5033,-0.014343,0
-0.0022888,0.02243,-0.061035,2.5033,-0.011902,0
-0.00076294,0.023956,-0.046387,2.5033,-0.010071,0
0.00076294,0.017853,-0.03952,2.7309,-0.010681,0
0.0042725,0.012207,-0.045929,2.7309,-0.012512,0
0.0068665,0.0086975,-0.05188,2.7309,-0.014648,0
0.007019,0.0056458,-0.044403,2.2757,-0.018616,0
0.004425,0.00030518,-0.035248,2.2757,-0.021362,0
-0.0012207,-0.0050354,-0.028534,2.2757,-0.023193,0
-0.0041199,-0.010223,-0.028076,2.0482,-0.022888,0
-0.0027466,-0.015717,-0.042572,2.9584,-0.022888,0
-0.0010681,-0.023346,-0.069122,2.0482,-0.020447,0
0.00015259,-0.029297,-0.098877,2.0482,-0.021057,0
0.0013733,-0.031281,-0.11322,2.2757,-0.022583,0
0.0035095,-0.024261,-0.10315,2.2757,-0.02594,0
0.0093079,-0.016174,-0.084076,2.5033,-0.028076,0
0.015411,-0.0065613,-0.065308,1.8206,-0.031433,0
0.016022,0.0018311,-0.047455,2.2757,-0.036316,0
0.011139,0.0027466,-0.037079,2.2757,-0.040588,0
0.0057983,-0.0024414,-0.032349,2.5033,-0.044861,0
-0.00030518,-0.0090027,-0.016327,2.0482,-0.049133,0
-0.0062561,-0.01236,0.013885,2.9584,-0.052185,0
-0.0067139,-0.013885,0.05127,2.0482,-0.055542,0
-0.0053406,-0.016022,0.079346,2.0482,-0.06012,0
-0.002594,-0.022125,0.085754,1.8206,-0.063171,0
-0.00076294,-0.030975,0.069427,2.2757,-0.067444,0
-0.0021362,-0.037842,0.047302,1.8206,-0.070496,0
-0.004425,-0.036926,0.036926,2.2757,-0.072937,0
-0.0033569,-0.032959,0.031586,2.5033,-0.074768,0
0.00091553,-0.028687,0.013428,1.5931,-0.074158,0
0.0061035,-0.020142,-0.010529,2.0482,-0.071106,0
0.0085449,-0.014496,-0.027466,2.2757,-0.065308,0
0.0074768,-0.0093079,-0.031281,1.8206,-0.06012,0
0.002594,-0.0068665,-0.021057,2.0482,-0.055542,0
0.00015259,-0.0080872,-0.012054,1.8206,-0.053406,0
0.0030518,-0.0085449,-0.019379,1.8206,-0.050964,0
0.0059509,-0.0064087,-0.023346,1.1379,-0.048523,0
0.0073242,0,-0.011902,1.8206,-0.042725,0
0.0091553,0.0041199,0.0073242,2.5033,-0.036316,0
0.0099182,0.002594,0.028229,2.7309,-0.028992,0
0.010529,0.0045776,0.045319,2.0482,-0.021667,0
0.0094604,0.0088501,0.057526,2.0482,-0.013123,0
0.0082397,0.0094604,0.060272,2.9584,-0.0039673,0
0.0045776,0.0071716,0.051727,2.7309,0.0027466,0
-0.00030518,0.0080872,0.048065,2.5033,0.0082397,0
-0.00045776,0.012665,0.054169,2.5033,0.014954,0
0.0021362,0.014801,0.066376,2.7309,0.020447,0
0.0018311,0.01236,0.083618,2.9584,0.02533,0
-0.0015259,0.012665,0.1004,2.7309,0.030823,0
-0.0028992,0.01236,0.11963,2.5033,0.036316,0
-0.00045776,0.011597,0.1329,2.2757,0.042419,0
0.0012207,0.011749,0.1239,1.8206,0.047607,0
0.0016785,0.011139,0.097046,2.2757,0.053101,0
0.0018311,0.012207,0.07431,2.2757,0.058594,0
0.0018311,0.012665,0.06134,1.8206,0.061646,0
0.0018311,0.010681,0.049744,2.0482,0.063782,0
0.0018311,0.0071716,0.040894,2.2757,0.065002,0
0.0056458,0.0057983,0.040588,2.0482,0.065002,0
0.0068665,0.0038147,0.039825,1.5931,0.066528,0
0.0042725,0.0032043,0.033264,2.5033,0.067444,0
0.0033569,0.0033569,0.034485,2.0482,0.068665,0
0.0038147,0.004425,0.043335,2.2757,0.07019,0
0.0042725,0.0053406,0.045471,1.8206,0.071716,0
0.0041199,0.0039673,0.036774,2.2757,0.073853,0
0.0056458,0.0042725,0.028839,2.2757,0.077209,0
0.0074768,0.0018311,0.021362,2.0482,0.081177,0
0.0061035,-0.00076294,0.0071716,2.5033,0.084534,0
0.0050354,-0.0018311,0.00076294,2.2757,0.08606,0
0.0035095,-0.0033569,-0.0021362,2.0482,0.08728,0
0.0030518,-0.0038147,-0.007019,1.8206,0.08667,0
0.0032043,-0.0038147,-0.014343,2.5033,0.083313,0
0.0024414,-0.0036621,-0.01709,2.0482,0.078735,0
0.0028992,-0.0022888,-0.0064087,2.7309,0.071716,0
0.0048828,-0.0019836,0.0082397,2.9584,0.065613,0
0.0062561,-0.00091553,0.011139,2.5033,0.058899,0
0.0048828,0.0019836,-0.0032043,2.0482,0.050659,0
0.0010681,0.0045776,-0.023193,1.8206,0.048828,0
-0.0016785,0.0059509,-0.035553,2.2757,0.047302,0
-0.0038147,0.0091553,-0.042267,2.2757,0.049744,0
-0.0038147,0.011902,-0.044708,2.7309,0.053711,0
-0.0032043,0.013123,-0.03891,3.186,0.055237,0
-0.0032043,0.014343,-0.029907,2.7309,0.055542,0
-0.0016785,0.011292,-0.03891,2.7309,0.053711,0
-0.0027466,0.004425,-0.062561,2.2757,0.050049,0
-0.0054932,-0.004425,-0.07431,2.5033,0.050964,0
-0.0062561,-0.0045776,-0.054626,2.0482,0.057678,0
-0.0056458,0.00015259,-0.023956,2.5033,0.067139,0
-0.007019,-0.00061035,-0.02243,2.5033,0.07782,0
-0.0073242,-0.00030518,-0.032349,2.2757,0.086975,0
-0.0053406,0.005188,-0.032654,2.2757,0.093689,0
-0.0033569,0.007019,-0.026855,2.2757,0.096741,0
-0.0033569,0.0059509,-0.028229,3.186,0.098267,0
-0.0016785,0.0042725,-0.036621,3.186,0.099182,0
-0.0010681,0.0045776,-0.037231,2.0482,0.10315,0
-0.0015259,0.0019836,-0.034332,2.7309,0.10834,0
-0.00076294,0.0022888,-0.031281,2.7309,0.11353,0
-0.00030518,0.0015259,-0.03006,2.0482,0.11963,0
-0.0030518,0.00091553,-0.027771,2.5033,0.11963,0
-0.0050354,0.0010681,-0.023804,1.8206,0.11841,0
-0.0045776,0.0012207,-0.022583,1.1379,0.11841,0
-0.0042725,0.0022888,-0.026703,2.5033,0.11993,0
-0.0048828,0.0013733,-0.028992,1.8206,0.12299,0
-0.0027466,0.002594,-0.017853,1.8206,0.12543,0
0.00045776,0.0030518,0.0036621,2.5033,0.12878,0
0.0050354,0.0032043,0.015869,2.0482,0.13,0
0.011597,0.0045776,0.015411,2.0482,0.13275,0
0.015411,0.0035095,0.0045776,2.0482,0.13611,0
0.015411,0.0012207,-0.0056458,2.5033,0.14313,0
0.014648,-0.00061035,-0.010376,2.0482,0.15137,0
0.01358,-0.0016785,-0.014496,2.5033,0.15869,0
0.0085449,-0.0028992,-0.01236,2.0482,0.16754,0
0.0038147,0.0010681,-0.0022888,2.5033,0.17303,0
0.002594,0.0030518,0.0057983,2.5033,0.17975,0
0.0016785,0.0048828,0.0010681,2.7309,0.18585,0
0.00061035,0.005188,-0.013885,2.2757,0.1886,0
-0.0016785,0.0042725,-0.02594,2.7309,0.18951,0
-0.0054932,0.0045776,-0.030975,2.2757,0.19226,0
-0.0054932,0.0033569,-0.02243,2.7309,0.19135,0
-0.0010681,0.002594,-0.0042725,2.2757,0.18951,0
0.0032043,0.0054932,0.014038,2.2757,0.18646,0
0.0013733,0.0036621,0.0177,1.8206,0.18372,0
-0.0036621,-0.0019836,0.002594,2.0482,0.17853,0
-0.0086975,-0.0065613,-0.021973,2.0482,0.17303,0
-0.0093079,-0.0067139,-0.0383,2.0482,0.16632,0
-0.010376,-0.0054932,-0.044708,2.2757,0.15869,0
-0.011749,-0.0080872,-0.050964,2.7309,0.15106,0
-0.013885,-0.010223,-0.05127,2.7309,0.14282,0
-0.015869,-0.010529,-0.045166,2.7309,0.13428,0
-0.01358,-0.0057983,-0.031128,2.5033,0.12543,0
-0.0076294,-0.00045776,-0.017853,2.5033,0.11566,0
-0.0022888,0.0018311,-0.0079346,2.2757,0.10559,0
0.00015259,0.00045776,-0.0076294,2.7309,0.093384,0
-0.0016785,-0.0018311,-0.009613,2.0482,0.080261,0
-0.0054932,-0.00061035,-0.01297,2.0482,0.066223,0
-0.011597,0.0021362,-0.011444,2.0482,0.055542,0
-0.018768,0.0024414,-0.010223,2.0482,0.044556,0
-0.020294,-0.00061035,-0.0093079,2.2757,0.033875,0
-0.016632,-0.0047302,-0.021667,1.5931,0.023193,0
-0.010071,-0.0067139,-0.046539,1.8206,0.011902,0
-0.0021362,-0.009613,-0.059967,1.8206,0.0027466,0
0.0056458,-0.010834,-0.046997,2.0482,-0.0042725,0
0.011139,-0.0097656,-0.020905,2.5033,-0.010071,0
0.011749,-0.0093079,0.0021362,2.5033,-0.016479,0
0.0091553,-0.0094604,0.013275,2.2757,-0.024109,0
0.0080872,-0.0090027,0.018311,2.5033,-0.031433,0
0.007019,-0.0085449,0.023956,1.8206,-0.040588,0
0.0041199,-0.0047302,0.025177,1.1379,-0.049744,0
0.00076294,-0.00061035,0.021973,1.5931,-0.058289,0
-0.0038147,0.0021362,0.023499,2.0482,-0.065613,0
-0.0082397,0.0033569,0.024109,2.2757,-0.072021,0
-0.007019,0.0047302,0.016785,1.8206,-0.075073,0
-0.0015259,0.0056458,0.0079346,2.0482,-0.079346,0
0.0074768,0.0059509,0.0035095,2.0482,-0.082703,0
0.014038,0.0074768,0.0030518,2.5033,-0.090637,0
0.015717,0.0093079,0,2.0482,-0.098877,0
0.01236,0.0083923,-0.0042725,2.5033,-0.10406,0
0.010071,0.0068665,0.00076294,2.5033,-0.1059,0
0.011902,0.007782,0.012512,2.5033,-0.10376,0
0.017548,0.009613,0.025482,2.7309,-0.09613,0
0.019226,0.010071,0.033112,2.5033,-0.089111,0
0.016327,0.0067139,0.04364,2.2757,-0.082092,0
0.0093079,0.0022888,0.06012,3.186,-0.076904,0
0.0045776,-0.0013733,0.069122,2.9584,-0.072632,0
0.002594,-0.0048828,0.069733,2.7309,-0.067749,0
0.0015259,-0.0057983,0.061035,2.5033,-0.065002,0
0.0012207,-0.0035095,0.050049,2.5033,-0.06073,0
-0.0010681,-0.0038147,0.03891,1.8206,-0.057983,0
-0.0015259,-0.0059509,0.028229,2.2757,-0.057373,0
-0.0027466,-0.0079346,0.022736,1.8206,-0.057373,0
-0.0065613,-0.0073242,0.027924,2.7309,-0.056458,0
-0.010529,-0.0085449,0.039825,2.9584,-0.055847,0
-0.012054,-0.0090027,0.055847,2.9584,-0.05188,0
-0.012054,-0.0083923,0.073547,2.9584,-0.047913,0
-0.010071,-0.0056458,0.085907,2.2757,-0.04364,0
-0.0074768,-0.0028992,0.096436,2.2757,-0.040283,0
-0.0067139,-0.0033569,0.11169,2.0482,-0.036621,0
-0.0076294,-0.0036621,0.1181,2.7309,-0.033569,0
-0.0068665,-0.0033569,0.10773,2.2757,-0.032043,0
-0.0057983,-0.007019,0.088654,2.0482,-0.033264,0
-0.0062561,-0.009613,0.076752,2.0482,-0.036316,0
-0.0076294,-0.0079346,0.080872,2.7309,-0.040588,0
-0.0068665,-0.0065613,0.093079,2.5033,-0.042725,0
-0.0039673,-0.0045776,0.10773,2.2757,-0.045166,0
-0.00061035,-0.0016785,0.12131,2.2757,-0.047607,0
0.0019836,-0.0035095,0.12833,2.5033,-0.046997,0
0.0022888,-0.0056458,0.12634,2.0482,-0.047302,0
-0.0033569,-0.0082397,0.11566,2.0482,-0.047607,0
-0.0076294,-0.0090027,0.099792,2.2757,-0.046692,0
-0.0048828,-0.010223,0.082245,2.7309,-0.042725,0
0.0028992,-0.0079346,0.070648,2.2757,-0.036621,0
0.0074768,-0.0086975,0.068665,2.0482,-0.030212,0
0.010071,-0.009613,0.063477,2.0482,-0.023193,0
0.010376,-0.0059509,0.06073,1.5931,-0.015259,0
0.0085449,-0.0027466,0.057678,2.2757,-0.0076294,0
0.0047302,-0.00045776,0.048828,2.0482,-0.00061035,0
0,-0.0018311,0.036011,2.0482,0.0057983,0
-0.0013733,-0.0071716,0.024414,2.2757,0.011597,0
0.00015259,-0.0073242,0.019226,2.0482,0.016479,0
0.0057983,-0.0064087,0.01236,2.5033,0.020447,0
0.017242,-0.0033569,0.011139,2.7309,0.019226,0
0.027618,-0.0033569,0.015411,2.2757,0.016785,0
0.031586,-0.0015259,0.023041,2.2757,0.010681,0
0.02655,0.0018311,0.03006,2.7309,0.0033569,0
0.014496,0.0039673,0.040131,2.9584,-0.0042725,0
0.0027466,0.0022888,0.049133,3.186,-0.011292,0
-0.0079346,0.002594,0.051727,3.186,-0.0177,0
-0.015564,0.0033569,0.048981,2.7309,-0.02533,0
-0.018311,0.007019,0.042419,2.7309,-0.030518,0
-0.016479,0.011139,0.041504,2.0482,-0.036926,0
-0.0080872,0.010681,0.045166,2.2757,-0.047607,0
0,0.0085449,0.053253,2.2757,-0.059814,0
0.0054932,0.0056458,0.062561,2.0482,-0.074463,0
0.0090027,-0.00015259,0.065002,2.7309,-0.084534,0
0.010529,-0.0056458,0.062408,2.5033,-0.093384,0
0.01236,-0.0041199,0.059814,2.7309,-0.1004,0
0.015869,-0.0041199,0.050812,1.8206,-0.10498,0
0.015717,-0.0071716,0.039825,2.5033,-0.1123,0
0.012054,-0.007019,0.045471,2.0482,-0.11932,0
0.0062561,-0.0061035,0.054474,2.0482,-0.12573,0
0.00030518,-0.0033569,0.050659,1.8206,-0.13458,0
-0.004425,-0.0035095,0.027771,2.2757,-0.14313,0
-0.0088501,-0.0039673,0.012054,2.5033,-0.15167,0
-0.010223,-0.005188,0.019531,2.2757,-0.15778,0
-0.0079346,-0.0028992,0.028534,1.8206,-0.15991,0
-0.005188,-0.00091553,0.020142,2.0482,-0.16327,0
-0.0035095,-0.0030518,0.0028992,2.0482,-0.1651,0
-0.0030518,-0.005188,-0.016022,2.0482,-0.16815,0
-0.0028992,-0.0054932,-0.033417,2.2757,-0.16785,0
-0.002594,-0.0080872,-0.043793,2.2757,-0.1651,0
-0.0030518,-0.010223,-0.049438,2.0482,-0.15991,0
-0.0028992,-0.011444,-0.05127,2.0482,-0.15442,0
-0.0028992,-0.011292,-0.065613,1.8206,-0.15106,0
-0.0027466,-0.010986,-0.079803,2.2757,-0.14862,0
-0.0030518,-0.0076294,-0.073853,2.5033,-0.14832,0
-0.0032043,-0.0035095,-0.050049,1.8206,-0.14771,0
-0.0035095,0.00015259,-0.0383,1.8206,-0.14954,0
-0.0067139,0.0015259,-0.041046,2.2757,-0.14954,0
-0.011139,-0.0022888,-0.040741,2.7309,-0.14923,0
-0.015717,-0.007019,-0.042877,2.7309,-0.14526,0
-0.016632,-0.0082397,-0.04837,2.7309,-0.14374,0
-0.011597,-0.0057983,-0.044861,2.0482,-0.14618,0
-0.0053406,-0.0053406,-0.036774,2.7309,-0.15289,0
-0.0015259,-0.010376,-0.028534,2.7309,-0.15991,0
-0.00061035,-0.009613,-0.0073242,2.5033,-0.16449,0
-0.00061035,-0.0054932,0.018311,2.0482,-0.16083,0
-0.0013733,-0.0013733,0.025024,2.5033,-0.15228,0
-0.0015259,-0.0022888,0.015106,2.9584,-0.14343,0
-0.00091553,-0.010834,-0.00061035,2.2757,-0.13428,0
-0.0022888,-0.018005,0.004425,2.5033,-0.12756,0
-0.0045776,-0.017853,0.035553,2.5033,-0.12024,0
-0.0022888,-0.0082397,0.065918,3.186,-0.10986,0
-0.0019836,0,0.072937,2.7309,-0.099182,0
-0.0054932,0.0018311,0.056915,2.5033,-0.086975,0
-0.0080872,-0.0016785,0.031281,2.5033,-0.075989,0
-0.0090027,-0.0038147,-0.0080872,2.5033,-0.066223,0
-0.0091553,-0.0062561,-0.043182,2.7309,-0.058594,0
-0.011749,-0.010681,-0.064545,2.2757,-0.053406,0
-0.016022,-0.016174,-0.072479,2.2757,-0.051575,0
-0.019073,-0.016632,-0.065155,2.2757,-0.05249,0
-0.018768,-0.0059509,-0.046997,2.5033,-0.055237,0
-0.014496,0.0035095,-0.029755,2.0482,-0.057983,0
-0.0021362,0.004425,-0.020905,2.0482,-0.057068,0
0.013123,-0.0038147,-0.027161,1.8206,-0.054626,0
0.023193,-0.0056458,-0.036316,1.8206,-0.050354,0
0.025482,0.00091553,-0.03479,1.8206,-0.050049,0
0.020599,0.009613,-0.02533,2.2757,-0.05188,0
0.012512,0.014343,-0.020599,2.0482,-0.05249,0
0.0079346,0.014801,-0.023499,2.2757,-0.049438,0
0.0076294,0.011902,-0.020447,2.0482,-0.041199,0
0.0059509,0.010986,-0.0097656,2.0482,-0.033264,0
0.004425,0.012512,-0.0076294,1.8206,-0.021667,0
0.0053406,0.013123,-0.018005,1.8206,-0.011902,0
0.0045776,0.013275,-0.032043,1.8206,-0.0033569,0
0.002594,0.0085449,-0.043945,2.2757,0.005188,0
0.0018311,0.0045776,-0.054626,2.2757,0.013123,0
0.00091553,0.0050354,-0.05722,2.2757,0.021667,0
0.00076294,0.0057983,-0.052032,2.0482,0.031433,0
-0.0010681,0.0090027,-0.043793,2.2757,0.037842,0
-0.0068665,0.014038,-0.041199,1.8206,0.040588,0
-0.010529,0.019684,-0.042877,2.7309,0.036621,0
-0.011444,0.027313,-0.039673,3.186,0.029602,0
-0.013123,0.030975,-0.031128,2.5033,0.020752,0
-0.016632,0.028687,-0.022888,2.7309,0.013428,0
-0.019073,0.025482,-0.024109,2.5033,0.0076294,0
-0.020905,0.028534,-0.030823,2.2757,0.0073242,0
-0.027466,0.032654,-0.040436,2.0482,0.0082397,0
-0.037689,0.031586,-0.044861,2.7309,0.011292,0
-0.042267,0.023804,-0.042725,2.2757,0.011902,0
-0.037079,0.017548,-0.037231,2.0482,0.0094604,0
-0.025024,0.014496,-0.034485,2.7309,0.0076294,0
-0.010223,0.0083923,-0.034943,2.9584,0.0085449,0
0.0015259,0.004425,-0.039825,2.2757,0.010071,0
0.012207,0.0050354,-0.041809,2.7309,0.011902,0
0.022736,0.0073242,-0.03952,2.0482,0.016785,0
0.026855,0.010071,-0.023956,2.2757,0.022278,0
0.02121,0.013275,-0.007019,2.0482,0.029602,0
0.015106,0.013275,-0.0027466,2.2757,0.036316,0
0.0085449,0.012817,-0.0015259,2.0482,0.043945,0
0.00076294,0.011444,0.0042725,1.8206,0.052185,0
-0.0082397,0.011749,0.011139,1.8206,0.06134,0
-0.014496,0.010681,0.016327,2.0482,0.071106,0
-0.012665,0.0068665,0.033569,2.2757,0.079956,0
-0.0064087,0.0042725,0.044708,2.2757,0.088196,0
0.005188,0.0030518,0.036621,2.0482,0.095215,0
0.023651,0.0032043,0.017853,1.8206,0.099792,0
0.038452,0.0030518,0.0053406,2.5033,0.10254,0
0.039673,0.0022888,-0.0080872,1.8206,0.10193,0
0.02594,-0.00076294,-0.028381,1.8206,0.10376,0
0.010071,0.0056458,-0.0068665,1.8206,0.10742,0
-0.00030518,0.020599,0.042725,2.2757,0.11292,0
-0.0045776,0.017853,0.028534,2.5033,0.12024,0
-0.002594,0.011444,-0.010529,2.9584,0.12299,0
0.0022888,0.010681,-0.017395,2.2757,0.11627,0
0.0065613,0.014496,-0.0083923,2.9584,0.10437,0
0.010529,0.018616,0.00061035,2.5033,0.09491,0
0.013275,0.02243,0.010681,2.5033,0.09491,0
0.007782,0.026245,0.011292,2.2757,0.10681,0
-0.011444,0.029144,0.0062561,2.2757,0.12604,0
-0.033112,0.027618,0.00015259,2.7309,0.14252,0
-0.040283,0.02182,-0.0094604,2.7309,0.15198,0
-0.026245,0.014343,-0.019226,2.0482,0.15259,0
0.0038147,0.014801,-0.015564,2.7309,0.14801,0
0.034943,0.016174,-0.0019836,2.7309,0.14587,0
0.049286,0.014191,0.0064087,2.7309,0.14801,0
0.046692,0.012817,0.0097656,2.7309,0.15137,0
0.040894,0.018921,0.010376,2.0482,0.1535,0
0.039062,0.021362,0.01297,2.2757,0.15015,0
0.02533,0.016479,0.012207,2.9584,0.14374,0
0.0064087,0.0082397,0.0012207,3.186,0.13733,0
0.00061035,0.00045776,-0.019226,3.186,0.13306,0
0.0013733,-0.0054932,-0.036011,2.7309,0.13519,0
-0.0038147,-0.012817,-0.046387,2.9584,0.1413,0
-0.019989,-0.022888,-0.053101,2.0482,0.14862,0
-0.044556,-0.03067,-0.051422,2.5033,0.1532,0
-0.06485,-0.031738,-0.048523,2.5033,0.15594,0
-0.061035,-0.032196,-0.046539,1.5931,0.15564,0
-0.023956,-0.036163,-0.04425,1.8206,0.15442,0
0.025024,-0.034943,-0.04715,2.2757,0.15564,0
0.064392,-0.025024,-0.053711,1.8206,0.16022,0
0.084534,-0.014038,-0.057373,1.8206,0.16846,0
0.083923,-0.0038147,-0.053406,2.0482,0.1767,0
0.075073,0.0079346,-0.049591,0.91037,0.18219,0
0.063477,0.018921,-0.047913,1.3655,0.18494,0
0.04776,0.025482,-0.041809,1.8206,0.18494,0
0.03418,0.025635,-0.031128,1.5931,0.18463,0
0.024414,0.025024,-0.010529,2.2757,0.18463,0
0.013733,0.022736,0.019684,2.2757,0.18921,0
0.0048828,0.026245,0.044708,1.5931,0.19623,0
0.00076294,0.027618,0.061798,2.2757,0.20142,0
0.0036621,0.021362,0.069275,2.5033,0.20569,0
0.0097656,0.016479,0.063477,2.0482,0.20599,0
0.010529,0.013428,0.048828,1.8206,0.20508,0
0.0097656,0.0090027,0.038452,2.0482,0.20142,0
0.0073242,0.0054932,0.038147,1.8206,0.19775,0
0.005188,0.0047302,0.034027,2.0482,0.19379,0
0.0050354,0.0019836,0.033417,2.2757,0.1886,0
0.0028992,0.00091553,0.042419,2.5033,0.18219,0
-0.0012207,0.00076294,0.052795,2.9584,0.17303,0
-0.0038147,0,0.053711,2.0482,0.16205,0
-0.00061035,-0.0064087,0.040894,2.2757,0.15045,0
0.0073242,-0.012054,0.027466,2.7309,0.13916,0
0.011444,-0.016632,0.018768,3.186,0.1297,0
0.0091553,-0.016632,0.013428,2.5033,0.12177,0
0.0048828,-0.013733,0.010071,2.9584,0.11444,0
0.00091553,-0.0082397,0.0085449,2.5033,0.10956,0
-0.0056458,-0.0019836,0.013275,3.186,0.1059,0
-0.010223,0.0088501,0.024109,2.5033,0.10162,0
-0.0088501,0.01709,0.033569,2.2757,0.095825,0
-0.0090027,0.016479,0.032349,2.7309,0.091553,0
-0.018768,0.014648,0.028687,2.9584,0.088196,0
-0.037842,0.0059509,0.026855,3.186,0.083313,0
-0.055542,-0.0024414,0.025482,2.0482,0.067139,0
-0.061798,-0.0042725,0.030365,2.7309,0.04303,0
-0.048676,-0.0024414,0.03952,2.2757,0.021057,0
-0.023193,0.00015259,0.04425,2.5033,0.022583,0
-0.0039673,0.0033569,0.037537,2.0482,0.051575,0
0.0012207,0.0030518,0.022278,1.8206,0.10529,0
-0.0032043,-0.0022888,0.016327,1.8206,0.16052,0
-0.0091553,-0.0079346,0.019989,1.8206,0.19196,0
-0.0097656,-0.01297,0.024414,2.2757,0.19409,0
-0.0024414,-0.019379,0.027618,2.2757,0.17914,0
0.0086975,-0.026398,0.029144,2.2757,0.1651,0
0.021973,-0.032349,0.032043,2.2757,0.16693,0
0.032654,-0.036316,0.031738,2.0482,0.1886,0
0.037537,-0.036011,0.019684,2.5033,0.21698,0
0.034943,-0.032959,0.0030518,2.2757,0.2356,0
0.023193,-0.033569,-0.005188,2.5033,0.23254,0
0.010986,-0.032654,-0.009613,2.2757,0.20721,0
0.0045776,-0.027008,-0.021667,2.2757,0.16815,0
0.00030518,-0.014954,-0.025787,1.8206,0.12634,0
0.00045776,-0.0038147,-0.0079346,2.7309,0.090637,0
0.0067139,-0.0018311,0.013428,2.7309,0.067444,0
0.01297,-0.005188,0.023804,2.2757,0.058289,0
0.01236,-0.0071716,0.03067,2.2757,0.056458,0
0.0064087,-0.0061035,0.039673,2.2757,0.054321,0
0.0028992,-0.0085449,0.04425,2.2757,0.04364,0
0.0018311,-0.015411,0.038452,2.2757,0.028687,0
0.0053406,-0.017242,0.027924,2.7309,0.015564,0
0.017242,-0.020752,0.019989,2.0482,0.012512,0
0.030518,-0.027466,0.01297,2.5033,0.018005,0
0.03418,-0.027771,0.0035095,2.7309,0.036926,0
0.026093,-0.032043,0.00045776,2.7309,0.057068,0
0.0090027,-0.037384,0.010681,2.7309,0.075073,0
-0.0082397,-0.041809,0.032501,2.7309,0.084229,0
-0.018311,-0.043945,0.051575,2.5033,0.084229,0
-0.02121,-0.046997,0.055237,2.7309,0.079956,0
-0.019836,-0.046997,0.041656,2.7309,0.070496,0
-0.020752,-0.041046,0.025635,2.5033,0.055847,0
-0.024719,-0.035858,0.014343,2.7309,0.039062,0
-0.020752,-0.034485,0.0074768,2.5033,0.030518,0
-0.010986,-0.028229,0.011139,2.0482,0.030212,0
-0.0065613,-0.019836,0.016327,2.2757,0.033875,0
-0.0090027,-0.0091553,0.017242,2.5033,0.028992,0
-0.012512,-0.0068665,0.018158,2.2757,0.016785,0
-0.01297,-0.0083923,0.0088501,2.5033,0.0027466,0
-0.011902,-0.011444,-0.0085449,2.2757,-0.0045776,0
-0.013275,-0.014343,-0.021667,2.0482,-0.0064087,0
-0.014648,-0.012054,-0.026703,1.8206,0.0036621,0
-0.012665,-0.0083923,-0.020905,2.5033,0.02594,0
-0.007019,-0.0071716,-0.014191,2.5033,0.050049,0
-0.0039673,-0.010376,-0.0038147,2.2757,0.070801,0
-0.00030518,-0.013275,0.012817,2.2757,0.081177,0
0.0054932,-0.016479,0.018158,2.2757,0.079651,0
0.011902,-0.022583,0.013123,2.0482,0.068054,0
0.015411,-0.022736,0.0085449,1.8206,0.046387,0
0.014038,-0.021515,-0.0013733,2.0482,0.025635,0
0.007019,-0.021515,-0.010986,1.5931,0.011597,0
-0.0030518,-0.023499,-0.015259,1.8206,0.0079346,0
-0.016785,-0.02655,-0.018311,1.8206,0.0082397,0
-0.023499,-0.024567,-0.026703,2.0482,0.0073242,0
-0.015411,-0.019836,-0.028381,2.2757,0.0018311,0
-0.0010681,-0.015564,-0.029144,2.0482,-0.0085449,0
0.0094604,-0.013885,-0.028381,1.8206,-0.021362,0
0.0097656,-0.012207,-0.02655,2.2757,-0.035095,0
0.0042725,-0.009613,-0.016632,1.8206,-0.048523,0
0.0021362,-0.0071716,0.0048828,2.2757,-0.056152,0
0.0064087,-0.0054932,0.028076,2.7309,-0.054932,0
0.012207,-0.00061035,0.03952,2.5033,-0.046387,0
0.017395,0.0059509,0.042725,1.8206,-0.035706,0
0.0177,0.011292,0.050201,2.0482,-0.035095,0
0.012665,0.015869,0.058289,2.0482,-0.04364,0
0.0099182,0.016785,0.055237,3.186,-0.054016,0
0.0093079,0.012817,0.040436,2.5033,-0.06012,0
0.00015259,0.012512,0.020294,2.9584,-0.057983,0
-0.0177,0.012665,0.0086975,2.7309,-0.046997,0
-0.028534,0.013275,0.005188,2.7309,-0.033569,0
-0.030212,0.015564,0.0080872,2.5033,-0.022888,0
-0.032806,0.021057,0.020447,2.2757,-0.021667,0
-0.029755,0.029602,0.034637,2.5033,-0.029297,0
-0.017395,0.036163,0.031738,2.5033,-0.041504,0
-0.010986,0.039825,0.0068665,2.5033,-0.046082,0
-0.014191,0.033722,-0.035858,2.5033,-0.042419,0
-0.018616,0.023041,-0.067444,2.5033,-0.035095,0
-0.022583,0.021362,-0.06012,2.5033,-0.027161,0
-0.032196,0.02655,-0.0354,1.8206,-0.021362,0
-0.043488,0.026855,-0.02243,2.0482,-0.018921,0
-0.048065,0.02243,-0.030365,2.0482,-0.022888,0
-0.040588,0.02655,-0.037384,2.5033,-0.035706,0
-0.015259,0.027008,-0.033875,1.1379,-0.048828,0
0.018311,0.02243,-0.02655,2.2757,-0.06012,0
0.041046,0.02121,-0.024719,1.3655,-0.059509,0
0.044708,0.02243,-0.036469,2.0482,-0.049438,0
0.041504,0.025482,-0.058136,1.8206,-0.033264,0
0.049896,0.024567,-0.067444,1.5931,-0.018005,0
0.06546,0.028229,-0.055389,2.5033,-0.0027466,0
0.068817,0.029297,-0.0383,2.2757,0.0076294,0
0.054932,0.02594,-0.023804,2.5033,0.014038,0
0.037384,0.020294,-0.016327,1.8206,0.014954,0
0.026703,0.018158,-0.0090027,2.2757,0.016174,0
0.024109,0.016632,0.0045776,2.2757,0.021667,0
0.023499,0.010986,0.017548,2.7309,0.033875,0
0.023804,0.0086975,0.021515,2.5033,0.047913,0
0.023804,0.0099182,0.025482,2.0482,0.058899,0
0.023804,0.011444,0.03006,2.2757,0.064392,0
0.023804,0.0086975,0.033112,2.7309,0.065002,0
0.024109,0.005188,0.040283,2.0482,0.064392,0
0.023956,0.005188,0.050659,2.5033,0.065308,0
0.023804,0.0053406,0.055542,2.7309,0.068665,0
0.023956,0.0038147,0.053864,1.8206,0.075989,0
0.023956,0.0024414,0.04715,2.5033,0.082397,0
0.023956,-0.0018311,0.037537,2.2757,0.088196,0
0.023804,-0.0041199,0.026245,1.8206,0.093689,0
0.023651,-0.007019,0.011139,2.2757,0.09491,0
0.023804,-0.0047302,-0.0064087,2.5033,0.092163,0
0.023956,0.00061035,-0.020447,2.2757,0.08728,0
0.023804,0.0032043,-0.020752,2.2757,0.083923,0
0.012207,0.0068665,-0.0090027,2.9584,0.081787,0
-0.0032043,0.009613,0,2.2757,0.082703,0
-0.0088501,0.0099182,0.00061035,2.7309,0.083923,0
-0.011597,0.0065613,0.0018311,2.5033,0.079956,0
-0.013275,0.0021362,0.0038147,2.0482,0.071106,0
-0.015869,-0.0012207,0.0093079,2.5033,0.065308,0
-0.01358,-0.0033569,0.02182,2.5033,0.063782,0
-0.00076294,-0.0057983,0.030823,2.7309,0.067444,0
0.014648,-0.0076294,0.029297,2.2757,0.076904,0
0.014801,-0.0073242,0.021667,2.0482,0.08728,0
-0.0013733,-0.0054932,0.011444,2.5033,0.1001,0
-0.020905,0.00091553,-0.0038147,2.0482,0.10742,0
-0.036163,0.0074768,-0.022278,2.2757,0.11108,0
-0.041962,0.0099182,-0.032349,2.9584,0.11383,0
-0.035553,0.0093079,-0.030212,1.8206,0.1181,0
-0.020752,0.0094604,-0.018158,1.8206,0.12146,0
0.00091553,0.0067139,-0.0028992,1.8206,0.12329,0
0.026245,0.005188,0.0036621,1.3655,0.12146,0
0.045013,0.00045776,0.002594,1.5931,0.11566,0
0.049133,-0.0033569,-0.0039673,0.91037,0.10925,0
0.046997,-0.0059509,-0.0068665,1.8206,0.1001,0
0.046082,-0.0067139,-0.0073242,1.8206,0.090637,0
0.041046,-0.0067139,-0.0057983,1.5931,0.082397,0
0.024261,-0.0067139,-0.0019836,2.0482,0.075378,0
-0.0012207,-0.0067139,0.0032043,2.2757,0.064697,0
-0.022736,-0.0071716,0.0093079,2.7309,0.046692,0
-0.037079,-0.010681,0.014954,2.2757,0.024719,0
-0.040894,-0.014801,0.020142,2.2757,0.0079346,0
-0.031586,-0.015564,0.024109,2.2757,-0.0030518,0
-0.010529,-0.014648,0.015564,2.2757,-0.0073242,0
0.0071716,-0.014191,0.0079346,2.2757,-0.010986,0
0.013733,-0.015564,0.014648,2.7309,-0.019531,0
0.010834,-0.015717,0.028839,2.9584,-0.031128,0
0.0035095,-0.011902,0.033722,2.2757,-0.041809,0
-0.0041199,-0.0062561,0.031128,2.0482,-0.046692,0
-0.012512,-0.0018311,0.030212,2.2757,-0.042725,0
-0.02121,0.0033569,0.032043,2.5033,-0.03418,0
-0.02243,0.0068665,0.030212,2.7309,-0.021973,0
-0.020142,0.0073242,0.015259,3.186,-0.014648,0
-0.019836,0.0036621,-0.012665,2.7309,-0.018921,0
-0.015717,-0.0018311,-0.028839,3.186,-0.028687,0
-0.0082397,-0.0028992,-0.016785,2.5033,-0.031738,0
-0.0022888,0.0013733,0.0074768,2.7309,-0.025635,0
0,0.0065613,0.020752,2.9584,-0.012512,0
-0.0016785,0.0094604,0.020142,2.7309,0.00030518,0
-0.007019,0.0090027,0.015106,2.2757,0.013123,0
-0.010376,0.0080872,0.0048828,2.5033,0.020752,0
-0.0097656,0.0064087,-0.0045776,2.7309,0.025024,0
-0.0068665,0.0062561,-0.014801,2.2757,0.028381,0
-0.00015259,0.0088501,-0.022888,1.5931,0.032959,0
0.0057983,0.010223,-0.022583,2.5033,0.037842,0
0.0057983,0.010223,-0.017853,2.2757,0.040588,0
0.0030518,0.0065613,-0.023193,2.5033,0.04303,0
0.0053406,0.0021362,-0.031128,1.8206,0.045166,0
0.010986,-0.0012207,-0.032959,1.8206,0.049744,0
0.010529,-0.0045776,-0.028229,2.2757,0.05188,0
0.0062561,-0.0038147,-0.018158,2.2757,0.054932,0
0.0039673,0.0010681,-0.014496,2.0482,0.060425,0
0.0076294,0.0041199,-0.018768,2.2757,0.067139,0
0.012512,0.0022888,-0.023041,2.5033,0.074768,0
0.010376,-0.0050354,-0.020752,2.0482,0.081177,0
0.002594,-0.0085449,-0.023499,1.8206,0.086975,0
-0.0039673,-0.0094604,-0.044403,2.0482,0.090942,0
-0.0021362,-0.010071,-0.06546,1.8206,0.088196,0
0.0041199,-0.0076294,-0.069733,1.8206,0.076904,0
0.0035095,-0.0050354,-0.067902,1.8206,0.064697,0
0.00076294,-0.0039673,-0.057983,2.0482,0.055237,0
-0.0010681,-0.0018311,-0.048523,2.0482,0.049744,0
-0.0027466,-0.00076294,-0.041351,2.5033,0.049133,0
-0.0038147,-0.0047302,-0.031433,2.7309,0.054626,0
-0.0048828,-0.007019,-0.016479,2.5033,0.057983,0
-0.0062561,-0.0053406,-0.0045776,2.7309,0.056763,0
-0.0064087,-0.0027466,0.002594,2.0482,0.05127,0
-0.0059509,-0.0016785,0.010529,2.5033,0.04425,0
-0.0073242,-0.0013733,0.018921,2.0482,0.0354,0
-0.012054,0.0015259,0.020142,2.0482,0.028687,0
-0.022583,0.002594,0.014648,2.0482,0.023804,0
-0.037079,-0.00030518,0.011902,2.5033,0.020447,0
-0.043335,-0.0016785,0.015411,2.7309,0.018311,0
-0.026703,-0.0032043,0.017395,2.5033,0.021057,0
0.0074768,-0.0024414,0.0068665,2.7309,0.027161,0
0.037994,-0.0013733,-0.010834,2.7309,0.036316,0
0.045013,0.00076294,-0.023804,2.5033,0.04364,0
0.02655,-0.00030518,-0.024872,2.5033,0.053101,0
0.0047302,-0.0012207,-0.010986,2.7309,0.062561,0
0.00091553,-0.0028992,0.0016785,2.2757,0.077209,0
0.010986,-0.0086975,-0.0042725,2.5033,0.090027,0
0.011749,-0.011597,-0.028534,2.2757,0.10071,0
-0.0039673,-0.0079346,-0.042419,1.8206,0.11017,0
-0.0177,-0.002594,-0.031128,2.2757,0.11963,0
-0.013733,0.0039673,-0.009613,2.0482,0.12726,0
-0.00091553,0.0097656,-0.0062561,2.7309,0.12787,0
0.0061035,0.0067139,-0.03067,2.7309,0.11688,0
0.0016785,0.0018311,-0.062561,2.5033,0.10071,0
-0.0050354,-0.0030518,-0.086975,1.8206,0.088501,0
-0.0057983,-0.0073242,-0.10605,2.0482,0.085754,0
-0.00091553,-0.009613,-0.1091,2.2757,0.093994,0
0.0041199,-0.011749,-0.1091,2.0482,0.10803,0
0.010071,-0.010834,-0.11795,1.8206,0.12268,0
0.011749,-0.0032043,-0.12833,2.5033,0.13824,0
0.007019,0.0056458,-0.12756,1.8206,0.15045,0
0.0045776,0.0057983,-0.13992,1.5931,0.159,0
0.0068665,-0.00061035,-0.17639,1.8206,0.16266,0
0.0042725,-0.0012207,-0.22354,1.8206,0.16479,0
0.00030518,0.0013733,-0.26215,1.5931,0.16479,0
0.0028992,0.0039673,-0.29968,2.0482,0.16144,0
0.0067139,0.0086975,-0.34485,2.0482,0.15656,0
0.007782,0.013275,-0.383,2.0482,0.14709,0
0.01236,0.013123,-0.41122,2.5033,0.13702,0
0.021057,0.0083923,-0.43793,1.5931,0.12543,0
0.030975,-0.0010681,-0.45822,2.5033,0.11383,0
0.037842,-0.0086975,-0.47394,1.8206,0.10284,0
0.032501,-0.010223,-0.48035,2.0482,0.092773,0
0.022888,-0.0050354,-0.47623,2.5033,0.085449,0
0.019684,0.00015259,-0.46295,2.9584,0.081177,0
0.018768,0.0022888,-0.45181,2.9584,0.079651,0
0.013733,0.00015259,-0.44983,2.7309,0.079651,0
0.0090027,0.0021362,-0.45914,2.2757,0.079651,0
0.0079346,0.002594,-0.48325,2.2757,0.081787,0
0.0053406,0.0013733,-0.52185,2.7309,0.085754,0
0.00076294,0,-0.5722,2.0482,0.093079,0
-0.0036621,0.0054932,-0.60608,2.7309,0.099487,0
-0.010376,0.016785,-0.60333,2.2757,0.10773,0
-0.018005,0.018463,-0.58746,2.7309,0.11749,0
-0.021515,0.0082397,-0.58517,2.7309,0.11932,0
-0.019989,-0.00030518,-0.59998,2.5033,0.11108,0
-0.011902,0.0036621,-0.61066,1.8206,0.097656,0
-0.0033569,0.007782,-0.60974,2.5033,0.082092,0
-0.0027466,0.0042725,-0.60364,2.0482,0.074158,0
-0.0036621,-0.0030518,-0.59631,2.2757,0.072327,0
0.0032043,-0.010376,-0.59753,2.2757,0.072327,0
0.0056458,-0.013733,-0.61539,1.8206,0.072327,0
-0.0021362,-0.013733,-0.62622,2.2757,0.071106,0
-0.015564,-0.013885,-0.616,2.0482,0.066528,0
-0.027466,-0.014648,-0.57953,2.0482,0.063782,0
-0.037689,-0.019989,-0.5246,2.5033,0.06012,0
-0.046387,-0.027161,-0.45898,2.0482,0.057678,0
-0.049286,-0.035095,-0.37949,1.8206,0.054626,0
-0.043182,-0.036011,-0.29984,2.2757,0.050354,0
-0.031433,-0.034027,-0.21469,2.0482,0.040894,0
-0.010223,-0.032196,-0.11658,2.2757,0.028076,0
0.015259,-0.030365,-0.0030518,2.2757,0.013733,0
0.034027,-0.025482,0.13184,2.2757,0.0012207,0
0.041656,-0.020447,0.28091,1.1379,-0.0067139,0
0.039825,-0.016174,0.41534,1.8206,-0.011292,0
0.033722,-0.018158,0.53635,2.0482,-0.01709,0
0.022278,-0.021973,0.64987,2.0482,-0.02655,0
0.014191,-0.023499,0.75562,2.7309,-0.039978,0
0.012665,-0.025482,0.85831,2.7309,-0.056152,0
0.01297,-0.025635,0.93277,1.8206,-0.070496,0
0.014038,-0.022888,0.97763,2.2757,-0.082703,0
0.012207,-0.020752,1.0283,1.8206,-0.09552,0
0.0083923,-0.016632,1.1032,2.5033,-0.1062,0
0.002594,-0.015869,1.1842,2.2757,-0.11322,0
-0.0045776,-0.01358,1.2517,2.9584,-0.11597,0
-0.017548,-0.0080872,1.2965,2.7309,-0.11627,0
-0.03952,0.00076294,1.3338,2.7309,-0.11932,0
-0.05127,0.0086975,1.377,2.2757,-0.12207,0
-0.042114,0.015869,1.4195,2.9584,-0.12268,0
-0.024109,0.020294,1.4522,2.0482,-0.11475,0
-0.0071716,0.018921,1.4717,2.2757,-0.10376,0
0.0079346,0.018158,1.4801,2.2757,-0.09491,0
0.024719,0.016785,1.4822,2.5033,-0.089722,0
0.043182,0.014191,1.4868,2.5033,-0.089417,0
0.050964,0.011902,1.4926,2.5033,-0.084839,0
0.041504,0.014038,1.4935,2.5033,-0.076904,0
0.025024,0.019379,1.4941,2.2757,-0.064697,0
0.0094604,0.022583,1.4903,2.2757,-0.053711,0
-0.0094604,0.018005,1.4764,2.2757,-0.046997,0
-0.023346,0.016174,1.4435,1.5931,-0.036316,0
-0.024414,0.017242,1.3969,2.5033,-0.014343,0
-0.023346,0.01709,1.3483,2.2757,-0.0057983,0
-0.028076,0.015564,1.2964,2.0482,-0.0079346,0
-0.034943,0.011902,1.2323,2.2757,0.014038,0
-0.038757,0.0083923,1.1606,2.7309,0.068054,0
-0.036011,0.0054932,1.082,1.8206,0.12543,0
-0.028687,-0.00061035,1.0005,2.2757,0.15228,0
-0.024872,-0.0083923,0.90912,1.8206,0.14496,0
-0.02182,-0.01297,0.8075,1.8206,0.11658,0
-0.010834,-0.015564,0.70724,1.8206,0.084229,0
0.009613,-0.018616,0.6308,2.2757,0.059509,0
0.031433,-0.021973,0.55847,2.2757,0.042419,0
0.047913,-0.021973,0.47531,2.0482,0.032043,0
0.057068,-0.022583,0.38834,1.8206,0.021973,0
0.061188,-0.021362,0.30502,2.2757,0.0097656,0
0.068359,-0.019836,0.23132,2.0482,-0.010986,0
0.06958,-0.018005,0.16876,2.9584,-0.033569,0
0.056305,-0.011902,0.10208,2.0482,-0.052185,0
0.036621,-0.0093079,0.033875,2.2757,-0.059509,0
0.023804,-0.0093079,-0.023804,2.0482,-0.057068,0
0.015717,-0.0097656,-0.070648,1.3655,-0.050659,0
0.0067139,-0.0059509,-0.11169,2.2757,-0.044556,0
-0.00045776,-0.0032043,-0.15274,2.5033,-0.040588,0
-0.002594,-0.0039673,-0.19714,1.8206,-0.039978,0
0.00045776,-0.0067139,-0.23834,2.0482,-0.041809,0
0.0032043,-0.0093079,-0.2832,2.7309,-0.04364,0
0.0059509,-0.0079346,-0.33524,2.7309,-0.041809,0
0.0073242,-0.0091553,-0.38284,2.5033,-0.035095,0
0.0061035,-0.012054,-0.41367,2.5033,-0.027161,0
0.0047302,-0.013733,-0.43671,2.0482,-0.020142,0
0.0019836,-0.01358,-0.46783,2.7309,-0.017395,0
-0.00076294,-0.010376,-0.50293,2.2757,-0.017395,0
-0.00061035,-0.0080872,-0.53864,2.5033,-0.0177,0
-0.0022888,-0.010376,-0.57434,2.7309,-0.013733,0
-0.0071716,-0.013275,-0.61111,3.186,-0.0091553,0
-0.013885,-0.015106,-0.64804,1.8206,-0.0097656,0
-0.018768,-0.014038,-0.67474,2.5033,-0.018921,0
-0.018311,-0.012054,-0.67963,1.8206,-0.029297,0
-0.014191,-0.0099182,-0.67444,2.0482,-0.04303,0
-0.011139,-0.0088501,-0.67474,2.0482,-0.06012,0
-0.010376,-0.0071716,-0.67505,1.8206,-0.077209,0
-0.0094604,-0.0050354,-0.67505,2.2757,-0.090942,0
-0.0071716,-0.0038147,-0.67032,2.2757,-0.097656,0
-0.0021362,-0.00045776,-0.65948,1.1379,-0.095215,0
0.0053406,0.0030518,-0.64606,2.0482,-0.090027,0
0.0094604,0.007782,-0.63034,2.0482,-0.088196,0
0.0067139,0.0073242,-0.6218,1.8206,-0.088806,0
0.0012207,0.0010681,-0.62592,2.5033,-0.090332,0
0.00030518,-0.0041199,-0.62744,2.0482,-0.090637,0
0.0032043,-0.010681,-0.61722,2.2757,-0.090332,0
0.0086975,-0.011139,-0.60059,1.5931,-0.088806,0
0.016479,-0.0062561,-0.58578,1.1379,-0.080872,0
0.021973,-0.00091553,-0.56931,1.8206,-0.074768,0
0.02182,0.0027466,-0.55344,2.2757,-0.07019,0
0.012817,0.0041199,-0.54077,2.2757,-0.073853,0
0.0016785,0.0022888,-0.52505,2.2757,-0.080261,0
-0.0019836,0.0027466,-0.49835,2.5033,-0.085449,0
-0.0038147,0.0059509,-0.46387,1.8206,-0.085144,0
-0.0071716,0.010986,-0.44266,1.8206,-0.080261,0
-0.012054,0.013733,-0.43289,2.2757,-0.074158,0
-0.020752,0.013123,-0.42053,2.2757,-0.071716,0
-0.028687,0.010834,-0.40436,2.2757,-0.070496,0
-0.03006,0.0073242,-0.39307,2.9584,-0.074463,0
-0.027466,0.0030518,-0.3862,2.2757,-0.080261,0
-0.027466,-0.0015259,-0.37704,2.5033,-0.07782,0
-0.024719,-0.00076294,-0.36652,2.2757,-0.070801,0
-0.014801,0.0045776,-0.35355,2.0482,-0.067444,0
-0.0076294,0.0061035,-0.33447,2.0482,-0.075684,0
-0.010834,0.0015259,-0.31815,2.7309,-0.093994,0
-0.021973,0.00091553,-0.3064,2.5033,-0.11292,0
-0.027008,0.0045776,-0.289,2.0482,-0.12604,0
-0.018921,0.0088501,-0.26672,2.2757,-0.1297,0
-0.00091553,0.011292,-0.25009,2.7309,-0.1239,0
0.016632,0.011139,-0.2449,2.5033,-0.1123,0
0.018921,0.010376,-0.24384,2.5033,-0.10071,0
0.0061035,0.011444,-0.23285,2.9584,-0.093689,0
-0.0062561,0.007782,-0.21362,2.2757,-0.09491,0
-0.0088501,0.0059509,-0.19531,2.7309,-0.10162,0
-0.0030518,0.0068665,-0.18814,2.2757,-0.10773,0
0.0024414,0.0062561,-0.18372,1.5931,-0.11322,0
0.0067139,0.0059509,-0.17349,1.8206,-0.11444,0
0.01297,0.0057983,-0.16266,1.8206,-0.11414,0
0.015717,0.0071716,-0.1564,1.5931,-0.11353,0
0.010223,0.0065613,-0.15121,2.2757,-0.11353,0
0.00015259,0.0057983,-0.14511,2.2757,-0.11261,0
-0.0059509,0.0057983,-0.14648,2.0482,-0.11078,0
-0.0085449,0.0056458,-0.14694,2.0482,-0.10681,0
-0.013733,0.0056458,-0.1413,2.7309,-0.10315,0
-0.02121,0.0056458,-0.12192,2.5033,-0.1001,0
-0.022278,0.005188,-0.097351,1.8206,-0.099182,0
-0.017395,0.0042725,-0.078583,1.5931,-0.1001,0
-0.013885,0.0053406,-0.066833,1.8206,-0.1004,0
-0.013733,0.0082397,-0.06134,2.0482,-0.099487,0
-0.012054,0.0085449,-0.053253,1.8206,-0.098877,0
-0.0053406,0.0083923,-0.046387,2.5033,-0.10193,0
-0.0016785,0.0097656,-0.040283,1.8206,-0.11078,0
-0.0048828,0.010071,-0.038147,2.5033,-0.12573,0
-0.0068665,0.0091553,-0.041046,2.5033,-0.14282,0
-0.0012207,0.0097656,-0.047455,1.5931,-0.15594,0
0.010986,0.010376,-0.045166,2.0482,-0.16327,0
0.024414,0.010376,-0.03006,2.2757,-0.16479,0
0.033264,0.010834,-0.01358,2.0482,-0.16174,0
0.040436,0.012817,-0.0094604,2.2757,-0.15564,0
0.04364,0.014191,-0.012512,2.7309,-0.14862,0
0.041046,0.013123,-0.015259,2.5033,-0.13855,0
0.034027,0.011139,-0.021057,3.4135,-0.12543,0
0.029144,0.0079346,-0.025024,2.5033,-0.112,0
0.027008,0.0042725,-0.021362,2.9584,-0.098267,0
0.023651,0.0015259,-0.0088501,1.8206,-0.083008,0
0.021973,0.00030518,0.00045776,2.9584,-0.065918,0
0.020599,-0.00091553,0.0032043,2.2757,-0.050049,0
0.020752,-0.0013733,0.0028992,2.2757,-0.036011,0
0.017548,-0.00030518,0.0048828,2.5033,-0.022278,0
0.0088501,0.00030518,0.011139,2.2757,-0.011902,0
0,0.00015259,0.015869,2.0482,-0.0018311,0
-0.0042725,-0.0019836,0.011444,2.0482,0.0088501,0
-0.010681,0.00015259,-0.0016785,1.8206,0.021362,0
-0.026093,0.0042725,-0.010376,2.0482,0.034485,0
-0.042419,0.007019,-0.0071716,2.5033,0.045471,0
-0.054474,0.0067139,-0.00045776,2.5033,0.05127,0
-0.058136,0.007782,0.0061035,2.2757,0.052185,0
-0.050049,0.0086975,0.01297,2.0482,0.048828,0
-0.032501,0.0048828,0.0062561,2.2757,0.045776,0
-0.020599,0.0013733,-0.0071716,2.2757,0.046082,0
-0.02243,-0.0015259,-0.024109,2.5033,0.046692,0
-0.026703,-0.0050354,-0.034943,2.2757,0.046387,0
-0.024872,-0.0061035,-0.035553,2.7309,0.042725,0
-0.016937,-0.005188,-0.018005,1.3655,0.0354,0
-0.010986,-0.0059509,0.0067139,2.2757,0.026245,0
-0.01297,-0.0047302,0.024414,2.0482,0.014648,0
-0.0088501,-0.0047302,0.032349,2.0482,0.0057983,0
0.0047302,-0.0076294,0.044403,2.0482,0.0015259,0
0.016785,-0.010223,0.055542,1.8206,0.0018311,0
0.022888,-0.0090027,0.059814,2.0482,0.0015259,0
0.030212,-0.007782,0.063019,2.2757,-0.0024414,0
0.040131,-0.0065613,0.066528,2.5033,-0.0097656,0
0.042725,-0.0054932,0.070801,1.8206,-0.020447,0
0.038147,-0.0010681,0.071869,1.8206,-0.033875,0
0.032806,0.0018311,0.077362,2.0482,-0.048828,0
0.023651,0,0.088196,2.5033,-0.061951,0
0.01297,0.00015259,0.097198,2.7309,-0.072021,0
0.010529,0.00045776,0.10117,2.2757,-0.077515,0
0.012054,-0.00045776,0.093231,2.5033,-0.072327,0
0.011292,-0.0062561,0.075989,2.2757,-0.058289,0
0.0074768,-0.010529,0.067444,2.5033,-0.038147,0
0.00045776,-0.011444,0.068665,2.7309,-0.018311,0
-0.0067139,-0.012817,0.070343,3.186,-0.0048828,0
-0.010529,-0.011597,0.072174,2.2757,0.0042725,0
-0.0090027,-0.007782,0.069122,1.8206,0.011902,0
-0.0062561,-0.0053406,0.058594,2.5033,0.023804,0
-0.00076294,-0.0061035,0.05249,2.7309,0.041199,0
0.0057983,-0.0059509,0.056763,2.0482,0.062561,0
0.0038147,-0.0030518,0.06424,2.0482,0.082397,0
-0.0016785,-0.0033569,0.067749,2.5033,0.099182,0
-0.0082397,-0.0015259,0.060425,2.7309,0.10986,0
-0.016174,0.0019836,0.042572,2.2757,0.11688,0
-0.023041,0.004425,0.024719,2.0482,0.12207,0
-0.028076,0.0032043,0.016785,2.2757,0.12939,0
-0.031738,0.0019836,0.0177,2.7309,0.14282,0
-0.030518,0.0027466,0.026398,2.5033,0.16296,0
-0.023804,0.0028992,0.040894,2.0482,0.18524,0
-0.015717,0.0015259,0.053253,2.2757,0.20355,0
-0.0088501,0.0028992,0.057983,2.0482,0.21729,0
-0.004425,0.0030518,0.057068,2.0482,0.22552,0
-0.0059509,0.0027466,0.055695,1.8206,0.23163,0
-0.0047302,0.0027466,0.053864,2.2757,0.23529,0
0.0016785,0.0015259,0.051117,2.2757,0.24048,0
0.0067139,0.00030518,0.048523,2.2757,0.24445,0
0.010681,-0.0030518,0.049896,1.8206,0.24475,0
0.014343,-0.0047302,0.053253,1.8206,0.24231,0
0.017395,-0.0024414,0.05188,2.0482,0.23895,0
0.017853,0.00091553,0.05127,1.8206,0.23865,0
0.013428,0.00061035,0.052795,2.0482,0.23743,0
0.0067139,-0.0015259,0.057678,2.0482,0.23926,0
0.0028992,0.00091553,0.066833,1.5931,0.24139,0
0.0030518,0.00076294,0.071259,3.186,0.24109,0
0.0048828,-0.00045776,0.074615,2.2757,0.23773,0
0.0086975,0.00030518,0.084686,2.7309,0.23102,0
0.010834,0.0010681,0.088959,2.9584,0.21973,0
0.0024414,0.0028992,0.081482,2.5033,0.20813,0
-0.011444,0.0065613,0.075073,2.9584,0.20508,0
-0.016785,0.0091553,0.071259,2.7309,0.20721,0
-0.012207,0.0085449,0.066223,2.2757,0.21423,0
-0.0073242,0.0061035,0.05722,2.2757,0.22034,0
-0.0012207,0.0019836,0.041809,2.2757,0.22095,0
0.0019836,0,0.024109,2.5033,0.21606,0
-0.0033569,0.0024414,0.022888,2.5033,0.21027,0
-0.015717,0.0057983,0.028839,3.186,0.20294,0
-0.018463,0.004425,0.027771,2.2757,0.19836,0
-0.01358,0.0036621,0.014801,3.186,0.19653,0
-0.016022,0.0033569,-0.0019836,2.7309,0.19623,0
-0.019989,0.0028992,-0.0076294,2.0482,0.19501,0
-0.0177,0.0032043,0.0073242,2.2757,0.18768,0
-0.0088501,0.0039673,0.037689,2.2757,0.17242,0
0.00091553,-0.00015259,0.064697,2.5033,0.1593,0
0.0064087,-0.004425,0.075226,2.5033,0.14709,0
0.010071,-0.0036621,0.072479,2.0482,0.13947,0
0.014038,-0.00076294,0.066376,2.5033,0.14069,0
0.015717,0.0012207,0.056152,1.8206,0.14832,0
0.016632,0.0065613,0.044098,2.2757,0.15869,0
0.016785,0.011597,0.03067,2.7309,0.16632,0
0.016785,0.014496,0.018158,2.0482,0.16907,0
0.012054,0.014343,0.014648,2.5033,0.16693,0
0.0028992,0.0079346,0.015564,2.0482,0.16235,0
-0.005188,0.0030518,0.014038,2.2757,0.15686,0
-0.0079346,0.0045776,0.010986,1.8206,0.15228,0
-0.0073242,0.0086975,0.012512,1.3655,0.14832,0
-0.0022888,0.0097656,0.022583,1.3655,0.1413,0
-0.00015259,0.0091553,0.040131,2.0482,0.13763,0
-0.012817,0.010071,0.054169,1.8206,0.1416,0
-0.029755,0.009613,0.050507,2.0482,0.14984,0
-0.037231,0.0064087,0.037079,1.8206,0.15594,0
-0.037537,0.0015259,0.032959,2.2757,0.15839,0
-0.03952,-0.0032043,0.042114,2.7309,0.16144,0
-0.043182,-0.0090027,0.046692,2.2757,0.16846,0
-0.040283,-0.0085449,0.046082,2.2757,0.18158,0
-0.023651,-0.0054932,0.046539,2.5033,0.19379,0
-0.0056458,-0.0047302,0.046844,2.2757,0.20355,0
0.0030518,-0.0071716,0.041809,2.2757,0.20935,0
0.0036621,-0.0065613,0.034637,2.2757,0.21118,0
0.0061035,-0.0042725,0.027924,2.2757,0.20996,0
0.013428,0.0012207,0.020447,2.0482,0.20782,0
0.022278,0.0067139,0.011139,1.8206,0.20844,0
0.031891,0.0091553,0.0094604,2.0482,0.21271,0
0.039978,0.010986,0.016479,2.5033,0.22552,0
0.048218,0.014801,0.017242,2.7309,0.242,0
0.059204,0.018158,0.0076294,2.2757,0.25757,0
0.070343,0.016785,-0.0028992,2.2757,0.2655,0
0.075836,0.01709,-0.0076294,2.0482,0.26947,0
0.069427,0.014801,-0.0035095,2.2757,0.27466,0
0.056763,0.0097656,0.0041199,2.2757,0.27435,0
0.044403,0.0054932,0.0067139,2.2757,0.27374,0
0.033569,0.0048828,0.0016785,2.2757,0.28229,0
0.022583,0.0053406,0.0042725,2.5033,0.30426,0
0.016022,0.0062561,0.011597,2.2757,0.31952,0
0.013275,0.0086975,0.010681,2.2757,0.30609,0
0.010071,0.0068665,0.0015259,2.0482,0.26245,0
0.0039673,0.0050354,-0.0018311,2.2757,0.20416,0
-0.0021362,-0.00015259,0.0056458,2.0482,0.15503,0
-0.00015259,-0.004425,0.01297,2.7309,0.12421,0
0.0083923,-0.004425,0.015717,2.5033,0.11108,0
0.01358,-0.0038147,0.015564,2.2757,0.10529,0
0.0090027,-0.002594,0.014038,1.8206,0.1004,0
0.0018311,-0.0035095,0.014801,2.2757,0.088806,0
0.00091553,-0.0038147,0.018463,1.3655,0.073547,0
0.00076294,-0.0045776,0.024414,2.7309,0.061646,0
-0.0038147,-0.0057983,0.02121,2.5033,0.06073,0
-0.014343,-0.0048828,0.0093079,2.9584,0.075073,0
-0.024414,-0.004425,0.00015259,2.2757,0.093079,0
-0.026093,-0.0047302,-0.0016785,1.5931,0.10498,0
-0.02182,-0.0018311,0.0093079,1.5931,0.10834,0
-0.014954,-0.0012207,0.020905,2.0482,0.098267,0
-0.005188,-0.0018311,0.022583,1.5931,0.082397,0
0.0028992,-0.0035095,0.018768,2.0482,0.066528,0
0.0018311,-0.0054932,0.0088501,2.7309,0.051575,0
-0.0057983,-0.0041199,-0.0048828,1.8206,0.041199,0
-0.010223,-0.0012207,-0.013885,2.0482,0.03418,0
-0.007019,-0.0028992,-0.015106,2.0482,0.023499,0
-0.0012207,-0.0032043,-0.013885,2.2757,0.007019,0
0.0021362,-0.00030518,-0.0093079,2.2757,-0.016479,0
0.0048828,0.0013733,0.00061035,2.9584,-0.045166,0
0.0041199,-0.00091553,0.011902,2.9584,-0.071716,0
0.0035095,-0.0050354,0.016327,2.7309,-0.091553,0
0.0056458,-0.0080872,0.014038,2.5033,-0.10315,0
0.0093079,-0.0094604,0.013123,2.0482,-0.1062,0
0.0090027,-0.011902,0.014496,2.2757,-0.10162,0
0.0083923,-0.010376,0.013123,2.2757,-0.089111,0
0.0080872,-0.0073242,0.013123,2.5033,-0.073242,0
0,-0.0064087,0.017548,2.9584,-0.069275,0
-0.013428,-0.005188,0.013428,2.0482,-0.086975,0
-0.021973,-0.0061035,0.0097656,2.7309,-0.12573,0
-0.018158,-0.0088501,0.011749,2.2757,-0.1651,0
-0.0064087,-0.011902,0.011902,3.186,-0.18646,0
-0.00076294,-0.011444,0.010834,2.5033,-0.18494,0
0,-0.0088501,0.012665,2.0482,-0.17517,0
0.0013733,-0.010071,0.01358,1.5931,-0.16937,0
0.0054932,-0.010376,0.014191,1.5931,-0.17181,0
0.013733,-0.0079346,0.01297,2.5033,-0.17365,0
0.028992,-0.0053406,0.0082397,2.2757,-0.17059,0
0.037384,-0.0065613,0.0012207,2.0482,-0.16235,0
0.03067,-0.009613,-0.0053406,2.2757,-0.14435,0
0.018311,-0.0093079,-0.0083923,1.8206,-0.12054,0
0.012207,-0.0094604,-0.0057983,2.0482,-0.098572,0
0.0068665,-0.010681,-0.0013733,2.5033,-0.085144,0
-0.0047302,-0.0090027,-0.0013733,2.0482,-0.080872,0
-0.019073,-0.0059509,0.00061035,1.8206,-0.083618,0
-0.030518,-0.0065613,0.0082397,1.5931,-0.084839,0
-0.036163,-0.0086975,0.012665,2.0482,-0.077515,0
-0.032806,-0.011139,0.0071716,2.0482,-0.062561,0
-0.027161,-0.014801,0.0032043,1.5931,-0.042114,0
-0.031738,-0.0177,0.0073242,2.0482,-0.027466,0
-0.04303,-0.017548,0.013428,2.7309,-0.024109,0
-0.046234,-0.011597,0.013428,2.2757,-0.030823,0
-0.042572,-0.0080872,0.007782,2.5033,-0.044556,0
-0.0383,-0.0064087,-0.00076294,2.0482,-0.059814,0
-0.029449,-0.0067139,-0.0039673,1.3655,-0.072327,0
-0.015869,-0.0062561,-0.002594,1.8206,-0.083313,0
-0.0010681,-0.0042725,-0.004425,1.8206,-0.093689,0
0.016022,-0.0022888,-0.0068665,1.8206,-0.097656,0
0.031128,-0.00015259,-0.0073242,2.2757,-0.095825,0
0.039825,0.00091553,-0.0038147,2.2757,-0.084839,0
0.038452,0.00076294,0.0013733,2.2757,-0.070496,0
0.02533,0.0032043,0.0027466,2.0482,-0.059814,0
0.0076294,0.009613,0.0059509,2.5033,-0.059509,0
-0.0048828,0.018768,0.011902,2.0482,-0.063782,0
-0.010529,0.022125,0.014343,2.0482,-0.064087,0
-0.0086975,0.023499,0.009613,1.8206,-0.054932,0
-0.0073242,0.02533,0.0080872,2.2757,-0.040894,0
-0.007782,0.023193,0.011139,2.5033,-0.032043,0
-0.0061035,0.020142,0.016785,2.2757,-0.032959,0
-0.0018311,0.021057,0.021667,2.0482,-0.040283,0
0.00076294,0.020142,0.02243,2.0482,-0.046692,0
-0.00091553,0.016022,0.016327,2.2757,-0.046082,0
-0.0059509,0.010071,0.0097656,2.0482,-0.038147,0
-0.0057983,0.0071716,0.0068665,1.5931,-0.02594,0
0.00061035,0.0090027,0.0018311,2.9584,-0.0177,0
-0.00091553,0.0085449,-0.0035095,2.5033,-0.014954,0
-0.015564,0.0073242,-0.00030518,2.5033,-0.021057,0
-0.030975,0.0042725,0.010529,2.0482,-0.027771,0
-0.033417,0.0033569,0.017853,2.2757,-0.032349,0
-0.02594,0.0041199,0.01358,1.8206,-0.029907,0
-0.011444,0.0016785,0.0065613,1.8206,-0.022583,0
0.0050354,-0.00076294,0.00091553,2.2757,-0.010986,0
0.0085449,-0.0018311,-0.0041199,2.5033,-0.0027466,0
-0.0013733,-0.0028992,-0.0091553,2.2757,-0.00091553,0
-0.0088501,-0.002594,-0.0061035,1.3655,-0.007019,0
-0.0030518,-0.0038147,0.009613,2.2757,-0.016479,0
0.014038,-0.0053406,0.021667,2.2757,-0.021362,0
0.02533,-0.0035095,0.025024,2.2757,-0.015564,0
0.013733,-0.004425,0.021667,2.0482,-0.005188,0
-0.0082397,-0.0091553,0.015259,1.8206,0.0012207,0
-0.017853,-0.010223,0.010834,2.0482,-0.0012207,0
-0.0091553,-0.0064087,0.0030518,1.5931,-0.010071,0
0.00061035,-0.004425,-0.0018311,2.0482,-0.017395,0
0.0010681,-0.004425,0.0018311,1.8206,-0.019531,0
-0.0053406,-0.0076294,0.012817,1.8206,-0.019531,0
-0.0099182,-0.0082397,0.023346,2.2757,-0.019226,0
-0.0068665,-0.0065613,0.025482,2.2757,-0.020447,0
0.0013733,-0.0035095,0.02243,1.8206,-0.025635,0
0.011749,-0.0030518,0.016327,2.2757,-0.031433,0
0.021973,-0.0018311,0.010376,1.8206,-0.034485,0
0.028076,0.0019836,0.0042725,2.5033,-0.036011,0
0.031738,0.004425,-0.0010681,2.0482,-0.037537,0
0.033112,0.004425,-0.012054,2.9584,-0.036316,0
0.038147,0.0018311,-0.021057,2.5033,-0.028381,0
0.055695,-0.00091553,-0.018921,2.0482,-0.010376,0
0.074615,-0.0015259,-0.015564,2.5033,0.010071,0
0.069885,-0.00091553,-0.016174,2.5033,0.025635,0
0.043335,0.0018311,-0.014648,2.5033,0.026245,0
0.02121,0.0041199,-0.0083923,2.2757,0.014954,0
0.0086975,0.005188,-0.0041199,2.5033,-0.0012207,0
-0.0028992,0.0054932,-0.0019836,2.0482,-0.007019,0
-0.013428,0.0050354,-0.0048828,2.2757,0.00030518,0
-0.018921,0.0030518,-0.010529,2.0482,0.012817,0
-0.016937,-0.00091553,-0.015411,2.9584,0.022278,0
-0.010529,-0.007019,-0.023041,2.7309,0.022583,0
-0.0068665,-0.010376,-0.032349,2.2757,0.015259,0
-0.0065613,-0.011444,-0.039215,1.8206,0.0042725,0
-0.0021362,-0.011139,-0.041656,2.5033,-0.0033569,0
0.0024414,-0.0086975,-0.039978,1.5931,-0.00091553,0
0.0012207,-0.010529,-0.036926,1.8206,0.0067139,0
-0.0015259,-0.012817,-0.036621,1.5931,0.011292,0
-0.0016785,-0.010986,-0.033417,1.8206,0.007019,0
-0.0018311,-0.0038147,-0.020294,2.2757,-0.0076294,0
-0.0053406,0.00091553,-0.00061035,2.0482,-0.030518,0
-0.010834,0.0028992,0.015869,1.8206,-0.062256,0
-0.012512,0.0033569,0.026093,2.7309,-0.095215,0
-0.0062561,0.0056458,0.030212,2.0482,-0.10498,0
-0.00015259,0.0088501,0.031738,1.8206,-0.090942,0
0.0015259,0.0091553,0.028076,1.3655,-0.075073,0
0.0030518,0.012817,0.024414,1.8206,-0.072937,0
0.0022888,0.019836,0.025635,2.0482,-0.080566,0
-0.0053406,0.024567,0.027161,1.8206,-0.08606,0
-0.01358,0.027618,0.027618,1.5931,-0.091553,0
-0.009613,0.024719,0.028381,1.8206,-0.097351,0
0.0032043,0.02243,0.028229,2.2757,-0.095215,0
0.01358,0.019684,0.024719,1.8206,-0.078125,0
0.01709,0.019379,0.018158,2.2757,-0.048828,0
0.012512,0.015259,0.0094604,2.5033,-0.021973,0
-0.00076294,0.0082397,0.0016785,2.7309,-0.012512,0
-0.01236,0.0016785,-0.0028992,2.5033,-0.022583,0
-0.019531,-0.0030518,-0.0013733,2.0482,-0.047913,0
-0.027466,-0.0056458,0.0015259,2.5033,-0.072021,0
-0.036011,-0.0047302,0.0032043,2.0482,-0.089722,0
-0.039825,-0.0045776,0.0048828,2.0482,-0.098267,0
-0.037231,-0.0045776,0.0019836,2.5033,-0.10559,0
-0.029144,-0.0073242,-0.0057983,2.0482,-0.1181,0
-0.016022,-0.0082397,-0.016327,2.7309,-0.14404,0
-0.002594,-0.0057983,-0.021515,2.2757,-0.17548,0
0.0065613,-0.0053406,-0.015869,2.5033,-0.2002,0
0.011444,-0.00061035,-0.0042725,2.7309,-0.21271,0
0.010071,0.0032043,0.00030518,2.0482,-0.20874,0
0.0048828,0.0036621,0.00091553,2.2757,-0.19836,0
0.0016785,0.00045776,0.0047302,2.5033,-0.18921,0
-0.0012207,-0.0028992,0.015259,1.8206,-0.18036,0
-0.005188,-0.0035095,0.024414,2.2757,-0.17334,0
-0.011444,-0.0027466,0.02533,2.7309,-0.16479,0
-0.016479,-0.0019836,0.019531,2.7309,-0.16205,0
-0.016937,-0.0048828,0.016022,2.2757,-0.17487,0
-0.013885,-0.0061035,0.017853,2.2757,-0.18707,0
-0.016785,-0.0047302,0.020294,2.2757,-0.18463,0
-0.025482,-0.0057983,0.018463,2.0482,-0.16754,0
-0.030518,-0.0062561,0.015259,1.3655,-0.14648,0
-0.029907,-0.0068665,0.017853,1.1379,-0.13367,0
-0.020905,-0.0086975,0.022736,1.8206,-0.13184,0
-0.0036621,-0.010681,0.02594,1.1379,-0.13794,0
0.011749,-0.011139,0.029449,1.8206,-0.13947,0
0.017853,-0.0099182,0.028381,1.8206,-0.13123,0
0.020142,-0.0088501,0.023041,1.3655,-0.10986,0
0.016937,-0.0090027,0.016022,0.91037,-0.078125,0
-0.00045776,-0.0090027,0.0085449,2.0482,-0.045471,0
-0.023346,-0.010376,-0.00015259,2.2757,-0.020142,0
-0.028076,-0.010223,-0.0050354,2.0482,-0.0076294,0
-0.015564,-0.010834,-0.0062561,2.0482,-0.0085449,0
-0.00030518,-0.010986,-0.015564,2.2757,-0.011597,0
0.0061035,-0.0091553,-0.019989,2.0482,-0.0048828,0
0.0050354,-0.0059509,-0.016022,2.0482,0.0076294,0
0.0047302,-0.007019,-0.0088501,2.0482,0.022278,0
0.010529,-0.011597,-0.007019,2.0482,0.032959,0
0.02243,-0.013275,-0.0085449,2.2757,0.038147,0
0.029907,-0.011597,-0.0085449,2.0482,0.041809,0
0.028534,-0.0097656,-0.010376,2.2757,0.045471,0
0.022583,-0.010986,-0.010834,2.2757,0.05188,0
0.021057,-0.011139,-0.0074768,2.9584,0.065308,0
0.024719,-0.0097656,-0.0067139,2.5033,0.08606,0
0.029755,-0.0097656,-0.010223,2.5033,0.1123,0
0.031891,-0.011292,-0.010681,2.0482,0.13611,0
0.026093,-0.014954,-0.010986,2.5033,0.15015,0
0.0097656,-0.017853,-0.010681,2.2757,0.15228,0
-0.0048828,-0.01709,-0.0013733,2.5033,0.15167,0
-0.0086975,-0.016022,0.016327,2.7309,0.16266,0
-0.0094604,-0.011749,0.036011,2.0482,0.19318,0
-0.014648,-0.0061035,0.045624,2.5033,0.23438,0
-0.011597,-0.004425,0.042877,2.2757,0.26398,0
0.004425,-0.0061035,0.038452,2.7309,0.27069,0
0.016327,-0.0067139,0.035248,2.0482,0.25787,0
0.014343,-0.0016785,0.025635,2.0482,0.23804,0
0.0050354,-0.00015259,0.012054,2.0482,0.22339,0
-0.0093079,0,0.002594,2.5033,0.21881,0
-0.023193,0.0032043,-0.0019836,2.2757,0.21973,0
-0.027924,0.002594,-0.0059509,2.2757,0.21881,0
-0.02533,-0.00045776,-0.013275,1.8206,0.21606,0
-0.013123,-0.0032043,-0.021362,2.5033,0.20996,0
0.0053406,-0.0047302,-0.026398,2.2757,0.20172,0
0.016479,-0.007782,-0.029602,2.2757,0.19501,0
0.017242,-0.0094604,-0.033722,1.8206,0.19073,0
0.012512,-0.0042725,-0.036011,2.0482,0.18738,0
0.0099182,-0.0018311,-0.036011,2.2757,0.18402,0
0.010986,-0.0016785,-0.030823,2.2757,0.177,0
0.011597,-0.004425,-0.02121,2.0482,0.16785,0
0.013733,-0.010986,-0.016022,2.0482,0.1593,0
0.018616,-0.013123,-0.015717,1.8206,0.14832,0
0.024414,-0.011292,-0.011597,2.0482,0.13702,0
0.029144,-0.0083923,-0.0053406,1.5931,0.12512,0
0.03067,-0.0065613,-0.0019836,1.8206,0.11292,0
0.029449,-0.0057983,-0.002594,1.5931,0.10345,0
0.025482,-0.0048828,-0.0033569,1.8206,0.097656,0
0.021515,-0.0041199,0.0018311,2.2757,0.093079,0
0.019531,-0.0021362,0.0080872,1.5931,0.082397,0
0.016327,-0.0015259,0.013885,2.2757,0.06897,0
0.010986,-0.00061035,0.01709,2.2757,0.05249,0
0.0057983,-0.0033569,0.015564,1.1379,0.037842,0
0.0054932,-0.0065613,0.014801,1.8206,0.023804,0
0.010071,-0.0039673,0.0177,2.2757,0.0094604,0
0.012054,-0.0036621,0.027924,2.2757,-0.0015259,0
0.0082397,-0.0024414,0.036011,2.9584,-0.0088501,0
-0.00015259,-0.0035095,0.033569,3.4135,-0.016174,0
-0.010376,-0.0038147,0.023804,3.186,-0.022583,0
-0.020447,-0.0021362,0.011444,2.2757,-0.029602,0
-0.022278,0,0.0028992,2.7309,-0.038147,0
-0.010834,0.00015259,0.00030518,2.5033,-0.047302,0
0.0059509,0.00091553,-0.00015259,2.7309,-0.055542,0
0.013733,0.00030518,-0.0047302,3.186,-0.057983,0
0.0074768,-0.00061035,-0.022278,2.7309,-0.052795,0
-0.0010681,0.0010681,-0.029907,2.5033,-0.04303,0
-0.0047302,-0.00045776,-0.032043,2.0482,-0.032349,0
-0.0080872,-0.0012207,-0.032196,2.5033,-0.021362,0
-0.01709,0.0013733,-0.028534,1.3655,-0.013733,0
-0.024109,0.0019836,-0.018463,2.0482,-0.0073242,0
-0.026093,-0.00030518,-0.015411,2.5033,-0.0021362,0
-0.026093,-0.0010681,-0.018463,2.5033,0.00061035,0
-0.021057,-0.00015259,-0.014191,2.9584,0.0036621,0
-0.012207,0,-0.0010681,2.2757,0.012817,0
-0.0061035,-0.0027466,0.011597,1.8206,0.02655,0
-0.005188,-0.0036621,0.02594,2.2757,0.0354,0
-0.0048828,-0.0033569,0.040283,1.3655,0.040588,0
0.0032043,0.0012207,0.046539,1.3655,0.053711,0
0.023193,0.0041199,0.042725,2.2757,0.079041,0
0.037689,0.0041199,0.036469,1.8206,0.10132,0
0.034485,0.0045776,0.030365,1.5931,0.10956,0
0.017548,0.0032043,0.025024,2.2757,0.10254,0
-0.0013733,-0.00061035,0.017853,1.8206,0.084839,0
-0.015106,-0.0024414,0.016785,2.0482,0.06958,0
-0.02655,-0.00061035,0.016327,2.0482,0.062256,0
-0.035706,0.00030518,0.014954,2.0482,0.06073,0
-0.037079,0.00045776,0.014191,2.0482,0.054626,0
-0.033875,0,0.016632,1.8206,0.04303,0
-0.025482,-0.0012207,0.019836,2.7309,0.021057,0
-0.014191,-0.0042725,0.019379,2.2757,-0.0045776,0
-0.0080872,-0.0086975,0.019836,2.5033,-0.028687,0
-0.0093079,-0.0064087,0.021515,2.0482,-0.046082,0
-0.011139,-0.0022888,0.018005,1.8206,-0.057678,0
-0.0079346,-0.0013733,0.015106,2.5033,-0.064087,0
0.00045776,-0.00091553,0.018768,2.2757,-0.071411,0
0.010834,0.00045776,0.02121,2.5033,-0.085754,0
0.015106,0.0028992,0.023956,2.2757,-0.10834,0
0.013123,0.0047302,0.028534,2.2757,-0.13306,0
0.010223,0.0056458,0.028687,2.5033,-0.15472,0
0.0054932,0.0068665,0.026245,1.8206,-0.16876,0
-0.00091553,0.0064087,0.025787,2.9584,-0.17548,0
-0.0016785,0.0059509,0.025787,2.2757,-0.17883,0
0.004425,0.0059509,0.02243,2.5033,-0.18555,0
0.015564,0.0067139,0.010071,2.5033,-0.2002,0
0.023956,0.0083923,-0.005188,2.2757,-0.2182,0
0.023041,0.010529,-0.016327,1.8206,-0.23651,0
0.016785,0.011444,-0.023499,2.2757,-0.25299,0
0.007019,0.0090027,-0.028076,2.0482,-0.27069,0
0.0021362,0.0065613,-0.027771,2.5033,-0.28229,0
0.0071716,0.0076294,-0.0177,2.9584,-0.28442,0
0.018768,0.010223,-0.0028992,2.2757,-0.28198,0
0.023804,0.01358,0.010223,2.2757,-0.28259,0
0.016632,0.013428,0.021362,1.5931,-0.29022,0
0.0059509,0.011139,0.022583,1.8206,-0.29907,0
-0.00091553,0.010071,0.016785,2.0482,-0.3064,0
-0.00091553,0.0085449,0.010071,2.2757,-0.30762,0
0.00076294,0.0053406,0.0012207,2.2757,-0.30212,0
0,-0.00045776,-0.0097656,1.8206,-0.29327,0
-0.0030518,-0.007019,-0.022278,2.0482,-0.28625,0
-0.0048828,-0.0097656,-0.02533,2.2757,-0.28595,0
-0.0057983,-0.007782,-0.020599,2.7309,-0.29114,0
-0.0064087,-0.0053406,-0.012817,1.8206,-0.29938,0
-0.0030518,-0.007019,-0.013275,1.5931,-0.29785,0
0.0038147,-0.0071716,-0.0177,1.8206,-0.28931,0
0.0035095,-0.0064087,-0.019226,2.0482,-0.27924,0
-0.0054932,-0.007019,-0.020142,1.8206,-0.27344,0
-0.017548,-0.0068665,-0.020294,1.5931,-0.27924,0
-0.02533,-0.0065613,-0.020294,1.3655,-0.29388,0
-0.017242,-0.0065613,-0.020447,1.8206,-0.30579,0
0.0016785,-0.0065613,-0.020294,2.9584,-0.30914,0
0.0065613,-0.0067139,-0.020447,2.5033,-0.30762,0
-0.0061035,-0.0065613,-0.020142,2.0482,-0.30853,0
-0.021973,-0.0065613,-0.020447,1.5931,-0.31586,0
-0.023346,-0.0038147,-0.016022,2.2757,-0.32898,0
-0.0045776,0.0067139,0.0033569,2.0482,-0.34637,0
0.0177,0.0097656,0.02121,1.8206,-0.36255,0
0.031433,0.0073242,0.034485,2.5033,-0.37598,0
0.045319,0.007782,0.045776,2.0482,-0.383,0
0.065765,0.0090027,0.063019,2.2757,-0.38239,0
0.076752,0.0082397,0.080261,1.8206,-0.38025,0
0.070038,0.0050354,0.087891,2.5033,-0.37781,0
0.054779,0.0074768,0.089569,2.2757,-0.38177,0
0.041962,0.010834,0.078583,2.2757,-0.39001,0
0.027313,0.010834,0.057831,2.5033,-0.40039,0
0.0061035,0.0090027,0.039062,2.7309,-0.41199,0
-0.019226,0.0073242,0.028534,2.2757,-0.41992,0
-0.045013,0.0022888,0.022278,2.2757,-0.42938,0
-0.054474,-0.0027466,0.022888,2.0482,-0.44037,0
-0.04425,-0.0059509,0.031128,2.5033,-0.45563,0
-0.038605,-0.0057983,0.040283,1.8206,-0.46906,0
-0.043335,-0.0032043,0.04837,2.5033,-0.4834,0
-0.043335,-0.0035095,0.05188,2.5033,-0.49194,0
-0.032501,-0.0028992,0.045166,2.2757,-0.49896,0
-0.023193,-0.0035095,0.03418,1.8206,-0.50537,0
-0.021515,-0.0042725,0.028534,2.7309,-0.51086,0
-0.022125,-0.0039673,0.028076,2.5033,-0.51392,0
-0.018768,-0.0030518,0.027161,2.0482,-0.51361,0
-0.010223,0.0027466,0.024719,2.7309,-0.51178,0
-0.0032043,0.0041199,0.023956,1.8206,-0.51178,0
0.0015259,0.00045776,0.022736,1.3655,-0.50873,0
0.0053406,-0.0013733,0.025482,1.5931,-0.49774,0
0.010986,-0.00091553,0.028381,1.8206,-0.47791,0
0.019073,0.0013733,0.033417,1.8206,-0.45471,0
0.024872,0.0028992,0.040436,2.0482,-0.43518,0
0.021515,0.0035095,0.04425,2.2757,-0.42206,0
0.0088501,0.0048828,0.045624,2.2757,-0.40924,0
-0.0018311,0.005188,0.043793,2.9584,-0.39734,0
-0.0030518,0.0053406,0.041504,2.7309,-0.38452,0
-0.0033569,0.0061035,0.037537,1.8206,-0.37689,0
-0.0073242,0.0080872,0.032349,2.2757,-0.38055,0
-0.011597,0.0041199,0.02594,2.7309,-0.39459,0
-0.010681,-0.0015259,0.022125,2.2757,-0.40802,0
-0.0079346,-0.0018311,0.023499,2.2757,-0.41962,0
-0.0086975,-0.0018311,0.025177,2.7309,-0.42419,0
-0.015717,-0.0035095,0.025177,2.2757,-0.42175,0
-0.023804,-0.0036621,0.018311,2.0482,-0.41779,0
-0.022125,-0.0032043,0.0027466,2.5033,-0.41687,0
-0.011749,-0.0036621,-0.0074768,2.2757,-0.41534,0
0.00091553,-0.0033569,-0.0074768,2.9584,-0.41443,0
0.010223,-0.0015259,-0.00091553,2.5033,-0.41229,0
0.013428,-0.0024414,0.014191,2.9584,-0.41351,0
0.011139,-0.0018311,0.037842,2.7309,-0.4184,0
0.0045776,0.00015259,0.056152,2.5033,-0.41992,0
-0.0036621,0.0019836,0.06424,2.5033,-0.40894,0
-0.0085449,0.00076294,0.062561,2.2757,-0.38879,0
-0.0082397,-0.0016785,0.052643,2.2757,-0.3653,0
-0.0016785,-0.0041199,0.03952,2.2757,-0.34515,0
-0.00030518,-0.0027466,0.03418,2.5033,-0.32806,0
-0.0035095,0.00015259,0.037231,2.0482,-0.31067,0
0.0010681,0.0019836,0.040894,2.7309,-0.29358,0
0.010681,0.0018311,0.040131,2.7309,-0.271,0
0.010681,0.002594,0.035248,1.1379,-0.24689,0
0.0035095,0.0035095,0.02655,1.5931,-0.22186,0
-0.0024414,0.0048828,0.018311,1.5931,-0.19531,0
-0.0076294,0.0032043,0.0067139,2.5033,-0.16571,0
-0.015869,0.00045776,-0.0054932,2.5033,-0.13397,0
-0.022736,0.0019836,-0.010986,2.7309,-0.10101,0
-0.021057,0.0024414,-0.0038147,2.0482,-0.064697,0
-0.014191,0.0016785,0.010529,1.8206,-0.032349,0
-0.0073242,0.0027466,0.020142,2.2757,-0.0042725,0
-0.0010681,0.0042725,0.020752,2.9584,0.021057,0
0.0039673,0.0018311,0.024414,2.2757,0.046082,0
0.002594,0.0010681,0.025787,1.8206,0.075378,0
-0.0048828,0.00061035,0.026093,2.0482,0.10773,0
-0.014496,0.00061035,0.023499,1.5931,0.13885,0
-0.018921,-0.0010681,0.014648,1.8206,0.16235,0
-0.020294,-0.00091553,0.0097656,1.8206,0.17395,0
-0.02182,0.0018311,0.021057,2.0482,0.17548,0
-0.019989,0.0050354,0.035553,2.2757,0.17303,0
-0.011139,0.0067139,0.039368,2.5033,0.17395,0
0.00061035,0.0080872,0.035248,2.2757,0.17792,0
0.010223,0.0097656,0.029449,2.2757,0.18585,0
0.016785,0.0083923,0.02655,2.2757,0.19165,0
0.018158,0.007782,0.02533,2.7309,0.18921,0
0.01236,0.0064087,0.028076,2.5033,0.17761,0
0.0071716,0.0059509,0.038452,2.5033,0.1593,0
0.0054932,0.0074768,0.045319,2.2757,0.13672,0
0.007782,0.0083923,0.046387,2.7309,0.11169,0
0.0079346,0.011139,0.04837,2.2757,0.096741,0
0.00015259,0.009613,0.05249,2.9584,0.084534,0
-0.012054,0.0039673,0.049896,2.7309,0.070496,0
-0.019226,0.0036621,0.047913,2.7309,0.048523,0
-0.021515,0.0056458,0.050812,2.9584,0.016174,0
-0.027771,0.0022888,0.057983,1.8206,-0.021667,0
-0.031128,-0.00015259,0.067596,2.2757,-0.057983,0
-0.019073,0.0021362,0.074005,2.7309,-0.082092,0
0.0030518,0.0041199,0.081329,2.9584,-0.093384,0
0.016174,0.0022888,0.083923,2.7309,-0.098267,0
0.016174,0.0012207,0.08316,2.5033,-0.10712,0
0.016022,0.0018311,0.088196,2.5033,-0.1239,0
0.016022,0.0010681,0.082703,1.5931,-0.14404,0
0.015869,-0.00061035,0.062866,2.7309,-0.15961,0
0.018768,0.0021362,0.042725,2.0482,-0.1651,0
0.02533,0.0053406,0.025482,2.2757,-0.16174,0
0.026245,0.0083923,0.0085449,2.2757,-0.14801,0
0.021667,0.0073242,0.00045776,2.0482,-0.13336,0
0.015717,0.0076294,0.0027466,1.8206,-0.1236,0
0.0086975,0.0076294,0.013123,2.0482,-0.12207,0
0.0062561,0.0061035,0.025177,1.8206,-0.1239,0
0.017242,0.0059509,0.034332,1.8206,-0.13062,0
0.036621,0.0073242,0.037994,2.2757,-0.12909,0
0.049744,0.007782,0.037231,2.2757,-0.11932,0
0.049438,0.007782,0.035858,2.2757,-0.099487,0
0.040588,0.0067139,0.034485,2.5033,-0.076294,0
0.033417,0.0056458,0.03418,2.0482,-0.054321,0
0.022125,0.0053406,0.033722,1.8206,-0.038757,0
0.0086975,0.0054932,0.03418,1.5931,-0.028992,0
0.00076294,0.005188,0.033722,2.0482,-0.020447,0
-0.0033569,0.0053406,0.033722,2.9584,-0.010681,0
-0.0057983,0.0054932,0.033875,2.5033,-0.0030518,0
-0.0080872,0.0054932,0.033722,2.2757,0.0021362,0
-0.0050354,0.0057983,0.03418,2.0482,0.0045776,0
0.0053406,0.0054932,0.033722,2.9584,0.0048828,0
0.015869,0.0042725,0.031738,2.5033,0.005188,0
0.0177,-0.0010681,0.02243,2.7309,0.0039673,0
0.01709,-0.0035095,0.019379,2.5033,0.0030518,0
0.017395,-0.0061035,0.018463,2.5033,-0.00061035,0
0.015106,-0.0082397,0.021515,2.7309,-0.0042725,0
0.011749,-0.0062561,0.020447,2.7309,-0.0045776,0
0.0088501,-0.0036621,0.012817,2.5033,-0.0036621,0
0.0035095,-0.0056458,0.0012207,2.5033,0.00061035,0
-0.0047302,-0.0080872,-0.0065613,2.2757,0.0085449,0
-0.010834,-0.0085449,-0.0093079,2.2757,0.013733,0
-0.010529,-0.0067139,-0.0065613,2.5033,0.010376,0
-0.009613,-0.0033569,-0.0041199,2.7309,0.0036621,0
-0.011902,-0.0021362,-0.002594,1.8206,-0.0057983,0
-0.014648,-0.0030518,0.00091553,1.8206,-0.011597,0
-0.018768,-0.0022888,0.004425,2.0482,-0.014343,0
-0.027313,-0.0027466,0.0041199,2.0482,-0.016174,0
-0.032349,-0.0071716,0.00045776,2.7309,-0.021057,0
-0.030823,-0.010681,-0.0027466,2.5033,-0.030212,0
-0.019836,-0.013885,0.0010681,2.5033,-0.043335,0
-0.0018311,-0.017395,0.0080872,2.0482,-0.06012,0
0.0085449,-0.018463,0.010529,1.8206,-0.076599,0
0.0059509,-0.019226,0.0067139,2.2757,-0.087585,0
0.0012207,-0.020752,-0.00061035,2.2757,-0.094299,0
0.00015259,-0.021515,-0.0094604,2.0482,-0.098267,0
-0.0028992,-0.02182,-0.015411,2.2757,-0.099487,0
-0.013733,-0.018005,-0.016632,2.2757,-0.098572,0
-0.024261,-0.013123,-0.019073,2.0482,-0.094604,0
-0.029755,-0.013275,-0.022583,1.8206,-0.093384,0
-0.028381,-0.013885,-0.028381,2.0482,-0.093994,0
-0.021515,-0.015259,-0.027924,2.5033,-0.091858,0
-0.010834,-0.014343,-0.023956,1.8206,-0.085754,0
-0.0022888,-0.01297,-0.020905,1.5931,-0.073547,0
0.00061035,-0.0080872,-0.025177,1.5931,-0.060425,0
-0.00015259,-0.0039673,-0.028534,2.5033,-0.048828,0
0.0013733,-0.0041199,-0.028839,1.5931,-0.040894,0
0.0062561,-0.0071716,-0.034943,2.5033,-0.036621,0
0.0086975,-0.0080872,-0.045013,1.5931,-0.036621,0
0.004425,-0.0050354,-0.050049,2.0482,-0.035706,0
0.0010681,-0.0010681,-0.050507,2.5033,-0.032654,0
-0.00030518,0.00076294,-0.052338,2.0482,-0.028687,0
-0.0013733,0.002594,-0.056458,2.9584,-0.02533,0
-0.0027466,0.002594,-0.054474,2.5033,-0.023499,0
-0.0028992,-0.00030518,-0.04715,2.5033,-0.023499,0
-0.0016785,-0.0010681,-0.039368,2.5033,-0.021362,0
-0.002594,0.00015259,-0.033264,2.5033,-0.019531,0
-0.0061035,0.0019836,-0.032349,2.0482,-0.01709,0
-0.0067139,0.0016785,-0.033112,2.5033,-0.012207,0
-0.00091553,0.0022888,-0.037384,2.2757,-0.007019,0
0.0027466,0.0015259,-0.043945,2.7309,-0.0018311,0
0.00076294,-0.00045776,-0.03952,2.2757,0.0027466,0
-0.010223,0.0019836,-0.027313,2.2757,0.0057983,0
-0.027008,0.0028992,-0.02182,2.2757,0.0082397,0
-0.036469,0.0028992,-0.020142,2.7309,0.011902,0
-0.035858,0.0028992,-0.020294,2.0482,0.015564,0
-0.029602,0.0028992,-0.020294,2.0482,0.019836,0
-0.021362,0.0030518,-0.020294,2.0482,0.023804,0
-0.0076294,0.0030518,-0.020142,2.5033,0.028076,0
0.0056458,0.0032043,-0.020142,2.5033,0.032654,0
0.0088501,0.0032043,-0.020294,1.3655,0.035095,0
0.0036621,0.0028992,-0.020142,1.8206,0.037231,0
-0.0012207,0.0032043,-0.020294,1.8206,0.038452,0
-0.0030518,0.0032043,-0.020447,2.5033,0.041504,0
-0.0030518,0.0030518,-0.020294,2.2757,0.045471,0
-0.0028992,0.0030518,-0.020294,2.2757,0.049744,0
0.0090027,0.0030518,-0.020142,2.0482,0.05249,0
0.020752,0.0030518,-0.020447,2.5033,0.056458,0
0.023041,0.0021362,-0.023193,2.5033,0.058899,0
0.025482,-0.0016785,-0.034027,2.0482,0.060425,0
0.028381,-0.0028992,-0.034027,0.91037,0.06073,0
0.02594,0.00091553,-0.032501,1.8206,0.059204,0
0.019531,0.002594,-0.027618,2.5033,0.055237,0
0.015411,0.0015259,-0.016937,2.5033,0.049438,0
0.017853,0.002594,-0.010681,2.7309,0.042114,0
0.018616,0.0030518,-0.0091553,2.5033,0.036621,0
0.012512,0.0047302,-0.0028992,2.2757,0.036926,0
0.004425,0.0053406,0.0097656,2.2757,0.038757,0
0,0.0035095,0.01358,2.2757,0.042419,0
0.00030518,0,0.0062561,2.5033,0.046082,0
0.0048828,-0.007782,-0.0062561,2.2757,0.048218,0
0.007782,-0.009613,-0.016327,2.7309,0.048523,0
0.0080872,-0.010529,-0.012054,2.5033,0.046997,0
0.0061035,-0.0079346,0.00076294,2.7309,0.046692,0
0.0019836,0.0012207,0.0071716,2.5033,0.047302,0
-0.00015259,0.0041199,0.0015259,2.7309,0.048218,0
0.0019836,0.0015259,-0.0086975,2.7309,0.054626,0
0.0080872,-0.0016785,-0.015411,2.9584,0.062561,0
0.019073,-0.00015259,-0.017395,2.0482,0.072021,0
0.021057,0.0016785,-0.018616,2.9584,0.081482,0
0.007782,0.0010681,-0.017395,2.7309,0.093689,0
-0.0036621,0.0010681,-0.020447,2.7309,0.10956,0
-0.0083923,0.0021362,-0.029144,2.9584,0.12756,0
-0.015411,0.0021362,-0.0354,2.9584,0.14648,0
-0.024414,0.0036621,-0.034485,1.8206,0.16907,0
-0.030518,-0.00030518,-0.035248,1.8206,0.19043,0
-0.031738,-0.0035095,-0.04303,2.2757,0.20844,0
-0.029907,-0.0012207,-0.04303,2.5033,0.22278,0
-0.028992,0.00030518,-0.040131,2.2757,0.23438,0
-0.022278,-0.00091553,-0.041504,1.8206,0.24414,0
0.0019836,-0.0012207,-0.042419,2.5033,0.2536,0
0.031128,-0.00015259,-0.037384,2.2757,0.26459,0
0.041199,-0.0013733,-0.034027,2.2757,0.27405,0
0.036316,-0.0035095,-0.034485,2.5033,0.28381,0
0.033569,-0.0033569,-0.037689,2.0482,0.29022,0
0.034485,-0.00091553,-0.04303,2.0482,0.29541,0
0.03006,-0.0016785,-0.039215,2.0482,0.29999,0
0.017242,-0.0047302,-0.027771,1.5931,0.30457,0
0.0056458,-0.0047302,-0.018768,1.3655,0.30853,0
0.0027466,-0.0062561,-0.0065613,2.5033,0.31036,0
0.0018311,-0.0080872,0.0018311,2.0482,0.31281,0
-0.00061035,-0.0086975,0.00076294,2.0482,0.31372,0
-0.0057983,-0.0091553,-0.0083923,1.8206,0.3125,0
-0.01358,-0.010223,-0.012817,2.0482,0.31158,0
-0.01709,-0.0074768,-0.0097656,1.8206,0.31097,0
-0.014954,-0.005188,-0.011292,2.0482,0.31097,0
-0.0094604,-0.0039673,-0.0177,2.2757,0.30975,0
0.004425,-0.0041199,-0.023041,1.8206,0.30792,0
0.022736,-0.0056458,-0.028992,2.5033,0.30426,0
0.032196,-0.0065613,-0.036469,2.2757,0.29968,0
0.032959,-0.0048828,-0.045776,2.9584,0.29175,0
0.029907,-0.0053406,-0.050964,3.4135,0.28564,0
0.026703,-0.004425,-0.049744,2.5033,0.27832,0
0.023651,-0.0024414,-0.050812,2.7309,0.27222,0
0.015259,-0.0018311,-0.051727,2.5033,0.26642,0
-0.00091553,-0.0013733,-0.051727,2.9584,0.26703,0
-0.018921,0,-0.047913,2.0482,0.27496,0
-0.033112,0,-0.036011,2.2757,0.28381,0
-0.038605,-0.0024414,-0.028534,2.5033,0.29602,0
-0.032806,-0.0016785,-0.022888,3.186,0.30579,0
-0.021362,0,-0.018616,2.2757,0.31464,0
-0.012817,-0.00076294,-0.017395,3.186,0.32135,0
-0.0068665,-0.0013733,-0.022583,2.9584,0.32837,0
-0.0074768,-0.0010681,-0.026398,2.7309,0.33752,0
-0.012054,0.0024414,-0.03006,2.5033,0.34821,0
-0.015564,0.0074768,-0.034637,2.5033,0.35919,0
-0.018158,0.012665,-0.033417,2.7309,0.36896,0
-0.020752,0.012817,-0.02594,2.2757,0.37872,0
-0.022125,0.0082397,-0.020142,2.2757,0.38391,0
-0.02182,0.0073242,-0.017548,2.0482,0.38422,0
-0.014038,0.0057983,-0.023193,2.0482,0.37811,0
-0.00045776,0.0035095,-0.03067,2.2757,0.37018,0
0.009613,0.0015259,-0.032043,2.0482,0.36041,0
0.0088501,0.002594,-0.028992,2.2757,0.35004,0
0.0013733,0.0021362,-0.027466,2.2757,0.34149,0
-0.0041199,-0.0015259,-0.026703,2.7309,0.33508,0
-0.0032043,-0.0018311,-0.016937,2.2757,0.32837,0
-0.0013733,0.00030518,-0.0019836,2.2757,0.32227,0
-0.0027466,0.0032043,0.0057983,1.5931,0.31525,0
-0.0035095,0.007782,0.0091553,2.5033,0.30426,0
-0.0013733,0.0079346,0.013733,2.2757,0.29144,0
0.0010681,0.0045776,0.023651,1.5931,0.27557,0
0.0027466,0.0016785,0.040131,2.2757,0.26398,0
0.0094604,0.0032043,0.051727,2.0482,0.25238,0
0.018311,0.0057983,0.053253,1.5931,0.24231,0
0.022736,0.0032043,0.052338,1.8206,0.23315,0
0.022125,-0.0018311,0.061951,2.0482,0.22125,0
0.018463,-0.0036621,0.080719,2.0482,0.20844,0
0.015869,-0.002594,0.095673,2.7309,0.19409,0
0.015411,-0.0018311,0.10117,2.2757,0.18219,0
0.016174,-0.0015259,0.10269,2.7309,0.17426,0
0.022125,-0.0019836,0.10269,2.2757,0.16907,0
0.030823,-0.0018311,0.089417,2.2757,0.16266,0
0.034027,-0.0035095,0.034332,2.0482,0.1535,0
0.026855,-0.0036621,0.004425,1.8206,0.14252,0
0.014954,-0.0018311,-0.0094604,2.5033,0.12939,0
0.0012207,-0.00015259,-0.010376,2.5033,0.11566,0
-0.012512,-0.0010681,-0.0065613,2.7309,0.10162,0
-0.028687,-0.0036621,-0.0083923,2.7309,0.085754,0
-0.042419,-0.0056458,-0.0097656,2.9584,0.070496,0
-0.045319,-0.0061035,-0.010071,2.5033,0.054321,0
-0.036774,-0.0045776,-0.0097656,3.186,0.036926,0
-0.022583,-0.0030518,-0.016632,2.2757,0.021057,0
-0.011139,-0.004425,-0.028381,2.5033,0.0045776,0
-0.0065613,-0.0028992,-0.035553,2.7309,-0.01709,0
-0.0097656,-0.0012207,-0.037689,2.7309,-0.044556,0
-0.016632,0.0019836,-0.038757,2.5033,-0.073547,0
-0.017548,0.0048828,-0.0383,2.2757,-0.1004,0
-0.014191,0.0054932,-0.038452,1.8206,-0.12177,0
-0.010071,0.0059509,-0.034637,2.0482,-0.14038,0
-0.011139,0.0068665,-0.026245,2.5033,-0.15472,0
-0.019531,0.0059509,-0.02121,2.7309,-0.16724,0
-0.02533,0.0045776,-0.023041,2.2757,-0.17944,0
-0.024567,0.00030518,-0.021973,2.7309,-0.19196,0
-0.02594,-0.0010681,-0.016632,1.8206,-0.20416,0
-0.032501,0.0016785,-0.011749,1.8206,-0.21454,0
-0.037994,0.0028992,-0.014038,1.8206,-0.22552,0
-0.031281,0.002594,-0.019379,1.8206,-0.23132,0
-0.011139,-0.00030518,-0.020142,1.5931,-0.23438,0
0.0088501,-0.00030518,-0.019684,1.5931,-0.23163,0
0.018921,-0.0012207,-0.023346,2.7309,-0.23132,0
0.018616,-0.002594,-0.02594,2.2757,-0.25177,0
0.01297,-0.00045776,-0.025482,2.5033,-0.28564,0
0.012817,0.0018311,-0.02243,1.8206,-0.31494,0
0.027924,0.0010681,-0.014191,2.5033,-0.3302,0
0.060577,0.00061035,-0.0032043,1.3655,-0.32928,0
0.093689,0.0013733,0.0012207,2.2757,-0.32135,0
0.10178,0.0042725,0.0054932,2.0482,-0.31647,0
0.086975,0.0068665,0.0083923,2.7309,-0.3244,0
0.067749,0.007782,0.010223,2.7309,-0.3421,0
0.048828,0.0083923,0.0073242,2.2757,-0.36133,0
0.03067,0.0094604,0.0016785,2.5033,-0.37598,0
0.014038,0.0065613,0.00061035,2.0482,-0.37994,0
-0.004425,0.0038147,0.0016785,2.2757,-0.3775,0
-0.023956,0.0036621,0.005188,2.5033,-0.37384,0
-0.031738,0.0062561,0.0079346,2.9584,-0.37384,0
-0.021667,0.0057983,0.0094604,2.9584,-0.37842,0
-0.0065613,0.0038147,0.013275,2.7309,-0.38696,0
-0.0045776,0.0027466,0.017853,2.0482,-0.39551,0
-0.01297,0.00091553,0.021973,2.2757,-0.39917,0
-0.024109,-0.0021362,0.023499,2.0482,-0.39642,0
-0.030212,-0.0013733,0.023346,2.0482,-0.38422,0
-0.035706,0.0022888,0.020599,2.0482,-0.36957,0
-0.042572,0.0056458,0.013123,2.5033,-0.35492,0
-0.044556,0.0045776,0.0085449,2.0482,-0.34546,0
-0.039368,0.0048828,0.0094604,2.2757,-0.34729,0
-0.033417,0.0038147,0.014038,1.8206,-0.35248,0
-0.029755,0.0027466,0.013733,2.0482,-0.35614,0
-0.030823,0.00091553,0.012665,2.2757,-0.354,0
-0.036316,-0.00045776,0.014801,2.0482,-0.34271,0
-0.031433,0.0019836,0.020599,2.2757,-0.32837,0
-0.015106,0.0038147,0.019836,1.8206,-0.31555,0
0.005188,0.0018311,0.010834,1.5931,-0.30426,0
0.023193,-0.00030518,0.007019,1.8206,-0.29724,0
0.031433,0.00030518,0.010376,1.8206,-0.2887,0
0.03479,0.00045776,0.017548,2.0482,-0.27985,0
0.036469,-0.0012207,0.025787,2.0482,-0.26794,0
0.035553,-0.0028992,0.033112,2.0482,-0.25665,0
0.034637,-0.0021362,0.032196,1.3655,-0.24048,0
0.033722,-0.00076294,0.024414,1.5931,-0.22461,0
0.028534,-0.0028992,0.019073,2.0482,-0.21149,0
0.021362,-0.0035095,0.019073,1.8206,-0.22095,0
0.021362,-0.002594,0.022888,1.8206,-0.2475,0
0.030365,-0.0041199,0.027313,1.3655,-0.25177,0
0.041656,-0.0067139,0.029449,1.5931,-0.23224,0
0.046234,-0.0050354,0.027161,1.3655,-0.20752,0
0.040436,-0.0033569,0.031281,2.2757,-0.18555,0
0.03006,-0.0057983,0.039062,1.8206,-0.16266,0
0.024414,-0.0093079,0.039673,2.0482,-0.13885,0
0.028534,-0.007019,0.034637,1.8206,-0.11505,0
0.027924,-0.0050354,0.033112,2.7309,-0.099487,0
0.014954,-0.004425,0.037537,2.5033,-0.091858,0
0.0036621,-0.0059509,0.042877,2.2757,-0.084229,0
-0.00091553,-0.0062561,0.045471,2.2757,-0.077209,0
-0.0071716,-0.0059509,0.044861,2.2757,-0.068359,0
-0.018616,-0.0028992,0.040283,2.2757,-0.061951,0
-0.027161,-0.00076294,0.0354,1.5931,-0.061035,0
-0.020447,-0.0015259,0.031433,2.7309,-0.065308,0
-0.0027466,-0.0035095,0.028839,2.2757,-0.074768,0
0.005188,-0.0033569,0.018463,2.5033,-0.08667,0
-0.0039673,-0.0016785,0.0067139,2.7309,-0.099487,0
-0.022278,-0.0021362,0.0065613,2.7309,-0.10986,0
-0.038605,0,0.012817,2.7309,-0.11688,0
-0.046082,0.0033569,0.012817,2.2757,-0.12268,0
-0.046234,0.0035095,0.007019,2.5033,-0.12634,0
-0.041199,0.0019836,0.0036621,2.5033,-0.13367,0
-0.0383,0.0027466,0.0073242,2.7309,-0.14343,0
-0.037384,0.004425,0.018158,2.5033,-0.14954,0
-0.030975,0.0030518,0.027313,2.0482,-0.15381,0
-0.017548,0.00015259,0.031586,2.5033,-0.15381,0
-0.004425,0.00030518,0.03952,1.8206,-0.14862,0
0.00061035,-0.00045776,0.053558,1.8206,-0.14038,0
0.00015259,-0.0042725,0.059967,2.0482,-0.13123,0
-0.0041199,-0.0056458,0.058289,1.8206,-0.12726,0
-0.0090027,-0.0032043,0.06073,2.0482,-0.12604,0
-0.011749,-0.0021362,0.066681,2.0482,-0.12604,0
-0.013123,-0.0035095,0.066071,0.91037,-0.12268,0
-0.015869,-0.0039673,0.055695,1.8206,-0.11627,0
-0.014648,-0.0050354,0.042572,1.3655,-0.10712,0
-0.011139,-0.0022888,0.039368,1.8206,-0.097046,0
-0.009613,-0.00015259,0.045166,2.0482,-0.087585,0
-0.0090027,0.0013733,0.052032,1.8206,-0.078125,0
-0.010986,0.0068665,0.058594,1.5931,-0.070801,0
-0.012207,0.01236,0.064697,1.8206,-0.065918,0
-0.011749,0.010986,0.066223,2.5033,-0.062256,0
-0.010071,0.0074768,0.059509,2.9584,-0.056152,0
-0.0076294,0.007019,0.048218,2.5033,-0.047607,0
-0.0041199,0.0057983,0.035095,2.5033,-0.035706,0
-0.0021362,0.0050354,0.030365,2.5033,-0.023804,0
-0.0024414,0.0086975,0.028839,2.7309,-0.018311,0
0.00015259,0.010681,0.02243,2.2757,-0.014343,0
-0.00076294,0.0059509,0.021057,2.9584,-0.014038,0
-0.0088501,0.0032043,0.02533,2.7309,-0.015564,0
-0.010986,0.0013733,0.028839,2.5033,-0.017395,0
0.0032043,-0.0016785,0.028381,1.8206,-0.018616,0
0.02243,-0.0073242,0.025024,2.7309,-0.020752,0
0.037689,-0.010986,0.019684,2.5033,-0.023804,0
0.041504,-0.0068665,0.012207,2.2757,-0.026855,0
0.030518,-0.0021362,0.0042725,2.5033,-0.027771,0
0.013275,0.0010681,-0.0010681,2.2757,-0.028992,0
-0.0016785,0.00045776,-0.0032043,2.5033,-0.028076,0
-0.011444,-0.002594,0.00076294,2.2757,-0.02533,0
-0.012665,-0.0032043,0.0062561,2.0482,-0.018616,0
-0.00091553,-0.00045776,0.0064087,2.2757,-0.010376,0
0.022583,0.0012207,0.0042725,1.8206,0.00061035,0
0.036774,-0.00030518,0.0071716,2.0482,0.011902,0
0.034332,-0.0010681,0.0076294,2.5033,0.021973,0
0.025024,-0.0022888,0.0030518,2.5033,0.030823,0
0.016327,-0.0033569,-0.0056458,2.0482,0.034485,0
0.010834,-0.0036621,-0.016479,2.0482,0.028076,0
0.0082397,-0.0019836,-0.021515,1.8206,0.0091553,0
0.0065613,-0.00061035,-0.019989,1.5931,-0.0067139,0
0.007782,-0.00061035,-0.018768,2.0482,0,0
0.01358,0.0018311,-0.02182,1.3655,0.024109,0
0.013885,0.0018311,-0.026703,2.2757,0.05249,0
0.0071716,-0.0013733,-0.031891,2.2757,0.079956,0
-0.0012207,-0.00045776,-0.033112,2.2757,0.10651,0
-0.0082397,-0.00030518,-0.03418,2.0482,0.13245,0
-0.01297,-0.004425,-0.034943,1.5931,0.15228,0
-0.019531,-0.0054932,-0.036011,1.8206,0.1651,0
-0.02655,-0.0030518,-0.034637,1.8206,0.17029,0
-0.019531,-0.0018311,-0.030975,2.7309,0.16968,0
0.0028992,-0.0015259,-0.027161,1.5931,0.16632,0
0.027008,-0.0016785,-0.028076,2.0482,0.16296,0
0.03891,-0.0016785,-0.032806,1.5931,0.16327,0
0.035553,-0.0013733,-0.034332,1.1379,0.16449,0
0.026093,-0.0016785,-0.03479,2.2757,0.16357,0
0.025787,-0.0013733,-0.03479,1.8206,0.15747,0
0.035858,-0.0013733,-0.034332,2.2757,0.15076,0
0.040588,0.00015259,-0.032654,2.5033,0.14557,0
0.033112,0.0013733,-0.028992,2.7309,0.14343,0
0.015869,0.0042725,-0.027161,2.2757,0.14526,0
-0.0012207,0.0062561,-0.029602,2.5033,0.14801,0
-0.013275,0.002594,-0.030518,2.0482,0.15045,0
-0.014801,-0.00045776,-0.029755,2.2757,0.15106,0
-0.011292,0,-0.023651,2.2757,0.14832,0
-0.007782,-0.0012207,-0.0082397,2.7309,0.14679,0
-0.005188,-0.00091553,0.0053406,2.2757,0.14679,0
-0.0064087,0.0015259,0.011139,2.2757,0.15137,0
-0.011902,0.00061035,0.017853,2.2757,0.1593,0
-0.022278,-0.0027466,0.024567,2.5033,0.1709,0
-0.034637,-0.0050354,0.023956,2.0482,0.18188,0
-0.045776,-0.0036621,0.0177,2.5033,0.19104,0
-0.050659,-0.0053406,0.0082397,2.9584,0.19897,0
-0.046387,-0.0080872,-0.0065613,2.7309,0.20569,0
-0.040588,-0.007019,-0.02243,2.2757,0.21271,0
-0.037994,-0.0061035,-0.027618,2.0482,0.2179,0
-0.033417,-0.0048828,-0.023804,2.2757,0.22461,0
-0.023193,-0.0061035,-0.016327,2.2757,0.2301,0
-0.0080872,-0.0083923,-0.0057983,2.0482,0.23621,0
0.0079346,-0.0085449,0.0038147,2.9584,0.23956,0
0.023346,-0.005188,0.0074768,2.0482,0.24323,0
0.037994,-0.0028992,0.012512,2.2757,0.24719,0
0.045624,-0.0033569,0.014801,2.0482,0.24994,0
0.046082,-0.0038147,0.015869,1.1379,0.2533,0
0.039825,-0.0041199,0.02121,2.5033,0.25787,0
0.030518,-0.0039673,0.023804,0.91037,0.26428,0
0.024414,-0.0036621,0.019684,2.2757,0.26917,0
0.02243,-0.0028992,0.018921,1.8206,0.27252,0
0.018768,-0.0039673,0.019684,1.5931,0.27496,0
0.010681,-0.0068665,0.015411,2.0482,0.2774,0
0.0024414,-0.0071716,0.0083923,2.2757,0.27954,0
0.00045776,-0.0064087,0.0010681,1.8206,0.27985,0
0.007019,-0.0041199,-0.0065613,1.5931,0.28015,0
0.011139,-0.0028992,-0.0079346,2.0482,0.27954,0
0.010529,-0.004425,-0.009613,2.5033,0.27832,0
0.0097656,-0.0024414,-0.016022,2.7309,0.27618,0
0.0093079,0.00091553,-0.016479,1.8206,0.27466,0
0.0091553,-0.00015259,-0.010986,2.5033,0.2713,0
0.0088501,0.00045776,-0.0076294,2.0482,0.26367,0
0.0090027,-0.00015259,-0.0085449,2.5033,0.25452,0
0.0073242,-0.004425,-0.0062561,2.7309,0.24567,0
0.0041199,-0.0061035,-0.0024414,2.7309,0.23621,0
0.0035095,-0.0079346,0.0061035,2.7309,0.22766,0
0.0054932,-0.005188,0.013428,2.2757,0.22247,0
0.010376,-0.004425,0.014801,2.7309,0.2179,0
0.016174,-0.0033569,0.0094604,2.5033,0.21301,0
0.020599,-0.00030518,0.0050354,2.2757,0.21149,0
0.015564,0.0016785,0.00045776,2.0482,0.21088,0
0.0036621,-0.00076294,-0.0053406,2.5033,0.20966,0
-0.0048828,-0.0045776,-0.0085449,2.2757,0.21332,0
-0.0067139,-0.0041199,-0.0064087,2.0482,0.21515,0
-0.0074768,-0.0021362,-0.005188,2.2757,0.21301,0
-0.012665,-0.0012207,-0.0083923,2.0482,0.21088,0
-0.013428,-0.0038147,-0.0097656,2.0482,0.2066,0
-0.010681,-0.0030518,-0.010986,2.5033,0.2002,0
-0.0080872,-0.0036621,-0.015869,2.5033,0.19409,0
-0.0057983,-0.0042725,-0.021057,2.9584,0.18707,0
-0.0013733,-0.0059509,-0.02243,2.7309,0.18311,0
0.0018311,-0.0074768,-0.015869,2.2757,0.17883,0
0,-0.0068665,-0.010223,2.5033,0.1767,0
-0.0054932,-0.0067139,-0.010376,2.0482,0.17365,0
-0.0080872,-0.0076294,-0.0088501,1.8206,0.1709,0
-0.0062561,-0.011444,-0.0027466,1.8206,0.16541,0
-0.0012207,-0.011902,0.0027466,1.1379,0.15778,0
0.0048828,-0.011139,0.00045776,1.1379,0.1532,0
0.0088501,-0.0082397,-0.0045776,1.3655,0.14984,0
0.010223,-0.0090027,-0.0054932,2.5033,0.14709,0
0.0035095,-0.0054932,-0.0048828,2.0482,0.14465,0
-0.0093079,-0.00076294,0,2.5033,0.14465,0
-0.02121,-0.0015259,0.0027466,2.2757,0.14648,0
-0.025635,-0.0033569,0.0016785,2.0482,0.14954,0
-0.02533,-0.0035095,-0.0022888,1.8206,0.15137,0
-0.019684,-0.0018311,0.00030518,2.0482,0.15106,0
-0.004425,0.0013733,0.009613,2.5033,0.15137,0
0.011292,0.0015259,0.016479,2.2757,0.15076,0
0.019531,0.0028992,0.019073,1.5931,0.1535,0
0.019531,0.0028992,0.016327,2.0482,0.15533,0
0.016479,0.0035095,0.018616,2.5033,0.15869,0
0.013733,0.0068665,0.029755,2.2757,0.16083,0
0.0076294,0.0090027,0.042114,2.5033,0.16388,0
-0.0030518,0.0093079,0.059967,2.2757,0.16602,0
-0.011292,0.01236,0.076294,2.7309,0.16693,0
-0.016479,0.016174,0.079498,3.186,0.16449,0
-0.025177,0.017853,0.066681,2.2757,0.16205,0
-0.035095,0.018005,0.053253,2.5033,0.16174,0
-0.035858,0.017395,0.045319,2.7309,0.15991,0
-0.02655,0.016632,0.038452,2.7309,0.15686,0
-0.014343,0.016785,0.027008,3.186,0.15442,0
-0.010071,0.014801,0.014954,2.5033,0.15167,0
-0.01358,0.0097656,0.0039673,2.5033,0.14801,0
-0.016785,0.005188,0,2.9584,0.14343,0
-0.016785,0.0048828,0.0048828,2.2757,0.13794,0
-0.015564,0.0035095,0.0090027,2.5033,0.13245,0
-0.015259,0.0041199,0.0097656,2.7309,0.12726,0
-0.012512,0.0088501,0.0086975,3.186,0.12451,0
-0.0056458,0.011292,0.0082397,2.9584,0.11993,0
0.0048828,0.0091553,0.01236,2.2757,0.11566,0
0.017853,0.007019,0.015717,2.7309,0.10834,0
0.028992,0.0062561,0.019073,2.0482,0.1001,0
0.031738,0.0022888,0.023804,2.2757,0.089722,0
0.028992,-0.00091553,0.024719,2.0482,0.080261,0
0.023041,-0.0012207,0.018768,2.7309,0.070801,0
0.015259,-0.00045776,0.011902,2.0482,0.063782,0
0.017395,-0.0015259,0.0086975,2.0482,0.058289,0
0.025482,-0.0028992,0.0016785,2.2757,0.049744,0
0.026398,-0.00061035,-0.0016785,2.0482,0.041504,0
0.014648,0.00045776,0.0036621,2.2757,0.032349,0
0.0013733,0.00030518,0.009613,2.2757,0.02655,0
-0.0042725,-0.0028992,0.010223,2.2757,0.022278,0
-0.005188,-0.005188,0.0062561,2.7309,0.018616,0
-0.0045776,-0.0038147,0.007019,2.0482,0.0177,0
0,0.00061035,0.016937,1.8206,0.01709,0
0.0056458,0.00030518,0.029449,2.2757,0.016174,0
0.0086975,-0.0021362,0.032501,2.0482,0.012817,0
0.0019836,-0.00045776,0.029907,1.5931,0.011902,0
-0.0088501,-0.00045776,0.033112,2.7309,0.011292,0
-0.016785,-0.0030518,0.039215,2.2757,0.011902,0
-0.022736,-0.0068665,0.041046,2.5033,0.011597,0
-0.024567,-0.0068665,0.037384,2.5033,0.011597,0
-0.019836,-0.0073242,0.032349,2.5033,0.011292,0
-0.0088501,-0.010071,0.021515,2.2757,0.0097656,0
0.0061035,-0.0088501,0.0030518,2.0482,0.0082397,0
0.016022,-0.0054932,-0.0042725,2.5033,0.0091553,0
0.014801,-0.0039673,-0.0030518,2.5033,0.0091553,0
0.0054932,-0.0018311,-0.0061035,2.7309,0.011597,0
-0.0074768,0.0012207,-0.016785,2.7309,0.011292,0
-0.012512,0.00076294,-0.034485,2.5033,0.0097656,0
-0.0057983,0,-0.052338,2.5033,0.0033569,0
0.0042725,0.0039673,-0.060425,1.8206,-0.0033569,0
0.012054,0.0085449,-0.068817,2.9584,-0.0097656,0
0.0177,0.010223,-0.079346,2.5033,-0.014648,0
0.014954,0.0099182,-0.083923,2.5033,-0.018311,0
0.00045776,0.0093079,-0.08194,2.0482,-0.023193,0
-0.0062561,0.010529,-0.080414,2.2757,-0.028687,0
0.00076294,0.0067139,-0.085907,2.5033,-0.033569,0
0.0067139,0.002594,-0.091248,2.0482,-0.036316,0
-0.0032043,0.0019836,-0.094147,2.0482,-0.035706,0
-0.021362,0.00076294,-0.098877,2.0482,-0.032959,0
-0.033264,-0.00076294,-0.1091,2.2757,-0.032654,0
-0.041504,-0.0016785,-0.11322,1.3655,-0.030823,0
-0.040283,-0.0027466,-0.11078,2.2757,-0.029602,0
-0.029907,-0.0056458,-0.11093,2.5033,-0.029297,0
-0.01709,-0.010376,-0.10986,2.0482,-0.028992,0
-0.0062561,-0.012207,-0.10315,1.8206,-0.029907,0
-0.0039673,-0.012665,-0.087433,2.2757,-0.029907,0
-0.012207,-0.012817,-0.072937,1.3655,-0.028381,0
-0.019226,-0.011597,-0.059357,2.5033,-0.026855,0
-0.014648,-0.0074768,-0.04364,2.2757,-0.02533,0
-0.0022888,-0.0024414,-0.032806,2.2757,-0.024414,0
0.0057983,0.0016785,-0.024719,2.2757,-0.023499,0
0.0038147,0.004425,-0.018768,1.1379,-0.022888,0
0.00061035,0.0030518,-0.019684,1.1379,-0.021973,0
0.0061035,-0.00015259,-0.021362,2.2757,-0.021973,0
0.021973,0.00076294,-0.012054,2.0482,-0.019531,0
0.040436,0.0038147,0.0013733,2.2757,-0.014648,0
0.04715,0.0056458,0.010223,2.5033,-0.011292,0
0.044861,0.0065613,0.011444,2.0482,-0.011902,0
0.044708,0.0042725,0.0093079,2.0482,-0.012817,0
0.049896,0.0018311,0.01297,2.2757,-0.012512,0
0.055084,0.0028992,0.019836,2.0482,-0.012207,0
0.046997,0.0042725,0.028687,2.5033,-0.012207,0
0.028076,0.0054932,0.035248,2.9584,-0.015564,0
0.015411,0.0047302,0.038605,2.2757,-0.019836,0
0.010071,0.0022888,0.041046,2.2757,-0.023804,0
0.010071,0.0028992,0.042419,2.5033,-0.026245,0
0.01297,0.002594,0.040283,2.7309,-0.028076,0
0,0.0012207,0.042725,2.7309,-0.030212,0
-0.017395,-0.0012207,0.048065,2.5033,-0.038757,0
-0.020905,-0.0033569,0.055542,2.5033,-0.049438,0
-0.011597,-0.0042725,0.060883,2.0482,-0.062866,0
0.0013733,-0.0080872,0.055389,2.0482,-0.073853,0
0.0065613,-0.010223,0.047913,2.7309,-0.081787,0
0.0062561,-0.011597,0.041199,2.7309,-0.08728,0
0.0065613,-0.012512,0.038605,2.0482,-0.090942,0
0.011292,-0.0099182,0.045776,2.5033,-0.09613,0
0.015411,-0.0073242,0.060883,2.2757,-0.10376,0
0.018463,-0.007019,0.069427,2.7309,-0.11078,0
0.024567,-0.0061035,0.071106,1.5931,-0.11566,0
0.03479,-0.0041199,0.072021,1.8206,-0.12085,0
0.040894,-0.00061035,0.071564,1.5931,-0.12695,0
0.040283,0.00030518,0.065155,1.8206,-0.13031,0
0.032806,0.0012207,0.057678,2.9584,-0.13184,0
0.023804,0.0021362,0.050507,2.5033,-0.13275,0
0.015564,0.0010681,0.052338,1.8206,-0.13519,0
0.0053406,-0.00091553,0.055237,2.2757,-0.13885,0
-0.00015259,0.00091553,0.052643,2.2757,-0.14465,0
0.0048828,0.0021362,0.050354,2.0482,-0.15076,0
0.019073,0.0010681,0.046692,2.2757,-0.15717,0
0.031128,-0.00045776,0.041351,1.8206,-0.16449,0
0.034485,0.0012207,0.039673,1.8206,-0.16937,0
0.031281,0.0071716,0.040894,2.0482,-0.17334,0
0.023041,0.0088501,0.04425,1.8206,-0.17365,0
0.0090027,0.005188,0.04425,2.2757,-0.17456,0
-0.0038147,0.0038147,0.045319,1.8206,-0.1767,0
-0.0082397,0.0065613,0.046692,2.5033,-0.17731,0
-0.0074768,0.0068665,0.052795,2.5033,-0.17395,0
-0.0030518,0.004425,0.063171,2.7309,-0.1651,0
-0.00030518,0.0042725,0.076141,2.0482,-0.15259,0
-0.0032043,0.0065613,0.088348,2.0482,-0.13916,0
-0.0068665,0.0074768,0.096283,2.0482,-0.12787,0
-0.0061035,0.0056458,0.094604,2.0482,-0.11993,0
-0.0035095,0.0041199,0.077362,2.2757,-0.11719,0
-0.0045776,0.0036621,0.056,2.5033,-0.11292,0
-0.0068665,0.0062561,0.039368,2.2757,-0.1062,0
-0.0085449,0.0079346,0.028076,2.0482,-0.097656,0
-0.0079346,0.0054932,0.015106,2.2757,-0.08728,0
-0.0062561,0.0019836,0.0038147,1.8206,-0.082092,0
-0.007782,0.0013733,-0.0035095,2.2757,-0.077515,0
-0.0065613,0.0036621,-0.015564,1.8206,-0.074158,0
-0.0024414,0.0024414,-0.024261,2.0482,-0.06958,0
-0.0085449,-0.002594,-0.026093,2.7309,-0.063477,0
-0.024719,-0.00015259,-0.020599,2.5033,-0.057068,0
-0.036316,0.0035095,-0.01236,2.2757,-0.049133,0
-0.036316,0.0028992,-0.010223,2.0482,-0.041504,0
-0.025787,-0.00030518,-0.013885,2.7309,-0.036316,0
-0.0097656,-0.0032043,-0.011444,2.5033,-0.030518,0
-0.0018311,-0.0022888,-0.011902,2.2757,-0.026245,0
-0.0068665,0,-0.023346,2.2757,-0.022278,0
-0.013733,0.0030518,-0.026093,2.5033,-0.017395,0
-0.019531,0.0056458,-0.017853,2.5033,-0.014038,0
-0.024567,0.0019836,-0.016022,1.8206,-0.0097656,0
-0.03006,-0.0022888,-0.022583,2.0482,-0.0067139,0
-0.031891,-0.0042725,-0.027771,1.8206,-0.00061035,0
-0.025787,-0.0057983,-0.023193,2.2757,0.0030518,0
-0.016937,-0.0062561,-0.018616,2.0482,0.0064087,0
-0.0086975,-0.0048828,-0.015717,2.0482,0.0073242,0
0.00030518,-0.0054932,-0.0177,1.8206,0.0064087,0
0.0062561,-0.0086975,-0.015106,2.5033,0.0079346,0
0.0039673,-0.0064087,-0.0071716,2.5033,0.011597,0
0,-0.0016785,0.0041199,2.2757,0.016479,0
0.00030518,0,0.019073,2.5033,0.023193,0
0.0032043,-0.0015259,0.029755,2.2757,0.029297,0
0.0050354,-0.0056458,0.034637,2.0482,0.031738,0
0.0018311,-0.0097656,0.032959,1.8206,0.034485,0
-0.0071716,-0.010681,0.026245,1.3655,0.039062,0
-0.009613,-0.010223,0.020294,1.5931,0.050354,0
0.00045776,-0.010834,0.013123,2.5033,0.06134,0
0.011597,-0.010986,0.011292,2.0482,0.07019,0
0.019226,-0.0094604,0.0093079,1.8206,0.07843,0
0.02655,-0.0080872,-0.0022888,2.2757,0.084229,0
0.031128,-0.0041199,-0.016174,2.0482,0.088806,0
0.031128,-0.005188,-0.019989,2.5033,0.092163,0
0.027771,-0.0045776,-0.018311,2.5033,0.095825,0
0.021057,-0.0042725,-0.021973,2.9584,0.1001,0
0.018768,-0.0062561,-0.027618,2.5033,0.10529,0
0.021362,-0.0076294,-0.025177,2.0482,0.11047,0
0.018768,-0.0048828,-0.026245,2.2757,0.11261,0
0.0086975,-0.0028992,-0.038605,2.0482,0.11566,0
0.0035095,-0.0038147,-0.054169,2.2757,0.11658,0
0.0027466,-0.007782,-0.068054,2.2757,0.11658,0
-0.0013733,-0.0099182,-0.081329,2.2757,0.11444,0
-0.010071,-0.0093079,-0.08194,2.0482,0.11658,0
-0.011139,-0.007019,-0.074463,2.0482,0.11871,0
-0.00045776,-0.0027466,-0.071869,2.5033,0.12054,0
0.0074768,-0.0018311,-0.068207,2.5033,0.12177,0
0.0027466,-0.0080872,-0.057983,1.8206,0.12268,0
-0.0068665,-0.011749,-0.04715,2.0482,0.12299,0
-0.0090027,-0.0083923,-0.045471,2.2757,0.12329,0
-0.0027466,-0.0054932,-0.053406,2.0482,0.12299,0
0.0042725,-0.0057983,-0.053101,2.0482,0.12512,0
0.010986,-0.0061035,-0.046234,1.3655,0.12695,0
0.017242,-0.0045776,-0.045166,2.5033,0.13092,0
0.020599,-0.0038147,-0.053864,2.2757,0.13428,0
0.013885,-0.0028992,-0.064392,1.3655,0.13641,0
-0.0013733,-0.0036621,-0.075836,1.3655,0.13947,0
-0.015717,-0.0053406,-0.084076,1.8206,0.1416,0
-0.02121,-0.0038147,-0.083313,2.0482,0.14282,0
-0.020142,-0.0012207,-0.077209,2.5033,0.14557,0
-0.017242,0.00076294,-0.077667,2.0482,0.14618,0
-0.016479,0.0042725,-0.076294,2.0482,0.14771,0
-0.014496,0.0027466,-0.071411,1.8206,0.15045,0
-0.010529,0.00015259,-0.059052,1.8206,0.1532,0
-0.0062561,0.00091553,-0.041046,2.7309,0.1535,0
-0.0028992,0.0032043,-0.027466,1.8206,0.15381,0
0.00091553,0.0079346,-0.026703,2.2757,0.15472,0
0.0054932,0.0082397,-0.023346,2.0482,0.15442,0
0.010376,0.007782,-0.0036621,2.2757,0.15442,0
0.010223,0.0071716,0.016174,2.0482,0.15442,0
0.0030518,0.0086975,0.011902,2.0482,0.15503,0
-0.0080872,0.0068665,-0.0024414,2.2757,0.15564,0
-0.018311,-0.00030518,-0.0010681,2.2757,0.15686,0
-0.026245,-0.0028992,0.012665,2.5033,0.15747,0
-0.032806,-0.00045776,0.014343,2.9584,0.15625,0
-0.0354,0.00045776,0.00030518,2.2757,0.15533,0
-0.033875,0,-0.0045776,3.186,0.15289,0
-0.03479,-0.0030518,0.0064087,2.0482,0.14771,0
-0.038605,-0.0048828,0.018463,2.0482,0.14313,0
-0.043182,-0.0033569,0.033722,2.2757,0.13702,0
-0.035706,-0.0042725,0.051422,1.8206,0.13184,0
-0.013885,-0.0071716,0.061493,2.2757,0.12787,0
0.0091553,-0.0057983,0.063782,2.5033,0.12329,0
0.023346,-0.00061035,0.067291,2.2757,0.12146,0
0.023346,0.0036621,0.06897,2.5033,0.11963,0
0.013733,0.0032043,0.060883,2.5033,0.11932,0
0.0035095,0.0018311,0.057373,2.5033,0.11841,0
-0.0041199,0.0016785,0.067291,1.5931,0.11749,0
-0.011902,-0.00091553,0.079041,2.0482,0.11597,0
-0.018311,-0.0022888,0.082703,2.2757,0.11444,0
-0.016937,-0.00045776,0.08667,2.0482,0.11383,0
-0.0073242,0.00061035,0.092163,1.8206,0.112,0
0.0013733,0.00015259,0.093231,1.8206,0.10986,0
0.0082397,-0.0013733,0.086212,2.2757,0.10834,0
0.016327,-0.0042725,0.074463,2.0482,0.10406,0
0.024109,-0.0027466,0.063629,2.0482,0.1004,0
0.029602,-0.0019836,0.057526,2.0482,0.09552,0
0.032806,-0.0030518,0.063019,2.0482,0.090332,0
0.029907,-0.0035095,0.077209,2.0482,0.085144,0
0.020752,-0.0028992,0.096588,2.0482,0.080261,0
0.0099182,-0.0047302,0.10773,1.8206,0.074158,0
0.0085449,-0.0019836,0.11627,2.5033,0.070496,0
0.024414,0.0030518,0.11887,3.186,0.063782,0
0.046844,0.0036621,0.11551,2.0482,0.056458,0
0.059662,0.0038147,0.11246,1.8206,0.046082,0
0.059204,0.0067139,0.10544,2.2757,0.035706,0
0.052795,0.0073242,0.085907,2.0482,0.024719,0
0.04837,0.004425,0.067902,2.2757,0.016174,0
0.042419,0.0030518,0.065155,2.9584,0.0091553,0
0.033112,0.0015259,0.07431,1.8206,0.0027466,0
0.024414,0.00061035,0.083771,2.0482,-0.0015259,0
0.017395,0.00045776,0.08194,2.5033,-0.0036621,0
0.0093079,-0.00045776,0.079803,2.0482,-0.0036621,0
-0.00091553,0.0019836,0.081329,2.5033,-0.0030518,0
-0.010071,0.0032043,0.081024,2.2757,-0.0021362,0
-0.0065613,0.0038147,0.074921,2.7309,-0.00061035,0
0.0097656,0.0068665,0.069275,2.2757,-0.0015259,0
0.024414,0.0076294,0.063934,2.0482,-0.0012207,0
0.03418,0.0062561,0.055389,2.2757,-0.0033569,0
0.038605,0.0054932,0.046844,2.7309,-0.005188,0
0.031128,0.0030518,0.040741,2.5033,-0.0067139,0
0.010834,-0.00015259,0.028687,2.7309,-0.010681,0
-0.015564,-0.0013733,0.010986,2.5033,-0.014954,0
-0.036469,-0.0012207,0.00030518,2.2757,-0.021057,0
-0.045166,-0.00030518,0.0016785,2.5033,-0.024414,0
-0.044861,-0.0012207,0.0094604,2.5033,-0.028076,0
-0.041046,-0.0010681,0.019989,2.2757,-0.028687,0
-0.036011,-0.00076294,0.034637,2.5033,-0.030823,0
-0.033264,-0.0038147,0.048065,2.5033,-0.033264,0
-0.032501,-0.0027466,0.055695,1.8206,-0.034485,0
-0.032501,-0.0019836,0.057831,2.5033,-0.036926,0
-0.032501,-0.0018311,0.058136,2.0482,-0.039368,0
-0.032501,-0.0019836,0.058136,1.8206,-0.041504,0
-0.032501,-0.0015259,0.057983,2.0482,-0.043945,0
-0.032501,-0.0019836,0.057678,1.8206,-0.046997,0
-0.032654,-0.0016785,0.058289,2.0482,-0.05188,0
-0.032654,-0.0015259,0.054169,2.5033,-0.056763,0
-0.032501,-0.00030518,0.039215,2.2757,-0.061035,0
-0.016174,0.0010681,0.041656,2.2757,-0.062866,0
-0.00061035,0.0041199,0.059204,2.5033,-0.064392,0
0.00030518,0.0064087,0.068207,2.2757,-0.063782,0
-0.00061035,0.0042725,0.067139,1.8206,-0.062866,0
0.0010681,0.002594,0.073395,2.0482,-0.060425,0
0.0080872,0.0013733,0.089111,2.2757,-0.056458,0
0.016479,0.00076294,0.099945,2.9584,-0.054626,0
0.019226,0.0010681,0.093689,2.5033,-0.054016,0
0.014648,0.0022888,0.081787,1.3655,-0.051575,0
0.0079346,0.0032043,0.075684,2.0482,-0.050354,0
0.0059509,0.0027466,0.074921,1.8206,-0.047913,0
0.0064087,0.0015259,0.065765,2.7309,-0.048523,0
0.0050354,0.0018311,0.045929,2.0482,-0.047607,0
0.0015259,0.0042725,0.021515,2.0482,-0.047302,0
-0.0016785,0.0074768,-0.0013733,2.9584,-0.045776,0
-0.0036621,0.010529,-0.019073,3.4135,-0.042725,0
-0.0015259,0.01297,-0.029449,2.9584,-0.038757,0
-0.00015259,0.0099182,-0.034637,2.2757,-0.03479,0
-0.0028992,0.0064087,-0.033112,2.7309,-0.030823,0
-0.0083923,0.0056458,-0.030975,2.0482,-0.027161,0
-0.016632,0.0048828,-0.037231,2.0482,-0.020142,0
-0.02655,0.0019836,-0.043945,2.5033,-0.014343,0
-0.030975,0.0013733,-0.046692,2.7309,-0.0088501,0
-0.028839,0.0048828,-0.04837,2.5033,-0.0033569,0
-0.022125,0.0071716,-0.054321,2.5033,0.00061035,0
-0.019073,0.0068665,-0.057831,2.0482,0.0054932,0
-0.021667,0.002594,-0.048523,2.2757,0.012512,0
-0.024109,-0.00015259,-0.035858,2.2757,0.016479,0
-0.021057,0.0021362,-0.036163,2.2757,0.018005,0
-0.018616,0.0042725,-0.04715,1.8206,0.0177,0
-0.024109,0.0024414,-0.06134,2.0482,0.018311,0
-0.024414,-0.0033569,-0.070343,2.0482,0.019836,0
-0.016022,-0.0036621,-0.075226,2.5033,0.023193,0
-0.0021362,-0.00076294,-0.084076,2.5033,0.02655,0
0.013733,0,-0.09491,2.0482,0.028381,0
0.029449,-0.0048828,-0.10071,2.0482,0.030518,0
0.039368,-0.009613,-0.098877,2.0482,0.032349,0
0.040131,-0.010986,-0.093384,2.0482,0.033569,0
0.036316,-0.009613,-0.086517,2.2757,0.033875,0
0.029297,-0.0090027,-0.079803,2.2757,0.03418,0
0.021515,-0.0088501,-0.067902,2.2757,0.036011,0
0.012817,-0.0088501,-0.043182,1.8206,0.035095,0
0.0013733,-0.0093079,-0.019989,1.5931,0.030823,0
-0.0028992,-0.010223,-0.012054,0.91037,0.026855,0
0.00045776,-0.0094604,-0.019989,1.8206,0.021973,0
0.0022888,-0.0094604,-0.037537,1.8206,0.016785,0
0.00015259,-0.010834,-0.057678,2.2757,0.010986,0
-0.0047302,-0.011597,-0.06485,1.8206,0.0054932,0
-0.01297,-0.011902,-0.063171,2.5033,0.0018311,0
-0.018768,-0.012665,-0.051575,2.0482,-0.00091553,0
-0.019836,-0.012665,-0.031586,2.5033,-0.0033569,0
-0.020142,-0.012817,-0.014191,2.2757,-0.0067139,0
-0.019989,-0.009613,-0.0038147,2.0482,-0.010986,0
-0.015564,-0.0062561,0.0086975,2.0482,-0.013733,0
-0.0045776,-0.0093079,0.022125,2.5033,-0.013123,0
0.0010681,-0.0086975,0.022583,1.8206,-0.012512,0
0.0012207,-0.0057983,0.016937,2.2757,-0.011292,0
0.002594,-0.0045776,0.018158,2.0482,-0.011597,0
0.0074768,-0.0061035,0.019989,2.5033,-0.014038,0
0.0097656,-0.0091553,0.019531,2.2757,-0.016479,0
0.0094604,-0.0068665,0.0177,2.2757,-0.0177,0
0.0091553,-0.0019836,0.018311,2.2757,-0.018921,0
0.0082397,-0.0018311,0.02121,2.0482,-0.019226,0
0.0033569,-0.0032043,0.021362,2.2757,-0.01709,0
-0.005188,-0.0030518,0.018158,1.5931,-0.016785,0
-0.011749,0.0015259,0.016785,1.8206,-0.01709,0
-0.009613,0.0041199,0.019836,1.8206,-0.015564,0
0.00076294,0.0038147,0.013123,2.0482,-0.012512,0
0.012817,0.0042725,-0.0047302,2.7309,-0.011292,0
0.0177,0.0015259,-0.014191,2.0482,-0.011292,0
0.013275,-0.0027466,-0.0093079,2.2757,-0.011597,0
0.0065613,-0.0061035,-0.0038147,2.0482,-0.014038,0
-0.0010681,-0.0076294,-0.0090027,2.2757,-0.018311,0
-0.011139,-0.0068665,-0.01297,2.5033,-0.022583,0
-0.014343,-0.0045776,-0.0086975,1.8206,-0.025635,0
-0.007019,-0.0027466,0.0048828,2.2757,-0.027161,0
0.00091553,-0.0030518,0.010223,2.2757,-0.027771,0
-0.00091553,-0.002594,0.0042725,2.0482,-0.030212,0
-0.016632,-0.0038147,-0.0024414,1.8206,-0.03418,0
-0.035706,-0.0057983,-0.0039673,1.8206,-0.039062,0
-0.046539,-0.0059509,-0.0010681,1.8206,-0.044861,0
-0.049438,-0.0042725,0.0028992,1.8206,-0.049133,0
-0.049591,-0.00076294,0.0059509,2.2757,-0.048523,0
-0.049591,0.00015259,0.0064087,1.8206,-0.047913,0
-0.049438,-0.0016785,0.0073242,2.0482,-0.046082,0
-0.049286,-0.0067139,0.011749,2.0482,-0.045166,0
-0.049591,-0.007782,0.016174,2.0482,-0.044861,0
-0.049591,-0.0039673,0.0097656,1.3655,-0.042725,0
-0.049438,-0.0022888,0.0013733,2.2757,-0.039978,0
-0.049591,-0.00061035,-0.007019,2.2757,-0.03418,0
-0.049438,0.005188,-0.010071,2.2757,-0.028076,0
-0.049591,0.014954,-0.0050354,2.2757,-0.022278,0
-0.049438,0.021667,0.0019836,2.0482,-0.0177,0
-0.049591,0.018616,0.007782,2.0482,-0.014038,0
-0.049438,0.011749,0.0038147,2.2757,-0.0091553,0
-0.049591,0.0054932,-0.010376,2.2757,-0.0048828,0
-0.049438,0.0027466,-0.032043,2.0482,0.00030518,0
-0.049591,0.0059509,-0.054474,2.0482,0.005188,0
-0.049591,0.0073242,-0.071869,2.5033,0.010071,0
-0.049438,0.0057983,-0.084381,2.0482,0.012512,0
-0.049591,0.0042725,-0.089569,2.0482,0.016479,0
-0.049438,0.0053406,-0.083618,2.9584,0.020752,0
-0.049591,0.0064087,-0.071564,2.9584,0.02594,0
-0.049438,0.0024414,-0.055695,2.7309,0.029602,0
-0.049438,-0.00030518,-0.038605,2.0482,0.031738,0
-0.049438,0,-0.029602,2.7309,0.033264,0
-0.049744,-0.00061035,-0.032349,2.9584,0.036621,0
-0.049438,0.00045776,-0.0383,2.0482,0.041504,0
-0.049744,0.0015259,-0.033264,1.8206,0.046692,0
-0.049591,-0.00015259,-0.028381,1.5931,0.05127,0
-0.049591,-0.00076294,-0.021973,2.2757,0.050049,0
-0.049744,0.00045776,-0.0090027,2.0482,0.048218,0
-0.049438,-0.0030518,0.0085449,2.0482,0.046082,0
-0.049591,-0.0064087,0.030212,2.5033,0.046082,0
-0.044708,-0.0036621,0.042267,1.8206,0.047607,0
-0.040131,-0.0019836,0.040436,1.3655,0.050659,0
-0.026398,-0.0016785,0.038605,1.1379,0.054932,0
-0.0088501,-0.0030518,0.042114,1.8206,0.058289,0
-0.0086975,-0.0024414,0.055542,1.1379,0.06073,0
-0.019531,-0.0036621,0.073853,1.5931,0.063171,0
-0.031738,-0.013428,0.087585,1.5931,0.068359,0
-0.045776,-0.02121,0.096283,1.1379,0.075684,0
-0.054169,-0.016022,0.10513,1.8206,0.080566,0
-0.050812,-0.0021362,0.11169,1.3655,0.081482,0
-0.039978,-0.0032043,0.10544,2.5033,0.082397,0
-0.034332,-0.014801,0.083466,2.2757,0.080872,0
-0.027466,-0.018005,0.065918,1.8206,0.07843,0
-0.01297,-0.015869,0.066986,1.8206,0.075073,0
0.0030518,-0.015259,0.066376,2.0482,0.071106,0
0.022278,-0.011292,0.066223,1.8206,0.071106,0
0.048523,-0.0022888,0.066071,2.2757,0.070496,0
0.073853,0.0032043,0.057526,2.0482,0.069885,0
0.07782,0.0035095,0.044861,2.2757,0.06958,0
0.06485,0.0032043,0.031433,2.5033,0.068054,0
0.050049,0.0010681,0.013275,2.0482,0.065308,0
0.042725,-0.0018311,-0.0091553,2.0482,0.062561,0
0.040436,-0.0064087,-0.028534,1.8206,0.064697,0
0.039978,-0.0059509,-0.033264,2.5033,0.06897,0
0.039062,-0.0012207,-0.023956,2.2757,0.072021,0
0.028381,0.0012207,-0.024567,2.2757,0.075684,0
0.011292,0,-0.040588,1.5931,0.076294,0
0.0013733,0.0015259,-0.054779,2.2757,0.076294,0
0.0030518,0.007782,-0.061951,2.0482,0.076294,0
0.010986,0.010986,-0.055237,2.2757,0.079041,0
0.014191,0.0088501,-0.039062,1.8206,0.082092,0
0.012665,0.005188,-0.027771,1.1379,0.084534,0
0.015564,0.0054932,-0.018005,2.9584,0.08606,0
0.020447,0.0067139,-0.0022888,2.2757,0.086975,0
0.017548,0.0062561,0.014954,2.2757,0.089111,0
0.0056458,0.005188,0.033112,2.2757,0.090027,0
-0.0019836,0.0018311,0.040741,2.0482,0.085144,0
-0.0039673,-0.00015259,0.040741,1.5931,0.074768,0
-0.0080872,0.0028992,0.041046,1.8206,0.063477,0
-0.015564,0.00045776,0.033569,2.0482,0.055542,0
-0.023041,-0.0033569,0.012512,1.8206,0.05249,0
-0.027313,-0.0021362,-0.018311,1.3655,0.056458,0
-0.027924,0.0012207,-0.04715,2.0482,0.06012,0
-0.019379,0.0013733,-0.064697,2.0482,0.06073,0
-0.0076294,0.00091553,-0.068359,2.0482,0.056152,0
-0.0076294,0.00015259,-0.065155,2.0482,0.046692,0
-0.016785,-0.0018311,-0.059357,1.1379,0.0354,0
-0.020447,0.00030518,-0.047607,2.2757,0.023804,0
-0.013123,0.0054932,-0.036469,1.3655,0.014038,0
-0.0033569,0.0062561,-0.038452,1.8206,0.0079346,0
-0.00061035,0.00091553,-0.050201,1.5931,0.00091553,0
-0.0032043,-0.00076294,-0.064087,2.0482,-0.0091553,0
-0.0059509,0.002594,-0.07782,2.2757,-0.027161,0
-0.0076294,0.0083923,-0.082703,1.8206,-0.050659,0
-0.009613,0.011139,-0.077515,1.8206,-0.075684,0
-0.013733,0.0068665,-0.077209,2.0482,-0.094604,0
-0.011292,0.002594,-0.084229,2.0482,-0.10437,0
0.0059509,0.00091553,-0.086823,2.5033,-0.10742,0
0.02594,0.0016785,-0.089111,2.7309,-0.10742,0
0.035248,0.0065613,-0.09613,2.0482,-0.10895,0
0.03067,0.012512,-0.09964,2.2757,-0.11139,0
0.017242,0.013885,-0.095062,2.5033,-0.11353,0
-0.0021362,0.014954,-0.094604,1.8206,-0.11597,0
-0.019836,0.016174,-0.094604,3.186,-0.11902,0
-0.025177,0.012665,-0.082092,2.2757,-0.12085,0
-0.018158,0.0093079,-0.064087,2.9584,-0.12024,0
-0.010834,0.0030518,-0.042419,1.8206,-0.11627,0
-0.0093079,-0.00045776,-0.021667,2.7309,-0.11322,0
-0.011139,-0.0013733,-0.013428,2.2757,-0.11292,0
-0.015259,0,-0.015259,2.5033,-0.11627,0
-0.018158,0.00015259,-0.022278,2.7309,-0.12268,0
-0.015259,-0.0010681,-0.028229,2.7309,-0.12543,0
-0.0093079,-0.0019836,-0.033264,2.7309,-0.12543,0
-0.002594,-0.0053406,-0.035095,1.8206,-0.12238,0
0.0082397,-0.0073242,-0.027771,2.7309,-0.12054,0
0.014648,-0.0054932,-0.011749,2.0482,-0.12024,0
0.011902,-0.0013733,0.0071716,2.0482,-0.12115,0
0.0062561,0.0048828,0.017853,1.5931,-0.12604,0
0.00091553,0.0050354,0.014191,2.2757,-0.13458,0
-0.0036621,0.00045776,0.0038147,1.8206,-0.14282,0
-0.0088501,-0.0012207,0.0073242,1.8206,-0.14801,0
-0.011902,0.00015259,0.017395,1.5931,-0.15106,0
-0.010681,0,0.020447,1.1379,-0.1535,0
-0.0067139,-0.0032043,0.025177,1.3655,-0.15259,0
-0.0027466,-0.0033569,0.031281,2.2757,-0.14526,0
-0.0018311,0.00015259,0.032959,2.2757,-0.13763,0
-0.0054932,0.0038147,0.031281,2.5033,-0.14008,0
-0.010681,0.0065613,0.032806,2.0482,-0.15381,0
-0.016174,0.013428,0.049286,2.0482,-0.17303,0
-0.020294,0.016479,0.075989,1.1379,-0.19043,0
-0.021973,0.00091553,0.081635,1.5931,-0.19867,0
-0.023041,-0.015106,0.067749,1.8206,-0.19653,0
-0.022583,-0.013123,0.058136,1.3655,-0.18951,0
-0.022278,-0.0064087,0.061951,1.8206,-0.18372,0
-0.022736,-0.0073242,0.058746,1.8206,-0.17761,0
-0.022278,-0.0085449,0.05661,1.8206,-0.1712,0
-0.022736,-0.0086975,0.055695,2.2757,-0.16449,0
-0.02243,-0.0093079,0.055389,1.8206,-0.15472,0
-0.02243,-0.0090027,0.056152,2.0482,-0.14496,0
-0.022583,-0.0088501,0.055542,2.0482,-0.13367,0
-0.02243,-0.0091553,0.055695,2.7309,-0.12482,0
-0.022583,-0.0090027,0.055542,2.2757,-0.12085,0
-0.02594,-0.0090027,0.055542,1.5931,-0.12177,0
-0.038452,-0.0079346,0.050354,1.5931,-0.12329,0
-0.050507,-0.00030518,0.027618,2.0482,-0.12207,0
-0.049896,0.0016785,0.012207,2.0482,-0.11841,0
-0.036011,-0.0022888,0.0086975,2.0482,-0.11505,0
-0.012665,-0.0062561,0.024567,2.0482,-0.11719,0
0.013275,-0.0032043,0.05249,2.5033,-0.12238,0
0.029449,0.0013733,0.07309,2.2757,-0.12756,0
0.035248,0.0022888,0.083923,2.5033,-0.12787,0
0.040588,-0.0015259,0.086517,2.7309,-0.12115,0
0.044556,-0.0086975,0.087585,2.7309,-0.10895,0
0.042877,-0.012512,0.093384,2.2757,-0.1001,0
0.034485,-0.011749,0.090637,2.0482,-0.093689,0
0.024719,-0.010376,0.071564,2.0482,-0.091858,0
0.017548,-0.011444,0.057678,2.0482,-0.092773,0
0.015106,-0.011749,0.055237,2.0482,-0.091858,0
0.021362,-0.0071716,0.057068,1.8206,-0.087585,0
0.033264,-0.0019836,0.062256,2.0482,-0.080261,0
0.037537,-0.0013733,0.063934,1.5931,-0.06958,0
0.029602,-0.0024414,0.060272,2.2757,-0.055847,0
0.018921,0.00061035,0.048218,2.0482,-0.047913,0
0.017242,0.00045776,0.028229,2.0482,-0.049744,0
0.02182,-0.0012207,0.0177,1.3655,-0.06073,0
0.020905,-0.0041199,0.018921,1.5931,-0.068359,0
0.0076294,-0.0079346,0.010071,1.8206,-0.065002,0
-0.01358,-0.011902,-0.0071716,1.8206,-0.048218,0
-0.032654,-0.011444,-0.023956,2.0482,-0.028992,0
-0.041351,-0.0082397,-0.032959,1.5931,-0.0177,0
-0.041656,-0.0068665,-0.040588,2.2757,-0.019531,0
-0.03479,-0.0061035,-0.048218,1.5931,-0.032043,0
-0.02182,-0.0038147,-0.049744,1.8206,-0.046387,0
-0.0090027,0.00061035,-0.043335,2.0482,-0.05188,0
0.005188,0.002594,-0.037231,1.5931,-0.045166,0
0.022125,0.0024414,-0.02533,1.5931,-0.029907,0
0.032196,0.0059509,-0.011292,1.8206,-0.013123,0
0.027466,0.0091553,0.00091553,1.8206,0.0012207,0
0.013733,0.0076294,0.0050354,1.8206,0.010681,0
0.0036621,0.0022888,0.0024414,1.8206,0.016785,0
0.0019836,0,-0.0030518,2.7309,0.023499,0
0.002594,0.00015259,-0.013885,2.2757,0.030518,0
-0.0024414,0.00045776,-0.023651,2.7309,0.037537,0
-0.011139,-0.00045776,-0.026093,1.8206,0.042419,0
-0.019073,-0.00076294,-0.023956,2.7309,0.046387,0
-0.023499,-0.0039673,-0.018921,2.7309,0.048523,0
-0.024567,-0.0035095,-0.0076294,2.0482,0.049133,0
-0.020142,0.00030518,0.0016785,2.2757,0.048828,0
-0.0091553,-0.0012207,0.0086975,2.5033,0.045166,0
0.0039673,-0.0042725,0.010223,1.8206,0.041504,0
0.011749,-0.0038147,0.0079346,2.0482,0.039368,0
0.01236,0.00091553,0.0047302,2.0482,0.035706,0
0.0088501,0.0045776,0.0022888,2.5033,0.03418,0
0.0053406,0.0073242,-0.0010681,1.8206,0.031738,0
0.00091553,0.007019,-0.0021362,2.7309,0.028687,0
-0.0028992,0.0030518,-0.0016785,2.5033,0.030518,0
-0.0028992,0.00076294,-0.0035095,2.5033,0.036926,0
0.0032043,0.0012207,-0.0094604,1.5931,0.044861,0
0.011597,0.004425,-0.010223,2.5033,0.052185,0
0.015411,0.0057983,-0.0036621,1.3655,0.056763,0
0.015717,0.0015259,0.0015259,1.8206,0.059814,0
0.011597,0.00045776,0.0012207,2.0482,0.063171,0
0.0059509,0.00061035,-0.0032043,2.2757,0.067444,0
0,0.0013733,-0.0022888,2.0482,0.072632,0
-0.0013733,0.0050354,0.0065613,2.0482,0.078735,0
0.0041199,0.0093079,0.013275,2.2757,0.084534,0
0.007782,0.010986,0.019836,2.2757,0.088196,0
0.010223,0.007782,0.025024,1.8206,0.091248,0
0.011444,0.0059509,0.027161,2.2757,0.093079,0
0.0093079,0.0057983,0.023346,1.5931,0.09552,0
0.0027466,0.0076294,0.020599,1.3655,0.098877,0
-0.010071,0.0097656,0.019226,1.8206,0.10345,0
-0.014954,0.0086975,0.019531,2.0482,0.10681,0
0.0039673,0.0085449,0.020599,2.2757,0.10681,0
0.029602,0.0094604,0.019531,1.8206,0.10468,0
0.040131,0.0090027,0.019226,1.8206,0.10101,0
0.030212,0.0093079,0.015869,1.8206,0.098267,0
0.01358,0.007019,0.0099182,2.0482,0.09491,0
0.0090027,0.0065613,0.0088501,2.2757,0.094299,0
0.019836,0.0083923,0.014343,2.7309,0.095215,0
0.035706,0.0067139,0.02121,2.5033,0.094604,0
0.045471,0.0062561,0.024719,2.2757,0.09552,0
0.044098,0.0074768,0.023804,2.0482,0.093994,0
0.03067,0.0082397,0.019379,2.5033,0.093079,0
0.012817,0.0079346,0.011597,1.8206,0.093384,0
0.0015259,0.0065613,0.0053406,2.5033,0.095215,0
-0.0041199,0.0067139,0.004425,2.2757,0.096436,0
-0.0071716,0.004425,0.0067139,2.5033,0.097046,0
-0.0068665,0.0012207,0.011139,1.8206,0.097656,0
-0.0057983,0,0.01297,2.7309,0.096741,0
-0.0061035,0.0024414,0.010223,2.7309,0.093994,0
-0.0083923,0.0056458,0.0080872,2.5033,0.092468,0
-0.012665,0.0045776,0.0057983,2.0482,0.092163,0
-0.020447,0.0039673,0.00076294,1.8206,0.090637,0
-0.024719,0.0050354,-0.0068665,1.8206,0.088806,0
-0.021362,0.0050354,-0.0177,2.0482,0.085754,0
-0.01709,0.0036621,-0.019531,2.5033,0.084534,0
-0.010681,0.0010681,-0.015869,2.2757,0.084534,0
0.0018311,-0.0018311,-0.021057,2.0482,0.085144,0
0.011749,-0.00076294,-0.020447,2.5033,0.08606,0
0.015869,-0.00091553,-0.014648,2.0482,0.087585,0
0.014648,0.00045776,-0.02182,1.8206,0.088196,0
0.012512,0.00030518,-0.027771,1.8206,0.088196,0
0.010529,-0.0013733,-0.01709,1.8206,0.089417,0
0.010376,-0.0028992,-0.0050354,1.5931,0.090637,0
0.012207,-0.002594,0.004425,1.3655,0.093689,0
0.01358,-0.0050354,0.0090027,1.5931,0.098267,0
0.014648,-0.0038147,0.0018311,2.0482,0.10345,0
0.014648,-0.0010681,0.0016785,1.5931,0.10956,0
0.012207,-0.0024414,0.018768,1.5931,0.11536,0
0.0079346,-0.0068665,0.03067,1.1379,0.12146,0
0.0080872,-0.010376,0.022583,2.2757,0.12909,0
0.012512,-0.011139,0.007019,1.8206,0.13519,0
0.012817,-0.007782,0.0094604,1.8206,0.14343,0
0.0067139,-0.0079346,0.020294,2.2757,0.15045,0
-0.0045776,-0.012207,0.02121,2.5033,0.159,0
-0.014343,-0.013733,0.013885,2.0482,0.16815,0
-0.020142,-0.0085449,0.0088501,1.3655,0.17578,0
-0.015259,-0.0038147,0.0086975,2.5033,0.18433,0
0.00015259,-0.005188,0.011139,2.2757,0.19226,0
0.013428,-0.0088501,0.019531,2.2757,0.19989,0
0.015411,-0.014191,0.021973,2.5033,0.2066,0
0.014801,-0.015717,0.011444,2.5033,0.21149,0
0.01236,-0.016174,0.0033569,2.5033,0.21729,0
0.0018311,-0.015411,0.00076294,2.2757,0.22064,0
-0.0093079,-0.012665,-0.0033569,2.2757,0.22308,0
-0.014954,-0.010223,-0.0015259,3.186,0.224,0
-0.02182,-0.011292,0.013428,2.0482,0.22583,0
-0.029907,-0.014648,0.026245,2.0482,0.22522,0
-0.03067,-0.015717,0.026703,2.5033,0.22217,0
-0.02121,-0.014648,0.027313,2.5033,0.21881,0
-0.0024414,-0.015869,0.041809,2.5033,0.21606,0
0.014038,-0.016327,0.058899,2.2757,0.21149,0
0.025787,-0.018158,0.062866,2.5033,0.20416,0
0.026245,-0.019989,0.062714,2.7309,0.19562,0
0.01358,-0.018463,0.05722,2.2757,0.18555,0
-0.0013733,-0.011292,0.043793,2.7309,0.17365,0
-0.01358,-0.0057983,0.033417,2.5033,0.16235,0
-0.023499,-0.0048828,0.029449,2.2757,0.15137,0
-0.035248,-0.0076294,0.026855,2.0482,0.14191,0
-0.039978,-0.0083923,0.023499,1.5931,0.13153,0
-0.0354,-0.005188,0.018311,2.0482,0.12115,0
-0.024261,-0.0024414,0.01709,1.5931,0.11169,0
-0.0090027,-0.0019836,0.011902,2.5033,0.10132,0
0.0041199,-0.0035095,0.00061035,1.8206,0.092163,0
0.0093079,-0.0054932,-0.01297,2.2757,0.084229,0
0.0033569,-0.0062561,-0.028534,1.8206,0.075684,0
-0.0059509,-0.0045776,-0.044861,2.2757,0.066528,0
-0.0093079,-0.0033569,-0.054779,2.7309,0.057983,0
-0.0073242,0.00045776,-0.06958,2.0482,0.047913,0
-0.0047302,-0.00015259,-0.090332,2.0482,0.040588,0
0.0033569,0.0024414,-0.10391,1.5931,0.033264,0
0.017853,0.004425,-0.10971,1.1379,0.024109,0
0.036316,0.0036621,-0.11261,2.2757,0.013733,0
0.052795,0.0030518,-0.11459,1.8206,0.0067139,0
0.059967,0.0038147,-0.12375,2.2757,-0.00030518,0
0.057983,0.0062561,-0.1387,2.0482,-0.0064087,0
0.049286,0.0045776,-0.16342,2.2757,-0.011292,0
0.036621,0.00015259,-0.19226,2.2757,-0.013123,0
0.023041,-0.002594,-0.22141,2.2757,-0.014343,0
0.015869,-0.0016785,-0.24246,2.0482,-0.013733,0
0.016327,0.0018311,-0.25757,1.8206,-0.013123,0
0.015411,0.0048828,-0.27679,1.8206,-0.010071,0
0.013428,0.0054932,-0.30579,2.5033,-0.0064087,0
0.012817,0.0056458,-0.3334,2.0482,-0.0024414,0
0.0073242,0.0054932,-0.34683,2.2757,0.00091553,0
-0.00045776,0.0050354,-0.35294,2.7309,0.0048828,0
-0.0041199,0.0032043,-0.36255,2.9584,0.0088501,0
-0.0091553,0.0013733,-0.36957,2.2757,0.011292,0
-0.015564,0.00015259,-0.37552,2.2757,0.014648,0
-0.020752,-0.0012207,-0.383,2.5033,0.017395,0
-0.024109,-0.0032043,-0.38879,2.0482,0.020752,0
-0.026703,-0.0038147,-0.39169,2.2757,0.02533,0
-0.030365,-0.0013733,-0.39978,2.5033,0.028992,0
-0.032043,0.0035095,-0.41138,2.5033,0.033264,0
-0.031281,0.0073242,-0.42099,2.0482,0.035706,0
-0.031433,0.0091553,-0.43411,2.5033,0.038147,0
-0.031281,0.0056458,-0.44724,2.2757,0.040894,0
-0.029297,-0.00091553,-0.45593,2.0482,0.045471,0
-0.026703,-0.0018311,-0.46631,2.0482,0.049744,0
-0.024414,0.0059509,-0.47668,2.0482,0.054016,0
-0.018005,0.0067139,-0.48767,1.8206,0.058289,0
-0.010071,0.00045776,-0.50278,2.0482,0.062561,0
-0.0074768,-0.0028992,-0.5159,2.2757,0.065002,0
-0.010376,-0.004425,-0.51559,1.8206,0.067444,0
-0.012817,-0.0061035,-0.49911,2.0482,0.068665,0
-0.010986,-0.0068665,-0.48096,2.2757,0.070496,0
-0.011902,-0.0042725,-0.47684,0.91037,0.072327,0
-0.018158,-0.0054932,-0.4834,1.5931,0.075378,0
-0.018616,-0.0062561,-0.4892,1.8206,0.07782,0
-0.013428,-0.007019,-0.49301,1.5931,0.080261,0
-0.011139,-0.0094604,-0.49225,1.3655,0.080566,0
-0.0094604,-0.0076294,-0.47287,1.5931,0.079651,0
-0.0068665,-0.0073242,-0.42618,1.5931,0.077515,0
-0.011292,-0.010071,-0.36423,1.8206,0.075989,0
-0.02243,-0.011139,-0.29205,1.8206,0.076294,0
-0.033112,-0.01236,-0.20905,1.8206,0.075378,0
-0.034637,-0.013885,-0.11017,1.8206,0.076599,0
-0.022736,-0.010529,-0.0024414,2.0482,0.075073,0
-0.0061035,-0.0053406,0.10101,2.0482,0.075989,0
0.0036621,-0.0035095,0.19394,2.0482,0.076599,0
0.0016785,-0.0073242,0.27634,2.2757,0.077209,0
-0.0065613,-0.0093079,0.35843,2.5033,0.079041,0
-0.013123,-0.0039673,0.45593,2.2757,0.079956,0
-0.015411,0.005188,0.56732,2.2757,0.080566,0
-0.010681,0.005188,0.66559,2.5033,0.080872,0
0.0047302,-0.0032043,0.73975,2.5033,0.079956,0
0.025024,-0.0088501,0.80475,1.8206,0.078735,0
0.039368,-0.005188,0.86502,1.8206,0.075684,0
0.043335,0.00015259,0.91492,1.8206,0.070801,0
0.037231,0.0061035,0.96436,1.5931,0.065613,0
0.02533,0.010834,1.022,2.0482,0.059814,0
0.015411,0.0088501,1.073,2.9584,0.055542,0
0.0057983,0.0045776,1.1191,2.7309,0.050049,0
-0.0039673,0.0039673,1.1617,2.7309,0.044556,0
-0.01236,0.0067139,1.1873,2.5033,0.037231,0
-0.0177,0.0099182,1.2039,2.0482,0.030212,0
-0.015259,0.012817,1.2202,1.8206,0.023804,0
-0.0065613,0.014801,1.2387,2.0482,0.0177,0
0.002594,0.018158,1.2552,2.0482,0.013428,0
0.0086975,0.020752,1.2675,1.1379,0.010071,0
0.011749,0.019531,1.2752,1.3655,0.0064087,0
0.010834,0.019684,1.2709,1.8206,0.0039673,0
0.0061035,0.016632,1.2538,1.5931,0.0024414,0
0.0027466,0.0074768,1.2315,1.8206,0.0015259,0
-0.0010681,0.0048828,1.2004,1.5931,0.0021362,0
-0.0024414,0.0088501,1.1708,1.8206,0.0027466,0
0.0033569,0.012817,1.1426,2.0482,0.0042725,0
0.014343,0.019684,1.1076,1.8206,0.0067139,0
0.025482,0.021362,1.0596,1.5931,0.0088501,0
0.036926,0.01709,0.99777,2.0482,0.012207,0
0.042877,0.012512,0.92239,2.2757,0.014954,0
0.041351,0.012054,0.84427,2.0482,0.018311,0
0.038452,0.010834,0.76584,1.3655,0.021362,0
0.035858,0.010834,0.68268,1.3655,0.02533,0
0.035553,0.012512,0.60791,1.5931,0.030212,0
0.032043,0.01297,0.54428,2.2757,0.03479,0
0.019073,0.0059509,0.48325,1.8206,0.038147,0
0.0062561,0.00076294,0.42328,1.5931,0.041504,0
0.0080872,0.002594,0.3656,1.8206,0.044556,0
0.022583,0.0057983,0.30487,1.8206,0.046997,0
0.031891,0.0042725,0.23865,2.5033,0.049133,0
0.030823,-0.0030518,0.17654,2.5033,0.053101,0
0.026855,-0.0030518,0.121,2.0482,0.054321,0
0.019531,0.0018311,0.058746,2.7309,0.057678,0
0.011902,0.00061035,-0.0086975,2.2757,0.058594,0
0.0099182,-0.0035095,-0.06958,2.2757,0.057068,0
0.0071716,-0.0019836,-0.11475,2.5033,0.057068,0
-0.0032043,0.0022888,-0.15564,2.2757,0.056458,0
-0.015564,-0.00061035,-0.20264,2.2757,0.055847,0
-0.02243,-0.0053406,-0.24414,2.0482,0.057373,0
-0.02655,-0.0024414,-0.27328,2.5033,0.059509,0
-0.028229,-0.0021362,-0.29922,2.2757,0.062561,0
-0.026703,-0.0021362,-0.33371,2.7309,0.066528,0
-0.024567,0.00076294,-0.3743,2.9584,0.06897,0
-0.024872,0.00061035,-0.41229,2.2757,0.071106,0
-0.028534,-0.002594,-0.44785,2.7309,0.072327,0
-0.03418,-0.004425,-0.4895,2.0482,0.072632,0
-0.037537,-0.0080872,-0.53497,1.8206,0.073242,0
-0.036469,-0.010529,-0.56732,2.0482,0.073242,0
-0.028534,-0.010529,-0.58517,2.5033,0.073853,0
-0.010834,-0.0086975,-0.58655,2.0482,0.074463,0
0.0064087,-0.0093079,-0.57449,1.1379,0.072632,0
0.011597,-0.0048828,-0.56244,2.0482,0.07019,0
0.0042725,-0.0059509,-0.56351,1.5931,0.066528,0
-0.0048828,-0.010834,-0.57114,2.2757,0.063171,0
-0.0085449,-0.015869,-0.56717,1.8206,0.061951,0
-0.004425,-0.016479,-0.55527,2.0482,0.062866,0
0.0048828,-0.012054,-0.54596,1.8206,0.064697,0
0.016785,-0.0054932,-0.53619,2.0482,0.067139,0
0.024414,0.00061035,-0.51926,2.0482,0.069885,0
0.026245,0.00091553,-0.4985,1.3655,0.072327,0
0.024414,0.0012207,-0.48126,2.0482,0.070496,0
0.019989,0.0041199,-0.4686,1.8206,0.069275,0
0.011749,0.005188,-0.45914,2.0482,0.064392,0
-0.0071716,0.0019836,-0.44876,2.7309,0.060425,0
-0.027618,-0.0018311,-0.43533,2.2757,0.054016,0
-0.032501,-0.0065613,-0.4184,2.2757,0.047302,0
-0.019531,-0.0067139,-0.40588,2.2757,0.040588,0
0.0068665,-0.0048828,-0.40131,2.0482,0.032654,0
0.042725,-0.0041199,-0.39902,2.0482,0.022888,0
0.063629,-0.0038147,-0.39581,2.2757,0.011292,0
0.056305,-0.0018311,-0.3833,1.8206,-0.00061035,0
0.036926,0.0015259,-0.36438,2.2757,-0.011292,0
0.024872,0.00061035,-0.345,2.0482,-0.020752,0
0.018005,-0.0036621,-0.32791,2.9584,-0.027771,0
0.0045776,-0.0080872,-0.30762,2.5033,-0.033569,0
-0.013428,-0.0032043,-0.28839,2.5033,-0.037231,0
-0.027161,0.0038147,-0.27054,2.2757,-0.039978,0
-0.028381,0.0074768,-0.25665,2.7309,-0.041809,0
-0.017853,0.0041199,-0.2446,2.5033,-0.04303,0
-0.0035095,-0.00076294,-0.23468,2.0482,-0.043335,0
0.0064087,-0.0047302,-0.22827,2.2757,-0.04303,0
0.0088501,-0.0038147,-0.22705,2.2757,-0.041504,0
0.0056458,-0.0010681,-0.23453,2.0482,-0.038147,0
0,0.00030518,-0.24292,1.3655,-0.035095,0
-0.0090027,-0.00061035,-0.24078,2.0482,-0.030823,0
-0.014648,-0.00015259,-0.22903,1.8206,-0.026855,0
-0.011597,-0.0022888,-0.20493,1.3655,-0.023804,0
-0.0093079,-0.0059509,-0.17502,1.8206,-0.022888,0
-0.010529,-0.0054932,-0.14465,1.8206,-0.020142,0
-0.010529,-0.0064087,-0.11749,1.8206,-0.015259,0
-0.0085449,-0.0080872,-0.0914,1.8206,-0.011902,0
-0.0086975,-0.0053406,-0.072479,1.1379,-0.0073242,0
-0.010986,-0.0038147,-0.065918,1.5931,-0.0045776,0
-0.010376,-0.0010681,-0.063019,1.3655,0.00030518,0
-0.00015259,0.0053406,-0.057526,2.0482,0.0036621,0
0.018158,0.0080872,-0.067291,2.0482,0.0061035,0
0.021515,0.0033569,-0.088348,1.8206,0.0097656,0
-0.00030518,0.0024414,-0.10315,1.5931,0.013733,0
-0.022736,0.0073242,-0.10437,1.1379,0.0177,0
-0.025024,0.0062561,-0.11002,2.0482,0.019531,0
-0.014038,-0.0028992,-0.11612,2.0482,0.019836,0
0.00015259,-0.0085449,-0.11246,1.8206,0.018921,0
0.012207,-0.0062561,-0.1001,2.2757,0.016479,0
0.020294,-0.0057983,-0.093842,1.5931,0.013733,0
0.027924,-0.0047302,-0.094604,2.2757,0.011902,0
0.032654,-0.0041199,-0.097351,2.0482,0.010376,0
0.03067,-0.0016785,-0.090179,2.0482,0.0082397,0
0.019989,0.0027466,-0.078888,1.8206,0.005188,0
0.0071716,0.0074768,-0.077057,1.8206,0.00061035,0
0.0027466,0.0057983,-0.092773,2.2757,-0.0054932,0
0.004425,-0.00061035,-0.10696,2.5033,-0.010681,0
0.0041199,-0.0073242,-0.11337,2.7309,-0.01709,0
-0.00061035,-0.011139,-0.11795,2.5033,-0.021973,0
-0.007019,-0.0068665,-0.11475,2.5033,-0.02655,0
-0.013428,0.0015259,-0.091858,2.2757,-0.030823,0
-0.015869,0.0015259,-0.065155,2.2757,-0.03479,0
-0.012512,-0.0050354,-0.053406,2.2757,-0.036011,0
-0.0048828,-0.0071716,-0.052948,2.5033,-0.037231,0
-0.00045776,-0.010529,-0.049591,2.0482,-0.037842,0
-0.0010681,-0.01236,-0.043488,2.2757,-0.039673,0
-0.0056458,-0.0082397,-0.032959,2.2757,-0.038147,0
-0.0099182,-0.0028992,-0.015564,2.0482,-0.0354,0
-0.013275,0.0032043,0,2.0482,-0.033875,0
-0.020599,0.0042725,0.0039673,2.2757,-0.030212,0
-0.034485,0.0010681,-0.0012207,2.0482,-0.026245,0
-0.048828,-0.0039673,-0.0065613,1.8206,-0.023193,0
-0.055084,-0.0065613,-0.0048828,2.2757,-0.023499,0
-0.045166,-0.0054932,0.0048828,1.8206,-0.023499,0
-0.024719,-0.0027466,0.019531,2.0482,-0.024719,0
-0.0061035,-0.0021362,0.031281,1.5931,-0.030212,0
0.0050354,-0.0035095,0.034027,2.0482,-0.032043,0
0.014191,-0.0047302,0.028534,1.8206,-0.03479,0
0.022736,-0.00076294,0.021362,2.2757,-0.036621,0
0.027466,0.0016785,0.020599,1.8206,-0.037537,0
0.022888,-0.0010681,0.033722,1.5931,-0.039978,0
0.013428,-0.0024414,0.054626,1.8206,-0.039673,0
0.0090027,-0.00030518,0.057068,1.1379,-0.038452,0
0.011749,0.0019836,0.045319,0.91037,-0.038452,0
0.012817,0.00076294,0.039825,2.2757,-0.039368,0
0.0053406,-0.0012207,0.041962,2.0482,-0.040588,0
0.0019836,-0.0028992,0.043182,1.8206,-0.042725,0
0.0088501,-0.0024414,0.035553,2.0482,-0.042725,0
0.016327,-0.0015259,0.023651,2.0482,-0.040894,0
0.018768,0.00045776,0.015869,2.2757,-0.040283,0
0.018158,0.0016785,0.0093079,1.5931,-0.039062,0
0.01297,0.0013733,0.0053406,2.2757,-0.039368,0
0.0074768,0.00045776,0.0042725,1.8206,-0.041504,0
0.0030518,0.0010681,0.013275,1.8206,-0.042725,0
-0.0053406,0.002594,0.029755,2.5033,-0.04303,0
-0.011749,0.005188,0.046692,2.2757,-0.041809,0
-0.0059509,0.0067139,0.055542,2.2757,-0.039368,0
0.0054932,0.0054932,0.05127,2.2757,-0.035706,0
0.011139,0.0027466,0.040131,2.2757,-0.033264,0
0.011139,0.0019836,0.031128,2.2757,-0.030518,0
0.0056458,0.0010681,0.029449,2.5033,-0.028992,0
-0.002594,0.0013733,0.033875,2.2757,-0.028076,0
-0.012512,0.0059509,0.042419,2.0482,-0.022583,0
-0.018463,0.014038,0.045624,2.2757,-0.015564,0
-0.01709,0.014038,0.041199,2.2757,-0.0094604,0
-0.013123,0.0064087,0.030518,2.2757,-0.0024414,0
-0.01358,0.0013733,0.023499,2.0482,0.0036621,0
-0.011749,-0.0010681,0.027618,2.2757,0.011292,0
-0.0010681,0.0057983,0.041656,2.7309,0.017395,0
0.0027466,0.013275,0.057983,2.7309,0.025024,0
-0.0061035,0.016632,0.070648,2.5033,0.032043,0
-0.017548,0.0090027,0.078888,2.5033,0.040283,0
-0.020599,-0.0028992,0.084229,1.8206,0.048218,0
-0.01358,-0.0033569,0.091553,1.8206,0.056763,0
-0.0085449,0.0030518,0.103,1.5931,0.065613,0
-0.011292,0.00061035,0.11551,2.5033,0.072021,0
-0.015106,-0.007019,0.11734,2.0482,0.075684,0
-0.016327,-0.0083923,0.10452,1.5931,0.07843,0
-0.018463,-0.0056458,0.081635,1.5931,0.076904,0
-0.018921,-0.0041199,0.072174,1.8206,0.076599,0
-0.010834,-0.00045776,0.083618,1.3655,0.079346,0
0.0085449,0.0076294,0.10635,1.1379,0.082092,0
0.026093,0.01297,0.11978,1.8206,0.085754,0
0.032349,0.010681,0.10818,1.5931,0.089417,0
0.02594,0.0053406,0.084534,1.8206,0.091248,0
0.01709,0.0015259,0.075226,2.0482,0.092468,0
0.014648,-0.0013733,0.080261,2.0482,0.093994,0
0.018005,-0.0053406,0.088043,2.2757,0.095825,0
0.021515,-0.0076294,0.094452,1.8206,0.097961,0
0.020599,-0.0054932,0.097504,2.0482,0.10193,0
0.016785,-0.0030518,0.096893,2.2757,0.10345,0
0.016632,-0.005188,0.085907,2.2757,0.10559,0
0.016327,-0.0064087,0.070343,1.8206,0.10773,0
0.011139,-0.0083923,0.050659,2.5033,0.10925,0
0.007782,-0.010223,0.047302,2.0482,0.11139,0
0.0079346,-0.010986,0.062714,2.5033,0.11108,0
0.0059509,-0.010223,0.056152,1.8206,0.11017,0
0.0059509,-0.0041199,0.034485,2.2757,0.10834,0
0.0059509,0,0.028534,2.9584,0.10559,0
0.0050354,0.0041199,0.039215,2.5033,0.10437,0
0.00061035,0.0038147,0.046082,2.5033,0.10345,0
-0.0039673,-0.0048828,0.038147,2.2757,0.099792,0
-0.0067139,-0.0083923,0.03067,1.5931,0.09552,0
-0.0086975,-0.010071,0.03006,1.8206,0.091858,0
-0.011902,-0.0065613,0.03006,1.8206,0.088196,0
-0.010681,0.00015259,0.031586,1.8206,0.085754,0
0.00091553,0.0021362,0.027161,2.2757,0.084839,0
0.0177,-0.00045776,0.011292,2.5033,0.085144,0
0.031586,-0.0030518,-0.0039673,2.5033,0.085754,0
0.033112,-0.0035095,-0.0010681,2.0482,0.08728,0
0.021515,-0.00030518,0.02243,1.8206,0.089722,0
0.0045776,0.0012207,0.04425,2.0482,0.092773,0
-0.0056458,-0.0018311,0.054626,2.0482,0.096741,0
-0.012665,-0.0027466,0.064392,2.0482,0.10193,0
-0.018463,0.00091553,0.069733,2.0482,0.1059,0
-0.020599,0.0027466,0.06897,1.5931,0.10925,0
-0.021667,0.0032043,0.068512,2.2757,0.1123,0
-0.02243,0.0050354,0.069885,2.0482,0.1123,0
-0.022736,0.0042725,0.070343,1.8206,0.11475,0
-0.023651,-0.0022888,0.06012,1.1379,0.11536,0
-0.024567,-0.0082397,0.03479,1.8206,0.11627,0
-0.022278,-0.0076294,0.0027466,2.2757,0.11749,0
-0.014801,-0.0013733,-0.0016785,2.2757,0.1178,0
-0.011444,-0.0013733,0.011292,2.0482,0.1181,0
-0.01297,-0.0045776,0.019226,1.8206,0.11993,0
-0.015106,-0.0042725,0.012817,1.5931,0.11963,0
-0.014191,-0.0018311,-0.00015259,1.8206,0.12146,0
-0.012207,0.0016785,-0.010529,1.5931,0.12451,0
-0.0085449,0.0027466,-0.018463,1.8206,0.12665,0
-0.0080872,0.00091553,-0.023804,2.2757,0.12787,0
-0.009613,-0.002594,-0.021667,2.0482,0.12909,0
-0.0094604,-0.0097656,-0.0177,2.5033,0.12878,0
-0.00061035,-0.010071,-0.0082397,2.5033,0.12573,0
0.010986,-0.00061035,-0.0032043,2.0482,0.12238,0
0.015564,0.011444,-0.019379,2.5033,0.12177,0
0.016937,0.010529,-0.042114,2.0482,0.11993,0
0.015717,0.0039673,-0.037079,1.5931,0.11658,0
0.0068665,-0.00015259,-0.014191,2.5033,0.10895,0
-0.0033569,-0.00091553,-0.0083923,1.8206,0.10193,0
-0.010529,-0.0045776,-0.012665,2.2757,0.091248,0
-0.011444,-0.0057983,-0.010071,2.7309,0.083313,0
-0.0059509,-0.0054932,-0.02182,2.7309,0.078125,0
-0.00091553,-0.0067139,-0.057068,2.2757,0.075073,0
0.00061035,-0.0033569,-0.077362,2.9584,0.073547,0
-0.0021362,-0.0012207,-0.063782,2.2757,0.069885,0
-0.0065613,-0.0018311,-0.0383,2.7309,0.063782,0
-0.011444,0.002594,-0.02121,2.9584,0.054321,0
-0.016327,0.0080872,-0.02533,2.2757,0.047302,0
-0.015564,0.009613,-0.035248,2.0482,0.039978,0
-0.0088501,0.0083923,-0.0383,2.2757,0.033569,0
-0.0015259,0.0065613,-0.032806,2.7309,0.028687,0
0.0039673,0.007019,-0.027313,2.5033,0.023193,0
0.0082397,0.0068665,-0.024719,2.5033,0.017395,0
0.0080872,0.011749,-0.020447,2.0482,0.014648,0
0.0035095,0.018158,-0.013733,1.8206,0.012207,0
-0.00015259,0.020142,-0.010834,1.3655,0.013733,0
-0.0045776,0.01236,-0.015259,2.2757,0.016785,0
-0.0088501,0.0038147,-0.019226,2.2757,0.01709,0
-0.010834,0.0013733,-0.024109,1.8206,0.015564,0
-0.0079346,0.0016785,-0.03952,1.8206,0.013123,0
-0.0015259,-0.0012207,-0.055237,2.0482,0.0082397,0
0.0061035,-0.0045776,-0.049133,2.0482,0.0018311,0
0.011292,-0.004425,-0.027313,1.8206,-0.0097656,0
0.011597,-0.002594,-0.0039673,1.8206,-0.031128,0
0.0039673,-0.0013733,0.01709,1.8206,-0.058289,0
-0.0065613,-0.0010681,0.027618,1.8206,-0.086365,0
-0.011597,-0.0054932,0.02243,2.0482,-0.11292,0
-0.0071716,-0.011139,0.013275,1.8206,-0.13367,0
0.0073242,-0.010834,0.016022,2.2757,-0.14954,0
0.027771,-0.005188,0.032654,2.7309,-0.16113,0
0.044556,0.0027466,0.048065,2.0482,-0.1709,0
0.05127,0.0038147,0.049438,2.5033,-0.17883,0
0.043335,-0.0082397,0.040741,2.2757,-0.18311,0
0.028076,-0.016785,0.029602,2.2757,-0.17944,0
0.011292,-0.01358,0.025177,2.7309,-0.16937,0
-0.00061035,-0.009613,0.025787,2.9584,-0.15503,0
-0.0076294,-0.0054932,0.025024,2.5033,-0.1416,0
-0.0068665,-0.002594,0.020752,2.2757,-0.13336,0
-0.0061035,-0.0035095,0.014191,2.5033,-0.12543,0
-0.0083923,-0.0059509,0.010223,2.7309,-0.11536,0
-0.0083923,-0.0061035,0.007782,2.2757,-0.10284,0
-0.0053406,-0.0047302,0.0056458,2.5033,-0.087891,0
-0.0027466,-0.0048828,-0.0019836,1.5931,-0.074768,0
-0.0074768,-0.0076294,-0.013428,2.0482,-0.065002,0
-0.014496,-0.0085449,-0.019531,2.2757,-0.06012,0
-0.014038,-0.0071716,-0.011597,2.2757,-0.056152,0
-0.0061035,-0.0057983,-0.0056458,2.2757,-0.055542,0
0.0073242,-0.0027466,-0.0099182,1.1379,-0.055542,0
0.018158,0.00045776,-0.015259,2.0482,-0.054016,0
0.01236,0.0038147,-0.016785,2.5033,-0.050354,0
0,0.0039673,-0.014648,2.2757,-0.046692,0
-0.0054932,0.0062561,-0.014191,2.0482,-0.040894,0
-0.0035095,0.009613,-0.0091553,2.5033,-0.036621,0
-0.0010681,-0.00030518,0.0041199,2.7309,-0.033875,0
-0.0024414,-0.010834,0.016785,2.2757,-0.033569,0
-0.0042725,-0.0094604,0.027618,2.0482,-0.032654,0
-0.004425,-0.0015259,0.037842,1.8206,-0.023804,0
0.0032043,0.0045776,0.042267,1.1379,-0.0082397,0
0.014191,0.002594,0.028839,2.2757,0.011597,0
0.01709,-0.0047302,0.016479,2.2757,0.029602,0
0.01236,-0.0064087,0.026398,1.5931,0.041199,0
0.0059509,-0.0041199,0.043488,1.3655,0.04303,0
0.0054932,-0.00045776,0.05188,2.0482,0.043945,0
0.010071,0.0047302,0.045013,2.5033,0.047913,0
0.01297,0.0082397,0.040741,2.2757,0.061035,0
0.0099182,0.0059509,0.040741,1.8206,0.080261,0
0.0010681,0.0012207,0.041504,1.1379,0.094299,0
-0.0094604,0.0021362,0.037384,2.0482,0.10559,0
-0.016174,0.0024414,0.039215,2.0482,0.11261,0
-0.015869,0.00061035,0.045013,1.8206,0.11444,0
-0.010529,-0.0032043,0.046539,1.8206,0.11261,0
-0.0024414,-0.0068665,0.043793,1.8206,0.11108,0
0.0085449,-0.0071716,0.045319,2.5033,0.11719,0
0.019073,-0.0064087,0.04837,2.2757,0.13275,0
0.024109,-0.0062561,0.051575,1.8206,0.15656,0
0.024109,-0.0053406,0.046997,2.5033,0.18188,0
0.021057,-0.0042725,0.038452,2.7309,0.20508,0
0.015717,0.002594,0.032196,3.186,0.22491,0
0.0094604,0.0065613,0.038452,3.186,0.24017,0
0.0032043,0.0056458,0.046692,2.5033,0.25543,0
0.00061035,0.002594,0.046997,2.5033,0.27374,0
0.0013733,0.0028992,0.043488,2.5033,0.29541,0
0.0062561,0.0047302,0.040283,2.5033,0.31647,0
0.012054,0.0032043,0.032349,2.9584,0.33539,0
0.019836,0.0013733,0.023499,2.2757,0.34698,0
0.023804,0.0013733,0.027618,2.5033,0.34821,0
0.015259,0.0024414,0.032959,2.7309,0.3421,0
0.00076294,0.0038147,0.024567,2.7309,0.33234,0
-0.010071,0.0065613,0.007782,2.0482,0.32135,0
-0.015411,0.005188,-0.007782,1.8206,0.31311,0
-0.021973,-0.00015259,-0.018005,1.8206,0.31097,0
-0.029907,-0.0035095,-0.023193,2.5033,0.31555,0
-0.03479,-0.00045776,-0.018768,1.8206,0.31769,0
-0.038605,0.0036621,-0.0093079,2.0482,0.31403,0
-0.041351,0.0056458,-0.0022888,2.0482,0.30518,0
-0.040283,0.0065613,0.0030518,2.2757,0.29633,0
-0.03418,0.0042725,0.0061035,2.0482,0.28839,0
-0.028839,0.0018311,0.0076294,1.8206,0.28412,0
-0.026093,0.002594,0.0064087,2.2757,0.2829,0
-0.012817,0.0030518,0.0094604,1.5931,0.28107,0
0.0048828,0.0033569,0.014496,1.5931,0.27557,0
0.014038,0.0032043,0.0073242,0.91037,0.26489,0
0.017395,0.0035095,-0.013123,1.5931,0.24872,0
0.0177,0.0053406,-0.031891,1.8206,0.23285,0
0.014954,0.0090027,-0.036316,1.8206,0.22095,0
0.012665,0.010376,-0.034485,1.5931,0.21332,0
0.0083923,0.0094604,-0.026245,2.2757,0.2124,0
0.0038147,0.0047302,-0.011444,1.5931,0.20844,0
-0.0015259,0.00030518,0.015411,1.3655,0.20203,0
-0.0062561,0.00030518,0.045013,1.8206,0.18646,0
-0.010529,-0.00015259,0.065308,2.0482,0.16571,0
-0.012054,-0.0028992,0.072174,2.7309,0.14801,0
-0.011597,-0.0050354,0.067902,2.2757,0.13885,0
-0.0085449,-0.0028992,0.054626,2.2757,0.13184,0
-0.0048828,-0.00015259,0.036774,2.2757,0.12634,0
0.0015259,0.00015259,0.027008,2.5033,0.11932,0
0.016022,-0.0036621,0.023651,2.2757,0.10895,0
0.030365,-0.010376,0.027924,2.7309,0.097656,0
0.036926,-0.017548,0.044556,3.186,0.088196,0
0.035706,-0.0177,0.073395,2.7309,0.083923,0
0.029907,-0.010376,0.099182,2.9584,0.086365,0
0.023346,-0.0030518,0.10864,2.7309,0.090637,0
0.018158,-0.0035095,0.10635,2.2757,0.093079,0
0.011749,-0.0041199,0.093994,2.0482,0.091858,0
0.0067139,-0.00045776,0.069122,2.0482,0.088806,0
0.0048828,0.0061035,0.030518,1.8206,0.083313,0
0.0022888,0.0085449,-0.012207,2.2757,0.079346,0
0.00015259,0.005188,-0.040894,2.5033,0.072327,0
-0.00061035,0.0045776,-0.051727,2.5033,0.065918,0
-0.0013733,0.0090027,-0.061493,2.0482,0.062866,0
-0.0035095,0.010834,-0.068054,2.2757,0.066833,0
-0.0030518,0.0065613,-0.066223,2.0482,0.070801,0
-0.00015259,0.002594,-0.055237,1.8206,0.071716,0
0.0015259,0.002594,-0.040741,2.0482,0.070496,0
0.0038147,0.002594,-0.026245,2.0482,0.065613,0
0.0038147,0.0012207,-0.023346,0.91037,0.059814,0
-0.002594,-0.00091553,-0.031128,1.8206,0.054321,0
-0.010223,-0.0012207,-0.03479,1.8206,0.054321,0
-0.014343,0.00045776,-0.031281,1.5931,0.057373,0
-0.014343,0.0062561,-0.01358,0.91037,0.059509,0
-0.011444,0.021057,0.016632,0.91037,0.059204,0
-0.010223,0.028992,0.037384,2.0482,0.057678,0
-0.0082397,0.010986,0.019836,1.8206,0.053101,0
-0.0032043,-0.016785,-0.018616,2.5033,0.046082,0
0.00076294,-0.025177,-0.032654,2.9584,0.041809,0
0.002594,-0.017548,-0.010681,2.0482,0.041199,0
0.0067139,-0.0093079,0.018616,2.5033,0.045776,0
0.012207,-0.0050354,0.037537,1.8206,0.050964,0
0.015717,-0.0053406,0.042267,1.8206,0.052185,0
0.013733,-0.0086975,0.05127,1.8206,0.043945,0
0.004425,-0.0076294,0.072479,1.8206,0.031738,0
-0.0057983,0.00091553,0.084839,2.2757,0.024109,0
-0.013275,0.0090027,0.082397,2.5033,0.021973,0
-0.013885,0.0083923,0.062103,2.0482,0.024109,0
-0.011597,0.0045776,0.026855,2.0482,0.02655,0
-0.0074768,0.0080872,0.0062561,2.7309,0.030823,0
0.002594,0.010834,0.0035095,2.2757,0.03479,0
0.01236,0.007019,0.004425,2.2757,0.037537,0
0.015869,0.0027466,0.0076294,2.7309,0.035095,0
0.015411,0.0039673,0.015717,2.5033,0.028992,0
0.012512,0.007019,0.018158,2.5033,0.025635,0
0.0080872,0.0016785,0.0038147,2.5033,0.028687,0
0.0013733,-0.0062561,-0.02121,2.9584,0.0354,0
-0.0010681,-0.010834,-0.052795,2.0482,0.040894,0
0.0018311,-0.012207,-0.086975,2.5033,0.04303,0
0.0042725,-0.009613,-0.10864,2.2757,0.041809,0
0.0021362,-0.0054932,-0.10818,2.7309,0.042419,0
-0.0024414,-0.0042725,-0.091858,1.8206,0.047913,0
-0.0048828,-0.0038147,-0.080109,2.5033,0.056458,0
-0.0064087,-0.0022888,-0.06958,1.8206,0.067444,0
-0.009613,-0.0022888,-0.054932,2.0482,0.079041,0
-0.012054,-0.0030518,-0.036774,1.3655,0.083313,0
-0.010681,-0.0021362,-0.025177,2.2757,0.084534,0
-0.0085449,-0.0021362,-0.024872,2.2757,0.082397,0
-0.0080872,-0.0033569,-0.034943,1.8206,0.080261,0
-0.0088501,-0.0038147,-0.054626,2.5033,0.079956,0
-0.0097656,-0.0028992,-0.085144,2.2757,0.080872,0
-0.010376,-0.0027466,-0.12177,2.0482,0.081482,0
-0.0083923,-0.00030518,-0.14374,1.3655,0.083923,0
-0.005188,0.00045776,-0.14877,2.5033,0.088196,0
-0.00061035,-0.0010681,-0.14694,1.8206,0.092163,0
0.0032043,-0.0012207,-0.14206,1.8206,0.093384,0
0.0032043,0.00015259,-0.13062,1.8206,0.090942,0
-0.0012207,0.0016785,-0.11734,2.2757,0.085754,0
-0.0088501,0.0012207,-0.11093,2.5033,0.081787,0
-0.011597,0.00061035,-0.10162,2.0482,0.078125,0
-0.0091553,-0.00061035,-0.084076,2.5033,0.075989,0
-0.004425,-0.0015259,-0.06134,1.8206,0.076904,0
0.0015259,-0.0019836,-0.045776,1.8206,0.079346,0
0.0074768,-0.0030518,-0.038147,1.8206,0.079651,0
0.010071,0,-0.031281,1.8206,0.078125,0
0.009613,0.0024414,-0.021057,2.7309,0.074768,0
0.010223,0.0056458,-0.014191,2.9584,0.075073,0
0.014191,0.0094604,-0.013733,1.8206,0.080566,0
0.016937,0.010834,-0.014496,1.3655,0.090332,0
0.015869,0.0068665,-0.020905,1.8206,0.098572,0
0.016632,0.0021362,-0.024719,2.0482,0.10956,0
0.017242,0.0016785,-0.014648,1.8206,0.12115,0
0.015259,0.0048828,0.002594,2.7309,0.13062,0
0.013428,0.011139,0.015411,2.0482,0.1358,0
0.017548,0.015106,0.024261,2.9584,0.1355,0
0.022278,0.01297,0.023499,2.7309,0.13519,0
0.022125,0.013123,0.019989,2.5033,0.13977,0
0.015717,0.013733,0.025787,2.9584,0.1474,0
0.0082397,0.0090027,0.042419,2.5033,0.15442,0
-0.0012207,0.0028992,0.061188,2.0482,0.15869,0
-0.010376,0.0018311,0.078278,1.5931,0.15686,0
-0.015411,0.0041199,0.090332,0.91037,0.15228,0
-0.018921,0.005188,0.071716,1.5931,0.14923,0
-0.021362,0.0056458,0.043182,2.0482,0.14923,0
-0.021515,0.0064087,0.040741,2.5033,0.15381,0
-0.023346,0.0083923,0.053558,2.0482,0.15533,0
-0.023346,0.0042725,0.065002,2.2757,0.15259,0
-0.023804,-0.010529,0.065155,2.0482,0.14771,0
-0.023499,-0.024719,0.045776,1.5931,0.1413,0
-0.018158,-0.02533,0.029449,2.5033,0.1358,0
-0.011597,-0.018463,0.032501,1.8206,0.13,0
-0.011292,-0.010681,0.043793,2.0482,0.12268,0
-0.013275,-0.0047302,0.062103,2.0482,0.11444,0
-0.0061035,-0.00076294,0.080414,2.0482,0.11261,0
0.0062561,-0.0073242,0.074158,1.5931,0.11627,0
0.016022,-0.015564,0.052643,1.3655,0.12207,0
0.017853,-0.013428,0.044403,0.91037,0.12329,0
0.013428,-0.009613,0.042267,1.1379,0.11902,0
0.0085449,-0.0048828,0.030365,2.0482,0.10925,0
0.0024414,-0.00091553,0.011597,1.3655,0.098877,0
-0.0024414,0.00091553,0.0016785,2.2757,0.094604,0
-0.0028992,0.0022888,0.010071,1.8206,0.097961,0
-0.0010681,0.00045776,0.021362,1.8206,0.10681,0
-0.00091553,-0.0019836,0.036774,2.0482,0.11749,0
0.0013733,-0.0030518,0.052948,2.7309,0.12299,0
0.0065613,-0.0047302,0.051575,2.5033,0.12329,0
0.015411,-0.005188,0.03418,2.5033,0.11871,0
0.024719,-0.0083923,0.010986,1.8206,0.11414,0
0.027008,-0.01297,-0.013428,2.0482,0.11322,0
0.020142,-0.009613,-0.023193,2.2757,0.11444,0
0.0068665,-0.0030518,-0.020905,2.2757,0.12146,0
-0.0050354,-0.0033569,-0.011444,2.2757,0.1236,0
-0.0090027,-0.0053406,0.0038147,2.2757,0.11871,0
-0.0082397,-0.0047302,0.014191,2.2757,0.10773,0
-0.0054932,-0.0053406,0.016479,2.7309,0.093689,0
0.0013733,-0.0090027,0.017853,2.5033,0.079041,0
0.005188,-0.0094604,0.021057,1.8206,0.067139,0
0.0030518,-0.010529,0.015411,2.2757,0.063782,0
0.0013733,-0.010376,-0.0016785,2.2757,0.065613,0
0.0054932,-0.0057983,-0.023041,2.0482,0.068665,0
0.0080872,-0.0033569,-0.031128,2.0482,0.065002,0
0.0085449,-0.0050354,-0.020447,2.2757,0.050659,0
0.0088501,-0.0057983,-0.0057983,2.2757,0.031738,0
0.009613,-0.0036621,-0.00091553,2.0482,0.018616,0
0.0093079,-0.0056458,-0.0027466,2.7309,0.017395,0
0.0074768,-0.0083923,-0.012665,2.2757,0.020447,0
0.0045776,-0.010986,-0.012207,1.8206,0.021362,0
0.0041199,-0.014343,0.005188,2.2757,0.014343,0
0.0053406,-0.019226,0.018005,1.5931,0.0018311,0
0.0071716,-0.014038,0.028534,1.8206,-0.014343,0
0.0076294,-0.0028992,0.039215,2.0482,-0.02533,0
0.0088501,-0.0024414,0.031128,1.8206,-0.031128,0
0.012207,-0.0083923,0.019989,1.3655,-0.031128,0
0.010834,-0.0088501,0.021057,1.1379,-0.02655,0
0.0047302,0.0022888,0.027008,1.8206,-0.022888,0
0.0016785,0.012512,0.032043,1.5931,-0.022278,0
0.0033569,0.012207,0.027466,1.5931,-0.02533,0
0.0038147,0.011597,0.024719,2.2757,-0.02655,0
-0.0012207,0.016022,0.035095,2.0482,-0.027466,0
-0.0027466,0.026398,0.048523,2.5033,-0.025635,0
0.0083923,0.028534,0.054016,1.8206,-0.021973,0
0.019073,0.016785,0.040894,1.8206,-0.018005,0
0.024109,0.0054932,0.019836,2.0482,-0.015869,0
0.023804,0.0019836,0.021667,1.8206,-0.016785,0
0.021362,0.00076294,0.04837,2.2757,-0.018921,0
0.020752,0.0074768,0.076752,1.8206,-0.0177,0
0.014191,0.016937,0.097198,1.8206,-0.013733,0
0.0018311,0.013733,0.10422,2.5033,-0.0057983,0
-0.0093079,-0.0030518,0.08728,2.5033,0.0033569,0
-0.016937,-0.013428,0.069733,2.2757,0.0097656,0
-0.018921,-0.0093079,0.05722,1.5931,0.0097656,0
-0.015259,-0.0036621,0.033569,2.0482,0.0073242,0
-0.0094604,-0.0041199,0.0053406,2.2757,0.0079346,0
-0.0071716,-0.0071716,-0.010834,2.2757,0.012207,0
-0.0083923,-0.0053406,-0.012054,2.2757,0.018616,0
-0.011749,0.00030518,-0.0065613,2.5033,0.024109,0
-0.012512,0.0018311,0.0033569,2.0482,0.024109,0
-0.010223,-0.00045776,0.019226,2.9584,0.020752,0
-0.0094604,-0.0015259,0.035095,2.9584,0.014954,0
-0.012054,-0.0048828,0.047913,2.5033,0.011292,0
-0.014343,-0.011139,0.052338,2.5033,0.013733,0
-0.014191,-0.0068665,0.052032,2.2757,0.018005,0
-0.011902,0.0030518,0.056458,2.0482,0.019836,0
-0.010681,0.0033569,0.052185,2.2757,0.016174,0
-0.012054,-0.0056458,0.042419,2.5033,0.010071,0
-0.014343,-0.0053406,0.046539,2.0482,0.0082397,0
-0.013428,0.0010681,0.049591,2.5033,0.011292,0
-0.011749,0.00061035,0.031128,2.2757,0.018311,0
-0.014191,-0.0039673,0.01236,2.0482,0.023499,0
-0.015869,-0.0028992,0.00091553,1.5931,0.02533,0
-0.015564,-0.0035095,-0.019073,2.5033,0.027161,0
-0.016937,-0.0097656,-0.045776,2.2757,0.031128,0
-0.018311,-0.014191,-0.067902,1.3655,0.039368,0
-0.015106,-0.0061035,-0.086823,1.3655,0.04425,0
-0.012665,0.0038147,-0.11337,1.5931,0.04303,0
-0.011139,0.00045776,-0.13596,1.8206,0.042114,0
-0.0083923,-0.0047302,-0.1387,2.0482,0.042114,0
-0.0064087,-0.007782,-0.13733,2.2757,0.045471,0
-0.0035095,-0.0059509,-0.13519,2.5033,0.051575,0
0.00061035,-0.0021362,-0.12482,1.8206,0.058899,0
0.0032043,-0.002594,-0.1149,2.0482,0.063782,0
0.002594,-0.0012207,-0.11063,2.2757,0.065613,0
0.0013733,0.0064087,-0.1088,2.2757,0.06134,0
0.0019836,0.017395,-0.10147,1.8206,0.052185,0
0.0028992,0.023956,-0.093536,1.8206,0.04425,0
0.0019836,0.020599,-0.087738,2.2757,0.040283,0
0.0013733,0.009613,-0.080872,2.5033,0.038757,0
0.0045776,0.0033569,-0.066376,2.9584,0.039673,0
0.0068665,0.0041199,-0.053711,2.2757,0.040283,0
0.0059509,0.0057983,-0.046082,2.0482,0.041809,0
0.0027466,0.0086975,-0.043488,2.0482,0.040588,0
0.0013733,0.0086975,-0.040131,2.2757,0.042419,0
0.00076294,0.0099182,-0.039368,2.2757,0.045776,0
-0.0012207,0.0088501,-0.039978,2.2757,0.050049,0
-0.0042725,0.0019836,-0.037079,2.7309,0.050964,0
-0.0068665,-0.0065613,-0.021973,2.2757,0.048828,0
-0.0083923,-0.012207,0.0042725,2.0482,0.046692,0
-0.010071,-0.014191,0.028839,2.0482,0.048523,0
-0.0091553,-0.015259,0.044098,1.3655,0.055847,0
-0.0041199,-0.01297,0.058899,2.5033,0.061951,0
0.0030518,-0.01358,0.069427,2.2757,0.061646,0
0.0079346,-0.01297,0.066528,2.0482,0.059814,0
0.0054932,-0.0097656,0.060272,2.0482,0.061951,0
-0.0019836,-0.0068665,0.053253,2.2757,0.065308,0
-0.0065613,-0.009613,0.042572,2.5033,0.073547,0
-0.0074768,-0.010223,0.042419,2.0482,0.079956,0
-0.0090027,-0.0057983,0.052185,2.0482,0.082703,0
-0.0088501,-0.0012207,0.062408,2.2757,0.079956,0
-0.00061035,0.00045776,0.06897,1.8206,0.074158,0
0.0082397,0.00061035,0.068817,1.8206,0.072327,0
0.0082397,0.0024414,0.067139,1.8206,0.075073,0
0.002594,0.00015259,0.069275,2.0482,0.080261,0
-0.0021362,-0.005188,0.070953,2.0482,0.083618,0
-0.005188,-0.0035095,0.066528,2.0482,0.082092,0
-0.0053406,0.0056458,0.060577,1.8206,0.075378,0
-0.0054932,0.015411,0.055237,0.91037,0.066528,0
-0.009613,0.020905,0.047607,1.8206,0.06134,0
-0.01358,0.019989,0.051117,2.0482,0.062256,0
-0.0094604,0.013733,0.055084,1.3655,0.066223,0
0.00091553,0.0039673,0.050507,1.5931,0.068054,0
0.0082397,-0.0019836,0.041199,1.3655,0.065918,0
0.010986,-0.0024414,0.037079,2.2757,0.059814,0
0.010834,-0.0024414,0.035248,1.5931,0.050964,0
0.010834,-0.0028992,0.0383,2.2757,0.041504,0
0.013275,0.00045776,0.040588,2.5033,0.036926,0
0.015717,0.0054932,0.038605,2.5033,0.043335,0
0.010986,0.0074768,0.040894,2.5033,0.053406,0
0.0032043,0.005188,0.046692,2.2757,0.059204,0
0.0033569,-0.00091553,0.057068,2.9584,0.05249,0
0.0093079,-0.0018311,0.077362,2.7309,0.04303,0
0.016937,-0.002594,0.1001,2.2757,0.037231,0
0.019531,-0.0065613,0.11887,2.0482,0.036621,0
0.0177,-0.0086975,0.13443,2.5033,0.041809,0
0.014954,-0.0090027,0.14023,2.5033,0.049133,0
0.013275,-0.0074768,0.1268,2.0482,0.055237,0
0.011749,-0.00015259,0.10071,2.2757,0.056152,0
0.0088501,0.0021362,0.075836,2.2757,0.050659,0
0.0054932,-0.0079346,0.050659,2.0482,0.042419,0
0.0035095,-0.014801,0.028534,2.2757,0.0354,0
-0.00076294,-0.012512,0.013733,2.0482,0.032654,0
-0.0071716,-0.0082397,0.0064087,2.0482,0.030212,0
-0.0074768,-0.0068665,0.010529,2.5033,0.027466,0
0.00061035,-0.005188,0.015717,2.2757,0.021973,0
0.0071716,-0.0056458,0.015869,2.2757,0.0177,0
0.0065613,-0.0042725,0.010834,2.2757,0.016174,0
0.0013733,-0.00091553,0.0048828,1.8206,0.0177,0
-0.00091553,0.0010681,-0.0056458,2.0482,0.018311,0
0,0.0035095,-0.016327,1.8206,0.014648,0
0.002594,0.0019836,-0.015564,2.2757,0.0091553,0
0.0038147,0.00045776,-0.0016785,1.5931,0.007019,0
0.0061035,-0.00015259,0.014648,1.8206,0.0076294,0
0.0071716,0.0018311,0.020599,2.0482,0.0073242,0
0.0080872,0.0041199,0.0080872,2.5033,0.0091553,0
0.010071,0.0088501,-0.0074768,2.0482,0.012817,0
0.010071,0.012665,-0.013275,1.1379,0.011597,0
0.0085449,0.011292,-0.015564,1.5931,0.0045776,0
0.0047302,0.0053406,-0.025787,1.5931,-0.00061035,0
0.0018311,-0.0047302,-0.038757,1.5931,-0.0079346,0
0.00015259,-0.0094604,-0.036621,2.0482,-0.021973,0
-0.0021362,-0.0056458,-0.023499,1.8206,-0.032349,0
0,-0.00045776,-0.0082397,1.8206,-0.037842,0
0.010529,0.0038147,-0.0061035,2.0482,-0.036011,0
0.019226,0.0036621,-0.010223,1.1379,-0.026855,0
0.018311,0.0050354,-0.012207,2.0482,-0.016479,0
0.01358,0.011292,-0.013885,2.0482,-0.010681,0
0.007782,0.010529,-0.020294,1.8206,-0.0076294,0
0.0024414,0.0073242,-0.030823,2.0482,-0.0091553,0
-0.0028992,0.0059509,-0.030823,2.7309,-0.013733,0
-0.0041199,0.0059509,-0.021973,2.2757,-0.016479,0
-0.0033569,0.0062561,-0.010681,1.8206,-0.013123,0
-0.0068665,0.0010681,-0.0027466,2.5033,-0.0033569,0
-0.013275,0.00030518,0.010529,2.0482,0.010986,0
-0.014954,-0.00091553,0.023193,2.0482,0.022888,0
-0.012817,-0.0022888,0.028839,2.2757,0.02594,0
-0.011902,-0.0053406,0.028839,2.9584,0.022888,0
-0.01358,-0.005188,0.035248,2.7309,0.016174,0
-0.012817,0.00061035,0.043488,2.5033,0.0085449,0
-0.0068665,0.0035095,0.045166,2.0482,0.0042725,0
-0.0041199,0.00030518,0.043335,2.2757,0.005188,0
-0.0057983,0.00091553,0.047607,2.0482,0.013428,0
-0.0083923,0.0047302,0.054321,2.7309,0.021667,0
-0.013123,0.0074768,0.063629,2.0482,0.027161,0
-0.014801,0.0079346,0.067749,2.2757,0.028076,0
-0.01297,0.00076294,0.069733,1.8206,0.026245,0
-0.010834,-0.0062561,0.066223,1.8206,0.02655,0
-0.011292,-0.0076294,0.065308,1.1379,0.029297,0
-0.012665,-0.0038147,0.062408,1.8206,0.036316,0
-0.012665,-0.0032043,0.05661,2.7309,0.039368,0
-0.015717,-0.0076294,0.056915,1.3655,0.042114,0
-0.018921,-0.011902,0.06424,2.0482,0.037231,0
-0.018311,-0.013123,0.077362,1.5931,0.032654,0
-0.014038,-0.01236,0.10147,1.8206,0.030212,0
-0.0064087,-0.011444,0.12009,2.2757,0.03418,0
0.004425,-0.011292,0.12024,2.0482,0.043335,0
0.007019,-0.011292,0.10696,1.5931,0.053101,0
-0.0022888,-0.0093079,0.088043,1.8206,0.058594,0
-0.007019,-0.0067139,0.076904,2.0482,0.055237,0
-0.0013733,-0.0036621,0.07431,1.3655,0.047913,0
0.0085449,-0.0041199,0.06958,1.8206,0.042114,0
0.015869,-0.0053406,0.063019,1.3655,0.039978,0
0.017548,-0.0022888,0.053711,2.0482,0.044861,0
0.015869,0.0013733,0.042725,1.3655,0.048828,0
0.012512,0.0024414,0.0383,2.0482,0.053101,0
0.0082397,0.0013733,0.039978,2.5033,0.053101,0
0.0038147,0.0010681,0.043945,2.2757,0.049438,0
-0.00030518,0.0024414,0.050812,2.2757,0.045471,0
-0.0048828,0.0027466,0.058136,2.2757,0.046387,0
-0.0054932,0.0027466,0.063934,2.0482,0.051575,0
-0.002594,0.0018311,0.067902,2.0482,0.058899,0
0.00076294,0.0048828,0.063171,2.2757,0.063477,0
0.0064087,0.0083923,0.053558,2.0482,0.063477,0
0.01236,0.0074768,0.043182,2.2757,0.063782,0
0.016632,0.0015259,0.037384,2.0482,0.062561,0
0.019226,0.0012207,0.032959,2.0482,0.059509,0
0.020142,0.0057983,0.030212,2.2757,0.061951,0
0.015106,0.0093079,0.03067,2.2757,0.065002,0
0.0086975,0.010529,0.028992,2.9584,0.06958,0
0.0030518,0.0099182,0.019989,2.2757,0.074158,0
-0.0024414,0.0061035,0.0093079,2.5033,0.076599,0
-0.0053406,0.0019836,0.00091553,3.186,0.075378,0
-0.0036621,-0.0010681,-0.0019836,2.2757,0.069885,0
0.00091553,-0.00045776,-0.0012207,2.5033,0.064087,0
0.0019836,0.0036621,-0.0015259,2.0482,0.062256,0
0.0013733,0.0068665,-0.0041199,2.2757,0.064697,0
0.00091553,0.0080872,-0.0038147,2.0482,0.067444,0
0.0036621,0.0085449,0.0024414,2.2757,0.06958,0
0.0048828,0.0090027,0.0099182,1.8206,0.06958,0
0.0038147,0.007019,0.018921,1.8206,0.065918,0
0.00076294,0.0065613,0.026245,1.5931,0.059814,0
-0.0032043,0.0068665,0.031586,1.5931,0.053711,0
-0.0076294,0.0045776,0.040741,1.8206,0.051575,0
-0.011749,0.0036621,0.048065,1.8206,0.05127,0
-0.0097656,0.004425,0.044708,1.5931,0.050659,0
-0.0016785,0.0030518,0.039368,1.5931,0.049438,0
0.009613,-0.00061035,0.037384,1.5931,0.046387,0
0.02182,-0.0032043,0.037689,1.3655,0.04425,0
0.031128,-0.0030518,0.036011,2.0482,0.040588,0
0.033112,0.00076294,0.029755,1.3655,0.036011,0
0.026855,0.0024414,0.018311,1.5931,0.031738,0
0.017242,0.0013733,0.0027466,2.0482,0.02655,0
0.0080872,0,-0.0094604,1.3655,0.02655,0
0.0032043,-0.0024414,-0.019226,2.0482,0.032654,0
0.0010681,-0.0018311,-0.022736,2.2757,0.043335,0
0.0010681,-0.00045776,-0.018463,1.8206,0.050659,0
0.00061035,-0.0012207,-0.014801,1.8206,0.050964,0
-0.0013733,-0.0012207,-0.020752,1.1379,0.044556,0
-0.00045776,0.00030518,-0.028992,2.0482,0.039978,0
0.0022888,0.0016785,-0.032349,2.5033,0.041809,0
0.0018311,-0.00045776,-0.026245,1.5931,0.050049,0
0.0022888,-0.0010681,-0.018158,1.8206,0.06073,0
0.0033569,-0.00061035,-0.019073,1.8206,0.068054,0
0.0038147,-0.0027466,-0.020294,1.8206,0.065613,0
0.0035095,-0.004425,-0.013123,2.2757,0.055237,0
0.0021362,-0.0062561,-0.0090027,2.5033,0.04364,0
0.0018311,-0.0079346,-0.012665,2.5033,0.0354,0
0.0016785,-0.0045776,-0.022278,2.2757,0.033875,0
0.0016785,-0.0013733,-0.031128,2.5033,0.036621,0
0.0028992,-0.0012207,-0.036011,2.2757,0.038147,0
0.0047302,-0.0022888,-0.038147,1.5931,0.0354,0
0.005188,-0.0053406,-0.034485,2.0482,0.026245,0
0.002594,-0.0059509,-0.027008,2.7309,0.010071,0
0.00030518,-0.0024414,-0.026245,2.5033,-0.0045776,0
-0.00061035,0.0019836,-0.032654,2.0482,-0.018005,0
0.00061035,0.0045776,-0.040741,2.5033,-0.029907,0
0.0054932,0.0074768,-0.049286,2.5033,-0.036621,0
0.010223,0.007782,-0.057526,2.2757,-0.039368,0
0.0083923,0.0054932,-0.064087,2.2757,-0.039062,0
0.002594,0.0019836,-0.066071,2.9584,-0.038147,0
-0.004425,0.0012207,-0.064392,2.0482,-0.037842,0
-0.010834,0.00045776,-0.058594,2.0482,-0.042114,0
-0.014648,-0.0013733,-0.045013,2.2757,-0.047302,0
-0.016327,-0.0033569,-0.027161,0.91037,-0.049438,0
-0.014496,-0.0041199,-0.0177,1.5931,-0.042725,0
-0.0074768,-0.0061035,-0.018616,1.8206,-0.026855,0
-0.0015259,-0.0059509,-0.019379,1.3655,-0.0061035,0
0.0013733,-0.0033569,-0.019531,1.5931,0.013733,0
0.0053406,-0.0021362,-0.015717,1.5931,0.027771,0
0.010223,-0.0032043,-0.012817,2.0482,0.032959,0
0.0064087,-0.0016785,-0.02182,2.0482,0.033875,0
0.0024414,0.00091553,-0.031891,1.8206,0.030518,0
0.0016785,-0.0032043,-0.034027,1.8206,0.02594,0
-0.0021362,-0.0076294,-0.037537,1.8206,0.023804,0
-0.0080872,-0.010986,-0.037994,1.8206,0.02533,0
-0.014954,-0.012665,-0.039825,2.2757,0.029297,0
-0.019989,-0.01236,-0.041656,1.5931,0.032349,0
-0.022125,-0.013275,-0.044861,2.7309,0.032349,0
-0.019531,-0.01236,-0.048828,1.8206,0.026855,0
-0.014496,-0.012665,-0.048065,1.1379,0.020752,0
-0.0045776,-0.0094604,-0.039062,1.8206,0.014954,0
0.0059509,-0.0048828,-0.027466,2.2757,0.014954,0
0.011749,-0.00076294,-0.019531,2.2757,0.021057,0
0.015717,0.0010681,-0.015564,2.0482,0.029297,0
0.019684,-0.0012207,-0.0177,1.3655,0.032654,0
0.021362,-0.0030518,-0.026398,2.0482,0.032043,0
0.02243,-0.0032043,-0.039978,2.5033,0.027771,0
0.022888,-0.00030518,-0.059509,2.5033,0.018311,0
0.018921,0.0021362,-0.079803,2.0482,0.0073242,0
0.01358,0.0048828,-0.093231,2.5033,-0.0021362,0
0.010834,0.0053406,-0.093536,1.5931,-0.0064087,0
0.0091553,0.0033569,-0.082703,2.2757,-0.0073242,0
0.0053406,0.0012207,-0.071564,2.2757,-0.0082397,0
0.0038147,-0.00061035,-0.062408,2.0482,-0.010376,0
0.0068665,0.00091553,-0.051422,2.2757,-0.013733,0
0.01236,0.0053406,-0.041809,2.0482,-0.015564,0
0.015869,0.0062561,-0.032654,1.8206,-0.015564,0
0.013733,0.0071716,-0.018616,2.0482,-0.016479,0
0.004425,0.0061035,-0.010223,1.8206,-0.020752,0
-0.0047302,0.0038147,-0.014343,2.0482,-0.029297,0
-0.0062561,0.0030518,-0.029755,2.2757,-0.041809,0
-0.0021362,0.0028992,-0.033112,2.0482,-0.052185,0
-0.0016785,0.0028992,-0.014954,2.0482,-0.062256,0
-0.0068665,0.0033569,0.010834,1.8206,-0.072937,0
-0.015411,0.0042725,0.024109,1.8206,-0.082703,0
-0.021362,0.0032043,0.02594,1.5931,-0.092163,0
-0.019379,0.00061035,0.025177,2.2757,-0.10193,0
-0.016327,-0.0030518,0.02182,1.8206,-0.11169,0
-0.012665,-0.0053406,0.010376,2.0482,-0.1181,0
-0.0080872,-0.0045776,-0.00030518,1.8206,-0.12207,0
-0.0041199,-0.0027466,-0.0028992,1.5931,-0.12543,0
-0.0019836,-0.0038147,-0.0015259,1.8206,-0.12939,0
-0.0013733,-0.0056458,0.0047302,1.5931,-0.13611,0
-0.0016785,-0.0033569,0.011292,1.5931,-0.14282,0
-0.0035095,0.00015259,0.01236,1.8206,-0.14832,0
-0.0079346,0,0.0042725,1.8206,-0.15228,0
-0.015564,0,-0.011597,2.0482,-0.1532,0
-0.023193,-0.0030518,-0.024261,1.8206,-0.15411,0
-0.024567,-0.0054932,-0.028076,2.0482,-0.15015,0
-0.021362,-0.0062561,-0.033722,2.0482,-0.14343,0
-0.015869,-0.0065613,-0.045471,1.8206,-0.1358,0
-0.0068665,-0.0064087,-0.055237,1.3655,-0.13062,0
0.0035095,-0.0062561,-0.058594,2.2757,-0.12909,0
0.0099182,-0.0045776,-0.058899,2.0482,-0.12939,0
0.0085449,-0.0038147,-0.054321,1.8206,-0.12665,0
0.0042725,-0.0016785,-0.045776,1.8206,-0.11993,0
0.0022888,0.0021362,-0.038757,1.8206,-0.11017,0
0.00076294,0.0047302,-0.032349,2.5033,-0.09552,0
-0.0018311,0.0050354,-0.023346,2.2757,-0.075684,0
-0.010529,0.0041199,-0.023346,2.5033,-0.054626,0
-0.020752,0.0036621,-0.028076,2.7309,-0.038452,0
-0.02243,0.0048828,-0.031128,1.8206,-0.030212,0
-0.015411,0.0053406,-0.024872,2.2757,-0.028992,0
-0.0045776,0.0053406,-0.016632,1.5931,-0.025024,0
0.010223,0.005188,-0.014038,2.2757,-0.010681,0
0.019531,0.0038147,-0.014038,1.1379,0.016479,0
0.020905,0.0028992,-0.010223,1.8206,0.048218,0
0.018311,0.0027466,-0.0036621,1.8206,0.071716,0
0.018005,0.0016785,0.00091553,1.8206,0.082397,0
0.016937,0.0028992,0.0036621,1.8206,0.080261,0
0.010834,0.0054932,0.0041199,1.8206,0.074768,0
0.0038147,0.0083923,-0.0053406,2.2757,0.074158,0
0.0033569,0.007782,-0.015564,2.2757,0.080261,0
0.01236,0.0038147,-0.021057,1.8206,0.092468,0
0.023956,-0.00045776,-0.025177,1.5931,0.10315,0
0.031738,-0.0035095,-0.033569,0.91037,0.10956,0
0.037994,-0.0062561,-0.044403,1.8206,0.11169,0
0.042725,-0.0093079,-0.05249,2.2757,0.11475,0
0.044556,-0.0080872,-0.051117,2.0482,0.11841,0
0.041809,-0.0067139,-0.042725,2.0482,0.12421,0
0.038147,-0.0068665,-0.0354,1.5931,0.13092,0
0.038605,-0.0083923,-0.031281,2.5033,0.13489,0
0.040131,-0.010986,-0.028534,1.3655,0.13702,0
0.041656,-0.013275,-0.029297,1.8206,0.13367,0
0.042267,-0.014648,-0.030212,1.1379,0.13031,0
0.042267,-0.012817,-0.032959,1.8206,0.12817,0
0.041046,-0.013733,-0.031586,1.8206,0.12848,0
0.036316,-0.013885,-0.025482,1.8206,0.13062,0
0.029449,-0.014191,-0.024261,2.2757,0.13184,0
0.020142,-0.016632,-0.027161,2.2757,0.12939,0
0.0036621,-0.02121,-0.02594,2.2757,0.12054,0
-0.010834,-0.019531,-0.022736,2.2757,0.11047,0
-0.020447,-0.016937,-0.016327,2.9584,0.10376,0
-0.023956,-0.013885,-0.0085449,2.2757,0.10315,0
-0.023193,-0.010376,-0.0018311,1.8206,0.10681,0
-0.023651,-0.0091553,0.0035095,2.9584,0.11139,0
-0.025177,-0.0062561,0.011292,2.5033,0.11292,0
-0.025024,-0.0019836,0.017548,2.5033,0.11139,0
-0.019989,0.0032043,0.023041,2.7309,0.10803,0
-0.012665,0.0035095,0.030212,2.9584,0.10681,0
-0.009613,0.0035095,0.03067,2.5033,0.10529,0
-0.011139,0.0047302,0.02533,2.7309,0.10437,0
-0.0082397,0.0039673,0.019836,2.5033,0.10345,0
-0.0015259,0.0054932,0.018768,2.0482,0.10345,0
0.0018311,0.0088501,0.018616,2.2757,0.10101,0
-0.00045776,0.0088501,0.0177,1.3655,0.094299,0
-0.0053406,0.010223,0.018005,1.5931,0.084229,0
-0.0076294,0.012207,0.014954,1.8206,0.070496,0
-0.0065613,0.015106,0.011444,2.5033,0.058289,0
-0.0054932,0.016785,0.014343,2.0482,0.049744,0
-0.0094604,0.017548,0.020447,1.8206,0.04425,0
-0.016632,0.017242,0.020142,1.5931,0.041504,0
-0.017242,0.014038,0.01297,2.0482,0.037537,0
-0.0093079,0.004425,-0.00091553,1.8206,0.033875,0
-0.0035095,0.00030518,-0.0177,1.8206,0.031738,0
0.0028992,0.0018311,-0.015717,1.8206,0.029907,0
0.013275,0.0036621,-0.0024414,1.5931,0.033264,0
0.018005,-0.00076294,0.0041199,2.0482,0.041199,0
0.013275,-0.0061035,0.007782,1.5931,0.049438,0
0.0054932,-0.0067139,0.013275,2.0482,0.051575,0
-0.0013733,-0.0071716,0.015717,2.0482,0.044861,0
0.00061035,-0.0093079,0.014801,1.8206,0.030212,0
0.0067139,-0.013428,0.013123,1.5931,0.012817,0
0.010529,-0.012054,0.0086975,1.8206,0.00061035,0
0.013275,-0.0093079,0.0054932,2.0482,-0.0085449,0
0.017242,-0.0059509,0.0064087,1.8206,-0.015869,0
0.022736,-0.007019,0.016479,1.3655,-0.02655,0
0.026703,-0.011749,0.027924,1.8206,-0.042114,0
0.02243,-0.010986,0.029602,1.3655,-0.058594,0
0.01709,-0.0056458,0.024109,1.8206,-0.071716,0
0.018616,-0.00091553,0.018005,2.0482,-0.078125,0
0.018921,0.0027466,0.010529,2.5033,-0.083618,0
0.014343,0.0064087,0.00091553,2.2757,-0.089111,0
0.010223,0.0082397,-0.0028992,2.2757,-0.09552,0
0.0056458,0.010223,0.0012207,2.0482,-0.098267,0
0.0024414,0.012665,0.0090027,2.2757,-0.095825,0
0.0057983,0.01709,0.017242,2.2757,-0.091553,0
0.014038,0.018463,0.026245,1.8206,-0.087585,0
0.01358,0.016479,0.033264,2.5033,-0.085754,0
0.004425,0.014648,0.03418,2.2757,-0.085754,0
-0.0030518,0.016327,0.035706,2.5033,-0.085144,0
-0.0090027,0.014801,0.036621,2.2757,-0.082703,0
-0.016937,0.0099182,0.036316,2.5033,-0.078125,0
-0.027924,0.0061035,0.037231,2.0482,-0.075989,0
-0.03891,0.0022888,0.041199,2.0482,-0.077209,0
-0.043488,0.0010681,0.042267,1.8206,-0.082397,0
-0.03479,-0.00015259,0.038452,1.5931,-0.085449,0
-0.019989,-0.0045776,0.030365,1.8206,-0.088501,0
-0.0067139,-0.0035095,0.025635,1.8206,-0.092773,0
0.0010681,0.0018311,0.026703,1.5931,-0.096436,0
0.0068665,0.0061035,0.030975,1.8206,-0.097046,0
0.014343,0.0076294,0.037079,2.2757,-0.094604,0
0.019073,0.0086975,0.033264,1.8206,-0.089111,0
0.015411,0.0094604,0.023193,1.8206,-0.086975,0
0.0039673,0.009613,0.021973,1.5931,-0.090637,0
-0.0090027,0.011749,0.026855,1.5931,-0.098877,0
-0.01709,0.012817,0.038147,1.1379,-0.10559,0
-0.031281,0.014191,0.040741,1.8206,-0.10712,0
-0.050964,0.013275,0.034943,2.5033,-0.1001,0
-0.056305,0.012207,0.031891,2.0482,-0.091858,0
-0.045776,0.0091553,0.029602,2.0482,-0.091553,0
-0.032959,0.0074768,0.028076,2.0482,-0.1004,0
-0.023499,0.009613,0.030212,1.8206,-0.11505,0
-0.016174,0.012054,0.030975,1.8206,-0.12268,0
-0.0073242,0.011902,0.031281,2.0482,-0.11841,0
0.0027466,0.0088501,0.031281,2.0482,-0.10864,0
0.0086975,0.0039673,0.031433,2.2757,-0.1001,0
0.0067139,-0.002594,0.030365,2.2757,-0.09613,0
0.0041199,-0.0056458,0.025787,2.2757,-0.097351,0
0.0050354,-0.0067139,0.021515,1.1379,-0.098572,0
0.010223,-0.0085449,0.020294,2.2757,-0.094604,0
0.022736,-0.0088501,0.015717,2.7309,-0.084534,0
0.035706,-0.0091553,0.010681,2.9584,-0.068665,0
0.036163,-0.0097656,0.007782,2.7309,-0.050354,0
0.027161,-0.0050354,0.0074768,2.5033,-0.03418,0
0.017853,0.00015259,0.010223,2.2757,-0.023193,0
0.0073242,0.0013733,0.011902,2.5033,-0.014954,0
-0.0065613,0.0024414,0.016174,1.8206,-0.0079346,0
-0.018311,0.00045776,0.020142,2.5033,0,0
-0.025635,-0.0068665,0.01297,2.7309,0.011292,0
-0.027008,-0.02121,-0.0083923,3.4135,0.025024,0
-0.023651,-0.028229,-0.035248,2.2757,0.041504,0
-0.018463,-0.026855,-0.049744,2.2757,0.054016,0
-0.010681,-0.022736,-0.041504,1.8206,0.061951,0
-0.0065613,-0.021362,-0.023651,2.0482,0.066528,0
-0.0064087,-0.020905,-0.0045776,2.2757,0.075073,0
-0.007782,-0.019073,0.018311,2.0482,0.085449,0
-0.0097656,-0.009613,0.046844,2.5033,0.099487,0
-0.020142,-0.0028992,0.061188,2.9584,0.112,0
-0.035706,-0.0030518,0.049896,2.5033,0.11932,0
-0.047455,-0.0047302,0.027466,0.91037,0.11932,0
-0.04837,-0.002594,0.018311,2.2757,0.1178,0
-0.041962,-0.0012207,0.02533,1.8206,0.11688,0
-0.028839,-0.0057983,0.02533,1.1379,0.12146,0
-0.0094604,-0.014038,0.013428,1.8206,0.13092,0
0.0048828,-0.0177,0.0061035,1.1379,0.14221,0
0.0074768,-0.018616,0.0032043,1.3655,0.15594,0
0.0083923,-0.018616,-0.0064087,2.5033,0.16785,0
0.012512,-0.019379,-0.018768,1.8206,0.17365,0
0.0177,-0.015411,-0.023193,2.2757,0.17273,0
0.017853,-0.010376,-0.020599,2.5033,0.16846,0
0.013275,-0.0071716,-0.0177,1.8206,0.16541,0
0.01236,-0.005188,-0.018616,2.0482,0.16693,0
0.01358,-0.0068665,-0.01709,1.5931,0.17242,0
0.012207,-0.012665,-0.0097656,2.2757,0.17883,0
0.007782,-0.019531,-0.0024414,2.2757,0.18402,0
0.010223,-0.023346,-0.0030518,1.5931,0.18066,0
0.017853,-0.020447,-0.0086975,2.0482,0.1709,0
0.019684,-0.018921,-0.016022,2.0482,0.159,0
0.011902,-0.016022,-0.023193,2.2757,0.14984,0
0.0027466,-0.012665,-0.020142,2.2757,0.14587,0
-0.0019836,-0.010223,-0.011139,2.9584,0.14801,0
-0.0085449,-0.0085449,0.00091553,2.9584,0.15228,0
-0.02533,-0.0053406,0.018921,2.0482,0.15533,0
-0.039978,-0.0024414,0.037994,1.8206,0.15778,0
-0.040131,-0.0022888,0.052185,1.8206,0.15625,0
-0.035553,-0.005188,0.055847,2.2757,0.15564,0
-0.033722,-0.0080872,0.051422,2.0482,0.15778,0
-0.029755,-0.0083923,0.040436,2.5033,0.16357,0
-0.026245,-0.0080872,0.027924,3.186,0.16968,0
-0.021973,-0.010376,0.02243,3.186,0.17426,0
-0.015717,-0.01297,0.015869,2.5033,0.17914,0
-0.0067139,-0.015106,-0.0045776,2.2757,0.17975,0
0.0010681,-0.019989,-0.027466,2.5033,0.17914,0
0.0035095,-0.015564,-0.035706,2.0482,0.17944,0
0.0061035,-0.0032043,-0.033875,2.5033,0.17914,0
0.0094604,0.0074768,-0.037079,2.2757,0.18188,0
0.013123,0.012207,-0.043793,2.5033,0.18677,0
0.015564,0.015106,-0.037994,2.5033,0.1944,0
0.016479,0.017395,-0.027771,2.2757,0.20508,0
0.014496,0.018768,-0.023804,2.0482,0.21606,0
0.01236,0.014343,-0.023956,2.0482,0.22491,0
0.011749,0.0071716,-0.028992,2.5033,0.23224,0
0.010681,0.0019836,-0.030518,2.0482,0.23682,0
0.0067139,-0.00076294,-0.024719,2.2757,0.24292,0
0.00030518,-0.0018311,-0.016479,2.2757,0.24872,0
-0.0039673,-0.0045776,-0.0036621,2.0482,0.25665,0
-0.0013733,-0.010376,0.0083923,1.8206,0.26337,0
0.007782,-0.016785,0.012207,1.8206,0.26703,0
0.021057,-0.020752,0.011139,1.1379,0.26794,0
0.035706,-0.022888,0.023346,1.3655,0.26428,0
0.04425,-0.021515,0.043182,1.8206,0.25726,0
0.047607,-0.011749,0.04837,1.3655,0.24963,0
0.04837,0.00030518,0.037842,2.0482,0.24414,0
0.052185,0.010529,0.027008,2.0482,0.24231,0
0.058136,0.017548,0.027618,1.1379,0.24139,0
0.058899,0.017853,0.02243,2.2757,0.23895,0
0.053711,0.014038,0.014648,2.5033,0.23376,0
0.048218,0.011139,0.017242,1.8206,0.23041,0
0.042267,0.0083923,0.025177,1.8206,0.23102,0
0.033875,0.0064087,0.029907,2.9584,0.2298,0
0.028229,0.005188,0.031281,2.0482,0.22705,0
0.025482,0.0041199,0.032959,2.2757,0.21912,0
0.027161,0.0050354,0.030823,2.5033,0.2124,0
0.033875,0.0057983,0.024719,2.2757,0.20691,0
0.039368,0.0054932,0.023193,2.5033,0.20355,0
0.031891,0.0059509,0.027466,2.7309,0.20203,0
0.0177,0.007782,0.030823,2.5033,0.20142,0
0.0088501,0.01236,0.028076,2.5033,0.20111,0
0.0019836,0.016174,0.02594,1.8206,0.20081,0
-0.01236,0.016785,0.021667,1.8206,0.19928,0
-0.028839,0.014038,0.021667,1.5931,0.19684,0
-0.031586,0.013123,0.023193,1.5931,0.19775,0
-0.027313,0.018616,0.020905,1.8206,0.2002,0
-0.027466,0.01709,0.0062561,2.7309,0.20386,0
-0.029144,0.0093079,-0.0030518,2.5033,0.20691,0
-0.030823,0.004425,0.011749,2.0482,0.21027,0
-0.03067,0.0016785,0.037384,2.5033,0.22339,0
-0.023499,-0.005188,0.042877,2.2757,0.25482,0
-0.010529,-0.01297,0.037231,1.8206,0.2832,0
-0.0028992,-0.013275,0.033417,2.0482,0.28564,0
-0.0035095,-0.009613,0.030212,2.2757,0.2536,0
-0.013428,-0.014191,0.015717,1.8206,0.20142,0
-0.022278,-0.024109,-0.0019836,2.2757,0.15137,0
-0.020905,-0.028534,-0.016022,2.0482,0.12512,0
-0.013885,-0.026398,-0.032959,1.8206,0.13,0
-0.010071,-0.027618,-0.052948,1.8206,0.1532,0
-0.010071,-0.027771,-0.066833,2.2757,0.17303,0
-0.015259,-0.023346,-0.072174,2.2757,0.16937,0
-0.024719,-0.012207,-0.068054,2.0482,0.13824,0
-0.025024,0.0053406,-0.043182,1.8206,0.090027,0
-0.0091553,0.016327,-0.0047302,2.2757,0.042419,0
0.0083923,0.018463,0.020599,2.0482,0.0048828,0
0.011749,0.018616,0.02594,1.8206,-0.014954,0
0.0048828,0.01358,0.023193,2.0482,-0.021057,0
-0.0019836,0.0054932,0.01236,2.5033,-0.010376,0
-0.0027466,-0.00045776,-0.0064087,1.8206,0.011597,0
0.00061035,-0.002594,-0.021515,2.0482,0.044556,0
0.0053406,-0.00030518,-0.029755,2.0482,0.085449,0
0.0073242,0.0019836,-0.031738,2.7309,0.12573,0
0.0041199,0.0010681,-0.029755,2.2757,0.16357,0
0.00076294,0.00030518,-0.023193,2.5033,0.19897,0
-0.0053406,0.0047302,-0.010681,2.5033,0.224,0
-0.011749,0.010071,0.004425,1.8206,0.23407,0
-0.0038147,0.010986,0.016479,2.2757,0.22827,0
0.014954,0.012512,0.020752,2.0482,0.21057,0
0.022583,0.019836,0.016022,2.2757,0.17914,0
0.015564,0.023804,0.010376,2.0482,0.13885,0
0.0086975,0.023651,0.013428,2.9584,0.093079,0
0.0097656,0.024109,0.032349,2.9584,0.049744,0
0.010071,0.021057,0.066528,1.8206,0.014648,0
-0.0032043,0.018921,0.10025,2.2757,-0.0061035,0
-0.019531,0.0177,0.11429,2.5033,-0.014648,0
-0.027161,0.016479,0.11536,1.8206,-0.015869,0
-0.029144,0.018768,0.11444,2.7309,-0.014648,0
-0.028992,0.016479,0.10773,1.8206,-0.012817,0
-0.023651,0.0082397,0.096893,2.5033,-0.014954,0
-0.015411,0.0016785,0.088654,2.2757,-0.025024,0
-0.0045776,-0.0030518,0.085449,2.0482,-0.041504,0
0.0083923,-0.0062561,0.077057,2.2757,-0.062256,0
0.024109,-0.0086975,0.072784,2.2757,-0.08606,0
0.038452,-0.011597,0.073547,1.8206,-0.11597,0
0.04715,-0.016937,0.068512,2.2757,-0.1535,0
0.050659,-0.02182,0.054626,1.8206,-0.18829,0
0.042114,-0.025177,0.045471,2.5033,-0.19257,0
0.023193,-0.023651,0.044556,1.5931,-0.15076,0
0.0074768,-0.020447,0.04364,1.3655,-0.063477,0
-0.0036621,-0.021362,0.042419,2.0482,0.066223,0
-0.016327,-0.023499,0.044556,1.8206,0.20111,0
-0.026855,-0.027313,0.041046,1.8206,0.27069,0
-0.033112,-0.029755,0.027313,2.0482,0.25879,0
-0.037537,-0.027924,0.0097656,2.0482,0.23346,0
-0.042419,-0.023193,-0.0067139,1.8206,0.24261,0
-0.046844,-0.018463,-0.021057,2.2757,0.26489,0
-0.045929,-0.011749,-0.024872,2.2757,0.28748,0
-0.034637,-0.0028992,-0.021667,2.9584,0.29297,0
-0.013733,-0.00015259,-0.016022,2.5033,0.30151,0
0.007019,0.00045776,-0.0062561,2.0482,0.3421,0
0.020447,0.0050354,0.007782,2.0482,0.36957,0
0.020599,0.0059509,0.014038,1.8206,0.33539,0
0.017242,0.0039673,0.015564,1.8206,0.24506,0
0.023193,0.0022888,0.0097656,2.0482,0.1535,0
0.037231,-0.0027466,-0.0016785,2.0482,0.084534,0
0.045776,-0.007019,-0.018463,1.8206,0.027161,0
0.041962,-0.0048828,-0.026245,2.2757,-0.0177,0
0.029297,0.0041199,-0.0035095,2.5033,-0.038757,0
0.020447,0.011444,0.021973,2.0482,-0.020447,0
0.018921,0.015411,0.029907,2.5033,0.011902,0
0.024872,0.020294,0.023956,2.7309,0.0061035,0
0.041809,0.026245,0.0177,2.2757,-0.057068,0
0.06073,0.024414,0.017242,2.0482,-0.14557,0
0.062866,0.016785,0.02243,2.2757,-0.22919,0
0.045166,0.015717,0.035858,2.0482,-0.30212,0
0.025177,0.016785,0.041962,1.8206,-0.36499,0
0.015564,0.016937,0.024414,2.7309,-0.41321,0
0.016785,0.014191,0.0091553,2.2757,-0.44159,0
0.024414,0.010223,0.005188,2.2757,-0.44586,0
0.026703,0.0054932,0.0036621,2.5033,-0.43579,0
0.015411,0.0045776,-0.007782,2.2757,-0.43793,0
-0.0032043,0.0010681,-0.02121,1.8206,-0.45502,0
-0.018158,-0.0041199,-0.027466,2.2757,-0.47668,0
-0.023956,-0.0032043,-0.027008,2.2757,-0.48248,0
-0.028687,0.0030518,-0.029907,2.0482,-0.46204,0
-0.033112,0.0082397,-0.042572,1.8206,-0.4184,0
-0.024872,0.016327,-0.054626,1.8206,-0.3653,0
-0.013123,0.026703,-0.059052,2.0482,-0.31128,0
-0.021667,0.030212,-0.056,2.5033,-0.26184,0
-0.042419,0.023956,-0.050049,2.5033,-0.23071,0
-0.054626,0.013275,-0.039062,2.0482,-0.21606,0
-0.054626,0.004425,-0.026855,2.5033,-0.2124,0
-0.052032,0.004425,-0.027161,2.2757,-0.20599,0
-0.050354,0.0050354,-0.0383,1.8206,-0.19409,0
-0.046692,0.0059509,-0.047913,1.8206,-0.17365,0
-0.036316,0.0097656,-0.039368,2.2757,-0.15076,0
-0.022278,0.011597,-0.021362,1.8206,-0.13245,0
-0.010376,0.011292,-0.010986,1.3655,-0.12054,0
-0.005188,0.012665,-0.014496,2.2757,-0.11597,0
-0.0042725,0.014191,-0.023346,2.2757,-0.11841,0
-0.0076294,0.012817,-0.02533,2.7309,-0.12756,0
-0.013733,0.0080872,-0.02121,2.2757,-0.13702,0
-0.014954,0.0071716,-0.011139,2.7309,-0.14404,0
-0.010376,0.012665,0.0067139,2.7309,-0.15015,0
-0.007782,0.013733,0.021515,2.7309,-0.15656,0
-0.0054932,0.009613,0.024414,2.2757,-0.16663,0
-0.0033569,0.0071716,0.018005,2.5033,-0.18066,0
-0.0018311,0.0073242,0.0050354,2.2757,-0.19592,0
0.00015259,0.0076294,-0.0042725,2.2757,-0.2063,0
0.0053406,0.0062561,-0.004425,2.0482,-0.21088,0
0.012054,0.0054932,-0.0045776,2.2757,-0.21332,0
0.017548,0.0041199,-0.010376,2.0482,-0.2124,0
0.021515,0.0039673,-0.015259,2.0482,-0.20599,0
0.022583,0.007019,-0.012817,1.8206,-0.19104,0
0.019989,0.0099182,-0.0076294,2.7309,-0.18433,0
0.010376,0.0065613,-0.0038147,2.9584,-0.18951,0
-0.0036621,0.00030518,-0.0035095,2.5033,-0.19623,0
-0.012817,-0.0094604,-0.01297,2.9584,-0.19775,0
-0.013733,-0.013123,-0.023041,2.5033,-0.19775,0
-0.012054,-0.010986,-0.020447,2.2757,-0.19348,0
-0.010834,-0.010376,-0.0094604,2.0482,-0.18982,0
-0.0085449,-0.0080872,0.0012207,1.8206,-0.18677,0
-0.0091553,-0.0071716,0.0094604,1.8206,-0.19257,0
-0.015564,-0.0062561,0.015717,2.0482,-0.19745,0
-0.022736,0.002594,0.023956,1.8206,-0.20416,0
-0.027466,0.012054,0.037384,1.8206,-0.21423,0
-0.033722,0.017242,0.044556,2.0482,-0.2243,0
-0.046082,0.020599,0.049286,2.0482,-0.22491,0
-0.057983,0.018005,0.053101,2.0482,-0.2179,0
-0.053253,0.010071,0.057068,1.8206,-0.21088,0
-0.029449,0.0022888,0.054016,1.8206,-0.20447,0
0.00061035,-0.0022888,0.048065,2.0482,-0.19562,0
0.017548,-0.00091553,0.043488,1.5931,-0.18768,0
0.007782,0.0056458,0.043488,1.5931,-0.18127,0
-0.018921,0.0091553,0.037689,1.8206,-0.17548,0
-0.037994,0.0035095,0.027924,2.0482,-0.16907,0
-0.036926,0.00030518,0.012207,1.8206,-0.16235,0
-0.027161,0.0042725,-0.0079346,2.0482,-0.15839,0
-0.023804,0.011749,-0.020294,2.0482,-0.15503,0
-0.021515,0.018768,-0.025787,1.8206,-0.1535,0
-0.010834,0.017548,-0.023346,2.0482,-0.15411,0
0.0073242,0.011902,-0.0097656,2.7309,-0.15869,0
0.02533,0.011749,0.0032043,3.186,-0.17212,0
0.033875,0.012817,0.0080872,2.2757,-0.19012,0
0.039368,0.010986,0.010986,2.9584,-0.20569,0
0.042267,0.00015259,0.012817,3.186,-0.21271,0
0.045319,-0.012512,0.018463,2.7309,-0.20599,0
0.041504,-0.010834,0.028534,2.7309,-0.19562,0
0.033875,-0.0013733,0.03418,2.7309,-0.18738,0
0.031128,0.00061035,0.03006,2.2757,-0.18158,0
0.032043,-0.0038147,0.021362,2.7309,-0.17853,0
0.029144,0.0024414,0.011597,2.2757,-0.17731,0
0.019226,0.014496,0.0027466,2.7309,-0.17914,0
0.0085449,0.015411,-0.0018311,3.6411,-0.18188,0
0.0042725,0.005188,0.0036621,2.2757,-0.18402,0
0.0012207,-0.0013733,0.013275,1.8206,-0.18005,0
-0.0057983,0.00015259,0.013123,2.2757,-0.17303,0
-0.016937,0.0033569,0.0076294,1.5931,-0.16907,0
-0.027161,0.00045776,0.0038147,1.8206,-0.16754,0
-0.026093,-0.0061035,-0.0035095,2.7309,-0.16418,0
-0.01709,-0.007782,-0.018921,2.0482,-0.15839,0
-0.0071716,0.0024414,-0.027466,1.3655,-0.14832,0
-0.0039673,0.0056458,-0.024109,2.2757,-0.13123,0
-0.013428,0.0059509,-0.017242,2.5033,-0.10803,0
-0.018616,0.0057983,-0.010071,2.2757,-0.079956,0
-0.01358,0.00061035,-0.004425,1.5931,-0.051575,0
-0.011292,-0.0036621,0.00030518,1.8206,-0.02594,0
-0.015869,-0.0059509,0.0038147,1.3655,-0.0094604,0
-0.021973,-0.0062561,0.0076294,1.8206,-0.0018311,0
-0.023193,-0.0067139,0.007782,1.8206,-0.0012207,0
-0.020752,-0.0056458,0.0024414,2.0482,-0.007019,0
-0.014496,-0.0019836,0.0010681,1.8206,-0.015869,0
-0.0054932,0.0048828,0.0032043,1.1379,-0.021667,0
0.0050354,0.0067139,-0.0035095,1.5931,-0.023499,0
0.019836,0.0030518,-0.010071,2.0482,-0.022278,0
0.034485,0.0019836,-0.0057983,1.8206,-0.021667,0
0.039673,0.0074768,0.0038147,2.0482,-0.024109,0
0.036621,0.0065613,0.0035095,2.0482,-0.02594,0
0.027924,-0.0082397,-0.0094604,2.0482,-0.027771,0
0.012207,-0.010986,-0.018158,1.8206,-0.032654,0
-0.0062561,0.00015259,-0.012665,1.8206,-0.040894,0
-0.018921,0.0057983,-0.011292,2.0482,-0.041809,0
-0.018158,0.0053406,-0.01358,2.0482,-0.042725,0
-0.0016785,0.0094604,-0.015259,2.2757,-0.04364,0
0.014801,0.014801,-0.016632,2.9584,-0.042725,0
0.020752,0.014038,-0.023346,2.7309,-0.038147,0
0.018616,0.013885,-0.027313,2.7309,-0.032654,0
0.01709,0.0090027,-0.038757,2.7309,-0.028381,0
0.018921,0.0045776,-0.049591,2.5033,-0.02655,0
0.015717,0.0088501,-0.051117,2.5033,-0.02533,0
0.005188,0.0061035,-0.049896,1.8206,-0.025024,0
-0.0047302,0.0041199,-0.055237,2.2757,-0.028076,0
-0.0071716,0.014496,-0.061951,2.2757,-0.031738,0
-0.005188,0.013275,-0.064392,2.2757,-0.028992,0
-0.0045776,0.0083923,-0.059204,2.7309,-0.023499,0
-0.007782,0.013275,-0.054169,2.5033,-0.015869,0
-0.012817,0.010834,-0.048523,2.5033,-0.0094604,0
-0.015869,0.0065613,-0.034637,2.2757,-0.00030518,0
-0.016327,0.0082397,-0.014954,2.2757,0.016174,0
-0.011597,0.0062561,-0.0079346,2.7309,0.039978,0
0,0.0068665,-0.0057983,2.7309,0.071106,0
0.012207,0.01236,0.00015259,1.8206,0.093079,0
0.017853,0.020752,-0.00030518,1.3655,0.099792,0
0.018616,0.025024,-0.004425,1.3655,0.1001,0
0.018005,0.023193,-0.0076294,1.8206,0.10834,0
0.01709,0.017242,-0.015259,2.7309,0.11993,0
0.018921,0.012207,-0.025177,2.2757,0.12695,0
0.019836,0.010986,-0.029297,2.2757,0.12878,0
0.013123,0.010223,-0.03006,2.5033,0.13489,0
0.0028992,0.010529,-0.03006,2.2757,0.1413,0
-0.0015259,0.0093079,-0.032196,2.0482,0.14191,0
0.0021362,0.0036621,-0.041046,2.2757,0.14069,0
0.0093079,0.0033569,-0.043182,2.2757,0.14069,0
0.018768,0.0010681,-0.045929,1.8206,0.14374,0
0.025635,-0.015564,-0.049438,2.0482,0.14465,0
0.027618,-0.027008,-0.054169,2.2757,0.14496,0
0.02182,-0.023651,-0.06012,2.0482,0.1413,0
0.015259,-0.019531,-0.05722,2.2757,0.13123,0
0.0093079,-0.02121,-0.04776,1.8206,0.12146,0
0.0016785,-0.018616,-0.032959,2.5033,0.12115,0
-0.0041199,-0.010834,-0.019226,2.0482,0.13214,0
-0.0032043,0.0013733,-0.010071,2.2757,0.14832,0
-0.00030518,0.02243,-0.0033569,2.5033,0.16876,0
0.0082397,0.041046,-0.0015259,2.5033,0.18646,0
0.010529,0.045166,-0.0086975,2.7309,0.19745,0
0.0053406,0.030823,-0.0091553,2.2757,0.19592,0
0.004425,0.0074768,0.0059509,2.5033,0.1828,0
0.0021362,-0.0088501,0.014038,2.5033,0.16785,0
-0.0035095,-0.01358,0.010223,2.2757,0.15839,0
-0.0059509,-0.0083923,0.0071716,2.5033,0.15717,0
-0.0086975,-0.0093079,-0.0027466,2.9584,0.17365,0
-0.013885,-0.015564,-0.010376,2.9584,0.20508,0
-0.011292,-0.025024,0.0032043,2.9584,0.23438,0
-0.0019836,-0.026398,0.034027,2.7309,0.25146,0
0.0010681,-0.027618,0.045013,2.5033,0.25208,0
-0.0038147,-0.029907,0.027161,2.2757,0.23438,0
-0.018616,-0.025024,0.0088501,2.2757,0.20416,0
-0.034637,-0.017548,0.004425,1.8206,0.17548,0
-0.04364,-0.0090027,0.004425,2.7309,0.15533,0
-0.05127,-0.0053406,-0.0010681,2.2757,0.14191,0
-0.059357,-0.012054,-0.0094604,1.8206,0.13702,0
-0.063171,-0.016174,-0.023804,2.2757,0.14313,0
-0.057373,-0.021973,-0.044556,1.8206,0.15533,0
-0.041809,-0.034943,-0.052795,2.7309,0.17395,0
-0.024872,-0.054321,-0.055695,2.0482,0.19531,0
-0.010681,-0.063324,-0.049133,2.0482,0.20844,0
0.00030518,-0.05127,-0.018463,1.8206,0.20905,0
0.0090027,-0.035553,0.010681,2.2757,0.20081,0
0.019989,-0.032043,0.0071716,2.5033,0.19104,0
0.025024,-0.033417,-0.010834,2.0482,0.18677,0
0.021515,-0.028076,-0.028992,2.2757,0.18799,0
0.014954,-0.020905,-0.048065,2.5033,0.19257,0
0.010529,-0.029297,-0.06134,2.2757,0.20081,0
0.0082397,-0.044556,-0.072937,2.0482,0.21118,0
0.0079346,-0.05127,-0.083008,2.0482,0.22278,0
0.011749,-0.051117,-0.073242,2.0482,0.23346,0
0.019531,-0.048828,-0.04303,1.8206,0.24139,0
0.028687,-0.047455,-0.0016785,1.8206,0.24139,0
0.03067,-0.051727,0.039215,1.8206,0.23193,0
0.020752,-0.059509,0.0737,1.8206,0.22308,0
0.010071,-0.052795,0.10254,1.5931,0.2179,0
0.0033569,-0.037537,0.11887,2.7309,0.21271,0
0.0013733,-0.030823,0.1181,2.2757,0.20966,0
0.0042725,-0.032349,0.1123,1.8206,0.21271,0
0.014038,-0.032806,0.10376,2.2757,0.21973,0
0.025482,-0.023193,0.088806,2.7309,0.22766,0
0.025635,-0.013275,0.082092,2.5033,0.2301,0
0.016479,-0.019379,0.090942,2.7309,0.22522,0
0.011902,-0.038452,0.097809,2.5033,0.21637,0
0.014343,-0.047607,0.087433,2.5033,0.20599,0
0.010834,-0.038147,0.070343,2.9584,0.1947,0
0.0041199,-0.023651,0.063629,2.5033,0.18951,0
0.0013733,-0.014343,0.070953,2.5033,0.18799,0
-0.004425,-0.01358,0.077667,2.9584,0.18585,0
-0.0076294,-0.015259,0.088501,2.5033,0.17975,0
-0.0045776,-0.01358,0.10162,2.5033,0.16754,0
-0.0024414,-0.0094604,0.10376,2.7309,0.15228,0
-0.0074768,0.00030518,0.10681,2.5033,0.13916,0
-0.014191,0.0018311,0.11597,1.8206,0.12878,0
-0.019073,-0.0013733,0.11581,2.5033,0.11749,0
-0.022736,-0.0010681,0.10849,2.0482,0.10834,0
-0.02243,0.0038147,0.10345,2.2757,0.10498,0
-0.013885,0.011139,0.099335,2.2757,0.1059,0
-0.0057983,0.023193,0.096283,2.2757,0.11108,0
0.00091553,0.028229,0.093536,2.5033,0.11108,0
0.007019,0.028076,0.094604,1.8206,0.10773,0
0.007782,0.02655,0.10574,2.0482,0.11444,0
0.005188,0.027161,0.11917,2.2757,0.13397,0
0.0047302,0.028839,0.11292,1.8206,0.15991,0
0.0041199,0.034027,0.088348,2.2757,0.18341,0
0.0012207,0.037994,0.063171,2.0482,0.19287,0
-0.0047302,0.038757,0.04303,1.8206,0.18921,0
-0.014648,0.03418,0.032654,1.8206,0.18585,0
-0.021667,0.029144,0.028992,1.5931,0.18707,0
-0.014801,0.027771,0.027161,2.2757,0.18677,0
0.0036621,0.026093,0.02533,1.5931,0.18616,0
0.023346,0.016022,0.022736,2.0482,0.1886,0
0.032349,-0.0013733,0.016785,2.0482,0.1889,0
0.026093,-0.013885,0.0030518,1.8206,0.18707,0
0.011597,-0.017395,-0.0048828,2.2757,0.18616,0
-0.00061035,-0.019531,-0.0012207,2.5033,0.18799,0
-0.0047302,-0.020447,0.00091553,3.4135,0.18646,0
0.0041199,-0.024719,-0.00045776,2.7309,0.17273,0
0.020447,-0.027313,-0.00061035,2.2757,0.15533,0
0.03479,-0.026093,0.0053406,2.2757,0.14313,0
0.041656,-0.022278,0.014343,1.8206,0.13824,0
0.040283,-0.023956,0.024109,2.7309,0.13947,0
0.030518,-0.024872,0.034637,2.0482,0.14282,0
0.015869,-0.028839,0.045624,2.2757,0.15442,0
0.0018311,-0.0354,0.04837,2.0482,0.16785,0
-0.013733,-0.036011,0.040436,2.2757,0.16998,0
-0.03006,-0.026093,0.027618,2.7309,0.1593,0
-0.034637,-0.014343,0.025482,2.5033,0.13763,0
-0.023651,-0.0042725,0.037842,3.186,0.12268,0
-0.010529,0.0018311,0.051575,2.7309,0.11627,0
-0.0035095,0.010529,0.054169,2.9584,0.11322,0
0.0032043,0.020599,0.043335,2.0482,0.1059,0
0.0056458,0.026093,0.027618,2.5033,0.10223,0
0.0039673,0.027924,0.018311,1.8206,0.10498,0
0.0027466,0.026855,0.01709,2.0482,0.11139,0
0.0027466,0.022583,0.021973,2.2757,0.11322,0
0.0028992,0.019989,0.033264,2.2757,0.10529,0
0.002594,0.015869,0.041809,1.8206,0.091248,0
0.0016785,0.0085449,0.035858,2.0482,0.065613,0
0.0016785,-0.00076294,0.019379,1.3655,0.036621,0
0.0018311,-0.0045776,0.0015259,2.2757,0.014648,0
0.0016785,-0.0053406,-0.015717,1.3655,0.0036621,0
0.0018311,-0.012512,-0.029602,1.8206,0.0024414,0
0.0018311,-0.014038,-0.03418,2.0482,0.0085449,0
0.0019836,-0.0065613,-0.029297,1.8206,0.016174,0
0.0018311,0.0019836,-0.016479,2.2757,0.021057,0
0.0018311,0.0091553,-0.0024414,2.5033,0.027466,0
0.0019836,0.0082397,0.0094604,1.8206,0.037231,0
0.0016785,0.0036621,0.020447,2.0482,0.048523,0
0.0016785,0.0033569,0.025482,2.5033,0.056458,0
0.0019836,0.007019,0.023193,2.2757,0.057373,0
0.0015259,0.010223,0.022583,2.7309,0.062256,0
0.0016785,0.0068665,0.030975,2.2757,0.079651,0
0.0019836,0.0048828,0.038605,2.2757,0.10437,0
0.0018311,0.0067139,0.037079,2.7309,0.12268,0
0.0018311,0.0067139,0.026398,2.5033,0.12604,0
0.0018311,0.0024414,0.011139,1.8206,0.11871,0
0.0019836,0.0012207,-0.0059509,2.0482,0.10345,0
0.0015259,0.0080872,-0.027618,2.0482,0.092163,0
0.0019836,0.012817,-0.042572,2.2757,0.092773,0
0.002594,0.0085449,-0.044403,2.0482,0.10529,0
0.0019836,-0.0045776,-0.0354,2.5033,0.11749,0
0.0018311,-0.0073242,-0.032806,2.2757,0.12146,0
0.0015259,-0.004425,-0.039825,2.7309,0.12238,0
0.0018311,-0.0062561,-0.047455,2.5033,0.13,0
0.0019836,-0.011292,-0.050964,2.9584,0.14008,0
0.0021362,-0.011292,-0.045319,2.7309,0.1474,0
0.0016785,-0.009613,-0.038147,2.9584,0.14709,0
0.0016785,-0.010529,-0.042572,2.2757,0.14709,0
0.0021362,-0.016022,-0.062866,2.5033,0.14984,0
0.0019836,-0.018463,-0.08606,1.8206,0.1535,0
0.0019836,-0.019073,-0.099945,2.5033,0.15411,0
0.0016785,-0.020599,-0.097961,2.0482,0.14862,0
0.0019836,-0.020599,-0.078735,2.5033,0.14008,0
0.0016785,-0.012817,-0.055542,2.2757,0.12817,0
-0.00030518,-0.0094604,-0.040131,2.5033,0.11932,0
-0.0019836,-0.0086975,-0.031128,1.3655,0.12451,0
-0.0039673,-0.0067139,-0.023499,2.0482,0.13641,0
-0.0073242,-0.0032043,-0.02121,1.8206,0.14221,0
-0.010376,-0.00045776,-0.022583,1.8206,0.14191,0
-0.012054,0.0076294,-0.026703,1.8206,0.14038,0
-0.013885,0.019836,-0.029144,1.5931,0.1416,0
-0.013885,0.029449,-0.024414,1.5931,0.13916,0
-0.010529,0.031738,-0.020294,1.8206,0.13306,0
-0.0036621,0.029449,-0.019989,3.186,0.12848,0
0.00091553,0.027466,-0.020294,2.5033,0.13611,0
0.0030518,0.022278,-0.024567,2.5033,0.15686,0
0.0028992,0.01297,-0.037079,1.8206,0.17456,0
0.0013733,0.013275,-0.047913,2.2757,0.18585,0
0.0018311,0.018921,-0.058289,2.7309,0.1886,0
0.0062561,0.026703,-0.056152,2.0482,0.19745,0
0.011292,0.035095,-0.039368,2.0482,0.20416,0
0.018005,0.037842,-0.019836,2.5033,0.19928,0
0.023346,0.035248,-0.0088501,2.2757,0.18616,0
0.021515,0.036316,-0.010986,2.9584,0.17731,0
0.018158,0.034637,-0.011597,2.2757,0.17792,0
0.016632,0.028534,0.00015259,2.2757,0.18219,0
0.016632,0.020447,0.016632,2.7309,0.18127,0
0.016632,0.013123,0.024719,2.2757,0.17822,0
0.016632,0.0067139,0.028076,2.5033,0.17487,0
0.016785,0.0065613,0.024261,3.4135,0.17578,0
0.016785,0.005188,0.016479,2.0482,0.18341,0
0.016479,0,0.014801,2.5033,0.19165,0
0.016479,-0.0057983,0.016174,2.2757,0.19623,0
0.016479,-0.0090027,0.017853,2.7309,0.2005,0
0.016632,-0.0074768,0.016479,2.5033,0.20447,0
0.016327,-0.004425,0.012665,3.186,0.20355,0
0.016479,-0.0013733,0.007782,2.7309,0.20477,0
0.016479,-0.0024414,0.0028992,2.5033,0.20905,0
0.016327,-0.0045776,-0.0021362,2.5033,0.2121,0
0.016479,-0.0067139,-0.0061035,2.0482,0.20844,0
0.016632,-0.0062561,-0.0074768,2.5033,0.21088,0
0.016327,-0.0033569,-0.015869,2.2757,0.22522,0
0.016022,-0.0016785,-0.025482,1.8206,0.242,0
0.016632,-0.00061035,-0.027618,2.0482,0.25391,0
0.016479,0.005188,-0.023956,1.8206,0.26123,0
0.016174,0.011597,-0.026855,2.5033,0.26581,0
0.0086975,0.010681,-0.033875,2.2757,0.27039,0
0.00076294,0.0056458,-0.036163,2.5033,0.27039,0
-0.00015259,0.0035095,-0.033722,2.0482,0.26672,0
-0.0015259,0.0032043,-0.024567,1.5931,0.26154,0
-0.0013733,0.0061035,-0.012665,2.0482,0.25848,0
0.00015259,0.0099182,0.0027466,1.8206,0.26215,0
0.0035095,0.0067139,0.015411,1.5931,0.26031,0
0.0032043,0.005188,0.014648,2.5033,0.25513,0
-0.002594,0.0083923,0.0035095,1.8206,0.25452,0
-0.0045776,0.0090027,-0.0054932,1.8206,0.25848,0
-0.0012207,0.0056458,-0.0056458,2.2757,0.26184,0
0.0059509,0.005188,-0.0045776,1.3655,0.25513,0
0.010529,0.0048828,-0.007782,1.8206,0.24628,0
0.0083923,0.0013733,-0.0065613,2.0482,0.24048,0
0.0064087,-0.0021362,0.00076294,2.2757,0.23651,0
0.0057983,-0.0015259,0.005188,2.2757,0.23468,0
0.0019836,0.0019836,0.0057983,2.0482,0.22949,0
-0.0032043,0.004425,0.0024414,2.7309,0.21332,0
-0.005188,0.0042725,-0.0038147,2.2757,0.2002,0
-0.0047302,0.0059509,-0.0086975,2.7309,0.19562,0
-0.0042725,0.0088501,-0.007782,2.2757,0.19745,0
-0.0071716,0.0094604,-0.0091553,2.0482,0.19165,0
-0.0083923,0.01358,-0.018463,2.0482,0.17395,0
-0.0082397,0.015869,-0.028076,2.0482,0.15503,0
-0.0057983,0.011902,-0.031738,2.5033,0.14496,0
-0.0045776,0.0083923,-0.027466,2.7309,0.13977,0
-0.0062561,0.011444,-0.024109,2.2757,0.13794,0
-0.0067139,0.01358,-0.023499,1.8206,0.13855,0
-0.00061035,0.010071,-0.024872,2.7309,0.14313,0
0.0074768,0.0094604,-0.019531,2.7309,0.14832,0
0.014801,0.013275,-0.0053406,2.7309,0.14679,0
0.01709,0.015411,0.010223,2.5033,0.14313,0
0.017853,0.01709,0.025177,2.5033,0.14313,0
0.021515,0.01709,0.037994,2.0482,0.14465,0
0.02533,0.014954,0.049744,2.0482,0.15198,0
0.026245,0.013123,0.058289,2.7309,0.16113,0
0.025482,0.012665,0.064545,2.5033,0.16693,0
0.020447,0.010834,0.063629,2.9584,0.16418,0
0.01358,0.0086975,0.059967,2.7309,0.15778,0
0.0053406,0.0079346,0.059052,2.2757,0.15289,0
-0.0083923,0.0071716,0.050659,2.5033,0.15259,0
-0.02655,0.0027466,0.034943,2.0482,0.1535,0
-0.039825,0.0012207,0.016174,2.2757,0.15381,0
-0.041962,0.0027466,0.0027466,2.0482,0.14832,0
-0.032806,0.005188,-0.0065613,1.8206,0.14221,0
-0.020142,0.0061035,-0.012207,2.2757,0.13947,0
-0.0057983,0.0024414,-0.019073,2.0482,0.13916,0
0.011749,0.00015259,-0.025177,1.5931,0.13733,0
0.022278,0.0018311,-0.030823,1.1379,0.1358,0
0.022125,0.0038147,-0.032959,2.5033,0.13397,0
0.01709,0.00091553,-0.029907,1.8206,0.13855,0
0.017395,-0.0039673,-0.02182,2.2757,0.14404,0
0.01709,-0.0059509,-0.012817,2.2757,0.15228,0
0.0061035,-0.0054932,-0.0021362,1.8206,0.16296,0
-0.0032043,-0.0073242,0.0019836,2.0482,0.17303,0
0.0016785,-0.0065613,0.0013733,2.2757,0.17731,0
0.014954,-0.0064087,-0.0036621,2.2757,0.17609,0
0.022583,-0.0059509,-0.0085449,2.0482,0.16968,0
0.020142,-0.0027466,-0.014648,2.5033,0.159,0
0.018768,-0.0010681,-0.023041,2.2757,0.15289,0
0.020447,0.0016785,-0.03067,2.7309,0.15015,0
0.021515,0.0038147,-0.031586,2.5033,0.1474,0
0.02121,0.0083923,-0.026703,2.7309,0.13947,0
0.024567,0.0080872,-0.018311,2.2757,0.12695,0
0.025482,0.0067139,-0.0048828,1.8206,0.11444,0
0.026703,0.0079346,0.0097656,2.0482,0.10834,0
0.030975,0.0093079,0.014191,2.5033,0.1001,0
0.030212,0.0086975,0.012665,2.7309,0.088806,0
0.024719,0.0086975,0.0093079,2.2757,0.076904,0
0.017242,0.0097656,0.010071,2.2757,0.068665,0
-0.00030518,0.0080872,0.010834,2.2757,0.066223,0
-0.028992,0.0038147,0.015717,1.8206,0.065002,0
-0.053406,-0.0010681,0.021057,2.2757,0.059814,0
-0.059204,-0.0053406,0.024414,2.0482,0.049133,0
-0.051422,-0.007019,0.020447,1.8206,0.034485,0
-0.042572,-0.0097656,0.015717,2.2757,0.015564,0
-0.031281,-0.016327,0.013123,2.7309,-0.0048828,0
-0.0099182,-0.018768,0.013733,2.0482,-0.024414,0
0.012665,-0.020752,0.013428,1.8206,-0.039368,0
0.027924,-0.020294,0.010376,2.5033,-0.049438,0
0.037231,-0.018158,0.0073242,1.5931,-0.059509,0
0.040283,-0.019073,0.0042725,1.8206,-0.074158,0
0.037384,-0.021362,0.0059509,1.3655,-0.09491,0
0.035706,-0.020142,0.0082397,1.8206,-0.11688,0
0.031738,-0.019073,0.0080872,2.2757,-0.1355,0
0.026855,-0.017853,0.0057983,2.5033,-0.14862,0
0.023651,-0.013885,0.0030518,1.8206,-0.15717,0
0.022736,-0.012512,-0.0047302,1.3655,-0.16327,0
0.022888,-0.01297,-0.016022,1.8206,-0.17426,0
0.021973,-0.011597,-0.024109,2.2757,-0.18738,0
0.02243,-0.009613,-0.026398,1.8206,-0.19867,0
0.025482,-0.0086975,-0.023041,1.8206,-0.20691,0
0.027161,-0.0068665,-0.011292,2.0482,-0.20691,0
0.02243,-0.0061035,0.0012207,1.5931,-0.20874,0
0.016022,-0.0042725,0.0054932,2.2757,-0.21454,0
0.016785,-0.0019836,0.0050354,1.3655,-0.21973,0
0.021362,0.0010681,0.0083923,1.8206,-0.22614,0
0.019531,0.0053406,0.019073,2.2757,-0.22827,0
0.011902,0.0042725,0.031128,2.7309,-0.2243,0
0.0045776,0.0030518,0.035553,1.1379,-0.20935,0
-0.00015259,0.0022888,0.031891,2.5033,-0.19287,0
-0.0082397,-0.00061035,0.028229,2.9584,-0.18524,0
-0.014648,-0.0013733,0.023956,2.9584,-0.18921,0
-0.017853,0.00076294,0.025482,2.5033,-0.19806,0
-0.023804,0.0042725,0.034943,2.5033,-0.21088,0
-0.028534,0.0056458,0.048065,2.2757,-0.21729,0
-0.03067,0.0068665,0.055237,2.0482,-0.21851,0
-0.036011,0.0056458,0.055389,2.0482,-0.21576,0
-0.040588,0.0033569,0.053558,2.0482,-0.20905,0
-0.03891,-0.00076294,0.050201,2.7309,-0.19867,0
-0.035858,-0.002594,0.048065,2.0482,-0.18188,0
-0.035706,0.00030518,0.042572,2.5033,-0.16174,0
-0.039825,0.0032043,0.036926,1.8206,-0.1413,0
-0.044403,0.0012207,0.029449,1.5931,-0.12482,0
-0.042419,-0.0033569,0.023651,1.8206,-0.10834,0
-0.032959,-0.0080872,0.014954,2.5033,-0.096436,0
-0.025024,-0.0088501,0.0085449,2.0482,-0.086365,0
-0.023193,-0.0088501,0.0048828,2.2757,-0.075378,0
-0.019531,-0.0076294,-0.00030518,2.2757,-0.063171,0
-0.016327,-0.0093079,-0.0085449,2.7309,-0.053101,0
-0.018768,-0.011902,-0.018158,2.7309,-0.053101,0
-0.023499,-0.012817,-0.02182,2.2757,-0.069275,0
-0.02533,-0.0083923,-0.021362,2.2757,-0.091248,0
-0.024567,-0.0053406,-0.016937,2.5033,-0.10468,0
-0.020905,-0.0039673,-0.010986,1.8206,-0.098877,0
-0.016632,-0.0041199,-0.004425,2.2757,-0.079041,0
-0.0086975,-0.0047302,0.0027466,1.8206,-0.061646,0
0.0013733,-0.0097656,0.0083923,2.0482,-0.055237,0
0.0085449,-0.014191,0.007019,2.5033,-0.061646,0
0.010376,-0.018921,0.0062561,2.9584,-0.070801,0
0.0093079,-0.020599,0.0074768,2.5033,-0.074158,0
0.011292,-0.019073,0.0042725,2.2757,-0.069275,0
0.014038,-0.0177,-0.00030518,2.0482,-0.061646,0
0.018005,-0.020905,-0.0021362,1.5931,-0.055847,0
0.020752,-0.02533,-0.0033569,1.8206,-0.049744,0
0.02182,-0.03067,-0.01236,2.0482,-0.038147,0
0.024719,-0.0354,-0.026093,1.8206,-0.028076,0
0.028687,-0.032196,-0.019684,2.2757,-0.024719,0
0.023651,-0.019989,0.020142,2.0482,-0.030823,0
0.012054,-0.0091553,0.054321,2.7309,-0.029907,0
0.0042725,-0.0035095,0.054169,1.8206,-0.018005,0
0.0048828,-0.0033569,0.03952,2.2757,0.0033569,0
0.0080872,-0.0032043,0.035095,2.7309,0.024414,0
0.0067139,0.0010681,0.042114,2.0482,0.039062,0
0.0039673,0.0028992,0.051422,2.0482,0.042725,0
0.0033569,0.0030518,0.046692,2.0482,0.036621,0
0.0050354,0.0028992,0.030823,1.8206,0.031128,0
0.0039673,0.0033569,0.020905,2.2757,0.029602,0
0.00076294,0.0028992,0.020599,1.8206,0.03418,0
0,0.00091553,0.02655,2.2757,0.044556,0
0.0013733,-0.00076294,0.027008,1.8206,0.058594,0
-0.0022888,-0.0015259,0.027924,2.7309,0.071411,0
-0.010376,-0.0021362,0.03006,2.2757,0.082703,0
-0.022125,-0.0036621,0.023956,2.2757,0.093689,0
-0.032043,-0.0064087,0.0090027,2.2757,0.098572,0
-0.036469,-0.0099182,-0.011597,2.0482,0.098572,0
-0.035553,-0.010834,-0.028687,2.2757,0.093689,0
-0.026398,-0.0085449,-0.035095,2.7309,0.089722,0
-0.010834,-0.0021362,-0.029297,2.2757,0.08728,0
0.00076294,0.0076294,-0.02121,2.2757,0.088196,0
0.0045776,0.013885,-0.016632,2.5033,0.091248,0
0.0016785,0.017395,-0.012817,2.0482,0.096741,0
0.0010681,0.020142,-0.0065613,1.8206,0.099487,0
0.0033569,0.022736,-0.0010681,1.3655,0.097046,0
0.0079346,0.027618,-0.0012207,1.3655,0.091248,0
0.0086975,0.032349,0.00045776,1.8206,0.088806,0
-0.0013733,0.033264,0.0010681,2.2757,0.08667,0
-0.01297,0.030518,0.00045776,2.0482,0.090027,0
-0.019989,0.028534,0.0033569,2.0482,0.099487,0
-0.019226,0.026245,0.014496,1.8206,0.1123,0
-0.0094604,0.025635,0.022125,1.8206,0.12482,0
0.0019836,0.022278,0.021057,1.8206,0.1358,0
0.007782,0.019226,0.011597,1.8206,0.14771,0
0.014191,0.017395,-0.0048828,1.8206,0.16113,0
0.019836,0.014954,-0.016937,2.0482,0.17517,0
0.020294,0.014191,-0.018463,2.0482,0.18433,0
0.026703,0.011749,-0.012207,2.0482,0.18311,0
0.035706,0.0099182,-0.0054932,2.7309,0.17517,0
0.036926,0.0067139,-0.005188,2.7309,0.16907,0
0.032959,0.0024414,-0.011902,3.186,0.16907,0
0.028687,-0.0061035,-0.015411,2.5033,0.17059,0
0.025787,-0.011749,-0.014648,2.2757,0.17578,0
0.02243,-0.014038,-0.017548,2.2757,0.18341,0
0.016479,-0.015717,-0.023041,2.0482,0.19653,0
0.014038,-0.016479,-0.027466,2.2757,0.21057,0
0.014801,-0.014496,-0.031586,2.7309,0.21881,0
0.014038,-0.0074768,-0.027161,2.2757,0.22186,0
0.010529,-0.0054932,-0.01297,2.7309,0.22461,0
0.0033569,-0.0065613,0.0035095,2.9584,0.22125,0
-0.0047302,-0.0021362,0.015869,2.7309,0.20966,0
-0.0080872,0.0039673,0.023956,2.7309,0.19135,0
-0.010376,0.007019,0.027466,2.2757,0.17944,0
-0.012817,0.0080872,0.021057,2.2757,0.17883,0
-0.019531,0.0083923,0.013123,2.9584,0.18433,0
-0.031433,0.0091553,0.013885,2.5033,0.18951,0
-0.040741,0.0064087,0.022278,2.2757,0.19043,0
-0.044708,0.0039673,0.025177,2.2757,0.18585,0
-0.04364,0.0036621,0.019989,2.2757,0.18585,0
-0.034943,0.004425,0.016174,1.8206,0.2002,0
-0.027466,0.0028992,0.0177,2.2757,0.21423,0
-0.023651,-0.00030518,0.016632,1.5931,0.21057,0
-0.021667,-0.0015259,0.014496,2.2757,0.19379,0
-0.020905,-0.00091553,0.017242,2.0482,0.18158,0
-0.020447,0.0016785,0.017242,2.2757,0.18005,0
-0.020142,0.0019836,0.014038,2.2757,0.1828,0
-0.01709,-0.0027466,0.010529,2.0482,0.18158,0
-0.011902,-0.0065613,0.0032043,1.8206,0.18127,0
-0.0086975,-0.0083923,-0.0076294,1.1379,0.18677,0
-0.0048828,-0.014343,-0.018311,1.8206,0.19684,0
0.0024414,-0.019226,-0.023956,2.0482,0.20538,0
0.012665,-0.020752,-0.025177,1.3655,0.20844,0
0.027466,-0.018921,-0.018768,1.8206,0.21057,0
0.041046,-0.016327,-0.0091553,2.5033,0.21362,0
0.043335,-0.01236,-0.0030518,2.2757,0.2179,0
0.041809,-0.010071,-0.0038147,1.8206,0.22247,0
0.035248,-0.010986,-0.0073242,1.8206,0.23102,0
0.019684,-0.012207,-0.0082397,2.5033,0.24384,0
0.0076294,-0.015717,-0.0085449,1.5931,0.2533,0
0.0048828,-0.014191,-0.010376,1.8206,0.26062,0
0.0010681,-0.010223,-0.011749,2.2757,0.26184,0
0.0032043,-0.007782,-0.0036621,2.0482,0.26367,0
0.0064087,-0.0079346,0.010071,2.2757,0.27252,0
0.0028992,-0.0090027,0.021667,1.8206,0.28229,0
0.0053406,-0.010529,0.024872,2.0482,0.28137,0
0.018616,-0.0097656,0.02121,1.8206,0.27618,0
0.036163,-0.0085449,0.010071,2.2757,0.27679,0
0.055084,-0.0080872,-0.0039673,2.7309,0.28473,0
0.059052,-0.0097656,-0.010071,2.5033,0.28656,0
0.034637,-0.0079346,-0.010529,2.0482,0.27618,0
0.0016785,-0.0018311,-0.0085449,2.5033,0.26123,0
-0.020447,0,-0.007019,2.0482,0.24506,0
-0.028076,-0.00045776,-0.0082397,2.0482,0.23163,0
-0.027161,-0.0015259,-0.0057983,1.8206,0.22308,0
-0.021362,-0.0015259,0.00045776,2.2757,0.21332,0
-0.007782,0.00045776,0.0091553,2.2757,0.20355,0
0.0032043,-0.00015259,0.013428,2.2757,0.19958,0
0.0059509,-0.0028992,0.007782,2.7309,0.20325,0
0.0067139,-0.0041199,-0.0068665,2.5033,0.20569,0
0.0064087,-0.0041199,-0.016785,2.0482,0.20386,0
0.012665,-0.004425,-0.019989,1.8206,0.2005,0
0.023193,-0.0039673,-0.020142,1.8206,0.20203,0
0.031586,-0.0030518,-0.017548,1.5931,0.20477,0
0.034485,0.0015259,-0.0086975,2.0482,0.19714,0
0.032043,-0.0018311,-0.014038,2.0482,0.18433,0
0.027008,-0.0030518,-0.016785,1.8206,0.17242,0
0.021362,-0.00061035,-0.0097656,1.5931,0.17395,0
0.02121,0.0054932,0,1.8206,0.18433,0
0.02533,0.007019,0.0099182,2.0482,0.19501,0
0.025177,0.007019,0.018616,2.5033,0.19897,0
0.020599,0.0079346,0.029449,1.1379,0.19806,0
0.018463,0.0094604,0.040894,1.5931,0.19684,0
0.023956,0.0090027,0.046692,2.0482,0.19592,0
0.031281,0.0082397,0.048218,2.0482,0.18463,0
0.033264,0.0080872,0.048065,2.2757,0.15961,0
0.028229,0.0082397,0.048065,2.2757,0.13916,0
0.019379,0.0080872,0.04837,2.0482,0.12695,0
0.0071716,0.0080872,0.048828,2.2757,0.12024,0
-0.004425,0.0082397,0.04837,2.0482,0.11536,0
-0.014191,0.0085449,0.048218,1.8206,0.11383,0
-0.017853,0.010376,0.048065,2.5033,0.11871,0
-0.020142,0.014038,0.045929,2.2757,0.12146,0
-0.021515,0.015869,0.041809,2.2757,0.11688,0
-0.021667,0.019226,0.034332,2.0482,0.10559,0
-0.021515,0.021667,0.021667,2.0482,0.10742,0
-0.02243,0.022125,-0.00076294,2.2757,0.1236,0
-0.020447,0.02594,-0.023193,2.0482,0.13672,0
-0.018463,0.028839,-0.02655,2.0482,0.1355,0
-0.019379,0.035553,-0.014191,2.7309,0.13367,0
-0.021515,0.039978,-0.0021362,2.7309,0.1355,0
-0.021667,0.038147,-0.0032043,2.7309,0.13824,0
-0.023651,0.026093,-0.018921,2.2757,0.13885,0
-0.028687,0.015259,-0.044403,2.7309,0.1355,0
-0.031128,0.012817,-0.065155,2.2757,0.13153,0
-0.028381,0.014191,-0.078125,1.8206,0.12848,0
-0.018158,0.019379,-0.084991,2.2757,0.12604,0
-0.0062561,0.019531,-0.081787,2.5033,0.11566,0
0.0012207,0.013123,-0.075531,2.0482,0.11169,0
0.00091553,0.010071,-0.077209,2.2757,0.11108,0
-0.0038147,0.010223,-0.091248,2.2757,0.11414,0
-0.010071,0.0053406,-0.11795,2.0482,0.11566,0
-0.010223,-0.00045776,-0.14343,2.0482,0.11475,0
-0.0018311,-0.0032043,-0.16571,2.5033,0.10529,0
0.0036621,-0.002594,-0.19058,2.0482,0.090942,0
0.0013733,0.0028992,-0.22766,2.2757,0.075684,0
-0.0027466,0.0056458,-0.27023,2.0482,0.059814,0
-0.0035095,0.0019836,-0.29648,1.1379,0.045166,0
-0.0030518,0.00061035,-0.30258,1.3655,0.032043,0
-0.0057983,0.0033569,-0.30014,2.0482,0.020752,0
-0.015259,0.0018311,-0.30655,1.8206,0.013123,0
-0.023651,-0.0041199,-0.31693,1.5931,0.0079346,0
-0.023499,-0.0076294,-0.32822,1.8206,0.0088501,0
-0.019379,-0.0068665,-0.3421,2.2757,0.011292,0
-0.014496,-0.0053406,-0.35294,2.2757,0.0042725,0
-0.01709,-0.0082397,-0.35995,1.8206,-0.0067139,0
-0.011139,-0.0094604,-0.36453,2.5033,-0.016785,0
0.012054,-0.0054932,-0.36835,1.8206,-0.023499,0
0.027924,-0.0028992,-0.37537,1.8206,-0.02533,0
0.030212,-0.0035095,-0.39459,2.0482,-0.022583,0
0.026245,-0.0030518,-0.42465,2.2757,-0.019836,0
0.021515,0.0016785,-0.44708,2.2757,-0.01709,0
0.014648,0.0065613,-0.45364,2.5033,-0.020752,0
0.00076294,0.0083923,-0.46326,2.7309,-0.036316,0
-0.0093079,0.0047302,-0.47729,2.5033,-0.057068,0
-0.0094604,0.002594,-0.49347,2.2757,-0.070801,0
0.0013733,0.00061035,-0.50613,1.8206,-0.073853,0
0.017395,0.0030518,-0.5191,1.8206,-0.069275,0
0.027161,0.0019836,-0.522,2.2757,-0.06134,0
0.032654,0.0061035,-0.5072,2.7309,-0.046997,0
0.034332,0.021515,-0.49133,2.5033,-0.031738,0
0.035858,0.020752,-0.48843,2.0482,-0.019836,0
0.036621,0.0097656,-0.48645,2.5033,-0.016785,0
0.029297,0.0047302,-0.47699,1.5931,-0.024414,0
0.018311,-0.0083923,-0.46585,1.8206,-0.036011,0
0.016327,-0.028076,-0.4483,2.2757,-0.042114,0
0.014343,-0.034485,-0.41458,1.8206,-0.040588,0
0.004425,-0.032806,-0.35782,1.5931,-0.037842,0
-0.0059509,-0.032501,-0.28778,2.0482,-0.033875,0
-0.014496,-0.036011,-0.21088,1.3655,-0.025635,0
-0.02182,-0.035706,-0.12634,1.3655,-0.021057,0
-0.024414,-0.033112,-0.037079,1.8206,-0.021057,0
-0.018311,-0.035095,0.047913,1.8206,-0.025635,0
-0.010223,-0.041351,0.14236,2.9584,-0.028687,0
-0.0064087,-0.037842,0.26566,2.5033,-0.028381,0
-0.007782,-0.027618,0.39459,1.8206,-0.02655,0
-0.0086975,-0.022583,0.49088,1.8206,-0.032043,0
-0.0064087,-0.021973,0.55481,2.2757,-0.045166,0
-0.0024414,-0.023804,0.61554,1.8206,-0.050964,0
-0.0013733,-0.021057,0.6839,1.5931,-0.050049,0
-0.0024414,-0.016022,0.75562,1.8206,-0.048218,0
0.0018311,-0.013733,0.82657,1.8206,-0.048218,0
0.012512,-0.011139,0.89111,1.3655,-0.053406,0
0.021362,-0.0071716,0.94482,1.8206,-0.061035,0
0.023499,-0.0033569,0.99014,1.8206,-0.070801,0
0.01709,-0.0035095,1.0349,1.8206,-0.076294,0
0.010986,-0.0039673,1.0744,2.2757,-0.079041,0
0.012512,-0.0039673,1.115,2.2757,-0.082703,0
0.015717,-0.0042725,1.1545,2.0482,-0.085754,0
0.012207,-0.0039673,1.1806,2.0482,-0.083008,0
0.0032043,-0.0028992,1.1923,1.8206,-0.075378,0
-0.0032043,-0.004425,1.2012,2.2757,-0.06897,0
-0.0053406,-0.0073242,1.2141,2.5033,-0.065613,0
-0.0054932,-0.0062561,1.2273,2.2757,-0.06073,0
-0.005188,-0.0030518,1.2283,2.5033,-0.062256,0
-0.0053406,-0.00015259,1.2111,2.0482,-0.070801,0
-0.0056458,0.0013733,1.1897,3.186,-0.080872,0
-0.0053406,0.0036621,1.1685,2.7309,-0.081787,0
-0.005188,0.0032043,1.1435,2.7309,-0.079346,0
-0.005188,0.00061035,1.1131,2.7309,-0.081482,0
-0.0054932,0.002594,1.0869,1.8206,-0.088806,0
-0.005188,0.0057983,1.0521,2.2757,-0.095825,0
-0.0053406,0.0061035,1.0089,2.7309,-0.10406,0
-0.0056458,0.0059509,0.96725,2.2757,-0.10925,0
-0.0053406,0.0080872,0.92728,2.2757,-0.11627,0
-0.0053406,0.01236,0.87036,2.2757,-0.1239,0
-0.005188,0.0177,0.80261,2.9584,-0.13092,0
-0.0056458,0.018311,0.74097,2.0482,-0.13397,0
-0.0053406,0.017242,0.68665,2.9584,-0.13733,0
-0.0053406,0.013885,0.6189,2.5033,-0.15228,0
-0.0056458,0.011444,0.53787,2.5033,-0.16876,0
-0.0053406,0.010529,0.45746,2.0482,-0.18158,0
-0.0054932,0.010834,0.3775,2.5033,-0.18738,0
-0.0056458,0.011444,0.30396,2.0482,-0.1889,0
-0.0053406,0.010529,0.23102,2.0482,-0.19531,0
-0.0053406,0.0079346,0.16022,2.5033,-0.20386,0
-0.005188,0.004425,0.10025,2.2757,-0.20935,0
-0.0053406,0.0038147,0.045166,2.2757,-0.2121,0
-0.0056458,0.0059509,-0.0042725,2.9584,-0.20782,0
-0.0059509,0.0030518,-0.058441,2.5033,-0.20081,0
-0.0053406,-0.0038147,-0.11612,2.5033,-0.19104,0
-0.0056458,-0.0054932,-0.17044,2.0482,-0.18311,0
-0.0056458,-0.0035095,-0.21454,1.5931,-0.1767,0
-0.0053406,-0.0038147,-0.25223,1.5931,-0.17059,0
-0.0056458,-0.0047302,-0.289,2.5033,-0.16724,0
-0.0054932,-0.004425,-0.32654,2.5033,-0.16876,0
-0.0056458,-0.00030518,-0.35873,2.0482,-0.16937,0
-0.005188,0.0035095,-0.38193,2.2757,-0.16205,0
-0.0054932,0.0030518,-0.40649,2.2757,-0.1532,0
-0.0057983,0.0013733,-0.44235,2.5033,-0.15289,0
-0.0053406,0.0016785,-0.48462,2.7309,-0.16357,0
-0.0054932,0.0065613,-0.52811,2.2757,-0.17181,0
-0.0053406,0.0093079,-0.56534,2.9584,-0.16327,0
-0.0053406,0.0090027,-0.58105,2.2757,-0.13397,0
-0.0056458,0.010376,-0.58456,2.9584,-0.096741,0
-0.0056458,0.01236,-0.59158,3.186,-0.064697,0
-0.0053406,0.012207,-0.59982,2.5033,-0.046387,0
-0.0012207,0.011139,-0.59418,2.7309,-0.045166,0
0.0010681,0.009613,-0.57999,3.186,-0.052185,0
-0.0010681,0.0041199,-0.5661,2.2757,-0.058289,0
-0.0036621,-0.0022888,-0.55725,2.9584,-0.062561,0
-0.0099182,-0.0076294,-0.55847,2.7309,-0.065613,0
-0.018005,-0.015259,-0.56732,2.5033,-0.068054,0
-0.019531,-0.016174,-0.5545,2.5033,-0.068665,0
-0.015411,-0.007782,-0.51956,2.9584,-0.065002,0
-0.01358,-0.0019836,-0.48752,2.2757,-0.060425,0
-0.012817,0.0021362,-0.46036,2.2757,-0.059509,0
-0.014038,0.005188,-0.43701,2.5033,-0.06012,0
-0.015411,0.007019,-0.42145,2.2757,-0.056763,0
-0.011444,0.0076294,-0.41626,2.7309,-0.045471,0
-0.0048828,0.0061035,-0.41977,3.186,-0.027161,0
0.0013733,0.0057983,-0.41733,2.9584,-0.010376,0
0.0056458,0.0057983,-0.40268,2.7309,-0.0021362,0
0.0073242,0.0082397,-0.37445,2.2757,0.0018311,0
0.010834,0.0094604,-0.34698,2.5033,0.0030518,0
0.014343,0.0074768,-0.327,2.7309,0.0024414,0
0.015106,0.002594,-0.31052,2.7309,0.00030518,0
0.013123,-0.00030518,-0.2948,1.8206,0.00091553,0
0.013885,-0.0013733,-0.28275,1.8206,0.013733,0
0.014954,-0.0024414,-0.27496,2.0482,0.038452,0
0.012512,-0.0059509,-0.27695,1.8206,0.062561,0
0.010681,-0.010071,-0.28717,1.5931,0.074463,0
0.0093079,-0.011292,-0.29633,1.8206,0.075378,0
0.0065613,-0.011749,-0.3038,2.0482,0.074463,0
0.002594,-0.013275,-0.31525,1.5931,0.077515,0
-0.00091553,-0.011749,-0.31769,2.2757,0.081177,0
-0.0036621,-0.0083923,-0.29922,1.3655,0.084839,0
-0.0048828,-0.0039673,-0.26566,1.8206,0.092163,0
-0.0056458,-0.0047302,-0.22949,2.5033,0.10254,0
-0.0057983,-0.010834,-0.20111,1.8206,0.11169,0
-0.0056458,-0.018768,-0.18112,2.7309,0.12054,0
-0.0056458,-0.020599,-0.17395,2.2757,0.13153,0
-0.0057983,-0.021362,-0.17227,2.2757,0.14923,0
-0.0056458,-0.02121,-0.17258,2.0482,0.16693,0
-0.0054932,-0.021515,-0.17227,2.2757,0.18311,0
-0.0056458,-0.02121,-0.17242,2.2757,0.19348,0
-0.0054932,-0.020447,-0.16083,3.186,0.19836,0
-0.0054932,-0.016479,-0.11642,2.7309,0.19379,0
-0.004425,-0.0094604,-0.087433,2.5033,0.18402,0
0.0013733,0.00030518,-0.076447,2.5033,0.16937,0
0.0083923,0.0064087,-0.080872,2.0482,0.15869,0
0.0071716,0.0090027,-0.086212,2.0482,0.15839,0
-0.0047302,0.012054,-0.084839,1.8206,0.1712,0
-0.019531,0.013733,-0.077972,2.2757,0.1886,0
-0.029907,0.010986,-0.075226,2.5033,0.20355,0
-0.032959,0.007019,-0.074921,2.2757,0.21545,0
-0.024872,0.0068665,-0.075684,2.7309,0.22339,0
-0.010681,0.0085449,-0.073242,2.9584,0.22461,0
-0.0018311,0.0057983,-0.065613,2.5033,0.22003,0
0.0013733,0.0021362,-0.065002,2.5033,0.2124,0
0.0016785,-0.00015259,-0.074768,2.2757,0.19836,0
0.0018311,-0.0059509,-0.077362,2.2757,0.18311,0
0.00015259,-0.012665,-0.06897,2.0482,0.17273,0
-0.005188,-0.01236,-0.057526,1.8206,0.17151,0
-0.0080872,-0.012054,-0.047607,1.3655,0.18433,0
-0.011292,-0.014191,-0.044403,2.2757,0.20233,0
-0.016174,-0.018768,-0.049591,2.0482,0.21393,0
-0.018158,-0.02121,-0.054626,2.2757,0.21515,0
-0.015717,-0.022736,-0.04425,2.5033,0.21088,0
-0.013428,-0.022583,-0.022278,1.3655,0.20508,0
-0.012054,-0.017395,-0.0045776,1.3655,0.19958,0
-0.010834,-0.012665,0.0027466,1.5931,0.20172,0
-0.009613,-0.0099182,0.0032043,1.8206,0.20844,0
-0.0071716,-0.010834,-0.0048828,2.2757,0.2182,0
-0.0068665,-0.012207,-0.017548,1.8206,0.22858,0
-0.0054932,-0.0085449,-0.028839,2.0482,0.23468,0
-0.0036621,-0.0018311,-0.030518,2.2757,0.23651,0
-0.0010681,0.00045776,-0.030365,2.0482,0.23102,0
0.0032043,0.00091553,-0.030365,2.7309,0.22461,0
0.0039673,0.00091553,-0.03006,2.9584,0.2243,0
0.0054932,0.00045776,-0.03006,2.7309,0.2356,0
0.012054,0.00076294,-0.029907,2.5033,0.24811,0
0.018463,0.00091553,-0.030365,2.2757,0.25269,0
0.013885,0.00045776,-0.029602,2.0482,0.24658,0
0.0038147,0.00061035,-0.03006,2.5033,0.242,0
-0.0010681,0.00076294,-0.03006,2.2757,0.24384,0
-0.0059509,0.00076294,-0.029907,2.5033,0.24414,0
-0.011139,0.00061035,-0.029755,2.9584,0.23865,0
-0.014343,0.00045776,-0.03006,2.5033,0.23315,0
-0.016785,0.00091553,-0.018005,3.186,0.23438,0
-0.024719,0.0010681,0.019684,2.7309,0.23346,0
-0.028381,-0.0042725,0.019379,3.186,0.22339,0
-0.023804,-0.0088501,0.016479,2.9584,0.20233,0
-0.014191,-0.014038,0.016785,2.2757,0.1828,0
0.0024414,-0.015259,0.012665,2.2757,0.17059,0
0.022125,-0.013428,0.0059509,2.0482,0.15594,0
0.03006,-0.015259,-0.0090027,1.8206,0.13153,0
0.025635,-0.016174,-0.030212,1.5931,0.099487,0
0.021667,-0.018005,-0.04425,2.5033,0.080261,0
0.02243,-0.016632,-0.041046,2.0482,0.082092,0
0.023956,-0.009613,-0.029907,2.0482,0.092468,0
0.023041,-0.0047302,-0.021667,2.5033,0.09552,0
0.016632,-0.0022888,-0.013428,1.8206,0.08728,0
0.007019,-0.0019836,-0.0042725,2.0482,0.076294,0
0.0021362,-0.0022888,0.0016785,2.5033,0.065613,0
0.0045776,0.0027466,0.0094604,2.2757,0.054016,0
0.0080872,0.010681,0.025787,2.2757,0.038452,0
0.0071716,0.013733,0.04364,1.8206,0.019531,0
0.0059509,0.012207,0.059357,1.8206,0.0033569,0
0.0073242,0.01236,0.073853,1.8206,-0.0033569,0
0.010681,0.012665,0.082703,1.8206,-0.0042725,0
0.014191,0.01297,0.083008,2.0482,-0.0021362,0
0.013275,0.012665,0.08194,1.8206,0.0073242,0
0.0062561,0.010834,0.086212,1.8206,0.02655,0
0.0010681,0.0090027,0.087891,1.8206,0.048828,0
-0.0035095,0.0088501,0.086823,2.0482,0.063477,0
-0.0079346,0.010071,0.089417,1.3655,0.068054,0
-0.005188,0.010071,0.093079,1.8206,0.066528,0
0.0038147,0.0091553,0.095367,2.0482,0.068665,0
0.014038,0.010681,0.098724,1.8206,0.07782,0
0.019989,0.014191,0.10101,2.0482,0.086365,0
0.016174,0.0177,0.10101,2.5033,0.097351,0
0.0082397,0.018005,0.097656,2.7309,0.11383,0
0.0050354,0.013733,0.098419,2.0482,0.13214,0
0.0032043,0.012817,0.10315,2.0482,0.14679,0
-0.0013733,0.013733,0.10773,2.2757,0.15839,0
-0.0035095,0.010529,0.099792,2.9584,0.16998,0
-0.0030518,0.0062561,0.082397,2.5033,0.18585,0
-0.00091553,0.0045776,0.065155,2.7309,0.20477,0
0.0041199,0.0016785,0.053406,2.2757,0.21912,0
0.013123,0.00030518,0.050812,2.0482,0.22766,0
0.019531,-0.0019836,0.056,2.5033,0.2359,0
0.02243,-0.0047302,0.057831,2.0482,0.24323,0
0.02655,-0.0035095,0.046692,2.7309,0.2475,0
0.027924,-0.0010681,0.032196,2.7309,0.25574,0
0.021057,-0.0019836,0.022125,2.5033,0.26581,0
0.013123,-0.0057983,0.011749,2.2757,0.27618,0
0.0088501,-0.0097656,0.0033569,2.9584,0.28137,0
0.0042725,-0.011444,0.010681,2.5033,0.28198,0
-0.00030518,-0.010376,0.031738,1.8206,0.27405,0
-0.0015259,-0.0056458,0.058899,2.2757,0.2594,0
0.0012207,-0.0027466,0.080719,2.2757,0.24475,0
0.0016785,0.0036621,0.079498,2.7309,0.23407,0
-0.00076294,0.0090027,0.062561,2.5033,0.23132,0
-0.0013733,0.010223,0.050201,1.8206,0.23102,0
0.0012207,0.010834,0.042419,2.2757,0.224,0
0.0094604,0.010376,0.029297,2.9584,0.21271,0
0.019684,0.0088501,0.017242,1.8206,0.20508,0
0.021057,0.011444,0.020905,2.2757,0.20874,0
0.011749,0.018921,0.035858,1.8206,0.22064,0
0.0021362,0.02533,0.048981,2.5033,0.22797,0
0.0019836,0.026093,0.056458,2.2757,0.22705,0
0.0019836,0.022736,0.060425,2.5033,0.22095,0
0.0015259,0.021057,0.064545,2.2757,0.2121,0
0.0033569,0.019531,0.065308,2.2757,0.19684,0
0.0068665,0.01358,0.057831,2.2757,0.18005,0
0.007782,0.0074768,0.041962,2.2757,0.16815,0
0.0057983,0.0032043,0.024719,2.2757,0.17151,0
0.0038147,0.0047302,0.01236,2.2757,0.18707,0
0.0013733,0.0053406,0.005188,2.2757,0.19775,0
-0.0018311,0.0042725,0.0048828,2.5033,0.1944,0
-0.0074768,0.005188,0.0053406,1.8206,0.17731,0
-0.014496,0.0050354,-0.0021362,2.5033,0.159,0
-0.020294,0.00030518,-0.013733,2.9584,0.14587,0
-0.022278,-0.0061035,-0.015564,2.7309,0.14252,0
-0.020752,-0.0073242,-0.0086975,2.5033,0.14984,0
-0.016632,-0.0041199,0.0013733,2.2757,0.16174,0
-0.011292,-0.0047302,0.010986,2.2757,0.16907,0
-0.012665,-0.009613,0.015411,1.8206,0.17029,0
-0.020142,-0.012207,0.010071,2.5033,0.16663,0
-0.02182,-0.011597,0.0050354,2.7309,0.159,0
-0.018158,-0.0094604,0.01358,2.7309,0.14435,0
-0.016785,-0.0090027,0.030823,2.5033,0.13245,0
-0.014343,-0.0099182,0.042114,2.7309,0.12604,0
-0.014496,-0.014191,0.040283,2.7309,0.12024,0
-0.016785,-0.015411,0.031891,2.5033,0.11536,0
-0.017853,-0.013733,0.026855,2.9584,0.11414,0
-0.017853,-0.010681,0.027924,2.2757,0.11383,0
-0.018158,-0.011749,0.027466,2.7309,0.10895,0
-0.0177,-0.016937,0.023041,2.7309,0.10376,0
-0.017853,-0.020752,0.018311,1.8206,0.10498,0
-0.017853,-0.024109,0.01709,2.0482,0.10773,0
-0.018005,-0.026093,0.018005,2.0482,0.10773,0
-0.0177,-0.022583,0.024567,2.0482,0.10925,0
-0.017853,-0.017395,0.029907,1.8206,0.11536,0
-0.018005,-0.014648,0.032349,2.2757,0.11749,0
-0.018005,-0.014191,0.027618,1.5931,0.11292,0
-0.017853,-0.015411,0.011444,2.2757,0.1059,0
-0.017853,-0.012207,0.010834,1.5931,0.10162,0
-0.0177,-0.0048828,0.047455,1.8206,0.10345,0
-0.018005,-0.0022888,0.077972,2.2757,0.10925,0
-0.018005,-0.0012207,0.072632,2.2757,0.11383,0
-0.0177,0.0018311,0.046692,1.3655,0.11749,0
-0.017395,0.0019836,0.021057,2.0482,0.12054,0
-0.0177,0.00030518,-0.0012207,2.0482,0.12177,0
-0.017853,0.00015259,-0.022888,2.0482,0.11414,0
-0.017395,-0.0012207,-0.037842,2.7309,0.10284,0
-0.018005,-0.0028992,-0.043335,2.2757,0.090332,0
-0.018158,-0.004425,-0.041962,2.5033,0.079956,0
-0.018005,-0.014954,-0.042877,2.7309,0.071106,0
-0.0177,-0.02655,-0.04425,2.2757,0.067749,0
-0.018005,-0.021973,-0.037079,2.5033,0.076904,0
-0.0177,-0.0062561,-0.023804,2.7309,0.087585,0
-0.0177,-0.00015259,-0.014801,2.7309,0.094299,0
-0.0177,0.00061035,-0.0024414,2.7309,0.092468,0
-0.0177,0.0013733,0.014191,3.186,0.084839,0
-0.0177,0.0027466,0.02533,2.7309,0.077515,0
-0.0177,0.0054932,0.022125,2.9584,0.074158,0
-0.017853,0.0088501,0.0080872,2.9584,0.075989,0
-0.018005,0.010986,0.0028992,3.186,0.077515,0
-0.0177,0.013885,0.020905,2.9584,0.073242,0
-0.018005,0.016022,0.04837,2.7309,0.065918,0
-0.017853,0.019379,0.066071,2.5033,0.054932,0
-0.017853,0.022125,0.071259,2.7309,0.042114,0
-0.0177,0.02243,0.067291,2.5033,0.027771,0
-0.018005,0.023041,0.054932,2.7309,0.013123,0
-0.018005,0.021973,0.039215,1.8206,0.00030518,0
-0.0177,0.018463,0.028687,2.5033,-0.010071,0
-0.017853,0.016632,0.027466,2.5033,-0.0177,0
-0.017548,0.016632,0.030365,2.5033,-0.025024,0
-0.017853,0.015869,0.033417,2.2757,-0.033569,0
-0.017548,0.015717,0.032501,2.9584,-0.045166,0
-0.017853,0.015259,0.031433,2.9584,-0.056763,0
-0.0177,0.015717,0.029907,2.2757,-0.065308,0
-0.017853,0.0177,0.024414,2.5033,-0.065613,0
-0.011749,0.019073,0.016785,2.5033,-0.057678,0
-0.0030518,0.018463,0.0080872,2.5033,-0.046082,0
-0.0012207,0.017395,-0.0047302,2.2757,-0.028687,0
-0.00091553,0.016327,-0.015564,1.8206,-0.016479,0
-0.00061035,0.015717,-0.015259,2.0482,-0.011902,0
-0.0015259,0.016785,-0.010376,2.2757,-0.0177,0
-0.0028992,0.015564,-0.0068665,2.5033,-0.032349,0
-0.0021362,0.011597,-0.0071716,2.5033,-0.053101,0
0.0010681,0.0088501,-0.012817,2.0482,-0.073853,0
0.0064087,0.007782,-0.016785,2.2757,-0.087891,0
0.010681,0.0061035,-0.018768,2.0482,-0.097656,0
0.011749,0.0059509,-0.016937,1.8206,-0.10193,0
0.010681,0.004425,-0.013733,2.5033,-0.099182,0
0.010681,-0.00015259,-0.018005,2.2757,-0.090027,0
0.010834,-0.0033569,-0.027618,2.2757,-0.07782,0
0.0083923,-0.0036621,-0.029449,2.2757,-0.067749,0
0.0032043,-0.0042725,-0.02121,2.9584,-0.061035,0
-0.0018311,-0.0047302,-0.016174,2.7309,-0.06134,0
-0.0024414,0.00015259,-0.016327,2.5033,-0.063171,0
0.0036621,-0.0013733,-0.011902,3.186,-0.065613,0
0.011444,-0.0027466,-0.0039673,2.7309,-0.06897,0
0.014801,-0.0032043,-0.00030518,2.7309,-0.068359,0
0.011139,-0.0071716,-0.0019836,2.9584,-0.056763,0
0.0015259,-0.010834,-0.0054932,2.7309,-0.040283,0
-0.0074768,-0.011444,-0.010834,2.2757,-0.032043,0
-0.010681,-0.011292,-0.01297,2.5033,-0.030823,0
-0.0067139,-0.010834,-0.007019,2.7309,-0.031738,0
-0.00015259,-0.0076294,0.0053406,2.2757,-0.033569,0
0.0030518,-0.0038147,0.015106,2.5033,-0.034485,0
0.0073242,0.0016785,0.020905,2.2757,-0.036316,0
0.011597,0.0056458,0.024872,2.7309,-0.037842,0
0.0097656,0.0019836,0.023956,2.7309,-0.043335,0
0.0028992,-0.0021362,0.017853,2.9584,-0.05188,0
-0.0038147,-0.0016785,0.016785,2.7309,-0.061951,0
-0.0059509,-0.00076294,0.022583,2.5033,-0.069885,0
-0.0028992,-0.00091553,0.02182,2.7309,-0.073853,0
0.00091553,0.00015259,0.013733,2.0482,-0.070801,0
0.00076294,0.00091553,0.0048828,2.2757,-0.062866,0
0.00091553,0.004425,-0.0038147,2.0482,-0.058289,0
0.0047302,0.0054932,-0.012054,2.5033,-0.055237,0
0.0079346,0.0045776,-0.014038,2.0482,-0.050659,0
0.0071716,0.00045776,-0.013428,2.2757,-0.04303,0
0.0042725,-0.0016785,-0.013428,1.5931,-0.032654,0
0.0035095,-0.0041199,-0.014038,1.8206,-0.013428,0
0.0041199,-0.0076294,-0.011597,2.2757,0.0012207,0
0.0033569,-0.0080872,-0.011597,2.2757,-0.012207,0
0.0033569,-0.0056458,-0.012665,2.7309,-0.053406,0
0.0039673,0.0016785,-0.0056458,2.2757,-0.09491,0
0.0056458,0.0094604,0.0024414,2.0482,-0.1123,0
0.0071716,0.0097656,0.0053406,2.0482,-0.097351,0
0.0097656,0.0048828,0.0018311,1.8206,-0.072021,0
0.011139,0.0010681,-0.0056458,2.2757,-0.06073,0
0.011749,-0.0012207,-0.0099182,2.5033,-0.076294,0
0.010986,-0.0030518,-0.0065613,2.5033,-0.11139,0
0.0086975,-0.0027466,0.0033569,2.2757,-0.14557,0
0.0061035,-0.0038147,0.013123,2.9584,-0.16205,0
0.0038147,-0.0054932,0.023956,2.9584,-0.1535,0
0.00030518,-0.0045776,0.027161,2.9584,-0.12726,0
-0.0050354,-0.0048828,0.023041,2.7309,-0.09552,0
-0.0083923,-0.0085449,0.01236,2.2757,-0.071106,0
-0.0030518,-0.012207,0.0047302,2.5033,-0.060425,0
0.0035095,-0.011139,0.0086975,2.2757,-0.055847,0
0.0030518,-0.0073242,0.025482,2.5033,-0.061035,0
0.00045776,-0.0032043,0.035858,2.7309,-0.070496,0
0.0016785,-0.0032043,0.037994,2.7309,-0.079346,0
0.0035095,-0.0065613,0.039368,2.7309,-0.079651,0
0.0038147,-0.0062561,0.034637,3.186,-0.073853,0
0.0038147,-0.0038147,0.021667,3.186,-0.065308,0
0.005188,-0.0054932,0.0093079,2.5033,-0.057068,0
0.0083923,-0.007782,0.0018311,2.7309,-0.054626,0
0.011749,-0.007019,0,2.7309,-0.061951,0
0.013733,-0.0045776,0.00091553,2.2757,-0.074158,0
0.014038,-0.0024414,0.0012207,2.2757,-0.093689,0
0.016174,-0.00076294,0.0050354,2.2757,-0.11993,0
0.018311,0.0041199,0.0093079,2.7309,-0.14435,0
0.015869,0.0065613,0.014343,2.2757,-0.15472,0
0.0085449,0.0035095,0.016785,2.2757,-0.15411,0
0.0016785,-0.0021362,0.012207,2.7309,-0.14374,0
-0.0041199,-0.0064087,0.0079346,2.0482,-0.13031,0
-0.010223,-0.010071,0.0094604,2.5033,-0.12665,0
-0.013123,-0.011292,0.013733,2.2757,-0.1358,0
-0.014191,-0.010834,0.013733,1.8206,-0.14771,0
-0.014038,-0.0073242,0.012665,2.2757,-0.15076,0
-0.010071,-0.0028992,0.01358,2.0482,-0.13947,0
-0.0073242,-0.00030518,0.01236,1.8206,-0.11841,0
-0.0067139,-0.0028992,0.007782,2.2757,-0.098267,0
-0.0036621,-0.0088501,0.0079346,2.2757,-0.084229,0
0.0010681,-0.011749,0.010071,2.0482,-0.07782,0
0.0033569,-0.0076294,0.0032043,2.0482,-0.080872,0
0.0053406,-0.0033569,-0.0073242,2.2757,-0.085144,0
0.0053406,-0.0012207,-0.01358,2.5033,-0.088501,0
0.0048828,0.0036621,-0.012207,2.7309,-0.096741,0
0.0033569,0.0047302,-0.0059509,2.5033,-0.10651,0
0.00015259,0.0028992,-0.0035095,2.2757,-0.11444,0
-0.0022888,-0.0041199,-0.010529,2.0482,-0.12085,0
-0.0027466,-0.0068665,-0.025635,2.9584,-0.12909,0
-0.0019836,-0.0035095,-0.036469,2.2757,-0.14648,0
0.0032043,-0.0016785,-0.035706,2.9584,-0.1825,0
0.0076294,0.0012207,-0.034637,2.2757,-0.23285,0
0.0071716,0.0048828,-0.037231,2.5033,-0.28625,0
0.0047302,0.0035095,-0.036316,2.5033,-0.33173,0
0.0045776,-0.00015259,-0.029907,3.186,-0.36163,0
0.004425,-0.0027466,-0.024872,3.186,-0.37506,0
0.0045776,-0.0071716,-0.016785,2.5033,-0.38025,0
0.0054932,-0.010223,-0.0086975,2.5033,-0.38361,0
0.0061035,-0.010986,-0.0024414,2.5033,-0.38788,0
0.0036621,-0.010071,0.0074768,2.7309,-0.39093,0
-0.0022888,-0.010071,0.024261,2.2757,-0.39429,0
-0.0076294,-0.007019,0.032349,2.2757,-0.40283,0
-0.0059509,-0.0038147,0.031433,2.9584,-0.40894,0
-0.00076294,-0.005188,0.025482,2.5033,-0.40863,0
-0.0035095,-0.0053406,0.018768,2.9584,-0.40863,0
-0.010529,-0.0085449,0.0076294,2.7309,-0.41168,0
-0.015411,-0.011444,-0.0090027,2.5033,-0.41107,0
-0.015106,-0.015411,-0.02655,2.9584,-0.41656,0
-0.010529,-0.018158,-0.039062,2.0482,-0.44037,0
-0.004425,-0.018616,-0.045624,2.0482,-0.47577,0
0.00045776,-0.019379,-0.039825,2.0482,-0.49255,0
0.005188,-0.019836,-0.018311,2.2757,-0.44647,0
0.0053406,-0.016632,0.007782,2.7309,-0.32806,0
-0.00015259,-0.012512,0.016022,2.2757,-0.2066,0
-0.0053406,-0.014954,0.0091553,2.7309,-0.13245,0
-0.0065613,-0.015259,0.0010681,3.186,-0.18585,0
-0.0068665,-0.012207,0.0013733,2.7309,-0.41534,0
-0.004425,-0.0080872,0.0093079,2.7309,-0.73608,0
0.0015259,-0.0047302,0.018311,3.186,-0.98816,0
0.0074768,-0.0022888,0.026398,2.5033,-1.0583,0
0.0097656,-0.0016785,0.037689,2.2757,-0.95551,0
0.012512,0.00015259,0.047455,1.8206,-0.78461,0
0.014648,0.0028992,0.051575,2.5033,-0.66742,0
0.013428,0.0076294,0.050812,2.0482,-0.6665,0
0.012207,0.011139,0.047302,2.5033,-0.77057,0
0.01358,0.011444,0.04715,3.186,-0.90332,0
0.015411,0.012512,0.049286,2.7309,-0.9613,0
0.015259,0.014038,0.049896,2.9584,-0.88135,0
0.014648,0.01236,0.048523,2.9584,-0.67078,0
0.01297,0.0083923,0.04364,2.9584,-0.39825,0
0.0097656,0.0094604,0.036316,2.9584,-0.1593,0
0.0065613,0.0099182,0.028687,2.0482,-0.02594,0
0.0038147,0.0080872,0.018921,2.7309,-0.013123,0
0.0010681,0.0041199,0.0080872,2.9584,-0.066223,0
0.0019836,0.0010681,-0.0042725,2.5033,-0.11139,0
0.0056458,-0.00091553,-0.014801,3.4135,-0.10803,0
0.0090027,-0.00091553,-0.022888,3.186,-0.053406,0
0.010834,0.0018311,-0.02594,3.6411,0.0097656,0
0.01236,0.0022888,-0.024719,2.9584,0.031128,0
0.014496,-0.00061035,-0.018311,3.186,-0.025024,0
0.016937,-0.0032043,-0.0093079,2.5033,-0.15442,0
0.015411,-0.0030518,0.0036621,2.2757,-0.31738,0
0.010529,0.0015259,0.015411,3.186,-0.4599,0
0.0065613,0.0071716,0.022736,3.186,-0.5423,0
0.0013733,0.0090027,0.023956,2.9584,-0.55817,0
-0.0018311,0.0071716,0.023499,2.5033,-0.5188,0
-0.0027466,0.0074768,0.018768,2.0482,-0.45044,0
-0.0033569,0.0091553,0.0088501,2.5033,-0.38696,0
-0.0068665,0.0080872,-0.0073242,2.9584,-0.34241,0
-0.010529,0.0071716,-0.019989,2.5033,-0.3125,0
-0.011292,0.010681,-0.021057,2.0482,-0.27924,0
-0.009613,0.0177,-0.018768,2.5033,-0.22614,0
-0.0085449,0.019836,-0.022583,2.2757,-0.15045,0
-0.0048828,0.020142,-0.030823,1.8206,-0.061646,0
-0.0027466,0.018005,-0.037537,2.7309,0.017395,0
-0.0057983,0.014496,-0.033264,2.2757,0.062256,0
-0.0083923,0.014801,-0.020294,2.5033,0.06012,0
-0.0028992,0.015717,-0.017395,2.7309,0.021973,0
0.0041199,0.017395,-0.019684,2.5033,-0.030518,0
0.012207,0.017242,-0.013123,2.2757,-0.087585,0
0.0177,0.01358,0.0027466,2.0482,-0.14679,0
0.017853,0.0082397,0.0094604,1.8206,-0.20294,0
0.016937,0.0041199,0,1.8206,-0.24506,0
0.014648,0.0065613,-0.011139,2.5033,-0.26733,0
0.0091553,0.0090027,-0.0177,2.7309,-0.28137,0
0.0033569,0.0086975,-0.019531,2.9584,-0.29388,0
-0.00076294,0.0085449,-0.01709,2.5033,-0.30212,0
-0.00030518,0.011292,-0.011749,2.2757,-0.30151,0
0.0022888,0.0097656,-0.0065613,2.0482,-0.28687,0
-0.00045776,0.0062561,-0.0097656,2.5033,-0.26062,0
-0.0050354,0.0012207,-0.012817,2.0482,-0.23163,0
-0.004425,-0.0041199,-0.012054,2.5033,-0.20966,0
0.00061035,-0.012512,-0.0071716,2.5033,-0.19836,0
0.0035095,-0.019073,-0.0030518,2.5033,-0.20386,0
0.0041199,-0.02121,0.0039673,3.186,-0.22278,0
0.0041199,-0.023346,0.014038,2.9584,-0.24933,0
0.0042725,-0.023346,0.023804,2.7309,-0.27466,0
0.0039673,-0.02243,0.030518,2.7309,-0.29907,0
0.0042725,-0.023804,0.033417,2.7309,-0.33142,0
-0.0097656,-0.028229,0.041504,3.4135,-0.36865,0
-0.023804,-0.031433,0.056152,2.5033,-0.40466,0
-0.027161,-0.030823,0.06073,2.5033,-0.43335,0
-0.023651,-0.032349,0.051575,2.5033,-0.45624,0
-0.016022,-0.031891,0.039062,2.2757,-0.46722,0
-0.009613,-0.024109,0.027313,2.2757,-0.45258,0
-0.0062561,-0.01297,0.018005,2.9584,-0.42664,0
-0.0024414,-0.010681,0.0097656,2.2757,-0.42114,0
0.0030518,-0.015106,0.0057983,2.7309,-0.45197,0
0.0099182,-0.019226,0.0033569,2.7309,-0.49957,0
0.020447,-0.019073,0,2.7309,-0.5365,0
0.024872,-0.018616,0.0012207,1.3655,-0.54199,0
0.020447,-0.016327,0.0038147,2.2757,-0.51727,0
0.0094604,-0.013428,0.0054932,2.2757,-0.48035,0
0.00076294,-0.014648,0.0028992,2.2757,-0.45197,0
-0.00030518,-0.01297,-0.007019,2.9584,-0.45013,0
0.0012207,-0.011292,-0.020752,2.5033,-0.47058,0
0.0010681,-0.0097656,-0.031586,2.5033,-0.49896,0
0.0057983,-0.0090027,-0.037842,2.0482,-0.51819,0
0.01709,-0.0086975,-0.038757,2.5033,-0.5191,0
0.014954,-0.0086975,-0.034943,2.0482,-0.50476,0
-0.00076294,-0.013885,-0.027618,2.5033,-0.48798,0
-0.012054,-0.017395,-0.021667,2.0482,-0.47729,0
-0.010071,-0.014191,-0.018158,1.5931,-0.47607,0
-0.0013733,-0.0067139,-0.018463,2.0482,-0.48004,0
0.005188,0.00061035,-0.016022,1.5931,-0.48584,0
0.0083923,-0.0030518,-0.0022888,1.5931,-0.48523,0
0.01236,-0.0085449,0.023346,1.8206,-0.4776,0
0.020905,-0.0082397,0.052643,2.5033,-0.45715,0
0.027008,-0.0027466,0.072937,2.7309,-0.43213,0
0.023346,0.0032043,0.075684,2.7309,-0.41229,0
0.01709,0.0056458,0.065308,2.2757,-0.40527,0
0.015869,0.0059509,0.040436,2.7309,-0.40894,0
0.014191,0.00045776,0.0027466,2.2757,-0.41687,0
0.011139,-0.0010681,-0.028992,2.7309,-0.41779,0
0.0094604,-0.00015259,-0.04776,2.7309,-0.41534,0
0.0082397,-0.00045776,-0.059052,2.7309,-0.4129,0
0.0021362,-0.0030518,-0.063477,2.9584,-0.40894,0
-0.0067139,-0.0038147,-0.058746,2.7309,-0.40619,0
-0.012665,-0.0054932,-0.04776,2.9584,-0.40497,0
-0.012817,-0.0085449,-0.035248,1.8206,-0.40497,0
-0.012207,-0.007782,-0.022278,2.5033,-0.4068,0
-0.015564,-0.0067139,-0.010376,2.7309,-0.40192,0
-0.02121,-0.0059509,-0.0064087,2.5033,-0.38666,0
-0.017242,-0.0035095,-0.0032043,2.9584,-0.36194,0
-0.0048828,0.0010681,0.0074768,2.9584,-0.33356,0
0.0053406,0.0039673,0.022736,2.9584,-0.31036,0
0.014496,0.010376,0.034943,2.5033,-0.29541,0
0.019836,0.015106,0.040588,2.2757,-0.2832,0
0.018005,0.018005,0.040283,2.7309,-0.27313,0
0.0080872,0.015717,0.031281,2.7309,-0.26215,0
-0.0039673,0.012512,0.015869,2.2757,-0.24567,0
-0.0097656,0.01236,0.0030518,2.7309,-0.22583,0
-0.0086975,0.013123,0.00061035,2.7309,-0.2063,0
-0.010223,0.014191,0.0030518,2.5033,-0.19104,0
-0.019226,0.014038,0.0033569,2.5033,-0.17914,0
-0.027618,0.014954,-0.0012207,1.8206,-0.1712,0
-0.035706,0.014191,-0.016632,1.8206,-0.16235,0
-0.040741,0.012512,-0.032196,1.5931,-0.15228,0
-0.042114,0.01236,-0.035248,1.5931,-0.13763,0
-0.041962,0.013428,-0.028839,1.3655,-0.12085,0
-0.040283,0.016327,-0.019836,2.0482,-0.1059,0
-0.038605,0.018311,-0.011597,2.2757,-0.09491,0
-0.034943,0.021515,-0.010529,2.5033,-0.089722,0
-0.023956,0.022125,-0.016327,2.7309,-0.085449,0
-0.011139,0.020142,-0.0177,2.9584,-0.07843,0
0.00015259,0.016174,-0.017548,2.7309,-0.065613,0
0.010681,0.01297,-0.015259,2.5033,-0.046387,0
0.01709,0.014801,-0.0082397,2.0482,-0.022583,0
0.020905,0.018463,0.002594,2.5033,0.0018311,0
0.021362,0.020447,0.0074768,2.7309,0.019836,0
0.020447,0.020752,0.0083923,2.5033,0.033264,0
0.016327,0.014343,0.0079346,2.7309,0.046082,0
0.0094604,0.011444,0.0080872,3.186,0.057373,0
0.0033569,0.016479,0.007782,2.5033,0.064697,0
0.00030518,0.015564,0.0097656,2.7309,0.062256,0
-0.0032043,0.01297,0.0086975,2.9584,0.052185,0
-0.0036621,0.017395,0.0054932,2.2757,0.042419,0
0.0056458,0.021515,0.00061035,2.7309,0.036621,0
0.016937,0.019684,-0.009613,2.9584,0.037842,0
0.016327,0.018463,-0.018921,3.6411,0.042725,0
0.013275,0.0177,-0.024719,2.9584,0.047302,0
0.018005,0.016632,-0.026855,2.7309,0.054932,0
0.02533,0.011292,-0.020294,3.186,0.06897,0
0.03479,0.0076294,-0.0080872,2.5033,0.088196,0
0.04364,0.0094604,0.0068665,2.5033,0.11139,0
0.050354,0.016327,0.023804,2.0482,0.13245,0
0.050354,0.016632,0.033569,2.7309,0.14893,0
0.038757,0.011139,0.034943,1.8206,0.15625,0
0.023041,0.0082397,0.03418,2.7309,0.15717,0
0.0057983,0.0080872,0.03418,2.7309,0.15656,0
-0.0038147,0.0080872,0.034027,2.5033,0.15594,0
0.00030518,0.0079346,0.033722,2.2757,0.15625,0
0.0086975,0.0079346,0.033875,2.5033,0.15259,0
0.0059509,0.0062561,0.028229,2.2757,0.14435,0
-0.0035095,-0.0013733,0.0074768,2.7309,0.13336,0
-0.010834,-0.0064087,-0.0015259,2.5033,0.12238,0
-0.014496,-0.0047302,-0.0028992,2.0482,0.11963,0
-0.01709,-0.0018311,-0.0071716,2.2757,0.12482,0
-0.020599,-0.0042725,-0.01358,2.0482,0.1358,0
-0.021973,-0.004425,-0.012512,2.2757,0.15076,0
-0.022583,-0.004425,-0.007019,1.8206,0.1651,0
-0.020752,-0.0067139,-0.0068665,2.2757,0.17456,0
-0.017548,-0.010529,-0.0057983,1.8206,0.17731,0
-0.013733,-0.014648,-0.0057983,1.8206,0.17853,0
-0.0032043,-0.016327,-0.0054932,2.5033,0.18127,0
0.014496,-0.016479,-0.0053406,2.0482,0.18646,0
0.02655,-0.016479,-0.0042725,2.0482,0.19196,0
0.02121,-0.0177,0.00091553,1.8206,0.19714,0
-0.00076294,-0.015717,0.0062561,2.9584,0.20416,0
-0.029755,-0.010986,0.0056458,2.5033,0.21484,0
-0.054321,-0.0094604,0.00015259,3.186,0.22308,0
-0.071411,-0.010681,-0.0067139,2.7309,0.22491,0
-0.081482,-0.011139,-0.0065613,2.5033,0.22552,0
-0.081177,-0.011139,0.0012207,2.9584,0.22705,0
-0.077057,-0.011444,0.0090027,2.9584,0.23407,0
-0.073395,-0.01297,-0.00045776,2.9584,0.2475,0
-0.065765,-0.014038,-0.01709,2.7309,0.26825,0
-0.051575,-0.015717,-0.024261,2.9584,0.28564,0
-0.0383,-0.016632,-0.021362,2.9584,0.28839,0
-0.03067,-0.012207,-0.011444,2.7309,0.28046,0
-0.025024,-0.0064087,-0.005188,3.186,0.26733,0
-0.016174,-0.00061035,-0.0067139,2.7309,0.2594,0
-0.0085449,-0.0012207,0.0013733,3.186,0.25513,0
-0.0021362,-0.0048828,0.021515,2.7309,0.25238,0
0.0015259,-0.0057983,0.033569,2.7309,0.25543,0
0.0062561,-0.0045776,0.030975,2.9584,0.26794,0
0.018463,-0.0041199,0.027771,2.2757,0.28625,0
0.029297,-0.004425,0.023651,2.9584,0.29724,0
0.030212,-0.0082397,0.0094604,2.9584,0.29663,0
0.027466,-0.014038,-0.0036621,2.2757,0.29358,0
0.028687,-0.011444,-0.00076294,2.2757,0.29358,0
0.03067,-0.0039673,0.010529,2.7309,0.30151,0
0.02594,0,0.018005,1.8206,0.31494,0
0.014648,-0.0038147,0.020142,2.0482,0.32471,0
0.0065613,-0.0062561,0.018005,2.2757,0.32928,0
0.0093079,-0.0086975,0.019531,2.2757,0.33203,0
0.020905,-0.010986,0.020905,2.7309,0.33539,0
0.033875,-0.010834,0.015411,2.2757,0.3418,0
0.046539,-0.010376,0.0047302,2.2757,0.34607,0
0.055389,-0.01297,-0.0083923,2.2757,0.35004,0
0.058441,-0.014801,-0.01709,2.2757,0.35553,0
0.052948,-0.012512,-0.012665,2.2757,0.36682,0
0.051727,-0.0082397,0.002594,2.0482,0.36743,0
0.059662,-0.0016785,0.020599,2.5033,0.35187,0
0.062408,0,0.029602,2.5033,0.3241,0
0.049896,-0.0012207,0.037842,2.2757,0.29663,0
0.030365,-0.0032043,0.050201,2.0482,0.27985,0
0.014343,-0.0042725,0.057068,2.7309,0.27405,0
-0.0032043,-0.007019,0.057526,2.5033,0.27527,0
-0.016479,-0.0062561,0.058746,2.9584,0.28076,0
-0.024261,-0.0045776,0.055847,2.7309,0.28717,0
-0.035248,-0.0015259,0.054321,2.2757,0.28198,0
-0.041351,0.0019836,0.060883,2.2757,0.26062,0
-0.032196,0.0048828,0.072632,2.0482,0.23407,0
-0.010223,0.0050354,0.079498,2.7309,0.21667,0
0.0076294,0.0028992,0.081787,2.9584,0.21667,0
0.015564,0.0073242,0.087891,3.4135,0.23254,0
0.015411,0.01297,0.096741,3.186,0.25208,0
0.015717,0.013885,0.095825,3.186,0.26398,0
0.018311,0.015411,0.084991,2.5033,0.26428,0
0.022125,0.016174,0.071564,2.9584,0.25787,0
0.024719,0.012665,0.060425,2.2757,0.25482,0
0.021973,0.010529,0.052338,3.4135,0.25482,0
0.016022,0.0094604,0.055084,2.9584,0.25146,0
0.010376,0.0047302,0.072937,3.186,0.24353,0
0.0097656,0.0010681,0.083008,2.2757,0.23285,0
0.016022,-0.0012207,0.075989,2.5033,0.22034,0
0.019836,-0.0057983,0.061188,2.9584,0.19989,0
0.016327,-0.0097656,0.05249,2.5033,0.17853,0
0.01297,-0.0094604,0.052338,2.0482,0.15869,0
0.0045776,-0.0042725,0.055695,1.8206,0.14618,0
-0.011139,-0.0019836,0.047302,1.8206,0.14709,0
-0.022888,-0.0035095,0.028839,2.2757,0.16144,0
-0.026703,-0.0059509,0.018921,2.5033,0.17883,0
-0.027466,-0.0073242,0.018616,2.0482,0.19135,0
-0.028534,-0.0076294,0.019836,2.2757,0.19958,0
-0.019989,-0.0088501,0.016479,2.7309,0.20203,0
-0.0038147,-0.010376,0.010376,2.7309,0.19714,0
0.009613,-0.010376,0.0090027,2.2757,0.18127,0
0.019073,-0.0080872,0.0091553,2.0482,0.16235,0
0.026093,-0.010376,0.0099182,2.2757,0.14801,0
0.023041,-0.009613,0.012817,2.9584,0.13458,0
0.007019,-0.0024414,0.013428,3.186,0.1178,0
-0.014496,0.0050354,0.0062561,2.5033,0.1004,0
-0.028534,0.0039673,0.0054932,1.8206,0.090027,0
-0.031891,-0.0028992,0.0093079,2.0482,0.08728,0
-0.02655,-0.0056458,0.0085449,2.0482,0.083923,0
-0.020905,-0.0018311,0.0047302,1.8206,0.075684,0
-0.013123,0.0030518,0.00015259,2.7309,0.067444,0
-0.0062561,0.0021362,0.00045776,3.186,0.062561,0
-0.0065613,-0.0024414,0.0054932,2.5033,0.057068,0
-0.012207,-0.0048828,0.012207,2.7309,0.044861,0
-0.016479,-0.0054932,0.018005,2.7309,0.028687,0
-0.016632,-0.0080872,0.02594,2.0482,0.020142,0
-0.011139,-0.011292,0.037384,2.2757,0.025635,0
-0.002594,-0.014496,0.050049,2.0482,0.037231,0
0.0099182,-0.01358,0.052948,2.7309,0.043945,0
0.018616,-0.0097656,0.046539,2.9584,0.045471,0
0.016632,-0.0080872,0.036621,2.9584,0.046997,0
0.011139,-0.0088501,0.025482,2.9584,0.054016,0
0.0035095,-0.010376,0.012817,2.9584,0.065613,0
-0.0085449,-0.010223,-0.0021362,3.186,0.077209,0
-0.022888,-0.012512,-0.007019,3.4135,0.090637,0
-0.034332,-0.012665,0.0056458,2.7309,0.10651,0
-0.040741,-0.0074768,0.020752,2.2757,0.12695,0
-0.037079,0,0.032349,2.9584,0.14465,0
-0.026703,0.0086975,0.049591,2.7309,0.15961,0
-0.014496,0.014801,0.061035,3.186,0.17303,0
-0.0054932,0.01297,0.063477,2.7309,0.1828,0
-0.0085449,0.0071716,0.059357,1.8206,0.18402,0
-0.021667,0.0016785,0.052185,2.2757,0.17975,0
-0.029602,-0.0016785,0.04425,2.7309,0.17548,0
-0.027008,0.0016785,0.041656,2.2757,0.16754,0
-0.019989,0.0047302,0.046082,1.5931,0.1532,0
-0.019073,0.0074768,0.05127,2.0482,0.13184,0
-0.033112,0.0090027,0.062561,2.2757,0.10925,0
-0.051422,0.014496,0.08255,2.2757,0.099182,0
-0.050964,0.017853,0.10101,2.2757,0.10101,0
-0.031433,0.020905,0.10391,2.2757,0.10406,0
-0.0099182,0.019531,0.09079,2.2757,0.098877,0
0.0065613,0.014496,0.068512,2.0482,0.08667,0
0.018463,0.011902,0.045319,2.2757,0.067444,0
0.030823,0.012665,0.028992,2.2757,0.044556,0
0.046997,0.013885,0.02121,2.0482,0.024414,0
0.060425,0.011139,0.024872,2.5033,0.0054932,0
0.056305,0.0090027,0.037842,2.2757,-0.0177,0
0.034637,0.0080872,0.04837,2.9584,-0.046692,0
0.015869,0.010071,0.046387,2.2757,-0.083008,0
0.0059509,0.0097656,0.039825,2.2757,-0.11993,0
-0.0024414,0.0065613,0.040894,2.9584,-0.14984,0
-0.0086975,0.0038147,0.049591,3.4135,-0.17242,0
-0.0047302,0.002594,0.056763,2.5033,-0.18646,0
-0.0021362,-0.0015259,0.055542,2.9584,-0.19775,0
-0.0076294,-0.0062561,0.05127,2.7309,-0.2066,0
-0.012817,-0.004425,0.05188,2.7309,-0.21027,0
-0.012054,-0.0018311,0.05722,2.7309,-0.21423,0
-0.0074768,0.00045776,0.059204,2.9584,-0.21942,0
-0.0050354,-0.0039673,0.046234,2.9584,-0.22858,0
-0.0062561,-0.013123,0.03006,3.186,-0.23865,0
-0.007019,-0.016632,0.020294,2.5033,-0.25055,0
-0.0086975,-0.013275,0.019073,2.7309,-0.25879,0
-0.0090027,-0.0093079,0.019989,2.9584,-0.25848,0
-0.0061035,-0.0048828,0.02533,2.7309,-0.25085,0
-0.0024414,0.00030518,0.032043,2.9584,-0.24384,0
-0.0041199,0.0057983,0.034943,2.5033,-0.24719,0
-0.012054,0.0074768,0.027771,2.7309,-0.2594,0
-0.014954,0.0030518,0.011597,2.5033,-0.27557,0
-0.0065613,-0.004425,0.0036621,2.5033,-0.28687,0
0.0054932,-0.0097656,0.0047302,2.7309,-0.29388,0
0.014038,-0.012054,0.005188,2.0482,-0.29694,0
0.02243,-0.015259,0.0094604,2.0482,-0.29999,0
0.031281,-0.015869,0.023804,2.7309,-0.29755,0
0.039215,-0.013733,0.039978,3.186,-0.29236,0
0.038605,-0.0086975,0.044098,2.7309,-0.28687,0
0.026703,-0.0083923,0.044403,2.0482,-0.27985,0
0.018158,-0.016174,0.039673,2.0482,-0.2713,0
0.011139,-0.025635,0.022278,2.5033,-0.26215,0
0.00091553,-0.017395,-0.0062561,2.0482,-0.25116,0
-0.015259,-0.013275,-0.035248,2.5033,-0.23865,0
-0.0354,-0.025482,-0.052643,2.0482,-0.22888,0
-0.048065,-0.031433,-0.056458,2.5033,-0.22003,0
-0.045471,-0.023651,-0.048981,2.7309,-0.21606,0
-0.034637,-0.01358,-0.037079,1.8206,-0.21332,0
-0.020142,-0.0071716,-0.025787,2.2757,-0.21149,0
0.0028992,-0.0079346,-0.02533,2.7309,-0.20966,0
0.028381,-0.010071,-0.033569,2.2757,-0.20599,0
0.046082,-0.0083923,-0.039062,2.7309,-0.19836,0
0.053864,-0.0041199,-0.037384,2.2757,-0.18677,0
0.052185,-0.0032043,-0.032806,2.2757,-0.17456,0
0.046387,-0.0057983,-0.032196,2.5033,-0.16602,0
0.042114,-0.0042725,-0.031281,2.7309,-0.16174,0
0.037079,0.00061035,-0.026245,2.5033,-0.16296,0
0.034637,0.0010681,-0.020599,2.0482,-0.16449,0
0.041962,0.00091553,-0.016022,2.7309,-0.16937,0
0.044098,0,-0.024719,2.9584,-0.17059,0
0.032959,-0.0035095,-0.040588,2.7309,-0.1712,0
0.019531,-0.0042725,-0.046692,3.6411,-0.17029,0
0.007782,0.0013733,-0.039673,2.5033,-0.16815,0
-0.014038,0.0071716,-0.031281,2.5033,-0.16724,0
-0.04303,0.0053406,-0.028534,2.2757,-0.16846,0
-0.057678,0.00030518,-0.031281,2.9584,-0.17273,0
-0.055695,-0.0036621,-0.047302,2.9584,-0.17517,0
-0.048065,-0.0071716,-0.066681,2.5033,-0.17578,0
-0.038147,-0.0068665,-0.077362,2.7309,-0.1709,0
-0.029602,-0.0056458,-0.078888,2.7309,-0.16083,0
-0.02182,-0.0067139,-0.076752,2.2757,-0.14618,0
-0.016479,-0.009613,-0.069275,3.4135,-0.13245,0
-0.0085449,-0.0085449,-0.054016,3.186,-0.12268,0
0.0085449,-0.0022888,-0.035095,2.2757,-0.11597,0
0.02243,0.0050354,-0.027618,2.9584,-0.10651,0
0.027466,0.0068665,-0.033569,1.5931,-0.095215,0
0.029907,0.0042725,-0.043335,2.0482,-0.080261,0
0.031891,0.0032043,-0.04776,1.8206,-0.061951,0
0.028381,0.0036621,-0.046997,2.2757,-0.039062,0
0.010986,0.0048828,-0.042114,2.9584,-0.013428,0
-0.0032043,0.0042725,-0.0354,2.2757,0.014954,0
-0.0062561,0.0074768,-0.039673,2.5033,0.039062,0
-0.013123,0.011292,-0.049438,2.2757,0.061035,0
-0.020142,0.012054,-0.057678,2.5033,0.083008,0
-0.019226,0.0086975,-0.058746,2.5033,0.10559,0
-0.012054,0.0048828,-0.059509,1.8206,0.12695,0
-0.0088501,0.0027466,-0.056458,2.0482,0.13916,0
-0.0065613,0.00076294,-0.057373,2.5033,0.14496,0
0.0032043,-0.00061035,-0.067291,2.2757,0.15198,0
0.017395,-0.0021362,-0.078888,1.8206,0.16052,0
0.026245,-0.0056458,-0.080414,2.2757,0.16754,0
0.031891,-0.0085449,-0.069885,2.7309,0.177,0
0.033112,-0.010986,-0.059052,2.9584,0.18799,0
0.026703,-0.011139,-0.053406,2.5033,0.19897,0
-0.010071,-0.0038147,-0.050201,1.8206,0.20325,0
-0.040131,0.0015259,-0.04837,2.9584,0.2002,0
-0.042572,0.0054932,-0.048523,2.5033,0.19196,0
-0.028381,0.0094604,-0.045776,2.5033,0.18555,0
-0.0073242,0.010986,-0.036926,2.7309,0.18158,0
0.01358,0.007019,-0.026245,2.7309,0.18341,0
0.034027,0.002594,-0.020905,3.186,0.18677,0
0.047302,0.0030518,-0.023651,2.9584,0.19348,0
0.055084,0.0061035,-0.024414,2.9584,0.20325,0
0.061493,0.0083923,-0.026398,3.4135,0.21149,0
0.061188,0.0080872,-0.032043,2.9584,0.21759,0
0.051575,0.0061035,-0.040588,2.7309,0.22217,0
0.041504,0.0050354,-0.043945,2.7309,0.22827,0
0.034332,0.00030518,-0.047607,2.7309,0.23773,0
0.032043,-0.0059509,-0.054169,3.186,0.2475,0
0.040131,-0.007782,-0.061951,2.7309,0.25421,0
0.056763,-0.0050354,-0.06546,2.0482,0.25726,0
0.072327,-0.0013733,-0.057526,1.8206,0.25879,0
0.085602,0.0032043,-0.043488,2.2757,0.26123,0
0.091553,0.0047302,-0.032501,2.7309,0.26245,0
0.080872,0.0016785,-0.026398,2.7309,0.26581,0
0.05661,-0.0021362,-0.016632,2.9584,0.27252,0
0.032806,-0.0016785,-0.005188,2.0482,0.28198,0
0.012512,0.00015259,-0.0016785,2.2757,0.29114,0
-0.0039673,0.002594,0.00061035,2.7309,0.30121,0
-0.016937,0.0027466,0.0068665,2.2757,0.31189,0
-0.019226,0.0018311,0.017242,2.7309,0.32257,0
-0.015564,0.0047302,0.021667,2.2757,0.33142,0
-0.016327,0.012665,0.021667,2.2757,0.33752,0
-0.020447,0.017242,0.0177,2.0482,0.34088,0
-0.018158,0.018921,0.0041199,2.5033,0.34729,0
-0.0056458,0.016022,-0.015411,2.5033,0.35675,0
0.0065613,0.011444,-0.028839,2.0482,0.36926,0
0.0099182,0.0068665,-0.027618,2.5033,0.38574,0
-0.00045776,0.004425,-0.017395,2.5033,0.40192,0
-0.017853,0.0062561,-0.0091553,2.7309,0.41687,0
-0.029297,0.011139,-0.0021362,3.4135,0.42542,0
-0.03006,0.014496,0.0010681,2.2757,0.42969,0
-0.025024,0.017242,0.0091553,2.7309,0.43182,0
-0.020599,0.0177,0.019989,2.9584,0.43182,0
-0.018921,0.018616,0.019684,2.2757,0.42969,0
-0.019989,0.021362,0.012512,2.5033,0.42847,0
-0.021362,0.020752,0.007019,2.2757,0.43091,0
-0.024414,0.018768,0.0067139,2.7309,0.43304,0
-0.024567,0.012817,0.002594,2.7309,0.43213,0
-0.023193,0.0085449,-0.0032043,3.4135,0.43121,0
-0.031128,0.005188,-0.0074768,2.9584,0.43213,0
-0.04364,0.0056458,-0.020599,2.9584,0.43945,0
-0.043793,0.0064087,-0.037231,3.186,0.45013,0
-0.038147,0.002594,-0.048981,3.186,0.45837,0
-0.035706,-0.0035095,-0.049438,2.5033,0.46326,0
-0.026398,-0.0050354,-0.038605,2.5033,0.46478,0
-0.015259,-0.0016785,-0.028687,1.8206,0.46814,0
-0.015411,-0.0038147,-0.026245,2.0482,0.4718,0
-0.027771,-0.0085449,-0.033264,2.2757,0.47119,0
-0.0383,-0.0068665,-0.03418,3.4135,0.46539,0
-0.042725,-0.0061035,-0.02533,2.2757,0.45776,0
-0.046082,-0.0099182,-0.016022,2.7309,0.45227,0
-0.048523,-0.012207,-0.011139,2.9584,0.44769,0
-0.03891,-0.0093079,-0.011292,2.0482,0.44006,0
-0.016022,-0.0054932,-0.0074768,2.2757,0.42664,0
0.00061035,-0.0036621,0.0053406,2.7309,0.40771,0
0.0036621,-0.0015259,0.018158,2.2757,0.38605,0
0.0035095,0.0018311,0.022583,1.3655,0.36255,0
0.0093079,0.0019836,0.018921,2.5033,0.34546,0
0.023041,0,0.01297,1.8206,0.33295,0
0.036163,0.00061035,0.014343,1.8206,0.32043,0
0.043793,0.0036621,0.019073,2.7309,0.30975,0
0.057831,0.0083923,0.020294,2.2757,0.30121,0
0.079346,0.010223,0.016937,2.2757,0.29327,0
0.095978,0.011444,0.011139,2.0482,0.28503,0
0.103,0.015564,0.0064087,2.7309,0.27435,0
0.098267,0.016937,-0.00045776,2.2757,0.26031,0
0.083771,0.021515,-0.0073242,3.186,0.24872,0
0.067291,0.02533,-0.016022,2.7309,0.24658,0
0.054169,0.022278,-0.023804,1.8206,0.25299,0
0.044098,0.01358,-0.024872,2.2757,0.25635,0
0.037689,0.009613,-0.018311,2.0482,0.25513,0
0.02594,0.0094604,-0.012665,2.5033,0.24994,0
0.012054,0.0085449,-0.012054,2.7309,0.2475,0
0.0050354,0.0085449,-0.015259,2.9584,0.24841,0
0.0038147,0.010376,-0.015259,2.5033,0.24536,0
-0.0030518,0.011749,-0.014496,2.9584,0.23712,0
-0.016785,0.011139,-0.018463,2.5033,0.22797,0
-0.024872,0.010223,-0.028381,3.6411,0.22186,0
-0.027924,0.0083923,-0.040588,2.9584,0.21759,0
-0.031891,0.0083923,-0.049286,2.7309,0.21362,0
-0.038757,0.013885,-0.048218,2.9584,0.2063,0
-0.031433,0.011749,-0.03479,2.5033,0.19104,0
-0.0018311,0.0035095,-0.015869,2.2757,0.16266,0
0.026398,-0.0019836,-0.00015259,2.2757,0.12878,0
0.029144,-0.0042725,0.007019,2.7309,0.10101,0
0.014954,-0.0068665,0.0036621,2.7309,0.083618,0
0.0018311,-0.010834,-0.0082397,2.9584,0.071716,0
0.0010681,-0.015869,-0.023193,2.9584,0.056458,0
0.0048828,-0.02121,-0.031738,3.186,0.03418,0
-0.0018311,-0.02182,-0.019073,3.186,0.0079346,0
-0.016174,-0.021973,0.0012207,2.2757,-0.021667,0
-0.025787,-0.023956,0.013733,2.2757,-0.05188,0
-0.024109,-0.027008,0.016785,2.2757,-0.074158,0
-0.016479,-0.028992,0.01709,2.0482,-0.089111,0
-0.016174,-0.03006,0.010529,2.0482,-0.099487,0
-0.02182,-0.028229,-0.0019836,2.0482,-0.11139,0
-0.018921,-0.023193,-0.010223,2.0482,-0.12573,0
-0.0082397,-0.023346,-0.012054,2.0482,-0.14282,0
-0.0012207,-0.028229,-0.010834,2.0482,-0.15381,0
0.00030518,-0.027924,-0.0076294,1.8206,-0.16144,0
-0.0021362,-0.02243,-0.004425,2.5033,-0.17517,0
-0.0047302,-0.01709,-0.0022888,2.0482,-0.19592,0
-0.0082397,-0.015717,-0.0022888,2.2757,-0.22064,0
-0.012665,-0.020447,0.0059509,2.2757,-0.24323,0
-0.012665,-0.026398,0.019226,2.5033,-0.26123,0
-0.0088501,-0.030975,0.028076,2.2757,-0.27039,0
-0.0082397,-0.031891,0.029297,1.8206,-0.27069,0
-0.011749,-0.028687,0.022278,2.2757,-0.2713,0
-0.014343,-0.029449,0.0094604,2.2757,-0.28046,0
-0.007782,-0.036011,-0.00015259,2.9584,-0.29572,0
0.0027466,-0.038147,-0.0012207,1.8206,-0.31036,0
0.011749,-0.038605,-0.0010681,2.5033,-0.31403,0
0.021667,-0.038605,-0.00076294,2.5033,-0.30518,0
0.027313,-0.0383,-0.00030518,2.7309,-0.29205,0
0.028534,-0.038452,-0.00061035,2.5033,-0.2832,0
0.028839,-0.038452,-0.00045776,2.2757,-0.28046,0
0.028992,-0.038605,-0.00061035,1.8206,-0.27954,0
0.028687,-0.035095,0.0074768,2.7309,-0.27252,0
0.028381,-0.02182,0.038452,3.186,-0.25635,0
0.028839,-0.020142,0.058594,2.7309,-0.2356,0
0.016327,-0.018768,0.078125,2.9584,-0.21881,0
0.0048828,-0.016327,0.097351,2.9584,-0.20996,0
0.0050354,-0.012512,0.11047,2.2757,-0.20599,0
0.0093079,-0.0090027,0.10818,2.0482,-0.20294,0
0.0071716,-0.0047302,0.096741,2.2757,-0.19653,0
0.0012207,-0.0015259,0.087738,2.5033,-0.18463,0
-0.004425,-0.0030518,0.086975,2.2757,-0.16785,0
-0.012207,-0.0028992,0.081177,2.2757,-0.15167,0
-0.021362,0.00045776,0.076447,2.7309,-0.14191,0
-0.035706,0.00030518,0.076904,2.7309,-0.14038,0
-0.055542,-0.0021362,0.074921,1.8206,-0.14343,0
-0.066071,-0.00076294,0.065918,2.2757,-0.14038,0
-0.063934,0.0039673,0.059052,2.0482,-0.13519,0
-0.055237,0.0091553,0.065308,2.0482,-0.13,0
-0.034485,0.011139,0.067902,2.7309,-0.12848,0
-0.0076294,0.0079346,0.058594,2.0482,-0.13123,0
0.010529,0.0024414,0.042877,2.2757,-0.13641,0
0.016479,-0.00076294,0.032349,2.5033,-0.14313,0
0.015106,-0.0013733,0.022888,2.0482,-0.14954,0
0.011597,0.00076294,0.017853,2.2757,-0.1532,0
0.011749,0.0048828,0.017395,2.5033,-0.14862,0
0.0093079,0.0099182,0.020447,2.5033,-0.13885,0
0.0033569,0.015869,0.032043,2.5033,-0.12817,0
-0.0039673,0.023193,0.042114,2.0482,-0.12634,0
-0.01297,0.022125,0.034485,2.2757,-0.12756,0
-0.014496,0.011902,0.019073,1.8206,-0.12695,0
-0.0074768,0.0010681,0.0083923,2.2757,-0.11566,0
-0.0010681,0.0010681,0.0088501,2.5033,-0.098572,0
0.00030518,0.0064087,0.0064087,1.5931,-0.081787,0
-0.0032043,0.0094604,-0.0039673,2.2757,-0.074463,0
-0.009613,0.011139,-0.012665,2.0482,-0.072937,0
-0.013123,0.014038,-0.019226,2.2757,-0.07019,0
-0.010071,0.015869,-0.023193,1.8206,-0.065918,0
0.00061035,0.019226,-0.018616,2.2757,-0.057983,0
0.01297,0.020447,-0.0094604,2.5033,-0.041504,0
0.015411,0.019989,0.0018311,2.7309,-0.014343,0
0.0068665,0.019989,0.0064087,2.2757,0.014954,0
-0.0013733,0.018463,0.0013733,2.7309,0.038757,0
-0.0059509,0.018158,-0.0036621,3.186,0.050049,0
-0.010376,0.018616,-0.0090027,2.2757,0.047913,0
-0.015106,0.016327,-0.016937,2.7309,0.039673,0
-0.014191,0.013733,-0.014343,2.2757,0.038452,0
-0.0091553,0.014496,-0.0057983,2.2757,0.043335,0
-0.0093079,0.017853,0.002594,2.2757,0.058899,0
-0.012054,0.018768,0.0091553,2.9584,0.075989,0
-0.010834,0.021057,0.013275,2.5033,0.090942,0
-0.0076294,0.018921,0.021973,2.7309,0.10132,0
-0.0082397,0.01709,0.029755,2.2757,0.10651,0
-0.011902,0.017242,0.033264,2.5033,0.11658,0
-0.0177,0.015564,0.039825,2.9584,0.13275,0
-0.023346,0.013733,0.041656,2.2757,0.14923,0
-0.02655,0.013733,0.037994,2.0482,0.16327,0
-0.026245,0.014496,0.035095,1.8206,0.17151,0
-0.02182,0.013123,0.03418,2.0482,0.17181,0
-0.017548,0.010071,0.037842,1.8206,0.16663,0
-0.014496,0.0059509,0.044403,2.5033,0.16144,0
-0.012207,0.0057983,0.044861,2.5033,0.16174,0
-0.010681,0.0090027,0.040894,2.7309,0.17303,0
-0.0062561,0.010071,0.037994,2.2757,0.19073,0
0.005188,0.0080872,0.031128,2.0482,0.21027,0
0.020905,0.0041199,0.018005,1.8206,0.22308,0
0.034027,0.0016785,0.0064087,2.0482,0.22949,0
0.040588,0.0036621,0.0042725,2.5033,0.23285,0
0.040894,0.0097656,0.010376,2.5033,0.23682,0
0.035248,0.015564,0.018768,2.2757,0.23651,0
0.029449,0.0177,0.022583,2.2757,0.23071,0
0.02594,0.017548,0.018921,1.5931,0.22308,0
0.021057,0.014343,0.016022,2.0482,0.21698,0
0.018768,0.011749,0.0094604,1.8206,0.21393,0
0.015717,0.0067139,0.0019836,2.2757,0.2121,0
0.0061035,0.0028992,-0.0027466,2.2757,0.21484,0
-0.0057983,0.0038147,-0.00045776,2.2757,0.21973,0
-0.015259,0.0035095,0.0057983,2.7309,0.21606,0
-0.020447,0.0024414,0.01297,2.7309,0.21118,0
-0.016785,-0.00045776,0.02121,2.9584,0.21088,0
-0.0068665,-0.00091553,0.0177,2.7309,0.22491,0
0.00045776,0.00091553,0.0068665,2.9584,0.24445,0
0.0018311,0.0041199,-0.0054932,2.9584,0.26123,0
-0.0028992,0.007019,-0.020752,2.2757,0.26978,0
-0.0054932,0.0067139,-0.036316,2.9584,0.26947,0
-0.0073242,0.0068665,-0.045471,2.2757,0.26459,0
-0.0085449,0.0065613,-0.054932,3.186,0.26611,0
-0.0048828,0.007019,-0.067902,2.5033,0.27313,0
0.00030518,0.0057983,-0.077972,2.7309,0.28595,0
0.0042725,0.0045776,-0.081329,2.5033,0.29968,0
0.0042725,0.0064087,-0.076599,2.7309,0.31158,0
0.00091553,0.005188,-0.068359,2.2757,0.31738,0
-0.0012207,0.00015259,-0.063171,2.0482,0.31403,0
-0.0039673,-0.0012207,-0.059662,2.0482,0.30518,0
-0.0059509,0.00045776,-0.056,2.2757,0.29907,0
-0.0013733,0.0013733,-0.052032,2.0482,0.29938,0
0.0038147,-0.00091553,-0.045013,2.2757,0.3006,0
0.0059509,-0.0039673,-0.033264,2.2757,0.30029,0
0.0036621,-0.0067139,-0.023041,2.7309,0.29663,0
0.00015259,-0.0054932,-0.010529,2.2757,0.29633,0
0.00061035,-0.0053406,0.0028992,2.2757,0.29694,0
0.0027466,-0.0024414,0.0086975,1.8206,0.29663,0
-0.0013733,0.00015259,0.0041199,2.2757,0.29327,0
-0.0082397,0.00015259,-0.0047302,1.3655,0.29236,0
-0.010986,-0.0036621,-0.011749,2.0482,0.29144,0
-0.0067139,-0.010681,-0.011597,1.8206,0.28778,0
0.0018311,-0.016022,-0.0080872,2.5033,0.27954,0
0.01358,-0.017395,-0.0076294,2.2757,0.26917,0
0.020752,-0.019073,-0.0057983,2.5033,0.2597,0
0.020752,-0.022736,0.0016785,2.0482,0.25604,0
0.022583,-0.018005,0.0054932,2.2757,0.25909,0
0.027466,-0.012665,0.0015259,2.2757,0.2652,0
0.028381,-0.010223,-0.0038147,2.2757,0.26917,0
0.023956,-0.012054,-0.013123,1.8206,0.26886,0
0.019989,-0.011749,-0.023499,2.5033,0.26276,0
0.019226,-0.010529,-0.033112,2.7309,0.25635,0
0.018768,-0.0085449,-0.027313,2.2757,0.25208,0
0.018921,-0.010223,-0.0038147,2.2757,0.25116,0
0.019226,-0.0091553,0.029602,2.2757,0.25452,0
0.018921,-0.0067139,0.055542,2.5033,0.2594,0
0.018921,-0.0035095,0.065918,2.7309,0.25543,0
0.018921,0.0012207,0.066223,2.7309,0.24017,0
0.019073,0.0028992,0.070953,2.7309,0.21545,0
0.018768,0.0033569,0.073395,2.2757,0.19836,0
0.019073,0.0041199,0.068359,2.5033,0.19592,0
0.018921,0.0068665,0.055237,2.9584,0.20538,0
0.013885,0.0076294,0.043335,2.7309,0.22064,0
0.0056458,0.0062561,0.031433,2.5033,0.23224,0
-0.00030518,0.0048828,0.020142,2.2757,0.23407,0
-0.0036621,0.0012207,0.011139,2.5033,0.22675,0
-0.0039673,-0.0028992,0.0042725,3.186,0.21637,0
-0.0041199,-0.0041199,-0.0062561,2.5033,0.21027,0
-0.0050354,-0.005188,-0.015259,2.5033,0.21118,0
-0.0042725,-0.0042725,-0.009613,2.5033,0.2182,0
-0.0033569,-0.0022888,0.0054932,2.7309,0.22247,0
-0.0059509,-0.0018311,0.018311,2.2757,0.2243,0
-0.015106,-0.0039673,0.027924,2.0482,0.224,0
-0.021667,-0.0056458,0.0354,2.2757,0.22064,0
-0.026855,-0.0056458,0.037079,2.2757,0.21393,0
-0.031128,-0.0022888,0.034637,2.5033,0.20477,0
-0.030823,0.00015259,0.029755,2.5033,0.19623,0
-0.027161,0.00061035,0.02243,2.7309,0.19196,0
-0.025787,-0.0016785,0.010986,2.2757,0.19012,0
-0.027161,-0.0032043,-0.00091553,1.8206,0.18829,0
-0.024109,-0.0022888,-0.0083923,2.2757,0.18555,0
-0.019226,-0.0027466,-0.013123,1.8206,0.18341,0
-0.011749,-0.0071716,-0.019073,2.2757,0.18311,0
-0.0059509,-0.011444,-0.026093,2.7309,0.18463,0
-0.0021362,-0.014038,-0.032501,2.5033,0.18555,0
-0.0027466,-0.012665,-0.036621,2.5033,0.18646,0
-0.0061035,-0.014191,-0.0383,2.0482,0.19043,0
-0.0085449,-0.017548,-0.038147,2.0482,0.19684,0
-0.010071,-0.020294,-0.03891,1.8206,0.2066,0
-0.0062561,-0.021362,-0.040131,2.0482,0.21698,0
0.0024414,-0.021362,-0.039673,3.4135,0.22217,0
0.0054932,-0.021362,-0.039825,3.4135,0.21759,0
0.0028992,-0.021362,-0.039978,3.186,0.2063,0
-0.00030518,-0.021362,-0.040131,2.9584,0.19623,0
-0.002594,-0.02121,-0.039978,3.4135,0.19135,0
0.00045776,-0.021362,-0.039978,2.9584,0.18951,0
0.0065613,-0.021057,-0.039978,2.7309,0.19287,0
0.010376,-0.02121,-0.03952,2.5033,0.20416,0
0.011444,-0.021362,-0.039978,2.5033,0.21027,0
0.010529,-0.018311,-0.038452,2.7309,0.20142,0
0.010681,-0.0085449,-0.036011,2.7309,0.18433,0
0.012054,-0.0047302,-0.037689,2.9584,0.1709,0
0.011444,-0.0059509,-0.034027,2.7309,0.16266,0
0.0068665,-0.0068665,-0.026398,3.4135,0.15961,0
-0.0010681,-0.0024414,-0.016174,2.5033,0.15717,0
-0.0083923,0.0036621,-0.0090027,2.5033,0.15259,0
-0.013123,0.0064087,-0.0068665,2.7309,0.14374,0
-0.011749,0.0028992,-0.0024414,2.7309,0.13367,0
0.00030518,-0.0039673,0.0064087,2.7309,0.12299,0
0.01297,-0.007782,0.013885,2.7309,0.11475,0
0.018005,-0.0080872,0.015411,2.5033,0.10559,0
0.018005,-0.0045776,0.013275,2.2757,0.097961,0
0.021057,-0.00030518,0.0057983,2.5033,0.094299,0
0.029144,0.0024414,-0.0048828,2.5033,0.091553,0
0.034485,0.0032043,-0.018463,2.9584,0.090027,0
0.03067,0.0030518,-0.018463,2.9584,0.083313,0
0.019684,0.0018311,-0.0033569,2.2757,0.076599,0
0.0061035,0.0028992,0.018463,2.7309,0.074463,0
0.0012207,0.005188,0.037384,2.7309,0.074158,0
0.00030518,0.0071716,0.047607,2.0482,0.067444,0
-0.00015259,0.0080872,0.043488,2.2757,0.050049,0
-0.00045776,0.0080872,0.029449,2.2757,0.032654,0
-0.00061035,0.007019,0.0074768,2.5033,0.015259,0
-0.0012207,0.0033569,-0.013275,1.8206,0.0033569,0
-0.0045776,-0.00030518,-0.02594,1.8206,-0.005188,0
-0.007019,-0.0010681,-0.028534,2.2757,-0.013123,0
-0.0035095,0,-0.015259,1.8206,-0.022888,0
0.0016785,0.0010681,0.0068665,2.2757,-0.030518,0
0.0048828,0.0024414,0.025482,2.9584,-0.036011,0
0.0085449,0.0033569,0.035706,2.0482,-0.045166,0
0.0099182,0.0032043,0.036621,2.2757,-0.055237,0
0.01358,0.0061035,0.021362,2.7309,-0.067444,0
0.025024,0.010529,0.0018311,2.0482,-0.076904,0
0.033569,0.0097656,-0.007782,2.5033,-0.080566,0
0.034943,0.0053406,-0.0013733,2.9584,-0.083923,0
0.032196,0.0030518,0.015259,3.4135,-0.086975,0
0.024261,0.0033569,0.03418,2.9584,-0.093689,0
0.014954,0.0047302,0.041809,3.4135,-0.098877,0
0.0094604,0.0050354,0.036774,3.6411,-0.099182,0
0.0057983,0.0032043,0.021667,2.9584,-0.096436,0
0.0056458,0.00045776,0.0094604,2.9584,-0.085754,0
0.0042725,0.0042725,0.0062561,2.7309,-0.072021,0
0.00030518,0.0067139,0.010834,2.9584,-0.062866,0
-0.0010681,0.0068665,0.016632,2.7309,-0.067139,0
-0.0019836,0.0076294,0.019531,3.186,-0.081787,0
-0.0068665,0.0054932,0.017853,2.9584,-0.097351,0
-0.018768,0.0019836,0.016785,3.186,-0.10529,0
-0.032501,0.0016785,0.018921,3.186,-0.099182,0
-0.040131,0.00015259,0.027618,3.186,-0.08667,0
-0.040741,-0.0039673,0.040588,2.7309,-0.075989,0
-0.037231,-0.004425,0.052643,2.2757,-0.071106,0
-0.027161,-0.0035095,0.057526,2.7309,-0.07019,0
-0.016785,-0.0019836,0.060425,2.5033,-0.068665,0
-0.010834,0,0.063629,2.5033,-0.065002,0
-0.0062561,-0.00045776,0.061493,2.7309,-0.057373,0
-0.0048828,-0.005188,0.051575,2.5033,-0.051575,0
-0.0080872,-0.0076294,0.042419,2.2757,-0.044556,0
-0.016785,-0.0062561,0.040283,2.2757,-0.03479,0
-0.027313,-0.0015259,0.044708,2.5033,-0.02594,0
-0.032349,0.00015259,0.050201,2.2757,-0.018005,0
-0.024261,-0.00076294,0.048218,2.2757,-0.011902,0
-0.0064087,-0.0015259,0.044403,2.2757,-0.0082397,0
0.010986,-0.0019836,0.041046,1.8206,-0.0076294,0
0.01236,-0.0038147,0.041199,2.0482,-0.0091553,0
0.0047302,-0.0059509,0.0354,1.5931,-0.010681,0
0.00061035,-0.0082397,0.021667,2.0482,-0.0097656,0
0.00045776,-0.0085449,0.0074768,1.5931,-0.0091553,0
0.0045776,-0.0056458,0.00076294,2.0482,-0.0088501,0
0.010376,0.00076294,0.0053406,2.7309,-0.013733,0
0.010986,0.0045776,0.015717,2.2757,-0.025024,0
0.0065613,0.0054932,0.020294,2.2757,-0.035706,0
0.0073242,0.0056458,0.021057,2.2757,-0.04425,0
0.019684,0.005188,0.021515,2.0482,-0.050049,0
0.036621,0.0053406,0.021362,2.7309,-0.056152,0
0.04425,0.0054932,0.02182,2.5033,-0.064697,0
0.039062,0.0056458,0.021667,2.9584,-0.077515,0
0.025024,0.004425,0.014343,2.2757,-0.087585,0
0.011292,0.0013733,-0.010529,2.9584,-0.092163,0
-0.0012207,0.0035095,-0.023499,2.5033,-0.093384,0
-0.005188,0.0027466,-0.026855,2.0482,-0.096741,0
-0.0024414,0.0015259,-0.029602,2.7309,-0.10468,0
-0.0018311,0.0016785,-0.038147,2.2757,-0.1123,0
-0.002594,-0.0010681,-0.047607,2.7309,-0.11749,0
-0.0050354,-0.0027466,-0.05188,2.9584,-0.12329,0
-0.0068665,-0.00015259,-0.047607,3.4135,-0.12665,0
-0.0090027,0.0018311,-0.037537,2.7309,-0.12817,0
-0.010223,0.0033569,-0.027466,2.9584,-0.12482,0
-0.010529,0.004425,-0.025024,3.186,-0.12146,0
-0.012207,0.0039673,-0.023499,3.186,-0.12115,0
-0.014496,0.0050354,-0.018005,3.6411,-0.12634,0
-0.014954,0.0054932,-0.016174,2.7309,-0.12939,0
-0.0088501,0.0050354,-0.01709,2.2757,-0.13,0
0.0036621,0.0018311,-0.015717,2.0482,-0.1297,0
0.010376,-0.00030518,-0.0082397,2.9584,-0.12756,0
0.0099182,0.00030518,-0.0061035,2.2757,-0.12024,0
0.0042725,0,-0.010529,2.5033,-0.10834,0
-0.0047302,-0.0012207,-0.013275,2.2757,-0.093994,0
-0.01297,-0.0022888,-0.010681,2.2757,-0.081482,0
-0.011902,0.0010681,-0.0062561,2.5033,-0.076599,0
-0.0030518,0.0022888,0.0019836,1.8206,-0.075989,0
-0.00045776,0.0010681,0.021667,2.7309,-0.072632,0
-0.0039673,-0.00076294,0.038147,2.2757,-0.061951,0
-0.0090027,0.00015259,0.039062,2.2757,-0.039978,0
-0.009613,0.0013733,0.023651,1.5931,-0.018921,0
-0.0041199,0.0042725,0.0074768,2.2757,-0.007019,0
0.0065613,0.0045776,-0.0036621,2.2757,-0.0045776,0
0.021362,0.0016785,-0.01236,2.5033,-0.0057983,0
0.035095,-0.00091553,-0.0177,2.7309,-0.0076294,0
0.041809,-0.0022888,-0.017242,2.5033,-0.0057983,0
0.0383,-0.0032043,-0.014648,2.0482,-0.00061035,0
0.03006,-0.0041199,-0.014496,2.0482,0.0039673,0
0.027313,-0.0041199,-0.015869,2.0482,0.0057983,0
0.024872,-0.0042725,-0.0177,2.9584,0.0042725,0
0.013885,-0.0048828,-0.013123,2.9584,0.00030518,0
-0.0012207,-0.0032043,-0.0054932,2.9584,-0.0030518,0
-0.017395,-0.0033569,0.00045776,2.5033,-0.0018311,0
-0.025024,-0.0012207,0.0018311,2.5033,0.0042725,0
-0.018158,0.0016785,-0.0033569,2.5033,0.014954,0
-0.0093079,0.0024414,-0.014343,2.9584,0.029297,0
-0.0082397,0.0024414,-0.02243,2.7309,0.04303,0
-0.013885,0.0033569,-0.021057,3.186,0.054016,0
-0.020447,0.00091553,-0.016479,2.7309,0.061035,0
-0.026245,-0.0027466,-0.01236,2.9584,0.067444,0
-0.030975,-0.0038147,-0.005188,2.9584,0.072327,0
-0.038147,-0.0016785,0.00061035,3.186,0.079956,0
-0.04303,0.00030518,0.0064087,2.7309,0.088806,0
-0.040131,0.0028992,0.013428,2.7309,0.098572,0
-0.031128,0.0048828,0.01709,2.5033,0.10468,0
-0.020294,0.0048828,0.018616,2.9584,0.10742,0
-0.010071,0.0019836,0.011902,2.2757,0.10468,0
0.0016785,0.0018311,0.00045776,2.2757,0.098877,0
0.0082397,0.0038147,-0.0097656,2.2757,0.091858,0
0.0071716,0.0039673,-0.015411,2.2757,0.091248,0
0.0050354,0.005188,-0.009613,2.5033,0.09613,0
-0.00091553,0.0083923,-0.00076294,2.7309,0.10651,0
-0.012665,0.012665,0.007019,2.7309,0.11414,0
-0.025482,0.015717,0.019531,2.5033,0.11871,0
-0.036011,0.014954,0.027466,1.8206,0.11688,0
-0.036621,0.011597,0.023956,2.2757,0.11566,0
-0.03067,0.0090027,0.011597,2.2757,0.11658,0
-0.017853,0.0062561,0.0013733,2.2757,0.12543,0
0.0042725,-0.00061035,-0.0045776,1.8206,0.13611,0
0.028687,-0.0039673,-0.014496,2.2757,0.14374,0
0.04303,-0.0064087,-0.023041,1.5931,0.14832,0
0.044403,-0.0083923,-0.027771,2.0482,0.15106,0
0.043945,-0.009613,-0.027466,2.5033,0.14771,0
0.047302,-0.0067139,-0.015717,2.2757,0.13916,0
0.049744,-0.0038147,0.0016785,2.5033,0.13,0
0.047455,-0.0068665,0.009613,2.7309,0.13,0
0.040283,-0.013885,0.0074768,2.2757,0.13947,0
0.034332,-0.018158,0.0039673,2.5033,0.15503,0
0.033722,-0.02243,0.0032043,2.5033,0.1651,0
0.0354,-0.023041,0,2.2757,0.1709,0
0.036011,-0.020294,-0.004425,2.7309,0.16998,0
0.036163,-0.018616,-0.009613,2.5033,0.16937,0
0.036163,-0.020752,-0.013885,2.2757,0.17242,0
0.036011,-0.027771,-0.012054,2.7309,0.18494,0
0.036163,-0.030365,-0.010681,2.5033,0.20264,0
0.036163,-0.031128,-0.010376,2.5033,0.21973,0
0.036011,-0.031281,-0.010529,2.2757,0.23285,0
0.036469,-0.031128,-0.010681,2.7309,0.23651,0
0.036316,-0.030975,-0.0090027,2.9584,0.23682,0
0.036316,-0.028534,-0.0045776,2.7309,0.23315,0
0.035858,-0.026245,-0.0056458,3.4135,0.23224,0
0.027008,-0.024109,-0.0039673,2.9584,0.23773,0
0.019379,-0.02121,-0.0032043,2.7309,0.24811,0
0.016479,-0.019073,-0.0035095,2.9584,0.26245,0
0.0094604,-0.017395,-0.0067139,2.5033,0.27588,0
0.00045776,-0.017853,-0.016327,2.2757,0.28473,0
-0.0019836,-0.016022,-0.027924,2.5033,0.28259,0
-0.0021362,-0.012665,-0.033417,2.7309,0.271,0
-0.0091553,-0.011902,-0.029297,3.186,0.25635,0
-0.010529,-0.010834,-0.018463,2.9584,0.24597,0
-0.00091553,-0.0086975,-0.0071716,2.2757,0.24231,0
0.0068665,-0.0062561,0.0039673,2.7309,0.24231,0
0.0085449,-0.0074768,0.010223,2.7309,0.24506,0
0.0091553,-0.0088501,0.0088501,1.8206,0.2475,0
0.0090027,-0.0088501,0.0039673,1.5931,0.24658,0
0.0090027,-0.0085449,0.0047302,1.8206,0.24261,0
0.0090027,-0.0074768,0.014191,2.5033,0.24353,0
0.0090027,-0.0083923,0.025177,2.5033,0.24719,0
0.0088501,-0.0090027,0.031281,2.5033,0.25452,0
0.0093079,-0.0090027,0.033417,3.186,0.26031,0
0.0090027,-0.0088501,0.033264,2.9584,0.26184,0
0.0091553,-0.0071716,0.030518,2.2757,0.26123,0
0.0094604,-0.0067139,0.024261,2.2757,0.25726,0
0.0093079,-0.0079346,0.02121,2.5033,0.24811,0
0.0090027,-0.0083923,0.023041,2.7309,0.23865,0
0.0093079,-0.007019,0.024872,2.9584,0.23163,0
0.0090027,-0.0045776,0.023804,2.2757,0.23407,0
0.0091553,-0.004425,0.022125,2.5033,0.24078,0
0.0090027,-0.0061035,0.021057,2.2757,0.24963,0
0.0093079,-0.0079346,0.0177,2.9584,0.25543,0
0.0088501,-0.0059509,0.015717,2.5033,0.25604,0
0.0093079,-0.0016785,0.015259,3.186,0.25299,0
-0.0021362,-0.0028992,0.013275,2.5033,0.24994,0
-0.012665,-0.0039673,0.011902,2.7309,0.2475,0
-0.0024414,-0.0039673,0.012817,2.9584,0.24292,0
0.01297,-0.0032043,0.018158,2.7309,0.23621,0
0.015717,-0.0022888,0.02533,2.9584,0.2301,0
0.01236,-0.0019836,0.03418,3.4135,0.22186,0
0.010834,-0.0030518,0.041809,2.9584,0.2124,0
0.0093079,-0.0019836,0.04776,2.9584,0.20294,0
0.005188,-0.0013733,0.046844,2.7309,0.1947,0
-0.00045776,-0.0015259,0.041656,2.9584,0.18555,0
-0.0042725,-0.0016785,0.040588,3.186,0.1767,0
-0.0093079,-0.0012207,0.039368,2.9584,0.16663,0
-0.017853,-0.00015259,0.040588,2.7309,0.15869,0
-0.022736,-0.0010681,0.042572,2.9584,0.15015,0
-0.019531,-0.0015259,0.043335,2.9584,0.14191,0
-0.010834,0.00030518,0.042572,2.2757,0.13397,0
-0.0015259,0.00030518,0.045624,3.4135,0.12604,0
0.0080872,0.00030518,0.048065,3.186,0.11963,0
0.014801,0.004425,0.046539,2.9584,0.11078,0
0.010834,0.0090027,0.044556,2.7309,0.1001,0
0.0085449,0.0090027,0.044861,2.2757,0.090027,0
0.012207,0.005188,0.048523,2.0482,0.080566,0
0.017548,0.0057983,0.051575,2.7309,0.073242,0
0.020752,0.0062561,0.059052,2.5033,0.064697,0
0.024719,0.0041199,0.067291,2.2757,0.060425,0
0.025635,0.0032043,0.071259,2.2757,0.055237,0
0.023499,0.0028992,0.072327,2.5033,0.050659,0
0.024109,0.0032043,0.073395,2.5033,0.046997,0
0.023804,0.0022888,0.079803,2.0482,0.04364,0
0.02121,-0.00030518,0.083923,2.2757,0.044556,0
0.018158,-0.00030518,0.086365,2.2757,0.051575,0
0.014954,-0.0038147,0.084229,2.7309,0.06073,0
0.0088501,-0.0064087,0.070038,2.5033,0.069885,0
0.0047302,-0.0035095,0.053406,2.0482,0.074463,0
0.010834,-0.0042725,0.050049,2.2757,0.073853,0
0.027008,-0.0057983,0.059204,1.5931,0.070496,0
0.041809,-0.0059509,0.065308,2.0482,0.067444,0
0.048065,-0.0038147,0.06134,2.2757,0.066833,0
0.04303,0.00076294,0.052643,2.2757,0.068054,0
0.026855,0.0018311,0.043488,2.5033,0.06897,0
0.0030518,0.0045776,0.035553,2.5033,0.064392,0
-0.018768,0.0067139,0.027466,2.2757,0.057678,0
-0.03067,0.0059509,0.017853,1.8206,0.053406,0
-0.030365,0.0064087,0.0065613,2.2757,0.049744,0
-0.018005,0.0090027,0.00030518,2.0482,0.047302,0
-0.0030518,0.010681,-0.0022888,2.2757,0.044861,0
-0.0015259,0.01236,-0.0038147,2.7309,0.041809,0
-0.017395,0.011597,-0.00030518,2.5033,0.036316,0
-0.028229,0.0080872,0.0062561,2.2757,0.02655,0
-0.021667,0.0068665,0.011139,2.2757,0.013733,0
-0.015411,0.0080872,0.015259,1.8206,0.00030518,0
-0.013275,0.013123,0.019379,2.5033,-0.010986,0
-0.0015259,0.016937,0.019684,2.2757,-0.020447,0
0.015869,0.017548,0.020447,2.5033,-0.033875,0
0.028229,0.016327,0.02594,1.3655,-0.047607,0
0.025177,0.017242,0.033875,2.2757,-0.065308,0
0.0038147,0.015411,0.037689,1.5931,-0.081787,0
-0.026855,0.013123,0.03479,2.0482,-0.097046,0
-0.055847,0.010071,0.029755,2.5033,-0.10712,0
-0.066376,0.0030518,0.029755,1.8206,-0.11292,0
-0.054169,-0.0047302,0.035095,1.8206,-0.11993,0
-0.026703,-0.0065613,0.042267,2.2757,-0.12695,0
-0.0010681,-0.0036621,0.04837,1.1379,-0.1358,0
0.012054,0.0030518,0.051575,1.8206,-0.14526,0
0.014801,0.0067139,0.050659,1.5931,-0.15533,0
0.019684,0.0054932,0.046539,2.5033,-0.16327,0
0.036469,0.0019836,0.040588,2.0482,-0.1712,0
0.059662,0.0015259,0.036621,2.2757,-0.17975,0
0.08194,0.0048828,0.036316,2.2757,-0.19012,0
0.095062,0.0090027,0.031891,2.2757,-0.20111,0
0.088501,0.0099182,0.025482,2.5033,-0.2121,0
0.068359,0.0090027,0.016785,1.8206,-0.22156,0
0.049438,0.0097656,0.007019,2.0482,-0.23315,0
0.036316,0.0088501,0.0036621,1.8206,-0.24506,0
0.026245,0.0053406,-0.0013733,1.8206,-0.25208,0
0.020294,0.0054932,-0.0083923,2.0482,-0.25818,0
0.018005,0.0082397,-0.0094604,2.0482,-0.26154,0
0.011597,0.011597,-0.0054932,1.8206,-0.26581,0
0.0050354,0.011444,0.0022888,2.0482,-0.26886,0
-0.00045776,0.0071716,0.0073242,2.7309,-0.27252,0
-0.0073242,0.0041199,0.0093079,2.0482,-0.27313,0
-0.015869,0.0036621,0.0036621,2.2757,-0.27588,0
-0.022278,0.0035095,-0.0010681,2.5033,-0.27893,0
-0.026703,0.0054932,-0.0027466,2.0482,-0.28259,0
-0.027008,0.0062561,-0.0067139,2.0482,-0.28778,0
-0.017242,0.0041199,-0.016327,2.5033,-0.2948,0
-0.0012207,0.004425,-0.027313,2.7309,-0.30426,0
0.0045776,0.0038147,-0.037537,3.186,-0.31525,0
-0.0021362,0.0053406,-0.045471,2.7309,-0.32593,0
-0.015564,0.0054932,-0.044403,2.5033,-0.33447,0
-0.027771,0.0068665,-0.032349,1.8206,-0.33905,0
-0.030518,0.007019,-0.023346,2.5033,-0.34149,0
-0.020142,0.0090027,-0.023804,2.5033,-0.34363,0
-0.0041199,0.010223,-0.036011,2.5033,-0.34515,0
-0.00091553,0.0099182,-0.053864,1.3655,-0.34821,0
-0.014191,0.0086975,-0.06485,2.2757,-0.35034,0
-0.029297,0.0080872,-0.067291,2.0482,-0.34943,0
-0.033417,0.0068665,-0.064392,2.0482,-0.34241,0
-0.02533,0.0090027,-0.061951,2.2757,-0.3302,0
-0.0041199,0.010223,-0.046234,2.2757,-0.31555,0
0.030823,0.0099182,-0.017853,1.8206,-0.30334,0
0.057068,0.0090027,0.0073242,2.2757,-0.29388,0
0.050354,0.0093079,0.016937,1.8206,-0.28656,0
0.028381,0.0073242,0.011749,2.2757,-0.27985,0
0.016479,0.0064087,0.00030518,2.2757,-0.27222,0
0.010986,0.0042725,-0.010986,1.5931,-0.26367,0
0.0045776,0.0036621,-0.021515,1.8206,-0.25604,0
-0.0056458,0.0048828,-0.026855,2.5033,-0.24811,0
-0.020142,0.0054932,-0.024414,2.2757,-0.24017,0
-0.033875,0.0050354,-0.015869,2.5033,-0.22797,0
-0.043488,0.0013733,-0.010529,2.2757,-0.21759,0
-0.04837,-0.0010681,-0.009613,2.2757,-0.21088,0
-0.049591,-0.002594,-0.0068665,1.8206,-0.20752,0
-0.051727,-0.00061035,0,2.5033,-0.20752,0
-0.056,-0.00030518,0.0068665,2.2757,-0.20813,0
-0.052185,-0.0021362,0.011139,2.5033,-0.21088,0
-0.040283,0.00030518,0.013733,2.7309,-0.21393,0
-0.02594,0.0019836,0.010529,2.2757,-0.21698,0
-0.016327,0.0016785,0.0074768,2.2757,-0.21729,0
-0.013885,-0.0028992,0.0030518,2.5033,-0.21454,0
-0.016022,-0.0062561,-0.0068665,1.8206,-0.20905,0
-0.016785,-0.0045776,-0.013428,2.0482,-0.20294,0
-0.012512,-0.007782,-0.01709,2.7309,-0.19714,0
-0.0018311,-0.010071,-0.020752,2.2757,-0.19104,0
0.0071716,-0.0093079,-0.026398,2.7309,-0.18036,0
0.014038,-0.0071716,-0.032043,2.7309,-0.16571,0
0.020752,-0.0068665,-0.034637,2.2757,-0.14923,0
0.025024,-0.0074768,-0.034485,2.7309,-0.13489,0
0.023499,-0.004425,-0.031891,2.2757,-0.12421,0
0.02121,-0.0013733,-0.030365,1.8206,-0.11719,0
0.019073,-0.0016785,-0.024872,2.2757,-0.11139,0
0.0099182,-0.0033569,-0.018921,2.0482,-0.10529,0
0.0021362,-0.0038147,-0.014343,1.8206,-0.096436,0
0.00076294,-0.0039673,-0.012817,1.8206,-0.08667,0
0.00015259,-0.0050354,-0.019073,2.5033,-0.076599,0
-0.007782,-0.007782,-0.027466,2.2757,-0.064392,0
-0.023651,-0.0088501,-0.032806,2.2757,-0.05188,0
-0.041656,-0.0093079,-0.033875,2.5033,-0.037842,0
-0.054626,-0.010529,-0.03067,2.2757,-0.02655,0
-0.056305,-0.0093079,-0.026093,1.8206,-0.012512,0
-0.042877,-0.0090027,-0.021973,2.0482,0.005188,0
-0.021667,-0.0090027,-0.02121,1.8206,0.027466,0
-0.0015259,-0.0094604,-0.021515,1.8206,0.047302,0
0.011139,-0.011902,-0.019989,2.0482,0.063782,0
0.010986,-0.0094604,-0.019531,1.8206,0.075989,0
0.010986,-0.007782,-0.021515,1.5931,0.083618,0
0.022888,-0.0061035,-0.02121,2.2757,0.091248,0
0.048676,-0.0042725,-0.016174,1.5931,0.10193,0
0.075226,-0.0012207,-0.005188,2.2757,0.11444,0
0.091858,0.0032043,0.00045776,2.0482,0.12878,0
0.089722,0.0030518,0.0030518,2.7309,0.14038,0
0.071564,0.0015259,0.0074768,2.7309,0.14832,0
0.054474,0.00076294,0.0088501,2.2757,0.15106,0
0.047302,0.00061035,0.0047302,2.5033,0.14801,0
0.040588,0.0015259,0.0030518,1.8206,0.14679,0
0.028076,0.0041199,0.0033569,2.2757,0.15076,0
0.019073,0.0054932,0.0038147,2.0482,0.16022,0
0.02121,0.0048828,0.0041199,2.5033,0.17365,0
0.022583,0.0016785,0.0038147,1.8206,0.18494,0
0.015869,-0.00076294,0.0028992,2.5033,0.19348,0
0.0016785,0.00045776,0.00091553,2.0482,0.2005,0
-0.019073,0.0018311,-0.0033569,2.0482,0.20233,0
-0.043488,-0.00061035,-0.005188,1.8206,0.20203,0
-0.069427,-0.0030518,-0.0041199,2.5033,0.19989,0
-0.087585,-0.0035095,-0.011902,2.5033,0.19928,0
-0.086517,-0.00045776,-0.030212,2.7309,0.19867,0
-0.064697,-0.0018311,-0.055847,2.5033,0.2002,0
-0.042419,-0.010071,-0.076752,2.0482,0.20538,0
-0.028992,-0.014038,-0.077362,2.2757,0.21332,0
-0.0067139,-0.012054,-0.06134,2.7309,0.22095,0
0.018311,-0.0076294,-0.04364,2.2757,0.22675,0
0.018921,-0.0048828,-0.031891,2.5033,0.22949,0
0.0030518,-0.0032043,-0.020294,2.2757,0.22949,0
-0.0061035,0,-0.009613,2.0482,0.2298,0
-0.0068665,0.0022888,0.0035095,2.9584,0.23071,0
-0.0036621,0.0030518,0.020752,2.2757,0.23102,0
0.0021362,0.0035095,0.031891,2.2757,0.23102,0
0.0085449,0.0039673,0.034027,1.8206,0.22827,0
0.013885,0.0013733,0.027161,2.2757,0.22461,0
0.020294,-0.0035095,0.016327,2.7309,0.21912,0
0.025177,-0.0082397,0.0071716,2.5033,0.21332,0
0.026093,-0.01236,0.0062561,2.2757,0.20752,0
0.024414,-0.013275,0.0038147,2.7309,0.20508,0
0.016022,-0.0099182,-0.0045776,2.2757,0.20233,0
0.007782,-0.007019,-0.0093079,1.5931,0.20386,0
0.0047302,-0.0067139,-0.007019,1.8206,0.20966,0
0.0032043,-0.0067139,-0.0094604,1.5931,0.21515,0
0.0032043,-0.0071716,-0.023804,1.5931,0.21973,0
0.0019836,-0.0086975,-0.037994,1.3655,0.2298,0
-0.0039673,-0.010376,-0.039673,1.5931,0.24109,0
-0.0086975,-0.011597,-0.030365,1.3655,0.25574,0
-0.0068665,-0.01236,-0.01709,1.5931,0.2652,0
0.0013733,-0.0093079,-0.0018311,2.2757,0.27039,0
0.010681,-0.005188,0.016632,2.7309,0.271,0
0.015259,-0.0015259,0.029144,1.8206,0.2713,0
0.015259,0.0016785,0.027924,2.5033,0.27008,0
0.013428,0.0036621,0.020599,2.5033,0.26978,0
0.0097656,0.0057983,0.019684,2.2757,0.26886,0
0.0053406,0.010223,0.02533,2.0482,0.26825,0
0.00076294,0.013733,0.028992,2.0482,0.26703,0
-0.0022888,0.014191,0.034637,2.5033,0.26276,0
0.00015259,0.010529,0.036926,2.7309,0.25513,0
0,0.010071,0.030365,2.0482,0.24231,0
-0.0057983,0.010834,0.028076,2.7309,0.22858,0
-0.0093079,0.012665,0.03006,2.5033,0.21606,0
-0.0071716,0.01358,0.028381,2.7309,0.20752,0
-0.0050354,0.011444,0.019531,2.5033,0.2002,0
-0.0067139,0.0086975,0.011597,3.186,0.19653,0
-0.018921,0.0061035,0.0076294,2.7309,0.19348,0
-0.023499,0.0042725,0.0053406,2.5033,0.19196,0
-0.015411,0.0032043,0.0057983,2.0482,0.18768,0
-0.0067139,0.0024414,0.0048828,2.9584,0.17975,0
-0.0035095,-0.00045776,0.0050354,2.7309,0.16876,0
-0.0036621,-0.00091553,0.0097656,2.2757,0.15594,0
-0.0062561,0.00030518,0.017853,2.2757,0.14404,0
-0.013885,0.00045776,0.020294,2.5033,0.13489,0
-0.026703,0.0015259,0.012207,2.2757,0.13092,0
-0.034637,0.005188,0.00076294,2.7309,0.13031,0
-0.037231,0.011139,-0.0018311,1.5931,0.13062,0
-0.037231,0.014801,0,1.8206,0.12604,0
-0.032959,0.015564,-0.00091553,1.8206,0.1181,0
-0.032196,0.015259,-0.0039673,1.8206,0.10468,0
-0.031738,0.014801,-0.0054932,1.8206,0.090027,0
-0.02533,0.010986,-0.0067139,1.5931,0.07782,0
-0.016327,0.0068665,-0.0065613,1.3655,0.068359,0
-0.01358,0.0064087,-0.0079346,1.5931,0.061035,0
-0.018921,0.0083923,-0.0079346,1.8206,0.056152,0
-0.025482,0.0059509,-0.0039673,1.8206,0.050354,0
-0.026093,0.0015259,-0.0047302,2.5033,0.043945,0
-0.017395,-0.0027466,-0.0059509,2.2757,0.033569,0
-0.002594,-0.0041199,-0.0015259,2.2757,0.018005,0
0.0062561,-0.0054932,0.0054932,1.5931,-0.00091553,0
0.007782,-0.005188,0.013275,2.7309,-0.021667,0
0.005188,-0.0067139,0.022125,2.2757,-0.040894,0
-0.0013733,-0.010223,0.030518,2.0482,-0.056763,0
-0.0041199,-0.012817,0.030823,2.2757,-0.069885,0
-0.0012207,-0.012054,0.020447,1.8206,-0.079956,0
-0.00015259,-0.013733,0.0062561,1.1379,-0.083923,0
-0.0064087,-0.014343,-0.0054932,1.8206,-0.084534,0
-0.015411,-0.010376,-0.014954,1.8206,-0.086365,0
-0.02121,-0.0071716,-0.018616,2.5033,-0.089111,0
-0.027466,-0.0065613,-0.014038,2.7309,-0.09491,0
-0.028687,-0.0056458,-0.014343,2.2757,-0.1004,0
-0.026093,-0.002594,-0.020142,2.7309,-0.10437,0
-0.016174,-0.0018311,-0.025177,3.6411,-0.10681,0
0.0013733,-0.0073242,-0.029602,3.186,-0.10651,0
0.018768,-0.0064087,-0.02533,2.9584,-0.11047,0
0.023499,-0.0033569,-0.0059509,2.5033,-0.11719,0
0.016174,-0.0041199,0.01236,2.2757,-0.12543,0
0.010071,-0.0061035,0.021667,1.8206,-0.12909,0
0.011444,-0.0085449,0.029602,2.2757,-0.12543,0
0.02243,-0.0093079,0.041656,2.5033,-0.11749,0
0.0354,-0.011139,0.054321,2.7309,-0.11444,0
0.046082,-0.011139,0.057678,2.0482,-0.12177,0
0.050659,-0.011292,0.059662,1.8206,-0.13428,0
0.049744,-0.011444,0.062866,2.2757,-0.14526,0
0.049744,-0.011292,0.06012,2.0482,-0.15259,0
0.050354,-0.011139,0.052032,2.5033,-0.15564,0
0.048065,-0.0097656,0.041809,2.0482,-0.15625,0
0.045471,-0.0093079,0.033875,2.5033,-0.15961,0
0.037842,-0.011444,0.031433,2.2757,-0.16205,0
0.025787,-0.012817,0.035095,2.0482,-0.16449,0
0.014343,-0.011292,0.037994,2.0482,-0.16968,0
0.0038147,-0.0085449,0.032196,2.0482,-0.18005,0
-0.0016785,-0.010376,0.017395,1.8206,-0.19409,0
-0.00061035,-0.011597,0.0021362,2.0482,-0.21027,0
-0.00091553,-0.012512,-0.0065613,1.1379,-0.22583,0
-0.0012207,-0.010376,-0.014191,2.2757,-0.23987,0
0.0012207,-0.0090027,-0.019379,2.0482,-0.25116,0
0.0035095,-0.0071716,-0.022278,2.0482,-0.26184,0
0.004425,-0.007782,-0.020294,1.8206,-0.27679,0
0.0041199,-0.0094604,-0.015564,1.8206,-0.2948,0
0.0041199,-0.0082397,-0.0086975,1.8206,-0.31647,0
0.0032043,-0.0030518,0.00015259,2.0482,-0.34454,0
0.00015259,0.00061035,0.0065613,2.2757,-0.37842,0
-0.0033569,-0.00061035,0.012054,2.5033,-0.41229,0
-0.012817,-0.0015259,0.02121,2.2757,-0.44617,0
-0.023956,-0.00076294,0.034485,2.2757,-0.47729,0
-0.030823,0.0010681,0.04364,2.0482,-0.50171,0
-0.027161,0.0015259,0.051727,2.2757,-0.52032,0
-0.017548,-0.00030518,0.057983,2.2757,-0.53192,0
-0.0035095,-0.0056458,0.058136,2.5033,-0.53467,0
0.0079346,-0.009613,0.050354,2.2757,-0.53467,0
0.011902,-0.009613,0.040588,1.5931,-0.53253,0
0.0083923,-0.010223,0.03067,2.0482,-0.53131,0
0.0032043,-0.014496,0.019073,2.0482,-0.53101,0
-0.0032043,-0.015259,0.00045776,2.7309,-0.53223,0
-0.0099182,-0.010834,-0.018921,2.9584,-0.52979,0
-0.017395,-0.0074768,-0.032501,2.7309,-0.52521,0
-0.021515,-0.0071716,-0.040283,2.5033,-0.51331,0
-0.021362,-0.010986,-0.041351,2.5033,-0.495,0
-0.01709,-0.014801,-0.04364,2.0482,-0.47455,0
-0.018311,-0.015411,-0.048828,2.2757,-0.46143,0
-0.020447,-0.014191,-0.045471,1.8206,-0.45288,0
-0.02243,-0.011749,-0.028076,2.2757,-0.43976,0
-0.024261,-0.0094604,-0.013123,2.2757,-0.41473,0
-0.022736,-0.0059509,-0.0039673,1.8206,-0.37903,0
-0.018311,-0.0012207,0.0057983,2.0482,-0.33905,0
-0.018311,0.0018311,0.0177,2.0482,-0.30365,0
-0.020752,0.0033569,0.022278,2.7309,-0.26947,0
-0.026398,0.005188,0.015106,0.91037,-0.23529,0
-0.029755,0.0065613,0.0073242,1.3655,-0.2002,0
-0.027771,0.0099182,0.0097656,2.2757,-0.16418,0
-0.020447,0.014954,0.016632,1.8206,-0.12604,0
-0.010376,0.018005,0.022583,2.0482,-0.07782,0
0.007782,0.016632,0.026855,2.0482,-0.022278,0
0.027618,0.015717,0.027771,2.2757,0.03479,0
0.031128,0.015259,0.027771,2.5033,0.088501,0
0.020905,0.014648,0.016174,2.0482,0.13214,0
0.0074768,0.012054,-0.0013733,2.2757,0.16449,0
0.0012207,0.011749,-0.0045776,2.2757,0.18799,0
0.00030518,0.009613,0.007019,1.8206,0.20538,0
0.0015259,0.0091553,0.01709,1.8206,0.22186,0
0.0036621,0.0083923,0.018005,2.0482,0.23926,0
0.014801,0.0090027,0.014648,2.5033,0.2597,0
0.028534,0.01358,0.0085449,2.2757,0.27863,0
0.031281,0.021362,-0.0022888,2.0482,0.29846,0
0.024872,0.021362,-0.011597,1.8206,0.31342,0
0.020447,0.015869,-0.01358,2.0482,0.32562,0
0.016022,0.012665,-0.010986,1.8206,0.33661,0
0.0065613,0.0093079,-0.013885,1.5931,0.34271,0
-0.00091553,0.0016785,-0.02182,2.2757,0.33813,0
0.0035095,-0.0047302,-0.023804,2.7309,0.32257,0
0.01297,-0.00045776,-0.0041199,2.2757,0.30365,0
0.020905,0.010376,0.029755,2.5033,0.28931,0
0.023193,0.011444,0.051117,2.5033,0.28198,0
0.013428,0.0088501,0.057068,3.186,0.27527,0
0.00076294,0.01297,0.062714,2.7309,0.25787,0
-0.0038147,0.019836,0.069733,2.7309,0.23285,0
-0.0022888,0.019226,0.069427,2.5033,0.20569,0
-0.0019836,0.0065613,0.053711,2.2757,0.18646,0
-0.0015259,-0.0027466,0.03067,1.8206,0.17303,0
-0.0030518,-0.0038147,0.0076294,2.7309,0.16388,0
-0.0065613,-0.0032043,-0.013123,2.2757,0.14832,0
-0.012817,-0.0032043,-0.020599,2.7309,0.12909,0
-0.019989,0.0030518,-0.0018311,2.2757,0.10651,0
-0.028076,0.0068665,0.027313,2.5033,0.090027,0
-0.033112,0.005188,0.040436,2.7309,0.079346,0
-0.030365,0.00045776,0.032043,2.9584,0.072327,0
-0.020294,-0.0022888,0.014801,2.2757,0.065918,0
-0.0085449,-0.0059509,0.0042725,2.0482,0.060425,0
0.0019836,-0.0085449,0.0082397,2.9584,0.053711,0
0.012207,-0.010681,0.012665,2.5033,0.042114,0
0.020599,-0.010223,0.0038147,2.5033,0.029602,0
0.02533,-0.0064087,-0.009613,2.5033,0.015259,0
0.024109,0.00030518,-0.020752,2.0482,0.0021362,0
0.017395,0.0074768,-0.032043,1.8206,-0.0094604,0
0.0035095,0.007782,-0.046387,1.5931,-0.020142,0
-0.0085449,0.0048828,-0.056763,2.0482,-0.02655,0
-0.011597,-0.0027466,-0.060272,2.7309,-0.028992,0
-0.011139,-0.0097656,-0.065765,2.2757,-0.03418,0
-0.010223,-0.012512,-0.076752,2.2757,-0.045776,0
-0.010376,-0.011749,-0.079651,1.5931,-0.063477,0
-0.010529,-0.010223,-0.068207,2.0482,-0.083923,0
-0.010376,-0.0027466,-0.043182,1.8206,-0.10498,0
-0.010376,0.0062561,-0.017548,2.0482,-0.12238,0
-0.010223,0.011902,-0.0012207,1.8206,-0.13031,0
-0.010223,0.010986,0.00091553,2.2757,-0.12787,0
-0.010376,0.0088501,0.0039673,2.7309,-0.1181,0
-0.010376,0.0082397,0.013733,2.2757,-0.10529,0
-0.010376,0.007782,0.019989,2.0482,-0.097046,0
-0.010529,0.007782,0.012665,2.9584,-0.097046,0
-0.010376,0.0080872,-0.0018311,2.2757,-0.099792,0
-0.010071,0.009613,-0.012207,2.9584,-0.10376,0
-0.010376,0.015411,-0.010376,2.5033,-0.11078,0
-0.010376,0.016632,0.0056458,2.2757,-0.1181,0
-0.010529,0.013885,0.027313,2.5033,-0.11749,0
-0.010529,0.011139,0.037231,2.0482,-0.10895,0
-0.010529,0.0094604,0.037537,2.7309,-0.097351,0
-0.010681,0.0065613,0.038452,2.7309,-0.089111,0
-0.010529,0.0039673,0.039062,2.5033,-0.089417,0
-0.010376,0.0028992,0.03952,2.5033,-0.090942,0
-0.010376,0.00076294,0.034637,1.8206,-0.084839,0
-0.0027466,-0.0012207,0.024261,2.0482,-0.075073,0
0.0032043,-0.0035095,0.024414,2.0482,-0.065002,0
0.0086975,-0.0035095,0.038757,2.0482,-0.06012,0
0.012817,-0.0042725,0.050812,2.5033,-0.056152,0
0.0054932,-0.0064087,0.054626,1.8206,-0.054626,0
-0.011902,-0.010681,0.046997,2.2757,-0.055237,0
-0.025787,-0.013428,0.035553,2.2757,-0.06073,0
-0.034485,-0.013428,0.027924,2.2757,-0.065002,0
-0.037689,-0.011749,0.019989,2.2757,-0.065613,0
-0.033264,-0.011139,0.012817,2.0482,-0.058289,0
-0.026855,-0.009613,0.0056458,1.5931,-0.045166,0
-0.015259,-0.0085449,0.0047302,2.7309,-0.030212,0
0.0013733,-0.0076294,0.004425,1.8206,-0.017395,0
0.015564,-0.007782,0.00061035,1.5931,-0.0048828,0
0.023193,-0.0064087,-0.0030518,2.0482,0.0094604,0
0.030212,-0.0053406,-0.0028992,2.0482,0.024414,0
0.042114,-0.0056458,-0.0013733,1.5931,0.0354,0
0.049591,-0.0041199,-0.00045776,2.2757,0.044861,0
0.045471,-0.0027466,0.0018311,2.2757,0.059204,0
0.039368,-0.0030518,0.0054932,2.0482,0.082092,0
0.036621,-0.0019836,0.0062561,2.7309,0.10925,0
0.030212,-0.00015259,0.0045776,2.2757,0.13,0
0.012207,0.00076294,0.0018311,2.0482,0.13824,0
-0.0024414,0.00091553,-0.0035095,2.7309,0.14038,0
-0.00076294,0.0016785,-0.010681,2.9584,0.15717,0
0.010834,0.0047302,-0.010986,2.2757,0.18951,0
0.024414,0.0054932,-0.010223,2.0482,0.22369,0
0.028381,0.0067139,-0.010834,2.0482,0.25146,0
0.0177,0.0097656,-0.010223,2.0482,0.27191,0
0.00015259,0.0059509,-0.0064087,2.2757,0.28503,0
-0.014191,0.00015259,-0.0045776,2.2757,0.29175,0
-0.023041,-0.0039673,-0.0085449,2.7309,0.3009,0
-0.021362,-0.0074768,-0.019379,2.9584,0.31586,0
-0.020294,-0.0088501,-0.036774,2.2757,0.33325,0
-0.030975,-0.009613,-0.052643,2.9584,0.34393,0
-0.046539,-0.011902,-0.056,2.9584,0.33447,0
-0.057831,-0.010529,-0.050659,2.2757,0.31006,0
-0.064087,-0.0053406,-0.049896,2.7309,0.28015,0
-0.063019,-0.00061035,-0.055389,2.2757,0.26215,0
-0.055084,0.0012207,-0.060577,2.2757,0.26154,0
-0.045929,-0.0019836,-0.05661,2.2757,0.27069,0
-0.039825,-0.0030518,-0.049133,2.0482,0.28137,0
-0.032349,-0.00091553,-0.040588,2.2757,0.29205,0
-0.019226,-0.00045776,-0.039978,1.8206,0.30975,0
-0.0041199,-0.0028992,-0.04715,2.5033,0.34271,0
0.0094604,-0.0030518,-0.059814,2.2757,0.38208,0
0.017242,-0.00015259,-0.065918,2.9584,0.42145,0
0.018616,0.0013733,-0.067139,3.6411,0.45349,0
0.017242,-0.0013733,-0.068817,2.9584,0.47821,0
0.011749,-0.0056458,-0.076904,2.2757,0.49347,0
0.0090027,-0.0097656,-0.098114,1.3655,0.50079,0
0.0086975,-0.009613,-0.12466,2.2757,0.50079,0
0.0073242,-0.0056458,-0.14099,1.5931,0.49622,0
0.0073242,-0.002594,-0.14435,2.2757,0.49835,0
0.0099182,-0.0018311,-0.15091,2.2757,0.5072,0
0.0093079,-0.00091553,-0.16937,1.8206,0.52032,0
0.0053406,0.00015259,-0.20126,1.8206,0.52704,0
0.0045776,0,-0.2359,2.0482,0.52277,0
0.0053406,-0.002594,-0.26291,2.2757,0.50934,0
0.0042725,-0.0035095,-0.28214,2.2757,0.49408,0
0.0065613,-0.0028992,-0.29419,2.0482,0.48462,0
0.010223,-0.0042725,-0.29953,2.7309,0.47455,0
0.014191,-0.0074768,-0.30487,2.2757,0.46692,0
0.017242,-0.0090027,-0.31235,2.5033,0.45654,0
0.015259,-0.01297,-0.31921,2.2757,0.44495,0
0.0085449,-0.014801,-0.32852,2.2757,0.43213,0
0.0012207,-0.013885,-0.34164,2.7309,0.42328,0
0,-0.012207,-0.35492,2.5033,0.41962,0
0.0010681,-0.011139,-0.37231,2.9584,0.41534,0
0.0038147,-0.0093079,-0.39078,3.186,0.41046,0
0.0062561,-0.0082397,-0.41382,2.9584,0.40009,0
0.0056458,-0.01236,-0.44296,2.5033,0.38574,0
0.0032043,-0.015106,-0.46829,2.9584,0.36438,0
0.0012207,-0.016174,-0.48172,2.2757,0.34515,0
0.0019836,-0.015411,-0.48294,2.0482,0.33813,0
0.0013733,-0.013275,-0.48309,2.0482,0.33752,0
-0.0019836,-0.016632,-0.49118,2.7309,0.3363,0
-0.0068665,-0.018311,-0.49698,2.9584,0.33508,0
-0.0062561,-0.019379,-0.49423,2.5033,0.33478,0
-0.00030518,-0.020142,-0.48721,2.2757,0.34302,0
0.0012207,-0.019226,-0.47623,2.5033,0.35095,0
-0.0010681,-0.0177,-0.45746,2.9584,0.34515,0
-0.0013733,-0.016479,-0.43777,2.9584,0.32501,0
-0.00061035,-0.019379,-0.42831,2.5033,0.3006,0
-0.00045776,-0.020142,-0.42053,1.8206,0.27924,0
-0.00061035,-0.01709,-0.41168,1.8206,0.26337,0
-0.00015259,-0.014496,-0.38239,2.2757,0.25055,0
-0.0016785,-0.01297,-0.3212,1.8206,0.23254,0
-0.0038147,-0.010529,-0.23788,2.7309,0.2121,0
-0.0033569,-0.011444,-0.15091,3.186,0.19257,0
0.0019836,-0.01236,-0.067749,2.2757,0.17517,0
0.0056458,-0.012054,0.015106,2.0482,0.16113,0
0.0085449,-0.012665,0.10422,2.0482,0.15198,0
0.011292,-0.016479,0.20569,2.7309,0.14587,0
0.010681,-0.018768,0.31067,2.5033,0.14038,0
0.0076294,-0.017853,0.40131,2.0482,0.13062,0
0.0045776,-0.014954,0.47806,2.5033,0.11749,0
0.0085449,-0.013885,0.54733,2.0482,0.10376,0
0.010681,-0.013428,0.60806,1.8206,0.091553,0
0.0085449,-0.014038,0.65765,2.2757,0.083923,0
0.0093079,-0.014496,0.70419,2.0482,0.085449,0
0.01297,-0.016632,0.75409,2.5033,0.099182,0
0.014648,-0.014648,0.80566,2.0482,0.1181,0
0.012207,-0.010681,0.85663,2.7309,0.13733,0
0.010986,-0.0022888,0.91324,2.7309,0.14252,0
0.013428,0.0065613,0.96756,2.2757,0.13672,0
0.015869,0.0086975,1.0103,2.0482,0.12726,0
0.014191,0.0093079,1.0378,2.0482,0.12268,0
0.010223,0.0071716,1.0564,1.8206,0.12756,0
0.010834,0.0024414,1.0777,2.2757,0.13763,0
0.015411,0.0016785,1.0933,2.7309,0.14679,0
0.020294,0.0050354,1.1,2.5033,0.14984,0
0.023193,0.0085449,1.1046,2.7309,0.15411,0
0.02594,0.0088501,1.107,2.5033,0.16266,0
0.032501,0.010376,1.106,2.7309,0.17151,0
0.035095,0.012207,1.102,2.0482,0.17242,0
0.027008,0.013275,1.0938,2.5033,0.16296,0
0.014954,0.014954,1.0844,2.5033,0.1535,0
0.0080872,0.015106,1.071,2.5033,0.15228,0
0.0038147,0.016022,1.0474,2.7309,0.15839,0
-0.0038147,0.019379,1.015,2.2757,0.16357,0
-0.011749,0.023041,0.97809,2.5033,0.16937,0
-0.017548,0.02655,0.93964,2.7309,0.18066,0
-0.018768,0.027313,0.90408,2.5033,0.19623,0
-0.013275,0.026703,0.86853,2.7309,0.21484,0
-0.0018311,0.030212,0.82855,2.9584,0.22736,0
0.0079346,0.033875,0.77667,3.186,0.2301,0
0.0088501,0.028687,0.70923,2.5033,0.22339,0
0.0073242,0.023499,0.63995,2.0482,0.21057,0
0.0082397,0.024109,0.57739,1.8206,0.19348,0
0.011444,0.024109,0.52612,1.8206,0.17944,0
0.015411,0.020905,0.47791,2.0482,0.17426,0
0.014343,0.021515,0.42145,2.2757,0.18036,0
0.0082397,0.020294,0.35492,2.2757,0.19623,0
0.0074768,0.019836,0.28763,2.2757,0.21606,0
0.0048828,0.022888,0.22888,2.2757,0.22949,0
0.0018311,0.026703,0.17456,2.2757,0.23315,0
0.0050354,0.023804,0.12543,2.5033,0.22736,0
0.011139,0.018158,0.072632,2.2757,0.22247,0
0.010529,0.010529,0.0088501,2.2757,0.22797,0
0.0033569,0.002594,-0.050049,2.2757,0.24475,0
-0.0035095,-0.0012207,-0.096588,2.0482,0.26764,0
-0.0059509,0.002594,-0.13474,2.2757,0.28656,0
-0.0059509,0.0080872,-0.16495,3.186,0.29877,0
-0.011749,0.016632,-0.18967,2.7309,0.29999,0
-0.021515,0.025024,-0.21912,2.9584,0.29572,0
-0.029449,0.025177,-0.25269,3.186,0.29205,0
-0.035095,0.016479,-0.28656,2.2757,0.29449,0
-0.038147,0.011292,-0.31342,2.9584,0.30304,0
-0.041504,0.0090027,-0.33569,2.2757,0.31647,0
-0.039673,0.0085449,-0.36453,2.0482,0.33112,0
-0.035858,0.0088501,-0.39612,2.9584,0.33905,0
-0.031738,0.0061035,-0.4248,3.6411,0.33997,0
-0.027313,0.0065613,-0.45197,2.7309,0.33569,0
-0.023346,0.013275,-0.47852,2.2757,0.33112,0
-0.020142,0.022888,-0.50766,2.2757,0.33234,0
-0.019226,0.027466,-0.53726,2.5033,0.33386,0
-0.017853,0.031891,-0.56351,2.2757,0.33875,0
-0.014801,0.032959,-0.58502,2.9584,0.3418,0
-0.014343,0.026398,-0.60303,2.5033,0.34271,0
-0.01709,0.017548,-0.61661,2.9584,0.3421,0
-0.019226,0.012665,-0.62042,2.7309,0.34149,0
-0.018005,0.01236,-0.60776,2.7309,0.34668,0
-0.016785,0.01297,-0.58594,3.186,0.35675,0
-0.021515,0.012665,-0.56931,2.0482,0.36743,0
-0.027161,0.011444,-0.55573,2.2757,0.37445,0
-0.026245,0.012512,-0.54443,2.2757,0.37811,0
-0.018311,0.01297,-0.52917,2.2757,0.38086,0
-0.012207,0.012054,-0.5098,2.0482,0.38422,0
-0.010681,0.0093079,-0.48828,2.5033,0.38483,0
-0.011444,0.0085449,-0.46768,2.5033,0.38177,0
-0.014648,0.010681,-0.45303,2.5033,0.37872,0
-0.014648,0.013885,-0.44113,1.8206,0.37323,0
-0.010071,0.012665,-0.42755,2.7309,0.36377,0
-0.0035095,0.011597,-0.41229,2.5033,0.35004,0
0.0027466,0.011902,-0.39719,2.2757,0.33722,0
0.0079346,0.009613,-0.37766,2.2757,0.32745,0
0.013275,0.0033569,-0.35156,2.5033,0.31769,0
0.015411,0.0010681,-0.32639,2.7309,0.30487,0
0.015411,0.0012207,-0.30838,2.2757,0.2887,0
0.01358,0.0054932,-0.2977,2.0482,0.27466,0
0.0065613,0.009613,-0.29114,2.9584,0.26245,0
-0.0016785,0.0056458,-0.28534,2.2757,0.25085,0
-0.0056458,0.00015259,-0.27573,2.7309,0.23956,0
-0.0068665,-0.0032043,-0.26642,1.5931,0.22949,0
-0.010681,-0.0024414,-0.25299,1.8206,0.22461,0
-0.013885,-0.0038147,-0.23895,2.9584,0.22491,0
-0.014954,-0.0024414,-0.23178,1.5931,0.22644,0
-0.014191,0.0010681,-0.23041,2.5033,0.23041,0
-0.016022,0.0022888,-0.22705,2.5033,0.23468,0
-0.016785,0,-0.22308,2.0482,0.23834,0
-0.016479,-0.0015259,-0.21667,2.5033,0.24139,0
-0.014648,-0.0016785,-0.21149,2.5033,0.24139,0
-0.012207,-0.002594,-0.20447,2.2757,0.23895,0
-0.0057983,-0.0047302,-0.19394,2.2757,0.23926,0
0.00015259,-0.0056458,-0.18204,2.7309,0.24384,0
0.0027466,-0.010529,-0.1709,2.2757,0.25208,0
0.0074768,-0.014496,-0.16479,2.7309,0.25818,0
0.0094604,-0.016632,-0.16266,2.7309,0.25726,0
0.009613,-0.019989,-0.15961,2.5033,0.25269,0
0.0080872,-0.020447,-0.15137,2.5033,0.24628,0
0.0038147,-0.0177,-0.13611,2.2757,0.23895,0
-0.0015259,-0.011139,-0.12054,2.7309,0.2301,0
-0.0088501,-0.0091553,-0.10345,2.0482,0.22095,0
-0.018158,-0.015106,-0.088196,2.7309,0.2124,0
-0.021057,-0.021057,-0.084229,2.7309,0.20325,0
-0.023041,-0.019989,-0.085907,2.5033,0.19287,0
-0.027924,-0.019226,-0.083008,2.5033,0.17792,0
-0.032349,-0.021515,-0.077362,2.5033,0.16022,0
-0.037537,-0.022888,-0.07431,1.8206,0.14374,0
-0.046082,-0.018921,-0.07019,2.5033,0.12817,0
-0.054626,-0.01709,-0.057983,2.5033,0.11078,0
-0.048828,-0.016937,-0.04425,2.2757,0.091553,0
-0.026703,-0.015411,-0.039215,2.5033,0.069885,0
0.0032043,-0.016327,-0.037079,2.2757,0.046387,0
0.025635,-0.018005,-0.03067,1.8206,0.02594,0
0.035248,-0.020599,-0.026398,1.5931,0.0085449,0
0.043335,-0.020447,-0.02533,2.2757,-0.0067139,0
0.050049,-0.016632,-0.025482,2.0482,-0.019531,0
0.050507,-0.010986,-0.027466,1.8206,-0.030212,0
0.048828,-0.0088501,-0.031128,2.5033,-0.039062,0
0.051575,-0.0068665,-0.029602,2.5033,-0.048523,0
0.054626,-0.0056458,-0.020294,2.5033,-0.059814,0
0.054474,-0.0080872,-0.011139,2.9584,-0.06897,0
0.051422,-0.011902,-0.0083923,2.2757,-0.072937,0
0.045929,-0.016937,-0.010986,2.5033,-0.072937,0
0.035553,-0.014954,-0.0062561,2.5033,-0.074768,0
0.027771,-0.0062561,0.021515,2.7309,-0.082092,0
0.027618,0.00030518,0.047607,2.2757,-0.097046,0
0.029144,0.00030518,0.049744,2.7309,-0.112,0
0.028992,-0.0032043,0.037537,2.7309,-0.12604,0
0.023499,-0.0061035,0.028992,2.2757,-0.13733,0
0.015106,-0.0079346,0.034637,2.2757,-0.14648,0
0.0062561,-0.01358,0.041656,2.7309,-0.14893,0
0.0010681,-0.018616,0.043945,2.5033,-0.14313,0
-0.0010681,-0.016022,0.046692,2.5033,-0.13397,0
-0.0027466,-0.0086975,0.054169,1.8206,-0.12848,0
-0.00030518,-0.0041199,0.065765,2.2757,-0.12909,0
0.0064087,-0.0045776,0.072632,2.5033,-0.13367,0
0.014191,-0.00091553,0.074158,2.5033,-0.14099,0
0.018005,0.0053406,0.070496,2.7309,-0.14954,0
0.010376,0.0083923,0.068359,1.8206,-0.1593,0
-0.0048828,0.010834,0.07782,2.0482,-0.17151,0
-0.017853,0.007782,0.093384,2.2757,-0.1828,0
-0.021667,0.0028992,0.098114,2.0482,-0.19562,0
-0.026245,0.00091553,0.086823,1.3655,-0.20813,0
-0.034943,-0.00030518,0.07782,2.2757,-0.22064,0
-0.043793,-0.0032043,0.079498,2.5033,-0.22339,0
-0.045013,-0.0028992,0.088654,2.5033,-0.21973,0
-0.035858,0.00076294,0.09201,2.2757,-0.20905,0
-0.020294,0.00015259,0.089111,2.2757,-0.19867,0
-0.0083923,-0.0033569,0.085602,2.0482,-0.19623,0
-0.0079346,-0.0065613,0.081177,1.8206,-0.19897,0
-0.014648,-0.0059509,0.07843,1.8206,-0.20172,0
-0.018921,-0.0059509,0.075226,1.8206,-0.20477,0
-0.021057,-0.0048828,0.07019,2.5033,-0.21149,0
-0.024261,-0.0038147,0.068054,2.0482,-0.21606,0
-0.01709,-0.0022888,0.065155,1.8206,-0.21973,0
0.0022888,-0.0019836,0.058136,2.0482,-0.22797,0
0.013733,-0.0041199,0.049438,2.0482,-0.24231,0
0.015411,-0.0073242,0.045776,1.8206,-0.25787,0
0.018005,-0.0059509,0.047607,2.0482,-0.26764,0
0.022583,-0.0021362,0.049286,2.2757,-0.2713,0
0.024567,-0.0039673,0.050507,2.2757,-0.27039,0
0.020294,-0.0083923,0.052338,1.8206,-0.27008,0
0.011292,-0.010834,0.054626,2.0482,-0.27069,0
0.0045776,-0.012665,0.049286,2.2757,-0.26978,0
0.0032043,-0.011139,0.037231,2.5033,-0.26733,0
0.0039673,-0.0079346,0.028687,2.9584,-0.26917,0
0.0032043,-0.0061035,0.029602,2.5033,-0.27283,0
0.0019836,-0.0045776,0.033722,2.5033,-0.27649,0
0.0021362,-0.0047302,0.036621,2.5033,-0.28625,0
0.0073242,-0.007019,0.040588,2.0482,-0.29602,0
0.024414,-0.0042725,0.044556,2.5033,-0.3009,0
0.043182,-0.00030518,0.044861,2.0482,-0.29419,0
0.043488,0.0036621,0.041809,2.9584,-0.27679,0
0.02594,0.0086975,0.035706,2.7309,-0.25482,0
0.014343,0.011139,0.023956,3.186,-0.23163,0
0.011749,0.0097656,0.01236,2.7309,-0.2121,0
0.0074768,0.010071,0.0065613,2.2757,-0.20233,0
0.0041199,0.0091553,0.0086975,2.7309,-0.19989,0
0.0053406,0.004425,0.0073242,2.5033,-0.19775,0
0.0048828,0.0021362,0.0082397,2.2757,-0.19196,0
0.0090027,0.0032043,0.01358,2.2757,-0.18616,0
0.015259,0.0012207,0.018311,2.7309,-0.18341,0
0.018158,-0.00045776,0.019073,1.8206,-0.18188,0
0.0177,0.002594,0.019226,2.0482,-0.17731,0
0.013733,0.0048828,0.018616,2.2757,-0.16754,0
0.0061035,0.0064087,0.016632,1.8206,-0.15411,0
-0.0022888,0.0028992,0.012054,2.7309,-0.14404,0
-0.0076294,-0.0010681,0.007019,2.0482,-0.14069,0
-0.0097656,0.00091553,0.0071716,2.2757,-0.14252,0
-0.0093079,0.0050354,0.011749,2.0482,-0.14038,0
-0.0082397,0.0045776,0.018768,2.0482,-0.12939,0
-0.0079346,0.0067139,0.022125,1.3655,-0.11353,0
-0.0076294,0.0079346,0.019684,2.5033,-0.10071,0
-0.010223,0.0086975,0.016632,1.8206,-0.098572,0
-0.010071,0.009613,0.01236,2.5033,-0.1001,0
-0.010529,0.0080872,0.0080872,2.2757,-0.10162,0
-0.012207,0.0056458,0.0065613,2.2757,-0.096436,0
-0.011749,0.0021362,0.0097656,2.7309,-0.085754,0
-0.0073242,0.0012207,0.0091553,2.2757,-0.072937,0
-0.0048828,-0.0036621,0.0018311,2.2757,-0.057983,0
-0.0093079,-0.0067139,-0.0028992,2.7309,-0.039368,0
-0.016632,-0.00015259,-0.0012207,2.5033,-0.017395,0
-0.021515,0.002594,0.0085449,2.5033,0.0036621,0
-0.027008,-0.0022888,0.021362,2.2757,0.016479,0
-0.031128,-0.0036621,0.027008,2.5033,0.021057,0
-0.032349,0.00045776,0.030518,2.5033,0.018921,0
-0.032501,-0.0042725,0.035553,2.2757,0.012817,0
-0.02594,-0.0057983,0.035095,2.5033,0.0061035,0
-0.014343,0.0010681,0.030823,2.7309,0.0067139,0
-0.0022888,0.0042725,0.028687,3.186,0.022583,0
0.013123,-0.00091553,0.029297,1.8206,0.050964,0
0.023499,-0.0085449,0.036163,2.5033,0.082397,0
0.029602,-0.012512,0.041962,2.2757,0.10864,0
0.037079,-0.011139,0.045471,2.7309,0.12543,0
0.040741,-0.0068665,0.048981,2.7309,0.1355,0
0.035553,-0.0030518,0.05188,2.9584,0.14282,0
0.029602,-0.0018311,0.050049,2.2757,0.14801,0
0.025787,-0.00091553,0.04837,2.7309,0.1535,0
0.024109,0.0033569,0.049744,2.2757,0.15717,0
0.023804,0.011139,0.053253,2.9584,0.15961,0
0.023651,0.021362,0.05661,2.5033,0.16724,0
0.023804,0.020905,0.059967,2.5033,0.17975,0
0.023956,0.007782,0.05661,2.5033,0.19745,0
0.023804,-0.0018311,0.045319,2.9584,0.21698,0
0.02594,-0.0064087,0.033875,2.5033,0.23193,0
0.03006,-0.010376,0.029144,2.0482,0.24506,0
0.029755,-0.014038,0.029602,2.0482,0.25543,0
0.020142,-0.018311,0.024719,2.0482,0.26489,0
0.0076294,-0.013885,0.0082397,1.8206,0.27649,0
0.0010681,0.00015259,-0.0079346,1.8206,0.28564,0
0.00076294,0.010071,-0.018311,2.7309,0.28961,0
0.0016785,0.0094604,-0.021515,2.5033,0.28473,0
0.0057983,0.0073242,-0.026398,2.2757,0.27649,0
0.016632,0.0053406,-0.029297,2.5033,0.27039,0
0.026245,-0.0024414,-0.02533,1.8206,0.27008,0
0.023956,-0.0083923,-0.015411,2.2757,0.27191,0
0.015411,-0.0093079,0.00030518,2.2757,0.27405,0
0.0093079,-0.010681,0.020142,2.2757,0.27374,0
0.0039673,-0.018005,0.0383,1.8206,0.27222,0
-0.00061035,-0.025177,0.048218,2.2757,0.2713,0
-0.0012207,-0.025177,0.054169,2.2757,0.27252,0
-0.0039673,-0.02121,0.058594,2.7309,0.27313,0
-0.0091553,-0.021362,0.06424,2.9584,0.27618,0
-0.014343,-0.023499,0.066833,2.7309,0.27924,0
-0.017853,-0.027924,0.059357,2.2757,0.28442,0
-0.022583,-0.030365,0.044403,2.5033,0.29297,0
-0.020294,-0.031433,0.029144,2.2757,0.3064,0
-0.007019,-0.02594,0.014648,2.7309,0.32166,0
0.0071716,-0.019073,0.002594,2.7309,0.336,0
0.016022,-0.01709,-0.0054932,2.2757,0.34637,0
0.016174,-0.016327,-0.012054,2.0482,0.34973,0
0.012665,-0.011292,-0.021057,2.5033,0.34698,0
0.0079346,-0.010071,-0.02182,2.0482,0.34149,0
0.0033569,-0.011902,-0.015564,2.5033,0.33325,0
-0.00091553,-0.007019,-0.0085449,2.0482,0.32593,0
-0.0064087,0.0039673,-0.0030518,2.7309,0.31891,0
-0.0083923,0.015259,0.00045776,2.5033,0.31311,0
-0.0059509,0.015717,0.0082397,2.5033,0.31189,0
-0.007782,0.01297,0.022736,2.2757,0.31403,0
-0.016022,0.0083923,0.0354,3.186,0.31921,0
-0.02182,0.0036621,0.044098,2.2757,0.32654,0
-0.023499,0.0050354,0.048676,1.5931,0.33234,0
-0.02182,0.0076294,0.049286,1.5931,0.33295,0
-0.016479,0.0082397,0.046997,2.2757,0.32593,0
-0.0071716,0.0030518,0.045624,2.7309,0.31464,0
-0.0018311,-0.00091553,0.048218,2.0482,0.29938,0
-0.0038147,-0.0041199,0.045471,2.0482,0.28168,0
-0.010223,-0.0085449,0.03891,2.0482,0.26306,0
-0.01297,-0.011292,0.032501,2.0482,0.24628,0
-0.013123,-0.0067139,0.032043,1.8206,0.23346,0
-0.01358,-0.0015259,0.033875,1.8206,0.22461,0
-0.013885,-0.00030518,0.029602,1.8206,0.21729,0
-0.0088501,0.0018311,0.014954,1.8206,0.20935,0
0.00076294,0.0013733,-0.0042725,2.2757,0.19897,0
0.0062561,0.0018311,-0.015106,2.2757,0.18982,0
0.0015259,-0.0016785,-0.01709,2.5033,0.18372,0
-0.0053406,-0.007019,-0.013885,2.0482,0.17456,0
-0.0080872,-0.0067139,-0.012207,1.3655,0.16418,0
-0.0048828,-0.00015259,-0.016479,2.5033,0.14862,0
-0.0028992,0.00076294,-0.02533,2.5033,0.12909,0
0.00030518,-0.00045776,-0.03067,2.2757,0.10895,0
0.0073242,0.0012207,-0.028076,2.9584,0.097351,0
0.014801,0.0045776,-0.023041,2.5033,0.093689,0
0.018158,0.0085449,-0.0177,2.7309,0.095215,0
0.019073,0.013885,-0.015869,2.5033,0.098572,0
0.016937,0.015869,-0.018311,2.2757,0.099792,0
0.010376,0.014496,-0.021515,2.7309,0.10254,0
0.00030518,0.017548,-0.018311,2.0482,0.10071,0
-0.011444,0.027008,-0.015106,2.2757,0.092773,0
-0.023804,0.03067,-0.016022,2.0482,0.079346,0
-0.027618,0.028381,-0.019073,2.2757,0.070496,0
-0.018616,0.024567,-0.022736,2.2757,0.067749,0
-0.0041199,0.016022,-0.027313,2.9584,0.068665,0
0.0032043,0.0086975,-0.030365,2.0482,0.070496,0
0.0013733,0.0068665,-0.022583,2.2757,0.067444,0
-0.005188,0.0048828,-0.01297,2.5033,0.058594,0
-0.010376,0.0062561,-0.0099182,2.7309,0.049744,0
-0.0099182,0.011139,-0.011597,1.8206,0.04425,0
-0.0010681,0.013733,-0.010529,2.5033,0.043335,0
0.015259,0.01709,-0.0030518,1.5931,0.042114,0
0.02594,0.018158,0.0073242,2.2757,0.039978,0
0.024109,0.014038,0.012817,1.8206,0.039673,0
0.018005,0.011597,0.013275,1.8206,0.04425,0
0.014801,0.010376,0.01358,2.2757,0.050354,0
0.011902,0.0082397,0.01709,2.0482,0.052185,0
0.0079346,0.0062561,0.019226,2.2757,0.045776,0
0.0028992,0.0073242,0.021057,2.5033,0.031738,0
0.00030518,0.01358,0.023956,1.8206,0.018005,0
0.0024414,0.018768,0.027771,2.2757,0.010986,0
0.0090027,0.018768,0.031738,2.0482,0.0091553,0
0.010681,0.013123,0.036011,1.5931,0.012207,0
0.0041199,0.0061035,0.036469,1.5931,0.014954,0
-0.0076294,0.0061035,0.036621,2.2757,0.015564,0
-0.023956,0.010529,0.037689,1.8206,0.015564,0
-0.0354,0.016174,0.032349,2.5033,0.010376,0
-0.037079,0.012512,0.013733,2.2757,-0.00061035,0
-0.032349,0.0047302,-0.0082397,2.2757,-0.013733,0
-0.016632,-0.0016785,-0.021667,1.8206,-0.022888,0
0.0073242,-0.0022888,-0.021515,2.0482,-0.024109,0
0.020905,-0.0028992,-0.015411,2.5033,-0.021057,0
0.016022,-0.0053406,-0.011902,2.0482,-0.014954,0
0.0088501,-0.005188,-0.010681,2.2757,-0.0094604,0
0.007019,-0.0013733,-0.0048828,2.5033,-0.0076294,0
0.0097656,0.0047302,0.0065613,2.9584,-0.0088501,0
0.013123,0.005188,0.017242,2.2757,-0.013428,0
0.014954,0.0033569,0.023041,1.8206,-0.018921,0
0.01297,0.00015259,0.025024,2.2757,-0.019226,0
0.011139,-0.0038147,0.023041,2.7309,-0.016785,0
0.01358,-0.010223,0.017548,2.5033,-0.012207,0
0.018005,-0.014343,0.0082397,2.5033,-0.011292,0
0.019836,-0.01358,0.00015259,2.5033,-0.012512,0
0.017242,-0.0097656,-0.0022888,2.2757,-0.012817,0
0.01358,-0.007782,-0.0016785,2.2757,-0.011292,0
0.011139,-0.010223,-0.0028992,2.2757,-0.0085449,0
0.0094604,-0.015411,-0.0073242,2.2757,-0.0036621,0
0.0048828,-0.01358,-0.0177,2.5033,0.00030518,0
0.00076294,-0.010071,-0.028076,2.7309,0.0036621,0
0.0016785,-0.0068665,-0.030212,2.0482,0.0073242,0
0.0048828,-0.0045776,-0.029755,2.2757,0.0079346,0
0.0039673,-0.0045776,-0.022736,2.2757,0.0085449,0
0.002594,-0.0047302,-0.014648,2.7309,0.0064087,0
0.00076294,-0.0015259,-0.0018311,2.9584,0.0061035,0
-0.0019836,0.0028992,0.010681,2.9584,0.0054932,0
-0.004425,0.0032043,0.010986,1.8206,0.010071,0
-0.0053406,0.0016785,0.00076294,2.0482,0.016479,0
-0.0053406,-0.0032043,-0.014496,2.0482,0.021667,0
-0.0054932,-0.0079346,-0.026093,1.8206,0.02533,0
-0.0057983,-0.010834,-0.03067,2.0482,0.019836,0
-0.0056458,-0.012054,-0.029755,2.2757,0.0064087,0
-0.0054932,-0.015411,-0.02594,1.3655,-0.011292,0
-0.0054932,-0.01709,-0.021667,2.0482,-0.027161,0
-0.0053406,-0.014496,-0.018921,2.2757,-0.0354,0
-0.0053406,-0.01236,-0.018158,2.2757,-0.037231,0
-0.0054932,-0.011292,-0.018158,1.8206,-0.032349,0
-0.0057983,-0.011292,-0.017853,2.0482,-0.026245,0
-0.0054932,-0.0080872,-0.0083923,1.3655,-0.018311,0
-0.0053406,0.0038147,0.019073,1.8206,-0.011597,0
-0.0056458,0.011597,0.030365,2.0482,-0.0091553,0
-0.0057983,0.013885,0.032349,2.2757,-0.014343,0
-0.0053406,0.0099182,0.032959,1.5931,-0.024719,0
-0.005188,0,0.024567,2.0482,-0.031738,0
-0.0056458,-0.010834,0.016174,2.2757,-0.028076,0
-0.0053406,-0.0094604,0.026703,1.8206,-0.020752,0
-0.0054932,-0.0012207,0.056915,1.5931,-0.017395,0
-0.0053406,0.0013733,0.078583,2.5033,-0.021362,0
-0.0054932,-0.0019836,0.079193,2.7309,-0.02594,0
-0.0054932,-0.0048828,0.070648,2.2757,-0.025024,0
-0.0056458,-0.0083923,0.062866,2.5033,-0.015564,0
-0.0054932,-0.010376,0.056152,2.0482,0,0
-0.0054932,-0.009613,0.046844,2.5033,0.019531,0
-0.0056458,-0.0090027,0.031128,1.8206,0.03479,0
-0.0086975,-0.0088501,0.013123,2.2757,0.040894,0
-0.012665,-0.0086975,0.0013733,2.2757,0.039368,0
-0.012817,-0.0056458,0.0042725,1.8206,0.032349,0
-0.0057983,0,0.019684,2.5033,0.02533,0
0.0082397,0.0065613,0.031738,2.7309,0.020142,0
0.021362,0.0086975,0.036011,2.9584,0.016479,0
0.021057,0.0061035,0.036469,2.2757,0.019531,0
0.0083923,0.0010681,0.029602,2.7309,0.028381,0
-0.0024414,-0.0019836,0.018463,2.5033,0.042114,0
-0.0068665,-0.0013733,0.0028992,2.2757,0.050964,0
-0.0022888,0.0016785,-0.00061035,2.0482,0.054932,0
0.0085449,0.0018311,0.014496,2.2757,0.056152,0
0.013428,-0.00045776,0.032349,2.2757,0.056763,0
0.011444,-0.00061035,0.03418,1.8206,0.054626,0
0.0080872,0.0021362,0.02243,2.5033,0.046387,0
0.007019,0.0033569,0.011139,2.5033,0.036316,0
0.007782,-0.00015259,0.0057983,1.5931,0.022888,0
0.007782,-0.0019836,0.0038147,2.0482,0.012817,0
-0.00045776,0.0015259,0.00076294,1.8206,0.0057983,0
-0.013428,0.0030518,-0.0088501,1.5931,0.0018311,0
-0.020599,0.0028992,-0.024414,2.2757,-0.0033569,0
-0.026703,0.0013733,-0.03479,2.2757,-0.0085449,0
-0.031128,0,-0.043488,2.2757,-0.014038,0
-0.030212,-0.0015259,-0.053558,2.7309,-0.0177,0
-0.02594,-0.0035095,-0.055084,2.7309,-0.023193,0
-0.022583,-0.0042725,-0.054779,2.5033,-0.029297,0
-0.020447,-0.0039673,-0.054932,2.5033,-0.033875,0
-0.019226,-0.004425,-0.054626,2.2757,-0.033264,0
-0.012665,-0.0041199,-0.054626,2.2757,-0.025024,0
-0.0032043,-0.0041199,-0.054474,2.9584,-0.014343,0
0.005188,-0.0039673,-0.053406,2.2757,-0.0039673,0
0.018005,-0.0016785,-0.051422,2.9584,0.0027466,0
0.034637,0.00045776,-0.057831,2.5033,0.0079346,0
0.039062,0.0053406,-0.068512,2.0482,0.010986,0
0.025787,0.007782,-0.066376,1.5931,0.013428,0
0.0090027,0.002594,-0.046844,2.2757,0.010986,0
0.010071,-0.0054932,-0.020599,1.8206,0.0021362,0
0.029449,-0.0074768,-0.0028992,2.5033,-0.0097656,0
0.057678,-0.0090027,0.0062561,2.5033,-0.020752,0
0.074615,-0.010834,0.0080872,2.5033,-0.024414,0
0.07019,-0.010529,0.0050354,2.7309,-0.02594,0
0.052795,-0.0090027,0.005188,2.5033,-0.027771,0
0.036316,-0.0050354,0.018311,2.0482,-0.029907,0
0.023193,-0.0022888,0.041656,2.5033,-0.031738,0
0.016937,-0.00061035,0.058746,2.9584,-0.031738,0
0.020447,-0.00045776,0.06134,2.5033,-0.031128,0
0.022888,-0.00045776,0.056458,2.7309,-0.028381,0
0.014496,-0.0018311,0.050507,2.2757,-0.024414,0
-0.00061035,-0.0047302,0.048218,1.8206,-0.023499,0
-0.020599,-0.0038147,0.050964,2.2757,-0.025024,0
-0.037079,-0.0010681,0.053406,1.8206,-0.023499,0
-0.044403,0,0.050201,2.0482,-0.019531,0
-0.041199,0.0039673,0.045013,2.2757,-0.016785,0
-0.032043,0.0061035,0.044098,2.2757,-0.012207,0
-0.028839,0.004425,0.0383,1.8206,-0.0064087,0
-0.031586,0.0042725,0.029449,1.3655,0.0027466,0
-0.035095,0.0013733,0.022888,1.8206,0.012207,0
-0.027466,0,0.015106,1.8206,0.022278,0
-0.009613,-0.00061035,0.0022888,2.2757,0.030823,0
0.0053406,-0.0024414,-0.007019,1.1379,0.039062,0
0.011902,-0.005188,-0.0068665,2.2757,0.04425,0
0.013733,-0.0065613,-0.0028992,2.0482,0.042419,0
0.014038,-0.0065613,0.0067139,1.5931,0.038757,0
0.014343,-0.0065613,0.010376,2.9584,0.033264,0
0.013885,-0.0067139,0.011139,2.5033,0.023804,0
0.014191,-0.0059509,0.010529,2.0482,0.013733,0
0.014038,-0.004425,0.011902,2.2757,0.0048828,0
0.014191,-0.0033569,0.014038,1.8206,-0.0048828,0
0.015106,-0.00015259,0.010681,2.2757,-0.007019,0
0.012817,0.0016785,0.0039673,2.7309,0.00030518,0
0.0061035,0.0016785,-0.00030518,2.5033,0.012817,0
0.0041199,0.0039673,0.00091553,2.7309,0.027466,0
0.007019,0.0082397,0.0024414,2.2757,0.036926,0
0.0042725,0.0097656,-0.0064087,1.8206,0.039978,0
-0.0059509,0.0090027,-0.022278,1.8206,0.036621,0
-0.016937,0.0097656,-0.031128,2.0482,0.030212,0
-0.018921,0.0079346,-0.031586,1.8206,0.018921,0
-0.0071716,0.0045776,-0.027771,2.5033,0.0079346,0
0.010529,0,-0.019684,2.7309,-0.0012207,0
0.023193,-0.0024414,-0.013275,2.2757,-0.0079346,0
0.031128,-0.0059509,-0.012054,2.2757,-0.011292,0
0.032806,-0.0080872,-0.014648,2.0482,-0.013733,0
0.026398,-0.0090027,-0.012207,2.2757,-0.0088501,0
0.018768,-0.0083923,-0.0065613,2.2757,0.0048828,0
0.014648,-0.0067139,-0.0013733,2.2757,0.0177,0
0.013275,-0.004425,-0.0024414,1.8206,0.023804,0
0.013885,-0.0027466,-0.011292,1.3655,0.023193,0
0.021973,-0.0036621,-0.022583,2.5033,0.022888,0
0.03006,-0.0035095,-0.03006,2.5033,0.027161,0
0.02655,-0.0022888,-0.027466,2.0482,0.03418,0
0.018768,-0.00030518,-0.018311,1.8206,0.040588,0
0.020599,0.0036621,-0.014343,2.7309,0.049133,0
0.021667,0.005188,-0.015411,2.2757,0.057983,0
0.017242,0.0067139,-0.01709,2.5033,0.069275,0
0.016937,0.011597,-0.016937,2.0482,0.083008,0
0.021362,0.015106,-0.015106,2.0482,0.1004,0
0.023041,0.018616,-0.0093079,2.5033,0.1181,0
0.018005,0.023041,-0.0013733,2.0482,0.13367,0
0.019226,0.02533,0.0016785,1.8206,0.14282,0
0.031128,0.02594,-0.0042725,1.8206,0.1474,0
0.037842,0.027313,-0.014648,1.5931,0.14801,0
0.034485,0.02655,-0.017395,1.8206,0.15015,0
0.023956,0.02121,-0.01236,2.2757,0.15076,0
0.0099182,0.017395,-0.0085449,2.0482,0.14618,0
-0.0047302,0.016174,-0.0071716,1.8206,0.13428,0
-0.015259,0.012817,-0.0094604,2.0482,0.11871,0
-0.020294,0.0080872,-0.0097656,2.2757,0.11292,0
-0.014648,0.0074768,-0.0097656,2.0482,0.11627,0
-0.002594,0.0074768,-0.013123,2.5033,0.13245,0
0.0036621,0.0064087,-0.017853,1.8206,0.1535,0
-0.0073242,0.005188,-0.018158,2.7309,0.17914,0
-0.027313,0.0032043,-0.014343,2.2757,0.20264,0
-0.04303,0.0015259,-0.018616,2.5033,0.21698,0
-0.046997,0.00045776,-0.025787,2.2757,0.21606,0
-0.045166,-0.0015259,-0.029144,2.0482,0.20477,0
-0.046844,-0.004425,-0.029907,2.5033,0.19409,0
-0.04776,-0.0097656,-0.030212,2.2757,0.18768,0
-0.046082,-0.012665,-0.029297,2.9584,0.18311,0
-0.042877,-0.012817,-0.025177,2.2757,0.17761,0
-0.038147,-0.015717,-0.017853,2.0482,0.17212,0
-0.032196,-0.016327,-0.0086975,1.8206,0.16907,0
-0.024567,-0.013428,-0.0047302,2.5033,0.16449,0
-0.019073,-0.011444,-0.0030518,2.9584,0.15656,0
-0.019836,-0.011292,-0.0028992,1.8206,0.14954,0
-0.031128,-0.011292,-0.0032043,2.0482,0.14587,0
-0.044556,-0.011292,-0.0030518,2.0482,0.14618,0
-0.04715,-0.011139,-0.0028992,2.2757,0.14923,0
-0.041046,-0.011292,-0.0032043,2.2757,0.15198,0
-0.02121,-0.010681,-0.0057983,2.7309,0.15137,0
0.0094604,-0.009613,-0.0091553,2.7309,0.15106,0
0.034637,-0.0093079,-0.011902,2.7309,0.14679,0
0.046692,-0.0091553,-0.011139,2.5033,0.13885,0
0.049133,-0.010834,-0.0053406,2.2757,0.13092,0
0.040894,-0.011292,0.005188,2.9584,0.1236,0
0.028381,-0.010376,0.016022,2.2757,0.11902,0
0.021362,-0.0068665,0.016479,1.5931,0.1181,0
0.019073,-0.0035095,0.0086975,2.0482,0.11841,0
0.018921,-0.0042725,0.0032043,2.9584,0.11627,0
0.020905,-0.0071716,0.0027466,2.2757,0.11017,0
0.025177,-0.0059509,0.0042725,2.5033,0.10162,0
0.022888,-0.0018311,0.0032043,2.0482,0.093994,0
0.0094604,0.0015259,0.0065613,2.0482,0.092468,0
-0.0021362,0.0027466,0.019073,2.7309,0.094299,0
-0.00015259,0.0013733,0.030518,2.7309,0.097961,0
0.0086975,0.0010681,0.038757,2.7309,0.10284,0
0.010681,0.0027466,0.042267,2.7309,0.10864,0
0.0068665,0.0036621,0.043335,2.5033,0.10895,0
0.0088501,0.0067139,0.042877,1.8206,0.10803,0
0.016479,0.013428,0.038452,2.0482,0.10559,0
0.017853,0.016632,0.031433,2.7309,0.10498,0
0.01358,0.015564,0.027618,2.9584,0.10468,0
0.0059509,0.013733,0.02533,2.7309,0.10284,0
0.00091553,0.012817,0.026245,2.7309,0.095825,0
-0.00030518,0.009613,0.028229,2.7309,0.08728,0
0.0035095,0.0053406,0.024567,1.8206,0.076294,0
0.019379,0.002594,0.0073242,2.7309,0.070801,0
0.036621,-0.0012207,-0.017395,2.2757,0.072021,0
0.035553,-0.0035095,-0.032196,2.2757,0.078735,0
0.022583,-0.0041199,-0.036469,2.2757,0.082397,0
0.011139,-0.0038147,-0.037231,1.5931,0.084534,0
0.0053406,-0.0039673,-0.037537,2.5033,0.083313,0
0.002594,-0.0041199,-0.037537,1.8206,0.08728,0
-0.0041199,-0.0041199,-0.037384,1.8206,0.093384,0
-0.016327,-0.0038147,-0.037537,2.5033,0.097656,0
-0.03067,-0.0041199,-0.037231,2.7309,0.099182,0
-0.040131,-0.0041199,-0.037384,2.0482,0.09552,0
-0.041351,-0.0036621,-0.034637,2.5033,0.089111,0
-0.034027,-0.00076294,-0.030518,2.9584,0.077515,0
-0.027466,0.0036621,-0.039215,2.5033,0.062256,0
-0.023346,0.0057983,-0.048828,2.2757,0.04425,0
-0.015106,0.0065613,-0.052643,2.2757,0.025024,0
-0.0088501,0.0038147,-0.05249,2.2757,0.0073242,0
-0.013428,0.0024414,-0.053406,2.2757,-0.0048828,0
-0.022583,0.0059509,-0.051422,2.5033,-0.017395,0
-0.023041,0.011749,-0.029907,2.2757,-0.031738,0
-0.015564,0.0091553,-0.0047302,1.8206,-0.047913,0
-0.0074768,0.0016785,0.004425,2.2757,-0.06073,0
-0.0041199,-0.0013733,0.0062561,2.2757,-0.068054,0
0.0012207,-0.0018311,0.007019,1.5931,-0.068054,0
0.0097656,-0.0018311,0.0085449,1.5931,-0.063477,0
0.022583,-0.0012207,0.014954,1.8206,-0.059509,0
0.034637,-0.00091553,0.022736,1.8206,-0.057068,0
0.042877,-0.0036621,0.029907,1.1379,-0.053711,0
0.051575,-0.0080872,0.037537,1.5931,-0.050354,0
0.053406,-0.010681,0.052032,1.8206,-0.045166,0
0.04425,-0.011444,0.069733,1.3655,-0.044556,0
0.033112,-0.011597,0.079346,2.2757,-0.044861,0
0.025482,-0.011444,0.081635,1.5931,-0.048828,0
0.019989,-0.011749,0.083466,2.5033,-0.051575,0
0.010834,-0.011749,0.084229,2.2757,-0.056152,0
-0.0022888,-0.011749,0.084839,2.0482,-0.064392,0
-0.0082397,-0.011902,0.084991,2.5033,-0.078735,0
-0.005188,-0.011292,0.084991,2.2757,-0.093689,0
-0.0018311,-0.011597,0.084839,2.0482,-0.10468,0
-0.0027466,-0.011139,0.085297,1.8206,-0.10986,0
-0.0024414,-0.011444,0.085449,1.8206,-0.1123,0
-0.0019836,-0.011444,0.084991,2.2757,-0.11292,0
-0.0027466,-0.011597,0.084991,2.2757,-0.11139,0
-0.0039673,-0.011749,0.084991,2.5033,-0.10498,0
-0.0016785,-0.011597,0.085449,2.5033,-0.094604,0
0.0041199,-0.011444,0.085144,2.7309,-0.085144,0
0.007782,-0.011749,0.084839,1.8206,-0.082092,0
0.011139,-0.011444,0.085449,2.0482,-0.084839,0
0.012512,-0.011444,0.085144,2.5033,-0.088501,0
0.0076294,-0.011749,0.084839,2.7309,-0.088501,0
-0.0028992,-0.011444,0.084991,3.186,-0.08606,0
-0.014954,-0.011597,0.084991,2.5033,-0.083618,0
-0.02655,-0.011749,0.084991,2.9584,-0.079956,0
-0.036316,-0.011444,0.084839,1.8206,-0.072021,0
-0.037842,-0.011597,0.085449,2.0482,-0.061951,0
-0.032501,-0.011139,0.084839,2.5033,-0.055847,0
-0.027771,-0.011597,0.084991,1.1379,-0.056458,0
-0.019989,-0.011292,0.084839,2.0482,-0.061951,0
-0.012512,-0.011444,0.085449,1.8206,-0.067139,0
-0.0090027,-0.011444,0.084839,1.8206,-0.069885,0
-0.010223,-0.011292,0.084991,2.0482,-0.071411,0
-0.0086975,-0.011444,0.084839,2.9584,-0.075989,0
-0.0030518,-0.011597,0.084686,2.7309,-0.079651,0
0.0028992,-0.011597,0.084991,2.2757,-0.081177,0
0.0038147,-0.011444,0.085449,1.5931,-0.080872,0
0.0015259,-0.009613,0.0737,1.8206,-0.076294,0
-0.00091553,-0.0041199,0.038452,1.5931,-0.073242,0
-0.0024414,-0.0015259,0.019989,1.5931,-0.071716,0
-0.0033569,-0.00015259,0.0093079,2.2757,-0.072327,0
-0.0030518,-0.00015259,0.0062561,2.2757,-0.079651,0
-0.0041199,-0.0022888,0.0062561,2.2757,-0.090332,0
-0.0094604,-0.0018311,0.0073242,2.2757,-0.10498,0
-0.018311,0.00045776,0.01297,2.2757,-0.12329,0
-0.02121,0.0035095,0.023804,2.0482,-0.14099,0
-0.015259,0.0082397,0.033722,1.3655,-0.15289,0
-0.0042725,0.0093079,0.040131,1.8206,-0.16235,0
0.0086975,0.0061035,0.037384,2.2757,-0.16968,0
0.018005,0.0048828,0.028687,2.0482,-0.17151,0
0.014496,0.0085449,0.020142,2.9584,-0.16785,0
0.012817,0.014648,0.014191,2.2757,-0.15717,0
0.026093,0.014343,0.010071,2.9584,-0.14679,0
0.040588,0.0071716,-0.0073242,1.5931,-0.13916,0
0.041046,-0.0062561,-0.052032,1.8206,-0.13519,0
0.032501,-0.019989,-0.094452,2.7309,-0.13153,0
0.020447,-0.016785,-0.078125,2.9584,-0.12543,0
0.014191,0.00030518,-0.022583,3.186,-0.11414,0
0.016022,0.007019,0.00061035,2.2757,-0.1004,0
0.019226,0.0080872,0.0062561,2.2757,-0.089417,0
0.024872,0.0082397,0.0067139,1.5931,-0.083008,0
0.027924,0.0079346,0.0064087,2.2757,-0.075989,0
0.021362,0.0080872,0.0068665,2.2757,-0.062561,0
0.010986,0.0079346,0.0067139,2.2757,-0.040894,0
-0.00030518,0.0082397,0.0065613,2.7309,-0.0177,0
-0.0093079,0.0082397,0.0067139,2.5033,-0.00061035,0
-0.019379,0.005188,0.0068665,2.2757,0.0036621,0
-0.031281,-0.0050354,0.007019,2.5033,-0.00030518,0
-0.037842,-0.010834,0.0076294,2.2757,-0.007019,0
-0.03952,-0.013275,0.0053406,1.8206,-0.0079346,0
-0.043945,-0.013275,0.0033569,2.0482,-0.0057983,0
-0.049286,-0.012817,-0.00061035,2.0482,0.0024414,0
-0.05127,-0.01358,0.00045776,2.5033,0.014038,0
-0.054932,-0.013733,0.0074768,2.7309,0.028076,0
-0.063477,-0.014191,0.017853,2.5033,0.037537,0
-0.074005,-0.014801,0.024567,2.0482,0.040283,0
-0.080566,-0.016174,0.028687,2.2757,0.037842,0
-0.077057,-0.015106,0.035095,1.3655,0.037537,0
-0.057831,-0.014343,0.043945,1.8206,0.040588,0
-0.024719,-0.013733,0.04364,1.8206,0.049133,0
0.018005,-0.0082397,0.029907,2.2757,0.052795,0
0.050812,-0.0028992,0.02533,1.8206,0.045166,0
0.056458,0.0076294,0.055084,1.8206,0.02594,0
0.0383,0.018768,0.099335,1.8206,0.0030518,0
0.025635,0.02182,0.12405,1.8206,-0.011902,0
0.032349,0.016022,0.12192,2.9584,-0.020752,0
0.045624,0.013733,0.11032,2.7309,-0.021057,0
0.053253,0.014343,0.098419,2.7309,-0.021362,0
0.046692,0.01297,0.087433,1.8206,-0.023804,0
0.026855,0.012207,0.083618,2.5033,-0.031738,0
0.014343,0.014801,0.081482,2.5033,-0.041504,0
0.015411,0.016174,0.07309,2.2757,-0.053406,0
0.022125,0.013123,0.05188,2.7309,-0.063477,0
0.027313,0.0080872,0.026093,2.5033,-0.072632,0
0.026398,0.0080872,0.020142,2.7309,-0.078125,0
0.021515,0.010223,0.046997,2.2757,-0.083618,0
0.017548,0.011597,0.072937,1.8206,-0.094604,0
0.016479,0.010529,0.072327,2.9584,-0.11139,0
0.015564,0.0082397,0.058594,2.5033,-0.12695,0
0.014496,0.007019,0.049133,2.9584,-0.13184,0
0.010681,0.010681,0.045776,2.0482,-0.12939,0
0.0090027,0.014038,0.049591,2.5033,-0.12604,0
0.015564,0.0094604,0.053711,3.4135,-0.12604,0
0.028229,0.0057983,0.052338,2.2757,-0.12848,0
0.037384,0.0074768,0.043945,2.7309,-0.12909,0
0.038452,0.011139,0.027618,2.5033,-0.13306,0
0.028076,0.010529,0.01297,2.2757,-0.13947,0
0.013123,0.010529,0.007782,2.0482,-0.14557,0
-0.0030518,0.010529,0.007782,1.8206,-0.14923,0
-0.019073,0.0099182,0.016632,2.2757,-0.14679,0
-0.027924,0.0082397,0.019684,1.5931,-0.13794,0
-0.026398,0.0064087,0.019684,1.5931,-0.1239,0
-0.021667,0.0059509,0.018616,1.8206,-0.10681,0
-0.013123,0.0062561,0.016785,1.3655,-0.092468,0
-0.0071716,0.0079346,0.016479,1.8206,-0.089417,0
-0.0088501,0.0099182,0.021057,2.0482,-0.093079,0
-0.012054,0.011749,0.028076,1.8206,-0.099182,0
-0.0093079,0.0099182,0.028076,1.3655,-0.099182,0
-0.0042725,0.0061035,0.025635,1.1379,-0.092773,0
-0.00015259,0.0064087,0.024414,2.2757,-0.083313,0
-0.0015259,0.0053406,0.025787,2.0482,-0.072937,0
-0.013123,0.002594,0.024261,1.8206,-0.062866,0
-0.024261,-0.0016785,0.017853,2.2757,-0.056458,0
-0.021667,-0.0028992,0.011597,2.0482,-0.054321,0
-0.011902,-0.0033569,0.011292,2.0482,-0.059814,0
-0.014343,-0.0010681,0.019226,2.2757,-0.071411,0
-0.024414,0.0030518,0.030823,2.5033,-0.084229,0
-0.032806,0.0033569,0.0354,2.9584,-0.087891,0
-0.035095,0.0028992,0.038605,1.8206,-0.077209,0
-0.028534,0.0018311,0.045776,2.2757,-0.059509,0
-0.019379,0.002594,0.048523,2.0482,-0.041199,0
-0.021667,0.002594,0.040283,2.2757,-0.033264,0
-0.029602,0.0010681,0.037689,2.5033,-0.034485,0
-0.030212,0.0012207,0.044098,2.0482,-0.036926,0
-0.024261,0.0019836,0.047913,2.7309,-0.035706,0
-0.012817,0.0012207,0.041504,2.5033,-0.026245,0
0.002594,0.00061035,0.030365,2.9584,-0.0091553,0
0.020294,0.00076294,0.016785,2.7309,0.0064087,0
0.032959,0.0021362,0.0048828,2.9584,0.0177,0
0.036469,0.007019,-0.0039673,2.2757,0.020752,0
0.033417,0.0099182,-0.011292,2.5033,0.019531,0
0.028687,0.0073242,-0.0085449,2.7309,0.020752,0
0.027618,0.0071716,0.0022888,2.5033,0.024719,0
0.032806,0.010223,0.01236,2.7309,0.028687,0
0.037384,0.010071,0.014801,2.5033,0.026855,0
0.041351,0.0062561,0.014343,2.7309,0.024414,0
0.044861,0.002594,0.018921,1.8206,0.022278,0
0.047607,-0.002594,0.026093,2.0482,0.019836,0
0.056305,-0.0053406,0.024261,2.5033,0.015564,0
0.059662,-0.0073242,0.00076294,2.5033,0.010681,0
0.049133,-0.015869,-0.029907,2.5033,0.010986,0
0.03006,-0.019073,-0.044708,2.0482,0.017395,0
0.0067139,-0.010071,-0.043335,2.5033,0.02594,0
-0.016937,-0.0036621,-0.028992,2.0482,0.031738,0
-0.035553,-0.0013733,-0.0093079,2.0482,0.036011,0
-0.042114,0.00015259,0.0036621,2.0482,0.036316,0
-0.042725,0.00091553,0.010986,2.7309,0.034485,0
-0.041199,0.0021362,0.011749,2.0482,0.032349,0
-0.034637,0.0027466,0.005188,2.5033,0.031433,0
-0.022736,0.0032043,-0.002594,1.8206,0.033569,0
-0.016022,0.0028992,-0.00061035,2.5033,0.0354,0
-0.020447,0.00091553,0.0032043,2.0482,0.038452,0
-0.028992,-0.00091553,0.0032043,2.0482,0.040588,0
-0.031738,-0.0015259,-0.0054932,1.1379,0.036316,0
-0.029449,-0.00045776,-0.018311,1.8206,0.030823,0
-0.032349,-0.0012207,-0.028687,2.5033,0.027161,0
-0.037231,-0.0016785,-0.038757,2.5033,0.031433,0
-0.037231,-0.0015259,-0.048523,2.2757,0.042419,0
-0.021362,-0.0024414,-0.054626,2.7309,0.056763,0
0.0074768,-0.0032043,-0.06073,2.0482,0.065613,0
0.033417,-0.0027466,-0.064087,1.8206,0.066223,0
0.044098,-0.0042725,-0.063324,1.8206,0.063477,0
0.045013,-0.0073242,-0.065613,2.5033,0.064392,0
0.042419,-0.0053406,-0.06958,2.2757,0.075378,0
0.038147,0.00076294,-0.063934,2.2757,0.089417,0
0.03479,0.0056458,-0.052185,2.9584,0.10254,0
0.033875,0.0082397,-0.041046,2.2757,0.10956,0
0.033722,0.0057983,-0.037689,2.5033,0.11322,0
0.033722,0.00045776,-0.04303,3.186,0.11963,0
0.033722,-0.0042725,-0.042725,2.5033,0.13,0
0.033569,-0.0041199,-0.038605,2.7309,0.13824,0
0.033722,-0.0039673,-0.042572,3.186,0.14404,0
0.033569,-0.005188,-0.055695,2.0482,0.14954,0
0.033722,-0.0082397,-0.063782,2.0482,0.15594,0
0.033417,-0.010529,-0.063324,2.2757,0.16541,0
0.033417,-0.011139,-0.074158,2.0482,0.18005,0
0.033417,-0.010529,-0.097656,1.8206,0.19379,0
0.03418,-0.0059509,-0.098419,1.8206,0.20905,0
0.033569,0.00030518,-0.057526,2.5033,0.22491,0
0.033569,0.0035095,-0.014038,2.7309,0.23438,0
0.033722,0.0032043,-0.0016785,2.0482,0.23285,0
0.033875,0.00015259,-0.012207,2.5033,0.22491,0
0.033569,-0.0010681,-0.01709,2.5033,0.21332,0
0.033264,0.00030518,-0.011444,2.5033,0.20325,0
0.033569,0.0010681,-0.0093079,2.7309,0.19684,0
0.033417,0.0027466,-0.0093079,2.5033,0.19165,0
0.046539,0.0030518,-0.0033569,2.5033,0.18555,0
0.053253,0.0032043,0.0083923,1.8206,0.17517,0
0.042267,0.0018311,0.022278,2.0482,0.16113,0
0.02121,-0.0018311,0.028839,1.8206,0.15167,0
-0.0059509,-0.0015259,0.024109,2.2757,0.15015,0
-0.029449,-0.00061035,0.014648,2.0482,0.15289,0
-0.032196,-0.0033569,0.0027466,2.5033,0.15564,0
-0.024261,-0.011597,-0.018005,1.8206,0.1532,0
-0.020142,-0.015411,-0.035858,2.5033,0.13916,0
-0.019836,-0.0088501,-0.025635,2.5033,0.1178,0
-0.022125,0.0010681,-0.0032043,3.186,0.098572,0
-0.042419,0.0033569,0.0071716,2.9584,0.085754,0
-0.073853,0.0015259,0.005188,2.5033,0.079651,0
-0.078278,0.00076294,-0.0033569,2.5033,0.074158,0
-0.057373,0.00091553,-0.013123,2.0482,0.065918,0
-0.040894,0,-0.018921,2.2757,0.056763,0
-0.029144,-0.00061035,-0.017395,2.5033,0.044861,0
-0.011292,0.00030518,-0.012207,3.186,0.027771,0
0.0061035,0,-0.0083923,2.9584,0.005188,0
0.013428,-0.0018311,-0.0048828,2.2757,-0.013428,0
0.014191,-0.0045776,0.0015259,2.0482,-0.021362,0
0.018768,-0.0021362,0.0086975,2.0482,-0.019226,0
0.022736,-0.00061035,0.012512,2.5033,-0.015259,0
0.024719,-0.0015259,0.014648,2.5033,-0.019226,0
0.029297,-0.0035095,0.022125,2.7309,-0.031738,0
0.032806,-0.0048828,0.028381,2.0482,-0.045776,0
0.039062,-0.0068665,0.028076,2.2757,-0.057678,0
0.04425,-0.0038147,0.026398,2.2757,-0.064087,0
0.041504,0.0013733,0.03067,2.2757,-0.064697,0
0.033112,0.0045776,0.038757,2.2757,-0.058899,0
0.020294,0.0042725,0.037689,2.0482,-0.048218,0
0.0039673,0.0018311,0.021667,2.5033,-0.036621,0
-0.005188,0,-0.002594,2.5033,-0.02655,0
-0.00015259,-0.0032043,-0.021667,2.5033,-0.015259,0
0.0024414,-0.0045776,-0.026398,2.5033,-0.0036621,0
-0.0045776,-0.0030518,-0.026093,2.5033,0.010071,0
-0.011749,-0.0021362,-0.027008,2.2757,0.021973,0
-0.013885,-0.0022888,-0.027924,1.8206,0.028076,0
-0.010834,-0.0032043,-0.030823,1.5931,0.029297,0
-0.0010681,-0.0036621,-0.037079,1.5931,0.027466,0
0.016174,-0.0047302,-0.042419,2.0482,0.023193,0
0.027924,-0.0054932,-0.046387,2.5033,0.014648,0
0.024567,-0.0048828,-0.049896,2.2757,0.0033569,0
0.0068665,-0.0054932,-0.05188,1.8206,-0.0067139,0
-0.014954,-0.0048828,-0.049133,1.5931,-0.012207,0
-0.024567,-0.0045776,-0.043335,2.2757,-0.015869,0
-0.016632,-0.0056458,-0.045013,2.0482,-0.0177,0
-0.00076294,-0.0047302,-0.054321,1.8206,-0.014343,0
0.010223,-0.0053406,-0.06073,2.7309,-0.0048828,0
0.01236,-0.0032043,-0.059204,2.2757,0.0048828,0
0.0086975,-0.0022888,-0.053864,2.7309,0.0079346,0
0.0064087,-0.0042725,-0.050201,2.5033,-0.0015259,0
0.0042725,-0.007019,-0.042114,2.2757,-0.016174,0
-0.00061035,-0.0064087,-0.026398,2.2757,-0.023499,0
-0.0064087,-0.0054932,-0.013733,2.2757,-0.019531,0
-0.013885,-0.0064087,-0.011139,1.8206,-0.0039673,0
-0.020905,-0.0073242,-0.010529,2.7309,0.011902,0
-0.027466,-0.005188,-0.0065613,2.0482,0.021057,0
-0.029449,-0.0056458,-0.00030518,2.5033,0.021667,0
-0.028229,-0.0080872,0.012665,2.7309,0.020752,0
-0.029602,-0.0047302,0.025177,2.2757,0.024719,0
-0.027161,-0.0019836,0.035706,2.7309,0.032349,0
-0.014343,-0.005188,0.037231,2.5033,0.039673,0
-0.0038147,-0.0062561,0.034332,2.9584,0.043945,0
-0.0038147,-0.0033569,0.034332,2.5033,0.045776,0
-0.018463,-0.0016785,0.027771,2.5033,0.052795,0
-0.03952,0.0010681,0.014801,2.7309,0.062561,0
-0.052338,0.0033569,0.0042725,2.7309,0.074768,0
-0.050964,0.0027466,0.0019836,2.7309,0.091248,0
-0.041962,0.0050354,0.00091553,2.2757,0.10895,0
-0.036621,0.0064087,-0.0035095,2.7309,0.13062,0
-0.040588,0.0057983,-0.010071,2.2757,0.14893,0
-0.049591,0.0038147,-0.015564,1.1379,0.15717,0
-0.05188,0.0042725,-0.023499,1.8206,0.15991,0
-0.046997,0.0068665,-0.033264,2.2757,0.16144,0
-0.047607,0.0061035,-0.042419,2.5033,0.16632,0
-0.052795,0.00015259,-0.04837,2.5033,0.17456,0
-0.051727,-0.0045776,-0.051727,1.8206,0.17822,0
-0.038452,-0.0062561,-0.047302,2.2757,0.17578,0
-0.017395,-0.0074768,-0.033417,2.2757,0.16815,0
0.0032043,-0.0097656,-0.021057,2.2757,0.16296,0
0.022125,-0.0094604,-0.014191,2.5033,0.16083,0
0.041962,-0.0099182,-0.014954,1.5931,0.16296,0
0.056915,-0.011749,-0.018463,2.2757,0.17181,0
0.062714,-0.010223,-0.018768,2.0482,0.18158,0
0.064087,-0.0090027,-0.016632,2.2757,0.18768,0
0.065002,-0.009613,-0.016174,1.8206,0.18433,0
0.06012,-0.012512,-0.024872,2.2757,0.17242,0
0.051575,-0.013733,-0.039978,2.0482,0.16083,0
0.042419,-0.01358,-0.053253,2.9584,0.15289,0
0.037384,-0.014191,-0.052795,2.5033,0.14862,0
0.03418,-0.014954,-0.037689,2.2757,0.14832,0
0.025177,-0.014496,-0.019989,2.5033,0.14496,0
0.022125,-0.013428,-0.0068665,2.5033,0.13855,0
0.027618,-0.011292,-0.0013733,1.3655,0.12909,0
0.030365,-0.0091553,-0.002594,2.2757,0.11993,0
0.030365,-0.0071716,-0.0062561,1.8206,0.11444,0
0.032349,-0.0065613,-0.0083923,2.5033,0.10956,0
0.028839,-0.0053406,-0.013123,2.2757,0.10437,0
0.018921,-0.0022888,-0.018158,2.5033,0.086975,0
0.010223,0.00015259,-0.011902,2.2757,0.062256,0
0.010681,0.00076294,0,3.186,0.031738,0
0.010681,0.0012207,0.0045776,2.9584,0.0033569,0
0.0085449,0.0028992,-0.00091553,2.7309,-0.016785,0
0.014801,0.0054932,-0.0045776,2.5033,-0.026855,0
0.030212,0.0076294,-0.0038147,2.0482,-0.033569,0
0.035095,0.0080872,-0.0068665,2.0482,-0.042114,0
0.028534,0.0074768,-0.013733,2.0482,-0.058594,0
0.02121,0.0065613,-0.020294,2.2757,-0.075378,0
0.010223,0.0074768,-0.023956,2.5033,-0.089417,0
-0.013123,0.0053406,-0.024567,2.9584,-0.10498,0
-0.036163,0.0032043,-0.019531,2.5033,-0.12451,0
-0.043488,0.00076294,-0.0033569,2.5033,-0.1474,0
-0.040894,-0.0019836,0.013885,1.8206,-0.16357,0
-0.043488,-0.0056458,0.02533,2.5033,-0.16571,0
-0.045471,-0.0073242,0.031738,1.8206,-0.16205,0
-0.045929,-0.005188,0.040131,2.5033,-0.15808,0
-0.048676,-0.0039673,0.046387,1.5931,-0.15656,0
-0.031738,-0.0010681,0.044861,2.0482,-0.16144,0
0.011597,0.0036621,0.035095,1.8206,-0.17609,0
0.060272,0.0062561,0.019684,1.8206,-0.19867,0
0.085449,0.0041199,0.010223,2.2757,-0.22278,0
0.11124,0.0032043,0.0074768,2.7309,-0.24597,0
0.12939,0.0030518,0.0067139,2.2757,-0.25787,0
0.12009,0.0033569,0.0067139,2.5033,-0.2597,0
0.1033,0.0039673,0.0083923,2.9584,-0.25391,0
0.098877,0.0067139,0.012512,2.5033,-0.24902,0
0.096283,0.0083923,0.0090027,2.2757,-0.25208,0
0.084686,0.010376,0.00076294,2.7309,-0.26276,0
0.069122,0.011139,-0.0076294,2.2757,-0.27679,0
0.054169,0.0090027,-0.010071,1.5931,-0.28931,0
0.038147,0.0094604,-0.0041199,2.2757,-0.3009,0
0.022736,0.014191,0.0073242,2.2757,-0.30823,0
-0.0021362,0.018005,0.014954,2.7309,-0.3125,0
-0.019989,0.015411,0.019684,2.5033,-0.31281,0
-0.016937,0.011749,0.027313,2.0482,-0.30975,0
-0.0068665,0.010071,0.035553,2.2757,-0.3067,0
-0.0083923,0.0074768,0.04425,1.3655,-0.3006,0
-0.023193,0.0050354,0.048065,2.7309,-0.29327,0
-0.039215,0.004425,0.033569,2.7309,-0.28656,0
-0.049438,0.002594,0.010681,2.5033,-0.28015,0
-0.05249,0.00045776,0.0018311,2.5033,-0.27985,0
-0.041504,0.00061035,0.0094604,1.8206,-0.28534,0
-0.023346,-0.0024414,0.011902,2.0482,-0.30273,0
-0.014496,-0.0038147,0.0028992,2.0482,-0.32745,0
-0.011444,-0.0039673,-0.010376,2.2757,-0.36316,0
-0.0074768,-0.0041199,-0.017395,2.2757,-0.40375,0
0.00015259,-0.0038147,-0.018921,2.5033,-0.42084,0
0.0039673,-0.0036621,-0.023193,2.2757,-0.40405,0
-0.0030518,-0.0091553,-0.028534,1.8206,-0.3656,0
-0.021057,-0.015106,-0.026398,1.8206,-0.33264,0
-0.034637,-0.01358,-0.018311,2.0482,-0.31708,0
-0.037079,-0.0088501,-0.0073242,2.0482,-0.32043,0
-0.031433,-0.0065613,0.0033569,2.0482,-0.33356,0
-0.018005,-0.0039673,0.011749,2.0482,-0.34119,0
-0.00061035,-0.0022888,0.021667,2.0482,-0.33722,0
0.012054,-0.0027466,0.029602,2.0482,-0.32043,0
0.013275,-0.0038147,0.036011,2.7309,-0.30029,0
0.0016785,-0.0059509,0.045319,1.8206,-0.28473,0
-0.016022,-0.0065613,0.057526,2.0482,-0.27466,0
-0.035553,-0.0062561,0.062714,2.2757,-0.27313,0
-0.049896,-0.0036621,0.056763,2.0482,-0.2771,0
-0.050049,-0.00015259,0.049133,2.5033,-0.28503,0
-0.037537,0.00015259,0.048523,2.0482,-0.28809,0
-0.024872,-0.0018311,0.044708,1.3655,-0.27802,0
-0.018158,-0.0036621,0.034637,1.8206,-0.25696,0
-0.010223,-0.0032043,0.019531,2.2757,-0.22919,0
0.00091553,-0.00091553,0.007782,2.0482,-0.20355,0
-0.0024414,-0.0018311,0.0035095,2.7309,-0.18402,0
-0.01297,-0.0033569,-0.0019836,2.2757,-0.16571,0
-0.022125,-0.0039673,-0.010071,2.0482,-0.14191,0
-0.024414,-0.0033569,-0.0065613,2.0482,-0.10803,0
-0.018005,-0.00045776,0.0067139,2.2757,-0.071106,0
-0.014343,-0.00061035,0.01358,2.0482,-0.039368,0
-0.023651,-0.004425,0.0090027,2.5033,-0.022888,0
-0.032043,-0.0035095,0.0016785,2.2757,-0.018005,0
-0.027008,-0.00015259,0.0016785,1.3655,-0.0177,0
-0.020142,0.0024414,0.0054932,2.0482,-0.014038,0
-0.01358,0.0035095,0.015106,1.8206,-0.0079346,0
-0.0059509,0.0039673,0.02243,2.0482,0.0024414,0
-0.0016785,-0.00061035,0.018005,2.2757,0.018311,0
0.00061035,-0.0053406,0.015106,2.7309,0.042419,0
0.0016785,-0.0073242,0.022583,2.7309,0.068665,0
0.0018311,-0.004425,0.025177,2.0482,0.089417,0
0.0016785,-0.0022888,0.017548,2.2757,0.099792,0
0.0018311,-0.0062561,0.0088501,1.8206,0.10345,0
0.0016785,-0.0067139,0.0074768,2.5033,0.10376,0
0.0015259,-0.0059509,0.0091553,2.5033,0.10193,0
0.0016785,-0.004425,0.013733,2.2757,0.099182,0
0.0016785,-0.0036621,0.017242,2.5033,0.092163,0
0.0016785,-0.0024414,0.010986,2.2757,0.084534,0
0.0016785,-0.0022888,0.0010681,2.5033,0.074768,0
0.0019836,-0.00061035,-0.0038147,2.2757,0.057373,0
0.0019836,0.00076294,-0.0035095,2.7309,0.034485,0
0.0016785,0.0018311,0.0016785,2.0482,0.014648,0
0.0019836,0.00061035,0.011139,2.2757,0.0054932,0
0.0018311,-0.00030518,0.018158,1.3655,-0.00091553,0
0.0018311,0.0032043,0.013123,1.3655,-0.015259,0
0.0018311,0.0083923,0.0028992,2.2757,-0.044861,0
0.0019836,0.010376,-0.0022888,1.3655,-0.085144,0
0.0016785,0.010223,0.0035095,1.1379,-0.12665,0
0.0019836,0.010223,0.0080872,1.8206,-0.16541,0
0.0018311,0.0071716,0.011597,1.5931,-0.20142,0
0.0018311,0.0021362,0.016479,2.0482,-0.23376,0
0.0019836,0.00030518,0.022888,2.7309,-0.2652,0
0.0018311,0.0036621,0.02533,2.2757,-0.29266,0
0.0022888,0.0059509,0.021515,2.2757,-0.31464,0
0.0016785,0.0074768,0.012817,1.8206,-0.33051,0
0.0018311,0.0083923,0.0024414,2.2757,-0.34637,0
0.0019836,0.0091553,-0.0024414,2.0482,-0.3656,0
0.0019836,0.007782,-0.0035095,1.8206,-0.38971,0
0.0018311,0.004425,-0.009613,2.2757,-0.41809,0
0.0016785,0.0027466,-0.016327,0.91037,-0.44434,0
0.0021362,0.00061035,-0.015259,2.2757,-0.46783,0
0.0019836,-0.0010681,-0.0054932,2.2757,-0.48798,0
0.0019836,-0.0015259,0.004425,2.0482,-0.50568,0
0.0019836,-0.0016785,0.0093079,2.7309,-0.52429,0
0.0018311,-0.0018311,0.002594,1.8206,-0.54443,0
0.0016785,-0.00076294,-0.0057983,2.7309,-0.56976,0
0.0018311,0.0024414,-0.0073242,2.7309,-0.59296,0
0.0024414,0.0035095,-0.0048828,2.7309,-0.60791,0
0.0021362,0,0,2.7309,-0.6131,0
0.0016785,-0.00045776,0.0019836,2.2757,-0.61218,0
0.0016785,0.0013733,0.00091553,2.2757,-0.61462,0
0.0018311,0.00015259,0.0064087,2.2757,-0.625,0
0.0019836,-0.0032043,0.014801,2.7309,-0.63843,0
0.0016785,-0.0064087,0.02182,2.5033,-0.65033,0
0.0016785,-0.0080872,0.023499,2.0482,-0.65491,0
0.027618,-0.0054932,0.018921,2.5033,-0.65094,0
0.039368,-0.00076294,0.0177,2.7309,-0.63873,0
0.022736,-0.0036621,0.023499,2.0482,-0.625,0
0.0032043,-0.0071716,0.026703,2.0482,-0.6131,0
-0.0027466,-0.0061035,0.025635,2.0482,-0.60425,0
0.0039673,-0.0030518,0.028839,2.2757,-0.59753,0
0.0093079,-0.0012207,0.039673,1.8206,-0.59296,0
0.0093079,-0.00030518,0.051575,1.3655,-0.58716,0
0.0073242,-0.0012207,0.059509,1.5931,-0.57678,0
-0.0018311,-0.0021362,0.068665,2.5033,-0.55756,0
-0.018768,-0.0030518,0.079498,2.2757,-0.53192,0
-0.029449,-0.0013733,0.081024,1.8206,-0.51361,0
-0.032959,0.0010681,0.072937,2.0482,-0.50446,0
-0.03479,-0.00030518,0.052795,2.0482,-0.50018,0
-0.027313,-0.004425,0.027466,2.5033,-0.49011,0
-0.012665,-0.0053406,0.0073242,2.0482,-0.46783,0
0.00015259,-0.0030518,0.00045776,2.7309,-0.43793,0
0.0065613,-0.0015259,0.014954,2.5033,-0.41168,0
0.01236,0.00030518,0.033722,2.5033,-0.39459,0
0.013428,0.0022888,0.041962,1.3655,-0.38788,0
0.01236,0.0021362,0.039368,1.1379,-0.39185,0
0.0093079,0.004425,0.027161,2.0482,-0.40222,0
0.0018311,0.0041199,0.0076294,1.8206,-0.41229,0
-0.0036621,0,-0.010071,1.8206,-0.41748,0
-0.0033569,-0.0015259,-0.013885,2.0482,-0.41138,0
0.005188,-0.0016785,-0.0057983,1.8206,-0.39703,0
0.017548,-0.0019836,-0.00091553,1.8206,-0.37811,0
0.023499,-0.0010681,-0.0080872,2.7309,-0.35522,0
0.015411,0.0013733,-0.02121,2.7309,-0.33356,0
0.0019836,0.0010681,-0.031281,2.7309,-0.3183,0
-0.015564,0.00045776,-0.035858,2.5033,-0.30914,0
-0.028992,-0.00061035,-0.034637,2.5033,-0.30243,0
-0.022888,0,-0.029297,2.2757,-0.2887,0
-0.0018311,0.0010681,-0.019989,2.7309,-0.26672,0
0.013733,0.0013733,-0.0073242,2.7309,-0.242,0
0.016174,-0.0010681,0.0094604,2.7309,-0.224,0
0.016174,-0.0022888,0.019684,2.5033,-0.21637,0
0.017395,-0.00045776,0.018463,2.5033,-0.21149,0
0.020905,0.00045776,0.017242,2.0482,-0.20416,0
0.022278,0.00061035,0.010376,2.2757,-0.1886,0
0.017548,-0.00045776,-0.011749,2.0482,-0.16815,0
0.011902,-0.0019836,-0.029144,2.5033,-0.14618,0
0.0042725,-0.00015259,-0.025024,2.5033,-0.12115,0
-0.0047302,0.007782,-0.0045776,2.2757,-0.096741,0
0.00061035,0.016022,0.019226,2.0482,-0.076904,0
0.019531,0.014191,0.031128,1.8206,-0.063477,0
0.039825,0.0085449,0.03479,1.8206,-0.054321,0
0.047302,0.0074768,0.033875,2.0482,-0.040283,0
0.045471,0.0076294,0.029144,2.0482,-0.021973,0
0.047455,0.007782,0.024567,2.2757,-0.0048828,0
0.043793,0.0088501,0.024109,1.3655,0.0015259,0
0.028381,0.0093079,0.023346,2.0482,-0.0082397,0
-0.00045776,0.0088501,0.021515,2.0482,-0.030212,0
-0.031433,0.010376,0.016785,1.8206,-0.053711,0
-0.053253,0.010681,0.0033569,1.3655,-0.072937,0
-0.06012,0.007019,-0.0076294,1.8206,-0.081787,0
-0.055847,0.0053406,-0.00091553,2.2757,-0.083618,0
-0.044403,0.0091553,0.026398,1.8206,-0.082703,0
-0.026093,0.01236,0.057526,2.2757,-0.083618,0
-0.0032043,0.015564,0.06958,2.0482,-0.083618,0
0.01236,0.018005,0.066376,2.5033,-0.087891,0
0.020294,0.015564,0.057526,2.2757,-0.099182,0
0.024567,0.012817,0.040131,2.2757,-0.11627,0
0.027924,0.014801,0.021057,2.0482,-0.13184,0
0.028534,0.016479,0.01709,2.0482,-0.14282,0
0.020599,0.016327,0.017242,2.7309,-0.14587,0
0.010376,0.014801,0.011444,3.186,-0.15015,0
0.0079346,0.012512,0.0048828,2.5033,-0.159,0
0.0030518,0.015259,-0.0013733,2.2757,-0.17029,0
-0.0042725,0.022278,-0.011597,2.5033,-0.18402,0
-0.0093079,0.02655,-0.022736,1.5931,-0.19562,0
-0.0045776,0.023804,-0.030212,2.2757,-0.20081,0
0.0086975,0.019226,-0.028534,2.9584,-0.20111,0
0.017242,0.016632,-0.027924,2.2757,-0.19958,0
0.01236,0.01709,-0.032196,2.5033,-0.19714,0
0.0032043,0.016327,-0.039978,2.7309,-0.19745,0
-0.0073242,0.017548,-0.044861,2.9584,-0.19623,0
-0.018768,0.018921,-0.04364,3.4135,-0.19318,0
-0.028839,0.018616,-0.038452,2.5033,-0.18646,0
-0.027313,0.019073,-0.034485,0.91037,-0.17303,0
-0.0057983,0.021057,-0.032196,2.7309,-0.15259,0
0.0177,0.017395,-0.031281,2.0482,-0.12817,0
0.024719,0.01236,-0.033417,2.5033,-0.10651,0
0.015411,0.010834,-0.03952,2.0482,-0.089722,0
0.0036621,0.0085449,-0.040283,2.7309,-0.075989,0
-0.0027466,0.0035095,-0.034485,1.8206,-0.064087,0
-0.0041199,0.0035095,-0.025482,2.2757,-0.054626,0
-0.0067139,0.0039673,-0.018921,2.5033,-0.050354,0
-0.012817,0.0019836,-0.012207,2.2757,-0.050049,0
-0.014343,0.00076294,-0.004425,2.7309,-0.050659,0
-0.0045776,0,-0.0036621,2.0482,-0.050964,0
0.011444,-0.00091553,-0.011597,1.8206,-0.047302,0
0.020294,0,-0.02243,2.0482,-0.040283,0
0.015106,0.00076294,-0.030975,2.5033,-0.033264,0
0.0010681,0.00076294,-0.030975,1.8206,-0.025024,0
-0.018616,0,-0.026703,2.5033,-0.017395,0
-0.030212,-0.0015259,-0.023804,2.5033,-0.011292,0
-0.018311,-0.0033569,-0.023499,1.5931,-0.00091553,0
0.0036621,-0.0041199,-0.024109,2.0482,0.016174,0
0.018005,-0.0045776,-0.023804,2.2757,0.038452,0
0.020294,-0.0054932,-0.024872,2.7309,0.060425,0
0.017853,-0.0053406,-0.02594,2.7309,0.082397,0
0.01709,-0.0068665,-0.023346,2.5033,0.10895,0
0.020905,-0.011749,-0.019379,2.5033,0.13977,0
0.029297,-0.016174,-0.011902,2.7309,0.16724,0
0.039978,-0.015869,-0.0042725,2.5033,0.18524,0
0.045319,-0.012512,0.0022888,2.9584,0.19806,0
0.038452,-0.012512,0.0067139,2.7309,0.21515,0
0.023651,-0.014801,0.014648,2.9584,0.24231,0
0.015411,-0.015717,0.025177,2.9584,0.27435,0
0.010834,-0.014954,0.028687,2.9584,0.30273,0
0.0036621,-0.015869,0.026855,2.5033,0.32043,0
-0.0080872,-0.016174,0.023651,2.2757,0.32898,0
-0.02121,-0.017242,0.023499,2.2757,0.33051,0
-0.027161,-0.019684,0.018311,2.2757,0.33142,0
-0.020294,-0.017853,0.0059509,2.7309,0.33386,0
-0.012817,-0.013733,-0.0047302,2.7309,0.33508,0
-0.013885,-0.014038,-0.010223,2.7309,0.33173,0
-0.016785,-0.016022,-0.0097656,3.186,0.33325,0
-0.018616,-0.017853,-0.0061035,2.7309,0.33539,0
-0.027618,-0.018005,-0.0013733,2.5033,0.33722,0
-0.041809,-0.014954,0.0039673,2.2757,0.32898,0
-0.046234,-0.013885,0.0093079,2.9584,0.31494,0
-0.050812,-0.013733,0.011597,2.2757,0.30609,0
-0.054016,-0.015259,0.010681,2.2757,0.30762,0
-0.028229,-0.018463,0.0021362,2.2757,0.32166,0
0.011292,-0.022736,-0.0064087,2.7309,0.34302,0
0.020905,-0.02533,-0.013275,2.7309,0.36194,0
0.0064087,-0.024872,-0.017548,2.2757,0.37201,0
-0.0059509,-0.021057,-0.017395,1.8206,0.37537,0
-0.015106,-0.015411,-0.016937,2.0482,0.38086,0
-0.027313,-0.012665,-0.021973,2.0482,0.39124,0
-0.030823,-0.014496,-0.031586,2.0482,0.40802,0
-0.018921,-0.018921,-0.036621,1.8206,0.42664,0
0.0012207,-0.020599,-0.035858,1.8206,0.43732,0
0.020752,-0.019379,-0.03418,2.5033,0.43823,0
0.038605,-0.019379,-0.029602,2.5033,0.42969,0
0.050201,-0.020905,-0.02243,2.0482,0.42145,0
0.06012,-0.023193,-0.019073,1.8206,0.41718,0
0.066681,-0.025482,-0.023956,2.0482,0.4187,0
0.069427,-0.024261,-0.029602,2.0482,0.42175,0
0.07019,-0.017395,-0.031128,2.2757,0.42664,0
0.069885,-0.011597,-0.024261,2.2757,0.43091,0
0.07019,-0.011749,-0.0065613,2.5033,0.43518,0
0.070038,-0.015106,0.0083923,1.8206,0.43915,0
0.07019,-0.015869,0.0068665,2.5033,0.4425,0
0.07019,-0.015259,-0.0062561,2.5033,0.44342,0
0.053406,-0.017853,-0.023499,2.2757,0.44525,0
0.039825,-0.019684,-0.037842,2.9584,0.44525,0
0.033417,-0.021973,-0.049133,2.5033,0.44647,0
0.027618,-0.020447,-0.045319,2.2757,0.4425,0
0.019379,-0.011597,-0.023804,2.2757,0.43396,0
0.011139,-0.0054932,-0.0064087,2.2757,0.41931,0
0.00091553,-0.0045776,-0.0073242,2.2757,0.40466,0
-0.012054,-0.0054932,-0.023651,2.2757,0.39246,0
-0.026703,-0.0061035,-0.035858,2.0482,0.38422,0
-0.041504,-0.0042725,-0.031128,2.7309,0.38208,0
-0.055237,-0.0022888,-0.0177,2.7309,0.38177,0
-0.065308,-0.0016785,-0.0088501,2.2757,0.37994,0
-0.067291,-0.0016785,-0.0065613,2.5033,0.37628,0
-0.054321,-0.0015259,-0.0094604,2.0482,0.36621,0
-0.035553,-0.0016785,-0.011292,2.5033,0.35614,0
-0.025482,-0.0019836,-0.014191,2.2757,0.3479,0
-0.029755,-0.0041199,-0.028839,2.7309,0.34607,0
-0.0354,-0.0056458,-0.04303,2.0482,0.34943,0
-0.038147,-0.00030518,-0.018311,2.2757,0.35645,0
-0.040436,0.0054932,0.031128,2.5033,0.36346,0
-0.045013,0.0061035,0.046844,1.8206,0.36652,0
-0.049744,0.0053406,0.032196,2.2757,0.36591,0
-0.043182,0.0038147,0.023956,1.8206,0.36224,0
-0.020599,0.0027466,0.031128,1.1379,0.35889,0
0.0035095,0.0013733,0.037384,2.0482,0.35706,0
0.017853,0.00045776,0.037384,1.8206,0.35675,0
0.020142,-0.00015259,0.037537,0.91037,0.35767,0
0.016632,0.0010681,0.040894,1.8206,0.35645,0
0.014801,0.00061035,0.04776,1.3655,0.34943,0
0.012054,0.0033569,0.055389,1.8206,0.33539,0
0.0067139,0.0086975,0.057678,1.8206,0.31525,0
0.0028992,0.011292,0.054016,2.2757,0.29236,0
0,0.0082397,0.047913,2.0482,0.27008,0
-0.0012207,0.0041199,0.04425,2.2757,0.25177,0
0.0067139,0.0022888,0.040283,2.7309,0.23468,0
0.020752,0.0016785,0.033569,2.2757,0.21454,0
0.024719,-0.00061035,0.031586,2.2757,0.19196,0
0.014954,-0.0015259,0.032959,2.0482,0.16479,0
0.007019,-0.0016785,0.028076,2.5033,0.13947,0
0.004425,-0.0019836,0.019989,2.9584,0.11627,0
0.0064087,-0.0047302,0.015411,2.5033,0.093994,0
0.010681,-0.0090027,0.011292,2.7309,0.073547,0
0.013428,-0.0076294,0.0054932,2.7309,0.057373,0
0.018311,-0.0013733,0.0015259,2.5033,0.04303,0
0.020447,0.00061035,0.0047302,2.0482,0.030212,0
0.015259,-0.0028992,0.018463,2.7309,0.0177,0
0.010529,-0.0061035,0.031891,2.2757,0.0030518,0
0.010529,-0.0088501,0.037384,2.0482,-0.011597,0
0.0080872,-0.010681,0.034485,1.3655,-0.027161,0
0,-0.011139,0.031128,2.7309,-0.039978,0
-0.007019,-0.0086975,0.032654,2.2757,-0.048523,0
-0.010681,-0.0024414,0.0383,2.5033,-0.052185,0
-0.013428,0.0028992,0.039978,2.2757,-0.053406,0
-0.020142,0.0032043,0.037689,2.5033,-0.052795,0
-0.023499,0.0021362,0.037231,2.9584,-0.05249,0
-0.020142,-0.00015259,0.039978,2.7309,-0.05127,0
-0.014191,-0.00045776,0.037842,2.7309,-0.050354,0
-0.0091553,-0.0048828,0.026855,2.5033,-0.048523,0
-0.007019,-0.012665,0.011749,2.0482,-0.044861,0
-0.01297,-0.020142,0.0041199,1.8206,-0.043335,0
-0.020599,-0.024414,0.0074768,2.0482,-0.044861,0
-0.023499,-0.026398,0.016479,1.1379,-0.050964,0
-0.015259,-0.025787,0.023804,1.5931,-0.058594,0
-0.0047302,-0.023041,0.027466,1.8206,-0.06897,0
-0.0016785,-0.018768,0.026398,2.0482,-0.080261,0
-0.0032043,-0.018158,0.022736,2.5033,-0.092163,0
-0.0093079,-0.018463,0.020142,1.5931,-0.10376,0
-0.018921,-0.018005,0.018768,2.2757,-0.11475,0
-0.024414,-0.014343,0.015106,2.7309,-0.12543,0
-0.015411,-0.010071,0.0062561,2.0482,-0.13367,0
0.0036621,-0.0068665,-0.00045776,1.8206,-0.13916,0
0.011444,-0.0041199,0.0022888,2.0482,-0.14252,0
0.0016785,-0.00091553,0.010376,2.2757,-0.14587,0
-0.0065613,0.00061035,0.02121,2.0482,-0.14709,0
-0.00045776,0.00061035,0.034943,2.7309,-0.14801,0
0.011139,0.00061035,0.044861,2.0482,-0.14679,0
0.019379,0.0022888,0.050049,2.5033,-0.14435,0
0.024567,0.0061035,0.051575,2.5033,-0.13947,0
0.025024,0.0073242,0.049591,2.2757,-0.13641,0
0.026245,0.0059509,0.045624,2.5033,-0.13489,0
0.030365,0.0038147,0.038147,2.5033,-0.13519,0
0.034943,0.0033569,0.025482,2.9584,-0.13672,0
0.035553,0.0039673,0.010071,2.5033,-0.13458,0
0.037384,0.007782,-0.0019836,2.9584,-0.13062,0
0.040894,0.01236,-0.0071716,2.5033,-0.1239,0
0.039673,0.018768,-0.0057983,2.7309,-0.11292,0
0.034637,0.026855,-0.0021362,3.186,-0.10101,0
0.03067,0.028687,-0.0012207,3.186,-0.091248,0
0.023804,0.024567,-0.0019836,2.5033,-0.08728,0
0.012817,0.023346,0.00030518,2.5033,-0.089722,0
0.0028992,0.023956,0.0057983,1.8206,-0.095825,0
-0.0048828,0.022736,0.010986,1.8206,-0.099487,0
-0.0071716,0.020752,0.012054,2.9584,-0.098267,0
-0.0018311,0.018311,0.013733,2.5033,-0.092468,0
0.0083923,0.014954,0.021667,1.3655,-0.08667,0
0.021362,0.011902,0.031128,1.5931,-0.083313,0
0.035706,0.011444,0.033112,2.5033,-0.084534,0
0.042419,0.014191,0.034332,2.2757,-0.086365,0
0.030823,0.016785,0.036926,2.7309,-0.092163,0
-0.0032043,0.015411,0.045319,2.5033,-0.097046,0
-0.031738,0.013428,0.061798,2.2757,-0.10132,0
-0.032654,0.011749,0.076447,2.0482,-0.10376,0
-0.023499,0.0091553,0.086212,1.5931,-0.10162,0
-0.021057,0.0082397,0.089264,1.8206,-0.093384,0
-0.031738,0.007782,0.089874,1.5931,-0.082092,0
-0.048981,0.007782,0.089874,1.8206,-0.071106,0
-0.057831,0.007782,0.090179,2.0482,-0.065002,0
-0.057373,0.0080872,0.090637,1.8206,-0.065002,0
-0.049438,0.0082397,0.091705,2.2757,-0.065002,0
-0.038605,0.0076294,0.090485,2.2757,-0.065613,0
-0.02533,0.0071716,0.081787,2.0482,-0.066223,0
-0.0094604,0.010681,0.075226,2.0482,-0.063171,0
0.004425,0.016174,0.076447,1.8206,-0.059204,0
0.016479,0.017395,0.076904,2.0482,-0.049744,0
0.018005,0.015869,0.07431,1.8206,-0.040283,0
0.01236,0.015411,0.069885,2.0482,-0.033569,0
0.0090027,0.015106,0.065613,2.9584,-0.031738,0
0.010071,0.015259,0.061798,2.2757,-0.032043,0
0.0080872,0.013275,0.058594,2.2757,-0.032043,0
0.0064087,0.011902,0.050812,1.8206,-0.030518,0
0.012207,0.0086975,0.045929,1.8206,-0.022583,0
0.014954,0.0057983,0.039062,1.8206,-0.012512,0
0.011444,0.0036621,0.024872,1.8206,-0.0015259,0
0.0097656,0.0012207,0.010834,1.8206,0.0061035,0
0.01236,0.00076294,0.0068665,2.0482,0.010071,0
0.0093079,0.0013733,0.021667,2.7309,0.011292,0
0.0010681,0.0048828,0.041656,3.4135,0.015564,0
-0.0018311,0.0065613,0.058289,2.9584,0.020752,0
0.0024414,0.0035095,0.066528,2.5033,0.027771,0
0.007782,0.0010681,0.06546,1.8206,0.035706,0
0.0097656,-0.00030518,0.061951,2.7309,0.046082,0
0.012817,0,0.05661,2.9584,0.057373,0
0.019989,0.00015259,0.044861,2.7309,0.066223,0
0.021973,-0.0021362,0.030212,2.2757,0.074768,0
0.016479,-0.0048828,0.014954,2.0482,0.081787,0
0.011749,-0.0054932,0.0065613,2.5033,0.093384,0
0.011749,-0.0082397,0.0027466,2.2757,0.1059,0
0.012207,-0.0091553,0.00045776,2.2757,0.11993,0
0.010834,-0.0054932,-0.0079346,2.5033,0.13153,0
0.0050354,-0.0036621,-0.018921,2.5033,0.14191,0
-0.00045776,-0.0067139,-0.026245,1.8206,0.15289,0
-0.0045776,-0.0059509,-0.030975,2.0482,0.1593,0
-0.007019,-0.0032043,-0.030518,1.8206,0.16449,0
-0.010834,-0.0027466,-0.024414,1.8206,0.17212,0
-0.02182,-0.0056458,-0.018005,2.2757,0.18341,0
-0.035553,-0.0071716,-0.0083923,2.0482,0.19684,0
-0.045929,-0.004425,0.0032043,2.0482,0.21118,0
-0.050659,-0.00045776,0.01297,2.0482,0.22247,0
-0.05249,-0.00045776,0.022736,2.0482,0.2301,0
-0.055237,-0.0030518,0.029907,2.0482,0.23529,0
-0.056458,-0.0033569,0.025177,2.0482,0.23834,0
-0.052338,-0.002594,0.0076294,2.7309,0.23804,0
-0.042725,-0.00061035,-0.0094604,1.8206,0.23743,0
-0.037079,0.0032043,-0.02121,2.5033,0.23712,0
-0.035858,0.007782,-0.03006,2.0482,0.23865,0
-0.033569,0.0067139,-0.036469,1.5931,0.242,0
-0.023193,0.0039673,-0.039673,1.8206,0.24353,0
-0.013885,-0.0028992,-0.035706,2.0482,0.24445,0
-0.0086975,-0.0090027,-0.032196,2.7309,0.24292,0
-0.0039673,-0.011139,-0.032959,2.0482,0.2417,0
0.0053406,-0.010834,-0.034027,2.5033,0.24139,0
0.016632,-0.009613,-0.034332,2.2757,0.24353,0
0.018005,-0.0093079,-0.032654,2.5033,0.24536,0
0.020905,-0.011597,-0.029907,2.5033,0.24811,0
0.029449,-0.014496,-0.026245,2.5033,0.25238,0
0.033569,-0.015106,-0.02182,2.0482,0.25665,0
0.036316,-0.018921,-0.013123,2.2757,0.25879,0
0.040131,-0.023193,0,2.7309,0.25818,0
0.044861,-0.022736,0.01358,2.9584,0.25696,0
0.046387,-0.022583,0.026093,2.5033,0.25543,0
0.041656,-0.021057,0.033722,2.2757,0.25391,0
0.032349,-0.016785,0.033569,2.5033,0.25146,0
0.020447,-0.014648,0.028381,2.2757,0.24689,0
0.012512,-0.014801,0.023041,2.5033,0.242,0
0.010681,-0.018005,0.017548,2.5033,0.23712,0
0.010223,-0.018768,0.007019,1.8206,0.23315,0
0.0083923,-0.013733,-0.0015259,2.2757,0.22675,0
0.0050354,-0.0076294,-0.0090027,2.0482,0.21698,0
0.0030518,-0.007782,-0.012207,2.2757,0.20599,0
0.0094604,-0.0061035,-0.012054,2.7309,0.19531,0
0.020142,-0.0042725,-0.012665,1.3655,0.18585,0
0.018311,-0.0028992,-0.014496,2.2757,0.177,0
0.0083923,-0.004425,-0.014648,2.9584,0.1709,0
-0.0021362,-0.0059509,-0.012054,2.7309,0.16541,0
-0.0032043,-0.0033569,-0.004425,2.7309,0.16144,0
0.00076294,-0.0012207,0.007782,2.0482,0.15656,0
0.0035095,0.0012207,0.016174,2.2757,0.1532,0
0.0038147,-0.00045776,0.019684,1.3655,0.1535,0
0.011902,-0.0010681,0.015564,1.5931,0.15717,0
0.025635,-0.00045776,0.0080872,1.8206,0.16174,0
0.039368,-0.00045776,0.0054932,2.2757,0.16449,0
0.046387,0.0010681,0.0041199,2.5033,0.16479,0
0.044861,0.004425,-0.004425,2.2757,0.16205,0
0.036469,0.0042725,-0.015564,2.5033,0.15717,0
0.027313,0.0010681,-0.023651,1.8206,0.15167,0
0.020447,-0.0033569,-0.023193,2.0482,0.14587,0
0.016174,-0.0057983,-0.015717,2.5033,0.13916,0
0.014648,-0.0071716,-0.0062561,2.7309,0.13184,0
0.017548,-0.010376,0.00015259,2.2757,0.12695,0
0.024872,-0.012054,0.002594,2.7309,0.12146,0
0.026398,-0.0090027,-0.00091553,2.7309,0.11597,0
0.020905,-0.0035095,-0.0068665,2.0482,0.11169,0
0.0091553,0,-0.01358,2.0482,0.10895,0
-0.0027466,0.00015259,-0.019073,2.0482,0.10681,0
-0.010834,-0.00091553,-0.026093,2.2757,0.10406,0
-0.017853,-0.0019836,-0.037079,2.7309,0.1059,0
-0.026093,-0.0022888,-0.04425,1.8206,0.1059,0
-0.031128,0,-0.044708,2.5033,0.10681,0
-0.033112,-0.0071716,-0.041656,2.5033,0.10193,0
-0.031281,-0.019989,-0.044861,2.2757,0.096436,0
-0.027466,-0.015259,-0.045319,2.0482,0.088501,0
-0.022278,-0.0019836,-0.040741,2.2757,0.083923,0
-0.019836,0.0071716,-0.034485,2.2757,0.079651,0
-0.019989,0.010376,-0.026398,1.8206,0.076599,0
-0.016937,0.011902,-0.025024,2.2757,0.073853,0
-0.015717,0.015869,-0.027618,2.5033,0.072937,0
-0.018158,0.017548,-0.025787,2.0482,0.073547,0
-0.018463,0.018463,-0.018311,1.3655,0.072937,0
-0.019226,0.021362,-0.014038,1.8206,0.071106,0
-0.015564,0.02121,-0.01358,1.8206,0.06958,0
-0.011597,0.016022,-0.014191,1.8206,0.068054,0
-0.010529,0.011597,-0.01297,2.0482,0.064392,0
-0.010376,0.012512,-0.016327,1.8206,0.06134,0
-0.010529,0.018921,-0.018616,2.0482,0.056763,0
-0.010376,0.025024,-0.018311,1.8206,0.053101,0
-0.010223,0.023956,-0.019989,1.1379,0.050659,0
-0.010529,0.017853,-0.021667,0.91037,0.046692,0
-0.010376,0.015869,-0.025482,1.8206,0.04303,0
-0.010376,0.016785,-0.026703,2.2757,0.039368,0
-0.0099182,0.014038,-0.02655,1.8206,0.037842,0
-0.010529,0.009613,-0.029144,1.5931,0.036621,0
-0.010681,0.007019,-0.031281,2.2757,0.038452,0
-0.010681,0.0033569,-0.031128,2.2757,0.041199,0
-0.010529,-0.0012207,-0.032349,2.2757,0.04425,0
-0.010376,-0.0032043,-0.03418,1.8206,0.047913,0
-0.010376,-0.0015259,-0.033112,1.8206,0.047302,0
-0.010681,0.0019836,-0.028381,2.0482,0.047913,0
-0.010223,0.0028992,-0.018768,2.5033,0.049133,0
-0.010376,0.0027466,-0.0027466,2.0482,0.05127,0
-0.010376,0.0012207,0.0057983,0.91037,0.054932,0
-0.010376,0.00061035,0.0035095,1.8206,0.059814,0
-0.010376,0.0010681,0.0021362,2.7309,0.064087,0
-0.010376,0.0036621,0.0068665,2.2757,0.068359,0
-0.010223,0.011749,0.015869,2.5033,0.06958,0
-0.010529,0.014954,0.028992,2.5033,0.06958,0
-0.010376,0.016327,0.046387,2.5033,0.073242,0
-0.010529,0.018616,0.056305,2.7309,0.07843,0
-0.0082397,0.019531,0.053864,2.7309,0.084229,0
-0.0047302,0.02121,0.046539,2.7309,0.091248,0
-0.0064087,0.019836,0.037537,2.5033,0.098267,0
-0.0094604,0.016785,0.028076,2.5033,0.10498,0
-0.0097656,0.014038,0.016022,2.9584,0.11292,0
-0.012512,0.010223,0.0042725,2.5033,0.11932,0
-0.017853,0.0094604,-0.0021362,2.0482,0.12482,0
-0.020447,0.0088501,-0.0019836,2.5033,0.13062,0
-0.020294,0.0067139,0.0022888,2.2757,0.1358,0
-0.023499,0.005188,-0.00045776,1.8206,0.1416,0
-0.024261,0.0039673,-0.0093079,2.0482,0.14587,0
-0.02121,-0.0010681,-0.015564,1.8206,0.14984,0
-0.014038,-0.0059509,-0.01709,1.8206,0.15045,0
-0.0027466,-0.0093079,-0.017242,2.2757,0.15137,0
0.0057983,-0.0067139,-0.019684,2.2757,0.15167,0
0.0065613,-0.0032043,-0.024109,2.0482,0.15076,0
0.0024414,-0.00091553,-0.02655,1.8206,0.15198,0
0.00015259,-0.0016785,-0.026703,2.2757,0.15259,0
0.0015259,-0.0073242,-0.024719,2.5033,0.1532,0
0.0027466,-0.010834,-0.025024,2.2757,0.15259,0
0.00091553,-0.0048828,-0.02655,1.8206,0.15259,0
-0.0012207,0.0062561,-0.027618,2.0482,0.15289,0
-0.0036621,0.010529,-0.027924,2.2757,0.1532,0
-0.0062561,0.0056458,-0.030823,2.5033,0.15015,0
-0.0042725,-0.0016785,-0.03418,2.0482,0.14679,0
-0.0036621,-0.0050354,-0.031586,2.0482,0.14221,0
-0.0068665,-0.0030518,-0.023346,2.0482,0.13702,0
-0.0038147,0.00091553,-0.015106,1.5931,0.13397,0
0.0013733,0.0030518,-0.0065613,2.0482,0.13062,0
0.0038147,0.0050354,0.0016785,1.8206,0.12726,0
0.0033569,0.0045776,0.011139,2.0482,0.12238,0
0.0053406,0.00045776,0.015259,2.9584,0.1178,0
0.01358,-0.0036621,0.010071,3.186,0.11261,0
0.024109,-0.0024414,0.0022888,2.0482,0.10681,0
0.032196,-0.0021362,0.010986,2.0482,0.10315,0
0.035095,-0.0035095,0.028381,2.0482,0.098267,0
0.036011,-0.0039673,0.038605,2.5033,0.092773,0
0.035858,-0.0032043,0.033569,2.5033,0.088196,0
0.036011,-0.0015259,0.024109,2.7309,0.083313,0
0.03418,-0.00030518,0.022278,2.7309,0.079346,0
0.032043,0.00015259,0.024719,2.9584,0.076599,0
0.031281,0.005188,0.030823,2.5033,0.074158,0
0.031128,0.0086975,0.036774,2.0482,0.071411,0
0.031281,0.005188,0.040131,1.8206,0.071106,0
0.031128,0.002594,0.039825,2.2757,0.071411,0
0.031281,0.0057983,0.029907,2.2757,0.071716,0
0.031433,0.009613,0.018463,2.2757,0.071106,0
0.031433,0.0085449,0.015259,2.2757,0.070801,0
0.013733,0.0067139,0.02243,2.0482,0.070801,0
-0.0022888,0.0074768,0.033264,1.5931,0.071106,0
-0.005188,0.0074768,0.036469,2.0482,0.071106,0
-0.00030518,0.0076294,0.032654,1.8206,0.071106,0
0.0021362,0.007782,0.029297,2.5033,0.071106,0
0.0030518,0.011139,0.024872,2.2757,0.071106,0
0.0019836,0.011292,0.023804,2.0482,0.074158,0
0.00045776,0.0068665,0.028534,2.5033,0.076294,0
-0.0012207,0.0039673,0.034637,2.0482,0.079346,0
-0.0036621,0.0036621,0.039368,2.2757,0.082397,0
-0.0048828,0.0047302,0.039368,2.0482,0.084839,0
-0.0018311,0.0036621,0.040436,1.5931,0.086975,0
0.00076294,0.0028992,0.046692,2.5033,0.088501,0
0.0018311,0.0010681,0.049896,2.0482,0.091858,0
0.0038147,-0.00030518,0.045319,2.0482,0.096741,0
0.0082397,0.00015259,0.035706,2.5033,0.099792,0
0.0090027,0,0.027618,1.3655,0.10193,0
0.0018311,-0.0012207,0.023346,1.5931,0.10376,0
-0.0028992,-0.0027466,0.01709,2.2757,0.10559,0
-0.0028992,-0.0019836,0.0085449,1.8206,0.10895,0
-0.0038147,-0.0032043,0.0013733,2.0482,0.11261,0
-0.0062561,-0.0079346,-0.0035095,2.0482,0.11658,0
-0.010681,-0.011749,-0.012054,2.5033,0.11902,0
-0.020142,-0.0093079,-0.022278,2.2757,0.12207,0
-0.030365,-0.0059509,-0.026703,2.2757,0.12146,0
-0.034485,-0.0071716,-0.023651,2.0482,0.11749,0
-0.033875,-0.0083923,-0.019073,2.2757,0.11322,0
-0.036163,-0.0054932,-0.016785,2.0482,0.10681,0
-0.035553,-0.0030518,-0.020599,2.5033,0.098572,0
-0.028992,-0.0039673,-0.027771,2.2757,0.088501,0
-0.02182,-0.0067139,-0.03067,2.7309,0.079041,0
-0.015259,-0.009613,-0.029907,2.5033,0.068054,0
-0.010223,-0.0093079,-0.026703,2.9584,0.057678,0
-0.0048828,-0.0085449,-0.026245,3.186,0.04425,0
0.00061035,-0.013275,-0.028381,2.2757,0.030518,0
0.00030518,-0.020294,-0.034027,2.7309,0.018005,0
-0.0016785,-0.025024,-0.03952,3.4135,0.0085449,0
-0.0016785,-0.024261,-0.03479,2.9584,0.00030518,0
0.0045776,-0.01709,-0.015869,2.0482,-0.0057983,0
0.016479,-0.009613,0.0045776,2.5033,-0.010986,0
0.028381,-0.007019,0.012207,2.9584,-0.014648,0
0.037079,-0.007782,0.0090027,2.0482,-0.018311,0
0.03952,-0.0076294,0.0027466,1.8206,-0.021973,0
0.034485,-0.0086975,0.0027466,2.2757,-0.024109,0
0.025787,-0.011139,0.0074768,2.2757,-0.02533,0
0.015106,-0.012665,0.0073242,2.7309,-0.023499,0
0.0050354,-0.011902,0.0032043,2.5033,-0.020142,0
0.00076294,-0.011749,0.0057983,2.0482,-0.015869,0
0.005188,-0.01358,0.015869,0.68281,-0.010376,0
0.0099182,-0.014954,0.027008,1.1379,-0.0054932,0
0.0073242,-0.013275,0.032196,1.8206,-0.0018311,0
-0.00015259,-0.010071,0.030975,1.1379,0.0015259,0
-0.0053406,-0.0091553,0.021667,1.8206,0.0054932,0
-0.0032043,-0.0082397,0.0068665,2.0482,0.010681,0
0.0032043,-0.0059509,-0.0054932,2.2757,0.014954,0
0.0059509,-0.0067139,-0.011444,1.8206,0.019531,0
0.0047302,-0.0073242,-0.011749,1.8206,0.021973,0
0.0045776,-0.0061035,-0.010223,2.0482,0.023499,0
0.0045776,-0.0065613,-0.012665,1.8206,0.025024,0
-0.00015259,-0.0076294,-0.017548,1.8206,0.028687,0
-0.0061035,-0.0073242,-0.023651,1.8206,0.031738,0
-0.0094604,-0.0073242,-0.028076,2.2757,0.036011,0
-0.010529,-0.0053406,-0.029144,2.2757,0.041504,0
-0.010529,-0.004425,-0.027008,2.5033,0.049133,0
-0.010529,-0.0041199,-0.024872,2.9584,0.056152,0
-0.010223,-0.0047302,-0.023346,2.0482,0.063171,0
-0.010376,-0.0047302,-0.016174,2.0482,0.071106,0
-0.00061035,-0.0019836,-0.00061035,2.7309,0.080566,0
0.007782,0.00091553,0.011292,2.5033,0.087585,0
0.01236,-0.00045776,0.017395,2.5033,0.093079,0
0.016632,-0.00030518,0.025024,2.2757,0.097656,0
0.016479,0.0015259,0.027771,2.7309,0.1001,0
0.01297,0.00091553,0.023956,1.8206,0.10101,0
0.0074768,-0.00091553,0.016022,2.2757,0.1004,0
0.00061035,-0.0015259,0.010834,2.7309,0.099182,0
-0.009613,-0.0013733,0.012207,2.5033,0.097351,0
-0.019989,-0.0013733,0.018158,2.5033,0.096741,0
-0.026245,-0.0039673,0.021362,2.2757,0.097351,0
-0.025177,-0.0015259,0.024872,2.7309,0.097046,0
-0.022125,0.0016785,0.030975,1.5931,0.097351,0
-0.019379,0.0022888,0.038452,1.8206,0.098877,0
-0.014648,0.0016785,0.041504,2.2757,0.098267,0
-0.0080872,0.0027466,0.03952,1.8206,0.097351,0
-0.00076294,0.0021362,0.034943,2.0482,0.09613,0
0.009613,-0.00045776,0.026398,1.3655,0.098877,0
0.019379,-0.0018311,0.02182,2.0482,0.099487,0
0.020142,-0.0036621,0.020752,2.0482,0.099487,0
0.015564,-0.0035095,0.018768,2.7309,0.099182,0
0.0082397,-0.0019836,0.018158,2.2757,0.098267,0
0.0010681,-0.0016785,0.021362,1.8206,0.096436,0
0,-0.0016785,0.026245,2.5033,0.094299,0
-0.00091553,-0.0016785,0.032349,2.2757,0.090637,0
-0.0013733,-0.0013733,0.035248,2.2757,0.085144,0
0.004425,-0.0015259,0.035858,1.8206,0.079651,0
0.0076294,-0.0015259,0.036163,1.5931,0.074158,0
0.0050354,-0.0018311,0.036316,1.8206,0.068665,0
-0.0018311,-0.0018311,0.036163,2.2757,0.062866,0
-0.0073242,-0.0018311,0.036316,2.5033,0.059509,0
-0.013275,-0.0013733,0.036316,2.0482,0.055237,0
-0.018768,-0.0016785,0.036621,2.2757,0.051575,0
-0.023041,-0.0015259,0.036011,2.2757,0.047607,0
-0.024719,-0.00030518,0.031281,2.2757,0.043945,0
-0.02182,0.0059509,0.017548,2.0482,0.042419,0
-0.016327,0.0093079,0.014801,2.2757,0.036011,0
-0.014648,0.010376,0.015717,2.5033,0.028992,0
-0.014648,0.0094604,0.014801,2.2757,0.019836,0
-0.014191,0.0061035,0.0099182,2.2757,0.012512,0
-0.010223,0.004425,0.0032043,2.0482,0.0073242,0
-0.0041199,0.0073242,-0.0027466,2.0482,0.0061035,0
-0.0056458,0.010529,-0.0061035,2.2757,0.0021362,0
-0.0080872,0.014496,-0.009613,2.5033,-0.0033569,0
-0.0059509,0.016174,-0.013123,2.2757,-0.010681,0
-0.0021362,0.014496,-0.019226,2.5033,-0.018616,0
0.00045776,0.013275,-0.023651,2.9584,-0.023193,0
0.0027466,0.01358,-0.024414,2.7309,-0.02594,0
0.0041199,0.013733,-0.019379,2.2757,-0.025635,0
0.0042725,0.010834,-0.014801,1.8206,-0.022278,0
0.0053406,0.0074768,-0.012054,1.8206,-0.020142,0
0.0064087,0.0082397,-0.0064087,2.5033,-0.01709,0
0.0067139,0.007782,-0.0019836,1.8206,-0.015564,0
0.0076294,0.0028992,0.00076294,2.2757,-0.012207,0
0.0090027,0.00076294,0.0028992,2.7309,-0.0091553,0
0.0093079,-0.0015259,0.0056458,2.5033,-0.0064087,0
0.010376,-0.0048828,0.0091553,2.0482,-0.0048828,0
0.007782,-0.0088501,0.011139,2.0482,-0.0045776,0
0.0010681,-0.0071716,0.0064087,2.0482,-0.0057983,0
-0.0047302,-0.0065613,0.0012207,1.3655,-0.0057983,0
-0.0062561,-0.0071716,0.0030518,1.5931,-0.0057983,0
-0.0015259,-0.0074768,0.0076294,1.5931,-0.0033569,0
0.0062561,-0.0053406,0.0067139,1.5931,-0.00030518,0
0.0083923,-0.0054932,0.0019836,2.0482,0.0030518,0
0.0030518,-0.007019,-0.0036621,1.8206,0.0067139,0
-0.007782,-0.0071716,-0.0048828,2.0482,0.010376,0
-0.016632,-0.0073242,0.00061035,2.0482,0.010376,0
-0.014191,-0.0047302,0.0067139,2.2757,0.0085449,0
-0.0053406,-0.0022888,0.0097656,2.2757,0.0061035,0
-0.0018311,-0.0030518,0.012817,2.2757,0.0076294,0
-0.010223,-0.0047302,0.013275,1.8206,0.013733,0
-0.018921,-0.0050354,0.01236,2.0482,0.023193,0
-0.02182,-0.0062561,0.010834,1.1379,0.031738,0
-0.019531,-0.0083923,0.0068665,1.8206,0.036316,0
-0.0050354,-0.0064087,0.0038147,1.5931,0.037842,0
0.019836,-0.0047302,0.004425,2.2757,0.0354,0
0.031891,-0.0053406,0.0068665,1.8206,0.032043,0
0.024567,-0.0082397,0.009613,2.0482,0.032654,0
0.014648,-0.010681,0.0097656,2.7309,0.036011,0
0.013428,-0.0099182,0.0091553,2.7309,0.044556,0
0.019989,-0.0065613,0.0093079,3.186,0.054016,0
0.02243,-0.007019,0.007782,2.9584,0.062256,0
0.02182,-0.010223,0.0022888,2.7309,0.069275,0
0.01358,-0.011292,-0.0062561,2.7309,0.072327,0
-0.0030518,-0.011597,-0.012817,1.8206,0.074463,0
-0.018005,-0.011597,-0.015106,2.7309,0.077515,0
-0.022736,-0.011597,-0.015411,2.9584,0.078735,0
-0.020599,-0.010986,-0.015564,1.8206,0.079956,0
-0.013123,-0.010986,-0.015411,2.7309,0.086365,0
-0.0030518,-0.011749,-0.015259,2.0482,0.093994,0
0.0057983,-0.011292,-0.015717,2.2757,0.10162,0
0.011749,-0.011444,-0.015259,2.2757,0.10803,0
0.011597,-0.011292,-0.015411,2.5033,0.11108,0
0.0076294,-0.009613,-0.011749,2.2757,0.11414,0
-0.00045776,-0.0041199,0,2.9584,0.11322,0
-0.0062561,-0.0024414,0.014038,1.8206,0.11078,0
-0.0056458,-0.0038147,0.02594,2.7309,0.10956,0
-0.007019,-0.0056458,0.03418,2.5033,0.11078,0
-0.011749,-0.0062561,0.03952,2.9584,0.11475,0
-0.010071,-0.0067139,0.041656,2.5033,0.12177,0
-0.0056458,-0.0056458,0.045319,2.0482,0.12482,0
-0.0022888,-0.004425,0.053558,2.0482,0.12787,0
0.0032043,-0.0015259,0.061188,1.8206,0.12695,0
0.0088501,0.0018311,0.064545,1.8206,0.1236,0
0.0088501,0.0022888,0.06073,1.8206,0.1178,0
0.0041199,-0.0010681,0.054626,1.8206,0.1123,0
0.0016785,-0.0038147,0.048828,1.5931,0.10651,0
0.0038147,-0.004425,0.042877,1.8206,0.1001,0
0.013428,-0.0015259,0.037231,1.8206,0.093079,0
0.025024,-0.0015259,0.028687,2.0482,0.083923,0
0.027771,-0.0013733,0.02533,2.7309,0.075684,0
0.026855,-0.0016785,0.02594,2.2757,0.067749,0
0.029449,-0.0013733,0.023193,2.2757,0.057983,0
0.036926,-0.00045776,0.015259,1.8206,0.05188,0
0.040894,-0.0021362,0.0083923,2.7309,0.046387,0
0.037689,-0.0050354,0.0028992,2.2757,0.039673,0
0.033417,-0.0064087,-0.0019836,2.2757,0.031128,0
0.03418,-0.0067139,-0.0054932,2.0482,0.024414,0
0.035553,-0.0067139,-0.010986,2.2757,0.020142,0
0.032501,-0.0067139,-0.013275,1.8206,0.0177,0
0.027466,-0.0085449,-0.0093079,2.7309,0.018311,0
0.022583,-0.0094604,0.0013733,2.2757,0.018616,0
0.023041,-0.0067139,0.015869,2.2757,0.018616,0
0.027618,-0.0053406,0.023804,2.2757,0.017395,0
0.028229,-0.0022888,0.016022,2.2757,0.016479,0
0.021515,-0.0016785,0.0018311,2.5033,0.011902,0
0.0061035,-0.0054932,-0.0083923,2.5033,0.005188,0
-0.0079346,-0.0088501,-0.014648,2.7309,-0.0018311,0
-0.016327,-0.0094604,-0.022888,3.4135,-0.0064087,0
-0.02182,-0.0064087,-0.033264,2.0482,-0.0061035,0
-0.02655,-0.0073242,-0.037842,2.2757,-0.0048828,0
-0.032501,-0.010223,-0.040131,2.0482,-0.0045776,0
-0.032806,-0.010071,-0.049744,2.5033,-0.0033569,0
-0.034332,-0.005188,-0.063477,2.0482,-0.0039673,0
-0.038605,-0.00045776,-0.076904,1.5931,-0.0061035,0
-0.045624,0.00015259,-0.08667,2.0482,-0.010071,0
-0.051727,-0.0015259,-0.088654,1.8206,-0.014648,0
-0.052948,-0.0021362,-0.091095,1.5931,-0.018005,0
-0.050201,0.0012207,-0.098724,2.0482,-0.019226,0
-0.040283,0.0024414,-0.10742,2.0482,-0.021667,0
-0.025787,0.0016785,-0.11337,1.8206,-0.023499,0
-0.01297,0.0021362,-0.11765,1.8206,-0.027466,0
0.0016785,0.00091553,-0.1178,2.2757,-0.028381,0
0.0177,-0.0016785,-0.12268,1.8206,-0.028992,0
0.027313,-0.0053406,-0.13428,2.5033,-0.030823,0
0.028839,-0.0057983,-0.14877,2.5033,-0.03479,0
0.021362,-0.0041199,-0.16464,2.0482,-0.039978,0
0.012207,-0.00091553,-0.18188,2.0482,-0.046387,0
0.0054932,-0.0024414,-0.20554,2.2757,-0.053101,0
-0.0059509,-0.0047302,-0.23392,2.2757,-0.057373,0
-0.015106,-0.0053406,-0.25833,1.8206,-0.055847,0
-0.012054,-0.0053406,-0.27893,2.2757,-0.049744,0
-0.0039673,-0.0024414,-0.29602,2.2757,-0.04425,0
0.0042725,0.00030518,-0.31662,2.7309,-0.041809,0
0.0093079,0.002594,-0.34103,2.5033,-0.041504,0
0.011292,0.0028992,-0.36057,2.2757,-0.039673,0
0.010529,0.0032043,-0.36957,2.2757,-0.035706,0
0.013885,0.0032043,-0.37491,2.5033,-0.030823,0
0.025635,0.0028992,-0.37888,2.5033,-0.023193,0
0.033722,0.0016785,-0.3862,2.0482,-0.012512,0
0.031738,0.0018311,-0.40192,2.5033,0.0024414,0
0.023346,0.00045776,-0.41626,2.7309,0.016785,0
0.021515,-0.00076294,-0.42603,2.9584,0.028076,0
0.025482,-0.0018311,-0.43274,2.7309,0.034485,0
0.023499,-0.0015259,-0.43442,2.2757,0.036926,0
0.01236,-0.0016785,-0.43503,2.9584,0.037231,0
0.0013733,-0.0013733,-0.43533,2.2757,0.036621,0
-0.0076294,-0.0016785,-0.43533,2.2757,0.036926,0
-0.01297,-0.0018311,-0.43503,2.0482,0.039673,0
-0.016937,-0.0016785,-0.43503,1.5931,0.044861,0
-0.018311,-0.0016785,-0.43503,2.2757,0.051575,0
-0.014496,-0.0018311,-0.43503,2.2757,0.054626,0
-0.0082397,-0.0019836,-0.43503,2.9584,0.058594,0
-0.0028992,-0.0018311,-0.43488,2.7309,0.067444,0
-0.0032043,-0.0016785,-0.43518,2.5033,0.078125,0
-0.0047302,-0.0016785,-0.43503,2.0482,0.08728,0
-0.0048828,-0.0015259,-0.43503,1.8206,0.093384,0
-0.0064087,-0.0015259,-0.43488,1.8206,0.09552,0
-0.011292,-0.0015259,-0.43533,2.0482,0.098572,0
-0.019684,-0.0018311,-0.43518,2.2757,0.10071,0
-0.024109,-0.0018311,-0.43503,2.5033,0.10101,0
-0.027313,-0.0012207,-0.37643,2.2757,0.10162,0
-0.027313,0.00076294,-0.19882,2.5033,0.10773,0
-0.029144,0.0032043,-0.072937,1.3655,0.1178,0
-0.032501,0.0068665,0.030823,1.5931,0.12573,0
-0.033417,0.0082397,0.14008,1.8206,0.1297,0
-0.031128,0.0082397,0.25681,2.5033,0.12726,0
-0.029144,0.0080872,0.36438,1.8206,0.12024,0
-0.024719,0.0082397,0.45731,2.0482,0.10681,0
-0.013733,0.0073242,0.54169,2.0482,0.090942,0
-0.0010681,0.0038147,0.61951,2.0482,0.080566,0
0.0094604,0.002594,0.69702,2.0482,0.079041,0
0.018311,0.0053406,0.77255,1.8206,0.080261,0
0.022278,0.0088501,0.83374,1.8206,0.084229,0
0.02182,0.0093079,0.87799,2.2757,0.088196,0
0.028381,0.0073242,0.92514,1.8206,0.088806,0
0.038147,0.0074768,0.98419,2.2757,0.086975,0
0.043335,0.007019,1.0408,2.9584,0.087585,0
0.041504,0.0045776,1.0837,2.7309,0.088806,0
0.035095,0.0033569,1.1177,2.5033,0.08606,0
0.026703,0.0028992,1.1458,2.7309,0.080566,0
0.023651,0.00091553,1.167,2.7309,0.076294,0
0.02243,-0.00045776,1.1836,2.7309,0.074463,0
0.019379,0,1.1931,2.2757,0.066833,0
0.017548,-0.00076294,1.2018,2.2757,0.054321,0
0.013275,-0.00030518,1.2128,1.8206,0.039368,0
0.0042725,-0.0013733,1.2187,2.2757,0.028992,0
-0.0041199,-0.00045776,1.2199,2.2757,0.024719,0
-0.0059509,0.002594,1.2225,2.9584,0.024719,0
0.0036621,0.007782,1.2196,2.9584,0.027466,0
0.01709,0.011292,1.2029,2.5033,0.032349,0
0.025482,0.010529,1.1716,2.5033,0.032654,0
0.023041,0.0079346,1.1295,1.8206,0.031433,0
0.010223,0.0059509,1.0863,1.8206,0.028687,0
-0.0035095,0.0062561,1.0432,2.0482,0.02655,0
-0.015259,0.007782,0.99365,1.8206,0.029297,0
-0.023346,0.0079346,0.93811,2.2757,0.03479,0
-0.026703,0.0086975,0.87936,2.2757,0.048218,0
-0.025024,0.011749,0.82687,2.0482,0.066223,0
-0.019989,0.012817,0.77515,2.7309,0.080566,0
-0.014343,0.012817,0.71991,2.2757,0.084534,0
-0.0097656,0.01297,0.66193,1.5931,0.076294,0
-0.0073242,0.011749,0.60715,1.8206,0.065002,0
-0.0022888,0.0099182,0.55389,0.68281,0.053101,0
-0.00045776,0.010986,0.49484,1.5931,0.045776,0
0.00076294,0.0099182,0.42984,2.2757,0.048218,0
0.002594,0.012207,0.35599,2.2757,0.057678,0
0.0057983,0.012207,0.28381,2.2757,0.065613,0
0.0097656,0.010986,0.22308,2.2757,0.064697,0
0.007782,0.0090027,0.16922,2.2757,0.058899,0
0.0028992,0.0074768,0.11932,2.5033,0.050964,0
0.00061035,0.0056458,0.068817,2.5033,0.046082,0
0.0013733,0.0036621,0.016327,1.8206,0.042419,0
0.0059509,0.0030518,-0.036316,2.2757,0.038452,0
0.0099182,0.0024414,-0.080414,2.0482,0.037231,0
0.014801,0.0015259,-0.11658,2.2757,0.038147,0
0.013733,0.0024414,-0.15488,2.0482,0.032654,0
0.0073242,0.002594,-0.19943,2.2757,0.024719,0
0.0019836,0.0019836,-0.24734,2.7309,0.012207,0
0.0024414,0.0018311,-0.28976,2.5033,-0.00030518,0
0.0039673,0.00045776,-0.31769,2.5033,-0.010986,0
0.0010681,-0.0018311,-0.33722,1.8206,-0.018311,0
-0.0039673,-0.0048828,-0.35965,2.7309,-0.024414,0
-0.0057983,-0.004425,-0.3923,2.9584,-0.027466,0
-0.0057983,-0.0041199,-0.42725,2.7309,-0.032349,0
-0.0042725,-0.005188,-0.45563,2.5033,-0.041809,0
-0.0033569,-0.0080872,-0.48187,2.2757,-0.049744,0
-0.0059509,-0.0086975,-0.51193,2.0482,-0.061951,0
-0.0094604,-0.0094604,-0.54214,2.0482,-0.075073,0
-0.011292,-0.0099182,-0.56915,1.8206,-0.087891,0
-0.010986,-0.0088501,-0.59387,2.7309,-0.094604,0
-0.0071716,-0.010681,-0.6105,1.5931,-0.094299,0
-0.00076294,-0.011292,-0.61569,1.8206,-0.092163,0
0.0030518,-0.011444,-0.61691,1.5931,-0.090942,0
-0.0010681,-0.011292,-0.61661,1.5931,-0.08667,0
-0.014191,-0.011139,-0.61707,2.0482,-0.076904,0
-0.023804,-0.011597,-0.6163,2.2757,-0.066528,0
-0.024719,-0.011292,-0.6163,1.8206,-0.063782,0
-0.020294,-0.011292,-0.61661,2.0482,-0.071411,0
-0.01297,-0.011597,-0.61646,2.2757,-0.085144,0
-0.0068665,-0.011749,-0.61661,2.7309,-0.097351,0
-0.00030518,-0.010986,-0.59525,1.8206,-0.10956,0
0.0039673,-0.0085449,-0.53268,1.8206,-0.11993,0
0.0039673,-0.0056458,-0.49484,1.3655,-0.11963,0
0.0015259,-0.0039673,-0.47424,2.7309,-0.10773,0
0.0042725,-0.0041199,-0.46143,2.0482,-0.089111,0
0.01236,-0.0033569,-0.44617,2.2757,-0.072021,0
0.019684,-0.0016785,-0.42938,2.0482,-0.063477,0
0.023041,-0.00015259,-0.41504,1.8206,-0.068359,0
0.022736,-0.0019836,-0.39719,2.5033,-0.07782,0
0.02182,-0.0039673,-0.38132,2.0482,-0.085754,0
0.021515,-0.00030518,-0.36514,1.8206,-0.090942,0
0.023651,0.0042725,-0.3476,2.2757,-0.09491,0
0.025635,0.0061035,-0.33371,2.5033,-0.09613,0
0.025177,0.0083923,-0.32654,2.5033,-0.093689,0
0.026703,0.0056458,-0.32227,2.5033,-0.092163,0
0.026855,0.0019836,-0.31906,2.2757,-0.096741,0
0.019989,0.0016785,-0.31235,2.0482,-0.10468,0
0.012665,0.004425,-0.30472,2.2757,-0.10834,0
0.0097656,0.0053406,-0.29831,3.186,-0.10651,0
0.014801,0.0062561,-0.28641,2.7309,-0.10651,0
0.019684,0.007019,-0.27344,2.0482,-0.10437,0
0.020294,0.0061035,-0.26443,2.7309,-0.099792,0
0.014954,0.0056458,-0.24948,1.8206,-0.089417,0
0.01297,0.0054932,-0.22659,2.0482,-0.081482,0
0.012665,0.0045776,-0.20844,2.7309,-0.084229,0
0.0030518,0.00061035,-0.2037,2.2757,-0.099792,0
-0.0083923,-0.0041199,-0.20935,1.8206,-0.11749,0
-0.015259,-0.010376,-0.2124,1.8206,-0.12543,0
-0.020599,-0.016022,-0.2034,2.2757,-0.11688,0
-0.031738,-0.020599,-0.19089,2.7309,-0.098877,0
-0.042725,-0.02243,-0.18829,2.2757,-0.083313,0
-0.046234,-0.018005,-0.19394,1.8206,-0.079651,0
-0.043182,-0.011749,-0.19485,2.7309,-0.080872,0
-0.034943,-0.0094604,-0.18616,2.7309,-0.085144,0
-0.012665,-0.0097656,-0.17395,2.2757,-0.088806,0
0.011597,-0.012817,-0.16113,1.5931,-0.09613,0
0.020142,-0.015411,-0.14679,0.91037,-0.10406,0
0.010071,-0.022278,-0.13153,2.0482,-0.1059,0
-0.0018311,-0.02594,-0.11993,2.0482,-0.1001,0
-0.0057983,-0.023041,-0.11444,2.2757,-0.091248,0
-0.0067139,-0.015564,-0.11139,2.0482,-0.085144,0
-0.0086975,-0.010986,-0.10681,2.2757,-0.083313,0
-0.0056458,-0.010986,-0.097656,2.0482,-0.084534,0
0.00030518,-0.010834,-0.088806,2.2757,-0.083313,0
0.0042725,-0.0093079,-0.083313,2.2757,-0.08606,0
0.0010681,-0.0059509,-0.078125,2.7309,-0.087891,0
-0.0038147,0.00015259,-0.072784,1.8206,-0.082092,0
-0.0015259,0.0038147,-0.072632,1.5931,-0.06897,0
-0.0012207,0.0079346,-0.073853,2.5033,-0.05127,0
-0.0065613,0.016785,-0.067291,2.2757,-0.032959,0
-0.011597,0.026398,-0.052185,2.2757,-0.019531,0
-0.0091553,0.036011,-0.036011,2.2757,-0.011902,0
-0.0053406,0.041656,-0.022736,1.5931,-0.0091553,0
-0.0015259,0.040741,-0.012512,2.7309,-0.0088501,0
0.0036621,0.040283,-0.0015259,2.0482,-0.014648,0
0.0048828,0.038605,0.011139,2.9584,-0.024109,0
0.004425,0.032806,0.014801,2.5033,-0.031433,0
0.0030518,0.026093,0.010986,2.7309,-0.027771,0
-0.0012207,0.02121,0.015106,2.9584,-0.011902,0
-0.0090027,0.016632,0.024109,1.8206,0.0073242,0
-0.016174,0.0068665,0.030975,2.2757,0.019226,0
-0.016022,-0.007019,0.033722,2.2757,0.022278,0
-0.011292,-0.017242,0.037384,2.2757,0.020142,0
-0.0048828,-0.018616,0.04303,2.2757,0.016174,0
-0.0036621,-0.016937,0.043793,2.7309,0.010071,0
-0.0038147,-0.015259,0.039062,2.7309,0.0076294,0
0.00045776,-0.016479,0.030212,2.0482,0.0097656,0
0.0039673,-0.018768,0.019226,2.2757,0.016785,0
0.0053406,-0.022736,0.0097656,2.5033,0.023804,0
0.0057983,-0.021667,0.0057983,2.9584,0.032654,0
0.0085449,-0.016022,-0.00030518,2.7309,0.045471,0
0.010986,-0.011444,-0.013428,2.9584,0.055237,0
0.0090027,-0.0073242,-0.024261,2.5033,0.048218,0
0.0074768,-0.0035095,-0.023193,1.1379,0.029602,0
0.0056458,0.0033569,-0.0083923,1.5931,0.011292,0
0.0013733,0.011597,0.0082397,1.3655,0.0091553,0
-0.00091553,0.018005,0.018921,1.5931,0.023193,0
0.0036621,0.022125,0.013275,2.5033,0.039978,0
0.0093079,0.028534,0.0064087,2.7309,0.054626,0
0.010071,0.035248,0.021057,2.5033,0.062561,0
0.0053406,0.037842,0.050659,2.9584,0.062561,0
-0.00015259,0.027771,0.077667,2.0482,0.054016,0
-0.0033569,0.015411,0.089874,1.8206,0.036316,0
-0.00061035,0.012665,0.090942,2.0482,0.018005,0
0.0039673,0.015717,0.093994,1.1379,0.011902,0
0.0068665,0.016479,0.097961,1.8206,0.02655,0
0.0054932,0.015564,0.093689,1.1379,0.053101,0
0.00061035,0.020599,0.085449,1.8206,0.079651,0
-0.004425,0.026093,0.08606,2.2757,0.099182,0
-0.0048828,0.023041,0.09079,2.5033,0.11719,0
-0.0021362,0.018005,0.091858,1.8206,0.13245,0
-0.00091553,0.017395,0.085449,2.2757,0.14038,0
-0.0012207,0.016937,0.0737,2.2757,0.13763,0
-0.00015259,0.013733,0.062103,1.8206,0.12848,0
0.0067139,0.010681,0.062714,2.0482,0.11932,0
0.02121,0.0086975,0.070038,2.5033,0.12299,0
0.035553,0.0041199,0.077362,1.8206,0.1355,0
0.039673,-0.0056458,0.092468,2.0482,0.1413,0
0.034943,-0.014038,0.1149,2.2757,0.13977,0
0.025024,-0.021667,0.13092,2.5033,0.13184,0
0.013733,-0.029297,0.12878,2.0482,0.12512,0
0.0038147,-0.033569,0.11505,2.0482,0.12268,0
-0.0082397,-0.037384,0.1001,2.2757,0.12482,0
-0.018463,-0.037994,0.084381,2.5033,0.13,0
-0.024109,-0.035706,0.068817,1.8206,0.13519,0
-0.031738,-0.032349,0.058441,2.0482,0.13733,0
-0.041046,-0.03067,0.058136,2.7309,0.13702,0
-0.045013,-0.029449,0.061035,2.0482,0.13977,0
-0.042725,-0.029297,0.066376,2.2757,0.14557,0
-0.038147,-0.032349,0.067291,2.2757,0.14709,0
-0.030975,-0.031433,0.060577,2.5033,0.14435,0
-0.020752,-0.024719,0.051575,2.0482,0.14008,0
-0.011902,-0.019836,0.04715,2.5033,0.13947,0
-0.0065613,-0.016937,0.05188,2.2757,0.14526,0
-0.0013733,-0.015106,0.058289,2.0482,0.15656,0
0.0024414,-0.0099182,0.064545,1.5931,0.17456,0
0.0086975,-0.0056458,0.065613,2.2757,0.19043,0
0.011444,-0.0048828,0.063171,2.2757,0.19714,0
0.0080872,-0.0068665,0.063019,2.0482,0.1889,0
0.0018311,-0.0054932,0.069885,2.0482,0.17792,0
-0.0016785,0.00045776,0.076599,1.1379,0.17303,0
-0.0027466,0.0064087,0.076447,1.5931,0.17517,0
-0.0030518,0.010071,0.073242,1.5931,0.1828,0
-0.004425,0.013123,0.071869,2.0482,0.19226,0
-0.0061035,0.018005,0.066986,1.8206,0.20294,0
-0.0085449,0.023804,0.057526,1.3655,0.20844,0
-0.0036621,0.025482,0.045929,1.8206,0.19958,0
0.0054932,0.020905,0.031891,2.2757,0.17639,0
0.0093079,0.014648,0.02243,2.0482,0.15167,0
0.0056458,0.010986,0.024109,2.5033,0.13306,0
0.0032043,0.007782,0.028687,2.2757,0.12329,0
0.0019836,0.0028992,0.026398,2.2757,0.12695,0
0.0038147,-0.0024414,0.018463,2.0482,0.14069,0
0.012054,-0.0050354,0.011902,2.2757,0.15228,0
0.020599,-0.004425,0.0097656,2.2757,0.14984,0
0.029755,-0.0059509,0.0093079,2.7309,0.1416,0
0.032501,-0.012817,0.007782,2.9584,0.13824,0
0.031738,-0.019379,0.0010681,2.5033,0.14679,0
0.025635,-0.024261,-0.0083923,2.7309,0.15717,0
0.017548,-0.03006,-0.012207,2.7309,0.16174,0
0.015259,-0.032959,-0.01709,2.2757,0.16266,0
0.014954,-0.027161,-0.026703,2.5033,0.16602,0
0.014038,-0.020447,-0.036469,2.5033,0.16724,0
0.014191,-0.015106,-0.029755,2.0482,0.15869,0
0.013885,-0.0080872,-0.0076294,1.8206,0.13885,0
0.010681,-0.0036621,0.0097656,2.9584,0.1181,0
0.0012207,-0.0024414,0.010223,2.7309,0.10834,0
-0.012207,0.00061035,0.002594,3.4135,0.10956,0
-0.021362,0.0030518,-0.0079346,2.0482,0.11444,0
-0.022583,0.0056458,-0.016785,2.9584,0.12054,0
-0.018463,0.0042725,-0.0177,2.5033,0.13,0
-0.011597,0.0061035,-0.0079346,2.2757,0.13824,0
-0.0035095,0.0083923,0.011444,2.2757,0.13977,0
0.0053406,0.0056458,0.025177,2.2757,0.13245,0
0.012512,0.0030518,0.028687,1.8206,0.12207,0
0.015869,0.005188,0.028381,1.8206,0.11566,0
0.013123,0.0083923,0.025024,2.2757,0.12085,0
0.0056458,0.010834,0.024719,1.8206,0.13977,0
0.00091553,0.0086975,0.024414,1.8206,0.1651,0
-0.0012207,0.0064087,0.019073,2.0482,0.18677,0
-0.0048828,0.0073242,0.012665,1.8206,0.1944,0
-0.0093079,0.012207,0.014648,2.0482,0.18677,0
-0.015564,0.015259,0.026245,2.2757,0.16754,0
-0.025787,0.010834,0.039673,2.0482,0.14771,0
-0.030518,0.0047302,0.042572,2.5033,0.13611,0
-0.024872,0.00076294,0.045471,1.8206,0.13458,0
-0.016327,-0.0013733,0.050354,2.0482,0.13916,0
-0.011444,-0.0041199,0.051117,2.0482,0.14771,0
-0.0093079,-0.0059509,0.045013,2.0482,0.15137,0
-0.0093079,-0.0068665,0.038452,2.0482,0.15106,0
-0.013428,-0.0083923,0.031891,2.2757,0.14252,0
-0.021973,-0.0090027,0.029602,1.8206,0.12756,0
-0.032654,-0.0088501,0.028381,1.8206,0.11261,0
-0.038147,-0.0099182,0.03006,1.5931,0.10254,0
-0.036163,-0.012207,0.035553,2.5033,0.099792,0
-0.03006,-0.010529,0.042572,2.7309,0.099182,0
-0.023956,-0.0068665,0.050964,2.5033,0.092773,0
-0.020599,-0.0038147,0.053253,2.2757,0.079956,0
-0.020142,-0.0061035,0.050354,1.8206,0.068054,0
-0.0177,-0.0073242,0.040741,2.0482,0.06073,0
-0.010681,-0.0045776,0.033722,2.7309,0.058594,0
0.00045776,-0.0032043,0.040283,3.186,0.057983,0
0.009613,-0.0032043,0.048218,2.7309,0.059509,0
0.01236,-0.0012207,0.045929,2.0482,0.056763,0
0.014343,0.0032043,0.036469,2.9584,0.048828,0
0.015106,0.0085449,0.028534,2.2757,0.03418,0
0.012512,0.0099182,0.028381,2.0482,0.015869,0
0.0088501,0.0093079,0.026093,2.0482,-0.00030518,0
0.0062561,0.010376,0.018158,2.5033,-0.013428,0
0.0013733,0.0068665,0.0097656,2.2757,-0.023499,0
-0.0032043,0.0032043,0.0022888,2.9584,-0.031738,0
-0.0053406,-0.0013733,-0.010376,2.2757,-0.041504,0
-0.011139,-0.0033569,-0.020599,2.2757,-0.050964,0
-0.019226,-0.0054932,-0.02533,2.5033,-0.064087,0
-0.026398,-0.010071,-0.028534,1.8206,-0.080872,0
-0.028229,-0.01358,-0.028839,1.5931,-0.095825,0
-0.025787,-0.016022,-0.024872,1.5931,-0.1059,0
-0.014191,-0.018768,-0.016022,1.5931,-0.10895,0
0.0032043,-0.020294,-0.0041199,2.5033,-0.11139,0
0.0099182,-0.020447,0.0036621,2.5033,-0.12146,0
0.011292,-0.024261,0.0030518,2.2757,-0.13763,0
0.015717,-0.034943,-0.0076294,2.2757,-0.15533,0
0.024872,-0.037079,-0.010223,1.8206,-0.17517,0
0.027771,-0.029449,0.0094604,2.5033,-0.20172,0
0.019073,-0.025024,0.033112,1.8206,-0.23193,0
0.0061035,-0.024414,0.041199,2.0482,-0.25726,0
-0.0019836,-0.023499,0.032196,2.5033,-0.27679,0
-0.0038147,-0.022736,0.019531,2.2757,-0.29083,0
-0.0039673,-0.01358,0.009613,1.8206,-0.3064,0
0.0022888,0.00030518,-0.0061035,2.0482,-0.32104,0
0.016479,0.0099182,-0.022736,2.2757,-0.32806,0
0.027008,0.012207,-0.032959,2.5033,-0.32593,0
0.028534,0.013885,-0.039825,2.0482,-0.31738,0
0.019226,0.016632,-0.042877,1.8206,-0.30304,0
0.0094604,0.016632,-0.045776,1.8206,-0.28625,0
0.0032043,0.013428,-0.048523,2.0482,-0.2771,0
-0.0030518,0.011597,-0.055542,1.8206,-0.27985,0
-0.0057983,0.012817,-0.060883,2.2757,-0.29266,0
-0.0012207,0.016174,-0.058441,2.2757,-0.30518,0
0.0038147,0.02182,-0.049744,2.5033,-0.31189,0
0.0018311,0.02594,-0.035706,2.5033,-0.31342,0
-0.0015259,0.024719,-0.018463,2.2757,-0.31769,0
0.0050354,0.016022,-0.0021362,2.5033,-0.32379,0
0.010529,0.011444,0.011444,2.2757,-0.32898,0
0.005188,0.011139,0.018005,2.5033,-0.32745,0
-0.0027466,0.01709,0.020752,1.8206,-0.32074,0
-0.0068665,0.027008,0.02182,2.7309,-0.3186,0
-0.0091553,0.024261,0.023041,2.9584,-0.32196,0
-0.010223,0.01358,0.022125,2.2757,-0.32684,0
-0.011292,0.0022888,0.023499,2.9584,-0.33508,0
-0.012512,-0.0022888,0.027924,2.0482,-0.34943,0
-0.014191,-0.0067139,0.025635,2.2757,-0.37018,0
-0.014954,-0.010223,0.014038,2.0482,-0.39307,0
-0.014191,-0.012665,0.0041199,2.7309,-0.41016,0
-0.009613,-0.015259,0.0022888,2.0482,-0.42816,0
-0.0021362,-0.016937,0.0039673,2.0482,-0.45166,0
0.0030518,-0.01709,0.0082397,2.7309,-0.47272,0
0.00076294,-0.014648,0.015717,1.8206,-0.48553,0
-0.0042725,-0.0065613,0.020447,1.1379,-0.49255,0
-0.0082397,-0.0021362,0.022278,1.8206,-0.49957,0
-0.0086975,0.0010681,0.019684,2.0482,-0.50415,0
-0.002594,0.0036621,0.013123,2.2757,-0.50598,0
0.0059509,0.00076294,0.0013733,2.2757,-0.50812,0
0.012817,-0.0016785,-0.013123,2.0482,-0.51605,0
0.018158,0.0027466,-0.021057,2.0482,-0.52887,0
0.019684,0.015717,-0.015259,2.5033,-0.54138,0
0.022583,0.02533,0.0091553,2.2757,-0.55359,0
0.028839,0.024109,0.037994,2.2757,-0.5603,0
0.036011,0.016174,0.053864,2.2757,-0.56244,0
0.036926,0.0057983,0.053864,2.5033,-0.55603,0
0.022278,-0.0047302,0.052032,2.5033,-0.54138,0
0.0018311,-0.01297,0.055237,2.0482,-0.52307,0
-0.013123,-0.016479,0.055847,2.5033,-0.50171,0
-0.024872,-0.018311,0.056,2.7309,-0.4715,0
-0.033112,-0.019073,0.055542,1.5931,-0.4306,0
-0.033417,-0.018616,0.055847,2.2757,-0.38849,0
-0.025177,-0.018768,0.055847,2.0482,-0.36163,0
-0.020752,-0.019073,0.055695,2.5033,-0.35126,0
-0.020447,-0.018921,0.055542,2.0482,-0.34271,0
-0.022278,-0.018768,0.055847,2.5033,-0.32623,0
-0.025177,-0.019073,0.055847,2.2757,-0.30243,0
-0.016937,-0.018768,0.055542,2.7309,-0.28015,0
-0.0086975,-0.018768,0.055542,2.5033,-0.26703,0
-0.0056458,-0.011749,0.040741,2.5033,-0.25269,0
-0.0053406,0.009613,0.0056458,2.2757,-0.23254,0
0.0013733,0.02121,0.011139,2.0482,-0.20538,0
0.012512,0.025635,0.036774,2.7309,-0.17914,0
0.021667,0.023346,0.049591,2.2757,-0.15411,0
0.021362,0.020294,0.044098,2.5033,-0.12177,0
0.0097656,0.015869,0.033569,2.5033,-0.085754,0
-0.0094604,0.010986,0.020294,2.0482,-0.05127,0
-0.028381,0.0061035,0.0090027,2.0482,-0.021362,0
-0.035248,0.0041199,-0.0012207,2.0482,0.0033569,0
-0.027618,0.010529,-0.012054,2.2757,0.023193,0
-0.013428,0.01297,-0.012207,1.8206,0.040588,0
-0.0028992,0.0093079,-0.0045776,2.2757,0.056458,0
-0.0019836,0.0059509,-0.00061035,2.9584,0.076294,0
-0.0035095,0.0032043,0.010071,2.2757,0.10132,0
-0.0018311,-0.00076294,0.024261,1.3655,0.12756,0
-0.0054932,-0.0097656,0.020142,1.8206,0.14832,0
-0.010071,-0.024261,-0.0090027,2.0482,0.15717,0
-0.011292,-0.031738,-0.033569,1.8206,0.15503,0
-0.00061035,-0.016632,-0.02121,2.0482,0.15167,0
0.021973,-0.00076294,0.010376,1.5931,0.15015,0
0.040894,0.0022888,0.026398,2.2757,0.14557,0
0.050201,-0.00091553,0.020142,2.2757,0.13733,0
0.050507,-0.0027466,0.0038147,2.0482,0.13092,0
0.047607,0.00015259,-0.007782,2.0482,0.13214,0
0.040436,0.0050354,-0.0083923,1.8206,0.13977,0
0.029755,0.0057983,-0.0056458,2.0482,0.15045,0
0.019073,0.0056458,-0.0039673,2.2757,0.16327,0
0.0085449,0.0056458,-0.0016785,2.5033,0.177,0
-0.0036621,0.0057983,-0.0018311,2.2757,0.18768,0
-0.015106,0.0053406,-0.0030518,1.8206,0.19409,0
-0.016937,0.0035095,-0.00045776,2.0482,0.19867,0
-0.0062561,0.0033569,0.0071716,2.5033,0.20813,0
0.0093079,0.0033569,0.017548,2.2757,0.21454,0
0.025635,0.0019836,0.017548,2.0482,0.22034,0
0.032959,-0.0090027,-0.0024414,2.5033,0.22583,0
0.029755,-0.021057,-0.024567,2.7309,0.23193,0
0.016327,-0.019989,-0.0088501,2.2757,0.242,0
0.0048828,-0.0090027,0.054321,2.2757,0.2536,0
0.00061035,-0.0071716,0.09964,2.7309,0.26398,0
0.00061035,-0.014496,0.090332,1.8206,0.27252,0
-0.0016785,-0.020905,0.056763,2.5033,0.27435,0
-0.011292,-0.02243,0.027618,2.5033,0.27283,0
-0.02243,-0.024414,0.00076294,2.5033,0.27435,0
-0.030518,-0.027313,-0.024719,3.186,0.28198,0
-0.036469,-0.027618,-0.043182,3.186,0.29907,0
-0.041046,-0.023956,-0.04837,3.186,0.32104,0
-0.041809,-0.019836,-0.051575,2.7309,0.34576,0
-0.033569,-0.016937,-0.062714,2.5033,0.3714,0
-0.016785,-0.016174,-0.074615,2.2757,0.39551,0
0.0027466,-0.016022,-0.072174,1.8206,0.4129,0
0.016022,-0.01358,-0.056,2.0482,0.42297,0
0.022736,-0.0094604,-0.040436,2.5033,0.43091,0
0.022583,-0.0068665,-0.026855,2.2757,0.43976,0
0.012207,-0.005188,-0.017395,1.8206,0.44891,0
-0.0056458,-0.0071716,-0.018616,1.8206,0.45685,0
-0.021362,-0.011444,-0.024414,1.8206,0.46234,0
-0.031738,-0.01358,-0.018158,1.8206,0.46692,0
-0.034027,-0.01358,-0.0010681,2.0482,0.47302,0
-0.023956,-0.01297,0.0013733,2.5033,0.47363,0
-0.0021362,-0.0094604,-0.017395,2.2757,0.46906,0
0.016632,-0.0057983,-0.031128,2.5033,0.45776,0
0.020294,0.00030518,-0.01236,2.5033,0.44647,0
0.019226,0.0057983,0.022736,1.8206,0.44434,0
0.0177,0.005188,0.032654,1.8206,0.44952,0
0.016479,0.002594,0.014343,2.2757,0.45532,0
0.016327,0.0041199,-0.0064087,1.8206,0.4599,0
0.015411,0.0083923,-0.014648,2.5033,0.46295,0
0.010071,0.011292,-0.015259,2.0482,0.46509,0
0.0053406,0.017395,-0.011139,2.0482,0.46265,0
0.0067139,0.02243,-0.0035095,2.7309,0.4538,0
0.0085449,0.020142,0,2.0482,0.4483,0
0.011292,0.015106,0.00045776,2.0482,0.45074,0
0.019226,0.013123,0.00061035,2.5033,0.45227,0
0.022583,0.012665,-0.0022888,2.2757,0.44586,0
0.016479,0.012817,-0.0021362,2.0482,0.43213,0
0.0099182,0.016327,0.0035095,2.7309,0.41992,0
0.0094604,0.018463,0.004425,2.7309,0.41046,0
0.011292,0.015564,0.00091553,2.5033,0.401,0
0.0093079,0.011902,-0.0013733,3.186,0.38696,0
0.0041199,0.011139,0,2.5033,0.37262,0
0.00045776,0.013275,0.0039673,2.5033,0.36377,0
-0.00045776,0.016479,0.0067139,2.5033,0.36224,0
-0.00061035,0.015717,0.0032043,2.2757,0.36499,0
0.0038147,0.010071,-0.0057983,2.2757,0.37201,0
0.0091553,0.0083923,-0.01709,3.186,0.37842,0
0.0068665,0.01358,-0.019073,2.5033,0.38177,0
-0.0024414,0.016785,-0.015717,2.0482,0.38239,0
-0.011749,0.018158,-0.0038147,1.5931,0.38208,0
-0.016937,0.017548,0.0094604,1.8206,0.3833,0
-0.014191,0.014954,0.016174,1.8206,0.38361,0
-0.0047302,0.010376,0.016022,2.0482,0.37903,0
-0.00015259,0.005188,0.010834,2.0482,0.36957,0
-0.0099182,0.0039673,0.0048828,2.2757,0.35309,0
-0.025177,0.0041199,0.0033569,2.2757,0.33417,0
-0.026398,0.0035095,0.0030518,2.5033,0.31158,0
-0.013275,0.0027466,-0.0045776,2.5033,0.29266,0
0.0042725,-0.0018311,-0.016327,1.8206,0.27863,0
0.021973,-0.0071716,-0.026855,1.3655,0.26978,0
0.039215,-0.0083923,-0.030518,2.0482,0.26672,0
0.053864,-0.0079346,-0.023193,2.2757,0.26276,0
0.059814,-0.0082397,-0.011444,2.2757,0.25269,0
0.05722,-0.0074768,-0.00061035,2.2757,0.23895,0
0.048828,-0.0076294,0.0041199,2.0482,0.224,0
0.0383,-0.0047302,-0.00015259,0.91037,0.21393,0
0.027161,-0.0028992,-0.0032043,2.0482,0.20721,0
0.016327,-0.0038147,-0.0085449,2.7309,0.20386,0
0.0064087,-0.0054932,-0.016479,2.2757,0.20386,0
-0.00015259,-0.0035095,-0.021973,1.8206,0.20508,0
-0.0015259,0.0015259,-0.014954,2.0482,0.20386,0
-0.0019836,0.0082397,-0.004425,2.2757,0.20233,0
0.0038147,0.010376,-0.00030518,2.5033,0.19714,0
0.018463,0.010834,-0.0094604,2.2757,0.18555,0
0.03067,0.011749,-0.021667,2.9584,0.16754,0
0.029602,0.014343,-0.027924,2.5033,0.1474,0
0.018921,0.015411,-0.023804,1.5931,0.12848,0
0.0045776,0.015259,-0.014191,2.2757,0.11597,0
-0.0067139,0.015259,-0.0086975,2.2757,0.11108,0
-0.013123,0.015259,-0.0010681,2.7309,0.10986,0
-0.013885,0.014038,0.010529,2.0482,0.11017,0
-0.010834,0.011139,0.015259,2.2757,0.10468,0
-0.0061035,0.0093079,0.010071,2.5033,0.098877,0
-0.0035095,0.0074768,-0.0012207,2.0482,0.093079,0
-0.0064087,0.0053406,-0.0080872,2.5033,0.088501,0
-0.0093079,0.0085449,-0.0090027,2.9584,0.083923,0
-0.010529,0.013275,-0.0056458,2.7309,0.079956,0
-0.0094604,0.014191,-0.00030518,2.7309,0.07843,0
-0.0091553,0.011902,0.0045776,2.0482,0.07843,0
-0.0099182,0.01236,0.0022888,1.8206,0.07843,0
-0.0094604,0.01297,-0.0048828,2.7309,0.078125,0
-0.010529,0.013123,-0.01709,2.5033,0.079651,0
-0.018616,0.013123,-0.025482,2.2757,0.08667,0
-0.034332,0.011444,-0.023193,2.0482,0.096741,0
-0.054321,0.0064087,-0.013885,2.2757,0.10437,0
-0.0737,0.0013733,-0.0053406,2.2757,0.10742,0
-0.083923,0.00045776,-0.0056458,2.0482,0.10406,0
-0.077209,0.0038147,-0.013428,2.0482,0.098267,0
-0.065765,0.0047302,-0.020294,2.5033,0.091248,0
-0.059357,0.0048828,-0.022583,2.0482,0.083008,0
-0.050507,0.0061035,-0.018005,1.8206,0.075684,0
-0.034027,0.0041199,-0.011902,2.0482,0.070496,0
-0.017548,0.0032043,-0.0088501,2.5033,0.068054,0
-0.0036621,0,-0.0082397,2.0482,0.068359,0
0.011749,-0.010834,-0.0067139,1.8206,0.067444,0
0.027771,-0.017242,-0.004425,1.8206,0.065308,0
0.032959,-0.017395,-0.0047302,1.5931,0.064087,0
0.028534,-0.013885,-0.0073242,2.2757,0.065002,0
0.032959,-0.01297,-0.0064087,2.0482,0.061646,0
0.043182,-0.010376,-0.0048828,1.8206,0.053711,0
0.04776,-0.0048828,-0.0033569,1.8206,0.044861,0
0.041809,0.0013733,0.0028992,2.7309,0.032043,0
0.035553,0.0032043,0.010986,2.9584,0.023804,0
0.035858,-0.00061035,0.018311,2.0482,0.019836,0
0.037994,-0.0027466,0.019226,2.2757,0.014038,0
0.032043,0.00015259,0.012665,2.0482,0.0021362,0
0.021362,0.0012207,0.0079346,2.2757,-0.013428,0
0.015869,-0.0041199,0.0083923,2.5033,-0.028992,0
0.014191,-0.010529,0.0088501,1.8206,-0.040283,0
0.010681,-0.015259,0.0086975,1.8206,-0.046692,0
0.0086975,-0.016785,0.0064087,2.2757,-0.050049,0
0.014801,-0.019684,0.002594,2.2757,-0.053101,0
0.023346,-0.025635,-0.0010681,2.9584,-0.055542,0
0.027618,-0.031586,-0.00091553,2.2757,-0.059509,0
0.026703,-0.032501,0.0064087,2.5033,-0.06897,0
0.022583,-0.029755,0.016479,2.7309,-0.083008,0
0.019989,-0.028534,0.023193,2.2757,-0.094604,0
0.014496,-0.026398,0.021515,2.0482,-0.096741,0
0.0068665,-0.025024,0.014191,1.8206,-0.09491,0
0.0021362,-0.026398,0.007782,2.2757,-0.089722,0
0,-0.029907,0.0038147,2.2757,-0.082703,0
-0.0015259,-0.030975,0.0019836,2.2757,-0.076599,0
-0.0061035,-0.03006,0.0024414,2.0482,-0.075073,0
-0.0088501,-0.026703,0.0042725,2.5033,-0.080566,0
-0.014648,-0.023041,0.0083923,2.2757,-0.089111,0
-0.014343,-0.023041,0.0094604,2.7309,-0.092163,0
-0.0012207,-0.022736,0.0073242,2.9584,-0.084839,0
0.015411,-0.019989,0.0048828,2.5033,-0.07019,0
0.030975,-0.018616,0.0036621,2.5033,-0.053406,0
0.040436,-0.015411,0.0059509,2.2757,-0.044556,0
0.038605,-0.0083923,0.0083923,1.8206,-0.045471,0
0.032806,0.00091553,0.010834,2.0482,-0.050354,0
0.030823,0.0045776,0.018768,1.8206,-0.052185,0
0.027924,0.00030518,0.027924,2.2757,-0.050049,0
0.025024,-0.0022888,0.031891,2.0482,-0.050659,0
0.024109,0.00015259,0.031891,2.2757,-0.056152,0
0.024109,0.0045776,0.031891,1.8206,-0.065613,0
0.023804,0.0073242,0.030365,1.8206,-0.080261,0
0.023804,0.0080872,0.022125,2.2757,-0.099792,0
0.023956,0.0076294,0.016937,2.2757,-0.12634,0
0.023804,0.0050354,0.018158,1.8206,-0.15503,0
0.02594,0.0018311,0.018616,1.8206,-0.17975,0
0.028076,0.00061035,0.018616,2.0482,-0.19623,0
0.021057,0.00061035,0.019073,2.2757,-0.2005,0
0.0048828,0.00076294,0.019073,2.5033,-0.19745,0
-0.0061035,-0.0010681,0.023499,2.5033,-0.18585,0
-0.0086975,-0.0056458,0.036163,2.7309,-0.17365,0
-0.011597,-0.0048828,0.044861,2.2757,-0.16602,0
-0.016479,-0.004425,0.053864,2.2757,-0.16632,0
-0.019073,-0.0041199,0.063934,2.2757,-0.16327,0
-0.023651,-0.0050354,0.067444,2.5033,-0.15686,0
-0.02655,-0.0050354,0.064697,2.7309,-0.1532,0
-0.023956,-0.0016785,0.062408,2.0482,-0.15472,0
-0.018616,0.0019836,0.055237,2.0482,-0.15717,0
-0.016937,0.0036621,0.042572,2.2757,-0.15289,0
-0.015259,0,0.026398,2.5033,-0.14404,0
-0.010071,-0.0015259,0.020447,2.0482,-0.13885,0
-0.0042725,-0.0028992,0.015411,2.5033,-0.13153,0
-0.0024414,-0.0062561,0.0018311,2.0482,-0.112,0
-0.0083923,-0.0094604,-0.010376,2.5033,-0.083923,0
-0.015869,-0.0091553,-0.016022,2.5033,-0.059204,0
-0.018158,-0.0073242,-0.020752,2.2757,-0.042419,0
-0.015869,-0.0061035,-0.022736,2.5033,-0.026855,0
-0.0086975,-0.0042725,-0.024872,2.5033,-0.012817,0
-0.0033569,-0.0024414,-0.025635,2.0482,-0.0061035,0
0.00015259,-0.0035095,-0.021362,2.2757,-0.012512,0
0.0047302,-0.004425,-0.014648,2.2757,-0.02655,0
0.0071716,-0.0059509,-0.004425,1.5931,-0.034485,0
0.002594,-0.0057983,0.0042725,2.0482,-0.03479,0
-0.0047302,-0.0035095,0.010529,2.2757,-0.030212,0
-0.010834,-0.004425,0.015106,2.2757,-0.026245,0
-0.014648,-0.0057983,0.014496,1.8206,-0.019836,0
-0.013428,-0.0057983,0.011597,1.8206,-0.011597,0
-0.0091553,-0.0038147,0.004425,1.8206,-0.0042725,0
-0.0085449,-0.0010681,-0.00030518,2.7309,-0.0027466,0
-0.019836,-0.0012207,-0.00030518,2.0482,-0.010681,0
-0.039825,-0.00045776,0.0010681,1.5931,-0.02655,0
-0.053406,0.0028992,0.0012207,2.5033,-0.04303,0
-0.055847,0.0073242,-0.0028992,2.2757,-0.047913,0
-0.049286,0.010223,-0.016479,2.0482,-0.038147,0
-0.031738,0.012512,-0.03067,2.0482,-0.027771,0
-0.010223,0.014496,-0.029755,2.2757,-0.022583,0
0.002594,0.013275,-0.011902,2.0482,-0.026245,0
-0.00030518,0.013885,0.010986,1.8206,-0.036316,0
-0.01297,0.016785,0.023499,1.5931,-0.044861,0
-0.02594,0.017242,0.020905,2.9584,-0.050049,0
-0.03067,0.015411,0.010223,2.2757,-0.054321,0
-0.027924,0.012207,-0.0018311,2.0482,-0.060425,0
-0.027008,0.0054932,-0.011292,2.5033,-0.074463,0
-0.024719,-0.0010681,-0.018768,2.5033,-0.088806,0
-0.020294,-0.0016785,-0.021515,2.0482,-0.093994,0
-0.012817,-0.0016785,-0.018311,2.5033,-0.087891,0
-0.010223,-0.0057983,-0.016632,2.5033,-0.077209,0
-0.010834,-0.0090027,-0.011139,2.5033,-0.066528,0
-0.0097656,-0.0091553,0.00015259,2.2757,-0.051575,0
-0.0016785,-0.012817,0.01236,2.7309,-0.027771,0
0.011139,-0.015411,0.022736,3.186,-0.0045776,0
0.028687,-0.015869,0.025635,3.186,0.010071,0
0.031586,-0.015106,0.018463,2.9584,0.020752,0
0.020142,-0.016632,0.0057983,2.9584,0.029297,0
0.010834,-0.021057,-0.0071716,1.8206,0.0354,0
0.0094604,-0.023651,-0.012512,2.2757,0.032043,0
0.010986,-0.018616,-0.0028992,2.7309,0.026245,0
0.010223,-0.012207,0.0093079,2.5033,0.022278,0
0.0093079,-0.010986,0.021057,2.5033,0.025635,0
0.0050354,-0.0083923,0.032654,1.8206,0.039978,0
0,-0.0053406,0.040741,1.8206,0.057068,0
-0.0038147,-0.0022888,0.04837,1.8206,0.075684,0
-0.0071716,-0.00091553,0.052948,2.0482,0.09552,0
-0.014191,0.0015259,0.055847,2.5033,0.11475,0
-0.02655,0.00015259,0.056305,2.0482,0.12421,0
-0.040436,-0.0024414,0.054932,2.2757,0.12238,0
-0.046692,-0.002594,0.05127,2.2757,0.11505,0
-0.0383,-0.0038147,0.047302,2.0482,0.11505,0
-0.019073,-0.0035095,0.046234,1.5931,0.12939,0
0.00015259,-0.0016785,0.047455,1.8206,0.15564,0
0.015106,0.0015259,0.053558,2.2757,0.18005,0
0.030975,0.0076294,0.062561,2.5033,0.1944,0
0.042877,0.012665,0.065918,2.2757,0.20325,0
0.043945,0.012054,0.057526,2.0482,0.21088,0
0.039825,0.0074768,0.04425,3.186,0.2179,0
0.036774,0.0062561,0.033417,2.7309,0.22156,0
0.036163,0.0056458,0.024872,2.7309,0.22034,0
0.032501,0,0.0177,2.5033,0.21698,0
0.027618,-0.00091553,0.023346,2.7309,0.21332,0
0.024872,0.0065613,0.04715,2.2757,0.21332,0
0.022736,0.012207,0.067596,2.2757,0.21118,0
0.016022,0.011292,0.063477,2.0482,0.20782,0
0.0030518,0.0086975,0.04776,2.9584,0.20355,0
-0.00076294,0.0035095,0.034332,1.8206,0.19653,0
0.0019836,-0.00015259,0.026703,2.2757,0.18585,0
-0.00076294,-0.0036621,0.02594,2.2757,0.17487,0
-0.010071,-0.004425,0.029297,2.2757,0.16754,0
-0.011292,-0.0021362,0.027771,2.7309,0.1709,0
-0.0045776,0.00045776,0.025787,2.5033,0.18127,0
0.00061035,0.0028992,0.035095,2.7309,0.18921,0
0.0038147,0.0056458,0.047913,2.5033,0.19012,0
0.0028992,0.0074768,0.055237,2.7309,0.18402,0
-0.0080872,0.0073242,0.053253,2.5033,0.17822,0
-0.020599,0.0053406,0.037994,2.5033,0.18158,0
-0.027466,0.0038147,0.020905,1.8206,0.19409,0
-0.027313,0.0068665,0.014038,2.0482,0.20691,0
-0.02243,0.0091553,0.011902,2.2757,0.2121,0
-0.009613,0.0080872,0.007019,2.2757,0.21667,0
0.0094604,0.0064087,0.0024414,2.2757,0.22339,0
0.021973,0.0050354,0.0048828,2.0482,0.23438,0
0.019073,0.0028992,0.015717,1.3655,0.2417,0
0.0079346,0.0057983,0.032043,1.8206,0.24445,0
-0.0064087,0.0093079,0.04776,1.5931,0.24261,0
-0.024261,0.013275,0.058899,1.1379,0.24292,0
-0.036621,0.016785,0.06012,1.5931,0.24536,0
-0.035706,0.016327,0.049438,2.0482,0.24384,0
-0.023804,0.012665,0.031433,2.0482,0.23712,0
-0.0085449,0.010834,0.018921,2.2757,0.22736,0
-0.0024414,0.011444,0.013733,2.2757,0.21698,0
-0.0036621,0.014801,0.010834,2.7309,0.21088,0
-0.0071716,0.017548,0.01358,2.0482,0.20294,0
-0.0062561,0.019226,0.028229,2.0482,0.19287,0
0.00045776,0.018311,0.041809,2.5033,0.17883,0
0.0074768,0.014801,0.048218,2.0482,0.16571,0
0.009613,0.0086975,0.048065,2.0482,0.15533,0
0.0057983,0.0042725,0.045319,2.2757,0.14984,0
0.00076294,0.00061035,0.039368,2.5033,0.14374,0
-0.0035095,-0.0038147,0.031128,2.5033,0.1416,0
-0.0036621,-0.0080872,0.026855,2.2757,0.14893,0
0.0013733,-0.010376,0.026855,2.0482,0.16388,0
0.0090027,-0.0085449,0.023499,2.5033,0.18158,0
0.010681,-0.0059509,0.015869,2.5033,0.19257,0
0.0097656,-0.0056458,0.0099182,2.2757,0.19592,0
0.0079346,-0.0067139,0.0056458,2.9584,0.19714,0
0.0083923,-0.0082397,0.0035095,2.7309,0.20416,0
0.010986,-0.0093079,0.0059509,2.7309,0.21423,0
0.016785,-0.011292,0.0085449,2.2757,0.2179,0
0.021515,-0.013123,0.0093079,2.2757,0.21576,0
0.024719,-0.012817,0.0059509,2.7309,0.21362,0
0.031738,-0.0097656,0.007019,2.5033,0.21606,0
0.037079,-0.0053406,0.012512,2.2757,0.21576,0
0.037689,0.0012207,0.012207,2.0482,0.20874,0
0.028687,0.0053406,0.012817,2.2757,0.19287,0
0.016632,0.0083923,0.016937,2.9584,0.17792,0
0.011902,0.011902,0.023651,2.9584,0.17517,0
0.0099182,0.015717,0.033264,2.2757,0.18097,0
0.0053406,0.018921,0.045776,2.2757,0.18524,0
0.0019836,0.025787,0.061188,2.5033,0.18677,0
0.0016785,0.027618,0.07782,2.0482,0.18768,0
-0.00015259,0.023346,0.0914,2.7309,0.19257,0
-0.0079346,0.017548,0.093842,2.0482,0.19775,0
-0.018311,0.015717,0.090637,1.8206,0.19806,0
-0.022583,0.014801,0.086823,2.0482,0.19348,0
-0.020752,0.01297,0.08194,1.8206,0.18829,0
-0.016479,0.010681,0.067749,1.8206,0.17944,0
-0.013428,0.0093079,0.048981,2.5033,0.16205,0
-0.017395,0.010529,0.038605,1.8206,0.14038,0
-0.022583,0.012817,0.041351,1.5931,0.12238,0
-0.023651,0.013885,0.04364,1.5931,0.11078,0
-0.02182,0.011749,0.040283,1.5931,0.10193,0
-0.021667,0.010376,0.032806,1.5931,0.093689,0
-0.020142,0.010986,0.027924,2.0482,0.088501,0
-0.013885,0.012207,0.03067,2.2757,0.089417,0
-0.0022888,0.012665,0.031891,2.5033,0.088806,0
0.016022,0.010223,0.029602,2.2757,0.080872,0
0.0383,0.0074768,0.025482,2.0482,0.065613,0
0.053101,0.0067139,0.017853,2.5033,0.05127,0
0.053711,0.0042725,0.007782,2.7309,0.045166,0
0.048981,0.0032043,-0.0024414,2.2757,0.040588,0
0.047302,0.0039673,-0.012054,2.2757,0.037842,0
0.042572,0.007782,-0.019379,2.5033,0.032654,0
0.031128,0.010223,-0.020294,2.0482,0.02533,0
0.022278,0.0056458,-0.017395,2.9584,0.014954,0
0.017242,-0.00045776,-0.018463,2.7309,0.0054932,0
0.010071,-0.0057983,-0.02182,2.2757,-0.0033569,0
0,-0.0093079,-0.022736,2.7309,-0.0067139,0
-0.009613,-0.007782,-0.017395,2.7309,-0.0064087,0
-0.0086975,-0.0062561,-0.0071716,2.2757,-0.0033569,0
0.0053406,-0.005188,0.0074768,2.7309,0.0036621,0
0.022583,-0.0061035,0.013885,2.7309,0.010681,0
0.023499,-0.007019,0.010986,2.2757,0.011292,0
0.0062561,-0.007782,0.0085449,2.7309,0.0061035,0
-0.0177,-0.0057983,0.0093079,3.186,-0.00061035,0
-0.038452,-0.00030518,0.0099182,1.8206,-0.0079346,0
-0.042419,0.0042725,0.0073242,2.0482,-0.014038,0
-0.037537,0.0056458,0.0064087,1.3655,-0.015564,0
-0.032196,0.0090027,0.011292,1.8206,-0.0088501,0
-0.02594,0.018311,0.021515,1.8206,-0.0048828,0
-0.007782,0.020752,0.023193,2.0482,-0.007019,0
0.020905,0.016327,0.017242,2.0482,-0.017395,0
0.04425,0.011139,0.0073242,2.2757,-0.031738,0
0.050201,0.0076294,-0.0024414,2.0482,-0.042725,0
0.040283,0.0035095,-0.0094604,2.5033,-0.05127,0
0.029449,-0.00030518,-0.015411,1.8206,-0.06012,0
0.027008,-0.002594,-0.018463,1.8206,-0.06897,0
0.029449,-0.0062561,-0.023499,1.5931,-0.06897,0
0.024261,-0.009613,-0.029602,1.1379,-0.06073,0
0.016022,-0.0080872,-0.030823,2.2757,-0.046692,0
0.012512,-0.0041199,-0.028381,1.5931,-0.03418,0
0.0097656,-0.0038147,-0.028534,1.8206,-0.030212,0
0.0030518,-0.0041199,-0.037689,2.0482,-0.032654,0
-0.0050354,-0.0030518,-0.050354,2.0482,-0.040588,0
-0.010529,0.0010681,-0.057373,2.0482,-0.047302,0
-0.01236,0.0027466,-0.059052,1.5931,-0.050964,0
-0.014191,0.0038147,-0.058441,1.8206,-0.047607,0
-0.014954,0.0057983,-0.055542,2.0482,-0.04303,0
-0.018616,0.0038147,-0.052948,2.2757,-0.043335,0
-0.022888,0.0036621,-0.051422,2.2757,-0.050354,0
-0.029449,0.0039673,-0.046539,2.5033,-0.056458,0
-0.031281,0.0028992,-0.0383,2.2757,-0.057983,0
-0.026855,0.004425,-0.028076,2.7309,-0.059509,0
-0.016785,0.004425,-0.017395,3.186,-0.064697,0
0.0024414,-0.0024414,-0.010681,2.2757,-0.064392,0
0.017395,-0.01236,-0.015717,2.5033,-0.052185,0
0.015106,-0.023193,-0.024872,2.2757,-0.033264,0
-0.0010681,-0.033875,-0.030975,2.2757,-0.016174,0
-0.018921,-0.038452,-0.032959,2.7309,-0.010376,0
-0.024261,-0.037231,-0.029755,3.186,-0.013123,0
-0.011749,-0.036316,-0.026093,2.0482,-0.011902,0
0.0086975,-0.036469,-0.023804,2.2757,-0.0064087,0
0.019531,-0.038757,-0.025482,2.9584,-0.00061035,0
0.023804,-0.041199,-0.032196,2.5033,0.0048828,0
0.030365,-0.040436,-0.045166,1.8206,0.014954,0
0.032501,-0.041351,-0.056763,2.0482,0.029297,0
0.028381,-0.03891,-0.060425,2.2757,0.046387,0
0.014496,-0.037689,-0.058441,1.5931,0.06134,0
0.00015259,-0.03891,-0.053101,1.8206,0.07019,0
-0.0071716,-0.043488,-0.050354,1.8206,0.077209,0
-0.013123,-0.043182,-0.055084,1.3655,0.082092,0
-0.014954,-0.041046,-0.061646,2.7309,0.085449,0
-0.0074768,-0.038605,-0.056763,2.0482,0.087585,0
0.0030518,-0.036316,-0.040741,2.0482,0.096436,0
0.013428,-0.032349,-0.022278,1.8206,0.1181,0
0.018921,-0.025177,-0.010681,1.5931,0.14526,0
0.02243,-0.019989,-0.0068665,1.5931,0.16449,0
0.016785,-0.019531,-0.0021362,2.0482,0.17242,0
0.004425,-0.021973,0.0038147,1.3655,0.17212,0
-0.0054932,-0.020752,0.0080872,1.5931,0.17212,0
-0.0073242,-0.018921,0.014496,2.2757,0.17487,0
-0.010681,-0.021362,0.013885,2.0482,0.17395,0
-0.018616,-0.021515,0.00061035,1.8206,0.16846,0
-0.023499,-0.02121,-0.016479,1.5931,0.16052,0
-0.029755,-0.020905,-0.029755,2.5033,0.14862,0
-0.038147,-0.017395,-0.032043,2.2757,0.13763,0
-0.042114,-0.011444,-0.025024,3.186,0.12756,0
-0.040894,-0.0083923,-0.016937,2.5033,0.12146,0
-0.037842,-0.0050354,-0.011749,2.5033,0.12329,0
-0.033112,-0.0039673,-0.0079346,2.2757,0.12909,0
-0.029297,-0.0048828,-0.0021362,2.2757,0.13611,0
-0.027771,-0.004425,0.0080872,2.5033,0.14404,0
-0.027466,-0.00061035,0.024414,2.9584,0.16083,0
-0.022736,0.0016785,0.036011,2.9584,0.17731,0
-0.010223,0.0038147,0.033417,2.5033,0.18799,0
0.0073242,0.0054932,0.013733,2.7309,0.19592,0
0.024109,0.0057983,-0.0062561,2.0482,0.20447,0
0.036163,0.0065613,-0.011597,2.7309,0.21027,0
0.040436,0.010376,-0.0073242,2.5033,0.21118,0
0.045471,0.014191,-0.0045776,2.2757,0.20813,0
0.045929,0.014343,-0.0048828,2.7309,0.20874,0
0.038452,0.011749,-0.0083923,3.4135,0.21301,0
0.026093,0.010529,-0.018311,2.7309,0.2179,0
0.015411,0.010529,-0.030365,2.0482,0.21881,0
0.012665,0.010071,-0.045013,1.3655,0.2179,0
0.019073,0.0085449,-0.052185,2.2757,0.22064,0
0.02594,0.0079346,-0.049438,1.8206,0.22736,0
0.026245,0.0073242,-0.046082,2.2757,0.23346,0
0.027313,0.0062561,-0.041809,2.0482,0.23438,0
0.033569,0.0061035,-0.040283,1.8206,0.22949,0
0.041504,0.0080872,-0.03952,1.8206,0.22614,0
0.03418,0.0099182,-0.03952,2.0482,0.23254,0
0.0097656,0.010834,-0.04425,2.2757,0.24231,0
-0.0068665,0.012665,-0.050659,2.5033,0.24384,0
-0.010681,0.015564,-0.051575,2.2757,0.24231,0
-0.0054932,0.0177,-0.041199,1.8206,0.23682,0
0.007019,0.016632,-0.032196,1.1379,0.23407,0
0.02121,0.012665,-0.038452,1.8206,0.23224,0
0.03479,0.0080872,-0.055084,1.5931,0.22888,0
0.040588,0.010223,-0.054626,2.2757,0.22217,0
0.039673,0.018616,-0.02533,2.2757,0.21271,0
0.043335,0.024872,0.0024414,2.0482,0.19836,0
0.040283,0.02533,0.0039673,2.0482,0.18066,0
0.0177,0.02243,-0.010376,2.5033,0.16113,0
-0.0080872,0.017548,-0.023041,2.2757,0.14679,0
-0.022583,0.015106,-0.034027,2.7309,0.13855,0
-0.025635,0.011597,-0.046082,2.2757,0.13336,0
-0.027618,0.010986,-0.05249,2.2757,0.12878,0
-0.034943,0.011292,-0.052795,1.5931,0.12726,0
-0.043793,0.0079346,-0.047455,2.7309,0.12177,0
-0.045013,0.0027466,-0.037994,2.5033,0.11566,0
-0.039825,0.00091553,-0.03006,2.7309,0.1059,0
-0.037079,0.00030518,-0.03067,2.2757,0.094299,0
-0.036926,-0.00061035,-0.031738,2.2757,0.083923,0
-0.037231,-0.00061035,-0.028381,2.0482,0.078125,0
-0.037231,-0.0035095,-0.028381,2.2757,0.078735,0
-0.031586,-0.0045776,-0.035553,2.5033,0.080872,0
-0.018616,-0.0021362,-0.042725,2.7309,0.083923,0
-0.0079346,0,-0.049438,2.2757,0.082703,0
-0.0048828,0.00091553,-0.053101,2.7309,0.079651,0
-0.0027466,0.0032043,-0.048218,2.0482,0.078735,0
0.011444,0.005188,-0.037842,2.0482,0.083313,0
0.03418,0.0053406,-0.03006,2.2757,0.088806,0
0.05249,0.0021362,-0.024719,2.2757,0.088501,0
0.065613,-0.0018311,-0.019379,2.0482,0.082092,0
0.075836,-0.0024414,-0.0177,2.0482,0.078735,0
0.078888,0.0010681,-0.016632,1.8206,0.079651,0
0.067902,0.002594,-0.0085449,2.0482,0.083923,0
0.047302,0.0050354,0.00091553,2.2757,0.085449,0
0.02182,0.011597,0.0093079,2.2757,0.083313,0
-0.004425,0.015564,0.022125,2.0482,0.079956,0
-0.03479,0.01297,0.028839,2.7309,0.078735,0
-0.066986,0.0076294,0.031128,3.4135,0.078735,0
-0.087891,0.0064087,0.029602,2.2757,0.078735,0
-0.092468,0.0059509,0.022125,2.5033,0.078735,0
-0.08728,0.0038147,0.015869,2.2757,0.079956,0
-0.084991,0.0018311,0.016479,2.2757,0.080261,0
-0.094757,0.0028992,0.015717,2.2757,0.083923,0
-0.096283,0.0035095,0.0073242,2.0482,0.093994,0
-0.077057,0.005188,-0.0027466,2.0482,0.10651,0
-0.048218,0.005188,-0.010376,2.0482,0.11841,0
-0.018311,0.005188,-0.014496,2.2757,0.11383,0
0.0053406,0.0074768,-0.014038,2.0482,0.079041,0
0.023651,0.010071,-0.0035095,1.8206,0.021667,0
0.033722,0.010529,0.0083923,1.8206,-0.038757,0
0.040283,0.0093079,0.016174,2.5033,-0.083618,0
0.046387,0.0073242,0.017548,2.0482,-0.10254,0
0.04837,0.0074768,0.014648,2.2757,-0.10345,0
0.042572,0.0076294,0.010681,2.2757,-0.092468,0
0.034637,0.0047302,0.0042725,2.2757,-0.089111,0
0.028839,0.00015259,-0.0094604,2.2757,-0.097046,0
0.029297,-0.0016785,-0.024872,2.7309,-0.11383,0
0.032043,-0.0018311,-0.032043,2.9584,-0.1239,0
0.031128,-0.0036621,-0.031891,2.2757,-0.1181,0
0.027313,-0.0024414,-0.026093,2.9584,-0.10071,0
0.023499,0.0027466,-0.01297,2.7309,-0.084534,0
0.018311,0.0059509,0.0032043,2.7309,-0.076599,0
0.014954,0.0061035,0.015564,2.5033,-0.078125,0
0.0082397,0.0083923,0.019836,2.7309,-0.087891,0
-0.0065613,0.011749,0.014801,2.7309,-0.097351,0
-0.021515,0.012665,0.0082397,2.2757,-0.098572,0
-0.029602,0.013733,0.0085449,2.2757,-0.088196,0
-0.029449,0.016632,0.017395,2.5033,-0.07019,0
-0.028381,0.018616,0.033112,1.8206,-0.052795,0
-0.024261,0.022888,0.054016,2.0482,-0.038147,0
-0.019989,0.028687,0.071259,2.7309,-0.030212,0
-0.015869,0.031128,0.068665,2.2757,-0.026855,0
-0.010071,0.028992,0.044098,2.9584,-0.024414,0
-0.0054932,0.024109,0.020142,2.2757,-0.018921,0
-0.004425,0.021515,0.018005,2.2757,-0.0042725,0
-0.0013733,0.020752,0.031433,2.5033,0.0177,0
0.0076294,0.016632,0.041809,1.3655,0.042114,0
0.019226,0.012665,0.042877,1.8206,0.061951,0
0.028381,0.0080872,0.037994,1.5931,0.067444,0
0.03479,0.0019836,0.032501,2.2757,0.059204,0
0.0354,-0.0032043,0.029602,2.0482,0.041504,0
0.027466,-0.010986,0.036316,2.0482,0.022888,0
0.014038,-0.011749,0.053711,1.5931,0.0067139,0
0.0074768,-0.0083923,0.074158,2.0482,-0.0057983,0
0.0039673,-0.0082397,0.086365,2.0482,-0.013428,0
-0.0033569,-0.013733,0.078583,1.5931,-0.018616,0
-0.011139,-0.018616,0.057373,2.7309,-0.029602,0
-0.013428,-0.02121,0.040588,2.0482,-0.046082,0
-0.014038,-0.020752,0.028839,1.8206,-0.06897,0
-0.012817,-0.018616,0.015564,1.8206,-0.090027,0
-0.0085449,-0.014038,0.0045776,2.5033,-0.10071,0
-0.0062561,-0.011444,0.0028992,2.2757,-0.1001,0
-0.0021362,-0.013275,0.0021362,2.9584,-0.087585,0
0.0019836,-0.015106,-0.0028992,2.5033,-0.073547,0
-0.0038147,-0.013885,-0.007019,2.5033,-0.059814,0
-0.017395,-0.01236,-0.0047302,2.2757,-0.048523,0
-0.02121,-0.01358,-0.0010681,2.2757,-0.042114,0
-0.012054,-0.014038,-0.0036621,2.9584,-0.037231,0
-0.0016785,-0.014496,-0.0082397,2.7309,-0.031738,0
0.0030518,-0.012054,-0.011292,2.7309,-0.028992,0
0.0068665,-0.009613,-0.012665,2.2757,-0.025024,0
0.010834,-0.0090027,-0.012207,2.0482,-0.019226,0
0.019379,-0.0093079,-0.007019,2.0482,-0.014648,0
0.022736,-0.010986,0.0067139,2.5033,-0.016174,0
0.0177,-0.011444,0.020447,2.2757,-0.021667,0
0.0053406,0.00091553,0.029449,2.5033,-0.030823,0
-0.0064087,0.0085449,0.033264,2.9584,-0.036011,0
-0.010529,0.010071,0.031433,2.5033,-0.041199,0
-0.014038,0.0088501,0.027466,2.7309,-0.045776,0
-0.016937,0.0090027,0.025024,2.7309,-0.046082,0
-0.013123,0.0073242,0.026245,1.8206,-0.043945,0
-0.0082397,0.007782,0.033264,2.0482,-0.042725,0
-0.007019,0.007782,0.03952,2.2757,-0.041809,0
-0.013123,0.0074768,0.037994,2.2757,-0.041809,0
-0.019379,0.0071716,0.033417,2.2757,-0.038757,0
-0.024567,0.0093079,0.031738,1.3655,-0.03479,0
-0.028076,0.0086975,0.025482,2.2757,-0.033569,0
-0.028229,0.0039673,0.0090027,2.5033,-0.034485,0
-0.024414,-0.0016785,-0.0094604,1.8206,-0.033875,0
-0.014191,-0.0054932,-0.020294,1.8206,-0.028687,0
-0.0039673,-0.0032043,-0.0041199,1.1379,-0.019531,0
0.0054932,-0.0019836,0.032654,1.8206,-0.0039673,0
0.016327,-0.0022888,0.055389,1.5931,0.0097656,0
0.025635,-0.0039673,0.050507,2.5033,0.018311,0
0.033417,-0.0045776,0.034332,2.2757,0.025024,0
0.041962,-0.0016785,0.021973,2.0482,0.029297,0
0.049133,0.0033569,0.013733,2.2757,0.032654,0
0.049133,0.0097656,0.010681,2.5033,0.032654,0
0.04425,0.015411,0.0071716,2.2757,0.032043,0
0.031891,0.021057,-0.00045776,1.5931,0.038757,0
0.010681,0.023346,-0.0013733,2.5033,0.050049,0
-0.011139,0.026093,0.0097656,2.5033,0.058289,0
-0.021973,0.027466,0.014801,2.5033,0.061646,0
-0.019226,0.027618,0.010986,2.0482,0.056458,0
-0.0047302,0.026855,0.0016785,1.5931,0.048828,0
0.015259,0.022125,-0.0059509,2.0482,0.040894,0
0.032959,0.01297,-0.0054932,2.5033,0.037537,0
0.048218,0.0022888,0.0039673,2.2757,0.036011,0
0.057373,-0.0054932,0.0093079,2.2757,0.036011,0
0.053253,-0.011139,-0.00091553,2.7309,0.039062,0
0.038757,-0.014954,-0.016632,3.186,0.041199,0
0.021057,-0.016327,-0.024872,3.186,0.040283,0
0.0093079,-0.016479,-0.027771,2.7309,0.032654,0
0.0094604,-0.016632,-0.030212,2.5033,0.023499,0
0.015106,-0.018005,-0.033112,2.5033,0.020447,0
0.019379,-0.018768,-0.030975,3.186,0.023193,0
0.02243,-0.01709,-0.025482,2.0482,0.025635,0
0.029449,-0.01358,-0.024567,2.5033,0.018005,0
0.032196,-0.014191,-0.027466,2.7309,0.011292,0
0.028534,-0.016479,-0.026855,2.7309,0.019836,0
0.027313,-0.020294,-0.023956,2.5033,0.043335,0
0.030518,-0.024719,-0.020599,2.5033,0.070801,0
0.03418,-0.028839,-0.013428,2.9584,0.091858,0
0.035553,-0.028381,0.00076294,2.2757,0.10498,0
0.0354,-0.024872,0.015259,2.0482,0.10681,0
0.028076,-0.022888,0.018005,2.5033,0.10071,0
0.020905,-0.020599,0.012512,2.2757,0.091858,0
0.010834,-0.02243,0.010223,1.8206,0.087891,0
-0.011597,-0.027466,0.0094604,1.8206,0.085754,0
-0.03891,-0.031891,0.0045776,2.5033,0.084534,0
-0.053101,-0.036926,-0.0038147,2.0482,0.082703,0
-0.06134,-0.037231,-0.0085449,1.5931,0.082703,0
-0.073547,-0.027924,0.00030518,2.2757,0.093079,0
-0.083771,-0.017548,0.019989,2.7309,0.1123,0
-0.088196,-0.010071,0.027618,2.7309,0.13123,0
-0.084839,-0.0068665,0.015259,1.3655,0.14435,0
-0.074463,-0.0045776,0.0019836,1.5931,0.14557,0
-0.059967,0.0024414,0.0019836,1.8206,0.14099,0
-0.045013,0.0099182,0.015259,2.0482,0.13397,0
-0.033722,0.015869,0.040436,2.2757,0.13245,0
-0.02533,0.016785,0.060425,2.0482,0.13519,0
-0.011902,0.014801,0.067444,2.2757,0.14282,0
0.0048828,0.017548,0.065613,2.5033,0.14893,0
0.010986,0.026245,0.057831,2.2757,0.1532,0
0.010986,0.031281,0.042877,2.7309,0.15472,0
0.019531,0.027771,0.033417,2.7309,0.15533,0
0.027924,0.023041,0.038605,2.9584,0.15656,0
0.029602,0.023804,0.046844,2.0482,0.15656,0
0.019836,0.02121,0.050049,2.0482,0.16052,0
0.013275,0.014191,0.049744,2.5033,0.16327,0
0.011749,0.0088501,0.045319,2.7309,0.16235,0
0.0083923,0.005188,0.036469,2.9584,0.15808,0
-0.0028992,0.0015259,0.025635,2.9584,0.15625,0
-0.012512,0.0015259,0.023041,2.7309,0.15228,0
-0.016022,0.0083923,0.031433,3.186,0.14954,0
-0.014191,0.013733,0.040131,2.9584,0.14648,0
-0.016632,0.016022,0.037842,2.9584,0.14893,0
-0.0090027,0.017853,0.029755,3.186,0.15076,0
0.0038147,0.018616,0.018921,2.7309,0.14404,0
0.0091553,0.015564,0,2.0482,0.13031,0
0.005188,0.0076294,-0.028992,2.5033,0.11749,0
-0.0047302,0.00061035,-0.048218,2.0482,0.11292,0
-0.015564,0.0021362,-0.03952,2.0482,0.10895,0
-0.02655,0.002594,-0.023193,2.5033,0.10284,0
-0.040283,-0.0013733,-0.017548,1.8206,0.094299,0
-0.055389,-0.0030518,-0.017395,1.5931,0.089111,0
-0.059814,-0.0061035,-0.010986,2.0482,0.085449,0
-0.037231,-0.0090027,0.0018311,1.8206,0.078125,0
-0.014191,-0.0091553,0.016174,2.5033,0.068665,0
-0.0071716,-0.013275,0.029755,2.5033,0.06897,0
-0.010529,-0.018005,0.031738,2.0482,0.079346,0
-0.011902,-0.020142,0.023804,1.8206,0.089111,0
-0.0085449,-0.019531,0.0076294,2.0482,0.091858,0
-0.00045776,-0.017853,-0.015411,1.8206,0.089722,0
0.015411,-0.014648,-0.029907,2.7309,0.088501,0
0.028229,-0.011749,-0.039368,2.5033,0.085449,0
0.025024,-0.010223,-0.049591,2.0482,0.076599,0
0.027771,-0.0065613,-0.046997,2.0482,0.055237,0
0.040283,-0.00091553,-0.029602,1.8206,0.031738,0
0.041351,-0.0016785,-0.011902,1.8206,0.016174,0
0.029755,-0.0039673,-0.0030518,2.2757,0.014343,0
0.030212,-0.0015259,0.0073242,2.2757,0.016479,0
0.040588,0.0021362,0.020599,2.9584,0.0097656,0
0.034943,0.0032043,0.029907,2.7309,0.00091553,0
0.014496,-0.0013733,0.028992,1.8206,-0.00030518,0
-0.0071716,-0.0054932,0.02182,2.5033,0.0067139,0
-0.029907,-0.0036621,0.017548,2.2757,0.011292,0
-0.045776,-0.0053406,0.013123,2.2757,0.0085449,0
-0.04303,-0.009613,0.0086975,2.5033,0.0030518,0
-0.030365,-0.0097656,0.013885,2.0482,0.00030518,0
-0.023651,-0.005188,0.025635,2.0482,0.0030518,0
-0.016632,-0.00061035,0.035553,2.2757,0.00030518,0
-0.0036621,0.00061035,0.038147,3.6411,-0.014038,0
0.0047302,0.00045776,0.032501,2.9584,-0.039368,0
0.014343,0.00015259,0.023651,2.7309,-0.061951,0
0.033264,-0.0038147,0.012665,2.2757,-0.071716,0
0.051575,-0.0074768,0.0062561,2.5033,-0.075989,0
0.058289,-0.0076294,0.0073242,3.186,-0.080872,0
0.045013,-0.0048828,0.016174,2.7309,-0.090332,0
0.016937,-0.0047302,0.028076,2.7309,-0.097351,0
-0.0073242,-0.007019,0.032654,2.2757,-0.10223,0
-0.013123,-0.012054,0.028076,2.0482,-0.1059,0
-0.0045776,-0.014496,0.018311,2.5033,-0.10925,0
0.012512,-0.016937,0.0076294,2.5033,-0.10986,0
0.026398,-0.020294,-0.0030518,2.0482,-0.1062,0
0.03006,-0.020752,-0.0094604,2.2757,-0.10101,0
0.023804,-0.017548,-0.0056458,1.8206,-0.099182,0
0.019531,-0.010376,0.00015259,1.5931,-0.1004,0
0.017853,-0.0065613,-0.00045776,2.5033,-0.10681,0
0.016937,-0.009613,-0.0028992,2.2757,-0.11841,0
0.029907,-0.013885,-0.0068665,2.0482,-0.13367,0
0.051117,-0.01358,-0.013275,2.2757,-0.14435,0
0.055389,-0.011749,-0.0094604,2.0482,-0.14404,0
0.049133,-0.0097656,0.0039673,2.2757,-0.13824,0
0.04776,-0.0083923,0.017548,1.8206,-0.13092,0
0.048981,-0.0064087,0.023041,1.8206,-0.12726,0
0.055084,-0.0041199,0.019989,2.0482,-0.12665,0
0.057526,-0.0027466,0.016327,1.8206,-0.13763,0
0.02533,-0.0053406,0.017548,2.0482,-0.15686,0
-0.03006,-0.0090027,0.019073,1.8206,-0.16937,0
-0.071869,-0.0080872,0.018463,2.2757,-0.17151,0
-0.087738,-0.0032043,0.0177,1.5931,-0.16205,0
-0.086517,-0.00061035,0.014343,2.2757,-0.15411,0
-0.070038,-0.0035095,0.010529,2.7309,-0.15472,0
-0.048828,-0.0048828,0.0074768,2.2757,-0.15533,0
-0.039978,-0.0041199,0.0064087,2.5033,-0.159,0
-0.050507,-0.0018311,0.0065613,2.5033,-0.1651,0
-0.058289,-0.00030518,0.0027466,2.2757,-0.17883,0
-0.056,0.00015259,-0.0033569,2.5033,-0.19836,0
-0.043945,-0.00061035,-0.013275,1.8206,-0.21271,0
-0.028992,0.00091553,-0.02655,2.2757,-0.21271,0
-0.0177,0.0041199,-0.032196,2.2757,-0.20264,0
-0.012665,0.0048828,-0.028839,2.7309,-0.19073,0
-0.014954,0.0045776,-0.024872,2.7309,-0.18097,0
-0.018311,0.0067139,-0.022278,3.186,-0.17303,0
-0.017242,0.011292,-0.016785,3.186,-0.16937,0
-0.013885,0.011292,-0.0088501,2.9584,-0.17456,0
-0.005188,0.0067139,-0.010529,2.5033,-0.18738,0
0.0057983,0.0041199,-0.027008,2.7309,-0.1944,0
0.0076294,0.002594,-0.050201,2.5033,-0.1889,0
-0.0022888,0.0010681,-0.062256,1.8206,-0.17456,0
-0.012512,0.002594,-0.045624,2.2757,-0.16357,0
-0.015869,0.0093079,-0.014648,2.5033,-0.15594,0
-0.0097656,0.014801,0.0099182,2.2757,-0.1474,0
0.0033569,0.012665,0.018005,2.2757,-0.13794,0
0.016022,0.0099182,0.016632,2.7309,-0.13153,0
0.025482,0.0086975,0.012512,1.8206,-0.12665,0
0.037079,0.0047302,0.0067139,2.0482,-0.12329,0
0.050507,0.0041199,-0.0012207,2.0482,-0.11902,0
0.060577,0.0061035,-0.0071716,2.2757,-0.11322,0
0.066528,0.0053406,-0.0068665,2.5033,-0.11078,0
0.072937,0.0027466,-0.0057983,1.3655,-0.11078,0
0.082092,-0.00045776,-0.010529,1.8206,-0.11108,0
0.081329,-0.0018311,-0.0177,1.1379,-0.10803,0
0.067902,-0.0032043,-0.020599,1.5931,-0.10376,0
0.05249,-0.0022888,-0.014191,2.0482,-0.095825,0
0.041656,-0.0018311,-0.0093079,2.2757,-0.08728,0
0.027924,-0.0036621,-0.011139,2.5033,-0.079956,0
0.0062561,-0.0032043,-0.016327,1.5931,-0.074158,0
-0.0074768,0.00045776,-0.018921,2.7309,-0.066223,0
-0.0065613,0.005188,-0.018463,2.2757,-0.054321,0
-0.0032043,0.007019,-0.012207,2.7309,-0.042725,0
-0.011749,0.0064087,-0.0019836,2.7309,-0.030518,0
-0.028839,0.0061035,0.0090027,2.2757,-0.013123,0
-0.040283,0.0056458,0.018005,2.9584,0.0024414,0
-0.043945,0.0045776,0.022888,2.7309,0.010071,0
-0.044556,0.0012207,0.020142,2.7309,0.0048828,0
-0.044708,-0.00015259,0.011292,2.2757,-0.0064087,0
-0.044403,0.0019836,0.0045776,2.7309,-0.018311,0
-0.044708,0.0057983,0.0048828,1.8206,-0.030823,0
-0.044708,0.010681,0.0091553,2.0482,-0.036621,0
-0.044556,0.015259,0.017548,2.9584,-0.035095,0
-0.044708,0.016479,0.020447,1.5931,-0.023193,0
-0.044708,0.020142,0.020294,2.2757,-0.0076294,0
-0.044556,0.023956,0.021667,2.5033,-0.0015259,0
-0.044861,0.024719,0.020294,2.2757,-0.0057983,0
-0.044708,0.020294,0.0042725,2.0482,-0.019531,0
-0.044556,0.012054,-0.02121,2.0482,-0.033569,0
-0.044556,0.011444,-0.014496,2.2757,-0.038147,0
-0.044708,0.015717,0.028534,2.5033,-0.036926,0
-0.044556,0.014038,0.055084,2.7309,-0.030823,0
-0.044556,0.0068665,0.038605,2.7309,-0.020142,0
-0.044708,0.0013733,0.0053406,2.7309,-0.0088501,0
-0.044708,-0.00091553,-0.0010681,2.7309,-0.0030518,0
-0.044708,0.0042725,0.03006,2.7309,-0.0048828,0
-0.044556,0.0086975,0.060425,2.2757,-0.0064087,0
-0.044861,0.0032043,0.065155,2.5033,0.00091553,0
-0.044403,-0.0039673,0.058746,2.0482,0.011902,0
-0.044708,-0.0085449,0.053711,1.5931,0.022583,0
-0.044403,-0.012207,0.047455,2.0482,0.035095,0
-0.044708,-0.017395,0.036926,1.8206,0.047913,0
-0.044556,-0.019836,0.022736,1.1379,0.059509,0
-0.044708,-0.016785,0.0082397,2.0482,0.064392,0
-0.044708,-0.011749,-0.00045776,1.8206,0.062561,0
-0.044861,-0.0059509,-0.0059509,2.2757,0.057983,0
-0.044556,-0.0033569,-0.010834,1.8206,0.057068,0
-0.044708,-0.00030518,-0.009613,1.8206,0.059814,0
-0.044861,0.00030518,-0.0088501,2.5033,0.064697,0
-0.044708,0.00030518,-0.0079346,1.5931,0.067444,0
-0.044708,-0.00015259,0.0012207,2.0482,0.069885,0
-0.044403,0.004425,0.014496,1.5931,0.07782,0
-0.044708,0.012665,0.024414,1.5931,0.091553,0
-0.044708,0.016327,0.030365,2.2757,0.10284,0
-0.045013,0.016174,0.032349,2.5033,0.10529,0
-0.044708,0.014038,0.025787,2.5033,0.10529,0
-0.044403,0.0090027,0.020599,2.5033,0.11017,0
-0.044556,0.0074768,0.016022,3.186,0.11566,0
-0.019226,0.010834,0.011597,2.9584,0.11963,0
-0.007782,0.01358,0.0093079,2.2757,0.11841,0
-0.012817,0.013428,0.0064087,2.2757,0.11261,0
-0.017548,0.01358,0.0019836,2.2757,0.10956,0
-0.02533,0.015717,-0.005188,2.2757,0.11078,0
-0.036621,0.019989,-0.012665,2.9584,0.11627,0
-0.046234,0.024414,-0.013885,3.186,0.11871,0
-0.049438,0.028839,-0.010223,3.6411,0.12299,0
-0.049744,0.030212,-0.0047302,3.4135,0.12848,0
-0.048676,0.031128,-0.0027466,2.7309,0.13458,0
-0.046082,0.028229,-0.0064087,2.7309,0.13733,0
-0.0383,0.023041,-0.011749,1.8206,0.13672,0
-0.029907,0.021057,-0.013275,1.8206,0.13977,0
-0.029144,0.028381,-0.016632,2.0482,0.14587,0
-0.030518,0.036316,-0.022583,1.8206,0.15472,0
-0.030212,0.035248,-0.024261,1.5931,0.16144,0
-0.029907,0.026703,-0.025024,2.2757,0.16571,0
-0.025635,0.021973,-0.022888,2.7309,0.16602,0
-0.015564,0.02594,-0.013885,2.0482,0.16876,0
-0.0048828,0.033722,-0.0024414,2.2757,0.16968,0
-0.00076294,0.032654,0.0032043,2.7309,0.16998,0
0.00091553,0.023804,-0.005188,2.5033,0.16937,0
0.0050354,0.011749,-0.025635,1.8206,0.16968,0
0.0083923,-0.00061035,-0.050964,1.5931,0.16968,0
0.01236,-0.0085449,-0.072327,2.0482,0.16663,0
0.023499,-0.010834,-0.079193,2.2757,0.16479,0
0.040436,-0.0093079,-0.067291,2.2757,0.16724,0
0.053864,-0.009613,-0.048218,2.5033,0.1712,0
0.06485,-0.018005,-0.031891,2.2757,0.17609,0
0.076599,-0.03006,-0.020142,2.0482,0.17731,0
0.077362,-0.040283,-0.012207,2.0482,0.177,0
0.066223,-0.041504,-0.0022888,2.0482,0.18066,0
0.05127,-0.035706,0.0064087,2.0482,0.18982,0
0.03418,-0.028229,0.0083923,2.5033,0.19653,0
0.011444,-0.025024,0.0016785,2.2757,0.2002,0
-0.010681,-0.025024,-0.0091553,2.5033,0.2005,0
-0.023346,-0.022736,-0.017548,2.5033,0.20538,0
-0.024109,-0.018311,-0.016022,2.2757,0.21149,0
-0.02243,-0.015106,-0.0057983,2.0482,0.2121,0
-0.020599,-0.010071,0.009613,2.5033,0.20294,0
-0.016785,-0.0080872,0.027161,2.7309,0.18921,0
-0.0079346,-0.011749,0.042419,2.7309,0.17548,0
0.0056458,-0.0177,0.048523,2.5033,0.16174,0
0.019989,-0.02121,0.047302,1.8206,0.15289,0
0.026093,-0.021973,0.041351,2.2757,0.1532,0
0.023041,-0.026703,0.035858,2.9584,0.16205,0
0.020142,-0.030975,0.030518,2.9584,0.17639,0
0.015869,-0.035706,0.020142,2.7309,0.18372,0
0.01236,-0.039978,0.0039673,2.5033,0.18036,0
0.0093079,-0.04425,-0.0059509,2.7309,0.17242,0
-0.0015259,-0.048218,-0.0068665,2.5033,0.16479,0
-0.014801,-0.047455,-0.0022888,2.0482,0.1593,0
-0.026703,-0.044098,0.004425,1.8206,0.15594,0
-0.036163,-0.042114,0.0065613,2.2757,0.15442,0
-0.04303,-0.043488,0.0045776,1.5931,0.15594,0
-0.050659,-0.044708,0.0015259,1.8206,0.16144,0
-0.054016,-0.044708,-0.0047302,2.5033,0.16998,0
-0.050812,-0.041046,-0.01358,2.0482,0.17365,0
-0.044708,-0.036621,-0.026245,1.8206,0.17029,0
-0.035095,-0.034332,-0.033264,2.0482,0.16296,0
-0.020294,-0.032196,-0.029907,2.2757,0.15961,0
-0.0082397,-0.030975,-0.018158,2.0482,0.16113,0
-0.0061035,-0.031586,-0.0093079,2.0482,0.16418,0
-0.011749,-0.029297,-0.0071716,2.2757,0.16327,0
-0.013733,-0.028076,-0.005188,2.5033,0.16632,0
-0.013123,-0.025787,-0.00091553,2.2757,0.17639,0
-0.0083923,-0.026855,0.0032043,2.2757,0.18311,0
0.0048828,-0.024261,0.010071,1.8206,0.18127,0
0.02182,-0.020905,0.017548,2.2757,0.17609,0
0.030365,-0.016327,0.019531,2.0482,0.17365,0
0.023651,-0.0090027,0.021362,1.8206,0.17151,0
0.009613,-0.0028992,0.023041,2.5033,0.16266,0
-0.0018311,0.00030518,0.023956,1.8206,0.14862,0
-0.010071,0.0016785,0.023041,1.5931,0.13428,0
-0.014038,0.0018311,0.018921,2.0482,0.12207,0
-0.011902,0.002594,0.014343,2.0482,0.11383,0
-0.0053406,0.0028992,0.015411,2.2757,0.10498,0
-0.00061035,0.0021362,0.018921,2.9584,0.092163,0
0.0093079,0.0048828,0.019836,2.2757,0.07843,0
0.025787,0.0073242,0.019073,2.9584,0.066528,0
0.037079,0.0079346,0.013275,3.186,0.057068,0
0.041809,0.0093079,0.0082397,2.7309,0.049744,0
0.04776,0.014801,0.0068665,2.7309,0.040588,0
0.055237,0.018768,0.010071,2.5033,0.033569,0
0.056,0.020599,0.010223,2.2757,0.030823,0
0.045624,0.02182,0.0082397,2.5033,0.032349,0
0.030365,0.019684,0.011292,2.7309,0.033569,0
0.010834,0.01709,0.014801,2.2757,0.033569,0
-0.0059509,0.018921,0.015411,2.2757,0.027771,0
-0.015564,0.024414,0.018768,3.4135,0.020752,0
-0.022888,0.03006,0.022888,2.9584,0.015259,0
-0.029755,0.034332,0.02655,2.9584,0.0094604,0
-0.035858,0.037079,0.032501,2.2757,0.0042725,0
-0.039978,0.03952,0.040436,2.2757,-0.00091553,0
-0.041504,0.040741,0.03952,2.5033,-0.0045776,0
-0.039673,0.035858,0.022125,2.5033,-0.0097656,0
-0.036774,0.024719,0.0038147,1.5931,-0.012817,0
-0.032959,0.016022,-0.0059509,2.5033,-0.01709,0
-0.030365,0.013123,-0.0038147,2.0482,-0.018616,0
-0.029907,0.013275,0.011139,2.7309,-0.014343,0
-0.025024,0.013885,0.029907,2.2757,-0.0061035,0
-0.018005,0.0094604,0.043793,2.7309,0.0057983,0
-0.012817,0.0030518,0.06134,1.8206,0.018616,0
-0.0079346,0.0016785,0.076599,1.3655,0.030212,0
-0.014038,0.0022888,0.08316,1.5931,0.033264,0
-0.027008,-0.0033569,0.08728,2.0482,0.032043,0
-0.035095,-0.0097656,0.095673,2.5033,0.029602,0
-0.034943,-0.013428,0.10117,2.0482,0.028076,0
-0.028229,-0.014343,0.098724,2.0482,0.022278,0
-0.019073,-0.0097656,0.093536,1.8206,0.014648,0
-0.0036621,-0.0054932,0.093536,2.2757,0.007019,0
0.01236,-0.0036621,0.094757,2.0482,0.0067139,0
0.016327,-0.0019836,0.088959,1.8206,0.0097656,0
0.016022,-0.0010681,0.076752,3.186,0.011902,0
0.022278,0.00045776,0.065613,2.5033,0.014038,0
0.036621,0.0010681,0.065308,2.2757,0.020752,0
0.053406,-0.0028992,0.074005,2.5033,0.035706,0
0.055847,-0.0054932,0.066223,2.2757,0.052795,0
0.037689,-0.0045776,0.034637,2.2757,0.066528,0
0.018768,-0.0036621,0.016022,2.2757,0.076904,0
0.01297,-0.0018311,0.044556,1.8206,0.088806,0
0.017242,-0.00045776,0.084839,2.5033,0.10162,0
0.021667,-0.00045776,0.094757,2.7309,0.10834,0
0.023346,0.0010681,0.092468,2.7309,0.1062,0
0.026093,0.0045776,0.092773,2.9584,0.099792,0
0.032806,0.0076294,0.090485,2.2757,0.098572,0
0.036163,0.0061035,0.087128,2.9584,0.10101,0
0.033112,0.00076294,0.079041,2.9584,0.10284,0
0.02533,-0.00076294,0.063782,2.5033,0.10193,0
0.018158,0.00061035,0.046387,2.9584,0.10101,0
0.017242,0.0019836,0.034485,3.186,0.10468,0
0.018463,0.0019836,0.029297,2.2757,0.10834,0
0.021057,0.0039673,0.031738,2.7309,0.11383,0
0.019989,0.002594,0.034637,2.5033,0.12329,0
0.0094604,-0.00061035,0.029602,2.2757,0.13031,0
-0.0038147,0.00015259,0.019226,2.2757,0.13489,0
-0.013123,0.0041199,0.005188,2.5033,0.13306,0
-0.021515,0.007782,0.0067139,2.0482,0.13245,0
-0.026398,0.0097656,0.023346,2.0482,0.13275,0
-0.024261,0.010681,0.036926,2.0482,0.13153,0
-0.016785,0.0091553,0.036316,1.8206,0.12817,0
-0.010834,0.0042725,0.023041,2.2757,0.12573,0
-0.0080872,0.0013733,0.011902,2.9584,0.12329,0
-0.0067139,0.00030518,0.0032043,2.2757,0.12299,0
-0.00091553,-0.0016785,-0.0036621,2.2757,0.12238,0
0.010986,-0.0035095,-0.0062561,2.5033,0.1239,0
0.025177,-0.004425,-0.007782,1.8206,0.12848,0
0.034332,-0.0065613,-0.01297,2.5033,0.13336,0
0.037537,-0.0082397,-0.020447,2.7309,0.13519,0
0.033722,-0.0071716,-0.025024,2.5033,0.13855,0
0.028687,-0.0019836,-0.021515,2.9584,0.14648,0
0.028992,0.0038147,-0.012054,2.9584,0.15656,0
0.026245,0.005188,-0.0041199,2.2757,0.16602,0
0.012512,0.0061035,0.00061035,3.186,0.17212,0
-0.004425,0.0083923,0.010834,2.9584,0.17273,0
-0.012665,0.013275,0.013885,2.5033,0.1712,0
-0.0091553,0.019379,-0.0022888,2.2757,0.16449,0
-0.0022888,0.023499,-0.023651,2.7309,0.15259,0
0.00076294,0.023956,-0.033875,2.7309,0.1358,0
0.0018311,0.024872,-0.03006,2.9584,0.12024,0
0.0041199,0.024872,-0.017395,3.4135,0.11261,0
0.0027466,0.023041,-0.0073242,3.186,0.11078,0
-0.0018311,0.018768,-0.010529,2.2757,0.11078,0
-0.011292,0.01358,-0.018005,1.8206,0.1059,0
-0.02594,0.015106,-0.009613,2.2757,0.10406,0
-0.031433,0.022125,0.014648,2.7309,0.10712,0
-0.020599,0.022583,0.025482,2.9584,0.11475,0
-0.00045776,0.012512,0.0028992,2.9584,0.11993,0
0.011139,-0.0013733,-0.040436,2.2757,0.11963,0
0.007019,-0.010986,-0.072632,2.2757,0.11627,0
-0.00045776,-0.01358,-0.07843,1.8206,0.1181,0
-0.0019836,-0.01358,-0.06897,2.9584,0.12146,0
0.0035095,-0.012665,-0.061493,2.2757,0.12024,0
0.0080872,-0.014191,-0.059662,3.4135,0.11353,0
0.0033569,-0.018005,-0.058289,2.7309,0.10498,0
-0.0047302,-0.021515,-0.06134,2.7309,0.099487,0
-0.012665,-0.025177,-0.062714,3.186,0.093384,0
-0.01709,-0.027466,-0.062561,2.5033,0.082703,0
-0.0177,-0.027924,-0.064545,2.5033,0.069885,0
-0.019836,-0.026855,-0.071564,1.5931,0.06134,0
-0.028381,-0.025787,-0.074005,1.5931,0.062256,0
-0.037537,-0.021515,-0.070496,1.3655,0.067139,0
-0.042572,-0.012207,-0.068359,1.5931,0.069275,0
-0.045319,-0.0068665,-0.067291,1.8206,0.060425,0
-0.048065,-0.0041199,-0.062561,1.8206,0.046387,0
-0.046844,-0.0022888,-0.05722,2.5033,0.034485,0
-0.040741,-0.0016785,-0.04715,2.7309,0.027771,0
-0.030212,-0.00091553,-0.025787,1.8206,0.020447,0
-0.016327,0.0016785,-0.0076294,2.7309,0.011597,0
-0.004425,0.0062561,-0.00030518,2.7309,0.0061035,0
0.00030518,0.0076294,0,2.5033,0.0061035,0
0.0018311,0.0074768,-0.0018311,2.0482,0.0048828,0
0.0018311,0.0056458,-0.0080872,1.8206,0.0039673,0
0.0019836,0.0042725,-0.014648,2.5033,0.0024414,0
0.0016785,0.0056458,-0.014038,1.3655,0.0033569,0
0.0019836,0.0033569,-0.0033569,2.7309,0.0082397,0
0.0016785,-0.00091553,0.010376,2.5033,0.011902,0
0.0019836,-0.0021362,0.015869,3.186,0.0094604,0
0.0018311,-0.00030518,0.0080872,2.7309,0.0024414,0
0.0019836,0.00030518,-0.0054932,2.7309,-0.0033569,0
0.0019836,0.00076294,-0.015106,3.186,-0.007019,0
0.0018311,0.00061035,-0.020447,2.5033,-0.013733,0
0.0018311,-0.0013733,-0.026245,2.7309,-0.020142,0
0.0021362,-0.0035095,-0.037231,2.2757,-0.025024,0
0.0018311,-0.0042725,-0.05249,2.2757,-0.024109,0
0.0018311,-0.0035095,-0.059204,2.5033,-0.014648,0
0.0021362,-0.0028992,-0.053558,2.7309,-0.0015259,0
0.0016785,-0.0036621,-0.040436,2.7309,0.007019,0
0.0018311,-0.0039673,-0.028229,1.8206,0.0088501,0
0.0018311,-0.0038147,-0.016479,2.5033,0.0082397,0
0.0018311,-0.0024414,-0.010223,2.5033,0.0091553,0
0.0018311,-0.0045776,-0.0080872,1.8206,0.0082397,0
0.0018311,-0.0074768,-0.0065613,2.0482,0.00091553,0
0.0016785,-0.0061035,-0.0022888,1.8206,-0.014343,0
0.0019836,-0.0018311,0.0057983,1.8206,-0.031433,0
0.0018311,0.0012207,0.01297,2.0482,-0.047302,0
0.0016785,0.0012207,0.016937,2.0482,-0.064392,0
0.0016785,0.0010681,0.018158,1.8206,-0.089111,0
0.0018311,0.0028992,0.019226,2.0482,-0.11658,0
0.0018311,0.0035095,0.019531,2.2757,-0.14618,0
0.0019836,0.0050354,0.015717,2.7309,-0.17853,0
0.0019836,0.004425,0.014496,2.5033,-0.21637,0
0.0019836,0.0019836,0.02121,2.5033,-0.25452,0
0.0016785,0.0028992,0.028229,2.2757,-0.28412,0
-0.0024414,0.0036621,0.029449,2.5033,-0.3009,0
0.00030518,0.0057983,0.02655,2.0482,-0.31097,0
0.016632,0.0085449,0.021515,1.5931,-0.32532,0
0.033569,0.0086975,0.014038,2.2757,-0.35034,0
0.04364,0.010834,0.002594,2.2757,-0.38055,0
0.049591,0.013123,-0.012054,2.7309,-0.41443,0
0.047913,0.010834,-0.024719,2.2757,-0.45227,0
0.041351,0.0061035,-0.032196,2.2757,-0.48676,0
0.041351,0.0018311,-0.034637,2.5033,-0.51727,0
0.043488,-0.00015259,-0.034027,2.2757,-0.54169,0
0.03479,-0.0032043,-0.028229,1.5931,-0.5603,0
0.017395,-0.0057983,-0.017853,2.7309,-0.57373,0
0.00030518,-0.007019,-0.013123,2.7309,-0.58105,0
-0.0093079,-0.010071,-0.026398,2.2757,-0.58075,0
-0.0032043,-0.014496,-0.04837,2.5033,-0.57617,0
0.012207,-0.015717,-0.061646,1.8206,-0.5661,0
0.028839,-0.012817,-0.062103,2.2757,-0.5545,0
0.041962,-0.0067139,-0.050201,2.0482,-0.5423,0
0.053711,-0.0064087,-0.038605,2.2757,-0.52887,0
0.05661,-0.0045776,-0.03006,2.9584,-0.5127,0
0.051422,0.0024414,-0.018463,2.5033,-0.49866,0
0.042419,0.0088501,-0.0041199,2.9584,-0.48187,0
0.029297,0.0085449,0.010376,2.5033,-0.46509,0
0.015564,0.0061035,0.019989,2.7309,-0.44617,0
0.0073242,0.0059509,0.019531,2.7309,-0.4248,0
0.0047302,0.0035095,0.010834,2.2757,-0.39886,0
0.0042725,-0.0019836,-0.0032043,2.9584,-0.36774,0
0.0042725,-0.0053406,-0.013275,2.5033,-0.33173,0
0.0056458,-0.0028992,-0.017242,2.7309,-0.29419,0
0.0036621,0.0061035,-0.0083923,2.9584,-0.25421,0
-0.0032043,0.019226,0.020905,2.5033,-0.21881,0
-0.015564,0.030518,0.05127,1.8206,-0.1889,0
-0.025482,0.031738,0.059814,1.5931,-0.16418,0
-0.025787,0.029602,0.049744,1.8206,-0.14496,0
-0.019073,0.032043,0.045624,2.0482,-0.12451,0
-0.012054,0.041656,0.054016,2.7309,-0.1004,0
-0.0015259,0.051575,0.052948,2.0482,-0.074158,0
0.0082397,0.054626,0.033875,1.8206,-0.044861,0
0.018768,0.049438,0.015259,2.5033,-0.014648,0
0.033875,0.039368,0.0076294,1.5931,0.013733,0
0.045471,0.025177,0.0067139,2.0482,0.042114,0
0.04303,0.014648,0.014038,2.5033,0.071716,0
0.033264,0.0099182,0.023193,2.5033,0.10223,0
0.029144,0.0097656,0.026093,2.2757,0.12482,0
0.02655,0.010376,0.019836,2.2757,0.13763,0
0.019073,0.0091553,0.0093079,1.8206,0.14008,0
0.0059509,0.0042725,0.007019,1.8206,0.13885,0
-0.011139,-0.0012207,0.012665,2.2757,0.13824,0
-0.027771,-0.0059509,0.023651,2.2757,0.13947,0
-0.023804,-0.010834,0.027924,2.0482,0.13672,0
0.0024414,-0.014038,0.021973,2.5033,0.13062,0
0.025635,-0.011139,0.02121,2.5033,0.12604,0
0.026245,-0.0035095,0.027313,2.7309,0.12543,0
0.015564,0.0076294,0.018921,2.5033,0.12268,0
0.0074768,0.014648,0.00045776,2.2757,0.11444,0
0.00030518,0.020905,0.0068665,2.7309,0.099487,0
-0.0086975,0.028076,0.044708,2.5033,0.082397,0
-0.023193,0.033875,0.075378,2.9584,0.067749,0
-0.042114,0.03952,0.075531,2.5033,0.051575,0
-0.05722,0.0383,0.055084,2.0482,0.033569,0
-0.058289,0.029755,0.042572,1.8206,0.016785,0
-0.050812,0.015869,0.045319,2.0482,0.0024414,0
-0.040131,0.0033569,0.042572,2.2757,-0.0094604,0
-0.025024,-0.007019,0.025482,2.0482,-0.022583,0
-0.0071716,-0.011444,0.0090027,2.0482,-0.038147,0
0.0054932,-0.010223,0.010834,2.7309,-0.053711,0
0.018311,-0.012054,0.021973,2.5033,-0.064392,0
0.030212,-0.023346,0.029602,2.7309,-0.071411,0
0.031891,-0.037994,0.015411,3.186,-0.079956,0
0.023956,-0.053253,-0.02655,2.9584,-0.10101,0
0.018311,-0.065613,-0.076752,2.2757,-0.13641,0
0.011139,-0.072784,-0.11093,2.5033,-0.18005,0
0.0048828,-0.076447,-0.12924,2.0482,-0.21942,0
0.004425,-0.077515,-0.15808,1.5931,-0.24628,0
0.0036621,-0.077515,-0.18951,2.5033,-0.26184,0
0.0013733,-0.076752,-0.19379,1.8206,-0.27405,0
0.0010681,-0.077209,-0.17288,2.0482,-0.29022,0
0.00076294,-0.070496,-0.14084,2.0482,-0.31219,0
-0.0045776,-0.062408,-0.11047,2.2757,-0.33295,0
-0.010986,-0.058136,-0.088196,1.5931,-0.34668,0
-0.017853,-0.062256,-0.075226,2.2757,-0.35217,0
-0.023804,-0.072784,-0.074921,2.0482,-0.34882,0
-0.027771,-0.075226,-0.084381,2.0482,-0.34576,0
-0.031738,-0.065308,-0.086517,1.8206,-0.34637,0
-0.038605,-0.054626,-0.063629,1.8206,-0.35095,0
-0.047913,-0.047302,-0.027008,1.5931,-0.35797,0
-0.050659,-0.042572,0.0068665,2.2757,-0.36591,0
-0.041962,-0.0383,0.030518,1.3655,-0.36926,0
-0.025787,-0.03891,0.043488,2.2757,-0.36926,0
-0.0028992,-0.044403,0.039673,2.2757,-0.36194,0
0.014038,-0.054321,0.0074768,1.3655,-0.34454,0
0.013275,-0.05661,-0.015106,1.8206,-0.32562,0
0.0062561,-0.034485,0.040894,2.7309,-0.31677,0
0.0082397,-0.010834,0.13962,2.5033,-0.32196,0
0.017242,-0.010529,0.1889,2.2757,-0.33539,0
0.018921,-0.020294,0.18616,2.5033,-0.34515,0
0.011749,-0.027008,0.16495,2.5033,-0.34485,0
0.002594,-0.027161,0.13748,2.2757,-0.33936,0
-0.0016785,-0.021362,0.11124,1.5931,-0.33386,0
-0.0018311,-0.013275,0.09964,2.2757,-0.33844,0
0.0091553,-0.007019,0.095978,3.186,-0.35553,0
0.023346,-0.0018311,0.078125,2.7309,-0.38239,0
0.027313,-0.00045776,0.045013,2.5033,-0.41229,0
0.024872,0.0030518,0.029602,2.7309,-0.43732,0
0.025787,0.0061035,0.046692,2.7309,-0.44861,0
0.030212,0.0068665,0.066986,2.7309,-0.44678,0
0.036621,0.011444,0.071259,2.2757,-0.43732,0
0.036774,0.019989,0.066681,2.0482,-0.42877,0
0.023193,0.024719,0.060272,2.2757,-0.42694,0
0.0041199,0.029144,0.054474,2.7309,-0.42938,0
-0.0050354,0.035553,0.052032,2.5033,-0.43091,0
-0.0050354,0.03952,0.047455,2.5033,-0.42969,0
-0.0035095,0.03952,0.038757,1.8206,-0.42297,0
-0.0013733,0.040436,0.02594,1.8206,-0.40985,0
0.0015259,0.046387,0.014038,1.8206,-0.39307,0
0.0094604,0.054932,0.012512,2.0482,-0.37262,0
0.015717,0.052795,0.016785,1.1379,-0.34668,0
0.019684,0.041046,0.012207,2.7309,-0.32135,0
0.018768,0.026093,0.00091553,2.2757,-0.30334,0
0.014801,0.02243,0.0022888,2.0482,-0.28961,0
0.013885,0.027313,0.027924,1.8206,-0.27588,0
0.0093079,0.032959,0.058289,2.2757,-0.2597,0
-0.0036621,0.033264,0.07309,1.5931,-0.23895,0
-0.020447,0.028229,0.069275,1.8206,-0.21759,0
-0.033722,0.024414,0.050354,2.2757,-0.19623,0
-0.041962,0.023193,0.028381,2.2757,-0.17578,0
-0.047302,0.024567,0.0054932,2.0482,-0.16235,0
-0.045624,0.02594,-0.019073,1.3655,-0.1474,0
-0.037537,0.028381,-0.044403,2.2757,-0.12787,0
-0.029602,0.027618,-0.066528,2.2757,-0.1004,0
-0.021973,0.026093,-0.073853,1.8206,-0.06897,0
-0.016174,0.02533,-0.065918,2.0482,-0.036316,0
-0.009613,0.027008,-0.048065,2.2757,-0.0085449,0
0.002594,0.033417,-0.028381,1.8206,0.016174,0
0.02182,0.03418,-0.013275,1.3655,0.035706,0
0.042267,0.024872,-0.0019836,2.2757,0.05127,0
0.059509,0.01297,0.0030518,2.0482,0.066833,0
0.072479,0.0085449,-0.0064087,2.2757,0.083313,0
0.080872,0.0076294,-0.02121,2.7309,0.097046,0
0.081024,0.0073242,-0.027313,2.5033,0.10651,0
0.075073,0.010529,-0.02655,2.9584,0.112,0
0.069122,0.014954,-0.025177,2.5033,0.11505,0
0.066223,0.018005,-0.015411,2.2757,0.1178,0
0.059662,0.023499,0.0015259,2.5033,0.11627,0
0.048676,0.030365,0.011292,2.0482,0.11169,0
0.035858,0.032654,0.014038,2.2757,0.10559,0
0.016479,0.029449,0.010681,2.5033,0.099487,0
0.0028992,0.028229,0.0064087,2.5033,0.098572,0
-0.0019836,0.027924,0.0076294,1.5931,0.097961,0
-0.0042725,0.024872,0.0054932,2.5033,0.09613,0
-0.0064087,0.018463,-0.0035095,1.8206,0.09552,0
-0.011292,0.021515,-0.01297,1.8206,0.094604,0
-0.012207,0.024261,-0.0177,2.2757,0.095825,0
-0.0050354,0.024567,-0.018616,1.8206,0.098267,0
-0.00061035,0.02594,-0.019989,2.7309,0.10468,0
0.0019836,0.037537,-0.019989,2.2757,0.10834,0
0.0045776,0.058594,-0.019073,2.0482,0.11108,0
-0.0013733,0.073853,-0.018616,2.5033,0.11108,0
-0.018616,0.075073,-0.024109,2.5033,0.11139,0
-0.037384,0.067139,-0.02655,2.2757,0.112,0
-0.049286,0.057068,-0.010681,1.8206,0.11017,0
-0.05249,0.049286,0.018005,1.8206,0.10834,0
-0.049896,0.03952,0.027008,2.0482,0.1062,0
-0.04303,0.023804,0.0088501,2.0482,0.10437,0
-0.031891,-0.0012207,-0.012207,2.0482,0.10345,0
-0.025482,-0.02655,-0.019989,2.2757,0.10254,0
-0.034027,-0.038605,-0.021057,2.0482,0.099792,0
-0.048828,-0.041962,-0.032043,1.8206,0.09552,0
-0.065002,-0.042725,-0.046082,1.8206,0.090637,0
-0.071716,-0.037384,-0.058136,1.8206,0.092163,0
-0.072021,-0.033264,-0.062408,2.0482,0.098572,0
-0.071869,-0.033417,-0.044556,2.0482,0.10529,0
-0.071869,-0.032349,-0.024719,2.9584,0.10986,0
-0.071869,-0.025482,-0.03067,2.7309,0.11353,0
-0.071564,-0.0080872,-0.051117,1.8206,0.12054,0
-0.071869,0.011444,-0.06012,2.9584,0.12238,0
-0.072021,0.029297,-0.043335,2.5033,0.11963,0
-0.071564,0.039368,-0.018005,2.7309,0.11505,0
-0.071716,0.039978,0.010071,2.7309,0.10834,0
-0.071564,0.037079,0.044861,2.0482,0.10132,0
-0.071869,0.031433,0.072632,2.7309,0.093994,0
-0.071564,0.026093,0.077362,2.7309,0.08728,0
-0.071716,0.016479,0.062714,2.5033,0.079041,0
-0.071716,0.007782,0.075226,2.0482,0.070801,0
-0.071564,0.0021362,0.13519,2.5033,0.065002,0
-0.071716,-0.0042725,0.18097,2.5033,0.057678,0
-0.071564,-0.0071716,0.17197,2.2757,0.049133,0
-0.071564,-0.011902,0.13824,2.2757,0.038452,0
-0.071869,-0.025787,0.10025,2.5033,0.030823,0
-0.071716,-0.042877,0.046082,2.0482,0.026245,0
-0.071716,-0.054321,-0.0061035,2.5033,0.02533,0
-0.071564,-0.054169,-0.027313,2.0482,0.025635,0
-0.072021,-0.048218,-0.025177,1.3655,0.029602,0
-0.071564,-0.042877,-0.025482,1.5931,0.039673,0
-0.071411,-0.035248,-0.034637,2.2757,0.048523,0
-0.071564,-0.025177,-0.033417,1.8206,0.052185,0
-0.071564,-0.015259,-0.023499,2.2757,0.05127,0
-0.071716,-0.0080872,-0.01236,1.3655,0.047607,0
-0.071564,-0.0048828,0.0027466,2.2757,0.040894,0
-0.071869,-0.0047302,0.014954,2.5033,0.032043,0
-0.071716,-0.0079346,0.015869,2.0482,0.023193,0
-0.071564,-0.012054,0.015259,0.91037,0.018616,0
-0.071564,-0.0079346,0.022278,1.5931,0.01709,0
-0.071564,0.0030518,0.033264,1.8206,0.019836,0
-0.071411,0.007782,0.036774,2.0482,0.026245,0
-0.071716,-0.00045776,0.020294,1.8206,0.033264,0
-0.071716,-0.0082397,-0.016785,2.9584,0.040283,0
-0.071564,-0.0094604,-0.059052,2.0482,0.041504,0
-0.071869,-0.0097656,-0.072632,1.8206,0.036926,0
-0.071564,-0.010223,-0.050812,2.7309,0.029602,0
-0.071411,-0.0088501,-0.021362,1.8206,0.023499,0
-0.062103,-0.0091553,-0.007019,2.5033,0.016174,0
-0.059052,-0.014496,-0.0059509,2.9584,0.0039673,0
-0.060425,-0.019531,-0.015869,2.5033,-0.010681,0
-0.057678,-0.027466,-0.032043,2.0482,-0.02533,0
-0.055237,-0.040131,-0.041199,2.0482,-0.038452,0
-0.049744,-0.054016,-0.030212,2.5033,-0.047302,0
-0.036774,-0.062408,-0.0073242,2.9584,-0.049744,0
-0.02533,-0.063629,0.0059509,2.2757,-0.049133,0
-0.017548,-0.060577,0.0083923,3.186,-0.046692,0
-0.011292,-0.058289,0.0041199,2.2757,-0.047302,0
-0.0076294,-0.056,-0.0073242,2.2757,-0.048523,0
-0.0056458,-0.052795,-0.013123,2.7309,-0.050659,0
-0.0054932,-0.047302,-0.0036621,2.7309,-0.051575,0
-0.0018311,-0.037231,0.01236,2.7309,-0.05249,0
0.0067139,-0.03067,0.026703,2.7309,-0.054016,0
0.019226,-0.033722,0.033112,2.7309,-0.057068,0
0.03006,-0.039062,0.036011,2.2757,-0.057678,0
0.03418,-0.038605,0.043335,1.8206,-0.053406,0
0.031738,-0.029602,0.053253,1.8206,-0.042725,0
0.027313,-0.018311,0.061646,2.2757,-0.027161,0
0.02594,-0.004425,0.069733,2.0482,-0.0088501,0
0.027466,0.0068665,0.074921,2.2757,0.0042725,0
0.026245,0.015564,0.075989,1.8206,0.014648,0
0.015259,0.015564,0.067139,2.0482,0.022278,0
0.00030518,0.0080872,0.040741,2.0482,0.025024,0
-0.0071716,0.0019836,0.0035095,2.0482,0.022278,0
-0.0057983,0.010529,-0.013275,1.5931,0.014648,0
-0.0027466,0.024872,0.0019836,2.0482,0.0079346,0
0.0028992,0.033875,0.02655,1.3655,0.0064087,0
0.0079346,0.033569,0.041962,2.2757,0.0061035,0
0.016632,0.029449,0.042267,1.8206,0.0057983,0
0.030212,0.018158,0.033264,1.8206,0.0054932,0
0.045319,0.011902,0.029602,2.2757,0.0097656,0
0.054474,0.015411,0.030518,2.2757,0.01709,0
0.046997,0.018768,0.023193,2.7309,0.028687,0
0.026245,0.011292,0.0097656,2.5033,0.042725,0
0.013123,-0.00076294,-0.0039673,2.5033,0.056458,0
0.0057983,-0.00076294,-0.0071716,2.0482,0.068665,0
-0.0018311,0.010376,-0.0022888,2.2757,0.078735,0
-0.011139,0.015564,-0.005188,1.5931,0.084229,0
-0.020142,0.0047302,-0.033875,1.8206,0.084534,0
-0.032043,-0.017395,-0.0914,2.5033,0.080566,0
-0.042267,-0.02594,-0.12451,2.7309,0.076599,0
-0.050964,0.002594,-0.066833,2.7309,0.069275,0
-0.064697,0.030975,0.0177,2.0482,0.063782,0
-0.06958,0.028229,0.036621,2.0482,0.056763,0
-0.054016,0.012817,0.012817,2.5033,0.047607,0
-0.032806,0.0073242,-0.0036621,2.7309,0.04303,0
-0.027313,0.009613,-0.0086975,2.0482,0.040588,0
-0.029755,0.0083923,-0.013885,2.5033,0.041199,0
-0.032959,0.0065613,-0.01236,2.5033,0.039368,0
-0.032043,0.0042725,0.00015259,2.5033,0.036926,0
-0.03067,-0.0013733,0.0059509,2.7309,0.036926,0
-0.028687,-0.0024414,-0.00091553,2.2757,0.038757,0
-0.019531,0.010529,-0.018616,2.7309,0.039062,0
-0.0018311,0.030975,-0.05249,2.0482,0.038147,0
0.020294,0.041962,-0.10345,2.2757,0.036011,0
0.034027,0.045166,-0.15594,2.2757,0.03479,0
0.037079,0.045624,-0.19287,1.8206,0.031433,0
0.034485,0.044098,-0.18555,2.5033,0.029602,0
0.027161,0.046844,-0.13123,1.8206,0.031128,0
0.013428,0.047913,-0.091248,2.2757,0.031433,0
-0.0033569,0.044556,-0.095367,1.8206,0.02533,0
-0.019531,0.038757,-0.11581,1.8206,0.015259,0
-0.031433,0.024414,-0.13885,2.0482,0.0012207,0
-0.039673,0.00030518,-0.17487,2.2757,-0.011292,0
-0.033112,-0.018921,-0.22079,1.8206,-0.019531,0
-0.020905,-0.028687,-0.25681,2.0482,-0.024414,0
-0.020142,-0.036316,-0.26733,2.2757,-0.027771,0
-0.034943,-0.045319,-0.2652,2.2757,-0.030212,0
-0.042572,-0.050964,-0.27161,2.2757,-0.031128,0
-0.032349,-0.04364,-0.28732,2.5033,-0.031433,0
-0.015106,-0.029144,-0.29602,1.5931,-0.032043,0
0.0027466,-0.022888,-0.29678,1.5931,-0.036621,0
0.02243,-0.020142,-0.29343,1.8206,-0.04364,0
0.040283,-0.016479,-0.28778,1.1379,-0.050964,0
0.048523,-0.012054,-0.27695,1.8206,-0.058289,0
0.046844,-0.009613,-0.27435,1.3655,-0.066528,0
0.042877,-0.015717,-0.28763,2.0482,-0.075378,0
0.041656,-0.024719,-0.30899,2.0482,-0.084229,0
0.030975,-0.027771,-0.33157,2.7309,-0.091858,0
0.011292,-0.022888,-0.35309,2.5033,-0.098877,0
-0.0079346,-0.019073,-0.36972,2.7309,-0.10315,0
-0.031738,-0.013885,-0.37582,2.2757,-0.1059,0
-0.051422,-0.011292,-0.37857,2.2757,-0.10986,0
-0.043945,-0.012665,-0.39536,2.0482,-0.11475,0
-0.013428,-0.012817,-0.42358,2.5033,-0.11749,0
0.010986,-0.010529,-0.44525,2.7309,-0.11932,0
0.013123,-0.0085449,-0.45441,1.5931,-0.11963,0
0.0064087,-0.0059509,-0.45288,2.0482,-0.11993,0
0.00045776,-0.0030518,-0.43762,2.2757,-0.11841,0
-0.0021362,-0.0012207,-0.41824,3.186,-0.11597,0
0.00045776,0.0013733,-0.40756,2.7309,-0.1123,0
0.011444,0.0080872,-0.40115,2.9584,-0.10956,0
0.025177,0.014801,-0.39139,2.9584,-0.10437,0
0.039978,0.014801,-0.38193,2.2757,-0.097046,0
0.05188,0.011749,-0.37186,2.2757,-0.094604,0
0.05249,0.011139,-0.35187,2.7309,-0.096741,0
0.034485,0.011444,-0.30746,2.5033,-0.10101,0
-0.0018311,0.007019,-0.25116,1.8206,-0.10223,0
-0.035858,-0.0019836,-0.19821,2.5033,-0.098877,0
-0.05249,-0.0054932,-0.14282,2.0482,-0.087585,0
-0.05188,0,-0.067139,1.8206,-0.074768,0
-0.038147,0.0067139,0.029297,2.0482,-0.063477,0
-0.023346,0.012512,0.13092,2.5033,-0.055847,0
-0.013123,0.018158,0.224,2.5033,-0.051575,0
-0.00061035,0.02243,0.30014,1.5931,-0.046692,0
0.013123,0.020752,0.36896,1.8206,-0.041809,0
0.019836,0.0177,0.43777,1.3655,-0.037842,0
0.024567,0.015411,0.50781,1.5931,-0.035095,0
0.031281,0.020599,0.57312,2.2757,-0.03418,0
0.035248,0.028229,0.62286,1.5931,-0.032043,0
0.037231,0.032349,0.6691,2.0482,-0.024414,0
0.035858,0.032043,0.72296,1.3655,-0.013428,0
0.026398,0.036621,0.78217,1.5931,-0.00061035,0
0.0085449,0.04303,0.84457,2.2757,0.012817,0
-0.012817,0.041046,0.90042,1.8206,0.028381,0
-0.03006,0.032196,0.93948,1.1379,0.04425,0
-0.028687,0.020905,0.96146,2.0482,0.056152,0
-0.014496,0.014038,0.98831,1.8206,0.063477,0
-0.0053406,0.011444,1.022,1.5931,0.07019,0
-0.0030518,0.010529,1.0452,2.5033,0.07782,0
-0.0027466,0.0053406,1.0547,2.2757,0.080566,0
-0.0032043,-0.0038147,1.0632,2.2757,0.083618,0
-0.0027466,-0.013428,1.0732,2.5033,0.085449,0
-0.0027466,-0.016937,1.0826,3.186,0.088806,0
-0.0032043,-0.01358,1.0851,2.9584,0.093079,0
-0.0028992,-0.0065613,1.0829,2.2757,0.095215,0
-0.0027466,0.0015259,1.0754,2.9584,0.09491,0
-0.0030518,0.0059509,1.0635,2.7309,0.095215,0
-0.0028992,0.0059509,1.0493,2.0482,0.10101,0
-0.0027466,0.0028992,1.0307,2.2757,0.10864,0
-0.0027466,-0.00091553,1.0097,2.2757,0.11627,0
-0.0030518,-0.0035095,0.97809,2.2757,0.12573,0
-0.0028992,-0.0080872,0.9343,2.7309,0.13611,0
-0.0028992,-0.019531,0.8873,2.7309,0.15015,0
-0.0028992,-0.025024,0.84274,2.5033,0.16266,0
-0.0027466,-0.027618,0.79727,2.7309,0.177,0
-0.0028992,-0.034027,0.7431,2.2757,0.18799,0
-0.0032043,-0.043335,0.66727,2.2757,0.19867,0
-0.0028992,-0.053101,0.56,2.5033,0.21301,0
-0.0028992,-0.057678,0.45609,2.5033,0.23041,0
-0.0030518,-0.055237,0.39108,1.5931,0.2478,0
-0.0030518,-0.04837,0.34515,0.91037,0.26062,0
-0.0032043,-0.03891,0.28702,2.0482,0.26855,0
-0.0030518,-0.029907,0.21851,2.2757,0.27618,0
-0.0028992,-0.023041,0.1535,2.0482,0.28625,0
-0.0027466,-0.019379,0.10101,1.3655,0.30029,0
-0.0030518,-0.016022,0.063324,1.8206,0.31586,0
-0.0028992,-0.0079346,0.036163,2.0482,0.32928,0
-0.0032043,0.00015259,0.012054,2.7309,0.3418,0
-0.0028992,0.007019,-0.021667,2.0482,0.35034,0
-0.0027466,0.011292,-0.073547,2.7309,0.35889,0
-0.0028992,0.0090027,-0.13214,2.0482,0.36713,0
-0.0030518,0.0032043,-0.17563,1.8206,0.37231,0
-0.0027466,0.0010681,-0.20279,2.0482,0.37445,0
-0.0027466,-0.00015259,-0.22598,1.8206,0.3717,0
-0.0030518,-0.0038147,-0.25665,1.5931,0.36957,0
-0.0030518,-0.009613,-0.29938,1.8206,0.36896,0
-0.0027466,-0.01709,-0.34164,2.0482,0.36743,0
-0.0027466,-0.021667,-0.3717,2.2757,0.36591,0
-0.0028992,-0.021515,-0.38147,2.5033,0.36316,0
-0.0030518,-0.018616,-0.38528,2.2757,0.36072,0
-0.0032043,-0.016174,-0.4097,2.7309,0.35767,0
-0.0028992,-0.017853,-0.46448,2.7309,0.35278,0
-0.0030518,-0.021057,-0.53345,1.8206,0.34851,0
-0.0028992,-0.021515,-0.58731,2.0482,0.34485,0
-0.0028992,-0.016174,-0.59753,2.0482,0.34393,0
-0.0027466,-0.0088501,-0.57556,2.5033,0.34546,0
-0.0032043,-0.00091553,-0.54947,2.5033,0.3476,0
-0.0028992,0.0045776,-0.53757,3.4135,0.35034,0
-0.0032043,0.0065613,-0.53864,2.7309,0.35675,0
-0.0028992,0.0024414,-0.53864,2.2757,0.36163,0
-0.0030518,-0.0047302,-0.53253,2.2757,0.36346,0
-0.002594,-0.0097656,-0.51865,1.8206,0.36407,0
-0.0028992,-0.010834,-0.49469,2.5033,0.36591,0
-0.0028992,-0.010071,-0.4744,2.7309,0.36926,0
-0.027008,-0.011444,-0.47104,1.8206,0.37109,0
-0.043182,-0.01297,-0.4718,2.0482,0.37109,0
-0.042572,-0.012817,-0.4689,1.8206,0.36652,0
-0.033722,-0.0097656,-0.46021,1.8206,0.36011,0
-0.02243,-0.0073242,-0.44464,2.2757,0.35126,0
-0.010986,-0.0064087,-0.43121,1.8206,0.3418,0
0.0035095,-0.0057983,-0.42572,2.0482,0.33356,0
0.019226,-0.004425,-0.41931,2.2757,0.32715,0
0.038605,-0.0048828,-0.40375,2.0482,0.32166,0
0.064545,-0.0073242,-0.38071,2.0482,0.31677,0
0.080566,-0.0059509,-0.35553,2.2757,0.30731,0
0.084381,-0.0016785,-0.32944,2.2757,0.29602,0
0.084839,0.0018311,-0.30426,2.5033,0.28137,0
0.084839,0.0036621,-0.28229,2.2757,0.26642,0
0.084839,0.005188,-0.26688,2.0482,0.25177,0
0.084839,0.0064087,-0.2652,1.5931,0.24139,0
0.084991,0.011139,-0.2655,2.0482,0.23376,0
0.068665,0.018616,-0.24109,1.8206,0.22736,0
0.055084,0.020294,-0.21393,1.5931,0.22064,0
0.047607,0.015564,-0.20691,2.0482,0.21423,0
0.040436,0.0076294,-0.21652,1.8206,0.2063,0
0.031281,0,-0.23117,2.2757,0.19806,0
0.024567,0.0015259,-0.23834,2.2757,0.18799,0
0.023346,0.0080872,-0.22537,1.8206,0.17944,0
0.024567,0.0097656,-0.20004,2.0482,0.1709,0
0.020142,0.0099182,-0.18372,2.0482,0.16266,0
0.012207,0.007019,-0.18051,2.0482,0.15656,0
0.0065613,0.0016785,-0.18631,2.5033,0.14893,0
0.0010681,0.005188,-0.1947,2.2757,0.13885,0
-0.0057983,0.015411,-0.19684,2.5033,0.12268,0
-0.013733,0.023651,-0.18448,2.0482,0.10345,0
-0.021057,0.029755,-0.15854,2.0482,0.083008,0
-0.019379,0.033264,-0.1355,2.5033,0.062256,0
-0.007019,0.032196,-0.1268,2.5033,0.039062,0
0.0065613,0.028229,-0.12222,2.5033,0.014954,0
0.014954,0.024109,-0.1123,1.8206,-0.0076294,0
0.015259,0.022888,-0.097809,2.7309,-0.030212,0
0.016174,0.021973,-0.085907,2.5033,-0.050964,0
0.022736,0.018616,-0.07843,2.0482,-0.06958,0
0.023956,0.015106,-0.078888,2.2757,-0.089111,0
0.022583,0.010223,-0.079651,2.0482,-0.10864,0
0.021667,0.0038147,-0.077972,2.2757,-0.12268,0
0.019226,-0.00076294,-0.072784,2.2757,-0.1358,0
0.01358,-0.0032043,-0.066528,2.7309,-0.15106,0
0.0059509,-0.0035095,-0.065308,2.0482,-0.16815,0
0.005188,-0.0027466,-0.065002,2.2757,-0.17792,0
0.019531,-0.0016785,-0.054321,1.8206,-0.18188,0
0.036316,-0.0027466,-0.030212,2.2757,-0.18219,0
0.041809,-0.0047302,-0.0082397,1.5931,-0.18311,0
0.032349,-0.004425,0.0033569,1.5931,-0.1825,0
0.010376,-0.0053406,0.0028992,2.0482,-0.18036,0
-0.017853,-0.0086975,0.00061035,2.2757,-0.18005,0
-0.035248,-0.01358,0.010223,1.8206,-0.18372,0
-0.037079,-0.016327,0.027161,1.8206,-0.19073,0
-0.034637,-0.01297,0.039368,1.8206,-0.19623,0
-0.036774,-0.0080872,0.041199,1.5931,-0.2002,0
-0.045776,-0.0090027,0.036011,2.0482,-0.20203,0
-0.054779,-0.007019,0.026398,2.0482,-0.2066,0
-0.056305,-0.0061035,0.014954,2.2757,-0.21271,0
-0.05188,-0.0041199,0.0093079,2.5033,-0.22095,0
-0.044708,-0.0028992,0.0079346,2.5033,-0.22491,0
-0.037231,-0.0032043,0.005188,2.2757,-0.22675,0
-0.028534,-0.0021362,0.0062561,2.7309,-0.22583,0
-0.011444,-0.0013733,0.011597,2.7309,-0.22522,0
0.016937,-0.00045776,0.0076294,2.2757,-0.22125,0
0.045471,-0.0010681,-0.0086975,2.7309,-0.21423,0
0.06546,-0.0022888,-0.015564,1.8206,-0.20416,0
0.069733,-0.0033569,-0.0079346,2.2757,-0.19928,0
0.057983,-0.0035095,-0.0022888,2.7309,-0.2005,0
0.041962,-0.0012207,-0.0039673,2.7309,-0.20599,0
0.030212,0.0022888,-0.0041199,2.7309,-0.20966,0
0.026245,0.0056458,-0.00061035,2.9584,-0.21057,0
0.029449,0.0083923,0.0036621,2.2757,-0.2066,0
0.032806,0.0056458,0.0085449,3.186,-0.19958,0
0.029297,0.0016785,0.011902,2.2757,-0.19531,0
0.015717,0.00061035,0.01236,2.0482,-0.1944,0
-0.0035095,0.00061035,0.023193,2.5033,-0.19623,0
-0.027466,0.0012207,0.041809,2.7309,-0.20172,0
-0.047913,0.002594,0.04715,2.2757,-0.19928,0
-0.06012,0.0018311,0.043945,2.5033,-0.18951,0
-0.068054,-0.0018311,0.046387,2.7309,-0.17395,0
-0.072327,-0.0028992,0.054779,2.0482,-0.15717,0
-0.06546,-0.0054932,0.056458,1.8206,-0.14526,0
-0.042877,-0.0059509,0.046844,2.2757,-0.14191,0
-0.0088501,-0.005188,0.035553,1.8206,-0.14038,0
0.016785,-0.0057983,0.029297,1.8206,-0.13702,0
0.023346,-0.0033569,0.025635,1.8206,-0.13123,0
0.0039673,0.0015259,0.025787,1.5931,-0.12512,0
-0.027466,0.0050354,0.031128,2.0482,-0.12268,0
-0.042419,0.007782,0.039673,2.2757,-0.12024,0
-0.037994,0.010376,0.045624,2.0482,-0.11902,0
-0.029602,0.012817,0.046387,2.7309,-0.11414,0
-0.023651,0.014496,0.042572,2.5033,-0.10803,0
-0.019989,0.015411,0.039825,2.2757,-0.099792,0
-0.021515,0.014801,0.040283,2.5033,-0.092773,0
-0.023193,0.015564,0.043182,2.0482,-0.085754,0
-0.014801,0.022888,0.040588,2.7309,-0.078125,0
-0.0028992,0.033569,0.040283,2.7309,-0.072327,0
0.0062561,0.042572,0.054169,2.2757,-0.07019,0
0.014343,0.045319,0.071564,2.2757,-0.066223,0
0.016937,0.042267,0.084534,1.8206,-0.057373,0
0.013428,0.039062,0.094452,2.9584,-0.04364,0
0.012665,0.037079,0.09964,2.0482,-0.031128,0
0.018311,0.033417,0.10605,2.5033,-0.021667,0
0.026093,0.026245,0.11459,2.0482,-0.011292,0
0.032806,0.016937,0.11658,2.2757,0,0
0.0354,0.0062561,0.10559,2.2757,0.010681,0
0.036163,0.0021362,0.090637,2.0482,0.019836,0
0.030365,0.0030518,0.079651,2.2757,0.027466,0
0.020752,0.0047302,0.077667,2.5033,0.035095,0
0.0086975,0.0053406,0.079346,2.2757,0.041809,0
-0.0056458,0.0053406,0.072937,2.2757,0.050964,0
-0.020447,0.0064087,0.058746,2.2757,0.057373,0
-0.033569,0.0086975,0.04715,2.9584,0.062256,0
-0.03952,0.013733,0.046539,2.7309,0.066833,0
-0.024872,0.01709,0.04837,2.2757,0.07019,0
0.0041199,0.017242,0.046082,2.7309,0.071716,0
0.015717,0.014038,0.036163,2.2757,0.074768,0
0.0045776,0.0082397,0.025482,2.7309,0.078735,0
0.0013733,0.0050354,0.02594,2.9584,0.081177,0
0.0097656,0.00045776,0.034637,2.5033,0.081482,0
0.019379,-0.0071716,0.04303,2.2757,0.079956,0
0.03006,-0.018921,0.045776,2.7309,0.076294,0
0.039215,-0.03006,0.040131,2.2757,0.074158,0
0.036011,-0.035095,0.026703,2.7309,0.073242,0
0.027161,-0.036621,0.0057983,2.5033,0.070801,0
0.03067,-0.0383,-0.022583,2.5033,0.065613,0
0.044403,-0.040436,-0.045166,2.9584,0.057678,0
0.057831,-0.03952,-0.050964,2.5033,0.049744,0
0.06958,-0.0354,-0.044556,1.3655,0.042419,0
0.074463,-0.027466,-0.031281,1.3655,0.032654,0
0.072937,-0.019379,-0.0090027,1.8206,0.025024,0
0.061951,-0.012665,0.013275,1.8206,0.015564,0
0.038605,-0.010834,0.02121,2.9584,0.010071,0
0.0045776,-0.011139,0.019531,2.2757,0.0082397,0
-0.032196,-0.0073242,0.020599,2.0482,0.0076294,0
-0.063324,-0.0033569,0.024719,2.7309,0.0033569,0
-0.084991,-0.0033569,0.028839,2.0482,-0.0024414,0
-0.092773,-0.0021362,0.034027,2.2757,-0.010071,0
-0.083313,-0.005188,0.044556,2.2757,-0.016785,0
-0.062714,-0.016785,0.059357,2.2757,-0.019836,0
-0.038452,-0.030212,0.070648,2.0482,-0.021362,0
-0.013123,-0.037689,0.079651,1.5931,-0.021057,0
0.012207,-0.031433,0.085449,2.5033,-0.019226,0
0.030212,-0.023651,0.078125,2.7309,-0.015259,0
0.041656,-0.023499,0.055695,2.7309,-0.0085449,0
0.053711,-0.025482,0.027618,2.2757,0.0024414,0
0.059662,-0.025024,0.005188,2.9584,0.013733,0
0.054474,-0.020905,-0.0048828,2.2757,0.027161,0
0.040588,-0.016937,-0.0032043,3.186,0.040283,0
0.027008,-0.017853,0.0050354,2.7309,0.048218,0
0.014496,-0.017853,0.0074768,2.5033,0.05188,0
0.0061035,-0.014954,0.0041199,2.2757,0.05188,0
0.0036621,-0.013885,-0.0030518,2.7309,0.049744,0
-0.0019836,-0.01236,-0.009613,2.5033,0.05127,0
-0.014496,-0.0071716,-0.010376,2.2757,0.055237,0
-0.022583,-0.0033569,0.0012207,2.5033,0.062866,0
-0.02121,-0.0013733,0.028839,2.5033,0.073242,0
-0.0093079,-0.00091553,0.060577,2.5033,0.085449,0
0.0038147,-0.0028992,0.081635,2.2757,0.09613,0
0.010376,-0.005188,0.087128,2.2757,0.10437,0
0.01297,-0.0088501,0.08255,2.2757,0.10803,0
0.020447,-0.012512,0.075073,2.9584,0.10956,0
0.027008,-0.013885,0.071869,1.8206,0.10895,0
0.019379,-0.012817,0.076599,2.0482,0.10529,0
0.0013733,-0.010223,0.082092,1.8206,0.10071,0
-0.016632,-0.0090027,0.088348,2.2757,0.097351,0
-0.028839,-0.0086975,0.090637,2.2757,0.093689,0
-0.045319,-0.009613,0.085907,1.8206,0.090637,0
-0.059052,-0.010071,0.078583,1.5931,0.084534,0
-0.057831,-0.0090027,0.083008,1.8206,0.079651,0
-0.043182,-0.0065613,0.092773,2.2757,0.080872,0
-0.023651,-0.0036621,0.089264,2.2757,0.083313,0
-0.010681,0.00015259,0.073242,2.7309,0.087891,0
-0.013275,0.00061035,0.047607,2.2757,0.090942,0
-0.026245,-0.004425,0.018463,2.0482,0.093994,0
-0.03006,-0.0079346,-0.0032043,1.3655,0.093994,0
-0.019379,-0.0071716,-0.015564,2.2757,0.091553,0
-0.01297,-0.0015259,-0.01709,2.0482,0.085754,0
-0.016937,0.0016785,-0.010376,2.0482,0.082397,0
-0.026703,0.0074768,-0.0073242,2.0482,0.083313,0
-0.030823,0.012207,-0.014343,2.5033,0.08606,0
-0.023346,0.015411,-0.017853,2.9584,0.086365,0
-0.0019836,0.017548,-0.0091553,2.7309,0.086975,0
0.025024,0.020752,0.00030518,2.9584,0.085144,0
0.039673,0.023499,0.0038147,2.7309,0.084229,0
0.0383,0.02182,0.0035095,2.7309,0.082397,0
0.03067,0.015411,-0.0035095,1.8206,0.080872,0
0.020752,0.0085449,-0.01236,2.2757,0.076294,0
0.0083923,0.0068665,-0.012817,1.8206,0.071106,0
-0.0079346,0.0091553,-0.013885,2.5033,0.065002,0
-0.018921,0.0094604,-0.021515,2.2757,0.056763,0
-0.020142,0.0064087,-0.028229,2.2757,0.047302,0
-0.0076294,0.0048828,-0.028229,2.9584,0.040588,0
0.0097656,0.0083923,-0.026398,2.9584,0.036011,0
0.010834,0.012207,-0.020142,2.7309,0.032959,0
-0.0028992,0.010986,-0.01236,2.7309,0.029602,0
-0.0067139,0.0099182,-0.0080872,3.186,0.026855,0
-0.0033569,0.012207,-0.010834,2.9584,0.025635,0
-0.012665,0.014954,-0.014496,2.5033,0.022888,0
-0.03891,0.017242,-0.013885,2.2757,0.016785,0
-0.065918,0.01709,-0.010834,1.8206,0.0097656,0
-0.07843,0.016174,-0.011444,2.0482,0.0030518,0
-0.080109,0.015869,-0.012207,2.2757,-0.0024414,0
-0.067596,0.011902,-0.011444,2.2757,-0.007019,0
-0.041504,0.010529,-0.01297,2.5033,-0.012512,0
-0.015564,0.0064087,-0.015717,2.2757,-0.016174,0
-0.0010681,0.0010681,-0.019989,2.7309,-0.019836,0
0.0057983,0.0013733,-0.022736,2.5033,-0.024109,0
0.0085449,0.0045776,-0.020447,2.0482,-0.031738,0
0.0093079,0.0059509,-0.0177,2.5033,-0.035095,0
0.0093079,0.0016785,-0.021973,2.7309,-0.033875,0
0.0067139,-0.0019836,-0.030212,2.0482,-0.029907,0
0.0061035,-0.0015259,-0.034027,2.0482,-0.023499,0
0.014801,0.0012207,-0.032959,2.2757,-0.020447,0
0.03006,0.004425,-0.03006,1.5931,-0.0177,0
0.040588,0.0080872,-0.024414,2.2757,-0.01709,0
0.040436,0.0086975,-0.015717,2.0482,-0.018311,0
0.029755,0.0065613,-0.007782,1.8206,-0.020447,0
0.015411,0.0057983,-0.010223,2.0482,-0.019226,0
0.0050354,0.004425,-0.012817,2.7309,-0.014343,0
-0.00061035,0.0027466,-0.0057983,2.2757,-0.013123,0
-0.00030518,0.0048828,0.013885,2.7309,-0.014343,0
0.0085449,0.0067139,0.033112,2.2757,-0.017395,0
0.022888,0.0050354,0.035858,2.9584,-0.018616,0
0.03479,0.0010681,0.027618,2.2757,-0.018616,0
0.04303,-0.0033569,0.018921,3.4135,-0.018005,0
0.052795,-0.0050354,0.0053406,2.0482,-0.018005,0
0.062103,-0.0039673,-0.016022,2.5033,-0.019226,0
0.062103,-0.0067139,-0.038605,2.0482,-0.024109,0
0.052338,-0.009613,-0.052643,2.2757,-0.029602,0
0.039673,-0.0088501,-0.056763,2.7309,-0.038452,0
0.021515,-0.0065613,-0.054016,3.186,-0.04364,0
-0.00076294,-0.0047302,-0.050201,2.5033,-0.043335,0
-0.012207,-0.0036621,-0.039673,1.8206,-0.037537,0
-0.0080872,-0.0030518,-0.024872,2.0482,-0.029297,0
0.015106,-0.0039673,-0.011902,2.7309,-0.019226,0
0.037231,-0.0050354,-0.004425,2.5033,-0.0057983,0
0.040283,-0.0024414,0.0012207,2.9584,0.0064087,0
0.0354,0.0013733,0.0064087,2.2757,0.016785,0
0.039368,0.0090027,0.01297,2.2757,0.020447,0
0.047455,0.014038,0.026245,2.5033,0.022278,0
0.050659,0.015259,0.039673,1.8206,0.024109,0
0.03952,0.015869,0.041656,1.8206,0.028076,0
0.019073,0.015717,0.036163,1.8206,0.031128,0
0.0038147,0.011444,0.028839,2.2757,0.032043,0
-0.0032043,0.0056458,0.022278,2.0482,0.028687,0
-0.0062561,0.00015259,0.02243,2.2757,0.023499,0
-0.014496,-0.00076294,0.032806,1.8206,0.015259,0
-0.017395,0.0013733,0.043945,2.0482,0.0045776,0
-0.0079346,0.00030518,0.054626,2.2757,-0.0039673,0
-0.0047302,-0.0024414,0.053101,2.2757,-0.0045776,0
-0.018311,-0.0071716,0.041351,2.0482,-0.0045776,0
-0.040741,-0.0083923,0.023804,2.2757,-0.0048828,0
-0.055542,-0.0073242,0.010376,2.0482,-0.0085449,0
-0.054779,-0.0068665,0.014191,2.0482,-0.014954,0
-0.046082,-0.0059509,0.028534,1.8206,-0.022278,0
-0.041199,-0.002594,0.040588,2.2757,-0.027771,0
-0.033875,-0.00061035,0.040436,2.0482,-0.030823,0
-0.023041,0.00015259,0.031891,1.8206,-0.033264,0
-0.012054,0.0039673,0.041351,2.0482,-0.036011,0
-0.010376,0.0030518,0.054474,2.0482,-0.040283,0
-0.010681,-0.0027466,0.050201,2.0482,-0.047302,0
-0.0067139,-0.007019,0.033417,1.8206,-0.054626,0
0.00076294,-0.0074768,0.015717,2.5033,-0.06012,0
0.007782,-0.0088501,0.0027466,2.2757,-0.062561,0
0.01709,-0.0094604,-0.0030518,1.8206,-0.064697,0
0.027924,-0.0056458,0.0013733,2.5033,-0.06897,0
0.037994,0.0015259,0.0083923,2.7309,-0.074463,0
0.042267,0.004425,0.007019,3.186,-0.080566,0
0.039978,-0.00015259,-0.0061035,2.9584,-0.088501,0
0.035095,-0.0050354,-0.021667,2.5033,-0.092773,0
0.024719,-0.0064087,-0.037231,2.2757,-0.094604,0
0.015106,-0.007019,-0.051575,1.8206,-0.093384,0
0.018311,-0.0085449,-0.057831,1.8206,-0.090027,0
0.038147,-0.0097656,-0.057526,2.0482,-0.086975,0
0.054932,-0.012665,-0.048218,1.8206,-0.087585,0
0.068817,-0.012817,-0.034332,2.2757,-0.089722,0
0.079193,-0.010223,-0.023346,2.7309,-0.093689,0
0.075531,-0.0094604,-0.011292,1.8206,-0.098877,0
0.044098,-0.009613,-0.0027466,2.0482,-0.10223,0
0.007019,-0.0073242,-0.0059509,2.2757,-0.10132,0
-0.016937,-0.0071716,-0.018921,2.2757,-0.10162,0
-0.025482,-0.0088501,-0.028992,2.5033,-0.1004,0
-0.014343,-0.0091553,-0.021667,1.5931,-0.10498,0
0.0016785,-0.0039673,-0.0071716,2.0482,-0.11078,0
-0.00061035,0.002594,0.002594,2.5033,-0.11566,0
-0.016785,0.0022888,0.011444,2.2757,-0.11719,0
-0.024719,-0.00030518,0.018921,2.7309,-0.11566,0
-0.027771,0,0.022888,2.2757,-0.10925,0
-0.039825,0.002594,0.025635,3.186,-0.1001,0
-0.056152,0.0013733,0.030518,2.2757,-0.091553,0
-0.066833,-0.00045776,0.0354,2.0482,-0.085449,0
-0.069733,0.00030518,0.037994,1.8206,-0.084839,0
-0.071716,0,0.036163,2.2757,-0.086975,0
-0.064392,-0.0010681,0.03418,2.5033,-0.084534,0
-0.04776,-0.0015259,0.025635,2.5033,-0.076294,0
-0.036621,-0.0021362,0.01236,2.7309,-0.067139,0
-0.022583,-0.0039673,0.0039673,2.5033,-0.058594,0
0.0032043,-0.007019,0.0056458,2.0482,-0.056152,0
0.027466,-0.0088501,0.01236,2.9584,-0.057678,0
0.038452,-0.0053406,0.016937,2.7309,-0.06073,0
0.039978,-0.002594,0.019531,2.5033,-0.063171,0
0.034332,-0.0016785,0.022736,2.7309,-0.061951,0
0.023193,-0.0016785,0.023651,2.5033,-0.057068,0
0.0091553,-0.0015259,0.023956,2.2757,-0.050964,0
-0.0028992,-0.0018311,0.023804,2.0482,-0.044556,0
-0.0099182,-0.0013733,0.017395,3.186,-0.039673,0
-0.014343,-0.0019836,0.002594,2.9584,-0.037231,0
-0.018158,-0.0030518,0.0010681,2.5033,-0.036621,0
-0.017395,-0.0021362,0.0016785,2.0482,-0.039673,0
-0.013428,-0.0012207,0.0021362,2.7309,-0.041199,0
-0.013275,0.00045776,0.0068665,2.7309,-0.04303,0
-0.0073242,0.002594,0.015411,2.5033,-0.038757,0
0.0083923,0.0093079,0.020447,2.9584,-0.033569,0
0.031738,0.014343,0.025635,2.2757,-0.027466,0
0.052643,0.017395,0.035706,2.2757,-0.02533,0
0.066376,0.017548,0.041809,2.0482,-0.026855,0
0.069427,0.014801,0.036011,2.7309,-0.029602,0
0.06485,0.010071,0.022583,2.5033,-0.028992,0
0.050659,0.0032043,0.0064087,2.7309,-0.027466,0
0.029755,-0.0045776,-0.0085449,2.0482,-0.022888,0
0.0090027,-0.0083923,-0.018158,2.5033,-0.015869,0
-0.0047302,-0.0085449,-0.021667,2.2757,-0.0085449,0
-0.019531,-0.0064087,-0.015869,1.8206,-0.0024414,0
-0.032501,-0.0022888,-0.0083923,2.7309,0.0027466,0
-0.044098,0.0016785,-0.0067139,2.2757,0.0088501,0
-0.063019,0.0030518,-0.011749,2.2757,0.013733,0
-0.086975,0.0032043,-0.014801,2.0482,0.021057,0
-0.091553,0.0030518,-0.015411,2.5033,0.026855,0
-0.081024,0.0032043,-0.015411,2.0482,0.033264,0
-0.074921,0.0030518,-0.014954,1.5931,0.040588,0
-0.07019,0.0027466,-0.015106,2.0482,0.046082,0
-0.06546,0.0016785,-0.020752,2.5033,0.048523,0
-0.063629,-0.00091553,-0.040894,2.0482,0.047302,0
-0.06012,-0.0030518,-0.063324,1.8206,0.04303,0
-0.04715,-0.002594,-0.065918,1.5931,0.040283,0
-0.027008,-0.0028992,-0.037689,1.8206,0.036926,0
-0.0085449,0.00030518,-0.0010681,1.8206,0.031433,0
0.0033569,0.0016785,0.017548,1.3655,0.024414,0
0.0082397,-0.00091553,0.015717,2.0482,0.016479,0
0.0067139,-0.0071716,0.0082397,2.5033,0.0073242,0
0.0061035,-0.0097656,0.007782,2.2757,-0.00091553,0
0.011292,-0.0065613,0.017548,2.7309,-0.0088501,0
0.018616,-0.0032043,0.029907,2.7309,-0.016174,0
0.020447,-0.0041199,0.033722,2.9584,-0.020447,0
0.014801,-0.0054932,0.035858,2.9584,-0.02533,0
0.0045776,-0.0074768,0.036316,2.2757,-0.030518,0
0.0012207,-0.010529,0.028229,2.2757,-0.036926,0
0.016632,-0.013123,0.0090027,2.2757,-0.04364,0
0.046844,-0.011902,-0.0094604,2.2757,-0.050964,0
0.071106,-0.0073242,-0.016022,1.8206,-0.056458,0
0.075684,-0.0033569,-0.0035095,2.5033,-0.059814,0
0.066833,-0.0032043,0.015259,2.0482,-0.059204,0
0.050354,-0.0013733,0.019989,2.5033,-0.058594,0
0.025787,0.0028992,0.010376,2.9584,-0.059204,0
-0.0054932,0.0079346,0.0036621,2.7309,-0.061951,0
-0.033112,0.011292,0.0024414,3.4135,-0.063782,0
-0.055542,0.012207,-0.0062561,2.7309,-0.060425,0
-0.062561,0.0097656,-0.013733,2.2757,-0.054932,0
-0.046997,0.0041199,-0.013885,2.9584,-0.050964,0
-0.015106,0,-0.0093079,2.7309,-0.048828,0
0.013428,-0.00076294,-0.0091553,2.7309,-0.050659,0
0.020905,-0.0041199,-0.015717,2.5033,-0.053711,0
0.011902,-0.0067139,-0.021057,2.2757,-0.056458,0
0.00061035,-0.005188,-0.027466,2.2757,-0.057678,0
-0.012665,-0.0047302,-0.03418,2.0482,-0.053711,0
-0.027466,-0.0056458,-0.030975,2.2757,-0.05127,0
-0.041199,-0.0039673,-0.024261,2.0482,-0.050659,0
-0.046234,-0.0013733,-0.023651,1.8206,-0.050049,0
-0.042725,0.0022888,-0.022888,2.0482,-0.050964,0
-0.024567,0.0048828,-0.011902,1.8206,-0.050354,0
0.011749,0.0057983,-0.0019836,2.5033,-0.046692,0
0.043488,0.0076294,-0.0024414,2.5033,-0.041199,0
0.04776,0.0093079,-0.0036621,2.5033,-0.033264,0
0.026093,0.0074768,-0.0016785,2.2757,-0.02533,0
0.0056458,0.004425,0.0047302,2.2757,-0.017395,0
0.004425,0.0028992,0.015259,2.2757,-0.010681,0
0.011139,0.0033569,0.022888,2.5033,-0.0064087,0
0.018005,0.0056458,0.026245,2.2757,-0.0027466,0
0.023193,0.007019,0.032349,2.2757,-0.0015259,0
0.023346,0.0057983,0.045013,2.7309,-0.00061035,0
0.015106,0.0041199,0.054169,2.9584,-0.0024414,0
-0.0018311,0.0050354,0.055389,3.186,-0.005188,0
-0.013428,0.0054932,0.052643,3.4135,-0.011597,0
-0.014954,0.0054932,0.046997,3.186,-0.018311,0
-0.0090027,0.0050354,0.043335,2.9584,-0.02533,0
0.0073242,0.0035095,0.041962,2.5033,-0.031433,0
0.028687,0.0032043,0.033875,2.0482,-0.03479,0
0.045013,0.0030518,0.023651,1.5931,-0.032959,0
0.057678,0.0022888,0.022278,2.2757,-0.031128,0
0.069733,0.00091553,0.018616,1.8206,-0.031433,0
0.0737,0.00030518,0.011139,2.5033,-0.03418,0
0.063629,-0.0016785,-0.0019836,2.7309,-0.039978,0
0.045013,-0.0035095,-0.017548,3.186,-0.044556,0
0.029602,-0.0041199,-0.030212,2.5033,-0.048523,0
0.016785,-0.0039673,-0.033722,2.7309,-0.049744,0
0.0059509,-0.0035095,-0.028076,2.0482,-0.049438,0
-0.0024414,-0.0022888,-0.019836,2.5033,-0.050659,0
-0.007782,-0.00045776,-0.016327,2.2757,-0.054626,0
-0.0076294,0.0054932,-0.019989,2.2757,-0.061951,0
0.0032043,0.010529,-0.027466,1.8206,-0.067139,0
0.0177,0.0079346,-0.036621,2.0482,-0.06897,0
0.024872,-0.00045776,-0.04425,2.0482,-0.066223,0
0.021973,-0.0035095,-0.037994,2.2757,-0.06134,0
0.012054,-0.005188,-0.018616,2.5033,-0.057983,0
0.00015259,-0.0062561,0.0013733,2.0482,-0.055847,0
-0.009613,-0.0018311,0.014343,1.5931,-0.054626,0
-0.01297,0.0041199,0.023193,2.0482,-0.052185,0
-0.015411,0.0073242,0.027161,2.0482,-0.047913,0
-0.02533,0.0082397,0.015259,2.2757,-0.039673,0
-0.036316,0.0076294,-0.005188,2.2757,-0.027771,0
-0.03952,0.0059509,-0.020142,2.7309,-0.015259,0
-0.032959,0.0057983,-0.024719,1.8206,-0.0015259,0
-0.010071,0.0067139,-0.021515,2.5033,0.0076294,0
0.013123,0.0082397,-0.017395,1.8206,0.015259,0
0.023651,0.0061035,-0.018311,1.8206,0.022888,0
0.021515,0.0028992,-0.022583,2.7309,0.030518,0
0.011902,-0.00091553,-0.029297,2.7309,0.036011,0
0.0048828,-0.0042725,-0.034485,2.0482,0.041504,0
0.0036621,-0.0071716,-0.025482,2.7309,0.04364,0
0.0062561,-0.0056458,-0.0082397,1.8206,0.044861,0
0.0094604,-0.0019836,0.0050354,1.8206,0.04425,0
0.0062561,-0.0038147,0.016632,2.0482,0.040283,0
0.00061035,-0.0045776,0.023193,2.0482,0.037537,0
-0.0012207,-0.0027466,0.023651,2.2757,0.035706,0
-0.0016785,-0.0012207,0.023346,2.7309,0.035706,0
-0.0048828,0.0010681,0.026855,2.2757,0.0354,0
-0.0071716,-0.0022888,0.032349,2.2757,0.032349,0
-0.0091553,-0.0068665,0.035858,2.9584,0.030212,0
-0.013275,-0.0082397,0.038147,2.2757,0.025024,0
-0.022583,-0.0064087,0.050201,3.186,0.018616,0
-0.0354,-0.0036621,0.061646,2.9584,0.014038,0
-0.039062,-0.0059509,0.052338,2.2757,0.010376,0
-0.028381,-0.007782,0.031433,1.8206,0.0048828,0
-0.009613,-0.007782,0.019531,2.2757,0,0
0.009613,-0.0099182,0.018463,2.0482,-0.0054932,0
0.022583,-0.014496,0.018311,2.2757,-0.0091553,0
0.025177,-0.016479,0.017853,2.5033,-0.010986,0
0.019989,-0.018005,0.018768,2.2757,-0.010986,0
0.019073,-0.015564,0.02121,2.2757,-0.010986,0
0.022888,-0.010986,0.020599,2.9584,-0.010071,0
0.031433,-0.0079346,0.01297,2.2757,-0.0067139,0
0.045013,-0.0056458,0.0050354,1.5931,-0.0015259,0
0.045013,-0.0062561,0.0033569,2.0482,0.0073242,0
0.029907,-0.0054932,0.0050354,1.8206,0.012512,0
0.022125,-0.0033569,0.0028992,2.2757,0.015564,0
0.026855,-0.0028992,-0.0018311,2.2757,0.018311,0
0.028687,-0.00061035,0.0010681,2.2757,0.018921,0
0.02243,0.00015259,0.0090027,1.8206,0.018311,0
0.012054,0.0036621,0.014954,2.5033,0.019226,0
0.00030518,0.0030518,0.018616,2.0482,0.019836,0
-0.013275,0.0028992,0.020447,2.5033,0.022278,0
-0.027618,0.005188,0.019684,2.2757,0.023193,0
-0.031586,0.0041199,0.019684,2.7309,0.025635,0
-0.027313,0.0028992,0.022125,2.9584,0.026855,0
-0.016327,0.0039673,0.02594,2.5033,0.032043,0
-0.0038147,0.0068665,0.031128,2.2757,0.037231,0
0.014343,0.0067139,0.032043,1.8206,0.042419,0
0.032806,0.0019836,0.01358,1.3655,0.049438,0
0.033417,-0.00015259,-0.018768,2.0482,0.055237,0
0.02243,0.0016785,-0.04364,2.2757,0.059814,0
0.020142,0.0021362,-0.046234,2.0482,0.06012,0
0.021973,0.0013733,-0.029602,2.2757,0.061646,0
0.016632,0.00045776,-0.0015259,2.5033,0.060425,0
0.0015259,0.00030518,0.024414,2.2757,0.06073,0
-0.018463,-0.0022888,0.034485,2.7309,0.06134,0
-0.036316,-0.0062561,0.030975,2.0482,0.06012,0
-0.048218,-0.0097656,0.016785,1.8206,0.058594,0
-0.048676,-0.0082397,0.0035095,2.5033,0.054932,0
-0.043182,-0.0042725,-0.0013733,2.7309,0.048523,0
-0.042877,0,-0.0059509,2.7309,0.044556,0
-0.044098,0.0030518,-0.014801,3.186,0.041809,0
-0.041962,0.0048828,-0.018616,2.7309,0.040283,0
-0.039062,0.0039673,-0.01236,2.2757,0.039673,0
-0.037537,0,-0.0036621,2.0482,0.036926,0
-0.034943,-0.00091553,-0.0013733,2.2757,0.033569,0
-0.027008,0.0018311,0.011139,2.5033,0.027771,0
-0.0050354,0.0073242,0.031433,3.186,0.023499,0
0.029755,0.007782,0.046844,2.5033,0.018616,0
0.072479,0.0057983,0.052185,2.0482,0.012512,0
0.10757,0.0033569,0.044403,1.8206,0.0057983,0
0.1181,-0.00015259,0.034332,2.7309,0.00091553,0
0.097351,-0.0045776,0.023956,2.5033,-0.0021362,0
0.054932,-0.0054932,0.014954,2.9584,-0.0039673,0
0.0085449,-0.0036621,0.01297,2.0482,-0.0042725,0
-0.026093,-0.0039673,0.018921,1.8206,-0.0048828,0
-0.043335,-0.0059509,0.018768,2.2757,-0.0030518,0
-0.046234,-0.0065613,0.0097656,1.8206,-0.0015259,0
-0.049896,-0.0067139,0.0091553,2.5033,0.00091553,0
-0.062561,-0.0074768,0.013428,1.8206,0.0027466,0
-0.075989,-0.010986,0.012817,1.8206,0.007019,0
-0.078583,-0.014496,0.0074768,1.8206,0.0094604,0
-0.070343,-0.013885,0.0012207,2.2757,0.012817,0
-0.055237,-0.011139,-0.0079346,2.2757,0.015259,0
-0.040131,-0.0071716,-0.011597,1.1379,0.020142,0
-0.031586,-0.0018311,-0.014343,1.5931,0.024719,0
-0.03006,0.0086975,-0.025635,2.0482,0.027466,0
-0.024109,0.017242,-0.031281,2.0482,0.028076,0
-0.014496,0.018311,-0.03067,2.0482,0.028076,0
-0.0067139,0.011749,-0.03006,2.7309,0.029602,0
-0.0022888,0.0047302,-0.030975,2.5033,0.032043,0
0.0035095,0.0013733,-0.034027,2.7309,0.0354,0
0.010223,0.0010681,-0.035553,2.0482,0.038147,0
0.014343,0.002594,-0.034637,2.2757,0.042114,0
0.016327,0.002594,-0.038757,2.0482,0.046387,0
0.015411,0.0018311,-0.045624,2.0482,0.053406,0
0.015564,0.0028992,-0.037537,2.5033,0.057373,0
0.016327,0.0038147,-0.0024414,2.7309,0.058899,0
0.014191,0.00061035,0.039825,2.7309,0.058899,0
0.01236,-0.0027466,0.06546,2.5033,0.057373,0
0.011749,-0.0033569,0.068512,2.5033,0.055237,0
0.011749,0.0010681,0.058136,2.5033,0.054321,0
0.010681,0.0059509,0.047913,2.2757,0.053406,0
0.0083923,0.0073242,0.044556,2.5033,0.052185,0
0.0024414,0.0082397,0.043488,2.7309,0.053711,0
0.00061035,0.0080872,0.043182,2.2757,0.053711,0
0.0027466,0.0079346,0.04303,2.2757,0.055847,0
0.005188,0.0080872,0.043182,2.2757,0.061035,0
0.0038147,0.0079346,0.043488,2.5033,0.062256,0
0.00015259,0.0079346,0.043335,2.2757,0.059204,0
-0.0048828,0.0080872,0.043488,2.7309,0.056152,0
-0.0071716,0.007782,0.043335,2.2757,0.05249,0
-0.00076294,0.0053406,0.032501,2.2757,0.050354,0
0.0085449,0.0013733,0.0056458,2.2757,0.046387,0
0.010529,0.0048828,0.0030518,2.7309,0.042419,0
0.0039673,0.005188,0.0030518,2.5033,0.039673,0
-0.0061035,0.0053406,-0.0035095,2.9584,0.036316,0
-0.012665,0.007782,-0.007019,2.2757,0.031738,0
-0.020905,0.0056458,-0.0041199,1.8206,0.027771,0
-0.025024,0.0028992,-0.0041199,2.7309,0.021973,0
-0.012054,0.0038147,-0.010681,2.2757,0.016479,0
0.0054932,0.0027466,-0.013885,2.2757,0.012512,0
0.011902,0.0019836,-0.0071716,2.0482,0.0097656,0
0.009613,0.0015259,0.0056458,2.5033,0.0085449,0
0.012207,-0.0012207,0.021057,2.0482,0.010986,0
0.011902,-0.004425,0.033112,3.186,0.013428,0
0.01236,-0.0065613,0.039062,2.9584,0.016785,0
0.016022,-0.0054932,0.041656,2.0482,0.0177,0
0.016022,-0.0056458,0.042572,2.5033,0.020447,0
0.014954,-0.0036621,0.039062,2.0482,0.021667,0
0.011597,-0.00015259,0.0383,1.8206,0.022888,0
0.0064087,0.0018311,0.033264,2.9584,0.022583,0
0.0064087,0.00061035,0.02243,3.186,0.021667,0
0.0071716,-0.00045776,0.011444,3.186,0.020447,0
0.0010681,0.00015259,-0.0024414,2.7309,0.019531,0
-0.0061035,0.00076294,-0.014343,2.9584,0.0177,0
-0.009613,0.00091553,-0.0076294,2.5033,0.016174,0
-0.0091553,0.00015259,0.014191,3.186,0.016479,0
-0.0083923,-0.00091553,0.031891,2.5033,0.019836,0
-0.0090027,-0.0013733,0.036011,2.0482,0.025635,0
-0.011139,-0.00045776,0.032043,2.2757,0.0354,0
-0.010071,-0.0013733,0.031738,2.2757,0.046997,0
-0.0047302,-0.004425,0.045471,2.5033,0.061951,0
-0.00045776,-0.007782,0.05722,2.7309,0.075989,0
-0.0032043,-0.0088501,0.05127,2.7309,0.088196,0
-0.0064087,-0.0085449,0.035095,2.5033,0.097961,0
-0.0030518,-0.0093079,0.02243,2.2757,0.10498,0
0.00076294,-0.015564,0.014496,2.7309,0.11444,0
0.00061035,-0.020294,0.011749,3.186,0.11963,0
-0.0027466,-0.018005,0.010986,2.2757,0.12482,0
-0.0085449,-0.015869,0.01236,2.5033,0.12695,0
-0.0068665,-0.013275,0.019989,2.5033,0.12939,0
-0.0016785,-0.0079346,0.025024,2.2757,0.1297,0
-0.0010681,-0.00015259,0.029602,2.5033,0.12909,0
-0.0036621,0.0048828,0.044098,2.7309,0.1297,0
-0.0071716,0.0035095,0.054169,2.7309,0.13,0
-0.0086975,0.0019836,0.056915,2.2757,0.13306,0
-0.013885,0.0047302,0.053101,1.3655,0.13672,0
-0.029449,0.0076294,0.046997,1.8206,0.14221,0
-0.042877,0.0068665,0.051117,1.1379,0.14862,0
-0.041199,0.0045776,0.056763,2.0482,0.15442,0
-0.028687,0.0030518,0.054474,1.8206,0.16022,0
-0.015259,0,0.050049,2.0482,0.16541,0
-0.007019,-0.005188,0.05249,2.2757,0.16693,0
0.0067139,-0.0079346,0.058289,2.5033,0.16876,0
0.029449,-0.0086975,0.057678,2.0482,0.1712,0
0.043335,-0.0067139,0.053864,2.7309,0.17059,0
0.03479,-0.0053406,0.045471,2.5033,0.16602,0
0.018158,-0.0047302,0.027618,1.8206,0.16022,0
0.0090027,-0.0015259,0.0076294,1.5931,0.1532,0
0.0090027,0.0042725,-0.00045776,2.7309,0.14526,0
0.014648,0.007782,0.0059509,2.0482,0.13855,0
0.021515,0.0093079,0.027924,2.2757,0.13092,0
0.030212,0.0094604,0.049286,2.5033,0.1239,0
0.041656,0.01236,0.061951,2.9584,0.11597,0
0.046387,0.01236,0.075073,2.0482,0.10712,0
0.037079,0.010223,0.084229,2.2757,0.093994,0
0.015717,0.0056458,0.075989,2.7309,0.082703,0
-0.00045776,-0.00045776,0.056458,2.2757,0.074158,0
-0.0080872,-0.0030518,0.039368,2.7309,0.065308,0
-0.0053406,-0.0027466,0.037689,2.5033,0.055847,0
0.011292,-0.0036621,0.045624,2.2757,0.046082,0
0.029907,-0.0045776,0.04364,1.8206,0.038452,0
0.031738,-0.0067139,0.033569,2.7309,0.031128,0
0.018768,-0.0071716,0.029144,2.7309,0.024719,0
0.0027466,-0.005188,0.026093,2.7309,0.016785,0
-0.0035095,-0.0042725,0.01297,1.8206,0.0082397,0
0.0013733,-0.0032043,0.0071716,2.7309,0.0018311,0
0.0091553,-0.00045776,0.016785,2.0482,-0.0042725,0
0.0093079,0,0.028076,2.2757,-0.0076294,0
-0.0028992,-0.0033569,0.030212,2.5033,-0.010376,0
-0.018158,-0.0064087,0.014343,2.2757,-0.0076294,0
-0.021057,-0.0097656,-0.01358,2.2757,-0.0018311,0
-0.011749,-0.014496,-0.032349,2.2757,0.0012207,0
-0.0050354,-0.014496,-0.021515,2.2757,0.0033569,0
-0.0091553,-0.010223,-0.0012207,2.0482,0.0042725,0
-0.014648,-0.004425,0.0076294,2.9584,0.0061035,0
-0.019226,0.00015259,0.0094604,1.8206,0.0091553,0
-0.022125,0.0053406,0.0177,2.2757,0.014648,0
-0.018005,0.010071,0.032043,1.5931,0.020142,0
-0.011749,0.01358,0.044861,1.5931,0.026245,0
-0.0038147,0.01297,0.051422,2.0482,0.033875,0
0.0067139,0.010071,0.047913,2.0482,0.042725,0
0.013885,0.0062561,0.039825,2.0482,0.05188,0
0.016174,0.0027466,0.032349,2.5033,0.058289,0
0.016479,-0.0012207,0.027161,2.0482,0.059814,0
0.016632,-0.0045776,0.018005,2.5033,0.06012,0
0.016632,-0.0079346,0.012512,2.2757,0.059204,0
0.016632,-0.0076294,0.020752,2.5033,0.061646,0
0.016785,-0.0027466,0.033722,2.0482,0.065918,0
0.016632,0.0022888,0.042877,2.7309,0.07019,0
0.016785,0.0048828,0.048828,1.8206,0.072021,0
0.016479,0.0059509,0.041351,2.2757,0.072937,0
0.016785,0.0067139,0.019073,2.7309,0.072937,0
0.016479,0.0047302,-0.01236,2.2757,0.074463,0
0.016479,0.00076294,-0.048523,2.5033,0.080566,0
0.016632,0.0030518,-0.056458,1.8206,0.088806,0
0.016479,0.010681,-0.02182,1.8206,0.097961,0
0.016632,0.014343,0.0048828,2.2757,0.10681,0
0.016632,0.012665,-0.00061035,2.5033,0.11292,0
0.016785,0.0088501,-0.018921,2.5033,0.11566,0
0.016174,0.0042725,-0.03479,2.2757,0.11444,0
0.016479,-0.0024414,-0.050201,2.2757,0.11444,0
0.016174,-0.0027466,-0.048828,2.7309,0.11505,0
0.016022,0.0050354,-0.017548,2.2757,0.11993,0
0.016327,0.0076294,0.010681,2.2757,0.12421,0
0.016632,0.0068665,0.0093079,2.5033,0.1236,0
0.016632,0.010834,-0.0068665,2.7309,0.11688,0
0.016632,0.012054,-0.0076294,2.7309,0.10529,0
0.016937,0.010529,0.0062561,2.7309,0.089111,0
0.016632,0.0073242,0.017242,2.7309,0.074463,0
0.013123,0.0039673,0.023804,1.8206,0.061035,0
0.010071,0.00015259,0.026398,1.5931,0.049133,0
0.010223,-0.0042725,0.026398,2.2757,0.032043,0
0.007782,-0.0091553,0.020752,2.2757,0.010376,0
0.0088501,-0.0090027,0.0093079,1.8206,-0.016479,0
0.014343,-0.0071716,-0.002594,2.2757,-0.047302,0
0.016785,-0.0067139,-0.009613,2.0482,-0.082092,0
0.013275,-0.0076294,-0.023804,2.2757,-0.11475,0
0.0076294,-0.009613,-0.045624,2.5033,-0.14496,0
0.0085449,-0.0082397,-0.060425,2.5033,-0.16937,0
0.011139,-0.0050354,-0.057831,2.2757,-0.19043,0
0.011749,-0.0056458,-0.049744,2.7309,-0.21118,0
0.011597,-0.0079346,-0.04776,2.7309,-0.23407,0
0.014038,-0.0071716,-0.047302,2.7309,-0.25787,0
0.011292,-0.0024414,-0.042419,2.0482,-0.28168,0
0.0019836,0,-0.03952,1.5931,-0.29541,0
-0.0062561,-0.0022888,-0.037842,1.8206,-0.29724,0
-0.010681,0.0013733,-0.0383,2.0482,-0.2887,0
-0.013428,0.01358,-0.0383,1.8206,-0.27222,0
-0.016937,0.024719,-0.025635,2.2757,-0.25055,0
-0.020752,0.029297,0.0036621,2.0482,-0.22949,0
-0.018463,0.029907,0.034485,1.8206,-0.20935,0
-0.0079346,0.027466,0.048065,2.5033,-0.19653,0
0.0018311,0.022583,0.043335,2.2757,-0.18982,0
0.0036621,0.01709,0.042114,2.7309,-0.18524,0
0.0013733,0.0074768,0.039673,2.0482,-0.17822,0
0.0035095,-0.0038147,0.031128,1.8206,-0.16602,0
0.0082397,-0.0099182,0.026703,2.2757,-0.14893,0
0.013123,-0.01297,0.024872,2.7309,-0.13306,0
0.019836,-0.018921,0.027466,2.0482,-0.12085,0
0.023956,-0.020142,0.038452,2.7309,-0.11292,0
0.020447,-0.017548,0.041046,3.4135,-0.10345,0
0.011902,-0.017548,0.011139,3.186,-0.095215,0
0.0035095,-0.020905,-0.054016,2.7309,-0.089417,0
-0.0064087,-0.021057,-0.10925,2.7309,-0.090332,0
-0.013885,-0.0082397,-0.091553,2.5033,-0.094299,0
-0.015564,0.0022888,-0.036316,2.5033,-0.10315,0
-0.0094604,0.002594,-0.0094604,2.5033,-0.11414,0
-0.0032043,0.0036621,-0.0018311,1.8206,-0.12421,0
-0.007019,0.0064087,0.012207,2.5033,-0.13306,0
-0.014496,0.007782,0.021667,2.7309,-0.13733,0
-0.015411,0.010681,0.015564,2.7309,-0.13947,0
-0.0086975,0.020294,0.016479,2.5033,-0.13794,0
-0.0054932,0.027924,0.030823,2.2757,-0.13336,0
-0.0076294,0.03067,0.039673,2.2757,-0.12543,0
-0.007019,0.032501,0.03891,2.0482,-0.11322,0
-0.0024414,0.033875,0.028839,1.8206,-0.09613,0
0.0032043,0.032196,0.015259,2.0482,-0.074463,0
0.0086975,0.025787,0.0050354,1.8206,-0.048523,0
0.0062561,0.015411,-0.0045776,2.7309,-0.022888,0
0.00076294,0.0082397,-0.011597,2.0482,0.0024414,0
0.0036621,0.0064087,-0.011749,2.5033,0.026855,0
0.018158,0.0068665,-0.011444,2.5033,0.05127,0
0.0354,0.0054932,-0.024109,2.7309,0.072632,0
0.040283,0.0036621,-0.047913,2.7309,0.090027,0
0.02655,-0.00030518,-0.061646,2.5033,0.10132,0
0.004425,-0.0059509,-0.057526,2.5033,0.10895,0
-0.0085449,-0.01297,-0.046234,2.5033,0.11475,0
-0.0091553,-0.017853,-0.046234,2.5033,0.11993,0
-0.0064087,-0.020752,-0.076294,2.0482,0.12726,0
-0.007019,-0.019684,-0.13031,2.5033,0.13519,0
-0.011139,-0.012817,-0.15793,2.5033,0.14374,0
-0.010681,-0.0035095,-0.12039,2.5033,0.15564,0
-0.002594,-0.0024414,-0.06134,2.5033,0.16724,0
0.0050354,-0.0045776,-0.021667,3.186,0.17456,0
0.0082397,-0.005188,-0.011444,3.186,0.17853,0
0.0093079,-0.007019,-0.020447,2.9584,0.18158,0
0.0082397,-0.011292,-0.037384,3.186,0.17975,0
-0.0010681,-0.016174,-0.054779,2.5033,0.17792,0
-0.011597,-0.018616,-0.061493,2.9584,0.17517,0
-0.016479,-0.016937,-0.049591,3.6411,0.17487,0
-0.021057,-0.015717,-0.030212,3.186,0.177,0
-0.027924,-0.018158,-0.018005,2.5033,0.18005,0
-0.037384,-0.019226,-0.014343,2.5033,0.17944,0
-0.051422,-0.016022,-0.0083923,2.2757,0.18127,0
-0.066528,-0.012054,0.0036621,2.2757,0.18158,0
-0.075531,-0.0074768,0.018921,2.2757,0.18341,0
-0.071411,-0.00030518,0.032959,2.9584,0.18677,0
-0.058594,0.0024414,0.03479,2.2757,0.19135,0
-0.045624,-0.0059509,0.014496,2.5033,0.19379,0
-0.023499,-0.021667,-0.0059509,3.186,0.19501,0
0.0013733,-0.029755,0.0021362,3.4135,0.19806,0
0.014648,-0.035095,0.022278,3.4135,0.19775,0
0.018768,-0.043182,0.015106,2.0482,0.19928,0
0.019073,-0.046692,-0.015869,1.5931,0.19958,0
0.018921,-0.044403,-0.046539,1.8206,0.20294,0
0.018921,-0.037384,-0.079803,2.5033,0.21149,0
0.018921,-0.028229,-0.092468,2.2757,0.21912,0
0.019073,-0.016479,-0.055389,1.8206,0.22736,0
0.019073,-0.0035095,-0.0068665,2.0482,0.2359,0
0.018921,0.0050354,0.0041199,2.0482,0.24353,0
0.019531,0.007019,-0.0030518,2.9584,0.25085,0
0.019226,0.010529,-0.0041199,3.4135,0.25696,0
0.019226,0.013123,-0.010376,3.186,0.25909,0
0.019226,0.0091553,-0.021057,2.5033,0.26031,0
0.018921,0.0010681,-0.024872,1.8206,0.26031,0
0.019073,-0.0027466,-0.015106,1.8206,0.2597,0
0.019073,-0.0028992,0.00091553,2.7309,0.26062,0
0.019226,-0.0048828,0.013428,2.0482,0.26398,0
0.019073,-0.0080872,0.021057,2.5033,0.26825,0
0.019073,-0.0064087,0.018005,2.5033,0.27069,0
0.029907,-0.0088501,-0.0091553,2.7309,0.27252,0
0.035095,-0.012207,-0.049744,2.5033,0.27252,0
0.028076,-0.0094604,-0.06485,3.186,0.27191,0
0.019989,-0.0027466,-0.040894,2.7309,0.27039,0
0.0065613,0.0018311,-0.018616,2.9584,0.2655,0
-0.0068665,-0.0042725,-0.023804,2.0482,0.25696,0
-0.0062561,-0.013275,-0.062866,2.5033,0.242,0
0.0035095,-0.012207,-0.097656,2.5033,0.22522,0
0.012665,0.0057983,-0.065155,2.5033,0.20905,0
0.022888,0.021667,0.017548,3.186,0.19562,0
0.031891,0.016632,0.059357,2.7309,0.1825,0
0.028381,0.005188,0.044098,2.7309,0.16876,0
0.0062561,0,0.028992,2.7309,0.15381,0
-0.01297,-0.00091553,0.031433,2.9584,0.13733,0
-0.015106,-0.0033569,0.028839,2.7309,0.12054,0
-0.012817,-0.0048828,0.01709,2.2757,0.10315,0
-0.011597,-0.0042725,-0.0067139,3.186,0.087891,0
-0.0071716,-0.0022888,-0.024109,2.2757,0.076904,0
-0.00030518,0.0065613,-0.0085449,2.7309,0.070496,0
0.0057983,0.019531,0.0085449,2.9584,0.066223,0
0.0083923,0.025482,0.010681,2.2757,0.062561,0
0.0090027,0.026093,0.014496,2.5033,0.056152,0
0.0091553,0.026245,0.024109,2.2757,0.050964,0
0.0091553,0.023956,0.03006,2.2757,0.049133,0
0.0088501,0.022278,0.027008,2.2757,0.050964,0
0.0088501,0.019836,0.020447,2.2757,0.055847,0
0.0090027,0.016022,0.020905,2.0482,0.061951,0
0.0093079,0.01297,0.026398,2.0482,0.070801,0
0.0091553,0.011749,0.010376,2.2757,0.080261,0
0.0090027,0.011444,-0.017395,2.2757,0.090027,0
0.0094604,0.010681,-0.024872,2.7309,0.099792,0
0.0086975,0.010834,-0.0059509,2.7309,0.11139,0
0.0093079,0.017395,0.0094604,2.7309,0.12604,0
0.0093079,0.024567,0.010986,2.0482,0.14496,0
0.009613,0.023041,0.002594,2.0482,0.16479,0
0.0094604,0.017548,-0.0065613,1.3655,0.18402,0
0.0093079,0.023193,-0.0086975,1.5931,0.20111,0
0.0091553,0.03418,-0.0048828,2.5033,0.2179,0
0.0090027,0.033264,-0.005188,2.7309,0.23102,0
0.0094604,0.026703,0.002594,2.5033,0.24445,0
0.0093079,0.02655,0.024414,1.5931,0.25635,0
0.0091553,0.029755,0.030518,2.5033,0.26733,0
0.0093079,0.027466,0.0065613,2.7309,0.27344,0
0.0091553,0.019531,-0.019836,2.2757,0.27924,0
0.0093079,0.0073242,-0.028381,2.2757,0.28107,0
0.0091553,-0.00076294,-0.014496,1.8206,0.28046,0
0.0090027,-0.004425,-0.0021362,2.0482,0.27893,0
0.0094604,-0.016174,-0.0085449,2.7309,0.27527,0
0.0093079,-0.041046,-0.027466,2.5033,0.271,0
0.0093079,-0.065765,-0.03952,2.2757,0.26794,0
0.0093079,-0.067749,-0.024261,2.9584,0.26306,0
0.0091553,-0.053101,-0.0059509,2.5033,0.25665,0
0.0091553,-0.043945,-0.012054,2.0482,0.2533,0
0.0090027,-0.042725,-0.034943,2.7309,0.25574,0
0.0090027,-0.040894,-0.044708,2.5033,0.26398,0
0.0090027,-0.032349,-0.038147,2.7309,0.27496,0
0.0091553,-0.017853,-0.029297,2.9584,0.28534,0
0.0094604,-0.0027466,-0.019836,2.2757,0.29633,0
0.0093079,0.011444,0.0019836,1.8206,0.30884,0
0.0093079,0.021973,0.022736,2.5033,0.32227,0
0.0088501,0.023193,0.027924,2.5033,0.33722,0
0.0088501,0.016479,0.023499,2.2757,0.34973,0
0.0091553,0.0080872,0.013733,2.7309,0.3595,0
0.0091553,-0.00061035,0.0068665,2.7309,0.37079,0
0.0088501,-0.0061035,0.005188,2.0482,0.38727,0
0.0093079,-0.0053406,0.0061035,2.0482,0.40649,0
0.0093079,-0.00061035,0.0061035,2.5033,0.42908,0
0.0094604,0.0027466,0.0042725,1.8206,0.44861,0
0.0094604,0.0041199,0.0041199,2.2757,0.46112,0
0.0093079,0.0028992,0.0062561,1.8206,0.47089,0
0.0090027,-0.00091553,0.0048828,2.2757,0.48096,0
0.0091553,-0.0035095,0.0036621,2.2757,0.49225,0
0.0091553,-0.0068665,0.0061035,2.0482,0.50293,0
0.0093079,-0.012665,0.007782,2.2757,0.50995,0
0.0093079,-0.021973,0.0062561,2.2757,0.50903,0
0.0093079,-0.029755,0.0042725,1.8206,0.50537,0
0.0090027,-0.03479,0.0082397,2.0482,0.50079,0
0.0091553,-0.036469,0.018005,2.2757,0.5011,0
0.0090027,-0.041046,0.032349,2.2757,0.5072,0
0.0093079,-0.049438,0.052032,2.0482,0.51117,0
0.0093079,-0.052795,0.066833,2.2757,0.50995,0
0.0090027,-0.053253,0.071869,1.5931,0.50385,0
0.0088501,-0.053253,0.072784,2.7309,0.49103,0
0.0091553,-0.053253,0.072632,2.7309,0.47821,0
0.0088501,-0.053101,0.072784,2.7309,0.46967,0
0.0091553,-0.053101,0.072937,2.9584,0.46326,0
0.0086975,-0.053253,0.07309,2.2757,0.45776,0
0.0088501,-0.053101,0.072632,2.2757,0.45471,0
0.0090027,-0.052948,0.072937,2.9584,0.44708,0
0.0091553,-0.053101,0.072784,2.9584,0.43701,0
0.0091553,-0.041962,0.063934,2.9584,0.4248,0
0.0093079,-0.0090027,0.040283,3.4135,0.41229,0
0.0094604,0.0039673,0.028992,2.9584,0.40192,0
0.0093079,0.0056458,0.028076,2.5033,0.39612,0
0.0091553,0.0079346,0.034943,2.2757,0.38818,0
0.0091553,0.010376,0.039062,2.0482,0.3772,0
0.0093079,0.01358,0.047913,2.9584,0.35767,0
0.0093079,0.018158,0.066528,2.7309,0.32654,0
0.0093079,0.0177,0.075989,2.2757,0.289,0
0.0093079,0.016479,0.07431,2.9584,0.25177,0
0.0091553,0.01709,0.065613,2.5033,0.21545,0
0.0090027,0.015259,0.04715,2.2757,0.18555,0
0.0093079,0.0079346,0.023193,1.8206,0.16083,0
0.0097656,0.0047302,0.0050354,2.9584,0.14191,0
0.0091553,0.0068665,0.0027466,2.2757,0.12421,0
0.0093079,0.0080872,0.0016785,2.2757,0.10101,0
0.0093079,0.0097656,-0.0097656,2.0482,0.071411,0
0.0091553,0.0086975,-0.023193,2.5033,0.039062,0
0.0090027,0.0080872,-0.030365,2.9584,0.010376,0
0.0091553,0.0085449,-0.031891,2.2757,-0.0079346,0
0.0090027,0.010223,-0.027771,1.8206,-0.018616,0
0.0091553,0.010834,-0.023804,2.2757,-0.031433,0
0.0088501,0.011902,-0.019989,2.2757,-0.051575,0
0.0091553,0.010529,-0.02533,2.5033,-0.079651,0
0.0088501,0.0090027,-0.030823,2.2757,-0.11108,0
0.0094604,0.011597,-0.022888,2.0482,-0.14099,0
0.0088501,0.015869,-0.013733,2.2757,-0.16846,0
-0.010681,0.015869,-0.013123,2.0482,-0.19684,0
-0.018921,0.012665,-0.01297,2.5033,-0.22552,0
-0.013275,0.013275,-0.0071716,2.7309,-0.25482,0
-0.011444,0.015411,0.0012207,2.7309,-0.28717,0
-0.016937,0.017548,0.0035095,2.2757,-0.3186,0
-0.031891,0.019989,0,2.0482,-0.34973,0
-0.041656,0.021667,0.0041199,2.7309,-0.37994,0
-0.028076,0.026245,0.023499,2.7309,-0.41107,0
-0.0015259,0.027618,0.047607,2.2757,-0.44037,0
0.017242,0.022888,0.062714,2.2757,-0.46753,0
0.018005,0.017853,0.061951,2.5033,-0.49347,0
0.0065613,0.0177,0.055847,1.8206,-0.51514,0
-0.0057983,0.020142,0.05188,3.4135,-0.53467,0
-0.018463,0.022583,0.049896,2.7309,-0.55023,0
-0.024109,0.024109,0.044861,3.6411,-0.56396,0
-0.018005,0.02121,0.030975,2.9584,-0.57556,0
-0.0088501,0.010376,-0.0045776,2.2757,-0.5838,0
0.0065613,-0.0022888,-0.052948,2.7309,-0.59265,0
0.026703,0.007782,-0.048065,3.186,-0.60059,0
0.033264,0.030518,0.023499,3.186,-0.61005,0
0.032654,0.036774,0.079193,2.5033,-0.62195,0
0.031433,0.025024,0.077362,2.5033,-0.63446,0
0.031433,0.013123,0.058746,2.2757,-0.64667,0
0.031128,0.0073242,0.041809,2.0482,-0.65948,0
0.031433,0.0065613,0.023804,2.2757,-0.67047,0
0.031128,0.0099182,0.01709,1.8206,-0.6778,0
0.031281,0.012665,0.029449,1.1379,-0.68176,0
0.030975,0.018005,0.047607,2.5033,-0.68329,0
0.031433,0.02655,0.056763,2.0482,-0.68024,0
0.031586,0.029144,0.060272,1.8206,-0.67627,0
0.031281,0.028381,0.065002,2.0482,-0.66864,0
0.03067,0.027924,0.06424,2.0482,-0.65521,0
0.019684,0.025482,0.056305,1.8206,-0.63629,0
0.011139,0.018311,0.041504,1.8206,-0.6192,0
0.0030518,0.015717,0.029144,2.0482,-0.60303,0
-0.005188,0.015106,0.025177,1.8206,-0.5899,0
-0.0093079,0.015411,0.024109,2.0482,-0.57556,0
-0.0079346,0.015106,0.023651,2.5033,-0.55969,0
-0.0057983,0.015564,0.023651,2.5033,-0.54413,0
0.00030518,0.015259,0.024109,2.2757,-0.52734,0
0.011139,0.015106,0.023804,2.5033,-0.51483,0
0.014954,0.015564,0.023956,2.2757,-0.51056,0
0.01358,0.014801,0.029907,2.5033,-0.51239,0
0.014648,0.011902,0.040894,2.2757,-0.5188,0
0.014648,0.0059509,0.031738,2.5033,-0.52338,0
0.0094604,0.00015259,0.016632,2.2757,-0.52704,0
0.004425,-0.0012207,0.0090027,2.5033,-0.53131,0
0.0059509,0.00076294,0.0094604,2.2757,-0.5307,0
0.0068665,0.004425,0.0038147,1.8206,-0.52246,0
0.0068665,0.010834,-0.017242,2.7309,-0.50934,0
0.007782,0.013123,-0.041046,2.5033,-0.49622,0
0.013428,0.0093079,-0.044403,2.0482,-0.48126,0
0.0177,0.0064087,-0.035553,1.8206,-0.46387,0
0.018768,0.0059509,-0.031281,2.7309,-0.44586,0
0.019226,0.0056458,-0.030365,2.5033,-0.42725,0
0.019073,0.0053406,-0.029907,2.2757,-0.41046,0
0.018921,0.0054932,-0.03006,2.7309,-0.39337,0
0.018616,0.0056458,-0.030365,2.5033,-0.37537,0
0.018921,0.0056458,-0.030212,2.5033,-0.35614,0
0.019531,0.0054932,-0.029907,2.2757,-0.33661,0
-0.004425,0.0056458,-0.029907,2.5033,-0.31982,0
-0.023651,0.0053406,-0.029907,2.5033,-0.30792,0
-0.023499,0.0054932,-0.030212,2.9584,-0.3006,0
-0.01358,0.0057983,-0.030212,2.0482,-0.29572,0
-0.0080872,0.0056458,-0.03006,2.7309,-0.289,0
-0.0079346,0.0054932,-0.030212,1.3655,-0.28046,0
-0.0074768,0.0054932,-0.030212,1.5931,-0.26855,0
-0.012512,0.0057983,-0.03006,2.2757,-0.25391,0
-0.028534,0.0053406,-0.03006,2.0482,-0.23987,0
-0.042419,0.0054932,-0.030212,1.8206,-0.224,0
-0.041199,0.0054932,-0.030212,1.8206,-0.20477,0
-0.028229,0.0053406,-0.029755,2.2757,-0.18158,0
-0.017395,0.0053406,-0.029907,2.2757,-0.15656,0
-0.016022,0.0054932,-0.03006,2.2757,-0.12848,0
-0.014496,0.0053406,-0.03006,2.0482,-0.099792,0
-0.0057983,0.0056458,-0.029907,2.2757,-0.076294,0
0.0061035,0.0053406,-0.030212,1.1379,-0.057678,0
0.016022,0.0036621,-0.013428,2.0482,-0.044556,0
0.022736,-0.00061035,0.027313,2.0482,-0.031128,0
0.027924,0.0035095,0.036926,1.8206,-0.016785,0
0.03067,0.0082397,0.028839,2.0482,-0.0015259,0
0.031433,0.0099182,0.014191,2.7309,0.014954,0
0.030975,0.0083923,0.0059509,1.8206,0.033264,0
0.031281,0.011139,0.011597,2.7309,0.054016,0
0.031281,0.018921,0.023193,2.7309,0.076904,0
0.031281,0.021362,0.038605,2.7309,0.09613,0
0.031128,0.016632,0.054321,2.7309,0.11353,0
0.020599,0.0086975,0.061188,2.0482,0.12634,0
0.007019,0.0061035,0.063171,2.2757,0.13947,0
-0.0027466,0.0054932,0.063477,3.186,0.15564,0
-0.0091553,0.0053406,0.063324,2.7309,0.17303,0
-0.011902,0.0056458,0.063477,2.5033,0.1947,0
-0.004425,0.0053406,0.062866,2.5033,0.21698,0
0.012665,0.0056458,0.062866,2.5033,0.23682,0
0.020752,0.0056458,0.063019,3.186,0.25085,0
0.021667,0.0056458,0.063019,2.5033,0.26611,0
0.020294,0.0056458,0.062866,2.7309,0.28107,0
0.019073,0.0059509,0.063019,2.5033,0.29755,0
0.018921,0.0057983,0.062714,2.5033,0.31616,0
0.018921,0.0057983,0.063477,1.8206,0.33356,0
0.014343,0.0057983,0.063324,1.8206,0.3479,0
0.0019836,0.0054932,0.063019,2.7309,0.3598,0
-0.010376,0.0064087,0.065765,2.5033,0.37201,0
-0.017548,0.007782,0.072174,2.0482,0.38635,0
-0.02121,0.0085449,0.066223,2.0482,0.40192,0
-0.023499,0.010071,0.052032,2.2757,0.41718,0
-0.02243,0.0088501,0.038147,2.0482,0.43396,0
-0.016632,0.0022888,0.028992,2.2757,0.45258,0
-0.016022,-0.0065613,0.02655,2.2757,0.4715,0
-0.016479,-0.013275,0.028076,2.0482,0.48462,0
-0.012054,-0.02121,0.020905,1.5931,0.49286,0
-0.010223,-0.035095,0.0065613,2.0482,0.49744,0
-0.0097656,-0.048676,-0.0021362,1.8206,0.50201,0
-0.012817,-0.052948,-0.0048828,1.1379,0.5069,0
-0.016937,-0.053406,-0.0053406,1.8206,0.51331,0
-0.020905,-0.053253,-0.0053406,2.2757,0.5188,0
-0.019989,-0.052948,-0.0053406,1.8206,0.52429,0
-0.016785,-0.053253,-0.0053406,2.2757,0.53101,0
-0.011902,-0.053253,-0.0056458,2.2757,0.53986,0
-0.0028992,-0.052795,-0.0053406,2.7309,0.54626,0
0.0097656,-0.053253,-0.005188,2.2757,0.55115,0
0.019379,-0.053253,-0.0053406,2.5033,0.55176,0
0.020905,-0.053253,-0.0053406,1.8206,0.54596,0
0.014801,-0.052948,-0.0054932,1.8206,0.53284,0
0.0045776,-0.053101,-0.0053406,2.0482,0.51788,0
-0.010071,-0.053253,-0.0056458,2.0482,0.51147,0
-0.022736,-0.053101,-0.005188,1.5931,0.51422,0
-0.026245,-0.053253,-0.0056458,2.7309,0.52338,0
-0.020599,-0.053101,-0.0057983,2.7309,0.53436,0
-0.017853,-0.053253,-0.0054932,2.9584,0.53986,0
-0.0177,-0.052948,-0.0054932,3.186,0.53986,0
-0.0090027,-0.052948,-0.0053406,3.186,0.53589,0
0.0067139,-0.054169,-0.014954,2.9584,0.53162,0
0.017853,-0.053558,-0.032196,3.186,0.52734,0
0.018768,-0.042877,-0.013275,2.7309,0.52063,0
0.015717,-0.028687,0.01709,2.7309,0.51056,0
0.019531,-0.018616,0.029144,3.186,0.50171,0
0.029755,-0.014191,0.022583,2.7309,0.495,0
0.039062,-0.011749,0.0093079,2.5033,0.4895,0
0.039215,-0.0083923,0.0054932,2.5033,0.48584,0
0.033569,-0.0061035,0.014343,2.0482,0.48004,0
0.024872,-0.0045776,0.02182,2.2757,0.47241,0
0.016785,-0.0042725,0.020142,1.8206,0.46783,0
0.0091553,-0.0042725,0.019379,2.7309,0.46478,0
0.0033569,-0.0038147,0.018921,2.9584,0.45776,0
0.0013733,-0.0035095,0.019226,2.2757,0.44861,0
0.00045776,-0.0038147,0.018921,2.2757,0.43427,0
-0.0015259,-0.0041199,0.018921,2.9584,0.41931,0
-0.002594,-0.0041199,0.019073,1.8206,0.40131,0
-0.0028992,-0.0039673,0.019226,2.5033,0.37994,0
-0.0042725,-0.0039673,0.019073,2.2757,0.35706,0
-0.0038147,-0.0038147,0.019073,1.8206,0.33264,0
-0.0018311,-0.0039673,0.018921,1.8206,0.30823,0
-0.00061035,-0.0039673,0.019073,2.5033,0.28534,0
0.0018311,-0.0039673,0.019073,2.5033,0.26703,0
0.0048828,-0.0039673,0.018921,2.0482,0.25208,0
0.0030518,-0.0041199,0.019226,2.2757,0.24445,0
-0.0021362,-0.0038147,0.018768,1.8206,0.23804,0
-0.0033569,-0.0038147,0.019226,1.5931,0.2301,0
-0.0032043,-0.0041199,0.019226,2.0482,0.21698,0
-0.00061035,-0.0039673,0.019226,2.2757,0.20355,0
0.0048828,-0.0041199,0.019073,2.0482,0.19073,0
0.0093079,-0.0041199,0.018921,2.0482,0.18127,0
0.0076294,-0.0038147,0.018921,2.0482,0.17242,0
0.0028992,-0.0038147,0.019226,2.0482,0.16357,0
-0.00061035,-0.004425,0.018921,2.5033,0.15717,0
-0.0076294,-0.0039673,0.018921,2.7309,0.15076,0
-0.024567,-0.0039673,0.019226,2.5033,0.14099,0
-0.042114,-0.0039673,0.018768,2.2757,0.12848,0
-0.038147,-0.0039673,0.019073,2.5033,0.11017,0
-0.03067,-0.0039673,0.018921,2.2757,0.090332,0
-0.027771,-0.0039673,0.018768,2.5033,0.071106,0
-0.027618,-0.0041199,0.019073,2.7309,0.054016,0
-0.027466,-0.0039673,0.019073,2.5033,0.039978,0
-0.027466,-0.0038147,0.018921,2.7309,0.032043,0
-0.016632,-0.0039673,0.018921,2.9584,0.028687,0
-0.0010681,-0.0041199,0.018921,2.2757,0.029297,0
0.010681,-0.0038147,0.019379,2.5033,0.030212,0
0.017853,-0.0039673,0.018921,2.7309,0.030518,0
0.023499,-0.0041199,0.019073,2.7309,0.029907,0
0.027008,-0.0039673,0.018921,2.7309,0.029297,0
0.035706,-0.0042725,0.019073,2.9584,0.027161,0
0.041351,-0.0041199,0.019073,2.9584,0.024719,0
0.045319,0.0036621,0.016327,2.5033,0.022583,0
0.046539,0.023041,0.010834,2.5033,0.018921,0
0.038147,0.022278,0.013123,2.2757,0.014343,0
0.019073,0.016022,0.0099182,2.2757,0.0082397,0
0.0061035,0.013275,-0.0013733,2.0482,0.0012207,0
0.0048828,0.012207,-0.023193,2.0482,-0.0054932,0
0.0094604,0.011902,-0.054169,2.2757,-0.0097656,0
0.01297,0.016174,-0.082092,2.5033,-0.011292,0
0.0093079,0.024414,-0.081177,1.8206,-0.011292,0
-0.00061035,0.03479,-0.050354,1.8206,-0.0076294,0
-0.012207,0.053558,-0.020599,2.0482,-0.0039673,0
-0.022278,0.072632,-0.0039673,2.2757,-0.00061035,0
-0.02182,0.08255,-0.0061035,2.2757,0.00061035,0
-0.016479,0.080261,-0.039673,2.5033,0.00030518,0
-0.010986,0.077667,-0.084076,2.9584,0.0012207,0
-0.0016785,0.09201,-0.068817,2.5033,0.0021362,0
0.0088501,0.1178,-0.0027466,2.7309,0.0076294,0
0.0068665,0.12482,0.027161,2.2757,0.013733,0
-0.0012207,0.11017,0.020905,2.2757,0.020752,0
-0.0064087,0.087738,0.019684,2.7309,0.027161,0
-0.0093079,0.070648,0.025482,2.2757,0.031738,0
-0.01236,0.061035,0.023651,2.5033,0.031433,0
-0.015717,0.050659,0.017548,2.2757,0.029297,0
-0.015869,0.035248,0.014954,2.5033,0.026855,0
-0.013123,0.015717,0.010529,2.2757,0.02594,0
-0.01236,-0.010834,-0.0045776,2.7309,0.02655,0
-0.016327,-0.042572,-0.032196,2.9584,0.030823,0
-0.018005,-0.065002,-0.064545,2.0482,0.033875,0
-0.015564,-0.072327,-0.085907,2.5033,0.037231,0
-0.0027466,-0.075989,-0.10086,1.8206,0.040283,0
0.016022,-0.078278,-0.11765,2.2757,0.045166,0
0.021362,-0.073547,-0.12375,2.9584,0.05188,0
0.0094604,-0.063324,-0.1236,3.186,0.062866,0
-0.0071716,-0.055084,-0.1236,2.9584,0.076294,0
-0.014496,-0.04837,-0.11185,2.9584,0.08728,0
-0.017853,-0.046387,-0.081329,2.2757,0.098267,0
-0.016174,-0.04776,-0.04776,2.9584,0.10468,0
0.00061035,-0.049286,-0.027618,2.9584,0.11017,0
0.0177,-0.046387,-0.016785,2.9584,0.11322,0
0.016479,-0.044861,-0.0062561,2.5033,0.11688,0
0.0042725,-0.047913,0.013275,2.0482,0.11932,0
-0.0093079,-0.051422,0.040283,2.7309,0.12115,0
-0.015717,-0.050201,0.063171,2.5033,0.12024,0
-0.014191,-0.04837,0.088196,2.5033,0.1181,0
-0.0065613,-0.053558,0.10345,2.5033,0.11658,0
-0.0018311,-0.060883,0.094604,2.0482,0.11292,0
-0.0028992,-0.061951,0.07431,2.2757,0.10651,0
-0.0061035,-0.055389,0.060577,1.8206,0.098877,0
-0.0088501,-0.052643,0.059052,2.5033,0.089722,0
-0.0073242,-0.052032,0.06546,2.2757,0.081177,0
-0.0035095,-0.044861,0.067444,2.5033,0.075684,0
-0.0057983,-0.03891,0.054626,2.5033,0.072632,0
-0.0093079,-0.040131,0.028992,2.7309,0.072937,0
-0.013733,-0.042725,0.0027466,2.9584,0.075989,0
-0.010834,-0.042572,-0.020447,2.2757,0.080566,0
0.0016785,-0.0383,-0.039368,2.5033,0.08728,0
0.0177,-0.027618,-0.054779,2.5033,0.095825,0
0.028992,-0.017548,-0.062561,2.2757,0.1062,0
0.027008,-0.0094604,-0.054169,2.2757,0.1178,0
0.018158,-0.0019836,-0.032654,2.7309,0.13,0
0.0097656,0.0042725,-0.0082397,2.5033,0.1413,0
0.0039673,0.0076294,0.010834,2.7309,0.15442,0
0.004425,0.010376,0.019531,2.9584,0.16541,0
0.005188,0.013275,0.026245,2.5033,0.17578,0
0.0019836,0.01709,0.036926,2.2757,0.18555,0
-0.0012207,0.017853,0.043945,3.186,0.19562,0
-0.0022888,0.018463,0.04425,3.186,0.20386,0
-0.0053406,0.020142,0.040741,2.9584,0.21149,0
-0.0074768,0.02121,0.027924,2.9584,0.21606,0
-0.0067139,0.018463,0.0067139,2.2757,0.22095,0
-0.0010681,0.016632,-0.016785,2.9584,0.22552,0
0.00076294,0.01709,-0.036011,2.9584,0.23132,0
-0.009613,0.015869,-0.039825,2.9584,0.23834,0
-0.023193,0.015717,-0.024261,2.2757,0.24292,0
-0.031891,0.016479,-0.0021362,2.2757,0.24353,0
-0.039062,0.018311,0.013123,2.5033,0.24078,0
-0.039673,0.016174,0.023804,2.2757,0.23468,0
-0.02243,0.015717,0.032654,3.4135,0.23041,0
-0.00015259,0.016785,0.031433,2.7309,0.22491,0
0.011444,0.02121,0.020142,2.5033,0.22339,0
0.015106,0.024567,0.011139,2.7309,0.21759,0
0.019836,0.026093,0.0099182,2.2757,0.20935,0
0.026703,0.033112,0.012512,2.2757,0.19684,0
0.032806,0.048676,0.018158,2.0482,0.1828,0
0.034485,0.067291,0.027924,1.1379,0.16998,0
0.032806,0.082397,0.032349,1.3655,0.16418,0
0.025635,0.088348,0.028992,1.8206,0.16449,0
0.014343,0.088654,0.026703,2.0482,0.16663,0
0.0059509,0.08255,0.024261,2.5033,0.16937,0
-0.0033569,0.073853,0.028229,3.4135,0.16754,0
-0.0073242,0.061188,0.043335,2.5033,0.16052,0
-0.0015259,0.045319,0.058899,2.2757,0.15228,0
0.005188,0.03479,0.066681,2.0482,0.14404,0
0.0061035,0.032196,0.067291,2.2757,0.13733,0
0.0059509,0.035095,0.073242,1.5931,0.13458,0
0.010223,0.03418,0.088348,2.5033,0.13458,0
0.015411,0.037384,0.10651,2.0482,0.13733,0
0.02182,0.048523,0.10803,2.0482,0.14252,0
0.024414,0.061646,0.092773,2.0482,0.14618,0
0.021515,0.071869,0.076752,2.0482,0.14648,0
0.018311,0.077209,0.069885,2.2757,0.14191,0
0.012665,0.077515,0.059814,3.186,0.13306,0
0.00091553,0.080719,0.048981,3.186,0.1236,0
-0.010529,0.086517,0.047302,2.5033,0.12177,0
-0.018768,0.084686,0.046844,2.2757,0.12543,0
-0.02533,0.06897,0.039673,2.5033,0.13245,0
-0.029907,0.04303,0.039368,2.2757,0.13947,0
-0.030823,0.0061035,0.059509,2.5033,0.1416,0
-0.03006,-0.033112,0.074463,2.9584,0.13763,0
-0.03006,-0.059662,0.068665,2.5033,0.13245,0
-0.03006,-0.077667,0.05188,2.5033,0.13092,0
-0.026398,-0.091553,0.028381,2.2757,0.1355,0
-0.022736,-0.096741,0.0032043,2.5033,0.14435,0
-0.020599,-0.097046,-0.011292,2.5033,0.15259,0
-0.016479,-0.10239,-0.011139,1.8206,0.15594,0
-0.011139,-0.1152,-0.0024414,2.2757,0.15564,0
-0.0099182,-0.12619,0.012665,2.0482,0.15137,0
-0.01236,-0.12985,0.025482,2.7309,0.14832,0
-0.013275,-0.12863,0.031433,2.0482,0.14862,0
-0.0094604,-0.13107,0.040588,2.5033,0.15198,0
-0.0054932,-0.13382,0.059509,2.0482,0.15503,0
-0.0010681,-0.13733,0.071106,2.5033,0.15656,0
0.0097656,-0.14359,0.077362,2.0482,0.15625,0
0.02533,-0.1506,0.086212,2.2757,0.14984,0
0.041962,-0.1564,0.088654,2.5033,0.13916,0
0.055542,-0.15533,0.079956,2.0482,0.12848,0
0.056763,-0.14374,0.068359,2.5033,0.11871,0
0.049591,-0.12756,0.055695,2.2757,0.10864,0
0.043488,-0.10681,0.043335,1.8206,0.09552,0
0.039062,-0.083923,0.040588,2.2757,0.075989,0
0.030365,-0.066528,0.052338,2.0482,0.049133,0
0.022736,-0.056305,0.066528,2.2757,0.020142,0
0.017548,-0.046844,0.06424,2.2757,-0.0085449,0
0.014648,-0.033722,0.048828,2.2757,-0.033875,0
0.013733,-0.023651,0.036621,2.7309,-0.054626,0
0.01358,-0.021515,0.033875,2.5033,-0.069885,0
0.014801,-0.019989,0.037384,2.0482,-0.081787,0
0.014038,-0.016937,0.040894,2.5033,-0.091858,0
0.014191,-0.014343,0.042419,2.7309,-0.10223,0
0.014191,-0.010071,0.035706,1.8206,-0.11017,0
0.013885,-0.0039673,0.026093,2.2757,-0.11322,0
0.014191,-0.0019836,0.022583,2.7309,-0.11353,0
0.014038,-0.0016785,0.021515,2.2757,-0.10956,0
0.014343,-0.0018311,0.021515,2.2757,-0.10559,0
0.0091553,-0.0015259,0.021667,2.2757,-0.10071,0
0.010376,-0.0016785,0.021667,2.2757,-0.098267,0
0.013275,0.0053406,0.015564,2.9584,-0.098572,0
0.0082397,0.023346,-0.0064087,2.2757,-0.097046,0
-0.0015259,0.027771,-0.03479,2.5033,-0.09613,0
-0.0074768,0.023804,-0.065308,2.7309,-0.092163,0
-0.0086975,0.0097656,-0.10773,2.7309,-0.08606,0
-0.015411,0.0019836,-0.13947,3.186,-0.082092,0
-0.024261,0.017395,-0.10742,2.5033,-0.080566,0
-0.030212,0.041199,-0.044861,2.7309,-0.082397,0
-0.030975,0.053253,-0.01358,2.2757,-0.089417,0
-0.026703,0.059662,-0.0042725,2.2757,-0.1001,0
-0.023651,0.063477,0.013275,2.0482,-0.11383,0
-0.018921,0.064392,0.033417,2.5033,-0.12634,0
-0.018463,0.067291,0.03952,2.2757,-0.13367,0
-0.025787,0.079346,0.03006,3.4135,-0.13702,0
-0.032959,0.095062,0.018616,2.5033,-0.14038,0
-0.0354,0.10391,0.016327,2.9584,-0.14618,0
-0.031281,0.10803,0.027466,2.0482,-0.14954,0
-0.028687,0.1181,0.043182,2.0482,-0.15228,0
-0.031281,0.13336,0.051422,2.5033,-0.1535,0
-0.034027,0.13916,0.045166,2.2757,-0.15594,0
-0.029907,0.13611,0.016632,2.7309,-0.15961,0
-0.022888,0.13916,-0.024719,2.0482,-0.16449,0
-0.013885,0.15182,-0.053253,2.2757,-0.17029,0
-0.0033569,0.15945,-0.063782,2.0482,-0.17548,0
0.0085449,0.16068,-0.065002,2.9584,-0.17975,0
0.011444,0.15717,-0.051727,2.5033,-0.18311,0
0.010376,0.14206,-0.031128,2.0482,-0.18311,0
0.0057983,0.11353,-0.031128,2.2757,-0.18036,0
0.0038147,0.083466,-0.059204,2.2757,-0.17761,0
0.01236,0.056763,-0.074158,2.0482,-0.17151,0
0.025177,0.038147,-0.048065,1.5931,-0.16235,0
0.030823,0.017548,-0.0097656,1.8206,-0.15289,0
0.03067,-0.0082397,-0.0099182,1.8206,-0.14526,0
0.025787,-0.023193,-0.032196,2.0482,-0.14221,0
0.028381,-0.030975,-0.039062,2.0482,-0.14069,0
0.03479,-0.045166,-0.032043,2.5033,-0.14374,0
0.036774,-0.066681,-0.026855,2.9584,-0.14893,0
0.041199,-0.090942,-0.037994,2.7309,-0.15411,0
0.049286,-0.112,-0.071106,2.5033,-0.15808,0
0.052795,-0.12024,-0.09613,2.7309,-0.159,0
0.045319,-0.11597,-0.089264,2.7309,-0.15808,0
0.028839,-0.11154,-0.059357,2.5033,-0.15533,0
0.016632,-0.10925,-0.031433,2.5033,-0.15717,0
0.0065613,-0.10727,-0.019531,2.7309,-0.16052,0
-0.0097656,-0.1062,-0.013123,3.186,-0.16785,0
-0.019531,-0.10284,-0.0036621,2.0482,-0.17303,0
-0.0177,-0.10193,0.011597,2.5033,-0.17426,0
-0.010529,-0.10635,0.019684,2.2757,-0.17273,0
-0.0016785,-0.10803,0.0088501,2.5033,-0.16907,0
0.005188,-0.1033,-0.0048828,3.186,-0.16205,0
0.0036621,-0.093231,-0.0036621,2.5033,-0.1535,0
-0.0090027,-0.080414,0.010223,2.2757,-0.1474,0
-0.02121,-0.068817,0.028076,2.7309,-0.14252,0
-0.022736,-0.065308,0.041046,2.2757,-0.13947,0
-0.018768,-0.068665,0.042419,2.2757,-0.13794,0
-0.018311,-0.069122,0.035095,2.5033,-0.13458,0
-0.017242,-0.065765,0.027008,1.5931,-0.12604,0
-0.012054,-0.060883,0.023041,2.2757,-0.11322,0
-0.00061035,-0.055389,0.023956,2.0482,-0.10498,0
0.0093079,-0.048523,0.028381,1.8206,-0.10376,0
0.010986,-0.042572,0.0383,2.5033,-0.10254,0
0.0073242,-0.039062,0.041809,2.0482,-0.093994,0
0.0073242,-0.035706,0.039215,2.0482,-0.076599,0
0.012207,-0.02594,0.042419,1.8206,-0.055847,0
0.012054,-0.019684,0.054474,1.1379,-0.035706,0
0.0088501,-0.013733,0.060272,1.8206,-0.020447,0
0.0061035,-0.0068665,0.052338,2.0482,-0.0091553,0
0.0022888,-0.00061035,0.041046,2.5033,-0.0039673,0
0,0.0016785,0.036926,2.5033,0.00030518,0
-0.00030518,0.00015259,0.039368,1.8206,0.0042725,0
-0.00076294,0.00045776,0.038605,2.0482,0.011597,0
-0.00045776,0.0047302,0.031433,1.8206,0.019531,0
0.0079346,0.009613,0.019226,2.2757,0.024414,0
0.0086975,0.012665,0.0085449,2.0482,0.028992,0
0.0019836,0.015259,0.0045776,2.7309,0.029297,0
-0.0091553,0.018158,0.0015259,2.5033,0.028076,0
-0.019379,0.020905,-0.0032043,2.7309,0.027161,0
-0.028687,0.019836,-0.0083923,2.7309,0.024414,0
-0.035858,0.016785,-0.012054,2.7309,0.021973,0
-0.042725,0.015106,-0.02121,2.9584,0.023193,0
-0.049438,0.015564,-0.032806,2.2757,0.025024,0
-0.052032,0.015106,-0.036163,2.2757,0.027161,0
-0.058289,0.015411,-0.030212,2.7309,0.028381,0
-0.06897,0.019379,-0.019531,2.7309,0.029297,0
-0.064087,0.023804,-0.010986,2.2757,0.028076,0
-0.03891,0.023193,-0.012054,2.5033,0.026855,0
-0.01297,0.017853,-0.022888,2.2757,0.02594,0
0.0027466,0.016022,-0.015259,2.7309,0.02594,0
0.0093079,0.016174,0.0015259,1.8206,0.028076,0
0.0062561,0.015259,-0.0061035,2.5033,0.030823,0
0.0032043,0.01709,-0.027618,2.2757,0.030212,0
0.010376,0.018616,-0.034485,2.7309,0.029602,0
0.016785,0.015717,-0.024109,2.7309,0.025024,0
0.019836,0.013733,-0.014954,2.5033,0.021973,0
0.023651,0.01297,-0.011444,1.8206,0.018311,0
0.027008,0.012512,-0.0079346,2.5033,0.014954,0
0.027313,0.011139,-0.0019836,2.0482,0.014954,0
0.018463,0.010071,-0.005188,2.2757,0.01709,0
0.007782,0.007019,-0.02182,2.0482,0.022583,0
0.0042725,0.0042725,-0.03479,1.3655,0.02655,0
0.0074768,0.010834,-0.023041,2.2757,0.028076,0
0.0071716,0.020142,-0.0048828,2.0482,0.027161,0
0.0028992,0.022736,-0.0036621,2.2757,0.020752,0
0.00045776,0.019073,-0.0083923,1.8206,0.013733,0
0.0067139,0.016327,-0.0088501,2.5033,0.0082397,0
0.015717,0.014954,-0.0082397,2.2757,0.005188,0
0.019226,0.013428,-0.014191,2.0482,0.0054932,0
0.018005,0.013428,-0.023499,2.2757,0.0057983,0
0.019531,0.014648,-0.022125,2.0482,0.0061035,0
0.022125,0.018768,-0.01297,1.1379,0.005188,0
0.019989,0.021973,-0.0177,2.0482,0.005188,0
0.020905,0.021362,-0.033569,2.2757,0.0067139,0
0.023193,0.017548,-0.040283,2.0482,0.0067139,0
0.02243,0.018616,-0.033875,2.7309,0.0057983,0
0.019379,0.020294,-0.03006,2.5033,0.00061035,0
0.017242,0.016632,-0.032196,2.2757,-0.0048828,0
0.012817,0.014648,-0.034637,2.0482,-0.010071,0
0.010071,0.0080872,-0.032349,1.8206,-0.014343,0
0.0041199,0.002594,-0.030975,2.0482,-0.01709,0
0.0018311,0.0018311,-0.038147,2.0482,-0.020142,0
0.0016785,0.0041199,-0.048523,2.7309,-0.023193,0
0.0016785,0.0056458,-0.054626,2.5033,-0.029602,0
0.00061035,0.0059509,-0.054626,2.5033,-0.037842,0
0.0018311,0.0080872,-0.051727,3.186,-0.04303,0
0.0061035,0.0097656,-0.04776,3.4135,-0.046082,0
0.0076294,0.010681,-0.046082,2.9584,-0.048523,0
0.0035095,0.01236,-0.051422,2.2757,-0.047913,0
0.00061035,0.013275,-0.054321,2.2757,-0.048218,0
0.0018311,0.015106,-0.046082,2.7309,-0.048828,0
0.0083923,0.015259,-0.028839,2.7309,-0.050049,0
0.012817,0.012817,-0.0080872,2.2757,-0.050964,0
0.015564,0.010223,0.011749,2.2757,-0.050964,0
0.0177,0.01297,0.023346,2.2757,-0.050354,0
0.017242,0.015717,0.023956,2.2757,-0.047913,0
0.020447,0.013885,0.022888,2.2757,-0.046997,0
0.024567,0.012512,0.025177,2.2757,-0.047302,0
0.027161,0.010529,0.028839,2.5033,-0.046997,0
0.023651,0.0082397,0.028381,1.8206,-0.049438,0
0.017853,0.0074768,0.02655,2.7309,-0.049744,0
0.0090027,0.0097656,0.028229,2.5033,-0.051575,0
-0.0013733,0.012207,0.029602,2.2757,-0.055847,0
-0.0059509,0.01297,0.031891,3.186,-0.060425,0
-0.007782,0.012817,0.03067,2.7309,-0.066833,0
-0.0054932,0.012512,0.024872,2.5033,-0.074463,0
-0.0047302,0.011444,0.016327,2.2757,-0.083923,0
-0.0064087,0.01297,0.0177,2.2757,-0.095215,0
-0.0094604,0.013885,0.028534,2.7309,-0.1004,0
-0.012207,0.013733,0.03418,2.5033,-0.10101,0
-0.010376,0.014954,0.031891,2.7309,-0.09613,0
-0.0062561,0.013733,0.027313,2.2757,-0.090027,0
-0.0010681,0.0080872,0.019684,2.9584,-0.085754,0
-0.0012207,0.0012207,0.0068665,2.0482,-0.081787,0
-0.0012207,0.0015259,0.0024414,3.186,-0.078125,0
-0.0032043,0.0048828,0.014191,3.186,-0.075073,0
-0.0038147,0.0062561,0.03006,2.5033,-0.071411,0
-0.0033569,0.0038147,0.029602,2.7309,-0.065308,0
-0.0068665,0.00091553,0.015564,2.2757,-0.055237,0
-0.018921,-0.0038147,0.00045776,2.7309,-0.046387,0
-0.027313,-0.0065613,-0.0038147,2.7309,-0.036621,0
-0.024414,-0.0033569,0.0013733,2.7309,-0.029602,0
-0.018768,-0.0024414,0.0091553,2.7309,-0.025024,0
-0.016937,-0.0028992,0.010834,2.5033,-0.021973,0
-0.015259,-0.0013733,0.0041199,2.7309,-0.021973,0
-0.0083923,-0.0018311,-0.0091553,2.7309,-0.025024,0
-0.0041199,-0.0073242,-0.029602,2.9584,-0.028381,0
-0.0016785,-0.011902,-0.04837,2.9584,-0.027771,0
0.0042725,-0.01236,-0.056915,2.9584,-0.022888,0
0.011749,-0.014648,-0.054779,2.9584,-0.016785,0
0.013428,-0.016785,-0.036469,2.7309,-0.010681,0
0.0085449,-0.011902,-0.0085449,2.0482,-0.0042725,0
0.0028992,-0.0019836,0.016479,2.2757,0.00061035,0
-0.0010681,0.0035095,0.034332,2.2757,0.0045776,0
-0.0073242,0.0042725,0.04425,2.9584,0.010376,0
-0.02243,0.0059509,0.044556,2.7309,0.01709,0
-0.03418,0.0065613,0.039215,2.7309,0.027161,0
-0.030518,0.0028992,0.033112,2.7309,0.037537,0
-0.013885,-0.00030518,0.030823,2.2757,0.046082,0
0.007019,-0.0010681,0.031891,2.5033,0.053101,0
0.024719,-0.0010681,0.023651,2.2757,0.055542,0
0.037079,-0.0059509,-0.0068665,1.5931,0.056458,0
0.037231,-0.010376,-0.042267,1.1379,0.055542,0
0.029907,-0.0013733,-0.010986,2.0482,0.054626,0
0.020905,0.0076294,0.061798,2.0482,0.054626,0
0.0083923,0.00091553,0.082092,1.8206,0.056763,0
-0.0033569,-0.010529,0.058746,2.0482,0.06012,0
-0.0091553,-0.013123,0.040131,1.8206,0.065308,0
-0.0067139,-0.009613,0.030365,1.8206,0.066833,0
-0.005188,-0.010071,0.018158,2.0482,0.067139,0
-0.0083923,-0.015564,-0.0010681,2.5033,0.065613,0
-0.010529,-0.020294,-0.023499,1.8206,0.067444,0
-0.010529,-0.023499,-0.036469,2.0482,0.074463,0
-0.0079346,-0.024567,-0.034943,2.5033,0.087585,0
-0.0048828,-0.019989,-0.022125,2.2757,0.1062,0
-0.0021362,-0.013885,-0.0021362,2.0482,0.1239,0
-0.0019836,-0.012512,0.017853,2.5033,0.13702,0
-0.0036621,-0.016174,0.025482,2.5033,0.14435,0
-0.0062561,-0.019379,0.0177,2.5033,0.14832,0
-0.0076294,-0.018158,0.0039673,2.5033,0.15137,0
-0.0041199,-0.014496,-0.0047302,2.0482,0.15594,0
0.004425,-0.01297,-0.010223,2.9584,0.16327,0
0.01358,-0.014801,-0.0039673,1.8206,0.17548,0
0.019226,-0.01236,0.024414,2.5033,0.1886,0
0.026093,-0.0068665,0.045013,2.5033,0.20447,0
0.031433,-0.0065613,0.030975,2.2757,0.21973,0
0.033112,-0.0090027,-0.0038147,1.3655,0.23529,0
0.031128,-0.011902,-0.034943,1.8206,0.25085,0
0.02594,-0.0097656,-0.038605,1.8206,0.26337,0
0.014038,-0.0039673,-0.018463,1.3655,0.27435,0
0.0027466,-0.0030518,0.0076294,2.2757,0.28168,0
0.0018311,-0.0048828,0.020142,2.7309,0.28564,0
0.0082397,-0.0050354,0.018311,2.2757,0.29022,0
0.011597,-0.0064087,0.010834,2.7309,0.29388,0
0.0059509,-0.0083923,0.0053406,2.7309,0.29785,0
-0.0024414,-0.0083923,0.011444,2.5033,0.3006,0
-0.0057983,-0.005188,0.031433,1.8206,0.30548,0
0.00045776,-0.00076294,0.047455,2.5033,0.30975,0
0.01358,0,0.043488,2.0482,0.31281,0
0.023956,-0.0013733,0.031738,1.5931,0.31738,0
0.022125,-0.0059509,0.027771,2.5033,0.32043,0
0.014648,-0.0090027,0.031281,2.2757,0.32593,0
0.017548,-0.0085449,0.03067,2.0482,0.33112,0
0.02121,-0.0093079,0.024567,2.0482,0.33539,0
0.019531,-0.0071716,0.024872,2.0482,0.33783,0
0.0090027,-0.0062561,0.030823,2.2757,0.33936,0
-0.00091553,-0.0065613,0.031738,2.7309,0.33936,0
-0.007019,-0.0057983,0.024567,2.5033,0.33539,0
-0.0093079,-0.0035095,0.010529,2.0482,0.32959,0
-0.01358,-0.00045776,-0.0054932,1.8206,0.32532,0
-0.01709,0.0019836,-0.013275,2.5033,0.32471,0
-0.01297,0.0045776,-0.016937,2.5033,0.3244,0
-0.007782,0.0064087,-0.018768,2.2757,0.32166,0
-0.0010681,0.0090027,-0.019989,2.2757,0.31311,0
0.0032043,0.0093079,-0.013733,2.2757,0.30151,0
0.0030518,0.010834,-0.0082397,2.7309,0.289,0
0.0021362,0.0076294,-0.0177,2.7309,0.28046,0
0.0028992,0.0010681,-0.030975,3.186,0.27557,0
0.0027466,0.0018311,-0.032959,2.7309,0.27191,0
-0.0022888,0.0067139,-0.029144,2.0482,0.26672,0
-0.010071,0.0073242,-0.019989,2.5033,0.25757,0
-0.023804,0.0030518,-0.012207,2.0482,0.24811,0
-0.041046,0.0010681,-0.0053406,2.2757,0.24139,0
-0.052948,0.00030518,0.00091553,2.5033,0.23651,0
-0.059357,0.0013733,0.0018311,2.2757,0.23376,0
-0.06134,0.0028992,0.0038147,3.4135,0.23407,0
-0.061798,0.0061035,0.011292,2.5033,0.23285,0
-0.061951,0.0093079,0.020752,2.5033,0.23071,0
-0.061646,0.0099182,0.031586,2.9584,0.22461,0
-0.062103,0.0085449,0.038605,2.7309,0.21759,0
-0.061798,0.0088501,0.038605,2.7309,0.21393,0
-0.061798,0.010071,0.033875,2.5033,0.21027,0
-0.019989,0.010834,0.031891,2.5033,0.20111,0
0.019684,0.010529,0.031281,2.5033,0.1889,0
0.034943,0.010834,0.031433,2.7309,0.18158,0
0.045166,0.010071,0.033722,2.9584,0.17822,0
0.054932,0.0088501,0.041199,2.7309,0.17914,0
0.066681,0.0091553,0.044403,2.5033,0.18127,0
0.068512,0.010986,0.039825,2.7309,0.18463,0
0.056763,0.0099182,0.033569,3.4135,0.18799,0
0.052032,0.010376,0.027466,2.7309,0.19073,0
0.055695,0.011597,0.015717,2.5033,0.19531,0
0.062408,0.010071,-0.00015259,2.5033,0.19989,0
0.070343,0.0085449,-0.0094604,2.2757,0.20447,0
0.075378,0.007782,-0.011139,2.7309,0.20752,0
0.067749,0.005188,-0.005188,2.0482,0.21088,0
0.048523,0.0012207,0.0065613,1.5931,0.21118,0
0.035858,-0.0019836,0.0099182,2.5033,0.21118,0
0.033112,-0.0021362,0.0013733,2.0482,0.20752,0
0.030975,-0.00076294,-0.0085449,2.2757,0.20447,0
0.026245,0.0035095,0.0018311,2.5033,0.20172,0
0.025024,0.0065613,0.031738,2.5033,0.20081,0
0.027313,0.0028992,0.042877,2.5033,0.19562,0
0.033112,0.0024414,0.029602,3.186,0.18646,0
0.046692,0.0050354,0.010376,3.186,0.1767,0
0.055389,0.0059509,0.0024414,2.7309,0.16785,0
0.049438,0.0028992,0.0074768,2.7309,0.16388,0
0.032349,0.0027466,0.013733,3.186,0.16632,0
0.011139,0.0022888,0.0076294,2.7309,0.17181,0
-0.016785,-0.0010681,-0.0097656,2.9584,0.17609,0
-0.047302,-0.0030518,-0.015869,3.186,0.17548,0
-0.072479,-0.0021362,-0.0013733,2.5033,0.17365,0
-0.089569,-0.0038147,0.018005,3.186,0.16907,0
-0.10406,-0.011139,0.023346,2.7309,0.16602,0
-0.1123,-0.020447,0.0090027,2.7309,0.16357,0
-0.10193,-0.029144,-0.013275,2.5033,0.16174,0
-0.08194,-0.033417,-0.032806,2.5033,0.15747,0
-0.068207,-0.031586,-0.042877,2.7309,0.15076,0
-0.057983,-0.026855,-0.042267,3.4135,0.1413,0
-0.044861,-0.018616,-0.03479,2.2757,0.13702,0
-0.03006,-0.012665,-0.028839,2.9584,0.13184,0
-0.011444,-0.0059509,-0.030975,3.4135,0.12268,0
0.0047302,-0.0033569,-0.041504,3.186,0.1123,0
0.013733,-0.004425,-0.069733,2.2757,0.10345,0
0.016022,0.00015259,-0.0914,2.7309,0.099487,0
0.012207,0.0086975,-0.058594,2.5033,0.1004,0
0.0021362,0.0064087,-0.0022888,3.186,0.10162,0
-0.0024414,-0.0035095,0.014038,2.7309,0.10132,0
0.0016785,-0.0036621,0.0085449,2.7309,0.1004,0
0.0079346,0.0035095,0.013885,2.5033,0.1001,0
0.01236,0.0091553,0.03006,2.5033,0.10193,0
0.01236,0.011292,0.042572,2.7309,0.097351,0
0.0057983,0.0086975,0.043945,1.8206,0.08667,0
-0.0013733,0.0039673,0.034943,2.5033,0.072632,0
-0.0080872,0.0013733,0.022583,2.5033,0.060425,0
-0.015564,0.0018311,0.022888,2.2757,0.055237,0
-0.015564,0.0047302,0.037994,2.2757,0.059204,0
-0.018158,0.0071716,0.048828,2.5033,0.073547,0
-0.025024,0.0065613,0.047302,3.4135,0.093384,0
-0.036011,0.0016785,0.036774,2.7309,0.12329,0
-0.045166,-0.0079346,0.0085449,2.7309,0.16113,0
-0.040283,-0.012817,-0.023041,2.2757,0.18311,0
-0.028229,0.0032043,-0.00091553,2.5033,0.177,0
-0.020599,0.018005,0.051575,2.0482,0.1532,0
-0.015564,0.0091553,0.063324,2.2757,0.12604,0
-0.011292,-0.0041199,0.046387,2.2757,0.10895,0
-0.0047302,-0.010223,0.035706,2.5033,0.10101,0
0.0010681,-0.0093079,0.0354,2.7309,0.099792,0
0.0061035,-0.0035095,0.033875,3.186,0.095215,0
0.014801,0.0012207,0.036926,3.4135,0.085449,0
0.027313,0.00015259,0.03952,2.7309,0.070801,0
0.030823,-0.0030518,0.034332,2.5033,0.050049,0
0.020752,-0.0033569,0.024414,2.2757,0.026855,0
0.016174,-0.0024414,0.014648,3.4135,0.0045776,0
0.019989,-0.0038147,0.0035095,2.5033,-0.013733,0
0.024109,-0.0057983,-0.017853,2.5033,-0.02655,0
0.023651,-0.011444,-0.046387,2.9584,-0.033264,0
0.013428,-0.01297,-0.052948,3.4135,-0.031433,0
0.0021362,-0.013123,-0.037689,2.7309,-0.027161,0
-0.011902,-0.015564,-0.029907,2.5033,-0.023499,0
-0.022736,-0.017853,-0.034027,3.186,-0.019226,0
-0.019531,-0.017395,-0.043335,3.4135,-0.0097656,0
-0.0048828,-0.019379,-0.05188,2.9584,0.0030518,0
0.011444,-0.021362,-0.064087,2.5033,0.016174,0
0.020752,-0.0177,-0.071869,2.5033,0.024719,0
0.018768,-0.011139,-0.06897,2.7309,0.030823,0
0.014191,-0.0080872,-0.058441,2.5033,0.032959,0
0.0085449,-0.007782,-0.052643,2.7309,0.025635,0
-0.00061035,-0.0067139,-0.054169,2.9584,0.0079346,0
-0.0027466,-0.0048828,-0.056763,2.7309,-0.0079346,0
0.0068665,-0.0045776,-0.068054,2.9584,-0.015564,0
0.017853,-0.004425,-0.087585,2.5033,-0.0091553,0
0.023804,-0.00015259,-0.10986,2.7309,0.00061035,0
0.030823,0.0057983,-0.12741,2.7309,0.014038,0
0.032501,0.014343,-0.14404,2.0482,0.016785,0
0.027161,0.019073,-0.16464,2.2757,0.0027466,0
0.018921,0.017548,-0.18951,2.5033,-0.021667,0
0.016632,0.019073,-0.21423,2.2757,-0.038147,0
0.019836,0.026093,-0.22934,2.7309,-0.040283,0
0.020447,0.028229,-0.23956,2.2757,-0.033569,0
0.016632,0.023804,-0.24811,1.8206,-0.02594,0
0.011292,0.015869,-0.25696,2.0482,-0.020752,0
0.0016785,0.011902,-0.25726,2.2757,-0.012512,0
-0.015564,0.0093079,-0.25543,2.7309,0.0064087,0
-0.031433,0.002594,-0.25986,3.186,0.038757,0
-0.036926,-0.0059509,-0.27069,2.5033,0.076599,0
-0.040894,-0.014343,-0.27054,2.7309,0.11139,0
-0.043793,-0.021973,-0.26871,2.7309,0.13214,0
-0.039673,-0.031738,-0.28702,3.186,0.13794,0
-0.025177,-0.03952,-0.32272,2.2757,0.14252,0
-0.0094604,-0.041046,-0.36331,3.4135,0.15228,0
-0.0047302,-0.037537,-0.40421,3.4135,0.16724,0
-0.010986,-0.035553,-0.44571,2.9584,0.18555,0
-0.023193,-0.030518,-0.47882,2.9584,0.2002,0
-0.038757,-0.023346,-0.49194,2.7309,0.21118,0
-0.042114,-0.014648,-0.49072,2.7309,0.2182,0
-0.027924,-0.0082397,-0.48996,2.7309,0.21545,0
-0.0068665,-0.0057983,-0.48264,2.5033,0.20264,0
0.01358,-0.00045776,-0.457,2.2757,0.18188,0
0.032349,0.0091553,-0.42465,2.7309,0.15747,0
0.040283,0.017242,-0.40619,2.2757,0.12726,0
0.042419,0.024414,-0.39948,2.5033,0.090637,0
0.04303,0.029755,-0.38162,2.9584,0.057068,0
0.040741,0.032654,-0.35507,2.5033,0.035095,0
0.031281,0.031738,-0.3476,2.2757,0.031738,0
0.018921,0.034332,-0.35675,2.5033,0.032959,0
0.0080872,0.040283,-0.35156,3.186,0.028992,0
-0.002594,0.045471,-0.31021,2.2757,0.018921,0
-0.017395,0.050659,-0.24216,2.2757,0.010071,0
-0.033417,0.050507,-0.1825,2.2757,0.0091553,0
-0.044556,0.047455,-0.1503,2.0482,0.020752,0
-0.042419,0.051422,-0.10986,2.0482,0.040283,0
-0.032806,0.060883,-0.032806,2.2757,0.059814,0
-0.019226,0.069122,0.059509,2.0482,0.071411,0
-0.013428,0.069427,0.14771,2.0482,0.067444,0
-0.010223,0.06134,0.22583,2.2757,0.045776,0
-0.0036621,0.048828,0.29449,2.0482,0.011902,0
0.0041199,0.036774,0.36713,2.0482,-0.023499,0
0.016327,0.029449,0.43335,2.7309,-0.048523,0
0.034637,0.025177,0.48569,2.2757,-0.056152,0
0.04425,0.022736,0.53024,2.5033,-0.046387,0
0.037689,0.020752,0.58502,2.0482,-0.028381,0
0.016785,0.02182,0.65628,2.2757,-0.011902,0
-0.014648,0.025787,0.7402,2.5033,-0.0067139,0
-0.030365,0.023804,0.82901,2.2757,-0.013733,0
-0.025635,0.0090027,0.9021,2.9584,-0.027161,0
-0.019836,-0.0062561,0.93994,2.7309,-0.041199,0
-0.016632,-0.019989,0.95474,2.5033,-0.053101,0
-0.021362,-0.033264,0.97046,2.2757,-0.054932,0
-0.034332,-0.042267,0.99365,2.0482,-0.045471,0
-0.046234,-0.047455,1.015,2.2757,-0.023804,0
-0.054321,-0.053253,1.0347,3.186,-0.0018311,0
-0.061798,-0.067139,1.0439,2.2757,0.0082397,0
-0.063171,-0.088654,1.0196,3.186,0.0082397,0
-0.063324,-0.10208,0.99258,2.2757,0.0097656,0
-0.059052,-0.087738,1.0229,2.0482,0.015259,0
-0.049438,-0.072327,1.0661,2.5033,0.023193,0
-0.040131,-0.077515,1.0565,2.9584,0.022583,0
-0.029907,-0.078888,1.0211,3.186,0.010071,0
-0.013428,-0.066528,1.004,3.4135,-0.014038,0
0.0048828,-0.051575,1.002,2.5033,-0.045166,0
0.024109,-0.04303,0.97702,2.9584,-0.072021,0
0.041809,-0.043335,0.93201,2.9584,-0.073547,0
0.050507,-0.048218,0.90424,2.9584,-0.048523,0
0.056458,-0.048218,0.88196,2.7309,-0.016174,0
0.064392,-0.041962,0.82901,2.7309,-0.0036621,0
0.069122,-0.033569,0.75607,2.5033,-0.022583,0
0.066528,-0.024567,0.69611,2.2757,-0.063171,0
0.060425,-0.018768,0.64667,2.0482,-0.10681,0
0.057831,-0.019531,0.5928,2.2757,-0.13519,0
0.057678,-0.020599,0.53589,2.2757,-0.14038,0
0.05188,-0.018463,0.48172,2.5033,-0.12665,0
0.040588,-0.020294,0.42862,2.2757,-0.10498,0
0.027313,-0.024261,0.36713,2.7309,-0.085144,0
0.014496,-0.025482,0.29114,2.2757,-0.071716,0
0.0059509,-0.023041,0.20554,2.0482,-0.062866,0
0.0059509,-0.019073,0.12909,2.0482,-0.048218,0
0.010529,-0.015411,0.060577,1.8206,-0.027771,0
0.013428,-0.016174,0.0012207,2.5033,-0.012512,0
0.014191,-0.013885,-0.03067,2.2757,-0.0064087,0
0.011597,-0.0059509,-0.052338,2.5033,-0.0094604,0
0.0024414,0.00030518,-0.073242,2.7309,-0.024109,0
-0.010681,0.0057983,-0.071411,2.7309,-0.04303,0
-0.021515,0.0059509,-0.081482,2.0482,-0.064392,0
-0.026398,0.0059509,-0.13214,2.7309,-0.078125,0
-0.021515,0.0086975,-0.19394,2.0482,-0.075073,0
-0.012054,0.013275,-0.23666,2.7309,-0.054932,0
-0.004425,0.016937,-0.26016,3.186,-0.029907,0
0,0.01358,-0.2832,2.7309,-0.0067139,0
0.0015259,0.009613,-0.31647,3.186,0.0079346,0
0.0041199,0.0091553,-0.3537,2.5033,0.013123,0
0.0099182,0.01236,-0.39337,2.2757,0.010986,0
0.013275,0.013885,-0.43625,2.7309,0.0064087,0
0.0082397,0.014343,-0.45975,2.7309,0.0024414,0
-0.00030518,0.018921,-0.47684,2.9584,0.0045776,0
-0.00091553,0.025787,-0.50583,2.7309,0.015259,0
0.0057983,0.03006,-0.53574,2.9584,0.029297,0
0.016327,0.035248,-0.54749,2.7309,0.047607,0
0.026245,0.042114,-0.54108,2.7309,0.071716,0
0.028992,0.047302,-0.53284,2.9584,0.1001,0
0.020599,0.046387,-0.52704,2.9584,0.12848,0
0.0053406,0.041656,-0.51926,2.9584,0.14069,0
-0.0039673,0.039978,-0.50964,2.9584,0.13062,0
-0.0094604,0.036926,-0.49927,2.5033,0.10925,0
-0.012054,0.032043,-0.48691,2.7309,0.091858,0
-0.012817,0.024261,-0.46951,2.9584,0.083313,0
-0.015564,0.017853,-0.44724,2.5033,0.089417,0
-0.020599,0.011749,-0.42633,3.4135,0.099182,0
-0.022888,0.0093079,-0.41656,2.9584,0.10925,0
-0.011902,0.010529,-0.41672,2.2757,0.11536,0
0.013275,0.012054,-0.41977,2.5033,0.11658,0
0.039978,0.012207,-0.41245,2.0482,0.11078,0
0.059662,0.0083923,-0.39169,2.5033,0.10498,0
0.065765,0.004425,-0.37186,2.7309,0.10651,0
0.054169,0.0028992,-0.35828,2.7309,0.11108,0
0.035858,0.0010681,-0.34836,2.2757,0.11261,0
0.020142,-0.0027466,-0.34027,2.2757,0.1062,0
0.013123,-0.0080872,-0.33127,2.0482,0.095215,0
0.010681,-0.01236,-0.32196,2.5033,0.088196,0
0.0097656,-0.012817,-0.31769,2.2757,0.088501,0
0.0177,-0.012054,-0.31586,2.2757,0.092163,0
0.024261,-0.011444,-0.31006,2.5033,0.093079,0
0.010376,-0.010376,-0.29617,2.7309,0.087891,0
-0.0099182,-0.0085449,-0.27954,2.5033,0.079651,0
-0.016479,-0.010529,-0.26047,2.5033,0.071716,0
-0.012512,-0.013733,-0.24475,2.2757,0.067444,0
-0.014954,-0.014954,-0.23834,2.7309,0.069275,0
-0.022583,-0.012512,-0.2356,2.5033,0.083313,0
-0.027771,-0.004425,-0.22446,2.7309,0.10803,0
-0.03067,0.0030518,-0.20599,2.7309,0.13031,0
-0.027008,0.0030518,-0.19196,2.7309,0.13916,0
-0.02121,0.0012207,-0.18539,2.2757,0.1358,0
-0.017242,-0.0010681,-0.18066,2.5033,0.12817,0
-0.0061035,-0.0085449,-0.16937,2.0482,0.12878,0
0.0086975,-0.015717,-0.15457,2.7309,0.13824,0
0.018158,-0.015564,-0.14557,3.4135,0.15869,0
0.019989,-0.012817,-0.13931,3.6411,0.18372,0
0.020752,-0.010834,-0.12894,2.9584,0.19989,0
0.020294,-0.0062561,-0.11841,2.2757,0.20233,0
0.015717,-0.0013733,-0.11902,3.186,0.1947,0
0.0056458,0.0065613,-0.12924,2.9584,0.18585,0
-0.0045776,0.020599,-0.13336,2.5033,0.17853,0
-0.0042725,0.03418,-0.11765,2.9584,0.16907,0
0.011444,0.040894,-0.1001,3.186,0.16052,0
0.023956,0.042725,-0.090027,2.7309,0.15717,0
0.017242,0.045929,-0.079956,3.186,0.15869,0
0.0010681,0.050354,-0.065613,2.9584,0.16083,0
-0.0080872,0.049438,-0.057526,2.2757,0.16388,0
-0.011444,0.039825,-0.062866,2.5033,0.16205,0
-0.017548,0.027466,-0.074921,1.8206,0.15594,0
-0.024719,0.025482,-0.074615,2.2757,0.14801,0
-0.033569,0.029755,-0.042267,2.7309,0.13916,0
-0.038605,0.029449,-0.0080872,2.5033,0.13702,0
-0.039368,0.026245,-0.0059509,1.8206,0.14709,0
-0.043488,0.024872,-0.019531,2.7309,0.16388,0
-0.040283,0.024414,-0.028229,1.5931,0.18402,0
-0.023041,0.025177,-0.037079,1.8206,0.19775,0
0.0030518,0.018463,-0.053711,2.2757,0.20233,0
0.026093,0.0074768,-0.072784,1.8206,0.19257,0
0.036316,0.0035095,-0.081635,1.3655,0.177,0
0.036163,-0.0016785,-0.070648,1.5931,0.16357,0
0.020294,-0.010071,-0.052185,2.7309,0.15808,0
-0.0073242,-0.014343,-0.030823,2.2757,0.16418,0
-0.031433,-0.021362,-0.015717,2.5033,0.16846,0
-0.039978,-0.037231,-0.01358,2.7309,0.16357,0
-0.036774,-0.057526,-0.040131,2.2757,0.15289,0
-0.032349,-0.057526,-0.058136,2.2757,0.14862,0
-0.026855,-0.027924,-0.021057,2.2757,0.16266,0
-0.024872,-0.0045776,0.014038,2.5033,0.18585,0
-0.019073,0.0018311,0.00061035,2.7309,0.19714,0
-0.0053406,0.0074768,-0.020905,3.186,0.19562,0
0.0068665,0.017853,-0.01297,3.4135,0.19165,0
0.018616,0.033875,0.010834,2.7309,0.19196,0
0.030823,0.052338,0.025024,2.9584,0.18616,0
0.034637,0.061035,0.028534,2.2757,0.16876,0
0.033112,0.059814,0.034332,3.4135,0.14374,0
0.029602,0.059814,0.041656,2.9584,0.11719,0
0.021973,0.070953,0.048981,2.9584,0.093689,0
0.0097656,0.081177,0.057831,2.5033,0.073853,0
-0.0090027,0.079346,0.063934,2.7309,0.062561,0
-0.036469,0.068512,0.069427,3.186,0.069275,0
-0.060883,0.055542,0.066681,3.186,0.088501,0
-0.062866,0.037384,0.054016,2.7309,0.10315,0
-0.050354,0.022888,0.04776,3.186,0.097351,0
-0.034943,0.01297,0.05722,2.7309,0.072327,0
-0.02594,0.0048828,0.077667,2.2757,0.040283,0
-0.021667,-0.00015259,0.092468,1.8206,0.014648,0
-0.014191,-0.0059509,0.085602,2.5033,0.0036621,0
0.0016785,-0.010071,0.060425,2.7309,0.0048828,0
0.02243,-0.013123,0.035706,2.5033,0.014648,0
0.03952,-0.018463,0.024567,2.7309,0.023193,0
0.03952,-0.028076,0.017395,2.7309,0.026855,0
0.023499,-0.041504,0.014954,2.2757,0.019226,0
0.0088501,-0.049744,0.026398,2.7309,0.0039673,0
0.00045776,-0.04715,0.036621,2.5033,-0.0027466,0
-0.0045776,-0.051117,0.031128,2.7309,0.016174,0
-0.012054,-0.06485,0.017548,2.5033,0.045776,0
-0.016632,-0.079041,0.012665,1.8206,0.057983,0
-0.0091553,-0.085602,0.013428,2.5033,0.036926,0
0.0010681,-0.086212,0.0094604,2.0482,0.00091553,0
0.0093079,-0.087738,0.0053406,2.2757,-0.024719,0
0.016174,-0.090179,0.0090027,2.9584,-0.036011,0
0.018158,-0.095062,0.022278,2.2757,-0.046692,0
0.0086975,-0.10056,0.039215,2.2757,-0.062256,0
0.0018311,-0.10284,0.046692,2.2757,-0.083618,0
0.0057983,-0.09903,0.027466,2.9584,-0.10925,0
0.015106,-0.089722,-0.0065613,2.2757,-0.13367,0
0.019073,-0.076447,-0.0033569,2.7309,-0.15228,0
0.0094604,-0.060577,0.042419,2.9584,-0.1593,0
-0.0015259,-0.054474,0.071564,3.186,-0.1535,0
-0.0093079,-0.05249,0.068207,2.7309,-0.13916,0
-0.016785,-0.050507,0.066376,2.2757,-0.11627,0
-0.018921,-0.048218,0.079803,3.186,-0.090637,0
-0.015564,-0.04303,0.09079,2.7309,-0.061951,0
-0.013885,-0.036469,0.089722,3.186,-0.018921,0
-0.015717,-0.031586,0.090942,3.186,0.030823,0
-0.018463,-0.032349,0.10559,3.186,0.059814,0
-0.025787,-0.029755,0.12573,2.7309,0.05249,0
-0.040741,-0.023804,0.13809,2.2757,0.012817,0
-0.050659,-0.016785,0.14221,2.2757,-0.031128,0
-0.043335,-0.0091553,0.14023,2.7309,-0.059814,0
-0.031433,-0.0032043,0.13016,2.5033,-0.082092,0
-0.020294,0.0010681,0.11505,3.186,-0.097656,0
-0.00091553,0.0079346,0.10223,2.9584,-0.10468,0
0.020294,0.013275,0.096893,2.7309,-0.10834,0
0.037231,0.014191,0.084534,2.2757,-0.11475,0
0.05127,0.011139,0.064545,2.2757,-0.12115,0
0.056152,0.0083923,0.068359,2.2757,-0.12207,0
0.050507,0.0030518,0.092316,2.5033,-0.11017,0
0.045319,-0.0067139,0.091858,2.2757,-0.075684,0
0.046082,-0.015106,0.060577,2.2757,-0.028076,0
0.050201,-0.019684,0.037537,2.2757,0.020142,0
0.054779,-0.016937,0.037842,1.8206,0.057373,0
0.059662,-0.009613,0.038605,2.5033,0.069885,0
0.062103,-0.0015259,0.032959,2.0482,0.058594,0
0.061493,0.0068665,0.034637,2.0482,0.044861,0
0.055695,0.013733,0.046234,2.0482,0.042725,0
0.042725,0.0177,0.057678,2.0482,0.050964,0
0.030212,0.020142,0.061951,1.5931,0.062256,0
0.021362,0.022125,0.059967,2.2757,0.068359,0
0.014954,0.023651,0.060272,1.8206,0.066223,0
0.0086975,0.026855,0.063782,2.0482,0.059814,0
0,0.028534,0.063019,2.2757,0.050354,0
-0.011292,0.030365,0.052643,2.2757,0.041809,0
-0.024261,0.032501,0.032349,2.2757,0.032043,0
-0.030823,0.030212,0.013275,2.2757,0.026245,0
-0.031128,0.027161,0.0053406,2.2757,0.029297,0
-0.02655,0.027771,0.0047302,2.5033,0.039673,0
-0.016174,0.029755,0.0018311,2.5033,0.05188,0
-0.0012207,0.031586,0,3.186,0.062561,0
0.0068665,0.0354,0.0050354,2.2757,0.079956,0
0.0030518,0.036011,0.013428,2.7309,0.10468,0
-0.0047302,0.036011,0.018768,2.9584,0.14008,0
-0.010376,0.033875,0.02121,2.7309,0.18463,0
-0.010223,0.033417,0.020294,3.186,0.22339,0
-0.0036621,0.036774,0.022125,3.4135,0.24963,0
-0.0016785,0.042267,0.029755,2.9584,0.26611,0
-0.010681,0.04303,0.036621,2.9584,0.27374,0
-0.021515,0.039062,0.040588,3.186,0.27191,0
-0.020599,0.037384,0.041962,2.7309,0.26459,0
-0.011749,0.041504,0.042114,2.7309,0.25665,0
-0.007019,0.044556,0.040894,3.186,0.25543,0
-0.012665,0.041351,0.033112,2.7309,0.26459,0
-0.026398,0.043945,0.022278,2.9584,0.28534,0
-0.03479,0.054321,0.014191,2.9584,0.30579,0
-0.032196,0.06073,0.0048828,2.7309,0.31311,0
-0.020142,0.055389,-0.018768,2.7309,0.3006,0
-0.0064087,0.04425,-0.042267,2.7309,0.27252,0
0.0015259,0.041199,-0.032806,2.5033,0.24567,0
0.0086975,0.039825,-0.009613,2.2757,0.23193,0
0.020294,0.029449,-0.0027466,2.7309,0.23529,0
0.02594,0.019531,-0.0019836,2.2757,0.242,0
0.023193,0.019379,-0.00030518,2.5033,0.2359,0
0.021362,0.022278,-0.00015259,2.5033,0.21271,0
0.021515,0.021667,-0.0036621,2.9584,0.19135,0
0.020447,0.02243,-0.0080872,2.7309,0.19287,0
0.020599,0.018463,-0.029907,2.0482,0.21545,0
0.02594,0.011749,-0.066681,1.5931,0.24078,0
0.028839,0.024414,-0.059052,2.0482,0.25299,0
0.026398,0.038452,-0.014343,2.0482,0.24597,0
0.023499,0.031586,-0.007782,2.2757,0.22614,0
0.024109,0.022736,-0.030518,2.2757,0.20386,0
0.024719,0.02243,-0.029907,2.2757,0.18768,0
0.023956,0.015106,-0.0059509,2.5033,0.17426,0
0.021362,-0.0010681,0.010223,2.7309,0.16327,0
0.012512,-0.018005,0.0038147,2.5033,0.15198,0
-0.0021362,-0.028534,-0.0076294,2.9584,0.14008,0
-0.019836,-0.032654,-0.0082397,2.5033,0.12299,0
-0.034485,-0.032349,0,1.8206,0.10742,0
-0.034943,-0.034485,0.00015259,2.7309,0.091858,0
-0.027924,-0.040588,-0.010681,2.2757,0.08606,0
-0.023499,-0.049286,-0.020905,2.9584,0.080566,0
-0.023956,-0.05722,-0.024261,3.4135,0.074158,0
-0.02243,-0.059967,-0.023956,2.7309,0.061035,0
-0.012054,-0.058441,-0.020599,2.9584,0.04425,0
0.0054932,-0.058136,-0.015106,3.186,0.030823,0
0.023499,-0.055237,-0.004425,2.2757,0.021667,0
0.039062,-0.05127,0.009613,2.9584,0.018005,0
0.040436,-0.049438,0.021667,2.7309,0.012207,0
0.023041,-0.04715,0.020294,2.9584,0.0015259,0
0.0021362,-0.043945,0.0056458,2.7309,-0.011597,0
-0.010376,-0.040588,-0.0053406,2.7309,-0.029602,0
-0.015717,-0.037689,-0.0059509,2.0482,-0.049438,0
-0.025635,-0.037537,0.0012207,2.2757,-0.069275,0
-0.037689,-0.034943,0.0093079,2.5033,-0.085754,0
-0.041809,-0.028992,0.014191,3.186,-0.10071,0
-0.038757,-0.020752,0.012817,2.9584,-0.11078,0
-0.031128,-0.013275,0.0076294,2.2757,-0.11749,0
-0.021515,-0.013428,0.0086975,2.5033,-0.1239,0
-0.014191,-0.0079346,0.027008,2.2757,-0.13367,0
-0.0015259,0.0012207,0.047913,2.2757,-0.15106,0
0.0079346,0.0056458,0.054016,2.0482,-0.17395,0
0.0036621,0.007782,0.058136,2.2757,-0.19989,0
-0.0045776,0.01297,0.070801,1.8206,-0.22369,0
-0.012817,0.021667,0.081177,2.5033,-0.24445,0
-0.018005,0.029755,0.074463,2.2757,-0.26123,0
-0.023651,0.035858,0.050201,2.2757,-0.26733,0
-0.031433,0.043182,0.027466,2.2757,-0.26611,0
-0.042114,0.055847,0.012817,2.5033,-0.2652,0
-0.055237,0.061951,0.0088501,2.7309,-0.26794,0
-0.067139,0.061951,0.015869,2.9584,-0.27008,0
-0.066986,0.059967,0.025635,2.7309,-0.26794,0
-0.058441,0.059052,0.03067,2.7309,-0.26733,0
-0.057678,0.055389,0.033112,2.2757,-0.27252,0
-0.059509,0.046692,0.032654,2.5033,-0.28656,0
-0.052032,0.032501,0.03006,2.2757,-0.30548,0
-0.041809,0.016632,0.029602,2.2757,-0.32227,0
-0.030212,0.0076294,0.026093,3.186,-0.33173,0
-0.010986,-0.0019836,0.016785,3.186,-0.33142,0
0.013123,-0.013275,0.0067139,2.7309,-0.32745,0
0.041046,-0.026093,-0.012207,2.7309,-0.3244,0
0.063782,-0.036316,-0.038147,2.9584,-0.32532,0
0.07782,-0.032806,-0.042572,2.5033,-0.32684,0
0.087433,-0.020142,-0.024719,2.9584,-0.32623,0
0.087891,-0.014191,-0.010529,2.9584,-0.32104,0
0.074768,-0.015717,-0.0093079,2.5033,-0.30731,0
0.058136,-0.018158,-0.007019,2.9584,-0.29694,0
0.037231,-0.018311,-0.00091553,3.186,-0.29541,0
0.011444,-0.017548,0.00061035,3.186,-0.29968,0
-0.00061035,-0.015411,-0.0045776,3.186,-0.30182,0
0.005188,-0.011597,-0.0097656,3.6411,-0.29755,0
0.018005,-0.0057983,-0.011292,2.9584,-0.2774,0
0.017395,0.0024414,-0.01236,2.7309,-0.2359,0
0.0062561,0.0083923,-0.013275,2.7309,-0.18158,0
-0.0021362,0.0088501,-0.016785,2.7309,-0.13763,0
-0.013275,0.0021362,-0.024719,3.186,-0.11932,0
-0.024261,-0.0062561,-0.030212,2.7309,-0.12634,0
-0.011902,-0.010986,-0.028076,2.5033,-0.1416,0
0.01709,-0.014343,-0.023804,2.0482,-0.1535,0
0.039978,-0.018463,-0.019531,2.5033,-0.15259,0
0.049591,-0.019989,-0.011444,2.5033,-0.14557,0
0.056458,-0.021057,0.0015259,2.7309,-0.13885,0
0.063477,-0.023499,0.011444,2.5033,-0.13519,0
0.063324,-0.023651,0.016479,2.5033,-0.1355,0
0.05661,-0.027771,0.014954,2.9584,-0.13672,0
0.049744,-0.029602,0.0064087,2.7309,-0.1358,0
0.045471,-0.027313,-0.0019836,2.5033,-0.12909,0
0.032959,-0.020294,-0.0010681,2.2757,-0.11627,0
0.0083923,-0.015411,0.0062561,2.0482,-0.10437,0
-0.018463,-0.013733,0.0097656,2.0482,-0.097656,0
-0.040131,-0.0091553,0.0093079,2.2757,-0.1004,0
-0.050964,-0.0010681,0.010223,2.5033,-0.10742,0
-0.043182,0.0033569,0.013428,2.5033,-0.11108,0
-0.020599,0.0045776,0.016022,2.7309,-0.10712,0
0.0018311,0.0065613,0.016327,2.2757,-0.099182,0
0.01297,0.0045776,0.019684,2.2757,-0.090332,0
0.016174,0.00045776,0.028534,3.186,-0.083618,0
0.017853,0.00015259,0.030518,3.4135,-0.079041,0
0.014038,0.00091553,0.017548,3.4135,-0.078125,0
0.0028992,0.0021362,-0.0033569,2.9584,-0.078125,0
-0.010834,0.00015259,-0.017853,2.7309,-0.080261,0
-0.019531,-0.0028992,-0.014648,3.186,-0.078735,0
-0.024719,-0.0047302,0.0016785,2.2757,-0.077209,0
-0.023651,-0.0057983,0.018311,2.5033,-0.072937,0
-0.018311,-0.007019,0.019531,2.9584,-0.067139,0
-0.018616,-0.005188,0.010223,3.186,-0.062256,0
-0.028076,0,0.0032043,2.7309,-0.050354,0
-0.03891,0.0036621,-0.0024414,2.2757,-0.027466,0
-0.044861,0.0030518,-0.010681,2.7309,-0.0036621,0
-0.043182,0.0015259,-0.018921,2.9584,0.018921,0
-0.035706,0.00030518,-0.019379,2.9584,0.032654,0
-0.027466,0.0013733,-0.014343,2.9584,0.033569,0
-0.015259,0.0085449,-0.016022,3.186,0.026245,0
-0.0028992,0.016022,-0.023651,2.7309,0.018311,0
0.0041199,0.023651,-0.024261,2.7309,0.014343,0
0.0074768,0.029297,-0.018158,2.0482,0.0061035,0
0.017242,0.034027,-0.01297,2.5033,-0.018616,0
0.030365,0.040894,-0.0067139,2.2757,-0.046387,0
0.033417,0.046692,0.0038147,2.7309,-0.041809,0
0.02594,0.05188,0.016937,2.2757,0.0015259,0
0.009613,0.05722,0.032043,2.2757,0.061646,0
-0.0073242,0.061646,0.052032,2.2757,0.11536,0
-0.021667,0.059814,0.073395,2.2757,0.14221,0
-0.027008,0.057068,0.085449,2.9584,0.14343,0
-0.027618,0.053711,0.08255,2.5033,0.12939,0
-0.028839,0.044708,0.063324,2.2757,0.11719,0
-0.03067,0.028534,0.01709,2.2757,0.11383,0
-0.034637,0.015869,-0.045471,2.2757,0.12024,0
-0.037689,0.021667,-0.06485,2.7309,0.13153,0
-0.036774,0.034332,-0.012665,2.0482,0.14069,0
-0.034027,0.035095,0.049896,2.9584,0.14465,0
-0.031128,0.023651,0.065155,2.2757,0.14282,0
-0.024261,0.014343,0.041809,2.7309,0.13947,0
-0.007019,0.0057983,0.0028992,2.2757,0.14069,0
0.014648,-0.011139,-0.048676,2.7309,0.14984,0
0.039062,-0.032806,-0.10193,2.9584,0.16266,0
0.06424,-0.039825,-0.12146,2.7309,0.17548,0
0.081635,-0.041046,-0.12497,2.5033,0.18219,0
0.083771,-0.040894,-0.12558,2.9584,0.18433,0
0.076141,-0.041046,-0.12573,2.2757,0.18463,0
0.063171,-0.031586,-0.096436,2.2757,0.18219,0
0.045624,-0.0062561,-0.026855,2.9584,0.17609,0
0.031891,0.0068665,-0.0074768,3.186,0.17059,0
0.014038,0.014801,-0.00030518,2.7309,0.16724,0
-0.0012207,0.025177,0.011292,3.186,0.1709,0
-0.012207,0.031128,0.011292,2.9584,0.18219,0
-0.022888,0.032196,0.00076294,2.9584,0.1947,0
-0.032043,0.031891,-0.0064087,2.9584,0.20691,0
-0.034943,0.023956,-0.0073242,2.0482,0.20996,0
-0.031281,0.0067139,-0.011139,2.7309,0.20203,0
-0.027618,-0.0062561,-0.018158,2.7309,0.18799,0
-0.019379,-0.01358,-0.026093,2.7309,0.17059,0
-0.0045776,-0.016327,-0.028076,3.4135,0.15289,0
0.011444,-0.015106,-0.0076294,3.186,0.14008,0
0.021667,-0.015106,0.018616,2.7309,0.12878,0
0.030823,-0.019989,0.015259,2.7309,0.11627,0
0.037384,-0.029144,-0.0067139,2.9584,0.10468,0
0.041351,-0.032043,-0.013123,1.8206,0.093994,0
0.045624,-0.026093,-0.0061035,2.5033,0.083008,0
0.047913,-0.024719,-0.0085449,2.2757,0.07019,0
0.043182,-0.025482,-0.016174,2.0482,0.052795,0
0.033722,-0.026093,-0.019379,2.0482,0.039062,0
0.025482,-0.026093,-0.019989,2.0482,0.031433,0
0.018463,-0.026093,-0.020447,0.91037,0.030823,0
0.012512,-0.026245,-0.020142,2.2757,0.032349,0
0.0097656,-0.02655,-0.020294,2.2757,0.031433,0
0.0068665,-0.02594,-0.020447,2.7309,0.02594,0
0.002594,-0.026093,-0.020294,2.2757,0.018616,0
-0.0056458,-0.02594,-0.019989,2.0482,0.012512,0
-0.021057,-0.026398,-0.020142,2.9584,0.0057983,0
-0.032501,-0.023804,-0.011292,1.5931,-0.00061035,0
-0.026703,-0.015869,0.0097656,2.2757,-0.0082397,0
-0.010529,-0.0076294,0.015869,2.5033,-0.013123,0
0.0016785,0.0036621,0.015717,2.5033,-0.014954,0
0.0083923,0.012665,0.013885,1.8206,-0.010681,0
0.0086975,0.019836,0.017548,1.8206,-0.0036621,0
-0.0036621,0.025635,0.024719,2.2757,0.0079346,0
-0.018616,0.02533,0.029755,2.7309,0.020752,0
-0.023346,0.023041,0.031738,2.7309,0.025635,0
-0.019226,0.020752,0.033875,3.186,0.022888,0
-0.011292,0.018616,0.035706,2.2757,0.016785,0
-0.005188,0.014191,0.032043,2.5033,0.012817,0
-0.00091553,0.011597,0.027771,2.0482,0.0076294,0
0.0013733,0.013275,0.025177,2.0482,0.0015259,0
-0.0048828,0.016785,0.021515,2.0482,-0.0064087,0
-0.015869,0.016479,0.009613,2.2757,-0.014038,0
-0.027313,0.013275,-0.007782,2.7309,-0.019226,0
-0.032196,0.010834,-0.015106,2.2757,-0.019836,0
-0.031281,0.014038,-0.0047302,2.7309,-0.012207,0
-0.024414,0.01709,0.0097656,3.186,-0.00061035,0
-0.0091553,0.017853,0.015717,2.7309,0.0082397,0
0.010376,0.0177,0.016785,2.9584,0.0082397,0
0.029755,0.019989,0.019379,2.5033,-0.0018311,0
0.031738,0.026093,0.028992,2.9584,-0.016174,0
0.023193,0.029755,0.042572,3.186,-0.026245,0
0.014343,0.025177,0.051575,2.0482,-0.02655,0
0.0042725,0.015869,0.052795,2.5033,-0.014954,0
-0.002594,0.0076294,0.053101,2.9584,0.0024414,0
-0.0012207,0.0024414,0.053864,2.2757,0.020752,0
0.0042725,-0.0041199,0.044403,2.7309,0.032349,0
0.012054,-0.010834,0.026855,2.7309,0.033875,0
0.015717,-0.019531,0.010376,2.0482,0.02594,0
0.0079346,-0.028229,-0.00045776,2.5033,0.010071,0
-0.0047302,-0.028839,-0.0082397,2.5033,-0.0064087,0
-0.012207,-0.023346,-0.012817,2.5033,-0.018921,0
-0.013428,-0.019073,-0.0091553,2.7309,-0.019531,0
-0.0067139,-0.017853,-0.0056458,2.7309,-0.011597,0
0.012512,-0.017548,-0.0091553,2.7309,0.00030518,0
0.03952,-0.013733,-0.017853,1.8206,0.0048828,0
0.05661,-0.0012207,-0.023956,2.2757,0.00030518,0
0.057068,0.015564,-0.026703,2.0482,-0.011292,0
0.029144,0.029449,-0.021362,2.0482,-0.022278,0
0.012054,0.034332,-0.011597,1.8206,-0.02655,0
0.018463,0.032501,-0.0059509,2.5033,-0.024109,0
0.023804,0.022278,0.00045776,1.8206,-0.015869,0
0.012512,0.0054932,0.0065613,2.0482,-0.0045776,0
-0.0038147,-0.012817,0.0033569,2.5033,0.0036621,0
-0.0071716,-0.023651,-0.0022888,2.5033,0.0042725,0
0.0035095,-0.026855,-0.0010681,2.7309,-0.00091553,0
0.018005,-0.025787,0.0033569,2.7309,-0.0067139,0
0.023651,-0.027313,0.0099182,2.5033,-0.007019,0
0.020447,-0.030518,0.018311,2.2757,0,0
0.0090027,-0.029602,0.020447,2.9584,0.0073242,0
-0.011749,-0.028992,0.011292,2.9584,0.014038,0
-0.031281,-0.029144,-0.0042725,3.186,0.020142,0
-0.037689,-0.030975,-0.021515,2.7309,0.022278,0
-0.038147,-0.032806,-0.033417,2.9584,0.023804,0
-0.044708,-0.031433,-0.037689,2.9584,0.030212,0
-0.05722,-0.024109,-0.032959,2.7309,0.041504,0
-0.06958,-0.013428,-0.021973,2.5033,0.059814,0
-0.072632,-0.0013733,-0.015411,2.7309,0.076904,0
-0.069733,0.0057983,-0.015717,3.4135,0.089111,0
-0.068665,0.0071716,-0.016937,2.2757,0.09552,0
-0.063934,0.0038147,-0.023651,3.4135,0.099792,0
-0.054321,0.0018311,-0.034027,3.186,0.10468,0
-0.053406,0.0027466,-0.043488,2.2757,0.11078,0
-0.055542,0.0012207,-0.050659,2.2757,0.1181,0
-0.051575,-0.0042725,-0.054932,2.9584,0.12146,0
-0.0383,-0.0062561,-0.05249,1.8206,0.12024,0
-0.017548,-0.0027466,-0.037079,2.5033,0.11627,0
-0.0085449,-0.0028992,-0.0065613,2.0482,0.11017,0
-0.012207,-0.013123,0.017548,2.2757,0.1062,0
-0.0088501,-0.027313,0.022278,2.2757,0.11414,0
0.0030518,-0.029144,0.0079346,2.9584,0.12817,0
0.0073242,-0.022888,-0.01297,2.5033,0.14099,0
0.0042725,-0.017548,-0.023193,2.5033,0.14221,0
0.0027466,-0.014954,-0.022888,2.5033,0.13397,0
-0.0016785,-0.014191,-0.022736,2.0482,0.12512,0
-0.0082397,-0.012665,-0.032806,2.7309,0.11963,0
-0.0094604,-0.015717,-0.057678,2.2757,0.11902,0
-0.0022888,-0.012665,-0.070038,2.7309,0.12054,0
0.0088501,-0.0071716,-0.049133,2.5033,0.12207,0
0.018768,-0.0065613,-0.023956,2.5033,0.11902,0
0.025635,-0.007782,-0.013885,2.0482,0.11139,0
0.023499,-0.0068665,-0.0048828,1.8206,0.10406,0
0.015411,-0.0061035,0.0099182,2.7309,0.097046,0
0.0080872,-0.0061035,0.013428,2.9584,0.093384,0
0.0038147,-0.0099182,-0.0061035,2.7309,0.093689,0
0.0032043,-0.0042725,-0.019989,2.5033,0.098267,0
0.0039673,0.019684,0.021057,2.2757,0.10681,0
-0.0080872,0.032043,0.064087,2.7309,0.11383,0
-0.01709,0.031891,0.05127,3.4135,0.1181,0
-0.019684,0.038605,0.0035095,2.7309,0.11658,0
-0.021362,0.049744,-0.019531,2.5033,0.11139,0
-0.02594,0.056915,0.0062561,2.7309,0.10803,0
-0.026245,0.054169,0.047913,2.5033,0.10742,0
0.0035095,0.044098,0.065918,2.9584,0.10803,0
0.048065,0.0354,0.056763,2.7309,0.10834,0
0.075531,0.033875,0.049133,3.186,0.10345,0
0.08255,0.035706,0.059967,2.9584,0.092773,0
0.083923,0.032349,0.068512,2.2757,0.07843,0
0.080109,0.019531,0.046997,2.2757,0.065613,0
0.071411,-0.0010681,0.0035095,2.5033,0.06073,0
0.06546,-0.021362,-0.033112,2.9584,0.065002,0
0.066986,-0.031281,-0.049896,2.9584,0.071411,0
0.068207,-0.033875,-0.046539,2.9584,0.074463,0
0.059052,-0.036316,-0.032043,2.5033,0.073547,0
0.043182,-0.036621,-0.013733,2.2757,0.067139,0
0.020447,-0.032349,0.0093079,1.5931,0.062256,0
-0.0045776,-0.026398,0.033112,2.2757,0.06012,0
-0.019379,-0.026093,0.05188,2.0482,0.061951,0
-0.019379,-0.030975,0.059509,2.2757,0.064087,0
-0.010376,-0.043335,0.05661,2.0482,0.064087,0
-0.0024414,-0.058441,0.044098,2.2757,0.059204,0
-0.0021362,-0.067596,0.027008,3.186,0.052185,0
-0.0082397,-0.069427,0.018921,2.5033,0.040588,0
-0.020142,-0.066528,0.019226,2.5033,0.02594,0
-0.032654,-0.059509,0.016632,2.7309,0.013733,0
-0.040894,-0.052948,0.013275,1.8206,0.011902,0
-0.045319,-0.044556,0.013733,2.5033,0.015564,0
-0.045319,-0.032349,0.019531,2.0482,0.010681,0
-0.045929,-0.021515,0.028381,2.2757,-0.0094604,0
-0.049133,-0.018158,0.033722,2.2757,-0.039673,0
-0.058899,-0.019684,0.036011,2.7309,-0.040283,0
-0.065918,-0.018158,0.033417,2.5033,0.0088501,0
-0.063934,-0.012817,0.030365,2.2757,0.084229,0
-0.050659,-0.0064087,0.033417,2.5033,0.14282,0
-0.036011,-0.0056458,0.033722,2.9584,0.15778,0
-0.03067,-0.011139,0.02243,2.7309,0.13367,0
-0.023499,-0.016632,0.0035095,2.7309,0.098572,0
-0.0080872,-0.020142,-0.012054,2.9584,0.083923,0
0.0064087,-0.02533,-0.027008,2.9584,0.098267,0
0.011444,-0.026855,-0.04837,2.7309,0.13123,0
0.017242,-0.017395,-0.054626,2.2757,0.16663,0
0.03006,-0.0016785,-0.016632,3.6411,0.18829,0
0.039673,0.007782,0.038452,2.9584,0.18921,0
0.032501,0.0042725,0.050964,2.9584,0.17365,0
0.015717,0.0012207,0.029144,3.186,0.15137,0
0.0090027,0.0028992,0.0086975,2.7309,0.14099,0
0.023041,0.00076294,0.0059509,2.9584,0.14709,0
0.048065,0.0016785,0.016174,2.9584,0.1651,0
0.069122,0.007782,0.03006,3.186,0.18555,0
0.07431,0.0091553,0.037231,2.9584,0.19592,0
0.059967,0.0068665,0.033722,2.5033,0.19196,0
0.033722,0.0056458,0.020294,2.7309,0.17914,0
0.0097656,0.0065613,0.0082397,2.9584,0.1651,0
-0.00045776,0.0090027,0.0086975,2.9584,0.15717,0
0.00076294,0.0083923,0.011749,3.186,0.15991,0
0.0021362,0.0080872,0.005188,2.2757,0.16815,0
0.0032043,0.010681,-0.0054932,2.9584,0.17609,0
0.0053406,0.020599,-0.0048828,2.0482,0.18372,0
0.0088501,0.031738,0.011597,2.7309,0.19257,0
0.0099182,0.035553,0.027161,2.9584,0.19684,0
0.0024414,0.034943,0.034332,2.0482,0.18829,0
-0.0073242,0.035095,0.034332,2.0482,0.16479,0
-0.0079346,0.027618,0.028839,1.8206,0.13794,0
-0.0039673,0.0177,0.019684,1.8206,0.12299,0
-0.00091553,0.012512,0.011139,1.3655,0.1236,0
-0.00030518,0.012054,0.010986,2.0482,0.13062,0
0.0028992,0.011749,0.015259,2.5033,0.13336,0
0.013123,0.018005,0.0177,2.2757,0.12268,0
0.027313,0.033569,0.020752,2.5033,0.10437,0
0.034332,0.052795,0.026093,2.5033,0.085754,0
0.032501,0.064545,0.03006,2.5033,0.079041,0
0.024872,0.067902,0.023346,2.5033,0.079956,0
0.019073,0.060577,0.0071716,2.7309,0.082703,0
0.010986,0.053101,-0.0086975,2.2757,0.081482,0
0.0010681,0.054016,-0.016632,3.186,0.076599,0
-0.0042725,0.059814,-0.014343,3.186,0.067444,0
-0.0042725,0.058136,0.00061035,2.7309,0.057678,0
-0.0056458,0.039978,0.023499,3.186,0.051575,0
-0.0074768,0.017242,0.042572,2.7309,0.049438,0
-0.0067139,0.00091553,0.043488,2.5033,0.049438,0
0.0018311,-0.0097656,0.022888,2.9584,0.05188,0
0.0071716,-0.018463,0.00061035,3.4135,0.056152,0
0.0088501,-0.020447,-0.0013733,2.7309,0.062561,0
0.0054932,-0.019379,0.016327,2.5033,0.070496,0
-0.0068665,-0.0177,0.016632,2.2757,0.073242,0
-0.018921,-0.013733,-0.00015259,2.7309,0.066833,0
-0.023651,-0.0079346,0.00015259,2.7309,0.057678,0
-0.025024,-0.0068665,0.020599,3.186,0.051575,0
-0.025177,-0.012817,0.03891,2.5033,0.045166,0
-0.025024,-0.016632,0.036011,2.5033,0.039368,0
-0.025024,-0.016479,0.015869,2.9584,0.030823,0
-0.025177,-0.016785,-0.0065613,2.7309,0.02655,0
-0.025177,-0.016022,-0.012665,2.0482,0.027771,0
-0.02533,-0.015259,0.011902,2.9584,0.036926,0
-0.024872,-0.019836,0.041046,2.5033,0.050049,0
-0.03479,-0.028229,0.044861,2.0482,0.058594,0
-0.049438,-0.035553,0.037689,2.2757,0.054932,0
-0.058746,-0.034943,0.045166,2.0482,0.041809,0
-0.058899,-0.029144,0.058746,2.2757,0.02655,0
-0.044098,-0.020294,0.067902,2.7309,0.015564,0
-0.011139,-0.0080872,0.070496,2.9584,0.011902,0
0.018158,0.00015259,0.06485,2.5033,0.015564,0
0.028534,0.0030518,0.059052,2.5033,0.020752,0
0.036926,0.0038147,0.059814,2.0482,0.027161,0
0.045166,0.0041199,0.053711,2.7309,0.031738,0
0.045776,0.00061035,0.037231,3.186,0.033569,0
0.040436,-0.004425,0.025482,3.186,0.036011,0
0.032196,-0.010834,0.019836,2.7309,0.037537,0
0.0177,-0.019684,-0.004425,2.0482,0.041504,0
0.0080872,-0.030212,-0.051727,2.2757,0.044861,0
0.0050354,-0.027313,-0.066833,2.5033,0.046387,0
-0.0028992,-0.0061035,-0.0076294,1.3655,0.043945,0
-0.013428,0.0032043,0.045929,2.7309,0.036926,0
-0.022583,-0.0035095,0.043488,2.9584,0.027161,0
-0.023804,-0.0076294,0.021515,2.2757,0.021667,0
-0.023346,-0.0016785,0.009613,2.9584,0.023499,0
-0.020142,0.0059509,0.0021362,2.9584,0.031738,0
-0.014496,0.0094604,-0.0036621,2.7309,0.042114,0
-0.011139,0.010376,-0.0071716,3.186,0.050964,0
-0.0090027,0.010376,-0.0090027,2.9584,0.05249,0
-0.0064087,0.010376,-0.0064087,2.9584,0.045471,0
-0.0082397,0.011749,-0.0061035,2.2757,0.036316,0
-0.0073242,0.01358,-0.012207,2.2757,0.037537,0
-0.002594,0.014343,-0.017548,2.5033,0.053711,0
0.0010681,0.024872,-0.013733,2.5033,0.076294,0
0.0030518,0.037689,-0.0032043,2.9584,0.09613,0
0.0039673,0.05127,0.019989,2.7309,0.10529,0
0.0015259,0.059357,0.037079,2.7309,0.099792,0
-0.0074768,0.065002,0.040283,2.7309,0.092773,0
-0.013123,0.066833,0.042419,2.7309,0.090942,0
-0.013733,0.067596,0.045319,2.5033,0.1004,0
-0.013275,0.067749,0.05127,1.8206,0.11536,0
-0.014038,0.063629,0.050812,2.0482,0.12756,0
-0.011139,0.055847,0.038605,2.2757,0.13336,0
-0.0012207,0.046387,0.018921,2.7309,0.13,0
0.013275,0.031433,-0.0083923,2.5033,0.1239,0
0.021667,0.022583,-0.039673,2.7309,0.11932,0
0.023804,0.018463,-0.03891,2.7309,0.11719,0
0.023651,0.007782,0.0022888,2.2757,0.11841,0
0.023651,-0.011139,0.02533,2.5033,0.12299,0
0.023804,-0.026093,0.007019,2.5033,0.12482,0
0.023651,-0.031128,-0.0022888,2.0482,0.11902,0
0.023956,-0.030975,-0.0047302,2.2757,0.10834,0
0.023956,-0.027161,-0.013428,1.8206,0.099487,0
0.023804,-0.0094604,-0.024567,2.0482,0.093079,0
-0.010071,0.010529,-0.004425,2.0482,0.08606,0
-0.03891,0.0088501,0.0027466,2.2757,0.080872,0
-0.046692,-0.007782,-0.019684,2.0482,0.083618,0
-0.046234,-0.021057,-0.025482,2.5033,0.092468,0
-0.034027,-0.029602,0.0012207,2.2757,0.10559,0
-0.013885,-0.040588,0.010834,2.2757,0.12024,0
-0.0056458,-0.056763,-0.0022888,2.5033,0.13092,0
-0.0061035,-0.063782,-0.0086975,2.7309,0.13397,0
0.002594,-0.055847,0.010071,2.5033,0.12848,0
0.020447,-0.041504,0.037231,2.5033,0.11597,0
0.03067,-0.036774,0.055695,2.5033,0.10345,0
0.033569,-0.035553,0.068817,2.7309,0.093384,0
0.033569,-0.03479,0.074768,2.7309,0.084839,0
0.034027,-0.032196,0.081329,3.186,0.077209,0
0.033569,-0.029907,0.086212,2.5033,0.067139,0
0.033569,-0.032196,0.078735,2.7309,0.05188,0
0.033569,-0.036163,0.06958,2.9584,0.031433,0
0.033417,-0.034027,0.079803,3.186,0.011292,0
0.033569,-0.026855,0.099792,2.7309,-0.0033569,0
0.033722,-0.024109,0.10757,2.7309,-0.007019,0
0.033722,-0.023651,0.10925,2.0482,-0.0033569,0
0.033417,-0.023499,0.10986,2.2757,0.007019,0
0.033875,-0.018005,0.10544,3.186,0.020447,0
0.061798,-0.0062561,0.095673,3.186,0.033875,0
0.10132,-0.010834,0.088654,2.7309,0.045776,0
0.10559,-0.018768,0.069733,2.7309,0.05127,0
0.081024,-0.023193,0.042572,2.5033,0.053406,0
0.059204,-0.024414,0.026703,2.5033,0.050659,0
0.041504,-0.02121,0.021973,2.5033,0.045471,0
0.026093,-0.018463,0.016327,2.5033,0.048218,0
0.017242,-0.019379,0.011597,2.5033,0.052185,0
0.012207,-0.015564,0.028229,2.5033,0.054626,0
0.0048828,-0.0071716,0.061188,2.0482,0.048523,0
-0.0041199,0.0018311,0.071259,2.7309,0.033569,0
-0.010376,0.0068665,0.049286,2.2757,0.014038,0
-0.014801,0.0038147,0.023956,2.7309,-0.0015259,0
-0.017242,-0.0019836,0.016632,2.2757,-0.0088501,0
-0.021362,-0.010986,0.013885,2.5033,-0.0073242,0
-0.027618,-0.017395,0.010223,1.8206,0.00030518,0
-0.032806,-0.016022,0.0041199,2.7309,0.005188,0
-0.03418,-0.016632,-0.020142,2.5033,0.005188,0
-0.029755,-0.011749,-0.028992,2.5033,0.0021362,0
-0.023956,0.0065613,0.02121,1.8206,0.0021362,0
-0.022125,0.016174,0.06134,1.1379,0.005188,0
-0.023499,0.015106,0.041962,1.8206,0.007019,0
-0.019531,0.017548,0.00061035,2.2757,0.011902,0
-0.0090027,0.022583,-0.031891,2.5033,0.021667,0
-0.0024414,0.023956,-0.067444,2.0482,0.031128,0
0.00076294,0.020447,-0.09491,2.0482,0.031433,0
0.0050354,0.017242,-0.097046,2.2757,0.0097656,0
0.0097656,0.019989,-0.073395,2.2757,-0.062561,0
0.015259,0.027924,-0.042114,2.2757,-0.1825,0
0.024261,0.033722,-0.012512,2.7309,-0.24841,0
0.028534,0.032806,0.0091553,2.5033,-0.20325,0
0.028839,0.02594,0.013275,2.7309,-0.16052,0
0.028687,0.016937,-0.00045776,2.7309,-0.23499,0
0.031891,0.0062561,-0.027924,2.9584,-0.31891,0
0.033112,0.0018311,-0.051117,2.5033,-0.2951,0
0.032654,0.0016785,-0.045624,2.9584,-0.17029,0
0.032043,-0.0013733,-0.025024,2.0482,-0.032043,0
0.027771,-0.0080872,-0.020599,2.2757,0.053101,0
0.018463,-0.007019,-0.034943,2.7309,0.082397,0
0.011749,0.00061035,-0.050354,2.2757,0.09491,0
0.010986,0.010834,-0.058746,2.9584,0.12299,0
0.01358,0.015564,-0.058136,2.9584,0.18066,0
0.020752,0.014648,-0.048523,2.7309,0.2533,0
0.023804,0.011902,-0.028839,3.186,0.31921,0
0.020599,0.013733,0.015869,2.2757,0.35339,0
0.0090027,0.0068665,0.06958,2.5033,0.31982,0
-0.0067139,-0.0036621,0.088501,2.5033,0.16357,0
-0.020294,-0.010223,0.059509,2.2757,-0.079651,0
-0.027313,-0.013123,0.011902,2.7309,-0.28625,0
-0.028534,-0.011139,-0.0083923,2.9584,-0.3714,0
-0.022736,-0.0088501,0.0068665,2.7309,-0.35278,0
-0.017548,-0.0094604,0.018463,2.5033,-0.29755,0
-0.013123,-0.013123,0.018311,1.8206,-0.25696,0
-0.004425,-0.015106,0.009613,2.7309,-0.23834,0
0.0065613,-0.014496,0.0064087,2.2757,-0.21484,0
0.012817,-0.013428,0.013275,2.9584,-0.13763,0
0.0067139,-0.0090027,0.020752,2.9584,0.024109,0
-0.0022888,0.0016785,0.01358,2.5033,0.26276,0
-0.0093079,0.012665,-0.0013733,2.2757,0.53223,0
-0.014496,0.023346,-0.0039673,2.2757,0.75928,0
-0.020905,0.032349,0.004425,2.2757,0.87646,0
-0.022888,0.042419,0.0054932,2.9584,0.86334,0
-0.020294,0.048523,-0.004425,2.2757,0.74615,0
-0.016937,0.053101,-0.00091553,1.5931,0.58624,0
-0.010834,0.060272,0.018311,2.5033,0.44922,0
0.0010681,0.067596,0.026855,2.7309,0.36835,0
0.0094604,0.065613,0.0086975,2.9584,0.33478,0
0.016022,0.057983,-0.02121,2.7309,0.30029,0
0.023499,0.047455,-0.053406,3.186,0.22125,0
0.031128,0.037079,-0.081482,2.7309,0.081177,0
0.037689,0.031281,-0.094757,2.2757,-0.077515,0
0.035858,0.03006,-0.085144,2.0482,-0.19287,0
0.024719,0.028687,-0.059814,2.5033,-0.22736,0
0.010986,0.032196,-0.032959,2.5033,-0.19012,0
0.00045776,0.042725,-0.011902,2.9584,-0.10071,0
-0.0093079,0.05661,0.0013733,3.186,0.0082397,0
-0.013123,0.062256,-0.0012207,3.186,0.1059,0
-0.017853,0.055389,-0.023499,2.9584,0.17181,0
-0.03006,0.044403,-0.057983,3.4135,0.2002,0
-0.028839,0.028839,-0.080261,2.9584,0.20264,0
-0.0061035,0.010529,-0.085907,2.5033,0.19836,0
0.010681,-0.00076294,-0.08316,2.7309,0.19653,0
0.0045776,-0.012054,-0.085297,3.186,0.19104,0
-0.0059509,-0.031433,-0.081635,2.2757,0.1709,0
-0.012817,-0.04776,-0.069122,2.9584,0.12299,0
-0.01236,-0.053253,-0.066681,2.5033,0.045776,0
-0.009613,-0.05722,-0.074463,2.5033,-0.053406,0
-0.013123,-0.065765,-0.072632,2.7309,-0.16052,0
-0.026398,-0.074158,-0.070038,2.9584,-0.25787,0
-0.033264,-0.075073,-0.088043,2.5033,-0.33386,0
-0.027618,-0.071716,-0.11398,2.2757,-0.37933,0
-0.014191,-0.065155,-0.11307,1.8206,-0.39337,0
0.0021362,-0.059357,-0.088806,2.2757,-0.38483,0
0.02243,-0.05188,-0.05127,2.2757,-0.36713,0
0.0383,-0.04425,0.0030518,1.1379,-0.34332,0
0.039825,-0.039673,0.053864,2.5033,-0.31158,0
0.023956,-0.036011,0.053864,2.0482,-0.26703,0
-0.0021362,-0.033417,0.024261,2.5033,-0.20599,0
-0.023804,-0.029449,0.01236,2.2757,-0.13153,0
-0.029449,-0.025482,0.020294,2.7309,-0.054626,0
-0.025787,-0.023499,0.01358,2.0482,0.014648,0
-0.019379,-0.023651,-0.033722,2.2757,0.064087,0
-0.0088501,-0.01297,-0.067139,2.9584,0.088196,0
0.0013733,0.007019,-0.035553,2.5033,0.090027,0
-0.00030518,0.010376,-0.013885,2.5033,0.07782,0
-0.0076294,0.004425,-0.036011,2.2757,0.057373,0
-0.0091553,0.014343,-0.032654,2.5033,0.038147,0
-0.0042725,0.028687,-0.0036621,2.2757,0.018616,0
-0.00015259,0.034332,0.00030518,2.5033,-0.0061035,0
-0.00061035,0.035095,-0.017548,2.9584,-0.038452,0
-0.0035095,0.035095,-0.025482,2.5033,-0.074463,0
-0.0038147,0.0354,-0.03952,3.4135,-0.10498,0
-0.0056458,0.041351,-0.078735,3.186,-0.12146,0
-0.0083923,0.058594,-0.10422,3.186,-0.12207,0
-0.0088501,0.072784,-0.070038,2.5033,-0.1062,0
-0.0054932,0.066681,0.0091553,2.9584,-0.077515,0
-0.0074768,0.049438,0.069733,2.7309,-0.037842,0
-0.014343,0.033417,0.084534,2.7309,0.0091553,0
-0.020142,0.02182,0.06897,2.9584,0.064087,0
-0.019531,0.0082397,0.048523,2.9584,0.12604,0
-0.014496,-0.0080872,0.039978,2.9584,0.20355,0
-0.007782,-0.02594,0.031891,3.186,0.30334,0
0.0032043,-0.045471,0.0035095,2.2757,0.4007,0
0.011139,-0.063019,-0.037689,2.2757,0.46753,0
0.011292,-0.070953,-0.077667,2.2757,0.48065,0
0.0093079,-0.071716,-0.11963,2.5033,0.4361,0
0.01297,-0.06897,-0.13458,2.0482,0.34058,0
0.024414,-0.066681,-0.1178,1.8206,0.21545,0
0.037689,-0.061188,-0.10422,2.7309,0.094604,0
0.050201,-0.053101,-0.096588,2.2757,0.012817,0
0.056458,-0.039673,-0.08316,2.0482,-0.014648,0
0.049438,-0.026093,-0.06485,2.5033,0.0012207,0
0.039215,-0.018463,-0.042725,2.7309,0.014343,0
0.034943,-0.016327,-0.010529,2.5033,0.015259,0
0.029907,-0.012665,0.021057,2.2757,0.025635,0
0.019684,-0.00015259,0.034637,2.0482,0.064392,0
0.0071716,0.013428,0.03479,2.5033,0.11353,0
0,0.024567,0.034637,1.5931,0.14587,0
-0.0048828,0.033722,0.041809,1.8206,0.14404,0
0.0012207,0.037079,0.053558,2.5033,0.11047,0
0.0099182,0.030823,0.050354,2.2757,0.078125,0
0.0085449,0.018921,0.019073,2.9584,0.083923,0
-0.00030518,0.0079346,-0.020599,2.7309,0.14587,0
-0.0064087,0.0015259,-0.039978,2.5033,0.25177,0
-0.002594,0.0036621,-0.020752,2.7309,0.36224,0
0.0041199,0.022125,0.026093,2.9584,0.42664,0
0.010529,0.042572,0.052948,2.7309,0.41534,0
0.002594,0.055847,0.058899,2.2757,0.3244,0
-0.016479,0.064087,0.06546,2.9584,0.18372,0
-0.035553,0.06485,0.067291,2.9584,0.036621,0
-0.047302,0.065918,0.051575,2.5033,-0.08606,0
-0.05249,0.070953,0.028992,2.9584,-0.17273,0
-0.052795,0.074615,0.0067139,2.7309,-0.23254,0
-0.048218,0.07309,-0.0042725,2.7309,-0.28259,0
-0.039368,0.06897,0.00061035,2.0482,-0.33295,0
-0.023804,0.065155,-0.0013733,2.5033,-0.37506,0
-0.012665,0.053864,-0.027313,2.5033,-0.39307,0
-0.0057983,0.045166,-0.039825,2.2757,-0.36987,0
-0.0045776,0.040283,-0.020142,3.186,-0.29572,0
-0.0076294,0.028229,0.0065613,2.2757,-0.17548,0
-0.0022888,0.012054,0.019684,2.7309,-0.029907,0
0.019684,0.0032043,0.023346,2.7309,0.11536,0
0.044861,0.00061035,0.023956,2.9584,0.23865,0
0.057373,0.00061035,0.024109,2.5033,0.32898,0
0.054169,0.00061035,0.023956,2.9584,0.39124,0
0.047302,0.00061035,0.024109,2.7309,0.43427,0
0.03952,0.00015259,0.023651,2.2757,0.46234,0
0.03006,-0.0038147,0.021057,2.7309,0.47791,0
0.018768,-0.024261,0.010071,2.2757,0.47058,0
0.0093079,-0.058289,-0.013275,2.7309,0.43335,0
0.0053406,-0.091553,-0.046082,2.2757,0.36774,0
0.0032043,-0.11124,-0.075531,2.7309,0.2829,0
-0.0041199,-0.11414,-0.079956,2.2757,0.18982,0
-0.014648,-0.10437,-0.059357,2.2757,0.097961,0
-0.018463,-0.090332,-0.027313,1.8206,0.012817,0
-0.020599,-0.077362,-0.0015259,2.7309,-0.057068,0
-0.025635,-0.073853,0.007019,2.5033,-0.10559,0
-0.031433,-0.072937,0.010376,2.5033,-0.13245,0
-0.037842,-0.067291,0.0061035,2.2757,-0.14221,0
-0.037689,-0.059967,0.010529,2.2757,-0.14038,0
-0.031891,-0.057678,0.050049,2.5033,-0.13092,0
-0.033417,-0.068665,0.095215,2.0482,-0.11078,0
-0.025024,-0.081177,0.10712,1.8206,-0.080872,0
-0.0054932,-0.079346,0.090637,3.186,-0.04425,0
0.0085449,-0.067291,0.066376,2.9584,-0.0045776,0
0.013428,-0.060425,0.04425,2.5033,0.028687,0
0.020447,-0.06012,0.018768,1.8206,0.046692,0
0.031128,-0.062103,-0.0059509,2.9584,0.048218,0
0.034637,-0.066681,-0.029602,2.7309,0.038452,0
0.0354,-0.066528,-0.05661,2.5033,0.020447,0
0.034637,-0.049438,-0.059967,2.5033,-0.0027466,0
0.025177,-0.019226,-0.0080872,2.5033,-0.029297,0
0.005188,-0.011292,0.03418,2.9584,-0.058289,0
-0.0068665,-0.020447,0.03006,2.2757,-0.085754,0
-0.0090027,-0.020752,0.029449,2.7309,-0.112,0
-0.015411,-0.014648,0.05249,3.186,-0.13641,0
-0.024872,-0.011444,0.075836,2.7309,-0.1593,0
-0.028992,-0.0083923,0.084229,2.7309,-0.17944,0
-0.021362,-0.0056458,0.08194,2.7309,-0.1944,0
-0.0054932,-0.0065613,0.066986,3.186,-0.19714,0
0.011292,-0.0059509,0.051575,2.7309,-0.18616,0
0.026093,0.00091553,0.050964,2.9584,-0.16449,0
0.033569,0.0059509,0.046234,2.2757,-0.13733,0
0.0383,0.01358,0.043335,2.2757,-0.11322,0
0.040131,0.023499,0.074615,2.2757,-0.094604,0
0.037384,0.029449,0.11444,2.5033,-0.081177,0
0.033417,0.028839,0.11337,2.7309,-0.069885,0
0.024109,0.028229,0.083008,2.5033,-0.055237,0
0.015717,0.028687,0.055389,2.2757,-0.039368,0
0.010071,0.026398,0.038147,2.5033,-0.028992,0
0.0071716,0.020752,0.023499,2.7309,-0.032654,0
0.0033569,0.014191,0.011444,2.2757,-0.046082,0
-0.004425,0.011444,0.0030518,1.8206,-0.068054,0
-0.011444,0.010376,-0.0032043,2.2757,-0.085144,0
-0.018311,0.010986,-0.0036621,2.0482,-0.095215,0
-0.019379,0.014191,-0.0036621,2.2757,-0.096436,0
-0.010986,0.018463,-0.010529,2.5033,-0.092773,0
0.0027466,0.020905,-0.019989,2.2757,-0.085754,0
0.01236,0.024109,-0.020752,2.5033,-0.076599,0
0.019836,0.024872,-0.012512,2.5033,-0.066528,0
0.023041,0.027008,-0.0028992,2.5033,-0.052795,0
0.02121,0.031433,0.007782,2.9584,-0.033569,0
0.012207,0.03418,0.018616,2.5033,-0.0067139,0
-0.0010681,0.035095,0.023956,2.2757,0.024719,0
-0.0047302,0.03418,0.022583,2.7309,0.057678,0
0.0038147,0.031128,0.015564,2.2757,0.090942,0
0.015869,0.031738,0.0056458,2.5033,0.11902,0
0.023651,0.036926,0,2.9584,0.13824,0
0.023804,0.040894,-0.0050354,3.186,0.15015,0
0.023193,0.043488,-0.0097656,3.186,0.15686,0
0.019073,0.046234,-0.016632,2.9584,0.16144,0
0.010223,0.04776,-0.026855,2.5033,0.16205,0
0.0038147,0.048676,-0.034332,3.4135,0.15594,0
0.0010681,0.045319,-0.026703,3.186,0.14526,0
-0.0013733,0.039368,-0.0073242,3.186,0.1355,0
-0.00015259,0.036469,0,2.5033,0.12207,0
0.0062561,0.036926,-0.005188,2.2757,0.10773,0
0.010529,0.039062,-0.007782,2.9584,0.092773,0
0.0016785,0.040588,-0.0015259,2.9584,0.079956,0
-0.015564,0.039825,0.0076294,3.186,0.073242,0
-0.031128,0.035553,0.011749,2.2757,0.067749,0
-0.036011,0.02655,-0.0019836,2.2757,0.063782,0
-0.031891,0.017242,-0.039825,3.6411,0.057068,0
-0.024872,0.0074768,-0.063934,2.5033,0.049744,0
-0.016327,0.00076294,-0.046844,2.5033,0.041809,0
-0.010071,-0.0045776,-0.023804,2.5033,0.034485,0
-0.014343,-0.0090027,-0.014496,2.2757,0.030212,0
-0.018768,-0.0068665,-0.013275,2.5033,0.02655,0
-0.019836,0.00045776,-0.0053406,1.8206,0.019531,0
-0.021667,0.0053406,0.0082397,1.8206,0.011597,0
-0.021362,0.0067139,0.016785,2.0482,0,0
-0.021362,0.0030518,0.015717,2.2757,-0.0091553,0
-0.020752,-0.00030518,0.0082397,2.0482,-0.014954,0
-0.015411,-0.00045776,-0.0019836,2.5033,-0.020447,0
-0.014038,0.0028992,-0.0067139,2.0482,-0.023193,0
-0.023499,0.0059509,-0.0041199,2.2757,-0.021973,0
-0.028992,0.005188,-0.00091553,2.5033,-0.0177,0
-0.023956,0.0027466,0.0045776,2.9584,-0.013123,0
-0.015259,0.0032043,0.013885,2.2757,-0.0082397,0
-0.0064087,0.0038147,0.015106,2.0482,-0.007019,0
-0.0018311,0.0012207,0.012054,1.5931,-0.0057983,0
-0.010529,-0.00091553,0.0093079,2.0482,-0.0039673,0
-0.024872,0.00045776,0.013428,1.8206,-0.0061035,0
-0.040436,0.0030518,0.023041,2.9584,-0.012817,0
-0.048676,0.0054932,0.032959,1.8206,-0.025024,0
-0.041351,0.0083923,0.037537,2.9584,-0.038452,0
-0.014954,0.011292,0.037384,2.5033,-0.053101,0
0.015564,0.011597,0.033112,2.5033,-0.071411,0
0.036316,0.01297,0.028229,3.186,-0.088806,0
0.035706,0.010834,0.024719,2.2757,-0.1059,0
0.02121,0.0088501,0.0177,2.0482,-0.12024,0
0.0057983,0.0082397,-0.00015259,2.7309,-0.13092,0
-0.0013733,0.0074768,-0.024719,2.7309,-0.14038,0
0.00061035,0.0071716,-0.037689,2.9584,-0.14923,0
0.0085449,0.0082397,-0.022736,2.5033,-0.15625,0
0.018005,0.0050354,-0.00015259,2.7309,-0.16174,0
0.023651,0.0010681,0.01236,3.186,-0.16205,0
0.027161,0.0021362,0.016022,3.186,-0.16083,0
0.030975,0.0028992,0.01297,2.9584,-0.15594,0
0.036774,0.0028992,0.012207,2.2757,-0.14923,0
0.037842,0.0016785,0.014801,2.7309,-0.14404,0
0.036621,0.00091553,0.01358,2.5033,-0.14282,0
0.02121,-0.0022888,0.0048828,2.2757,-0.14557,0
-0.00076294,-0.002594,-0.0028992,2.7309,-0.15076,0
-0.018463,0.0019836,-0.0032043,2.7309,-0.15503,0
-0.029602,0.0036621,-0.0027466,2.2757,-0.16022,0
-0.031891,0.0010681,-0.0065613,2.7309,-0.16449,0
-0.016937,-0.0013733,-0.0085449,2.5033,-0.16724,0
0.0074768,-0.0032043,-0.0093079,1.8206,-0.17181,0
0.027924,-0.005188,-0.010681,2.2757,-0.17456,0
0.028229,-0.0076294,-0.0085449,2.2757,-0.17853,0
0.0061035,-0.0083923,-0.0085449,2.0482,-0.18158,0
-0.015869,-0.0071716,-0.01358,2.2757,-0.18707,0
-0.030365,-0.0071716,-0.013885,2.2757,-0.19379,0
-0.026398,-0.0085449,-0.0042725,1.1379,-0.19104,0
0.0035095,-0.010834,0.011444,2.0482,-0.17273,0
0.023041,-0.011139,0.025024,2.2757,-0.14557,0
0.0073242,-0.0088501,0.028687,2.0482,-0.12695,0
-0.015411,-0.0071716,0.023651,1.8206,-0.11963,0
-0.012665,-0.007782,0.020294,2.5033,-0.11444,0
0.0012207,-0.010681,0.023041,2.5033,-0.10376,0
0.0085449,-0.013885,0.023956,2.2757,-0.081482,0
0.0032043,-0.016937,0.035858,2.5033,-0.05127,0
-0.0076294,-0.019226,0.063629,2.0482,-0.021973,0
-0.0177,-0.01709,0.087891,2.5033,0.0045776,0
-0.026703,-0.011292,0.099335,1.8206,0.02655,0
-0.036011,-0.009613,0.097656,2.7309,0.039062,0
-0.042572,-0.009613,0.094299,2.5033,0.042725,0
-0.039062,-0.007019,0.091705,2.0482,0.045166,0
-0.040894,-0.0057983,0.085297,2.7309,0.045776,0
-0.053253,-0.0090027,0.063324,3.186,0.044556,0
-0.06424,-0.012512,0.02533,2.9584,0.039978,0
-0.064697,-0.01358,-0.0032043,2.7309,0.033264,0
-0.055237,-0.013885,-0.01709,2.5033,0.027771,0
-0.045013,-0.013885,-0.026245,2.2757,0.018616,0
-0.037079,-0.01358,-0.028229,2.9584,0.005188,0
-0.029602,-0.010834,-0.027313,2.2757,-0.011292,0
-0.026093,-0.0062561,-0.028229,2.2757,-0.031738,0
-0.027771,0,-0.028229,3.186,-0.056763,0
-0.023193,0.0032043,-0.03006,2.5033,-0.081787,0
-0.01297,0.0012207,-0.03067,2.5033,-0.10864,0
-0.0033569,-0.0010681,-0.026245,2.2757,-0.13611,0
-0.00015259,-0.0039673,-0.02182,2.2757,-0.16663,0
-0.0036621,-0.0056458,-0.021057,2.7309,-0.20081,0
-0.007019,-0.005188,-0.018311,2.2757,-0.23926,0
0.00076294,-0.007782,-0.010376,2.0482,-0.28259,0
0.015717,-0.012665,-0.00061035,2.2757,-0.32898,0
0.028839,-0.015411,0.0056458,2.7309,-0.37262,0
0.035095,-0.015869,0.0061035,2.5033,-0.40863,0
0.03006,-0.013885,0.007019,1.8206,-0.43915,0
0.019073,-0.01236,0.0090027,1.8206,-0.4657,0
0.015411,-0.011749,0.011292,2.2757,-0.49194,0
0.016327,-0.013275,0.012512,2.5033,-0.51727,0
0.016479,-0.012512,0.015259,2.0482,-0.54291,0
0.016479,-0.0086975,0.029602,2.2757,-0.56885,0
0.016785,-0.0083923,0.038757,2.2757,-0.59143,0
0.016174,-0.014191,0.019684,2.5033,-0.61432,0
0.016937,-0.021362,-0.01709,1.5931,-0.63171,0
0.016479,-0.023651,-0.031281,2.2757,-0.64606,0
-0.011749,-0.024109,-0.034485,2.0482,-0.65674,0
-0.019684,-0.023804,-0.035095,1.8206,-0.66345,0
-0.0028992,-0.023804,-0.035095,2.0482,-0.67047,0
0.019684,-0.023651,-0.034637,1.8206,-0.67993,0
0.041962,-0.023651,-0.03479,2.2757,-0.69244,0
0.055389,-0.018768,-0.01297,2.5033,-0.70587,0
0.053253,-0.004425,0.041046,2.7309,-0.71991,0
0.046234,0,0.062561,2.7309,-0.73212,0
0.03952,0.0010681,0.068512,2.5033,-0.74402,0
0.020447,0.0030518,0.071564,2.5033,-0.7547,0
-0.00061035,0.0039673,0.075836,2.0482,-0.76172,0
0.0019836,0.0041199,0.07431,2.5033,-0.76935,0
0.011139,0.0038147,0.062714,2.7309,-0.77454,0
0.0056458,0.0054932,0.041809,2.5033,-0.78186,0
-0.0038147,0.0028992,0.011749,3.4135,-0.78796,0
-0.0067139,-0.0012207,-0.015564,3.186,-0.79681,0
-0.0030518,-0.0062561,-0.040131,3.186,-0.80292,0
-0.0071716,-0.0086975,-0.057373,2.7309,-0.81085,0
-0.017548,-0.0065613,-0.051117,2.9584,-0.8194,0
-0.024719,-0.0032043,-0.030518,2.9584,-0.82886,0
-0.023346,-0.0028992,-0.015717,2.5033,-0.83771,0
-0.01358,-0.0045776,-0.016785,2.2757,-0.84076,0
-0.0035095,-0.0035095,-0.024261,3.4135,-0.8432,0
-0.00045776,-0.005188,-0.029907,2.5033,-0.83984,0
-0.00030518,-0.0083923,-0.034943,2.7309,-0.82825,0
0.0035095,-0.00091553,-0.040131,2.9584,-0.8136,0
0.0045776,0.01297,-0.035248,2.9584,-0.79834,0
0.0033569,0.016327,-0.009613,2.5033,-0.77942,0
0.0067139,0.010986,0.018158,1.8206,-0.75867,0
0.016785,0.0080872,0.023041,2.7309,-0.73486,0
0.021973,0.0057983,0.013275,2.5033,-0.71075,0
0.023346,0.0041199,0.0064087,2.7309,-0.69061,0
0.023956,0.0045776,0.0056458,1.8206,-0.67383,0
0.019226,0.0032043,0.0093079,1.5931,-0.65765,0
0.011292,0.0010681,0.0062561,1.3655,-0.64484,0
0.0090027,0.0013733,0.0016785,2.0482,-0.63324,0
0.0091553,0.0035095,0.0010681,1.8206,-0.62256,0
0.014191,0.0067139,0.0032043,2.5033,-0.6134,0
0.023804,0.0059509,0.0021362,2.5033,-0.60333,0
0.032196,0,-0.0021362,2.2757,-0.59357,0
0.029755,-0.0022888,-0.0021362,2.2757,-0.58411,0
0.023956,0.0012207,0.011597,2.7309,-0.5719,0
0.016785,0.0048828,0.02533,2.5033,-0.55573,0
0.012817,0.0038147,0.022888,2.5033,-0.5368,0
0.016479,0.0030518,0.0094604,2.0482,-0.52002,0
0.020599,-0.00076294,-0.0033569,1.8206,-0.50812,0
0.016632,-0.0068665,-0.013428,2.0482,-0.5014,0
0.0094604,-0.0062561,-0.018616,2.9584,-0.49713,0
0.0028992,0.00015259,-0.016632,2.2757,-0.49408,0
-0.0048828,0.0015259,-0.0073242,2.7309,-0.48523,0
-0.018921,-0.00030518,0.005188,2.5033,-0.47394,0
-0.034943,-0.0022888,0.014191,2.7309,-0.46326,0
-0.045013,-0.0035095,0.0093079,3.186,-0.45654,0
-0.045319,-0.0053406,-0.012054,2.7309,-0.45319,0
-0.035553,-0.0083923,-0.041809,2.5033,-0.45044,0
-0.019226,-0.010986,-0.055847,2.9584,-0.44708,0
0.0021362,-0.010681,-0.04715,2.7309,-0.44434,0
0.015869,-0.0073242,-0.032196,2.9584,-0.44128,0
0.018311,-0.0018311,-0.020752,2.9584,-0.43854,0
0.013733,0,-0.0082397,2.5033,-0.43427,0
0.0050354,0.0016785,0.004425,2.7309,-0.41565,0
-0.0068665,0.0042725,0.013885,2.7309,-0.39215,0
-0.019379,0.0056458,0.022278,2.5033,-0.37659,0
-0.020752,0.0083923,0.0383,2.9584,-0.37781,0
-0.0085449,0.012665,0.058136,2.7309,-0.39154,0
0.0054932,0.016174,0.071716,2.9584,-0.40649,0
0.0064087,0.015259,0.07782,2.9584,-0.40863,0
0.0010681,0.015411,0.077209,2.2757,-0.3952,0
0.0018311,0.021515,0.068512,2.5033,-0.37476,0
0.0047302,0.024109,0.047302,2.5033,-0.36102,0
0.0027466,0.020294,0.02243,2.2757,-0.36591,0
-0.00091553,0.018921,0.0065613,2.0482,-0.38727,0
-0.00030518,0.018463,0.0041199,2.7309,-0.4129,0
0.0027466,0.017242,0.0045776,2.5033,-0.42816,0
0.0064087,0.018921,0.0079346,2.7309,-0.42755,0
0.01236,0.018158,0.016479,1.8206,-0.4129,0
0.020752,0.017853,0.028534,1.8206,-0.39337,0
0.02533,0.016785,0.040588,2.2757,-0.37842,0
0.018463,0.011749,0.036011,2.5033,-0.37231,0
0.012207,0.0047302,0.014496,2.5033,-0.38177,0
0.0082397,0.0024414,0.00015259,2.5033,-0.39886,0
0.010529,0.0045776,-0.00045776,2.5033,-0.41443,0
0.024567,0.0065613,-0.00030518,2.5033,-0.41718,0
0.039825,0.0053406,-0.0013733,2.2757,-0.40588,0
0.046692,0.0059509,-0.0010681,2.5033,-0.38788,0
0.04303,0.0033569,-0.005188,2.2757,-0.37598,0
0.037384,0.002594,-0.020447,2.2757,-0.37445,0
0.03067,0.0041199,-0.0354,2.5033,-0.38177,0
0.02594,0.0050354,-0.045013,2.7309,-0.38818,0
0.029144,0.0041199,-0.052032,2.9584,-0.36957,0
0.037689,0.0056458,-0.044556,2.7309,-0.33844,0
0.041809,0.0079346,-0.024414,2.2757,-0.32166,0
0.038452,0.0093079,-0.010681,2.5033,-0.33356,0
0.031128,0.0080872,-0.0090027,2.9584,-0.36255,0
0.027466,0.0065613,-0.007019,2.2757,-0.38147,0
0.018921,0.0057983,-0.0030518,2.5033,-0.37933,0
0.0059509,0.00061035,0.00076294,2.9584,-0.35736,0
-0.010071,-0.0036621,-0.00076294,2.7309,-0.3302,0
-0.026703,-0.0045776,-0.015259,2.5033,-0.31281,0
-0.036163,-0.0093079,-0.034332,3.186,-0.30548,0
-0.036621,-0.0091553,-0.045319,2.5033,-0.30548,0
-0.041809,-0.004425,-0.051422,2.5033,-0.31372,0
-0.04837,-0.0022888,-0.057831,2.7309,-0.32959,0
-0.045166,0.00030518,-0.040436,2.7309,-0.34424,0
-0.031281,-0.004425,-0.010529,2.9584,-0.34637,0
-0.012817,-0.015411,-0.0048828,2.7309,-0.33447,0
0.0018311,-0.019073,-0.013123,2.0482,-0.31799,0
0.0042725,-0.018158,-0.019379,3.186,-0.30273,0
-0.0033569,-0.024719,-0.037994,2.5033,-0.2951,0
-0.011139,-0.028381,-0.05661,2.9584,-0.29022,0
-0.014496,-0.025024,-0.061035,1.8206,-0.28687,0
-0.016479,-0.023193,-0.059357,2.9584,-0.27893,0
-0.02121,-0.025177,-0.060577,2.7309,-0.26215,0
-0.022583,-0.024719,-0.060883,2.0482,-0.23682,0
-0.016632,-0.020447,-0.052032,2.5033,-0.20966,0
-0.0093079,-0.021057,-0.035706,2.5033,-0.18799,0
-0.0045776,-0.023651,-0.025177,2.7309,-0.17395,0
-0.0016785,-0.023651,-0.013733,2.5033,-0.16632,0
0.0028992,-0.021667,-0.0016785,2.7309,-0.159,0
0.0099182,-0.017548,0.0064087,2.5033,-0.15289,0
0.014343,-0.010071,0.0033569,1.8206,-0.14343,0
0.021362,-0.005188,-0.0067139,2.2757,-0.12817,0
0.026398,-0.0022888,-0.024109,2.7309,-0.11078,0
0.023499,-0.0024414,-0.039673,2.0482,-0.094299,0
0.018768,-0.0038147,-0.045166,2.5033,-0.080261,0
0.01358,-0.0059509,-0.038757,3.186,-0.068359,0
0.0177,-0.0065613,-0.025787,2.2757,-0.057373,0
0.03952,-0.0054932,-0.01709,2.9584,-0.045471,0
0.045319,-0.0048828,-0.014496,3.186,-0.033875,0
0.020752,-0.011139,-0.02121,2.9584,-0.020142,0
-0.0062561,-0.016327,-0.028992,2.7309,-0.0064087,0
-0.010223,-0.015564,-0.036011,2.2757,0.0073242,0
0.0015259,-0.013123,-0.040588,2.9584,0.019531,0
0.0093079,-0.014954,-0.042725,2.5033,0.028076,0
0.0030518,-0.01709,-0.04303,2.9584,0.036011,0
-0.0045776,-0.015869,-0.039062,3.186,0.045166,0
-0.0099182,-0.016327,-0.030518,3.186,0.057983,0
-0.019684,-0.021667,-0.02243,3.186,0.073547,0
-0.025787,-0.027466,-0.023346,2.9584,0.093994,0
-0.023499,-0.025024,-0.028992,2.5033,0.10956,0
-0.017395,-0.016632,-0.028381,2.0482,0.11322,0
-0.012665,-0.0094604,-0.016479,2.7309,0.10712,0
-0.004425,-0.0080872,-0.0057983,2.5033,0.098877,0
0.0013733,-0.0065613,-0.0045776,2.2757,0.098572,0
0.0013733,-0.0047302,-0.012512,2.5033,0.10376,0
-0.0010681,-0.0042725,-0.024414,2.2757,0.11627,0
-0.0013733,-0.0041199,-0.031738,2.7309,0.12939,0
0.0030518,-0.00045776,-0.02533,2.7309,0.14343,0
0.01297,0.00091553,-0.010986,2.9584,0.15411,0
0.029907,0,-0.0018311,2.0482,0.16083,0
0.037231,-0.00015259,-0.0022888,1.8206,0.16205,0
0.033875,0.00015259,0.0013733,2.2757,0.15991,0
0.027466,0.0042725,0.0091553,2.2757,0.15961,0
0.024567,0.0064087,0.014648,2.0482,0.16174,0
0.023193,0.0094604,0.015717,2.5033,0.16541,0
0.019073,0.012665,0.01358,1.8206,0.16876,0
0.012054,0.019836,0.011597,2.2757,0.17456,0
0.0042725,0.024872,0.015411,2.5033,0.17944,0
-0.00045776,0.02243,0.020294,2.2757,0.18524,0
-0.0027466,0.014038,0.014954,2.7309,0.18982,0
-0.0090027,0.010986,-0.00061035,2.2757,0.19287,0
-0.021057,0.0090027,-0.013885,2.7309,0.19958,0
-0.033112,0.0056458,-0.01297,2.5033,0.20752,0
-0.046692,0.0071716,0,2.0482,0.21637,0
-0.054626,0.014496,0.012207,2.0482,0.2243,0
-0.040741,0.021057,0.019073,2.5033,0.23041,0
-0.0097656,0.023041,0.028687,2.9584,0.2359,0
0.019531,0.019531,0.040436,2.7309,0.24323,0
0.048981,0.016632,0.041046,2.5033,0.24567,0
0.065308,0.011444,0.034332,3.4135,0.23956,0
0.057526,0.0065613,0.036774,2.7309,0.22766,0
0.043945,0.0053406,0.046997,2.9584,0.2179,0
0.034943,0.0028992,0.05661,2.7309,0.21393,0
0.032349,-0.00061035,0.059662,2.2757,0.21576,0
0.028687,-0.0019836,0.053253,2.5033,0.21881,0
0.02594,-0.0045776,0.046844,2.7309,0.22095,0
0.019531,-0.0067139,0.046539,2.9584,0.22339,0
0.017853,-0.0035095,0.052948,2.7309,0.22369,0
0.024872,0.002594,0.057373,2.2757,0.22217,0
0.032349,0.0090027,0.064087,2.2757,0.22156,0
0.027008,0.011139,0.081329,2.2757,0.22125,0
0.0099182,0.0079346,0.097961,2.5033,0.22064,0
-0.007782,0.0018311,0.087585,3.186,0.22186,0
-0.013275,-0.0042725,0.056763,2.7309,0.22095,0
-0.0067139,-0.010681,0.028534,2.5033,0.21851,0
-0.0030518,-0.013428,0.01236,1.8206,0.21515,0
-0.012665,-0.0094604,0.011902,2.0482,0.20844,0
-0.026703,-0.0036621,0.027924,2.2757,0.20203,0
-0.036469,0.0015259,0.054169,1.8206,0.19562,0
-0.042267,0.0030518,0.076599,1.8206,0.1889,0
-0.045624,0.0032043,0.091248,2.5033,0.18494,0
-0.04303,0.0035095,0.10147,2.2757,0.18372,0
-0.033112,0.0053406,0.10696,2.0482,0.18585,0
-0.020905,0.0065613,0.11322,2.2757,0.18768,0
-0.011902,0.0030518,0.12177,2.2757,0.19043,0
-0.0083923,-0.0056458,0.12589,2.5033,0.19257,0
-0.0079346,-0.0083923,0.12665,2.2757,0.19531,0
-0.0091553,-0.0090027,0.12695,2.0482,0.19897,0
-0.011292,-0.0091553,0.12695,1.5931,0.20355,0
-0.011292,-0.0091553,0.12711,2.2757,0.20874,0
-0.010223,-0.0088501,0.12711,1.8206,0.21484,0
-0.011292,-0.0086975,0.12695,1.8206,0.22125,0
-0.0099182,-0.0088501,0.1265,2.0482,0.22888,0
-0.0083923,-0.0090027,0.098724,2.2757,0.23743,0
-0.0041199,-0.0082397,0.021973,2.2757,0.24353,0
-0.00045776,-0.0061035,-0.027161,2.2757,0.24933,0
-0.004425,-0.0038147,-0.03891,2.5033,0.25299,0
-0.016327,-0.0047302,-0.032196,2.5033,0.2594,0
-0.029449,-0.0027466,-0.02243,2.5033,0.26489,0
-0.040588,0.0033569,-0.021667,2.0482,0.26947,0
-0.02594,0.005188,-0.033417,2.7309,0.27283,0
0.0099182,-0.0016785,-0.051117,2.7309,0.2771,0
0.029144,-0.0067139,-0.061493,2.2757,0.28046,0
0.0177,-0.0038147,-0.055084,2.2757,0.28442,0
0.002594,-0.0018311,-0.042267,3.4135,0.289,0
-0.0079346,-0.0019836,-0.041046,3.186,0.2948,0
-0.015717,0.0012207,-0.049744,2.9584,0.3009,0
-0.016937,0.0067139,-0.048523,3.4135,0.30701,0
-0.0071716,0.007782,-0.036163,3.186,0.31219,0
0.0074768,0.0028992,-0.025787,3.4135,0.31677,0
0.014496,0.00091553,-0.020905,2.9584,0.32043,0
0.016327,0.011292,-0.013885,1.8206,0.32257,0
0.014343,0.028687,0.0036621,2.5033,0.32227,0
0.0093079,0.041504,0.019836,2.5033,0.32227,0
0.0032043,0.037079,0.016327,2.9584,0.32135,0
-0.0036621,0.020752,0.0012207,2.5033,0.32104,0
-0.011749,0.0041199,-0.0047302,2.5033,0.31921,0
-0.014038,-0.00030518,-0.0048828,2.0482,0.31403,0
-0.0057983,-0.00045776,-0.0035095,2.5033,0.3064,0
0.0062561,-0.0016785,0.011902,3.186,0.29846,0
0.0073242,-0.0018311,0.037079,2.5033,0.29175,0
-0.004425,0.00015259,0.055542,2.7309,0.28961,0
-0.017853,0.00045776,0.056458,2.0482,0.29297,0
-0.016632,-0.004425,0.044861,2.2757,0.29938,0
-0.0059509,-0.0062561,0.040131,2.2757,0.30579,0
-0.0010681,-0.0067139,0.038452,2.5033,0.30945,0
0.0048828,-0.0065613,0.038452,2.5033,0.30731,0
0.016785,-0.0073242,0.0383,2.2757,0.30273,0
0.030212,-0.0093079,0.037994,2.2757,0.29938,0
0.034637,-0.0053406,0.043182,2.5033,0.29541,0
0.027771,0.0012207,0.054626,2.2757,0.29266,0
0.019379,0.0053406,0.066071,2.0482,0.28839,0
0.011444,0.010529,0.072479,2.0482,0.28809,0
0.0013733,0.017395,0.06424,1.8206,0.28503,0
-0.0079346,0.013428,0.050659,2.0482,0.28198,0
-0.011749,0.0093079,0.055084,1.8206,0.28137,0
-0.011444,0.0085449,0.064392,2.5033,0.2832,0
-0.0042725,0.0016785,0.052185,2.2757,0.28748,0
0.0053406,-0.00030518,0.032043,2.5033,0.29053,0
0.015411,0.011749,0.033264,2.2757,0.28717,0
0.021515,0.021973,0.051727,2.5033,0.27649,0
0.018463,0.016632,0.065155,2.9584,0.25757,0
0.01297,-0.00061035,0.050964,2.5033,0.23712,0
0.0085449,-0.014648,0.028381,2.2757,0.21942,0
0.010681,-0.020905,0.028229,2.2757,0.20813,0
0.013275,-0.010681,0.038452,2.7309,0.20538,0
0.0053406,0.0062561,0.038452,2.7309,0.20721,0
-0.013428,0.010223,0.03479,3.4135,0.20691,0
-0.03067,0.0041199,0.046539,2.7309,0.20264,0
-0.031738,-0.0028992,0.058899,2.7309,0.1947,0
-0.012512,-0.0071716,0.048981,2.9584,0.18311,0
0.019226,-0.0064087,0.029449,2.2757,0.1709,0
0.03418,-0.0045776,0.005188,2.5033,0.16022,0
0.020294,-0.0057983,-0.016632,2.5033,0.15289,0
0.00076294,-0.0090027,-0.032043,2.2757,0.14496,0
-0.0045776,-0.0088501,-0.039825,2.2757,0.13641,0
-0.0012207,-0.0074768,-0.044708,2.5033,0.12543,0
-0.00030518,-0.007019,-0.045776,2.5033,0.11292,0
0.0024414,-0.0093079,-0.046234,1.8206,0.10223,0
0.0099182,-0.013123,-0.042725,2.5033,0.091553,0
0.015106,-0.015259,-0.038147,2.2757,0.084229,0
0.0062561,-0.014343,-0.037384,2.0482,0.078125,0
-0.012054,-0.014496,-0.037994,2.0482,0.075073,0
-0.023651,-0.017853,-0.041656,2.0482,0.074158,0
-0.024414,-0.024872,-0.052795,2.2757,0.072937,0
-0.024719,-0.025635,-0.06546,1.8206,0.071716,0
-0.028534,-0.018768,-0.070343,1.8206,0.069275,0
-0.032654,-0.01358,-0.066223,2.2757,0.065918,0
-0.025787,-0.016022,-0.055084,1.5931,0.064697,0
-0.016937,-0.018616,-0.04303,2.0482,0.060425,0
-0.01358,-0.014648,-0.035858,2.5033,0.053711,0
-0.012512,-0.0056458,-0.03067,2.0482,0.047302,0
-0.012817,0.0016785,-0.023041,2.0482,0.039978,0
-0.011749,0.0038147,-0.014191,2.7309,0.032959,0
-0.009613,0.00015259,-0.024261,2.5033,0.024719,0
0.00061035,-0.0042725,-0.049591,2.2757,0.016174,0
0.0085449,-0.0042725,-0.053711,2.2757,0.0082397,0
0.011139,-0.0042725,-0.041046,2.5033,0.0024414,0
0.0067139,-0.0038147,-0.032959,3.186,-0.0039673,0
-0.0047302,-0.0019836,-0.025787,2.2757,-0.010376,0
-0.011292,0.00076294,-0.021667,2.7309,-0.016479,0
-0.010071,0.0021362,-0.028381,2.5033,-0.022278,0
-0.0057983,0.0038147,-0.042114,2.5033,-0.027466,0
-0.0022888,0.004425,-0.049286,2.9584,-0.033264,0
0.00030518,0.0033569,-0.05722,2.7309,-0.037231,0
0.007782,0.0035095,-0.065765,2.7309,-0.042725,0
0.015259,0.0035095,-0.072632,2.7309,-0.048523,0
0.018463,0.00045776,-0.076752,2.7309,-0.056152,0
0.0177,0.0012207,-0.082397,2.7309,-0.068054,0
0.007019,0.0042725,-0.08728,2.7309,-0.079041,0
-0.010681,0.0085449,-0.078583,3.186,-0.089111,0
-0.025482,0.016327,-0.057373,2.9584,-0.095215,0
-0.03479,0.015411,-0.041809,2.7309,-0.096436,0
-0.042572,0.010071,-0.039825,2.9584,-0.098267,0
-0.042419,0.007019,-0.043793,2.7309,-0.10071,0
-0.033112,0.0088501,-0.041351,2.5033,-0.10468,0
-0.0016785,0.011139,-0.035858,2.5033,-0.10986,0
0.028534,0.0041199,-0.044403,2.2757,-0.11566,0
0.027924,-0.0048828,-0.058899,3.4135,-0.12115,0
0.012207,-0.0045776,-0.050049,2.9584,-0.12787,0
-0.0076294,0.0024414,-0.02533,2.5033,-0.13306,0
-0.022888,0.0080872,-0.0085449,2.2757,-0.13885,0
-0.03479,0.0082397,-0.0042725,2.2757,-0.14313,0
-0.04715,0.0074768,-0.0094604,2.2757,-0.14221,0
-0.046692,0.007782,-0.013885,2.7309,-0.13794,0
-0.030975,0.013275,-0.010834,2.0482,-0.13428,0
-0.018463,0.020142,-0.010834,2.2757,-0.1297,0
-0.011902,0.020447,-0.015411,2.2757,-0.12634,0
-0.0090027,0.014801,-0.0065613,2.2757,-0.12451,0
-0.0065613,0.013275,0.0027466,1.8206,-0.1236,0
0.0028992,0.014954,0,2.2757,-0.1236,0
0.018311,0.010529,-0.0016785,2.5033,-0.12543,0
0.02655,0.00030518,0.00030518,2.7309,-0.1297,0
0.018616,-0.007019,0.0054932,2.7309,-0.13733,0
0.010681,-0.0061035,0.0088501,2.5033,-0.14709,0
0.012512,0.0013733,0.013885,2.5033,-0.15503,0
0.014343,0.0074768,0.016632,2.7309,-0.16296,0
0.0056458,0.01236,0.015106,2.7309,-0.16724,0
-0.0057983,0.014801,0.017242,2.2757,-0.16846,0
-0.014038,0.014191,0.023346,2.5033,-0.16754,0
-0.019379,0.0088501,0.022125,2.5033,-0.16479,0
-0.024261,0.00076294,0.010834,2.5033,-0.16205,0
-0.021973,-0.0045776,0.00030518,2.2757,-0.16144,0
-0.0085449,-0.0074768,-0.0013733,3.186,-0.16357,0
-0.0056458,-0.00091553,0.0061035,2.9584,-0.16693,0
-0.0080872,0.0085449,0.013275,3.186,-0.16541,0
0.0038147,0.0097656,0.0088501,2.5033,-0.16205,0
0.024719,0.0088501,0.00045776,2.7309,-0.15167,0
0.029602,0.016785,-0.0064087,2.7309,-0.13672,0
0.020142,0.02594,-0.0016785,2.7309,-0.12207,0
0.014801,0.020142,0.0071716,2.5033,-0.11627,0
0.016632,0.0053406,0.0045776,2.7309,-0.12115,0
0.011749,0.00045776,-0.0039673,2.5033,-0.13092,0
0.00076294,0.0068665,-0.0064087,2.5033,-0.13794,0
-0.0085449,0.0099182,-0.0015259,2.2757,-0.13641,0
-0.007019,0.0019836,0.010529,2.7309,-0.12665,0
0.00061035,-0.0057983,0.014191,2.9584,-0.11383,0
0.0053406,-0.013733,0.0050354,2.9584,-0.099487,0
0.019073,-0.016174,0.0016785,2.7309,-0.086975,0
0.039673,-0.0073242,0.0086975,1.3655,-0.075073,0
0.041809,0.0012207,0.0064087,2.0482,-0.061951,0
0.031586,0.007019,-0.0030518,2.0482,-0.049133,0
0.024109,0.0097656,-0.0010681,2.9584,-0.037231,0
0.018005,0.009613,0.0083923,2.0482,-0.027466,0
0.0059509,0.0065613,0.020752,2.2757,-0.019531,0
-0.009613,0.0041199,0.032349,2.0482,-0.011902,0
-0.02182,-0.00091553,0.035706,2.5033,-0.005188,0
-0.029297,-0.0030518,0.032806,2.2757,0.0012207,0
-0.03067,0.0035095,0.033112,2.2757,0.0088501,0
-0.028839,0.012817,0.043182,2.5033,0.018005,0
-0.013733,0.014343,0.059052,2.2757,0.030518,0
0.016174,0.007019,0.07782,2.2757,0.045776,0
0.038757,0.0018311,0.088959,2.2757,0.059814,0
0.04303,-0.0015259,0.089722,2.7309,0.070801,0
0.033417,-0.0061035,0.080872,2.2757,0.075073,0
0.017242,-0.013885,0.06485,1.5931,0.074463,0
0.0090027,-0.021515,0.053253,2.0482,0.071716,0
0.013275,-0.024261,0.052032,2.5033,0.071106,0
0.0177,-0.017853,0.052795,2.0482,0.071716,0
0.018768,-0.010376,0.052643,2.5033,0.076294,0
0.019226,-0.011902,0.050507,2.9584,0.080872,0
0.016632,-0.018463,0.044556,2.7309,0.086365,0
0.016174,-0.014191,0.03067,2.7309,0.090637,0
0.023651,-0.0047302,0.013733,2.7309,0.095215,0
0.034637,-0.00091553,0.016022,2.5033,0.099487,0
0.038605,-0.0018311,0.03418,2.9584,0.1059,0
0.036469,-0.0032043,0.046844,2.2757,0.11505,0
0.028076,-0.005188,0.047302,2.7309,0.12451,0
0.014343,-0.0090027,0.045319,2.2757,0.13458,0
0.00015259,-0.012512,0.052185,2.2757,0.14435,0
-0.0064087,-0.016632,0.056915,2.5033,0.15442,0
-0.0039673,-0.025635,0.043335,2.5033,0.16174,0
0.0010681,-0.032349,0.020294,3.4135,0.16632,0
0.009613,-0.030212,0.0056458,3.186,0.16846,0
0.0177,-0.023804,0.0032043,2.5033,0.16968,0
0.018311,-0.018463,0.004425,2.2757,0.17059,0
0.010834,-0.017853,0.00076294,2.5033,0.16876,0
0.0022888,-0.016022,-0.0059509,2.2757,0.16876,0
0.00030518,-0.013275,-0.010529,2.5033,0.17029,0
-0.00091553,-0.009613,-0.015564,2.2757,0.17212,0
-0.0048828,-0.007782,-0.020599,2.2757,0.17303,0
-0.0083923,-0.0088501,-0.02121,2.2757,0.17273,0
-0.017548,-0.011139,-0.021973,1.8206,0.16968,0
-0.028229,-0.013123,-0.023193,2.2757,0.16663,0
-0.018463,-0.013733,-0.02243,2.2757,0.16541,0
0.0024414,-0.01297,-0.025635,2.0482,0.16449,0
0.012665,-0.010529,-0.030975,2.5033,0.16327,0
0.0080872,-0.0086975,-0.032196,2.2757,0.1651,0
0,-0.0032043,-0.028687,2.0482,0.1651,0
-0.007782,-0.00045776,-0.024719,1.1379,0.16449,0
-0.011597,-0.0016785,-0.018005,0.91037,0.16235,0
-0.0076294,-0.0030518,-0.013123,2.2757,0.16083,0
0.004425,-0.002594,-0.013885,2.9584,0.15869,0
0.021973,-0.0035095,-0.015411,3.186,0.15747,0
0.031128,-0.0035095,-0.012512,2.5033,0.15564,0
0.025024,-0.0010681,-0.0074768,2.5033,0.15564,0
0.0086975,0.0021362,0.0012207,2.9584,0.15594,0
-0.0054932,0.0027466,0.0094604,2.9584,0.15656,0
-0.011444,0.0024414,0.014648,2.7309,0.15656,0
-0.014191,-0.00091553,0.014648,2.9584,0.15778,0
-0.0177,-0.002594,0.010986,2.5033,0.15961,0
-0.02594,-0.002594,0.0068665,2.5033,0.16327,0
-0.033417,-0.0028992,0.0024414,2.9584,0.16937,0
-0.035553,-0.00076294,0.00030518,3.4135,0.17426,0
-0.034943,0.0048828,0.0061035,3.4135,0.17761,0
-0.03006,0.0090027,0.01297,2.2757,0.18158,0
-0.011292,0.007019,0.016479,2.2757,0.18158,0
0.013123,0.0032043,0.014343,2.7309,0.17914,0
0.024567,0.0010681,0.014038,2.5033,0.17426,0
0.020294,-0.0018311,0.016632,2.5033,0.17242,0
0.013123,-0.0018311,0.013733,1.8206,0.17365,0
0.015106,-0.0032043,0.0090027,2.2757,0.1767,0
0.01297,-0.007782,0.012207,2.2757,0.18066,0
0.0038147,-0.010681,0.019379,2.7309,0.18555,0
-0.0053406,-0.011139,0.027618,2.7309,0.19043,0
-0.011597,-0.010376,0.027771,2.2757,0.19958,0
-0.016937,-0.0097656,0.019684,2.7309,0.20782,0
-0.02182,-0.011292,0.0090027,2.5033,0.21515,0
-0.02182,-0.013123,0.00061035,2.0482,0.21881,0
-0.020599,-0.013428,-0.0067139,2.7309,0.22217,0
-0.025177,-0.012054,-0.012054,1.1379,0.22125,0
-0.032349,-0.010834,-0.014496,2.0482,0.22064,0
-0.036011,-0.0093079,-0.010986,2.2757,0.21759,0
-0.042114,-0.0083923,-0.0061035,2.2757,0.2121,0
-0.044556,-0.0079346,-0.0015259,2.0482,0.20447,0
-0.044708,-0.009613,0.0013733,2.0482,0.19531,0
-0.029907,-0.0079346,0.0036621,1.5931,0.18494,0
0.0035095,-0.0053406,0.0039673,1.8206,0.17731,0
0.03952,-0.0054932,0.0041199,2.0482,0.17059,0
0.05127,-0.010223,0.005188,2.5033,0.16724,0
0.045471,-0.011749,0.0054932,2.7309,0.16602,0
0.038452,-0.0083923,0.0057983,2.7309,0.16632,0
0.033264,-0.0030518,0.0074768,2.5033,0.16876,0
0.024719,-0.00045776,0.0038147,2.7309,0.17151,0
0.016174,-0.0015259,-0.0056458,2.2757,0.17212,0
0.015411,-0.0022888,-0.0074768,2.2757,0.16998,0
0.014801,0.00076294,0.0021362,2.5033,0.16907,0
0.013428,0.0047302,0.0054932,1.8206,0.16876,0
0.010529,0.0074768,-0.0021362,2.2757,0.16815,0
0.0093079,0.0085449,-0.01297,3.186,0.16754,0
0.010529,0.010223,-0.018158,3.4135,0.16449,0
0.016632,0.010376,-0.017395,3.186,0.16205,0
0.022888,0.0093079,-0.015717,3.186,0.15808,0
0.019073,0.0068665,-0.014801,2.7309,0.15167,0
0.013123,0.0039673,-0.02121,2.5033,0.14557,0
0.0076294,-0.0039673,-0.034027,2.7309,0.13824,0
0.0012207,-0.01358,-0.039062,2.5033,0.12939,0
-0.0071716,-0.012817,-0.02533,2.7309,0.11932,0
-0.0090027,-0.0086975,-0.0015259,2.7309,0.10895,0
-0.00061035,-0.0053406,0.020447,2.7309,0.099182,0
0.011139,0.00045776,0.040894,3.4135,0.089417,0
0.020294,0.0033569,0.063019,2.9584,0.081177,0
0.02182,-0.00045776,0.076752,2.5033,0.076294,0
0.014191,-0.0076294,0.0737,2.5033,0.070496,0
0.0033569,-0.010529,0.062408,2.5033,0.064392,0
-0.007782,-0.0047302,0.051117,2.5033,0.057068,0
-0.019989,0.0019836,0.041046,2.7309,0.05127,0
-0.026093,0.0085449,0.039368,2.9584,0.044861,0
-0.027466,0.016479,0.037231,2.5033,0.042114,0
-0.033722,0.02594,0.031738,2.9584,0.040894,0
-0.036926,0.029449,0.025482,2.5033,0.040894,0
-0.032806,0.026093,0.019073,2.0482,0.039978,0
-0.026093,0.024719,0.0083923,2.2757,0.035706,0
-0.023193,0.027466,0.0024414,2.2757,0.031738,0
-0.020294,0.030518,0.0085449,1.8206,0.026245,0
-0.014343,0.033417,0.020599,2.2757,0.021057,0
-0.014801,0.033112,0.025024,2.5033,0.019226,0
-0.020599,0.030823,0.020294,2.7309,0.020752,0
-0.005188,0.026398,0.010071,2.2757,0.019836,0
0.011292,0.022888,-0.0018311,2.2757,0.015564,0
0.005188,0.020905,-0.012817,2.5033,0.0064087,0
-0.0039673,0.018463,-0.018463,2.5033,-0.0042725,0
-0.0018311,0.014038,-0.017548,2.2757,-0.013123,0
-0.0030518,0.010681,-0.011139,2.2757,-0.017395,0
-0.0021362,0.0085449,-0.0045776,2.2757,-0.017395,0
0.0027466,0.0080872,-0.0010681,2.7309,-0.013123,0
0.0048828,0.0085449,0.0016785,2.9584,-0.0067139,0
0.007019,0.0093079,0.0041199,3.186,-0.0024414,0
0.0074768,0.0088501,0.010529,2.2757,0.00061035,0
0.011902,0.0094604,0.022125,2.5033,0.00030518,0
0.023346,0.0079346,0.028076,1.8206,-0.00061035,0
0.038147,0.0067139,0.025635,2.7309,-0.00091553,0
0.046082,0.0076294,0.018158,2.7309,0.00091553,0
0.045166,0.0079346,0.014191,2.9584,0.0067139,0
0.04364,0.0090027,0.015106,2.9584,0.014648,0
0.042267,0.011597,0.019226,2.5033,0.021973,0
0.042267,0.011139,0.023346,2.2757,0.026245,0
0.041809,0.0056458,0.019989,2.5033,0.027466,0
0.032654,0.0018311,0.014801,2.5033,0.025024,0
0.015869,0.0039673,0.012054,2.5033,0.022583,0
-0.004425,0.004425,0.010681,3.186,0.021057,0
-0.027466,0.0012207,0.0082397,1.8206,0.019531,0
-0.047913,-0.0035095,0.0093079,1.5931,0.016174,0
-0.064697,-0.0022888,0.014801,2.2757,0.011902,0
-0.068512,-0.0024414,0.015106,2.0482,0.007019,0
-0.058594,-0.0019836,0.0090027,2.2757,0.0033569,0
-0.044403,-0.00061035,0.0059509,2.2757,0.0015259,0
-0.023346,-0.0019836,0.0080872,2.2757,0.0021362,0
0.011139,0.0016785,0.014191,2.0482,0.0027466,0
0.039673,0.0028992,0.020905,1.8206,0.0030518,0
0.044556,0,0.02182,2.2757,0.0033569,0
0.042572,-0.0016785,0.018311,2.7309,0.0036621,0
0.036316,-0.0016785,0.014496,2.9584,0.0030518,0
0.018463,-0.0015259,0.0099182,2.2757,0.0027466,0
-0.00030518,-0.0016785,-0.00076294,2.5033,0.00061035,0
-0.012207,-0.0021362,-0.009613,2.0482,0,0
-0.021667,-0.0038147,-0.011292,2.7309,0.00061035,0
-0.021515,-0.0038147,-0.01236,2.9584,0.0024414,0
-0.013733,-0.0038147,-0.011139,2.7309,0.0076294,0
-0.0088501,-0.0032043,-0.0053406,2.2757,0.013428,0
-0.010223,-0.0038147,0.00091553,1.1379,0.01709,0
-0.01236,-0.0028992,0.0050354,2.0482,0.020447,0
-0.0093079,-0.00091553,0.0062561,2.2757,0.026245,0
-0.002594,-0.0015259,0.0048828,2.2757,0.03479,0
-0.0010681,-0.0036621,0.00045776,2.2757,0.043945,0
-0.0021362,-0.0056458,0.0027466,2.2757,0.053711,0
0.010681,-0.0056458,0.0059509,2.2757,0.059509,0
0.033569,-0.010529,0.00076294,2.5033,0.062866,0
0.042725,-0.017242,-0.012207,2.7309,0.066223,0
0.033417,-0.019531,-0.016785,2.5033,0.069275,0
0.02243,-0.017242,-0.0041199,2.9584,0.075989,0
0.015106,-0.010071,0.010071,2.9584,0.085754,0
0.014496,-0.005188,0.0083923,2.5033,0.096741,0
0.014801,-0.0050354,-0.0030518,2.7309,0.10345,0
0.007782,-0.0097656,-0.011597,2.5033,0.10559,0
-0.0027466,-0.0177,-0.014191,3.186,0.10284,0
-0.0073242,-0.025177,-0.015564,2.7309,0.098877,0
0.0018311,-0.028992,-0.021667,2.5033,0.095825,0
0.010681,-0.027618,-0.026398,2.2757,0.094299,0
0.0177,-0.021973,-0.025482,2.5033,0.097351,0
0.025635,-0.016479,-0.02182,2.9584,0.10681,0
0.025177,-0.012054,-0.01358,2.7309,0.12207,0
0.017548,-0.010376,-0.0041199,3.186,0.13916,0
0.011444,-0.010223,-0.0082397,2.0482,0.1532,0
0.0057983,-0.0082397,-0.025482,2.7309,0.16754,0
0.0027466,-0.0062561,-0.042419,2.7309,0.17517,0
0.0032043,-0.0088501,-0.053101,2.5033,0.17944,0
0.0036621,-0.011749,-0.061035,2.7309,0.18005,0
0.0091553,-0.0099182,-0.064545,1.8206,0.18219,0
0.017548,-0.0059509,-0.054779,2.7309,0.18341,0
0.023956,-0.0067139,-0.035553,2.7309,0.18188,0
0.02594,-0.0065613,-0.014648,2.5033,0.18066,0
0.026245,-0.0030518,-0.0012207,2.5033,0.17609,0
0.023956,-0.0033569,0.0080872,2.2757,0.16968,0
0.020905,-0.0045776,0.014191,2.0482,0.1593,0
0.013123,-0.0048828,0.014038,2.2757,0.14709,0
-0.00061035,-0.0062561,0.0041199,2.5033,0.13214,0
0.011444,-0.0061035,-0.010986,2.9584,0.11871,0
0.04837,-0.004425,-0.019073,2.5033,0.1062,0
0.056763,0.00076294,-0.016937,2.2757,0.09613,0
0.031738,0.0010681,-0.009613,2.2757,0.086975,0
0.007019,-0.0019836,-0.01236,2.2757,0.080566,0
-0.00045776,-0.0018311,-0.024109,1.8206,0.078125,0
-0.00091553,-0.0028992,-0.034637,2.2757,0.078125,0
0.0018311,-0.0059509,-0.043488,2.5033,0.075378,0
0.002594,-0.0088501,-0.048676,2.2757,0.073547,0
0.0033569,-0.0097656,-0.049896,3.186,0.071716,0
0.0030518,-0.0068665,-0.056458,2.7309,0.072021,0
-0.0016785,-0.0028992,-0.061035,2.5033,0.073853,0
-0.0083923,0,-0.061493,2.9584,0.076904,0
-0.014496,0.0073242,-0.06546,2.2757,0.082092,0
-0.019379,0.012512,-0.077515,2.5033,0.088196,0
-0.020905,0.010986,-0.098267,2.7309,0.094604,0
-0.028839,0.0076294,-0.12054,2.5033,0.097351,0
-0.044403,0.0042725,-0.14694,3.186,0.1004,0
-0.053558,0.0045776,-0.17441,2.7309,0.10406,0
-0.055084,0.011139,-0.19424,2.9584,0.10681,0
-0.048523,0.0177,-0.20401,2.9584,0.10773,0
-0.035858,0.019989,-0.20645,2.7309,0.10834,0
-0.025787,0.020294,-0.2066,2.7309,0.11139,0
-0.021362,0.020294,-0.20691,2.7309,0.1181,0
-0.026703,0.020447,-0.20676,2.9584,0.12573,0
-0.03479,0.020752,-0.20721,2.5033,0.13275,0
-0.032501,0.020142,-0.20691,2.0482,0.13733,0
-0.016327,0.020294,-0.2066,2.9584,0.14038,0
-0.00076294,0.020294,-0.20706,1.8206,0.13855,0
0.00030518,0.020294,-0.20691,2.5033,0.13245,0
-0.0057983,0.020294,-0.20691,2.7309,0.12482,0
-0.0054932,0.016327,-0.22949,2.0482,0.12054,0
-0.0083923,0.0065613,-0.28717,1.8206,0.11993,0
-0.017853,0.0027466,-0.32288,2.5033,0.12207,0
-0.016022,0.0050354,-0.33981,2.2757,0.12573,0
-0.007019,0.0065613,-0.35797,2.0482,0.1297,0
-0.00061035,0.0061035,-0.39108,2.0482,0.13123,0
0.0012207,0.0057983,-0.42374,1.3655,0.13245,0
-0.00061035,0.005188,-0.43777,2.0482,0.13153,0
-0.009613,0.0039673,-0.42786,1.8206,0.12848,0
-0.019531,0.0018311,-0.41168,2.2757,0.12726,0
-0.020142,-0.0036621,-0.40512,2.2757,0.12756,0
-0.014801,-0.007782,-0.40817,2.7309,0.13062,0
-0.013885,-0.0076294,-0.4126,2.2757,0.13489,0
-0.015869,-0.0053406,-0.40833,2.2757,0.13916,0
-0.01236,-0.0045776,-0.392,2.5033,0.14221,0
-0.0039673,-0.0068665,-0.37338,2.0482,0.14526,0
-0.00061035,-0.012817,-0.36026,2.5033,0.14618,0
-0.0054932,-0.021362,-0.36346,2.5033,0.14557,0
-0.0093079,-0.024109,-0.37155,1.8206,0.14496,0
-0.0079346,-0.021515,-0.36041,2.2757,0.14191,0
-0.004425,-0.018921,-0.32684,2.2757,0.1413,0
-0.0068665,-0.017853,-0.2803,2.5033,0.14374,0
-0.013275,-0.020599,-0.23071,2.2757,0.14801,0
-0.016785,-0.023956,-0.18188,2.5033,0.15289,0
-0.021667,-0.027313,-0.13138,2.9584,0.15747,0
-0.02182,-0.026855,-0.06897,2.2757,0.16022,0
-0.013123,-0.021057,0.0080872,2.2757,0.15961,0
0.0013733,-0.015411,0.094452,2.5033,0.15564,0
0.016022,-0.012817,0.18707,2.9584,0.15167,0
0.019989,-0.013275,0.27939,2.5033,0.15167,0
0.014496,-0.011597,0.3624,2.0482,0.15442,0
0.0042725,-0.004425,0.43518,2.2757,0.15808,0
-0.0091553,0.00091553,0.50293,2.5033,0.16144,0
-0.012665,0.00091553,0.57266,2.2757,0.16083,0
-0.0047302,-0.00015259,0.64117,2.9584,0.159,0
0.0053406,0.00045776,0.69672,2.5033,0.15717,0
0.021515,-0.0010681,0.73669,2.7309,0.15564,0
0.033569,-0.0039673,0.76996,2.7309,0.15656,0
0.024109,-0.0027466,0.81223,3.186,0.1535,0
0,0.0018311,0.86639,2.5033,0.15137,0
-0.021362,0.0036621,0.91156,3.186,0.1474,0
-0.039062,0.0016785,0.93903,3.186,0.14465,0
-0.058441,0.0018311,0.9613,2.2757,0.14618,0
-0.048981,0.0048828,0.9845,1.8206,0.14679,0
-0.0097656,0.0079346,1.0039,2.0482,0.14618,0
0.012817,0.0099182,1.0175,2.5033,0.14465,0
0.014648,0.010681,1.0252,2.0482,0.14069,0
0.016479,0.01236,1.0345,2.5033,0.13428,0
0.017548,0.01236,1.051,2.5033,0.12848,0
0.011597,0.013275,1.0645,2.0482,0.12543,0
0.0039673,0.018616,1.0609,2.2757,0.12573,0
-0.0045776,0.021362,1.044,2.5033,0.1297,0
-0.014038,0.020142,1.0306,2.7309,0.13428,0
-0.016327,0.020294,1.0217,3.186,0.14099,0
-0.0093079,0.024719,1.0074,2.2757,0.14709,0
-0.0041199,0.029449,0.98236,2.2757,0.15045,0
-0.00061035,0.033417,0.95078,2.2757,0.14801,0
0.0053406,0.037689,0.91812,2.5033,0.14008,0
0.010834,0.040283,0.87723,2.5033,0.13062,0
0.018921,0.039062,0.82718,2.5033,0.12573,0
0.024872,0.03479,0.76462,2.5033,0.12726,0
0.029144,0.033569,0.69778,2.7309,0.13153,0
0.033417,0.033875,0.63736,2.7309,0.13824,0
0.032806,0.031738,0.58792,2.9584,0.14313,0
0.028992,0.027466,0.53818,2.9584,0.14832,0
0.023193,0.022278,0.47882,3.186,0.15045,0
0.016022,0.014496,0.41534,2.9584,0.15228,0
0.014954,0.0076294,0.35187,2.7309,0.15167,0
0.018616,0.0056458,0.28839,2.2757,0.15442,0
0.0083923,0.004425,0.23087,2.7309,0.15961,0
-0.019073,0.0018311,0.18387,2.7309,0.16541,0
-0.041809,0.00045776,0.13931,2.2757,0.16968,0
-0.045166,0.00061035,0.090637,2.2757,0.16785,0
-0.043488,0.0013733,0.045013,2.5033,0.16113,0
-0.042267,0.0035095,-0.0022888,2.7309,0.14984,0
-0.036163,0.0062561,-0.054932,2.7309,0.14099,0
-0.032654,0.0068665,-0.10712,2.7309,0.1416,0
-0.036011,0.0068665,-0.15244,2.7309,0.14465,0
-0.041046,0.0042725,-0.18372,2.2757,0.15076,0
-0.042419,-0.0018311,-0.21103,2.2757,0.15045,0
-0.039825,-0.0067139,-0.24292,2.5033,0.14893,0
-0.036774,-0.005188,-0.27252,2.2757,0.14435,0
-0.031433,-0.0015259,-0.30045,2.5033,0.14008,0
-0.021667,-0.0027466,-0.34103,2.7309,0.13275,0
-0.0097656,-0.0080872,-0.38742,2.5033,0.12299,0
-0.00061035,-0.013275,-0.4303,2.2757,0.11261,0
0.012207,-0.016479,-0.46921,1.3655,0.10132,0
0.028381,-0.013885,-0.50598,2.9584,0.08728,0
0.03418,-0.010681,-0.53726,2.2757,0.075989,0
0.027008,-0.011139,-0.56366,1.8206,0.067139,0
0.015717,-0.010376,-0.58273,2.5033,0.064087,0
0.011749,-0.009613,-0.59143,2.2757,0.067139,0
0.010223,-0.012054,-0.5896,2.5033,0.073242,0
0.0097656,-0.01297,-0.58456,3.186,0.080261,0
0.0097656,-0.010376,-0.5751,2.5033,0.083923,0
0.0093079,-0.0091553,-0.56137,1.8206,0.085144,0
0.0090027,-0.013123,-0.55435,1.5931,0.082397,0
0.0088501,-0.016022,-0.55557,2.2757,0.078125,0
0.0093079,-0.019379,-0.55771,2.9584,0.075073,0
0.0090027,-0.022278,-0.55267,3.186,0.074158,0
0.011597,-0.021362,-0.53513,3.186,0.074768,0
0.01358,-0.019073,-0.50537,2.5033,0.077209,0
0.014343,-0.015869,-0.47653,2.2757,0.075684,0
0.014191,-0.013428,-0.46371,2.0482,0.069885,0
0.015259,-0.015106,-0.46814,2.9584,0.065613,0
0.018616,-0.018768,-0.47256,2.2757,0.064087,0
0.014496,-0.018616,-0.46112,2.7309,0.065308,0
0.0030518,-0.015259,-0.43884,2.9584,0.07019,0
-0.0083923,-0.010529,-0.4245,2.0482,0.074158,0
-0.012512,-0.010834,-0.41595,3.6411,0.075989,0
-0.012817,-0.013885,-0.39764,3.186,0.075684,0
-0.0028992,-0.012512,-0.36575,2.5033,0.074768,0
0.018463,-0.007019,-0.33157,2.9584,0.075684,0
0.036774,-0.0036621,-0.30426,2.2757,0.07843,0
0.041351,-0.0030518,-0.28152,2.0482,0.079041,0
0.028839,-0.0019836,-0.2652,2.7309,0.079651,0
0.007019,0,-0.25879,2.2757,0.080872,0
-0.012207,0.0039673,-0.25558,2.2757,0.084534,0
-0.019379,0.0071716,-0.24918,2.5033,0.090027,0
-0.021667,0.010986,-0.23819,2.7309,0.095215,0
-0.016479,0.0099182,-0.2243,2.9584,0.097046,0
-0.0080872,0.0073242,-0.21301,2.5033,0.097046,0
0.0012207,0.0065613,-0.20233,2.2757,0.098267,0
0.0094604,0.0032043,-0.19333,3.186,0.1004,0
0.01709,-0.00045776,-0.18982,2.5033,0.10498,0
0.016785,-0.0010681,-0.18677,2.0482,0.11047,0
0.016479,-0.00015259,-0.18066,2.2757,0.11322,0
0.022736,-0.0013733,-0.16983,1.8206,0.11353,0
0.033569,-0.00061035,-0.15671,2.7309,0.11261,0
0.03952,0.0013733,-0.14618,2.5033,0.11139,0
0.038452,0.00030518,-0.13916,2.0482,0.10864,0
0.030212,-0.0015259,-0.1265,2.5033,0.10681,0
0.015259,-0.0035095,-0.10849,2.2757,0.10468,0
0.0027466,-0.0047302,-0.093231,2.7309,0.10345,0
-0.0057983,-0.0045776,-0.086212,2.2757,0.10468,0
-0.010529,-0.0019836,-0.083771,2.7309,0.10712,0
-0.0097656,-0.00061035,-0.083313,2.7309,0.10834,0
-0.00061035,-0.00045776,-0.085754,2.5033,0.10651,0
0.0062561,0.00030518,-0.086365,2.7309,0.10223,0
0.0050354,0,-0.086517,2.9584,0.097656,0
-0.0022888,-0.0015259,-0.085297,2.5033,0.095215,0
-0.01297,-0.0035095,-0.080872,3.186,0.094604,0
-0.020905,-0.0036621,-0.071411,2.7309,0.093994,0
-0.024567,-0.0024414,-0.057373,2.0482,0.096741,0
-0.021515,-0.002594,-0.052338,2.9584,0.1004,0
0.0012207,-0.0042725,-0.053406,3.186,0.10315,0
0.021973,-0.0027466,-0.051575,2.9584,0.10559,0
0.013428,-0.0018311,-0.042877,2.9584,0.10925,0
-0.010834,0.00030518,-0.033112,2.9584,0.112,0
-0.028992,0.0047302,-0.023193,2.5033,0.11047,0
-0.036316,0.0068665,-0.014648,2.0482,0.1062,0
-0.029907,0.0062561,-0.010223,2.2757,0.10162,0
-0.016479,0.0062561,-0.0071716,3.186,0.099487,0
-0.0086975,0.0068665,0.0013733,2.9584,0.10101,0
-0.00091553,0.0073242,0.0082397,2.9584,0.10498,0
0.013275,0.0099182,0.012512,2.7309,0.10956,0
0.031738,0.014191,0.019226,2.5033,0.11414,0
0.039673,0.020599,0.033264,2.9584,0.11597,0
0.029907,0.02533,0.04837,2.5033,0.11566,0
0.007782,0.025482,0.059662,2.9584,0.11353,0
-0.014496,0.024872,0.06424,1.8206,0.11139,0
-0.023499,0.024872,0.063171,1.8206,0.10895,0
-0.024109,0.028381,0.058594,2.9584,0.10864,0
-0.02182,0.028534,0.048065,2.2757,0.10895,0
-0.015564,0.02594,0.037384,2.5033,0.10864,0
-0.007782,0.025024,0.034637,2.9584,0.10803,0
-0.0027466,0.028839,0.042419,2.2757,0.10498,0
0.00030518,0.033112,0.057068,1.8206,0.10254,0
-0.0045776,0.029297,0.066223,1.5931,0.10315,0
-0.012512,0.027466,0.066223,2.5033,0.10376,0
-0.016632,0.027008,0.059204,2.2757,0.1059,0
-0.011292,0.021362,0.04425,2.5033,0.10406,0
-0.0019836,0.014801,0.029449,2.5033,0.097351,0
0.0094604,0.0073242,0.018311,2.9584,0.086365,0
0.016632,0,0.012817,2.5033,0.076294,0
0.014801,-0.0028992,0.016937,2.7309,0.065002,0
0.0076294,-0.0024414,0.026398,2.9584,0.054932,0
0.0033569,-0.005188,0.033417,2.5033,0.050659,0
0.0056458,-0.015411,0.033417,3.186,0.046387,0
0.013123,-0.023041,0.025482,2.7309,0.045776,0
0.015564,-0.022888,0.014496,2.9584,0.042725,0
0.0097656,-0.020599,0.0076294,2.7309,0.037537,0
0.00030518,-0.020752,0.0041199,2.5033,0.029602,0
-0.010529,-0.020905,0.0056458,2.7309,0.020142,0
-0.015106,-0.018463,0.0099182,2.9584,0.0094604,0
-0.015564,-0.014648,0.010376,2.5033,-0.00030518,0
-0.015259,-0.0085449,0.0093079,2.5033,-0.0088501,0
-0.019073,-0.0057983,0.01297,2.2757,-0.015869,0
-0.028076,-0.0030518,0.02243,2.9584,-0.021057,0
-0.026855,-0.0024414,0.035858,3.186,-0.028992,0
-0.0071716,-0.0059509,0.05127,3.186,-0.0354,0
0.011749,-0.010376,0.065765,2.9584,-0.038452,0
0.01236,-0.0097656,0.074005,2.7309,-0.038147,0
-0.00015259,-0.0088501,0.074921,2.2757,-0.03479,0
-0.019531,-0.0062561,0.074615,2.2757,-0.027466,0
-0.034637,-0.0016785,0.076447,2.7309,-0.019226,0
-0.04303,0.0018311,0.076294,2.7309,-0.014343,0
-0.043793,0.0016785,0.074615,3.186,-0.013733,0
-0.040283,0,0.075989,2.2757,-0.014954,0
-0.035095,-0.00061035,0.077057,2.7309,-0.016785,0
-0.02182,-0.0027466,0.071259,2.9584,-0.021362,0
-0.0079346,-0.0015259,0.059204,2.5033,-0.023804,0
0.0021362,0.00061035,0.04364,2.2757,-0.025635,0
0.01236,0.0018311,0.025024,2.9584,-0.027161,0
0.022736,0.00045776,0.015106,2.5033,-0.027161,0
0.028687,-0.0016785,0.013733,2.2757,-0.027161,0
0.030975,-0.0035095,0.015259,2.2757,-0.029907,0
0.032196,-0.0048828,0.024261,1.3655,-0.033875,0
0.032349,-0.0097656,0.035858,1.5931,-0.036926,0
0.025177,-0.015411,0.040741,2.5033,-0.040283,0
0.021973,-0.019836,0.036621,1.5931,-0.040588,0
0.022736,-0.021515,0.031433,2.2757,-0.039673,0
0.019989,-0.021973,0.032349,2.5033,-0.040283,0
0.013428,-0.018311,0.04303,2.5033,-0.042114,0
0.0090027,-0.013275,0.062714,2.0482,-0.044861,0
0.007019,-0.012665,0.081787,3.186,-0.047607,0
0.0054932,-0.015717,0.090027,2.0482,-0.050354,0
0.0019836,-0.017548,0.087128,2.9584,-0.051575,0
-0.0027466,-0.015717,0.081482,2.2757,-0.050049,0
-0.0071716,-0.011292,0.075226,2.5033,-0.044556,0
-0.016022,-0.0065613,0.071411,2.0482,-0.038452,0
-0.023346,-0.0030518,0.06958,2.7309,-0.031128,0
-0.023346,-0.0022888,0.071411,2.2757,-0.024414,0
-0.018311,-0.0030518,0.075836,2.5033,-0.019836,0
-0.013275,-0.0013733,0.08194,2.5033,-0.013733,0
-0.012207,0.0013733,0.08316,2.2757,-0.0076294,0
-0.018768,0.0042725,0.075226,2.7309,-0.0018311,0
-0.017395,0.0053406,0.063477,2.0482,0.0036621,0
-0.011444,0.0056458,0.050507,2.7309,0.0085449,0
-0.009613,0.0041199,0.039825,2.7309,0.014343,0
-0.015411,0.002594,0.029144,2.2757,0.021057,0
-0.022736,0.002594,0.019073,2.5033,0.027771,0
-0.016632,0.0019836,0.015259,2.7309,0.035095,0
0.0012207,-0.0028992,0.020599,2.2757,0.044556,0
0.0062561,-0.0079346,0.028534,2.9584,0.052795,0
0.0035095,-0.0064087,0.034332,1.5931,0.062866,0
0.013428,-0.0033569,0.03479,2.2757,0.072327,0
0.026703,-0.0016785,0.032349,3.186,0.080261,0
0.033722,-0.0016785,0.031281,2.5033,0.089417,0
0.032043,-0.0033569,0.037994,1.8206,0.099182,0
0.029602,-0.0071716,0.046539,2.7309,0.10864,0
0.028687,-0.0086975,0.050049,2.2757,0.11871,0
0.028687,-0.0090027,0.050354,2.7309,0.12909,0
0.028381,-0.0088501,0.050812,2.7309,0.13763,0
0.028687,-0.0090027,0.050812,2.5033,0.14648,0
0.028687,-0.0088501,0.050812,2.9584,0.15717,0
0.028381,-0.0088501,0.050812,2.0482,0.16937,0
0.028687,-0.0086975,0.050812,2.0482,0.18127,0
0.028534,-0.011292,0.042572,2.5033,0.19226,0
0.016327,-0.01709,0.022278,2.2757,0.20172,0
0.0045776,-0.018311,0.012054,2.2757,0.21149,0
-0.00061035,-0.014648,0.009613,2.5033,0.22156,0
-0.0013733,-0.0090027,0.010834,2.7309,0.22858,0
0.0038147,-0.0057983,0.016479,2.5033,0.23285,0
0.014648,-0.0053406,0.020142,2.5033,0.23468,0
0.019989,-0.0062561,0.015564,2.5033,0.23285,0
0.018921,-0.0088501,0.011444,2.0482,0.23315,0
0.020599,-0.009613,0.014496,2.2757,0.2359,0
0.027161,-0.010834,0.018463,2.7309,0.24017,0
0.026703,-0.010529,0.018616,2.7309,0.24719,0
0.017548,-0.0097656,0.011749,2.5033,0.25391,0
0.0099182,-0.011292,-0.0062561,2.7309,0.26123,0
0.0021362,-0.012512,-0.023346,2.7309,0.26825,0
-0.0091553,-0.0090027,-0.034637,3.4135,0.27679,0
-0.015717,-0.0012207,-0.038452,2.9584,0.28717,0
-0.010986,0.0028992,-0.037079,2.7309,0.29785,0
-0.00030518,0.0057983,-0.031586,2.5033,0.30273,0
0.0039673,0.007782,-0.018311,2.7309,0.29846,0
0.00061035,0.0076294,-0.0036621,2.9584,0.29114,0
0.0015259,0.00091553,0.007019,2.7309,0.28351,0
0.010986,-0.0036621,0.01236,2.7309,0.27832,0
0.02243,0.0016785,0.015564,2.9584,0.27405,0
0.028839,0.0045776,0.021362,3.186,0.26764,0
0.025787,0.0028992,0.023193,2.9584,0.26428,0
0.013733,0.0033569,0.011292,2.2757,0.26001,0
-0.0024414,0.0047302,-0.007019,2.7309,0.2594,0
0.0080872,0.0028992,-0.016479,2.9584,0.25726,0
0.037537,-0.002594,-0.0177,2.7309,0.25726,0
0.046539,-0.0090027,-0.016632,2.7309,0.25543,0
0.03418,-0.0094604,-0.011902,2.7309,0.25269,0
0.017853,-0.0039673,-0.0047302,2.7309,0.25116,0
0.0057983,0.0019836,0.00076294,2.2757,0.24841,0
-0.0015259,0.0050354,0.002594,2.2757,0.24689,0
-0.0057983,0.0061035,0.0022888,2.9584,0.24445,0
-0.020294,0.0082397,0.0036621,2.9584,0.24017,0
-0.033264,0.010986,0.010681,2.5033,0.2359,0
-0.031128,0.013733,0.020905,2.7309,0.22919,0
-0.022888,0.011597,0.024414,3.186,0.21851,0
-0.017548,0.0086975,0.017853,2.5033,0.20599,0
-0.014343,0.0079346,0.0068665,2.0482,0.19684,0
-0.015564,0.0061035,-0.00030518,2.2757,0.18799,0
-0.024719,0.0085449,0.0010681,2.2757,0.17853,0
-0.032196,0.0067139,0.011139,2.5033,0.16998,0
-0.031738,0.0047302,0.02594,2.2757,0.159,0
-0.026703,0.011292,0.043335,2.2757,0.14954,0
-0.019989,0.018768,0.058746,2.0482,0.13702,0
-0.014954,0.016327,0.056763,2.2757,0.12421,0
-0.0094604,0.0094604,0.040436,2.9584,0.10986,0
-0.0024414,0.002594,0.022888,2.2757,0.099487,0
0.00076294,-0.0035095,0.012817,3.186,0.088806,0
-0.0030518,-0.007019,0.0080872,2.7309,0.081177,0
-0.010681,-0.0062561,0.0024414,2.9584,0.076599,0
-0.018005,-0.0048828,0.0021362,3.186,0.074463,0
-0.021667,-0.002594,0.014801,2.2757,0.074768,0
-0.020142,0.0010681,0.036621,2.5033,0.072632,0
-0.018158,-0.00061035,0.053101,2.7309,0.065002,0
-0.016479,-0.0064087,0.05188,2.7309,0.052185,0
-0.011902,-0.0094604,0.039825,2.9584,0.036621,0
-0.0050354,-0.0054932,0.036011,2.7309,0.023499,0
-0.0010681,-0.0038147,0.036163,2.5033,0.011902,0
-0.0018311,-0.0056458,0.033875,2.7309,0.0030518,0
0.002594,-0.0059509,0.028229,3.4135,-0.0054932,0
0.010681,-0.0047302,0.016327,3.186,-0.015564,0
0.015564,-0.0024414,0.0086975,2.2757,-0.026245,0
0.015259,0.0016785,0.010834,2.7309,-0.039978,0
0.014343,0.0041199,0.018158,2.5033,-0.047913,0
0.014038,0.0068665,0.024109,2.2757,-0.052795,0
0.013733,0.0074768,0.027161,2.2757,-0.055237,0
0.015411,0.0053406,0.026398,2.0482,-0.059204,0
0.02243,0.0041199,0.020905,2.5033,-0.065918,0
0.023804,0.0054932,0.025024,2.0482,-0.075073,0
0.01236,0.0074768,0.040741,1.8206,-0.084839,0
0.00045776,0.0059509,0.048981,2.7309,-0.09491,0
-0.0056458,0.0028992,0.037231,2.7309,-0.10406,0
-0.0024414,0.0019836,0.018921,2.7309,-0.11383,0
0.0032043,0.002594,0.0050354,2.5033,-0.11963,0
0.0086975,0.0010681,-0.0093079,2.2757,-0.12665,0
0.011139,0.0032043,-0.019989,2.0482,-0.13092,0
0.0079346,0.0067139,-0.02182,1.8206,-0.13519,0
0.00030518,0.0067139,-0.016327,2.2757,-0.14069,0
-0.0053406,0.0038147,-0.0027466,2.9584,-0.14435,0
-0.0059509,0.0024414,0.0056458,1.8206,-0.14618,0
-0.0061035,0.004425,0.002594,2.2757,-0.14862,0
-0.0065613,0.0056458,-0.0074768,2.2757,-0.14893,0
-0.0038147,0.0054932,-0.017548,2.2757,-0.14496,0
0,0.0053406,-0.02533,2.7309,-0.13977,0
-0.0035095,0.0068665,-0.037994,2.7309,-0.13092,0
-0.0093079,0.0094604,-0.05661,2.9584,-0.12543,0
-0.0032043,0.010071,-0.069427,2.5033,-0.1236,0
0.013885,0.0090027,-0.065613,2.0482,-0.12299,0
0.031128,0.011292,-0.050507,2.9584,-0.12329,0
0.035553,0.013428,-0.029602,2.5033,-0.12451,0
0.019531,0.013428,-0.007782,2.2757,-0.12451,0
-0.00076294,0.014038,0.0045776,2.5033,-0.12329,0
-0.010529,0.015106,0.010071,3.4135,-0.11871,0
-0.011292,0.010834,0.015717,2.9584,-0.112,0
-0.0056458,0.0056458,0.019226,2.7309,-0.10468,0
0.0057983,0.0013733,0.020599,3.186,-0.098267,0
0.01358,0.0010681,0.023651,2.9584,-0.096436,0
0.016174,0.0062561,0.024414,2.9584,-0.099487,0
0.016632,0.0083923,0.020905,3.186,-0.10345,0
0.016632,0.007019,0.01709,2.5033,-0.10376,0
0.016632,0.0076294,0.021057,2.9584,-0.098572,0
0.016479,0.0067139,0.026398,2.5033,-0.087891,0
0.016632,0.0041199,0.02243,2.5033,-0.075989,0
0.016022,0.0030518,0.012207,2.7309,-0.063782,0
0.016479,0.0022888,0.0038147,2.7309,-0.054321,0
0.013123,0.0016785,0.0059509,2.7309,-0.045471,0
0.0073242,0.0061035,0.011597,2.9584,-0.036316,0
0.005188,0.0076294,0.011292,2.2757,-0.028992,0
0.0039673,0.0074768,0.0083923,2.9584,-0.020142,0
0.0093079,0.0062561,0.014801,2.7309,-0.014343,0
0.015717,0.0050354,0.026855,2.2757,-0.010986,0
0.013275,0.0028992,0.030975,2.2757,-0.012207,0
0.0016785,0.00030518,0.028687,2.5033,-0.014954,0
-0.010834,-0.0012207,0.025024,2.5033,-0.017395,0
-0.016327,0.0032043,0.023499,2.2757,-0.014954,0
0.0035095,0.0071716,0.027313,2.7309,-0.007019,0
0.026855,0.004425,0.032806,2.2757,0.0064087,0
0.021667,0.0035095,0.037842,2.0482,0.021973,0
-0.005188,0.0041199,0.04364,2.5033,0.035706,0
-0.032959,0.0074768,0.050812,3.186,0.04425,0
-0.048981,0.0076294,0.045319,3.186,0.045166,0
-0.048676,0.0030518,0.027008,2.0482,0.039368,0
-0.03952,0.0018311,0.0086975,2.0482,0.0354,0
-0.028839,0.0033569,-0.0086975,2.9584,0.032349,0
-0.025024,-0.0013733,-0.02182,2.5033,0.036316,0
-0.026093,-0.0083923,-0.028534,2.7309,0.042725,0
-0.025787,-0.0093079,-0.029297,2.7309,0.05188,0
-0.024109,-0.0045776,-0.022583,2.9584,0.06134,0
-0.0177,-0.0041199,-0.010376,2.7309,0.072021,0
-0.013733,-0.0036621,0.0024414,2.9584,0.079651,0
-0.019226,-0.0035095,0.009613,3.186,0.081787,0
-0.026398,-0.00045776,0.010986,2.9584,0.081482,0
-0.023956,0.0038147,0.017548,3.186,0.079041,0
-0.018463,0.0047302,0.03006,2.7309,0.075378,0
-0.019836,0.0032043,0.034485,2.5033,0.074158,0
-0.027008,0.0012207,0.028992,2.7309,0.074463,0
-0.023499,0.00030518,0.018005,3.186,0.076599,0
-0.012665,-0.0027466,0.012665,2.9584,0.081482,0
-0.0067139,-0.0022888,0.010986,2.5033,0.08728,0
-0.0015259,-0.0016785,0.00045776,2.7309,0.097351,0
0.010071,-0.0032043,-0.019379,3.4135,0.11047,0
0.015869,-0.0082397,-0.030975,2.5033,0.11993,0
0.0065613,-0.012054,-0.030975,2.5033,0.12573,0
0.00061035,-0.012054,-0.037994,2.7309,0.12787,0
0.0016785,-0.011139,-0.055389,2.9584,0.12909,0
0.0061035,-0.0076294,-0.063171,2.7309,0.13519,0
0.0099182,-0.0028992,-0.05249,3.186,0.14374,0
0.012817,0.00045776,-0.033112,2.0482,0.15015,0
0.0099182,0.0039673,-0.019989,2.2757,0.14954,0
0.00015259,0.007019,-0.015259,2.0482,0.14679,0
-0.0086975,0.0016785,-0.0068665,2.0482,0.14709,0
-0.007019,-0.0068665,-0.0012207,2.2757,0.15259,0
0.0061035,-0.0088501,-0.012512,2.2757,0.16022,0
0.024109,-0.0022888,-0.027924,2.2757,0.16174,0
0.036163,-0.00045776,-0.029297,2.0482,0.15289,0
0.039215,-0.00091553,-0.016479,2.5033,0.13824,0
0.037842,-0.00030518,-0.0012207,2.0482,0.12054,0
0.037689,0.0018311,0.014648,2.2757,0.10254,0
0.036926,0.0013733,0.022583,1.8206,0.083313,0
0.030212,-0.0035095,0.014954,2.7309,0.065308,0
0.026855,-0.007782,-0.0030518,2.5033,0.051575,0
0.027313,-0.0065613,-0.014038,2.2757,0.045166,0
0.026093,-0.00045776,-0.0065613,2.7309,0.04364,0
0.019531,0.0030518,0.0064087,2.0482,0.044861,0
0.01297,0.00030518,0.0054932,2.0482,0.045471,0
0.0097656,-0.0035095,0.00045776,2.2757,0.042114,0
0.0086975,-0.0057983,0.0028992,2.7309,0.039368,0
0.0091553,-0.0067139,0.0036621,2.2757,0.039978,0
0.0094604,-0.0065613,0.0035095,2.0482,0.046082,0
0.0090027,-0.0065613,0.0041199,2.7309,0.058899,0
0.0088501,-0.0065613,0.0041199,2.5033,0.075684,0
0.0093079,-0.0067139,0.0041199,2.9584,0.091553,0
0.0091553,-0.0053406,0.0094604,3.186,0.10406,0
0.0093079,-0.0013733,0.024719,2.5033,0.11047,0
0.0090027,0.00045776,0.038452,3.186,0.11261,0
0.0090027,-0.0042725,0.041656,3.4135,0.1123,0
0.0093079,-0.0090027,0.036774,3.4135,0.11383,0
0.0093079,-0.0064087,0.03479,2.7309,0.11597,0
0.0056458,0.0013733,0.032806,3.186,0.11688,0
0.0067139,0.0053406,0.023804,2.7309,0.11658,0
0.0073242,0.0030518,0.014191,2.2757,0.11505,0
0.0032043,0.00076294,0.0056458,2.5033,0.11383,0
-0.0021362,0.0013733,-0.0057983,2.5033,0.112,0
-0.00091553,-0.0012207,-0.018311,2.7309,0.11169,0
0.0059509,-0.0085449,-0.023651,2.9584,0.11322,0
0.010071,-0.013733,-0.019531,2.5033,0.11658,0
0.0054932,-0.012054,-0.019379,2.2757,0.11963,0
0.00091553,-0.0071716,-0.02655,3.186,0.12177,0
-0.0018311,-0.0083923,-0.029755,2.9584,0.11993,0
-0.0088501,-0.013733,-0.021362,2.2757,0.11749,0
-0.0177,-0.016632,-0.011749,2.7309,0.11353,0
-0.022736,-0.019073,-0.014191,2.9584,0.10834,0
-0.019531,-0.020752,-0.019989,3.186,0.10498,0
-0.015259,-0.015869,-0.018921,2.2757,0.1001,0
-0.01297,-0.012207,-0.0088501,2.2757,0.094604,0
-0.01358,-0.012207,-0.0033569,1.8206,0.084839,0
-0.012207,-0.011292,-0.014343,2.0482,0.078125,0
-0.0056458,-0.0079346,-0.027466,2.7309,0.072327,0
-0.00045776,-0.00061035,-0.026398,2.2757,0.071106,0
0.0039673,0.00045776,-0.018463,2.9584,0.070496,0
0.0013733,-0.0012207,-0.014496,2.7309,0.07019,0
-0.0041199,-0.0035095,-0.015106,2.5033,0.066528,0
-0.0048828,-0.004425,-0.018616,2.5033,0.059814,0
-0.0019836,0.0016785,-0.023346,1.8206,0.049744,0
0,0.0073242,-0.026398,2.2757,0.040588,0
-0.0019836,0.0088501,-0.024567,2.5033,0.032349,0
-0.013275,0.0054932,-0.014648,2.0482,0.027161,0
-0.022888,0.0019836,-0.0024414,2.7309,0.032043,0
-0.027618,0.0010681,0.0065613,2.7309,0.042114,0
-0.024719,0.0024414,0.0093079,2.5033,0.047302,0
-0.020142,0.0018311,0.0068665,2.7309,0.040588,0
-0.014648,0.00076294,0.0032043,2.7309,0.024719,0
-0.015106,-0.0030518,-0.0042725,2.7309,0.0061035,0
-0.016785,-0.0080872,-0.015106,2.7309,-0.010681,0
-0.022736,-0.0097656,-0.015259,2.5033,-0.024719,0
-0.028992,-0.0094604,-0.0012207,2.5033,-0.036926,0
-0.024261,-0.0091553,0.014801,2.5033,-0.044556,0
-0.011292,-0.0091553,0.025482,2.5033,-0.052795,0
0.0016785,-0.0085449,0.032654,2.5033,-0.064392,0
0.0076294,-0.0059509,0.030975,2.9584,-0.073853,0
0.010529,-0.0024414,0.021667,2.9584,-0.080261,0
0.017853,0.00030518,0.010529,2.9584,-0.085144,0
0.032349,0.0024414,0.0030518,3.186,-0.08667,0
0.039215,0.0065613,0.00091553,3.4135,-0.084534,0
0.029144,0.0068665,-0.00061035,2.9584,-0.081177,0
0.020142,0.005188,-0.0032043,2.9584,-0.077515,0
0.01709,0.0018311,-0.0080872,2.7309,-0.078735,0
0.011292,0.00045776,-0.019836,2.5033,-0.080872,0
0.0042725,0,-0.031586,2.5033,-0.082703,0
0.019073,0.0013733,-0.036163,3.186,-0.083008,0
0.041809,-0.00061035,-0.026245,2.2757,-0.081177,0
0.042419,-0.0021362,-0.0022888,2.2757,-0.080566,0
0.033417,0.0064087,0.019379,2.2757,-0.082703,0
0.032654,0.015411,0.023499,3.186,-0.085754,0
0.028839,0.01297,0.0053406,2.9584,-0.087891,0
0.0086975,0.0054932,-0.010986,2.5033,-0.090637,0
-0.0082397,0.00030518,-0.014191,2.5033,-0.089111,0
-0.0010681,-0.0038147,-0.017395,2.2757,-0.083923,0
0.010223,-0.0059509,-0.026093,2.5033,-0.07843,0
0.007782,-0.0059509,-0.037689,1.3655,-0.071716,0
-0.0053406,-0.0039673,-0.044708,3.186,-0.065308,0
-0.020599,-0.0033569,-0.034943,3.186,-0.057983,0
-0.030518,-0.0038147,-0.018158,3.186,-0.046387,0
-0.0354,-0.0039673,-0.0067139,3.186,-0.032349,0
-0.037079,-0.0041199,0.007019,2.5033,-0.0177,0
-0.034485,-0.0035095,0.01236,2.5033,-0.0015259,0
-0.03067,-0.0015259,0.010071,2.7309,0.012207,0
-0.023041,0.00091553,0.0074768,2.9584,0.023499,0
-0.020294,0.0015259,0.0038147,2.9584,0.031738,0
-0.031281,-0.0015259,0.00015259,3.4135,0.033264,0
-0.040894,-0.0028992,-0.0021362,2.7309,0.030823,0
-0.031433,-0.0018311,-0.0056458,2.2757,0.02655,0
-0.018921,-0.0048828,-0.014343,3.186,0.018005,0
-0.011139,-0.013123,-0.021973,2.5033,0.005188,0
0.0053406,-0.015717,-0.024414,2.7309,-0.010071,0
0.023499,-0.016785,-0.025482,2.9584,-0.02594,0
0.031891,-0.016022,-0.025177,3.186,-0.040283,0
0.031128,-0.016479,-0.02533,3.186,-0.050964,0
0.026703,-0.016632,-0.025024,2.9584,-0.055847,0
0.016785,-0.016479,-0.025024,2.7309,-0.057373,0
0.0022888,-0.016327,-0.025024,2.9584,-0.055542,0
-0.010986,-0.016327,-0.025177,2.2757,-0.055847,0
-0.012817,-0.015259,-0.027466,2.0482,-0.053711,0
-0.0035095,-0.010834,-0.034637,3.186,-0.047302,0
0.010376,-0.0056458,-0.037537,2.7309,-0.036621,0
0.023499,-0.0048828,-0.023041,2.9584,-0.024109,0
0.023651,-0.0062561,0.0050354,2.7309,-0.012207,0
0.020599,-0.0056458,0.026245,2.5033,-0.0021362,0
0.026855,-0.0057983,0.033112,2.2757,0.0039673,0
0.030975,-0.0090027,0.032196,2.2757,0.0076294,0
0.025024,-0.012665,0.028381,2.5033,0.0076294,0
0.011749,-0.014648,0.027008,2.0482,0.0057983,0
0.0015259,-0.01709,0.033264,2.2757,0.0036621,0
-0.0033569,-0.016632,0.041656,2.5033,0.0039673,0
-0.007782,-0.016632,0.042419,2.2757,0.0079346,0
-0.009613,-0.015717,0.034637,2.5033,0.013733,0
-0.0091553,-0.013428,0.027008,2.7309,0.016479,0
0.0032043,-0.0094604,0.023651,2.0482,0.019226,0
0.018005,-0.0080872,0.023956,1.8206,0.021362,0
0.026093,-0.0079346,0.02594,2.2757,0.024414,0
0.025024,-0.0054932,0.023804,2.2757,0.028076,0
0.021057,-0.0030518,0.019073,2.7309,0.031433,0
0.019531,-0.0012207,0.012207,2.2757,0.032349,0
0.015259,0.002594,0.007019,2.2757,0.031433,0
0.007019,0.0083923,0.010223,2.2757,0.027771,0
-0.00061035,0.0093079,0.0177,2.2757,0.025024,0
-0.0097656,0.015717,0.017242,2.5033,0.02655,0
-0.019073,0.022278,0.011902,2.5033,0.027771,0
-0.026093,0.022583,0.014801,2.7309,0.029297,0
-0.031586,0.020752,0.01709,2.5033,0.029602,0
-0.03418,0.019836,0.0088501,2.9584,0.027771,0
-0.032349,0.016632,-0.010529,2.5033,0.02533,0
-0.025635,0.010376,-0.033722,3.186,0.022583,0
-0.017853,0.0048828,-0.053253,2.9584,0.023193,0
-0.019836,0.0065613,-0.064392,2.9584,0.028076,0
-0.02243,0.0065613,-0.071869,3.4135,0.036316,0
-0.020447,0.0027466,-0.076752,3.186,0.040588,0
-0.014496,0.00061035,-0.073242,2.9584,0.039368,0
-0.0032043,0.0036621,-0.057526,2.7309,0.033875,0
0.005188,0.0080872,-0.035706,3.186,0.02594,0
0.0097656,0.0085449,-0.016937,3.186,0.015869,0
0.011597,0.007782,-0.0064087,2.2757,0.0079346,0
0.010223,0.0083923,-0.0056458,2.7309,0.0042725,0
0.0068665,0.0068665,-0.011139,2.9584,0.0030518,0
0.0064087,0.0036621,-0.015106,2.5033,0.0036621,0
0.0065613,0.0022888,-0.017853,2.5033,0.0064087,0
0.0094604,0.0053406,-0.011749,2.9584,0.0094604,0
0.012054,0.0073242,0.0041199,2.7309,0.010681,0
0.016327,0.0085449,0.023956,2.5033,0.010071,0
0.018463,0.0094604,0.03418,2.7309,0.0088501,0
0.015106,0.0067139,0.02655,3.186,0.011597,0
0.011139,0.0024414,0.014038,2.0482,0.014954,0
0.013733,0.0019836,0.0012207,2.7309,0.02594,0
0.017242,0.0039673,-0.012817,2.2757,0.046387,0
0.021362,0.0028992,-0.020142,2.7309,0.072021,0
0.026245,0.00015259,-0.017395,2.7309,0.091858,0
0.023041,-0.0027466,-0.014191,2.9584,0.10162,0
0.013733,-0.0041199,-0.0177,2.7309,0.10315,0
0.0082397,-0.0028992,-0.018921,2.0482,0.10071,0
0.0067139,0.00030518,-0.0064087,2.2757,0.094604,0
0.0016785,0.0030518,0.019684,2.5033,0.08606,0
-0.0079346,0.0030518,0.039978,2.5033,0.075073,0
-0.015106,-0.00015259,0.046692,2.0482,0.065308,0
-0.014954,0.00045776,0.053101,2.7309,0.06134,0
-0.0097656,0.0032043,0.058746,2.5033,0.06073,0
-0.007782,0.0041199,0.056763,2.5033,0.065918,0
-0.007782,0.004425,0.04715,2.5033,0.078125,0
-0.011597,0.0030518,0.037842,2.7309,0.093689,0
-0.010376,0.00061035,0.031738,2.7309,0.11169,0
-0.0036621,0,0.032349,3.186,0.12634,0
0.0057983,0.0028992,0.032806,2.5033,0.13672,0
0.010223,0.0064087,0.027313,2.9584,0.1413,0
0.00045776,0.0041199,0.022583,2.5033,0.14374,0
-0.012817,-0.00045776,0.020905,2.7309,0.14893,0
-0.019836,-0.0021362,0.024414,2.9584,0.15411,0
-0.02594,0.0018311,0.029449,2.7309,0.16052,0
-0.03067,0.007782,0.032654,2.7309,0.16663,0
-0.029907,0.0059509,0.036774,3.186,0.16998,0
-0.024109,-0.00045776,0.036774,2.7309,0.16968,0
-0.013275,-0.0048828,0.035553,2.5033,0.16602,0
-0.0021362,-0.0053406,0.040588,2.7309,0.16327,0
0.0041199,-0.0016785,0.046082,2.5033,0.16205,0
0.0074768,0.00061035,0.044708,2.7309,0.16449,0
0.011444,-0.00091553,0.03479,2.0482,0.16693,0
0.018768,-0.0019836,0.024872,2.5033,0.17181,0
0.026398,-0.0035095,0.021973,2.5033,0.17731,0
0.028076,-0.0030518,0.024872,2.7309,0.18127,0
0.018158,0.0010681,0.025482,3.186,0.18768,0
0.0099182,0.0028992,0.025177,2.2757,0.1944,0
0.0082397,0.00061035,0.022278,2.2757,0.20233,0
0.010071,-0.0024414,0.011292,2.2757,0.20935,0
0.012817,-0.0038147,-0.0013733,2.7309,0.21576,0
0.020142,-0.0033569,-0.0093079,2.7309,0.21881,0
0.023346,-0.002594,-0.013428,2.7309,0.22034,0
0.027008,-0.0035095,-0.012665,2.5033,0.21698,0
0.033417,-0.0033569,-0.0088501,2.2757,0.21088,0
0.037537,-0.0018311,-0.0015259,2.0482,0.20325,0
0.031891,0.00061035,0.0065613,2.5033,0.19531,0
0.022888,0.0018311,0.014648,1.8206,0.1889,0
0.020294,0.0010681,0.022125,2.0482,0.18433,0
0.01709,0.00015259,0.03067,2.2757,0.18127,0
0.0057983,0.0027466,0.038605,2.2757,0.17944,0
-0.0047302,0.0041199,0.042877,2.9584,0.17639,0
-0.013275,0.0013733,0.045776,2.2757,0.17181,0
-0.023193,-0.0024414,0.045776,3.186,0.16541,0
-0.032196,-0.0035095,0.037842,2.5033,0.159,0
-0.031128,-0.0067139,0.02121,2.5033,0.15259,0
-0.027008,-0.0088501,0.0093079,2.2757,0.14587,0
-0.029144,-0.0064087,0.0074768,2.7309,0.14008,0
-0.036621,-0.0028992,0.015717,2.5033,0.13245,0
-0.045929,-0.0018311,0.029297,2.9584,0.12665,0
-0.054474,-0.0012207,0.0383,2.5033,0.12085,0
-0.058746,-0.00091553,0.039978,3.186,0.1181,0
-0.059357,-0.0032043,0.040131,2.9584,0.11658,0
-0.055237,-0.0048828,0.037689,2.2757,0.11475,0
-0.032349,-0.0054932,0.030975,2.7309,0.11261,0
-0.0018311,-0.0030518,0.023956,2.7309,0.11108,0
0.007782,0.0018311,0.023346,3.4135,0.11108,0
-0.002594,0.0048828,0.026093,2.7309,0.11047,0
-0.010071,0.0061035,0.028229,2.7309,0.11017,0
-0.0047302,0.0079346,0.033569,2.9584,0.11414,0
0.0038147,0.0086975,0.041809,3.4135,0.11841,0
0.013428,0.0094604,0.045776,3.186,0.12512,0
0.021667,0.007782,0.040894,2.9584,0.13214,0
0.025635,0.0033569,0.026855,2.7309,0.13885,0
0.026093,-0.00045776,0.0016785,2.5033,0.14404,0
0.028839,-0.0015259,-0.019073,2.7309,0.14801,0
0.035706,0.00015259,-0.019073,1.8206,0.15076,0
0.039825,0.0036621,0.0019836,2.7309,0.15381,0
0.037384,0.0033569,0.029449,2.2757,0.159,0
0.037079,0.0019836,0.045929,2.2757,0.16388,0
0.040588,-0.0039673,0.040894,2.2757,0.16632,0
0.025024,-0.01358,0.019379,2.0482,0.16663,0
-0.0099182,-0.01709,-0.0018311,2.7309,0.16724,0
-0.042267,-0.017242,-0.0093079,2.5033,0.16968,0
-0.06012,-0.017548,-0.0068665,2.9584,0.17181,0
-0.062866,-0.016022,-0.0019836,2.7309,0.17487,0
-0.057068,-0.014038,0.007019,2.5033,0.17731,0
-0.042114,-0.014038,0.020752,2.5033,0.17883,0
-0.022278,-0.012054,0.028534,2.7309,0.17944,0
-0.00030518,-0.0080872,0.025024,2.7309,0.18097,0
0.016327,-0.007019,0.018005,2.7309,0.18097,0
0.019989,-0.0061035,0.018463,2.5033,0.1828,0
0.020905,-0.0032043,0.022888,1.8206,0.18341,0
0.02121,-0.0022888,0.027313,2.5033,0.18311,0
0.016479,-0.0032043,0.035553,2.2757,0.1825,0
0.0012207,-0.0027466,0.045929,2.2757,0.18158,0
-0.0177,-0.0038147,0.053406,2.5033,0.17853,0
-0.030365,-0.005188,0.058899,2.9584,0.177,0
-0.02655,-0.0068665,0.062866,3.6411,0.17609,0
-0.018158,-0.0038147,0.061798,3.6411,0.17578,0
-0.014954,-0.0012207,0.057526,2.7309,0.17609,0
-0.018768,-0.0030518,0.056152,3.4135,0.17792,0
-0.024261,-0.0027466,0.053101,2.7309,0.17883,0
-0.03067,-0.00045776,0.043945,2.5033,0.1767,0
-0.030212,-0.00045776,0.032806,2.5033,0.17456,0
-0.015717,-0.0027466,0.014648,2.7309,0.16998,0
0.0042725,-0.0053406,-0.007019,3.186,0.16479,0
0.020599,-0.007782,-0.017395,2.7309,0.15747,0
0.029755,-0.0086975,-0.014191,2.7309,0.15381,0
0.034332,-0.0090027,0.00015259,3.186,0.14984,0
0.034637,-0.0071716,0.015869,2.2757,0.14618,0
0.026398,-0.0021362,0.020752,2.2757,0.14221,0
0.016479,0.0012207,0.019073,2.9584,0.13489,0
0.012817,0.0021362,0.023041,2.2757,0.13062,0
0.011444,0.0053406,0.031128,2.5033,0.12573,0
0.015564,0.0083923,0.02594,2.9584,0.11963,0
0.025635,0.012665,0.0036621,2.2757,0.11597,0
0.034332,0.014496,-0.016174,2.5033,0.11322,0
0.036621,0.016632,-0.019073,2.7309,0.10986,0
0.036469,0.019073,-0.016022,2.5033,0.10834,0
0.028534,0.017853,-0.01709,2.7309,0.10773,0
0.014191,0.01236,-0.023346,2.5033,0.10834,0
0.016479,0.0080872,-0.025787,2.2757,0.10986,0
0.032196,0.0042725,-0.020447,2.5033,0.11353,0
0.032196,0.0033569,-0.0027466,2.0482,0.11536,0
0.025482,0.004425,0.0177,2.2757,0.12024,0
0.027618,0.005188,0.030975,2.2757,0.12665,0
0.03006,0.0010681,0.035553,2.5033,0.13489,0
0.023499,-0.0027466,0.040436,2.2757,0.14587,0
0.0056458,-0.0032043,0.056152,2.5033,0.15747,0
-0.020294,-0.0010681,0.075073,2.2757,0.17212,0
-0.036621,0.0047302,0.089111,2.9584,0.18799,0
-0.033875,0.011749,0.094147,2.7309,0.20416,0
-0.029297,0.016479,0.09201,2.0482,0.21912,0
-0.023651,0.016632,0.084381,2.7309,0.23254,0
-0.019531,0.013275,0.075531,2.2757,0.24292,0
-0.020447,0.010834,0.061798,2.7309,0.24811,0
-0.018158,0.0099182,0.049438,2.5033,0.24933,0
-0.012207,0.011292,0.042572,2.2757,0.24445,0
-0.0035095,0.010071,0.039215,2.7309,0.23285,0
0.0022888,0.0082397,0.039825,2.7309,0.21851,0
0.0038147,0.0097656,0.048523,2.7309,0.20111,0
0.0053406,0.0091553,0.060425,3.186,0.18494,0
0.0091553,0.005188,0.067291,3.186,0.16663,0
0.017548,-0.0013733,0.064697,2.9584,0.1474,0
0.026245,-0.0065613,0.052338,2.7309,0.12726,0
0.035248,-0.0065613,0.0354,2.5033,0.10712,0
0.041809,-0.004425,0.02243,2.7309,0.085144,0
0.042419,-0.0054932,0.020752,2.5033,0.062256,0
0.040131,-0.0083923,0.023499,2.2757,0.039368,0
0.036621,-0.011292,0.019073,2.7309,0.016785,0
0.024109,-0.013733,0.0010681,2.5033,-0.0061035,0
0.0061035,-0.016785,-0.018311,2.2757,-0.028076,0
-0.010681,-0.019989,-0.026855,2.9584,-0.050354,0
-0.020599,-0.021515,-0.025635,2.7309,-0.070801,0
-0.023346,-0.022278,-0.026398,2.7309,-0.089417,0
-0.024261,-0.018158,-0.034485,2.5033,-0.10681,0
-0.020905,-0.01236,-0.039368,2.5033,-0.12238,0
-0.021057,-0.0080872,-0.034332,2.2757,-0.1355,0
-0.02594,-0.0022888,-0.027618,2.2757,-0.15015,0
-0.025177,0.0021362,-0.024719,2.0482,-0.16327,0
-0.018311,0.0048828,-0.02655,2.5033,-0.17517,0
-0.0085449,0.0054932,-0.027466,2.2757,-0.19104,0
0.0024414,0.0054932,-0.027466,2.5033,-0.20874,0
0.014343,0.0057983,-0.027771,2.2757,-0.23041,0
0.025177,0.0053406,-0.027771,2.0482,-0.25269,0
0.031586,0.0056458,-0.027924,2.2757,-0.27405,0
0.029755,0.0056458,-0.027466,2.0482,-0.29633,0
0.023041,0.0056458,-0.027618,2.5033,-0.32166,0
0.017242,0.0056458,-0.027924,2.0482,-0.35126,0
0.010834,0.0056458,-0.027771,2.5033,-0.38361,0
0.0064087,0.0041199,-0.019684,2.7309,-0.41443,0
0.0032043,0.0022888,0.0016785,2.5033,-0.4425,0
-0.00045776,0.00076294,0.017242,2.7309,-0.47028,0
-0.0053406,-0.0041199,0.023193,3.186,-0.49835,0
-0.0097656,-0.010834,0.020599,2.7309,-0.52429,0
-0.018616,-0.015259,0.013275,2.2757,-0.54901,0
-0.019379,-0.015717,0.0028992,2.2757,-0.57037,0
-0.011902,-0.014038,-0.0053406,2.7309,-0.59052,0
-0.0018311,-0.012207,-0.010529,2.2757,-0.6076,0
0.0042725,-0.010376,-0.012207,2.2757,-0.62042,0
0.0038147,-0.0061035,-0.0032043,2.2757,-0.625,0
0.0047302,-0.00045776,0.016632,2.7309,-0.62653,0
0.012665,0.004425,0.035858,2.9584,-0.62408,0
0.019836,0.0039673,0.049133,2.2757,-0.61707,0
0.016937,0.0021362,0.052185,2.7309,-0.6073,0
0.0067139,0.0021362,0.042877,2.2757,-0.59479,0
-0.00045776,0.00045776,0.023499,2.7309,-0.57678,0
-0.0024414,-0.0042725,0.0013733,2.5033,-0.55328,0
-0.004425,-0.0090027,-0.015259,2.9584,-0.52399,0
-0.0024414,-0.011902,-0.027466,2.2757,-0.49164,0
0.0076294,-0.0083923,-0.036011,2.5033,-0.45715,0
0.018463,-0.0010681,-0.03418,2.7309,-0.42084,0
0.029449,0.0082397,-0.026855,2.2757,-0.37872,0
0.040436,0.015869,-0.020599,2.2757,-0.3302,0
0.042114,0.019073,-0.014038,2.7309,-0.27344,0
0.031586,0.016937,-0.0050354,2.9584,-0.2124,0
0.014801,0.01358,-0.005188,2.5033,-0.15076,0
0.0039673,0.011749,-0.021515,2.2757,-0.089111,0
-0.0024414,0.01236,-0.042572,2.0482,-0.02655,0
-0.011139,0.014496,-0.053406,2.2757,0.033875,0
-0.023956,0.019379,-0.046082,1.5931,0.094604,0
-0.0383,0.020905,-0.032806,2.2757,0.15686,0
-0.04776,0.016174,-0.020905,2.5033,0.21881,0
-0.053711,0.0071716,-0.011597,2.5033,0.27557,0
-0.056305,0.0010681,-0.010681,2.7309,0.32501,0
-0.047455,-0.0041199,-0.019836,3.186,0.36682,0
-0.028839,-0.0064087,-0.039368,2.7309,0.40009,0
-0.014191,-0.0056458,-0.054321,2.2757,0.42542,0
-0.0086975,-0.0067139,-0.054932,2.2757,0.44708,0
-0.0091553,-0.007782,-0.041046,2.5033,0.46417,0
-0.0097656,-0.0080872,-0.028992,2.5033,0.48004,0
-0.015259,-0.01297,-0.01709,2.9584,0.49469,0
-0.024261,-0.02243,-0.005188,2.9584,0.50598,0
-0.035248,-0.030365,0.00045776,2.7309,0.51331,0
-0.0383,-0.036469,-0.0022888,2.2757,0.51758,0
-0.032654,-0.040894,-0.0094604,2.2757,0.51758,0
-0.02594,-0.040131,-0.016174,3.186,0.51697,0
-0.025635,-0.036011,-0.029144,3.186,0.51331,0
-0.03067,-0.030518,-0.058136,2.7309,0.50842,0
-0.034027,-0.023346,-0.074158,2.7309,0.49957,0
-0.03067,-0.014954,-0.067139,2.5033,0.48492,0
-0.024414,-0.0088501,-0.06485,2.9584,0.46539,0
-0.013123,-0.0028992,-0.066071,2.7309,0.44037,0
0.0032043,0.0073242,-0.060577,2.7309,0.41595,0
0.007782,0.0177,-0.049744,2.7309,0.38879,0
0,0.017548,-0.037079,2.2757,0.36041,0
-0.011139,0.013885,-0.028076,2.2757,0.33112,0
-0.016327,0.010529,-0.033112,2.9584,0.29877,0
-0.011292,0.007019,-0.052948,3.4135,0.26062,0
-0.0028992,0.0033569,-0.068207,2.5033,0.22064,0
0.0022888,0.0057983,-0.072021,2.9584,0.17334,0
0.007782,0.0062561,-0.070648,2.9584,0.11841,0
0.011902,-0.00091553,-0.062714,2.9584,0.064087,0
0.0073242,-0.0071716,-0.037384,3.186,0.010071,0
-0.0039673,-0.0094604,-0.0062561,2.2757,-0.043945,0
-0.0093079,-0.01236,0.0071716,2.5033,-0.098267,0
-0.010223,-0.0177,-0.0015259,2.2757,-0.14984,0
-0.015411,-0.019836,-0.023346,2.0482,-0.19775,0
-0.015411,-0.019989,-0.048676,2.2757,-0.23956,0
-0.0032043,-0.019684,-0.074463,2.0482,-0.27924,0
0.013733,-0.015411,-0.096436,2.5033,-0.31525,0
0.028076,-0.007782,-0.10696,2.7309,-0.34851,0
0.042267,-0.0027466,-0.098724,2.5033,-0.37781,0
0.051727,-0.00045776,-0.075531,1.8206,-0.39642,0
0.053864,-0.00076294,-0.046082,2.5033,-0.40344,0
0.045776,0,-0.018311,2.9584,-0.40314,0
0.03418,-0.00076294,-0.0016785,2.7309,-0.39551,0
0.02655,-0.0024414,-0.0013733,2.0482,-0.38086,0
0.026855,-0.0010681,-0.0057983,2.7309,-0.35736,0
0.034637,0.0010681,-0.0082397,2.2757,-0.32959,0
0.046997,-0.0021362,-0.011139,2.2757,-0.29694,0
0.054016,-0.004425,-0.016785,2.5033,-0.26031,0
0.048981,-0.0059509,-0.03006,2.5033,-0.2121,0
0.040741,-0.013123,-0.044708,1.8206,-0.14557,0
0.044556,-0.014343,-0.038605,2.5033,-0.087891,0
0.047913,-0.010071,-0.0068665,2.2757,-0.070801,0
0.042114,-0.0079346,0.022888,2.5033,-0.098877,0
0.032501,-0.0091553,0.030212,2.5033,-0.14526,0
0.02243,-0.0090027,0.018616,3.186,-0.18341,0
0.0090027,-0.0056458,0.0032043,2.5033,-0.19348,0
-0.0074768,-0.0056458,-0.0086975,2.5033,-0.18311,0
-0.018158,-0.0054932,-0.013733,2.7309,-0.16998,0
-0.019226,0.00015259,-0.0177,2.7309,-0.16937,0
-0.020905,0.0038147,-0.024872,3.186,-0.18585,0
-0.02594,-0.00076294,-0.024261,3.186,-0.21271,0
-0.031738,-0.0050354,-0.0091553,2.7309,-0.24048,0
-0.040741,-0.0073242,0.010071,2.7309,-0.25177,0
-0.050659,-0.0097656,0.020599,3.4135,-0.23499,0
-0.052032,-0.0085449,0.016785,2.7309,-0.1889,0
-0.041199,-0.0076294,0.00076294,3.186,-0.13062,0
-0.034485,-0.0085449,-0.01709,3.186,-0.077515,0
-0.026245,-0.0083923,-0.029755,2.5033,-0.043945,0
-0.01358,-0.0059509,-0.0383,2.0482,-0.029297,0
0.00061035,-0.002594,-0.048065,2.2757,-0.023804,0
-0.00015259,-0.0036621,-0.054932,2.7309,-0.014343,0
-0.015259,-0.0076294,-0.062714,2.5033,0.0039673,0
-0.027466,-0.0086975,-0.074005,2.5033,0.031128,0
-0.028992,-0.0041199,-0.079041,2.9584,0.06134,0
-0.024261,0.0012207,-0.072021,2.7309,0.078735,0
-0.02121,0.0022888,-0.054779,2.9584,0.079651,0
-0.018005,0.0021362,-0.029144,2.5033,0.066833,0
-0.010681,0.0019836,-0.0027466,2.2757,0.049744,0
-0.0024414,0.00076294,0.014954,2.0482,0.040283,0
0.0032043,-0.00091553,0.024109,2.7309,0.039368,0
0.01236,-0.0013733,0.026855,2.7309,0.047607,0
0.02533,-0.0028992,0.032806,2.2757,0.065002,0
0.035858,-0.0064087,0.046844,2.7309,0.085144,0
0.04776,-0.009613,0.059814,3.186,0.10742,0
0.057678,-0.0086975,0.064087,2.5033,0.13062,0
0.055389,-0.007019,0.057678,1.8206,0.15442,0
0.036926,-0.007782,0.041962,2.0482,0.1825,0
0.0094604,-0.011749,0.026855,1.8206,0.21515,0
-0.0080872,-0.012817,0.013885,2.2757,0.25055,0
-0.015411,-0.0086975,0.004425,2.5033,0.28442,0
-0.021515,-0.0068665,0.0093079,2.7309,0.31586,0
-0.016327,-0.0021362,0.024872,2.9584,0.33783,0
-0.0015259,0.0079346,0.038605,3.4135,0.3476,0
0.0032043,0.013428,0.043182,2.9584,0.34058,0
-0.0050354,0.013428,0.043793,3.6411,0.32196,0
-0.01358,0.010681,0.041199,3.186,0.29938,0
-0.015411,0.009613,0.035095,2.5033,0.28351,0
-0.014191,0.011292,0.029755,2.9584,0.27252,0
-0.010376,0.015411,0.023193,3.186,0.26764,0
-0.011139,0.018463,0.015259,2.9584,0.26093,0
-0.021057,0.016937,0.0085449,2.7309,0.24902,0
-0.030365,0.013428,0.0027466,3.4135,0.22949,0
-0.03891,0.011597,-0.0064087,2.5033,0.20752,0
-0.048065,0.013885,-0.011444,3.186,0.18585,0
-0.050507,0.018005,-0.0076294,3.4135,0.16998,0
-0.04364,0.022736,0.0021362,2.9584,0.16083,0
-0.030823,0.026855,0.010681,3.186,0.15808,0
-0.019379,0.026398,0.018005,3.4135,0.15869,0
-0.0024414,0.024719,0.019684,3.6411,0.1593,0
0.021973,0.02594,0.014038,2.5033,0.15747,0
0.045166,0.029449,0.013428,2.2757,0.15411,0
0.052032,0.030823,0.023956,2.5033,0.14954,0
0.042419,0.028229,0.041656,1.8206,0.1416,0
0.030975,0.022736,0.057831,2.2757,0.12909,0
0.022736,0.016022,0.070801,2.2757,0.11139,0
0.013428,0.01236,0.076599,2.5033,0.08728,0
0.0028992,0.0083923,0.077972,2.2757,0.064087,0
-0.0080872,0.0045776,0.080566,2.9584,0.042114,0
-0.014954,0.0018311,0.075073,2.7309,0.025635,0
-0.014648,0.0021362,0.055695,1.8206,0.012512,0
-0.014648,0.0068665,0.028839,2.2757,0.00091553,0
-0.015106,0.014954,0.0099182,2.5033,-0.010986,0
-0.013733,0.018921,0.0032043,2.0482,-0.022888,0
-0.0091553,0.013885,-0.00015259,2.2757,-0.034485,0
-0.0035095,0.0056458,-0.0027466,2.0482,-0.045166,0
0.0015259,0.0036621,-0.0047302,2.5033,-0.050049,0
0.0074768,0.0091553,-0.0062561,2.2757,-0.050049,0
0.014801,0.010986,-0.0085449,2.2757,-0.049438,0
0.016632,0.0071716,-0.0059509,2.2757,-0.05127,0
0.018616,0.0019836,0.0016785,2.9584,-0.055237,0
0.023804,0.00015259,0.011139,2.7309,-0.063477,0
0.026398,0.0024414,0.014648,2.2757,-0.076294,0
0.023956,0.0035095,0.014038,2.2757,-0.088806,0
0.016785,-0.00045776,0.0094604,2.9584,-0.10376,0
0.010376,-0.0068665,-0.00015259,2.7309,-0.12177,0
0.013733,-0.007782,-0.0090027,2.5033,-0.13824,0
0.027618,-0.0041199,-0.0082397,2.9584,-0.15198,0
0.045013,-0.00030518,-0.0030518,3.186,-0.16388,0
0.058441,0.0018311,0.0033569,3.4135,-0.17395,0
0.062714,0.002594,0.0086975,3.186,-0.18341,0
0.060883,0.0048828,0.015259,3.186,-0.19196,0
0.056,0.0065613,0.022736,3.186,-0.20081,0
0.052338,0.0036621,0.026093,3.186,-0.20905,0
0.04715,-0.0035095,0.024567,2.5033,-0.21667,0
0.039215,-0.0083923,0.021973,2.9584,-0.22644,0
0.027161,-0.0064087,0.021362,2.9584,-0.23682,0
0.018311,-0.0022888,0.026398,2.5033,-0.2478,0
0.010834,0.00045776,0.029755,1.8206,-0.25696,0
0.0012207,0.0018311,0.030212,2.7309,-0.26367,0
-0.010223,0.00030518,0.028534,2.2757,-0.26581,0
-0.021362,-0.0041199,0.027618,2.5033,-0.26611,0
-0.032959,-0.0083923,0.030823,2.5033,-0.26703,0
-0.043182,-0.011139,0.038452,2.5033,-0.26886,0
-0.045776,-0.014496,0.046387,3.186,-0.27496,0
-0.043793,-0.020752,0.044098,2.2757,-0.28107,0
-0.049896,-0.028076,0.028229,2.0482,-0.28809,0
-0.057678,-0.028381,0.020905,2.7309,-0.29205,0
-0.058289,-0.025177,0.022583,2.2757,-0.28687,0
-0.052185,-0.020752,0.020752,2.2757,-0.27527,0
-0.044403,-0.019989,0.012512,2.2757,-0.25665,0
-0.042267,-0.021515,0.0062561,2.2757,-0.23987,0
-0.035706,-0.021057,0.0047302,2.2757,-0.22766,0
-0.022125,-0.016937,0.0030518,2.0482,-0.22247,0
-0.0082397,-0.019531,0.0035095,2.0482,-0.22156,0
0.0054932,-0.025787,0.0067139,2.2757,-0.22064,0
0.010986,-0.028687,0.0053406,2.7309,-0.2121,0
0.0032043,-0.025482,0.00015259,2.0482,-0.19592,0
-0.010986,-0.020294,-0.0056458,2.2757,-0.17334,0
-0.019531,-0.019531,-0.0099182,1.5931,-0.15106,0
-0.021973,-0.021057,-0.012054,2.0482,-0.13458,0
-0.023804,-0.02121,-0.0053406,2.5033,-0.12451,0
-0.021057,-0.017548,0.0073242,2.2757,-0.11688,0
-0.014801,-0.014496,0.020142,3.186,-0.11108,0
-0.0061035,-0.012512,0.031128,3.186,-0.10223,0
-0.0041199,-0.0071716,0.036926,2.7309,-0.091248,0
-0.012665,0.0019836,0.032349,2.7309,-0.075378,0
-0.015869,0.0083923,0.028229,2.9584,-0.057068,0
-0.013123,0.010223,0.026855,3.4135,-0.035706,0
-0.0047302,0.010681,0.026398,2.9584,-0.017395,0
0.013428,0.010223,0.026245,2.7309,-0.0048828,0
0.028381,0.010529,0.02655,2.9584,0.0015259,0
0.031281,0.010376,0.026398,2.5033,0.0057983,0
0.025635,0.010376,0.026245,2.7309,0.0085449,0
0.026093,0.010529,0.026398,2.7309,0.011292,0
0.031738,0.010376,0.026398,2.9584,0.019226,0
0.034027,0.010223,0.02655,2.7309,0.031433,0
0.033875,0.010223,0.026398,2.9584,0.043335,0
0.036011,0.010223,0.026398,2.9584,0.056152,0
0.03067,0.010529,0.026245,2.9584,0.068359,0
0.025482,0.010529,0.026398,2.9584,0.079346,0
0.022736,0.010223,0.02655,2.2757,0.08728,0
0.021973,0.010529,0.026245,2.5033,0.093994,0
0.022736,0.010529,0.026855,2.2757,0.09552,0
0.02121,0.010529,0.026398,2.2757,0.097961,0
0.011749,0.010529,0.026703,2.0482,0.10468,0
0.00076294,0.010376,0.026398,2.5033,0.11322,0
-0.0032043,0.010529,0.026245,2.2757,0.12451,0
-0.0045776,0.0086975,0.029297,2.5033,0.13702,0
-0.0054932,0.0035095,0.033875,1.8206,0.15015,0
-0.0015259,-0.00030518,0.030975,2.7309,0.16205,0
0.0013733,0.00045776,0.024261,2.7309,0.17181,0
0.00061035,0.0013733,0.017242,2.7309,0.18158,0
-0.0015259,-0.00076294,0.012054,2.7309,0.19135,0
-0.0050354,-0.0010681,0.0064087,2.5033,0.19989,0
-0.0059509,0.00030518,-0.00091553,2.2757,0.20996,0
-0.0079346,0.0015259,-0.0091553,2.0482,0.21912,0
-0.0073242,0.0019836,-0.0177,1.5931,0.22858,0
-0.00091553,0.00045776,-0.023651,2.5033,0.23926,0
0.010681,-0.0016785,-0.018158,3.186,0.24994,0
0.027618,-0.0032043,-0.0015259,2.5033,0.25757,0
0.037384,-0.0019836,0.015564,2.7309,0.26611,0
0.028534,-0.0012207,0.02594,2.5033,0.27405,0
0.016632,0.0010681,0.028687,2.5033,0.27954,0
0.0041199,0.002594,0.025635,2.7309,0.28595,0
-0.0053406,0.0027466,0.024414,2.2757,0.29053,0
-0.013275,0.00045776,0.02121,2.9584,0.29449,0
-0.020752,-0.00061035,0.012512,2.2757,0.30487,0
-0.02533,0.0024414,0.002594,2.9584,0.31616,0
-0.023499,0.0065613,-0.0059509,3.186,0.32867,0
-0.021057,0.0073242,-0.012817,2.7309,0.34241,0
-0.025177,0.0061035,-0.019836,2.7309,0.35828,0
-0.030975,0.0059509,-0.02533,2.2757,0.37079,0
-0.035248,0.0065613,-0.024261,2.7309,0.38239,0
-0.035706,0.0039673,-0.016479,3.4135,0.39398,0
-0.032501,0.0032043,-0.0097656,3.4135,0.40375,0
-0.021667,0.0035095,-0.0061035,2.9584,0.41412,0
-0.004425,0.0045776,-0.0016785,2.9584,0.42236,0
0.0068665,0.0033569,0.0019836,2.5033,0.42816,0
0.004425,0.0016785,-0.0033569,2.9584,0.43243,0
-0.0093079,-0.00076294,-0.0094604,2.9584,0.43732,0
-0.022888,-0.0019836,-0.0079346,2.5033,0.44006,0
-0.028839,-0.0035095,-0.0035095,3.186,0.44342,0
-0.030212,-0.0030518,-0.0041199,2.7309,0.44647,0
-0.031281,0.00091553,-0.0073242,2.0482,0.45166,0
-0.031891,0.0045776,-0.0093079,2.7309,0.45624,0
-0.032196,0.0042725,-0.010681,3.186,0.46082,0
-0.031128,0.0016785,-0.01236,2.5033,0.46417,0
-0.025024,0.00076294,-0.010986,2.7309,0.46631,0
-0.013428,0.00015259,-0.0067139,2.7309,0.46967,0
0.00061035,-0.00091553,-0.0035095,2.5033,0.47119,0
0.014038,-0.00061035,0.0012207,2.7309,0.47394,0
0.021362,0.0016785,0.0059509,2.9584,0.47729,0
0.023651,0.0015259,0.0036621,2.5033,0.47852,0
0.027618,0.0035095,-0.0071716,2.2757,0.47821,0
0.027771,0.0064087,-0.02533,2.9584,0.47363,0
0.028229,0.0061035,-0.044403,2.5033,0.46875,0
0.027618,0.004425,-0.053864,2.7309,0.46387,0
0.01358,0.002594,-0.055847,2.5033,0.45868,0
-0.0082397,0.0028992,-0.053101,2.5033,0.45319,0
-0.032501,0.0030518,-0.047455,2.2757,0.44586,0
-0.043945,0.002594,-0.041351,2.0482,0.43762,0
-0.037994,0.0013733,-0.036469,2.7309,0.42999,0
-0.021362,0.0018311,-0.031128,2.7309,0.42084,0
0,0.00061035,-0.027161,2.7309,0.41382,0
0.0177,0.00015259,-0.029602,2.9584,0.40649,0
0.020752,0.0010681,-0.03479,3.186,0.40192,0
0.010071,-0.00076294,-0.0354,3.186,0.39673,0
-0.004425,-0.00076294,-0.032349,2.5033,0.39398,0
-0.011444,0.00030518,-0.028381,2.7309,0.39337,0
-0.0073242,-0.00061035,-0.024109,2.5033,0.39612,0
-0.00030518,-0.0033569,-0.019226,2.9584,0.40039,0
0.0032043,-0.0059509,-0.016785,3.4135,0.40314,0
0.0041199,-0.0061035,-0.015869,2.7309,0.40131,0
0.0054932,-0.0057983,-0.009613,2.7309,0.39581,0
0.0053406,-0.0038147,-0.0032043,2.5033,0.39215,0
0.0030518,-0.0021362,-0.0010681,2.5033,0.38788,0
-0.00015259,-0.0022888,0.0013733,2.9584,0.38757,0
-0.0048828,-0.0028992,0.0050354,2.9584,0.38574,0
-0.0083923,-0.0030518,0.005188,2.7309,0.38605,0
-0.0074768,-0.0039673,0.0028992,2.9584,0.38361,0
-0.0033569,-0.0064087,0.00091553,2.5033,0.37628,0
0.0016785,-0.0082397,-0.0016785,2.7309,0.36438,0
0.0061035,-0.0091553,-0.0048828,2.7309,0.35004,0
0.0064087,-0.010681,-0.0010681,2.2757,0.33478,0
0.0013733,-0.010834,0.0061035,2.0482,0.32166,0
-0.0042725,-0.0094604,0.010529,2.7309,0.30914,0
-0.004425,-0.0082397,0.018921,2.5033,0.29938,0
0.0067139,-0.007019,0.031891,2.5033,0.28961,0
0.023041,-0.0062561,0.041656,2.2757,0.28381,0
0.033875,-0.007019,0.046082,2.0482,0.2774,0
0.03418,-0.007782,0.050201,2.5033,0.26947,0
0.026703,-0.0073242,0.05249,2.0482,0.2597,0
0.017242,-0.0068665,0.052338,3.186,0.24872,0
0.010223,-0.0027466,0.048218,2.7309,0.2359,0
0.0073242,0.00045776,0.042572,2.9584,0.22095,0
0.0093079,0.004425,0.037842,2.7309,0.20172,0
0.012512,0.010834,0.039978,2.5033,0.18219,0
0.0099182,0.015869,0.04425,2.7309,0.16296,0
0.0022888,0.014648,0.044708,2.7309,0.14465,0
-0.0067139,0.0085449,0.041199,2.5033,0.12573,0
-0.010529,0.004425,0.0354,3.186,0.10559,0
-0.005188,0.0039673,0.03006,2.5033,0.081482,0
-0.0056458,0.004425,0.030212,2.7309,0.057678,0
-0.013885,0.0047302,0.028839,2.9584,0.031433,0
-0.0057983,0.0064087,0.026093,3.4135,0.0085449,0
0.012054,0.005188,0.019989,2.2757,-0.011292,0
0.012665,0.0035095,0.0082397,2.0482,-0.029297,0
0.007019,0.0041199,-0.0071716,2.0482,-0.04425,0
0.0086975,0.0067139,-0.02182,2.7309,-0.057678,0
0.0097656,0.0076294,-0.027466,2.9584,-0.068054,0
0.0053406,0.0076294,-0.020599,2.2757,-0.079041,0
0.002594,0.0042725,-0.009613,2.2757,-0.088501,0
0.007019,-0.00061035,-0.0090027,2.7309,-0.097656,0
0.0080872,-0.0045776,-0.02243,2.7309,-0.10742,0
0.007019,-0.007019,-0.038147,2.9584,-0.11749,0
0.0080872,-0.0071716,-0.052032,2.7309,-0.12848,0
0.0064087,-0.0065613,-0.063782,2.7309,-0.14099,0
0.0022888,-0.0073242,-0.06958,2.9584,-0.15045,0
0.0015259,-0.0065613,-0.064697,2.7309,-0.16205,0
0.0054932,-0.0019836,-0.056152,2.5033,-0.17059,0
0.007019,0.0021362,-0.052795,2.0482,-0.17578,0
0.0097656,0.0047302,-0.048676,2.5033,-0.18066,0
0.017853,0.0054932,-0.038147,2.7309,-0.18372,0
0.034943,0.0067139,-0.028381,2.7309,-0.18738,0
0.046539,0.0091553,-0.023804,2.5033,-0.19226,0
0.034943,0.009613,-0.019073,2.0482,-0.19806,0
0.015717,0.0076294,-0.011139,2.2757,-0.20477,0
0.0090027,0.0038147,-0.0068665,2.9584,-0.21118,0
0.0050354,0.0016785,-0.004425,2.0482,-0.21606,0
-0.0010681,0.0038147,0.002594,2.0482,-0.21973,0
-0.0061035,0.0061035,0.015259,2.5033,-0.22156,0
-0.0033569,0.0062561,0.026855,2.2757,-0.22308,0
0.00015259,0.0068665,0.037842,2.2757,-0.22583,0
-0.0035095,0.0086975,0.053864,2.2757,-0.23071,0
-0.015411,0.0090027,0.06897,2.7309,-0.23712,0
-0.02655,0.010071,0.077972,2.0482,-0.24139,0
-0.031281,0.010376,0.080872,2.5033,-0.24384,0
-0.032959,0.010223,0.077057,2.7309,-0.24323,0
-0.035095,0.010529,0.063477,2.9584,-0.24078,0
-0.031433,0.0085449,0.043182,2.7309,-0.23895,0
-0.032349,0.0041199,0.023041,2.9584,-0.23804,0
-0.033112,0.002594,0.004425,2.0482,-0.23865,0
-0.029907,0.0039673,-0.0091553,2.0482,-0.2417,0
-0.030518,0.0039673,-0.014801,2.2757,-0.24567,0
-0.029297,0.0056458,-0.01358,2.5033,-0.24719,0
-0.028992,0.0056458,-0.014496,2.5033,-0.2475,0
-0.029602,0.0013733,-0.016022,2.7309,-0.24231,0
-0.027313,-0.0018311,-0.014496,2.5033,-0.23834,0
-0.023041,-0.0030518,-0.014038,2.7309,-0.23529,0
-0.019379,-0.0019836,-0.021057,2.9584,-0.23193,0
-0.015411,-0.00030518,-0.027924,2.7309,-0.22919,0
-0.011902,0.0028992,-0.024872,2.9584,-0.22736,0
-0.0064087,0.0042725,-0.013123,2.7309,-0.22217,0
-0.0027466,-0.00091553,-0.0016785,3.186,-0.21545,0
0.0028992,-0.0054932,0,2.9584,-0.20721,0
0.0073242,-0.0068665,-0.0064087,2.5033,-0.19867,0
0.0064087,-0.0090027,-0.0093079,2.7309,-0.18921,0
0.00091553,-0.010529,-0.0036621,2.0482,-0.18005,0
-0.00061035,-0.0091553,0.0047302,2.5033,-0.17181,0
0.00061035,-0.0085449,0.0054932,2.7309,-0.16083,0
0.0053406,-0.0062561,0.00061035,2.7309,-0.15045,0
0.0085449,-0.0053406,-0.00061035,2.5033,-0.14252,0
0.0054932,-0.0064087,-0.0010681,2.7309,-0.13336,0
0.0012207,-0.0086975,-0.0018311,2.5033,-0.12695,0
0,-0.010529,0.0013733,2.7309,-0.1181,0
-0.0013733,-0.01358,0.0085449,1.8206,-0.10864,0
-0.0053406,-0.014343,0.01358,2.5033,-0.095825,0
-0.0021362,-0.012665,0.014191,3.186,-0.084229,0
0.0048828,-0.011749,0.014038,2.7309,-0.071411,0
0.0094604,-0.011292,0.014191,2.9584,-0.058594,0
0.0177,-0.011292,0.013885,3.186,-0.043335,0
0.026398,-0.011139,0.014191,1.8206,-0.028381,0
0.031738,-0.010071,0.01297,2.0482,-0.011902,0
0.034637,-0.0073242,0.0090027,2.2757,0.0018311,0
0.033569,-0.0039673,0.0041199,2.5033,0.012512,0
0.031891,0.00061035,0.0030518,2.9584,0.021362,0
0.018768,0.0033569,0.012665,2.0482,0.033264,0
0.0039673,0.0010681,0.030365,2.7309,0.04425,0
0.0010681,-0.00030518,0.037231,3.186,0.055237,0
0.0064087,0.00015259,0.02655,2.2757,0.065613,0
0.01297,0.0010681,0.0082397,2.2757,0.074768,0
0.016022,0.00091553,-0.0032043,2.9584,0.083008,0
0.019226,-0.0035095,-0.0045776,2.5033,0.090637,0
0.023346,-0.0076294,-0.0047302,2.5033,0.097351,0
0.028534,-0.0082397,-0.0068665,2.5033,0.10101,0
0.030518,-0.0076294,-0.0071716,2.7309,0.10193,0
0.028229,-0.0079346,-0.007019,2.5033,0.10406,0
0.030975,-0.009613,-0.0076294,2.5033,0.10437,0
0.036774,-0.011444,-0.011902,3.186,0.10712,0
0.038757,-0.013428,-0.01297,2.5033,0.10986,0
0.036621,-0.013428,-0.01236,2.7309,0.11169,0
0.031738,-0.01236,-0.016632,2.5033,0.11383,0
0.02594,-0.012665,-0.024261,2.7309,0.11475,0
0.018311,-0.016632,-0.029755,2.2757,0.11688,0
0.0097656,-0.019989,-0.026703,2.7309,0.12268,0
-0.00091553,-0.019989,-0.016022,2.7309,0.13092,0
-0.0064087,-0.015717,-0.0082397,2.7309,0.13947,0
-0.0080872,-0.0083923,-0.011597,2.5033,0.14343,0
-0.0082397,-0.0013733,-0.02121,2.5033,0.14771,0
-0.0082397,-0.00015259,-0.036469,1.8206,0.14801,0
-0.0076294,-0.0019836,-0.051117,2.2757,0.14893,0
-0.0079346,-0.0027466,-0.046692,2.5033,0.14832,0
-0.0079346,-0.0015259,-0.027924,2.2757,0.15198,0
-0.007782,0.00015259,-0.0027466,2.5033,0.15533,0
-0.0079346,-0.00030518,0.016632,1.8206,0.16296,0
-0.0082397,-0.0032043,0.019531,2.0482,0.16998,0
-0.0080872,-0.0038147,0.014038,2.0482,0.17792,0
-0.0065613,-0.0039673,0.0099182,1.8206,0.18433,0
-0.0056458,-0.0039673,0.0054932,1.5931,0.19043,0
-0.0053406,-0.004425,-0.00030518,1.8206,0.19562,0
-0.0016785,-0.0065613,-0.0022888,2.9584,0.20081,0
0.0047302,-0.0088501,-0.0039673,2.0482,0.20691,0
0.0054932,-0.010376,-0.0071716,1.5931,0.21027,0
0.0048828,-0.0094604,-0.011292,1.1379,0.20844,0
0.0082397,-0.0074768,-0.016785,1.3655,0.20599,0
0.014648,-0.0019836,-0.020599,1.3655,0.20569,0
0.01709,0.0012207,-0.019379,1.8206,0.20966,0
0.0091553,-0.00030518,-0.018005,1.5931,0.21698,0
-0.0038147,-0.0036621,-0.019226,2.5033,0.22614,0
-0.013733,-0.0018311,-0.017853,2.5033,0.23346,0
-0.015869,-0.00030518,-0.012054,2.5033,0.23956,0
-0.012817,-0.0013733,-0.0071716,2.5033,0.24292,0
-0.0059509,-0.0019836,0,2.2757,0.24445,0
-0.00045776,-0.0022888,0.0091553,2.7309,0.24231,0
-0.0019836,0.0015259,0.015411,2.7309,0.23804,0
-0.0083923,0.0064087,0.022583,1.8206,0.23376,0
-0.0083923,0.0083923,0.027924,2.2757,0.23499,0
-0.0010681,0.010529,0.032654,2.2757,0.242,0
0.012054,0.011749,0.039673,2.5033,0.24963,0
0.032349,0.0091553,0.045776,2.7309,0.25665,0
0.057068,0.0041199,0.051727,2.9584,0.25787,0
0.075989,0.0016785,0.054169,2.5033,0.25482,0
0.083618,-0.0019836,0.054932,2.7309,0.24719,0
0.072937,-0.010223,0.059052,2.5033,0.23956,0
0.052795,-0.015564,0.06424,2.5033,0.23224,0
0.024719,-0.018616,0.065002,2.5033,0.23438,0
-0.0061035,-0.019989,0.060425,2.5033,0.24414,0
-0.031738,-0.018463,0.055695,2.5033,0.25543,0
-0.046082,-0.014648,0.059662,2.2757,0.26733,0
-0.056305,-0.0064087,0.071411,2.5033,0.26947,0
-0.065918,0.00045776,0.079346,2.0482,0.26093,0
-0.071869,0.0012207,0.076752,1.8206,0.24384,0
-0.073853,-0.0032043,0.067139,2.2757,0.22186,0
-0.072479,-0.0050354,0.055084,2.2757,0.20203,0
-0.070496,-0.0039673,0.046082,2.5033,0.18341,0
-0.067749,-0.0018311,0.043945,2.0482,0.16357,0
-0.055237,0.002594,0.04776,2.0482,0.14679,0
-0.035706,0.010834,0.051727,1.5931,0.1358,0
-0.017548,0.016174,0.054474,1.8206,0.12695,0
-0.0016785,0.01297,0.062866,1.5931,0.11993,0
0.011597,0.0076294,0.075378,2.2757,0.11719,0
0.019073,0.00091553,0.08667,2.2757,0.11719,0
0.025024,-0.0054932,0.094452,2.5033,0.11871,0
0.036011,-0.010223,0.095673,2.0482,0.11475,0
0.036774,-0.013885,0.091858,1.3655,0.10437,0
0.028229,-0.014191,0.08728,1.8206,0.091248,0
0.019226,-0.014648,0.084686,2.7309,0.081177,0
0.01297,-0.014648,0.080719,2.2757,0.073547,0
0.0074768,-0.011749,0.07309,1.8206,0.064392,0
0.012665,-0.0082397,0.066071,2.2757,0.05127,0
0.019989,-0.0062561,0.063782,2.0482,0.037231,0
0.016937,-0.0076294,0.060577,2.7309,0.021973,0
0.0036621,-0.0054932,0.054626,2.2757,0.010681,0
-0.01236,-0.00091553,0.048981,2.7309,0.0033569,0
-0.025482,0.00015259,0.039368,2.5033,0.0039673,0
-0.031128,-0.0028992,0.020599,2.0482,0.012817,0
-0.032196,-0.0068665,0.010681,2.0482,0.030518,0
-0.03067,-0.0022888,0.022888,2.7309,0.05249,0
-0.028839,0.0097656,0.033722,2.5033,0.06958,0
-0.023804,0.014801,0.023346,2.7309,0.076599,0
-0.013428,0.015564,0.011139,2.5033,0.073242,0
-0.0018311,0.019379,0.013733,2.9584,0.064392,0
0.0082397,0.020142,0.023193,2.7309,0.059509,0
0.012665,0.015564,0.023651,2.7309,0.063477,0
0.018005,0.01236,0.0177,2.5033,0.074768,0
0.02182,0.01358,0.015564,2.5033,0.086975,0
0.02121,0.017548,0.023956,2.5033,0.095825,0
0.013123,0.019836,0.038452,2.2757,0.099792,0
0.0065613,0.020142,0.047607,2.2757,0.097961,0
0.0045776,0.020447,0.048828,1.8206,0.089722,0
0.0082397,0.019073,0.046692,2.5033,0.079041,0
0.013275,0.016327,0.048218,2.2757,0.064087,0
0.016022,0.014038,0.047607,2.0482,0.048828,0
0.011444,0.010376,0.039062,2.0482,0.032349,0
0.0065613,0.0064087,0.023499,2.5033,0.020142,0
0.0056458,0.0054932,0.010834,2.2757,0.011597,0
0.0065613,0.0073242,0.0033569,2.2757,0.010071,0
0.005188,0.011597,-0.0065613,2.5033,0.011597,0
0.0053406,0.010376,-0.015259,1.8206,0.013733,0
0.010376,0.0041199,-0.016022,2.5033,0.012512,0
0.014496,0,-0.016937,2.7309,0.013428,0
0.016022,-0.00061035,-0.022583,2.7309,0.014648,0
0.018005,0.0010681,-0.029602,1.8206,0.020752,0
0.019989,-0.00015259,-0.036774,1.8206,0.025635,0
0.021362,-0.0018311,-0.040131,2.2757,0.02594,0
0.022888,0.00015259,-0.032196,2.0482,0.018616,0
0.031433,0.0019836,-0.017853,2.0482,0.010986,0
0.040436,0,-0.005188,2.0482,0.0027466,0
0.045929,-0.0030518,0.0016785,2.2757,-0.005188,0
0.045319,-0.0024414,0.00091553,2.2757,-0.011597,0
0.037842,0.0013733,-0.0076294,2.2757,-0.014648,0
0.03418,0.0039673,-0.017548,2.2757,-0.016174,0
0.03479,0.0038147,-0.022736,2.2757,-0.014343,0
0.032196,-0.0019836,-0.022278,2.5033,-0.011292,0
0.028229,-0.0056458,-0.017242,3.186,-0.005188,0
0.029297,-0.0082397,-0.0094604,2.2757,0.0030518,0
0.029449,-0.011749,0.0010681,2.0482,0.0094604,0
0.026398,-0.011444,0.0071716,2.7309,0.0097656,0
0.021667,-0.0093079,0.0067139,2.7309,0.0064087,0
0.015411,-0.0085449,0.002594,2.5033,-0.0021362,0
0.0083923,-0.0062561,-0.00091553,2.5033,-0.011292,0
-0.0033569,-0.0039673,0.0024414,2.7309,-0.025024,0
-0.016174,-0.0012207,0.0045776,2.5033,-0.038147,0
-0.026245,0.0018311,-0.0015259,2.2757,-0.048828,0
-0.041046,0.0032043,-0.0097656,1.5931,-0.058899,0
-0.054932,0.0045776,-0.0099182,3.186,-0.065308,0
-0.058136,0.0062561,0.0021362,2.2757,-0.069885,0
-0.05722,0.0045776,0.01236,2.5033,-0.070801,0
-0.053101,0.0012207,0.010529,2.5033,-0.070496,0
-0.050201,-0.0030518,0.0016785,2.2757,-0.067444,0
-0.050812,-0.0054932,-0.013428,1.8206,-0.061035,0
-0.050354,-0.0019836,-0.027008,2.2757,-0.053406,0
-0.04715,0.0022888,-0.034943,2.2757,-0.046692,0
-0.037537,0.0038147,-0.039368,2.5033,-0.041199,0
-0.03006,0.00015259,-0.046539,2.5033,-0.036926,0
-0.022888,-0.0035095,-0.050201,2.7309,-0.035095,0
-0.016632,-0.0057983,-0.045624,2.2757,-0.032654,0
-0.0061035,-0.0045776,-0.03952,2.7309,-0.028076,0
0.0054932,-0.0019836,-0.041962,2.7309,-0.023499,0
0.016937,-0.0057983,-0.048828,2.2757,-0.018005,0
0.018463,-0.011444,-0.054626,2.0482,-0.017395,0
0.0082397,-0.014343,-0.055389,1.5931,-0.019531,0
-0.0010681,-0.016632,-0.055084,1.8206,-0.024719,0
-0.0010681,-0.018768,-0.057068,2.0482,-0.033264,0
0.0064087,-0.020142,-0.056305,1.8206,-0.039062,0
0.012665,-0.018005,-0.054169,2.0482,-0.040283,0
0.013733,-0.014343,-0.054321,2.0482,-0.035095,0
0.013428,-0.012207,-0.050507,2.0482,-0.029907,0
0.012817,-0.010223,-0.040283,2.0482,-0.023193,0
0.015411,-0.0076294,-0.034485,2.2757,-0.018005,0
0.013275,-0.0062561,-0.031891,2.7309,-0.016785,0
0.010071,-0.0019836,-0.027618,2.5033,-0.017395,0
0.0067139,0.0038147,-0.016022,2.5033,-0.021057,0
0.0050354,0.0067139,0.0028992,1.8206,-0.02655,0
0.0042725,0.0065613,0.024872,2.0482,-0.031128,0
0.0032043,0.0073242,0.036774,2.9584,-0.03418,0
-0.00030518,0.0083923,0.037231,2.5033,-0.03418,0
0.00015259,0.0093079,0.039062,2.5033,-0.0354,0
0.0016785,0.0079346,0.042419,2.7309,-0.036926,0
0.0056458,0.0057983,0.038147,2.9584,-0.036926,0
0.0083923,0.0038147,0.026245,3.186,-0.03418,0
0.012054,0.0059509,0.009613,2.9584,-0.029297,0
0.013733,0.007782,-0.0071716,2.9584,-0.02533,0
0.0076294,0.007019,-0.015411,2.5033,-0.021057,0
-0.00045776,0.0061035,-0.012054,2.0482,-0.017395,0
-0.0080872,0.0056458,-0.0094604,2.2757,-0.012817,0
-0.007782,0.0053406,-0.01297,2.7309,-0.0085449,0
-0.0013733,0.0048828,-0.016022,2.2757,-0.0024414,0
0.013428,0.0028992,-0.019073,2.5033,0.005188,0
0.021973,-0.00015259,-0.027466,2.9584,0.016785,0
0.018311,-0.0032043,-0.042267,2.7309,0.02594,0
0.017853,-0.004425,-0.054626,2.2757,0.032349,0
0.023804,-0.0071716,-0.057678,2.2757,0.03418,0
0.032043,-0.010223,-0.053558,2.5033,0.031433,0
0.031433,-0.011597,-0.042725,2.7309,0.021973,0
0.019379,-0.012207,-0.034637,2.2757,0.0076294,0
0.0050354,-0.01297,-0.03006,1.8206,-0.0064087,0
-0.0015259,-0.010834,-0.026093,2.2757,-0.014343,0
-0.0068665,-0.0074768,-0.022125,2.5033,-0.016174,0
-0.010834,-0.0073242,-0.018158,2.2757,-0.012817,0
-0.014954,-0.0080872,-0.013428,2.2757,-0.0094604,0
-0.015717,-0.0076294,-0.012207,2.5033,-0.0039673,0
-0.01297,-0.009613,-0.013123,2.0482,0.0033569,0
-0.0057983,-0.013275,-0.012054,3.186,0.010681,0
0.0059509,-0.016022,-0.016174,2.2757,0.016174,0
0.010834,-0.015106,-0.025177,2.9584,0.015564,0
0.0039673,-0.011749,-0.031738,2.0482,0.014038,0
-0.005188,-0.0088501,-0.037537,2.2757,0.012817,0
-0.01297,-0.0068665,-0.042725,2.2757,0.010681,0
-0.015411,-0.0054932,-0.039978,2.2757,0.0082397,0
-0.016632,-0.004425,-0.025177,2.7309,0.0048828,0
-0.014801,-0.0080872,-0.010681,2.7309,0.0018311,0
-0.013428,-0.010834,-0.0041199,2.5033,-0.0021362,0
-0.011292,-0.011444,-0.0030518,2.0482,-0.0024414,0
-0.0068665,-0.011444,-0.0027466,2.5033,-0.0027466,0
-0.0047302,-0.010376,0.0015259,1.8206,-0.0015259,0
-0.012665,-0.0068665,0.014191,2.5033,0.0012207,0
-0.027618,-0.0048828,0.025635,1.5931,0.0061035,0
-0.040436,-0.0041199,0.033722,1.8206,0.012512,0
-0.047302,-0.0032043,0.037537,2.2757,0.018005,0
-0.044403,0.00076294,0.035706,1.8206,0.022888,0
-0.035858,0.0038147,0.03067,2.2757,0.025635,0
-0.023193,0.0021362,0.033417,2.0482,0.023804,0
-0.011597,0.00030518,0.037842,2.5033,0.0177,0
-0.002594,0.00091553,0.037384,2.2757,0.011292,0
0.0012207,0.0010681,0.035553,2.2757,0.0061035,0
0.0019836,0.0016785,0.022583,2.5033,0.0030518,0
0.004425,0.007019,0,2.2757,0.00030518,0
0.01297,0.012054,-0.01358,2.7309,-0.0018311,0
0.021667,0.014648,-0.0094604,2.2757,-0.0021362,0
0.027924,0.014801,0.0041199,2.9584,-0.0030518,0
0.033264,0.011444,0.013428,2.5033,-0.0030518,0
0.03952,0.0082397,0.019226,2.2757,-0.007019,0
0.037384,0.0073242,0.024261,2.0482,-0.011597,0
0.029907,0.0082397,0.030975,2.5033,-0.018311,0
0.017242,0.0079346,0.036926,2.2757,-0.022278,0
0.0086975,0.0080872,0.0383,2.0482,-0.021667,0
0.0022888,0.0057983,0.036926,2.2757,-0.019531,0
-0.0091553,-0.00030518,0.029449,2.2757,-0.014343,0
-0.016937,-0.0021362,0.0177,2.7309,-0.011292,0
-0.019379,-0.00015259,0.0042725,2.5033,-0.0079346,0
-0.02121,0.00045776,-0.0090027,1.8206,-0.0048828,0
-0.02243,0.0016785,-0.017853,2.0482,-0.00091553,0
-0.022278,0.0050354,-0.015106,2.0482,0.0039673,0
-0.018616,0.0067139,-0.0015259,1.8206,0.011292,0
-0.014496,0.0054932,0.014191,1.5931,0.0177,0
-0.015717,0.0041199,0.019226,2.2757,0.024414,0
-0.015869,0.0042725,0.014343,2.2757,0.029602,0
-0.0062561,0.0024414,0.0079346,2.2757,0.033875,0
0.010223,0.0032043,0.00015259,2.2757,0.032654,0
0.021515,0.002594,-0.011444,2.7309,0.027771,0
0.028381,-0.0021362,-0.020599,1.8206,0.018311,0
0.035858,-0.0021362,-0.022736,2.5033,0.0085449,0
0.040131,0.0027466,-0.015564,2.7309,0.0054932,0
0.028534,0.0054932,-0.0073242,2.9584,0.007019,0
0.0024414,0.0048828,-0.005188,2.5033,0.012512,0
-0.023041,0.0047302,-0.012054,2.5033,0.019226,0
-0.038605,0.0012207,-0.019073,2.9584,0.022583,0
-0.044708,-0.0041199,-0.023041,2.5033,0.02533,0
-0.045319,-0.0059509,-0.024109,2.0482,0.029602,0
-0.043488,-0.0057983,-0.028839,2.5033,0.036011,0
-0.036926,-0.0032043,-0.032501,2.7309,0.041504,0
-0.027161,0,-0.024872,2.2757,0.046692,0
-0.021667,0.00045776,-0.0091553,2.5033,0.050659,0
-0.021515,-0.0024414,0.0057983,2.2757,0.057373,0
-0.021057,-0.0013733,0.014954,2.7309,0.066223,0
-0.012817,0.0039673,0.018463,2.0482,0.071716,0
-0.00076294,0.0068665,0.016022,2.5033,0.074768,0
0.0090027,0.0086975,0.014496,2.2757,0.074463,0
0.014496,0.010071,0.016479,2.2757,0.068665,0
0.016327,0.0090027,0.018311,2.2757,0.063171,0
0.012512,0.0061035,0.019226,2.0482,0.059204,0
0.0085449,0.0028992,0.018463,1.8206,0.056152,0
0.0083923,0.0018311,0.012665,2.0482,0.054626,0
0.005188,0.0032043,0.007782,2.2757,0.055542,0
0.00015259,0.0036621,0.0050354,2.0482,0.058594,0
-0.0013733,0.00061035,0.0035095,2.0482,0.064392,0
0.0041199,-0.0032043,0.0085449,1.8206,0.072021,0
0.011902,-0.0042725,0.019379,1.5931,0.07843,0
0.024567,-0.0036621,0.028839,1.5931,0.079041,0
0.0383,-0.0016785,0.03006,1.3655,0.074768,0
0.041962,0,0.02655,2.5033,0.065308,0
0.040283,0.00061035,0.020905,1.8206,0.053711,0
0.037537,-0.00045776,0.014496,0.91037,0.04303,0
0.037689,-0.002594,0.0067139,2.0482,0.036011,0
0.04715,-0.00076294,-0.0018311,2.0482,0.030212,0
0.057526,0.00045776,-0.0082397,2.7309,0.022278,0
0.052643,-0.00030518,-0.0097656,2.7309,0.013733,0
0.031128,0.00030518,-0.0085449,2.2757,0.010681,0
0.0012207,0.0016785,-0.0010681,2.9584,0.010986,0
-0.018921,0.0032043,0.0061035,2.7309,0.011597,0
-0.024719,0.0024414,0.013733,2.5033,0.011292,0
-0.02533,0.0033569,0.019989,2.2757,0.011902,0
-0.023651,0.0042725,0.02243,2.0482,0.014038,0
-0.016479,0.0041199,0.018463,2.0482,0.01709,0
-0.0076294,0.005188,0.0099182,1.8206,0.019531,0
-0.0090027,0.005188,0.0065613,2.2757,0.025635,0
-0.019226,0.0061035,0.0097656,2.5033,0.036011,0
-0.030823,0.0067139,0.012054,2.9584,0.050659,0
-0.038452,0.0067139,0.013428,2.9584,0.061035,0
-0.041351,0.0086975,0.016479,2.7309,0.06134,0
-0.035858,0.011292,0.021362,3.4135,0.050659,0
-0.02594,0.010223,0.02243,2.5033,0.036316,0
-0.017395,0.0076294,0.013123,2.2757,0.025024,0
-0.011139,0.0054932,-0.0027466,2.7309,0.014038,0
-0.0018311,0.0041199,-0.011902,2.9584,0.0054932,0
0.0083923,-0.0022888,-0.010376,2.5033,0.0045776,0
0.015717,-0.0056458,-0.0047302,2.2757,0.0088501,0
0.020752,-0.0062561,0.005188,2.2757,0.01709,0
0.019531,-0.0039673,0.014954,2.5033,0.022583,0
0.014496,-0.0036621,0.020294,2.7309,0.023499,0
0.010986,-0.0057983,0.024414,2.5033,0.022888,0
0.010681,-0.0059509,0.021973,1.3655,0.022583,0
0.010681,-0.0074768,0.017242,2.2757,0.020752,0
0.0067139,-0.0086975,0.017853,2.2757,0.019836,0
0,-0.0090027,0.019684,2.5033,0.020142,0
-0.011902,-0.0041199,0.019684,2.0482,0.018005,0
-0.027618,-0.0019836,0.020294,2.2757,0.010681,0
-0.035248,-0.0027466,0.018158,2.5033,-0.00061035,0
-0.029602,-0.0015259,0.014343,2.5033,-0.015259,0
-0.020294,-0.00030518,0.010681,2.9584,-0.02533,0
-0.012665,0.0010681,0.010223,3.186,-0.026855,0
-0.0048828,0.0033569,0.01297,2.0482,-0.019531,0
0.0035095,0.005188,0.019226,2.2757,-0.0082397,0
0.010529,0.0068665,0.028687,2.0482,0.00091553,0
0.014648,0.0059509,0.040131,2.2757,0.0064087,0
0.02121,0.0053406,0.053864,2.2757,0.0073242,0
0.026703,0.0053406,0.064087,2.7309,0.0076294,0
0.020752,0.0064087,0.065002,2.5033,0.0085449,0
0.011749,0.0061035,0.057831,2.7309,0.0088501,0
0.0091553,0.0041199,0.045776,2.5033,0.0097656,0
0.014496,0.0028992,0.03479,2.9584,0.011597,0
0.020294,0.00076294,0.032196,2.5033,0.014954,0
0.019531,-0.00045776,0.030975,2.9584,0.018311,0
0.0082397,0.0015259,0.017242,2.7309,0.020752,0
0.00030518,0.0056458,-0.0091553,2.5033,0.017395,0
-0.0013733,0.0085449,-0.037689,2.7309,0.013733,0
0.0019836,0.0073242,-0.048065,2.7309,0.0088501,0
0.0048828,0.0038147,-0.031586,2.7309,0.0079346,0
0.0053406,0,-0.0082397,3.4135,0.0082397,0
0.0042725,-0.0030518,0.0021362,2.7309,0.011292,0
0.0057983,-0.0053406,0.00045776,2.9584,0.011902,0
0.00015259,-0.007782,-0.0064087,2.9584,0.012512,0
-0.012207,-0.009613,-0.014801,2.7309,0.012512,0
-0.022278,-0.009613,-0.018921,2.9584,0.010986,0
-0.025177,-0.0080872,-0.019989,1.3655,0.010681,0
-0.017548,-0.0082397,-0.019531,2.0482,0.013733,0
-0.00076294,-0.0071716,-0.01709,2.7309,0.018616,0
0.0090027,-0.0067139,-0.012665,2.7309,0.025024,0
0.0050354,-0.0053406,-0.0038147,2.7309,0.032959,0
-0.0028992,-0.0028992,0.014191,2.5033,0.037537,0
-0.0068665,-0.0018311,0.029602,2.7309,0.039978,0
-0.0067139,-0.0015259,0.034637,2.7309,0.042725,0
-0.0059509,-0.0024414,0.03006,2.7309,0.042114,0
-0.010834,-0.004425,0.014343,2.2757,0.039978,0
-0.014191,-0.0073242,-0.0022888,2.7309,0.033875,0
-0.011292,-0.005188,-0.0016785,2.7309,0.02655,0
-0.0045776,0.0012207,0.011139,2.5033,0.022888,0
-0.0012207,0.0076294,0.018768,2.2757,0.018921,0
0.0028992,0.0079346,0.01236,2.0482,0.010986,0
0.016327,0.0061035,-0.0061035,2.5033,-0.0030518,0
0.035706,0.0059509,-0.028229,2.5033,-0.018005,0
0.055847,0.0074768,-0.042114,2.0482,-0.029297,0
0.074768,0.0085449,-0.043488,2.0482,-0.033569,0
0.084229,0.0093079,-0.032806,1.8206,-0.030823,0
0.079041,0.0083923,-0.018921,2.2757,-0.023804,0
0.062561,0.0068665,-0.0083923,2.5033,-0.014038,0
0.042725,0.0038147,-0.0013733,2.5033,-0.0030518,0
0.023346,0.00015259,-0.002594,2.2757,0.0076294,0
0.010071,-0.0030518,-0.0093079,2.5033,0.018005,0
0.0036621,-0.004425,-0.015564,2.2757,0.030212,0
0.00091553,-0.0068665,-0.019379,2.2757,0.043335,0
-0.0091553,-0.0074768,-0.018463,2.7309,0.057983,0
-0.021057,-0.0064087,-0.019684,2.2757,0.06897,0
-0.025024,-0.004425,-0.023346,2.7309,0.079346,0
-0.02655,-0.0027466,-0.024261,2.5033,0.098877,0
-0.027618,-0.00015259,-0.020447,2.5033,0.11963,0
-0.024719,0.0019836,-0.010529,2.9584,0.11841,0
-0.023041,0.00091553,0.0024414,2.9584,0.092773,0
-0.024109,-0.0010681,0.015259,2.7309,0.05249,0
-0.023651,-0.0012207,0.021973,2.5033,0.01709,0
-0.018616,0.00015259,0.024414,3.4135,-0.0067139,0
-0.016327,0.0013733,0.028381,2.9584,-0.013733,0
-0.015259,0.0028992,0.030975,3.186,-0.0079346,0
-0.020447,0.0045776,0.023956,2.9584,0.0064087,0
-0.032959,0.0033569,0.019379,2.7309,0.022888,0
-0.042572,0.0028992,0.023193,2.7309,0.038147,0
-0.041046,0.0056458,0.027313,2.7309,0.052795,0
-0.031738,0.011292,0.027924,2.9584,0.066833,0
-0.022736,0.013275,0.029602,2.9584,0.082092,0
-0.015869,0.011139,0.037689,2.9584,0.099182,0
-0.012054,0.0083923,0.048828,2.9584,0.11536,0
-0.013275,0.0062561,0.054169,2.0482,0.1297,0
-0.012207,0.0050354,0.048523,2.0482,0.13977,0
-0.0024414,0.0042725,0.036316,2.5033,0.14557,0
0.007782,0.004425,0.032501,2.2757,0.14954,0
0.011749,0.0028992,0.034637,2.7309,0.14954,0
0.0090027,0.0015259,0.036011,2.0482,0.14923,0
0.010071,0.00076294,0.036163,2.7309,0.15015,0
0.011139,0.00030518,0.036469,2.2757,0.1474,0
0.011597,0.00061035,0.036163,2.0482,0.13885,0
0.0062561,0.00015259,0.037079,2.5033,0.12268,0
-0.0010681,-0.0016785,0.038605,2.5033,0.099182,0
-0.00076294,-0.0027466,0.0383,2.2757,0.070496,0
0.0022888,-0.0013733,0.029449,2.9584,0.036621,0
0.0064087,-0.00061035,0.016479,2.5033,0.0012207,0
0.013733,-0.0013733,0.012512,1.3655,-0.031433,0
0.019073,-0.0022888,0.024872,2.0482,-0.050354,0
0.025024,-0.0048828,0.038605,2.7309,-0.056152,0
0.026855,-0.0074768,0.036163,2.2757,-0.047302,0
0.022888,-0.0064087,0.022888,2.5033,-0.030518,0
0.01709,-0.0059509,0.014038,2.5033,-0.015259,0
0.010986,-0.0073242,0.010071,2.9584,-0.00091553,0
0.0090027,-0.0062561,0.0076294,2.2757,0.0067139,0
0.012817,-0.0045776,0.0036621,2.7309,0.013733,0
0.015717,-0.0030518,0.0010681,2.2757,0.022278,0
0.019226,0.00061035,-0.0042725,2.2757,0.032654,0
0.023499,0.0022888,-0.014954,2.7309,0.045166,0
0.029907,0.002594,-0.024719,3.186,0.056152,0
0.034332,0.0013733,-0.030975,2.9584,0.066833,0
0.035858,0.00045776,-0.037842,3.4135,0.073547,0
0.029907,-0.0010681,-0.042877,2.7309,0.079956,0
0.02121,-0.0013733,-0.052185,2.9584,0.083923,0
0.020142,-0.002594,-0.06012,2.7309,0.088196,0
0.019836,-0.0030518,-0.052338,2.7309,0.094299,0
0.021667,-0.0015259,-0.035553,2.9584,0.1004,0
0.023499,-0.00045776,-0.023041,2.5033,0.10681,0
0.020905,-0.0022888,-0.016632,2.7309,0.10773,0
0.011902,-0.0073242,-0.019073,2.5033,0.10223,0
-0.00045776,-0.012512,-0.028839,3.186,0.093689,0
-0.010529,-0.015106,-0.037537,2.5033,0.085144,0
-0.021973,-0.014496,-0.041199,2.7309,0.081787,0
-0.037537,-0.012817,-0.040283,2.5033,0.083618,0
-0.048676,-0.010834,-0.033264,3.4135,0.089417,0
-0.050659,-0.0097656,-0.020599,2.2757,0.094604,0
-0.044708,-0.0061035,-0.010223,2.5033,0.095825,0
-0.031891,-0.0035095,-0.010834,2.7309,0.090332,0
-0.020905,-0.0039673,-0.0177,2.7309,0.080261,0
-0.014496,-0.0053406,-0.023193,2.2757,0.072021,0
-0.014343,-0.0041199,-0.028076,2.5033,0.065613,0
-0.013428,-0.0028992,-0.027618,2.9584,0.06012,0
-0.010376,-0.0028992,-0.023956,2.5033,0.058594,0
-0.0048828,-0.0010681,-0.021667,2.2757,0.053711,0
0.002594,0.0036621,-0.022736,2.5033,0.046692,0
0.0085449,0.010834,-0.031128,2.0482,0.0354,0
0.011292,0.018005,-0.044708,2.5033,0.024109,0
0.0061035,0.024872,-0.05661,2.5033,0.014954,0
-0.00045776,0.027008,-0.062103,2.7309,0.0085449,0
-0.009613,0.021973,-0.067902,2.5033,0.0054932,0
-0.014191,0.014496,-0.077362,3.4135,0.0024414,0
-0.012665,0.011902,-0.076447,2.9584,0.0033569,0
-0.019989,0.011749,-0.069122,2.5033,0.0067139,0
-0.029602,0.007019,-0.076752,2.5033,0.015869,0
-0.031128,-0.0016785,-0.11154,2.2757,0.026855,0
-0.025177,-0.0048828,-0.16602,3.186,0.037537,0
-0.017395,-0.0012207,-0.20676,2.9584,0.046387,0
-0.0019836,0.007782,-0.19867,2.9584,0.054321,0
0.0054932,0.010529,-0.1738,2.2757,0.06134,0
0.0028992,0.010223,-0.16678,2.9584,0.066223,0
0.0013733,0.011749,-0.17609,3.186,0.069275,0
-0.0036621,0.012817,-0.1915,2.9584,0.066833,0
-0.0083923,0.01236,-0.20935,3.186,0.062256,0
-0.013733,0.010986,-0.22858,2.5033,0.057983,0
-0.018463,0.010681,-0.24246,2.7309,0.054626,0
-0.019836,0.0093079,-0.2562,2.5033,0.057983,0
-0.016479,0.0068665,-0.27176,2.9584,0.064697,0
-0.011139,0.004425,-0.28473,2.7309,0.070496,0
-0.0071716,0.002594,-0.29495,2.7309,0.071411,0
-0.0032043,0.0039673,-0.30304,2.7309,0.071106,0
0.0027466,0.002594,-0.30945,2.7309,0.068665,0
0.0073242,0.0016785,-0.32501,2.2757,0.065613,0
0.0061035,0.00076294,-0.35492,2.9584,0.065002,0
0.0032043,-0.0027466,-0.38834,2.5033,0.068665,0
0.0045776,-0.0042725,-0.4129,2.5033,0.076294,0
0.0076294,-0.0080872,-0.43167,2.7309,0.085144,0
0.010071,-0.011902,-0.45029,1.8206,0.092163,0
0.011292,-0.014343,-0.4718,2.2757,0.093994,0
0.0085449,-0.0177,-0.49438,2.7309,0.085754,0
0.0047302,-0.022125,-0.51071,2.2757,0.071106,0
0.0024414,-0.02243,-0.5072,2.5033,0.054626,0
0.0074768,-0.019989,-0.49316,2.5033,0.037231,0
0.019379,-0.018768,-0.48782,2.2757,0.023193,0
0.031128,-0.018768,-0.4776,2.0482,0.013123,0
0.027466,-0.018463,-0.45471,2.9584,0.0073242,0
0.019226,-0.018158,-0.43655,2.0482,0.0021362,0
0.015259,-0.016327,-0.42801,2.2757,-0.0024414,0
0.014038,-0.014496,-0.42358,2.2757,-0.0039673,0
0.010376,-0.015411,-0.41489,2.2757,-0.0012207,0
0.0035095,-0.017395,-0.39597,2.2757,0.005188,0
-0.0021362,-0.016937,-0.36484,2.0482,0.013428,0
-0.0022888,-0.014343,-0.31494,2.7309,0.024414,0
0.00015259,-0.011749,-0.24887,2.7309,0.032043,0
-0.00061035,-0.011597,-0.18646,2.5033,0.040283,0
-0.0065613,-0.010223,-0.13565,3.186,0.047302,0
-0.010529,-0.0074768,-0.078735,3.186,0.054321,0
0.0041199,-0.0065613,-0.0082397,3.4135,0.058899,0
0.021515,-0.0071716,0.074005,2.9584,0.058899,0
0.028076,-0.007782,0.17273,2.7309,0.054932,0
0.027618,-0.0065613,0.27863,3.186,0.042725,0
0.021973,-0.004425,0.37292,2.9584,0.02533,0
0.010986,-0.0035095,0.44617,2.7309,0.0085449,0
0.0016785,-0.0022888,0.50674,2.7309,-0.0073242,0
-0.0032043,-0.0015259,0.57068,1.8206,-0.021057,0
-0.010376,-0.0012207,0.64056,2.0482,-0.033569,0
-0.018005,-0.0012207,0.70572,2.9584,-0.043335,0
-0.02533,-0.0027466,0.76553,2.9584,-0.05127,0
-0.023956,-0.00076294,0.82153,2.9584,-0.056763,0
-0.018768,0.002594,0.87112,2.9584,-0.058289,0
-0.019989,0.0038147,0.91278,2.5033,-0.053406,0
-0.019226,0.0022888,0.94147,2.2757,-0.043945,0
-0.015564,0.0018311,0.95627,2.2757,-0.028687,0
-0.016174,0.00061035,0.96405,2.2757,-0.014648,0
-0.014496,0.0022888,0.98541,1.8206,-0.0094604,0
-0.007782,0.01236,1.0309,2.7309,-0.024414,0
-0.005188,0.020599,1.0797,2.7309,-0.053406,0
-0.005188,0.02121,1.1069,2.7309,-0.075989,0
0.0022888,0.016632,1.116,2.7309,-0.077209,0
0.015259,0.007782,1.1208,2.5033,-0.066528,0
0.025024,0.00045776,1.1224,2.5033,-0.057373,0
0.031891,-0.00076294,1.1139,2.7309,-0.059509,0
0.036774,-0.00015259,1.093,2.2757,-0.069885,0
0.037079,0.0010681,1.064,2.0482,-0.080872,0
0.033722,0.002594,1.0324,1.8206,-0.090027,0
0.02655,0.0056458,1.0023,2.0482,-0.090027,0
0.018616,0.0059509,0.97183,2.5033,-0.082397,0
0.011139,0.0050354,0.93842,2.0482,-0.071106,0
0.0050354,0.0061035,0.89874,2.0482,-0.062561,0
0.0010681,0.0076294,0.85785,1.8206,-0.062866,0
0.0010681,0.010071,0.81345,2.2757,-0.071716,0
0.0019836,0.0091553,0.76263,1.8206,-0.081177,0
0.0030518,0.0073242,0.70786,2.0482,-0.084839,0
0.002594,0.0038147,0.65262,2.7309,-0.07782,0
0.00091553,0.00076294,0.58838,2.5033,-0.06012,0
0.0022888,-0.0013733,0.51315,2.2757,-0.036926,0
0.010529,-0.0010681,0.43976,2.2757,-0.018921,0
0.021515,0.00076294,0.37643,2.2757,-0.0085449,0
0.029755,0.0016785,0.31601,2.2757,-0.0094604,0
0.039673,0.0021362,0.25894,2.7309,-0.016785,0
0.040588,0.0054932,0.20676,2.9584,-0.02533,0
0.019989,0.0073242,0.15808,2.7309,-0.029297,0
-0.004425,0.0080872,0.10818,2.2757,-0.028076,0
-0.011139,0.0062561,0.055542,2.7309,-0.023499,0
-0.0083923,0.0021362,0.0036621,2.0482,-0.020447,0
-0.012817,0.0018311,-0.045471,3.186,-0.022888,0
-0.033569,0.0024414,-0.094299,1.8206,-0.028381,0
-0.03952,-0.0015259,-0.14252,2.7309,-0.037842,0
-0.034485,-0.0057983,-0.18021,2.5033,-0.047607,0
-0.029755,-0.0085449,-0.21362,2.2757,-0.053101,0
-0.022583,-0.0090027,-0.24963,2.7309,-0.050964,0
-0.011139,-0.0082397,-0.28671,2.7309,-0.039978,0
-0.0030518,-0.0059509,-0.31601,2.2757,-0.022278,0
0.00030518,-0.0027466,-0.33646,2.5033,-0.0045776,0
0.00030518,-0.0032043,-0.35477,2.5033,0.010071,0
-0.0071716,-0.0045776,-0.37537,2.5033,0.023499,0
-0.016479,-0.005188,-0.401,2.5033,0.03418,0
-0.020294,-0.0061035,-0.43427,2.2757,0.044556,0
-0.019073,-0.007019,-0.4689,2.0482,0.055847,0
-0.016327,-0.007019,-0.50293,1.3655,0.065002,0
-0.01297,-0.0033569,-0.53909,1.8206,0.072327,0
-0.0065613,-0.0013733,-0.57327,2.0482,0.079041,0
0.0038147,0.00045776,-0.59723,2.7309,0.080261,0
0.012512,0.00091553,-0.6041,2.2757,0.081177,0
0.016174,0.00015259,-0.59433,2.2757,0.081482,0
0.023041,-0.0022888,-0.57083,2.5033,0.080566,0
0.040131,-0.0079346,-0.55481,2.5033,0.081482,0
0.055389,-0.014191,-0.56046,2.7309,0.080566,0
0.057526,-0.013733,-0.55969,2.7309,0.079956,0
0.052643,-0.0086975,-0.52094,2.9584,0.078125,0
0.043793,-0.0073242,-0.4715,1.8206,0.076599,0
0.035553,-0.0094604,-0.45135,2.0482,0.078125,0
0.025635,-0.011749,-0.45105,2.0482,0.083618,0
0.016174,-0.0086975,-0.45288,2.0482,0.090942,0
0.010071,-0.0053406,-0.45273,2.2757,0.098877,0
0.00061035,-0.0039673,-0.45212,2.5033,0.10345,0
-0.014191,-0.0042725,-0.45212,2.5033,0.10529,0
-0.026703,-0.0036621,-0.45227,3.186,0.10742,0
-0.028992,-0.0039673,-0.45227,2.9584,0.10925,0
-0.029144,-0.0028992,-0.42709,2.9584,0.11353,0
-0.033875,-0.00076294,-0.36926,3.4135,0.11932,0
-0.037689,-0.00061035,-0.33081,2.7309,0.1297,0
-0.036926,0.0013733,-0.29831,2.7309,0.14008,0
-0.03418,0.0038147,-0.27328,2.7309,0.14893,0
-0.028992,0.0022888,-0.26047,2.5033,0.15411,0
-0.024567,0.00030518,-0.25543,2.7309,0.15656,0
-0.013733,0.00015259,-0.25085,3.186,0.15564,0
-0.0021362,-0.0013733,-0.2475,2.9584,0.1532,0
0.0057983,-0.0062561,-0.24445,3.186,0.15015,0
0.010986,-0.010071,-0.23468,2.7309,0.1474,0
0.012207,-0.011292,-0.21576,2.9584,0.14252,0
0.0068665,-0.009613,-0.19806,2.7309,0.13641,0
-0.0033569,-0.0048828,-0.18631,2.9584,0.12756,0
-0.011902,-0.0032043,-0.17715,2.2757,0.12451,0
-0.019836,-0.0035095,-0.1683,2.7309,0.13092,0
-0.028992,-0.0022888,-0.15915,2.0482,0.14557,0
-0.031586,-0.00015259,-0.14694,2.7309,0.16724,0
-0.02533,0.0013733,-0.13077,2.2757,0.18707,0
-0.01236,0.0030518,-0.11185,2.9584,0.19958,0
0.00061035,0.0041199,-0.094147,2.5033,0.20416,0
0.007019,0.0042725,-0.079346,2.7309,0.20264,0
0.0088501,0.004425,-0.065002,2.2757,0.19836,0
0.010376,0.0030518,-0.050507,2.2757,0.19287,0
0.0088501,0.00091553,-0.036011,2.2757,0.18616,0
0.0074768,-0.0010681,-0.026245,2.2757,0.177,0
0.0053406,-0.0027466,-0.021057,1.8206,0.1712,0
0.0056458,-0.0062561,-0.011139,2.5033,0.16724,0
0.013123,-0.007782,0.0032043,2.5033,0.16846,0
0.019073,-0.0071716,0.01297,2.5033,0.17609,0
0.018463,-0.0064087,0.010529,2.5033,0.19287,0
0.018463,-0.0057983,0.0033569,1.8206,0.21179,0
0.02121,-0.0053406,-0.0041199,2.0482,0.22644,0
0.022125,-0.0045776,-0.018005,2.2757,0.22949,0
0.024719,-0.0032043,-0.036926,2.2757,0.22583,0
0.026093,-0.005188,-0.05127,2.7309,0.21637,0
0.023499,-0.0088501,-0.059967,3.186,0.19989,0
0.018158,-0.013275,-0.059204,2.9584,0.18433,0
0.0099182,-0.014191,-0.047455,3.186,0.17151,0
0.0053406,-0.013123,-0.036316,2.7309,0.16663,0
0.0019836,-0.01297,-0.032654,2.7309,0.16327,0
0,-0.010071,-0.032654,2.7309,0.16693,0
0.0021362,-0.0047302,-0.028839,2.9584,0.1712,0
0.0076294,-0.0035095,-0.02533,2.7309,0.17548,0
0.010986,-0.005188,-0.026245,3.186,0.18097,0
0.0090027,-0.004425,-0.029144,3.186,0.18188,0
0.0086975,0.0013733,-0.029449,2.9584,0.1828,0
0.01297,0.0094604,-0.02243,3.186,0.18402,0
0.018311,0.014191,-0.0090027,2.9584,0.18524,0
0.018311,0.013733,0.0038147,2.7309,0.18494,0
0.010376,0.010223,0.016022,2.9584,0.18097,0
0.0030518,0.0090027,0.02121,2.5033,0.17609,0
0.00045776,0.0061035,0.023499,2.7309,0.17548,0
0.00091553,0.0038147,0.027313,2.7309,0.177,0
0.0054932,0.0015259,0.027313,2.5033,0.17639,0
0.012207,-0.0032043,0.023804,2.0482,0.1712,0
0.017242,-0.004425,0.019684,2.7309,0.16144,0
0.01236,-0.002594,0.016937,2.0482,0.14435,0
0.0093079,-0.0018311,0.015411,2.5033,0.12573,0
0.018311,-0.00030518,0.016785,2.5033,0.1059,0
0.032654,0.002594,0.016022,2.7309,0.089417,0
0.041351,0.0036621,0.012512,2.7309,0.076294,0
0.046387,0.0010681,0.019531,2.5033,0.064392,0
0.041656,0.00015259,0.040131,2.9584,0.053711,0
0.027161,0.0030518,0.064545,2.2757,0.04425,0
0.010834,0.005188,0.078735,1.8206,0.032349,0
-0.0042725,0.0065613,0.081177,2.5033,0.016479,0
-0.025635,0.0099182,0.075684,2.2757,-0.00030518,0
-0.043335,0.011139,0.071716,2.7309,-0.012512,0
-0.053101,0.009613,0.074158,2.7309,-0.015869,0
-0.06134,0.010376,0.080414,2.5033,-0.014038,0
-0.071106,0.014038,0.083923,2.7309,-0.011902,0
-0.076752,0.017242,0.08728,2.5033,-0.016785,0
-0.067902,0.013885,0.092163,3.186,-0.027161,0
-0.050049,0.007782,0.089569,2.2757,-0.042114,0
-0.038452,0.0057983,0.081329,2.5033,-0.060425,0
-0.030518,0.0048828,0.076447,2.0482,-0.075684,0
-0.018463,0.0028992,0.080109,2.2757,-0.08728,0
-0.0082397,0.0012207,0.08667,2.2757,-0.091248,0
-0.002594,-0.00045776,0.090942,3.4135,-0.092163,0
-0.0032043,-0.0032043,0.095673,3.186,-0.091553,0
-0.0047302,-0.0039673,0.096741,2.9584,-0.088806,0
-0.00061035,-0.0041199,0.098419,3.6411,-0.082397,0
0.0045776,-0.0061035,0.10056,3.186,-0.080872,0
0.0038147,-0.0090027,0.09903,2.7309,-0.087891,0
-0.00030518,-0.0082397,0.098572,2.5033,-0.1059,0
-0.0047302,-0.0041199,0.10452,1.8206,-0.12268,0
-0.0045776,0.00091553,0.1123,2.5033,-0.12695,0
0.0042725,0.0064087,0.12314,2.0482,-0.11414,0
0.011139,0.0067139,0.1358,2.7309,-0.09552,0
0.014038,0.0033569,0.13947,2.5033,-0.084534,0
0.011292,0.00030518,0.13199,2.7309,-0.08728,0
0.0035095,-0.0042725,0.121,2.7309,-0.10101,0
-0.0027466,-0.0064087,0.11475,2.0482,-0.11475,0
-0.0079346,-0.0054932,0.11139,2.7309,-0.11963,0
-0.010223,-0.0061035,0.11002,2.2757,-0.11169,0
-0.013275,-0.0056458,0.1091,2.7309,-0.097961,0
-0.012207,-0.0019836,0.10208,2.5033,-0.089417,0
-0.0094604,0,0.085754,2.7309,-0.093994,0
-0.0094604,-0.00015259,0.067749,2.7309,-0.10132,0
-0.0045776,-0.0019836,0.048523,2.2757,-0.1059,0
0.0048828,-0.004425,0.025787,1.8206,-0.099487,0
0.010376,-0.0061035,0.0045776,1.5931,-0.083618,0
0.010681,-0.0073242,-0.010834,2.2757,-0.066223,0
0.013428,-0.010529,-0.021973,2.0482,-0.055847,0
0.015564,-0.014343,-0.031281,2.0482,-0.055847,0
0.010071,-0.013885,-0.037079,2.7309,-0.063782,0
0.0033569,-0.010529,-0.035706,2.5033,-0.074158,0
-0.0012207,-0.0062561,-0.031281,2.2757,-0.079041,0
-0.00015259,-0.0019836,-0.030365,2.2757,-0.076599,0
0.0050354,-0.00045776,-0.032959,2.5033,-0.070801,0
0.013275,-0.00076294,-0.032043,2.7309,-0.066528,0
0.012817,0.00015259,-0.032043,2.5033,-0.066833,0
-0.0024414,-0.00061035,-0.033112,2.5033,-0.07019,0
-0.013885,-0.0035095,-0.029755,2.2757,-0.073242,0
-0.010681,-0.0071716,-0.021667,2.7309,-0.072937,0
-0.0015259,-0.010071,-0.015106,2.5033,-0.063171,0
0.0054932,-0.0097656,-0.011292,3.4135,-0.048523,0
0.012665,-0.010376,-0.0032043,2.7309,-0.032654,0
0.018311,-0.0086975,0.011902,2.5033,-0.0177,0
0.022278,-0.0064087,0.028839,2.2757,-0.0088501,0
0.018158,-0.0041199,0.041351,2.7309,-0.0094604,0
0.0071716,-0.0033569,0.050812,2.5033,-0.0097656,0
0.0012207,-0.0047302,0.056152,2.9584,-0.0094604,0
0.0033569,-0.0045776,0.053101,2.7309,-0.0064087,0
0.0073242,-0.0033569,0.049286,3.186,-0.0030518,0
0.011444,0.00076294,0.046844,2.9584,-0.00030518,0
0.0177,0.0050354,0.045776,3.186,0.0018311,0
0.02243,0.0062561,0.03952,2.9584,0.0057983,0
0.015869,0.0042725,0.026398,2.7309,0.014038,0
0.0027466,0.0024414,0.017548,2.7309,0.023193,0
-0.0022888,0,0.016022,3.186,0.032349,0
0.0032043,-0.0035095,0.019073,2.5033,0.039978,0
0.0079346,-0.0057983,0.022278,2.9584,0.046997,0
0.0062561,-0.0067139,0.018158,2.0482,0.054321,0
-0.004425,-0.0065613,0.0083923,2.0482,0.059509,0
-0.014648,-0.0048828,0.0021362,1.8206,0.06134,0
-0.024567,-0.00015259,0.0036621,2.0482,0.059204,0
-0.036469,0.00045776,0.011292,2.7309,0.055847,0
-0.045624,-0.0039673,0.014648,2.2757,0.05127,0
-0.039825,-0.007782,0.010681,2.5033,0.047607,0
-0.025024,-0.0080872,-0.0022888,2.5033,0.04425,0
-0.013428,-0.0036621,-0.015869,1.8206,0.038757,0
0.00030518,0.0016785,-0.015869,1.8206,0.032654,0
0.012512,0.0050354,-0.0064087,2.2757,0.027161,0
0.014648,0.0064087,0.00015259,2.7309,0.023193,0
0.0054932,0.0085449,-0.0033569,2.5033,0.023804,0
-0.0021362,0.012665,-0.010986,2.5033,0.02533,0
-0.0024414,0.013885,-0.010834,2.2757,0.025635,0
-0.00076294,0.014038,-0.0068665,2.2757,0.025635,0
-0.0035095,0.012665,-0.0036621,2.9584,0.025635,0
-0.0022888,0.0073242,-0.00045776,2.2757,0.022583,0
0.0028992,0.0038147,0.0067139,1.8206,0.01709,0
-0.00076294,0.0048828,0.014191,2.5033,0.0091553,0
-0.0068665,0.0090027,0.017395,2.9584,0.0030518,0
-0.014648,0.0086975,0.016632,2.5033,-0.0027466,0
-0.021515,0.0067139,0.014038,2.2757,-0.0067139,0
-0.020752,0.0053406,0.0074768,2.2757,-0.0079346,0
-0.018158,0.0027466,-0.0038147,2.7309,-0.0039673,0
-0.016327,0.00015259,-0.011749,2.7309,0.0027466,0
-0.0076294,-0.0022888,-0.016022,2.9584,0.010986,0
-0.00076294,-0.0021362,-0.014648,3.186,0.0177,0
-0.00091553,-0.0015259,-0.0083923,2.7309,0.023193,0
-0.0048828,-0.0015259,-0.0042725,2.7309,0.032043,0
-0.0057983,-0.00061035,0.0013733,2.7309,0.041504,0
-0.0054932,0.002594,0.0056458,3.4135,0.048523,0
-0.0028992,0.0056458,0.0093079,2.9584,0.050964,0
0.0015259,0.0073242,0.010223,2.9584,0.05127,0
0.0048828,0.0082397,0.0027466,2.5033,0.047302,0
0.007782,0.007782,-0.007782,2.7309,0.042725,0
0.0076294,0.0093079,-0.012665,3.186,0.037231,0
0.004425,0.010681,-0.010529,3.186,0.029297,0
0.005188,0.0074768,-0.010834,3.186,0.021667,0
0.015411,0.0042725,-0.0093079,2.5033,0.013733,0
0.026245,0.0027466,-0.0019836,2.5033,0.0094604,0
0.023804,0.0012207,0.00061035,2.2757,0.0061035,0
0.013885,0.0010681,-0.0032043,2.7309,0.0027466,0
0.0065613,0.0021362,-0.010223,2.5033,-0.0057983,0
0.0073242,0.0035095,-0.015717,2.7309,-0.019531,0
0.0086975,0.0027466,-0.013733,2.5033,-0.039978,0
0.005188,0.00030518,-0.0021362,2.5033,-0.062256,0
-0.0012207,-0.0018311,0.0079346,2.2757,-0.082092,0
-0.0047302,-0.0033569,0.0091553,3.186,-0.099182,0
-0.005188,-0.0038147,0.0093079,2.9584,-0.11505,0
-0.007019,-0.0039673,0.0091553,2.7309,-0.12878,0
-0.0076294,-0.0036621,0.0079346,2.5033,-0.14069,0
-0.0079346,-0.0033569,0.0022888,2.7309,-0.15106,0
-0.011902,-0.0054932,-0.0054932,2.5033,-0.16083,0
-0.014496,-0.0059509,-0.0059509,1.8206,-0.17181,0
-0.0035095,-0.0050354,0.0028992,2.0482,-0.18341,0
0.014801,-0.0061035,0.010681,1.3655,-0.19989,0
0.02533,-0.0065613,0.0083923,3.186,-0.21973,0
0.023193,-0.0062561,0.0030518,2.2757,-0.24323,0
0.024109,-0.0041199,0.0035095,2.5033,-0.27069,0
0.032349,-0.0018311,0.012817,2.7309,-0.29602,0
0.042267,0.00030518,0.024719,2.5033,-0.31708,0
0.046997,0.00015259,0.03418,2.7309,-0.33264,0
0.041199,-0.0018311,0.0383,2.2757,-0.34546,0
0.027161,-0.0030518,0.038605,2.9584,-0.3537,0
0.011139,-0.0015259,0.03418,2.5033,-0.35645,0
-0.0028992,0.00015259,0.027008,3.186,-0.354,0
-0.018158,0.0013733,0.015411,2.9584,-0.34912,0
-0.03067,0.0027466,0.0024414,2.2757,-0.33966,0
-0.03479,0.0018311,-0.0059509,2.2757,-0.32867,0
-0.03006,-0.00045776,-0.0090027,2.2757,-0.31799,0
-0.023651,0,-0.0085449,2.2757,-0.30914,0
-0.019379,0.00045776,-0.0048828,2.7309,-0.29968,0
-0.015411,0.0015259,-0.00045776,2.5033,-0.29175,0
-0.010681,0.0012207,0.004425,2.5033,-0.28259,0
-0.0097656,-0.00061035,0.011139,2.7309,-0.27252,0
-0.012817,-0.0013733,0.023651,2.5033,-0.26184,0
-0.01709,-0.0016785,0.031433,2.2757,-0.25177,0
-0.02182,-0.0030518,0.036926,1.8206,-0.24292,0
-0.02594,-0.0061035,0.04303,2.2757,-0.23651,0
-0.024414,-0.0079346,0.046234,2.7309,-0.23254,0
-0.019073,-0.007019,0.040741,2.0482,-0.23224,0
-0.011902,-0.0065613,0.023804,2.7309,-0.23254,0
-0.0035095,-0.0080872,0.0086975,2.0482,-0.23071,0
0.0059509,-0.011902,0.0068665,1.8206,-0.22736,0
0.0090027,-0.016632,0.0086975,1.8206,-0.2243,0
0.010529,-0.018768,0.0062561,1.8206,-0.22034,0
0.014038,-0.014801,0.0028992,1.3655,-0.21576,0
0.019989,-0.0061035,0.0064087,2.2757,-0.21149,0
0.021973,0.0013733,0.018463,2.2757,-0.20325,0
0.017853,0.0059509,0.032043,1.5931,-0.19379,0
0.0061035,0.0093079,0.04303,1.3655,-0.17914,0
-0.0047302,0.010376,0.048828,1.3655,-0.16022,0
-0.005188,0.0080872,0.045319,2.0482,-0.14191,0
0.0039673,0.0045776,0.039215,2.0482,-0.12451,0
0.017853,0.0019836,0.030975,1.5931,-0.10376,0
0.03006,0.00061035,0.021973,1.5931,-0.08606,0
0.032654,0.0012207,0.013275,2.0482,-0.066528,0
0.034027,0.0030518,0.010529,2.2757,-0.048523,0
0.031738,0.0045776,0.015259,2.0482,-0.030212,0
0.019226,0.0028992,0.020905,2.5033,-0.011902,0
0.0086975,0.00076294,0.020752,2.7309,0.005188,0
0.0076294,-0.00061035,0.012817,2.7309,0.021973,0
0.0073242,0.00091553,0.0074768,2.5033,0.039368,0
0.0079346,0.0050354,0.0064087,2.2757,0.058289,0
0.0048828,0.0065613,0.0062561,2.5033,0.074768,0
0.00030518,0.0047302,0.0032043,2.5033,0.085754,0
-0.0048828,0.0022888,-0.0019836,2.5033,0.091248,0
-0.017548,0.0032043,-0.010834,2.7309,0.093384,0
-0.020294,0.0039673,-0.021362,2.5033,0.094604,0
-0.014496,0.00045776,-0.027008,2.5033,0.098267,0
-0.017548,-0.0033569,-0.02655,2.5033,0.10132,0
-0.026703,-0.0065613,-0.022583,2.2757,0.10284,0
-0.03006,-0.0091553,-0.020447,2.9584,0.10406,0
-0.02594,-0.010223,-0.023041,2.9584,0.10162,0
-0.018311,-0.009613,-0.02655,2.9584,0.098267,0
-0.010071,-0.0093079,-0.025635,2.5033,0.089417,0
0.0015259,-0.0090027,-0.013123,2.7309,0.079651,0
0.011597,-0.0073242,0.0016785,2.5033,0.068359,0
0.01709,-0.005188,0.0085449,2.7309,0.058899,0
0.014801,-0.0036621,0.012665,2.0482,0.048218,0
0.0097656,-0.0035095,0.020905,2.0482,0.033875,0
0.0021362,-0.0056458,0.02594,1.3655,0.015564,0
-0.0018311,-0.0062561,0.017548,2.2757,-0.0067139,0
0.0010681,-0.004425,0.0030518,2.5033,-0.028687,0
0.00091553,-0.0039673,-0.0082397,2.2757,-0.047913,0
-0.0012207,-0.0024414,-0.013275,2.0482,-0.065613,0
-0.0038147,0.0010681,-0.011292,1.5931,-0.084839,0
-0.005188,0.0010681,0.00091553,2.0482,-0.11017,0
-0.0032043,0.0010681,0.014343,1.8206,-0.14618,0
0.0012207,-0.00061035,0.021973,1.3655,-0.18707,0
0.0076294,-0.0028992,0.032501,2.2757,-0.22919,0
0.013733,-0.0038147,0.047455,1.8206,-0.27069,0
0.017395,-0.0039673,0.053864,1.5931,-0.30853,0
0.015869,-0.0035095,0.045471,1.5931,-0.34424,0
0.012054,-0.0010681,0.037384,2.0482,-0.38025,0
0.0057983,0.0013733,0.033264,1.5931,-0.41931,0
0.0036621,0.00045776,0.030823,2.0482,-0.45898,0
0.013123,-0.0018311,0.03418,1.8206,-0.5014,0
0.025024,-0.0036621,0.038147,2.0482,-0.54382,0
0.028687,-0.0036621,0.032959,1.8206,-0.58899,0
0.015717,-0.0013733,0.023041,2.2757,-0.63354,0
0.0021362,0.002594,0.020752,2.5033,-0.6778,0
-0.0027466,0.0041199,0.030212,2.7309,-0.71808,0
-0.0071716,0.0039673,0.036774,2.5033,-0.75317,0
-0.014343,0.0048828,0.032501,2.7309,-0.78003,0
-0.016174,0.0053406,0.020752,2.2757,-0.80048,0
-0.015564,0.0064087,0.010986,1.8206,-0.81146,0
-0.015411,0.0080872,0.0065613,2.5033,-0.81482,0
-0.010071,0.0083923,0.007019,2.0482,-0.81146,0
-0.0038147,0.0079346,0.0086975,2.2757,-0.80322,0
0.0027466,0.0094604,0.0082397,2.5033,-0.79529,0
0.0071716,0.010071,0.0030518,2.5033,-0.79041,0
0.0088501,0.011749,-0.0086975,2.0482,-0.79163,0
0.0091553,0.013123,-0.015411,2.5033,-0.79407,0
0.0067139,0.010223,-0.012054,2.0482,-0.79285,0
-0.00015259,0.007019,-0.0056458,2.2757,-0.78583,0
-0.0045776,0.0076294,-0.00076294,2.0482,-0.77087,0
-0.0012207,0.0061035,-0.0016785,1.8206,-0.75226,0
0.0036621,0.0024414,-0.0059509,1.3655,-0.73029,0
0.0032043,0.0012207,-0.011444,2.0482,-0.70862,0
-0.00015259,0.0027466,-0.013733,2.0482,-0.68359,0
-0.0035095,0.0067139,-0.015106,1.8206,-0.65399,0
-0.0048828,0.010681,-0.016785,2.0482,-0.62439,0
-0.0012207,0.0093079,-0.01297,1.8206,-0.59601,0
0.0021362,0.0065613,-0.007019,1.8206,-0.56702,0
0.0041199,0.0056458,-0.0068665,2.0482,-0.53497,0
0.0082397,0.0050354,-0.016327,1.8206,-0.50049,0
0.0093079,0.0022888,-0.025635,2.0482,-0.46051,0
0.0094604,-0.0012207,-0.024872,1.8206,-0.42053,0
0.0090027,-0.0039673,-0.011444,2.7309,-0.37506,0
0.0088501,-0.0047302,0.0053406,2.5033,-0.3299,0
0.010529,-0.0033569,0.013123,2.5033,-0.28625,0
0.010071,-0.0027466,0.007019,1.8206,-0.24902,0
0.0080872,0.00015259,-0.00091553,2.5033,-0.21912,0
0.0073242,0.0016785,-0.0018311,2.7309,-0.19409,0
0.0038147,0.0010681,0.0024414,2.9584,-0.17334,0
0.0073242,0.0019836,0.0090027,2.2757,-0.15564,0
0.017242,0.0035095,0.013885,2.2757,-0.14099,0
0.031738,0.0015259,0.012817,2.5033,-0.13,0
0.042877,0.00030518,0.0053406,1.8206,-0.11719,0
0.042114,-0.0016785,-0.0074768,2.5033,-0.10468,0
0.038147,-0.0032043,-0.024109,2.2757,-0.090942,0
0.035095,-0.0024414,-0.032043,2.0482,-0.078125,0
0.030212,-0.004425,-0.026703,2.7309,-0.065308,0
0.020599,-0.0061035,-0.014191,2.0482,-0.052185,0
0.0061035,-0.0054932,-0.00061035,2.2757,-0.039673,0
-0.007782,-0.002594,0.010071,2.2757,-0.027466,0
-0.01358,-0.0013733,0.012817,2.0482,-0.0177,0
-0.017853,0.00061035,0.0090027,2.2757,-0.0064087,0
-0.025024,0.0018311,0.0012207,2.7309,0.00091553,0
-0.030212,0.002594,-0.00045776,2.2757,0.0033569,0
-0.030823,0.005188,0.0093079,2.2757,0.0027466,0
-0.026093,0.0091553,0.033417,1.8206,-0.00030518,0
-0.023193,0.013733,0.065002,2.2757,-0.0021362,0
-0.021515,0.013275,0.089722,2.5033,-0.0030518,0
-0.019379,0.010529,0.10452,2.5033,0.00091553,0
-0.018005,0.0091553,0.10635,2.0482,0.010681,0
-0.01358,0.0082397,0.098419,2.5033,0.022888,0
-0.0045776,0.0080872,0.085754,2.2757,0.033875,0
0.0018311,0.0086975,0.075073,2.7309,0.039368,0
0.0027466,0.0086975,0.068512,2.2757,0.040894,0
-0.0015259,0.0061035,0.061188,2.0482,0.037842,0
-0.0047302,0.0038147,0.049896,2.2757,0.032043,0
-0.0054932,0.005188,0.043182,2.0482,0.025635,0
-0.0056458,0.007782,0.045013,1.8206,0.014648,0
-0.007019,0.0050354,0.04425,1.8206,0.0021362,0
-0.0048828,0.00061035,0.041656,1.5931,-0.010071,0
-0.0018311,-0.0035095,0.037537,1.5931,-0.023193,0
-0.0032043,-0.0059509,0.030823,1.8206,-0.036316,0
-0.0048828,-0.007782,0.022278,1.8206,-0.057678,0
-0.0068665,-0.0091553,0.013428,2.0482,-0.080872,0
-0.0059509,-0.0068665,0.00015259,1.5931,-0.098267,0
-0.0042725,-0.0057983,-0.015411,1.1379,-0.10742,0
-0.0033569,-0.0093079,-0.027161,1.8206,-0.10529,0
-0.0016785,-0.013733,-0.032959,1.3655,-0.099487,0
0.0028992,-0.018005,-0.035858,1.8206,-0.093994,0
0.0073242,-0.020752,-0.038757,1.5931,-0.093689,0
0.0088501,-0.024261,-0.038452,1.5931,-0.095215,0
0.0065613,-0.025482,-0.032196,2.0482,-0.09491,0
0.0024414,-0.025024,-0.023193,2.2757,-0.089417,0
-0.0013733,-0.02594,-0.019379,2.2757,-0.079651,0
-0.0027466,-0.024261,-0.019684,2.0482,-0.071106,0
0.0021362,-0.020142,-0.020447,2.5033,-0.065918,0
0.010834,-0.018921,-0.02243,2.2757,-0.062561,0
0.014343,-0.018158,-0.023804,2.5033,-0.064392,0
0.010376,-0.017395,-0.022125,1.8206,-0.068054,0
0.0050354,-0.017548,-0.021515,2.0482,-0.071411,0
0.0022888,-0.016174,-0.017242,2.2757,-0.072937,0
0.0073242,-0.015869,-0.0038147,2.7309,-0.070496,0
0.013275,-0.016632,0.0090027,2.5033,-0.065002,0
0.01709,-0.014038,0.017242,2.9584,-0.06073,0
0.019989,-0.011139,0.017242,2.2757,-0.06073,0
0.017548,-0.007782,0.0094604,2.5033,-0.062256,0
0.010986,-0.0062561,-0.00015259,1.8206,-0.067444,0
0.0076294,-0.0057983,-0.0083923,2.0482,-0.074768,0
0.0067139,-0.0048828,-0.013275,2.7309,-0.081787,0
0.004425,-0.0059509,-0.016937,2.7309,-0.08728,0
-0.00030518,-0.0064087,-0.016174,2.9584,-0.090637,0
-0.0091553,-0.0065613,-0.010223,2.7309,-0.089111,0
-0.015411,-0.0053406,-0.0065613,2.2757,-0.086365,0
-0.017395,-0.002594,-0.0073242,2.7309,-0.08667,0
-0.016327,-0.0024414,-0.011444,2.5033,-0.08728,0
-0.011597,-0.0030518,-0.016327,3.186,-0.090942,0
-0.0073242,-0.0024414,-0.025024,2.5033,-0.097351,0
0.00061035,-0.0013733,-0.0354,2.7309,-0.10864,0
0.0093079,0.00091553,-0.038605,2.9584,-0.11841,0
0.0065613,0.0018311,-0.037384,2.5033,-0.1181,0
0.00045776,0.0015259,-0.037079,2.7309,-0.10498,0
-0.0021362,0.0038147,-0.042572,2.7309,-0.086975,0
-0.0042725,0.0080872,-0.046997,2.5033,-0.07019,0
-0.0064087,0.010529,-0.047607,2.7309,-0.062561,0
-0.0059509,0.0083923,-0.044708,2.0482,-0.065918,0
-0.0054932,0.0067139,-0.036011,2.0482,-0.079651,0
-0.0094604,0.0080872,-0.02594,2.5033,-0.099182,0
-0.013275,0.0094604,-0.025024,2.7309,-0.11932,0
-0.014648,0.0080872,-0.034637,2.9584,-0.13458,0
-0.011139,0.0056458,-0.045013,3.4135,-0.14862,0
-0.00061035,0.0050354,-0.050964,2.7309,-0.16083,0
0.0085449,0.0068665,-0.055847,2.9584,-0.16907,0
0.010529,0.0082397,-0.061798,3.186,-0.17487,0
0.004425,0.0094604,-0.059204,3.4135,-0.17822,0
0.0012207,0.0082397,-0.039825,2.7309,-0.17883,0
0.0059509,0.0093079,-0.011139,2.7309,-0.17609,0
0.01297,0.011292,0.0094604,2.7309,-0.17212,0
0.018616,0.011444,0.018158,2.7309,-0.16663,0
0.022125,0.011292,0.025177,3.6411,-0.16327,0
0.022278,0.007019,0.03006,2.9584,-0.16541,0
0.016632,0.0030518,0.026093,2.9584,-0.16449,0
0.0086975,0.0024414,0.016022,2.7309,-0.16022,0
0.0015259,0.00091553,0.0097656,3.186,-0.15045,0
-0.0061035,-0.0015259,0.0082397,2.7309,-0.13184,0
-0.0056458,-0.0021362,0.0050354,2.7309,-0.11078,0
0.0039673,0.00045776,0,2.5033,-0.087891,0
0.017853,0.0036621,0.00061035,2.7309,-0.066528,0
0.024719,0.0079346,0.0030518,2.5033,-0.044556,0
0.023499,0.011749,0.0032043,1.5931,-0.01709,0
0.019989,0.011749,-0.0012207,2.2757,0.016174,0
0.015717,0.0085449,-0.004425,2.2757,0.053406,0
0.010223,0.0067139,-0.0033569,2.0482,0.091553,0
0.0036621,0.0083923,-0.0012207,2.5033,0.12512,0
0.0016785,0.010529,0.0021362,1.8206,0.15289,0
-0.0022888,0.01297,0.0061035,1.5931,0.17792,0
-0.0097656,0.01297,0.0041199,2.2757,0.2066,0
-0.015564,0.0090027,-0.0015259,2.2757,0.24261,0
-0.018616,0.0054932,-0.0050354,2.0482,0.28351,0
-0.021515,0.0038147,-0.009613,2.2757,0.3244,0
-0.02243,0.0032043,-0.016479,2.9584,0.36133,0
-0.021362,0.0019836,-0.018158,2.7309,0.38788,0
-0.016632,-0.00030518,-0.011749,2.2757,0.40802,0
-0.0094604,-0.00015259,-0.0079346,1.8206,0.42603,0
-0.0061035,-0.0010681,-0.007019,2.5033,0.45135,0
-0.0054932,-0.00015259,-0.0047302,1.8206,0.48553,0
-0.0068665,0.0015259,-0.0048828,1.5931,0.52399,0
-0.0059509,0.0013733,-0.012665,2.2757,0.56183,0
0.0021362,0.00015259,-0.02121,1.3655,0.59265,0
0.0062561,-0.0013733,-0.024414,1.1379,0.6192,0
0.0054932,-0.004425,-0.022583,1.8206,0.64148,0
0.0047302,-0.0082397,-0.021515,2.0482,0.66254,0
0.004425,-0.0076294,-0.021057,2.5033,0.68268,0
0.0032043,-0.0024414,-0.019073,2.5033,0.70129,0
0.00091553,-0.0019836,-0.015564,2.9584,0.7135,0
-0.00030518,-0.0035095,-0.0065613,2.5033,0.71869,0
-0.00076294,-0.0036621,0.0041199,1.8206,0.7135,0
-0.0015259,-0.0054932,0.0088501,2.2757,0.70221,0
-0.0038147,-0.0071716,0.0083923,2.7309,0.68756,0
-0.0050354,-0.0048828,0.0080872,2.5033,0.67261,0
-0.0024414,-0.00045776,0.016022,2.5033,0.65765,0
0.0013733,0.0015259,0.025024,2.2757,0.64636,0
0.0010681,0.0013733,0.026398,2.7309,0.63782,0
-0.0015259,0.0010681,0.020905,2.9584,0.63324,0
0.0027466,0.00030518,0.013428,2.5033,0.62683,0
0.0099182,-0.00061035,0.013885,2.5033,0.62073,0
0.016022,0.0016785,0.023651,2.5033,0.61432,0
0.01709,0.0057983,0.033569,2.5033,0.60516,0
0.016632,0.0094604,0.038605,2.2757,0.59448,0
0.01709,0.0086975,0.042267,2.0482,0.57892,0
0.018005,0.0041199,0.03891,1.8206,0.55908,0
0.015259,0.0018311,0.031281,1.8206,0.53894,0
0.0059509,-0.00061035,0.028534,1.8206,0.51636,0
0.0012207,-0.0018311,0.024719,1.8206,0.49377,0
-0.00045776,0.00061035,0.018005,2.0482,0.46814,0
0.00091553,0.002594,0.011444,2.5033,0.43945,0
-0.00091553,0.0010681,0.002594,2.2757,0.41107,0
-0.0073242,-0.004425,-0.0090027,2.0482,0.38086,0
-0.010529,-0.0047302,-0.020599,2.2757,0.35126,0
-0.010376,-0.0033569,-0.031433,1.8206,0.32043,0
-0.012817,-0.0045776,-0.03891,1.3655,0.29266,0
-0.018616,-0.0033569,-0.036469,0.91037,0.26306,0
-0.025787,0.00091553,-0.024719,1.3655,0.23529,0
-0.026245,-0.00030518,-0.010223,1.5931,0.21118,0
-0.025177,-0.0030518,0.0018311,1.3655,0.18921,0
-0.02121,-0.0022888,0.0074768,2.2757,0.17242,0
-0.01709,0.0018311,0.010834,2.2757,0.15961,0
-0.016785,0.004425,0.010376,1.3655,0.14832,0
-0.012512,0.0038147,0.0079346,2.2757,0.13641,0
-0.0062561,0.0013733,0.0038147,2.0482,0.1239,0
-0.0022888,-0.0036621,-0.005188,2.0482,0.10864,0
0.0032043,-0.007019,-0.01297,1.8206,0.092773,0
0.0047302,-0.007019,-0.011444,2.0482,0.074463,0
0.0019836,-0.0059509,0.005188,2.5033,0.057068,0
-0.0039673,-0.005188,0.027161,2.2757,0.041199,0
-0.010986,-0.0057983,0.035858,2.7309,0.027466,0
-0.015717,-0.0041199,0.035553,2.7309,0.014648,0
-0.0177,0.0016785,0.036011,2.0482,0.0030518,0
-0.013885,0.004425,0.035553,2.5033,-0.0054932,0
-0.010223,0.0032043,0.033722,1.8206,-0.015869,0
-0.007019,0.0021362,0.033417,2.0482,-0.02594,0
-0.0057983,0.0045776,0.037994,2.2757,-0.03479,0
-0.0080872,0.0053406,0.04364,2.7309,-0.042419,0
-0.011139,0.0050354,0.041656,2.7309,-0.046387,0
-0.013275,0.0038147,0.032349,2.5033,-0.049438,0
-0.014496,0.0036621,0.023346,2.2757,-0.05188,0
-0.013733,0.0050354,0.018005,2.2757,-0.056152,0
-0.014343,0.005188,0.018463,2.2757,-0.06134,0
-0.016479,0.0039673,0.021667,2.7309,-0.067139,0
-0.014648,0.0032043,0.024414,2.2757,-0.075073,0
-0.010681,0.0024414,0.02182,2.2757,-0.078735,0
-0.0097656,0.0010681,0.017242,1.8206,-0.079956,0
-0.011444,0,0.016785,2.2757,-0.079651,0
-0.013885,-0.0016785,0.018158,2.7309,-0.078125,0
-0.015106,-0.004425,0.018921,2.2757,-0.077209,0
-0.0076294,-0.007782,0.020752,2.9584,-0.075073,0
0.0042725,-0.0093079,0.024719,2.7309,-0.075989,0
0.011292,-0.010529,0.026245,2.0482,-0.076904,0
0.01236,-0.0083923,0.025787,1.5931,-0.079346,0
0.0042725,-0.0083923,0.02243,2.0482,-0.081787,0
-0.0079346,-0.011292,0.0177,1.8206,-0.084534,0
-0.01236,-0.012512,0.015717,2.2757,-0.088196,0
-0.010376,-0.011902,0.016479,2.2757,-0.090942,0
-0.0085449,-0.012207,0.018921,2.2757,-0.091248,0
-0.0064087,-0.013428,0.022736,2.2757,-0.089722,0
-0.0059509,-0.013733,0.029449,2.5033,-0.087585,0
-0.0068665,-0.012665,0.037994,2.0482,-0.084839,0
-0.0086975,-0.014954,0.044403,2.2757,-0.081787,0
-0.010071,-0.015564,0.048065,2.5033,-0.076599,0
-0.0076294,-0.013275,0.047913,2.2757,-0.068359,0
-0.0033569,-0.011444,0.043182,2.2757,-0.06012,0
-0.0035095,-0.014343,0.037842,2.2757,-0.053711,0
-0.0036621,-0.017853,0.036774,1.8206,-0.051575,0
0.0032043,-0.018921,0.040741,1.8206,-0.05127,0
0.014648,-0.018158,0.041809,2.0482,-0.050049,0
0.021362,-0.016327,0.037842,1.8206,-0.047302,0
0.022278,-0.014496,0.03479,2.9584,-0.045776,0
0.015259,-0.014191,0.03067,2.5033,-0.039978,0
0.012207,-0.013123,0.021515,2.0482,-0.029907,0
0.011292,-0.012665,0.011292,2.2757,-0.016479,0
0.010223,-0.013275,0.0074768,2.7309,-0.0033569,0
0.01236,-0.01358,0.009613,1.8206,0.010071,0
0.013885,-0.013275,0.010071,2.5033,0.020142,0
0.016479,-0.010986,0.002594,2.0482,0.028076,0
0.019989,-0.0083923,-0.005188,2.2757,0.032654,0
0.01709,-0.0085449,-0.0047302,2.7309,0.037537,0
0.010986,-0.0062561,0.00015259,2.7309,0.04425,0
0.0064087,-0.002594,0.0045776,2.7309,0.050049,0
0.0061035,-0.0047302,0.0056458,3.6411,0.053101,0
0.0065613,-0.0073242,0.0053406,2.7309,0.053101,0
-0.00061035,-0.007019,0.0057983,3.186,0.05188,0
-0.012665,-0.0068665,0.0054932,2.9584,0.049438,0
-0.016022,-0.0059509,0.007782,2.5033,0.046387,0
-0.010529,-0.0045776,0.010986,2.7309,0.045471,0
-0.010376,-0.0030518,0.013123,2.5033,0.046692,0
-0.013428,-0.0018311,0.01358,2.7309,0.047913,0
-0.013733,-0.0038147,0.012207,2.5033,0.050659,0
-0.0090027,-0.0048828,0.013275,2.5033,0.054932,0
0.0015259,-0.0027466,0.016022,2.2757,0.058899,0
0.014191,-0.0024414,0.018921,2.0482,0.060425,0
0.021362,-0.0028992,0.021973,2.2757,0.062256,0
0.023651,-0.00091553,0.027771,2.2757,0.058899,0
0.025177,0.0032043,0.033875,1.8206,0.055542,0
0.032654,0.0068665,0.035248,2.5033,0.049744,0
0.038147,0.0076294,0.034027,1.5931,0.04425,0
0.040741,0.0065613,0.032501,1.8206,0.039062,0
0.040741,0.004425,0.03479,2.9584,0.032043,0
0.040741,0.0048828,0.037384,2.7309,0.024414,0
0.035706,0.0039673,0.036774,2.5033,0.018311,0
0.027924,0.0022888,0.0383,2.0482,0.011902,0
0.019684,0.0028992,0.046234,2.2757,0.0064087,0
0.011444,0.0022888,0.057526,1.8206,0.00030518,0
0.0076294,0.00076294,0.062408,2.0482,-0.0039673,0
0.010529,0.0015259,0.060425,2.7309,-0.0067139,0
0.0090027,0.0032043,0.055084,2.7309,-0.0061035,0
-0.0016785,0.005188,0.051422,2.7309,-0.0061035,0
-0.015106,0.0039673,0.05249,3.4135,-0.0042725,0
-0.022583,-0.00015259,0.05249,2.5033,-0.0027466,0
-0.023346,-0.00030518,0.045166,3.6411,0,0
-0.021362,0.0041199,0.041046,2.2757,0.0030518,0
-0.02182,0.0083923,0.039978,2.5033,0.0042725,0
-0.022278,0.0071716,0.039825,3.186,0.0073242,0
-0.01709,0.0035095,0.038605,2.9584,0.0097656,0
-0.011597,0.00076294,0.034943,2.7309,0.010071,0
-0.0056458,-0.0010681,0.033112,3.186,0.0088501,0
-0.0045776,-0.0015259,0.031891,2.7309,0.0091553,0
-0.010223,0.00045776,0.027771,2.7309,0.015259,0
-0.020599,0.0056458,0.024719,2.2757,0.025024,0
-0.033875,0.0079346,0.027161,2.0482,0.033264,0
-0.040131,0.0094604,0.031281,2.7309,0.041809,0
-0.0383,0.01236,0.034943,2.9584,0.050049,0
-0.030365,0.010223,0.034332,2.7309,0.059204,0
-0.018158,0.0054932,0.029907,1.5931,0.063477,0
-0.0042725,0.004425,0.026398,2.7309,0.064392,0
0.002594,0.0045776,0.023346,2.5033,0.062561,0
-0.0064087,0.0022888,0.020599,2.2757,0.062256,0
-0.015869,0.00045776,0.016785,2.5033,0.065613,0
-0.019379,-0.00045776,0.012054,2.2757,0.06958,0
-0.022736,-0.0015259,0.013428,2.2757,0.072021,0
-0.02594,-0.002594,0.018768,2.9584,0.072021,0
-0.026093,-0.00030518,0.025024,1.8206,0.074158,0
-0.014954,0.0057983,0.029755,2.2757,0.080261,0
0.0080872,0.010986,0.036469,2.2757,0.089417,0
0.027161,0.011902,0.039673,1.8206,0.099182,0
0.034485,0.0097656,0.03418,2.5033,0.11139,0
0.038605,0.0056458,0.023041,2.2757,0.12451,0
0.040588,0.0064087,0.0086975,2.5033,0.13855,0
0.040131,0.012207,-0.0032043,2.7309,0.14801,0
0.037537,0.015411,-0.0064087,2.5033,0.1535,0
0.036621,0.012665,-0.0067139,2.9584,0.15717,0
0.037384,0.0086975,-0.0080872,2.2757,0.15717,0
0.034485,0.0056458,-0.0088501,2.2757,0.15594,0
0.033264,0.0033569,-0.0064087,2.0482,0.1535,0
0.039978,0.00015259,0.0013733,2.0482,0.1535,0
0.045624,-0.0038147,0.0177,2.7309,0.15533,0
0.048828,-0.0064087,0.044403,3.186,0.16052,0
0.045319,-0.007782,0.070953,2.2757,0.16541,0
0.034027,-0.0068665,0.085754,2.7309,0.17242,0
0.024109,-0.0076294,0.085449,3.186,0.1825,0
0.015717,-0.0091553,0.076447,2.7309,0.19073,0
0.0083923,-0.0059509,0.06485,3.186,0.19745,0
0.005188,-0.004425,0.058899,2.7309,0.20172,0
0.007019,-0.010071,0.061493,2.7309,0.20538,0
0.0045776,-0.013885,0.063782,2.9584,0.20813,0
-0.0050354,-0.0082397,0.069427,2.9584,0.21301,0
-0.016479,-0.0010681,0.077057,2.9584,0.21515,0
-0.022583,0.0012207,0.082703,2.9584,0.21637,0
-0.027466,0.0022888,0.083618,2.5033,0.2179,0
-0.035858,0.0074768,0.076752,2.5033,0.22034,0
-0.03952,0.0097656,0.064392,2.9584,0.22461,0
-0.035706,0.0071716,0.052643,2.2757,0.22827,0
-0.033112,0.0062561,0.043945,2.7309,0.23254,0
-0.029449,0.0067139,0.035553,2.5033,0.2359,0
-0.030365,0.0048828,0.02533,2.2757,0.23712,0
-0.031891,0.002594,0.018005,2.9584,0.23285,0
-0.034943,0.0045776,0.015259,3.4135,0.22736,0
-0.033722,0.0083923,0.016022,2.5033,0.21942,0
-0.030212,0.0083923,0.014038,2.7309,0.2124,0
-0.027924,0.0082397,0.0064087,2.9584,0.20447,0
-0.02533,0.0094604,-0.00045776,2.0482,0.19836,0
-0.020294,0.011444,-0.0024414,2.5033,0.19531,0
-0.011749,0.0094604,0.0010681,2.2757,0.19196,0
-0.0027466,0.0039673,0.0016785,2.7309,0.19043,0
0.0036621,-0.0018311,-0.0048828,2.5033,0.1889,0
0.0085449,-0.0045776,-0.014648,1.5931,0.19073,0
0.012207,-0.0059509,-0.024414,1.8206,0.19318,0
0.016479,-0.0039673,-0.032501,2.0482,0.19714,0
0.019836,0.0012207,-0.033569,2.2757,0.20203,0
0.023651,0.0045776,-0.027618,1.5931,0.20905,0
0.027313,0.0090027,-0.02243,2.5033,0.21606,0
0.029907,0.010376,-0.021057,2.5033,0.22064,0
0.033569,0.010529,-0.015564,3.186,0.22064,0
0.032959,0.011139,-0.0016785,2.5033,0.21606,0
0.030212,0.013275,0.0039673,2.0482,0.2124,0
0.028839,0.015411,-0.00015259,2.5033,0.20996,0
0.028687,0.016022,-0.005188,2.7309,0.20691,0
0.030212,0.012665,-0.0088501,2.2757,0.20386,0
0.031128,0.010223,-0.0097656,2.2757,0.1944,0
0.035095,0.012207,-0.011749,2.7309,0.18555,0
0.039368,0.011597,-0.016632,2.2757,0.17761,0
0.034332,0.0097656,-0.023041,2.2757,0.17487,0
0.022278,0.009613,-0.02533,2.7309,0.17456,0
0.016022,0.0085449,-0.022888,2.2757,0.17761,0
0.016632,0.0076294,-0.021057,2.5033,0.1828,0
0.014343,0.0073242,-0.018463,2.5033,0.18707,0
0.0054932,0.0080872,-0.013123,2.5033,0.18982,0
-0.0032043,0.0053406,-0.0082397,2.7309,0.18829,0
-0.0041199,0.0012207,-0.0032043,2.5033,0.18494,0
0.0028992,-0.00030518,0.00045776,2.7309,0.18005,0
0.011444,-0.00030518,0.00015259,2.0482,0.16968,0
0.015564,-0.0030518,-0.0010681,1.5931,0.15778,0
0.014038,-0.0054932,-0.0018311,2.0482,0.14801,0
0.009613,-0.0036621,-0.007782,2.5033,0.14221,0
0.0059509,-0.0036621,-0.018463,1.8206,0.14038,0
0.00045776,-0.004425,-0.030365,2.2757,0.14099,0
-0.004425,-0.0062561,-0.037537,1.8206,0.14252,0
-0.0085449,-0.0062561,-0.03952,2.5033,0.14648,0
-0.014191,-0.0064087,-0.040283,2.0482,0.14984,0
-0.02594,-0.0064087,-0.043945,2.2757,0.14923,0
-0.037079,-0.0071716,-0.050354,2.2757,0.14252,0
-0.042572,-0.0074768,-0.051575,1.8206,0.13062,0
-0.04303,-0.0050354,-0.046844,1.5931,0.11902,0
-0.035858,-0.0054932,-0.038605,1.3655,0.10986,0
-0.024719,-0.0079346,-0.030212,1.3655,0.10559,0
-0.020752,-0.0061035,-0.027618,2.7309,0.10437,0
-0.020142,-0.0013733,-0.030212,1.8206,0.10468,0
-0.016174,-0.0021362,-0.030823,1.8206,0.10651,0
-0.010834,-0.0054932,-0.02655,2.0482,0.10834,0
-0.0067139,-0.005188,-0.023804,2.0482,0.10834,0
-0.0042725,-0.0059509,-0.021362,2.2757,0.10773,0
-0.0032043,-0.0059509,-0.019531,2.5033,0.10773,0
-0.0015259,-0.0039673,-0.020447,1.5931,0.11108,0
0.00045776,-0.0019836,-0.022278,2.2757,0.11566,0
0.0018311,-0.0022888,-0.025177,2.2757,0.11902,0
-0.00061035,-0.002594,-0.026245,2.7309,0.12451,0
-0.00091553,-0.0015259,-0.024109,1.8206,0.13062,0
0.00061035,-0.0030518,-0.020905,2.5033,0.13885,0
0.0027466,-0.0047302,-0.018616,1.8206,0.14282,0
0.0068665,-0.0036621,-0.018768,2.5033,0.14404,0
0.0086975,-0.00015259,-0.018311,2.7309,0.14435,0
0.0053406,0.0012207,-0.0177,2.9584,0.14648,0
0.00045776,-0.00015259,-0.018463,3.6411,0.14893,0
-0.0019836,-0.00030518,-0.014648,2.9584,0.15259,0
-0.0018311,-0.0022888,-0.0083923,2.5033,0.15472,0
-0.0047302,-0.0024414,-0.0067139,2.9584,0.15381,0
-0.0085449,-0.0021362,-0.0061035,2.9584,0.15167,0
-0.0086975,-0.0018311,-0.0045776,3.186,0.15015,0
-0.0065613,-0.0028992,-0.0068665,2.5033,0.1474,0
-0.0041199,-0.0047302,-0.011139,2.5033,0.14709,0
-0.0059509,-0.0050354,-0.011749,2.0482,0.14709,0
-0.0086975,-0.0068665,-0.01297,2.0482,0.15381,0
-0.010071,-0.007019,-0.018768,2.0482,0.16388,0
-0.011597,-0.0057983,-0.024261,1.8206,0.17548,0
-0.015411,-0.0056458,-0.022278,2.5033,0.18127,0
-0.018311,-0.007019,-0.014038,2.0482,0.18188,0
-0.02121,-0.0086975,-0.0093079,2.0482,0.17731,0
-0.024872,-0.0064087,-0.011749,2.7309,0.16846,0
-0.021667,-0.0022888,-0.0177,1.5931,0.15686,0
-0.014801,-0.0039673,-0.025482,1.5931,0.1474,0
-0.0099182,-0.0064087,-0.036163,1.8206,0.14008,0
-0.0080872,-0.0079346,-0.045776,1.3655,0.1355,0
-0.0053406,-0.0059509,-0.050964,2.2757,0.13214,0
-0.0047302,-0.0067139,-0.05722,2.9584,0.1297,0
-0.0019836,-0.011597,-0.063629,2.7309,0.13031,0
0.0016785,-0.015106,-0.067902,1.8206,0.13062,0
0.0088501,-0.016632,-0.066376,2.2757,0.12695,0
0.015869,-0.016479,-0.058441,2.5033,0.12024,0
0.015869,-0.016327,-0.049286,2.2757,0.1123,0
0.017395,-0.01709,-0.042419,2.2757,0.10376,0
0.017242,-0.017395,-0.033264,2.0482,0.096436,0
0.01297,-0.015411,-0.023651,2.2757,0.094299,0
0.015106,-0.010986,-0.022278,2.0482,0.090942,0
0.021667,-0.0068665,-0.022583,2.5033,0.089722,0
0.024109,-0.005188,-0.019989,2.2757,0.08606,0
0.017548,-0.0053406,-0.017548,2.9584,0.079651,0
0.0079346,-0.0035095,-0.020752,2.7309,0.072327,0
-0.0045776,-0.00045776,-0.027008,2.5033,0.063782,0
-0.010986,0.00061035,-0.028839,2.5033,0.056152,0
-0.0059509,0.00091553,-0.02655,2.7309,0.050049,0
0.0030518,0.0012207,-0.022278,1.8206,0.045166,0
0.0093079,0.0033569,-0.013428,2.0482,0.043945,0
0.010223,0.0038147,-0.0041199,2.2757,0.04364,0
0.0080872,0.00045776,-0.0018311,3.4135,0.047607,0
0.0032043,-0.0024414,-0.0022888,2.2757,0.050964,0
-0.0010681,-0.0021362,-0.0068665,2.2757,0.052185,0
-0.002594,-0.0019836,-0.018158,2.9584,0.050354,0
0.0022888,-0.0016785,-0.028992,2.0482,0.046692,0
0.0093079,-0.0022888,-0.031281,2.2757,0.046082,0
0.0093079,-0.0039673,-0.023651,2.5033,0.047302,0
0.0047302,-0.0042725,-0.016632,2.7309,0.049744,0
0.0053406,-0.0028992,-0.019989,2.5033,0.053101,0
0.010223,-0.0024414,-0.030518,2.2757,0.052185,0
0.015717,-0.0042725,-0.036926,2.0482,0.050964,0
0.018463,-0.0053406,-0.034637,1.5931,0.054016,0
0.021667,-0.0045776,-0.027313,2.2757,0.058594,0
0.014343,-0.0041199,-0.016479,2.0482,0.063782,0
0.0068665,-0.0028992,-0.0061035,2.2757,0.065308,0
0.0035095,0.0013733,-0.0012207,2.2757,0.064087,0
0.0035095,0.0036621,0.0018311,2.5033,0.06134,0
0.0054932,0.0024414,0.0041199,2.0482,0.057373,0
0.0079346,-0.00076294,0.0057983,2.5033,0.052795,0
0.015717,-0.0024414,0.007019,1.8206,0.050354,0
0.027924,-0.0038147,0.007019,2.5033,0.050964,0
0.030365,-0.0028992,0.0027466,2.2757,0.054321,0
0.027313,-0.00091553,-0.0021362,1.8206,0.057068,0
0.023499,-0.0015259,-0.00045776,2.0482,0.06012,0
0.018005,-0.0038147,0.0048828,2.2757,0.057373,0
0.0094604,-0.0039673,0.0059509,2.5033,0.046997,0
0.0053406,-0.00076294,-0.0022888,2.5033,0.034485,0
0.0082397,-0.00061035,-0.019379,2.2757,0.025024,0
0.013275,-0.0030518,-0.032196,2.5033,0.021973,0
0.015869,-0.0038147,-0.03418,2.0482,0.02594,0
0.014191,-0.0042725,-0.032196,2.2757,0.03479,0
0.0093079,-0.0041199,-0.033569,2.9584,0.042419,0
-0.00061035,-0.0035095,-0.035553,2.7309,0.047913,0
-0.012817,-0.00015259,-0.033722,2.9584,0.047302,0
-0.022583,0.0038147,-0.031891,2.9584,0.043945,0
-0.033417,0.0057983,-0.033112,2.5033,0.038147,0
-0.046234,0.0062561,-0.033722,2.7309,0.031128,0
-0.056915,0.010986,-0.030518,2.2757,0.020142,0
-0.060577,0.0177,-0.022888,2.9584,0.0097656,0
-0.061798,0.016632,-0.016479,3.186,0.0030518,0
-0.059052,0.010071,-0.010986,2.9584,0.0018311,0
-0.046844,0.0074768,-0.0047302,2.7309,0.005188,0
-0.034332,0.010986,-0.0021362,2.7309,0.011292,0
-0.024719,0.014801,0.00091553,2.7309,0.018311,0
-0.019836,0.016327,0.0099182,2.2757,0.025024,0
-0.0177,0.013885,0.020294,2.9584,0.028381,0
-0.012207,0.009613,0.023651,2.5033,0.028992,0
-0.005188,0.0086975,0.018463,2.7309,0.027771,0
-0.00045776,0.0090027,0.012665,2.0482,0.028076,0
-0.0059509,0.0056458,0.013428,2.5033,0.027771,0
-0.017853,0.00091553,0.019836,2.0482,0.026245,0
-0.023804,0.00091553,0.026093,3.186,0.023193,0
-0.026245,0.0028992,0.027771,2.9584,0.020142,0
-0.029907,0.0041199,0.026245,2.5033,0.015564,0
-0.037079,0.0028992,0.02594,2.7309,0.011292,0
-0.035706,0.0019836,0.027771,2.2757,0.0082397,0
-0.020142,0.0035095,0.025482,1.8206,0.0061035,0
-0.00045776,0.004425,0.016479,1.8206,0.0048828,0
0.010681,0.0033569,0.010071,1.8206,0.005188,0
0.014038,0.0036621,0.0090027,0.91037,0.0076294,0
0.018005,0.0057983,0.0083923,2.5033,0.014648,0
0.024872,0.0064087,0.0062561,2.2757,0.024414,0
0.031891,0.0042725,0.0041199,2.2757,0.03479,0
0.030212,0.0032043,0.0079346,2.0482,0.04364,0
0.027313,0.0039673,0.015717,1.8206,0.050049,0
0.025024,0.0030518,0.021057,2.7309,0.046997,0
0.020294,0.0036621,0.016479,2.2757,0.037537,0
0.018921,0.0067139,0.0057983,2.2757,0.02594,0
0.022888,0.0086975,-0.0012207,1.3655,0.018311,0
0.025787,0.0082397,-0.007019,2.0482,0.018311,0
0.027618,0.0073242,-0.013123,2.2757,0.023804,0
0.029907,0.0059509,-0.011139,2.0482,0.030212,0
0.030975,0.0065613,-0.0019836,2.2757,0.035095,0
0.032501,0.0074768,0.0048828,1.8206,0.038147,0
0.030975,0.0074768,0.0074768,2.2757,0.040588,0
0.022736,0.0065613,0.0074768,1.8206,0.040283,0
0.015564,0.0074768,0.0041199,2.5033,0.037537,0
0.012207,0.0073242,0.00061035,2.7309,0.030518,0
0.011444,0.0073242,0.0064087,2.5033,0.024719,0
0.010376,0.0079346,0.02243,2.2757,0.021667,0
0.013428,0.005188,0.039215,2.5033,0.024414,0
0.015717,-0.0010681,0.050507,2.0482,0.026855,0
0.012512,-0.0062561,0.057068,1.8206,0.028687,0
0.0059509,-0.005188,0.059357,1.8206,0.032043,0
-0.0022888,-0.0018311,0.057983,2.9584,0.037842,0
-0.012054,-0.00030518,0.054016,2.0482,0.041504,0
-0.020294,-0.0010681,0.046387,2.7309,0.042725,0
-0.027161,-0.0019836,0.039062,2.7309,0.041504,0
-0.025482,-0.0028992,0.031433,2.2757,0.037537,0
-0.023346,-0.0019836,0.026245,2.7309,0.036316,0
-0.024109,-0.0024414,0.025024,2.0482,0.039062,0
-0.019836,-0.0036621,0.026703,1.8206,0.040894,0
-0.01358,-0.0038147,0.028381,2.2757,0.039368,0
-0.007019,-0.004425,0.026093,2.2757,0.036011,0
0.0016785,-0.0047302,0.017242,1.8206,0.032959,0
0.0094604,-0.0076294,0.0053406,2.0482,0.029297,0
0.012054,-0.0088501,-0.0016785,2.5033,0.027161,0
0.013123,-0.0071716,-0.0019836,2.2757,0.024719,0
0.014954,-0.0065613,0.0010681,2.2757,0.020447,0
0.016022,-0.0065613,0.0073242,2.2757,0.0177,0
0.014038,-0.0059509,0.020142,2.2757,0.014954,0
0.0067139,-0.0038147,0.033722,2.2757,0.017395,0
0.00076294,-0.0030518,0.041656,2.7309,0.021667,0
-0.0079346,-0.0035095,0.045776,2.2757,0.030518,0
-0.016937,-0.0038147,0.045929,2.7309,0.037231,0
-0.022888,-0.004425,0.041809,2.5033,0.040588,0
-0.020905,-0.007019,0.040283,2.0482,0.042419,0
-0.014648,-0.010223,0.039825,2.7309,0.041199,0
-0.012054,-0.011139,0.040894,2.5033,0.038147,0
-0.011444,-0.011444,0.046082,2.0482,0.032959,0
-0.0079346,-0.011597,0.046387,2.2757,0.028687,0
-0.0073242,-0.010223,0.041656,2.0482,0.028076,0
-0.0064087,-0.0061035,0.038605,2.5033,0.027771,0
0.00091553,-0.0019836,0.041351,2.2757,0.028992,0
0.01236,-0.00091553,0.050049,2.5033,0.032959,0
0.016327,-0.0024414,0.054321,2.5033,0.0354,0
0.014038,-0.0045776,0.047607,2.2757,0.039673,0
0.010986,-0.0041199,0.032196,2.7309,0.046997,0
0.0094604,-0.0016785,0.02121,3.186,0.053406,0
0.0090027,-0.0013733,0.013428,2.9584,0.061951,0
0.0065613,-0.0030518,0.0047302,3.186,0.063782,0
0.0076294,-0.0041199,-0.0028992,3.186,0.06134,0
0.013885,-0.0033569,-0.011292,2.9584,0.055847,0
0.018158,-0.0027466,-0.016479,2.2757,0.047913,0
0.017548,-0.0038147,-0.014191,2.5033,0.040283,0
0.016785,-0.0032043,-0.0099182,2.7309,0.03418,0
0.015106,-0.0024414,-0.007782,2.0482,0.030823,0
0.010376,-0.0012207,-0.0059509,1.8206,0.032043,0
-0.0054932,0.00030518,-0.0073242,1.8206,0.038147,0
-0.015106,0.00045776,-0.013885,2.2757,0.045166,0
-0.017548,0.00015259,-0.016937,2.5033,0.053711,0
-0.016632,-0.00045776,-0.0090027,2.7309,0.062256,0
-0.014191,0,0.0016785,2.5033,0.072021,0
-0.010529,0,0.0074768,1.8206,0.079651,0
-0.0032043,-0.00091553,0.0094604,2.0482,0.083923,0
0.007019,-0.00091553,0.01297,2.0482,0.083618,0
0.015259,0.00030518,0.018463,2.0482,0.079041,0
0.018311,0.0015259,0.020599,2.0482,0.07019,0
0.019073,0.0019836,0.017242,2.0482,0.062256,0
0.019073,0.00045776,0.016785,1.3655,0.058594,0
0.019379,-0.0018311,0.02121,2.0482,0.053101,0
0.016632,-0.0048828,0.022888,2.2757,0.049133,0
0.010986,-0.007019,0.018463,2.2757,0.040894,0
0.0045776,-0.0071716,0.013123,2.2757,0.0354,0
-0.00030518,-0.0079346,0.0082397,2.0482,0.033264,0
-0.005188,-0.011139,0.0021362,1.5931,0.033569,0
-0.0047302,-0.011292,-0.0021362,2.0482,0.035095,0
-0.0059509,-0.0074768,-0.0024414,1.8206,0.036316,0
-0.0047302,-0.0056458,0.0028992,1.8206,0.036011,0
-0.00061035,-0.0067139,0.0099182,2.0482,0.0354,0
0.0053406,-0.0076294,0.010681,2.0482,0.039368,0
0.0045776,-0.0068665,0.0065613,1.3655,0.044861,0
0.0015259,-0.0065613,-0.00091553,1.8206,0.047302,0
0.0012207,-0.0050354,-0.0074768,1.8206,0.045471,0
0.0013733,-0.00091553,-0.009613,2.0482,0.037231,0
-0.00076294,0.0027466,-0.01236,2.5033,0.025024,0
-0.0041199,0.0028992,-0.017548,2.5033,0.016174,0
-0.0036621,-0.00030518,-0.02243,2.0482,0.0076294,0
-0.0059509,-0.0013733,-0.02655,2.5033,0.0030518,0
-0.0083923,-0.00076294,-0.03006,2.5033,0,0
-0.012512,0.0010681,-0.032806,3.4135,0,0
-0.013275,0.004425,-0.036316,2.7309,0.00091553,0
-0.013123,0.0054932,-0.03479,2.2757,0.0042725,0
-0.012665,0.0045776,-0.026703,2.5033,0.0042725,0
-0.019379,0.0033569,-0.014038,2.2757,0.0021362,0
-0.028534,0.0036621,0.0012207,2.5033,0.00091553,0
-0.033264,0.0050354,0.014954,2.7309,0.0033569,0
-0.032196,0.004425,0.024109,2.5033,0.0079346,0
-0.029449,0.0039673,0.025482,2.7309,0.013123,0
-0.025024,0.0035095,0.023041,2.5033,0.016785,0
-0.018005,0.0041199,0.019073,2.2757,0.021362,0
-0.0097656,0.0076294,0.01297,3.4135,0.02655,0
-0.0036621,0.010071,0.0076294,2.5033,0.032959,0
-0.00091553,0.0083923,0.0022888,2.0482,0.036316,0
0.00061035,0.0048828,-0.0059509,2.2757,0.034485,0
0.00030518,0.0035095,-0.011292,1.8206,0.031433,0
0.00076294,0.0028992,-0.0082397,2.0482,0.032654,0
0.0030518,0.0039673,-0.0010681,2.2757,0.041504,0
0.0039673,0.005188,0.0032043,2.2757,0.050964,0
0.0059509,0.0067139,-0.0019836,2.0482,0.058594,0
0.0050354,0.010223,-0.011139,1.8206,0.059509,0
0.0032043,0.010681,-0.013275,2.5033,0.059509,0
0.0010681,0.010071,-0.010986,2.2757,0.060425,0
-0.00030518,0.0088501,-0.011444,2.0482,0.061951,0
0.0035095,0.0056458,-0.016937,1.8206,0.066833,0
0.0083923,0.0042725,-0.020447,1.8206,0.069275,0
0.018921,0.0048828,-0.020447,2.0482,0.06958,0
0.034332,0.0050354,-0.02182,1.3655,0.065002,0
0.041046,0.0039673,-0.020905,1.8206,0.059204,0
0.041656,0.0045776,-0.013275,2.0482,0.054626,0
0.034943,0.0036621,-0.0035095,2.5033,0.054626,0
0.024872,0.002594,0.00015259,2.5033,0.057678,0
0.018921,0.002594,0.0019836,2.5033,0.062256,0
0.014191,0.0033569,0.0068665,2.0482,0.066223,0
0.0082397,0.0013733,0.0080872,2.9584,0.068359,0
0.0050354,0.0013733,0.0093079,2.7309,0.065002,0
0.0041199,0.0024414,0.013275,2.2757,0.06134,0
0.00015259,0.0028992,0.016174,2.2757,0.055237,0
-0.011139,0.0032043,0.019531,2.7309,0.049133,0
-0.018158,0.0028992,0.022888,2.7309,0.045776,0
-0.015717,0.00015259,0.023041,2.2757,0.043335,0
-0.011139,-0.0012207,0.023041,2.5033,0.039978,0
-0.00045776,-0.0010681,0.023499,2.9584,0.037842,0
0.0080872,0.00076294,0.023804,2.5033,0.037231,0
0.0083923,0.0050354,0.023346,3.186,0.039368,0
0.0030518,0.0080872,0.02533,2.5033,0.040588,0
-0.0048828,0.0068665,0.032349,3.186,0.038452,0
-0.014496,0.0035095,0.037537,3.186,0.03418,0
-0.022888,0.002594,0.039062,2.9584,0.030823,0
-0.024261,0.0033569,0.034485,2.9584,0.032043,0
-0.018005,0.00045776,0.024109,2.5033,0.035706,0
-0.013885,-0.0010681,0.010834,2.7309,0.041504,0
-0.01297,-0.0010681,0.0010681,2.5033,0.044861,0
-0.014038,0.00045776,-0.0038147,2.5033,0.049133,0
-0.014954,0.0024414,-0.0048828,2.7309,0.05188,0
-0.017853,0.0015259,-0.0033569,2.0482,0.055237,0
-0.022278,-0.00091553,0.00045776,1.8206,0.057373,0
-0.02182,-0.00076294,0.00045776,2.0482,0.056763,0
-0.015411,0.00091553,-0.0048828,2.5033,0.054321,0
-0.0022888,0.0027466,-0.014496,2.5033,0.05188,0
0.0083923,0.0030518,-0.020752,1.1379,0.049133,0
0.016937,0.0028992,-0.02182,1.5931,0.047913,0
0.022278,0.0035095,-0.016479,1.8206,0.048218,0
0.020752,0.0024414,-0.013885,1.8206,0.049133,0
0.014191,0.0027466,-0.012054,1.8206,0.050354,0
0.01297,0.0064087,-0.0093079,2.7309,0.047607,0
0.016327,0.0093079,-0.0035095,3.186,0.044556,0
0.017395,0.0045776,0.0042725,2.0482,0.042419,0
0.019379,0.00015259,0.0056458,2.2757,0.04364,0
0.025024,-0.0012207,-0.0012207,1.8206,0.047913,0
0.02533,-0.0012207,-0.0071716,2.2757,0.053711,0
0.018005,-0.0038147,-0.0085449,2.5033,0.058594,0
0.0091553,-0.0067139,-0.011749,1.8206,0.059204,0
0.002594,-0.009613,-0.015259,2.7309,0.054016,0
0.0038147,-0.01358,-0.010986,2.0482,0.045776,0
0.0048828,-0.015106,0.0012207,2.7309,0.037537,0
0.00030518,-0.013885,0.0097656,2.2757,0.031738,0
-0.0035095,-0.011902,0.012665,2.7309,0.02533,0
-0.0022888,-0.013123,0.0177,2.0482,0.018921,0
0.0015259,-0.015411,0.020599,2.0482,0.010376,0
0.0064087,-0.014343,0.02182,2.2757,0.0039673,0
0.0074768,-0.011139,0.025482,2.0482,-0.0036621,0
0.0094604,-0.010376,0.027466,2.7309,-0.011292,0
0.011139,-0.0085449,0.024872,2.2757,-0.021057,0
0.0061035,-0.0062561,0.019531,2.0482,-0.030212,0
-0.0013733,-0.0056458,0.014954,2.0482,-0.035706,0
-0.0057983,-0.0067139,0.011292,2.2757,-0.037842,0
-0.0071716,-0.0071716,0.0067139,2.7309,-0.038757,0
-0.002594,-0.005188,-0.00015259,2.2757,-0.037231,0
-0.0016785,-0.0065613,-0.0074768,2.0482,-0.035706,0
-0.005188,-0.010071,-0.012817,1.8206,-0.033569,0
-0.0099182,-0.010376,-0.017395,2.9584,-0.033569,0
-0.016022,-0.010986,-0.020905,2.2757,-0.033569,0
-0.023346,-0.011597,-0.026398,2.2757,-0.036621,0
-0.023956,-0.0088501,-0.032196,2.7309,-0.042419,0
-0.021667,-0.0086975,-0.033264,2.0482,-0.048828,0
-0.019073,-0.010681,-0.035248,2.2757,-0.052795,0
-0.014191,-0.010529,-0.038605,2.0482,-0.055237,0
-0.010834,-0.011749,-0.048523,2.9584,-0.056152,0
-0.010071,-0.014191,-0.060883,2.9584,-0.057373,0
-0.0091553,-0.014191,-0.064087,2.2757,-0.06012,0
-0.0080872,-0.013885,-0.055084,2.2757,-0.059509,0
-0.010376,-0.012665,-0.037842,3.4135,-0.05127,0
-0.013428,-0.0085449,-0.020599,2.5033,-0.038147,0
-0.010986,-0.0059509,-0.012512,2.7309,-0.020447,0
-0.0085449,-0.0065613,-0.012512,2.5033,-0.0027466,0
-0.0054932,-0.0097656,-0.018768,2.9584,0.011902,0
0.0015259,-0.010986,-0.02533,2.7309,0.022583,0
0.0053406,-0.007019,-0.025177,2.5033,0.025635,0
0.0064087,-0.0045776,-0.022736,2.5033,0.023193,0
0.0065613,-0.0036621,-0.02182,3.186,0.020752,0
0.0068665,-0.0039673,-0.016632,2.5033,0.018921,0
0.007019,-0.0045776,-0.0071716,2.7309,0.019836,0
0.0065613,-0.005188,0.00091553,2.2757,0.020752,0
0.0054932,-0.0032043,0.0050354,2.0482,0.021362,0
0.0082397,-0.00091553,0.007782,2.7309,0.022583,0
0.017548,-0.0019836,0.011749,2.0482,0.027771,0
0.02533,-0.0035095,0.012817,2.5033,0.032959,0
0.027924,-0.0035095,0.0079346,2.9584,0.037537,0
0.034943,-0.0019836,0.0064087,2.7309,0.041809,0
0.039673,-0.0016785,0.0038147,3.4135,0.040588,0
0.036926,-0.00045776,-0.0048828,3.4135,0.038452,0
0.029602,0.0019836,-0.0076294,2.5033,0.036621,0
0.018311,0.0013733,0.0032043,2.5033,0.033569,0
0.0076294,-0.0019836,0.017395,2.5033,0.031128,0
0.00045776,-0.0048828,0.02594,2.7309,0.028992,0
-0.0036621,-0.0032043,0.025482,2.5033,0.02655,0
-0.0019836,0,0.023346,2.7309,0.025635,0
0.0041199,0,0.02533,2.9584,0.028076,0
0.0068665,-0.00045776,0.029602,2.2757,0.030212,0
0.00045776,0.00015259,0.035095,1.8206,0.032043,0
-0.0080872,0.0010681,0.037689,2.5033,0.031433,0
-0.01297,0.0035095,0.042419,2.2757,0.027466,0
-0.019073,0.0042725,0.049896,2.2757,0.019836,0
-0.025787,0.0021362,0.05249,1.8206,0.010986,0
-0.027771,-0.00015259,0.050201,2.0482,0.0039673,0
-0.028687,-0.00015259,0.049286,1.5931,-0.00091553,0
-0.02594,-0.0013733,0.048981,2.0482,-0.0015259,0
-0.024719,-0.0021362,0.043488,2.5033,0.0012207,0
-0.021667,-0.004425,0.037537,2.5033,0.0061035,0
-0.018005,-0.0065613,0.033264,2.0482,0.010071,0
-0.013428,-0.0088501,0.028687,2.5033,0.011597,0
-0.013733,-0.0090027,0.025482,2.5033,0.012817,0
-0.017548,-0.0053406,0.021515,1.8206,0.012817,0
-0.023499,-0.005188,0.014191,2.0482,0.013733,0
-0.029144,-0.0074768,0.011444,2.0482,0.015869,0
-0.025024,-0.002594,0.015869,2.0482,0.016479,0
-0.016174,0.0039673,0.019836,2.2757,0.013123,0
-0.0073242,0.0059509,0.023956,2.7309,0.0085449,0
-0.0038147,0.0045776,0.03067,2.7309,0.0030518,0
-0.0041199,0.0030518,0.035553,2.7309,-0.0024414,0
-0.0010681,0.0028992,0.038605,2.7309,-0.0064087,0
0.0035095,0.0036621,0.041046,2.9584,-0.011902,0
0.0076294,0.0048828,0.046082,3.186,-0.016174,0
0.0088501,0.0056458,0.055389,2.9584,-0.020447,0
0.0091553,0.0047302,0.06485,2.2757,-0.021667,0
0.0039673,0.00076294,0.070801,1.8206,-0.020752,0
-0.0021362,-0.0038147,0.071106,2.0482,-0.018311,0
-0.004425,-0.0039673,0.068817,2.2757,-0.014648,0
-0.002594,-0.0032043,0.065613,2.7309,-0.011902,0
0.0028992,-0.0024414,0.063171,2.0482,-0.0057983,0
0.009613,0.00045776,0.062714,2.0482,0.0015259,0
0.014648,0.0019836,0.068665,2.2757,0.0091553,0
0.0099182,0.0018311,0.07782,2.0482,0.015869,0
0.0016785,0.0028992,0.08194,2.5033,0.018616,0
0.00091553,0.0028992,0.079193,2.7309,0.021057,0
0.005188,0.0028992,0.07431,2.7309,0.021667,0
0.013733,0.0028992,0.069885,2.2757,0.023193,0
0.027161,0.0028992,0.065002,2.0482,0.023499,0
0.036011,0.0032043,0.057831,2.5033,0.022278,0
0.030518,0.0030518,0.050507,2.9584,0.021667,0
0.0177,0.0038147,0.045776,2.7309,0.019836,0
0.0057983,0.0047302,0.049744,2.2757,0.019836,0
-0.0035095,0.0061035,0.055542,2.2757,0.021057,0
-0.0056458,0.007782,0.054932,1.8206,0.021973,0
-0.0032043,0.007782,0.050507,1.8206,0.020447,0
0.0028992,0.0088501,0.050201,2.7309,0.012817,0
0.0073242,0.0097656,0.050201,1.3655,0.0045776,0
0.0062561,0.0074768,0.047913,2.0482,-0.0027466,0
0.0061035,0.0030518,0.049133,1.3655,-0.007019,0
0.0038147,0.0028992,0.049438,1.8206,-0.0064087,0
0.002594,0.0018311,0.049591,2.5033,-0.0021362,0
0.0059509,-0.00091553,0.05188,2.0482,0.005188,0
0.0082397,-0.0010681,0.054932,2.2757,0.012512,0
0.016632,-0.00045776,0.055847,2.2757,0.020142,0
0.023956,-0.0022888,0.05249,1.8206,0.023499,0
0.020905,-0.0028992,0.045013,1.5931,0.022888,0
0.016174,-0.0024414,0.036011,2.2757,0.020447,0
0.014648,-0.0024414,0.025787,2.7309,0.017395,0
0.015411,0.00030518,0.015411,2.7309,0.015564,0
0.0083923,0.0010681,0.0083923,2.5033,0.014343,0
0.0010681,0.0013733,0.0073242,2.5033,0.013733,0
0.005188,0.0050354,0.01236,2.9584,0.012207,0
0.019531,0.0086975,0.017242,2.9584,0.011597,0
0.027924,0.012054,0.016785,2.7309,0.0091553,0
0.032043,0.011749,0.012817,2.5033,0.0073242,0
0.029602,0.010376,0.007782,2.7309,0.0073242,0
0.024567,0.0086975,0.0024414,2.7309,0.0091553,0
0.016632,0.0091553,-0.0018311,2.2757,0.0091553,0
0.0074768,0.0094604,-0.0033569,3.6411,0.0067139,0
0.0028992,0.007019,-0.0062561,3.186,0.005188,0
0.0021362,0.0056458,-0.011597,2.9584,0.0085449,0
0.0054932,0.0050354,-0.016479,3.186,0.013733,0
0.011292,0.00091553,-0.020142,2.7309,0.022278,0
0.012207,-0.0022888,-0.023651,1.8206,0.028381,0
0.011902,-0.0019836,-0.029755,2.5033,0.03479,0
0.017242,-0.0016785,-0.030823,2.5033,0.034485,0
0.019073,-0.0016785,-0.025024,2.9584,0.031128,0
0.015564,-0.00030518,-0.018311,2.9584,0.02655,0
0.011139,0.0013733,-0.015259,2.2757,0.020447,0
0.016174,0.00091553,-0.015106,2.5033,0.017395,0
0.016022,0.00061035,-0.014343,1.8206,0.015564,0
0.0057983,0.00061035,-0.011902,1.5931,0.012512,0
-0.0010681,-0.00015259,-0.0091553,2.2757,0.0085449,0
0.0010681,-0.0012207,-0.0062561,2.5033,0.0030518,0
-0.0032043,-0.00076294,-0.0010681,2.0482,-0.0024414,0
-0.010681,-0.00076294,0.0033569,2.0482,-0.0064087,0
-0.015717,-0.0028992,0.0093079,2.2757,-0.0076294,0
-0.018768,-0.0042725,0.016022,2.5033,-0.0057983,0
-0.020142,-0.0016785,0.019226,1.1379,-0.0033569,0
-0.022736,-0.0010681,0.018768,2.2757,-0.0021362,0
-0.025635,-0.0028992,0.017395,2.5033,-0.0036621,0
-0.023193,-0.0041199,0.016632,2.0482,-0.0064087,0
-0.019531,-0.0041199,0.011597,2.5033,-0.0079346,0
-0.020599,-0.0024414,0.0035095,2.2757,-0.0088501,0
-0.023041,0.00015259,-0.00091553,2.0482,-0.0073242,0
-0.023346,0.002594,-0.0018311,1.3655,-0.0067139,0
-0.018768,0.0022888,-0.0048828,2.0482,-0.007019,0
-0.0082397,0.00091553,-0.0048828,2.7309,-0.0076294,0
0.0016785,-0.00076294,-0.0027466,2.5033,-0.007019,0
0.0074768,-0.0024414,-0.0012207,1.5931,-0.0085449,0
0.011292,-0.0021362,0.00091553,2.0482,-0.0076294,0
0.010834,-0.0024414,0.00076294,2.5033,-0.0079346,0
0.007019,-0.0019836,-0.0045776,3.186,-0.0097656,0
0.00076294,0.00030518,-0.013885,2.7309,-0.011902,0
-0.0056458,0.0032043,-0.02533,2.7309,-0.012512,0
-0.0067139,0.0038147,-0.034637,2.5033,-0.013123,0
0.00045776,0.0010681,-0.0354,1.8206,-0.012817,0
0.014648,0.00091553,-0.026703,2.5033,-0.014954,0
0.02594,0.005188,-0.019073,2.2757,-0.017395,0
0.03006,0.0065613,-0.019226,1.5931,-0.016479,0
0.027008,0.004425,-0.022125,2.2757,-0.013733,0
0.018005,0.0013733,-0.023499,2.2757,-0.0076294,0
0.0061035,0,-0.022583,2.7309,-0.00091553,0
-0.0039673,0.00091553,-0.020905,2.7309,0.0027466,0
-0.011902,0.0036621,-0.019684,2.2757,0.0048828,0
-0.015717,0.0012207,-0.016937,2.5033,0.005188,0
-0.021667,-0.0018311,-0.014496,2.5033,0.0082397,0
-0.029449,-0.0032043,-0.015564,2.0482,0.013428,0
-0.036469,-0.0056458,-0.018921,2.5033,0.019531,0
-0.03891,-0.0071716,-0.022583,2.5033,0.025635,0
-0.033112,-0.0080872,-0.023804,2.5033,0.031128,0
-0.026093,-0.0065613,-0.024719,3.186,0.037537,0
-0.016937,-0.0047302,-0.024567,2.7309,0.041199,0
-0.010376,-0.0035095,-0.021973,2.0482,0.04303,0
-0.0082397,-0.0022888,-0.021515,2.7309,0.043945,0
-0.0062561,-0.0018311,-0.020752,2.7309,0.04364,0
-0.00030518,-0.0016785,-0.021515,2.2757,0.046387,0
0.0061035,-0.00045776,-0.027771,1.8206,0.052795,0
0.0073242,0.0022888,-0.032196,1.8206,0.062561,0
0.0028992,0.0018311,-0.033417,2.2757,0.072327,0
0.0013733,0.0018311,-0.034027,1.8206,0.080566,0
0.00076294,0.0021362,-0.031586,1.1379,0.085754,0
-0.0015259,0.00045776,-0.028839,2.0482,0.090027,0
-0.005188,-0.00015259,-0.03006,2.2757,0.093079,0
-0.0086975,-0.00030518,-0.031738,2.2757,0.095215,0
-0.0061035,-0.0018311,-0.03067,1.8206,0.098267,0
-0.0076294,-0.0024414,-0.028076,2.2757,0.10101,0
-0.013428,-0.0012207,-0.019226,1.8206,0.10681,0
-0.017853,-0.0024414,-0.0059509,2.2757,0.11536,0
-0.015564,-0.0013733,0.0012207,2.2757,0.1236,0
-0.0082397,0.00045776,-0.004425,2.2757,0.1297,0
-0.00045776,0,-0.014954,2.0482,0.13275,0
0.0057983,-0.002594,-0.020905,1.8206,0.13245,0
0.011292,-0.005188,-0.022278,1.8206,0.13519,0
0.015259,-0.007019,-0.02243,2.2757,0.14038,0
0.017548,-0.0097656,-0.02243,2.2757,0.14801,0
0.017395,-0.011292,-0.020142,2.5033,0.15503,0
0.014343,-0.0085449,-0.016327,1.8206,0.16083,0
0.010986,-0.0065613,-0.013123,2.7309,0.1651,0
0.010986,-0.0080872,-0.014038,2.5033,0.16815,0
0.016632,-0.0085449,-0.015717,2.7309,0.16663,0
0.023041,-0.0088501,-0.015259,2.7309,0.16205,0
0.022888,-0.0083923,-0.016785,2.5033,0.1532,0
0.017853,-0.0068665,-0.021973,1.8206,0.14587,0
0.013885,-0.0061035,-0.033112,2.2757,0.14099,0
0.011597,-0.0028992,-0.044708,2.5033,0.14038,0
0.0062561,0,-0.042725,2.5033,0.14343,0
-0.0010681,0.0010681,-0.028381,2.2757,0.14435,0
-0.0071716,0.0036621,-0.016479,2.5033,0.14313,0
-0.010986,0.0054932,-0.0082397,2.2757,0.13916,0
-0.0085449,0.0076294,0.0015259,1.5931,0.13214,0
-0.0059509,0.0071716,0.010834,2.5033,0.12665,0
-0.0053406,0.0053406,0.016174,2.2757,0.12238,0
0.0039673,0.0036621,0.012512,2.0482,0.11963,0
0.016479,0.0038147,0.002594,1.8206,0.1181,0
0.02533,0.0038147,-0.0064087,2.0482,0.11475,0
0.029449,0.0015259,-0.011139,1.5931,0.10986,0
0.021973,0.0016785,-0.014343,2.0482,0.1062,0
0.011749,0.0027466,-0.022888,1.5931,0.10162,0
0.011749,0.0028992,-0.032806,1.8206,0.097046,0
0.01358,0.0032043,-0.036774,2.2757,0.095825,0
0.0062561,0.0015259,-0.034637,2.5033,0.10101,0
-0.0012207,-0.00091553,-0.031281,1.8206,0.10986,0
-0.00076294,-0.00076294,-0.029755,1.8206,0.11932,0
0.0047302,0.00030518,-0.025177,2.2757,0.1239,0
0.004425,-0.00045776,-0.018616,2.2757,0.1236,0
0,-0.0038147,-0.013885,2.0482,0.11993,0
-0.0019836,-0.0059509,-0.010529,2.2757,0.1181,0
-0.0013733,-0.0038147,-0.0071716,2.0482,0.11566,0
0.00045776,0.00061035,-0.0021362,2.0482,0.11414,0
0.0015259,0.0010681,0.0045776,2.2757,0.11475,0
0.0018311,0.0012207,0.011902,1.8206,0.11841,0
0.00091553,0.0019836,0.018616,2.5033,0.12482,0
-0.0027466,0.0021362,0.023804,2.0482,0.13428,0
-0.009613,0.0033569,0.029755,2.2757,0.14465,0
-0.018158,0.0057983,0.038452,2.5033,0.1532,0
-0.021667,0.0082397,0.04715,2.7309,0.15656,0
-0.023956,0.0094604,0.049591,2.7309,0.15686,0
-0.023651,0.0076294,0.046997,2.5033,0.15442,0
-0.017853,0.0074768,0.04425,2.5033,0.15198,0
-0.011139,0.010376,0.045929,2.2757,0.15167,0
-0.0085449,0.011597,0.04715,2.5033,0.15289,0
-0.0053406,0.010223,0.043488,2.7309,0.15686,0
-0.0048828,0.0079346,0.038757,3.186,0.16205,0
-0.0064087,0.007019,0.036163,2.2757,0.16754,0
-0.0074768,0.0061035,0.031738,2.0482,0.17303,0
-0.0050354,0.0032043,0.024109,2.5033,0.17853,0
-0.0035095,0.0010681,0.018921,2.5033,0.18341,0
-0.0015259,0.00091553,0.016937,2.5033,0.1886,0
0.0061035,0.0013733,0.014343,2.5033,0.19226,0
0.014038,0.002594,0.007782,2.0482,0.19379,0
0.019531,0.0019836,0.0018311,2.0482,0.19165,0
0.018463,0.0027466,0.00061035,2.7309,0.18585,0
0.018463,0.0024414,0.0013733,2.9584,0.17944,0
0.0177,-0.00030518,0.0024414,2.5033,0.177,0
0.015564,-0.0012207,0.0068665,2.5033,0.17517,0
0.011749,-0.0032043,0.013123,2.5033,0.17517,0
0.0086975,-0.0056458,0.014801,2.2757,0.17426,0
0.0057983,-0.0056458,0.0082397,2.5033,0.17456,0
0.0059509,-0.0045776,0.0018311,2.7309,0.17426,0
0.0093079,-0.0035095,-0.0018311,2.0482,0.17303,0
0.011292,-0.0016785,-0.010376,2.5033,0.17151,0
0.014038,-0.0016785,-0.020142,2.2757,0.16693,0
0.012207,-0.0027466,-0.023193,2.2757,0.16296,0
0.0061035,-0.0035095,-0.019073,2.2757,0.159,0
-0.0010681,-0.004425,-0.018005,2.2757,0.15503,0
-0.010071,-0.0057983,-0.02182,1.5931,0.14984,0
-0.019379,-0.0059509,-0.022736,2.7309,0.14496,0
-0.030518,-0.0042725,-0.021057,2.2757,0.14099,0
-0.037231,-0.0048828,-0.020447,2.5033,0.13733,0
-0.035553,-0.005188,-0.02121,2.2757,0.12909,0
-0.023956,-0.0032043,-0.024414,3.186,0.11444,0
-0.014343,-0.00091553,-0.032196,2.2757,0.098572,0
-0.011139,-0.0021362,-0.037537,2.0482,0.08606,0
-0.01297,-0.0036621,-0.033112,2.7309,0.077209,0
-0.011902,-0.0039673,-0.026245,2.2757,0.072021,0
-0.012054,-0.0033569,-0.018921,2.5033,0.067444,0
-0.011139,-0.00076294,-0.0071716,3.4135,0.063171,0
-0.010529,0,0.0086975,2.5033,0.055847,0
-0.014343,-0.0022888,0.024567,2.9584,0.048523,0
-0.016937,-0.00061035,0.039368,3.186,0.038757,0
-0.019226,0.0015259,0.045929,3.186,0.030823,0
-0.022583,0.00030518,0.040436,2.9584,0.025635,0
-0.025787,-0.00061035,0.029297,2.9584,0.020142,0
-0.021973,0.00091553,0.017242,2.9584,0.015869,0
-0.018921,0.00091553,0.0068665,2.2757,0.010376,0
-0.018005,-0.00015259,0.00030518,2.9584,0.0030518,0
-0.013733,-0.00030518,0.0012207,2.2757,-0.0024414,0
-0.0082397,-0.0019836,0.0073242,2.9584,-0.007019,0
-0.0035095,-0.0038147,0.012817,2.9584,-0.0091553,0
-0.0021362,-0.0033569,0.01709,2.2757,-0.012817,0
-0.0013733,-0.0013733,0.021057,2.2757,-0.013428,0
0.00061035,0.00091553,0.023193,2.7309,-0.01709,0
0.00030518,0.0041199,0.02243,2.5033,-0.019836,0
-0.0015259,0.007019,0.017395,2.7309,-0.026855,0
0.0013733,0.0064087,0.01297,2.7309,-0.035095,0
0.0061035,0.002594,0.01358,1.8206,-0.044861,0
0.0083923,-0.0027466,0.010681,1.5931,-0.050964,0
0.0080872,-0.0082397,0.0012207,1.5931,-0.054321,0
0.0056458,-0.010681,-0.0082397,2.0482,-0.058289,0
0.0032043,-0.010223,-0.014801,2.7309,-0.060425,0
0.0032043,-0.0045776,-0.02182,2.2757,-0.063477,0
0.0067139,0.0019836,-0.022888,2.9584,-0.064697,0
0.012817,0.004425,-0.011292,2.7309,-0.065002,0
0.015717,0.0035095,-0.00076294,2.2757,-0.063171,0
0.016479,0.0041199,-0.0033569,2.0482,-0.062256,0
0.018005,0.005188,-0.014038,2.2757,-0.061646,0
0.024109,0.0039673,-0.021515,2.2757,-0.061646,0
0.030518,0,-0.021515,2.5033,-0.06073,0
0.030212,-0.0024414,-0.018921,2.5033,-0.06012,0
0.023956,-0.0041199,-0.02121,2.5033,-0.057068,0
0.017548,-0.0073242,-0.026398,2.2757,-0.054321,0
0.017242,-0.0076294,-0.025482,2.9584,-0.052185,0
0.018616,-0.0053406,-0.022583,2.7309,-0.05188,0
0.016327,-0.0042725,-0.023804,2.7309,-0.05127,0
0.014801,-0.005188,-0.023499,2.7309,-0.049133,0
0.014496,-0.0059509,-0.014038,2.7309,-0.045776,0
0.012817,-0.0068665,0,2.7309,-0.040283,0
0.0090027,-0.0085449,0.010529,2.5033,-0.03418,0
0.0018311,-0.0094604,0.019836,2.7309,-0.028076,0
-0.0080872,-0.010223,0.026245,2.5033,-0.022278,0
-0.012207,-0.0071716,0.027161,2.9584,-0.018921,0
-0.0074768,-0.002594,0.025024,2.7309,-0.01709,0
0.002594,-0.0012207,0.023956,2.5033,-0.017395,0
0.014343,-0.0035095,0.020447,2.5033,-0.020142,0
0.028229,-0.002594,0.01236,2.9584,-0.021973,0
0.035858,-0.00015259,0.010681,2.9584,-0.023193,0
0.029602,-0.00076294,0.018311,2.0482,-0.019531,0
0.014496,-0.0035095,0.027771,2.0482,-0.013733,0
0.0010681,-0.0027466,0.037994,2.7309,-0.0076294,0
-0.013733,-0.00015259,0.045929,2.5033,-0.0033569,0
-0.026093,0.00045776,0.05188,2.7309,-0.0021362,0
-0.024719,0,0.053406,2.9584,-0.0018311,0
-0.014801,-0.0018311,0.049896,2.5033,-0.0030518,0
-0.0054932,-0.0035095,0.046692,2.0482,-0.0024414,0
0.0039673,-0.0041199,0.04837,1.8206,-0.00030518,0
0.0082397,-0.0056458,0.045929,1.8206,0.0015259,0
0,-0.0064087,0.033722,2.0482,0.0033569,0
-0.011139,-0.004425,0.023804,2.2757,0.0073242,0
-0.015259,-0.0032043,0.026245,2.5033,0.0073242,0
-0.018158,-0.0024414,0.031738,2.9584,0.0082397,0
-0.022278,0.00015259,0.031433,2.2757,0.011292,0
-0.017853,0.0019836,0.02594,1.5931,0.013428,0
-0.0071716,0.0013733,0.021515,2.2757,0.016174,0
-0.0035095,0.0015259,0.023193,1.3655,0.019531,0
-0.00030518,0.0028992,0.029144,1.8206,0.022278,0
0.0080872,0.0024414,0.035706,2.2757,0.026855,0
0.01297,0.0019836,0.039825,1.5931,0.031128,0
0.011597,-0.0012207,0.040436,2.7309,0.03418,0
0.011139,-0.0083923,0.035858,2.7309,0.035095,0
0.014191,-0.012054,0.027924,2.7309,0.0354,0
0.014954,-0.010529,0.027008,2.2757,0.03418,0
0.013123,-0.0035095,0.038757,1.8206,0.030823,0
0.016022,0.0067139,0.054779,2.2757,0.028076,0
0.018158,0.012207,0.069122,2.5033,0.024414,0
0.015106,0.014191,0.075989,2.5033,0.022888,0
0.0083923,0.01297,0.071259,3.186,0.022278,0
-0.0016785,0.010986,0.056152,2.5033,0.018616,0
-0.010681,0.0068665,0.040894,2.7309,0.016479,0
-0.018158,0.0062561,0.036011,2.7309,0.014038,0
-0.023041,0.0074768,0.038605,3.186,0.011597,0
-0.020752,0.0088501,0.043488,3.186,0.0085449,0
-0.015717,0.0093079,0.039978,3.4135,0.0057983,0
-0.017548,0.0067139,0.02655,2.7309,0.0036621,0
-0.019531,0.0016785,0.011597,2.5033,0.0027466,0
-0.019989,-0.0013733,-0.0033569,2.7309,0.0018311,0
-0.018921,-0.0016785,-0.019379,3.186,0.0015259,0
-0.0177,-0.0022888,-0.034332,2.5033,0.0021362,0
-0.020447,-0.004425,-0.044861,2.2757,0.00091553,0
-0.020752,-0.0059509,-0.054016,2.5033,0.0036621,0
-0.020294,-0.007019,-0.059357,3.186,0.0073242,0
-0.017853,-0.007019,-0.054474,2.5033,0.011902,0
-0.017395,-0.0030518,-0.04715,1.8206,0.018311,0
-0.021515,0.00076294,-0.044556,2.9584,0.02655,0
-0.025787,0.00061035,-0.043488,2.5033,0.03418,0
-0.025482,0,-0.030212,2.7309,0.040894,0
-0.022736,0.0036621,-0.0083923,2.7309,0.047607,0
-0.018005,0.0076294,0.0035095,2.7309,0.054932,0
-0.014648,0.011292,0.0057983,2.7309,0.062561,0
-0.013123,0.012054,0.007782,2.5033,0.06958,0
-0.0050354,0.0099182,0.016022,3.186,0.077209,0
0.0054932,0.01236,0.033722,2.5033,0.084534,0
0.01709,0.016022,0.055237,2.5033,0.090637,0
0.027924,0.013275,0.065155,2.0482,0.097656,0
0.040436,0.0068665,0.059204,3.186,0.10223,0
0.04776,0.0054932,0.050049,2.5033,0.10529,0
0.050354,0.010529,0.044403,2.7309,0.10864,0
0.046844,0.017853,0.039825,2.7309,0.11078,0
0.039062,0.020752,0.034332,2.5033,0.11078,0
0.033569,0.022888,0.028687,2.9584,0.10895,0
0.028839,0.024567,0.02182,2.9584,0.10498,0
0.023041,0.021667,0.0091553,2.5033,0.099792,0
0.018311,0.012665,-0.0045776,2.2757,0.091248,0
0.015564,0.0039673,-0.011749,2.2757,0.083313,0
0.010681,-0.0021362,-0.019226,3.4135,0.075073,0
0.0010681,-0.0056458,-0.028839,2.9584,0.066528,0
-0.0054932,-0.005188,-0.023804,2.7309,0.056763,0
-0.0062561,-0.0027466,-0.0085449,2.7309,0.047607,0
-0.0099182,-0.0039673,-0.0010681,2.7309,0.036621,0
-0.015717,-0.009613,-0.0030518,2.9584,0.025635,0
-0.025787,-0.016022,-0.004425,3.6411,0.013123,0
-0.034943,-0.018158,-0.005188,3.186,-0.00061035,0
-0.038757,-0.013885,-0.0085449,3.186,-0.01709,0
-0.034485,-0.009613,-0.015869,3.186,-0.037231,0
-0.028076,-0.007019,-0.02533,2.2757,-0.058594,0
-0.022736,-0.0067139,-0.028992,2.2757,-0.079041,0
-0.022278,-0.0054932,-0.020599,2.2757,-0.098572,0
-0.023499,-0.0036621,-0.013275,2.2757,-0.11627,0
-0.02594,-0.0021362,-0.014038,2.7309,-0.13336,0
-0.027008,-0.00076294,-0.017853,2.2757,-0.14496,0
-0.024719,0.00076294,-0.02182,2.5033,-0.15564,0
-0.020599,0.004425,-0.024261,2.0482,-0.16479,0
-0.015717,0.011749,-0.024109,2.7309,-0.17456,0
-0.010681,0.018616,-0.02594,3.4135,-0.18158,0
-0.0082397,0.019379,-0.030823,2.5033,-0.18738,0
-0.005188,0.015564,-0.034637,2.7309,-0.18982,0
-0.0035095,0.010223,-0.034637,2.2757,-0.18921,0
-0.0079346,0.0083923,-0.032349,2.5033,-0.18616,0
-0.011597,0.0093079,-0.032806,2.5033,-0.18158,0
-0.0062561,0.0083923,-0.032806,2.0482,-0.17883,0
0.0047302,0.0071716,-0.027161,2.2757,-0.17578,0
0.020599,0.0033569,-0.024414,2.0482,-0.17487,0
0.034485,-0.0021362,-0.027618,1.8206,-0.17242,0
0.037384,-0.0047302,-0.020752,2.2757,-0.17059,0
0.033875,-0.0067139,-0.0042725,2.7309,-0.16663,0
0.032806,-0.0074768,0.0094604,3.186,-0.16449,0
0.033569,-0.0042725,0.018311,2.5033,-0.1651,0
0.029755,-0.004425,0.025177,2.5033,-0.17212,0
0.027161,-0.007782,0.033569,2.7309,-0.18158,0
0.02243,-0.0086975,0.039062,2.7309,-0.18921,0
0.015411,-0.0091553,0.038605,2.2757,-0.19409,0
0.0085449,-0.0082397,0.030365,3.186,-0.19409,0
-0.0028992,-0.0067139,0.013275,2.9584,-0.19348,0
-0.010223,-0.0059509,-0.004425,3.4135,-0.19318,0
-0.0083923,-0.0030518,-0.01297,3.186,-0.19165,0
-0.00076294,-0.00091553,-0.014191,3.6411,-0.18433,0
0.0073242,-0.0013733,-0.018463,3.186,-0.17395,0
0.013123,-0.0018311,-0.028381,2.5033,-0.15869,0
0.017395,-0.0035095,-0.038605,3.4135,-0.14191,0
0.021515,-0.0050354,-0.040741,2.9584,-0.12604,0
0.021973,-0.0030518,-0.03006,3.4135,-0.10864,0
0.016632,-0.0012207,-0.021973,2.9584,-0.091248,0
0.0086975,-0.0035095,-0.025787,3.186,-0.073547,0
0.0050354,-0.0090027,-0.037994,3.4135,-0.052795,0
0.0093079,-0.014343,-0.050201,2.5033,-0.031433,0
0.016785,-0.017548,-0.055847,3.186,-0.0057983,0
0.018158,-0.018005,-0.05127,2.7309,0.021057,0
0.027618,-0.01709,-0.040131,2.9584,0.050049,0
0.032959,-0.019989,-0.037994,3.4135,0.082397,0
0.024719,-0.022278,-0.042267,3.186,0.11566,0
0.011902,-0.022888,-0.0383,2.5033,0.15045,0
0.0032043,-0.026398,-0.032349,2.2757,0.18341,0
0.00015259,-0.030823,-0.035706,2.9584,0.21851,0
-0.0033569,-0.032196,-0.048981,2.7309,0.25665,0
-0.0074768,-0.031281,-0.068512,2.5033,0.29846,0
-0.0099182,-0.031586,-0.079498,2.5033,0.34119,0
-0.0073242,-0.032959,-0.077972,2.7309,0.38544,0
-0.0033569,-0.03479,-0.074463,2.9584,0.42938,0
-0.00091553,-0.037384,-0.077667,2.7309,0.46844,0
-0.0019836,-0.036163,-0.090027,2.9584,0.49713,0
-0.0053406,-0.030365,-0.1123,2.2757,0.51514,0
-0.011444,-0.023651,-0.1416,1.8206,0.5246,0
-0.012054,-0.017548,-0.17471,2.5033,0.52795,0
-0.0054932,-0.010681,-0.20966,3.186,0.52856,0
0.002594,-0.0041199,-0.24445,2.7309,0.52582,0
0.0061035,0.0019836,-0.27313,3.6411,0.52643,0
0.0053406,0.0071716,-0.29587,2.7309,0.52643,0
0.0045776,0.010376,-0.32227,2.5033,0.52582,0
0.0041199,0.014954,-0.34439,2.9584,0.52307,0
0.0054932,0.020905,-0.34744,2.9584,0.51697,0
0.014801,0.027008,-0.33371,3.186,0.51117,0
0.021057,0.028534,-0.32379,2.5033,0.50385,0
0.018158,0.027466,-0.32654,2.9584,0.49683,0
0.013733,0.025787,-0.33188,2.9584,0.48859,0
0.010834,0.02594,-0.33447,2.7309,0.47546,0
0.0080872,0.028992,-0.33676,3.186,0.45715,0
0.0082397,0.028534,-0.34073,2.7309,0.43427,0
0.0088501,0.023041,-0.35065,2.5033,0.40619,0
0.007782,0.017242,-0.37079,2.7309,0.37506,0
0.0028992,0.011444,-0.39978,3.186,0.34058,0
-0.0073242,0.010223,-0.43304,2.2757,0.30182,0
-0.014954,0.011749,-0.45837,2.7309,0.26123,0
-0.015717,0.013428,-0.47501,2.7309,0.22217,0
-0.014038,0.014954,-0.48584,2.7309,0.18433,0
-0.013275,0.015717,-0.4924,2.5033,0.14557,0
-0.019379,0.017853,-0.49896,2.9584,0.10193,0
-0.026245,0.016785,-0.50339,2.9584,0.052185,0
-0.01709,0.010681,-0.49988,2.7309,-0.0015259,0
-0.0022888,0.0059509,-0.49347,2.7309,-0.056152,0
0.0073242,0.0035095,-0.48691,3.186,-0.10773,0
0.012207,0.0038147,-0.48279,2.2757,-0.15259,0
0.012665,0.0027466,-0.48386,2.5033,-0.18982,0
0.0036621,-0.0010681,-0.49149,2.2757,-0.224,0
-0.010376,-0.0039673,-0.49667,2.7309,-0.25604,0
-0.027618,-0.0082397,-0.47592,2.5033,-0.28717,0
-0.046082,-0.013275,-0.42038,2.5033,-0.31525,0
-0.061035,-0.016632,-0.345,2.0482,-0.33813,0
-0.057983,-0.018616,-0.26581,2.2757,-0.35645,0
-0.046692,-0.018768,-0.18524,2.5033,-0.37262,0
-0.039978,-0.018158,-0.096588,2.0482,-0.38422,0
-0.038757,-0.016937,-0.00091553,2.2757,-0.39276,0
-0.03952,-0.016327,0.10422,2.7309,-0.39978,0
-0.034485,-0.014801,0.21927,1.5931,-0.40558,0
-0.028381,-0.011597,0.327,1.8206,-0.41046,0
-0.027161,-0.0079346,0.42191,2.0482,-0.41687,0
-0.024719,-0.0065613,0.50873,2.5033,-0.42023,0
-0.017853,-0.0074768,0.58624,1.8206,-0.4187,0
-0.0097656,-0.0062561,0.65918,2.7309,-0.41229,0
-0.0033569,-0.0054932,0.72296,2.5033,-0.40314,0
0.007019,-0.0067139,0.7756,2.2757,-0.39246,0
0.019531,-0.0073242,0.82855,2.0482,-0.38147,0
0.021057,-0.0045776,0.89111,2.5033,-0.36865,0
0.017548,-0.0030518,0.96176,2.5033,-0.35461,0
0.018463,-0.0042725,1.0277,2.7309,-0.33752,0
0.024872,-0.0054932,1.0753,2.5033,-0.3183,0
0.027618,-0.0032043,1.1041,2.5033,-0.29449,0
0.025635,0.00091553,1.1325,2.5033,-0.26917,0
0.024414,0.005188,1.1646,2.5033,-0.24384,0
0.018768,0.007782,1.1932,2.5033,-0.21973,0
0.016632,0.0082397,1.212,2.0482,-0.1944,0
0.016479,0.0073242,1.2198,2.9584,-0.17059,0
0.014801,0.0047302,1.2292,2.7309,-0.14496,0
0.011749,0.0024414,1.2369,2.2757,-0.1181,0
0.0099182,0.0019836,1.2277,2.2757,-0.088806,0
0.017395,-0.00030518,1.2036,2.5033,-0.057678,0
0.030365,-0.004425,1.1818,2.2757,-0.026245,0
0.036774,-0.0080872,1.1676,3.186,0.0045776,0
0.031738,-0.0076294,1.1534,3.186,0.036316,0
0.021057,-0.0035095,1.1296,2.7309,0.064697,0
0.012817,-0.00045776,1.0945,2.5033,0.091858,0
0.012512,0.00061035,1.0542,2.2757,0.1181,0
0.016174,0.00061035,1.0127,2.5033,0.1416,0
0.023804,0,0.96802,2.2757,0.16541,0
0.026245,-0.00030518,0.91599,2.2757,0.18707,0
0.021362,0.0018311,0.85754,2.5033,0.20538,0
0.016632,0.0062561,0.80261,2.0482,0.21912,0
0.018616,0.010071,0.75043,2.9584,0.22766,0
0.023193,0.010376,0.68954,2.7309,0.23132,0
0.021973,0.0053406,0.62103,2.7309,0.23376,0
0.018921,0.0030518,0.55252,1.8206,0.23834,0
0.02243,0.0054932,0.48523,2.2757,0.24536,0
0.0383,0.0088501,0.41611,1.8206,0.25513,0
0.053711,0.0099182,0.34775,2.5033,0.26123,0
0.052338,0.0056458,0.28244,2.7309,0.26398,0
0.039215,0.0019836,0.2182,2.0482,0.26428,0
0.021515,0.00015259,0.15503,2.5033,0.26215,0
0.0054932,-0.0012207,0.090942,2.0482,0.26245,0
-0.005188,-0.00091553,0.027313,1.5931,0.26367,0
-0.016174,0.00015259,-0.029144,2.2757,0.26459,0
-0.031738,-0.00061035,-0.080109,2.0482,0.26306,0
-0.04776,-0.004425,-0.13382,2.9584,0.26031,0
-0.053711,-0.0086975,-0.20126,2.5033,0.25513,0
-0.047913,-0.009613,-0.27008,2.7309,0.24933,0
-0.034027,-0.0022888,-0.30655,2.9584,0.24475,0
-0.020447,0.0090027,-0.3096,3.4135,0.24017,0
-0.015106,0.014038,-0.31937,2.7309,0.23743,0
-0.016327,0.011139,-0.35507,2.9584,0.23468,0
-0.014496,0.0080872,-0.39246,2.9584,0.2301,0
-0.0080872,0.0061035,-0.41687,2.2757,0.22339,0
0,0.0047302,-0.43823,2.2757,0.21637,0
-0.00061035,0.0042725,-0.46341,2.2757,0.21027,0
-0.0057983,0.0059509,-0.48813,2.7309,0.20569,0
-0.010834,0.0061035,-0.51285,3.186,0.20294,0
-0.0086975,-0.00030518,-0.53925,2.9584,0.20233,0
-0.00091553,-0.010071,-0.56473,2.7309,0.20264,0
0.0045776,-0.013428,-0.58594,2.9584,0.2002,0
0.002594,-0.012207,-0.60623,2.7309,0.19684,0
0.00091553,-0.0090027,-0.62103,2.7309,0.19348,0
0.00076294,-0.0045776,-0.62103,2.5033,0.19226,0
0.0030518,-0.0019836,-0.60913,1.8206,0.19012,0
0.0080872,-0.0018311,-0.5899,2.0482,0.18799,0
0.01358,0.00030518,-0.56656,2.0482,0.19043,0
0.015106,0.0042725,-0.54337,2.0482,0.1944,0
0.011597,0.0039673,-0.5249,1.8206,0.19928,0
0.0083923,0.00091553,-0.51178,2.7309,0.20447,0
0.0054932,0.0012207,-0.50018,2.2757,0.20721,0
0.0033569,0.0033569,-0.48935,2.0482,0.20721,0
0.0021362,0.00015259,-0.47684,2.2757,0.20721,0
0.007019,-0.0061035,-0.46249,2.5033,0.20599,0
0.013428,-0.009613,-0.44968,2.0482,0.20752,0
0.018463,-0.007019,-0.43579,2.0482,0.20813,0
0.020752,-0.0039673,-0.42343,1.5931,0.20569,0
0.021515,-0.004425,-0.41626,2.0482,0.19836,0
0.020447,-0.0036621,-0.41489,2.5033,0.18707,0
0.020752,0.00015259,-0.41306,2.5033,0.17334,0
0.019989,0.0035095,-0.40039,2.7309,0.159,0
0.019226,0.0059509,-0.38193,2.2757,0.14618,0
0.016479,0.0080872,-0.36667,2.2757,0.13367,0
0.012207,0.007782,-0.35477,2.7309,0.11932,0
0.010071,0.0045776,-0.33936,2.7309,0.10468,0
0.011902,0.0033569,-0.32547,3.186,0.090027,0
0.0097656,0.0033569,-0.3186,2.5033,0.079041,0
0.0061035,0.0016785,-0.31784,2.9584,0.068359,0
0.0086975,-0.0013733,-0.31769,2.0482,0.059509,0
0.01358,-0.0015259,-0.3096,3.186,0.050354,0
0.016022,0.0024414,-0.29404,2.2757,0.045166,0
0.016632,0.0054932,-0.27222,2.5033,0.040894,0
0.018921,0.0056458,-0.25299,2.9584,0.042114,0
0.027618,0.0032043,-0.23849,2.0482,0.043335,0
0.03006,0.00045776,-0.22751,2.7309,0.045776,0
0.021362,-0.0019836,-0.21866,2.2757,0.047607,0
0.0086975,-0.0028992,-0.21194,3.186,0.048523,0
-0.0032043,-0.0016785,-0.20172,2.2757,0.048828,0
-0.012817,-0.00076294,-0.18951,2.5033,0.048218,0
-0.019531,-0.0028992,-0.17883,2.2757,0.045471,0
-0.023651,-0.004425,-0.17197,2.5033,0.04303,0
-0.031128,-0.0038147,-0.16296,2.2757,0.037537,0
-0.03479,-0.0019836,-0.15732,2.7309,0.03418,0
-0.031738,-0.0036621,-0.16083,2.9584,0.031128,0
-0.028992,-0.0099182,-0.16922,2.9584,0.029297,0
-0.026398,-0.016479,-0.17517,2.2757,0.029602,0
-0.02655,-0.014648,-0.17029,2.7309,0.031128,0
-0.028381,-0.004425,-0.15137,2.7309,0.0354,0
-0.031128,-0.00061035,-0.12924,2.9584,0.042114,0
-0.029602,-0.004425,-0.11627,2.5033,0.051575,0
-0.022888,-0.007019,-0.10818,2.9584,0.06134,0
-0.012054,-0.0083923,-0.10147,2.5033,0.071716,0
-0.0010681,-0.0088501,-0.098267,2.2757,0.082397,0
0.0032043,-0.0090027,-0.096893,2.5033,0.09491,0
0.0028992,-0.0088501,-0.09201,2.5033,0.1062,0
0.0090027,-0.0071716,-0.083618,1.8206,0.11963,0
0.020752,-0.0042725,-0.073242,2.0482,0.13184,0
0.032349,-0.0038147,-0.063934,2.0482,0.14404,0
0.033569,-0.0057983,-0.057526,1.5931,0.15717,0
0.02533,-0.0067139,-0.053711,1.8206,0.17029,0
0.020447,-0.0073242,-0.048676,3.186,0.18219,0
0.016479,-0.0085449,-0.040283,2.9584,0.19104,0
0.0091553,-0.0088501,-0.033112,2.9584,0.19806,0
0.0080872,-0.0082397,-0.028381,2.2757,0.20294,0
0.012665,-0.0062561,-0.020294,2.7309,0.2063,0
0.011902,-0.0038147,-0.0083923,2.2757,0.20996,0
0.0073242,-0.0021362,0.0024414,2.7309,0.21393,0
0.0088501,-0.0016785,0.013885,3.186,0.21729,0
0.013275,0,0.020599,3.186,0.22125,0
0.011749,0.0022888,0.018768,2.9584,0.22491,0
0.011139,0.0019836,0.013733,2.5033,0.224,0
0.01297,0.0010681,0.013733,3.4135,0.22522,0
0.012512,0.00061035,0.018463,2.7309,0.22552,0
0.017548,0.00015259,0.027618,3.186,0.22583,0
0.021515,0,0.037079,2.7309,0.22552,0
0.024872,0.0015259,0.039673,2.7309,0.22308,0
0.026245,0.0038147,0.037842,2.0482,0.2182,0
0.021057,0.0036621,0.037994,2.5033,0.21027,0
0.010986,0.0032043,0.041351,2.7309,0.20355,0
0.00061035,0.0038147,0.048065,2.5033,0.19562,0
-0.0080872,0.0048828,0.057373,2.9584,0.18555,0
-0.011902,0.0061035,0.062561,2.7309,0.17487,0
-0.014038,0.0076294,0.063477,2.5033,0.16205,0
-0.017548,0.0091553,0.065308,2.9584,0.14771,0
-0.019379,0.010529,0.071259,2.7309,0.13031,0
-0.020294,0.0086975,0.077362,2.5033,0.10773,0
-0.014954,0.0082397,0.081329,2.5033,0.080872,0
-0.0099182,0.0086975,0.079651,2.2757,0.053711,0
-0.010986,0.0099182,0.072479,2.5033,0.028687,0
-0.010986,0.011139,0.067749,2.2757,0.0054932,0
-0.0091553,0.01236,0.063019,2.5033,-0.014343,0
-0.010986,0.011902,0.054169,2.7309,-0.032959,0
-0.013428,0.010681,0.045013,2.2757,-0.046692,0
-0.016327,0.0090027,0.03952,2.0482,-0.058899,0
-0.01709,0.0064087,0.037689,2.5033,-0.065918,0
-0.016479,0.007782,0.039062,2.2757,-0.072937,0
-0.016785,0.010071,0.039978,2.2757,-0.078735,0
-0.0177,0.0090027,0.0383,2.0482,-0.081482,0
-0.017395,0.007782,0.039215,2.0482,-0.083923,0
-0.016479,0.0073242,0.044098,2.5033,-0.083313,0
-0.011597,0.0061035,0.050201,2.5033,-0.080566,0
-0.0059509,0.0048828,0.055847,2.2757,-0.077209,0
-0.004425,0.0042725,0.061035,2.5033,-0.075684,0
-0.0027466,0.005188,0.066528,3.186,-0.073853,0
0.00045776,0.0045776,0.073853,2.0482,-0.073242,0
-0.00091553,0.0018311,0.081482,1.8206,-0.073853,0
0.0030518,-0.0028992,0.083923,2.2757,-0.074768,0
0.012207,-0.0062561,0.077209,2.9584,-0.076904,0
0.014801,-0.0041199,0.065613,3.186,-0.078735,0
0.011749,-0.0015259,0.057373,2.7309,-0.078125,0
0.0097656,-0.0013733,0.05722,2.7309,-0.076294,0
0.0080872,-0.0013733,0.057526,2.2757,-0.071106,0
0.0018311,0.0018311,0.050354,2.0482,-0.062866,0
-0.0045776,0.0036621,0.04425,3.4135,-0.051575,0
-0.0085449,0.0056458,0.050049,3.6411,-0.041504,0
-0.010223,0.0074768,0.062256,3.186,-0.032043,0
-0.011444,0.007782,0.06485,2.7309,-0.023804,0
-0.017853,0.0073242,0.052795,3.4135,-0.016174,0
-0.025787,0.0036621,0.037842,3.186,-0.0085449,0
-0.033112,0.0012207,0.026093,2.2757,0,0
-0.032501,0.0035095,0.023804,3.186,0.010376,0
-0.022888,0.0071716,0.028839,2.9584,0.019531,0
-0.0086975,0.0082397,0.035095,2.7309,0.026245,0
-0.0018311,0.0079346,0.039978,2.7309,0.03479,0
0.00091553,0.0080872,0.047913,2.5033,0.044861,0
-0.0035095,0.0068665,0.053711,2.9584,0.054016,0
-0.013275,0.0067139,0.052338,2.7309,0.059509,0
-0.021362,0.0061035,0.050201,2.2757,0.063477,0
-0.024261,0.0033569,0.052795,2.9584,0.064392,0
-0.020905,0.0013733,0.057831,2.7309,0.064087,0
-0.02121,0.0021362,0.063477,2.0482,0.062256,0
-0.022278,0.005188,0.068207,2.2757,0.059509,0
-0.018616,0.0074768,0.071869,2.2757,0.055237,0
-0.011902,0.0079346,0.072479,2.5033,0.051575,0
0.0042725,0.0083923,0.072784,2.2757,0.047302,0
0.027161,0.011597,0.075989,2.2757,0.042114,0
0.036774,0.014801,0.080566,1.8206,0.037842,0
0.029602,0.016632,0.083466,1.5931,0.035095,0
0.016632,0.014801,0.084076,2.0482,0.0354,0
0.010681,0.01236,0.079803,2.0482,0.03418,0
0.0091553,0.013428,0.079041,2.0482,0.029297,0
0.0076294,0.012512,0.083923,2.2757,0.023499,0
0.0032043,0.0076294,0.090485,2.0482,0.016479,0
0.0018311,0.0050354,0.089569,2.2757,0.0076294,0
0.0054932,0.0033569,0.084381,2.5033,-0.0012207,0
0.010681,0.00045776,0.078888,2.7309,-0.011292,0
0.017395,-0.00076294,0.0737,2.7309,-0.018921,0
0.019531,0.0016785,0.067444,2.7309,-0.02655,0
0.012207,0.0048828,0.060272,2.5033,-0.033569,0
0.0012207,0.0053406,0.051575,2.9584,-0.042419,0
-0.0065613,0.0033569,0.042419,2.7309,-0.050354,0
-0.0032043,-0.00015259,0.039673,2.9584,-0.058594,0
0.0018311,-0.0028992,0.040894,2.9584,-0.06958,0
0.00015259,-0.0056458,0.042114,2.7309,-0.079041,0
-0.0073242,-0.0065613,0.040588,3.186,-0.088501,0
-0.018311,-0.0067139,0.041504,2.7309,-0.097656,0
-0.023651,-0.0056458,0.043335,2.5033,-0.10803,0
-0.01297,-0.0061035,0.038605,2.2757,-0.11841,0
-0.0016785,-0.0080872,0.026398,2.7309,-0.12756,0
0.0059509,-0.0088501,0.016785,2.7309,-0.13458,0
0.0088501,-0.0091553,0.012054,2.7309,-0.14099,0
0.005188,-0.010986,0.012054,2.2757,-0.14343,0
-0.0039673,-0.014191,0.01358,2.5033,-0.14526,0
-0.012817,-0.012817,0.011139,2.5033,-0.14252,0
-0.018005,-0.009613,0.0065613,2.9584,-0.14221,0
-0.019836,-0.0094604,0.0022888,2.9584,-0.1413,0
-0.016327,-0.012512,0.00076294,2.7309,-0.14313,0
-0.0083923,-0.012054,0.0033569,2.9584,-0.14496,0
-0.0041199,-0.010223,0.0082397,2.5033,-0.14771,0
-0.0028992,-0.0093079,0.0099182,2.7309,-0.14984,0
-0.0032043,-0.0097656,0.0067139,2.7309,-0.15015,0
-0.0015259,-0.010223,0.00030518,2.7309,-0.15106,0
0.0016785,-0.0097656,-0.0056458,2.0482,-0.14832,0
0.005188,-0.011749,-0.012054,2.7309,-0.14771,0
0.0022888,-0.013428,-0.017853,1.3655,-0.14862,0
-0.0033569,-0.014191,-0.01709,2.5033,-0.14984,0
-0.0083923,-0.015259,-0.01236,2.5033,-0.14801,0
-0.010071,-0.014038,-0.011444,2.0482,-0.14587,0
-0.010376,-0.014343,-0.010376,2.0482,-0.14221,0
-0.0085449,-0.015564,-0.0036621,2.0482,-0.13824,0
-0.0079346,-0.014648,-0.00015259,2.2757,-0.1358,0
-0.0090027,-0.013123,-0.0045776,2.0482,-0.13519,0
-0.0059509,-0.014954,-0.0088501,2.2757,-0.13214,0
0.0030518,-0.019226,-0.007782,2.7309,-0.12787,0
0.0065613,-0.020599,-0.0059509,2.2757,-0.12238,0
0.0057983,-0.016174,-0.0054932,2.7309,-0.11688,0
0.007019,-0.014343,-0.0024414,2.7309,-0.11383,0
0.0086975,-0.015717,0.0080872,3.186,-0.11047,0
0.010376,-0.015564,0.021362,3.186,-0.11047,0
0.011292,-0.01358,0.02594,3.6411,-0.112,0
0.011597,-0.011139,0.024872,2.5033,-0.1123,0
0.015869,-0.0094604,0.027618,2.5033,-0.11047,0
0.015564,-0.0091553,0.034485,2.7309,-0.10864,0
0.013428,-0.0086975,0.037689,2.7309,-0.10376,0
0.0088501,-0.0073242,0.03418,2.5033,-0.10193,0
0.0030518,-0.0048828,0.021973,2.7309,-0.10223,0
0.00045776,-0.0036621,0.005188,2.7309,-0.10345,0
0.00061035,-0.0036621,-0.011444,2.9584,-0.10559,0
-0.00091553,-0.005188,-0.024872,2.9584,-0.10773,0
-0.005188,-0.0033569,-0.031281,2.2757,-0.10712,0
-0.0057983,-0.0038147,-0.036011,3.186,-0.10712,0
-0.002594,-0.0071716,-0.041351,2.9584,-0.10712,0
0.00045776,-0.011139,-0.038757,2.2757,-0.10406,0
0.0015259,-0.012665,-0.026093,2.2757,-0.098877,0
-0.00076294,-0.011139,-0.010986,2.2757,-0.092773,0
-0.0033569,-0.010986,-0.0030518,2.5033,-0.090027,0
-0.0050354,-0.013123,-0.0083923,2.9584,-0.087585,0
-0.0013733,-0.01236,-0.019226,2.5033,-0.085449,0
0.0050354,-0.0099182,-0.021973,3.186,-0.083008,0
0.0082397,-0.0088501,-0.014038,2.7309,-0.079956,0
0.011902,-0.0076294,-0.0013733,2.5033,-0.07843,0
0.0177,-0.0039673,0.012512,2.2757,-0.075989,0
0.020599,-0.0032043,0.026245,2.5033,-0.074158,0
0.019836,-0.0027466,0.037231,1.8206,-0.070496,0
0.017548,-0.00076294,0.043488,2.5033,-0.067139,0
0.012665,0.0013733,0.046997,2.5033,-0.062561,0
0.0090027,0.0010681,0.044708,2.2757,-0.057983,0
0.010986,0.00030518,0.032806,2.2757,-0.054016,0
0.013275,-0.0016785,0.017242,2.2757,-0.050964,0
0.014038,-0.0048828,0.0050354,2.7309,-0.047607,0
0.014038,-0.0073242,0,2.5033,-0.044861,0
0.011292,-0.0045776,-0.0021362,2.0482,-0.039673,0
0.0042725,-0.00015259,-0.0030518,2.2757,-0.033264,0
-0.0047302,0.0022888,-0.0032043,2.7309,-0.025635,0
-0.0076294,0.0035095,0.00045776,2.7309,-0.020142,0
-0.0067139,0.0056458,0.0065613,2.7309,-0.018616,0
-0.0054932,0.0088501,0.0050354,2.2757,-0.020447,0
-0.0042725,0.011139,-0.00076294,2.5033,-0.02594,0
-0.0032043,0.010223,-0.0027466,3.186,-0.031738,0
-0.002594,0.0079346,-0.00015259,2.9584,-0.03479,0
-0.0027466,0.0059509,0.0053406,2.2757,-0.036926,0
-0.00015259,0.0036621,0.010071,2.9584,-0.031738,0
0.0027466,0.00030518,0.0074768,3.186,-0.021057,0
0.0036621,0.00091553,0.0013733,2.7309,-0.0057983,0
0.0041199,0.0024414,-0.0018311,3.186,0.007019,0
0.0032043,0.00091553,-0.0038147,2.7309,0.015869,0
0.00091553,-0.004425,-0.0083923,2.9584,0.018616,0
-0.0027466,-0.0057983,-0.018463,2.7309,0.018921,0
0.0030518,-0.0016785,-0.025482,2.5033,0.023193,0
0.011597,0.00061035,-0.022736,2.2757,0.026245,0
0.0086975,0.00076294,-0.014191,2.0482,0.033875,0
0.0015259,0.0042725,-0.0061035,1.5931,0.042725,0
0.0018311,0.0061035,0.0028992,2.7309,0.052185,0
0.0047302,0.0054932,0.010223,2.2757,0.063782,0
0.0038147,0.0039673,0.013275,2.2757,0.077209,0
0.0035095,0.0015259,0.017548,2.5033,0.093689,0
0.0015259,0.0016785,0.020294,2.9584,0.11078,0
-0.0080872,0.0018311,0.016327,1.8206,0.12299,0
-0.023346,0.00030518,0.0032043,2.2757,0.13092,0
-0.035706,-0.0015259,-0.0071716,2.2757,0.1358,0
-0.038605,-0.0019836,-0.0065613,1.8206,0.14343,0
-0.041504,-0.00015259,-0.0048828,2.0482,0.14862,0
-0.045013,0.00076294,-0.007019,1.8206,0.15411,0
-0.045319,0.0030518,-0.009613,2.0482,0.15808,0
-0.041962,0.0067139,-0.002594,2.2757,0.15991,0
-0.036163,0.0053406,0.0080872,1.5931,0.16205,0
-0.028992,0.0019836,0.012207,2.2757,0.16388,0
-0.014954,0.0016785,0.011444,2.0482,0.16418,0
-0.0047302,0.0041199,0.010071,1.8206,0.16205,0
0.0027466,0.0057983,0.009613,2.7309,0.16174,0
0.0099182,0.0032043,0.0086975,2.7309,0.16479,0
0.0080872,0.0018311,0.0035095,2.2757,0.17334,0
0.0038147,0.0041199,-0.0059509,2.0482,0.18188,0
0.0048828,0.0045776,-0.010529,2.5033,0.19043,0
0.0059509,0.0027466,-0.0071716,2.2757,0.19928,0
0.00030518,0.0030518,-0.0057983,1.1379,0.20874,0
-0.0039673,0.0038147,-0.007019,2.5033,0.21729,0
-0.007782,0.0045776,-0.007019,3.186,0.22461,0
-0.0083923,0.0057983,-0.0061035,2.7309,0.22827,0
-0.0054932,0.0085449,-0.0039673,2.7309,0.23224,0
0.0016785,0.0094604,0.0028992,2.2757,0.23529,0
0.0057983,0.010071,0.013733,2.7309,0.24078,0
0.0090027,0.0091553,0.020447,2.5033,0.24658,0
0.015259,0.0061035,0.021362,2.5033,0.25146,0
0.018463,0.0064087,0.019379,2.7309,0.25604,0
0.020294,0.0076294,0.014191,2.2757,0.25635,0
0.018921,0.0074768,0.010529,2.7309,0.25391,0
0.015869,0.0054932,0.010223,2.5033,0.25391,0
0.015564,0.0047302,0.011749,2.9584,0.25909,0
0.015106,0.004425,0.012512,2.7309,0.26398,0
0.014343,0.0036621,0.01297,2.7309,0.26459,0
0.01297,0.0032043,0.016174,2.2757,0.2594,0
0.013275,0.002594,0.022125,2.5033,0.24597,0
0.015411,0.00091553,0.027008,2.2757,0.23163,0
0.016174,0,0.026398,3.186,0.21881,0
0.015717,-0.0012207,0.019989,3.186,0.21271,0
0.012817,0.00045776,0.011597,2.2757,0.21271,0
0.010834,0.0041199,0.0056458,2.0482,0.21606,0
0.0067139,0.0047302,0.0028992,2.5033,0.22186,0
0.0048828,0.004425,0.0035095,1.8206,0.22736,0
0.004425,0.0053406,0.0090027,2.7309,0.23163,0
0.004425,0.0054932,0.015259,2.0482,0.23712,0
0.0082397,0.0032043,0.014954,1.5931,0.24384,0
0.012207,0.00030518,0.016327,2.0482,0.24841,0
0.014038,0.0010681,0.021515,2.0482,0.24933,0
0.018463,0.0032043,0.023499,2.2757,0.24963,0
0.020752,0.0059509,0.020752,1.8206,0.24933,0
0.020142,0.0059509,0.017242,2.0482,0.24536,0
0.020752,0.0018311,0.013885,1.5931,0.23865,0
0.018616,-0.0024414,0.010834,2.7309,0.23041,0
0.010376,-0.0041199,0.009613,2.2757,0.22675,0
-0.00076294,-0.0042725,0.010986,2.7309,0.22644,0
-0.0090027,-0.0041199,0.010834,2.5033,0.2243,0
-0.0099182,-0.0054932,0.0099182,2.5033,0.22278,0
-0.0018311,-0.0079346,0.007019,2.5033,0.22186,0
0.0080872,-0.009613,0.0041199,2.0482,0.22491,0
0.015564,-0.011292,0.0038147,1.8206,0.22827,0
0.015869,-0.011292,0.0016785,2.7309,0.23132,0
0.018311,-0.010681,-0.0038147,2.5033,0.23376,0
0.019379,-0.0086975,-0.014648,2.5033,0.2356,0
0.016327,-0.0061035,-0.027161,2.5033,0.23102,0
0.014343,-0.005188,-0.033722,2.2757,0.22095,0
0.014038,-0.0076294,-0.03891,2.2757,0.20844,0
0.011444,-0.0097656,-0.038605,1.8206,0.19379,0
0.0082397,-0.0085449,-0.028839,2.2757,0.1825,0
0.0099182,-0.0090027,-0.018463,2.5033,0.17273,0
0.012512,-0.0093079,-0.01236,2.2757,0.16571,0
0.013885,-0.0067139,-0.011902,2.5033,0.16052,0
0.012817,-0.0039673,-0.014648,3.186,0.1593,0
0.0090027,-0.0019836,-0.017548,2.7309,0.16113,0
0.0057983,-0.0019836,-0.021667,2.2757,0.16418,0
0.004425,-0.0038147,-0.022278,1.8206,0.16998,0
0.0067139,-0.0035095,-0.017853,2.5033,0.17395,0
0.0097656,-0.0012207,-0.018616,2.5033,0.1767,0
0.0085449,0.00045776,-0.021667,2.7309,0.17914,0
0.0032043,0.00091553,-0.015106,2.7309,0.17975,0
-0.0036621,0.0018311,-0.00030518,2.0482,0.17975,0
-0.011292,0.0010681,0.0093079,1.3655,0.17883,0
-0.019684,-0.00015259,0.01297,2.2757,0.17548,0
-0.030518,0.0013733,0.018768,2.7309,0.16968,0
-0.035553,0.0035095,0.027466,1.8206,0.16357,0
-0.035706,0.005188,0.035553,2.2757,0.15656,0
-0.033569,0.0045776,0.040588,2.0482,0.14893,0
-0.027466,0.0019836,0.040283,2.0482,0.14191,0
-0.021057,-0.00045776,0.037079,1.8206,0.13306,0
-0.010071,-0.0013733,0.034943,1.8206,0.12726,0
0.0032043,-0.0010681,0.031891,1.3655,0.12115,0
0.010071,0.0010681,0.026245,2.0482,0.11505,0
0.012665,0.002594,0.02533,2.5033,0.10406,0
0.011139,0.0022888,0.029755,2.5033,0.093079,0
0.0028992,0.00015259,0.032349,2.5033,0.083313,0
-0.007019,-0.00061035,0.026398,2.0482,0.076599,0
-0.011749,-0.00061035,0.018005,2.7309,0.071411,0
-0.011444,-0.0028992,0.010376,2.5033,0.064392,0
-0.010681,-0.0048828,0.00030518,2.0482,0.057068,0
-0.013123,-0.0053406,-0.0094604,2.2757,0.05249,0
-0.016327,-0.0053406,-0.015869,2.0482,0.05127,0
-0.022888,-0.0048828,-0.019226,2.7309,0.053101,0
-0.027924,-0.0059509,-0.023193,2.9584,0.056152,0
-0.028076,-0.0047302,-0.028229,2.5033,0.055542,0
-0.026245,-0.0018311,-0.029144,2.5033,0.053711,0
-0.026398,-0.00030518,-0.021515,2.9584,0.049133,0
-0.020599,-0.0019836,-0.012054,2.7309,0.041809,0
-0.012665,-0.0041199,-0.0068665,2.5033,0.0354,0
-0.0086975,-0.005188,-0.0088501,2.7309,0.030212,0
-0.007782,-0.0035095,-0.016632,2.2757,0.024719,0
-0.007782,-0.00045776,-0.024872,2.7309,0.019531,0
-0.0079346,0.00015259,-0.027161,2.5033,0.012817,0
-0.0079346,0.00076294,-0.027618,2.9584,0.0067139,0
-0.007782,0.00076294,-0.027618,2.5033,0.0024414,0
-0.00091553,0.00061035,-0.027618,2.0482,0.0033569,0
0.0099182,0.0010681,-0.02121,1.8206,0.0073242,0
0.018005,0.00045776,-0.015106,1.8206,0.0097656,0
0.018005,0.0010681,-0.019379,2.2757,0.011292,0
0.013123,0.0019836,-0.028992,2.7309,0.010071,0
0.0090027,-0.00045776,-0.035248,2.7309,0.011292,0
0.0032043,-0.0024414,-0.033722,2.7309,0.012207,0
-0.0022888,-0.0016785,-0.026703,2.5033,0.014954,0
-0.0035095,-0.0032043,-0.015564,2.5033,0.015259,0
-0.00061035,-0.0054932,-0.0041199,2.0482,0.014343,0
0.0028992,-0.0048828,0.0059509,1.5931,0.010681,0
0.0068665,-0.0027466,0.015106,1.8206,0.0030518,0
0.0083923,-0.002594,0.022278,2.2757,-0.0064087,0
0.010681,-0.0036621,0.022583,1.8206,-0.014954,0
0.014191,-0.0033569,0.01358,1.1379,-0.020142,0
0.018768,-0.0021362,0.0028992,2.5033,-0.021667,0
0.019989,-0.0024414,-0.0021362,2.2757,-0.023804,0
0.014038,-0.0022888,-0.0013733,2.5033,-0.02655,0
0.010223,0.0015259,0.0053406,2.2757,-0.027466,0
0.010681,0.0039673,0.01236,1.8206,-0.028076,0
0.011444,0.0050354,0.016479,2.5033,-0.027466,0
0.011597,0.0080872,0.020599,2.2757,-0.029907,0
0.010376,0.0088501,0.026245,2.9584,-0.030212,0
0.0093079,0.0091553,0.028381,2.5033,-0.028992,0
0.0091553,0.010223,0.027618,2.0482,-0.027161,0
0.010529,0.0088501,0.027618,2.5033,-0.023193,0
0.014038,0.0073242,0.028992,2.2757,-0.022888,0
0.016022,0.0080872,0.029449,1.8206,-0.025024,0
0.019226,0.0099182,0.025635,2.0482,-0.028687,0
0.023651,0.010986,0.022278,2.0482,-0.031433,0
0.023193,0.010223,0.018921,2.5033,-0.030518,0
0.018921,0.0062561,0.016327,2.9584,-0.025024,0
0.015564,0.0036621,0.014801,2.5033,-0.014648,0
0.011749,0.0036621,0.014648,2.0482,-0.005188,0
0.0099182,0.0027466,0.012665,2.5033,0.00061035,0
0.002594,0.0019836,0.0073242,2.0482,0.0027466,0
-0.0056458,0.0035095,0.0032043,2.7309,-0.00091553,0
-0.009613,0.0050354,0.0076294,2.2757,-0.0082397,0
-0.0099182,0.0068665,0.011444,2.7309,-0.015259,0
-0.010223,0.0073242,0.0080872,2.5033,-0.023804,0
-0.0091553,0.005188,0.0012207,2.9584,-0.028687,0
-0.0080872,0.0013733,-0.0012207,2.7309,-0.028381,0
-0.0039673,-0.0019836,0,2.5033,-0.024414,0
0.0012207,-0.0015259,-0.00030518,2.0482,-0.016785,0
0.0035095,0.00076294,-0.0012207,1.8206,-0.012207,0
0.0018311,0.0018311,-0.0024414,1.8206,-0.012207,0
0.00015259,0.0012207,-0.0019836,2.0482,-0.013733,0
-0.00015259,0.0021362,0.00030518,2.0482,-0.017395,0
-0.0032043,0.0047302,0.0041199,2.0482,-0.019226,0
-0.0086975,0.0047302,0.0088501,1.5931,-0.019836,0
-0.010223,0.0027466,0.018158,2.2757,-0.01709,0
-0.0041199,0.0012207,0.027466,2.7309,-0.012207,0
0.0018311,-0.0016785,0.033112,2.2757,-0.0057983,0
0.0050354,-0.0045776,0.033112,1.8206,-0.0021362,0
0.002594,-0.004425,0.028076,1.8206,-0.00061035,0
0.00030518,-0.0033569,0.022583,2.2757,-0.0036621,0
-0.0021362,-0.0018311,0.019989,1.8206,-0.011292,0
-0.012054,0.00091553,0.019836,2.2757,-0.01709,0
-0.024719,0.002594,0.022736,2.2757,-0.020447,0
-0.028381,0.0024414,0.025635,1.8206,-0.020752,0
-0.016327,0.0027466,0.028687,2.5033,-0.019226,0
-0.0038147,0.0056458,0.033264,2.5033,-0.018616,0
0.0021362,0.0074768,0.032654,2.5033,-0.018921,0
0.0038147,0.0086975,0.023041,2.9584,-0.019226,0
0.0041199,0.0093079,0.012054,2.9584,-0.020142,0
0.0097656,0.0080872,0.0039673,2.5033,-0.021667,0
0.011444,0.0061035,-0.00045776,2.7309,-0.021057,0
0.0038147,0.0048828,0.00045776,2.2757,-0.019836,0
-0.0027466,0.0030518,0.002594,2.5033,-0.015869,0
0.0012207,0.0021362,-0.00030518,2.7309,-0.010681,0
0.0039673,0.0018311,-0.0057983,2.7309,-0.0048828,0
0.004425,0.00076294,-0.010986,2.2757,-0.00091553,0
0.0032043,0.00061035,-0.012817,2.2757,0,0
-0.00015259,0.00045776,-0.012817,2.7309,0.0015259,0
-0.0076294,-0.00015259,-0.015106,2.9584,0.0039673,0
-0.013123,-0.00076294,-0.020294,3.186,0.0064087,0
-0.0177,0.0010681,-0.022888,3.4135,0.0048828,0
-0.022278,0.0016785,-0.023193,2.7309,0.00091553,0
-0.02182,-0.0010681,-0.022125,2.2757,-0.00091553,0
-0.021973,-0.0062561,-0.018463,2.2757,-0.0015259,0
-0.022125,-0.0076294,-0.014496,2.0482,-0.00061035,0
-0.022583,-0.0061035,-0.011902,2.9584,0.0021362,0
-0.022736,-0.0036621,-0.0082397,2.5033,0.0039673,0
-0.022736,-0.0022888,-0.0039673,2.5033,0.0018311,0
-0.022736,-0.0015259,0.0041199,2.5033,-0.0021362,0
-0.022583,-0.0016785,0.01297,2.5033,-0.0042725,0
-0.022736,-0.00091553,0.017548,2.5033,-0.0039673,0
-0.013123,0,0.018463,2.7309,-0.0015259,0
-0.0018311,0.00045776,0.023651,2.5033,0.0012207,0
0.0053406,-0.00061035,0.029297,2.5033,0.005188,0
0.0071716,-0.0032043,0.025482,2.0482,0.010071,0
0.0097656,-0.0038147,0.014343,1.5931,0.013428,0
0.012817,-0.0047302,0.0065613,2.0482,0.016174,0
0.016479,-0.005188,0.0082397,2.2757,0.015869,0
0.018463,-0.005188,0.016327,2.0482,0.014648,0
0.018768,-0.0053406,0.020142,1.1379,0.014343,0
0.017853,-0.0028992,0.015717,1.1379,0.015259,0
0.01709,0.00091553,0.010071,2.0482,0.015564,0
0.01236,0.004425,0.010529,2.0482,0.015869,0
0.0057983,0.0056458,0.016632,1.8206,0.014038,0
-0.0015259,0.0039673,0.022125,2.2757,0.016174,0
-0.0041199,0.0019836,0.022278,2.2757,0.018616,0
-0.0012207,0.0036621,0.020142,1.3655,0.02533,0
-0.0015259,0.0035095,0.016327,1.3655,0.032959,0
-0.0036621,0,0.0097656,2.2757,0.036926,0
-0.005188,-0.0027466,0.0073242,2.2757,0.039062,0
-0.0028992,-0.0047302,0.011292,2.0482,0.037842,0
0.002594,-0.0054932,0.018311,2.5033,0.03479,0
0.0045776,-0.0033569,0.022583,2.2757,0.030212,0
0.0021362,-0.0032043,0.02182,2.0482,0.024719,0
0.0010681,-0.0028992,0.016479,2.2757,0.020447,0
0.0068665,-0.0030518,0.013885,2.5033,0.016479,0
0.013275,-0.0036621,0.013123,2.2757,0.013733,0
0.016022,-0.0047302,0.0093079,2.2757,0.013123,0
0.016632,-0.005188,0.0054932,2.0482,0.012512,0
0.010071,-0.0067139,0.0085449,2.2757,0.010071,0
-0.0048828,-0.0068665,0.013428,2.2757,0.0073242,0
-0.01709,-0.0033569,0.016022,2.5033,0.0027466,0
-0.020599,-0.0022888,0.016479,3.186,0.0039673,0
-0.012665,-0.0036621,0.015411,2.7309,0.0091553,0
-0.0018311,-0.0036621,0.011902,2.5033,0.0177,0
0.0073242,-0.0032043,0.0093079,2.2757,0.027161,0
0.010681,-0.0012207,0.0035095,2.0482,0.033569,0
0.011444,-0.0013733,-0.004425,2.5033,0.036926,0
0.014496,-0.0022888,-0.0080872,2.7309,0.039978,0
0.017395,-0.00045776,-0.0090027,2.0482,0.042725,0
0.017548,0.0013733,-0.012054,2.0482,0.047607,0
0.0177,0.00045776,-0.017395,1.8206,0.055847,0
0.018463,-0.0018311,-0.019684,1.8206,0.066833,0
0.017548,-0.0019836,-0.016785,2.2757,0.072327,0
0.014038,0.0018311,-0.012665,2.2757,0.068054,0
0.013428,0.007019,-0.0073242,2.2757,0.053711,0
0.014954,0.0083923,-0.002594,2.0482,0.039978,0
0.010529,0.0065613,0.0010681,2.0482,0.031128,0
0.0036621,0.0047302,0.0039673,1.5931,0.032349,0
-0.0048828,0.0027466,0.0061035,2.5033,0.036316,0
-0.014343,0.00030518,0.0068665,2.0482,0.040588,0
-0.019379,-0.0030518,0.011749,2.0482,0.046692,0
-0.010681,-0.005188,0.020294,2.0482,0.052795,0
0.00030518,-0.0022888,0.027313,2.0482,0.06073,0
0.0041199,0.0022888,0.028992,2.0482,0.068359,0
0.004425,0.0039673,0.028229,1.5931,0.073853,0
0.0041199,0.0035095,0.03067,2.5033,0.074463,0
0.0041199,0.002594,0.0354,2.0482,0.074768,0
0.00045776,0.0018311,0.040283,2.2757,0.073853,0
-0.0076294,0.0012207,0.04715,2.2757,0.073547,0
-0.015717,-0.0015259,0.056305,2.2757,0.078735,0
-0.018311,-0.0042725,0.059357,2.5033,0.084229,0
-0.011444,-0.0054932,0.050354,2.2757,0.089417,0
-0.0041199,-0.0065613,0.037384,2.2757,0.090942,0
-0.0038147,-0.0064087,0.028076,2.2757,0.085144,0
-0.011597,-0.0056458,0.019073,2.2757,0.075378,0
-0.023956,-0.005188,0.012054,2.9584,0.063782,0
-0.025482,-0.0064087,0.0090027,2.2757,0.053101,0
-0.021973,-0.0067139,0.0062561,2.7309,0.046997,0
-0.018158,-0.0065613,0.0071716,2.5033,0.046997,0
-0.018768,-0.0065613,0.01358,2.7309,0.050354,0
-0.02121,-0.0047302,0.021362,2.5033,0.050964,0
-0.025024,-0.0018311,0.026093,2.7309,0.047302,0
-0.029755,0.0015259,0.03067,2.7309,0.039673,0
-0.032196,0.0054932,0.036316,2.7309,0.028381,0
-0.029755,0.0082397,0.037689,2.2757,0.012512,0
-0.026398,0.010376,0.037537,2.5033,-0.0061035,0
-0.023956,0.009613,0.039215,2.5033,-0.022888,0
-0.025787,0.0071716,0.03952,2.5033,-0.028992,0
-0.023346,0.0056458,0.036621,2.2757,-0.021362,0
-0.021973,0.0064087,0.035248,2.5033,-0.0067139,0
-0.022583,0.0050354,0.038147,2.0482,0.014954,0
-0.02243,0.0013733,0.040436,2.2757,0.035095,0
-0.022736,-0.00045776,0.037994,2.2757,0.054016,0
-0.022736,0.0027466,0.033722,2.7309,0.065002,0
-0.0091553,0.0035095,0.025024,2.0482,0.067749,0
-0.0030518,0.00015259,0.0056458,2.2757,0.07019,0
-0.0024414,-0.0022888,-0.019073,1.5931,0.079041,0
-0.0030518,-0.0036621,-0.032043,1.3655,0.093384,0
0,-0.0047302,-0.031433,1.5931,0.11414,0
0.0093079,-0.0030518,-0.028076,1.8206,0.13275,0
0.019073,-0.0024414,-0.021973,2.0482,0.14221,0
0.024261,-0.0048828,-0.013885,2.0482,0.14496,0
0.024719,-0.0071716,-0.011139,1.5931,0.14191,0
0.018768,-0.007782,-0.011292,2.2757,0.13519,0
0.013885,-0.0039673,-0.0083923,2.2757,0.12848,0
0.011902,0.00091553,-0.0041199,2.9584,0.11993,0
0.010223,0.00030518,-0.0033569,2.9584,0.11017,0
0.0080872,-0.0010681,-0.0065613,2.7309,0.10284,0
0.0053406,-0.0032043,-0.0053406,2.9584,0.097961,0
0.0010681,-0.004425,0.00091553,2.5033,0.091553,0
-0.0024414,-0.0038147,0.0093079,1.5931,0.085144,0
-0.0032043,-0.0013733,0.015869,1.3655,0.079956,0
-0.0042725,-0.0013733,0.018616,1.8206,0.075684,0
-0.0050354,-0.0047302,0.015869,2.2757,0.06897,0
-0.0054932,-0.0067139,0.010681,2.5033,0.059814,0
-0.0093079,-0.0041199,0.0076294,2.5033,0.050354,0
-0.0080872,-0.0028992,0.011444,2.7309,0.043945,0
0.00045776,-0.0038147,0.019836,2.5033,0.038147,0
0.0079346,-0.00091553,0.027313,2.5033,0.033569,0
0.012512,0.0021362,0.029755,2.0482,0.029907,0
0.015106,0.0013733,0.031433,2.2757,0.027161,0
0.0177,-0.00061035,0.035706,2.7309,0.029602,0
0.016479,-0.0056458,0.036011,2.9584,0.0354,0
0.014801,-0.007782,0.028839,2.7309,0.041809,0
0.022125,-0.004425,0.018158,2.5033,0.043945,0
0.028381,-0.0016785,0.0099182,2.2757,0.042419,0
0.030823,0.00015259,0.014191,1.8206,0.041199,0
0.02594,-0.00076294,0.027161,2.0482,0.041504,0
0.021057,-0.0047302,0.032501,2.5033,0.042725,0
0.014191,-0.007019,0.033112,2.7309,0.04364,0
0.0086975,-0.0073242,0.036621,2.2757,0.045166,0
0.0030518,-0.007019,0.043335,2.2757,0.047302,0
-0.005188,-0.0071716,0.05127,2.0482,0.045776,0
-0.0068665,-0.0076294,0.052948,1.8206,0.04425,0
0.00091553,-0.0083923,0.05249,1.8206,0.042725,0
0.0054932,-0.010529,0.051575,1.3655,0.043335,0
0.0028992,-0.0099182,0.046539,1.3655,0.048828,0
0.0053406,-0.0080872,0.038605,1.8206,0.057678,0
0.0082397,-0.0093079,0.034027,2.7309,0.067749,0
0.007782,-0.010986,0.035553,2.0482,0.074463,0
0.0042725,-0.011139,0.042725,2.0482,0.072021,0
-0.0027466,-0.011292,0.049896,2.5033,0.057983,0
-0.010986,-0.012207,0.053101,1.8206,0.035095,0
-0.01709,-0.010986,0.052795,1.3655,0.014954,0
-0.01709,-0.007782,0.050354,1.3655,0,0
-0.015564,-0.0059509,0.04776,2.2757,-0.010986,0
-0.015106,-0.0047302,0.050049,2.9584,-0.020142,0
-0.016632,-0.0039673,0.055542,2.5033,-0.02533,0
-0.013275,-0.0027466,0.057068,2.0482,-0.02594,0
-0.0054932,-0.0016785,0.052338,2.7309,-0.023804,0
-0.0015259,-0.002594,0.044861,2.5033,-0.023499,0
-0.0045776,-0.0012207,0.037384,2.0482,-0.02533,0
-0.010986,0.00045776,0.032196,2.5033,-0.024109,0
-0.01297,0.00061035,0.032959,2.7309,-0.020447,0
-0.010376,0.0013733,0.039825,2.5033,-0.014648,0
-0.004425,0.0022888,0.045929,2.0482,-0.0085449,0
-0.0015259,0.0028992,0.048676,2.5033,-0.0064087,0
-0.0019836,0.0032043,0.050354,2.2757,-0.0057983,0
-0.0012207,0.0030518,0.050964,2.0482,-0.0088501,0
0.00061035,0.00076294,0.051422,2.2757,-0.011292,0
-0.0038147,-0.0022888,0.05188,2.5033,-0.011597,0
-0.0094604,-0.0039673,0.047913,2.5033,-0.0088501,0
-0.012054,-0.0062561,0.039825,2.0482,-0.0048828,0
-0.010223,-0.0082397,0.033875,2.5033,-0.0012207,0
-0.0083923,-0.0059509,0.027618,2.2757,0.0033569,0
-0.0079346,-0.0041199,0.021973,2.0482,0.0039673,0
-0.0053406,-0.0050354,0.013428,2.2757,0.0061035,0
-0.0035095,-0.0030518,0.0012207,1.3655,0.0067139,0
-0.0028992,0.0010681,-0.010834,1.5931,0.0085449,0
-0.00030518,0.0045776,-0.015259,2.5033,0.013123,0
0.0038147,0.0042725,-0.01297,2.5033,0.022888,0
0.010223,0.0013733,-0.0093079,2.0482,0.037231,0
0.014648,0.0015259,-0.0071716,2.2757,0.051575,0
0.014801,0.0019836,-0.0045776,2.2757,0.06134,0
0.018311,0.0012207,-0.0042725,1.8206,0.07019,0
0.023499,0.0013733,0.0012207,2.5033,0.074158,0
0.030975,0.0024414,0.010834,2.2757,0.073547,0
0.036316,0.0022888,0.019073,1.5931,0.069885,0
0.03952,0.0019836,0.024414,1.5931,0.066223,0
0.040588,0.0038147,0.025482,1.3655,0.063477,0
0.041962,0.0057983,0.026398,1.1379,0.061951,0
0.039368,0.0059509,0.028687,1.8206,0.059509,0
0.031281,0.0041199,0.031891,1.8206,0.056458,0
0.023346,0.0027466,0.032501,1.8206,0.052795,0
0.0091553,0.0019836,0.031891,2.7309,0.05188,0
-0.011597,0.0027466,0.032501,2.2757,0.049744,0
-0.02243,0.0035095,0.033569,1.8206,0.044556,0
-0.020142,0.0053406,0.033112,1.8206,0.034485,0
-0.020752,0.0030518,0.030975,2.0482,0.023193,0
-0.028839,-0.00045776,0.031128,2.5033,0.011597,0
-0.03479,0.00015259,0.031128,2.5033,0.0057983,0
-0.037079,0.00061035,0.026855,2.5033,0.0039673,0
-0.035706,-0.0018311,0.019684,1.5931,0.0039673,0
-0.0354,0,0.018158,2.0482,0.0076294,0
-0.03479,0.0068665,0.021057,2.5033,0.0061035,0
-0.037231,0.0076294,0.02182,2.2757,0.0021362,0
-0.034943,0.0038147,0.018311,2.7309,-0.0024414,0
-0.031891,0.0019836,0.012665,2.2757,-0.0064087,0
-0.034332,0.0042725,0.0042725,2.7309,-0.0091553,0
-0.048676,0.0054932,-0.00030518,2.0482,-0.011292,0
-0.063477,0.0032043,-0.0054932,2.2757,-0.010681,0
-0.060577,-0.00015259,-0.014343,2.5033,-0.010986,0
-0.032043,-0.0015259,-0.018616,2.5033,-0.011292,0
0.0091553,-0.00015259,-0.016785,2.2757,-0.012817,0
0.041962,0.0015259,-0.013885,2.9584,-0.018005,0
0.05249,0.002594,-0.009613,2.2757,-0.027161,0
0.044403,0.0019836,-0.0048828,2.7309,-0.037537,0
0.031281,0.00045776,-0.0061035,2.7309,-0.046997,0
0.022888,-0.0019836,-0.010681,2.0482,-0.051575,0
0.014343,-0.002594,-0.013123,1.8206,-0.053101,0
0.0074768,-0.0021362,-0.016022,2.0482,-0.053711,0
0.0024414,-0.0028992,-0.019073,1.3655,-0.057983,0
-0.0013733,-0.0028992,-0.023499,2.5033,-0.068665,0
-0.002594,-0.0019836,-0.027008,2.7309,-0.081482,0
-0.0018311,-0.00045776,-0.024719,2.2757,-0.092468,0
0.00045776,0.00091553,-0.021362,1.5931,-0.099487,0
-0.0022888,-0.00076294,-0.023804,1.8206,-0.10101,0
-0.0085449,-0.00076294,-0.027771,1.5931,-0.10071,0
-0.016174,-0.0013733,-0.032196,2.0482,-0.10223,0
-0.018005,-0.0027466,-0.033417,2.0482,-0.10712,0
-0.0099182,-0.0021362,-0.033112,1.8206,-0.11566,0
0.0076294,-0.00015259,-0.033569,2.2757,-0.12451,0
0.020752,0.0012207,-0.033112,1.8206,-0.12848,0
0.025482,-0.0012207,-0.033112,2.2757,-0.13184,0
0.025024,-0.0061035,-0.035858,2.2757,-0.13092,0
0.022736,-0.0094604,-0.040283,2.2757,-0.13184,0
0.016479,-0.011139,-0.044403,2.0482,-0.13641,0
0.0099182,-0.0097656,-0.046844,2.7309,-0.1474,0
0.009613,-0.0062561,-0.041809,2.5033,-0.16235,0
0.01236,-0.0039673,-0.027313,2.2757,-0.17395,0
0.016174,-0.0013733,-0.014496,2.5033,-0.18097,0
0.020905,-0.00015259,-0.0094604,2.9584,-0.18311,0
0.021973,-0.0019836,-0.0079346,2.2757,-0.18463,0
0.021515,-0.0035095,-0.010223,2.5033,-0.18311,0
0.021667,-0.0032043,-0.016327,2.9584,-0.17944,0
0.019073,-0.00061035,-0.023193,1.8206,-0.17487,0
0.011902,0.0027466,-0.025024,2.9584,-0.16937,0
0.007782,0.0048828,-0.021973,2.7309,-0.16388,0
0.0082397,0.005188,-0.020752,2.2757,-0.15961,0
0.011749,0.0056458,-0.020447,2.2757,-0.15503,0
0.014801,0.0054932,-0.020142,2.7309,-0.15289,0
0.012054,0.0056458,-0.020447,2.7309,-0.15198,0
0.0032043,0.0056458,-0.020294,2.7309,-0.15198,0
-0.0068665,0.0054932,-0.020447,2.5033,-0.14648,0
-0.0090027,0.0054932,-0.020447,3.186,-0.13885,0
-0.0082397,0.0054932,-0.020294,3.186,-0.12634,0
-0.011902,0.0057983,-0.020447,3.186,-0.11108,0
-0.022278,0.0045776,-0.016479,3.186,-0.095215,0
-0.03067,0.0048828,-0.013428,1.8206,-0.084839,0
-0.029907,0.0080872,-0.021515,1.8206,-0.081482,0
-0.017548,0.0083923,-0.03418,2.0482,-0.082092,0
-0.0059509,0.0071716,-0.040588,1.8206,-0.083618,0
0.00091553,0.0059509,-0.042877,1.8206,-0.081177,0
0.0019836,0.002594,-0.049133,2.5033,-0.079041,0
0.0018311,-0.0013733,-0.053101,2.5033,-0.078735,0
0.00045776,-0.0030518,-0.049591,2.9584,-0.078125,0
-0.00015259,-0.0016785,-0.040741,2.0482,-0.074768,0
-0.00061035,-0.00061035,-0.033264,1.8206,-0.06897,0
-0.00091553,-0.0027466,-0.033722,2.2757,-0.063477,0
0.00091553,-0.0059509,-0.042572,2.2757,-0.062256,0
0.00076294,-0.0093079,-0.054321,1.8206,-0.062561,0
0.0010681,-0.011597,-0.062408,2.0482,-0.065002,0
0.007019,-0.014191,-0.065155,0.68281,-0.06897,0
0.013123,-0.016632,-0.063171,2.0482,-0.071106,0
0.014648,-0.01709,-0.058136,2.5033,-0.06958,0
0.010223,-0.013275,-0.050201,2.0482,-0.067139,0
0.0074768,-0.010071,-0.04303,1.5931,-0.062866,0
0.0013733,-0.0088501,-0.040436,2.2757,-0.06073,0
-0.0028992,-0.0090027,-0.039825,1.8206,-0.058594,0
-0.0076294,-0.0097656,-0.041504,2.2757,-0.054932,0
-0.011292,-0.010071,-0.043182,2.9584,-0.050659,0
-0.015106,-0.0082397,-0.038147,2.5033,-0.044861,0
-0.01709,-0.0035095,-0.02533,2.2757,-0.039368,0
-0.0177,0.0012207,-0.010834,1.8206,-0.033264,0
-0.021973,0.0036621,0,2.2757,-0.027466,0
-0.028076,0.0042725,0.0035095,1.8206,-0.021667,0
-0.03006,0.0042725,0.0012207,1.8206,-0.01709,0
-0.028992,0.0042725,-0.0012207,2.5033,-0.014038,0
-0.02533,0.0056458,-0.0047302,2.7309,-0.010376,0
-0.024567,0.0067139,-0.0088501,2.9584,-0.0057983,0
-0.02594,0.0053406,-0.0053406,2.9584,-0.0030518,0
-0.029907,0.0021362,0.00076294,2.9584,-0.00091553,0
-0.029297,-0.00076294,0.0054932,2.2757,0.0012207,0
-0.021057,-0.0015259,0.0045776,2.2757,0.0045776,0
-0.009613,-0.0015259,0.0035095,2.2757,0.011902,0
-0.00030518,-0.0016785,0.0057983,2.2757,0.018616,0
0.0047302,-0.0033569,0.0061035,2.0482,0.025024,0
0.0090027,-0.0050354,0.00045776,2.0482,0.030212,0
0.0054932,-0.0038147,-0.0090027,2.0482,0.03479,0
0.00015259,-0.0015259,-0.017395,1.8206,0.039368,0
-0.0048828,-0.0028992,-0.029907,1.1379,0.042725,0
-0.0045776,-0.0065613,-0.052338,1.8206,0.046082,0
-0.0022888,-0.0079346,-0.079803,1.8206,0.050354,0
0.0015259,-0.010223,-0.1004,2.0482,0.055237,0
0.005188,-0.010529,-0.09491,2.5033,0.061646,0
0.007782,-0.0036621,-0.063019,2.0482,0.065918,0
0.01297,0.0015259,-0.034943,1.1379,0.067444,0
0.016937,-0.00076294,-0.026703,1.3655,0.065613,0
0.018921,-0.0053406,-0.02594,1.5931,0.059814,0
0.019531,-0.0064087,-0.021362,1.5931,0.054932,0
0.02182,-0.0061035,-0.013885,2.0482,0.053101,0
0.027466,-0.0045776,-0.010834,1.8206,0.054016,0
0.033417,-0.0035095,-0.011597,1.8206,0.056458,0
0.032959,-0.0015259,-0.0091553,2.0482,0.06012,0
0.032196,0.00076294,-0.0079346,2.5033,0.065308,0
0.036469,0.0018311,-0.009613,2.2757,0.06958,0
0.041046,-0.00061035,-0.0045776,2.2757,0.074768,0
0.036621,-0.0032043,0.0056458,1.8206,0.076599,0
0.020599,-0.0056458,0.010529,1.5931,0.079956,0
0.007782,-0.0082397,0.010986,2.2757,0.082397,0
0.0082397,-0.007019,0.015411,2.0482,0.086365,0
0.014343,-0.0018311,0.025177,2.2757,0.090027,0
0.014191,0.0042725,0.032501,2.9584,0.093994,0
0.012512,0.0083923,0.031738,2.5033,0.097046,0
0.012817,0.010223,0.025787,2.2757,0.1004,0
0.01236,0.0099182,0.019531,3.186,0.10437,0
0.0053406,0.0086975,0.013123,2.7309,0.10803,0
-0.0021362,0.007782,0.0045776,2.7309,0.112,0
-0.0099182,0.0065613,-0.0064087,2.9584,0.1181,0
-0.012512,0.0036621,-0.016937,1.8206,0.12665,0
-0.0090027,0.0039673,-0.020599,2.7309,0.13245,0
-0.0059509,0.0068665,-0.015411,2.2757,0.13611,0
0.0015259,0.010223,-0.0071716,2.5033,0.13824,0
0.020447,0.012817,-0.00045776,1.8206,0.13885,0
0.036163,0.015564,0.0021362,2.2757,0.13519,0
0.036469,0.015717,0,2.5033,0.12939,0
0.022736,0.012512,-0.0085449,2.5033,0.12085,0
0.0073242,0.0080872,-0.021667,2.9584,0.11139,0
0.0021362,0.005188,-0.032959,2.0482,0.10315,0
0.0042725,0.0028992,-0.036011,2.7309,0.09491,0
0.0022888,0.0024414,-0.032501,2.2757,0.087891,0
-0.0038147,0.0061035,-0.023499,2.0482,0.082397,0
-0.0016785,0.009613,-0.010529,2.0482,0.075684,0
-0.0030518,0.010223,0.0028992,2.0482,0.066528,0
-0.014191,0.010529,0.012512,2.2757,0.057678,0
-0.024719,0.010529,0.019226,2.5033,0.049133,0
-0.031586,0.0082397,0.023651,2.0482,0.042114,0
-0.034485,0.0041199,0.025177,2.2757,0.037842,0
-0.03067,0.0041199,0.025787,2.0482,0.037231,0
-0.020294,0.0027466,0.027161,2.0482,0.03479,0
-0.014343,-0.0028992,0.025177,1.5931,0.032043,0
-0.0090027,-0.0080872,0.019989,1.8206,0.028687,0
-0.0010681,-0.011902,0.01297,1.8206,0.022583,0
0.0074768,-0.01358,0.0062561,2.0482,0.016479,0
0.012054,-0.013123,-0.0086975,2.2757,0.010376,0
0.0099182,-0.011139,-0.029755,2.0482,0.0057983,0
0.0088501,-0.0071716,-0.046844,1.5931,0.0015259,0
0.0090027,-0.0015259,-0.050201,1.8206,-0.0039673,0
0.0091553,0.0035095,-0.036011,2.2757,-0.011597,0
0.0090027,0.0068665,-0.019684,2.2757,-0.01709,0
-0.0027466,0.007782,-0.014343,3.186,-0.020447,0
-0.0088501,0.0080872,-0.013123,2.0482,-0.019531,0
-0.0073242,0.0082397,-0.012817,2.7309,-0.016174,0
-0.0018311,0.0073242,-0.0036621,2.2757,-0.011902,0
0.0062561,0.0067139,0.0088501,2.9584,-0.010376,0
0.010529,0.0085449,0.01236,2.2757,-0.010681,0
0.0074768,0.010834,0.016632,2.2757,-0.015564,0
0.0024414,0.01236,0.02182,2.5033,-0.020142,0
0,0.012665,0.022125,2.0482,-0.024414,0
0.00091553,0.010681,0.020142,1.8206,-0.028381,0
-0.0022888,0.0086975,0.02182,2.2757,-0.028381,0
-0.010071,0.010529,0.026245,2.2757,-0.02594,0
-0.014191,0.010071,0.028381,2.5033,-0.022278,0
-0.017548,0.0053406,0.024109,2.2757,-0.018311,0
-0.019531,0.0010681,0.016174,2.9584,-0.012512,0
-0.017548,-0.0013733,0.009613,3.186,-0.010681,0
-0.013123,-0.00091553,0.0054932,2.9584,-0.0094604,0
-0.0039673,-0.0016785,0.0080872,2.7309,-0.0082397,0
0.0076294,-0.005188,0.017395,1.8206,-0.0073242,0
0.015411,-0.0064087,0.019989,2.2757,-0.0073242,0
0.010223,-0.0076294,0.011444,2.0482,-0.0048828,0
-0.00076294,-0.0085449,0.00061035,1.5931,-0.0018311,0
-0.0050354,-0.009613,-0.0048828,2.0482,0.00061035,0
0.0036621,-0.010986,-0.0047302,1.8206,0.005188,0
0.015411,-0.010223,0.0010681,1.8206,0.0097656,0
0.023193,-0.0083923,0.013428,2.0482,0.013123,0
0.028381,-0.0086975,0.026855,2.2757,0.0177,0
0.031891,-0.0090027,0.036163,2.5033,0.020752,0
0.027008,-0.0074768,0.041504,2.2757,0.022278,0
0.018921,-0.0050354,0.041656,1.8206,0.023499,0
0.0093079,-0.0056458,0.039215,1.5931,0.02655,0
0.0024414,-0.0080872,0.039825,2.2757,0.032349,0
-0.0027466,-0.0088501,0.046082,2.2757,0.036316,0
-0.0061035,-0.0091553,0.048676,2.0482,0.041504,0
-0.0061035,-0.0097656,0.047913,2.0482,0.046387,0
-0.0054932,-0.0091553,0.04715,2.2757,0.053711,0
-0.007019,-0.0065613,0.039825,2.0482,0.058899,0
-0.0061035,-0.0038147,0.020142,2.7309,0.061646,0
-0.004425,-0.0013733,-0.0022888,2.7309,0.061035,0
-0.0016785,0.0018311,-0.015259,2.2757,0.06073,0
0.0016785,0.0050354,-0.011139,2.5033,0.06134,0
0,0.0059509,-0.0033569,2.0482,0.059814,0
-0.0048828,0.0038147,0.00076294,2.7309,0.056458,0
-0.011139,0.002594,0.0033569,3.186,0.050659,0
-0.016937,-0.00076294,0.0064087,2.7309,0.048523,0
-0.019836,-0.0053406,0.0054932,2.2757,0.046387,0
-0.020142,-0.0056458,-0.00091553,2.7309,0.044861,0
-0.017395,-0.0047302,-0.0068665,2.2757,0.042725,0
-0.011444,-0.0019836,-0.0053406,2.9584,0.040283,0
-0.0059509,0.0033569,0.0076294,2.7309,0.037537,0
0.00045776,0.0068665,0.023346,2.5033,0.037842,0
0.0061035,0.0093079,0.029297,2.5033,0.041809,0
0.011139,0.011139,0.031738,2.2757,0.05127,0
0.012054,0.0090027,0.037231,2.5033,0.061951,0
0.013428,0.0068665,0.046539,2.9584,0.06958,0
0.016785,0.0053406,0.055695,2.5033,0.077515,0
0.014343,0.0012207,0.052643,2.5033,0.083008,0
0.0083923,-0.00045776,0.036316,2.2757,0.086975,0
0.0035095,0.00015259,0.017548,2.0482,0.091858,0
0.0035095,-0.00030518,0.0028992,1.8206,0.097961,0
0.0022888,-0.002594,-0.007019,2.2757,0.10468,0
-0.0057983,-0.0053406,-0.0079346,2.5033,0.11017,0
-0.02243,-0.0048828,0.0024414,2.5033,0.112,0
-0.031433,-0.0016785,0.016022,2.2757,0.11261,0
-0.030365,-0.00076294,0.027161,2.2757,0.11383,0
-0.029297,0.00076294,0.031738,1.3655,0.11597,0
-0.027008,0.0038147,0.030823,2.0482,0.11993,0
-0.013275,0.0030518,0.02594,1.8206,0.12177,0
0.0065613,0.0012207,0.011597,2.0482,0.12421,0
0.021973,-0.00076294,-0.007019,1.5931,0.13,0
0.030365,-0.0032043,-0.018616,2.2757,0.14008,0
0.030518,-0.0045776,-0.019836,1.8206,0.15381,0
0.02533,-0.007019,-0.016479,1.8206,0.16388,0
0.02243,-0.007782,-0.014801,2.5033,0.1712,0
0.020447,-0.0054932,-0.011139,2.2757,0.17365,0
0.013885,-0.0035095,-0.0068665,2.2757,0.17212,0
0.0050354,-0.0038147,-0.011902,2.2757,0.16876,0
0.00030518,-0.0024414,-0.028381,1.5931,0.16663,0
0.0048828,0.00045776,-0.043335,2.2757,0.16602,0
0.0082397,0.0033569,-0.042572,2.2757,0.16235,0
0.0061035,0.004425,-0.035248,2.7309,0.15686,0
0.0024414,0.0036621,-0.028229,2.0482,0.14862,0
-0.0013733,0.004425,-0.023041,2.5033,0.13824,0
-0.0012207,0.0090027,-0.020447,2.2757,0.12909,0
0.0061035,0.010376,-0.015106,2.0482,0.12146,0
0.017548,0.0079346,-0.0065613,1.8206,0.11993,0
0.02243,0.004425,0,2.0482,0.12146,0
0.018463,0.00076294,-0.0035095,2.7309,0.12238,0
0.011139,-0.00015259,-0.0099182,2.5033,0.12085,0
0.0062561,-0.0022888,-0.0068665,2.9584,0.11658,0
0.0045776,-0.0059509,0.0035095,2.7309,0.10925,0
-0.0036621,-0.0090027,0.013733,3.186,0.10071,0
-0.015717,-0.010986,0.02121,2.5033,0.094604,0
-0.028381,-0.011292,0.021362,2.9584,0.088806,0
-0.03479,-0.011444,0.016479,2.7309,0.085144,0
-0.035706,-0.012054,0.019073,2.7309,0.081482,0
-0.033875,-0.01358,0.030365,2.5033,0.079956,0
-0.027313,-0.013123,0.039368,1.8206,0.074463,0
-0.01709,-0.011444,0.037994,2.7309,0.062866,0
-0.0088501,-0.0093079,0.034485,2.2757,0.046997,0
-0.0090027,-0.0083923,0.0354,2.2757,0.031128,0
-0.015259,-0.0053406,0.040131,2.5033,0.021667,0
-0.022888,-0.0022888,0.045776,2.5033,0.019531,0
-0.021362,-0.0010681,0.049591,2.0482,0.021057,0
-0.013275,0.00030518,0.04837,2.5033,0.020447,0
-0.0086975,0.00076294,0.041199,2.9584,0.018921,0
-0.0062561,0.0021362,0.030823,2.5033,0.016785,0
-0.0028992,0.0047302,0.023499,2.5033,0.014954,0
0.0041199,0.0048828,0.016022,2.2757,0.011902,0
0.012512,0.0019836,0.0071716,2.2757,0.0057983,0
0.019836,-0.0024414,0.00076294,1.8206,-0.0033569,0
0.024414,-0.007782,-0.0033569,2.5033,-0.011597,0
0.023499,-0.012054,-0.0059509,1.3655,-0.023193,0
0.015259,-0.010223,-0.0047302,1.8206,-0.032654,0
0.0065613,-0.0076294,-0.0027466,1.8206,-0.040588,0
0.0053406,-0.0073242,0.0030518,1.8206,-0.041809,0
0.0061035,-0.0083923,0.013123,2.2757,-0.040894,0
-0.0012207,-0.0073242,0.019836,2.2757,-0.039978,0
-0.010376,-0.0054932,0.022888,2.7309,-0.045471,0
-0.014038,-0.0056458,0.020905,2.2757,-0.050964,0
-0.015259,-0.004425,0.022736,2.7309,-0.059814,0
-0.016479,-0.0056458,0.029144,2.0482,-0.066833,0
-0.0177,-0.0082397,0.034637,2.5033,-0.073547,0
-0.018768,-0.0097656,0.034332,2.7309,-0.079346,0
-0.023956,-0.010834,0.031891,2.0482,-0.085144,0
-0.027008,-0.010834,0.028381,2.2757,-0.08728,0
-0.027771,-0.0094604,0.022736,2.2757,-0.087585,0
-0.028839,-0.0082397,0.018463,2.2757,-0.088501,0
-0.033722,-0.0056458,0.016785,2.7309,-0.090637,0
-0.029755,-0.0012207,0.016632,3.4135,-0.092773,0
-0.019226,0,0.009613,3.4135,-0.09491,0
-0.0083923,-0.0035095,-0.0059509,2.5033,-0.096436,0
-0.0041199,-0.0076294,-0.020599,2.5033,-0.096436,0
-0.0028992,-0.009613,-0.027161,3.186,-0.095825,0
-0.007019,-0.0076294,-0.029297,2.5033,-0.092773,0
-0.0082397,-0.0057983,-0.030823,2.7309,-0.090332,0
-0.0042725,-0.007782,-0.027618,2.2757,-0.08728,0
0.002594,-0.010681,-0.017242,2.7309,-0.082397,0
0.013885,-0.010376,-0.0056458,2.5033,-0.079651,0
0.019989,-0.0059509,-0.0013733,2.5033,-0.075684,0
0.018768,-0.0018311,0,2.5033,-0.072327,0
0.018463,0.0012207,0.0083923,2.5033,-0.07019,0
0.024719,0.002594,0.019684,2.2757,-0.07019,0
0.031738,0.0015259,0.024872,1.8206,-0.06958,0
0.035706,0,0.021515,1.8206,-0.067139,0
0.030518,0.0010681,0.014038,2.2757,-0.063477,0
0.023499,0.0041199,0.011749,1.8206,-0.058594,0
0.018463,0.0053406,0.020294,1.3655,-0.052185,0
0.016479,0.0038147,0.029144,2.7309,-0.044556,0
0.019531,0.0053406,0.029907,2.5033,-0.041199,0
0.02121,0.0085449,0.02655,2.5033,-0.042114,0
0.021515,0.0083923,0.022736,2.5033,-0.047913,0
0.019989,0.0088501,0.016785,2.2757,-0.054932,0
0.019531,0.010223,0.014343,2.2757,-0.061646,0
0.01358,0.011139,0.016632,2.0482,-0.066833,0
0.0021362,0.0093079,0.020142,2.2757,-0.070801,0
-0.0090027,0.0030518,0.018921,2.0482,-0.071716,0
-0.015411,0.002594,0.0076294,2.2757,-0.078735,0
-0.013123,0.004425,-0.0035095,2.0482,-0.08667,0
0.0024414,0.0024414,-0.0039673,2.2757,-0.098267,0
0.020752,-0.0013733,0.00045776,2.0482,-0.10742,0
0.025635,-0.0027466,0.0013733,2.2757,-0.11444,0
0.015106,-0.0021362,-0.0033569,2.5033,-0.11505,0
0.0030518,0,-0.004425,2.5033,-0.11139,0
-0.0016785,0.0022888,-0.0016785,2.2757,-0.10315,0
0.0012207,0.0021362,0.0039673,2.7309,-0.097046,0
0.0033569,-0.00045776,0.0080872,2.5033,-0.094299,0
0.0039673,-0.0022888,0.0091553,2.0482,-0.093994,0
0.0028992,-0.0019836,0.010376,2.2757,-0.095215,0
0.00076294,-0.0016785,0.012665,1.8206,-0.097351,0
0.00015259,-0.00076294,0.014191,2.5033,-0.093689,0
0.0033569,0.00045776,0.0079346,2.2757,-0.085144,0
0.0059509,0.00030518,-0.0042725,2.0482,-0.072327,0
0.0093079,-0.00091553,-0.014191,1.8206,-0.056458,0
0.011292,-0.0041199,-0.017395,2.5033,-0.038757,0
0.011597,-0.0050354,-0.018616,2.7309,-0.020447,0
0.0076294,-0.0038147,-0.02121,2.5033,-0.0045776,0
-0.00030518,-0.0036621,-0.026245,2.0482,0.005188,0
-0.0068665,-0.0047302,-0.031128,2.7309,0.013123,0
-0.012665,-0.004425,-0.033264,2.7309,0.023193,0
-0.013428,-0.004425,-0.032501,2.5033,0.032654,0
-0.011444,-0.0018311,-0.029755,2.5033,0.040588,0
-0.014801,0.0013733,-0.027924,1.8206,0.044861,0
-0.014648,0.0038147,-0.02655,2.0482,0.048828,0
-0.010529,0.0059509,-0.024872,1.8206,0.05249,0
-0.0071716,0.0061035,-0.025024,1.3655,0.06134,0
-0.0028992,0.0036621,-0.02655,2.9584,0.070801,0
0.0045776,0.0042725,-0.02655,2.5033,0.079651,0
0.013275,0.0045776,-0.023041,2.2757,0.087891,0
0.015259,0.0021362,-0.014648,2.0482,0.092163,0
0.0064087,0.0013733,-0.0067139,2.2757,0.090637,0
0.00076294,0.005188,-0.0068665,2.5033,0.085449,0
0.0038147,0.0067139,-0.0076294,2.5033,0.079041,0
0.015411,0.0065613,-0.0021362,1.8206,0.076294,0
0.023193,0.0059509,0.0032043,1.8206,0.076294,0
0.020447,0.0047302,0.0082397,2.5033,0.075989,0
0.007019,0.005188,0.0099182,2.7309,0.075073,0
-0.0064087,0.0073242,0.0054932,2.2757,0.071716,0
-0.0073242,0.010223,0.00045776,2.7309,0.066528,0
-0.0062561,0.010834,-0.00045776,3.186,0.06012,0
-0.015106,0.0071716,0.0028992,2.5033,0.054932,0
-0.024414,0.0050354,0.0093079,2.9584,0.050049,0
-0.024872,0.0061035,0.016022,2.7309,0.04425,0
-0.016632,0.0065613,0.017853,3.4135,0.036926,0
-0.0076294,0.0062561,0.016022,3.186,0.027466,0
0.0028992,0.0061035,0.012512,2.7309,0.017395,0
0.014801,0.0090027,0.0054932,2.0482,0.0067139,0
0.02655,0.011292,-0.0057983,2.9584,-0.0039673,0
0.028534,0.011139,-0.017242,2.7309,-0.018005,0
0.018768,0.0088501,-0.021515,2.7309,-0.031738,0
0.014343,0.0047302,-0.024872,3.4135,-0.044556,0
0.010834,0.00015259,-0.031433,2.7309,-0.055847,0
0.0067139,-0.0018311,-0.033417,2.5033,-0.064697,0
0.0036621,0.0016785,-0.025177,2.0482,-0.072021,0
-0.0033569,0.0028992,-0.016327,2.2757,-0.076294,0
-0.015106,0.0019836,-0.012817,2.2757,-0.078125,0
-0.02121,0.002594,-0.0039673,2.5033,-0.077515,0
-0.018311,0.0030518,0.016632,3.186,-0.074768,0
-0.013275,0.0015259,0.042114,3.4135,-0.072021,0
-0.0082397,-0.00091553,0.057678,2.7309,-0.067749,0
-0.00045776,-0.0012207,0.057983,2.2757,-0.06134,0
0.0059509,-0.0013733,0.047302,2.7309,-0.054016,0
0.0086975,-0.0012207,0.038605,2.5033,-0.048523,0
0.0091553,-0.0035095,0.035706,2.0482,-0.045166,0
0.012054,-0.0041199,0.039825,2.5033,-0.040283,0
0.015259,-0.0033569,0.044708,2.5033,-0.03418,0
0.020599,-0.0013733,0.041504,2.2757,-0.028076,0
0.028534,0,0.028534,2.9584,-0.022278,0
0.03006,-0.00091553,0.014191,2.0482,-0.014343,0
0.022583,-0.002594,0.0035095,2.0482,-0.0042725,0
0.0097656,-0.0019836,-0.0061035,2.2757,0.0073242,0
-0.0019836,-0.0024414,-0.016479,1.8206,0.021362,0
-0.013733,-0.0028992,-0.028534,2.9584,0.040283,0
-0.025482,-0.0027466,-0.039978,2.5033,0.063171,0
-0.033722,-0.0036621,-0.049286,2.5033,0.087585,0
-0.033722,-0.0041199,-0.061035,2.7309,0.11292,0
-0.023651,-0.0041199,-0.078125,2.9584,0.13458,0
-0.011444,-0.0032043,-0.089264,3.186,0.15442,0
-0.0038147,-0.0035095,-0.086212,2.7309,0.17487,0
0.0094604,-0.0048828,-0.074615,2.5033,0.19531,0
0.019684,-0.0035095,-0.057831,2.2757,0.21729,0
0.020752,-0.0012207,-0.037994,2.0482,0.23651,0
0.012817,-0.00061035,-0.023499,2.2757,0.24994,0
-0.0030518,-0.0012207,-0.013428,2.0482,0.25879,0
-0.020294,-0.00030518,0.0039673,2.0482,0.26367,0
-0.034943,0.0030518,0.028687,2.2757,0.26672,0
-0.046234,0.0050354,0.047302,2.7309,0.2655,0
-0.042877,0.0028992,0.053253,2.7309,0.26154,0
-0.029449,-0.0015259,0.050812,1.8206,0.25269,0
-0.022278,-0.0042725,0.046692,1.5931,0.24323,0
-0.0177,-0.0039673,0.041809,1.8206,0.22766,0
-0.01297,-0.0019836,0.037079,2.2757,0.21149,0
-0.012054,-0.0016785,0.03067,2.5033,0.19501,0
-0.010223,-0.0015259,0.022736,2.7309,0.17731,0
-0.007019,-0.0022888,0.011749,2.7309,0.15869,0
-0.010986,-0.0050354,-0.0038147,2.5033,0.13824,0
-0.018158,-0.0062561,-0.024261,2.2757,0.11536,0
-0.014648,-0.0045776,-0.03891,2.5033,0.088196,0
-0.00061035,-0.0048828,-0.041199,1.8206,0.06012,0
0.005188,-0.0061035,-0.037994,1.5931,0.030212,0
-0.0038147,-0.0057983,-0.034943,2.0482,0.00091553,0
-0.011749,-0.0053406,-0.035706,2.0482,-0.027466,0
-0.015869,-0.0054932,-0.043945,1.8206,-0.055847,0
-0.016022,-0.0030518,-0.049744,1.8206,-0.08606,0
-0.011597,0.00061035,-0.05188,2.0482,-0.11627,0
-0.0073242,0.0027466,-0.054474,2.5033,-0.1474,0
-0.0041199,0.0030518,-0.054779,2.0482,-0.17731,0
0.00091553,0.0015259,-0.047455,1.8206,-0.20416,0
0.0086975,-0.00076294,-0.034637,2.7309,-0.23163,0
0.018768,-0.0010681,-0.022278,2.7309,-0.25696,0
0.021667,0,-0.011139,2.2757,-0.28229,0
0.023041,0.00076294,-0.0012207,1.8206,-0.30731,0
0.029297,0.00061035,0.013123,1.8206,-0.3299,0
0.03952,0.0022888,0.030975,1.8206,-0.35004,0
0.045471,0.0050354,0.041351,2.5033,-0.3656,0
0.047607,0.0030518,0.040588,2.7309,-0.37628,0
0.045319,-0.0028992,0.032196,2.7309,-0.3833,0
0.041351,-0.007019,0.026245,2.0482,-0.39246,0
0.040588,-0.0056458,0.031128,2.2757,-0.40039,0
0.037994,-0.0057983,0.040436,2.2757,-0.40527,0
0.028687,-0.0079346,0.04776,2.0482,-0.40833,0
0.016022,-0.01236,0.055084,2.5033,-0.41107,0
0.0038147,-0.013123,0.057068,2.2757,-0.41443,0
-0.0030518,-0.010071,0.054321,2.7309,-0.41962,0
-0.0079346,-0.0099182,0.052795,2.5033,-0.4248,0
-0.0097656,-0.010986,0.055084,2.9584,-0.42755,0
-0.010223,-0.010681,0.062866,2.7309,-0.42938,0
-0.0076294,-0.0086975,0.069275,2.7309,-0.43121,0
-0.0045776,-0.0085449,0.069122,2.7309,-0.4306,0
-0.00045776,-0.0093079,0.063629,2.5033,-0.43121,0
0.005188,-0.0057983,0.059509,2.5033,-0.42816,0
0.012512,-0.0019836,0.056915,2.5033,-0.4245,0
0.019836,-0.0010681,0.054321,2.7309,-0.42206,0
0.018005,-0.0027466,0.055695,2.7309,-0.41901,0
0.0028992,-0.0019836,0.06424,2.2757,-0.41626,0
-0.0082397,-0.0036621,0.07782,3.186,-0.41565,0
-0.0080872,-0.0056458,0.088806,2.7309,-0.41229,0
-0.0048828,-0.0067139,0.09613,3.186,-0.40649,0
-0.010376,-0.0041199,0.098267,2.7309,-0.39856,0
-0.020905,0.00015259,0.10025,2.9584,-0.38971,0
-0.027618,0.0015259,0.10635,2.9584,-0.37994,0
-0.031128,0.00030518,0.11154,2.7309,-0.37323,0
-0.026703,-0.0019836,0.1091,2.7309,-0.36865,0
-0.018005,-0.0028992,0.10452,2.7309,-0.36346,0
-0.004425,-0.0028992,0.10086,1.8206,-0.35797,0
0.0035095,-0.0022888,0.094147,1.8206,-0.35156,0
0.0024414,-0.00015259,0.086823,2.5033,-0.34271,0
-0.002594,0.00045776,0.079651,2.2757,-0.33325,0
-0.0061035,-0.0018311,0.072327,2.2757,-0.32379,0
-0.0050354,-0.0054932,0.066223,2.0482,-0.31464,0
-0.0019836,-0.0062561,0.064545,2.7309,-0.3067,0
-0.0022888,-0.0057983,0.066681,2.2757,-0.29846,0
-0.0027466,-0.0054932,0.067749,2.7309,-0.29236,0
-0.0042725,-0.004425,0.068054,2.2757,-0.28656,0
-0.0076294,-0.0016785,0.067291,2.2757,-0.28046,0
-0.0085449,0.00030518,0.063934,1.8206,-0.27008,0
-0.0065613,0.0032043,0.059204,2.0482,-0.25879,0
-0.0016785,0.0071716,0.058136,2.5033,-0.24536,0
0.0036621,0.0094604,0.059204,2.9584,-0.23102,0
0.0088501,0.0090027,0.05722,2.7309,-0.21637,0
0.018005,0.0071716,0.050354,1.8206,-0.20172,0
0.02533,0.00076294,0.041809,2.5033,-0.18738,0
0.022583,-0.0022888,0.035248,2.7309,-0.17639,0
0.013428,-0.0028992,0.027466,2.7309,-0.16449,0
0.0082397,-0.0067139,0.014343,2.7309,-0.15411,0
0.0042725,-0.010376,0.0033569,2.2757,-0.14496,0
-0.0018311,-0.012054,0.00076294,2.5033,-0.14008,0
-0.0059509,-0.015869,0,2.0482,-0.1355,0
-0.013275,-0.015106,-0.0041199,2.7309,-0.13153,0
-0.020752,-0.0083923,-0.0062561,2.9584,-0.12756,0
-0.022888,-0.0018311,-0.0012207,2.9584,-0.12146,0
-0.017242,0.00030518,0.0035095,2.5033,-0.1178,0
-0.012512,0.0015259,0.0010681,2.5033,-0.11658,0
-0.0061035,0.0032043,-0.0033569,2.7309,-0.11414,0
-0.0036621,0.0073242,-0.0013733,2.5033,-0.1123,0
-0.0083923,0.011444,0.0059509,2.2757,-0.10986,0
-0.018463,0.014496,0.011444,3.186,-0.10895,0
-0.027466,0.015411,0.0177,2.2757,-0.11383,0
-0.025482,0.012512,0.027008,2.5033,-0.11963,0
-0.013885,0.012512,0.037689,2.7309,-0.13306,0
-0.0059509,0.016022,0.040741,2.9584,-0.14832,0
-0.007019,0.018005,0.036163,2.7309,-0.16357,0
-0.011902,0.016174,0.033569,2.7309,-0.17975,0
-0.0094604,0.01236,0.03418,2.2757,-0.19501,0
-0.0021362,0.0074768,0.035553,2.5033,-0.21484,0
0.0065613,0.0057983,0.036011,2.7309,-0.2359,0
0.014801,0.0054932,0.036163,2.0482,-0.26031,0
0.015564,0.005188,0.036163,2.5033,-0.2832,0
0.015869,0.0056458,0.036316,2.2757,-0.3064,0
0.020752,0.0056458,0.035706,2.2757,-0.32684,0
0.023041,0.0080872,0.036621,2.2757,-0.34546,0
0.023956,0.013123,0.041046,1.8206,-0.36316,0
0.024109,0.01358,0.043945,1.8206,-0.38116,0
0.019989,0.0097656,0.041656,2.2757,-0.39795,0
0.016174,0.010376,0.033875,2.7309,-0.4129,0
0.01297,0.015564,0.022888,2.7309,-0.4245,0
0.011749,0.0177,0.011139,1.5931,-0.43457,0
0.014038,0.012665,0.00091553,2.0482,-0.44281,0
0.011749,0.0061035,-0.0076294,1.8206,-0.448,0
-0.00091553,-0.00045776,-0.018158,2.2757,-0.44983,0
-0.015106,-0.0061035,-0.025787,2.0482,-0.44739,0
-0.018311,-0.0085449,-0.029907,1.8206,-0.44189,0
-0.0045776,-0.0059509,-0.032501,2.7309,-0.43518,0
0.012512,-0.0010681,-0.034027,2.7309,-0.42358,0
0.027924,-0.0018311,-0.035248,3.186,-0.40955,0
0.038605,-0.0042725,-0.035706,1.8206,-0.39062,0
0.039825,-0.0042725,-0.04364,2.5033,-0.37018,0
0.032501,-0.002594,-0.060883,2.5033,-0.34882,0
0.019836,0.0013733,-0.075226,2.9584,-0.32867,0
0.010681,0.0019836,-0.077209,2.9584,-0.30945,0
0.0045776,-0.0012207,-0.071716,2.5033,-0.28992,0
0.0024414,-0.0024414,-0.066223,2.5033,-0.26794,0
0.0059509,-0.0028992,-0.066071,2.0482,-0.2417,0
0.0056458,-0.0059509,-0.068207,2.2757,-0.2121,0
0.0018311,-0.0093079,-0.068512,2.7309,-0.17761,0
-0.0013733,-0.0097656,-0.06897,2.2757,-0.14221,0
-0.0038147,-0.009613,-0.070801,2.5033,-0.10925,0
-0.0024414,-0.0080872,-0.068359,2.5033,-0.076294,0
0,-0.0071716,-0.060883,2.0482,-0.047913,0
0.0056458,-0.0041199,-0.05127,2.0482,-0.018616,0
0.0082397,-0.0021362,-0.043335,2.5033,0.010071,0
0.0035095,-0.0013733,-0.037994,2.5033,0.039062,0
-0.00076294,-0.0016785,-0.033417,2.7309,0.066223,0
-0.0027466,0.00091553,-0.023956,2.2757,0.08667,0
-0.0068665,0.0036621,-0.011749,2.2757,0.10132,0
-0.010986,0.0039673,-0.0012207,2.2757,0.11047,0
-0.009613,0.0067139,0.0053406,2.0482,0.12115,0
-0.0028992,0.0074768,0.0059509,2.2757,0.13428,0
0.005188,0.0019836,0.0027466,2.7309,0.14954,0
0.01236,-0.0018311,-0.0068665,1.8206,0.16449,0
0.0091553,-0.0012207,-0.024872,1.8206,0.17853,0
-0.0039673,-0.0019836,-0.046387,1.5931,0.19073,0
-0.0082397,-0.0065613,-0.062866,2.0482,0.19836,0
0.00091553,-0.0088501,-0.072327,2.9584,0.20264,0
0.010071,-0.0067139,-0.071869,2.0482,0.20386,0
0.010986,-0.004425,-0.063934,2.2757,0.20721,0
0.012817,-0.0024414,-0.055084,2.2757,0.21332,0
0.015106,0.0024414,-0.050659,2.5033,0.22186,0
0.016327,0.0039673,-0.052338,2.7309,0.23285,0
0.015259,0.0019836,-0.051422,2.5033,0.24261,0
0.015869,0.00015259,-0.046387,2.2757,0.25085,0
0.016327,-0.0018311,-0.040741,2.0482,0.25482,0
0.022125,-0.0018311,-0.036011,2.5033,0.25482,0
0.033417,-0.0016785,-0.03006,2.7309,0.25116,0
0.044708,-0.0028992,-0.023193,2.2757,0.24872,0
0.054626,-0.0022888,-0.016632,2.7309,0.24567,0
0.053711,-0.0010681,-0.015259,2.7309,0.24506,0
0.042267,-0.00045776,-0.020294,2.9584,0.24506,0
0.023041,-0.0013733,-0.030975,3.186,0.24445,0
0.0042725,-0.0016785,-0.039062,2.9584,0.24048,0
-0.010376,-0.002594,-0.041962,2.5033,0.23438,0
-0.02594,-0.0028992,-0.042267,2.7309,0.22491,0
-0.039978,-0.0010681,-0.043945,2.9584,0.21576,0
-0.052338,-0.00030518,-0.046692,2.2757,0.20721,0
-0.066223,-0.00061035,-0.049744,1.8206,0.19806,0
-0.077667,-0.00015259,-0.048828,2.7309,0.18799,0
-0.081024,-0.0028992,-0.044708,2.7309,0.17944,0
-0.071869,-0.0045776,-0.041046,2.5033,0.17151,0
-0.052643,-0.005188,-0.038605,2.7309,0.16388,0
-0.033112,-0.0053406,-0.028839,1.8206,0.15564,0
-0.02594,-0.0054932,-0.013428,1.8206,0.14282,0
-0.030518,-0.0068665,-0.0045776,2.7309,0.12817,0
-0.036469,-0.0076294,-0.0053406,2.5033,0.11261,0
-0.035248,-0.0082397,-0.01297,1.5931,0.097961,0
-0.027771,-0.012054,-0.026398,2.0482,0.084839,0
-0.020905,-0.014496,-0.039825,2.0482,0.072327,0
-0.016785,-0.011597,-0.045776,2.5033,0.06134,0
-0.015411,-0.0048828,-0.036926,2.5033,0.049438,0
-0.012665,-0.0010681,-0.023193,2.5033,0.034485,0
-0.013275,-0.0019836,-0.016479,2.2757,0.015564,0
-0.013428,-0.00061035,-0.011139,1.1379,0.00091553,0
-0.011749,0.0019836,-0.0047302,1.5931,-0.010681,0
-0.0076294,0.0015259,0.0033569,2.0482,-0.022278,0
-0.0033569,0.00015259,0.012512,1.8206,-0.037537,0
0.0056458,0.0010681,0.023804,2.7309,-0.054016,0
0.018768,0.0036621,0.03067,2.2757,-0.068359,0
0.035553,0.0035095,0.02594,2.0482,-0.077209,0
0.050659,-0.00015259,0.020142,2.2757,-0.084839,0
0.049896,-0.0019836,0.020752,2.7309,-0.090027,0
0.035248,-0.0012207,0.020599,2.0482,-0.09613,0
0.019531,0.00091553,0.010071,2.2757,-0.10345,0
0.0048828,0.0035095,-0.0065613,2.2757,-0.11047,0
-0.0038147,0.0042725,-0.018005,2.5033,-0.11383,0
0.0064087,0.004425,-0.026703,2.7309,-0.11169,0
0.037079,0.0054932,-0.033417,2.5033,-0.10864,0
0.06012,0.0038147,-0.031128,2.5033,-0.10712,0
0.054016,0.0018311,-0.016479,2.2757,-0.10834,0
0.0383,0.00076294,0.00045776,2.5033,-0.10986,0
0.02533,0.00045776,0.01358,2.5033,-0.10925,0
0.011902,0.0019836,0.02594,2.5033,-0.10498,0
0.0032043,0.0062561,0.039215,2.2757,-0.098572,0
-0.0013733,0.010223,0.050049,2.2757,-0.092773,0
-0.0054932,0.012512,0.056305,2.2757,-0.090637,0
-0.010376,0.012054,0.053253,2.2757,-0.089722,0
-0.01358,0.0088501,0.045624,2.2757,-0.089417,0
-0.014954,0.0035095,0.037842,2.2757,-0.084839,0
-0.0086975,-0.0035095,0.027771,2.2757,-0.077209,0
0.00091553,-0.016785,0.022736,1.8206,-0.067749,0
0.0038147,-0.024872,0.023346,2.5033,-0.058594,0
-0.0035095,-0.017242,0.025177,2.0482,-0.050354,0
-0.010223,-0.0064087,0.031128,2.9584,-0.039978,0
-0.005188,-0.0022888,0.03418,2.2757,-0.028381,0
0.0076294,0.0022888,0.027466,2.2757,-0.019836,0
0.018616,0.0097656,0.019073,2.2757,-0.010681,0
0.023041,0.0091553,0.017395,2.9584,-0.0036621,0
0.019989,0,0.020447,2.2757,0.0054932,0
0.018768,-0.0045776,0.019684,2.2757,0.0076294,0
0.017548,-0.0019836,0.018005,2.0482,0.0088501,0
0.012512,0.0012207,0.016174,1.8206,0.013123,0
0.0086975,0.0061035,0.013885,2.2757,0.018616,0
0.0085449,0.0094604,0.012054,1.8206,0.025024,0
0.013123,0.0080872,0.012512,2.2757,0.031128,0
0.014191,0.0022888,0.012207,1.5931,0.035095,0
0.0076294,-0.002594,0.0024414,1.3655,0.037231,0
-0.00091553,-0.0016785,-0.0177,1.3655,0.038147,0
-0.0030518,0.0032043,-0.029755,1.8206,0.042419,0
-0.0016785,0.0071716,-0.018768,2.0482,0.044861,0
-0.0048828,0.0065613,0.0027466,1.8206,0.046082,0
-0.014191,0.0035095,0.010681,1.8206,0.046692,0
-0.023041,0.00091553,0.0024414,2.0482,0.049744,0
-0.022583,0.00061035,-0.0059509,2.9584,0.053711,0
-0.015717,-0.0016785,-0.010834,2.2757,0.057983,0
-0.0032043,-0.0061035,-0.013275,2.7309,0.061646,0
0.0093079,-0.0080872,-0.010223,2.0482,0.063477,0
0.027313,-0.0079346,-0.0012207,2.0482,0.062866,0
0.040436,-0.0067139,0.0080872,2.2757,0.060425,0
0.029755,-0.0064087,0.015869,2.7309,0.058899,0
0.002594,-0.0073242,0.027161,2.5033,0.059204,0
-0.023956,-0.0068665,0.037231,2.0482,0.057678,0
-0.04425,-0.0071716,0.035858,2.5033,0.054321,0
-0.057983,-0.0093079,0.028687,2.5033,0.048828,0
-0.060272,-0.0076294,0.025787,3.186,0.043335,0
-0.053253,-0.004425,0.028687,2.7309,0.040588,0
-0.037231,-0.0030518,0.03479,2.2757,0.040588,0
-0.022736,-0.0028992,0.03952,2.2757,0.040283,0
-0.010986,-0.0027466,0.039673,3.186,0.039978,0
-0.007782,-0.0022888,0.034332,2.5033,0.035706,0
-0.014496,-0.0016785,0.02655,3.186,0.033875,0
-0.03479,-0.0035095,0.020905,2.7309,0.031738,0
-0.054169,-0.004425,0.019989,2.2757,0.027771,0
-0.058441,-0.0056458,0.021667,2.0482,0.021057,0
-0.052032,-0.0065613,0.019531,2.5033,0.0088501,0
-0.045319,-0.0056458,0.010834,2.5033,-0.0024414,0
-0.031738,-0.0048828,0.0059509,2.0482,-0.007019,0
-0.010986,-0.0032043,0.010071,2.5033,-0.0076294,0
0.0071716,-0.0013733,0.017548,1.5931,-0.0073242,0
0.016174,0.0016785,0.018768,1.8206,-0.0064087,0
0.016174,0.002594,0.012512,2.5033,-0.0036621,0
0.012054,-0.0012207,0.0091553,2.0482,0.0012207,0
0.0067139,-0.0012207,0.013275,2.5033,0.007019,0
0.0022888,0.0048828,0.01709,1.8206,0.014343,0
0,0.011292,0.020294,1.8206,0.019836,0
-0.0018311,0.01297,0.024567,2.2757,0.022583,0
-0.0012207,0.01236,0.030365,2.0482,0.021973,0
0.0033569,0.011749,0.034637,1.5931,0.020447,0
0.0056458,0.012665,0.03479,1.8206,0.024719,0
0.010681,0.013275,0.033264,2.7309,0.031128,0
0.010681,0.01358,0.036316,2.2757,0.035706,0
0.0080872,0.014954,0.041504,2.7309,0.039368,0
0.0085449,0.01358,0.042877,2.9584,0.040894,0
0.014648,0.0097656,0.04364,3.186,0.043335,0
0.024872,0.0056458,0.041809,2.5033,0.046997,0
0.040894,0.0016785,0.039062,2.0482,0.05188,0
0.057831,-0.0027466,0.036011,2.5033,0.054626,0
0.072479,-0.0047302,0.032959,2.7309,0.057678,0
0.074615,-0.0032043,0.031586,2.5033,0.06073,0
0.068054,0,0.032501,2.5033,0.063782,0
0.055695,0.00061035,0.026245,2.2757,0.064087,0
0.033417,0.0030518,0.013733,2.7309,0.064392,0
0.0085449,0.0045776,0.0024414,2.2757,0.066833,0
-0.0068665,0.00015259,-0.0022888,2.5033,0.07019,0
-0.011902,-0.0032043,-0.0024414,2.2757,0.072632,0
-0.012665,-0.0045776,-0.0010681,2.7309,0.074463,0
-0.010223,-0.0068665,-0.0015259,2.5033,0.075073,0
-0.0083923,-0.0091553,-0.0021362,2.7309,0.073547,0
-0.010681,-0.010223,0,2.9584,0.06958,0
-0.016632,-0.0094604,0.0079346,1.8206,0.064697,0
-0.020599,-0.0093079,0.015717,2.5033,0.057373,0
-0.019226,-0.010529,0.020294,2.7309,0.054932,0
-0.016632,-0.013733,0.018768,2.7309,0.055237,0
-0.012512,-0.015869,0.016174,2.2757,0.054321,0
-0.007782,-0.015564,0.018768,2.7309,0.050659,0
-0.0090027,-0.014191,0.023346,2.7309,0.045776,0
-0.019531,-0.01297,0.023956,2.2757,0.041809,0
-0.032349,-0.013275,0.0177,2.2757,0.040283,0
-0.03952,-0.015106,0.0061035,2.0482,0.042114,0
-0.032043,-0.014343,-0.0016785,2.2757,0.044861,0
-0.018616,-0.011444,-0.0015259,2.2757,0.045776,0
-0.0068665,-0.007019,0.0022888,1.5931,0.046082,0
0.0010681,-0.0053406,0.0024414,2.2757,0.048828,0
0.0039673,-0.0068665,-0.0065613,2.2757,0.050659,0
0.0016785,-0.010376,-0.0177,2.0482,0.050659,0
-0.0015259,-0.010529,-0.023651,1.8206,0.04425,0
-0.0022888,-0.0085449,-0.022888,2.0482,0.036926,0
0.0013733,-0.0080872,-0.019073,1.8206,0.032654,0
0.0090027,-0.0065613,-0.015869,1.8206,0.031738,0
0.0086975,-0.0050354,-0.009613,1.8206,0.032654,0
0.0090027,-0.0050354,-0.0064087,2.9584,0.032349,0
0.017395,-0.0086975,-0.007019,2.2757,0.031128,0
0.027924,-0.010834,-0.010223,2.2757,0.028687,0
0.032654,-0.013275,-0.019531,2.0482,0.025635,0
0.027008,-0.015411,-0.032196,2.2757,0.025024,0
0.0177,-0.018463,-0.03479,2.5033,0.025024,0
0.011444,-0.019073,-0.02655,2.0482,0.02533,0
0.016327,-0.011902,-0.0085449,2.7309,0.02533,0
0.028534,-0.0010681,0.010834,2.5033,0.025024,0
0.034485,0.0056458,0.022583,2.5033,0.028076,0
0.03067,0.004425,0.025635,2.2757,0.033264,0
0.024719,0.00091553,0.024719,2.0482,0.039368,0
0.022583,-0.0012207,0.019684,3.4135,0.041809,0
0.017548,-0.0015259,0.0099182,2.2757,0.040283,0
0.0082397,-0.0024414,0.002594,2.2757,0.036316,0
-0.0036621,-0.0038147,0.0038147,2.5033,0.036011,0
-0.016937,-0.0039673,0.0076294,2.7309,0.039368,0
-0.021667,-0.0041199,0.0064087,2.7309,0.045471,0
-0.023041,-0.004425,0.0035095,2.2757,0.051575,0
-0.025482,-0.0032043,-0.0012207,2.9584,0.057983,0
-0.035248,-0.0036621,-0.0057983,2.5033,0.062561,0
-0.03891,-0.0074768,-0.013885,2.2757,0.066223,0
-0.03067,-0.0097656,-0.025635,2.9584,0.067139,0
-0.0177,-0.010223,-0.035095,2.0482,0.068665,0
-0.011749,-0.0097656,-0.039368,2.5033,0.069275,0
-0.014343,-0.0067139,-0.037842,2.5033,0.073547,0
-0.019531,-0.0039673,-0.028381,2.5033,0.079956,0
-0.024261,-0.00030518,-0.016785,1.8206,0.083618,0
-0.025635,0.0013733,-0.0076294,1.8206,0.084839,0
-0.025024,-0.00061035,-0.0016785,2.5033,0.085449,0
-0.018311,-0.0015259,0.0057983,2.2757,0.087585,0
-0.0059509,0.0016785,0.014801,2.5033,0.089722,0
0.0016785,0.0048828,0.020142,2.0482,0.095825,0
0.0012207,0.004425,0.020447,2.0482,0.097961,0
0.002594,0.0027466,0.024719,2.0482,0.097656,0
0.0091553,-0.0010681,0.030823,2.5033,0.095825,0
0.015869,-0.0053406,0.033112,2.5033,0.09552,0
0.018463,-0.0061035,0.031738,2.7309,0.099487,0
0.019073,-0.0036621,0.032959,2.7309,0.10437,0
0.017853,0.0024414,0.042114,2.5033,0.11169,0
0.023651,0.0035095,0.055237,2.9584,0.11597,0
0.0383,-0.00045776,0.061188,2.0482,0.11963,0
0.049896,-0.0041199,0.056915,2.7309,0.12054,0
0.053406,-0.0053406,0.046082,2.5033,0.11749,0
0.051727,-0.0068665,0.033722,2.5033,0.11475,0
0.042725,-0.0094604,0.021362,3.186,0.11261,0
0.028229,-0.0093079,0.018921,2.9584,0.11108,0
0.022125,-0.005188,0.024719,2.0482,0.11078,0
0.020142,0.0024414,0.027008,2.5033,0.10986,0
0.0068665,0.0094604,0.023041,2.5033,0.10834,0
-0.007782,0.013428,0.014648,2.7309,0.10986,0
-0.018158,0.014801,0.0057983,2.2757,0.11505,0
-0.031281,0.014954,0.0032043,2.7309,0.11993,0
-0.032501,0.014648,0.005188,2.2757,0.12695,0
-0.022736,0.012054,0.0050354,2.5033,0.13,0
-0.014191,0.0090027,0.0019836,2.0482,0.13214,0
-0.012512,0.0074768,-0.00045776,2.2757,0.13611,0
-0.015564,0.004425,-0.0030518,2.7309,0.14191,0
-0.01709,0.00091553,-0.0024414,2.7309,0.14771,0
-0.013733,0.0016785,0.002594,2.7309,0.1535,0
-0.0067139,0.0086975,0.0090027,2.9584,0.15961,0
0.00030518,0.014191,0.012207,2.5033,0.16449,0
0.015564,0.013733,0.0086975,2.0482,0.16754,0
0.025482,0.0099182,0.002594,2.0482,0.16846,0
0.022888,0.0056458,-0.00061035,2.7309,0.16937,0
0.01297,0.0028992,0.0038147,2.5033,0.17303,0
0.0013733,0.0021362,0.014191,2.5033,0.17609,0
-0.0083923,0.0035095,0.023041,2.2757,0.17883,0
-0.013123,0.0056458,0.024261,2.2757,0.18158,0
-0.01358,0.0085449,0.015411,1.8206,0.18127,0
-0.0086975,0.009613,0.005188,2.2757,0.17883,0
-0.0018311,0.007782,0.0021362,2.7309,0.17639,0
0.0010681,0.0061035,0.0057983,2.5033,0.17792,0
0.0016785,0.0057983,0.013733,2.2757,0.18433,0
-0.0065613,0.0057983,0.024414,2.5033,0.18982,0
-0.023804,0.0082397,0.029449,2.5033,0.19287,0
-0.044556,0.0094604,0.024109,2.2757,0.19531,0
-0.055847,0.0068665,0.0090027,2.5033,0.19592,0
-0.058594,0.0064087,-0.0053406,2.9584,0.19775,0
-0.057983,0.0068665,-0.013275,2.5033,0.19806,0
-0.052948,0.005188,-0.013428,2.0482,0.19806,0
-0.034027,0.0030518,-0.0068665,2.5033,0.19348,0
-0.0094604,0.0010681,0.0019836,2.7309,0.19012,0
0.011292,0.00076294,0.0082397,2.7309,0.19073,0
0.020905,0.0013733,0.013123,3.186,0.19714,0
0.022583,0.0035095,0.018158,3.186,0.2066,0
0.024567,0.0042725,0.026398,2.7309,0.21393,0
0.021667,0.0057983,0.046234,2.0482,0.21576,0
0.01297,0.010986,0.068359,2.5033,0.21729,0
0.00015259,0.015106,0.077209,2.5033,0.21973,0
-0.010376,0.014954,0.071259,2.0482,0.22156,0
-0.018616,0.010834,0.05722,2.5033,0.22186,0
-0.0177,0.0094604,0.041046,3.186,0.22095,0
-0.0091553,0.0099182,0.020599,3.186,0.21362,0
-0.004425,0.0065613,0.0021362,2.5033,0.20325,0
-0.014038,-0.0028992,-0.0073242,2.5033,0.19379,0
-0.032806,-0.007782,-0.01236,2.2757,0.18524,0
-0.050507,-0.0057983,-0.018311,1.8206,0.18097,0
-0.053253,-0.0030518,-0.026703,2.0482,0.17731,0
-0.04303,-0.0032043,-0.037994,2.0482,0.17303,0
-0.029907,-0.0036621,-0.052338,2.0482,0.1712,0
-0.019836,-0.0022888,-0.067444,2.0482,0.17059,0
-0.0019836,-0.0015259,-0.084991,2.0482,0.1709,0
0.018921,-0.00091553,-0.097504,1.8206,0.17212,0
0.037231,0.0012207,-0.10193,2.2757,0.1709,0
0.051422,0.0035095,-0.10315,2.7309,0.16693,0
0.066071,0.005188,-0.10529,1.8206,0.16113,0
0.081635,0.0065613,-0.10498,2.2757,0.15656,0
0.089417,0.0076294,-0.1033,1.8206,0.1532,0
0.093231,0.0076294,-0.10345,1.8206,0.15228,0
0.095978,0.0059509,-0.1062,2.5033,0.15045,0
0.093689,0.0059509,-0.11292,2.5033,0.14709,0
0.082703,0.0062561,-0.1239,2.0482,0.14282,0
0.062866,0.0083923,-0.13794,1.8206,0.13763,0
0.037384,0.0097656,-0.15671,1.8206,0.13336,0
0.015869,0.010071,-0.17883,2.2757,0.12909,0
0.0016785,0.0068665,-0.19608,2.2757,0.12573,0
-0.0024414,0.0050354,-0.2124,2.2757,0.12146,0
-0.0018311,0.0059509,-0.23148,2.2757,0.1178,0
-0.0036621,0.0085449,-0.24734,2.7309,0.11383,0
-0.011749,0.0099182,-0.2623,2.2757,0.11108,0
-0.022278,0.0088501,-0.28152,2.0482,0.10712,0
-0.027771,0.0071716,-0.30045,2.2757,0.10315,0
-0.033417,0.010223,-0.31036,2.5033,0.098877,0
-0.038147,0.015717,-0.31158,2.2757,0.093079,0
-0.036621,0.020294,-0.31235,2.7309,0.084839,0
-0.031281,0.020752,-0.31387,2.5033,0.077515,0
-0.024109,0.018158,-0.31219,2.7309,0.070801,0
-0.010071,0.016632,-0.30823,2.2757,0.067444,0
0.0042725,0.018921,-0.30853,1.8206,0.066528,0
0.012207,0.02121,-0.3183,2.2757,0.067444,0
0.0094604,0.019073,-0.33981,3.186,0.06897,0
0.00061035,0.015564,-0.3653,2.9584,0.06958,0
-0.0094604,0.012817,-0.37903,2.2757,0.067139,0
-0.015564,0.010071,-0.38162,2.5033,0.062866,0
-0.015869,0.0068665,-0.38925,2.9584,0.059814,0
-0.014343,0.0042725,-0.40848,2.9584,0.057983,0
-0.014343,0.0024414,-0.42969,2.5033,0.057983,0
-0.017853,0.0010681,-0.43945,2.7309,0.058289,0
-0.026855,-0.00015259,-0.43259,2.2757,0.057678,0
-0.036163,-0.0013733,-0.41977,2.5033,0.055847,0
-0.033875,-0.0024414,-0.4126,2.0482,0.053406,0
-0.015869,-0.0036621,-0.40924,2.9584,0.05127,0
0.0041199,-0.0033569,-0.401,2.2757,0.048218,0
0.014954,-0.0028992,-0.392,2.0482,0.045776,0
0.018463,-0.004425,-0.38895,2.2757,0.040588,0
0.019226,-0.0056458,-0.38071,2.2757,0.03418,0
0.028687,-0.004425,-0.3511,2.2757,0.029297,0
0.040131,-0.0050354,-0.29541,2.2757,0.021667,0
0.048523,-0.0057983,-0.22644,2.9584,0.014343,0
0.054932,-0.0033569,-0.16144,2.5033,0.0085449,0
0.054626,0.0021362,-0.094604,2.2757,0.0067139,0
0.037537,0.0048828,-0.019073,2.0482,0.0061035,0
0.0074768,0.004425,0.062714,1.5931,0.0079346,0
-0.019226,0.0035095,0.14816,2.0482,0.0088501,0
-0.0354,0.0022888,0.23224,2.2757,0.0076294,0
-0.044098,0.00045776,0.31036,2.5033,0.0039673,0
-0.047913,-0.00030518,0.38544,2.5033,0,0
-0.050507,-0.00030518,0.45639,2.0482,-0.0036621,0
-0.045166,-0.0030518,0.52109,2.7309,-0.0057983,0
-0.0383,-0.0073242,0.57999,2.2757,-0.010071,0
-0.036621,-0.0099182,0.63309,2.2757,-0.015259,0
-0.032654,-0.0094604,0.68298,1.3655,-0.021362,0
-0.025177,-0.0090027,0.73547,2.2757,-0.023499,0
-0.028229,-0.0099182,0.78857,2.5033,-0.026855,0
-0.036774,-0.010986,0.83313,2.7309,-0.029602,0
-0.043793,-0.012207,0.86945,2.9584,-0.031738,0
-0.040741,-0.010071,0.90118,2.2757,-0.032654,0
-0.031128,-0.0024414,0.93185,2.7309,-0.032349,0
-0.020447,0.0045776,0.96786,2.2757,-0.03479,0
-0.010986,0.0073242,0.99976,2.2757,-0.039978,0
-0.0090027,0.0079346,1.0233,2.0482,-0.045471,0
-0.0083923,0.0090027,1.0445,2.0482,-0.050964,0
-0.0012207,0.010071,1.0684,2.5033,-0.054932,0
0.010223,0.0073242,1.0924,2.5033,-0.057678,0
0.019073,-0.0013733,1.0991,2.7309,-0.059509,0
0.02594,-0.0091553,1.0846,2.7309,-0.06134,0
0.027161,-0.0093079,1.0637,2.5033,-0.062256,0
0.025177,-0.0064087,1.0477,2.7309,-0.064392,0
0.025482,-0.0021362,1.0426,2.0482,-0.06897,0
0.027771,0.0041199,1.0429,2.0482,-0.075684,0
0.031281,0.0080872,1.0315,2.2757,-0.082092,0
0.032959,0.0085449,1.0046,2.0482,-0.087585,0
0.032196,0.0080872,0.9668,1.8206,-0.092773,0
0.027466,0.0074768,0.9137,2.2757,-0.09552,0
0.024567,0.0028992,0.84686,1.8206,-0.097351,0
0.019684,0,0.78079,2.2757,-0.098572,0
0.015717,0.0018311,0.71991,2.5033,-0.1004,0
0.011749,0.0012207,0.6546,1.8206,-0.10162,0
0.0086975,-0.0018311,0.5835,2.7309,-0.10376,0
0.014038,-0.0036621,0.51941,2.0482,-0.10406,0
0.019226,-0.0042725,0.46539,1.5931,-0.10529,0
0.021057,-0.0024414,0.41107,2.0482,-0.1062,0
0.019989,-0.0012207,0.35004,2.2757,-0.10712,0
0.018005,-0.0035095,0.28458,2.0482,-0.10803,0
0.018005,-0.007019,0.22232,2.0482,-0.11047,0
0.0177,-0.007019,0.16739,2.0482,-0.11292,0
0.020905,-0.0082397,0.11566,2.7309,-0.11292,0
0.032501,-0.0097656,0.067291,2.2757,-0.10925,0
0.045776,-0.0086975,0.020447,1.8206,-0.10742,0
0.050354,-0.0090027,-0.025482,1.3655,-0.1059,0
0.045319,-0.011597,-0.075226,2.5033,-0.10559,0
0.031128,-0.01236,-0.13229,2.7309,-0.10651,0
0.019684,-0.012512,-0.18768,2.7309,-0.10712,0
0.0080872,-0.014648,-0.23483,2.7309,-0.10681,0
-0.002594,-0.015869,-0.27115,2.7309,-0.1062,0
-0.013885,-0.015259,-0.29922,3.4135,-0.10254,0
-0.023193,-0.016174,-0.32806,2.9584,-0.099182,0
-0.033264,-0.016174,-0.36255,2.5033,-0.095215,0
-0.039673,-0.013275,-0.39749,2.2757,-0.093994,0
-0.040436,-0.010681,-0.42847,2.5033,-0.09613,0
-0.040131,-0.01236,-0.45609,2.5033,-0.1004,0
-0.035553,-0.013733,-0.47943,2.9584,-0.10437,0
-0.030212,-0.013275,-0.50125,2.7309,-0.10803,0
-0.022583,-0.016327,-0.52078,2.2757,-0.1059,0
-0.016022,-0.020752,-0.53589,2.2757,-0.1001,0
-0.017548,-0.022278,-0.54459,2.2757,-0.09491,0
-0.018158,-0.020142,-0.54596,2.5033,-0.090332,0
-0.011902,-0.018921,-0.54108,2.2757,-0.085144,0
-0.00045776,-0.02121,-0.53177,2.2757,-0.082397,0
0.014496,-0.02182,-0.52231,2.7309,-0.081177,0
0.023651,-0.018921,-0.51834,2.5033,-0.082092,0
0.024414,-0.016479,-0.51895,2.7309,-0.083923,0
0.017242,-0.015717,-0.5188,2.2757,-0.083618,0
0.0099182,-0.013428,-0.51437,2.5033,-0.080872,0
0.0032043,-0.01236,-0.50613,2.7309,-0.076294,0
-0.0093079,-0.01358,-0.49271,2.5033,-0.071716,0
-0.018921,-0.014191,-0.47256,2.0482,-0.066833,0
-0.02594,-0.014191,-0.45029,2.0482,-0.064697,0
-0.032043,-0.011902,-0.43137,1.8206,-0.062866,0
-0.028534,-0.010834,-0.41214,2.2757,-0.06073,0
-0.0177,-0.0091553,-0.38849,2.0482,-0.055237,0
-0.0074768,-0.0083923,-0.36316,2.0482,-0.046387,0
-0.005188,-0.0068665,-0.34561,1.5931,-0.035706,0
-0.0039673,-0.0074768,-0.33646,2.2757,-0.028992,0
-0.0054932,-0.0086975,-0.33127,2.2757,-0.027161,0
-0.0082397,-0.0082397,-0.32562,1.8206,-0.028992,0
-0.0073242,-0.007019,-0.31784,1.8206,-0.030212,0
-0.0042725,-0.0061035,-0.31128,2.0482,-0.032043,0
-0.00045776,-0.0036621,-0.30838,2.2757,-0.031128,0
0.0015259,-0.0028992,-0.30884,2.5033,-0.029907,0
0.0022888,-0.0036621,-0.31067,2.0482,-0.024414,0
0.0021362,-0.005188,-0.30807,1.8206,-0.018311,0
0.0056458,-0.0045776,-0.29739,2.2757,-0.013733,0
0.0094604,-0.0019836,-0.28091,2.2757,-0.0091553,0
0.010986,-0.0015259,-0.26398,2.7309,-0.0073242,0
0.011444,-0.0047302,-0.25009,2.7309,-0.0057983,0
0.011902,-0.0074768,-0.23758,2.7309,-0.0061035,0
0.013123,-0.0076294,-0.22308,2.7309,-0.005188,0
0.0083923,-0.0094604,-0.20325,2.7309,-0.0054932,0
-0.00030518,-0.0094604,-0.18463,2.5033,-0.0042725,0
-0.0057983,-0.0065613,-0.1738,2.7309,-0.0036621,0
-0.0035095,-0.0045776,-0.16724,2.7309,-0.0024414,0
-0.0015259,-0.0068665,-0.16174,2.7309,-0.0012207,0
-0.0073242,-0.011139,-0.15579,2.7309,-0.00091553,0
-0.016937,-0.012665,-0.14862,2.7309,0.00061035,0
-0.023041,-0.010986,-0.14526,2.9584,0.0024414,0
-0.021973,-0.010529,-0.14572,2.7309,0.0042725,0
-0.0177,-0.007019,-0.14297,2.0482,0.005188,0
0.00076294,0.00045776,-0.13733,2.0482,0.0057983,0
0.018158,0.0021362,-0.13092,2.5033,0.0079346,0
0.022125,0,-0.12329,2.7309,0.0094604,0
0.018005,-0.00045776,-0.11505,2.5033,0.0088501,0
0.015259,0.00030518,-0.103,2.0482,0.005188,0
0.016479,0.0032043,-0.08667,2.5033,0.0018311,0
0.016937,0.0065613,-0.073242,2.2757,0.00091553,0
0.012817,0.0053406,-0.065155,2.5033,0.0024414,0
0.0099182,0.00030518,-0.060272,2.5033,0.0045776,0
0.0064087,-0.00091553,-0.055542,2.0482,0.0076294,0
0.0021362,0.0018311,-0.045013,2.7309,0.0088501,0
0.00015259,0.0021362,-0.031586,2.0482,0.010681,0
0.00076294,0.00091553,-0.019989,1.8206,0.010071,0
-0.002594,-0.00091553,-0.01297,2.5033,0.0088501,0
-0.0059509,-0.0042725,-0.010834,2.5033,0.0064087,0
-0.0045776,-0.005188,-0.0085449,2.5033,0.0064087,0
-0.00091553,-0.0028992,-0.0076294,2.5033,0.0061035,0
0.0038147,-0.00091553,-0.0033569,2.7309,0.0082397,0
0.007782,-0.00091553,0.005188,1.3655,0.011292,0
0.013275,0.0027466,0.014038,2.0482,0.015564,0
0.017548,0.0067139,0.019684,2.0482,0.021057,0
0.02121,0.0061035,0.020447,2.2757,0.024109,0
0.023193,0.0038147,0.018921,3.4135,0.023499,0
0.018768,0.0024414,0.016632,2.9584,0.022583,0
0.01358,0.002594,0.015411,3.186,0.022583,0
0.014801,0.0062561,0.012207,2.7309,0.023804,0
0.016022,0.0094604,0.0042725,2.5033,0.026245,0
0.015259,0.0097656,-0.0016785,2.2757,0.028687,0
0.015564,0.0085449,-0.0039673,2.5033,0.029297,0
0.016479,0.0079346,-0.0024414,2.2757,0.028076,0
0.016632,0.0061035,0.0039673,2.7309,0.028687,0
0.012817,0.0030518,0.014343,2.7309,0.030518,0
0.010071,0.0010681,0.020752,3.4135,0.033264,0
0.0091553,0.0019836,0.022125,2.7309,0.032959,0
0.010529,0.0041199,0.027008,2.9584,0.028381,0
0.0085449,0.0062561,0.033264,2.2757,0.023193,0
0.0028992,0.0083923,0.034943,2.9584,0.018005,0
-0.0053406,0.010071,0.033569,2.2757,0.013733,0
-0.014954,0.010529,0.037994,2.0482,0.0097656,0
-0.017853,0.010834,0.045013,2.2757,0.0057983,0
-0.014954,0.0093079,0.046997,1.8206,0.0024414,0
-0.0093079,0.007782,0.04303,2.0482,0.00030518,0
-0.00061035,0.0059509,0.036163,2.2757,0.00091553,0
0.0019836,0.0039673,0.026855,2.7309,0.0021362,0
-0.0059509,0.0016785,0.022736,2.5033,0.0030518,0
-0.015869,0.0024414,0.021667,2.7309,0.00091553,0
-0.023499,0.0048828,0.014801,2.9584,-0.0033569,0
-0.029602,0.0045776,0.0059509,1.8206,-0.0088501,0
-0.029144,0.0027466,0.0042725,1.8206,-0.017395,0
-0.022278,0.0010681,0.0090027,2.7309,-0.025024,0
-0.017853,-0.00030518,0.013428,2.7309,-0.030518,0
-0.018311,-0.00030518,0.015717,1.8206,-0.030823,0
-0.02655,0.0021362,0.016479,1.8206,-0.028992,0
-0.039368,0.0039673,0.015259,2.2757,-0.02594,0
-0.042419,0,0.010986,2.2757,-0.024414,0
-0.034027,-0.0038147,0.007019,2.2757,-0.025024,0
-0.019226,-0.0022888,0.0032043,1.8206,-0.02655,0
-0.0064087,-0.00076294,0.0012207,1.5931,-0.030212,0
0.0041199,-0.0038147,0.0065613,1.8206,-0.03479,0
0.01236,-0.0045776,0.016022,2.2757,-0.040588,0
0.015564,-0.00091553,0.026703,2.0482,-0.048218,0
0.013885,0.0012207,0.041046,2.2757,-0.055847,0
0.01236,0.0033569,0.052795,1.8206,-0.059814,0
0.010223,0.0059509,0.05127,2.2757,-0.063477,0
0.0091553,0.0067139,0.041962,1.8206,-0.064697,0
0.0091553,0.010834,0.039215,2.2757,-0.061951,0
0.0061035,0.015564,0.04425,2.9584,-0.059204,0
0.0050354,0.014038,0.048981,2.9584,-0.054626,0
0.0027466,0.011597,0.050354,2.5033,-0.05188,0
-0.0033569,0.0094604,0.050507,2.2757,-0.047607,0
-0.009613,0.0091553,0.050812,2.7309,-0.046387,0
-0.011902,0.0097656,0.050659,2.5033,-0.045776,0
-0.015564,0.010223,0.049133,2.7309,-0.047302,0
-0.018463,0.011749,0.050201,2.5033,-0.052795,0
-0.016937,0.01358,0.056458,2.9584,-0.059509,0
-0.012817,0.013123,0.063934,2.7309,-0.067749,0
-0.0093079,0.011292,0.067444,2.2757,-0.074768,0
-0.0053406,0.0088501,0.061646,2.5033,-0.077209,0
-0.0032043,0.0082397,0.052338,2.7309,-0.077515,0
-0.0054932,0.0073242,0.044556,2.2757,-0.077209,0
-0.0062561,0.0071716,0.040283,2.7309,-0.075073,0
-0.004425,0.0074768,0.037537,2.5033,-0.074158,0
0.0012207,0.007019,0.032196,3.186,-0.074768,0
0.010223,0.0061035,0.028839,2.7309,-0.078125,0
0.014954,0.0054932,0.034485,2.7309,-0.080261,0
0.013733,0.0073242,0.04837,2.9584,-0.080566,0
0.016479,0.007782,0.065308,2.7309,-0.076294,0
0.017853,0.0053406,0.076141,2.9584,-0.072327,0
0.017548,0.0028992,0.078583,2.2757,-0.068054,0
0.014038,0.0019836,0.072632,2.0482,-0.065308,0
0.0093079,0.0035095,0.063477,1.8206,-0.062256,0
0.0086975,0.0035095,0.056458,2.2757,-0.059814,0
0.011902,0.00045776,0.049591,2.0482,-0.057068,0
0.017853,0.00030518,0.043488,2.5033,-0.053101,0
0.021973,0.002594,0.039062,2.2757,-0.048523,0
0.022278,0.0010681,0.035553,2.0482,-0.04425,0
0.02594,-0.0016785,0.033264,2.7309,-0.038147,0
0.029602,-0.0030518,0.034637,2.7309,-0.033569,0
0.030975,-0.0035095,0.035858,2.2757,-0.026245,0
0.019989,-0.0067139,0.036926,2.9584,-0.020447,0
0.002594,-0.0068665,0.038147,2.5033,-0.014038,0
-0.011292,-0.0059509,0.038605,2.5033,-0.0082397,0
-0.015106,-0.007019,0.042877,2.7309,-0.0067139,0
-0.014343,-0.0086975,0.053253,2.5033,-0.005188,0
-0.011902,-0.0080872,0.060577,2.5033,-0.0024414,0
-0.015869,-0.0061035,0.057831,2.0482,0.0012207,0
-0.020447,-0.0062561,0.053864,2.5033,0.0088501,0
-0.015411,-0.0091553,0.05722,2.9584,0.016479,0
-0.0059509,-0.0083923,0.062408,2.9584,0.02655,0
0.002594,-0.0038147,0.066681,3.186,0.03479,0
0.010071,0.00061035,0.071716,3.186,0.044556,0
0.0093079,0.0024414,0.0737,2.2757,0.050354,0
0.00061035,0.0038147,0.069885,2.9584,0.056763,0
-0.010986,0.0039673,0.062256,2.9584,0.064392,0
-0.023193,0.0030518,0.054169,3.4135,0.071411,0
-0.02594,0.00045776,0.045776,2.5033,0.078125,0
-0.018463,-0.00015259,0.040436,2.2757,0.082703,0
-0.0086975,0.0013733,0.036774,2.2757,0.08728,0
0.0028992,-0.00076294,0.029449,2.5033,0.088501,0
0.012054,-0.0039673,0.024719,2.5033,0.089417,0
0.015717,-0.0045776,0.023651,2.7309,0.091858,0
0.019226,-0.0050354,0.020599,2.0482,0.099182,0
0.018311,-0.0059509,0.014343,2.0482,0.10651,0
0.012817,-0.0062561,0.010529,2.2757,0.11261,0
0.004425,-0.0064087,0.0094604,2.2757,0.11627,0
-0.0047302,-0.0065613,0.0091553,2.5033,0.11841,0
-0.0079346,-0.0065613,0.0088501,2.2757,0.11932,0
-0.0039673,-0.0065613,0.0012207,2.0482,0.12085,0
-0.0022888,-0.0068665,-0.0054932,2.2757,0.11963,0
-0.0036621,-0.0085449,0.0013733,2.2757,0.11353,0
-0.0064087,-0.0065613,0.010376,2.0482,0.1062,0
-0.0050354,-0.0019836,0.011749,2.5033,0.10223,0
-0.0036621,-0.0012207,0.0018311,2.0482,0.097351,0
-0.0083923,-0.0047302,-0.014191,1.8206,0.09491,0
-0.014191,-0.0071716,-0.025635,2.2757,0.090637,0
-0.01709,-0.0033569,-0.026855,1.8206,0.088501,0
-0.019226,0.0012207,-0.019989,2.2757,0.086365,0
-0.018616,0.0048828,-0.010681,2.2757,0.083923,0
-0.016479,0.0090027,-0.0016785,1.8206,0.078125,0
-0.011444,0.013123,0.0061035,2.0482,0.06958,0
0.0022888,0.014038,0.0079346,2.0482,0.061646,0
0.0067139,0.014191,0.00091553,2.2757,0.056763,0
0.0030518,0.014038,-0.0071716,1.8206,0.05249,0
-0.0027466,0.013428,-0.010681,2.5033,0.05249,0
-0.012054,0.0094604,-0.011597,2.2757,0.054626,0
-0.026245,0.0030518,-0.0057983,2.5033,0.056458,0
-0.036774,0.00015259,0.0035095,2.2757,0.055847,0
-0.035553,-0.0012207,0.011292,2.7309,0.053711,0
-0.016479,-0.0039673,0.023956,2.7309,0.048828,0
0.0091553,-0.005188,0.045929,2.9584,0.042114,0
0.026245,-0.0036621,0.059814,2.7309,0.036011,0
0.02655,-0.0030518,0.053864,2.7309,0.029297,0
0.018158,-0.0062561,0.032043,3.6411,0.024109,0
0.014648,-0.011139,0.0073242,2.7309,0.019836,0
0.014038,-0.012817,-0.0068665,3.186,0.013428,0
0.01358,-0.011139,-0.0091553,2.9584,0.0042725,0
0.011292,-0.0097656,-0.0018311,3.4135,-0.007019,0
0.0083923,-0.0090027,0.0083923,2.7309,-0.017395,0
0.0057983,-0.0088501,0.016632,2.7309,-0.027771,0
0.0073242,-0.0065613,0.026093,2.5033,-0.036011,0
0.011597,-0.0038147,0.038147,2.7309,-0.042725,0
0.010834,-0.0047302,0.050201,3.186,-0.043945,0
0.011139,-0.0059509,0.054626,2.9584,-0.043945,0
0.014343,-0.0059509,0.049896,2.7309,-0.04364,0
0.014496,-0.0030518,0.040436,2.7309,-0.046692,0
0.0032043,0.00076294,0.035706,2.7309,-0.052185,0
-0.0035095,0.0028992,0.037994,2.7309,-0.057678,0
-0.0079346,0.0032043,0.038757,2.9584,-0.064697,0
-0.012512,0.0032043,0.032196,2.5033,-0.071106,0
-0.013123,0.0032043,0.023804,2.5033,-0.080872,0
-0.011597,0.0030518,0.021057,2.5033,-0.090942,0
-0.011597,0.0027466,0.02533,2.2757,-0.097656,0
-0.010834,0.0028992,0.029602,2.7309,-0.099487,0
-0.0064087,0.00091553,0.032806,2.5033,-0.10071,0
0.0057983,-0.0021362,0.034637,2.7309,-0.10315,0
0.021973,-0.0019836,0.031586,2.5033,-0.10345,0
0.034943,-0.0016785,0.026398,2.9584,-0.10254,0
0.047913,-0.002594,0.024567,2.2757,-0.099792,0
0.054321,-0.004425,0.024872,2.0482,-0.096436,0
0.051422,-0.0071716,0.023804,3.186,-0.095215,0
0.041962,-0.007782,0.019684,3.186,-0.094299,0
0.032806,-0.0033569,0.011444,2.9584,-0.09613,0
0.021057,0.00030518,0.0013733,2.9584,-0.097046,0
0.0086975,0.00091553,-0.0079346,2.9584,-0.098877,0
0.00045776,0.0010681,-0.013275,3.6411,-0.099182,0
-0.0080872,0.0027466,-0.015564,3.6411,-0.10132,0
-0.010376,0.0048828,-0.020752,3.4135,-0.10468,0
-0.010681,0.0045776,-0.026245,2.9584,-0.1062,0
-0.01297,0.0041199,-0.028381,3.186,-0.10742,0
-0.014648,0.0045776,-0.028534,2.5033,-0.10315,0
-0.013733,0.002594,-0.030975,2.7309,-0.098267,0
-0.013123,0.0012207,-0.032349,2.7309,-0.096741,0
-0.01297,0.0015259,-0.02594,2.2757,-0.097961,0
-0.0086975,0.0036621,-0.016632,2.5033,-0.098877,0
0.0032043,0.0027466,-0.011292,2.5033,-0.098572,0
0.014191,0.00030518,-0.004425,2.5033,-0.095215,0
0.016632,0.0010681,0.0048828,2.9584,-0.093689,0
0.0068665,0.0016785,0.016022,2.7309,-0.096436,0
-0.0057983,0.0015259,0.020447,3.186,-0.1001,0
-0.011597,0.00076294,0.014954,2.5033,-0.10773,0
-0.01297,0.00015259,0.0082397,2.9584,-0.112,0
-0.023956,-0.0021362,0.0061035,2.7309,-0.11322,0
-0.045624,-0.0027466,0.0082397,3.186,-0.11322,0
-0.061951,-0.0030518,0.010681,3.186,-0.11719,0
-0.064697,-0.0039673,0.011139,2.2757,-0.12329,0
-0.059052,-0.0059509,0.011292,2.7309,-0.12817,0
-0.048218,-0.0068665,0.012817,2.2757,-0.13214,0
-0.031128,-0.0039673,0.017853,2.5033,-0.13336,0
-0.018311,-0.0021362,0.026398,2.0482,-0.13275,0
-0.021973,-0.00015259,0.03006,2.2757,-0.13184,0
-0.037079,0.0015259,0.029449,2.2757,-0.13123,0
-0.044708,0.0010681,0.030518,2.2757,-0.13214,0
-0.031738,-0.0015259,0.031891,2.7309,-0.13397,0
-0.0090027,-0.0053406,0.029297,2.7309,-0.13519,0
0.0016785,-0.0054932,0.024567,2.2757,-0.13428,0
-0.0012207,-0.0039673,0.02121,2.2757,-0.13184,0
0,-0.0032043,0.014801,2.7309,-0.12848,0
0.0065613,-0.0032043,0.002594,1.8206,-0.12604,0
0.014801,-0.0010681,-0.0091553,2.2757,-0.12268,0
0.019684,0.00091553,-0.013275,1.8206,-0.11902,0
0.025787,0.0015259,-0.0082397,2.2757,-0.1123,0
0.033112,0.0032043,-0.004425,2.2757,-0.10651,0
0.029144,0.0057983,-0.011749,2.5033,-0.097046,0
0.02243,0.0032043,-0.028534,2.7309,-0.084534,0
0.020599,-0.0013733,-0.044556,3.186,-0.071106,0
0.018616,-0.004425,-0.052338,2.2757,-0.058899,0
0.012817,-0.0053406,-0.054169,2.7309,-0.049438,0
0.012817,-0.0068665,-0.052032,1.5931,-0.041809,0
0.01358,-0.0088501,-0.045319,1.8206,-0.036621,0
0.015564,-0.0073242,-0.035553,2.2757,-0.033264,0
0.017853,-0.0065613,-0.024872,2.7309,-0.028992,0
0.024719,-0.0048828,-0.015259,2.5033,-0.023804,0
0.031891,-0.002594,-0.0097656,2.9584,-0.016785,0
0.036621,-0.0010681,-0.0068665,2.7309,-0.0073242,0
0.040894,0.0010681,-0.00045776,2.2757,0.0045776,0
0.044098,0.002594,0.0079346,3.186,0.018005,0
0.038605,0.0038147,0.011444,2.5033,0.031433,0
0.028076,0.0050354,0.0054932,2.7309,0.045471,0
0.022888,0.0062561,-0.0030518,2.2757,0.058899,0
0.023804,0.0057983,-0.0068665,2.2757,0.071411,0
0.020447,0.0027466,-0.0094604,2.2757,0.081482,0
0.0076294,0.00030518,-0.007019,2.9584,0.092468,0
-0.002594,-0.00061035,0.0024414,2.2757,0.10345,0
-0.0083923,-0.00045776,0.0094604,2.9584,0.11383,0
-0.010071,0.0012207,0.011292,2.5033,0.1178,0
-0.0076294,0.005188,0.01236,2.5033,0.12268,0
-0.00030518,0.0082397,0.01709,2.5033,0.12451,0
0.0045776,0.007782,0.025177,2.5033,0.12787,0
-0.00030518,0.004425,0.033112,2.7309,0.13092,0
-0.014038,0.002594,0.033264,2.5033,0.13336,0
-0.020599,0.00030518,0.026093,2.2757,0.13519,0
-0.018616,-0.0010681,0.020294,1.8206,0.13824,0
-0.012054,-0.0016785,0.015869,2.0482,0.14191,0
-0.0030518,-0.0028992,0.014343,2.0482,0.14801,0
0.0036621,-0.0030518,0.022278,2.2757,0.15625,0
0.0076294,-0.0019836,0.037994,2.0482,0.16357,0
0.011749,0.00015259,0.045929,2.0482,0.16632,0
0.016785,0.0038147,0.036926,2.0482,0.16724,0
0.017242,0.0071716,0.020294,2.0482,0.16449,0
0.018005,0.0080872,0.0082397,2.2757,0.16266,0
0.019226,0.0062561,0.0057983,2.5033,0.16174,0
0.021667,0.0028992,0.007782,2.7309,0.16144,0
0.026093,0.00045776,0.0039673,2.7309,0.16388,0
0.029602,-0.00091553,-0.0064087,2.0482,0.16602,0
0.023651,-0.0024414,-0.01358,2.5033,0.16541,0
0.010376,-0.00045776,-0.0099182,2.5033,0.16327,0
0.0019836,0.0054932,-0.0042725,2.2757,0.16022,0
0.0013733,0.007019,-0.00061035,2.2757,0.15503,0
0.004425,0.0053406,0.0045776,2.2757,0.15015,0
0.013275,0.0054932,0.011292,2.0482,0.14435,0
0.0177,0.0064087,0.012512,2.7309,0.13977,0
0.010529,0.0090027,0.0053406,2.5033,0.1358,0
-0.0024414,0.011902,-0.0024414,2.0482,0.13428,0
-0.011292,0.01297,-0.0047302,2.7309,0.13306,0
-0.013275,0.011139,-0.0093079,2.7309,0.13,0
-0.007782,0.0099182,-0.018768,2.2757,0.12573,0
-0.0010681,0.010834,-0.022736,2.7309,0.12329,0
0.00015259,0.010223,-0.018005,2.9584,0.12421,0
-0.00045776,0.0068665,-0.012665,2.5033,0.12451,0
-0.0030518,0.0054932,-0.013275,2.2757,0.12543,0
-0.0080872,0.0048828,-0.016479,2.7309,0.1239,0
-0.013885,0.0027466,-0.015869,2.2757,0.12238,0
-0.019531,0.0010681,-0.0086975,2.7309,0.12238,0
-0.026093,0.00045776,0.0030518,2.5033,0.1239,0
-0.026093,0.00076294,0.011902,2.0482,0.12665,0
-0.023041,-0.0018311,0.010681,2.7309,0.12878,0
-0.027618,-0.007019,0.0013733,1.8206,0.13245,0
-0.032349,-0.010376,-0.0068665,1.8206,0.13489,0
-0.027466,-0.01297,-0.010834,2.0482,0.13397,0
-0.019379,-0.015259,-0.0082397,1.5931,0.12939,0
-0.014801,-0.014191,-0.0028992,2.0482,0.12543,0
-0.015869,-0.01297,-0.00091553,2.0482,0.12054,0
-0.016785,-0.013428,-0.0028992,2.7309,0.11597,0
-0.012207,-0.012207,-0.0022888,2.5033,0.11414,0
-0.0042725,-0.0083923,0.0028992,2.5033,0.11292,0
0.0013733,-0.0064087,0.0091553,2.0482,0.112,0
0.0064087,-0.0079346,0.010223,2.0482,0.10925,0
0.010529,-0.007782,0.0071716,1.5931,0.10345,0
0.015717,-0.0079346,0.0019836,2.0482,0.098267,0
0.01709,-0.0085449,-0.0057983,1.8206,0.095215,0
0.016479,-0.009613,-0.0088501,1.8206,0.094299,0
0.012512,-0.0097656,-0.0050354,1.5931,0.093689,0
0.0068665,-0.0061035,-0.00030518,2.5033,0.090942,0
0.00091553,0.0012207,0.0064087,2.5033,0.083618,0
-0.0035095,0.0064087,0.014648,2.7309,0.074463,0
-0.010986,0.0088501,0.019836,2.2757,0.065613,0
-0.022583,0.010223,0.019684,2.0482,0.058289,0
-0.028229,0.0094604,0.015717,2.5033,0.053101,0
-0.018768,0.0067139,0.015869,2.9584,0.046387,0
-0.007019,0.0032043,0.018768,2.9584,0.040588,0
-0.0013733,0.0018311,0.017548,2.5033,0.033569,0
0.0012207,0.00091553,0.014496,2.0482,0.024719,0
0.012817,-0.0010681,0.012665,2.9584,0.016174,0
0.031891,-0.0018311,0.013733,2.0482,0.012207,0
0.046387,-0.00076294,0.014801,2.5033,0.013123,0
0.04364,0.00091553,0.013733,2.5033,0.015869,0
0.024872,0.0019836,0.010834,2.2757,0.015869,0
0.0064087,0.00015259,0.0041199,2.2757,0.014038,0
0.0018311,-0.0012207,-0.00061035,1.8206,0.012512,0
0.0083923,0,-0.00045776,2.5033,0.0097656,0
0.016785,0.00045776,0.0091553,2.7309,0.005188,0
0.024719,-0.0015259,0.02533,2.5033,0.00061035,0
0.025024,-0.0030518,0.039215,1.3655,-0.0042725,0
0.018768,-0.0013733,0.042572,2.0482,-0.0073242,0
0.016785,-0.0015259,0.036774,2.5033,-0.0088501,0
0.015106,-0.0054932,0.024414,2.7309,-0.0088501,0
0.0090027,-0.009613,0.011139,2.2757,-0.0091553,0
0.0039673,-0.0083923,0.00091553,2.9584,-0.0094604,0
-0.00061035,-0.0082397,-0.0030518,2.0482,-0.0085449,0
-0.010681,-0.0067139,-0.0059509,1.5931,-0.0088501,0
-0.025635,-0.0048828,-0.0064087,1.8206,-0.0073242,0
-0.038605,-0.0048828,0.0016785,2.2757,-0.0042725,0
-0.045013,-0.0053406,0.009613,2.7309,-0.0021362,0
-0.042419,-0.0042725,0.0054932,2.0482,0.00061035,0
-0.036011,-0.004425,-0.0093079,2.0482,0.0024414,0
-0.026855,-0.0022888,-0.024872,1.3655,0.0039673,0
-0.0177,-0.0019836,-0.026245,1.3655,0.007019,0
-0.007019,-0.0048828,-0.018768,1.5931,0.010986,0
0.0022888,-0.0094604,-0.016022,2.0482,0.014648,0
0.0086975,-0.011139,-0.015564,2.0482,0.0177,0
0.013428,-0.0086975,-0.015411,2.7309,0.021057,0
0.018768,-0.0065613,-0.013428,2.9584,0.022583,0
0.019684,-0.0053406,-0.012207,2.7309,0.023499,0
0.020905,-0.0068665,-0.0093079,2.7309,0.02594,0
0.019531,-0.0076294,-0.0021362,2.7309,0.028076,0
0.012054,-0.0061035,-0.0019836,0.91037,0.029297,0
-0.002594,-0.0056458,-0.0076294,2.2757,0.028687,0
-0.016479,-0.0054932,-0.0042725,2.0482,0.027466,0
-0.024567,-0.0018311,0.0094604,2.2757,0.02594,0
-0.028534,0.0015259,0.021057,2.7309,0.025024,0
-0.032349,0.0012207,0.024414,2.7309,0.023804,0
-0.032501,0.00091553,0.026093,3.4135,0.020752,0
-0.02121,0.0015259,0.027924,2.2757,0.01709,0
-0.00076294,0.00091553,0.027161,3.186,0.010376,0
0.011749,0.00061035,0.020905,2.9584,0.0021362,0
0.010376,-0.00015259,0.01358,2.5033,-0.0067139,0
0.0047302,-0.0013733,0.0093079,2.5033,-0.014648,0
-0.0041199,-0.00076294,0.0074768,2.2757,-0.019226,0
-0.016022,0.00045776,0.007782,2.0482,-0.022278,0
-0.017548,0.0022888,0.0065613,2.2757,-0.025635,0
-0.011749,0.0053406,0.00045776,2.5033,-0.027466,0
-0.0018311,0.0067139,-0.004425,2.2757,-0.029907,0
0.0018311,0.0059509,-0.0097656,2.2757,-0.032959,0
0.0080872,0.0073242,-0.014191,2.0482,-0.0354,0
0.022278,0.0079346,-0.019531,2.0482,-0.036621,0
0.033417,0.0068665,-0.02243,2.0482,-0.036926,0
0.033264,0.0068665,-0.019989,2.2757,-0.03479,0
0.019684,0.0050354,-0.01709,2.7309,-0.032349,0
0.0027466,0.0030518,-0.019379,2.5033,-0.028076,0
-0.0080872,0.00076294,-0.020752,2.5033,-0.023499,0
-0.0091553,-0.0035095,-0.024567,2.0482,-0.018311,0
-0.009613,-0.007782,-0.031281,1.8206,-0.012817,0
-0.0062561,-0.0090027,-0.033722,1.5931,-0.0021362,0
-0.0033569,-0.0088501,-0.03479,1.5931,0.0094604,0
-0.0097656,-0.0082397,-0.039062,1.8206,0.02533,0
-0.015259,-0.0080872,-0.042267,2.2757,0.041809,0
-0.018616,-0.0088501,-0.039062,2.2757,0.056763,0
-0.01709,-0.0080872,-0.031281,2.0482,0.07019,0
-0.014496,-0.0038147,-0.024261,2.2757,0.081177,0
-0.011902,0.0013733,-0.02182,2.0482,0.089417,0
-0.0050354,0.0024414,-0.021362,2.9584,0.097351,0
0.0039673,0.0010681,-0.0177,2.5033,0.10193,0
0.013885,0.00061035,-0.014496,2.0482,0.10437,0
0.020599,-0.00091553,-0.016632,2.2757,0.10559,0
0.023346,-0.0035095,-0.020599,2.0482,0.10895,0
0.023956,-0.0039673,-0.016632,2.9584,0.11414,0
0.029449,-0.0021362,-0.0062561,2.7309,0.11993,0
0.028381,0,-0.00030518,2.7309,0.12512,0
0.021667,0.00045776,0.0012207,2.2757,0.12787,0
0.014801,0.00091553,0.0021362,3.186,0.12909,0
0.016479,0.00091553,0.0016785,2.9584,0.13031,0
0.03479,0.00061035,0.0018311,2.7309,0.13153,0
0.045319,0.00045776,0.0016785,2.7309,0.13245,0
0.040741,0.00076294,0.0016785,2.5033,0.13184,0
0.026093,0.00091553,0.0015259,2.5033,0.13184,0
0.013275,0.00061035,0.0015259,2.0482,0.1297,0
0.0042725,0.0048828,0.021515,2.2757,0.12604,0
0.0042725,0.0090027,0.050659,2.7309,0.12482,0
0.0059509,0.0086975,0.057983,2.9584,0.12268,0
-0.00030518,0.0080872,0.046997,3.186,0.12024,0
-0.0083923,0.0080872,0.032654,2.9584,0.11902,0
-0.013123,0.0071716,0.024872,2.0482,0.12115,0
-0.010834,0.0053406,0.020447,2.2757,0.12573,0
-0.0085449,0.0027466,0.015717,1.5931,0.13184,0
-0.0067139,0.00091553,0.010834,2.5033,0.13611,0
-0.0071716,0.00076294,0.0079346,2.5033,0.1416,0
-0.0088501,0.00061035,0.0068665,2.0482,0.14191,0
-0.0099182,0.0030518,0.0036621,2.0482,0.14252,0
-0.0086975,0.0050354,-0.0018311,2.0482,0.14496,0
-0.0065613,0.0028992,-0.0053406,1.8206,0.1474,0
-0.0061035,0.00030518,-0.0068665,2.5033,0.15198,0
-0.0027466,-0.0019836,-0.0027466,2.7309,0.15747,0
0.0015259,-0.0042725,0.0048828,2.2757,0.16296,0
0,-0.0045776,0.0083923,2.2757,0.16693,0
-0.0038147,-0.0022888,0.005188,2.2757,0.1709,0
-0.0021362,-0.0015259,-0.00061035,2.0482,0.17334,0
0.00045776,0,-0.0059509,1.1379,0.1767,0
0.004425,0.0022888,-0.012207,2.0482,0.17792,0
0.0045776,0.0033569,-0.018158,1.1379,0.17639,0
0.0032043,0.0038147,-0.015717,1.1379,0.17426,0
0.0032043,0.0053406,-0.0071716,1.8206,0.17242,0
0.0083923,0.0056458,0.0012207,1.5931,0.16968,0
0.015259,0.0056458,0.005188,1.8206,0.16754,0
0.023804,0.0038147,0.0099182,1.8206,0.16754,0
0.03067,0.0021362,0.015564,2.5033,0.16968,0
0.03418,0.0053406,0.019836,2.5033,0.17151,0
0.035858,0.0082397,0.024567,2.9584,0.17181,0
0.032959,0.0091553,0.029449,3.186,0.16968,0
0.026245,0.0086975,0.033417,2.9584,0.16663,0
0.018463,0.0057983,0.030365,2.5033,0.16174,0
0.011902,0.0035095,0.020905,2.7309,0.15717,0
0,0.0032043,0.016022,2.7309,0.15411,0
-0.015869,0.0030518,0.021973,2.5033,0.15259,0
-0.030212,0.0024414,0.033417,2.9584,0.14984,0
-0.037689,0.0010681,0.040436,2.2757,0.14587,0
-0.037994,0.00015259,0.040283,2.5033,0.1413,0
-0.034943,-0.00030518,0.031128,2.5033,0.13458,0
-0.028687,-0.00061035,0.010681,2.9584,0.12634,0
-0.027313,-0.00045776,-0.004425,2.5033,0.11932,0
-0.028534,-0.0015259,-0.00091553,2.5033,0.112,0
-0.033722,-0.0032043,0.011902,2.5033,0.1062,0
-0.032501,-0.0032043,0.017548,2.5033,0.099487,0
-0.027618,-0.0019836,0.015411,2.2757,0.090942,0
-0.016937,-0.0033569,0.007019,2.0482,0.083618,0
-0.0090027,-0.0062561,-0.0030518,2.2757,0.075378,0
-0.0076294,-0.0074768,-0.010223,2.0482,0.066833,0
-0.0045776,-0.0068665,-0.011749,2.2757,0.059814,0
-0.0033569,-0.0067139,-0.0059509,1.8206,0.05249,0
-0.011292,-0.0064087,-0.00045776,1.5931,0.046387,0
-0.024719,-0.0064087,-0.0033569,2.0482,0.039978,0
-0.036011,-0.0061035,-0.015869,2.2757,0.03479,0
-0.038147,-0.005188,-0.028687,2.7309,0.029602,0
-0.016937,-0.005188,-0.031891,2.5033,0.02533,0
0.01236,-0.0035095,-0.024719,2.0482,0.021667,0
0.028229,-0.0012207,-0.019989,1.3655,0.019531,0
0.033264,-0.00061035,-0.021667,1.8206,0.018921,0
0.031128,-0.0013733,-0.020599,1.3655,0.018921,0
0.033417,0,-0.0071716,2.2757,0.019226,0
0.037231,0.0015259,0.016174,1.8206,0.020142,0
0.036926,-0.00061035,0.032654,1.8206,0.021362,0
0.032349,-0.00076294,0.037842,2.7309,0.022278,0
0.029449,0.0053406,0.039673,2.7309,0.022888,0
0.028839,0.007782,0.040436,3.186,0.023193,0
0.027466,0.0019836,0.036163,2.7309,0.023193,0
0.022125,-0.0041199,0.024567,2.7309,0.021667,0
0.014191,-0.0080872,0.012817,2.2757,0.020142,0
0.0059509,-0.0086975,0.0068665,2.2757,0.01709,0
0.0036621,-0.0094604,0.0064087,2.2757,0.014954,0
0.0054932,-0.0090027,0.0065613,2.9584,0.014343,0
0.0035095,-0.0090027,0.0065613,3.186,0.014954,0
-0.0018311,-0.0091553,0.0088501,2.7309,0.016174,0
-0.0059509,-0.010223,0.015869,2.2757,0.016174,0
-0.0047302,-0.011749,0.026398,2.9584,0.015869,0
-0.0032043,-0.010223,0.037231,2.9584,0.013733,0
-0.00015259,-0.0065613,0.036163,2.2757,0.012817,0
0.00015259,-0.0068665,0.022125,2.0482,0.011902,0
-0.0086975,-0.0086975,0.0059509,2.5033,0.010071,0
-0.020599,-0.0082397,-0.0068665,2.5033,0.0082397,0
-0.026398,-0.0085449,-0.020447,2.5033,0.0067139,0
-0.028839,-0.010376,-0.027924,2.5033,0.0061035,0
-0.028381,-0.011292,-0.026703,2.5033,0.0061035,0
-0.027924,-0.009613,-0.020905,2.7309,0.005188,0
-0.027466,-0.0047302,-0.012817,2.5033,0.005188,0
-0.027313,0.00030518,-0.007019,2.7309,0.0048828,0
-0.024872,0.002594,0.0015259,2.7309,0.0036621,0
-0.018768,0.0038147,0.015564,2.2757,0.0012207,0
-0.0090027,0.004425,0.025177,1.8206,-0.00030518,0
0.0012207,0.0038147,0.024109,1.5931,0.0012207,0
0.0083923,0.00076294,0.016632,1.8206,0.0036621,0
0.0099182,-0.0036621,0.010071,1.8206,0.0048828,0
0.016479,-0.0048828,0.0065613,1.8206,0.0079346,0
0.021515,-0.0045776,0.0047302,2.0482,0.010681,0
0.019379,-0.0042725,0.0042725,2.2757,0.013733,0
0.014648,-0.0041199,0.0042725,2.2757,0.015259,0
0.012207,-0.0041199,0.004425,2.0482,0.016785,0
0.011902,-0.0038147,0.0041199,1.3655,0.018005,0
0.016022,-0.0041199,0.0041199,2.2757,0.020142,0
0.024872,-0.00015259,0.016632,2.5033,0.020752,0
0.03006,0.0062561,0.036316,2.2757,0.022888,0
0.025177,0.0068665,0.04715,2.2757,0.024414,0
0.0062561,0.0067139,0.053864,1.8206,0.024719,0
-0.0045776,0.0076294,0.055389,1.8206,0.02533,0
-0.0061035,0.0062561,0.049591,2.7309,0.027161,0
-0.0042725,0.0015259,0.037384,2.0482,0.02655,0
-0.00015259,-0.0036621,0.021057,2.2757,0.027771,0
0.0042725,-0.0053406,0.0085449,2.2757,0.030212,0
0.0048828,-0.005188,0.002594,2.2757,0.028687,0
0.0016785,-0.007019,0.00076294,2.2757,0.028687,0
0.0013733,-0.0090027,0.00061035,2.2757,0.029297,0
0.0032043,-0.010071,-0.0015259,2.2757,0.029602,0
0.002594,-0.0085449,-0.00045776,2.2757,0.028687,0
0.00076294,-0.0073242,0.010071,2.2757,0.02594,0
0,-0.0057983,0.022736,1.8206,0.021362,0
-0.0033569,-0.0035095,0.027618,2.7309,0.015564,0
-0.0065613,-0.0032043,0.023193,2.5033,0.010071,0
-0.0061035,-0.0039673,0.017548,2.2757,0.0033569,0
-0.0054932,-0.0041199,0.018311,3.186,-0.0021362,0
-0.007019,-0.0032043,0.019531,2.5033,-0.0085449,0
-0.011902,-0.0032043,0.020752,2.7309,-0.014343,0
-0.016937,-0.0048828,0.025635,2.9584,-0.019836,0
-0.016632,-0.0062561,0.029297,2.2757,-0.02655,0
-0.011292,-0.0039673,0.03006,2.5033,-0.031738,0
-0.0042725,0.0018311,0.037994,2.7309,-0.038757,0
-0.0056458,0.0067139,0.053864,2.5033,-0.041809,0
-0.015411,0.009613,0.06424,2.2757,-0.047913,0
-0.016937,0.01236,0.059967,2.2757,-0.052795,0
-0.015564,0.0088501,0.048676,2.2757,-0.058289,0
-0.016632,0.0027466,0.037384,2.9584,-0.062561,0
-0.018921,0.0010681,0.028839,2.0482,-0.066833,0
-0.022583,-0.00030518,0.028381,2.0482,-0.069885,0
-0.023041,-0.0013733,0.032959,2.2757,-0.071411,0
-0.018616,0,0.036011,2.0482,-0.072327,0
-0.0090027,0.0019836,0.041199,2.9584,-0.071716,0
0.0039673,0.0056458,0.052032,2.2757,-0.070801,0
0.019684,0.0093079,0.068512,2.0482,-0.067139,0
0.032501,0.010376,0.083466,2.0482,-0.064087,0
0.033417,0.011139,0.087433,2.0482,-0.061646,0
0.031891,0.013428,0.082397,2.0482,-0.059814,0
0.027008,0.014038,0.07309,2.2757,-0.056458,0
0.020599,0.01236,0.065002,2.7309,-0.054321,0
0.013123,0.0093079,0.056763,2.2757,-0.050659,0
0.0056458,0.0038147,0.051575,3.186,-0.047913,0
0.00030518,-0.0010681,0.052032,2.7309,-0.047607,0
-0.0022888,-0.0030518,0.057526,3.186,-0.045776,0
-0.0028992,-0.0018311,0.06012,2.9584,-0.041504,0
0.0010681,-0.0018311,0.055695,2.5033,-0.036926,0
0.0061035,-0.0015259,0.049133,2.2757,-0.029297,0
0.0073242,-0.0024414,0.047455,2.5033,-0.021973,0
0.0041199,-0.0028992,0.050659,3.186,-0.012207,0
0.0024414,-0.0015259,0.050049,3.4135,0.0012207,0
0.0061035,-0.0022888,0.038452,2.7309,0.020142,0
0.0073242,-0.0067139,0.016479,2.7309,0.045471,0
0.0028992,-0.0093079,-0.005188,2.7309,0.068665,0
-0.0022888,-0.010223,-0.018921,3.186,0.08728,0
-0.0059509,-0.010223,-0.024719,2.2757,0.10132,0
-0.007782,-0.0091553,-0.027313,3.186,0.11444,0
-0.0048828,-0.0088501,-0.03006,3.186,0.13,0
0.0064087,-0.0090027,-0.033722,2.9584,0.14557,0
0.015259,-0.0088501,-0.034485,2.2757,0.15961,0
0.019989,-0.0090027,-0.03479,2.2757,0.16418,0
0.021362,-0.0093079,-0.034943,2.7309,0.16083,0
0.021515,-0.0091553,-0.03479,2.0482,0.15015,0
0.020294,-0.0093079,-0.035095,2.7309,0.13947,0
0.015411,-0.0091553,-0.03891,2.7309,0.13184,0
0.015411,-0.0079346,-0.043945,2.5033,0.12817,0
0.020447,-0.007019,-0.038757,2.0482,0.12451,0
0.022736,-0.0039673,-0.021362,2.5033,0.12115,0
0.022125,0.00045776,0.0036621,3.186,0.11475,0
0.018768,0.0038147,0.022125,2.7309,0.10559,0
0.014343,0.0059509,0.024567,2.5033,0.09552,0
0.012207,0.0059509,0.01297,1.8206,0.08728,0
0.010376,0.004425,0.0013733,2.2757,0.082092,0
0.0093079,0.0048828,0.0042725,2.0482,0.079346,0
0.0024414,0.0082397,0.016174,1.8206,0.081482,0
-0.0088501,0.010071,0.027771,2.2757,0.086365,0
-0.015411,0.009613,0.037842,1.8206,0.094604,0
-0.014648,0.0085449,0.041504,1.8206,0.10559,0
-0.010071,0.0068665,0.041351,1.3655,0.1181,0
-0.0086975,0.0068665,0.04303,1.5931,0.13031,0
-0.0018311,0.0085449,0.043182,2.0482,0.14587,0
0.010834,0.010071,0.045929,2.0482,0.16205,0
0.021362,0.0082397,0.057068,2.5033,0.18097,0
0.025482,0.0033569,0.066528,2.7309,0.2005,0
0.029449,0.0027466,0.070496,2.0482,0.21698,0
0.033722,0.0054932,0.071869,2.7309,0.23102,0
0.028687,0.0065613,0.067749,2.9584,0.24445,0
0.015106,0.0059509,0.058746,2.7309,0.25635,0
-0.0024414,0.0062561,0.051727,2.5033,0.26703,0
-0.020599,0.0065613,0.046539,2.7309,0.2771,0
-0.035248,0.0041199,0.029755,2.0482,0.28564,0
-0.04776,0.00076294,0.0018311,2.5033,0.29114,0
-0.064545,-0.0019836,-0.020599,2.5033,0.29236,0
-0.072021,-0.0021362,-0.027466,2.2757,0.29022,0
-0.065155,-0.00015259,-0.027313,2.5033,0.28717,0
-0.040894,-0.0013733,-0.03067,2.0482,0.28534,0
-0.0032043,-0.005188,-0.041809,2.2757,0.28107,0
0.02121,-0.0086975,-0.057831,2.9584,0.27771,0
0.015869,-0.011139,-0.071259,2.5033,0.27069,0
-0.0015259,-0.009613,-0.076904,2.7309,0.26276,0
-0.010529,-0.0076294,-0.070343,2.5033,0.2533,0
-0.013885,-0.0062561,-0.057678,2.5033,0.23895,0
-0.0177,-0.0073242,-0.04425,2.5033,0.22339,0
-0.022736,-0.0076294,-0.036163,2.5033,0.20538,0
-0.029907,-0.0079346,-0.03418,2.5033,0.18951,0
-0.028229,-0.0061035,-0.028534,2.2757,0.17487,0
-0.017395,-0.00091553,-0.016174,2.0482,0.16144,0
-0.00076294,0.0038147,-0.0024414,1.8206,0.1474,0
0.014343,0.0068665,0.0061035,2.2757,0.13214,0
0.025635,0.0085449,0.013275,2.2757,0.11688,0
0.027313,0.0093079,0.011749,2.5033,0.097656,0
0.023956,0.009613,-0.002594,2.2757,0.080261,0
0.020599,0.010986,-0.015717,1.8206,0.066833,0
0.0094604,0.011597,-0.016632,1.5931,0.053711,0
-0.0061035,0.010223,-0.0048828,1.5931,0.04364,0
-0.0177,0.0074768,0.0083923,1.8206,0.036621,0
-0.024109,0.0048828,0.022583,2.5033,0.031433,0
-0.022888,0.0050354,0.035706,2.2757,0.027466,0
-0.017853,0.0079346,0.041962,2.7309,0.025635,0
-0.02121,0.0090027,0.040741,2.5033,0.022278,0
-0.019989,0.0065613,0.037842,3.4135,0.020447,0
-0.0067139,0.0030518,0.033417,2.7309,0.018616,0
0.009613,0.00045776,0.030823,2.7309,0.0177,0
0.01709,-0.0012207,0.030975,2.0482,0.0177,0
0.0091553,-0.0036621,0.029602,2.2757,0.022278,0
0.0024414,-0.0065613,0.022583,2.5033,0.027771,0
-0.00030518,-0.0071716,0.0065613,2.0482,0.030518,0
0.0024414,-0.0068665,-0.011749,2.2757,0.030823,0
0.0064087,-0.0082397,-0.021667,2.2757,0.030212,0
0.0099182,-0.009613,-0.020599,2.2757,0.028076,0
0.0085449,-0.0093079,-0.015411,2.0482,0.027161,0
0.0059509,-0.010529,-0.017395,2.7309,0.028076,0
0.0074768,-0.01236,-0.027466,2.2757,0.027466,0
0.010223,-0.010529,-0.040588,2.9584,0.027771,0
0.0057983,-0.010986,-0.051727,2.9584,0.026245,0
0,-0.01297,-0.06073,2.5033,0.022278,0
-0.0022888,-0.010834,-0.059662,2.7309,0.0177,0
-0.007019,-0.0047302,-0.039673,2.7309,0.013428,0
-0.014038,-0.0021362,-0.01297,2.7309,0.0094604,0
-0.016632,0,0.0041199,2.2757,0.0042725,0
-0.0090027,0.00091553,0.0097656,2.2757,-0.0024414,0
0.0036621,-0.0042725,0.0061035,1.8206,-0.0097656,0
0.015717,-0.0086975,-0.0012207,2.7309,-0.018616,0
0.024719,-0.0094604,-0.0050354,2.0482,-0.027466,0
0.025482,-0.0093079,-0.0013733,2.5033,-0.035706,0
0.025024,-0.0090027,0.0016785,2.5033,-0.039062,0
0.02655,-0.0091553,-0.0028992,2.0482,-0.041504,0
0.030823,-0.010834,-0.010529,2.2757,-0.045471,0
0.032043,-0.013275,-0.019989,2.5033,-0.050049,0
0.03418,-0.012054,-0.029755,2.2757,-0.055542,0
0.0383,-0.010834,-0.037231,1.8206,-0.061646,0
0.036316,-0.010529,-0.039062,2.0482,-0.065613,0
0.032959,-0.0076294,-0.0354,2.2757,-0.068054,0
0.028839,-0.005188,-0.032501,2.2757,-0.067749,0
0.025482,-0.0061035,-0.033875,2.0482,-0.066833,0
0.019836,-0.0086975,-0.03952,2.2757,-0.065918,0
0.014648,-0.0091553,-0.04425,1.5931,-0.068359,0
0.0065613,-0.0056458,-0.042419,1.8206,-0.073853,0
0.00030518,-0.0028992,-0.032196,1.8206,-0.079956,0
-0.0012207,-0.0013733,-0.017853,2.2757,-0.085449,0
0.005188,-0.00091553,-0.0059509,1.5931,-0.089417,0
0.015411,0.00091553,0.0022888,2.5033,-0.090942,0
0.028687,0.0033569,0.0047302,2.5033,-0.090637,0
0.032501,0.0032043,0.00045776,2.5033,-0.091858,0
0.022736,0.0012207,-0.0067139,2.7309,-0.092163,0
0.0053406,0.00061035,-0.01297,1.8206,-0.092468,0
-0.0032043,0.0013733,-0.011139,2.2757,-0.091553,0
-0.0024414,0.0024414,-0.0013733,2.2757,-0.091248,0
-0.0050354,0.0038147,0.0054932,2.5033,-0.091248,0
-0.0086975,0.0068665,0.0035095,2.0482,-0.089417,0
-0.010071,0.0076294,-0.0036621,2.0482,-0.089111,0
-0.0032043,0.0054932,-0.010223,2.5033,-0.087585,0
0.00061035,0.0018311,-0.013733,3.186,-0.088501,0
-0.0022888,-0.00091553,-0.01709,2.7309,-0.088806,0
-0.013275,-0.0032043,-0.022736,3.6411,-0.091553,0
-0.025635,-0.0071716,-0.033875,2.2757,-0.096741,0
-0.031433,-0.010681,-0.04837,2.5033,-0.10376,0
-0.033722,-0.0090027,-0.062103,2.2757,-0.11261,0
-0.045624,-0.004425,-0.071716,2.2757,-0.12115,0
-0.056305,-0.002594,-0.074005,2.2757,-0.12817,0
-0.055084,-0.0010681,-0.067596,2.2757,-0.13123,0
-0.043182,-0.00045776,-0.064087,2.2757,-0.13214,0
-0.029297,-0.00061035,-0.059814,2.2757,-0.12878,0
-0.024872,-0.0012207,-0.042267,2.5033,-0.12512,0
-0.016327,-0.0050354,-0.017242,2.2757,-0.11963,0
-0.0059509,-0.0047302,-0.0027466,2.2757,-0.11108,0
0.0027466,-0.0010681,-0.0028992,2.2757,-0.1004,0
0.011444,-0.0010681,-0.0094604,2.0482,-0.08667,0
0.025787,-0.0033569,-0.019531,2.0482,-0.071411,0
0.048523,-0.0022888,-0.026398,1.8206,-0.055542,0
0.069885,-0.0019836,-0.027313,2.0482,-0.042419,0
0.075073,-0.0042725,-0.029297,2.2757,-0.031738,0
0.068817,-0.004425,-0.031281,2.5033,-0.021973,0
0.061493,-0.002594,-0.028687,2.2757,-0.011292,0
0.051422,-0.0028992,-0.022888,2.0482,0.00091553,0
0.040894,-0.0036621,-0.023041,1.8206,0.010376,0
0.027313,-0.0024414,-0.032959,1.5931,0.015869,0
0.0093079,-0.00091553,-0.043793,1.8206,0.016479,0
0.00045776,0,-0.04837,2.0482,0.015564,0
0.0073242,-0.00015259,-0.044556,3.186,0.016479,0
0.023346,-0.0030518,-0.038452,2.9584,0.020752,0
0.018768,-0.0028992,-0.03479,3.186,0.027771,0
-0.004425,-0.00030518,-0.032043,2.5033,0.032959,0
-0.027924,0.0030518,-0.030518,2.5033,0.032959,0
-0.045624,0.005188,-0.030518,2.2757,0.025024,0
-0.045929,0.007782,-0.027008,2.2757,0.012512,0
-0.040741,0.013885,-0.016937,2.2757,0,0
-0.044861,0.015106,-0.0045776,1.8206,-0.0079346,0
-0.049591,0.011292,-0.00091553,2.5033,-0.011597,0
-0.044403,0.0059509,-0.01297,3.186,-0.014038,0
-0.032501,0.0027466,-0.027161,2.9584,-0.019226,0
-0.023651,-0.00061035,-0.0354,2.7309,-0.030212,0
-0.019073,-0.0027466,-0.039825,2.7309,-0.045776,0
-0.0093079,-0.00061035,-0.034027,2.9584,-0.062866,0
0.00091553,0.0032043,-0.014343,2.9584,-0.076599,0
0.0028992,0.0050354,0.010223,2.5033,-0.084229,0
-0.00045776,0.0057983,0.026855,2.7309,-0.083923,0
0.00015259,0.0086975,0.031433,2.5033,-0.078735,0
0.0057983,0.011902,0.023956,2.5033,-0.072327,0
0.010223,0.0085449,0.012207,2.5033,-0.070496,0
0.020142,-0.00015259,0.0013733,2.7309,-0.074463,0
0.040283,-0.0065613,-0.0065613,2.2757,-0.081787,0
0.059967,-0.0071716,-0.012054,2.5033,-0.087891,0
0.068207,-0.0033569,-0.017548,2.5033,-0.090637,0
0.070038,-0.00015259,-0.015564,1.8206,-0.089722,0
0.064392,0.0019836,-0.0071716,2.5033,-0.087891,0
0.050201,0.0073242,-0.0056458,2.5033,-0.089111,0
0.033875,0.011444,-0.018005,2.2757,-0.088806,0
0.01358,0.012512,-0.041351,2.7309,-0.08667,0
-0.022583,0.014801,-0.064697,2.5033,-0.084839,0
-0.066681,0.015564,-0.070038,2.2757,-0.080261,0
-0.097198,0.012207,-0.049744,2.5033,-0.075073,0
-0.10422,0.0090027,-0.012817,2.2757,-0.065613,0
-0.092468,0.0080872,0.023193,2.5033,-0.055847,0
-0.074768,0.0050354,0.045624,2.2757,-0.044861,0
-0.060272,0.0010681,0.048981,2.2757,-0.038452,0
-0.042572,0.00045776,0.037384,1.1379,-0.035095,0
-0.023193,0.0039673,0.025024,1.5931,-0.032654,0
-0.0064087,0.0076294,0.022736,2.0482,-0.030518,0
-0.0024414,0.0099182,0.022736,1.5931,-0.027771,0
0.00045776,0.013275,0.020905,1.5931,-0.024109,0
0.010071,0.017395,0.025482,2.0482,-0.023193,0
0.022125,0.018311,0.033722,2.5033,-0.025635,0
0.031586,0.018005,0.039825,2.2757,-0.031433,0
0.036774,0.018768,0.036621,2.2757,-0.037231,0
0.043945,0.020599,0.024719,2.2757,-0.042114,0
0.048218,0.024109,0.014954,2.7309,-0.038757,0
0.046082,0.024261,0.016632,2.0482,-0.029602,0
0.041199,0.021515,0.016632,2.2757,-0.016174,0
0.033264,0.012665,0.0082397,2.7309,-0.0021362,0
0.018311,-0.00091553,0.0013733,2.7309,0.0088501,0
-0.00030518,-0.009613,0.002594,2.9584,0.014648,0
-0.014038,-0.013885,0.0073242,2.2757,0.013733,0
-0.019226,-0.013733,0.010681,2.7309,0.011292,0
-0.020599,-0.010071,0.019531,2.2757,0.0085449,0
-0.019989,-0.009613,0.029449,2.0482,0.0057983,0
-0.0067139,-0.010681,0.036316,2.2757,0.0067139,0
-0.013428,-0.010834,0.040131,2.5033,0.010376,0
-0.025635,-0.0091553,0.0383,2.7309,0.013123,0
-0.034027,-0.0088501,0.030212,3.186,0.016479,0
-0.0354,-0.0056458,0.025635,2.7309,0.018005,0
-0.032349,0.00015259,0.032806,2.0482,0.020752,0
-0.011902,0.0024414,0.041809,2.7309,0.02533,0
0.028534,0.0010681,0.042877,1.8206,0.032349,0
0.068512,0,0.043182,2.5033,0.041809,0
0.079498,-0.00045776,0.050812,2.5033,0.05127,0
0.058136,-0.00045776,0.056915,2.7309,0.058899,0
0.031128,0.0010681,0.055542,2.5033,0.065613,0
0.015259,0.00076294,0.047913,1.8206,0.071106,0
0.014191,-0.00091553,0.037079,2.5033,0.075073,0
0.023041,-0.00076294,0.018463,2.2757,0.075989,0
0.026245,0.0013733,-0.007782,1.8206,0.076599,0
0.023651,0.00076294,-0.021667,2.0482,0.076599,0
0.024872,-0.0012207,-0.015717,0.68281,0.072632,0
0.021667,-0.0015259,0.00076294,2.0482,0.066528,0
0.021362,-0.0028992,0.019226,2.0482,0.060425,0
0.022583,-0.004425,0.028381,2.5033,0.054321,0
0.020905,-0.005188,0.022583,2.2757,0.046692,0
0.018005,-0.0056458,0.0028992,2.0482,0.039978,0
0.016937,-0.0068665,-0.021973,2.0482,0.031738,0
0.022278,-0.0079346,-0.041504,2.2757,0.023804,0
0.025482,-0.0061035,-0.047455,2.0482,0.017395,0
0.016174,-0.0036621,-0.039978,2.2757,0.013733,0
-0.0074768,-0.0045776,-0.030212,1.8206,0.014343,0
-0.037689,-0.007782,-0.025177,2.5033,0.011292,0
-0.06073,-0.0090027,-0.018005,2.7309,0.010376,0
-0.069275,-0.0093079,-0.0041199,1.5931,0.013123,0
-0.063324,-0.010071,0.0064087,2.5033,0.020447,0
-0.059814,-0.010071,0.0061035,2.2757,0.031433,0
-0.063324,-0.0085449,0.0048828,2.7309,0.041199,0
-0.059967,-0.0065613,0.0076294,2.2757,0.047913,0
-0.040741,-0.005188,0.010529,2.7309,0.049133,0
-0.0079346,-0.007782,0.012207,2.0482,0.045471,0
0.012817,-0.011292,0.014343,2.9584,0.038757,0
0.0061035,-0.014191,0.013733,2.5033,0.032349,0
-0.017548,-0.016785,0.011292,2.2757,0.027771,0
-0.040131,-0.016479,0.011597,2.5033,0.023804,0
-0.0354,-0.014954,0.011444,2.7309,0.023193,0
-0.00030518,-0.013123,0.010986,2.2757,0.024109,0
0.031128,-0.014496,0.011292,2.7309,0.02533,0
0.039368,-0.016785,0.016937,1.8206,0.027771,0
0.043488,-0.013275,0.023956,2.9584,0.028076,0
0.054932,-0.007019,0.027618,1.8206,0.025635,0
0.065002,-0.0045776,0.027924,2.2757,0.024414,0
0.057983,-0.0016785,0.029602,2.7309,0.026855,0
0.032959,0.00015259,0.030975,2.2757,0.032959,0
0.014343,-0.0010681,0.020142,2.5033,0.042114,0
0.005188,-0.00030518,0.0022888,2.5033,0.055847,0
-0.0076294,0.0021362,-0.0057983,2.0482,0.071106,0
-0.026093,0.0032043,0.0022888,2.5033,0.083618,0
-0.043182,0.0028992,0.015717,1.8206,0.095825,0
-0.052795,0.0024414,0.023651,2.2757,0.10742,0
-0.039368,0.0018311,0.02594,2.7309,0.12329,0
-0.0079346,0.0028992,0.023193,2.2757,0.14771,0
0.0090027,0.0028992,0.018616,2.5033,0.17487,0
0.0094604,0.0033569,0.016785,2.0482,0.2002,0
0.0074768,0.0028992,0.016632,2.2757,0.22095,0
0.0067139,0.0028992,0.016632,2.2757,0.23132,0
0.0064087,0.0016785,0.030518,2.2757,0.2359,0
0.0065613,-0.00076294,0.050049,2.0482,0.23376,0
0.0064087,0.00015259,0.04837,2.0482,0.22858,0
-0.0047302,0.0030518,0.02655,2.2757,0.21606,0
-0.02655,0.0041199,-0.0028992,2.5033,0.19592,0
-0.058289,0.0027466,-0.030365,2.5033,0.1709,0
-0.092316,-0.0013733,-0.045624,3.186,0.14557,0
-0.1091,-0.0068665,-0.041962,2.2757,0.12543,0
-0.065308,-0.0088501,-0.021973,2.5033,0.10742,0
0.023041,-0.0080872,-0.00030518,2.2757,0.088196,0
0.068665,-0.0073242,0.013123,2.5033,0.069885,0
0.050812,-0.0032043,0.020752,2.7309,0.053711,0
0.023499,-0.00015259,0.020599,2.5033,0.043335,0
0.017242,-0.0010681,0.013428,2.0482,0.0354,0
0.013733,-0.0041199,0.0021362,2.2757,0.02655,0
0.011902,-0.0080872,-0.010681,2.2757,0.019836,0
0.015717,-0.010834,-0.019531,2.0482,0.011902,0
0.0097656,-0.010529,-0.024719,2.0482,0.0076294,0
-0.011749,-0.010223,-0.024719,2.5033,0.0061035,0
-0.043335,-0.010834,-0.018005,2.7309,0.005188,0
-0.062103,-0.010529,-0.0080872,2.7309,0.0042725,0
-0.059509,-0.0074768,0.0012207,2.9584,0.0030518,0
-0.028992,-0.0038147,0.0065613,2.5033,0.0039673,0
0.013733,-0.0013733,0.0064087,2.5033,0.0045776,0
0.027771,0.00030518,0.0047302,2.7309,0.0076294,0
0.01709,-0.00045776,0.0013733,2.2757,0.011292,0
0.0048828,-0.0021362,-0.0085449,2.5033,0.019531,0
-0.0093079,-0.0028992,-0.018158,1.8206,0.039978,0
-0.031586,-0.0036621,-0.020294,2.2757,0.068665,0
-0.04425,-0.0067139,-0.023041,2.5033,0.093689,0
-0.021515,-0.0048828,-0.024414,2.5033,0.10559,0
0.017853,0.002594,-0.018311,1.8206,0.10315,0
0.054016,0.0094604,-0.0024414,2.0482,0.088196,0
0.070343,0.014801,0.018158,2.0482,0.064697,0
0.052338,0.018768,0.03006,2.5033,0.033264,0
0.016022,0.017548,0.030823,2.0482,0.010376,0
-0.005188,0.013428,0.032806,2.5033,0.019226,0
-0.010071,0.012207,0.035706,1.3655,0.062561,0
-0.015106,0.010834,0.032806,2.2757,0.11505,0
-0.029907,0.0059509,0.029755,2.5033,0.15564,0
-0.031586,0.0013733,0.033264,2.2757,0.17273,0
-0.010834,-0.0021362,0.046387,2.0482,0.17181,0
0.028992,-0.0036621,0.06073,1.8206,0.17151,0
0.063782,-0.0038147,0.06424,2.2757,0.18127,0
0.082397,-0.0056458,0.054626,2.7309,0.2005,0
0.0914,-0.0079346,0.040588,2.2757,0.22034,0
0.09201,-0.0038147,0.028687,2.5033,0.22888,0
0.068665,0.0039673,0.022736,2.2757,0.22339,0
0.036621,0.0064087,0.019836,2.7309,0.20569,0
0.020599,0.0059509,0.0083923,2.9584,0.1886,0
0.009613,0.0042725,-0.016785,2.7309,0.18097,0
-0.0027466,0.0018311,-0.04364,2.5033,0.18555,0
-0.0033569,0.0033569,-0.050659,2.9584,0.19531,0
-0.0064087,0.0067139,-0.028687,3.186,0.20172,0
-0.0354,0.0076294,0.0090027,2.5033,0.20569,0
-0.07019,0.0086975,0.037842,2.7309,0.21332,0
-0.072327,0.0097656,0.046844,2.2757,0.22949,0
-0.050507,0.011139,0.045776,2.5033,0.2478,0
-0.03952,0.014343,0.036621,2.9584,0.25757,0
-0.036926,0.017853,0.019989,2.5033,0.25452,0
-0.022888,0.018921,0.0093079,2.5033,0.24902,0
-0.010681,0.019989,0.013733,2.5033,0.25208,0
-0.0091553,0.021362,0.027771,2.5033,0.26459,0
-0.00076294,0.018921,0.0383,2.0482,0.27985,0
0.025177,0.014801,0.045319,2.0482,0.28412,0
0.046082,0.0093079,0.049591,2.2757,0.27466,0
0.042572,0.0048828,0.049286,2.2757,0.25543,0
0.033722,0.0016785,0.051422,2.0482,0.23254,0
0.036926,-0.00076294,0.056,1.8206,0.22095,0
0.046997,-0.0033569,0.056763,2.0482,0.22369,0
0.063324,-0.0022888,0.050354,2.2757,0.23224,0
0.080109,0.00045776,0.036926,1.5931,0.2417,0
0.070343,0.00015259,0.019226,1.5931,0.24811,0
0.022583,-0.004425,-0.00015259,2.0482,0.24445,0
-0.024109,-0.0079346,-0.016479,2.5033,0.23285,0
-0.032959,-0.0097656,-0.027313,2.0482,0.21027,0
-0.015869,-0.010834,-0.035553,2.0482,0.1886,0
0.0068665,-0.011139,-0.038757,2.5033,0.17883,0
0.014801,-0.01236,-0.033264,2.0482,0.18707,0
-0.0015259,-0.012665,-0.027313,2.5033,0.20325,0
-0.021667,-0.011749,-0.029297,2.9584,0.21393,0
-0.017395,-0.012054,-0.027924,2.5033,0.21362,0
0.0032043,-0.012665,-0.021515,2.2757,0.20416,0
0.022278,-0.0091553,-0.015259,2.5033,0.19257,0
0.027924,-0.0042725,-0.0080872,2.5033,0.18646,0
0.027924,-0.0038147,-0.005188,2.9584,0.19226,0
0.02243,-0.0036621,-0.012665,2.7309,0.20142,0
0.018311,-0.0024414,-0.025787,2.7309,0.20752,0
0.010834,-0.0024414,-0.032043,2.2757,0.20813,0
-0.010529,-0.0018311,-0.026703,2.0482,0.20325,0
-0.027313,0.0027466,-0.014343,1.8206,0.19104,0
-0.031433,0.0085449,0.00045776,2.5033,0.17273,0
-0.042877,0.010223,0.012054,2.7309,0.15411,0
-0.053864,0.0068665,0.015869,2.9584,0.14221,0
-0.045166,0.0028992,0.0099182,2.5033,0.14252,0
-0.014801,0.00061035,-0.0056458,3.186,0.14618,0
0.024109,-0.0022888,-0.02243,2.9584,0.14893,0
0.054321,-0.0053406,-0.035095,2.0482,0.14435,0
0.069733,-0.0065613,-0.045471,2.7309,0.13824,0
0.070343,-0.0022888,-0.046082,2.7309,0.13275,0
0.069885,0.0028992,-0.037689,2.5033,0.13153,0
0.074005,0.0061035,-0.024719,2.7309,0.13092,0
0.064087,0.0086975,-0.01236,2.7309,0.13397,0
0.049133,0.0076294,-0.010986,2.5033,0.13977,0
0.039673,0.0042725,-0.016479,2.0482,0.1532,0
0.032196,0.0032043,-0.018921,2.2757,0.17059,0
0.016479,0.0038147,-0.013428,2.2757,0.18829,0
-0.0067139,0.0053406,0.0032043,2.9584,0.19379,0
-0.027466,0.0036621,0.018158,2.7309,0.18372,0
-0.032654,0.0032043,0.023041,2.2757,0.15625,0
-0.027466,0.0054932,0.020599,2.0482,0.11749,0
-0.030823,0.0067139,0.016479,2.7309,0.075684,0
-0.049133,0.0054932,0.013885,2.2757,0.037231,0
-0.060272,0.0061035,0.014648,2.5033,0.012512,0
-0.053558,0.011139,0.019073,2.5033,-0.0024414,0
-0.044556,0.011749,0.023651,2.5033,-0.010681,0
-0.046082,0.0082397,0.02594,2.5033,-0.016174,0
-0.043793,0.0059509,0.025635,2.7309,-0.019836,0
-0.018616,0.0047302,0.024414,2.0482,-0.018311,0
0.010986,0.0018311,0.020599,2.2757,-0.011902,0
0.02655,-0.0010681,0.018768,2.0482,-0.00061035,0
0.033417,-0.00076294,0.020599,2.2757,0.007019,0
0.022583,0.00015259,0.017242,2.9584,0.0067139,0
-0.012207,-0.0018311,0.0041199,2.2757,-0.0027466,0
-0.043793,-0.0079346,-0.0088501,2.9584,-0.014343,0
-0.050659,-0.011444,-0.013123,2.0482,-0.022888,0
-0.03891,-0.010071,-0.011292,2.7309,-0.024109,0
-0.013123,-0.007782,-0.0076294,2.7309,-0.020142,0
0.027313,-0.0076294,-0.0013733,2.7309,-0.011292,0
0.066528,-0.0068665,0.0042725,2.5033,-0.0057983,0
0.07019,-0.0047302,0.0088501,2.5033,-0.00091553,0
0.043182,-0.0041199,0.0085449,2.2757,0.0030518,0
0.014038,-0.0067139,-0.00015259,2.7309,-0.0027466,0
0.0022888,-0.010834,-0.018616,3.186,-0.02655,0
0.0064087,-0.014496,-0.041199,2.7309,-0.061646,0
0.016022,-0.015717,-0.059357,2.9584,-0.10193,0
0.0177,-0.013885,-0.061951,2.7309,-0.13184,0
0.011139,-0.0088501,-0.051422,2.9584,-0.15259,0
0.0019836,-0.0022888,-0.040283,2.7309,-0.16479,0
-0.017853,0.0028992,-0.036926,2.9584,-0.16815,0
-0.041351,0.0024414,-0.037079,2.7309,-0.16266,0
-0.06134,-0.0041199,-0.039978,2.9584,-0.15045,0
-0.057068,-0.009613,-0.048828,2.7309,-0.13611,0
-0.041809,-0.010529,-0.061646,2.9584,-0.12421,0
-0.025482,-0.0094604,-0.064545,3.4135,-0.11322,0
-0.0033569,-0.0091553,-0.052643,2.9584,-0.099487,0
0.0050354,-0.0073242,-0.039368,3.186,-0.082397,0
-0.0030518,-0.004425,-0.029144,2.7309,-0.067444,0
-0.0057983,-0.0019836,-0.015869,2.7309,-0.06897,0
-0.0086975,-0.0010681,0.0042725,1.8206,-0.094299,0
-0.011139,0.00030518,0.025482,2.7309,-0.1239,0
-0.012512,-0.00091553,0.035858,2.5033,-0.14313,0
-0.012817,-0.0033569,0.033417,2.7309,-0.14313,0
-0.014038,-0.0039673,0.030365,2.5033,-0.13367,0
-0.013428,-0.0048828,0.034027,1.8206,-0.12482,0
-0.014496,-0.0059509,0.040588,2.2757,-0.12848,0
-0.024414,-0.0065613,0.03952,2.2757,-0.14038,0
-0.035706,-0.0050354,0.025787,2.2757,-0.159,0
-0.020752,-0.0036621,0.0085449,2.7309,-0.1767,0
0.015564,-0.0045776,-0.00015259,1.5931,-0.18951,0
0.037842,-0.0053406,-0.0028992,2.0482,-0.19714,0
0.036774,-0.0036621,-0.0039673,1.8206,-0.2066,0
0.029907,-0.0039673,-0.0083923,2.9584,-0.2121,0
0.033417,-0.0056458,-0.016479,2.7309,-0.21912,0
0.02594,-0.0054932,-0.02182,2.7309,-0.22186,0
0.0027466,-0.004425,-0.021515,2.7309,-0.2182,0
-0.016785,-0.0059509,-0.01709,3.186,-0.20416,0
-0.028839,-0.0073242,-0.0097656,2.9584,-0.17853,0
-0.025482,-0.0067139,0.00091553,2.5033,-0.10986,0
-0.012817,-0.0073242,0.01297,3.4135,0.0048828,0
0,-0.0085449,0.021362,3.186,0.08667,0
0.002594,-0.0088501,0.023499,2.9584,0.088196,0
-0.00045776,-0.009613,0.025482,3.186,0.018311,0
0.0013733,-0.010986,0.029755,3.186,-0.07843,0
-0.0022888,-0.0097656,0.036011,3.186,-0.16266,0
-0.0097656,-0.0056458,0.045319,2.5033,-0.21942,0
-0.0099182,-0.0035095,0.050354,2.5033,-0.26062,0
-0.015717,-0.0038147,0.045319,2.7309,-0.29572,0
-0.027466,-0.0039673,0.037231,2.0482,-0.33508,0
-0.03067,-0.0032043,0.0354,3.186,-0.37781,0
-0.018921,-0.0013733,0.039825,3.186,-0.41016,0
0.0024414,0.0010681,0.04425,2.7309,-0.42236,0
0.023956,0.0042725,0.043793,2.5033,-0.41168,0
0.033875,0.0054932,0.040131,2.5033,-0.38544,0
0.031738,0.0047302,0.035858,2.2757,-0.35278,0
0.023651,0.004425,0.028381,1.8206,-0.3244,0
0.0053406,0.0016785,0.017395,1.8206,-0.30182,0
-0.020294,0,0.011292,2.2757,-0.28412,0
-0.041504,0.00030518,0.015259,2.2757,-0.2655,0
-0.04715,0.0010681,0.022278,2.7309,-0.24048,0
-0.052338,0.0027466,0.024872,2.0482,-0.21118,0
-0.066681,0.0028992,0.026093,2.2757,-0.18005,0
-0.085297,0.0039673,0.032043,2.2757,-0.15747,0
-0.089569,0.0042725,0.038605,2.2757,-0.14801,0
-0.081482,0.00091553,0.038452,2.2757,-0.14404,0
-0.05722,-0.0028992,0.037842,2.5033,-0.13977,0
-0.015564,-0.0054932,0.042419,2.5033,-0.12085,0
0.020905,-0.0071716,0.046387,1.8206,-0.08667,0
0.041809,-0.0047302,0.044403,2.2757,-0.028687,0
0.023804,-0.00061035,0.042267,2.5033,0.065308,0
-0.021362,0.0022888,0.044403,2.7309,0.26001,0
-0.052032,0.0061035,0.047455,2.5033,0.4776,0
-0.063934,0.0065613,0.042419,2.0482,0.35767,0
-0.063477,0.0050354,0.035858,2.2757,-0.10651,0
-0.053711,0.002594,0.034332,2.2757,-0.54199,0
-0.031586,0.00030518,0.036316,2.7309,-0.68115,0
-0.0085449,-0.0010681,0.040131,2.5033,-0.5365,0
0.026703,-0.00076294,0.045776,2.7309,-0.30121,0
0.059967,0.00091553,0.054779,2.7309,-0.17303,0
0.047302,0.002594,0.063782,3.186,-0.22003,0
0.0074768,0.0028992,0.071259,3.4135,-0.3598,0
-0.015259,0.0028992,0.07843,3.186,-0.43762,0
-0.0088501,0.0021362,0.083313,3.186,-0.34363,0
0.019226,0,0.079498,2.9584,-0.071106,0
0.072327,0.00030518,0.071259,3.186,0.27679,0
0.12573,0.0032043,0.072021,2.9584,0.56366,0
0.13535,0.0050354,0.082245,2.9584,0.69275,0
0.10315,0.0047302,0.090637,3.4135,0.64758,0
0.058899,0.0013733,0.091705,2.9584,0.48309,0
0.0061035,-0.0018311,0.085754,2.9584,0.29449,0
-0.04776,-0.0018311,0.078888,2.5033,0.15594,0
-0.074158,-0.0016785,0.075073,2.2757,0.098877,0
-0.073547,0.00045776,0.078735,2.2757,0.097656,0
-0.062103,0.0038147,0.093079,2.2757,0.096436,0
-0.048676,0.007019,0.10696,2.0482,0.052795,0
-0.030365,0.0082397,0.10544,2.0482,-0.043945,0
-0.0010681,0.0064087,0.092316,2.9584,-0.16357,0
0.019989,0.0048828,0.077667,2.2757,-0.2597,0
0.013428,0.0042725,0.06546,1.3655,-0.3006,0
-0.0028992,0.002594,0.055695,2.7309,-0.28412,0
-0.0022888,0.0019836,0.048828,2.2757,-0.23041,0
0.013275,0.0050354,0.045776,2.5033,-0.17456,0
0.020142,0.007782,0.045471,1.1379,-0.13977,0
0.014343,0.004425,0.045929,2.0482,-0.13641,0
0.0050354,0.0035095,0.046692,2.2757,-0.15594,0
0.0027466,0.0065613,0.04715,2.0482,-0.17883,0
-0.0016785,0.011292,0.050659,1.3655,-0.1889,0
-0.011444,0.016327,0.059204,1.5931,-0.17548,0
-0.016327,0.017853,0.063171,1.1379,-0.14526,0
-0.012054,0.014343,0.056,2.2757,-0.1059,0
-0.014648,0.011292,0.040588,2.2757,-0.074463,0
-0.024261,0.009613,0.019531,2.7309,-0.058899,0
0.0010681,0.0083923,-0.0056458,2.5033,-0.057068,0
0.012817,0.0079346,-0.028381,2.2757,-0.056763,0
0.00061035,0.007019,-0.046692,2.2757,-0.046082,0
-0.0076294,0.005188,-0.058136,1.1379,-0.026855,0
0.0012207,0.00091553,-0.060577,2.2757,-0.0015259,0
0.015106,-0.0038147,-0.055389,2.0482,0.021973,0
0.036163,-0.0068665,-0.049744,2.0482,0.054016,0
0.061035,-0.007782,-0.043488,2.7309,0.091248,0
0.077972,-0.0068665,-0.035858,2.7309,0.12268,0
0.077972,-0.0091553,-0.030365,2.5033,0.13306,0
0.057373,-0.012512,-0.030212,2.5033,0.12238,0
0.027008,-0.013733,-0.030212,3.186,0.10834,0
0.0013733,-0.014038,-0.033264,2.7309,0.10376,0
-0.014343,-0.013733,-0.036316,2.7309,0.10986,0
-0.034485,-0.014648,-0.029602,2.2757,0.12268,0
-0.046234,-0.015106,-0.018005,2.2757,0.13489,0
-0.046387,-0.013275,-0.010376,2.9584,0.14038,0
-0.048981,-0.010986,-0.013428,2.5033,0.14099,0
-0.048065,-0.0067139,-0.018158,2.2757,0.14069,0
-0.040131,-0.00045776,-0.009613,2.5033,0.14191,0
-0.027466,0.0059509,0.011139,2.5033,0.15167,0
-0.014343,0.0097656,0.03418,2.0482,0.16541,0
-0.00076294,0.01236,0.049286,2.5033,0.18158,0
0.0053406,0.013885,0.054779,2.7309,0.19531,0
0.0038147,0.011749,0.051727,2.0482,0.20416,0
-0.007019,0.0083923,0.039825,2.2757,0.20844,0
-0.018005,0.0042725,0.02533,2.2757,0.21088,0
-0.027924,0.00091553,0.014191,2.2757,0.21393,0
-0.048065,0.00015259,0.01358,2.2757,0.22247,0
-0.073242,0.0013733,0.016327,1.8206,0.23132,0
-0.10498,0.0010681,0.012665,1.5931,0.23682,0
-0.14618,-0.00015259,0.0035095,1.5931,0.23895,0
-0.17227,-0.0019836,-0.0090027,2.0482,0.23468,0
-0.14923,-0.0019836,-0.018768,2.2757,0.22369,0
-0.08606,0.0015259,-0.022888,2.0482,0.20721,0
-0.032196,0.0038147,-0.024567,1.8206,0.18921,0
0.016479,0.0053406,-0.027466,1.5931,0.17578,0
0.054932,0.0048828,-0.03479,2.0482,0.16357,0
0.091553,0.0018311,-0.044556,2.2757,0.15442,0
0.15411,0.00030518,-0.050812,2.2757,0.14404,0
0.20309,-0.0019836,-0.053711,2.2757,0.13519,0
0.1857,-0.0019836,-0.055389,1.8206,0.13123,0
0.1236,-0.00061035,-0.059967,2.2757,0.13,0
0.071716,0.00030518,-0.066833,1.5931,0.12848,0
0.04364,0.0018311,-0.068817,2.5033,0.12634,0
0.031738,0.00045776,-0.065308,1.5931,0.12299,0
0.007019,-0.0021362,-0.060425,2.2757,0.12085,0
-0.046997,-0.0028992,-0.059509,2.2757,0.12115,0
-0.081329,-0.0016785,-0.059052,1.8206,0.11932,0
-0.086212,0.00015259,-0.059814,2.5033,0.11444,0
-0.072021,0.0032043,-0.06134,2.7309,0.10498,0
0.010223,0.0024414,-0.056763,2.7309,0.09613,0
0.10254,0.00045776,-0.042877,2.7309,0.08728,0
0.13092,-0.00045776,-0.026703,2.5033,0.07782,0
0.11169,-0.0022888,-0.023346,2.0482,0.065613,0
0.075378,-0.0036621,-0.039978,3.186,0.049133,0
0.02243,-0.0039673,-0.057526,2.7309,0.027466,0
-0.040894,-0.0038147,-0.053101,2.5033,0.0048828,0
-0.075073,-0.0050354,-0.033722,2.0482,-0.019836,0
-0.059662,-0.0061035,-0.02533,2.2757,-0.042725,0
-0.026245,-0.0056458,-0.031433,2.0482,-0.062561,0
0.0074768,-0.0035095,-0.03418,1.8206,-0.079346,0
0.042114,-0.0028992,-0.036469,2.2757,-0.091248,0
0.072479,-0.0035095,-0.048065,2.7309,-0.099487,0
0.088959,-0.0024414,-0.053711,2.7309,-0.10071,0
0.08606,-0.00015259,-0.044708,2.0482,-0.096741,0
0.056763,0.00045776,-0.031433,2.7309,-0.088196,0
0.022278,0,-0.027466,2.2757,-0.080872,0
0.0016785,-0.0010681,-0.032349,2.2757,-0.075684,0
-0.01709,-0.0022888,-0.038147,1.8206,-0.075684,0
-0.036469,-0.0038147,-0.041199,1.3655,-0.084534,0
-0.049133,-0.0024414,-0.04715,1.8206,-0.095215,0
-0.045166,-0.0016785,-0.06012,2.0482,-0.10529,0
-0.032806,-0.005188,-0.072174,2.2757,-0.11322,0
-0.026855,-0.0086975,-0.072632,1.3655,-0.12238,0
-0.030212,-0.0097656,-0.056763,1.8206,-0.12909,0
-0.01297,-0.0086975,-0.036774,2.2757,-0.13733,0
0.037079,-0.0073242,-0.024872,1.8206,-0.14191,0
0.079498,-0.0064087,-0.022583,2.0482,-0.14404,0
0.076141,-0.0073242,-0.021515,1.5931,-0.14221,0
0.030975,-0.0094604,-0.013885,1.8206,-0.13824,0
-0.037537,-0.012054,-0.0064087,1.5931,-0.13428,0
-0.09964,-0.011749,0.00045776,1.5931,-0.13092,0
-0.12024,-0.0080872,0.0041199,2.2757,-0.12634,0
-0.094299,-0.0057983,0.0012207,1.8206,-0.11902,0
-0.040283,-0.0071716,-0.0015259,1.8206,-0.11017,0
0.016479,-0.0067139,0.0015259,2.5033,-0.10406,0
0.045929,-0.0041199,0.0036621,2.7309,-0.10071,0
0.054626,-0.0030518,-0.0022888,2.5033,-0.10101,0
0.072784,-0.0041199,-0.013733,2.5033,-0.10193,0
0.097046,-0.0061035,-0.027313,2.0482,-0.099182,0
0.096893,-0.004425,-0.035553,2.5033,-0.092163,0
0.062714,-0.00015259,-0.032959,1.8206,-0.081177,0
0.024109,0.0050354,-0.020752,1.8206,-0.066833,0
0.013733,0.0057983,-0.0073242,1.8206,-0.046387,0
0.0177,0.0048828,0.00015259,2.0482,-0.021667,0
0.024872,0.0053406,0.0010681,2.2757,0.0036621,0
0.032196,0.0039673,0.0013733,2.9584,0.02655,0
0.035858,-0.00045776,0.0050354,2.7309,0.045776,0
0.038757,-0.0022888,0.0054932,2.9584,0.063782,0
0.042114,0.00015259,0.0022888,2.7309,0.075989,0
0.041351,0.0042725,0.0027466,2.5033,0.085449,0
0.028076,0.0054932,0.0080872,2.0482,0.090942,0
-0.0032043,0.0061035,0.015717,2.5033,0.092163,0
-0.029907,0.007782,0.025024,2.5033,0.090332,0
-0.047455,0.0079346,0.032654,2.0482,0.083313,0
-0.064392,0.0073242,0.032043,2.0482,0.078125,0
-0.075073,0.0068665,0.02655,2.0482,0.074158,0
-0.061798,0.0065613,0.025177,1.5931,0.073547,0
-0.055542,0.0059509,0.025787,1.8206,0.074463,0
-0.075073,0.0039673,0.016479,2.0482,0.074158,0
-0.085907,0.0024414,-0.0013733,2.7309,0.075073,0
-0.077209,0.0035095,-0.018768,2.0482,0.07782,0
-0.06546,0.005188,-0.028076,2.2757,0.079956,0
-0.049591,0.0053406,-0.032349,2.2757,0.080872,0
-0.016632,0.0048828,-0.035858,2.5033,0.082703,0
0.02121,0.0053406,-0.031128,2.5033,0.085144,0
0.045929,0.0099182,-0.013885,2.2757,0.087891,0
0.069733,0.013123,0.0090027,2.2757,0.086365,0
0.095673,0.0079346,0.025024,2.2757,0.084229,0
0.11215,0.00091553,0.019684,1.3655,0.080261,0
0.09964,0.0012207,0.00061035,1.3655,0.078125,0
0.074615,0.0024414,-0.0053406,2.0482,0.078125,0
0.053253,0.00076294,0.014191,1.8206,0.079346,0
0.040741,-0.002594,0.043488,1.8206,0.084229,0
0.028687,-0.0057983,0.06073,1.8206,0.090332,0
0.018463,-0.0071716,0.06073,1.8206,0.099487,0
0.0085449,-0.0093079,0.051422,1.3655,0.11047,0
-0.0086975,-0.010376,0.037842,2.5033,0.12329,0
-0.010986,-0.0079346,0.020752,2.9584,0.13885,0
-0.023804,-0.0047302,0.0053406,2.2757,0.15533,0
-0.064545,-0.0030518,-0.012054,2.2757,0.17181,0
-0.095673,-0.0045776,-0.027466,2.7309,0.18768,0
-0.081177,-0.0093079,-0.030823,3.186,0.19958,0
-0.037689,-0.0094604,-0.025787,3.6411,0.20782,0
-0.0099182,-0.0038147,-0.017548,3.186,0.21301,0
-0.0015259,0.00030518,-0.0059509,2.7309,0.21362,0
-0.0045776,0.0019836,0.0036621,3.186,0.21362,0
-0.012512,-0.00076294,0.01236,2.5033,0.21301,0
-0.0038147,-0.0024414,0.02243,2.2757,0.21362,0
0.015106,0.00045776,0.031433,1.8206,0.21393,0
0.035858,0.0041199,0.035553,2.0482,0.21393,0
0.059204,0.0030518,0.033569,2.5033,0.21057,0
0.071564,-0.0012207,0.028839,2.5033,0.20691,0
0.061798,-0.0036621,0.021515,2.0482,0.20447,0
0.03952,-0.0039673,0.016174,2.7309,0.20203,0
0.027618,-0.0041199,0.018616,2.9584,0.19958,0
0.033875,-0.0059509,0.026703,2.2757,0.19684,0
0.048828,-0.0088501,0.030975,2.0482,0.19135,0
0.046082,-0.0093079,0.032654,2.7309,0.1825,0
0.028534,-0.0080872,0.035248,2.0482,0.16937,0
0.020447,-0.0083923,0.035858,1.3655,0.15533,0
0.03006,-0.0062561,0.029602,2.5033,0.13824,0
0.037384,-0.0035095,0.015411,2.5033,0.12054,0
0.030823,-0.0062561,-0.0028992,2.0482,0.10223,0
0.023193,-0.0099182,-0.015411,2.7309,0.084534,0
0.020752,-0.012207,-0.015106,2.0482,0.067139,0
0.015411,-0.011597,-0.0018311,2.7309,0.050354,0
0.0038147,-0.010529,0.014496,2.7309,0.034485,0
0.0019836,-0.010376,0.026093,2.5033,0.022583,0
0.024261,-0.0073242,0.0354,2.5033,0.010681,0
0.040436,-0.0039673,0.04364,2.5033,0,0
0.018005,-0.00045776,0.050049,1.8206,-0.010376,0
-0.0022888,0.00061035,0.04837,1.5931,-0.020447,0
-0.010986,-0.00015259,0.040588,1.8206,-0.030212,0
-0.031281,0.0021362,0.035706,2.0482,-0.038452,0
-0.050201,0.0062561,0.033264,2.7309,-0.043335,0
-0.056152,0.011292,0.029755,2.7309,-0.047302,0
-0.058441,0.015564,0.023041,2.7309,-0.045776,0
-0.057068,0.016327,0.016632,2.5033,-0.041504,0
-0.03891,0.015869,0.013123,2.5033,-0.03418,0
0.0050354,0.016022,0.01358,1.8206,-0.02533,0
0.042725,0.017395,0.013733,2.2757,-0.016479,0
0.048981,0.0177,0.0099182,2.2757,-0.010986,0
0.045471,0.016174,0.0024414,2.0482,-0.0048828,0
0.039673,0.014801,-0.0065613,2.2757,0.0012207,0
0.025635,0.015717,-0.017242,2.2757,0.007019,0
0.015869,0.017242,-0.028076,2.2757,0.013123,0
0.022278,0.014191,-0.035095,2.7309,0.01709,0
0.031128,0.0068665,-0.034485,2.2757,0.020142,0
0.021973,0.0039673,-0.029297,2.7309,0.021973,0
-0.0053406,0.0057983,-0.022736,2.2757,0.020752,0
-0.039062,0.010071,-0.013885,2.5033,0.019226,0
-0.080414,0.014648,0.00076294,2.2757,0.016785,0
-0.13031,0.015717,0.018158,2.2757,0.013733,0
-0.16541,0.011749,0.031281,2.2757,0.0085449,0
-0.16205,0.0094604,0.032806,2.2757,0.0030518,0
-0.12741,0.0062561,0.026245,1.8206,0.00030518,0
-0.066681,0.00030518,0.016022,2.2757,-0.00091553,0
0.015106,-0.0028992,0.0035095,1.8206,-0.00030518,0
0.063934,-0.0059509,0.00091553,1.5931,0.00030518,0
0.036011,-0.0082397,0.011902,1.3655,0,0
-0.018158,-0.0082397,0.02655,1.5931,0.00091553,0
-0.043182,-0.0068665,0.03418,1.5931,0.0015259,0
-0.03418,-0.0090027,0.026093,1.8206,0.0039673,0
0.0027466,-0.014496,0.011749,1.8206,0.0097656,0
0.058746,-0.018616,0.005188,1.8206,0.013123,0
0.085144,-0.020752,0.0093079,2.0482,0.012817,0
0.066681,-0.023041,0.012665,2.2757,0.0073242,0
0.037384,-0.025177,0.0045776,2.2757,-0.0024414,0
0.016022,-0.027313,-0.0041199,1.5931,-0.012512,0
-0.0045776,-0.027313,-0.0036621,2.2757,-0.021362,0
-0.025024,-0.025177,0.0024414,2.2757,-0.028381,0
-0.04715,-0.022278,0.0067139,2.0482,-0.03418,0
-0.066986,-0.023041,0.0010681,1.8206,-0.043335,0
-0.075989,-0.026093,-0.0076294,2.0482,-0.051575,0
-0.068359,-0.027313,-0.010986,2.2757,-0.059814,0
-0.03479,-0.024872,-0.011597,2.0482,-0.066833,0
0.0091553,-0.020142,-0.010529,2.5033,-0.073853,0
0.034027,-0.016327,-0.0053406,2.2757,-0.075378,0
0.027924,-0.01358,0.0053406,1.8206,-0.074158,0
0.0074768,-0.0093079,0.019531,1.5931,-0.071411,0
0,-0.0054932,0.023956,1.3655,-0.066528,0
0.0091553,-0.0067139,0.013275,2.0482,-0.061646,0
0.014496,-0.011139,-0.0039673,2.7309,-0.057983,0
0.0073242,-0.010986,-0.016937,2.2757,-0.057983,0
-0.024872,-0.0039673,-0.01297,2.9584,-0.058899,0
-0.054169,0.0045776,0.0045776,2.5033,-0.059509,0
-0.077362,0.012054,0.019836,2.2757,-0.057678,0
-0.09079,0.013123,0.020142,2.7309,-0.054626,0
-0.086975,0.011292,0.01297,2.7309,-0.050659,0
-0.084839,0.014038,0.012207,2.2757,-0.043945,0
-0.10315,0.020142,0.024567,2.2757,-0.039368,0
-0.11642,0.023956,0.040588,2.0482,-0.039062,0
-0.091248,0.024872,0.04776,2.2757,-0.04364,0
-0.011444,0.022736,0.03891,2.7309,-0.044556,0
0.10666,0.018921,0.023651,2.5033,-0.044861,0
0.17426,0.018616,0.013733,2.2757,-0.041199,0
0.1387,0.020447,0.010223,2.2757,-0.035706,0
0.070343,0.022125,0.0091553,2.0482,-0.031128,0
0.042877,0.024414,0.010834,2.2757,-0.032349,0
0.050354,0.026703,0.012817,2.2757,-0.038452,0
0.053558,0.02243,0.018768,2.2757,-0.046082,0
0.03952,0.011139,0.027008,1.8206,-0.05249,0
0.028229,0.0022888,0.028687,2.2757,-0.054626,0
0.017548,-0.0047302,0.028534,2.2757,-0.054626,0
0.0059509,-0.011597,0.029602,2.2757,-0.053711,0
0.00076294,-0.017242,0.025177,2.5033,-0.053406,0
0.0083923,-0.021515,0.0053406,2.0482,-0.058289,0
0.026093,-0.021515,-0.021973,2.2757,-0.065613,0
0.027313,-0.020599,-0.045166,2.0482,-0.073547,0
0.0022888,-0.020142,-0.053406,2.2757,-0.079651,0
-0.019836,-0.016632,-0.051575,2.5033,-0.079651,0
-0.025177,-0.011902,-0.049438,2.7309,-0.075684,0
-0.018158,-0.0094604,-0.051727,2.5033,-0.069275,0
-0.0057983,-0.0097656,-0.056915,1.8206,-0.063171,0
0.0057983,-0.0093079,-0.059052,2.2757,-0.059509,0
0.010986,-0.0054932,-0.05722,2.0482,-0.057678,0
0.023193,-0.0016785,-0.049438,2.5033,-0.056763,0
0.036163,0.0010681,-0.040436,2.0482,-0.056458,0
0.033112,0.0021362,-0.037079,2.5033,-0.053406,0
0.022736,0.0012207,-0.032043,2.7309,-0.048828,0
0.0080872,0.00076294,-0.01709,2.7309,-0.04303,0
-0.0041199,-0.0012207,0.0033569,2.7309,-0.036316,0
-0.0076294,-0.002594,0.02182,2.9584,-0.02594,0
-0.0024414,-0.0018311,0.037689,2.5033,-0.014038,0
0.005188,-0.0022888,0.051575,2.2757,0.00091553,0
0.013885,-0.0030518,0.058746,2.5033,0.018005,0
0.016479,-0.0012207,0.060577,2.0482,0.037537,0
0.0056458,0,0.062256,2.2757,0.056763,0
-0.012207,0.0039673,0.058746,2.7309,0.076904,0
-0.023804,0.0099182,0.049133,2.2757,0.095825,0
-0.041351,0.011444,0.040588,2.2757,0.11505,0
-0.070648,0.0099182,0.034485,2.7309,0.13397,0
-0.088959,0.0085449,0.030212,1.8206,0.15228,0
-0.088959,0.0057983,0.025024,2.2757,0.16815,0
-0.067291,0.0010681,0.013123,2.7309,0.1825,0
-0.037842,-0.00091553,-0.0010681,2.0482,0.19104,0
-0.0054932,-0.0030518,-0.0073242,2.2757,0.19562,0
0.028229,-0.0071716,-0.0045776,2.0482,0.19684,0
0.042725,-0.010681,0.00091553,2.2757,0.19348,0
0.041809,-0.010681,0.0074768,2.5033,0.18707,0
0.041962,-0.010529,0.011139,2.2757,0.17883,0
0.03418,-0.013885,0.0064087,1.5931,0.16998,0
0.0073242,-0.016632,0.00061035,2.2757,0.16174,0
-0.026245,-0.014954,0.0019836,2.2757,0.15259,0
-0.041046,-0.009613,0.011139,2.5033,0.13947,0
-0.030212,-0.0036621,0.018158,2.2757,0.12939,0
-0.018158,-0.00015259,0.018463,1.8206,0.11749,0
-0.01236,-0.00045776,0.013123,1.8206,0.1062,0
-0.0022888,-0.0019836,0.010071,2.2757,0.098877,0
0,-0.0027466,0.016022,1.8206,0.093079,0
-0.025787,-0.0021362,0.023499,2.0482,0.089417,0
-0.058899,-0.0019836,0.025787,2.2757,0.084534,0
-0.077057,-0.0013733,0.02655,2.5033,0.079956,0
-0.073242,-0.0018311,0.02655,2.2757,0.073853,0
-0.065765,-0.0016785,0.026703,2.7309,0.06897,0
0.028076,0.0076294,0.034943,2.5033,0.064697,0
0.076904,0.016174,0.040283,2.5033,0.057068,0
0.076904,0.012054,0.028687,2.2757,0.047302,0
0.045319,0.0062561,0.014191,2.7309,0.033569,0
-0.03006,0.0032043,0.0065613,2.2757,0.016479,0
-0.099182,0.0028992,0.004425,2.5033,-0.00061035,0
-0.112,0.0021362,0.0018311,2.7309,-0.0177,0
-0.071411,0.0018311,-0.0021362,3.186,-0.031433,0
0.0028992,0.002594,-0.0012207,2.2757,-0.044861,0
0.078888,0.0028992,0.0048828,2.2757,-0.057678,0
0.10071,0.0013733,0.0090027,2.2757,-0.067139,0
0.048218,-0.0022888,0.010223,2.7309,-0.072937,0
0.0062561,-0.0057983,0.012207,3.186,-0.075989,0
0.0045776,-0.0064087,0.016174,2.7309,-0.075989,0
0.018005,-0.0059509,0.020142,2.7309,-0.075989,0
0.027008,-0.0038147,0.021057,2.0482,-0.076599,0
0.018005,-0.00030518,0.019684,1.8206,-0.075684,0
0.010223,0.0048828,0.014191,1.8206,-0.072021,0
0.014038,0.0094604,0.0062561,1.8206,-0.064697,0
0.010223,0.01297,0.00076294,2.5033,-0.057373,0
-0.010529,0.019226,-0.00030518,2.0482,-0.048218,0
-0.021667,0.02533,-0.0022888,2.0482,-0.039673,0
-0.027771,0.025177,-0.0047302,2.5033,-0.03479,0
-0.040131,0.023651,-0.010376,1.8206,-0.032043,0
-0.072632,0.022888,-0.023193,2.2757,-0.030518,0
-0.099335,0.02182,-0.037079,2.5033,-0.028076,0
-0.079041,0.018463,-0.049133,2.0482,-0.024109,0
-0.032959,0.014648,-0.057678,2.5033,-0.018616,0
0.00076294,0.013733,-0.059509,2.2757,-0.010376,0
0.020447,0.016632,-0.053558,2.2757,-0.00061035,0
0.021362,0.016632,-0.04303,2.2757,0.007019,0
0.0080872,0.015259,-0.035706,2.2757,0.013123,0
-0.011292,0.01297,-0.039062,2.0482,0.014038,0
-0.026093,0.012054,-0.045776,2.0482,0.010986,0
-0.0354,0.010071,-0.051117,2.0482,0.0094604,0
-0.036621,0.0094604,-0.063324,2.5033,0.012512,0
-0.049438,0.010834,-0.078583,2.5033,0.021362,0
-0.074005,0.013275,-0.088348,2.2757,0.028381,0
-0.072021,0.014038,-0.08728,2.2757,0.030212,0
-0.037994,0.013275,-0.077515,2.9584,0.027771,0
0.018463,0.014343,-0.06485,2.5033,0.018921,0
0.07843,0.018158,-0.058746,2.2757,0.0097656,0
0.11459,0.0177,-0.059967,2.0482,0.00091553,0
0.12085,0.014496,-0.063019,2.0482,-0.005188,0
0.098419,0.010529,-0.072327,2.7309,-0.0079346,0
0.059052,0.010681,-0.089417,2.7309,-0.0076294,0
0.016632,0.013123,-0.10681,2.2757,-0.0057983,0
-0.0082397,0.015717,-0.12207,2.0482,-0.00061035,0
-0.012207,0.018005,-0.1384,2.2757,0.0064087,0
-0.0082397,0.020752,-0.15518,2.2757,0.013123,0
0.0013733,0.022583,-0.16586,2.2757,0.019836,0
0.024109,0.022278,-0.17471,2.5033,0.025635,0
0.045319,0.019684,-0.18768,2.5033,0.032654,0
0.046539,0.016327,-0.20218,2.0482,0.037842,0
0.036163,0.01358,-0.21866,2.7309,0.043945,0
0.03067,0.010986,-0.23834,2.0482,0.046692,0
0.026245,0.005188,-0.25711,1.8206,0.051575,0
0.033112,-0.0016785,-0.27924,2.5033,0.055847,0
0.050659,-0.0062561,-0.30075,2.2757,0.057373,0
0.061646,-0.0085449,-0.31219,2.7309,0.057983,0
0.057831,-0.009613,-0.31067,2.5033,0.055542,0
0.050049,-0.010529,-0.30502,2.2757,0.05249,0
0.037842,-0.011597,-0.30319,2.2757,0.047607,0
0.015259,-0.011444,-0.30273,2.0482,0.042419,0
-0.009613,-0.011444,-0.30258,2.0482,0.038147,0
-0.018921,-0.011597,-0.30289,2.0482,0.036926,0
-0.016022,-0.011444,-0.30273,1.8206,0.0354,0
-0.0091553,-0.011292,-0.30243,2.7309,0.033569,0
0.00045776,-0.011597,-0.30243,2.0482,0.029602,0
-0.014038,-0.011444,-0.30289,2.5033,0.025024,0
-0.024109,-0.011597,-0.30258,2.9584,0.018005,0
-0.027161,-0.011444,-0.30273,2.7309,0.010681,0
-0.027618,-0.010986,-0.30243,1.8206,0,0
-0.027466,-0.011292,-0.30273,1.8206,-0.013733,0
-0.027313,-0.011444,-0.30243,1.8206,-0.028076,0
-0.027618,-0.011597,-0.30258,1.3655,-0.038452,0
-0.026093,-0.011597,-0.30258,1.3655,-0.04425,0
0.031128,-0.012207,-0.32349,1.5931,-0.046082,0
0.065308,-0.01358,-0.34409,2.5033,-0.043945,0
0.059204,-0.013733,-0.33661,2.7309,-0.039062,0
0.014954,-0.014801,-0.32227,2.7309,-0.033875,0
-0.040131,-0.016174,-0.32059,2.7309,-0.027466,0
-0.065918,-0.017242,-0.33585,2.5033,-0.019226,0
-0.057678,-0.020752,-0.34988,3.186,-0.010681,0
-0.042419,-0.027771,-0.3595,2.5033,0.00061035,0
-0.021667,-0.033112,-0.3772,2.0482,0.0079346,0
0.01709,-0.035858,-0.40237,2.0482,0.016785,0
0.055847,-0.036163,-0.4158,2.5033,0.024414,0
0.078888,-0.03952,-0.40375,2.2757,0.031433,0
0.085449,-0.04425,-0.37003,2.0482,0.036621,0
0.066833,-0.041351,-0.32043,2.5033,0.037842,0
0.032806,-0.031281,-0.24292,2.9584,0.039978,0
0.0076294,-0.023346,-0.13245,2.2757,0.041199,0
-0.0045776,-0.019379,-0.015564,2.2757,0.036316,0
-0.023499,-0.018768,0.079498,2.5033,0.023804,0
-0.05722,-0.020599,0.15839,2.2757,0.0045776,0
-0.086212,-0.021057,0.23727,2.2757,-0.01709,0
-0.086212,-0.023956,0.31784,2.9584,-0.039062,0
-0.059967,-0.02594,0.3894,2.7309,-0.057068,0
-0.01297,-0.023041,0.45135,2.0482,-0.070801,0
0.040283,-0.018921,0.51575,1.3655,-0.080261,0
0.088959,-0.014954,0.59189,2.2757,-0.085449,0
0.098572,-0.011597,0.66299,1.8206,-0.088806,0
0.04364,-0.0067139,0.71884,2.5033,-0.087585,0
-0.040283,-0.0054932,0.76401,2.0482,-0.084839,0
-0.085602,-0.0079346,0.80139,2.0482,-0.079346,0
-0.062866,-0.011292,0.83298,2.2757,-0.071411,0
0.009613,-0.014648,0.85999,2.5033,-0.057373,0
0.095367,-0.014038,0.88379,2.0482,-0.038757,0
0.14191,-0.013123,0.90164,2.0482,-0.01709,0
0.13489,-0.0091553,0.91415,2.5033,0.0048828,0
0.09964,-0.0030518,0.9285,2.0482,0.028076,0
0.064697,0.0056458,0.95154,2.2757,0.051575,0
0.038452,0.01297,0.9787,2.2757,0.072021,0
0.01358,0.018005,1.0034,1.8206,0.089722,0
-0.010071,0.021057,1.0187,2.0482,0.1001,0
-0.030365,0.023499,1.0211,2.5033,0.10529,0
-0.044861,0.025787,1.019,2.2757,0.10162,0
-0.04776,0.029755,1.0143,2.7309,0.090637,0
-0.03891,0.03479,1.0065,2.7309,0.07019,0
-0.0354,0.037079,1.0036,2.5033,0.042114,0
-0.036163,0.038452,1.0127,2.2757,0.0097656,0
-0.033875,0.039825,1.0283,2.7309,-0.025024,0
-0.030212,0.034637,1.024,2.0482,-0.059814,0
-0.026093,0.025177,0.97824,2.7309,-0.093994,0
-0.0038147,0.019379,0.90637,3.186,-0.12726,0
0.030975,0.016785,0.83496,2.2757,-0.15656,0
0.068359,0.01236,0.76538,2.0482,-0.18372,0
0.089111,0.004425,0.68573,2.0482,-0.21088,0
0.083008,-0.0010681,0.59769,2.2757,-0.23621,0
0.06012,-0.0010681,0.51849,2.2757,-0.26184,0
0.042877,0.0036621,0.45578,2.7309,-0.28442,0
0.031891,0.0062561,0.39429,2.2757,-0.29877,0
0.037231,0.0041199,0.31876,1.8206,-0.3067,0
0.052643,-0.00091553,0.23712,1.5931,-0.30426,0
0.052185,-0.0061035,0.16235,2.0482,-0.2948,0
0.044861,-0.007782,0.10147,2.2757,-0.28046,0
0.038452,-0.0080872,0.053101,1.8206,-0.26154,0
0.021057,-0.0059509,0.014343,2.5033,-0.23895,0
0.00061035,-0.00045776,-0.018005,2.0482,-0.21881,0
-0.017242,0.005188,-0.049896,2.2757,-0.2066,0
-0.034943,0.0062561,-0.085754,2.5033,-0.2002,0
-0.046997,0.007782,-0.1239,2.7309,-0.2005,0
-0.05249,0.0094604,-0.15503,2.5033,-0.20691,0
-0.052338,0.010223,-0.18524,2.2757,-0.21942,0
-0.04364,0.0079346,-0.22095,2.0482,-0.23773,0
-0.030518,0.00061035,-0.25269,2.2757,-0.25665,0
-0.015564,-0.0042725,-0.27679,1.8206,-0.27435,0
-0.0093079,-0.0021362,-0.3009,1.1379,-0.28778,0
-0.019226,0.00076294,-0.33325,1.8206,-0.29633,0
-0.033722,0.0018311,-0.37613,2.0482,-0.29999,0
-0.042419,0.0027466,-0.42038,2.0482,-0.30304,0
-0.045471,0,-0.45303,2.2757,-0.30457,0
-0.038452,-0.0068665,-0.46921,2.2757,-0.30457,0
-0.030975,-0.011292,-0.48706,1.5931,-0.30426,0
-0.036163,-0.013733,-0.51315,1.5931,-0.29877,0
-0.02533,-0.013275,-0.53421,1.5931,-0.2887,0
-0.017853,-0.012054,-0.54474,2.2757,-0.27252,0
-0.015717,-0.011597,-0.54749,2.2757,-0.25116,0
-0.015106,-0.011597,-0.54779,2.2757,-0.22491,0
-0.015259,-0.011597,-0.54794,2.7309,-0.19379,0
-0.015259,-0.011902,-0.5481,2.2757,-0.1593,0
-0.015564,-0.011902,-0.54779,2.0482,-0.12238,0
-0.015259,-0.0071716,-0.50156,2.5033,-0.089417,0
-0.0094604,-0.0015259,-0.44907,2.2757,-0.059204,0
-0.0088501,0.0015259,-0.439,2.7309,-0.032349,0
-0.0041199,0.0022888,-0.42282,2.7309,-0.010376,0
0.004425,0.0032043,-0.39398,2.7309,0.0024414,0
0.020294,0.0038147,-0.36514,1.8206,0.0085449,0
0.049286,0.0068665,-0.34485,2.2757,0.0064087,0
0.061493,0.0086975,-0.3392,2.5033,-0.0015259,0
0.025482,0.0064087,-0.34317,2.2757,-0.011902,0
-0.021973,0.0013733,-0.3418,2.5033,-0.024414,0
-0.055237,-0.0028992,-0.32593,2.5033,-0.036316,0
-0.067444,-0.0045776,-0.30075,2.9584,-0.048523,0
-0.036926,-0.0068665,-0.27725,2.2757,-0.062256,0
0.011139,-0.0094604,-0.25467,2.0482,-0.073547,0
0.030212,-0.010376,-0.23911,1.8206,-0.07782,0
0.019531,-0.011444,-0.23911,2.0482,-0.071411,0
0.0035095,-0.011292,-0.24078,2.7309,-0.052795,0
0.00045776,-0.0062561,-0.22293,2.5033,-0.023499,0
0.002594,0.00091553,-0.17975,2.0482,0.007019,0
0.0099182,0.0045776,-0.13535,1.8206,0.035706,0
0.027313,0.0054932,-0.11093,1.5931,0.055847,0
0.039062,0.0073242,-0.10178,1.5931,0.07019,0
0.0354,0.010529,-0.10254,1.8206,0.076904,0
0.013123,0.015106,-0.112,2.5033,0.07782,0
-0.028687,0.019379,-0.12192,2.5033,0.074463,0
-0.060425,0.021973,-0.12405,2.9584,0.074463,0
-0.06897,0.027008,-0.11917,2.2757,0.082092,0
-0.065002,0.03067,-0.11108,2.2757,0.098572,0
-0.054321,0.028076,-0.09964,2.0482,0.1239,0
-0.044403,0.024261,-0.09079,2.2757,0.15167,0
-0.036011,0.018616,-0.09079,1.8206,0.18494,0
-0.027771,0.010986,-0.10635,1.8206,0.224,0
-0.03479,0.0021362,-0.13962,1.8206,0.26672,0
-0.08255,-0.0080872,-0.17319,2.7309,0.31219,0
-0.14252,-0.018158,-0.18768,2.5033,0.35736,0
-0.17426,-0.024414,-0.18799,1.8206,0.39734,0
-0.14511,-0.027618,-0.17975,2.5033,0.4361,0
-0.045776,-0.026855,-0.16586,2.0482,0.47058,0
0.077972,-0.018921,-0.14877,2.0482,0.50232,0
0.14847,-0.01236,-0.12619,2.2757,0.53192,0
0.14999,-0.0068665,-0.10452,2.2757,0.55908,0
0.12238,-0.0033569,-0.09552,2.2757,0.58533,0
0.092316,-0.0036621,-0.09964,2.2757,0.60791,0
0.061188,-0.0012207,-0.097351,2.5033,0.62347,0
0.019684,0.0028992,-0.076904,2.7309,0.63019,0
-0.048065,0.0062561,-0.057526,2.2757,0.62561,0
-0.084076,0.0062561,-0.052643,2.2757,0.60852,0
-0.072021,0.0041199,-0.059357,2.5033,0.58167,0
-0.043945,0.0033569,-0.063324,2.7309,0.54718,0
0.014648,0.0033569,-0.044708,2.2757,0.50873,0
0.076294,0.0018311,-0.0068665,2.7309,0.46722,0
0.090179,0.00030518,0.024872,2.7309,0.42053,0
0.059509,-0.0010681,0.040131,2.9584,0.36438,0
0.027618,-0.0036621,0.049896,2.0482,0.30396,0
0.020142,-0.0091553,0.052795,2.5033,0.23895,0
0.02594,-0.016327,0.046387,2.5033,0.17639,0
0.011292,-0.020142,0.03952,2.5033,0.11902,0
-0.018768,-0.021362,0.037537,2.0482,0.070496,0
-0.040283,-0.022125,0.044861,2.0482,0.028381,0
-0.03952,-0.020905,0.053711,2.2757,-0.0097656,0
-0.020447,-0.014801,0.056763,2.5033,-0.049744,0
0.0088501,-0.011292,0.059052,2.7309,-0.089722,0
0.018158,-0.011139,0.058441,2.2757,-0.12665,0
-0.0016785,-0.010681,0.061951,2.2757,-0.15991,0
-0.022736,-0.0079346,0.066528,2.2757,-0.18921,0
-0.030823,-0.0022888,0.054932,2.0482,-0.21179,0
-0.028534,0.0047302,0.039368,2.0482,-0.22919,0
-0.023956,0.010834,0.037079,2.0482,-0.24078,0
-0.020142,0.015411,0.044556,2.0482,-0.24933,0
-0.017853,0.01709,0.045929,2.0482,-0.25848,0
-0.012054,0.017853,0.040894,1.5931,-0.26672,0
-0.0088501,0.017548,0.039215,2.2757,-0.27374,0
-0.0080872,0.017853,0.038605,1.8206,-0.2774,0
-0.0076294,0.017853,0.038452,2.7309,-0.28381,0
-0.0079346,0.017853,0.038605,2.7309,-0.28809,0
-0.0079346,0.017548,0.038605,1.8206,-0.29297,0
-0.0076294,0.017853,0.03891,1.8206,-0.29968,0
-0.0076294,0.0177,0.038757,2.2757,-0.30914,0
-0.0082397,0.0177,0.039062,1.8206,-0.32104,0
-0.0079346,0.0177,0.038605,2.2757,-0.336,0
-0.007782,0.017853,0.038757,2.5033,-0.34576,0
-0.007782,0.017853,0.038605,2.9584,-0.34851,0
-0.0082397,0.0177,0.038452,3.186,-0.34729,0
-0.0076294,0.0177,0.038757,2.9584,-0.34271,0
-0.0035095,0.018005,0.038757,2.7309,-0.33752,0
0.0028992,0.017548,0.038452,2.7309,-0.33356,0
0.0074768,0.017548,0.038605,2.9584,-0.3299,0
0.016327,0.0054932,0.027771,3.186,-0.32806,0
0.02594,-0.015259,0.012054,2.9584,-0.32928,0
0.033112,-0.028534,0.0050354,2.7309,-0.33813,0
0.027313,-0.037079,-0.0033569,2.2757,-0.35156,0
0.021667,-0.039978,-0.016937,2.7309,-0.36621,0
0.023651,-0.039062,-0.025177,2.5033,-0.3772,0
0.020294,-0.036774,-0.021973,2.7309,-0.38055,0
0.027161,-0.032654,-0.007019,2.7309,-0.36926,0
0.031891,-0.024414,0.018158,2.5033,-0.33783,0
0.014954,-0.015564,0.041199,2.2757,-0.28778,0
-0.010376,-0.010681,0.054169,2.0482,-0.22858,0
-0.016174,-0.0071716,0.059967,2.2757,-0.17181,0
0.0033569,-0.0039673,0.059509,1.8206,-0.12573,0
0.0068665,0.00030518,0.058136,2.0482,-0.09613,0
-0.015564,0.0042725,0.064697,2.2757,-0.083923,0
-0.024261,0.0033569,0.079803,1.1379,-0.082703,0
-0.015717,-0.00030518,0.0914,2.2757,-0.090332,0
-0.014191,-0.0041199,0.087433,2.2757,-0.096741,0
-0.020447,-0.0067139,0.072174,1.8206,-0.093689,0
-0.028381,-0.0085449,0.053558,2.2757,-0.081787,0
-0.028687,-0.011444,0.039215,2.0482,-0.062256,0
-0.017853,-0.010986,0.03418,2.2757,-0.042419,0
-0.00015259,-0.0053406,0.034485,2.2757,-0.023804,0
0.023041,0.0021362,0.035706,1.8206,-0.0079346,0
0.04303,0.011902,0.031738,1.8206,0.0048828,0
0.045471,0.025482,0.020447,2.0482,0.013123,0
0.038757,0.034943,0.0042725,2.0482,0.01709,0
0.037231,0.03479,-0.010223,1.5931,0.016174,0
0.036926,0.029449,-0.019379,2.0482,0.012207,0
0.031738,0.025177,-0.023956,2.7309,0.0082397,0
0.023651,0.02121,-0.027618,2.7309,0.010376,0
0.014038,0.019531,-0.027466,2.2757,0.017395,0
0,0.019836,-0.022278,2.5033,0.027161,0
-0.024719,0.019226,-0.016785,2.5033,0.036011,0
-0.040436,0.013885,-0.0093079,2.7309,0.041504,0
-0.033264,0.007019,0.0079346,2.9584,0.046082,0
-0.0056458,0.0021362,0.037689,2.2757,0.050354,0
0.02594,-0.0041199,0.065002,2.7309,0.056763,0
0.033722,-0.009613,0.076141,2.0482,0.064697,0
0.0012207,-0.0086975,0.070496,1.5931,0.075073,0
-0.043488,-0.0054932,0.056,1.8206,0.08606,0
-0.046844,-0.0047302,0.04303,2.7309,0.094299,0
-0.017548,-0.0059509,0.036011,2.2757,0.10345,0
-0.01297,-0.0064087,0.026398,2.5033,0.11047,0
-0.016632,-0.0073242,0.016632,2.7309,0.1181,0
0.0074768,-0.013275,0.015564,2.5033,0.12329,0
0.032043,-0.021057,0.019531,2.5033,0.12939,0
0.031891,-0.024414,0.020294,2.7309,0.13672,0
0.02533,-0.023956,0.01709,1.8206,0.14709,0
0.030823,-0.020294,0.019226,2.2757,0.16144,0
0.039978,-0.016937,0.025482,1.8206,0.17914,0
0.027771,-0.018768,0.028229,1.8206,0.19684,0
0.018158,-0.019989,0.033112,2.0482,0.21423,0
0.022583,-0.02182,0.04303,2.0482,0.23071,0
0.018768,-0.025177,0.041656,2.5033,0.24658,0
0.0050354,-0.02533,0.03418,2.0482,0.26093,0
-0.0097656,-0.020905,0.031738,2.0482,0.27374,0
-0.021667,-0.009613,0.036469,2.0482,0.28473,0
-0.025024,0.0048828,0.044861,2.0482,0.2948,0
-0.018158,0.015717,0.05127,1.8206,0.30609,0
-0.010986,0.024109,0.052032,2.2757,0.31708,0
-0.018616,0.028381,0.053101,2.2757,0.32379,0
-0.034332,0.027618,0.060883,1.8206,0.32562,0
-0.034943,0.023346,0.072479,1.8206,0.32227,0
-0.020294,0.019989,0.076141,2.5033,0.3186,0
0.0074768,0.020905,0.068359,2.2757,0.31433,0
0.024872,0.020294,0.057526,2.0482,0.31158,0
0.022125,0.015869,0.048218,2.0482,0.3067,0
0.018158,0.012665,0.039062,1.5931,0.30212,0
0.022583,0.016327,0.027313,2.0482,0.29602,0
0.033875,0.020294,0.015869,2.2757,0.28564,0
0.040436,0.020447,0.0059509,2.0482,0.26489,0
0.028381,0.023193,0.00030518,3.186,0.22491,0
-0.0028992,0.025635,0.0010681,2.5033,0.1712,0
-0.027618,0.024719,0.0062561,2.2757,0.10498,0
-0.019073,0.022125,0.01297,2.9584,0.019836,0
0.015869,0.020905,0.014343,2.5033,-0.074158,0
0.043182,0.016785,0.0062561,2.7309,-0.16144,0
0.041504,0.0076294,-0.0053406,2.5033,-0.22827,0
0.010681,0.0012207,-0.01297,2.7309,-0.26611,0
-0.025787,0.00045776,-0.015106,2.7309,-0.26367,0
-0.04425,0.00030518,-0.015106,3.4135,-0.21606,0
-0.050659,0.00045776,-0.015259,2.2757,-0.13916,0
-0.065613,0.00076294,-0.015106,2.5033,-0.058899,0
-0.055847,0.00061035,-0.015717,2.2757,0.0079346,0
-0.00045776,0.00045776,-0.015259,2.5033,0.057678,0
0.036316,0.00030518,-0.015259,1.8206,0.093689,0
0.045929,0.00061035,-0.015411,2.2757,0.12268,0
0.027618,0.00061035,-0.015564,2.2757,0.15106,0
0.018005,0.00061035,-0.015106,2.2757,0.18585,0
0.014191,-0.014954,-0.021515,2.5033,0.22614,0
-0.0061035,-0.034332,-0.029297,2.5033,0.27008,0
-0.039825,-0.039673,-0.023193,1.8206,0.31921,0
-0.063477,-0.041656,-0.0047302,2.5033,0.36957,0
-0.054474,-0.043335,0.0059509,1.5931,0.40955,0
-0.011139,-0.043182,0.00045776,2.2757,0.43671,0
0.037231,-0.039215,-0.0064087,2.2757,0.44861,0
0.062408,-0.03067,-0.0015259,1.8206,0.45349,0
0.059357,-0.024109,0.016174,1.5931,0.46356,0
0.04364,-0.021057,0.034485,2.0482,0.47668,0
0.033875,-0.018463,0.044098,2.2757,0.49622,0
0.022888,-0.014801,0.048218,2.2757,0.51666,0
0.0079346,-0.012207,0.043793,1.8206,0.5304,0
0.00061035,-0.016632,0.029602,1.8206,0.53375,0
-0.022278,-0.027771,0.012665,1.8206,0.52612,0
-0.066528,-0.032501,-0.014954,2.0482,0.50781,0
-0.091553,-0.032349,-0.060577,2.2757,0.48462,0
-0.071259,-0.028229,-0.093231,1.5931,0.46082,0
-0.02655,-0.010986,-0.066986,1.1379,0.44067,0
0.013428,0.018463,0.0090027,2.7309,0.42389,0
0.057983,0.040741,0.071716,2.2757,0.41168,0
0.097809,0.048676,0.08606,1.8206,0.39764,0
0.11475,0.051575,0.071411,2.2757,0.38025,0
0.11551,0.062103,0.053253,2.5033,0.35553,0
0.089722,0.081024,0.04303,2.9584,0.32288,0
0.039978,0.10284,0.049744,2.0482,0.28351,0
0.0019836,0.1181,0.070038,2.2757,0.24231,0
-0.026398,0.11749,0.077972,2.7309,0.2002,0
-0.049896,0.10239,0.061188,2.5033,0.16357,0
-0.049133,0.085602,0.049591,1.8206,0.12878,0
-0.020142,0.077209,0.06485,2.2757,0.097656,0
0.018005,0.069122,0.083313,2.5033,0.071716,0
0.040131,0.059204,0.074463,2.5033,0.047607,0
0.040131,0.049896,0.038605,2.5033,0.029602,0
0.030365,0.036011,-0.01297,2.2757,0.011902,0
0.0177,0.014648,-0.085754,2.5033,-0.0054932,0
-0.0013733,-0.0090027,-0.17166,2.0482,-0.019226,0
-0.019073,-0.027924,-0.22781,2.2757,-0.032654,0
-0.013733,-0.0383,-0.22644,2.5033,-0.039673,0
0.028839,-0.040131,-0.18616,2.0482,-0.041199,0
0.070496,-0.03891,-0.14603,2.2757,-0.037231,0
0.061493,-0.03952,-0.13428,2.0482,-0.033264,0
0.024414,-0.038605,-0.13794,1.8206,-0.033875,0
0.002594,-0.036621,-0.1265,1.8206,-0.038452,0
0.005188,-0.040588,-0.10513,2.2757,-0.048523,0
0.0022888,-0.050659,-0.097046,2.7309,-0.061646,0
-0.015259,-0.061646,-0.10437,2.7309,-0.071411,0
-0.037689,-0.070648,-0.10834,2.2757,-0.082092,0
-0.050964,-0.072632,-0.093384,1.8206,-0.093689,0
-0.049896,-0.067596,-0.071564,2.0482,-0.10742,0
-0.031891,-0.059967,-0.056915,2.7309,-0.1239,0
-0.004425,-0.053558,-0.04776,2.5033,-0.14252,0
0.0010681,-0.048676,-0.039825,2.5033,-0.1593,0
-0.013733,-0.041809,-0.024872,2.5033,-0.17487,0
-0.026703,-0.033569,0.0050354,2.2757,-0.18433,0
-0.026855,-0.023651,0.037231,2.7309,-0.18646,0
-0.014496,-0.016937,0.055695,1.5931,-0.18402,0
-0.021515,-0.018616,0.05661,2.2757,-0.1825,0
-0.032806,-0.02182,0.06134,2.5033,-0.1889,0
-0.011444,-0.015717,0.0914,2.2757,-0.20325,0
0.0064087,-0.007019,0.12024,2.2757,-0.2301,0
0.0016785,-0.0042725,0.13275,2.2757,-0.26276,0
-0.0018311,-0.010681,0.11551,2.2757,-0.29144,0
0.0080872,-0.024719,0.05661,2.7309,-0.30945,0
0.01297,-0.02533,0.014801,1.8206,-0.30914,0
0.0041199,-0.0071716,0.050201,2.2757,-0.29205,0
-0.005188,0.0073242,0.11429,1.5931,-0.26276,0
-0.0010681,0.004425,0.1297,2.2757,-0.22888,0
0.011597,-0.0010681,0.10422,2.7309,-0.20233,0
0.027618,0.00076294,0.082245,2.7309,-0.18921,0
0.039978,0.0061035,0.075684,2.5033,-0.19592,0
0.040436,0.009613,0.074921,2.7309,-0.23529,0
0.037537,0.010681,0.075073,2.5033,-0.29358,0
0.032043,0.010376,0.075073,2.7309,-0.35522,0
0.015869,0.0086975,0.068512,2.7309,-0.41229,0
-0.022583,0.0053406,0.051727,1.8206,-0.44861,0
-0.05249,0.0035095,0.030212,2.5033,-0.4483,0
-0.040283,0.0030518,0.007782,2.2757,-0.40222,0
-0.010071,0.0024414,-0.0071716,2.0482,-0.30823,0
0.024872,0.00091553,-0.0093079,2.2757,-0.17822,0
0.050964,0.00061035,0,2.2757,-0.041809,0
0.05188,-0.00030518,0.010529,2.7309,0.072021,0
0.036774,0.0013733,0.018921,2.5033,0.13214,0
0.015106,0.0045776,0.022736,2.0482,0.12482,0
-0.0093079,0.0053406,0.023651,2.2757,0.056763,0
-0.024567,0.0057983,0.024109,2.2757,-0.046082,0
-0.032043,0.0057983,0.023956,2.2757,-0.15137,0
-0.027313,0.0054932,0.023804,1.8206,-0.23132,0
-0.015717,0.0054932,0.023956,2.2757,-0.27191,0
-0.0177,0.0056458,0.023956,2.0482,-0.27252,0
-0.020905,0.0053406,0.023804,2.0482,-0.24078,0
-0.00045776,0.0042725,0.027924,2.5033,-0.19592,0
0.028992,0.0048828,0.036163,2.0482,-0.15289,0
0.042419,0.010986,0.040588,1.8206,-0.12268,0
0.033112,0.018616,0.03952,2.0482,-0.10956,0
0.01297,0.02182,0.035553,1.8206,-0.11108,0
-0.0061035,0.02121,0.027466,2.7309,-0.12115,0
-0.019073,0.021057,0.01709,2.5033,-0.12848,0
-0.030823,0.024261,0.0091553,2.7309,-0.12543,0
-0.027313,0.024109,0.0047302,1.8206,-0.11139,0
-0.016479,0.023956,0.00015259,2.0482,-0.090027,0
0.002594,0.029297,-0.0091553,1.5931,-0.065918,0
0.032196,0.03479,-0.014038,2.2757,-0.042725,0
0.057983,0.036163,-0.0065613,2.7309,-0.024414,0
0.071716,0.036469,-0.0062561,2.2757,-0.010071,0
0.052032,0.039673,-0.025177,2.2757,-0.0021362,0
0.01709,0.045013,-0.051422,2.7309,-0.00091553,0
-0.0033569,0.048523,-0.061493,2.5033,-0.00091553,0
-0.0050354,0.049438,-0.037384,2.2757,-0.0036621,0
0.00030518,0.046844,-0.004425,3.4135,-0.0085449,0
-0.007019,0.039368,0.00045776,3.4135,-0.01709,0
-0.03418,0.027008,-0.016632,2.5033,-0.022888,0
-0.060425,0.015564,-0.028229,2.2757,-0.026855,0
-0.061798,0.0036621,-0.027618,2.5033,-0.02533,0
-0.056763,-0.0083923,-0.032806,2.5033,-0.018921,0
-0.042725,-0.016937,-0.048676,2.2757,-0.0085449,0
-0.01709,-0.016785,-0.063782,1.8206,0.0018311,0
-0.0073242,-0.014954,-0.072021,1.8206,0.016785,0
-0.02655,-0.010529,-0.064392,2.2757,0.034485,0
-0.050964,-0.0071716,-0.038757,2.2757,0.053711,0
-0.056,-0.010986,-0.014801,2.0482,0.074463,0
-0.042572,-0.0094604,-0.0080872,2.9584,0.091858,0
-0.027466,0.0045776,-0.011902,2.0482,0.10773,0
-0.02121,0.021057,-0.027618,2.0482,0.12299,0
-0.015564,0.028229,-0.063171,2.2757,0.13275,0
0.0065613,0.029449,-0.096893,2.5033,0.13947,0
0.027924,0.030975,-0.08667,2.7309,0.14221,0
0.031281,0.03418,-0.02182,2.7309,0.13916,0
0.028534,0.032654,0.041656,2.0482,0.13824,0
0.031128,0.027161,0.056305,2.2757,0.1413,0
0.040436,0.024719,0.034943,2.2757,0.14618,0
0.054016,0.023041,0.014801,1.5931,0.15137,0
0.042419,0.022736,0.0079346,2.2757,0.15289,0
0.020142,0.022583,0.0068665,1.5931,0.15045,0
0.010986,0.022888,0.0064087,2.2757,0.14832,0
0.0088501,0.022583,0.0064087,2.0482,0.14465,0
0.0032043,0.023041,0.0067139,1.8206,0.14221,0
-0.0036621,0.018463,0.0035095,2.2757,0.14099,0
-0.0073242,0.0090027,0.00045776,1.5931,0.14038,0
-0.0080872,0.00091553,0.0033569,2.9584,0.13824,0
-0.0080872,-0.0056458,0.0064087,2.7309,0.13184,0
-0.0080872,-0.012207,0.01358,2.5033,0.12054,0
-0.0073242,-0.013885,0.026245,2.5033,0.11017,0
-0.00045776,-0.009613,0.030365,2.5033,0.10101,0
0.010834,-0.0071716,0.015106,2.7309,0.095825,0
0.028229,-0.011749,-0.0039673,3.186,0.092468,0
0.041656,-0.014343,-0.0035095,1.8206,0.083008,0
0.038757,-0.0097656,0.0076294,2.2757,0.064087,0
0.026703,-0.0056458,0.011139,2.0482,0.039368,0
0.012054,-0.0076294,0.010834,2.9584,0.018616,0
-0.0030518,-0.016937,0.009613,2.2757,0.0064087,0
-0.014954,-0.027771,0.010834,2.7309,0.0088501,0
-0.022278,-0.037842,0.023499,2.7309,0.027466,0
-0.028992,-0.046692,0.033722,2.2757,0.061951,0
-0.030212,-0.05188,0.018158,3.186,0.10315,0
-0.024414,-0.051575,-0.016632,2.7309,0.13855,0
-0.015259,-0.048828,-0.041046,2.7309,0.1593,0
-0.021515,-0.046692,-0.039825,2.2757,0.16022,0
-0.028839,-0.03891,-0.02121,2.5033,0.14984,0
-0.040894,-0.022736,-0.00030518,2.2757,0.12817,0
-0.067291,-0.0080872,0.017548,1.5931,0.098267,0
-0.082703,-0.0035095,0.033722,2.0482,0.069885,0
-0.066223,-0.004425,0.057373,1.1379,0.048828,0
-0.025177,-0.0053406,0.085144,1.8206,0.038452,0
0.018616,0,0.10056,2.7309,0.037537,0
0.036774,0.0038147,0.10025,2.0482,0.042114,0
0.030975,0.0047302,0.09491,1.8206,0.049133,0
0.01709,0.010529,0.096741,1.3655,0.057678,0
-0.0048828,0.018616,0.10666,2.2757,0.065613,0
-0.023804,0.02121,0.11505,1.8206,0.071106,0
-0.025177,0.02243,0.11093,1.8206,0.076294,0
-0.011749,0.022125,0.098724,2.5033,0.078735,0
0.0032043,0.017242,0.085907,1.8206,0.078125,0
-0.00091553,0.012817,0.072174,2.0482,0.077209,0
-0.0086975,0.010681,0.062103,1.3655,0.077209,0
-0.0010681,0.0050354,0.059662,0.91037,0.078125,0
0.00061035,-0.0061035,0.056763,1.5931,0.079651,0
0.00045776,-0.0177,0.044708,1.5931,0.077209,0
0.0038147,-0.028839,0.02594,2.0482,0.071411,0
0.013733,-0.040741,0.002594,2.0482,0.063477,0
0.033569,-0.050507,-0.025482,2.5033,0.054626,0
0.051727,-0.055695,-0.055695,2.9584,0.044556,0
0.06424,-0.056915,-0.079041,2.2757,0.034485,0
0.055084,-0.05188,-0.08606,2.0482,0.020447,0
0.033722,-0.042725,-0.075073,2.0482,0.0076294,0
0.01709,-0.03479,-0.054626,2.7309,-0.0027466,0
0.010529,-0.027313,-0.03479,2.2757,-0.010376,0
0.012207,-0.017395,-0.023193,2.5033,-0.015564,0
0.016479,-0.0071716,-0.018768,3.186,-0.018616,0
0.02121,0.0016785,-0.017853,2.2757,-0.020142,0
0.021973,0.0093079,-0.019226,2.2757,-0.02533,0
0.014038,0.011444,-0.024261,2.0482,-0.033569,0
-0.0038147,0.0090027,-0.024109,2.5033,-0.044861,0
-0.019684,0.0056458,-0.011139,2.0482,-0.058289,0
-0.021667,0.0042725,0.0085449,2.0482,-0.068054,0
-0.016479,0.002594,0.026855,2.5033,-0.075989,0
-0.010681,-0.0022888,0.040741,2.7309,-0.078735,0
-0.0056458,-0.0013733,0.042419,2.2757,-0.079346,0
-0.005188,0.00030518,0.028076,2.2757,-0.078125,0
-0.0093079,-0.0062561,0.014648,2.2757,-0.078125,0
-0.012207,-0.0061035,0.015717,1.8206,-0.07782,0
-0.011597,0.0039673,0.028534,2.0482,-0.079346,0
-0.0061035,0.0094604,0.034332,2.0482,-0.079041,0
0.0015259,0.0061035,0.017242,2.2757,-0.078735,0
-0.0012207,0.0013733,-0.017395,2.2757,-0.076904,0
-0.01297,0.00061035,-0.038147,1.8206,-0.073853,0
-0.018158,0.00076294,-0.03479,2.0482,-0.070496,0
-0.011292,-0.0019836,-0.02655,1.8206,-0.06958,0
0.00030518,-0.0018311,-0.032654,2.0482,-0.069275,0
0.014496,0.0039673,-0.046387,2.0482,-0.070496,0
0.031738,0.0177,-0.045471,2.0482,-0.071106,0
0.041809,0.032501,-0.030518,2.2757,-0.072937,0
0.037994,0.045929,-0.021057,2.0482,-0.074463,0
0.026093,0.052643,-0.023193,2.2757,-0.074768,0
0.0091553,0.05127,-0.030823,2.0482,-0.072632,0
-0.00015259,0.045471,-0.033569,2.0482,-0.067749,0
-0.0085449,0.040131,-0.023041,2.0482,-0.064087,0
-0.017548,0.035858,0.0022888,2.2757,-0.058594,0
-0.015869,0.032654,0.020905,1.8206,-0.054932,0
-0.0065613,0.030823,0.020752,2.2757,-0.052795,0
-0.0057983,0.036621,0.020752,2.2757,-0.048523,0
-0.0071716,0.040741,0.031586,2.7309,-0.043335,0
-0.0035095,0.029602,0.027924,2.2757,-0.037231,0
0.00030518,0.0071716,-0.013428,2.9584,-0.031433,0
-0.0038147,-0.00045776,-0.063934,2.5033,-0.02655,0
-0.0097656,0.01709,-0.055695,2.0482,-0.023804,0
-0.013275,0.037537,-0.0016785,2.7309,-0.022278,0
0.0019836,0.033112,0.0086975,2.7309,-0.020752,0
0.010986,0.0177,-0.036774,2.7309,-0.019531,0
-0.00015259,0.017548,-0.046997,2.7309,-0.016479,0
-0.0062561,0.024719,0.0090027,2.2757,-0.013123,0
-0.002594,0.01236,0.051575,2.2757,-0.011902,0
0.00076294,-0.012207,0.030365,2.7309,-0.010071,0
0.0045776,-0.029144,-0.015869,2.2757,-0.0088501,0
0.012054,-0.036469,-0.042419,2.2757,-0.0094604,0
0.011444,-0.041809,-0.04715,2.2757,-0.0079346,0
0.0083923,-0.043182,-0.037994,2.7309,-0.0061035,0
0.0099182,-0.043335,-0.0177,2.2757,0.00030518,0
0.012665,-0.046082,0.0018311,2.2757,0.0054932,0
0.011292,-0.048676,0.0061035,2.7309,0.0091553,0
0.0080872,-0.048523,-0.0083923,1.5931,0.0082397,0
0.007019,-0.047455,-0.037842,1.5931,0.0054932,0
0.0080872,-0.046539,-0.070343,1.8206,0.0012207,0
0.0045776,-0.038147,-0.087738,1.3655,-0.0036621,0
-0.0045776,-0.023804,-0.079193,1.8206,-0.0085449,0
-0.0093079,-0.01236,-0.048218,1.8206,-0.011902,0
-0.01297,-0.0047302,-0.01297,2.7309,-0.013733,0
-0.016022,0.00030518,0.015411,1.5931,-0.013123,0
-0.014343,0.0019836,0.03952,1.8206,-0.010376,0
-0.0045776,-0.0021362,0.055542,2.0482,-0.011597,0
0.0057983,-0.0073242,0.059814,2.2757,-0.013123,0
0.004425,-0.0099182,0.054779,1.8206,-0.016479,0
-0.0054932,-0.010223,0.04303,2.0482,-0.0177,0
-0.011292,-0.0068665,0.034637,2.5033,-0.018616,0
-0.0082397,0.0016785,0.033417,2.2757,-0.0177,0
0.002594,0.0091553,0.036011,0.91037,-0.016479,0
0.021973,0.009613,0.03479,1.3655,-0.011902,0
0.032959,0.0068665,0.028992,1.5931,-0.0057983,0
0.027313,0.0039673,0.026398,1.8206,0.0015259,0
0.016022,0.0015259,0.034027,2.7309,0.0091553,0
0.010223,0,0.050201,2.2757,0.016785,0
0.0088501,-0.0030518,0.05127,1.8206,0.022278,0
0.010681,-0.0083923,0.029907,2.7309,0.028687,0
0.0086975,-0.014496,0.011292,2.5033,0.034485,0
0.004425,-0.018768,0.0099182,2.9584,0.04303,0
0.0010681,-0.02182,0.01358,2.5033,0.049744,0
-0.0079346,-0.018768,0.01236,2.9584,0.053406,0
-0.020142,-0.012054,0.0091553,2.2757,0.058594,0
-0.02533,-0.0076294,0.0053406,2.5033,0.063477,0
-0.016785,-0.0039673,0.0013733,2.2757,0.06958,0
0.0027466,0.0022888,-0.00015259,1.8206,0.073547,0
0.024567,0.0094604,0.0021362,2.5033,0.079346,0
0.037384,0.016785,0.0065613,2.7309,0.081787,0
0.044556,0.019836,0.007782,2.7309,0.083923,0
0.044403,0.014801,0.0080872,2.7309,0.08728,0
0.033722,0.0074768,0.014648,2.7309,0.090637,0
0.018005,0.0041199,0.026855,2.0482,0.093689,0
0.0048828,0.0056458,0.037994,2.5033,0.096436,0
-0.0010681,0.0050354,0.033875,1.8206,0.098572,0
-0.0059509,-0.00076294,0.0082397,2.2757,0.098572,0
-0.016479,-0.005188,-0.011444,1.5931,0.096741,0
-0.025482,-0.0080872,-0.0090027,2.2757,0.091553,0
-0.030518,-0.012512,0.0028992,1.8206,0.084534,0
-0.032349,-0.019379,0.0094604,1.8206,0.075073,0
-0.036469,-0.025635,0.0061035,2.0482,0.069885,0
-0.037842,-0.022888,-0.0012207,1.5931,0.072632,0
-0.038605,-0.0094604,-0.010681,1.5931,0.085144,0
-0.036163,0.0032043,-0.022583,2.5033,0.10132,0
-0.029297,0.0076294,-0.024567,2.0482,0.11627,0
-0.023041,0.0091553,-0.018005,2.0482,0.12482,0
-0.015717,0.011902,-0.020447,1.8206,0.12878,0
-0.0074768,0.01709,-0.025024,2.0482,0.13062,0
-0.0027466,0.030823,-0.033264,2.0482,0.13031,0
-0.0035095,0.045166,-0.058899,2.7309,0.1297,0
-0.0036621,0.049896,-0.084839,2.9584,0.13092,0
0,0.055542,-0.062256,2.5033,0.13306,0
0.0036621,0.063782,0.0033569,2.9584,0.13641,0
0.0019836,0.061646,0.045776,2.5033,0.14313,0
-0.0022888,0.045319,0.040283,2.2757,0.14954,0
-0.0018311,0.025635,0.030823,2.0482,0.15594,0
0.00045776,0.00030518,0.040894,2.7309,0.16083,0
0.0028992,-0.028381,0.045624,2.0482,0.16388,0
0.0097656,-0.050812,0.033264,2.2757,0.16479,0
0.010223,-0.062714,0.026855,2.2757,0.16449,0
0.0050354,-0.071106,0.034485,2.5033,0.16296,0
0.0027466,-0.076752,0.03952,2.9584,0.16052,0
0.0019836,-0.07431,0.028992,2.7309,0.15778,0
0.004425,-0.065918,0.0074768,3.186,0.15778,0
0.0091553,-0.057373,-0.015411,3.186,0.15839,0
0.012512,-0.051117,-0.024719,2.9584,0.15961,0
0.010681,-0.049591,-0.022125,2.5033,0.16083,0
0.0013733,-0.052338,-0.024872,3.186,0.16144,0
-0.0041199,-0.049438,-0.037537,2.5033,0.16418,0
0.00045776,-0.039825,-0.046082,2.0482,0.17242,0
0.004425,-0.030518,-0.035248,2.7309,0.18585,0
0.0061035,-0.023193,-0.0097656,2.2757,0.19684,0
0.0053406,-0.014343,0.011139,2.2757,0.19928,0
0.010071,-0.0028992,0.026398,2.5033,0.19287,0
0.011444,0.0057983,0.046844,2.0482,0.18341,0
0.004425,0.0080872,0.066986,2.0482,0.17059,0
0.005188,0.0028992,0.066833,2.5033,0.16052,0
0.011902,-0.0048828,0.053253,2.2757,0.15442,0
0.014191,-0.0062561,0.048676,1.8206,0.15198,0
0.0097656,-0.0012207,0.054016,2.5033,0.15137,0
0.0059509,0.0048828,0.060425,1.8206,0.15198,0
0.0045776,0.01297,0.064392,2.0482,0.15198,0
0,0.023804,0.060272,2.0482,0.15442,0
-0.005188,0.032806,0.048523,2.0482,0.159,0
-0.0073242,0.037689,0.055847,2.2757,0.16815,0
-0.0064087,0.040588,0.090942,2.0482,0.18005,0
-0.0065613,0.037231,0.11566,2.0482,0.19501,0
-0.0035095,0.028229,0.11017,2.0482,0.20386,0
-0.0027466,0.020294,0.087433,2.0482,0.20752,0
0.0015259,0.016022,0.066528,2.2757,0.20782,0
0.0050354,0.015411,0.056305,2.0482,0.20966,0
0.0065613,0.013733,0.057983,2.7309,0.2124,0
0.011292,0.0085449,0.067444,2.2757,0.21301,0
0.021057,0.0018311,0.072479,2.0482,0.21332,0
0.035248,-0.0028992,0.068054,2.0482,0.21057,0
0.042725,-0.0019836,0.061646,2.5033,0.20813,0
0.030975,-0.00015259,0.058899,2.2757,0.20477,0
0.0079346,0.00091553,0.055542,2.2757,0.20233,0
-0.010223,0.0028992,0.050659,2.2757,0.20172,0
-0.023804,0.0059509,0.040436,1.1379,0.20264,0
-0.03006,0.0067139,0.021973,2.0482,0.2124,0
-0.031738,0.0059509,0.0042725,2.2757,0.23132,0
-0.025024,0.0090027,0.0013733,2.9584,0.24628,0
-0.015564,0.015411,0.010681,2.7309,0.2478,0
-0.0086975,0.024872,0.027161,2.9584,0.2359,0
-0.0083923,0.033569,0.040283,2.7309,0.22064,0
-0.011139,0.036774,0.041656,2.7309,0.21332,0
-0.015717,0.043945,0.040436,2.7309,0.21393,0
-0.019989,0.059814,0.050964,2.5033,0.21118,0
-0.020752,0.074615,0.0737,2.2757,0.20142,0
-0.016022,0.080566,0.088348,2.9584,0.18738,0
-0.01358,0.076447,0.08255,2.9584,0.17273,0
-0.015564,0.062103,0.06958,2.9584,0.16235,0
-0.015564,0.04715,0.060272,2.9584,0.16022,0
-0.010986,0.041046,0.046997,3.186,0.16205,0
-0.0085449,0.046844,0.030823,2.2757,0.16785,0
-0.0094604,0.056152,0.015106,2.2757,0.17487,0
-0.0097656,0.056763,-0.007782,2.9584,0.18005,0
-0.0045776,0.041656,-0.044861,2.9584,0.18402,0
0.0015259,0.027161,-0.062103,2.7309,0.18738,0
-0.00030518,0.023956,-0.033417,2.5033,0.19073,0
-0.0050354,0.017395,-0.0045776,2.2757,0.19135,0
-0.0056458,0.0048828,-0.016632,2.2757,0.19196,0
-0.0041199,-0.0013733,-0.052795,2.5033,0.18921,0
-0.0016785,-0.0028992,-0.082245,2.5033,0.18646,0
0.0019836,-0.0045776,-0.093842,2.2757,0.18585,0
0.0053406,-0.007782,-0.098724,2.2757,0.18738,0
0.0065613,-0.011597,-0.092468,2.0482,0.1889,0
0.0080872,-0.018768,-0.081329,2.7309,0.18829,0
0.010376,-0.03067,-0.090942,2.0482,0.1886,0
0.016022,-0.041351,-0.1178,1.8206,0.19196,0
0.024109,-0.055389,-0.15594,2.2757,0.1944,0
0.025177,-0.066071,-0.19806,1.8206,0.19531,0
0.025787,-0.052032,-0.20065,2.2757,0.19379,0
0.029297,-0.021057,-0.14267,2.2757,0.19287,0
0.033875,-0.0033569,-0.080872,2.7309,0.19287,0
0.037384,-0.00015259,-0.051422,2.5033,0.19104,0
0.037994,0.002594,-0.039062,2.9584,0.19135,0
0.029602,0.0048828,-0.03479,2.2757,0.18921,0
0.013733,0.007019,-0.041504,2.2757,0.18646,0
0.0033569,0.016785,-0.043945,2.0482,0.18463,0
-0.0047302,0.035858,-0.021057,2.9584,0.1825,0
-0.014496,0.053864,0.015411,2.5033,0.17944,0
-0.023499,0.065765,0.050354,2.7309,0.17334,0
-0.031128,0.066376,0.072479,3.186,0.16449,0
-0.032654,0.049438,0.070343,2.9584,0.15717,0
-0.035553,0.020294,0.044556,2.5033,0.14862,0
-0.035248,-0.009613,0.012817,2.5033,0.14435,0
-0.027771,-0.034027,-0.014038,2.2757,0.14252,0
-0.023499,-0.054016,-0.036011,2.9584,0.14252,0
-0.024261,-0.063477,-0.033264,2.0482,0.14191,0
-0.023346,-0.058136,0.0086975,2.7309,0.14496,0
-0.026855,-0.046387,0.052795,2.2757,0.14709,0
-0.026093,-0.03891,0.059204,2.2757,0.15198,0
-0.020752,-0.038757,0.046539,1.8206,0.15747,0
-0.0054932,-0.044098,0.05188,2.2757,0.16144,0
0.0033569,-0.050812,0.070953,2.2757,0.16357,0
0.0010681,-0.053864,0.079346,2.2757,0.16418,0
-0.00045776,-0.046387,0.073395,2.0482,0.16571,0
0.0036621,-0.032501,0.052185,1.3655,0.1709,0
0.010376,-0.028839,0.02121,2.0482,0.177,0
0.014801,-0.039825,0.0056458,1.8206,0.18555,0
0.016479,-0.050812,0.021057,1.5931,0.19623,0
0.019836,-0.055695,0.054321,2.2757,0.20752,0
0.021057,-0.060425,0.078888,1.3655,0.21637,0
0.018616,-0.064087,0.088654,1.5931,0.22339,0
0.013733,-0.064545,0.093689,2.2757,0.22766,0
0.012512,-0.059052,0.09491,1.8206,0.23041,0
0.014648,-0.048065,0.089111,2.5033,0.23529,0
0.014954,-0.038605,0.081635,2.9584,0.23987,0
0.014038,-0.036011,0.072479,1.8206,0.24506,0
0.014191,-0.044556,0.055084,2.5033,0.24963,0
0.012817,-0.054626,0.03952,2.2757,0.2536,0
0.0093079,-0.048676,0.040283,2.0482,0.25604,0
0.0071716,-0.028229,0.046692,2.2757,0.25726,0
0.014191,-0.0080872,0.042877,1.8206,0.25696,0
0.026245,0.014648,0.05661,2.5033,0.2597,0
0.033569,0.041962,0.11139,2.5033,0.26398,0
0.021362,0.061798,0.16693,2.7309,0.26703,0
0.0082397,0.065613,0.17929,2.2757,0.27008,0
0.0030518,0.057068,0.16037,2.5033,0.26917,0
0.0015259,0.042572,0.1442,2.7309,0.2652,0
0.00076294,0.023651,0.13275,2.5033,0.25848,0
0.002594,0.0016785,0.11261,2.2757,0.24994,0
0.0079346,-0.020447,0.076752,2.7309,0.23987,0
0.0039673,-0.041962,0.035553,2.5033,0.23102,0
0.0021362,-0.056763,0.0053406,2.2757,0.22491,0
0.0061035,-0.054932,-0.016022,2.5033,0.22003,0
0.015717,-0.038452,-0.035248,2.5033,0.21759,0
0.024567,-0.021362,-0.028229,2.9584,0.21484,0
0.028381,-0.010376,0.016022,2.7309,0.21362,0
0.028534,-0.0013733,0.048828,2.0482,0.2124,0
0.028992,0.0064087,0.039215,2.2757,0.2124,0
0.025482,0.014496,0.013733,2.2757,0.21393,0
0.018616,0.021057,-0.00061035,2.2757,0.21515,0
0.011749,0.026093,-0.0030518,2.9584,0.21515,0
0.0035095,0.025635,0.0012207,2.2757,0.21271,0
-0.0083923,0.018463,0.0042725,2.0482,0.21057,0
-0.015411,0.012665,0.0054932,2.0482,0.20966,0
-0.019073,0.014343,0.011749,2.0482,0.20935,0
-0.024414,0.017853,0.020447,1.3655,0.21057,0
-0.032501,0.011749,0.021057,2.2757,0.21179,0
-0.031738,-0.00091553,0.021362,2.0482,0.21393,0
-0.026093,-0.011597,0.029755,2.2757,0.21515,0
-0.017548,-0.018005,0.03952,2.2757,0.21606,0
-0.010834,-0.023804,0.040894,2.0482,0.21423,0
-0.0068665,-0.031128,0.032501,2.2757,0.21149,0
-0.0028992,-0.036926,0.026245,1.8206,0.20844,0
0.00045776,-0.039062,0.026093,2.2757,0.20264,0
0.0064087,-0.037994,0.020905,2.2757,0.19806,0
0.011292,-0.03006,-0.0045776,2.2757,0.1947,0
0.015259,-0.024109,-0.039825,2.5033,0.18951,0
0.016327,-0.024261,-0.053101,2.2757,0.18646,0
0.015411,-0.023804,-0.037384,1.8206,0.18372,0
0.011292,-0.017853,-0.0086975,2.2757,0.18036,0
0.0065613,-0.0094604,0.017242,2.0482,0.18036,0
0.0018311,-0.0022888,0.033112,2.0482,0.17883,0
-0.0032043,0.0041199,0.040588,2.2757,0.17853,0
-0.0050354,0.0099182,0.033569,2.9584,0.17761,0
-0.0085449,0.0088501,0.02243,2.2757,0.177,0
-0.013275,0.0039673,0.02594,2.5033,0.17487,0
-0.022125,0.0076294,0.038452,2.2757,0.17273,0
-0.031281,0.021057,0.04303,2.2757,0.16907,0
-0.035553,0.032196,0.031586,2.5033,0.16754,0
-0.035553,0.031586,0.0057983,2.7309,0.16937,0
-0.032043,0.028839,-0.0019836,2.7309,0.17242,0
-0.027618,0.03418,0.031433,2.2757,0.17578,0
-0.021362,0.042572,0.055695,2.2757,0.18005,0
-0.015564,0.03952,0.015717,2.0482,0.18524,0
-0.012054,0.02121,-0.065613,2.5033,0.1947,0
-0.010376,0.013733,-0.11398,2.7309,0.20538,0
-0.010223,0.036011,-0.07309,2.5033,0.2182,0
-0.010529,0.057526,0.00015259,2.2757,0.23621,0
-0.014954,0.048676,0.015106,2.7309,0.25696,0
-0.02121,0.030365,-0.0082397,2.0482,0.27588,0
-0.027161,0.024719,-0.017548,2.5033,0.29541,0
-0.030975,0.027313,-0.023499,2.2757,0.31494,0
-0.032196,0.030975,-0.047455,2.2757,0.33264,0
-0.032349,0.030212,-0.080872,2.5033,0.34851,0
-0.031128,0.022125,-0.10605,2.5033,0.36224,0
-0.030212,0.0177,-0.10361,2.2757,0.37445,0
-0.03006,0.016785,-0.076294,1.8206,0.38086,0
-0.024109,0.016479,-0.050507,2.0482,0.38239,0
-0.019531,0.018463,-0.03479,1.8206,0.3775,0
-0.0090027,0.019684,-0.013885,2.0482,0.36621,0
0.0030518,0.0177,0.0082397,2.0482,0.34668,0
0.016632,0.01236,0.019989,1.8206,0.32013,0
0.021362,0.0088501,0.02243,2.2757,0.28931,0
0.024414,0.0099182,0.016632,2.0482,0.26245,0
0.028534,0.015717,0.002594,2.0482,0.2359,0
0.023651,0.027618,-0.012207,2.2757,0.21301,0
0.017548,0.042572,-0.018463,2.7309,0.19012,0
0.016327,0.050201,-0.024567,2.7309,0.16357,0
0.017853,0.052948,-0.042725,2.5033,0.13763,0
0.017242,0.065155,-0.066223,3.4135,0.11292,0
0.01709,0.077209,-0.075378,2.7309,0.091248,0
0.023804,0.078278,-0.058441,2.7309,0.072632,0
0.031891,0.074005,-0.032043,2.9584,0.056152,0
0.033875,0.067291,-0.015717,2.7309,0.041504,0
0.030975,0.058441,-0.014954,2.5033,0.028381,0
0.029449,0.046387,-0.01297,2.7309,0.012817,0
0.03006,0.034637,-0.00061035,2.5033,-0.0042725,0
0.028076,0.02594,0.0053406,2.5033,-0.024109,0
0.016327,0.018616,-0.0036621,2.9584,-0.041809,0
-0.0054932,0.0097656,-0.014496,2.9584,-0.059204,0
-0.029297,-0.0035095,-0.019989,2.7309,-0.074158,0
-0.035553,-0.016022,-0.027161,2.7309,-0.085144,0
-0.032196,-0.026855,-0.038147,2.9584,-0.093994,0
-0.024261,-0.038452,-0.041504,2.0482,-0.10193,0
-0.01358,-0.046234,-0.041809,2.2757,-0.1123,0
-0.0047302,-0.042572,-0.049744,2.2757,-0.12665,0
-0.0085449,-0.031586,-0.062714,2.5033,-0.14313,0
-0.015717,-0.02533,-0.064392,2.7309,-0.15869,0
-0.011597,-0.025482,-0.046997,2.0482,-0.17395,0
-0.0012207,-0.023499,-0.021057,2.7309,-0.18066,0
0.010071,-0.018311,-0.0057983,2.7309,-0.18158,0
0.014038,-0.018768,-0.012054,2.7309,-0.17639,0
0.0099182,-0.02655,-0.024261,1.3655,-0.16693,0
0.0071716,-0.036621,-0.024872,1.3655,-0.1532,0
0.0080872,-0.045013,-0.015259,0.91037,-0.14099,0
0.0045776,-0.049896,-0.014954,1.8206,-0.13306,0
-0.0033569,-0.05249,-0.02121,1.3655,-0.12604,0
-0.0042725,-0.053864,-0.024261,1.1379,-0.11932,0
-0.0048828,-0.050049,-0.023193,1.5931,-0.10406,0
-0.0080872,-0.040436,-0.01236,2.2757,-0.081787,0
-0.0080872,-0.031433,0.0045776,2.0482,-0.057373,0
-0.0021362,-0.023499,0.016174,2.9584,-0.032043,0
0.0036621,-0.014343,0.023346,2.2757,-0.010986,0
-0.00030518,-0.0036621,0.028839,1.8206,0.0082397,0
0.0048828,0.004425,0.032806,2.2757,0.029602,0
0.022736,0.0068665,0.032043,2.2757,0.052795,0
0.042419,0.0024414,0.024414,2.5033,0.077209,0
0.052185,-0.0032043,0.01236,2.9584,0.096741,0
0.045166,-0.0047302,0.0027466,2.9584,0.11169,0
0.029755,-0.00076294,0.0027466,2.9584,0.12146,0
0.017395,0.0076294,0.015411,2.2757,0.1297,0
0.0053406,0.01358,0.029449,2.2757,0.1358,0
-0.010986,0.014191,0.032043,2.5033,0.14191,0
-0.023804,0.012665,0.018311,2.0482,0.14526,0
-0.031738,0.0047302,-0.0038147,1.8206,0.14648,0
-0.038605,-0.0071716,-0.032043,2.2757,0.14221,0
-0.043182,-0.007019,-0.06134,2.5033,0.13733,0
-0.049591,0.0012207,-0.060425,2.9584,0.13458,0
-0.048981,-0.0032043,-0.018158,2.2757,0.1358,0
-0.034332,-0.020447,0.021667,2.0482,0.13336,0
-0.012207,-0.030823,0.03891,2.2757,0.12817,0
0.0083923,-0.027313,0.052948,2.2757,0.12115,0
0.02243,-0.016174,0.066376,2.0482,0.11444,0
0.01709,-0.010376,0.063934,2.5033,0.10406,0
0.00015259,-0.015259,0.040588,2.2757,0.091248,0
-0.016632,-0.020752,-0.00061035,2.0482,0.077515,0
-0.018921,-0.016174,-0.048218,2.0482,0.062256,0
-0.010834,-0.0053406,-0.064392,2.0482,0.046692,0
0.0033569,0.0033569,-0.054169,2.5033,0.033875,0
0.012817,0.0068665,-0.057831,2.7309,0.021973,0
0.01297,0.0090027,-0.089417,2.5033,0.010071,0
0.0097656,0.016479,-0.11658,2.0482,-0.0048828,0
0.012817,0.023041,-0.11566,2.2757,-0.019531,0
0.012817,0.014038,-0.11276,2.2757,-0.033264,0
0.0048828,-0.0057983,-0.12604,1.8206,-0.042419,0
-0.0022888,-0.021667,-0.1506,2.0482,-0.047913,0
0.002594,-0.024872,-0.1738,1.8206,-0.053711,0
0.015869,-0.018005,-0.15945,1.5931,-0.06012,0
0.025024,-0.0082397,-0.11139,1.5931,-0.068359,0
0.023804,-0.0036621,-0.075073,1.5931,-0.073242,0
0.023193,-0.007019,-0.071411,1.3655,-0.072632,0
0.0177,-0.014954,-0.08728,1.8206,-0.06897,0
0.0036621,-0.023651,-0.099335,1.8206,-0.060425,0
-0.012054,-0.030365,-0.103,1.5931,-0.054016,0
-0.016022,-0.033417,-0.083923,2.0482,-0.048218,0
-0.011292,-0.031738,-0.028534,2.0482,-0.040283,0
-0.01297,-0.029449,0.028381,1.8206,-0.033264,0
-0.017395,-0.033264,0.049896,2.2757,-0.027771,0
-0.015411,-0.042725,0.036926,2.2757,-0.021057,0
-0.010529,-0.046997,0.0057983,2.5033,-0.013428,0
-0.0053406,-0.030975,0.0074768,2.7309,-0.0045776,0
0.0019836,-0.004425,0.060425,2.2757,0.0021362,0
0.0086975,0.0033569,0.10056,2.5033,0.0079346,0
0.010223,-0.0021362,0.086823,2.9584,0.0091553,0
0.01709,-0.0032043,0.045013,2.5033,0.0076294,0
0.03067,-0.00015259,0.004425,2.2757,0.0012207,0
0.035095,0.00091553,-0.022278,2.5033,-0.0064087,0
0.02594,-0.0010681,-0.023499,2.7309,-0.014343,0
0.010223,-0.0036621,-0.014038,2.2757,-0.021667,0
-0.0067139,-0.0038147,-0.026855,2.2757,-0.027771,0
-0.023499,0.0030518,-0.053406,2.9584,-0.032959,0
-0.029297,0.0088501,-0.062714,3.186,-0.038452,0
-0.021362,0.010376,-0.041809,2.9584,-0.043945,0
-0.012054,0.016785,0.00061035,2.5033,-0.04364,0
0.0018311,0.026855,0.038147,2.5033,-0.04303,0
0.018768,0.035248,0.06012,2.5033,-0.038757,0
0.023804,0.040894,0.076294,2.9584,-0.036316,0
0.010986,0.04303,0.091705,2.9584,-0.032959,0
-0.0041199,0.040894,0.092468,2.7309,-0.025024,0
-0.0019836,0.0383,0.078735,2.2757,-0.0097656,0
0.010529,0.038452,0.067596,2.7309,0.028076,0
0.0099182,0.040131,0.061798,2.2757,0.096436,0
-0.0033569,0.039673,0.054474,2.7309,0.15289,0
-0.0061035,0.035248,0.045013,2.0482,0.13428,0
0.0042725,0.031128,0.032959,2.0482,0.039368,0
0.027161,0.030212,0.019379,2.5033,-0.081787,0
0.03952,0.031738,0.012817,2.2757,-0.17365,0
0.036011,0.035248,0.020142,2.0482,-0.19623,0
0.025177,0.034943,0.032043,2.0482,-0.1593,0
0.018463,0.02243,0.033569,2.0482,-0.10468,0
0.0082397,0.00045776,0.019684,1.8206,-0.074768,0
-0.0054932,-0.023651,-0.0047302,2.0482,-0.072632,0
-0.012665,-0.037689,-0.019989,2.0482,-0.075989,0
-0.010529,-0.038452,-0.011749,1.8206,-0.07019,0
-0.0057983,-0.037842,0.0065613,2.5033,-0.046692,0
-0.0016785,-0.039978,0.015869,2.2757,-0.0085449,0
0.0057983,-0.041962,0.013428,2.2757,0.030823,0
0.022888,-0.036774,0.0065613,2.5033,0.06012,0
0.036926,-0.025787,0.0076294,2.2757,0.06897,0
0.033722,-0.016937,0.011139,1.8206,0.062256,0
0.024567,-0.010223,0.010071,2.5033,0.05249,0
0.022888,-0.004425,0.010376,2.0482,0.052795,0
0.018921,0.0050354,0.010223,2.5033,0.06897,0
0.0083923,0.015564,0.0057983,2.5033,0.093994,0
0.0048828,0.025177,0.0076294,2.7309,0.11597,0
0.014343,0.030365,0.02182,2.2757,0.12512,0
0.02243,0.031281,0.043793,2.2757,0.12115,0
0.015564,0.035858,0.060425,2.0482,0.11688,0
0.0064087,0.039062,0.073395,2.7309,0.12177,0
0.0038147,0.035248,0.083923,2.2757,0.14374,0
0.007019,0.027924,0.092163,2.5033,0.17609,0
0.014801,0.016937,0.10056,2.2757,0.2063,0
0.025177,0.0054932,0.090027,2.7309,0.2243,0
0.028992,-0.00045776,0.065918,2.7309,0.23102,0
0.032501,-0.0097656,0.051727,2.5033,0.23254,0
0.041809,-0.023193,0.033569,2.2757,0.23621,0
0.050812,-0.025024,0.0073242,2.5033,0.24323,0
0.056,-0.020447,0.011597,2.9584,0.25726,0
0.056152,-0.028381,0.046082,2.9584,0.27557,0
0.046844,-0.042877,0.056763,2.9584,0.29602,0
0.030823,-0.050507,0.028076,1.8206,0.31219,0
0.011597,-0.049286,-0.0039673,3.186,0.32501,0
-0.0036621,-0.042419,-0.012054,2.5033,0.33112,0
-0.015106,-0.029144,-0.0045776,2.0482,0.33051,0
-0.022125,-0.014496,0.0053406,2.5033,0.32471,0
-0.024261,-0.00061035,0.0068665,2.0482,0.32074,0
-0.020599,0.0088501,-0.0018311,2.7309,0.31982,0
-0.012817,0.010681,-0.012512,2.0482,0.32074,0
-0.0061035,0.0080872,-0.017548,2.2757,0.32013,0
-0.0091553,0.0079346,-0.0073242,2.0482,0.30884,0
-0.013275,0.0090027,0.0018311,2.5033,0.2951,0
-0.0085449,0.0047302,-0.011139,2.0482,0.28229,0
0.0050354,-0.0038147,-0.028992,1.8206,0.27893,0
0.016479,-0.011597,-0.028992,2.0482,0.28168,0
0.020905,-0.013885,-0.022278,2.2757,0.29053,0
0.021667,-0.011139,-0.022583,2.2757,0.29846,0
0.023499,-0.0094604,-0.032043,2.0482,0.3006,0
0.039673,-0.0027466,-0.037842,1.8206,0.29388,0
0.050659,0.0059509,-0.037842,1.5931,0.28564,0
0.037384,0.0082397,-0.044403,2.2757,0.28503,0
0.012207,0.011292,-0.04715,2.0482,0.29327,0
0.0015259,0.029907,-0.042267,2.5033,0.3067,0
0.0038147,0.052185,-0.036621,2.5033,0.32074,0
0.010529,0.057678,-0.036163,2.5033,0.33081,0
0.019226,0.049286,-0.041351,2.2757,0.33844,0
0.027771,0.041351,-0.047455,2.5033,0.34607,0
0.032043,0.035095,-0.0383,2.5033,0.35675,0
0.030975,0.023804,-0.027466,2.7309,0.36652,0
0.027924,0.0073242,-0.03952,3.186,0.37354,0
0.029755,-0.0090027,-0.036316,2.7309,0.37689,0
0.029449,-0.023651,-0.0013733,2.2757,0.37445,0
0.027618,-0.03891,0.023193,2.7309,0.36926,0
0.023651,-0.05127,0.032349,2.5033,0.36652,0
0.015717,-0.052338,0.0354,2.7309,0.36346,0
-0.00030518,-0.047455,0.036316,2.9584,0.36255,0
-0.0097656,-0.042267,0.039825,2.2757,0.36346,0
-0.018768,-0.036469,0.036163,2.7309,0.3653,0
-0.035858,-0.031128,0.019379,2.0482,0.36285,0
-0.04837,-0.02594,0.0030518,2.2757,0.3595,0
-0.032806,-0.019684,-0.0012207,2.2757,0.35431,0
-0.010071,-0.0076294,-0.0022888,2.2757,0.34729,0
0.010071,0.0065613,-0.015717,2.5033,0.34058,0
0.023041,0.01358,-0.026398,1.5931,0.33478,0
0.0177,0.020294,0.015259,2.5033,0.33081,0
-0.0021362,0.015717,0.079041,1.8206,0.32532,0
-0.015411,-0.0088501,0.084534,2.2757,0.31769,0
-0.020905,-0.03891,0.02533,2.0482,0.30548,0
-0.020599,-0.059662,-0.041656,1.8206,0.28961,0
-0.0177,-0.063171,-0.058746,1.5931,0.27222,0
-0.015411,-0.050812,-0.048828,2.2757,0.25757,0
-0.013885,-0.027161,-0.057831,2.0482,0.24841,0
-0.0085449,0.0042725,-0.062256,1.8206,0.24017,0
-0.004425,0.035706,-0.033722,1.3655,0.22675,0
0.0056458,0.056305,0.005188,1.5931,0.20996,0
0.019073,0.06134,0.027618,1.5931,0.19135,0
0.029297,0.06897,0.036926,2.5033,0.16907,0
0.037079,0.089417,0.05722,2.2757,0.14771,0
0.037384,0.11795,0.08728,2.5033,0.12726,0
0.032196,0.13596,0.10208,2.2757,0.11169,0
0.029297,0.13199,0.10025,2.0482,0.09491,0
0.020294,0.1239,0.097504,2.7309,0.075073,0
0.021515,0.11795,0.088348,2.7309,0.046692,0
0.027618,0.10803,0.062866,1.8206,0.0177,0
0.034637,0.09079,0.047913,2.5033,-0.011597,0
0.034943,0.075226,0.059814,2.7309,-0.039368,0
0.023499,0.066223,0.073395,2.7309,-0.059814,0
0.014191,0.05722,0.064545,3.4135,-0.075378,0
0.020447,0.04715,0.037384,2.7309,-0.090637,0
0.027466,0.042114,0.011292,2.5033,-0.10925,0
0.020142,0.036774,-0.0050354,2.9584,-0.13031,0
-0.0032043,0.026093,-0.0038147,2.5033,-0.15594,0
-0.024719,0.0093079,0.0086975,2.5033,-0.18341,0
-0.033264,-0.0064087,0.017395,2.7309,-0.20935,0
-0.036011,-0.024109,0.020447,2.7309,-0.22827,0
-0.033875,-0.044556,0.025024,2.2757,-0.24292,0
-0.028229,-0.059357,0.040588,2.0482,-0.25513,0
-0.018311,-0.066223,0.054932,2.0482,-0.26733,0
-0.0080872,-0.067902,0.046997,2.0482,-0.27863,0
-0.0036621,-0.064697,0.020905,2.9584,-0.28351,0
-0.00030518,-0.061493,-0.0022888,2.7309,-0.28229,0
-0.0013733,-0.067749,-0.016937,2.2757,-0.27649,0
-0.00091553,-0.086212,-0.036774,1.8206,-0.26917,0
0.0048828,-0.097656,-0.05249,2.0482,-0.26428,0
0.002594,-0.091705,-0.03479,1.8206,-0.26123,0
-0.0035095,-0.082397,0.0082397,2.2757,-0.25757,0
0.0033569,-0.076599,0.034637,1.8206,-0.2478,0
0.017242,-0.076294,0.022278,1.5931,-0.23163,0
0.022125,-0.083618,-0.012207,2.0482,-0.21057,0
0.023499,-0.087738,-0.039978,2.2757,-0.18646,0
0.02533,-0.080719,-0.05127,2.2757,-0.16693,0
0.02182,-0.075684,-0.05249,2.5033,-0.15045,0
0.015259,-0.078583,-0.052338,2.0482,-0.13641,0
0.013885,-0.085449,-0.061951,2.2757,-0.12177,0
0.013428,-0.087738,-0.067291,2.2757,-0.10681,0
0.0079346,-0.080414,-0.061035,2.2757,-0.093384,0
0.00061035,-0.06546,-0.06012,2.5033,-0.079346,0
-0.014038,-0.043793,-0.076904,2.5033,-0.063477,0
-0.034943,-0.027161,-0.079346,2.7309,-0.045776,0
-0.043182,-0.01358,-0.027618,1.5931,-0.02655,0
-0.035706,0.0056458,0.041504,1.8206,-0.0073242,0
-0.025482,0.019226,0.07309,1.3655,0.0082397,0
-0.013885,0.013275,0.064545,2.2757,0.017395,0
-0.00015259,-0.007782,0.044861,2.2757,0.023499,0
0.0038147,-0.026093,0.03067,2.7309,0.027771,0
0,-0.029755,0.024109,2.7309,0.035095,0
0.0015259,-0.024719,0.028687,2.0482,0.043335,0
0.0033569,-0.0177,0.044861,2.5033,0.049744,0
-0.0015259,-0.0079346,0.059662,2.2757,0.053406,0
-0.0086975,0,0.05188,2.9584,0.056152,0
-0.013428,0.0036621,0.027618,2.7309,0.054626,0
-0.014496,0.0080872,-0.0022888,2.5033,0.052185,0
-0.0080872,0.010986,-0.028381,1.8206,0.050049,0
-0.0028992,0.007782,-0.010834,2.0482,0.050964,0
-0.015564,0.00061035,0.054016,2.2757,0.054626,0
-0.043182,-0.01297,0.10468,1.5931,0.055542,0
-0.063629,-0.032349,0.092316,2.0482,0.055237,0
-0.073395,-0.048828,0.042725,2.2757,0.054321,0
-0.08728,-0.059204,-0.0045776,2.7309,0.056152,0
-0.09491,-0.056763,-0.036469,2.9584,0.058594,0
-0.070648,-0.030975,-0.007782,2.5033,0.063477,0
-0.046234,0.00076294,0.068512,2.5033,0.071411,0
-0.031586,0.020599,0.098267,2.5033,0.080261,0
-0.013885,0.033264,0.066986,2.0482,0.08606,0
-0.011139,0.042572,0.021515,2.5033,0.086365,0
-0.024872,0.053864,-0.0048828,2.0482,0.085144,0
-0.033569,0.068512,0.021667,2.9584,0.08728,0
-0.029602,0.072327,0.078583,1.8206,0.09491,0
-0.025787,0.066986,0.1001,1.8206,0.10956,0
-0.017853,0.062103,0.087585,2.7309,0.12573,0
-0.009613,0.058136,0.072479,2.0482,0.14191,0
-0.0032043,0.051575,0.07431,2.9584,0.14954,0
-0.0010681,0.049744,0.084229,2.7309,0.14893,0
-0.010834,0.056915,0.085297,2.2757,0.14343,0
-0.029297,0.055389,0.077515,2.2757,0.14191,0
-0.034637,0.0383,0.054321,1.8206,0.13885,0
-0.02533,0.020905,0.015717,2.0482,0.13672,0
-0.014801,0.014038,-0.01236,2.0482,0.13702,0
-0.005188,0.01358,-0.018158,2.5033,0.13611,0
0.0027466,0.0048828,-0.019531,2.2757,0.13153,0
0.004425,-0.017853,-0.035248,2.5033,0.12299,0
-0.0041199,-0.041351,-0.065613,2.5033,0.11078,0
-0.01297,-0.056915,-0.094299,2.0482,0.10071,0
-0.019836,-0.063171,-0.10651,2.7309,0.090332,0
-0.023804,-0.056763,-0.1033,3.186,0.080872,0
-0.033264,-0.048523,-0.082245,2.7309,0.073242,0
-0.042419,-0.049286,-0.045776,2.7309,0.06958,0
-0.047607,-0.051575,-0.020294,2.9584,0.072021,0
-0.045929,-0.047455,-0.0083923,2.2757,0.078125,0
-0.040894,-0.024109,0.010986,2.7309,0.090332,0
-0.037842,0.010834,0.037537,2.0482,0.10406,0
-0.037384,0.040131,0.049591,2.7309,0.1178,0
-0.039978,0.049133,0.033875,2.9584,0.12726,0
-0.041504,0.040436,-0.0056458,2.5033,0.13458,0
-0.041962,0.0354,-0.041351,2.0482,0.1416,0
-0.046387,0.038452,-0.041046,1.8206,0.14801,0
-0.049286,0.048676,-0.0030518,2.2757,0.15564,0
-0.048065,0.067596,0.022583,2.2757,0.15991,0
-0.042572,0.082245,0.014038,2.2757,0.16418,0
-0.033112,0.094452,-0.0047302,2.2757,0.16571,0
-0.022736,0.1149,-0.015411,2.2757,0.17029,0
-0.012817,0.13931,-0.011902,2.2757,0.17792,0
-0.0088501,0.15823,-0.0047302,2.9584,0.18738,0
-0.0091553,0.17273,0.0073242,2.2757,0.19653,0
-0.010071,0.17731,0.026855,2.7309,0.20203,0
-0.0018311,0.16479,0.024719,2.0482,0.19836,0
0.0039673,0.13229,-0.021515,2.0482,0.18951,0
0.0035095,0.083923,-0.087433,2.0482,0.17731,0
0.0038147,0.029297,-0.13611,2.0482,0.16754,0
0.0068665,-0.010834,-0.16388,1.3655,0.159,0
0.0082397,-0.024109,-0.1651,2.2757,0.15442,0
0.0015259,-0.027466,-0.1181,2.2757,0.14618,0
-0.010834,-0.046844,-0.052185,1.8206,0.13458,0
-0.020905,-0.085144,-0.036163,2.0482,0.1239,0
-0.025787,-0.11566,-0.081024,2.5033,0.11475,0
-0.024414,-0.12756,-0.14023,2.2757,0.10956,0
-0.017548,-0.12756,-0.16647,2.2757,0.10559,0
-0.016479,-0.12741,-0.16144,2.2757,0.097046,0
-0.018616,-0.13046,-0.16464,1.8206,0.082397,0
-0.013885,-0.13168,-0.18585,1.8206,0.065918,0
-0.0041199,-0.1207,-0.19272,2.5033,0.052795,0
-0.0018311,-0.091095,-0.13016,2.2757,0.047302,0
-0.0024414,-0.065613,-0.024261,2.0482,0.046997,0
-0.0028992,-0.075836,0.036621,2.0482,0.047302,0
-0.0045776,-0.10269,0.046234,1.8206,0.045471,0
-0.014191,-0.10986,0.059814,2.0482,0.044861,0
-0.027313,-0.094757,0.088806,1.5931,0.050354,0
-0.031738,-0.072327,0.12054,2.0482,0.056458,0
-0.018005,-0.059052,0.12482,3.186,0.065308,0
0.0048828,-0.059357,0.083923,3.4135,0.074158,0
0.030212,-0.059052,0.046997,3.186,0.080261,0
0.051422,-0.042877,0.050354,2.7309,0.085449,0
0.071716,-0.013885,0.067902,2.5033,0.088196,0
0.079956,0.013733,0.06012,2.2757,0.08728,0
0.070801,0.028381,0.024414,2.2757,0.08606,0
0.059204,0.022125,-0.020142,2.5033,0.082092,0
0.059662,0.0099182,-0.04303,2.2757,0.07843,0
0.058899,0.00061035,-0.026245,2.0482,0.079956,0
0.050049,-0.015411,-0.00091553,2.2757,0.09552,0
0.044708,-0.041504,-0.004425,2.2757,0.11841,0
0.047607,-0.066223,-0.018005,2.7309,0.13977,0
0.04715,-0.080414,-0.020142,2.5033,0.15106,0
0.037689,-0.091095,-0.035248,2.7309,0.1532,0
0.023804,-0.092163,-0.061646,2.2757,0.14526,0
0.019073,-0.077972,-0.055695,2.2757,0.13092,0
0.040741,-0.063782,-0.014191,2.5033,0.11688,0
0.063782,-0.062256,0.010681,1.5931,0.10498,0
0.057068,-0.06134,0.004425,2.0482,0.095825,0
0.039062,-0.043182,0.0065613,1.8206,0.090637,0
0.03067,-0.016327,0.028687,1.8206,0.085449,0
0.028534,0.0032043,0.049591,2.0482,0.083923,0
0.025787,0.009613,0.068359,2.2757,0.084534,0
0.022888,0.014343,0.084839,1.5931,0.086365,0
0.018921,0.041199,0.077057,2.7309,0.089417,0
0.0083923,0.080566,0.04303,2.5033,0.09491,0
-0.0041199,0.10696,0.0088501,2.2757,0.098267,0
-0.015106,0.12039,-0.0021362,2.9584,0.096741,0
-0.023499,0.13245,0.0053406,2.7309,0.090332,0
-0.025177,0.14252,0.014648,1.8206,0.081787,0
-0.019379,0.14404,0.019989,2.0482,0.073242,0
-0.012207,0.14328,0.0383,1.1379,0.065002,0
-0.013123,0.14206,0.068512,1.5931,0.057373,0
-0.020599,0.13351,0.076904,1.5931,0.049744,0
-0.027161,0.12375,0.066986,1.8206,0.040283,0
-0.030518,0.11719,0.069427,1.8206,0.027466,0
-0.024872,0.10849,0.093231,2.2757,0.011292,0
-0.013275,0.097961,0.11246,2.5033,-0.0027466,0
-0.018158,0.085907,0.098267,2.7309,-0.012512,0
-0.054016,0.070343,0.061798,2.7309,-0.013428,0
-0.068054,0.062714,0.0383,2.0482,-0.0088501,0
-0.06485,0.069733,0.032196,3.186,-0.0061035,0
-0.057831,0.08316,0.033112,2.7309,-0.0085449,0
-0.045013,0.084839,0.026703,2.5033,-0.010986,0
-0.031586,0.0737,-0.010223,2.7309,-0.010071,0
-0.026245,0.071106,-0.06958,2.9584,-0.0045776,0
-0.025177,0.075531,-0.096893,3.4135,0.0033569,0
-0.02655,0.065308,-0.072937,2.5033,0.011292,0
-0.028839,0.042267,-0.051422,2.2757,0.016785,0
-0.036774,0.024261,-0.075378,1.8206,0.018921,0
-0.042572,0.026245,-0.10696,1.3655,0.024719,0
-0.046234,0.037842,-0.11276,2.0482,0.033875,0
-0.04837,0.038147,-0.097504,1.3655,0.035095,0
-0.049286,0.030823,-0.064392,2.0482,0.012512,0
-0.049591,0.037384,-0.018158,1.5931,-0.027771,0
-0.051727,0.052795,0.02121,2.2757,-0.05249,0
-0.048065,0.039825,0.044708,1.8206,-0.040588,0
-0.041199,-0.015411,0.053253,2.2757,0.0088501,0
-0.041199,-0.080109,0.046387,2.2757,0.073547,0
-0.044403,-0.11856,0.035858,2.2757,0.13702,0
-0.039368,-0.13885,0.028687,1.8206,0.18677,0
-0.034332,-0.15182,0.030823,2.7309,0.21698,0
-0.032959,-0.15945,0.035553,2.2757,0.23102,0
-0.040741,-0.16174,0.0019836,2.0482,0.23621,0
-0.03891,-0.15671,-0.088348,2.0482,0.23956,0
-0.014343,-0.13702,-0.14755,1.1379,0.242,0
0.024567,-0.10666,-0.067139,1.8206,0.24109,0
0.049744,-0.093689,0.073395,1.5931,0.23438,0
0.050049,-0.10086,0.14267,2.2757,0.22247,0
0.040741,-0.097046,0.16357,2.5033,0.21088,0
0.029907,-0.08667,0.17624,2.0482,0.19958,0
0.014801,-0.082397,0.1796,2.5033,0.1944,0
0.0054932,-0.08255,0.18112,1.8206,0.19135,0
0.0024414,-0.08255,0.18097,2.0482,0.18555,0
0.0079346,-0.082703,0.18082,2.5033,0.17365,0
0.010681,-0.08255,0.18097,2.7309,0.15472,0
0.013123,-0.087128,0.15991,2.2757,0.1358,0
0.016327,-0.10193,0.11154,2.0482,0.12146,0
0.0090027,-0.11078,0.062408,2.7309,0.11475,0
-0.013123,-0.093079,0.05188,2.7309,0.11627,0
-0.03418,-0.057831,0.090485,2.5033,0.12299,0
-0.0354,-0.026245,0.1358,2.7309,0.12604,0
-0.018616,-0.0073242,0.15564,3.186,0.12054,0
0.0015259,0.0013733,0.14221,2.2757,0.1062,0
0.012665,0.0030518,0.1149,2.9584,0.08728,0
0.011444,-0.0022888,0.11261,2.5033,0.066528,0
0.002594,-0.0090027,0.13016,2.0482,0.042114,0
-0.0062561,-0.01358,0.12863,2.5033,0.020447,0
-0.018768,-0.018616,0.1001,2.0482,0.017395,0
-0.036011,-0.023193,0.067139,2.2757,0.041199,0
-0.035553,-0.022278,0.059204,2.0482,0.073547,0
-0.004425,-0.01709,0.074005,1.8206,0.078735,0
0.024719,-0.014496,0.078888,2.5033,0.036926,0
0.030823,-0.01297,0.052338,2.5033,-0.03479,0
0.02655,-0.0079346,0.018463,2.0482,-0.10193,0
0.020142,0.0038147,0.010223,2.0482,-0.14343,0
0.0085449,0.023041,0.025024,2.5033,-0.1535,0
-0.0053406,0.036469,0.043793,2.5033,-0.14404,0
-0.012817,0.040741,0.061951,2.5033,-0.1239,0
-0.015411,0.050507,0.08194,2.0482,-0.10773,0
-0.016327,0.078278,0.095215,1.8206,-0.10468,0
-0.0085449,0.11383,0.086365,1.8206,-0.11292,0
0.010529,0.13992,0.057983,1.8206,-0.11627,0
0.028076,0.15259,0.041046,1.5931,-0.10712,0
0.040283,0.16144,0.040283,2.7309,-0.085754,0
0.04303,0.17914,0.031891,2.2757,-0.062256,0
0.037689,0.20187,0.017548,2.2757,-0.048523,0
0.027313,0.21851,0.01358,2.2757,-0.046387,0
0.015411,0.22705,0.028229,2.5033,-0.050049,0
0.0073242,0.23407,0.040131,1.5931,-0.056152,0
0.0028992,0.23422,0.029449,2.5033,-0.06073,0
-0.0094604,0.22751,0.007782,2.2757,-0.063782,0
-0.021362,0.21988,-0.021515,2.2757,-0.06073,0
-0.018616,0.20386,-0.072327,2.5033,-0.048218,0
0.0088501,0.18295,-0.12131,2.7309,-0.026855,0
0.046539,0.1564,-0.12924,2.7309,-0.0048828,0
0.060425,0.11749,-0.12192,2.7309,0.011902,0
0.054932,0.072327,-0.15015,2.5033,0.024414,0
0.050812,0.033417,-0.18707,2.2757,0.033569,0
0.044403,0.0048828,-0.19135,2.2757,0.041504,0
0.028381,-0.018921,-0.17563,2.0482,0.049438,0
0.0074768,-0.040131,-0.15839,2.7309,0.059509,0
-0.0064087,-0.063324,-0.15594,2.7309,0.06958,0
-0.0073242,-0.090027,-0.15472,2.2757,0.080872,0
-0.00015259,-0.099182,-0.11887,2.5033,0.091858,0
0.0091553,-0.072479,-0.076141,2.2757,0.10559,0
0.018921,-0.023956,-0.07019,2.2757,0.12238,0
0.025635,0.010834,-0.077972,2.5033,0.14282,0
0.025177,0.0019836,-0.044403,2.0482,0.15686,0
0.016937,-0.048523,0.015564,2.0482,0.1593,0
0.0083923,-0.10757,0.028687,2.0482,0.14496,0
0.0050354,-0.15518,-0.059052,2.2757,0.12085,0
0.0073242,-0.17532,-0.22461,2.0482,0.095825,0
0.0090027,-0.14984,-0.35141,2.0482,0.075073,0
0.010681,-0.095825,-0.29388,1.8206,0.054321,0
0.0083923,-0.048065,-0.08728,1.3655,0.021057,0
0.0030518,-0.019379,0.076294,2.0482,-0.029602,0
-0.0012207,-0.014496,0.12863,2.2757,-0.085754,0
-0.0012207,-0.024414,0.12543,2.0482,-0.13336,0
-0.00076294,-0.032654,0.1207,1.3655,-0.16052,0
-0.00030518,-0.041351,0.13412,1.8206,-0.17212,0
-0.00045776,-0.061035,0.13245,2.0482,-0.16235,0
-0.0018311,-0.088806,0.09552,1.5931,-0.12756,0
-0.0038147,-0.11993,0.027161,2.5033,-0.074158,0
-0.00076294,-0.14496,-0.052032,2.2757,-0.031128,0
0.0027466,-0.15198,-0.09079,2.0482,-0.027161,0
0.0099182,-0.14069,-0.055542,1.3655,-0.058899,0
0.023346,-0.1178,0.023499,2.0482,-0.1004,0
0.030823,-0.080109,0.072327,2.2757,-0.12329,0
0.029907,-0.046692,0.063171,2.9584,-0.11017,0
0.02182,-0.043793,0.027161,2.2757,-0.067749,0
0.011444,-0.052948,-0.0088501,2.2757,-0.010986,0
0.0064087,-0.045929,-0.037994,2.7309,0.059204,0
0.0090027,-0.028992,-0.045166,2.9584,0.15625,0
0.013885,-0.016632,-0.043945,2.5033,0.28442,0
0.0177,-0.0086975,-0.061951,2.5033,0.40863,0
0.021667,0.0090027,-0.069275,1.8206,0.47058,0
0.019073,0.035706,-0.022736,2.5033,0.43701,0
0.017242,0.058289,0.042114,2.7309,0.3125,0
0.0090027,0.075684,0.057373,2.9584,0.13367,0
0,0.080719,0.00076294,2.7309,-0.06012,0
0.00015259,0.05722,-0.081177,2.2757,-0.21729,0
0.0042725,0.016785,-0.10101,2.5033,-0.30457,0
0.010681,-0.010529,-0.059509,2.2757,-0.30426,0
0.023651,-0.022125,-0.03006,2.9584,-0.22247,0
0.033875,-0.037231,-0.025787,2.2757,-0.1059,0
0.036011,-0.05722,-0.039673,2.2757,-0.018616,0
0.02594,-0.060425,-0.06012,2.2757,0.010986,0
0.013275,-0.041199,-0.04776,2.9584,-0.0079346,0
0.007782,-0.025177,0.0028992,2.2757,-0.05249,0
0.0050354,-0.028687,0.045166,2.7309,-0.10529,0
0.0019836,-0.041351,0.046844,2.2757,-0.15778,0
0.0027466,-0.039825,0.019989,2.0482,-0.21423,0
0.0067139,-0.014648,-0.0086975,1.8206,-0.26642,0
0.013275,0.0086975,-0.024109,2.2757,-0.30579,0
0.02121,0.015717,-0.027161,2.2757,-0.31708,0
0.020905,0.03418,0.0035095,0.91037,-0.30243,0
0.010681,0.064392,0.062714,1.3655,-0.27191,0
0.0030518,0.079193,0.099335,1.5931,-0.2243,0
0.0015259,0.090637,0.10132,2.2757,-0.16571,0
0.0076294,0.11414,0.081635,2.2757,-0.10254,0
0.013885,0.1329,0.039215,2.2757,-0.03479,0
0.017548,0.13672,-0.0067139,2.5033,0.04425,0
0.0177,0.13245,-0.020599,1.8206,0.13641,0
0.018005,0.11505,-0.015717,1.5931,0.23041,0
0.015869,0.077972,-0.053558,1.1379,0.29114,0
0.010376,0.040588,-0.14832,1.5931,0.29205,0
0.0074768,0.038757,-0.2005,1.8206,0.25635,0
0.0094604,0.061188,-0.11612,2.9584,0.21301,0
0.0067139,0.059204,0.026703,2.2757,0.17242,0
0.00076294,0.03418,0.092468,2.5033,0.13184,0
-0.0036621,0.0079346,0.076294,2.0482,0.093689,0
-0.0038147,-0.03952,0.019836,1.8206,0.073242,0
0.0030518,-0.10834,-0.041046,2.2757,0.087891,0
0.014038,-0.1619,-0.068207,2.0482,0.14954,0
0.018463,-0.19485,-0.054932,2.5033,0.22095,0
0.010681,-0.21805,-0.022736,2.9584,0.24872,0
0.0028992,-0.21271,0.0064087,2.7309,0.20874,0
0.0016785,-0.17822,0.0177,2.7309,0.12695,0
0.01358,-0.1413,-0.0080872,2.2757,0.039673,0
0.036926,-0.11017,-0.041199,2.7309,-0.032349,0
0.047607,-0.08255,-0.026093,2.9584,-0.081787,0
0.040131,-0.061951,0.0054932,2.7309,-0.10834,0
0.03067,-0.043335,0.019226,2.7309,-0.10651,0
0.022736,-0.023193,0.037994,2.9584,-0.065308,0
0.018005,-0.0053406,0.0737,2.2757,0.00091553,0
0.018005,0.024414,0.11566,2.2757,0.053101,0
0.015564,0.073395,0.15686,2.0482,0.06897,0
0.0086975,0.11688,0.18433,1.8206,0.058289,0
-0.00076294,0.12787,0.19623,2.0482,0.041199,0
-0.010834,0.11169,0.20325,1.5931,0.039673,0
-0.022888,0.093231,0.17914,2.0482,0.071411,0
-0.029907,0.09201,0.1123,2.2757,0.14008,0
-0.030975,0.098267,0.062866,1.5931,0.23376,0
-0.037842,0.096893,0.080261,1.5931,0.32074,0
-0.05249,0.086212,0.11185,2.2757,0.3598,0
-0.059509,0.067596,0.077209,2.5033,0.33264,0
-0.044861,0.045929,-0.0045776,2.0482,0.25299,0
-0.011902,0.02182,-0.083771,1.5931,0.16479,0
0.024719,-0.0032043,-0.16632,1.5931,0.10284,0
0.040894,-0.017853,-0.2446,1.8206,0.073853,0
0.036774,-0.019379,-0.28015,2.5033,0.06897,0
0.023651,-0.0082397,-0.26077,2.2757,0.068359,0
0.014648,0.023804,-0.2063,2.2757,0.056152,0
0.0030518,0.067596,-0.14511,2.0482,0.023193,0
-0.011902,0.10101,-0.096741,2.0482,-0.02655,0
-0.018158,0.12299,-0.062103,2.0482,-0.079956,0
-0.0094604,0.13321,-0.018158,2.7309,-0.11719,0
0.0038147,0.1207,0.033569,2.0482,-0.12451,0
0.013275,0.092773,0.047302,2.2757,-0.10406,0
0.011292,0.059814,-0.009613,2.2757,-0.062256,0
0.0068665,0.022888,-0.098572,1.3655,-0.0061035,0
0.0090027,-0.010986,-0.10132,1.8206,0.061646,0
0.010834,-0.046082,0.0080872,2.2757,0.12543,0
0.010071,-0.094299,0.096893,2.5033,0.16846,0
0.0054932,-0.14923,0.096741,3.186,0.1828,0
0.012817,-0.186,0.033722,2.0482,0.1651,0
0.027313,-0.18524,-0.024872,2.5033,0.13367,0
0.025482,-0.1564,-0.017853,2.5033,0.096741,0
0.012817,-0.12787,0.030975,2.2757,0.066223,0
0.0091553,-0.11124,0.052032,2.5033,0.042725,0
0.018921,-0.098114,-0.00061035,2.7309,0.027771,0
0.023193,-0.078583,-0.088806,2.7309,0.016785,0
0.020905,-0.059052,-0.1265,2.5033,0.0021362,0
0.021973,-0.047455,-0.097046,2.2757,-0.015259,0
0.019989,-0.037231,-0.053101,1.8206,-0.034485,0
0.0028992,-0.022888,-0.028992,2.7309,-0.05188,0
-0.024109,-0.020142,-0.024261,2.2757,-0.063477,0
-0.041199,-0.038452,-0.028381,2.7309,-0.066833,0
-0.041504,-0.049591,-0.015259,2.5033,-0.059814,0
-0.037537,-0.03006,0.028992,2.7309,-0.045471,0
-0.032959,0.0016785,0.071106,2.5033,-0.023193,0
-0.032806,0.019836,0.064087,2.0482,0.0054932,0
-0.027161,0.020752,0.0383,2.2757,0.0354,0
-0.0177,0.0027466,0.039368,2.2757,0.059204,0
-0.015106,-0.031586,0.052948,2.2757,0.076599,0
-0.007782,-0.047913,0.063629,1.5931,0.089111,0
-0.0013733,-0.039368,0.055847,1.5931,0.10162,0
-0.0090027,-0.023346,0.033417,1.8206,0.11322,0
-0.019073,0.0016785,0.022888,1.3655,0.12909,0
-0.016174,0.036011,0.037842,1.8206,0.15259,0
-0.00015259,0.06424,0.055847,1.8206,0.1886,0
0.020752,0.076752,0.060425,2.5033,0.23529,0
0.038147,0.066223,0.046539,1.3655,0.27832,0
0.054626,0.036011,0.030365,1.5931,0.30487,0
0.062714,0.0082397,0.035706,1.3655,0.30701,0
0.063477,-0.0076294,0.032349,1.8206,0.28839,0
0.056763,-0.016785,0.019379,1.8206,0.26154,0
0.043488,-0.019531,0.025635,2.2757,0.24048,0
0.027161,-0.01358,0.039825,1.8206,0.22552,0
0.011597,-0.0035095,0.046234,1.8206,0.21881,0
0.00015259,0.0010681,0.039215,2.2757,0.21698,0
-0.0057983,-0.0064087,0.016022,2.9584,0.21515,0
-0.0074768,-0.014648,-0.0024414,2.2757,0.21118,0
-0.0080872,-0.0088501,-0.0088501,2.5033,0.20813,0
-0.009613,-0.0016785,-0.0028992,2.7309,0.20386,0
-0.014648,-0.011444,0.0177,2.0482,0.19043,0
-0.024109,-0.019379,0.031281,2.2757,0.16388,0
-0.027618,-0.0094604,0.022583,2.5033,0.13214,0
-0.030975,0.0018311,0.020752,1.8206,0.10498,0
-0.040894,0.010986,0.049591,2.5033,0.088196,0
-0.052643,0.031738,0.085297,3.186,0.079041,0
-0.059509,0.065308,0.099335,2.7309,0.076599,0
-0.04837,0.099182,0.083008,3.186,0.080261,0
-0.022736,0.12329,0.042572,2.2757,0.082703,0
-0.0035095,0.13321,0.0042725,2.5033,0.072937,0
0.011597,0.11673,-0.0383,2.7309,0.050049,0
0.01297,0.084686,-0.11032,2.5033,0.01709,0
0.0021362,0.064697,-0.15839,2.2757,-0.012817,0
-0.0021362,0.050354,-0.13733,2.0482,-0.0354,0
-0.0032043,0.023804,-0.082092,2.0482,-0.046997,0
-0.0024414,-0.013123,-0.037689,2.7309,-0.050659,0
0.0071716,-0.054321,-0.0071716,2.2757,-0.05188,0
0.013885,-0.076141,0.024109,1.1379,-0.051575,0
0.0085449,-0.05722,0.036621,2.0482,-0.049438,0
-0.0032043,-0.016022,0.0010681,2.5033,-0.046997,0
-0.0045776,0.017548,-0.034943,1.8206,-0.041809,0
0.0035095,0.027466,0.00015259,1.8206,-0.032959,0
0.012512,0.019073,0.056152,2.7309,-0.022888,0
0.023346,0.015259,0.059509,2.0482,-0.014954,0
0.035095,0.026093,0.042267,2.2757,-0.010986,0
0.041046,0.046234,0.045471,1.8206,-0.0073242,0
0.036011,0.067749,0.06073,1.8206,0.00091553,0
0.026398,0.081177,0.084381,2.0482,0.020447,0
0.019531,0.082703,0.089111,2.5033,0.0354,0
0.011444,0.082092,0.042572,2.5033,0.03479,0
0.015106,0.094604,0.012207,1.5931,0.022583,0
0.02243,0.11887,0.050964,2.0482,0.0048828,0
0.028687,0.13916,0.096436,1.8206,-0.0094604,0
0.030365,0.15198,0.10742,2.0482,-0.014648,0
0.029755,0.16693,0.098267,2.7309,-0.011597,0
0.02594,0.16815,0.071411,2.2757,-0.010376,0
0.018616,0.13077,0.021973,1.5931,-0.018311,0
0.013123,0.072327,-0.030823,2.7309,-0.040283,0
0.0074768,0.030975,-0.061951,2.7309,-0.067749,0
0.0022888,0.0079346,-0.080109,2.0482,-0.090332,0
-0.0028992,-0.016937,-0.10696,2.5033,-0.1059,0
-0.0048828,-0.04425,-0.11322,2.5033,-0.11322,0
-0.0064087,-0.069122,-0.072479,2.2757,-0.11932,0
-0.0042725,-0.11887,-0.038605,2.5033,-0.1236,0
-0.00076294,-0.18356,-0.033417,2.2757,-0.12573,0
-0.0013733,-0.21713,-0.024872,2.2757,-0.12573,0
-0.00076294,-0.22263,-0.01236,2.7309,-0.11963,0
0.0019836,-0.22034,0.0042725,2.5033,-0.11261,0
0.00091553,-0.20782,0.036926,2.2757,-0.10559,0
-0.00015259,-0.18356,0.046387,1.8206,-0.10315,0
-0.0032043,-0.16113,0.012054,2.5033,-0.10193,0
-0.0064087,-0.14481,-0.02121,2.0482,-0.097046,0
-0.01358,-0.11353,-0.039978,2.2757,-0.084534,0
-0.024261,-0.067291,-0.028381,2.7309,-0.072021,0
-0.036316,-0.0383,0.033417,2.2757,-0.068665,0
-0.044098,-0.046234,0.088043,2.7309,-0.072632,0
-0.047913,-0.057526,0.09491,2.5033,-0.079041,0
-0.048828,-0.045624,0.066681,2.5033,-0.088806,0
-0.046692,-0.033722,0.031281,2.0482,-0.099182,0
-0.040741,-0.041046,0.016479,1.8206,-0.10529,0
-0.030518,-0.053101,0.01236,2.5033,-0.10193,0
-0.018158,-0.057526,0.0074768,2.2757,-0.092773,0
-0.0013733,-0.064087,0.011749,2.5033,-0.07843,0
0.027008,-0.067902,0.026398,2.5033,-0.063171,0
0.038147,-0.058136,0.045471,2.2757,-0.052185,0
0.016632,-0.036621,0.068665,1.8206,-0.045776,0
0.0038147,-0.004425,0.093842,2.0482,-0.04303,0
0.015106,0.026093,0.10574,2.2757,-0.035095,0
0.010376,0.040436,0.099335,2.5033,-0.022888,0
-0.0083923,0.036011,0.10849,2.2757,-0.0091553,0
-0.016174,0.020599,0.12009,2.5033,0.0033569,0
-0.0076294,0.0097656,0.082397,1.3655,0.013733,0
-0.0053406,0.0057983,0.024109,1.8206,0.018311,0
-0.007782,0.0028992,-0.0074768,2.5033,0.021362,0
-0.0097656,0.0047302,-0.033722,2.0482,0.021667,0
-0.0059509,0.01358,-0.05249,2.0482,0.0076294,0
-0.0048828,0.023651,-0.037384,2.0482,-0.020142,0
-0.0082397,0.034332,0.0033569,1.8206,-0.046692,0
-0.0086975,0.040588,0.023499,3.4135,-0.063782,0
-0.014343,0.03418,-0.0036621,3.186,-0.070496,0
-0.025635,0.029449,-0.012512,3.4135,-0.073242,0
-0.03479,0.034637,0.030212,3.186,-0.075073,0
-0.036316,0.040588,0.041504,2.5033,-0.077209,0
-0.037537,0.044708,-0.0073242,2.7309,-0.07843,0
-0.022736,0.052338,-0.054169,2.2757,-0.079956,0
0.0079346,0.046692,-0.058594,2.7309,-0.083618,0
0.023804,0.024109,-0.024719,2.5033,-0.08606,0
0.018005,0.013275,0.034027,2.9584,-0.090027,0
0.010529,0.023499,0.067596,2.7309,-0.093079,0
0.0083923,0.034637,0.068054,2.9584,-0.093994,0
0.0057983,0.040131,0.071259,2.7309,-0.087891,0
-0.0041199,0.043945,0.058594,2.9584,-0.074463,0
-0.014801,0.038147,0.01358,2.7309,-0.054626,0
-0.019379,0.024719,-0.042114,2.7309,-0.037231,0
-0.017395,0.017395,-0.089722,2.9584,-0.029297,0
-0.015869,0.0085449,-0.12436,2.9584,-0.030518,0
-0.01358,-0.0036621,-0.14389,2.0482,-0.033875,0
-0.007019,-0.0015259,-0.14374,2.0482,-0.038147,0
-0.0022888,0.022125,-0.12329,2.0482,-0.039673,0
-0.00076294,0.049133,-0.097351,1.8206,-0.036926,0
-0.0061035,0.07019,-0.070648,2.2757,-0.031128,0
-0.010834,0.077667,-0.048828,2.7309,-0.025635,0
-0.0082397,0.06424,-0.023346,2.7309,-0.022888,0
-0.004425,0.032806,-0.0028992,1.8206,-0.023804,0
-0.0015259,-0.0035095,-0.010834,1.5931,-0.02594,0
0.0064087,-0.028687,-0.033112,1.8206,-0.031433,0
0.014801,-0.051422,-0.044708,2.2757,-0.036316,0
0.015259,-0.078583,-0.049744,1.8206,-0.037842,0
0.0074768,-0.1123,-0.09079,2.0482,-0.030518,0
-0.0016785,-0.14542,-0.13046,2.2757,-0.018616,0
-0.0088501,-0.14725,-0.073395,1.8206,-0.0018311,0
-0.020905,-0.11017,0.025635,2.2757,0.011597,0
-0.024567,-0.062561,0.057983,2.0482,0.018921,0
-0.016327,-0.025635,0.031433,2.0482,0.019531,0
-0.0015259,0.0082397,0.0015259,2.7309,0.012512,0
0.014191,0.052032,0.0012207,1.8206,0.0024414,0
0.033417,0.10254,0.015106,2.5033,-0.0067139,0
0.049896,0.13947,0.029449,2.7309,-0.010071,0
0.054932,0.1416,0.04715,2.5033,-0.0057983,0
0.045319,0.11749,0.049133,2.2757,0.0039673,0
0.031738,0.089264,0.02655,2.5033,0.017395,0
0.028229,0.074005,0.0032043,2.7309,0.028381,0
0.031281,0.062866,-0.0091553,2.7309,0.039062,0
0.032654,0.04303,0.00091553,2.7309,0.046082,0
0.026245,0.030975,0.027008,3.186,0.047913,0
0.01358,0.054016,0.037231,2.7309,0.05127,0
-0.00045776,0.090637,0.02182,3.186,0.057983,0
-0.0045776,0.099487,-0.01358,2.7309,0.075073,0
0.00061035,0.082245,-0.044556,2.2757,0.089111,0
0.011597,0.051422,-0.0038147,3.186,0.09613,0
0.018921,0.014954,0.065308,2.5033,0.095825,0
0.015411,-0.0035095,0.065918,1.8206,0.091858,0
0.0082397,-0.002594,0.023499,2.0482,0.090332,0
0.0050354,-0.016022,-0.0083923,2.2757,0.089111,0
0.0027466,-0.06485,-0.045624,2.7309,0.081787,0
-0.00076294,-0.13824,-0.088348,2.9584,0.066833,0
-0.002594,-0.2005,-0.092468,2.0482,0.047607,0
-0.0059509,-0.22583,-0.062561,1.3655,0.029907,0
-0.0091553,-0.20889,-0.045929,2.2757,0.012207,0
-0.011139,-0.1651,-0.050354,2.0482,-0.005188,0
-0.011292,-0.12207,-0.05127,2.0482,-0.020142,0
-0.0088501,-0.096893,-0.041199,2.0482,-0.029907,0
-0.0021362,-0.093231,-0.032501,2.5033,-0.028992,0
0.00091553,-0.11093,-0.033875,1.8206,-0.021362,0
0.00061035,-0.12695,-0.036621,2.2757,-0.020142,0
0.0067139,-0.11276,-0.015717,2.2757,-0.024414,0
0.012207,-0.076752,0.011749,2.5033,-0.031738,0
0.013885,-0.043793,0.01709,1.8206,-0.037537,0
0.013885,-0.020447,0.011902,2.2757,-0.040283,0
0.0065613,-0.0080872,-0.015869,2.0482,-0.041809,0
-0.0057983,-0.0080872,-0.050812,1.8206,-0.045471,0
-0.015869,-0.016937,-0.055695,2.5033,-0.051575,0
-0.020752,-0.020599,-0.048828,2.7309,-0.056458,0
-0.019226,0.0038147,-0.038757,2.0482,-0.053711,0
-0.010376,0.055542,-0.026703,2.5033,-0.042114,0
0.0030518,0.099792,-0.033875,2.0482,-0.023499,0
-0.0028992,0.12421,-0.06424,2.5033,-0.010986,0
-0.011444,0.15518,-0.082855,2.5033,-0.0067139,0
-0.018921,0.21454,-0.074615,2.2757,-0.0057983,0
-0.024567,0.31143,-0.067902,2.7309,-0.00061035,0
-0.023499,0.41626,-0.068054,3.4135,0.0076294,0
-0.014191,0.45609,-0.068054,2.7309,0.014954,0
-0.0036621,0.41077,-0.10315,2.9584,0.021973,0
0.00091553,0.35049,-0.18082,2.9584,0.031738,0
0.00015259,0.31845,-0.27115,2.9584,0.049438,0
-0.0062561,0.28564,-0.34286,2.7309,0.064697,0
-0.016327,0.22171,-0.38055,3.186,0.077515,0
-0.020294,0.14252,-0.39139,2.5033,0.093689,0
-0.024872,0.067902,-0.39978,1.8206,0.1062,0
-0.032654,-0.007019,-0.42831,1.8206,0.10803,0
-0.036163,-0.11581,-0.48416,1.8206,0.09491,0
-0.037231,-0.24277,-0.54855,2.2757,0.079041,0
-0.037231,-0.3096,-0.57358,2.2757,0.058289,0
-0.040131,-0.30441,-0.53543,2.2757,0.038147,0
-0.0383,-0.27435,-0.50125,2.2757,0.017395,0
-0.021057,-0.23743,-0.52734,1.8206,-0.0039673,0
0.0050354,-0.19791,-0.5571,2.2757,-0.023193,0
0.035095,-0.17334,-0.51636,2.2757,-0.036926,0
0.051727,-0.1947,-0.42587,1.8206,-0.042114,0
0.050659,-0.26001,-0.37949,1.8206,-0.040588,0
0.034485,-0.31479,-0.42191,1.5931,-0.0354,0
0.015869,-0.31052,-0.48294,2.0482,-0.027771,0
0.0053406,-0.26443,-0.48462,2.5033,-0.020752,0
0.0010681,-0.20966,-0.45151,2.5033,-0.014954,0
-0.00030518,-0.15411,-0.40756,1.8206,-0.0082397,0
0.0036621,-0.10986,-0.36926,1.8206,0.0018311,0
0.0041199,-0.075226,-0.37491,1.8206,0.013428,0
-0.0057983,-0.050507,-0.4248,2.7309,0.022278,0
-0.014038,-0.043945,-0.46082,1.8206,0.021973,0
-0.011139,-0.032806,-0.42877,2.0482,0.016785,0
0.0016785,-0.0090027,-0.33676,1.8206,0.010071,0
0.013733,-0.0030518,-0.22141,2.2757,0.0045776,0
0.022583,-0.021515,-0.12817,1.1379,0.010376,0
0.026855,-0.031128,-0.067902,2.7309,0.024719,0
0.025482,-0.018768,0.012665,1.8206,0.04364,0
0.01709,-0.012207,0.12909,2.0482,0.06134,0
0.013275,-0.029907,0.23346,2.0482,0.068359,0
0.020294,-0.052185,0.30304,2.5033,0.065918,0
0.02182,-0.065613,0.354,2.5033,0.059814,0
0.014496,-0.085754,0.39337,2.2757,0.054932,0
0.010223,-0.10666,0.45303,2.2757,0.05249,0
0.0094604,-0.11215,0.56305,2.7309,0.054626,0
0.011749,-0.10803,0.67734,2.5033,0.05249,0
0.0090027,-0.093842,0.76065,1.8206,0.045776,0
0.0042725,-0.066528,0.83023,2.2757,0.039368,0
0.0053406,-0.031433,0.89508,2.5033,0.032654,0
0.010681,-0.0054932,0.94238,2.5033,0.030518,0
0.010223,0.0059509,0.97824,2.2757,0.034485,0
0.005188,0.0082397,1.0262,2.2757,0.036926,0
0.0010681,0.0036621,1.0796,3.186,0.038147,0
-0.0039673,0.0012207,1.1169,2.9584,0.037842,0
-0.0027466,0.013733,1.1391,2.5033,0.038452,0
0.0045776,0.045776,1.1784,2.2757,0.039673,0
0.0067139,0.085907,1.2241,2.0482,0.04303,0
0.0024414,0.11551,1.234,2.2757,0.046387,0
-0.011292,0.12894,1.2094,2.5033,0.046387,0
-0.01709,0.13199,1.1609,1.8206,0.038147,0
-0.016327,0.13214,1.0938,2.2757,0.023499,0
-0.013733,0.1355,1.0519,2.7309,0.0057983,0
-0.010071,0.14282,1.0439,2.0482,-0.0085449,0
-0.0068665,0.14587,1.0356,2.0482,-0.018616,0
-0.0061035,0.14099,1.0367,2.5033,-0.021973,0
-0.0071716,0.13092,1.0565,2.5033,-0.015564,0
-0.011597,0.11414,1.0657,2.7309,-0.0067139,0
-0.013123,0.10101,1.044,2.0482,0.005188,0
-0.011597,0.12024,1.0085,2.0482,0.0177,0
-0.0057983,0.1915,0.96466,2.0482,0.024414,0
0.0036621,0.28992,0.91553,2.2757,0.022888,0
0.015411,0.36621,0.90302,1.3655,0.01709,0
0.023193,0.40833,0.89371,2.5033,0.011597,0
0.024567,0.44037,0.79742,2.0482,0.010071,0
0.020142,0.45944,0.64529,2.5033,0.013733,0
0.020905,0.43732,0.53131,1.3655,0.021362,0
0.044098,0.3717,0.47714,1.8206,0.031433,0
0.054779,0.30701,0.41122,2.0482,0.042419,0
0.040436,0.28152,0.30212,2.5033,0.046692,0
0.025482,0.27542,0.2037,2.5033,0.046082,0
0.018616,0.2478,0.12085,1.8206,0.044556,0
0.019531,0.18234,0.016174,2.7309,0.045166,0
0.016632,0.09903,-0.12039,2.0482,0.046997,0
0.011597,0.023346,-0.25543,2.0482,0.046692,0
0.0080872,-0.03418,-0.33432,2.7309,0.039673,0
0.0080872,-0.059204,-0.35828,2.5033,0.027771,0
0.0059509,-0.028687,-0.35324,2.9584,0.021667,0
0.0036621,0.026855,-0.33417,2.9584,0.025635,0
0.0097656,0.013885,-0.33264,2.2757,0.03479,0
0.019684,-0.10132,-0.3772,2.5033,0.044556,0
0.014954,-0.24094,-0.45303,2.2757,0.047913,0
0.0032043,-0.30624,-0.51895,2.5033,0.042114,0
-0.0065613,-0.27756,-0.53589,2.5033,0.028076,0
-0.020447,-0.22675,-0.50674,2.7309,0.0091553,0
-0.039062,-0.22934,-0.47318,2.7309,-0.0067139,0
-0.048523,-0.28549,-0.4834,2.5033,-0.021667,0
-0.047302,-0.34409,-0.55557,2.2757,-0.033569,0
-0.043945,-0.37231,-0.64346,2.0482,-0.040588,0
-0.042725,-0.37949,-0.65491,2.2757,-0.042114,0
-0.046692,-0.37964,-0.60028,1.8206,-0.039062,0
-0.051422,-0.38437,-0.58563,1.8206,-0.029907,0
-0.050507,-0.38971,-0.6041,2.7309,-0.022888,0
-0.04364,-0.36789,-0.59174,1.8206,-0.018311,0
-0.031586,-0.30777,-0.54352,1.8206,-0.018005,0
-0.023193,-0.24139,-0.47562,1.8206,-0.019836,0
-0.015869,-0.20508,-0.42267,2.5033,-0.020752,0
-0.01358,-0.2034,-0.40253,1.8206,-0.021973,0
-0.012817,-0.21896,-0.41382,1.8206,-0.022888,0
-0.011139,-0.22598,-0.43503,2.0482,-0.022888,0
-0.0091553,-0.1976,-0.4126,2.0482,-0.021057,0
-0.0082397,-0.15244,-0.34454,1.3655,-0.014038,0
-0.0079346,-0.12283,-0.29739,2.2757,-0.0021362,0
-0.012512,-0.10834,-0.29922,1.1379,0.017395,0
-0.018158,-0.089874,-0.30685,1.8206,0.040588,0
-0.013123,-0.063019,-0.29968,2.2757,0.057373,0
-0.0030518,-0.036011,-0.29495,2.0482,0.061951,0
0.0085449,-0.016174,-0.29449,2.2757,0.057068,0
0.024567,-0.014038,-0.29419,2.0482,0.047302,0
0.037842,-0.010223,-0.28931,2.0482,0.042419,0
0.03479,0.010986,-0.28015,2.2757,0.042725,0
0.026398,0.03067,-0.27206,2.2757,0.044861,0
0.019531,0.03479,-0.25909,2.5033,0.04425,0
0.016327,0.041809,-0.24506,2.7309,0.037842,0
0.0073242,0.056915,-0.24734,2.5033,0.028687,0
-0.0090027,0.077209,-0.2475,2.0482,0.020142,0
-0.026093,0.11017,-0.24506,2.9584,0.013428,0
-0.03418,0.14023,-0.242,2.7309,0.0097656,0
-0.030518,0.14801,-0.22415,2.9584,0.011292,0
-0.014343,0.1503,-0.20538,2.9584,0.013733,0
0.013123,0.16815,-0.21545,2.7309,0.018005,0
0.041656,0.19318,-0.21744,2.7309,0.023193,0
0.057068,0.20569,-0.17899,2.7309,0.031128,0
0.046234,0.19501,-0.18631,2.5033,0.042419,0
0.032349,0.17685,-0.271,2.9584,0.056763,0
0.024414,0.1918,-0.32837,2.9584,0.07019,0
0.0177,0.24353,-0.28656,3.186,0.079041,0
0.011444,0.28473,-0.21164,3.186,0.085754,0
0.0062561,0.28305,-0.19852,3.186,0.088806,0
0.00091553,0.26077,-0.21301,2.7309,0.092468,0
-0.002594,0.23758,-0.19867,2.0482,0.089111,0
-0.0045776,0.19897,-0.16434,2.0482,0.073853,0
-0.0068665,0.13367,-0.15656,1.3655,0.050049,0
-0.010834,0.063629,-0.20065,2.0482,0.027161,0
-0.011902,0.028229,-0.22141,1.8206,0.0076294,0
-0.0086975,0.026245,-0.16785,1.1379,-0.0042725,0
-0.0076294,0.033722,-0.090027,2.0482,-0.012512,0
-0.0065613,0.066986,-0.031433,1.8206,-0.018005,0
-0.0073242,0.13184,0.002594,1.8206,-0.021667,0
-0.010681,0.16953,0.0093079,2.5033,-0.020752,0
-0.010681,0.15045,-0.01297,2.5033,-0.013123,0
-0.0064087,0.12665,-0.015564,2.2757,0.0024414,0
-0.0067139,0.13367,0.031281,2.2757,0.022583,0
-0.0090027,0.14603,0.057831,2.7309,0.04303,0
-0.013275,0.14801,0.051422,2.0482,0.059509,0
-0.019073,0.14786,0.04715,2.5033,0.066223,0
-0.02182,0.14786,0.046082,2.2757,0.065918,0
-0.018311,0.14755,0.045929,1.8206,0.06073,0
-0.010834,0.14786,0.045929,2.0482,0.054016,0
0.0042725,0.14771,0.045624,2.2757,0.049133,0
0.018005,0.14786,0.045929,2.2757,0.045776,0
0.020142,0.14755,0.045624,2.2757,0.045166,0
0.015259,0.1474,0.045929,2.7309,0.048218,0
0.0091553,0.14786,0.045471,2.0482,0.053101,0
0.0057983,0.1474,0.045929,1.8206,0.054626,0
0.0047302,0.14725,0.045929,1.5931,0.053406,0
0.0042725,0.14786,0.046234,2.2757,0.047913,0
0.011749,0.14771,0.045776,2.2757,0.042114,0
0.019531,0.14786,0.045929,2.7309,0.036621,0
0.020142,0.14801,0.046082,2.7309,0.03418,0
0.019989,0.14755,0.045929,2.7309,0.030518,0
0.02182,0.14786,0.046082,2.5033,0.027466,0
0.022125,0.14755,0.045776,2.5033,0.025024,0
0.020294,0.14771,0.045776,2.2757,0.022583,0
0.014343,0.14771,0.045776,2.7309,0.019531,0
0.0067139,0.14771,0.046082,2.2757,0.017395,0
-0.0045776,0.14771,0.045776,2.7309,0.01709,0
-0.010529,0.14755,0.045776,2.7309,0.014954,0
-0.0097656,0.14786,0.045929,2.5033,0.011597,0
-0.0068665,0.14801,0.045776,2.2757,0.007019,0
-0.0057983,0.14771,0.045929,2.7309,0.0024414,0
-0.0022888,0.14771,0.045929,2.2757,-0.00091553,0
0.0038147,0.11368,0.061798,2.5033,-0.0030518,0
0.0064087,0.056915,0.07843,2.2757,-0.0091553,0
0.010834,0.0177,0.093536,1.8206,-0.018005,0
0.0090027,-0.0064087,0.10254,2.7309,-0.028381,0
0.004425,-0.018616,0.077209,2.2757,-0.039062,0
0.0038147,-0.019379,0.033112,2.2757,-0.045166,0
0.0067139,-0.02121,-0.0076294,2.0482,-0.048218,0
0.0013733,-0.031433,-0.048523,1.8206,-0.050354,0
-0.007782,-0.038452,-0.082245,2.2757,-0.05249,0
-0.010223,-0.029602,-0.077515,2.5033,-0.056763,0
-0.0090027,-0.015869,-0.038757,2.5033,-0.06073,0
-0.0062561,-0.010223,-0.012665,2.7309,-0.061646,0
-0.0036621,-0.0024414,-0.0071716,3.186,-0.061951,0
0.0024414,0.014038,-0.0010681,2.2757,-0.061035,0
0.0054932,0.036163,0.0083923,2.5033,-0.06073,0
-0.00091553,0.066376,0.021057,2.0482,-0.062561,0
-0.010376,0.11841,0.030518,1.3655,-0.064087,0
-0.016937,0.17944,0.020905,1.3655,-0.066223,0
-0.019531,0.21805,0.012054,2.2757,-0.067749,0
-0.020142,0.22217,0.017853,2.0482,-0.070801,0
-0.022888,0.20813,0.024872,2.2757,-0.073547,0
-0.031738,0.19318,0.03006,2.2757,-0.07782,0
-0.038452,0.17242,0.035553,2.9584,-0.081787,0
-0.03067,0.13901,0.039215,2.2757,-0.080261,0
-0.0082397,0.098724,0.039062,2.7309,-0.075989,0
0.021667,0.065155,0.035095,3.186,-0.06897,0
0.037994,0.039215,0.047302,2.7309,-0.065308,0
0.030975,0.010529,0.085602,2.9584,-0.062866,0
0.020294,-0.0079346,0.11597,2.2757,-0.060425,0
0.016327,0.0032043,0.099182,2.7309,-0.059814,0
0.016479,0.029144,0.058289,2.2757,-0.064697,0
0.020752,0.039062,0.02533,2.7309,-0.073853,0
0.021973,0.030212,0.0083923,2.5033,-0.080566,0
0.021667,0.0177,0.0354,2.7309,-0.081787,0
0.018311,0.0099182,0.076904,2.5033,-0.080566,0
0.013885,0.00061035,0.06134,2.0482,-0.075378,0
0.0076294,-0.01358,-0.0071716,2.5033,-0.072937,0
0.0021362,-0.023651,-0.058594,2.2757,-0.080566,0
0.0013733,-0.029297,-0.055389,2.2757,-0.10132,0
0.0028992,-0.052338,-0.036163,1.8206,-0.12665,0
0.0035095,-0.085907,-0.028381,2.5033,-0.14648,0
-0.00030518,-0.091095,-0.021973,2.2757,-0.15839,0
-0.011292,-0.06897,-0.016632,1.8206,-0.16266,0
-0.021973,-0.050049,-0.025482,1.5931,-0.16144,0
-0.020142,-0.032806,-0.019684,2.0482,-0.16052,0
-0.0093079,-0.0048828,0.027771,2.0482,-0.15747,0
0.0024414,0.016937,0.084839,2.0482,-0.14923,0
0.005188,0.030975,0.14023,1.5931,-0.13672,0
0.0033569,0.050201,0.1741,1.3655,-0.1236,0
0.005188,0.066986,0.16861,1.8206,-0.10834,0
0.0047302,0.063782,0.14435,1.8206,-0.093994,0
0.0039673,0.036926,0.13702,2.5033,-0.083313,0
0.002594,0.00030518,0.14679,2.2757,-0.075378,0
-0.0024414,-0.023041,0.14023,1.8206,-0.069885,0
-0.013428,-0.027466,0.10422,2.0482,-0.067749,0
-0.021667,-0.027313,0.062256,1.3655,-0.067444,0
-0.019989,-0.025482,0.046234,2.0482,-0.065613,0
-0.012512,-0.019531,0.066376,2.5033,-0.06012,0
-0.0042725,-0.018768,0.099945,1.8206,-0.046997,0
0.0032043,-0.033569,0.10513,1.8206,-0.030212,0
0.0074768,-0.042725,0.071716,2.7309,-0.0088501,0
0.007019,-0.010223,0.036926,2.5033,0.0088501,0
0.0038147,0.06012,0.032959,2.7309,0.023499,0
-0.0018311,0.12207,0.051422,2.2757,0.034485,0
-0.004425,0.15472,0.072479,2.9584,0.047302,0
0.00015259,0.15533,0.074768,2.5033,0.061035,0
0.0018311,0.12314,0.033722,2.5033,0.074158,0
-0.00076294,0.08728,-0.031891,2.5033,0.089417,0
0.00045776,0.090027,-0.069885,2.5033,0.10712,0
0.004425,0.12833,-0.079193,3.4135,0.12451,0
0.0079346,0.15869,-0.081177,2.5033,0.14221,0
0.014648,0.16663,-0.081635,2.7309,0.16144,0
0.01358,0.16754,-0.081482,2.5033,0.1828,0
0.0045776,0.16739,-0.081482,2.2757,0.19989,0
-0.0099182,0.16724,-0.081482,2.5033,0.20721,0
-0.018921,0.16708,-0.081787,2.2757,0.20782,0
-0.023499,0.16739,-0.081787,2.5033,0.20599,0
-0.021667,0.16739,-0.081787,2.5033,0.20538,0
-0.016022,0.16739,-0.081635,2.2757,0.21027,0
-0.0073242,0.050812,-0.077209,1.8206,0.21759,0
-0.0073242,-0.10468,-0.097351,2.2757,0.22522,0
-0.014191,-0.16113,-0.11948,1.8206,0.23346,0
-0.0054932,-0.16113,-0.099182,2.0482,0.24475,0
0.01297,-0.15884,-0.063324,2.7309,0.25391,0
0.021515,-0.16083,-0.052032,1.5931,0.26398,0
0.023956,-0.14999,-0.050507,2.2757,0.2713,0
0.023651,-0.13046,-0.027771,1.8206,0.27832,0
0.018005,-0.11398,0.0018311,1.8206,0.28503,0
0.01358,-0.10315,0.018921,2.2757,0.28717,0
0.013428,-0.093231,0.027466,2.5033,0.28656,0
0.014038,-0.091553,0.028687,2.2757,0.28381,0
0.014191,-0.10223,0.033112,2.2757,0.27863,0
0.013733,-0.11566,0.044098,2.5033,0.27252,0
0.015717,-0.12253,0.033569,2.2757,0.26703,0
0.010681,-0.12344,0.0083923,2.0482,0.26398,0
0.0048828,-0.12039,0.0032043,2.5033,0.26306,0
-0.00091553,-0.12344,0.010529,2.0482,0.26276,0
-0.010071,-0.12955,-0.0032043,2.2757,0.26367,0
-0.01709,-0.12817,-0.025787,2.2757,0.26459,0
-0.024261,-0.112,-0.01358,1.8206,0.26672,0
-0.026398,-0.073395,0.014038,1.8206,0.2655,0
-0.016479,-0.027161,0.018158,1.3655,0.26001,0
0.0010681,0.005188,0.0076294,2.2757,0.25085,0
0.0073242,0.022888,0,2.5033,0.23987,0
-0.0050354,0.032196,-0.0053406,2.7309,0.22003,0
-0.015411,0.0383,-0.0035095,2.9584,0.19745,0
-0.0094604,0.042725,0.014191,3.186,0.177,0
0.0012207,0.047913,0.019073,2.5033,0.15808,0
0.0042725,0.057678,-0.014496,2.7309,0.14221,0
0.0015259,0.061188,-0.053558,2.7309,0.12512,0
0.00030518,0.04776,-0.065308,2.5033,0.10834,0
-0.0021362,0.030823,-0.0737,2.7309,0.089722,0
-0.0074768,0.019226,-0.090027,2.9584,0.071106,0
-0.015564,0.017853,-0.078888,1.8206,0.052185,0
-0.015717,0.020142,-0.025482,2.5033,0.036621,0
-0.0064087,0.013733,0.035248,2.2757,0.024719,0
0.0056458,0.007782,0.050964,2.5033,0.012207,0
0.017853,0.023041,0.021973,2.2757,0.0033569,0
0.023193,0.046082,0.0050354,2.5033,-0.0057983,0
0.02243,0.053406,0.040131,2.2757,-0.010986,0
0.026093,0.044556,0.086975,2.9584,-0.017395,0
0.023804,0.025177,0.075684,2.7309,-0.021057,0
0.017853,0.0086975,0.021057,2.0482,-0.022278,0
0.020752,0.010071,-0.017548,2.5033,-0.023804,0
0.021362,0.017548,-0.0030518,1.8206,-0.028381,0
0.01236,0.017395,0.036621,1.5931,-0.039673,0
-0.00045776,0.0064087,0.043488,2.2757,-0.055847,0
-0.0076294,-0.014648,0.0042725,1.5931,-0.069275,0
-0.010529,-0.035248,-0.038147,1.8206,-0.069275,0
-0.013123,-0.026398,0,2.2757,-0.063171,0
-0.016174,0.011597,0.079041,2.0482,-0.058594,0
-0.016022,0.040588,0.085144,2.5033,-0.066528,0
-0.018311,0.039368,0.033417,2.0482,-0.088806,0
-0.018311,0.036926,0.011139,2.2757,-0.11871,0
-0.019073,0.050812,0.031891,2.2757,-0.15045,0
-0.016479,0.063171,0.057831,2.0482,-0.17731,0
0.00076294,0.068359,0.070343,2.0482,-0.19562,0
0.017853,0.08255,0.074005,2.0482,-0.20233,0
0.020752,0.10788,0.07309,2.5033,-0.20172,0
0.021515,0.12833,0.066833,2.9584,-0.19531,0
0.031281,0.14145,0.056763,2.7309,-0.18829,0
0.038147,0.15518,0.054779,2.2757,-0.18799,0
0.034943,0.16739,0.07019,2.0482,-0.19135,0
0.030823,0.15244,0.083923,2.2757,-0.19928,0
0.02594,0.086975,0.053101,2.7309,-0.2063,0
0.018616,0.017548,0.0030518,2.2757,-0.20905,0
0.012512,-0.0018311,-0.0073242,2.0482,-0.20844,0
0.0080872,0.0027466,-0.0041199,2.5033,-0.20508,0
0.0068665,-0.016632,-0.0053406,2.0482,-0.20599,0
0.00076294,-0.040588,-0.0039673,2.0482,-0.20966,0
-0.010834,-0.059814,-0.0021362,2.2757,-0.2121,0
-0.017548,-0.083008,-0.032654,2.5033,-0.21179,0
-0.0093079,-0.093842,-0.076599,2.5033,-0.20691,0
0.010376,-0.070038,-0.060425,2.5033,-0.19653,0
0.027618,-0.018768,0.0177,2.2757,-0.18188,0
0.025482,0.016632,0.076141,2.2757,-0.16571,0
0.0097656,0.0090027,0.066223,2.7309,-0.15015,0
0,-0.029297,0.010071,2.2757,-0.13733,0
-0.0012207,-0.057068,-0.069885,2.2757,-0.12268,0
-0.00030518,-0.043182,-0.11368,2.5033,-0.11078,0
0.00091553,-0.0028992,-0.050354,2.0482,-0.10071,0
0.0013733,0.02594,0.058136,1.8206,-0.093689,0
-0.0053406,0.024109,0.093231,2.5033,-0.093689,0
-0.0076294,-0.0074768,0.05188,2.0482,-0.10071,0
-0.0064087,-0.065765,-0.014648,2.0482,-0.11261,0
-0.0028992,-0.13458,-0.073853,2.5033,-0.12482,0
-0.002594,-0.17715,-0.088959,2.2757,-0.13611,0
-0.0028992,-0.17746,-0.054626,2.5033,-0.14343,0
-0.0057983,-0.15167,-0.0074768,2.2757,-0.14771,0
-0.0059509,-0.13229,0.022888,1.8206,-0.14984,0
-0.0041199,-0.13657,0.023651,2.0482,-0.14832,0
-0.0030518,-0.14191,0.012207,1.5931,-0.14679,0
-0.0032043,-0.11826,0.021973,2.2757,-0.14374,0
-0.0071716,-0.068817,0.05188,2.2757,-0.13885,0
-0.0094604,-0.0068665,0.072021,2.0482,-0.13245,0
-0.0076294,0.045471,0.065002,1.8206,-0.12177,0
-0.0071716,0.075226,0.035095,2.2757,-0.11139,0
-0.0074768,0.084991,0.0071716,2.5033,-0.10071,0
-0.0042725,0.079346,-0.0056458,1.5931,-0.090637,0
0.00061035,0.060577,-0.0177,2.0482,-0.080566,0
0.0010681,0.034332,-0.02594,2.7309,-0.071411,0
-0.0028992,0.0041199,-0.017395,3.186,-0.063477,0
-0.005188,-0.016327,0.0039673,2.2757,-0.057068,0
-0.0097656,-0.025177,0.016632,2.7309,-0.050964,0
-0.01358,-0.033264,0.0042725,1.8206,-0.044556,0
-0.017548,-0.050354,-0.0047302,1.8206,-0.036621,0
-0.013123,-0.074463,-0.0022888,2.5033,-0.031433,0
0.0047302,-0.084076,-0.014038,2.7309,-0.023193,0
0.020142,-0.067444,-0.030823,2.5033,-0.013733,0
0.019379,-0.043335,-0.037079,2.0482,-0.0036621,0
0.013275,-0.033875,-0.032959,2.0482,0.0082397,0
0.0082397,-0.029755,-0.018158,2.2757,0.020752,0
0.002594,-0.015869,0.0085449,2.2757,0.030823,0
-0.0012207,0.0085449,0.037231,2.2757,0.042114,0
-0.0013733,0.035706,0.053558,2.2757,0.051575,0
-0.0038147,0.054779,0.048218,2.9584,0.064392,0
-0.0074768,0.062103,0.024872,2.5033,0.080261,0
-0.0079346,0.072021,0.014648,2.5033,0.099182,0
-0.0022888,0.089569,0.031586,2.5033,0.11505,0
0.0050354,0.10559,0.040283,2.5033,0.13,0
0.0099182,0.112,0.025635,2.2757,0.13947,0
0.0039673,0.11475,0.015564,1.8206,0.14984,0
-0.00076294,0.11917,0.016785,1.8206,0.15869,0
0.0041199,0.12909,0.02243,2.2757,0.16388,0
0.0016785,0.13428,0.047302,1.8206,0.16083,0
-0.013123,0.12512,0.07019,1.8206,0.15381,0
-0.030975,0.1004,0.048981,2.5033,0.14038,0
-0.045929,0.060272,-0.013123,1.8206,0.12573,0
-0.032349,0.016785,-0.075531,2.0482,0.11261,0
-0.0086975,-0.0062561,-0.091248,1.8206,0.10406,0
0.0054932,-0.007782,-0.069885,2.0482,0.098877,0
-0.0080872,-0.018311,-0.067139,2.2757,0.098267,0
-0.018616,-0.041046,-0.072784,1.8206,0.09552,0
-0.017548,-0.04776,-0.046844,2.5033,0.088196,0
-0.018921,-0.029144,-0.010529,2.2757,0.077515,0
-0.019226,0.0050354,0.019531,2.5033,0.06958,0
-0.0093079,0.033417,0.037537,2.9584,0.065613,0
0.0030518,0.037384,0.027924,1.3655,0.069885,0
0.0079346,0.020294,-0.0050354,2.5033,0.076904,0
0.0076294,0.0080872,-0.022278,2.5033,0.082397,0
0.0041199,0.017548,0.014038,2.2757,0.084839,0
0.0010681,0.028687,0.059814,2.7309,0.081482,0
0.0027466,0.023956,0.041962,3.4135,0.073547,0
0.0027466,0.015717,-0.029602,2.0482,0.066833,0
0.0018311,0.004425,-0.086823,2.2757,0.062561,0
-0.0021362,-0.021973,-0.09613,2.5033,0.063477,0
-0.0076294,-0.053711,-0.065002,2.5033,0.072021,0
-0.0065613,-0.073242,-0.018311,2.7309,0.087891,0
0,-0.077515,0.0090027,2.7309,0.1059,0
0.0054932,-0.075531,0.0064087,2.5033,0.12238,0
0.01709,-0.071564,-0.018768,2.9584,0.13031,0
0.029144,-0.055542,-0.033722,2.7309,0.13184,0
0.029449,-0.013885,-0.011139,2.0482,0.13245,0
0.03006,0.042725,0.029602,2.0482,0.13428,0
0.029144,0.091858,0.068207,3.186,0.13702,0
0.018768,0.11749,0.080109,2.0482,0.14404,0
0.0030518,0.12131,0.059662,2.5033,0.15076,0
-0.0093079,0.10529,0.03952,2.2757,0.15717,0
-0.014191,0.075684,0.036011,2.9584,0.16357,0
-0.0093079,0.039215,0.032959,2.7309,0.16785,0
-0.00076294,-0.012817,0.0076294,1.8206,0.1712,0
0.00061035,-0.084991,-0.04715,1.5931,0.17212,0
0.00076294,-0.15472,-0.097961,2.2757,0.17181,0
-0.0010681,-0.18799,-0.09964,2.9584,0.17151,0
-0.0019836,-0.19745,-0.074615,2.5033,0.17212,0
0.0028992,-0.21042,-0.063324,1.8206,0.17151,0
0.0086975,-0.22141,-0.060272,1.3655,0.1712,0
0.0091553,-0.20248,-0.033875,2.0482,0.16602,0
-0.0022888,-0.15808,0.0057983,1.5931,0.15869,0
-0.014191,-0.12756,0.018463,2.0482,0.14862,0
-0.017395,-0.12253,0.00076294,2.7309,0.13489,0
-0.011902,-0.12024,-0.0032043,2.5033,0.12634,0
0.00030518,-0.10742,0.029907,1.5931,0.12329,0
0.014191,-0.086517,0.091553,1.3655,0.13031,0
0.021515,-0.056763,0.15869,1.1379,0.1416,0
0.019226,-0.021973,0.18829,1.3655,0.1532,0
0.015564,0.0061035,0.16403,2.0482,0.1593,0
0.011139,0.02655,0.10529,2.0482,0.15656,0
0.005188,0.046234,0.062408,2.0482,0.14038,0
0.0041199,0.0737,0.067139,2.7309,0.11047,0
0.011597,0.10178,0.093994,1.8206,0.071716,0
0.01709,0.11581,0.099182,2.5033,0.033264,0
0.021362,0.10742,0.061188,2.9584,0.00061035,0
0.020142,0.086975,-0.010681,2.7309,-0.024414,0
0.0086975,0.079498,-0.06546,2.2757,-0.045471,0
-0.0086975,0.089874,-0.063934,2.2757,-0.064697,0
-0.024719,0.1004,-0.037994,2.0482,-0.077515,0
-0.036316,0.10254,-0.022736,1.8206,-0.084839,0
-0.027618,0.091248,-0.010376,2.2757,-0.093689,0
-0.0048828,0.053711,-0.011597,2.9584,-0.1062,0
0.0080872,0.0042725,-0.050507,2.0482,-0.12329,0
0.021667,-0.029907,-0.11124,2.2757,-0.14374,0
0.036011,-0.044708,-0.1532,2.2757,-0.15869,0
0.041656,-0.042725,-0.14099,2.9584,-0.16937,0
0.030365,-0.033264,-0.080719,2.2757,-0.17517,0
0.017395,-0.027466,-0.026093,2.0482,-0.1767,0
0.012512,-0.032349,-0.011444,1.8206,-0.177,0
0.010223,-0.043335,-0.018768,2.2757,-0.17792,0
0.0032043,-0.06073,-0.036163,2.0482,-0.17334,0
-0.0080872,-0.077057,-0.032959,2.5033,-0.16357,0
-0.011597,-0.076447,0.0035095,1.8206,-0.15411,0
-0.0027466,-0.061798,0.022736,2.0482,-0.14862,0
0.0074768,-0.044403,0.031433,2.0482,-0.1474,0
0.015106,-0.023346,0.054779,2.0482,-0.15259,0
0.015259,-0.0015259,0.049438,2.5033,-0.15747,0
0.0071716,0.010376,0.0035095,2.5033,-0.15625,0
0.0016785,0.01297,-0.053253,2.7309,-0.14771,0
0.00091553,0.016174,-0.103,2.5033,-0.13611,0
0.00076294,0.021057,-0.095215,2.0482,-0.12665,0
-0.00030518,0.024567,-0.023804,2.0482,-0.11932,0
-0.0033569,0.026855,0.030365,2.2757,-0.11139,0
-0.0062561,0.039215,0.048828,1.8206,-0.099182,0
-0.0076294,0.058594,0.077515,2.0482,-0.082703,0
-0.0048828,0.070038,0.08728,2.0482,-0.062256,0
0.0027466,0.062714,0.054169,2.2757,-0.039673,0
0.012207,0.032806,0.01236,2.2757,-0.01709,0
0.023193,0.0024414,-0.015259,1.8206,0.0021362,0
0.032043,-0.0028992,-0.023193,2.5033,0.015259,0
0.031281,0.024719,-0.012817,2.9584,0.020142,0
0.023651,0.063324,0.0094604,2.7309,0.021057,0
0.014191,0.079346,0.039368,2.7309,0.018921,0
0.0074768,0.055847,0.064545,2.7309,0.018616,0
0.0047302,0.011749,0.071259,2.5033,0.019836,0
0.00091553,-0.016327,0.057068,2.5033,0.019226,0
-0.0059509,-0.012207,0.028687,2.5033,0.011902,0
-0.012054,0.013275,0.0024414,2.5033,-0.0027466,0
-0.016327,0.050659,0.0028992,2.7309,-0.021973,0
-0.020447,0.091705,0.043335,2.0482,-0.039978,0
-0.023346,0.11566,0.097504,2.0482,-0.05188,0
-0.023499,0.1123,0.11124,2.2757,-0.052795,0
-0.022583,0.10223,0.090027,2.5033,-0.046082,0
-0.015411,0.095978,0.074005,2.2757,-0.030823,0
-0.007019,0.089569,0.070953,2.7309,-0.013733,0
-0.00061035,0.07019,0.071259,1.5931,0.0036621,0
0.002594,0.037384,0.062256,2.2757,0.022583,0
0.0013733,0.004425,0.032959,2.7309,0.040894,0
0.0013733,-0.024719,-0.0080872,2.5033,0.058899,0
0.0013733,-0.050354,-0.03418,2.2757,0.077209,0
0.00045776,-0.067139,-0.053406,1.8206,0.088501,0
0.0027466,-0.078583,-0.076599,2.5033,0.090637,0
0.002594,-0.080719,-0.092773,1.8206,0.079956,0
0.0048828,-0.065765,-0.090027,2.7309,0.057678,0
0.010681,-0.045776,-0.064392,2.7309,0.028076,0
0.012207,-0.035706,-0.019989,1.8206,-0.0012207,0
0.0086975,-0.02594,0.019073,2.0482,-0.025635,0
0.007019,-0.0024414,0.040131,1.5931,-0.041809,0
0.0082397,0.027466,0.066528,2.2757,-0.050354,0
0.0088501,0.052795,0.089722,1.5931,-0.048218,0
0.0062561,0.081329,0.091553,1.8206,-0.038147,0
0.004425,0.12711,0.10223,1.8206,-0.028381,0
0.0054932,0.17654,0.12665,1.8206,-0.025635,0
-0.0013733,0.2066,0.12695,1.5931,-0.032043,0
-0.016479,0.21255,0.096741,1.8206,-0.043335,0
-0.033112,0.19638,0.056763,2.5033,-0.052185,0
-0.037537,0.15213,0.017242,1.8206,-0.057983,0
-0.03067,0.081024,-0.025787,2.0482,-0.055237,0
-0.034027,0.010376,-0.074768,2.0482,-0.047302,0
-0.048218,-0.03418,-0.098267,2.0482,-0.036621,0
-0.067444,-0.049896,-0.098114,2.5033,-0.024414,0
-0.063782,-0.062866,-0.103,2.2757,-0.011902,0
-0.020599,-0.093079,-0.11292,2.2757,-0.0015259,0
0.026398,-0.14038,-0.1178,2.0482,0.0061035,0
0.038605,-0.18906,-0.11734,1.8206,0.0048828,0
0.020142,-0.21713,-0.11581,2.5033,-0.00030518,0
-0.0028992,-0.21301,-0.11749,2.7309,-0.0064087,0
-0.014343,-0.18433,-0.1152,2.0482,-0.0024414,0
-0.014648,-0.15091,-0.096588,2.5033,0.012207,0
-0.011902,-0.12344,-0.056763,1.8206,0.027771,0
-0.0086975,-0.098877,-0.0061035,2.7309,0.034485,0
-0.00091553,-0.07431,0.03479,1.5931,0.018921,0
0.0090027,-0.043182,0.053711,2.5033,-0.018921,0
0.013885,-0.007019,0.065002,2.2757,-0.07019,0
0.0030518,0.023346,0.083923,2.2757,-0.11993,0
-0.013885,0.041656,0.09552,2.9584,-0.15869,0
-0.021973,0.049744,0.06897,2.5033,-0.18463,0
-0.013885,0.055695,0.014496,2.0482,-0.19928,0
0.0099182,0.06073,-0.023041,2.5033,-0.20142,0
0.032654,0.061035,-0.025482,2.2757,-0.19196,0
0.036774,0.054169,-0.02182,2.5033,-0.16693,0
0.026245,0.036774,-0.041504,2.2757,-0.13458,0
0.018005,0.011902,-0.077972,2.9584,-0.099487,0
0.014343,0.0036621,-0.10239,2.0482,-0.071411,0
0.0082397,0.023041,-0.08255,1.5931,-0.054626,0
-0.00045776,0.04425,-0.034943,2.2757,-0.05127,0
-0.0042725,0.040741,-0.022278,2.5033,-0.055237,0
-0.0013733,0.0076294,-0.057526,1.8206,-0.06012,0
-0.0061035,-0.02121,-0.066681,2.9584,-0.063782,0
-0.016327,-0.023041,-0.033722,2.9584,-0.059814,0
-0.014496,-0.018463,-0.026398,2.7309,-0.05127,0
-0.0056458,-0.030518,-0.063019,2.5033,-0.040894,0
-0.0045776,-0.037384,-0.09613,1.5931,-0.028076,0
-0.0028992,-0.011444,-0.0914,2.5033,-0.010071,0
0.0074768,0.0354,-0.049438,2.7309,0.010376,0
0.019684,0.073395,0.0067139,2.0482,0.03479,0
0.022125,0.086823,0.038147,2.0482,0.059814,0
0.020905,0.072479,0.032196,2.2757,0.082397,0
0.028076,0.037384,0.0057983,2.5033,0.10284,0
0.037537,-0.004425,-0.024567,2.7309,0.11932,0
0.030365,-0.036163,-0.034943,2.7309,0.13184,0
0.016632,-0.055237,-0.022888,1.8206,0.13977,0
0.0076294,-0.067902,0.00076294,2.5033,0.14862,0
0,-0.078583,0.044708,2.2757,0.16235,0
-0.0067139,-0.090332,0.075989,2.2757,0.18097,0
-0.011139,-0.10147,0.066681,3.186,0.19867,0
-0.014038,-0.11368,0.043335,2.7309,0.2121,0
-0.010529,-0.121,0.029755,2.7309,0.22064,0
-0.0083923,-0.12299,0.019684,3.186,0.22186,0
-0.0050354,-0.12589,-0.0019836,2.7309,0.21667,0
-0.0035095,-0.11688,-0.013885,2.2757,0.21149,0
-0.0059509,-0.08316,0.015259,2.9584,0.20752,0
-0.010223,-0.040131,0.069122,2.5033,0.20752,0
-0.012665,-0.010223,0.094604,2.7309,0.2121,0
-0.012054,0.0021362,0.079041,2.9584,0.21973,0
-0.0033569,0.0082397,0.067444,2.5033,0.22736,0
0.010834,0.0177,0.084381,2.7309,0.22888,0
0.017548,0.022736,0.090485,2.7309,0.22125,0
0.018921,0.016785,0.074158,1.8206,0.20325,0
0.017548,0.0036621,0.06485,2.2757,0.18036,0
0.012512,-0.0099182,0.056458,2.5033,0.15656,0
0.007019,-0.010529,0.032959,2.9584,0.13947,0
0.0073242,0.0080872,0.043335,2.5033,0.13,0
0.0073242,0.024872,0.087128,2.7309,0.12878,0
0.007019,0.030975,0.089111,2.0482,0.13611,0
0.0076294,0.033569,0.048981,1.8206,0.15228,0
-0.0033569,0.029144,0.015717,2.7309,0.16754,0
-0.019836,0.014038,0.00091553,2.0482,0.17517,0
-0.024872,-0.0045776,-0.0047302,1.8206,0.17181,0
-0.014801,-0.0099182,-0.0094604,2.0482,0.15839,0
-0.0018311,-0.00045776,-0.0036621,2.0482,0.14313,0
0.0090027,0.005188,0.0033569,2.2757,0.13,0
0.017395,0.0012207,0.0024414,2.5033,0.12115,0
0.011444,-0.0028992,-0.00030518,1.8206,0.11627,0
-0.0021362,-0.0039673,-0.0021362,1.8206,0.11139,0
-0.0097656,-0.0048828,0.002594,1.8206,0.10864,0
-0.0059509,-0.0035095,0.024719,2.0482,0.11108,0
0.0099182,0.00061035,0.070496,2.5033,0.12451,0
0.024261,0.0016785,0.11093,2.2757,0.14771,0
0.02243,0.0032043,0.10788,2.2757,0.17456,0
0.012817,0.0041199,0.076447,1.8206,0.1944,0
0.0094604,-0.0021362,0.061188,2.0482,0.19958,0
0.0088501,-0.013733,0.072327,2.2757,0.19043,0
0.0030518,-0.028534,0.080566,2.7309,0.16846,0
-0.0057983,-0.039215,0.075226,2.2757,0.13885,0
-0.018158,-0.031433,0.066528,2.5033,0.10437,0
-0.036621,-0.004425,0.043793,2.5033,0.072937,0
-0.045471,0.017853,0.018921,2.2757,0.045776,0
-0.026093,0.019684,0.01236,2.5033,0.031433,0
-0.011749,0.016022,0.002594,3.186,0.030518,0
-0.013123,0.024719,-0.0097656,2.2757,0.036011,0
-0.010681,0.04364,-0.004425,2.5033,0.042419,0
-0.0082397,0.059814,0.0065613,2.2757,0.042419,0
-0.0093079,0.066833,0.015564,2.7309,0.038147,0
-0.0068665,0.062408,0.025635,2.5033,0.028381,0
-0.0030518,0.037689,0.019531,2.0482,0.018921,0
-0.005188,-0.0057983,-0.014648,2.2757,0.01709,0
-0.0083923,-0.019226,-0.044403,2.0482,0.018921,0
-0.0027466,0.025177,-0.034485,2.7309,0.016785,0
0.0035095,0.09201,-0.0059509,2.5033,0.0024414,0
0.010834,0.1329,0.0082397,2.5033,-0.024719,0
0.016174,0.14542,0.0042725,2.7309,-0.054321,0
0.01236,0.14771,-0.0071716,2.2757,-0.080566,0
-0.0036621,0.14999,-0.0085449,2.7309,-0.10254,0
-0.025635,0.14542,0.00045776,2.0482,-0.12604,0
-0.042267,0.13275,0.014496,2.9584,-0.15411,0
-0.042419,0.13046,0.039825,2.5033,-0.18555,0
-0.032654,0.13733,0.054779,2.2757,-0.20966,0
-0.010681,0.11887,0.022888,2.0482,-0.22339,0
0.016479,0.05188,-0.051422,2.2757,-0.22278,0
0.02243,-0.031433,-0.12833,2.0482,-0.21393,0
0.015106,-0.078583,-0.14786,2.0482,-0.19928,0
0.0091553,-0.10529,-0.10284,1.5931,-0.18494,0
0.011444,-0.15366,-0.063477,2.0482,-0.17151,0
0.013275,-0.19379,-0.046997,1.8206,-0.16052,0
0.0094604,-0.18066,-0.014343,1.5931,-0.15228,0
0.0033569,-0.13535,0.016937,2.2757,-0.14862,0
0.0059509,-0.09552,0.016479,1.8206,-0.14923,0
0.0065613,-0.074921,-0.012817,2.2757,-0.15167,0
-0.00076294,-0.071259,-0.047302,2.9584,-0.15411,0
-0.0085449,-0.072021,-0.050049,2.7309,-0.15076,0
-0.007782,-0.059814,-0.0015259,2.9584,-0.1413,0
-0.0030518,-0.035095,0.060883,2.0482,-0.12115,0
-0.00076294,-0.011749,0.099792,2.7309,-0.093994,0
-0.00045776,0.0013733,0.10071,2.0482,-0.062256,0
0.00061035,0.01297,0.072021,2.2757,-0.033875,0
0.0032043,0.026703,0.054932,2.5033,-0.016785,0
0.007019,0.029907,0.051422,2.0482,-0.0079346,0
0.0073242,0.022888,0.032654,2.2757,-0.0018311,0
0.0054932,0.034027,0.012207,2.5033,0.0030518,0
0.0013733,0.067596,0.019836,3.186,0.0033569,0
-0.0062561,0.093842,0.04364,2.2757,-0.0054932,0
-0.019531,0.10452,0.062866,2.7309,-0.021667,0
-0.028076,0.10101,0.060272,2.5033,-0.039673,0
-0.016785,0.080566,0.042114,2.7309,-0.054626,0
0.0016785,0.050812,0.034332,2.7309,-0.065918,0
0.015564,0.025635,0.040283,2.9584,-0.077515,0
0.017548,0.0010681,0.041199,2.0482,-0.092468,0
0.014038,-0.034027,0.031891,2.5033,-0.11017,0
0.010681,-0.059814,0.025482,2.0482,-0.12573,0
0.0080872,-0.058594,0.024719,2.0482,-0.1355,0
0.0085449,-0.048981,0.0018311,2.0482,-0.13733,0
0.012207,-0.046997,-0.031586,2.0482,-0.13336,0
0.010376,-0.046997,-0.0354,2.0482,-0.12512,0
0.0016785,-0.04425,-0.015259,2.0482,-0.11871,0
-0.0080872,-0.051117,-0.0027466,2.2757,-0.11383,0
-0.015106,-0.066986,-0.002594,2.0482,-0.10895,0
-0.015106,-0.086212,0.0028992,2.2757,-0.10254,0
0.0050354,-0.10422,0.019226,2.7309,-0.094299,0
0.018463,-0.11383,0.034485,1.8206,-0.088806,0
0.016022,-0.11398,0.023041,2.0482,-0.083313,0
0.0067139,-0.1088,-0.012817,2.0482,-0.081787,0
-0.0012207,-0.093384,-0.022583,1.8206,-0.085449,0
-0.0093079,-0.069122,0.0064087,2.5033,-0.090027,0
-0.015106,-0.046844,0.039062,1.8206,-0.099182,0
-0.015564,-0.026398,0.070648,2.5033,-0.10803,0
-0.018616,-0.0059509,0.10147,1.8206,-0.11017,0
-0.021362,0.0080872,0.1059,1.8206,-0.098572,0
-0.026398,0.020142,0.083923,1.3655,-0.078125,0
-0.026245,0.0354,0.070496,2.2757,-0.055847,0
-0.02533,0.042725,0.058746,2.5033,-0.036316,0
-0.02655,0.036774,0.012665,2.5033,-0.019226,0
-0.028381,0.031738,-0.020294,2.2757,-0.0027466,0
-0.023499,0.030975,0.016022,2.5033,0.010376,0
-0.016327,0.015106,0.053253,2.2757,0.015259,0
-0.0093079,-0.0041199,0.046844,2.2757,0.010986,0
-0.0030518,0.0068665,0.031891,2.5033,0.0021362,0
0.0061035,0.039978,0.026398,2.7309,-0.0064087,0
0.013275,0.055695,0.023651,2.5033,-0.010681,0
0.0054932,0.042877,0.0080872,2.0482,-0.015564,0
-0.0074768,0.035095,-0.00045776,2.5033,-0.022888,0
-0.0073242,0.044708,0.032959,2.5033,-0.036316,0
0.010376,0.052338,0.070343,2.7309,-0.054932,0
0.036469,0.039673,0.050507,2.2757,-0.074158,0
0.053711,0.018616,0.0054932,2.7309,-0.087891,0
0.049744,0.020294,-0.0073242,2.9584,-0.09613,0
0.031128,0.04776,0.014801,2.5033,-0.097046,0
0.014801,0.074921,0.047607,2.5033,-0.089722,0
0.0050354,0.081787,0.076752,2.9584,-0.074463,0
-0.00030518,0.070038,0.097046,2.7309,-0.052795,0
0.0018311,0.055542,0.08606,2.7309,-0.024414,0
0.0039673,0.045319,0.047302,2.9584,0.0015259,0
-0.0099182,0.0354,0.020294,1.8206,0.025635,0
-0.026703,0.01709,0.0041199,2.7309,0.042725,0
-0.034637,-0.0080872,-0.0053406,2.5033,0.054016,0
-0.033875,-0.030975,-0.0022888,2.2757,0.058899,0
-0.027161,-0.029907,0.00030518,1.1379,0.058289,0
-0.023651,0.0067139,0.00045776,2.0482,0.052185,0
-0.019226,0.065308,0.013428,2.5033,0.047607,0
-0.010529,0.12131,0.030975,2.5033,0.042114,0
-0.00061035,0.14343,0.03418,2.2757,0.039368,0
0.0019836,0.11826,0.010986,2.2757,0.0354,0
0.0019836,0.070496,-0.034485,2.0482,0.036926,0
0.00091553,0.036621,-0.061646,1.5931,0.042114,0
0.0177,0.026093,-0.055084,1.5931,0.047607,0
0.041809,0.031738,-0.048065,2.2757,0.05188,0
0.042419,0.054626,-0.049591,2.2757,0.054016,0
0.028381,0.096588,-0.024567,2.0482,0.050964,0
0.020905,0.13016,0.026093,2.0482,0.046082,0
0.017395,0.13596,0.061646,1.8206,0.038757,0
0.012207,0.10773,0.046844,1.8206,0.036011,0
0.0065613,0.050812,-0.0032043,2.0482,0.036316,0
0.00015259,-0.0053406,-0.014038,2.2757,0.039673,0
-0.0054932,-0.049896,0.035858,2.7309,0.046387,0
-0.011902,-0.094452,0.088959,2.9584,0.053406,0
-0.018768,-0.1535,0.10361,2.2757,0.062256,0
-0.021973,-0.21515,0.068359,2.2757,0.070496,0
-0.027618,-0.24689,0.019684,3.186,0.078125,0
-0.030518,-0.22415,0.0059509,2.7309,0.084839,0
-0.031738,-0.17151,0.029907,2.7309,0.095825,0
-0.023193,-0.14084,0.047455,3.186,0.10498,0
-0.0036621,-0.13367,0.050049,3.186,0.10986,0
0.010986,-0.11917,0.078735,2.9584,0.11139,0
0.0076294,-0.089264,0.10773,2.9584,0.10925,0
0.0054932,-0.064697,0.071259,2.7309,0.1059,0
0.018616,-0.055847,-0.012054,2.5033,0.10315,0
0.029602,-0.053101,-0.060577,2.7309,0.10071,0
0.022583,-0.041046,-0.046692,2.0482,0.096436,0
0.010681,-0.028076,-0.015717,2.5033,0.093689,0
-0.0036621,-0.033569,-0.009613,2.2757,0.093384,0
-0.013428,-0.053101,-0.023193,2.9584,0.093079,0
-0.01709,-0.075226,-0.036316,1.8206,0.09491,0
-0.0177,-0.099182,-0.052338,1.8206,0.097046,0
-0.015717,-0.10132,-0.05661,2.2757,0.1001,0
-0.0079346,-0.05188,-0.024109,2.0482,0.10406,0
-0.0012207,0.010529,0.01709,2.7309,0.10651,0
-0.0061035,0.034332,0.044403,1.8206,0.10895,0
-0.013885,0.027466,0.065155,1.8206,0.11017,0
-0.019989,0.020294,0.076141,2.5033,0.11322,0
-0.020599,0.022888,0.068665,2.2757,0.11932,0
-0.015106,0.022888,0.060425,2.5033,0.13031,0
-0.018616,0.0012207,0.060425,2.7309,0.14526,0
-0.021515,-0.053711,0.034637,2.2757,0.15991,0
-0.019379,-0.1178,-0.010681,1.8206,0.17242,0
-0.0086975,-0.14832,-0.028534,1.8206,0.17273,0
0.0042725,-0.13123,-0.021515,1.8206,0.16693,0
-0.00045776,-0.08667,-0.024261,1.1379,0.1593,0
-0.020599,-0.036469,-0.030823,2.2757,0.15045,0
-0.036621,-0.0054932,-0.023193,2.7309,0.14221,0
-0.029144,-0.00076294,-0.019531,2.7309,0.13153,0
0.0019836,-0.0019836,-0.015564,2.5033,0.11627,0
0.02533,0.007782,0.022125,2.7309,0.10162,0
0.044556,0.019531,0.066223,2.7309,0.086975,0
0.066071,0.028076,0.070801,2.9584,0.076599,0
0.074921,0.03952,0.050201,2.7309,0.074158,0
0.063934,0.050201,0.032501,2.7309,0.07843,0
0.046387,0.053864,0.02594,2.7309,0.083313,0
0.035095,0.055695,0.030975,2.5033,0.083923,0
0.033112,0.057831,0.040588,2.5033,0.083313,0
0.033264,0.054169,0.045624,3.4135,0.080261,0
0.028839,0.046997,0.046082,2.9584,0.079041,0
0.023956,0.038605,0.052795,2.2757,0.079651,0
0.020447,0.024414,0.052795,2.2757,0.079041,0
0.017548,-0.00045776,0.027161,2.2757,0.076294,0
0.01358,-0.027161,-0.015411,2.7309,0.06897,0
0.0088501,-0.032043,-0.037231,2.7309,0.055542,0
0.0056458,-0.0047302,-0.018158,2.2757,0.039062,0
0.0028992,0.031433,0.010529,2.2757,0.020752,0
0.0021362,0.052795,0.032196,2.2757,0.0054932,0
-0.0010681,0.054321,0.053711,2.0482,-0.0054932,0
-0.0054932,0.048218,0.052948,2.0482,-0.012817,0
-0.0062561,0.042267,0.014801,2.2757,-0.016174,0
-0.0041199,0.032654,-0.03418,1.8206,-0.018311,0
-0.0028992,0.024872,-0.065155,2.7309,-0.016174,0
-0.0033569,0.028534,-0.097656,2.2757,-0.013428,0
-0.0041199,0.044556,-0.12329,2.2757,-0.0097656,0
-0.0053406,0.060577,-0.090637,1.3655,-0.0033569,0
-0.0050354,0.064392,-0.041351,1.8206,0.0082397,0
-0.0054932,0.058289,-0.037384,1.5931,0.02533,0
-0.0036621,0.045776,-0.055389,1.5931,0.044556,0
0.002594,0.031891,-0.084534,2.0482,0.062866,0
0.0057983,0.032959,-0.13702,2.0482,0.075378,0
0.0053406,0.048981,-0.16647,2.5033,0.080872,0
0.0074768,0.061188,-0.15121,1.8206,0.079651,0
0.010071,0.059357,-0.13107,2.2757,0.071411,0
0.012817,0.047913,-0.12375,2.2757,0.06073,0
0.01236,0.041656,-0.11597,2.0482,0.050049,0
0.013428,0.050354,-0.088501,2.0482,0.039978,0
0.01709,0.068665,-0.045319,2.0482,0.032349,0
0.01709,0.074921,-0.034027,2.5033,0.029602,0
0.016785,0.059052,-0.046387,2.5033,0.035095,0
0.016785,0.032959,-0.046997,2.0482,0.048828,0
0.016022,0.019836,-0.044861,2.7309,0.06073,0
0.013733,0.029755,-0.032806,2.2757,0.065918,0
0.0065613,0.053253,-0.010986,2.2757,0.062256,0
0.0086975,0.072479,0.0015259,2.7309,0.050964,0
0.015411,0.078278,0.0032043,2.2757,0.036011,0
0.025635,0.078278,-0.014496,2.7309,0.019226,0
0.028381,0.084686,-0.036011,2.0482,0.0054932,0
0.024567,0.094757,-0.03067,2.2757,-0.0033569,0
0.019531,0.095215,-0.018463,2.7309,-0.0057983,0
0.016632,0.080566,-0.014343,2.7309,-0.0039673,0
0.011902,0.062408,-0.011139,2.2757,0.00091553,0
0.0082397,0.046539,-0.014496,2.0482,0.0033569,0
0.002594,0.018463,-0.01709,2.0482,0.0036621,0
-0.0056458,-0.033417,-0.020752,2.5033,0.0024414,0
-0.0076294,-0.096588,-0.034027,2.7309,0.00030518,0
-0.00061035,-0.15335,-0.046234,2.2757,0,0
0.0045776,-0.18661,-0.062256,2.7309,0,0
0.0047302,-0.17654,-0.077972,2.7309,0.0018311,0
0.0042725,-0.12909,-0.084686,2.2757,0.0064087,0
0.0015259,-0.073853,-0.078888,1.8206,0.013428,0
-0.004425,-0.032806,-0.053711,2.7309,0.022888,0
-0.0177,-0.0039673,-0.023651,1.8206,0.033264,0
-0.027771,0.0097656,-0.02655,1.8206,0.037231,0
-0.031128,0.0062561,-0.047607,1.3655,0.035095,0
-0.024109,-0.010223,-0.030365,1.8206,0.027771,0
-0.0013733,-0.024719,-0.010834,1.8206,0.019531,0
0.026855,-0.032959,-0.0383,1.8206,0.011597,0
0.039368,-0.043488,-0.045929,2.0482,0.0054932,0
0.039062,-0.051117,0.0074768,1.5931,0.0036621,0
0.0354,-0.046692,0.056458,2.2757,0.0064087,0
0.030975,-0.034027,0.036163,1.3655,0.012512,0
0.023193,-0.023193,-0.027466,2.0482,0.018616,0
0.012512,-0.011749,-0.080261,2.7309,0.022583,0
0.0018311,-0.0010681,-0.11154,2.9584,0.020447,0
-0.0065613,0.010376,-0.13092,2.0482,0.013733,0
-0.01297,0.034332,-0.08667,2.2757,0.0048828,0
-0.014648,0.059357,0.026398,1.8206,-0.0045776,0
-0.013428,0.071564,0.077362,2.5033,-0.010986,0
-0.011444,0.076294,0.032196,2.2757,-0.017395,0
-0.015564,0.074005,-0.036163,2.2757,-0.019226,0
-0.027618,0.065765,-0.093536,2.7309,-0.016785,0
-0.036163,0.068512,-0.10574,3.186,-0.010681,0
-0.040131,0.091095,-0.071259,3.186,-0.0015259,0
-0.034027,0.098572,-0.040436,2.5033,0.0082397,0
-0.020905,0.069275,-0.0383,3.186,0.016785,0
-0.0085449,0.033722,-0.049744,2.5033,0.024719,0
-0.010223,0.013885,-0.04425,2.5033,0.030823,0
-0.022125,-0.00030518,-0.0062561,2.2757,0.040894,0
-0.026703,-0.027313,0.03952,2.0482,0.050659,0
-0.01709,-0.062103,0.062866,2.5033,0.062866,0
-0.0054932,-0.083771,0.052948,2.5033,0.074768,0
-0.0028992,-0.07431,0.037079,2.9584,0.085754,0
-0.0021362,-0.043488,0.043335,2.9584,0.093994,0
0.0076294,-0.021057,0.064697,2.7309,0.10284,0
0.018005,-0.020294,0.083771,3.186,0.10925,0
0.01709,-0.030975,0.063629,2.5033,0.11566,0
0.01236,-0.049133,0.0015259,2.0482,0.12543,0
0.014038,-0.06012,-0.046082,1.8206,0.13763,0
0.012207,-0.041351,-0.028534,2.7309,0.14893,0
-0.0027466,-0.0015259,0.041809,2.2757,0.15625,0
-0.016327,0.033722,0.10559,2.2757,0.1535,0
-0.019836,0.039978,0.12146,1.8206,0.14313,0
-0.016022,0.010529,0.099487,2.0482,0.12909,0
-0.012054,-0.02243,0.073853,2.0482,0.11475,0
-0.010834,-0.040131,0.058899,1.8206,0.10345,0
-0.015106,-0.057526,0.034943,2.2757,0.093689,0
-0.026245,-0.083618,0.002594,2.2757,0.083008,0
-0.036926,-0.095673,-0.020752,2.5033,0.070496,0
-0.040283,-0.077667,-0.028839,1.3655,0.058594,0
-0.024261,-0.041199,-0.014191,1.5931,0.043945,0
-0.0018311,-0.0064087,0.017548,2.2757,0.032043,0
0.014801,0.0039673,0.049591,2.0482,0.021973,0
0.030212,-0.015411,0.071106,2.0482,0.013428,0
0.038605,-0.041809,0.083618,1.5931,0.0061035,0
0.037537,-0.051117,0.097961,2.0482,0,0
0.03067,-0.04715,0.10452,2.5033,-0.0085449,0
0.021362,-0.043182,0.087433,2.7309,-0.013733,0
0.014496,-0.04776,0.055389,2.5033,-0.019531,0
0.0076294,-0.058899,0.034943,2.5033,-0.022888,0
0.0035095,-0.066071,0.02594,2.2757,-0.02533,0
0.0033569,-0.065918,0.020905,2.5033,-0.024719,0
0.0024414,-0.061951,0.032654,2.5033,-0.02594,0
-0.0064087,-0.058289,0.04425,2.7309,-0.02533,0
-0.011292,-0.054321,0.03479,2.5033,-0.023804,0
-0.013885,-0.044098,0.020294,2.0482,-0.022888,0
-0.011749,-0.023651,0.015717,2.2757,-0.021057,0
-0.0036621,-0.004425,0.014191,2.9584,-0.018616,0
0.00030518,-0.0036621,0.0099182,2.7309,-0.016174,0
-0.00091553,-0.02243,-0.0039673,2.7309,-0.013428,0
-0.00061035,-0.035553,-0.033264,1.8206,-0.013428,0
-0.00076294,-0.029449,-0.065155,2.5033,-0.016174,0
-0.0033569,-0.016174,-0.075531,2.9584,-0.020447,0
-0.0048828,-0.005188,-0.060883,2.5033,-0.023499,0
-0.0083923,0.0013733,-0.04364,2.9584,-0.024719,0
-0.013123,0.0041199,-0.036926,1.8206,-0.022278,0
-0.019226,0.0093079,-0.035248,2.2757,-0.014038,0
-0.029907,0.022278,-0.035095,2.7309,-0.0030518,0
-0.048065,0.042725,-0.029449,2.0482,0.0036621,0
-0.047455,0.059814,-0.0010681,1.5931,0.0067139,0
-0.027008,0.064087,0.032196,2.2757,0.0033569,0
-0.01709,0.061798,0.030823,1.5931,0.00061035,0
-0.013123,0.06134,0.00045776,1.5931,-0.0021362,0
0.00045776,0.057526,-0.025482,2.9584,-0.0039673,0
0.022278,0.05127,-0.033875,2.2757,-0.0048828,0
0.038605,0.048828,-0.02594,1.8206,-0.0042725,0
0.045471,0.050964,-0.0024414,2.2757,-0.0033569,0
0.037384,0.054474,0.028687,2.2757,-0.00061035,0
0.025024,0.042877,0.045166,2.5033,0.0018311,0
0.0062561,0.0061035,0.034637,2.0482,0.007019,0
-0.015564,-0.038757,0.0099182,2.0482,0.0097656,0
-0.022888,-0.058136,-0.016785,1.8206,0.011292,0
-0.0021362,-0.048065,-0.032349,1.3655,0.0097656,0
0.032196,-0.025635,-0.018921,2.2757,0.0076294,0
0.058136,-0.0010681,0.0065613,2.0482,0.0064087,0
0.064392,0.014343,0.020752,2.2757,0.007019,0
0.044861,0.017548,0.019073,2.0482,0.010681,0
0.019684,0.016327,0.018463,2.7309,0.014343,0
0.0045776,0.019379,0.03006,2.5033,0.016785,0
-0.0027466,0.027313,0.038757,2.5033,0.017395,0
-0.012665,0.037384,0.033417,2.5033,0.0177,0
-0.020752,0.038605,0.023956,2.7309,0.016785,0
-0.018616,0.029449,0.017242,3.186,0.015564,0
-0.010376,0.018768,0.0074768,2.7309,0.014343,0
-0.0082397,0.012817,-0.0035095,2.2757,0.011597,0
-0.0079346,0.014648,-0.0090027,2.2757,0.0091553,0
-0.0073242,0.018768,-0.0045776,2.5033,0.0061035,0
-0.0032043,0.015411,-0.0085449,2.2757,0.0033569,0
0.0032043,-0.0012207,-0.023804,2.2757,0.0015259,0
0.011749,-0.017853,-0.029907,1.3655,0.0018311,0
0.01236,-0.015259,-0.016632,2.2757,0.005188,0
0.007782,0.007019,0.013275,2.7309,0.011292,0
0.005188,0.027618,0.052338,3.186,0.016174,0
0.0028992,0.0354,0.072174,2.9584,0.016785,0
-0.00045776,0.032959,0.064697,2.5033,0.011902,0
-0.0010681,0.027924,0.049438,2.5033,0.0054932,0
0.0010681,0.021973,0.033112,2.7309,-0.0021362,0
0.0032043,0.018768,0.0097656,2.5033,-0.0094604,0
0.0042725,0.023651,-0.013275,2.7309,-0.014343,0
0.0056458,0.02594,-0.027771,2.7309,-0.01709,0
0.0093079,0.016174,-0.026855,2.2757,-0.016479,0
0.007782,0.0038147,-0.016785,1.8206,-0.011292,0
-0.0013733,-0.0010681,-0.011139,1.5931,-0.0036621,0
-0.0021362,0.0056458,-0.0065613,2.5033,0.0057983,0
0.00045776,0.013123,0.002594,2.0482,0.016174,0
-0.0010681,0.009613,0.0083923,2.0482,0.027161,0
0.00030518,-0.00091553,0.0083923,1.8206,0.03418,0
0.0054932,-0.0047302,0.020294,2.5033,0.037231,0
0.0027466,-0.00091553,0.040436,2.5033,0.033569,0
-0.0082397,0.0019836,0.050507,2.0482,0.024719,0
-0.018463,0.00030518,0.044708,2.7309,0.012207,0
-0.021973,-0.0064087,0.027771,2.5033,-0.00061035,0
-0.021362,-0.014496,0.0038147,2.0482,-0.0088501,0
-0.02182,-0.018005,-0.018463,2.0482,-0.014954,0
-0.020752,-0.019836,-0.028839,1.8206,-0.016785,0
-0.018768,-0.020142,-0.033112,1.8206,-0.014343,0
-0.018311,-0.014496,-0.035248,2.2757,-0.011292,0
-0.016174,-0.0016785,-0.029602,2.0482,-0.0079346,0
-0.01236,0.0090027,-0.028381,2.5033,-0.0042725,0
-0.010529,0.013428,-0.038452,2.9584,0.0018311,0
-0.0088501,0.016022,-0.051117,2.7309,0.0057983,0
-0.010986,0.016327,-0.055542,2.2757,0.0091553,0
-0.016632,0.017548,-0.041199,2.7309,0.010376,0
-0.016022,0.026245,-0.016785,2.5033,0.010681,0
-0.0065613,0.037384,0.0035095,2.2757,0.013733,0
0.0027466,0.041656,0.017242,2.7309,0.018005,0
0.0083923,0.036011,0.028076,2.2757,0.023804,0
0.0054932,0.020142,0.022125,3.186,0.032959,0
0.0015259,-0.00076294,0.002594,2.5033,0.04303,0
-0.0016785,-0.013275,-0.00061035,3.186,0.052185,0
-0.0024414,-0.021973,0.010376,3.4135,0.058594,0
-0.0042725,-0.028229,0.0091553,2.9584,0.064697,0
-0.0065613,-0.02182,-0.00091553,3.186,0.065308,0
-0.0076294,-0.0083923,-0.0042725,2.9584,0.065308,0
-0.0091553,0.0038147,0.0015259,2.5033,0.065918,0
-0.014343,0.0091553,0.0090027,2.2757,0.066833,0
-0.015106,0.0048828,0.0033569,2.5033,0.068054,0
-0.004425,-0.0076294,-0.013733,1.8206,0.065308,0
0.016632,-0.018158,-0.022278,2.2757,0.063477,0
0.033569,-0.022888,-0.016479,2.5033,0.062561,0
0.0383,-0.023804,-0.010529,2.0482,0.062256,0
0.034332,-0.022583,-0.0093079,2.2757,0.062561,0
0.023193,-0.021362,-0.0099182,3.4135,0.065918,0
0.016022,-0.02243,-0.0054932,2.5033,0.069275,0
0.0068665,-0.026398,0.0056458,2.0482,0.075378,0
0.00015259,-0.028534,0.020294,2.7309,0.07782,0
0.0022888,-0.020142,0.03418,1.8206,0.079346,0
0.012207,-0.009613,0.030212,2.0482,0.07782,0
0.02182,-0.011597,0.00045776,1.8206,0.074768,0
0.026398,-0.013885,-0.010376,1.5931,0.070801,0
0.014954,-0.0085449,0.019684,2.2757,0.065613,0
-0.0012207,-0.0090027,0.045319,2.0482,0.062866,0
-0.0038147,-0.011444,0.050659,2.0482,0.061646,0
0.005188,-0.0088501,0.049286,1.8206,0.061951,0
0.014648,-0.0061035,0.047913,2.2757,0.063171,0
0.019531,-0.0080872,0.042572,2.2757,0.063782,0
0.014191,-0.010834,0.034485,1.8206,0.06134,0
0.010681,-0.010376,0.019073,2.7309,0.061035,0
0.016022,-0.0094604,0.0088501,2.7309,0.062561,0
0.031738,-0.0097656,0.019989,2.0482,0.072327,0
0.052032,-0.012207,0.043335,2.0482,0.087891,0
0.060425,-0.0054932,0.061951,2.2757,0.10345,0
0.049286,0.0064087,0.06958,2.5033,0.11322,0
0.03418,0.0099182,0.062561,2.2757,0.11078,0
0.018616,0.005188,0.048676,2.2757,0.1004,0
-0.00045776,0.004425,0.037689,2.0482,0.080261,0
-0.021515,0.0048828,0.034943,1.8206,0.057068,0
-0.036316,0,0.037079,3.186,0.028992,0
-0.046844,-0.0064087,0.035706,2.7309,0.00030518,0
-0.049438,-0.011597,0.033569,2.7309,-0.026245,0
-0.043793,-0.011749,0.040131,2.9584,-0.049438,0
-0.036469,-0.010834,0.052643,2.5033,-0.06134,0
-0.036011,-0.016632,0.049133,2.7309,-0.065918,0
-0.03418,-0.020294,0.029449,2.5033,-0.063171,0
-0.0354,-0.0076294,0.018005,2.7309,-0.058899,0
-0.034637,0.010071,0.021667,3.186,-0.053406,0
-0.019989,0.019531,0.034332,2.7309,-0.049438,0
-0.0013733,0.023651,0.050049,2.7309,-0.049744,0
-0.00015259,0.040131,0.054169,2.9584,-0.054932,0
-0.010834,0.065918,0.044098,2.7309,-0.06958,0
-0.014954,0.082245,0.040436,2.2757,-0.08667,0
-0.020905,0.078583,0.051117,2.5033,-0.10101,0
-0.019531,0.056458,0.063629,2.2757,-0.10742,0
-0.0079346,0.029755,0.052032,2.0482,-0.10284,0
0.0032043,0.015869,0.020905,2.5033,-0.091553,0
0.005188,0.01358,-0.00045776,2.0482,-0.072937,0
0.0030518,0.007019,-0.011292,1.3655,-0.054321,0
-0.00061035,-0.014496,-0.03006,2.5033,-0.037231,0
-0.007019,-0.043488,-0.057983,2.0482,-0.02533,0
-0.014496,-0.05661,-0.069733,2.2757,-0.01709,0
-0.021362,-0.052795,-0.043488,1.3655,-0.0091553,0
-0.02121,-0.041046,-0.011597,1.8206,-0.0027466,0
-0.017548,-0.023041,-0.012054,2.0482,0.0042725,0
-0.013885,-0.0071716,-0.035553,2.5033,0.0097656,0
-0.0038147,-0.0041199,-0.054169,2.2757,0.013428,0
0.010986,-0.010071,-0.049133,2.0482,0.018005,0
0.023041,-0.014954,-0.016632,1.8206,0.019226,0
0.020294,-0.014191,0.022278,2.5033,0.015564,0
0.013123,-0.010223,0.033722,2.2757,0.012512,0
0.010529,-0.013123,0.025177,2.9584,0.0097656,0
0.01358,-0.028687,0.024261,2.7309,0.0064087,0
0.020294,-0.046692,0.0048828,2.9584,0.0064087,0
0.021667,-0.044708,-0.033722,2.7309,0.0082397,0
0.017242,-0.013885,-0.032349,1.5931,0.012512,0
0.013275,0.021057,0.0090027,2.5033,0.01709,0
0.0088501,0.037842,0.037689,2.5033,0.022583,0
0.0039673,0.038605,0.038452,2.5033,0.025024,0
0.00091553,0.030518,0.029144,2.5033,0.02594,0
0.0010681,0.019531,0.016632,2.0482,0.025635,0
-0.0010681,0.016174,0.016937,2.2757,0.024719,0
-0.00076294,0.016022,0.03006,2.2757,0.02533,0
0.0019836,0.013733,0.034485,1.8206,0.026245,0
0.00045776,0.010071,0.011902,2.2757,0.028076,0
-0.0088501,0.0085449,-0.023041,2.9584,0.031433,0
-0.016632,0.005188,-0.028992,2.7309,0.032654,0
-0.011597,0.00061035,-0.0050354,2.7309,0.03418,0
0.010071,-0.00030518,0.011444,3.186,0.036926,0
0.023193,-0.00076294,0.0012207,3.186,0.044861,0
0.015106,-0.0022888,-0.024109,3.186,0.052185,0
0.0071716,-0.0035095,-0.041199,2.7309,0.058899,0
0.0091553,-0.00045776,-0.042267,1.8206,0.064392,0
0.01236,0.010986,-0.030518,2.0482,0.07019,0
0.010681,0.020294,-0.015106,2.0482,0.076599,0
0.0035095,0.021667,-0.0047302,2.2757,0.079651,0
-0.0099182,0.015717,-0.0033569,2.5033,0.083008,0
-0.016632,0.005188,-0.0038147,2.2757,0.081177,0
0.0041199,-0.0079346,-0.0039673,2.7309,0.070801,0
0.028229,-0.020447,-0.012817,2.2757,0.048218,0
0.028229,-0.032043,-0.033264,2.2757,0.018921,0
0.015259,-0.040894,-0.051575,2.5033,-0.0097656,0
0.0085449,-0.04425,-0.04303,2.0482,-0.031128,0
0.012512,-0.042877,-0.012054,2.0482,-0.042725,0
0.014648,-0.041351,0.013428,2.5033,-0.045471,0
0.0177,-0.041046,0.020905,1.8206,-0.039673,0
0.019836,-0.042267,0.010071,2.0482,-0.030212,0
0.018311,-0.036011,-0.0067139,2.2757,-0.018921,0
0.015717,-0.017395,-0.00076294,2.2757,-0.0097656,0
0.010071,0.00030518,0.016479,2.0482,-0.0015259,0
0.0028992,0.005188,0.028534,2.5033,0.0018311,0
-0.0027466,0.0019836,0.04776,2.5033,-0.0012207,0
-0.0097656,0.0010681,0.068054,2.5033,-0.0094604,0
-0.019226,0.0071716,0.06485,2.5033,-0.023804,0
-0.028076,0.010681,0.03952,2.5033,-0.038147,0
-0.027008,0.0088501,0.022888,2.0482,-0.050354,0
-0.021515,0.0071716,0.028839,2.9584,-0.058289,0
-0.01709,0.0012207,0.030365,2.9584,-0.061951,0
-0.010986,-0.012054,0.0097656,2.9584,-0.059509,0
-0.002594,-0.026703,-0.0080872,2.0482,-0.052185,0
0.0021362,-0.034485,-0.016327,2.5033,-0.041809,0
-0.00045776,-0.032959,-0.018158,1.8206,-0.032349,0
-0.009613,-0.027008,-0.010529,2.0482,-0.024719,0
-0.018768,-0.017548,0.002594,2.7309,-0.019226,0
-0.023346,-0.0090027,0.0088501,3.186,-0.014038,0
-0.026245,-0.0021362,0.010681,2.5033,-0.012512,0
-0.020752,0.0027466,0.017853,2.7309,-0.014343,0
-0.0067139,0.0015259,0.021057,2.5033,-0.021057,0
-0.0013733,-0.0053406,0.0016785,2.9584,-0.02655,0
-0.0079346,-0.0073242,-0.022888,2.0482,-0.020752,0
-0.014496,-0.0022888,-0.026703,3.186,0.00061035,0
-0.01709,-0.00061035,-0.021667,2.2757,0.033875,0
-0.014648,-0.0085449,-0.024872,2.2757,0.064392,0
-0.015106,-0.017395,-0.030975,2.7309,0.07782,0
-0.022736,-0.01709,-0.036926,1.8206,0.073242,0
-0.030518,-0.0097656,-0.042114,2.5033,0.056458,0
-0.024261,-0.0057983,-0.048523,1.5931,0.036316,0
-0.00091553,-0.0048828,-0.05127,1.8206,0.018616,0
0.014191,-0.0022888,-0.041962,1.3655,0.007019,0
0.0013733,-0.0021362,-0.033112,1.8206,-0.0015259,0
-0.015869,-0.0079346,-0.032501,2.0482,-0.0061035,0
-0.0090027,-0.01358,-0.037842,2.2757,-0.0076294,0
-0.0048828,-0.015717,-0.045471,2.0482,-0.0024414,0
0.002594,-0.015411,-0.047455,2.0482,0.012512,0
0.014191,-0.011292,-0.031738,2.0482,0.034485,0
0.021362,-0.0068665,-0.0062561,2.2757,0.059814,0
0.016174,-0.002594,0.007019,2.0482,0.084839,0
0.0053406,0.00015259,0.004425,2.5033,0.11078,0
-0.0050354,0,-0.007019,2.2757,0.13977,0
-0.0080872,-0.00030518,-0.017548,2.5033,0.16449,0
-0.0048828,0.002594,-0.018158,2.9584,0.17822,0
0.0012207,0.0067139,-0.014496,2.5033,0.17548,0
0.011444,0.011597,-0.0097656,2.2757,0.159,0
0.021362,0.01358,-0.0016785,2.0482,0.13245,0
0.027161,0.01358,-0.0039673,2.5033,0.098267,0
0.027313,0.015717,-0.02243,2.2757,0.065002,0
0.026703,0.02243,-0.043945,2.2757,0.039978,0
0.027924,0.027466,-0.050201,2.2757,0.02655,0
0.030212,0.032654,-0.045776,2.5033,0.027466,0
0.026398,0.034485,-0.042419,2.7309,0.037537,0
0.018463,0.029602,-0.034027,2.5033,0.047913,0
0.018463,0.022278,-0.020905,2.9584,0.049744,0
0.026245,0.016632,-0.014801,2.0482,0.040588,0
0.038605,0.01358,-0.016632,2.0482,0.019531,0
0.045776,0.013733,-0.017548,2.9584,-0.0042725,0
0.043335,0.011749,-0.013275,2.0482,-0.018921,0
0.037384,0.0053406,-0.0074768,2.2757,-0.022278,0
0.031433,-0.0030518,-0.0032043,2.5033,-0.014343,0
0.027618,-0.0067139,-0.0030518,2.2757,-0.0018311,0
0.023499,-0.0048828,-0.0028992,2.5033,0.014648,0
0.021667,-0.00076294,0.0041199,2.2757,0.032654,0
0.016479,0.00030518,0.015411,1.8206,0.054321,0
0.0027466,-0.0038147,0.020599,2.2757,0.075073,0
-0.014038,-0.0083923,0.021515,2.0482,0.087585,0
-0.02182,-0.0093079,0.022888,2.2757,0.093689,0
-0.012207,0.0033569,0.022736,2.0482,0.091553,0
0.013428,0.019226,0.011444,1.3655,0.088806,0
0.02655,0.02533,-0.0053406,1.8206,0.085754,0
0.020294,0.021057,-0.007019,2.0482,0.084229,0
0.0082397,0.013885,0.0045776,2.0482,0.083618,0
0.00015259,0.012512,0.018005,1.1379,0.081787,0
-0.0071716,0.0085449,0.019684,2.0482,0.078125,0
-0.016022,0.002594,0.0076294,1.5931,0.072327,0
-0.021973,0,0.0027466,2.2757,0.063477,0
-0.022888,0.0012207,0.016479,2.5033,0.053711,0
-0.016632,0.0048828,0.037231,1.8206,0.046692,0
-0.014191,0.0062561,0.053101,1.8206,0.040894,0
-0.016174,0.005188,0.056763,1.8206,0.035095,0
-0.023041,0.0013733,0.051117,1.5931,0.031128,0
-0.026703,-0.0030518,0.040436,1.5931,0.028381,0
-0.027466,-0.0054932,0.02533,2.0482,0.027161,0
-0.027466,-0.0047302,0.013428,2.5033,0.030823,0
-0.024109,-0.0053406,0.014496,2.2757,0.038757,0
-0.020142,-0.0088501,0.026855,2.0482,0.048218,0
-0.015106,-0.0099182,0.039368,2.7309,0.06073,0
-0.012054,-0.0091553,0.045319,2.7309,0.075684,0
-0.010529,-0.0071716,0.053406,2.0482,0.083313,0
-0.0090027,-0.0012207,0.064392,1.8206,0.081177,0
-0.0080872,0.0050354,0.075378,2.0482,0.074768,0
-0.010681,0.0074768,0.089111,2.5033,0.071411,0
-0.01358,0.0079346,0.10254,2.0482,0.076599,0
-0.010529,0.0083923,0.1091,2.5033,0.08606,0
-0.0019836,0.0086975,0.099335,2.5033,0.09491,0
0.01297,0.010223,0.080109,2.2757,0.10101,0
0.023956,0.007782,0.069427,2.7309,0.10284,0
0.024872,0.00030518,0.076141,2.2757,0.10559,0
0.02121,-0.0047302,0.085144,2.2757,0.11688,0
0.01358,-0.0085449,0.080566,3.4135,0.14221,0
0.0012207,-0.01358,0.056152,3.186,0.17609,0
-0.0093079,-0.022583,0.013275,2.9584,0.20721,0
-0.00091553,-0.021362,-0.00091553,2.0482,0.22156,0
0.011139,-0.011902,0.03006,2.0482,0.21881,0
0.022583,-0.014191,0.053253,2.2757,0.2063,0
0.023346,-0.023956,0.045166,1.5931,0.18921,0
0.014648,-0.023041,0.03479,1.8206,0.17883,0
0.0056458,-0.0097656,0.041962,2.5033,0.17517,0
0.0013733,-0.0010681,0.051575,2.0482,0.17365,0
-0.00015259,0.0010681,0.054779,1.8206,0.16907,0
0.0010681,0.00091553,0.056763,2.2757,0.15808,0
0.0059509,-0.00015259,0.051422,2.2757,0.14435,0
0.007019,0.0018311,0.0383,2.2757,0.13519,0
0.0053406,0.0054932,0.039673,2.5033,0.12878,0
0.0028992,0.0016785,0.064087,1.8206,0.12085,0
-0.0024414,-0.0024414,0.079956,1.1379,0.10681,0
-0.0093079,0.0062561,0.074158,1.3655,0.083923,0
-0.018311,0.013885,0.065613,1.8206,0.058899,0
-0.021667,0.0062561,0.055084,1.8206,0.042114,0
-0.017853,-0.0024414,0.03952,2.2757,0.045471,0
-0.016174,0.0021362,0.034637,2.0482,0.064087,0
-0.015259,0.016479,0.039978,2.5033,0.091858,0
-0.013275,0.023346,0.040436,2.2757,0.11841,0
-0.0083923,0.026398,0.036926,1.5931,0.13123,0
-0.00015259,0.031433,0.036774,2.0482,0.12878,0
0.004425,0.033417,0.038757,2.2757,0.11536,0
0.0048828,0.032349,0.048065,2.5033,0.099792,0
0.0015259,0.027618,0.061035,2.2757,0.089111,0
-0.0016785,0.024719,0.064392,2.2757,0.08667,0
-0.010223,0.023193,0.056305,2.9584,0.091858,0
-0.017395,0.015717,0.043945,2.9584,0.10681,0
-0.018005,0.00030518,0.027924,2.7309,0.12848,0
-0.010376,-0.016479,0.0079346,2.5033,0.15442,0
0.0083923,-0.028229,-0.0094604,2.2757,0.1767,0
0.022125,-0.031128,-0.016327,2.7309,0.18402,0
0.017395,-0.025787,-0.014038,3.186,0.17242,0
0.0054932,-0.018311,-0.0038147,2.7309,0.14709,0
-0.0021362,-0.011902,0.0019836,2.9584,0.11566,0
0.0015259,-0.0047302,0.0015259,2.7309,0.085754,0
0.014801,-0.00045776,-0.0016785,2.7309,0.064087,0
0.016022,-0.0041199,-0.0056458,2.0482,0.06073,0
0.012054,-0.011292,-0.0062561,2.2757,0.072021,0
0.0097656,-0.014496,-0.0039673,3.4135,0.084839,0
0.0094604,-0.013275,0.00076294,1.5931,0.091553,0
0.010529,-0.009613,0.0035095,2.2757,0.088806,0
0.0071716,-0.0082397,0.0083923,1.8206,0.079041,0
0.00076294,-0.0085449,0.013428,2.5033,0.071411,0
0.00061035,-0.0080872,0.011292,1.8206,0.067139,0
0.0048828,-0.0028992,-0.0012207,2.0482,0.071106,0
0.018005,0.00061035,-0.016937,2.2757,0.079041,0
0.031128,-0.00076294,-0.027618,1.8206,0.087891,0
0.021362,-0.0035095,-0.026855,2.2757,0.094299,0
0.013733,-0.0024414,-0.0071716,2.2757,0.096436,0
0.013275,0.0010681,0.013428,2.0482,0.085449,0
0.015106,0.00076294,0.010834,2.0482,0.066223,0
0.011597,-0.0028992,-0.010834,2.5033,0.048523,0
0.0071716,-0.0065613,-0.023804,2.7309,0.02533,0
0.0074768,-0.0097656,-0.024414,2.2757,-0.0085449,0
0.0073242,-0.014801,-0.034485,2.9584,-0.040283,0
0.0067139,-0.021515,-0.052643,2.5033,-0.050049,0
0.0091553,-0.017853,-0.049286,0.91037,-0.03479,0
0.0082397,-0.0036621,-0.021057,1.8206,-0.010986,0
0.0028992,0.0016785,0.0039673,1.5931,0,0
-0.0030518,-0.0039673,0.020752,1.1379,-0.010376,0
-0.0068665,-0.0042725,0.043335,2.0482,-0.035095,0
-0.0091553,0.012512,0.0737,2.0482,-0.054321,0
-0.0091553,0.028381,0.088348,2.2757,-0.052185,0
-0.011292,0.019989,0.0737,2.0482,-0.030212,0
-0.018005,-0.004425,0.046692,2.7309,0.00061035,0
-0.026245,-0.014648,0.028839,2.2757,0.02594,0
-0.027161,-0.0054932,0.021057,3.4135,0.033264,0
-0.01709,0.0013733,0.011902,2.7309,0.021057,0
-0.0059509,0.0019836,0.00091553,2.9584,-0.0073242,0
0.0027466,0.0038147,0.002594,2.5033,-0.04364,0
0.0057983,0.0022888,0.018158,2.7309,-0.068054,0
0.0035095,-0.0024414,0.026093,3.186,-0.073242,0
0.0024414,-0.0094604,0.012207,2.2757,-0.053406,0
0.0062561,-0.016632,-0.018311,2.7309,-0.015259,0
0.011139,-0.018768,-0.040283,2.2757,0.027466,0
0.012207,-0.014038,-0.041199,3.186,0.06012,0
0.013275,-0.0085449,-0.033417,3.4135,0.075989,0
0.015411,-0.0045776,-0.024261,2.2757,0.089111,0
0.01297,-0.0053406,-0.020599,2.5033,0.1123,0
0.0093079,-0.004425,-0.027466,2.5033,0.14557,0
0.012207,-0.0024414,-0.037079,2.2757,0.17059,0
0.02243,-0.0016785,-0.042877,1.8206,0.16235,0
0.026245,-0.0018311,-0.048065,2.5033,0.11536,0
0.024872,0,-0.050812,1.8206,0.047302,0
0.016785,0.0035095,-0.050354,2.0482,-0.021973,0
0.0099182,0.0061035,-0.051727,2.5033,-0.075378,0
0.0056458,0.0076294,-0.054474,2.0482,-0.11078,0
0.0028992,0.0073242,-0.051727,2.2757,-0.13397,0
0.0019836,0.0048828,-0.043793,2.0482,-0.15198,0
-0.00091553,0.0013733,-0.043793,2.0482,-0.16357,0
-0.0086975,-0.0010681,-0.049591,1.8206,-0.16357,0
-0.017853,0.00030518,-0.054321,1.8206,-0.15076,0
-0.027618,0.0013733,-0.054474,1.8206,-0.12909,0
-0.034485,0.00045776,-0.04715,2.2757,-0.1062,0
-0.035248,-0.0021362,-0.039825,2.0482,-0.088501,0
-0.033264,-0.0056458,-0.040588,2.7309,-0.081177,0
-0.020599,-0.012207,-0.043182,2.2757,-0.079956,0
-0.010071,-0.018311,-0.048218,2.0482,-0.077515,0
-0.0032043,-0.020294,-0.06134,2.2757,-0.067139,0
-0.0019836,-0.018311,-0.072327,2.5033,-0.050354,0
-0.0071716,-0.016785,-0.066681,2.0482,-0.030212,0
-0.011139,-0.015564,-0.049744,2.2757,-0.013123,0
-0.009613,-0.015411,-0.036926,2.2757,-0.0057983,0
-0.009613,-0.016785,-0.040131,2.5033,-0.0061035,0
-0.0099182,-0.017395,-0.053864,2.2757,-0.011292,0
-0.010376,-0.016479,-0.059967,2.5033,-0.017395,0
-0.013428,-0.014496,-0.05249,2.5033,-0.018005,0
-0.018005,-0.0091553,-0.042419,1.8206,-0.014954,0
-0.023956,-0.0015259,-0.034637,2.2757,-0.0088501,0
-0.019226,0.0057983,-0.02655,2.2757,-0.0073242,0
-0.0082397,0.009613,-0.020142,0.91037,-0.010071,0
0.0016785,0.013885,-0.021973,1.8206,-0.021667,0
0.0024414,0.018921,-0.035858,2.5033,-0.04303,0
-0.0019836,0.022278,-0.049744,2.5033,-0.065002,0
-0.0016785,0.023651,-0.029144,2.5033,-0.083313,0
0.007782,0.027771,0.005188,1.8206,-0.09613,0
0.018616,0.037842,0.013123,1.8206,-0.10651,0
0.018005,0.045319,0.00015259,1.8206,-0.11017,0
0.0083923,0.045166,-0.0054932,1.3655,-0.11078,0
0.0032043,0.038452,-0.0030518,1.8206,-0.10712,0
-0.0012207,0.027008,-0.0047302,2.0482,-0.1059,0
-0.0067139,0.018005,-0.011597,1.5931,-0.10406,0
-0.00045776,0.01358,-0.015259,2.2757,-0.096741,0
0.014801,0.010986,-0.0094604,2.0482,-0.083923,0
0.018921,0.0056458,0.0018311,1.5931,-0.065613,0
0.014954,0.00061035,0.0080872,2.2757,-0.046692,0
0.010376,0.0013733,0.0083923,2.0482,-0.02655,0
0.0033569,0.0033569,0.0062561,1.8206,-0.00091553,0
-0.0041199,0.004425,0.0024414,2.0482,0.028992,0
-0.0097656,0.0053406,-0.0018311,2.2757,0.062256,0
-0.0093079,0.0054932,0.00015259,2.0482,0.086365,0
-0.0068665,0.0045776,0.0022888,1.8206,0.096741,0
-0.0074768,0.0016785,-0.0062561,2.0482,0.089111,0
-0.013275,-0.0027466,-0.021057,2.5033,0.069885,0
-0.0080872,-0.0030518,-0.028534,2.0482,0.046082,0
-0.0062561,0.002594,-0.023346,2.2757,0.027161,0
-0.020142,0.0076294,-0.0019836,2.2757,0.012207,0
-0.031738,0.014038,0.032196,1.8206,0.00091553,0
-0.025787,0.02182,0.067291,1.5931,-0.0073242,0
-0.011444,0.023499,0.085449,1.8206,-0.016785,0
-0.0090027,0.017242,0.075684,1.3655,-0.027771,0
-0.011139,0.0093079,0.054169,2.0482,-0.039673,0
-0.012817,0.0015259,0.036774,2.7309,-0.047913,0
-0.014191,-0.0048828,0.024414,2.0482,-0.05249,0
-0.019379,-0.010223,0.013885,2.2757,-0.050964,0
-0.020294,-0.013123,0.0062561,1.8206,-0.042725,0
-0.012512,-0.013123,0.0027466,2.0482,-0.032654,0
0.00015259,-0.0059509,0.0085449,2.2757,-0.021667,0
0.0033569,0.0016785,0.020905,2.5033,-0.0097656,0
-0.0030518,0.0053406,0.031433,2.0482,0.0033569,0
-0.0085449,0.004425,0.037079,2.0482,0.025635,0
-0.014191,0.00061035,0.032196,2.2757,0.057068,0
-0.012665,-0.0047302,0.013275,2.2757,0.097656,0
-0.0062561,-0.0059509,-0.007782,2.7309,0.13916,0
0.0012207,-0.0038147,-0.015564,2.7309,0.16785,0
0.014191,-0.0019836,-0.0083923,2.2757,0.18311,0
0.022736,-0.0018311,-0.0019836,2.2757,0.18982,0
0.029907,0.0010681,-0.0053406,1.8206,0.19226,0
0.028381,0.0042725,-0.010681,2.2757,0.18982,0
0.020905,0.0016785,-0.0045776,2.2757,0.18433,0
0.017242,-0.0035095,0.017395,2.2757,0.17303,0
0.016174,-0.004425,0.042725,2.2757,0.15778,0
0.0086975,-0.0012207,0.053253,1.8206,0.14496,0
0.0012207,-0.0013733,0.047302,1.8206,0.13611,0
-0.0035095,-0.0061035,0.037079,2.2757,0.13092,0
-0.00045776,-0.010071,0.027008,2.7309,0.12756,0
0.0053406,-0.009613,0.016632,2.0482,0.12482,0
0.0027466,-0.0064087,0.010834,2.2757,0.12024,0
-0.00091553,-0.0056458,0.019836,1.8206,0.11292,0
-0.00076294,-0.0071716,0.031738,1.8206,0.10193,0
0.0056458,-0.0091553,0.034332,1.3655,0.091553,0
0.019836,-0.012665,0.025024,1.5931,0.085754,0
0.023651,-0.019531,0.012512,2.5033,0.088501,0
0.016632,-0.023651,0.0082397,2.5033,0.10193,0
0.011292,-0.02121,0.01358,1.5931,0.12177,0
0.0064087,-0.014496,0.016022,2.0482,0.14252,0
0.0018311,-0.010223,0.0086975,1.5931,0.15381,0
0.0013733,-0.012817,-0.0018311,1.5931,0.15533,0
0.0048828,-0.01709,-0.0045776,2.0482,0.14832,0
0.010681,-0.016785,-0.00076294,1.5931,0.14282,0
0.016785,-0.011749,-0.00091553,1.8206,0.13947,0
0.02594,-0.0041199,-0.0099182,1.8206,0.13519,0
0.032959,0.0024414,-0.014648,2.7309,0.13153,0
0.029144,0.0042725,-0.010071,2.2757,0.12329,0
0.015106,0.0035095,-0.0085449,3.186,0.11169,0
0.00091553,0.0041199,-0.016022,2.9584,0.098572,0
-0.01358,0.007019,-0.01709,2.7309,0.090637,0
-0.024719,0.011292,-0.0085449,2.2757,0.087891,0
-0.027466,0.014496,-0.0028992,2.0482,0.091248,0
-0.024872,0.015564,-0.0064087,2.2757,0.097351,0
-0.020905,0.010834,-0.015259,2.7309,0.097046,0
-0.011139,0.0059509,-0.014191,3.186,0.087891,0
0.0033569,0.0091553,0.0015259,2.9584,0.076294,0
0.010223,0.014496,0.013885,1.8206,0.062866,0
0.0099182,0.01236,0.0090027,1.5931,0.050659,0
0.012665,0.0062561,-0.010223,2.2757,0.043945,0
0.016327,0.0018311,-0.02533,2.7309,0.049744,0
0.018463,0.0016785,-0.024567,2.2757,0.06897,0
0.020599,0.0035095,-0.015259,1.8206,0.089722,0
0.023651,0.0033569,-0.011292,2.5033,0.10376,0
0.023041,0.0015259,-0.0090027,2.2757,0.11261,0
0.016022,-0.0022888,-0.0038147,2.0482,0.11139,0
0.009613,-0.0054932,0.0012207,2.2757,0.096741,0
0.0057983,-0.0047302,0.0035095,2.0482,0.074768,0
0.0041199,-0.0016785,0.0097656,2.5033,0.047913,0
0.004425,-0.0024414,0.02533,2.9584,0.019836,0
0.0028992,-0.0083923,0.030975,2.2757,-0.0079346,0
0.0019836,-0.0099182,0.018921,1.8206,-0.032043,0
0.0032043,-0.0068665,0.007782,1.3655,-0.053711,0
0.0015259,-0.0036621,0.0074768,2.2757,-0.068359,0
0,-0.0027466,0.012054,1.8206,-0.076904,0
0.00076294,-0.0030518,0.021057,2.2757,-0.07019,0
-0.0018311,-0.0038147,0.028381,2.2757,-0.037537,0
-0.011597,-0.0056458,0.022278,1.8206,0.027771,0
-0.020294,-0.0064087,0.0091553,1.8206,0.10406,0
-0.018005,-0.0067139,-0.002594,2.0482,0.15564,0
-0.010223,-0.0054932,-0.014801,1.8206,0.15961,0
-0.0080872,-0.004425,-0.023346,2.2757,0.11658,0
-0.012207,-0.0054932,-0.027618,2.0482,0.048218,0
-0.020752,-0.0053406,-0.026855,2.2757,-0.022278,0
-0.02655,-0.004425,-0.018158,2.2757,-0.079956,0
-0.02655,-0.0048828,-0.007019,2.2757,-0.12573,0
-0.027161,-0.004425,0.0015259,2.5033,-0.16449,0
-0.03006,-0.0024414,0.0064087,1.8206,-0.2002,0
-0.028229,-0.0019836,0.009613,2.2757,-0.22583,0
-0.015717,0.00015259,0.018768,1.8206,-0.2417,0
0.0053406,0.0062561,0.036316,2.0482,-0.24384,0
0.018311,0.01236,0.051575,2.7309,-0.23163,0
0.019226,0.015717,0.059509,2.0482,-0.20416,0
0.029602,0.0177,0.061646,3.186,-0.16846,0
0.045624,0.016022,0.05722,2.7309,-0.14069,0
0.047455,0.012512,0.049744,2.7309,-0.13397,0
0.036163,0.0097656,0.04715,2.7309,-0.14984,0
0.027466,0.0083923,0.045776,2.7309,-0.17059,0
0.022736,0.0073242,0.040588,1.8206,-0.18829,0
0.01709,0.0012207,0.027161,2.5033,-0.19623,0
0.0073242,-0.0067139,0.010376,2.5033,-0.19043,0
-0.002594,-0.010529,-0.00061035,2.5033,-0.17731,0
-0.007019,-0.011597,0.0010681,2.9584,-0.16052,0
-0.0094604,-0.012665,0.013123,2.5033,-0.14282,0
-0.011749,-0.012665,0.022736,2.0482,-0.12665,0
-0.011444,-0.011749,0.018311,2.2757,-0.10651,0
-0.016327,-0.0094604,0.004425,1.5931,-0.082703,0
-0.016632,-0.0065613,-0.010071,2.5033,-0.056152,0
-0.012512,-0.0056458,-0.021515,2.0482,-0.033875,0
-0.0090027,-0.0090027,-0.020905,1.8206,-0.026245,0
-0.0038147,-0.011749,-0.011749,2.0482,-0.033264,0
-0.0027466,-0.010071,-0.011444,2.0482,-0.046082,0
-0.0038147,-0.0053406,-0.015564,1.5931,-0.054321,0
-0.0019836,-0.00030518,-0.0053406,1.1379,-0.049438,0
0.00076294,-0.00030518,0.0056458,2.2757,-0.037231,0
0.0050354,-0.0057983,0.0024414,1.8206,-0.021057,0
0.007782,-0.011292,0.0015259,1.1379,-0.013428,0
0.0076294,-0.0094604,0.0086975,2.0482,-0.013428,0
0.011597,-0.0068665,0.010681,2.2757,-0.018616,0
0.016022,-0.0053406,0.016174,2.9584,-0.024414,0
0.014191,-0.0033569,0.028992,2.5033,-0.021362,0
0.0074768,0.00076294,0.041962,2.2757,-0.011902,0
0.0035095,0.0073242,0.046539,1.8206,-0.00030518,0
-0.00061035,0.011444,0.047302,1.8206,0.010681,0
-0.0010681,0.0099182,0.047455,1.8206,0.015869,0
0.00076294,0.0015259,0.036926,2.0482,0.012817,0
0.0013733,-0.0065613,0.020447,2.7309,0.0048828,0
-0.0099182,-0.0086975,0.016632,2.2757,-0.005188,0
-0.021515,-0.0033569,0.019531,2.9584,-0.0088501,0
-0.020294,0.002594,0.012054,2.5033,-0.007019,0
-0.01236,0.0073242,0.00015259,2.2757,0.00091553,0
-0.0042725,0.010986,-0.0088501,2.7309,0.0057983,0
-0.0039673,0.0094604,-0.014648,2.7309,0.005188,0
-0.0085449,0.0056458,-0.016327,2.7309,-0.0030518,0
0.0015259,0.0041199,-0.017548,3.186,-0.015869,0
0.017242,0.0041199,-0.025024,1.8206,-0.031738,0
0.021515,0.0033569,-0.03479,2.7309,-0.044861,0
0.01297,0.0059509,-0.036469,2.5033,-0.056458,0
0.0064087,0.0082397,-0.028992,2.9584,-0.062256,0
0.004425,0.0071716,-0.021667,2.7309,-0.065613,0
0.007019,0.0067139,-0.018463,2.0482,-0.068359,0
0.0057983,0.0059509,-0.01709,2.2757,-0.068665,0
0.0028992,0.0010681,-0.01358,2.5033,-0.066223,0
-0.0038147,-0.0038147,-0.0035095,2.7309,-0.059509,0
-0.0071716,-0.0022888,0.013123,2.0482,-0.048523,0
-0.005188,0.0016785,0.024872,1.1379,-0.036011,0
-0.0015259,0.0030518,0.028381,0.91037,-0.025635,0
0.0035095,0.0028992,0.028992,1.8206,-0.012817,0
0.0047302,0.0032043,0.028839,2.0482,-0.0024414,0
0.00015259,0.0028992,0.028839,2.7309,0.0076294,0
-0.0054932,0.0032043,0.028687,2.9584,0.019836,0
-0.011902,0.0032043,0.028839,2.7309,0.032959,0
-0.016022,0.0028992,0.028839,2.5033,0.046082,0
-0.015717,0.0028992,0.028687,2.2757,0.056152,0
-0.014038,0.0028992,0.028992,2.2757,0.06134,0
-0.017548,0.0032043,0.028992,1.5931,0.061035,0
-0.021362,0.0030518,0.028839,1.8206,0.063477,0
-0.022278,0.002594,0.028992,2.0482,0.065918,0
-0.018005,0.0028992,0.028534,2.0482,0.073242,0
-0.010986,0.0028992,0.028839,2.2757,0.080872,0
-0.0054932,0.0032043,0.028687,2.5033,0.087585,0
-0.0015259,0.0019836,0.012817,2.2757,0.092163,0
-0.00045776,0.0018311,-0.00045776,2.7309,0.09552,0
0.0024414,0.0028992,0.010223,2.2757,0.097046,0
0.011139,0.0039673,0.032654,2.7309,0.1001,0
0.019684,0.0061035,0.050049,2.5033,0.10345,0
0.017242,0.0057983,0.052795,2.5033,0.1059,0
0.0088501,0.0018311,0.046997,2.9584,0.1062,0
0.0022888,0.00091553,0.039215,1.8206,0.10834,0
-0.00015259,0.0015259,0.023956,2.0482,0.11078,0
-0.00061035,-0.00076294,0.0019836,2.7309,0.11597,0
-0.0035095,-0.0038147,-0.015259,2.5033,0.12329,0
-0.0064087,-0.0036621,-0.016479,2.7309,0.13123,0
-0.0091553,0.00045776,-0.0050354,2.0482,0.13794,0
-0.010529,0.0010681,0.0085449,2.5033,0.14343,0
-0.015869,-0.0045776,0.014648,2.7309,0.14648,0
-0.013123,-0.0094604,0.0068665,2.9584,0.14557,0
-0.0064087,-0.013428,-0.0065613,2.5033,0.14679,0
0.0038147,-0.016632,-0.012665,2.5033,0.14801,0
0.016785,-0.017548,-0.0057983,2.5033,0.15228,0
0.019379,-0.011749,0.012512,2.2757,0.15961,0
0.010376,-0.0045776,0.025482,2.9584,0.16937,0
0.0010681,-0.0015259,0.023041,2.0482,0.17792,0
-0.00045776,-0.0016785,0.014648,1.8206,0.18677,0
0.0068665,-0.004425,0.009613,2.5033,0.19287,0
0.014648,-0.0050354,0.010376,2.2757,0.19562,0
0.018463,0.0010681,0.021362,2.2757,0.2002,0
0.022125,0.010376,0.037994,2.5033,0.20355,0
0.023651,0.011597,0.047607,2.2757,0.20782,0
0.025482,0.0035095,0.039825,2.2757,0.21484,0
0.030823,-0.0041199,0.02243,1.8206,0.22034,0
0.032654,-0.002594,0.016327,1.8206,0.22583,0
0.03067,0.0012207,0.021515,1.8206,0.22797,0
0.023041,0.0012207,0.019531,2.0482,0.22247,0
0.013733,-0.0027466,0.0054932,1.8206,0.21606,0
0.010223,-0.0028992,-0.0080872,2.2757,0.20966,0
0.015106,-0.0022888,-0.014343,2.5033,0.20416,0
0.02121,-0.0042725,-0.020142,2.7309,0.20172,0
0.023041,-0.0059509,-0.029144,2.2757,0.20355,0
0.016022,-0.0057983,-0.038605,2.2757,0.20142,0
0.0039673,-0.0041199,-0.038757,2.2757,0.19653,0
-0.0028992,-0.0032043,-0.031433,2.2757,0.1889,0
-0.00061035,-0.0027466,-0.029449,2.0482,0.1828,0
0.0010681,-0.0018311,-0.030518,2.2757,0.17548,0
0.00030518,0.0018311,-0.024719,1.8206,0.16876,0
0.0012207,0.0057983,-0.012207,1.8206,0.16022,0
0.0013733,0.0099182,0.0018311,2.2757,0.15228,0
-0.0039673,0.010223,0.012207,2.2757,0.14465,0
-0.010376,0.0068665,0.011139,2.5033,0.13763,0
-0.018311,0.0027466,0.00091553,2.5033,0.13275,0
-0.023499,0.0028992,-0.011139,2.0482,0.12878,0
-0.023193,0.0086975,-0.013275,2.5033,0.12238,0
-0.021362,0.014801,-0.0021362,2.9584,0.11536,0
-0.014648,0.016174,0.010834,2.5033,0.10773,0
-0.012817,0.015717,0.0097656,2.2757,0.10071,0
-0.011444,0.013275,-0.0047302,1.8206,0.094604,0
-0.012207,0.0071716,-0.022736,2.2757,0.089111,0
-0.015564,0.0038147,-0.047913,2.2757,0.082092,0
-0.017395,0.0027466,-0.083008,2.5033,0.076294,0
-0.019226,-0.00076294,-0.1123,2.7309,0.072937,0
-0.017242,-0.002594,-0.12909,2.0482,0.074158,0
-0.016785,-0.0019836,-0.14221,1.5931,0.080566,0
-0.017548,-0.00076294,-0.14725,2.2757,0.090942,0
-0.019073,-0.0015259,-0.14969,2.5033,0.10101,0
-0.016937,-0.0024414,-0.15686,2.0482,0.10651,0
-0.010834,-0.0010681,-0.16754,2.9584,0.10925,0
-0.007019,0.0013733,-0.18341,1.5931,0.10864,0
-0.0036621,0.0045776,-0.19806,1.5931,0.10559,0
-0.0027466,0.0088501,-0.20096,2.2757,0.10468,0
0.0028992,0.014191,-0.19928,2.0482,0.10101,0
0.0042725,0.016022,-0.21255,2.2757,0.09491,0
0.0013733,0.013733,-0.24368,2.0482,0.080566,0
-0.0032043,0.012207,-0.27435,1.8206,0.06012,0
-0.0080872,0.011597,-0.28458,2.0482,0.036621,0
-0.015717,0.011292,-0.27939,2.2757,0.012817,0
-0.014496,0.012512,-0.27878,2.0482,-0.0033569,0
-0.0024414,0.010986,-0.28641,2.2757,-0.013733,0
0.020142,0.011749,-0.30212,1.5931,-0.020142,0
0.032349,0.01358,-0.32059,2.0482,-0.023499,0
0.028381,0.011444,-0.33844,2.0482,-0.025635,0
0.023804,0.0048828,-0.36346,2.2757,-0.025635,0
0.023651,-0.0028992,-0.39383,2.5033,-0.024414,0
0.025024,-0.0097656,-0.41992,1.8206,-0.023499,0
0.027466,-0.014343,-0.439,2.0482,-0.020447,0
0.032501,-0.017242,-0.45471,2.5033,-0.015564,0
0.029755,-0.017548,-0.46967,2.0482,-0.0094604,0
0.027313,-0.0177,-0.47852,2.5033,-0.0033569,0
0.027618,-0.018463,-0.47852,2.0482,0.0033569,0
0.030212,-0.020447,-0.47836,2.5033,0.013733,0
0.030975,-0.024109,-0.48035,2.0482,0.026855,0
0.031128,-0.026093,-0.48157,2.5033,0.038147,0
0.02655,-0.02594,-0.48096,2.2757,0.04425,0
0.016937,-0.02243,-0.47211,2.7309,0.049438,0
0.0038147,-0.016785,-0.45731,2.5033,0.056763,0
-0.0032043,-0.013275,-0.4454,2.7309,0.065002,0
-0.0079346,-0.011597,-0.43076,2.7309,0.074158,0
-0.0067139,-0.011292,-0.40405,2.5033,0.07782,0
-0.0059509,-0.010376,-0.35812,2.5033,0.075684,0
-0.0064087,-0.0073242,-0.29617,2.0482,0.068359,0
-0.0015259,-0.0028992,-0.23178,2.9584,0.059814,0
0.011292,0.0010681,-0.16556,2.9584,0.052185,0
0.015869,0.0028992,-0.09079,3.4135,0.051575,0
0.012054,0.005188,-0.010681,2.9584,0.052795,0
0.0036621,0.0071716,0.065308,2.7309,0.046692,0
-0.0042725,0.0053406,0.14114,2.7309,0.029602,0
-0.010376,-0.00030518,0.21851,2.2757,0.0079346,0
-0.014648,-0.0054932,0.28473,2.2757,-0.011597,0
-0.015411,-0.0083923,0.34912,2.7309,-0.026855,0
-0.009613,-0.0090027,0.43152,2.7309,-0.036926,0
-0.0033569,-0.0062561,0.52765,2.0482,-0.041809,0
-0.0086975,0.00030518,0.61218,2.7309,-0.043945,0
-0.019073,0.0042725,0.67429,2.5033,-0.043945,0
-0.025635,0.0038147,0.71838,1.5931,-0.039673,0
-0.030212,-0.0035095,0.74631,2.0482,-0.032959,0
-0.028839,-0.011749,0.77957,1.5931,-0.027161,0
-0.023346,-0.011292,0.8371,2.0482,-0.029297,0
-0.010223,-0.0050354,0.90424,2.0482,-0.038757,0
0.0015259,0.0028992,0.96436,1.5931,-0.049438,0
0.011749,0.0079346,1.0136,2.0482,-0.060425,0
0.012665,0.0073242,1.0492,1.8206,-0.067749,0
0.0074768,0.0057983,1.0744,1.3655,-0.072937,0
-0.00091553,0.0065613,1.0994,2.2757,-0.077515,0
-0.0073242,0.0074768,1.1282,2.5033,-0.084534,0
-0.011444,0.0079346,1.1462,2.5033,-0.093994,0
-0.010986,0.0068665,1.1543,2.7309,-0.10468,0
-0.007782,0.0076294,1.1662,2.9584,-0.10895,0
-0.0041199,0.012512,1.1771,2.9584,-0.10986,0
-0.0015259,0.017395,1.1751,2.0482,-0.10406,0
-0.0021362,0.019836,1.1626,1.8206,-0.091553,0
-0.0039673,0.022278,1.1404,2.2757,-0.073242,0
-0.0019836,0.022583,1.1069,2.0482,-0.053406,0
0.00015259,0.020142,1.0631,2.5033,-0.035095,0
-0.004425,0.020142,1.0152,2.2757,-0.024109,0
-0.0097656,0.021057,0.97321,1.5931,-0.018616,0
-0.013123,0.019379,0.93185,2.2757,-0.015259,0
0.0012207,0.015259,0.87418,2.5033,-0.0097656,0
0.017548,0.0097656,0.79666,2.0482,-0.0021362,0
0.017853,0.0041199,0.71243,2.7309,0.010986,0
0.016785,0.0033569,0.63232,3.186,0.024719,0
0.020905,0.0039673,0.55206,2.9584,0.036316,0
0.023041,-0.0015259,0.47195,2.2757,0.048828,0
0.016479,-0.0062561,0.40298,1.3655,0.059814,0
0.0099182,-0.0086975,0.34271,2.0482,0.068359,0
0.0056458,-0.01297,0.27756,2.9584,0.073242,0
0.0041199,-0.016632,0.2063,2.7309,0.076599,0
0.0012207,-0.016632,0.13306,2.5033,0.077209,0
-0.0042725,-0.01297,0.065155,2.2757,0.077209,0
-0.0068665,-0.0097656,0.012665,2.0482,0.074768,0
-0.0062561,-0.010071,-0.030823,2.5033,0.07782,0
-0.0010681,-0.01297,-0.075684,2.2757,0.089417,0
0.0042725,-0.012665,-0.12283,2.2757,0.1062,0
0.0045776,-0.010834,-0.16891,2.2757,0.11353,0
0.0018311,-0.011139,-0.2095,2.7309,0.10864,0
0.007019,-0.010223,-0.24292,1.3655,0.16693,0
0.0086975,-0.0080872,-0.27344,2.0482,0.39429,0
0.0064087,-0.0068665,-0.30258,2.0482,0.755,0
0.0061035,-0.0054932,-0.33859,3.186,1.0779,0
0.0065613,-0.0073242,-0.38544,2.2757,1.2128,0
0.005188,-0.011902,-0.43671,2.2757,1.1252,0
0.0047302,-0.01358,-0.4808,2.7309,0.89203,0
0.0059509,-0.010376,-0.51041,2.7309,0.62744,0
0.0045776,-0.0093079,-0.52979,2.2757,0.39825,0
0.0018311,-0.0088501,-0.53894,1.1379,0.21271,0
0.0013733,-0.0073242,-0.53513,1.8206,0.04425,0
0.0013733,-0.007782,-0.52444,2.0482,-0.1239,0
-0.004425,-0.0085449,-0.51971,2.2757,-0.28503,0
-0.011902,-0.0059509,-0.51849,2.2757,-0.41718,0
-0.020599,-0.00076294,-0.51178,2.9584,-0.50629,0
-0.027161,0.0016785,-0.50018,2.5033,-0.55511,0
-0.029907,0.0019836,-0.48752,2.5033,-0.57312,0
-0.031281,0.0012207,-0.47256,2.5033,-0.57007,0
-0.028839,-0.0018311,-0.45868,2.7309,-0.56061,0
-0.021973,-0.0035095,-0.45395,2.9584,-0.55878,0
-0.012512,-0.0041199,-0.45578,2.7309,-0.56488,0
-0.0032043,-0.0059509,-0.45853,2.5033,-0.56946,0
0.0012207,-0.0083923,-0.45456,2.2757,-0.55573,0
-0.0012207,-0.0061035,-0.43991,2.7309,-0.52032,0
-0.0038147,-0.0028992,-0.42282,2.7309,-0.47089,0
-0.0048828,-0.0028992,-0.4071,2.7309,-0.4245,0
-0.0038147,-0.0030518,-0.39032,2.9584,-0.39246,0
-0.0030518,-0.00015259,-0.37582,2.7309,-0.3714,0
-0.0028992,0.0033569,-0.36667,2.2757,-0.3537,0
-0.0015259,0.0061035,-0.35706,2.0482,-0.32288,0
-0.00076294,0.0035095,-0.33859,2.0482,-0.27252,0
-0.00045776,-0.0021362,-0.3125,2.5033,-0.20752,0
-0.0016785,-0.0039673,-0.28763,1.8206,-0.13947,0
-0.0041199,-0.0045776,-0.26978,2.2757,-0.075378,0
-0.0038147,-0.0048828,-0.24963,2.0482,-0.021667,0
0.00015259,-0.0012207,-0.21988,2.0482,0.024109,0
0.0059509,0.0018311,-0.20493,1.8206,0.066223,0
0.011444,0.0010681,-0.21683,2.9584,0.10742,0
0.011749,-0.0010681,-0.23392,2.0482,0.15198,0
0.0059509,-0.0035095,-0.23758,1.8206,0.2002,0
0.0013733,-0.0059509,-0.22949,2.2757,0.23987,0
-0.00045776,-0.0036621,-0.21606,1.8206,0.26398,0
-0.0021362,0.0024414,-0.20096,2.2757,0.26611,0
-0.0010681,0.0080872,-0.18448,2.2757,0.25726,0
-0.0022888,0.0082397,-0.17075,1.8206,0.24414,0
-0.0088501,0.0056458,-0.16388,1.1379,0.23529,0
-0.015106,0.002594,-0.16632,1.1379,0.23743,0
-0.015869,0.0010681,-0.16953,1.1379,0.25055,0
-0.012207,0.0016785,-0.1651,1.5931,0.26642,0
-0.0064087,0.0018311,-0.15503,1.3655,0.27374,0
-0.0033569,-0.00091553,-0.14206,2.2757,0.27008,0
0.00061035,-0.0053406,-0.13474,1.8206,0.25818,0
0.010223,-0.0071716,-0.13535,1.8206,0.24689,0
0.013428,-0.0028992,-0.1358,2.2757,0.23895,0
0.0097656,0.0024414,-0.13306,2.5033,0.23773,0
0.0054932,0.0062561,-0.12756,2.7309,0.2417,0
-0.0013733,0.007782,-0.12283,3.4135,0.24872,0
-0.0091553,0.0062561,-0.11642,2.9584,0.25269,0
-0.016632,0.0050354,-0.11154,2.5033,0.25238,0
-0.016174,0.004425,-0.10834,2.5033,0.24231,0
-0.0041199,0.0024414,-0.1088,2.2757,0.21637,0
0.019836,-0.0016785,-0.10559,2.5033,0.18097,0
0.041809,-0.0071716,-0.091858,1.8206,0.14313,0
0.038452,-0.009613,-0.070648,1.8206,0.11414,0
0.017548,-0.0083923,-0.04837,1.3655,0.091248,0
-0.0019836,-0.0080872,-0.041962,2.0482,0.072632,0
-0.010376,-0.0086975,-0.050812,2.2757,0.055542,0
-0.0097656,-0.0080872,-0.055237,1.1379,0.039062,0
-0.0064087,-0.007019,-0.049286,2.2757,0.019531,0
-0.0024414,-0.0056458,-0.042419,1.8206,-0.0045776,0
0.0032043,0.00045776,-0.038605,2.0482,-0.029297,0
0.0076294,0.0091553,-0.033722,2.7309,-0.051575,0
0.0090027,0.012054,-0.026398,2.5033,-0.068665,0
0.011444,0.011292,-0.023041,2.2757,-0.079041,0
0.0088501,0.0086975,-0.025482,2.0482,-0.081482,0
0.0015259,0.0028992,-0.030365,0.91037,-0.082092,0
-0.0016785,-0.0035095,-0.032959,1.3655,-0.082703,0
0.0015259,-0.0090027,-0.03067,1.5931,-0.082092,0
0.0022888,-0.0090027,-0.025635,2.2757,-0.07782,0
0.0050354,-0.0062561,-0.014648,2.7309,-0.074768,0
0.0062561,-0.0015259,0.0013733,0.91037,-0.06897,0
0.0036621,0.0065613,0.016479,1.5931,-0.059509,0
-0.00061035,0.014496,0.023956,1.8206,-0.04364,0
-0.0054932,0.017242,0.02594,1.8206,-0.023193,0
-0.0074768,0.016632,0.027466,2.5033,-0.0042725,0
-0.0076294,0.014801,0.031281,1.8206,0.010071,0
-0.0065613,0.011444,0.031433,2.5033,0.018616,0
-0.0085449,0.0068665,0.023956,2.0482,0.026245,0
-0.010376,0.0056458,0.021515,2.5033,0.039978,0
-0.014954,0.0054932,0.025787,2.2757,0.059204,0
-0.015869,0.002594,0.030975,2.5033,0.076294,0
-0.018616,0.0019836,0.036011,1.8206,0.085754,0
-0.016785,0,0.037994,2.0482,0.088806,0
-0.013885,-0.0067139,0.037079,2.2757,0.08606,0
-0.011597,-0.01236,0.0383,2.2757,0.080872,0
-0.0059509,-0.014038,0.037537,2.0482,0.074463,0
-0.0021362,-0.015106,0.032196,2.5033,0.059814,0
-0.0038147,-0.015106,0.027161,2.2757,0.036011,0
-0.005188,-0.013275,0.027313,2.2757,0.0064087,0
-0.005188,-0.011597,0.032959,3.4135,-0.022278,0
-0.005188,-0.010681,0.03479,2.5033,-0.04364,0
-0.0053406,-0.0091553,0.02594,3.186,-0.059204,0
-0.0056458,-0.0061035,0.01358,2.5033,-0.075684,0
-0.0067139,0.00030518,0.014648,2.2757,-0.09491,0
-0.0042725,0.0036621,0.030365,1.8206,-0.11719,0
0.0027466,0.0015259,0.04837,1.8206,-0.14008,0
0.011749,0.00076294,0.061951,2.2757,-0.16357,0
0.014191,0.0053406,0.07019,2.0482,-0.18188,0
0.011749,0.0054932,0.068665,2.5033,-0.19348,0
0.0097656,0.0012207,0.049744,2.5033,-0.19867,0
0.0079346,-0.0021362,0.02121,2.7309,-0.19287,0
0.011444,-0.0039673,-0.00061035,2.2757,-0.17578,0
0.012207,-0.0021362,-0.011444,2.2757,-0.14862,0
0.016327,0.0028992,-0.011597,2.2757,-0.11292,0
0.025787,0.0065613,-0.0033569,1.8206,-0.075989,0
0.031128,0.0039673,0.007782,1.5931,-0.038757,0
0.030823,0.0010681,0.020905,1.8206,-0.0042725,0
0.037231,0.0019836,0.037079,2.2757,0.031128,0
0.04715,0.0027466,0.047455,1.8206,0.062866,0
0.049744,-0.00061035,0.046234,2.0482,0.091248,0
0.040283,-0.0042725,0.03891,2.2757,0.11749,0
0.024719,-0.0039673,0.036316,1.5931,0.14099,0
0.013733,-0.0024414,0.04425,1.5931,0.16266,0
0.0082397,0.00091553,0.057526,1.8206,0.17365,0
0.0036621,0.0064087,0.067139,2.2757,0.18097,0
-0.0022888,0.0099182,0.072784,2.5033,0.18646,0
-0.010681,0.0083923,0.065002,2.0482,0.19775,0
-0.0177,0.0053406,0.041656,2.0482,0.21149,0
-0.019379,0.00045776,0.018616,2.5033,0.22247,0
-0.012512,-0.0036621,0.010529,2.2757,0.22369,0
-0.002594,-0.0033569,0.018311,2.2757,0.21301,0
0.0067139,0.0039673,0.034943,2.5033,0.19409,0
0.01297,0.007019,0.044708,1.8206,0.17639,0
0.005188,0.0053406,0.04425,2.0482,0.15869,0
-0.0068665,-0.00015259,0.040436,2.7309,0.14343,0
-0.018921,-0.007019,0.028839,2.5033,0.12238,0
-0.027161,-0.010376,0.0083923,2.2757,0.088196,0
-0.032501,-0.012207,-0.010223,2.0482,0.045471,0
-0.035553,-0.014343,-0.019836,3.186,0.0015259,0
-0.034027,-0.013885,-0.018311,2.2757,-0.030212,0
-0.029602,-0.012207,-0.0010681,2.2757,-0.05249,0
-0.02182,-0.011444,0.031738,2.2757,-0.072937,0
-0.015411,-0.010376,0.052032,1.8206,-0.094604,0
-0.011597,-0.0080872,0.041504,2.0482,-0.11322,0
-0.0079346,-0.0047302,0.021515,2.2757,-0.12543,0
-0.010986,0.0013733,0.0099182,2.2757,-0.13336,0
-0.018158,0.0093079,0.0035095,2.2757,-0.13794,0
-0.024109,0.015411,0.0039673,2.5033,-0.1413,0
-0.016327,0.014648,0.011597,2.0482,-0.13977,0
-0.0041199,0.0097656,0.013428,2.7309,-0.13,0
0.0038147,0.005188,0.0059509,2.9584,-0.11536,0
0.013428,0.0047302,0.0079346,2.5033,-0.09613,0
0.016174,0.0048828,0.027313,1.8206,-0.076904,0
0.0091553,0.0061035,0.049438,2.0482,-0.06134,0
-0.0019836,0.0074768,0.059814,1.8206,-0.050049,0
-0.0041199,0.0039673,0.044556,1.8206,-0.045776,0
-0.005188,-0.0047302,0.020599,2.2757,-0.038757,0
-0.010223,-0.012817,0.011139,2.2757,-0.025635,0
-0.014954,-0.013885,0.013885,2.2757,-0.015564,0
-0.014343,-0.011292,0.019836,1.5931,-0.017395,0
-0.010223,-0.0073242,0.026855,2.0482,-0.028992,0
-0.0071716,-0.0056458,0.038757,1.5931,-0.043335,0
-0.0056458,-0.0059509,0.04776,2.0482,-0.05188,0
-0.0036621,-0.0076294,0.042877,2.2757,-0.048218,0
0.0042725,-0.011292,0.02533,1.3655,-0.036926,0
0.0097656,-0.016174,0.0068665,1.8206,-0.024109,0
0.0099182,-0.019531,-0.0024414,1.5931,-0.0097656,0
0.011749,-0.023041,-0.0012207,1.8206,0.0064087,0
0.026855,-0.020447,0.014038,2.2757,0.030212,0
0.042419,-0.01358,0.040894,2.5033,0.061035,0
0.047455,-0.0068665,0.065002,3.186,0.090942,0
0.03952,0.0042725,0.078735,2.7309,0.11658,0
0.031891,0.014954,0.079041,2.9584,0.13916,0
0.027771,0.016632,0.065765,2.7309,0.15686,0
0.02533,0.013275,0.044556,2.2757,0.16937,0
0.026703,0.0088501,0.027313,2.2757,0.18127,0
0.025177,0.0073242,0.018311,2.5033,0.19653,0
0.021667,0.007019,0.016632,2.5033,0.21851,0
0.020752,0.0061035,0.027161,2.0482,0.24017,0
0.018463,0.0073242,0.037994,2.5033,0.25757,0
0.013733,0.011597,0.044708,2.2757,0.26794,0
0.0064087,0.012817,0.049438,2.5033,0.27435,0
0.0027466,0.010071,0.047607,2.0482,0.27222,0
-0.0013733,0.0074768,0.04303,2.2757,0.26917,0
-0.0083923,0.005188,0.042267,2.5033,0.26855,0
-0.013428,0.0038147,0.0383,2.0482,0.27344,0
-0.0099182,0.0019836,0.035248,2.2757,0.2832,0
0.0018311,0.00061035,0.041046,2.2757,0.29327,0
0.0086975,0.0018311,0.052185,2.7309,0.29938,0
0.0022888,0.0010681,0.052032,2.0482,0.29694,0
-0.0088501,-0.00076294,0.039368,2.0482,0.28595,0
-0.011139,-0.0024414,0.026093,2.7309,0.26703,0
-0.0093079,-0.0032043,0.010071,2.2757,0.24719,0
-0.011139,-0.0027466,-0.0091553,2.2757,0.22614,0
-0.016785,-0.0036621,-0.022888,2.2757,0.20416,0
-0.022583,-0.0022888,-0.025635,2.0482,0.18158,0
-0.023193,0.00015259,-0.020752,2.2757,0.16357,0
-0.018311,0.00076294,-0.016479,1.5931,0.15045,0
-0.015717,0.00091553,-0.016479,1.8206,0.14313,0
-0.012207,0.00061035,-0.022736,2.2757,0.14252,0
-0.009613,-0.0022888,-0.035553,2.2757,0.14282,0
-0.0091553,-0.0073242,-0.046082,1.8206,0.14008,0
-0.009613,-0.010376,-0.043182,1.1379,0.13275,0
-0.0059509,-0.0091553,-0.020752,2.2757,0.12634,0
-0.0022888,-0.0022888,0.0085449,2.0482,0.12024,0
-0.00061035,0.0036621,0.028381,2.0482,0.11597,0
-0.0022888,0.002594,0.037842,2.0482,0.11292,0
-0.002594,-0.00045776,0.0383,2.2757,0.11047,0
0.0010681,-0.00045776,0.032501,2.2757,0.10986,0
-0.00045776,0.00015259,0.023193,2.5033,0.11169,0
-0.0022888,0.0016785,0.014496,2.5033,0.11505,0
-0.0073242,0.0018311,0.0094604,2.0482,0.12054,0
-0.010834,0.0033569,0.0099182,2.5033,0.12024,0
-0.0080872,0.0059509,0.013885,2.2757,0.11169,0
-0.00091553,0.0074768,0.022583,2.0482,0.097961,0
0.0054932,0.0041199,0.021515,2.7309,0.082397,0
0.0022888,-0.0065613,-0.0067139,1.8206,0.068054,0
-0.0071716,-0.01236,-0.02533,2.5033,0.054321,0
-0.014343,-0.0071716,-0.0071716,2.7309,0.039062,0
-0.0082397,0.00076294,0.019226,2.2757,0.023804,0
0.0035095,0.0036621,0.023041,2.7309,0.0097656,0
0.020294,0.0045776,0.014038,2.7309,-0.0012207,0
0.037384,0.0045776,0.010986,2.2757,-0.0097656,0
0.043488,0.0056458,0.0073242,2.7309,-0.019531,0
0.035248,0.0064087,0.0013733,2.5033,-0.029297,0
0.015259,0.0028992,-0.00091553,2.7309,-0.038452,0
0.00076294,-0.00045776,0.0033569,2.9584,-0.044861,0
-0.0027466,-0.00091553,0.0097656,2.7309,-0.044861,0
0.00015259,-0.00076294,0.014038,2.7309,-0.046997,0
0.0073242,-0.0012207,0.016327,2.5033,-0.050659,0
0.014954,-0.0035095,0.024414,2.2757,-0.057678,0
0.013885,-0.0056458,0.030975,2.2757,-0.068359,0
0.0073242,-0.0074768,0.031433,2.2757,-0.077209,0
0.0013733,-0.007782,0.030975,2.2757,-0.085144,0
-0.0057983,-0.007782,0.028076,1.8206,-0.08667,0
-0.0059509,-0.0073242,0.019073,2.0482,-0.082397,0
-0.0016785,-0.0080872,0.010223,2.0482,-0.079651,0
-0.00076294,-0.007782,0.0085449,1.3655,-0.080872,0
-0.0015259,-0.0030518,0.016479,2.2757,-0.08728,0
-0.0056458,0.0016785,0.028687,2.0482,-0.096436,0
-0.0093079,0.0041199,0.041809,2.0482,-0.10315,0
-0.013123,0.0062561,0.048065,2.0482,-0.1059,0
-0.016479,0.007782,0.04303,1.3655,-0.10986,0
-0.014343,0.0090027,0.031738,2.2757,-0.11688,0
-0.01297,0.0082397,0.022125,2.2757,-0.12878,0
-0.0097656,0.0042725,0.014954,2.5033,-0.14069,0
-0.0065613,0.0024414,0.007019,1.8206,-0.15411,0
-0.0027466,0.0036621,-0.00076294,2.0482,-0.16327,0
0.00061035,0.0056458,0.00061035,2.0482,-0.16876,0
0.00015259,0.0057983,0.010681,1.8206,-0.16998,0
0.002594,0.0016785,0.020599,1.8206,-0.17395,0
0.0080872,-0.0048828,0.025024,1.8206,-0.1828,0
0.0061035,-0.0085449,0.027313,2.5033,-0.20172,0
-0.00076294,-0.0090027,0.025635,2.7309,-0.22339,0
-0.0042725,-0.010071,0.0177,1.8206,-0.24139,0
-0.0024414,-0.0080872,0.0064087,2.5033,-0.24689,0
0.0064087,-0.0032043,-0.0015259,2.7309,-0.24719,0
0.012207,0.00091553,0.00015259,2.7309,-0.24445,0
0.013428,0.0035095,0.0076294,2.7309,-0.24323,0
0.0080872,0.0022888,0.0076294,2.0482,-0.24231,0
0.00091553,0.00015259,-0.0039673,2.7309,-0.23865,0
-0.0050354,0.0013733,-0.011139,2.9584,-0.23499,0
-0.0073242,0.0035095,-0.0048828,2.7309,-0.22827,0
-0.0062561,0.0032043,-0.0019836,2.5033,-0.2243,0
-0.0071716,-0.0018311,-0.011902,2.2757,-0.22186,0
-0.010376,-0.0065613,-0.026245,2.0482,-0.22644,0
-0.015106,-0.0073242,-0.031738,1.8206,-0.23926,0
-0.015564,-0.0068665,-0.025177,2.2757,-0.24933,0
-0.018616,-0.0085449,-0.015411,2.2757,-0.24872,0
-0.019989,-0.0097656,-0.010681,2.0482,-0.23285,0
-0.018311,-0.0097656,-0.0099182,2.5033,-0.21088,0
-0.011902,-0.010986,-0.011139,2.2757,-0.19073,0
-0.010376,-0.012207,-0.021057,2.7309,-0.1828,0
-0.0083923,-0.014496,-0.034943,2.7309,-0.18494,0
-0.0047302,-0.014038,-0.039825,2.2757,-0.19135,0
0.0012207,-0.010376,-0.029755,2.0482,-0.19928,0
0.0082397,-0.0042725,-0.0086975,2.0482,-0.20721,0
0.017242,0.002594,0.014496,1.8206,-0.21393,0
0.023346,0.0080872,0.028076,1.5931,-0.2179,0
0.023041,0.0099182,0.024109,1.5931,-0.21545,0
0.017548,0.0085449,0.009613,1.8206,-0.20386,0
0.012817,0.004425,0.0012207,1.8206,-0.18341,0
0.0057983,0.00045776,0.0033569,1.5931,-0.16144,0
-0.0016785,0.0015259,0.010376,1.5931,-0.14618,0
-0.0093079,0.002594,0.019989,1.8206,-0.13672,0
-0.0099182,0.00091553,0.03006,2.2757,-0.13397,0
0.0013733,0.00061035,0.028534,2.0482,-0.13184,0
0.010071,-0.0022888,0.0094604,1.8206,-0.12756,0
0.0073242,-0.0074768,-0.01297,2.2757,-0.11993,0
-0.0038147,-0.0067139,-0.020294,1.8206,-0.11353,0
-0.015259,-0.0010681,-0.0061035,3.186,-0.11078,0
-0.02182,0.00015259,0.0076294,2.0482,-0.11322,0
-0.023346,-0.0018311,0.0067139,2.0482,-0.1236,0
-0.026855,-0.0065613,-0.0047302,2.5033,-0.12878,0
-0.022888,-0.010529,-0.02121,2.9584,-0.12573,0
-0.015106,-0.011749,-0.036163,2.9584,-0.11566,0
-0.010986,-0.0076294,-0.048523,2.2757,-0.1062,0
-0.0042725,-0.0010681,-0.053711,2.0482,-0.1004,0
0.00015259,0.0054932,-0.049896,2.7309,-0.091248,0
0.0032043,0.0074768,-0.045624,2.5033,-0.074768,0
0.0030518,0.0019836,-0.040741,2.5033,-0.056763,0
0.007019,-0.0035095,-0.028076,2.2757,-0.036926,0
0.017853,-0.0062561,-0.0067139,2.0482,-0.021667,0
0.031891,-0.0054932,0.0088501,1.8206,-0.011902,0
0.045929,-0.002594,0.013275,1.8206,-0.0064087,0
0.054474,0,0.015259,2.2757,-0.0024414,0
0.049438,0.00045776,0.018005,2.0482,0.00030518,0
0.032501,0.00045776,0.011139,2.2757,0.0054932,0
0.020905,-0.00015259,-0.00091553,2.2757,0.013428,0
0.020294,-0.00045776,-0.0061035,2.7309,0.027466,0
0.020599,-0.00015259,-0.00091553,2.2757,0.04425,0
0.014038,-0.0021362,0.0062561,2.0482,0.059509,0
0.0088501,-0.0082397,0.0094604,1.8206,0.071106,0
0.0099182,-0.014648,0.0064087,2.2757,0.081482,0
0.01236,-0.018005,-0.0073242,2.0482,0.090637,0
0.012512,-0.018921,-0.031128,2.2757,0.099182,0
0.011902,-0.019684,-0.037842,2.0482,0.10376,0
0.0097656,-0.020905,-0.014496,1.8206,0.10681,0
0.0036621,-0.019073,0.015869,2.0482,0.10834,0
-0.002594,-0.013885,0.028381,1.8206,0.10895,0
-0.0067139,-0.007782,0.021667,2.2757,0.10895,0
-0.010681,-0.00091553,0.011597,2.0482,0.10651,0
-0.013885,0.0042725,0.011597,2.2757,0.10101,0
-0.016327,0.0057983,0.013275,1.5931,0.092773,0
-0.012817,0.007782,0.0073242,2.0482,0.084534,0
-0.0065613,0.0067139,-0.004425,1.8206,0.076294,0
-0.00091553,0.0041199,-0.010376,1.8206,0.069885,0
-0.0028992,0.0012207,0.00076294,2.0482,0.062561,0
-0.0045776,-0.0032043,0.018616,1.8206,0.058899,0
-0.0036621,-0.0057983,0.020599,2.2757,0.052185,0
-0.0030518,-0.0035095,0.011444,2.0482,0.045166,0
0.0015259,0.0015259,0.007019,1.5931,0.039062,0
0.0053406,0.0057983,0.010529,2.2757,0.038147,0
0.0082397,0.0028992,0.017853,1.5931,0.04425,0
0.010529,-0.0048828,0.019379,1.3655,0.052185,0
0.010071,-0.010223,0.022583,1.8206,0.053101,0
0.0062561,-0.0073242,0.027313,2.7309,0.036316,0
0.0015259,0.0016785,0.027618,2.9584,0.015564,0
-0.0042725,0.0093079,0.027008,2.9584,0.021667,0
-0.0059509,0.011139,0.016632,2.2757,0.054626,0
-0.0013733,0.0080872,-0.0018311,2.2757,0.086975,0
0.002594,0.00015259,-0.010071,2.0482,0.10071,0
-0.00061035,-0.005188,0.0028992,2.7309,0.097961,0
-0.0079346,-0.0022888,0.027618,2.7309,0.098267,0
-0.010529,0.004425,0.046997,3.4135,0.1059,0
-0.010681,0.0053406,0.054932,2.7309,0.11719,0
-0.014801,-0.00076294,0.056458,2.5033,0.12848,0
-0.019989,-0.0042725,0.054016,2.7309,0.13763,0
-0.019379,-0.0041199,0.051727,2.9584,0.14709,0
-0.015411,-0.0041199,0.050812,2.9584,0.15656,0
-0.014496,-0.0042725,0.05127,2.5033,0.16113,0
-0.016479,-0.00015259,0.05188,2.5033,0.15778,0
-0.016937,-0.00015259,0.057983,2.2757,0.15228,0
-0.010376,-0.0047302,0.063477,2.2757,0.14679,0
-0.0019836,-0.0071716,0.054321,2.2757,0.14679,0
0.0013733,-0.0036621,0.033722,2.2757,0.14954,0
0.0045776,0.002594,0.015259,2.5033,0.14954,0
0.0061035,0.0088501,0.0059509,2.2757,0.14557,0
0.0065613,0.011139,0.0061035,2.7309,0.14099,0
0.0082397,0.0091553,0.011902,1.5931,0.13519,0
0.011902,0.0073242,0.01709,2.2757,0.12634,0
0.015106,0.0080872,0.020752,2.0482,0.11627,0
0.016479,0.011139,0.022125,2.2757,0.10284,0
0.019684,0.020294,0.025635,2.0482,0.087891,0
0.022736,0.028839,0.034943,2.2757,0.071411,0
-0.0042725,0.031128,0.043488,2.2757,0.056458,0
-0.019073,0.028687,0.042419,2.2757,0.047302,0
-0.024414,0.022888,0.033264,2.5033,0.042419,0
-0.026703,0.014191,0.020447,2.5033,0.041809,0
-0.022583,0.0076294,0.0053406,2.2757,0.041199,0
-0.017395,0.0094604,-0.0082397,2.0482,0.039368,0
-0.0093079,0.017853,-0.015564,2.7309,0.032043,0
0.0010681,0.022583,-0.019531,2.5033,0.027466,0
0.0059509,0.019226,-0.023651,2.9584,0.02533,0
0.0035095,0.014191,-0.027466,2.2757,0.027161,0
-0.0018311,0.013123,-0.036011,2.2757,0.029602,0
-0.0057983,0.012054,-0.049744,2.0482,0.029297,0
-0.00030518,0.014038,-0.055847,2.5033,0.02594,0
0.0033569,0.023041,-0.050354,2.5033,0.022278,0
0.0054932,0.03006,-0.033722,2.2757,0.016479,0
0.0097656,0.028687,-0.0085449,2.2757,0.014038,0
0.014496,0.019073,0.011292,2.2757,0.016479,0
0.019073,0.010223,0.01236,2.7309,0.02533,0
0.025787,0.0080872,-0.0018311,2.0482,0.036926,0
0.032501,0.011902,-0.025024,2.2757,0.050964,0
0.037079,0.012512,-0.049438,2.5033,0.067139,0
0.036621,0.0054932,-0.060883,2.5033,0.080261,0
0.03006,-0.0027466,-0.058594,2.9584,0.091248,0
0.02121,-0.0061035,-0.050201,2.5033,0.09613,0
0.014343,-0.0056458,-0.042419,2.2757,0.097656,0
0.013428,-0.00030518,-0.0383,2.2757,0.097656,0
0.012054,0.0065613,-0.037537,2.2757,0.094299,0
0.0071716,0.0094604,-0.034027,1.8206,0.086365,0
0.0019836,0.0065613,-0.032043,2.0482,0.077515,0
0.0028992,0.00045776,-0.035248,2.0482,0.067444,0
0.0082397,-0.0012207,-0.032806,1.8206,0.059204,0
0.011444,0.0018311,-0.023651,2.0482,0.050659,0
0.010223,0.0045776,-0.019989,1.8206,0.04425,0
0.0097656,0.004425,-0.020599,2.7309,0.036621,0
0.013885,0.0056458,-0.019684,2.0482,0.029297,0
0.018921,0.0086975,-0.016937,2.0482,0.017395,0
0.019226,0.0079346,-0.0177,2.2757,0.00091553,0
0.017853,0.0062561,-0.018463,2.2757,-0.015564,0
0.017853,0.0048828,-0.019073,1.8206,-0.03418,0
0.017242,0.0042725,-0.020599,2.0482,-0.053406,0
0.015411,0.0059509,-0.016174,1.8206,-0.07019,0
0.011292,0.0074768,-0.004425,1.8206,-0.082092,0
0.0076294,0.010223,0.012512,1.8206,-0.086975,0
0.002594,0.013885,0.038452,1.8206,-0.089111,0
-0.002594,0.016022,0.062561,1.3655,-0.089111,0
-0.00091553,0.015411,0.073395,2.2757,-0.093994,0
-0.00030518,0.014191,0.067596,2.0482,-0.10284,0
-0.0048828,0.014343,0.053558,1.3655,-0.11566,0
-0.014954,0.014954,0.0383,2.7309,-0.12695,0
-0.026245,0.01297,0.027771,1.5931,-0.13794,0
-0.031128,0.011292,0.029602,2.0482,-0.14587,0
-0.032196,0.010376,0.032959,1.8206,-0.14832,0
-0.030518,0.013275,0.025024,2.0482,-0.14526,0
-0.02243,0.014954,0.015259,2.5033,-0.13947,0
-0.0093079,0.013123,0.011749,2.2757,-0.13275,0
0.0047302,0.010223,0.017395,2.5033,-0.12512,0
0.013275,0.0076294,0.024872,2.7309,-0.1181,0
0.020905,0.011597,0.033112,2.7309,-0.112,0
0.025177,0.018616,0.042114,2.9584,-0.11108,0
0.032196,0.020752,0.048981,2.2757,-0.11292,0
0.0354,0.020599,0.049438,2.5033,-0.11841,0
0.035858,0.017242,0.042114,1.8206,-0.12299,0
0.036316,0.016022,0.032349,2.7309,-0.12726,0
0.036621,0.019073,0.02121,1.8206,-0.13092,0
0.036163,0.023193,0.010071,2.5033,-0.13,0
0.035858,0.024872,-0.0030518,2.5033,-0.1239,0
0.036011,0.028076,-0.015106,2.0482,-0.11414,0
0.036011,0.030823,-0.020142,2.0482,-0.10101,0
0.035858,0.027466,-0.018311,2.0482,-0.089417,0
0.036316,0.02182,-0.015259,2.0482,-0.077515,0
0.036163,0.017395,-0.018311,2.0482,-0.068359,0
0.036316,0.015564,-0.032806,1.8206,-0.06134,0
0.036316,0.010223,-0.047913,2.0482,-0.053406,0
0.034943,0.00061035,-0.054779,1.8206,-0.048523,0
0.0097656,-0.0082397,-0.063477,2.5033,-0.045776,0
-0.0030518,-0.016174,-0.068359,2.2757,-0.045471,0
-0.010071,-0.021973,-0.057983,1.8206,-0.043945,0
-0.015564,-0.025482,-0.039062,2.2757,-0.040588,0
-0.018768,-0.029907,-0.025787,1.8206,-0.035706,0
-0.016632,-0.038605,-0.022888,2.0482,-0.028381,0
-0.012817,-0.047302,-0.028381,1.8206,-0.024109,0
-0.0094604,-0.054016,-0.032654,1.8206,-0.022278,0
-0.010986,-0.057373,-0.037537,2.5033,-0.022583,0
-0.010986,-0.058136,-0.047607,1.8206,-0.021667,0
-0.010223,-0.057068,-0.057526,1.5931,-0.022278,0
-0.0056458,-0.053864,-0.047302,2.0482,-0.024414,0
0.0022888,-0.052338,-0.012817,2.2757,-0.029602,0
0.0039673,-0.050812,0.018311,1.8206,-0.036316,0
0,-0.050354,0.020752,2.2757,-0.043335,0
-0.0056458,-0.049286,0.0039673,2.9584,-0.05127,0
-0.01358,-0.046387,-0.012054,3.186,-0.058899,0
-0.019684,-0.043182,-0.017242,3.186,-0.062561,0
-0.020752,-0.042267,-0.010529,2.7309,-0.063171,0
-0.021973,-0.042877,-0.0045776,2.5033,-0.058289,0
-0.02243,-0.041199,-0.0079346,2.0482,-0.048828,0
-0.025787,-0.039062,-0.016785,2.2757,-0.036926,0
-0.028076,-0.038605,-0.021973,2.7309,-0.023499,0
-0.021515,-0.033569,-0.017853,2.9584,-0.013123,0
-0.0064087,-0.023956,-0.0064087,3.186,-0.0082397,0
0.010681,-0.015106,0.0074768,2.9584,-0.0091553,0
0.018768,-0.0099182,0.023956,2.2757,-0.014038,0
0.017853,-0.0059509,0.037079,2.7309,-0.014954,0
0.0097656,-0.0013733,0.044098,2.5033,-0.007019,0
0.0022888,0.0059509,0.041199,3.186,0.0088501,0
-0.0033569,0.014191,0.027161,2.7309,0.029297,0
-0.0065613,0.014191,0.017242,3.186,0.047302,0
-0.0094604,0.009613,0.018005,2.9584,0.06073,0
-0.011597,0.0083923,0.023346,2.2757,0.068665,0
-0.014038,0.010529,0.025482,2.0482,0.072021,0
-0.0177,0.010529,0.028992,2.5033,0.06958,0
-0.017548,0.0057983,0.026855,2.2757,0.067749,0
-0.00091553,0.0016785,0.0048828,2.0482,0.070496,0
0.023041,0.0018311,-0.028534,1.8206,0.074158,0
0.033112,0.0028992,-0.056763,1.8206,0.074463,0
0.027008,0.0022888,-0.065155,2.5033,0.066223,0
0.013428,-0.00091553,-0.059967,2.2757,0.053101,0
0.0062561,-0.005188,-0.050507,1.5931,0.036621,0
0.0032043,-0.0094604,-0.038757,1.8206,0.025635,0
-0.0039673,-0.011139,-0.031281,2.2757,0.015564,0
-0.0085449,-0.014343,-0.028381,2.2757,0.0073242,0
-0.0083923,-0.020905,-0.023804,2.0482,-0.00061035,0
-0.0099182,-0.023193,-0.020294,2.5033,-0.0088501,0
-0.014801,-0.021667,-0.019073,2.2757,-0.021973,0
-0.019836,-0.023193,-0.02182,2.5033,-0.037537,0
-0.018768,-0.02533,-0.027313,2.5033,-0.057983,0
-0.013733,-0.029907,-0.034943,2.2757,-0.081787,0
-0.009613,-0.037537,-0.042267,2.0482,-0.10559,0
-0.0094604,-0.044098,-0.054779,1.8206,-0.12665,0
-0.0086975,-0.047455,-0.068359,2.2757,-0.14374,0
-0.0064087,-0.047455,-0.072021,1.8206,-0.15259,0
-0.0057983,-0.046387,-0.070496,2.0482,-0.14832,0
-0.0039673,-0.043793,-0.06958,2.0482,-0.13336,0
-0.0015259,-0.039673,-0.065613,1.8206,-0.11322,0
0.00091553,-0.037689,-0.055084,2.7309,-0.094299,0
0.0062561,-0.037231,-0.038452,2.5033,-0.076294,0
0.01297,-0.032196,-0.025177,2.2757,-0.056458,0
0.017395,-0.022736,-0.010529,2.9584,-0.041809,0
0.017395,-0.015869,0.0090027,2.2757,-0.031128,0
0.01709,-0.013123,0.027924,2.5033,-0.02594,0
0.019226,-0.0047302,0.045319,2.2757,-0.025024,0
0.016632,0.0062561,0.066681,2.7309,-0.026855,0
0.014648,0.014038,0.083466,2.7309,-0.030823,0
0.014038,0.018005,0.083923,2.2757,-0.036011,0
0.0093079,0.02182,0.068512,2.0482,-0.039062,0
-0.00030518,0.023499,0.056458,1.8206,-0.042419,0
-0.007019,0.024109,0.063629,1.8206,-0.045471,0
-0.011749,0.022888,0.081482,2.5033,-0.048523,0
-0.021667,0.020752,0.088348,2.2757,-0.049438,0
-0.033875,0.020752,0.08255,2.2757,-0.048218,0
-0.036926,0.019531,0.076447,2.5033,-0.041809,0
-0.032806,0.014038,0.070801,2.5033,-0.032959,0
-0.024567,0.0094604,0.072021,2.5033,-0.028992,0
-0.016327,0.0090027,0.08667,1.8206,-0.030212,0
-0.0071716,0.010071,0.095978,2.2757,-0.040283,0
0.0019836,0.009613,0.09201,0.91037,-0.059509,0
0.0042725,0.0056458,0.079193,2.0482,-0.078125,0
0.0059509,0.0027466,0.065002,1.8206,-0.092468,0
0.0079346,0.0027466,0.057831,2.0482,-0.1004,0
0.007782,0.0028992,0.055847,1.8206,-0.10529,0
0.0057983,0.0032043,0.055237,2.5033,-0.11444,0
0.0076294,0.0045776,0.058289,2.0482,-0.12634,0
0.011597,0.0083923,0.066986,2.2757,-0.1355,0
0.011749,0.011139,0.071259,2.5033,-0.14313,0
0.0088501,0.013733,0.062256,2.5033,-0.14557,0
0.002594,0.013885,0.044556,2.2757,-0.14343,0
-0.0027466,0.012665,0.034943,2.0482,-0.14069,0
-0.0061035,0.0086975,0.037384,1.5931,-0.13855,0
-0.0074768,0.0041199,0.038147,2.0482,-0.1355,0
-0.0062561,0.00045776,0.027313,2.9584,-0.13489,0
-0.0053406,0.00091553,0.025787,2.9584,-0.13336,0
-0.0022888,0.0053406,0.044403,2.7309,-0.13397,0
0.0016785,0.011139,0.065613,1.8206,-0.12848,0
0.002594,0.014801,0.074158,2.5033,-0.11902,0
0.0018311,0.014954,0.070648,2.5033,-0.10468,0
0.00045776,0.013275,0.054932,2.7309,-0.089417,0
-0.00030518,0.0091553,0.033569,2.5033,-0.079041,0
-0.00076294,0.004425,0.011444,2.7309,-0.074158,0
-0.0036621,0.0013733,-0.0042725,2.0482,-0.073547,0
-0.0019836,0.002594,-0.0082397,3.186,-0.071411,0
0.00061035,0.0067139,0.00045776,2.2757,-0.07019,0
0.0013733,0.0085449,0.016174,2.2757,-0.065002,0
-0.0010681,0.0083923,0.025635,2.2757,-0.058289,0
-0.0053406,0.0088501,0.018005,2.5033,-0.046082,0
-0.0067139,0.0091553,0.0013733,2.0482,-0.030518,0
-0.0016785,0.010223,-0.016785,1.8206,-0.016479,0
0.005188,0.013275,-0.036163,2.5033,-0.0061035,0
0.0038147,0.016022,-0.043182,2.2757,0,0
-0.0016785,0.018921,-0.030212,2.0482,0.0012207,0
-0.0064087,0.019226,-0.0091553,2.2757,0.0076294,0
-0.0065613,0.015106,0.0015259,2.2757,0.019531,0
-0.010529,0.010376,0.0027466,2.2757,0.038147,0
-0.018005,0.0062561,0.0061035,1.8206,0.06134,0
-0.021515,0.0010681,0.010986,1.5931,0.084229,0
-0.014954,-0.0030518,0.0097656,2.2757,0.10284,0
-0.005188,-0.0041199,0.0056458,1.8206,0.11475,0
0.0094604,-0.0018311,0.010071,1.5931,0.12024,0
0.02121,0.0010681,0.018005,1.8206,0.12299,0
0.022125,0.0018311,0.020447,2.0482,0.1239,0
0.0177,0.0018311,0.024414,2.2757,0.1236,0
0.016174,0.0028992,0.031738,1.8206,0.12115,0
0.017853,-0.0016785,0.036926,2.0482,0.11658,0
0.020142,-0.0082397,0.041199,2.0482,0.10986,0
0.017853,-0.0086975,0.041962,2.0482,0.10345,0
0.0090027,-0.0038147,0.036926,2.2757,0.098572,0
0.0013733,0.0024414,0.035858,2.5033,0.093079,0
0.0022888,0.0061035,0.039673,2.5033,0.091553,0
0.011139,0.0082397,0.04776,1.1379,0.091553,0
0.018158,0.007782,0.060272,2.2757,0.093384,0
0.016479,0.0073242,0.074158,1.5931,0.091858,0
0.013123,0.010529,0.08728,2.5033,0.091248,0
0.0059509,0.014343,0.091248,1.8206,0.096741,0
0,0.012512,0.083771,2.0482,0.10925,0
-0.0024414,0.0082397,0.069885,1.8206,0.12054,0
-0.004425,0.0090027,0.049591,2.5033,0.12726,0
-0.0035095,0.012817,0.031128,2.5033,0.1297,0
-0.0016785,0.013885,0.016022,2.2757,0.12848,0
0.00061035,0.014343,0.00015259,3.186,0.12787,0
-0.0027466,0.011902,-0.011292,2.9584,0.12787,0
-0.007782,0.0057983,-0.017395,2.7309,0.12695,0
-0.0085449,0.0021362,-0.019684,2.5033,0.12329,0
-0.0080872,0.0018311,-0.018311,2.5033,0.12115,0
-0.0094604,0.0016785,-0.0090027,2.5033,0.12238,0
-0.013123,0.0027466,0.0048828,2.9584,0.12451,0
-0.011444,0.0079346,0.014648,2.2757,0.12421,0
-0.0047302,0.012665,0.017395,2.5033,0.1181,0
0.00015259,0.013123,0.013123,2.5033,0.11047,0
-0.00015259,0.0082397,0.0056458,2.7309,0.10498,0
-0.0045776,0.0035095,0.0015259,1.8206,0.10773,0
-0.0038147,0.0022888,0.0033569,2.2757,0.1178,0
-0.00030518,0.002594,0.010529,2.2757,0.13245,0
0.0057983,0.00091553,0.015869,2.0482,0.14618,0
0.0082397,0,0.019684,2.2757,0.15869,0
0.0050354,-0.00076294,0.024109,2.2757,0.16754,0
0.0022888,-0.0013733,0.034637,2.2757,0.17731,0
0.0033569,-0.00061035,0.04715,2.2757,0.1828,0
0.0027466,0.00030518,0.048981,2.5033,0.18646,0
0.00091553,-0.00015259,0.038605,2.2757,0.18829,0
0.00045776,-0.0021362,0.018158,1.1379,0.18646,0
-0.0059509,-0.0059509,-0.0093079,1.8206,0.18188,0
-0.01236,-0.0053406,-0.028229,1.5931,0.17487,0
-0.013428,-0.0057983,-0.027771,2.2757,0.16174,0
-0.017548,-0.011139,-0.015106,2.2757,0.14679,0
-0.016327,-0.015869,0.002594,2.2757,0.13794,0
-0.010834,-0.015564,0.021362,2.2757,0.13916,0
-0.0036621,-0.01358,0.037842,2.5033,0.1474,0
0.0032043,-0.016937,0.05188,2.9584,0.15717,0
0.0076294,-0.020905,0.058289,2.5033,0.1651,0
0.010681,-0.02655,0.054932,2.5033,0.16846,0
0.011444,-0.027313,0.053101,2.2757,0.16724,0
0.013275,-0.022583,0.066681,1.8206,0.1651,0
0.016632,-0.017395,0.093689,2.2757,0.16357,0
0.013885,-0.01358,0.11383,2.5033,0.16388,0
0.0091553,-0.013733,0.12039,2.2757,0.16388,0
0.010223,-0.016479,0.12405,2.7309,0.16205,0
0.011749,-0.014191,0.12222,3.186,0.14954,0
0.016327,-0.0093079,0.1207,2.5033,0.13184,0
0.020905,-0.011139,0.13138,2.2757,0.10834,0
0.014648,-0.016632,0.14236,2.2757,0.088501,0
0.0062561,-0.016479,0.14069,2.2757,0.075989,0
0.0057983,-0.0090027,0.12939,2.2757,0.06958,0
0.010529,-0.0042725,0.1178,2.0482,0.063782,0
0.010529,-0.0067139,0.10803,2.5033,0.055237,0
0.0094604,-0.012512,0.097809,2.2757,0.041809,0
0.010376,-0.014496,0.090179,2.5033,0.027771,0
0.0053406,-0.015411,0.081482,2.0482,0.015259,0
-0.0012207,-0.018005,0.069275,1.8206,0.0061035,0
0.0012207,-0.021515,0.057068,2.9584,-0.0045776,0
0.0065613,-0.020142,0.045471,2.5033,-0.013428,0
0.0074768,-0.014343,0.032806,2.7309,-0.020142,0
0.011292,-0.0097656,0.015717,2.5033,-0.024109,0
0.016479,-0.010223,0.0016785,2.2757,-0.028687,0
0.018463,-0.0097656,0.0030518,1.8206,-0.036621,0
0.01709,-0.0074768,0.0085449,2.2757,-0.045166,0
0.010376,-0.0056458,0.0033569,1.8206,-0.05127,0
-0.00030518,-0.005188,-0.0054932,2.0482,-0.052185,0
-0.012054,-0.0041199,-0.0071716,1.8206,-0.049744,0
-0.025482,-0.0032043,-0.0080872,2.0482,-0.047302,0
-0.028076,0.0015259,-0.015717,2.0482,-0.047607,0
-0.024719,0.007782,-0.029602,2.2757,-0.048828,0
-0.016937,0.010986,-0.04364,2.0482,-0.05188,0
-0.012054,0.013275,-0.056763,2.2757,-0.053406,0
-0.010071,0.015869,-0.067902,1.8206,-0.057678,0
-0.0071716,0.017242,-0.08255,1.8206,-0.063477,0
-0.0010681,0.016937,-0.096283,2.0482,-0.07019,0
0.0091553,0.012665,-0.096436,2.7309,-0.077515,0
0.021973,0.007782,-0.079651,2.2757,-0.086365,0
0.030518,0.0076294,-0.06485,2.5033,-0.097656,0
0.030212,0.011597,-0.055542,2.2757,-0.10895,0
0.02594,0.01236,-0.054932,2.0482,-0.12115,0
0.02121,0.0086975,-0.062103,1.8206,-0.13123,0
0.013428,0.009613,-0.069427,2.7309,-0.13794,0
0.0065613,0.013885,-0.072937,2.5033,-0.14282,0
-0.0013733,0.016022,-0.074158,3.186,-0.14618,0
-0.0091553,0.011749,-0.068512,2.9584,-0.14923,0
-0.011902,0.0053406,-0.063019,2.7309,-0.1535,0
-0.012817,0.0016785,-0.061798,2.5033,-0.16083,0
-0.011292,-0.00045776,-0.054932,3.186,-0.16937,0
-0.010071,-0.00045776,-0.042725,2.7309,-0.17059,0
-0.010376,-0.0015259,-0.036774,2.7309,-0.1651,0
-0.0085449,-0.0047302,-0.035095,3.186,-0.15686,0
-0.010986,-0.0030518,-0.02533,2.2757,-0.15381,0
-0.011902,0.0047302,-0.0071716,2.5033,-0.15076,0
-0.0065613,0.015259,0.0079346,2.7309,-0.1416,0
-0.0019836,0.02121,0.017853,2.7309,-0.12604,0
0.00076294,0.019531,0.021362,2.2757,-0.10986,0
0.00030518,0.014343,0.012207,2.5033,-0.1004,0
0,0.011139,-0.0074768,2.9584,-0.094604,0
-0.0033569,0.0093079,-0.018463,2.5033,-0.091858,0
-0.0027466,0.0054932,-0.012512,2.0482,-0.093384,0
0.004425,0.0022888,0.00091553,2.2757,-0.094299,0
0.015717,0.0024414,0.0086975,2.0482,-0.093689,0
0.028992,0.0030518,0.011444,1.8206,-0.090637,0
0.028381,0.0030518,0.011597,1.5931,-0.088806,0
0.015411,0.0028992,0.011749,2.2757,-0.08667,0
0.0068665,0.0030518,0.011749,1.8206,-0.085449,0
0.0057983,0.0027466,0.011292,2.2757,-0.082092,0
0.0033569,0.012054,-0.012512,1.5931,-0.07843,0
0.0035095,0.022125,-0.042114,2.7309,-0.074463,0
0.0010681,0.024261,-0.059052,1.8206,-0.07019,0
0,0.022125,-0.063782,2.2757,-0.065308,0
0.0016785,0.024414,-0.065765,2.0482,-0.061035,0
0.0076294,0.027924,-0.072327,1.8206,-0.057068,0
0.010986,0.025787,-0.079346,2.0482,-0.056763,0
0.010071,0.023651,-0.079803,2.2757,-0.055237,0
0.010834,0.024719,-0.074005,1.8206,-0.050049,0
0.0083923,0.028076,-0.066681,2.0482,-0.043945,0
0.0074768,0.029755,-0.06134,2.2757,-0.038452,0
0.0065613,0.031128,-0.044098,2.5033,-0.03479,0
0.0027466,0.034485,-0.015869,2.5033,-0.032043,0
0.00015259,0.03891,0.00061035,2.5033,-0.034485,0
0.0041199,0.043488,0.0032043,2.5033,-0.039978,0
0.0090027,0.045624,0.018158,2.0482,-0.046997,0
0.010986,0.045166,0.050049,2.7309,-0.050354,0
0.0073242,0.045013,0.061646,2.2757,-0.048523,0
0.0035095,0.042419,0.041199,2.9584,-0.044556,0
0.0022888,0.036469,0.018616,2.5033,-0.036926,0
-0.00091553,0.024567,0.0074768,2.7309,-0.029907,0
-0.0013733,0.011597,-0.010681,2.7309,-0.023499,0
-0.0056458,0.0033569,-0.030212,2.5033,-0.020142,0
-0.014954,0,-0.031586,2.5033,-0.019531,0
-0.023193,-0.0015259,-0.018768,2.0482,-0.021667,0
-0.02655,0.0013733,-0.007782,2.7309,-0.021973,0
-0.023346,0.0016785,-0.0018311,2.2757,-0.0177,0
-0.019531,-0.0057983,0.013733,2.0482,-0.0076294,0
-0.017853,-0.0086975,0.036011,2.5033,0.0042725,0
-0.017853,-0.0062561,0.049133,2.7309,0.013733,0
-0.0177,-0.0045776,0.052795,2.9584,0.020142,0
-0.018005,-0.0041199,0.053558,2.9584,0.025024,0
-0.0177,-0.0039673,0.053406,2.5033,0.030212,0
-0.017853,-0.0032043,0.047607,2.5033,0.0354,0
-0.018005,-0.0010681,0.041046,1.8206,0.040588,0
-0.017395,0.00045776,0.033417,2.5033,0.041199,0
-0.017853,0.0045776,0.013733,2.2757,0.036926,0
-0.017853,0.0090027,-0.0059509,2.2757,0.027771,0
-0.017395,0.0083923,-0.011139,1.5931,0.018311,0
-0.0015259,0.0054932,-0.0061035,2.2757,0.011902,0
0.0027466,0.0033569,0.0036621,1.5931,0.013428,0
0.0038147,0.0062561,0.010376,2.0482,0.021362,0
0.0053406,0.0097656,0.0059509,2.2757,0.028076,0
0.0035095,0.0064087,-0.0042725,2.5033,0.031128,0
-0.0010681,-0.00061035,-0.012665,2.2757,0.027161,0
-0.0086975,-0.0073242,-0.019531,2.2757,0.019531,0
-0.015106,-0.011139,-0.021667,1.5931,0.010071,0
-0.0177,-0.010529,-0.013885,2.0482,0.0021362,0
-0.020599,-0.009613,-0.0010681,2.2757,-0.00091553,0
-0.02182,-0.0097656,0.0086975,2.5033,-0.0039673,0
-0.021362,-0.011902,0.011902,1.8206,-0.011902,0
-0.018921,-0.013733,0.015717,2.2757,-0.015869,0
-0.020905,-0.012665,0.029755,2.9584,-0.011292,0
-0.023651,-0.010834,0.051117,2.7309,-0.0012207,0
-0.021362,-0.0085449,0.066376,2.2757,0.0057983,0
-0.013733,-0.0086975,0.070038,2.2757,-0.0021362,0
0.00091553,-0.011597,0.06485,2.0482,-0.019531,0
0.0099182,-0.015411,0.051422,2.5033,-0.039978,0
0.0073242,-0.019073,0.037231,2.7309,-0.046082,0
0.0028992,-0.019836,0.031586,2.5033,-0.040283,0
0.0032043,-0.022278,0.023499,2.7309,-0.026245,0
0.0082397,-0.025024,0.0024414,2.7309,-0.013428,0
0.0090027,-0.023193,-0.021667,1.8206,-0.011902,0
0.0073242,-0.018768,-0.03067,2.0482,-0.022278,0
0.0059509,-0.015717,-0.033722,2.0482,-0.037231,0
0.0030518,-0.014496,-0.046082,2.5033,-0.050659,0
-0.0012207,-0.01709,-0.053101,2.7309,-0.051575,0
-0.0053406,-0.021362,-0.048676,2.0482,-0.039062,0
-0.007019,-0.024414,-0.046234,2.7309,-0.020447,0
-0.00091553,-0.025024,-0.052643,1.8206,-0.0079346,0
0.0030518,-0.023651,-0.057068,2.5033,-0.0079346,0
-0.00030518,-0.021667,-0.049286,2.7309,-0.0177,0
-0.0018311,-0.021057,-0.040131,2.2757,-0.028687,0
0.0030518,-0.02121,-0.041809,1.8206,-0.032043,0
0.0071716,-0.024109,-0.049438,2.0482,-0.030518,0
0.011749,-0.026703,-0.055084,2.5033,-0.02594,0
0.011749,-0.02533,-0.061493,2.0482,-0.019226,0
0.0073242,-0.02533,-0.062256,2.7309,-0.015564,0
0.00061035,-0.023041,-0.048981,2.0482,-0.0076294,0
-0.005188,-0.018921,-0.024109,1.5931,0.0030518,0
-0.0054932,-0.019073,-0.0038147,2.0482,0.011902,0
0.0019836,-0.022736,0.0056458,2.0482,0.013428,0
0.010223,-0.025482,0.0056458,2.2757,0.0076294,0
0.011597,-0.026093,0.009613,2.2757,0.0030518,0
0.0053406,-0.026398,0.02243,2.2757,0.0024414,0
-0.0061035,-0.025482,0.028687,2.5033,0.0082397,0
-0.014343,-0.023041,0.022888,2.0482,0.014648,0
-0.013885,-0.022583,0.014648,1.8206,0.016785,0
-0.010376,-0.022278,0.0076294,2.0482,0.016785,0
-0.0047302,-0.020447,-0.0024414,1.8206,0.0177,0
0.0076294,-0.017242,-0.010376,2.7309,0.019226,0
0.024719,-0.011749,-0.0054932,2.9584,0.02533,0
0.028687,-0.0065613,0.0090027,2.0482,0.036621,0
0.029755,-0.0065613,0.015259,1.8206,0.051575,0
0.030212,-0.0082397,0.0048828,3.186,0.063477,0
0.027771,-0.0085449,-0.005188,2.0482,0.06958,0
0.017548,-0.010223,-0.0033569,2.2757,0.067139,0
0.0080872,-0.0083923,0.007782,2.5033,0.058289,0
0.00076294,-0.0061035,0.018311,2.5033,0.048523,0
0.00091553,-0.0080872,0.023499,2.2757,0.042114,0
0.007782,-0.011139,0.021057,2.2757,0.041199,0
0.01236,-0.010223,0.011292,2.7309,0.044556,0
0.012207,-0.0091553,-0.00061035,2.9584,0.053711,0
0.0076294,-0.0093079,-0.0080872,2.2757,0.069275,0
0.0019836,-0.0093079,-0.0099182,2.2757,0.08728,0
-0.0015259,-0.0088501,-0.010376,2.7309,0.1004,0
-0.0042725,-0.010071,-0.016022,3.6411,0.10468,0
-0.0035095,-0.010071,-0.02655,2.9584,0.10223,0
0.0028992,-0.0082397,-0.031433,2.9584,0.096741,0
0.0088501,-0.009613,-0.036163,2.7309,0.090332,0
0.010681,-0.014191,-0.05127,2.0482,0.084839,0
0.005188,-0.014343,-0.0737,2.2757,0.082703,0
-0.0035095,-0.011902,-0.085754,2.5033,0.085449,0
-0.007019,-0.011597,-0.086975,2.0482,0.090332,0
-0.011139,-0.011292,-0.091553,2.0482,0.09491,0
-0.015259,-0.011292,-0.1001,2.5033,0.097961,0
-0.011139,-0.0085449,-0.09903,2.0482,0.094604,0
-0.0030518,-0.0062561,-0.083771,2.2757,0.083313,0
-0.0015259,-0.0059509,-0.067596,2.2757,0.068054,0
-0.0041199,-0.004425,-0.066681,2.2757,0.052795,0
-0.0050354,0.00091553,-0.071564,2.0482,0.046082,0
-0.0021362,0.0054932,-0.070953,2.2757,0.04303,0
0.0019836,0.0059509,-0.06424,2.9584,0.039062,0
0.0067139,0.0030518,-0.053101,2.0482,0.031738,0
0.0054932,0.0021362,-0.04303,2.0482,0.022888,0
0.0028992,0.0035095,-0.037689,2.2757,0.015564,0
-0.00030518,0.0033569,-0.031128,2.5033,0.0079346,0
-0.0012207,0.0033569,-0.018921,2.2757,0.0027466,0
0.00091553,0.0080872,-0.0022888,2.5033,-0.0033569,0
0.007782,0.011902,0.012207,2.2757,-0.010681,0
0.015411,0.014038,0.018311,2.9584,-0.019226,0
0.019836,0.014648,0.020294,2.9584,-0.02655,0
0.018005,0.01358,0.018311,3.186,-0.035706,0
0.012665,0.011139,0.013428,2.7309,-0.04303,0
0.0082397,0.0074768,0.0093079,2.2757,-0.046387,0
0.0039673,0.00015259,0.0053406,2.7309,-0.046997,0
0.0021362,-0.0048828,0.00076294,2.7309,-0.050659,0
0.00091553,-0.0062561,-0.0028992,2.9584,-0.062256,0
0.0056458,-0.0056458,0.0032043,2.9584,-0.075684,0
0.0082397,-0.0022888,0.024872,2.7309,-0.080261,0
0.0090027,0.00091553,0.045929,2.7309,-0.075073,0
0.0093079,0.0036621,0.052643,2.9584,-0.061951,0
0.0090027,0.0053406,0.051727,2.9584,-0.05127,0
0.0090027,0.0062561,0.04837,2.9584,-0.045776,0
0.0090027,0.0054932,0.038757,2.9584,-0.045471,0
0.0090027,0.0038147,0.024414,2.5033,-0.049438,0
0.0093079,0.0027466,0.015259,2.2757,-0.052185,0
0.0091553,0.0030518,0.011902,2.2757,-0.053406,0
0.0090027,0.0030518,0.011597,2.7309,-0.05188,0
0.0083923,0.0030518,0.011444,2.5033,-0.045166,0
0.0015259,0.0032043,0.011597,3.4135,-0.03418,0
-0.0065613,0.0053406,0.034485,2.7309,-0.030212,0
-0.011292,0.0057983,0.065765,2.5033,-0.039978,0
-0.0086975,0.0097656,0.078278,2.0482,-0.060425,0
-0.0090027,0.01358,0.076904,2.7309,-0.081177,0
-0.014648,0.015106,0.076141,2.5033,-0.093994,0
-0.019531,0.014191,0.075989,2.2757,-0.1004,0
-0.014191,0.013275,0.072021,1.8206,-0.10529,0
-0.0053406,0.012054,0.061188,1.5931,-0.11047,0
-0.00091553,0.011597,0.050964,2.2757,-0.11963,0
0.0021362,0.012665,0.041046,2.0482,-0.13245,0
0.0036621,0.012054,0.036774,2.2757,-0.14496,0
0.0059509,0.0076294,0.040741,1.8206,-0.15137,0
0.0050354,0.0059509,0.053253,2.0482,-0.14587,0
0.0045776,0.0054932,0.070038,1.8206,-0.1297,0
0.0056458,0.0035095,0.086365,2.2757,-0.11322,0
0.0062561,-0.00061035,0.08606,2.2757,-0.10468,0
0.0018311,-0.007019,0.06012,2.2757,-0.10468,0
0.0010681,-0.0094604,0.020752,2.5033,-0.1123,0
0.0018311,-0.0062561,-0.0012207,2.5033,-0.1239,0
0.0032043,-0.0038147,0.01236,2.0482,-0.13245,0
0.007019,-0.007019,0.042419,2.5033,-0.13641,0
0.012207,-0.011444,0.070343,2.7309,-0.13275,0
0.018463,-0.012207,0.091248,2.7309,-0.12573,0
0.02182,-0.0080872,0.097504,3.6411,-0.11993,0
0.016327,0.0010681,0.090332,2.9584,-0.12115,0
0.010681,0.0054932,0.073395,2.5033,-0.13336,0
0.0064087,0.0056458,0.049438,2.7309,-0.14618,0
0.0016785,0.0045776,0.028076,2.5033,-0.15076,0
-0.0048828,0.002594,0.018311,2.5033,-0.14221,0
-0.011749,0.0010681,0.024567,2.5033,-0.12878,0
-0.016174,0.0027466,0.03479,2.5033,-0.1181,0
-0.020447,0.0082397,0.035858,2.7309,-0.11566,0
-0.020599,0.010834,0.029907,3.186,-0.11963,0
-0.021973,0.007019,0.022583,2.7309,-0.12482,0
-0.027008,-0.0028992,0.020294,2.9584,-0.12634,0
-0.030518,-0.0094604,0.023651,2.2757,-0.12207,0
-0.026093,-0.013123,0.023651,2.5033,-0.11139,0
-0.020447,-0.014801,0.0038147,2.7309,-0.093994,0
-0.016785,-0.016327,-0.02533,2.9584,-0.074463,0
-0.012054,-0.020599,-0.039062,2.9584,-0.053101,0
-0.0091553,-0.019989,-0.025177,2.2757,-0.028076,0
-0.0036621,-0.014343,0.00045776,1.8206,-0.0061035,0
0.00015259,-0.0080872,0.016174,2.0482,0.010681,0
-0.0024414,-0.005188,0.013885,2.7309,0.01709,0
-0.0064087,-0.0071716,0.0042725,2.2757,0.011292,0
-0.0091553,-0.010376,0.0016785,2.5033,0,0
-0.013123,-0.010986,-0.0035095,2.2757,-0.010071,0
-0.021973,-0.010834,-0.024872,2.2757,-0.015564,0
-0.02655,-0.0083923,-0.053864,2.2757,-0.019531,0
-0.028229,-0.0071716,-0.074005,2.2757,-0.023499,0
-0.018005,-0.0076294,-0.07431,2.7309,-0.025635,0
0.0027466,-0.011597,-0.060577,2.0482,-0.030823,0
0.017548,-0.015411,-0.051575,2.5033,-0.038757,0
0.024719,-0.016174,-0.054016,2.0482,-0.048523,0
0.032043,-0.015564,-0.056763,2.0482,-0.05188,0
0.030823,-0.012207,-0.064087,2.2757,-0.04303,0
0.023346,-0.0045776,-0.076447,2.5033,-0.02655,0
0.019684,0.0012207,-0.083923,2.5033,-0.011902,0
0.015717,0.0032043,-0.088806,3.186,-0.0045776,0
0.014191,0.0041199,-0.096588,2.2757,-0.0033569,0
0.0079346,0.005188,-0.10193,2.2757,-0.00091553,0
0.005188,0.0045776,-0.10254,3.4135,0.0039673,0
0.0062561,0.0032043,-0.091553,3.4135,0.010986,0
0.010834,0.0082397,-0.072327,2.9584,0.014954,0
0.018311,0.01358,-0.050507,2.5033,0.013123,0
0.022125,0.016174,-0.03006,3.186,0.0094604,0
0.020752,0.017548,-0.0048828,2.9584,0.0054932,0
0.021057,0.015259,0.019684,2.0482,0.0027466,0
0.0177,0.011749,0.036163,1.8206,0.0015259,0
0.011139,0.012665,0.044708,2.7309,0.005188,0
0.010529,0.016327,0.044708,2.5033,0.010376,0
0.013885,0.019531,0.040283,2.7309,0.012512,0
0.010376,0.021057,0.037384,2.5033,0.012207,0
0.0093079,0.023499,0.034485,2.9584,0.010376,0
0.01358,0.027618,0.026093,2.9584,0.0067139,0
0.009613,0.033722,0.015411,2.9584,0.0021362,0
0.0045776,0.036774,0.0038147,3.186,-0.0024414,0
0.0035095,0.036774,-0.0059509,2.5033,-0.0018311,0
0.002594,0.032196,-0.010223,2.7309,0.0097656,0
-0.0057983,0.026855,-0.0053406,2.7309,0.02594,0
-0.015869,0.023499,0,2.9584,0.036011,0
-0.025482,0.02243,0.0016785,2.0482,0.039978,0
-0.028687,0.022736,0.0021362,2.5033,0.044556,0
-0.028381,0.023041,0.0018311,2.0482,0.050049,0
-0.025024,0.022736,0.0019836,1.8206,0.057678,0
-0.027313,0.022583,0.0019836,2.7309,0.06897,0
-0.026093,0.022888,0.0018311,2.5033,0.078125,0
-0.019226,0.022736,0.0021362,2.5033,0.081482,0
-0.014496,0.022888,0.0015259,2.2757,0.07782,0
-0.0097656,0.022736,0.0016785,2.5033,0.066833,0
-0.0065613,0.023499,-0.020447,2.2757,0.054626,0
-0.0071716,0.024872,-0.036163,2.0482,0.043945,0
-0.0093079,0.023041,-0.022888,2.5033,0.036316,0
-0.0071716,0.019073,-0.002594,2.0482,0.030518,0
-0.0073242,0.015259,0.013733,2.2757,0.02594,0
-0.0088501,0.0094604,0.031281,2.7309,0.023804,0
-0.010071,0.004425,0.045319,2.0482,0.026855,0
-0.010223,0.0012207,0.057068,1.8206,0.031738,0
-0.007019,-0.0042725,0.067291,2.5033,0.037537,0
-0.0028992,-0.0079346,0.066681,2.0482,0.041504,0
-0.0021362,-0.0076294,0.050659,2.2757,0.047913,0
0.00061035,-0.0048828,0.025787,2.5033,0.05249,0
0.0059509,-0.0021362,0.0080872,2.9584,0.057068,0
0.0054932,-0.00061035,-0.0016785,2.7309,0.061035,0
0.0018311,0.00015259,-0.0082397,2.9584,0.065002,0
0.0013733,-0.00061035,-0.0039673,2.2757,0.074158,0
-0.0024414,-0.0019836,0.0093079,2.5033,0.086365,0
-0.0030518,-0.004425,0.022583,2.7309,0.1004,0
0.0028992,-0.0093079,0.030365,3.4135,0.11444,0
0.010223,-0.011749,0.040131,2.9584,0.12817,0
0.010071,-0.0059509,0.043945,3.186,0.14191,0
0.0050354,0.007019,0.035553,3.186,0.14954,0
0,0.018463,0.025177,3.186,0.14404,0
-0.00091553,0.022125,0.019379,2.7309,0.12787,0
0.002594,0.020142,0.015106,3.186,0.10803,0
0.0064087,0.019684,0.013733,2.9584,0.088501,0
0.0062561,0.018005,0.01297,2.7309,0.07782,0
0.0086975,0.013275,0.005188,2.5033,0.07843,0
0.0093079,0.0022888,-0.012512,2.5033,0.085144,0
0.0030518,-0.0097656,-0.036163,2.2757,0.092773,0
-0.0028992,-0.015106,-0.064545,2.2757,0.092468,0
-0.0048828,-0.017548,-0.083618,2.7309,0.080261,0
-0.0036621,-0.021667,-0.077972,2.5033,0.064697,0
0.00015259,-0.027313,-0.058136,2.5033,0.04303,0
0,-0.033569,-0.048218,2.5033,0.022278,0
-0.0048828,-0.040131,-0.049744,2.2757,0.0039673,0
-0.0067139,-0.045471,-0.047455,2.2757,-0.007019,0
-0.0013733,-0.04776,-0.039978,2.5033,-0.0079346,0
0.0099182,-0.049591,-0.033264,2.2757,-0.0039673,0
0.016632,-0.04837,-0.025024,2.5033,-0.0030518,0
0.018921,-0.046844,-0.005188,2.7309,-0.012512,0
0.021973,-0.043945,0.019531,2.0482,-0.023804,0
0.020142,-0.039673,0.03418,2.7309,-0.031128,0
0.014801,-0.037994,0.037231,2.9584,-0.031433,0
0.0093079,-0.037994,0.047302,1.8206,-0.023193,0
0.0053406,-0.036621,0.079956,2.2757,-0.010071,0
-0.0015259,-0.030212,0.11688,1.8206,0.0033569,0
-0.0091553,-0.023193,0.13641,2.5033,0.010376,0
-0.010071,-0.021515,0.14053,1.8206,0.0073242,0
-0.0021362,-0.026093,0.14099,2.2757,-0.0027466,0
0.0097656,-0.027161,0.14053,2.9584,-0.0091553,0
0.016327,-0.019531,0.13977,2.9584,-0.0036621,0
0.017853,-0.0091553,0.13824,2.7309,0.011597,0
0.018616,-0.0018311,0.12421,2.2757,0.027161,0
0.024872,-0.00045776,0.093536,2.7309,0.039978,0
0.027771,-0.0053406,0.065308,2.9584,0.047302,0
0.021057,-0.012207,0.050354,2.9584,0.047607,0
0.013428,-0.017853,0.041809,3.186,0.038452,0
0.011292,-0.021667,0.031738,2.7309,0.02594,0
0.011139,-0.021515,0.023804,2.7309,0.020752,0
0.0086975,-0.019531,0.020905,2.7309,0.029297,0
0.0088501,-0.014648,0.021057,2.9584,0.042114,0
0.011902,-0.0062561,0.032806,2.7309,0.051575,0
0.015106,-0.0016785,0.051117,2.2757,0.054016,0
0.016174,-0.00030518,0.061951,2.7309,0.051575,0
0.01297,0.0024414,0.058136,2.7309,0.048828,0
0.004425,0.0048828,0.041199,2.5033,0.045776,0
-0.0059509,0.0067139,0.019836,3.186,0.04303,0
-0.015869,0.007782,-0.00061035,2.7309,0.040588,0
-0.025635,0.0062561,-0.012512,2.7309,0.034485,0
-0.030518,0.00091553,-0.015106,2.5033,0.022278,0
-0.032654,-0.0073242,-0.018311,2.0482,0.010376,0
-0.039673,-0.014648,-0.029297,2.0482,0.007019,0
-0.039368,-0.017853,-0.045166,2.9584,0.015564,0
-0.018768,-0.018921,-0.058746,2.0482,0.032349,0
-0.00030518,-0.017853,-0.062103,2.5033,0.047607,0
0.012817,-0.015564,-0.054321,2.7309,0.054626,0
0.033875,-0.013885,-0.044708,2.7309,0.052185,0
0.044403,-0.01358,-0.040741,2.5033,0.043335,0
0.032196,-0.014038,-0.045624,1.8206,0.035706,0
0.013123,-0.013885,-0.045319,1.8206,0.033569,0
-0.0073242,-0.011749,-0.033722,2.2757,0.038147,0
-0.020599,-0.0065613,-0.028992,2.2757,0.04425,0
-0.024261,-0.0038147,-0.036621,2.0482,0.04425,0
-0.020447,-0.0054932,-0.0354,2.0482,0.037231,0
-0.011902,-0.007019,-0.022583,2.2757,0.022888,0
-0.0030518,-0.0038147,-0.011597,2.5033,0.0073242,0
-0.0018311,0.0027466,0,2.9584,-0.0039673,0
-0.0068665,0.0068665,0.012665,3.4135,-0.010376,0
-0.0083923,0.0079346,0.017242,3.186,-0.0076294,0
-0.0065613,0.0093079,0.018005,2.9584,0.0027466,0
-0.0083923,0.010223,0.012817,3.186,0.016479,0
-0.011292,0.014496,-0.0057983,2.7309,0.028992,0
-0.0091553,0.019989,-0.027466,2.7309,0.032349,0
-0.0018311,0.016327,-0.03952,2.7309,0.032654,0
0.0074768,0.0091553,-0.04776,2.0482,0.032349,0
0.020447,0.0093079,-0.052795,2.7309,0.034485,0
0.033722,0.011902,-0.050049,2.5033,0.037842,0
0.035858,0.0099182,-0.035706,2.9584,0.042114,0
0.024414,0.0024414,-0.019836,3.186,0.04303,0
0.010223,-0.0056458,-0.019226,2.5033,0.041199,0
0.00045776,-0.010376,-0.023651,2.7309,0.036316,0
-0.010376,-0.0071716,-0.0062561,3.186,0.032654,0
-0.021667,-0.0030518,0.023499,2.0482,0.030518,0
-0.029907,-0.0027466,0.022583,2.7309,0.028381,0
-0.039215,-0.0048828,-0.0074768,2.9584,0.02533,0
-0.041046,-0.0039673,-0.03067,2.2757,0.02594,0
-0.029755,0.0013733,-0.040131,2.7309,0.030823,0
-0.015259,0.0064087,-0.048523,2.5033,0.039368,0
-0.0065613,0.0091553,-0.04837,2.0482,0.047913,0
-0.0062561,0.012054,-0.031738,2.5033,0.049438,0
-0.010376,0.0097656,-0.007019,2.0482,0.047302,0
-0.01236,0.00076294,0.007782,2.2757,0.049133,0
-0.0079346,-0.00015259,0.0064087,2.7309,0.056458,0
0.00061035,0.01297,0.0064087,2.7309,0.065613,0
0.0030518,0.020294,0.011902,2.0482,0.070801,0
0.002594,0.0099182,0.0076294,1.8206,0.068665,0
-0.0024414,-0.0045776,-0.0015259,2.5033,0.064392,0
-0.0059509,-0.0073242,0.0024414,2.5033,0.058594,0
-0.0076294,-0.0027466,0.026245,2.2757,0.049438,0
-0.0076294,0.0041199,0.055695,1.8206,0.036316,0
-0.0045776,0.0080872,0.081329,2.2757,0.021057,0
-0.0016785,0.0041199,0.094452,2.2757,0.0015259,0
-0.0022888,-0.0022888,0.083466,2.2757,-0.012207,0
-0.0028992,-0.0067139,0.055084,2.0482,-0.016785,0
-0.0024414,-0.0076294,0.036926,2.2757,-0.010376,0
0.0013733,-0.0059509,0.039215,2.2757,0.0030518,0
0.0036621,-0.0016785,0.043335,2.5033,0.011902,0
0.0090027,0.0068665,0.035858,2.7309,0.0094604,0
0.017395,0.014648,0.023499,1.8206,-0.0039673,0
0.023651,0.011444,0.017395,2.0482,-0.018921,0
0.027161,0.0045776,0.016479,2.5033,-0.026855,0
0.028381,-0.00076294,0.017242,2.5033,-0.024719,0
0.024109,-0.0033569,0.019684,3.186,-0.011902,0
0.017242,-0.0033569,0.015259,3.186,0.0033569,0
0.011749,-0.00015259,-0.0056458,2.7309,0.014343,0
0.0091553,0.0012207,-0.038757,2.9584,0.013733,0
0.0041199,-0.0028992,-0.072327,2.7309,0.0061035,0
0.0012207,-0.0094604,-0.09964,2.5033,-0.0030518,0
0.0012207,-0.011597,-0.11185,2.0482,-0.012207,0
0.0032043,-0.0086975,-0.11063,2.2757,-0.016479,0
0.0056458,-0.0050354,-0.093536,2.2757,-0.016785,0
0.0082397,-0.0080872,-0.063171,2.7309,-0.018311,0
0.0099182,-0.01358,-0.047913,2.5033,-0.027466,0
0.0054932,-0.014038,-0.059967,2.7309,-0.047913,0
-0.0022888,-0.013123,-0.074615,2.2757,-0.063477,0
-0.010834,-0.0093079,-0.078278,3.186,-0.064697,0
-0.018921,-0.00091553,-0.075531,2.7309,-0.051575,0
-0.017548,0.0082397,-0.074615,2.9584,-0.031433,0
-0.013275,0.01236,-0.075989,3.186,-0.013428,0
-0.018158,0.012054,-0.075531,2.2757,-0.0030518,0
-0.016479,0.010834,-0.071106,2.7309,0.0030518,0
-0.0028992,0.0093079,-0.066376,2.5033,0.0048828,0
0.013428,0.0074768,-0.070801,1.3655,0.005188,0
0.02182,0.0090027,-0.078735,2.5033,0.0057983,0
0.020447,0.018311,-0.075531,2.7309,0.012512,0
0.016479,0.020447,-0.063477,2.5033,0.02655,0
0.013275,0.011139,-0.056152,2.0482,0.039978,0
0.013428,-0.00091553,-0.060425,2.5033,0.044861,0
0.017242,-0.0085449,-0.068817,2.0482,0.038452,0
0.019836,-0.011139,-0.072632,2.7309,0.028076,0
0.021973,-0.011749,-0.074158,2.2757,0.023804,0
0.015717,-0.0045776,-0.070343,1.8206,0.031433,0
0.0062561,0.007019,-0.06134,2.2757,0.046082,0
-0.0033569,0.013733,-0.046387,2.0482,0.058594,0
-0.011444,0.012512,-0.027771,1.8206,0.064087,0
-0.011597,0.0068665,-0.007782,2.2757,0.058594,0
-0.010986,0.0018311,0.01358,2.5033,0.046997,0
-0.013428,-0.0028992,0.031128,2.2757,0.029907,0
-0.019531,-0.0080872,0.033875,2.7309,0.013123,0
-0.024719,-0.0086975,0.015869,2.2757,0.0039673,0
-0.022736,-0.0013733,-0.0071716,2.2757,0.0094604,0
-0.023651,0.0054932,-0.019226,2.0482,0.020447,0
-0.024719,0.0067139,-0.019379,2.5033,0.032349,0
-0.020294,0.0080872,-0.011292,2.5033,0.040283,0
-0.011749,0.0076294,0.0015259,2.5033,0.039062,0
-0.00076294,0.0041199,0.012817,2.9584,0.027771,0
0.010986,0.0012207,0.022736,2.7309,0.014038,0
0.016937,-0.00015259,0.032043,2.9584,0.0033569,0
0.017242,-0.0042725,0.045166,2.5033,-0.0021362,0
-0.0033569,-0.0079346,0.056458,2.9584,-0.00091553,0
-0.019073,-0.0079346,0.050964,2.7309,0.0064087,0
-0.030365,-0.0068665,0.028839,2.5033,0.013733,0
-0.032654,-0.0076294,0.017242,2.7309,0.015869,0
-0.033417,-0.010376,0.027771,2.9584,0.014038,0
-0.021667,-0.018158,0.04303,2.7309,0.0088501,0
0.00045776,-0.022278,0.045929,2.9584,0.0030518,0
0.023193,-0.015106,0.038147,2.7309,-0.0024414,0
0.035706,-0.0035095,0.028229,2.7309,-0.0042725,0
0.035248,-0.00091553,0.018616,2.5033,-0.0021362,0
0.021667,-0.0068665,0.0057983,2.2757,0.0015259,0
0.0036621,-0.0080872,-0.0024414,2.7309,0.00091553,0
-0.0036621,-0.0024414,-0.0010681,2.2757,0.0012207,0
-0.0053406,0.0048828,0.0071716,2.2757,-0.00061035,0
-0.0035095,0.0093079,0.010071,2.5033,-0.0039673,0
0.0067139,0.010529,0.0027466,2.2757,-0.0094604,0
0.023956,0.010529,0.00030518,2.0482,-0.013733,0
0.029755,0.0091553,0.0177,2.5033,-0.011902,0
0.019073,0.0062561,0.036621,2.2757,-0.005188,0
0.0056458,0.00076294,0.041046,2.0482,0.0039673,0
-0.00061035,-0.0019836,0.042114,2.5033,0.013428,0
-0.00076294,-0.0018311,0.04303,2.5033,0.024414,0
0.0085449,-0.0010681,0.036926,2.5033,0.032654,0
0.020599,-0.0018311,0.03418,2.5033,0.038147,0
0.027008,-0.0035095,0.044098,2.2757,0.039673,0
0.028229,-0.0041199,0.059967,2.0482,0.036316,0
0.022583,-0.0062561,0.064697,2.2757,0.029907,0
0.01358,-0.011444,0.063934,2.5033,0.018921,0
0.00045776,-0.01236,0.075836,2.5033,0.011597,0
-0.011749,-0.0056458,0.10376,2.9584,0.012512,0
-0.018005,0.0010681,0.13626,2.2757,0.022583,0
-0.016479,0.0059509,0.16296,2.2757,0.0354,0
-0.0091553,0.0076294,0.17365,2.7309,0.046082,0
0.0016785,0.0059509,0.16724,2.2757,0.050964,0
0.010223,0.0048828,0.16144,2.0482,0.048828,0
0.010223,0.007019,0.16647,2.5033,0.045471,0
0.007019,0.0097656,0.17365,2.7309,0.047302,0
0.010223,0.01358,0.17044,2.5033,0.055847,0
0.021515,0.016632,0.159,2.7309,0.068665,0
0.024872,0.015564,0.14313,2.7309,0.074768,0
0.027466,0.013733,0.13672,2.2757,0.076294,0
0.029602,0.015106,0.14771,2.9584,0.074768,0
0.02121,0.017242,0.15625,2.7309,0.073853,0
0.0048828,0.016785,0.14603,2.5033,0.079041,0
-0.010681,0.014801,0.12726,2.9584,0.086365,0
-0.020599,0.014191,0.11597,2.5033,0.095215,0
-0.02121,0.014038,0.11292,2.7309,0.099792,0
-0.014191,0.01236,0.11032,2.7309,0.097961,0
-0.0085449,0.0090027,0.099182,2.7309,0.091553,0
-0.0085449,0.0032043,0.08606,2.9584,0.085449,0
-0.0094604,-0.0024414,0.090637,2.2757,0.078125,0
-0.010681,-0.0038147,0.10742,2.2757,0.072937,0
-0.015259,-0.0042725,0.11246,2.2757,0.066223,0
-0.021515,-0.0088501,0.10437,2.0482,0.062561,0
-0.024414,-0.01358,0.094757,2.5033,0.068054,0
-0.026245,-0.012817,0.085449,2.5033,0.082397,0
-0.023956,-0.010223,0.076752,2.2757,0.10406,0
-0.016785,-0.007019,0.069275,2.0482,0.12299,0
-0.0088501,-0.0065613,0.062714,2.7309,0.13306,0
-0.0013733,-0.010376,0.059204,2.5033,0.13489,0
0.00015259,-0.015259,0.059357,2.0482,0.13,0
0.0021362,-0.014648,0.059052,2.2757,0.12421,0
0.0039673,-0.0083923,0.055847,1.8206,0.12085,0
0.002594,-0.0032043,0.052032,2.5033,0.12177,0
0.00030518,-0.0018311,0.050049,2.2757,0.12482,0
-0.0016785,-0.0024414,0.052032,2.7309,0.12299,0
-0.0028992,-0.0024414,0.05249,2.5033,0.11292,0
-0.0027466,-0.0018311,0.045776,2.5033,0.097961,0
-0.0057983,0.0012207,0.033112,2.5033,0.081482,0
-0.0056458,0.0056458,0.019531,2.5033,0.068665,0
-0.0027466,0.0033569,0.013733,2.5033,0.06073,0
0.00030518,-0.0012207,0.0085449,2.7309,0.061951,0
0.00045776,-0.0048828,-0.0048828,2.0482,0.068359,0
0.004425,-0.005188,-0.016632,2.0482,0.080261,0
0.013123,-0.0033569,-0.02121,2.2757,0.090332,0
0.027924,-0.0010681,-0.026398,2.5033,0.097351,0
0.037537,-0.0028992,-0.02594,2.7309,0.10162,0
0.041962,-0.0053406,-0.016937,2.7309,0.10376,0
0.043182,-0.0041199,-0.01236,2.9584,0.10254,0
0.040131,-0.0024414,-0.02121,2.2757,0.098572,0
0.029602,-0.0054932,-0.036926,2.2757,0.090637,0
0.017548,-0.012054,-0.053558,2.5033,0.079346,0
0.0065613,-0.015411,-0.061493,2.5033,0.062866,0
-0.0015259,-0.015106,-0.057526,2.5033,0.04364,0
-0.0015259,-0.011139,-0.054016,2.9584,0.020447,0
0.0016785,-0.0088501,-0.045166,2.2757,-0.00091553,0
-0.002594,-0.0079346,-0.02533,2.5033,-0.019226,0
-0.010529,-0.0057983,-0.0097656,2.9584,-0.030518,0
-0.015869,-0.00045776,-0.004425,2.0482,-0.037231,0
-0.016022,0.0079346,-0.010376,2.5033,-0.040283,0
-0.015259,0.014954,-0.016327,2.2757,-0.046082,0
-0.013123,0.017395,-0.00061035,2.2757,-0.057983,0
-0.0083923,0.015564,0.028534,2.0482,-0.075378,0
-0.0047302,0.012665,0.038452,2.2757,-0.093689,0
-0.004425,0.012817,0.021362,2.0482,-0.11139,0
-0.0024414,0.018005,-0.0053406,1.8206,-0.12268,0
-0.0041199,0.018463,-0.030823,2.2757,-0.12878,0
-0.011597,0.012207,-0.053101,2.2757,-0.12421,0
-0.018921,0.0059509,-0.056152,2.2757,-0.11627,0
-0.020142,0.0015259,-0.046387,2.9584,-0.1123,0
-0.012665,0.00091553,-0.040436,2.7309,-0.11963,0
-0.0013733,0.0076294,-0.032806,2.2757,-0.14008,0
0.0076294,0.01236,-0.031433,2.5033,-0.16479,0
0.0080872,0.0088501,-0.040436,2.0482,-0.18127,0
0.0028992,0.004425,-0.043793,1.5931,-0.18433,0
0.0028992,0.00030518,-0.037231,1.3655,-0.18127,0
0.0038147,-0.0083923,-0.027313,1.8206,-0.17883,0
0.0032043,-0.018768,-0.025787,2.5033,-0.18372,0
0.012054,-0.022888,-0.030365,2.0482,-0.19897,0
0.028687,-0.015717,-0.037537,2.7309,-0.22186,0
0.031281,-0.013885,-0.05188,2.0482,-0.24963,0
0.019226,-0.028076,-0.070953,2.9584,-0.27069,0
0.0067139,-0.035858,-0.080261,2.7309,-0.27527,0
-0.0048828,-0.020905,-0.072021,2.7309,-0.26428,0
-0.021667,0.0035095,-0.053558,2.7309,-0.2475,0
-0.035706,0.0099182,-0.047302,2.5033,-0.23071,0
-0.042114,-0.004425,-0.049438,2.9584,-0.21912,0
-0.037994,-0.014191,-0.037842,2.7309,-0.21667,0
-0.029755,-0.013885,-0.016479,2.9584,-0.21851,0
-0.025787,-0.0062561,-0.0085449,2.7309,-0.21698,0
-0.025024,0.00030518,-0.017242,2.2757,-0.20599,0
-0.024719,-0.0010681,-0.019531,2.5033,-0.18951,0
-0.020447,-0.0032043,-0.018768,2.7309,-0.17334,0
-0.016479,0.0013733,-0.036621,2.7309,-0.16296,0
-0.013885,0.0085449,-0.048828,2.0482,-0.16052,0
-0.010223,0.0073242,-0.034637,2.2757,-0.16388,0
-0.013275,0.0013733,-0.012817,2.2757,-0.17059,0
-0.021057,-0.0021362,-0.00015259,2.5033,-0.17059,0
-0.027313,-0.009613,0.0038147,2.2757,-0.16846,0
-0.03067,-0.02182,-0.0021362,2.0482,-0.16418,0
-0.024109,-0.028381,-0.012054,2.7309,-0.159,0
-0.015259,-0.021667,-0.02594,1.8206,-0.15137,0
-0.014038,-0.011139,-0.031433,2.0482,-0.13947,0
-0.0082397,-0.0054932,-0.023193,1.5931,-0.12268,0
0.0071716,-0.0019836,-0.020599,2.2757,-0.10651,0
0.013123,0.0038147,-0.021515,2.5033,-0.09491,0
0.013123,0.012054,-0.015869,2.2757,-0.083923,0
0.016479,0.016327,-0.019989,2.2757,-0.075684,0
0.022736,0.015869,-0.039368,2.5033,-0.065918,0
0.02121,0.012665,-0.055084,1.8206,-0.053101,0
0.016785,0.011139,-0.068512,2.0482,-0.039062,0
0.0177,0.0094604,-0.075989,2.2757,-0.024414,0
0.018463,0.0082397,-0.077972,2.2757,-0.011292,0
0.014343,0.0090027,-0.079651,2.5033,-0.0048828,0
0.015411,0.0059509,-0.072632,2.2757,-0.0036621,0
0.0177,0.0028992,-0.046844,1.8206,-0.0061035,0
0.015869,0.0045776,-0.014496,2.2757,-0.0076294,0
0.014191,0.0062561,0.0045776,2.2757,-0.0076294,0
0.016327,0.002594,0.0042725,1.5931,-0.0024414,0
0.019226,0.0021362,0.0042725,1.3655,0.005188,0
0.019684,0.011597,0.0086975,2.2757,0.014954,0
0.017548,0.022583,0.0050354,2.2757,0.029602,0
0.0083923,0.024872,-0.014038,2.5033,0.041199,0
-0.0047302,0.022583,-0.035095,1.8206,0.048218,0
-0.0082397,0.015717,-0.030975,2.5033,0.054626,0
-0.0067139,0.0022888,-0.010529,2.2757,0.063782,0
-0.0022888,-0.0064087,0.00061035,1.8206,0.075378,0
0.010071,-0.00015259,0.0079346,2.5033,0.083008,0
0.024109,0.011292,0.01236,2.7309,0.085449,0
0.032349,0.010986,0.0028992,3.186,0.083313,0
0.026245,0.0035095,-0.0047302,2.7309,0.084534,0
0.016632,0.00091553,-0.0016785,2.5033,0.089417,0
0.010681,0.0093079,-0.0022888,2.2757,0.092773,0
0.0036621,0.018616,-0.011292,2.0482,0.088196,0
0.0028992,0.018921,-0.017242,2.5033,0.07843,0
0.0050354,0.011292,-0.016632,1.5931,0.065613,0
0.0065613,0.0061035,-0.025635,2.2757,0.056152,0
0.012054,0.007019,-0.037842,2.0482,0.052795,0
0.022583,0.013733,-0.04425,2.5033,0.056763,0
0.026093,0.019684,-0.054169,2.5033,0.064087,0
0.02182,0.023499,-0.074158,2.0482,0.067749,0
0.016632,0.023651,-0.093536,1.8206,0.070496,0
0.014343,0.023956,-0.1004,2.0482,0.074463,0
0.011444,0.024872,-0.095673,1.5931,0.081177,0
0.0088501,0.02243,-0.087891,2.2757,0.089417,0
0.0042725,0.018158,-0.071106,2.5033,0.099182,0
-0.0035095,0.0074768,-0.045319,2.5033,0.1059,0
-0.0056458,-0.0076294,-0.021667,2.2757,0.10712,0
-0.0022888,-0.017548,-0.0062561,2.0482,0.10254,0
0.0024414,-0.020905,0.0091553,1.5931,0.094299,0
0.0097656,-0.02243,0.02533,1.5931,0.087585,0
0.014801,-0.020142,0.036316,1.8206,0.084839,0
0.014343,-0.014191,0.037231,2.7309,0.085144,0
0.013733,-0.007782,0.020447,2.0482,0.086365,0
0.0082397,-0.0038147,-0.0076294,2.7309,0.089111,0
0.0019836,-0.002594,-0.023041,1.5931,0.088501,0
-0.0016785,-0.0045776,-0.016479,2.2757,0.084534,0
-0.0032043,-0.00015259,-0.011139,2.5033,0.077515,0
-0.0071716,0.01709,-0.0048828,2.2757,0.065613,0
-0.0083923,0.032959,0.011292,2.2757,0.05188,0
-0.0080872,0.029144,0.021973,2.7309,0.044861,0
-0.0099182,0.010834,0.014954,2.2757,0.045471,0
-0.011597,0.0027466,0.0027466,3.186,0.054932,0
-0.014038,0.0057983,-0.00061035,3.4135,0.066833,0
-0.019836,0.007782,-0.005188,2.7309,0.070801,0
-0.024872,0.0032043,-0.016479,2.2757,0.064392,0
-0.025635,-0.0028992,-0.023651,2.7309,0.054016,0
-0.02182,-0.0027466,-0.022125,2.7309,0.046692,0
-0.014648,0.0056458,-0.011902,2.5033,0.041809,0
-0.009613,0.012512,-0.00061035,2.2757,0.04303,0
-0.014191,0.010071,-0.0016785,2.5033,0.047913,0
-0.018463,0.0036621,-0.016174,3.6411,0.050049,0
-0.016632,-0.0010681,-0.023193,2.7309,0.049438,0
-0.0093079,-0.0013733,-0.0177,2.7309,0.046082,0
-0.0016785,-0.0015259,-0.015411,2.7309,0.040283,0
0.002594,-0.00091553,-0.015717,2.9584,0.034485,0
0.00061035,-0.00061035,-0.014496,2.7309,0.029297,0
-0.0033569,-0.0012207,-0.0073242,2.9584,0.030823,0
-0.0079346,-0.0022888,0.0062561,2.5033,0.036621,0
-0.009613,-0.0038147,0.0177,1.8206,0.041809,0
-0.007019,-0.0010681,0.020905,1.8206,0.042725,0
-0.0088501,0.0027466,0.015869,2.2757,0.040588,0
-0.0097656,0.0062561,0.0090027,2.2757,0.040283,0
-0.0056458,0.0059509,0.012207,2.7309,0.042725,0
-0.00076294,0.0027466,0.024719,2.7309,0.049133,0
0.0016785,0.00091553,0.032196,2.5033,0.053101,0
0.0019836,0.0019836,0.030212,2.7309,0.05249,0
0.005188,0.0018311,0.020905,2.9584,0.045166,0
0.011139,0.0018311,0.011902,2.7309,0.033569,0
0.020142,0.0028992,0.017853,2.2757,0.023499,0
0.034485,0.0033569,0.037842,1.8206,0.021667,0
0.048828,0.0032043,0.053864,1.8206,0.028687,0
0.057068,0.0041199,0.057526,1.5931,0.040283,0
0.056305,0.0059509,0.049896,1.8206,0.049438,0
0.046539,0.0047302,0.0354,2.5033,0.052795,0
0.032806,0.00045776,0.018005,2.7309,0.050354,0
0.024414,-0.0012207,0.0047302,2.5033,0.04364,0
0.018311,-0.0024414,0.0013733,2.5033,0.033875,0
0.0059509,-0.0045776,0.013123,2.0482,0.02594,0
-0.0038147,-0.0061035,0.037231,2.7309,0.022583,0
-0.0088501,-0.0056458,0.055389,2.5033,0.026855,0
-0.016785,-0.0062561,0.052795,2.5033,0.033569,0
-0.02594,-0.011444,0.040894,2.9584,0.039062,0
-0.033264,-0.017395,0.031738,2.0482,0.039978,0
-0.035248,-0.021515,0.021973,2.9584,0.036316,0
-0.039825,-0.02121,0.0074768,2.2757,0.028687,0
-0.042877,-0.019531,-0.0030518,1.3655,0.013733,0
-0.039825,-0.017853,-0.0071716,2.0482,-0.0027466,0
-0.036163,-0.013885,-0.011902,2.5033,-0.0061035,0
-0.033264,-0.010834,-0.023651,3.4135,0,0
-0.026398,-0.01358,-0.039673,2.7309,0.010681,0
-0.021973,-0.014496,-0.052948,2.9584,0.016479,0
-0.023499,-0.014954,-0.06073,2.5033,0.013733,0
-0.024109,-0.019073,-0.059662,2.0482,0.0085449,0
-0.023499,-0.022583,-0.051422,1.3655,0.0030518,0
-0.02121,-0.022736,-0.045776,2.0482,-0.0027466,0
-0.018768,-0.02182,-0.042725,2.2757,-0.0064087,0
-0.0177,-0.02243,-0.028839,2.9584,-0.0061035,0
-0.015869,-0.022583,-0.004425,2.5033,-0.0021362,0
-0.012207,-0.021515,0.004425,2.7309,0.0027466,0
-0.0094604,-0.019226,-0.0091553,2.5033,0.0076294,0
-0.011597,-0.011749,-0.028687,2.2757,0.0067139,0
-0.017395,-0.0038147,-0.046844,2.0482,-0.0018311,0
-0.02655,0.00076294,-0.056,2.2757,-0.010986,0
-0.026398,0.0018311,-0.049438,2.7309,-0.014343,0
-0.018158,-0.00015259,-0.028381,2.5033,-0.0094604,0
0.0085449,-0.0021362,0.010529,2.7309,0.00030518,0
0.04425,-0.00061035,0.066528,1.8206,0.0061035,0
0.062408,0.0050354,0.11795,2.0482,0.005188,0
0.049744,0.0071716,0.14359,2.7309,-0.0039673,0
0.032501,0.0013733,0.14694,2.2757,-0.012817,0
0.026245,-0.0018311,0.13611,2.2757,-0.019531,0
0.025024,0.0059509,0.11993,1.5931,-0.022888,0
0.027161,0.011749,0.10086,1.8206,-0.027771,0
0.029907,0.010223,0.084839,2.2757,-0.036316,0
0.028076,0.010529,0.081787,2.0482,-0.047913,0
0.025024,0.016327,0.081635,2.7309,-0.059204,0
0.018768,0.020599,0.068054,2.2757,-0.071411,0
0.010681,0.021515,0.040894,1.3655,-0.076294,0
0.0030518,0.022736,0.025482,1.5931,-0.06958,0
-0.0015259,0.022736,0.028381,2.0482,-0.050659,0
-0.0039673,0.018768,0.028992,2.2757,-0.030518,0
-0.0036621,0.017242,0.013123,2.5033,-0.020752,0
-0.0032043,0.019531,-0.016785,2.2757,-0.023193,0
-0.0013733,0.030365,-0.037689,2.9584,-0.035095,0
0.0053406,0.04425,-0.027618,2.5033,-0.048828,0
0.011139,0.050659,0.0028992,2.5033,-0.053711,0
0.013733,0.045166,0.031891,2.9584,-0.047913,0
0.01297,0.03418,0.050354,2.9584,-0.037537,0
0.016937,0.025177,0.053406,2.7309,-0.029297,0
0.020752,0.022278,0.04837,2.0482,-0.028381,0
0.015564,0.020294,0.053558,2.2757,-0.03418,0
0.009613,0.016022,0.069122,2.5033,-0.039978,0
0.0068665,0.0093079,0.076294,2.5033,-0.045471,0
0.0036621,0.0015259,0.067444,2.5033,-0.046692,0
-0.0056458,-0.0062561,0.041199,2.7309,-0.047302,0
-0.015717,-0.0083923,0.029297,2.7309,-0.049744,0
-0.025177,-0.010223,0.044403,2.2757,-0.053406,0
-0.028076,-0.019073,0.054016,2.7309,-0.06012,0
-0.01709,-0.027313,0.04715,2.5033,-0.062866,0
-0.0059509,-0.032959,0.044098,1.8206,-0.059204,0
-0.0041199,-0.038605,0.049286,1.8206,-0.05249,0
-0.0048828,-0.044403,0.057526,2.2757,-0.050354,0
-0.0068665,-0.046539,0.063782,0.91037,-0.049438,0
-0.007019,-0.043182,0.050659,2.7309,-0.047607,0
0.0015259,-0.0383,0.011139,2.9584,-0.043335,0
0.011902,-0.035553,-0.028992,2.9584,-0.039368,0
0.020447,-0.035706,-0.052643,2.2757,-0.035706,0
0.023041,-0.041962,-0.064087,2.2757,-0.03479,0
0.014343,-0.04776,-0.069275,2.0482,-0.035095,0
0.0013733,-0.046234,-0.077209,2.0482,-0.037231,0
-0.010529,-0.027161,-0.071259,2.2757,-0.040588,0
-0.012817,-0.0013733,-0.039215,2.5033,-0.038147,0
-0.013275,-0.0016785,-0.021515,2.2757,-0.031433,0
-0.010834,-0.028076,-0.053558,2.2757,-0.022583,0
-0.007782,-0.045471,-0.08606,2.2757,-0.020447,0
-0.0038147,-0.034943,-0.089874,2.7309,-0.025635,0
0.0012207,-0.018158,-0.077209,2.5033,-0.031433,0
0.005188,-0.020142,-0.050507,1.5931,-0.033875,0
0.0065613,-0.03006,-0.030975,2.7309,-0.031128,0
0.0033569,-0.031128,-0.023956,2.5033,-0.025635,0
-0.0010681,-0.028839,0.0042725,2.2757,-0.020142,0
-0.0054932,-0.032959,0.047302,2.2757,-0.015869,0
-0.0039673,-0.040283,0.05722,2.2757,-0.014648,0
0.0032043,-0.033722,0.039978,2.9584,-0.016785,0
0.010376,0.004425,0.028229,2.7309,-0.019226,0
0.014038,0.053864,0.018311,2.9584,-0.018616,0
0.021515,0.07019,0.0030518,2.5033,-0.0073242,0
0.023804,0.051117,-0.01297,2.9584,0.018005,0
0.02243,0.039368,-0.020142,2.5033,0.046387,0
0.018768,0.047455,-0.015564,2.7309,0.067139,0
0.015869,0.053558,-0.00061035,2.2757,0.072937,0
0.017853,0.04715,0.027161,2.5033,0.066223,0
0.020142,0.044403,0.065308,2.7309,0.057373,0
0.018311,0.049133,0.10773,2.5033,0.053101,0
0.018158,0.042267,0.12955,2.5033,0.055847,0
0.014954,0.03006,0.12115,2.5033,0.06073,0
0.0062561,0.023651,0.103,2.5033,0.065002,0
-0.0079346,0.022736,0.070953,2.2757,0.067139,0
-0.016479,0.020447,0.027618,2.5033,0.065613,0
-0.015259,0.013733,0.00015259,2.7309,0.065613,0
-0.01358,0.0053406,-0.0036621,2.0482,0.066528,0
-0.015869,0.0054932,0.0059509,2.0482,0.069275,0
-0.014191,0.0091553,0.018616,2.5033,0.072632,0
-0.013123,0.012207,0.039368,1.3655,0.076599,0
-0.017548,0.014801,0.06897,2.7309,0.084229,0
-0.021057,0.013123,0.089111,2.7309,0.093689,0
-0.02121,0.010071,0.093842,2.2757,0.10284,0
-0.0062561,0.0056458,0.083313,2.5033,0.10864,0
0.015259,-0.0013733,0.062408,2.5033,0.11353,0
0.026703,-0.0042725,0.049438,2.5033,0.11932,0
0.021057,-0.0042725,0.0383,2.0482,0.12848,0
0.0076294,-0.0073242,0.028992,1.8206,0.13275,0
-0.0059509,-0.01236,0.026855,1.8206,0.13458,0
-0.018005,-0.016632,0.010071,2.5033,0.13733,0
-0.027771,-0.021515,-0.020599,1.8206,0.14465,0
-0.033264,-0.022125,-0.034637,2.7309,0.1532,0
-0.036163,-0.015717,-0.050659,2.0482,0.15839,0
-0.039825,-0.01358,-0.093079,2.5033,0.15869,0
-0.038452,-0.016174,-0.11795,2.5033,0.15656,0
-0.033112,-0.016022,-0.093994,1.8206,0.15472,0
-0.030212,-0.016479,-0.061035,1.8206,0.15656,0
-0.024719,-0.02121,-0.044556,2.0482,0.16357,0
-0.010529,-0.027008,-0.031738,2.0482,0.17456,0
0.0048828,-0.029144,-0.014038,2.2757,0.18188,0
0.017853,-0.028076,-0.0042725,2.2757,0.1825,0
0.023956,-0.029602,-0.0018311,2.0482,0.17883,0
0.020142,-0.032501,0.0010681,2.0482,0.17609,0
0.015717,-0.0354,0.00045776,2.2757,0.1767,0
0.012665,-0.037689,-0.0068665,2.5033,0.17822,0
0.0083923,-0.039673,-0.024872,2.2757,0.18158,0
0.0028992,-0.041809,-0.03418,2.2757,0.1825,0
-0.0013733,-0.028229,-0.014801,2.7309,0.18188,0
-0.0083923,-0.010376,0.0039673,2.5033,0.17609,0
-0.022125,-0.011597,-0.013123,2.5033,0.16815,0
-0.037079,-0.017548,-0.054932,2.0482,0.15991,0
-0.03891,-0.011597,-0.07431,2.2757,0.15411,0
-0.022736,-0.0059509,-0.054016,2.2757,0.15045,0
-0.0028992,-0.011139,-0.02243,2.5033,0.14984,0
0.0080872,-0.016022,-0.0076294,2.5033,0.15045,0
0.014191,-0.0065613,-0.014343,2.7309,0.15076,0
0.016022,0.007782,-0.02243,3.186,0.14465,0
0.014801,0.0073242,-0.0097656,2.2757,0.13336,0
0.01236,-0.0065613,0.0074768,2.2757,0.12695,0
0.0064087,-0.013123,0.0065613,2.0482,0.12939,0
-0.0048828,-0.007019,-0.009613,1.8206,0.1358,0
-0.021515,-0.005188,-0.020599,1.3655,0.13458,0
-0.03479,-0.012665,-0.0056458,2.0482,0.11932,0
-0.039825,-0.017395,0.026398,2.5033,0.10345,0
-0.031586,-0.014801,0.045166,2.2757,0.09613,0
-0.009613,-0.012207,0.035858,2.0482,0.097656,0
0.011902,-0.011597,0.0079346,2.0482,0.10132,0
0.026855,-0.0094604,-0.016785,1.8206,0.10437,0
0.027771,-0.0019836,-0.028076,2.2757,0.10834,0
0.022278,0.0050354,-0.035858,2.5033,0.10803,0
0.01709,0.0065613,-0.035095,2.0482,0.10345,0
0.019073,0.0068665,-0.014191,2.2757,0.092468,0
0.025177,0.012665,-0.0012207,2.0482,0.082092,0
0.026093,0.019684,-0.014496,2.5033,0.083923,0
0.020142,0.019226,-0.036621,2.7309,0.098267,0
0.010681,0.014648,-0.05127,2.2757,0.11658,0
-0.0010681,0.010376,-0.061798,2.2757,0.12787,0
-0.0012207,0.0085449,-0.077057,2.9584,0.12878,0
0.01236,0.010834,-0.086517,2.9584,0.12146,0
0.019684,0.01236,-0.091705,2.7309,0.10895,0
0.021515,0.0019836,-0.10315,2.7309,0.09613,0
0.027924,-0.017548,-0.11627,2.9584,0.084534,0
0.035858,-0.029144,-0.12161,2.0482,0.076294,0
0.031891,-0.0354,-0.11551,2.5033,0.068054,0
0.018921,-0.045776,-0.099945,2.5033,0.066223,0
0.0088501,-0.049438,-0.082397,2.5033,0.072327,0
0.0064087,-0.037994,-0.084229,2.7309,0.077515,0
0.0064087,-0.031738,-0.11078,2.7309,0.07782,0
0.004425,-0.032501,-0.15244,2.7309,0.074463,0
-0.00015259,-0.021362,-0.20264,2.2757,0.070496,0
-0.005188,-0.00076294,-0.24506,2.7309,0.066223,0
-0.0057983,0.018311,-0.271,2.0482,0.062561,0
-0.0071716,0.025177,-0.29266,2.0482,0.06134,0
-0.0080872,0.022736,-0.32196,2.9584,0.059814,0
-0.010071,0.023956,-0.35492,2.2757,0.063477,0
-0.018005,0.026703,-0.38193,1.5931,0.066223,0
-0.027771,0.023804,-0.40039,1.8206,0.062866,0
-0.033112,0.020905,-0.40497,1.8206,0.054321,0
-0.029755,0.027313,-0.39948,2.0482,0.040894,0
-0.020142,0.03006,-0.40253,2.2757,0.026245,0
-0.0079346,0.023651,-0.41672,2.0482,0.0085449,0
0.0024414,0.015411,-0.42084,1.1379,-0.0054932,0
0.0088501,0.012207,-0.41718,2.2757,-0.0030518,0
0.0090027,0.011597,-0.42267,2.0482,0.014038,0
0.0035095,0.0076294,-0.43289,2.2757,0.035706,0
-0.0012207,0.005188,-0.44312,2.7309,0.052185,0
-0.0010681,0.0059509,-0.4628,2.2757,0.058594,0
-0.00076294,0.0054932,-0.48599,2.0482,0.063171,0
0.00061035,0.0088501,-0.49835,1.3655,0.067444,0
0.0018311,0.024872,-0.49042,2.5033,0.07019,0
0.0019836,0.037384,-0.47684,2.7309,0.067444,0
0.0035095,0.032959,-0.48203,3.186,0.058289,0
0.004425,0.021362,-0.49622,2.2757,0.042725,0
0.0091553,0.014343,-0.49759,2.2757,0.024109,0
0.016785,0.016022,-0.48676,2.5033,0.0054932,0
0.018311,0.021057,-0.47958,2.5033,-0.0018311,0
0.011292,0.023346,-0.48096,3.186,0.0054932,0
0.0035095,0.018921,-0.48309,2.9584,0.027466,0
0.0016785,0.013275,-0.49164,2.7309,0.055237,0
0.004425,0.0097656,-0.49759,2.2757,0.071106,0
0.0033569,0.007019,-0.48294,2.2757,0.06958,0
0.002594,0.0057983,-0.46432,2.2757,0.06073,0
0.005188,0.0056458,-0.44403,2.7309,0.059509,0
0.0079346,0.0056458,-0.39948,2.7309,0.065918,0
0.0086975,0.0027466,-0.32303,2.5033,0.071411,0
0.0057983,-0.0036621,-0.24277,2.2757,0.064697,0
0.0032043,-0.012817,-0.18295,2.0482,0.045776,0
0.0012207,-0.021515,-0.12543,3.186,0.02533,0
0.0028992,-0.024414,-0.035706,2.9584,0.018311,0
0.007019,-0.018616,0.088959,2.2757,0.025024,0
0.0088501,-0.0082397,0.22751,2.7309,0.04303,0
0.010376,0.0038147,0.35431,2.0482,0.064087,0
0.0082397,0.014496,0.46539,1.8206,0.073242,0
0.0042725,0.014648,0.56015,2.5033,0.053406,0
0.0022888,-0.0013733,0.63782,2.5033,0.010376,0
0.0013733,-0.02121,0.71899,2.0482,-0.029602,0
-0.004425,-0.036316,0.79926,2.2757,-0.039062,0
-0.011139,-0.052185,0.86273,2.2757,-0.015564,0
-0.015106,-0.062714,0.91064,2.5033,0.019531,0
-0.019989,-0.062561,0.96268,2.2757,0.046082,0
-0.023651,-0.055084,1.0229,2.5033,0.04425,0
-0.02655,-0.049133,1.0764,1.8206,0.013428,0
-0.033264,-0.050049,1.1128,2.0482,-0.020142,0
-0.033264,-0.056305,1.1401,2.2757,-0.040283,0
-0.026398,-0.056915,1.1662,2.2757,-0.032043,0
-0.015869,-0.04303,1.1887,1.5931,0.00030518,0
-0.011292,-0.014191,1.1964,2.0482,0.036926,0
-0.011597,0.013275,1.1923,1.5931,0.053101,0
-0.009613,0.020142,1.2077,2.0482,0.033264,0
-0.0062561,0.021362,1.2457,2.0482,-0.010986,0
0.0018311,0.031128,1.2666,2.0482,-0.052795,0
0.0073242,0.045929,1.2598,2.5033,-0.065613,0
0.010071,0.062103,1.2486,2.7309,-0.047302,0
0.0080872,0.073547,1.2434,2.0482,-0.017395,0
0.002594,0.079346,1.2494,2.0482,0.00091553,0
-0.0013733,0.081482,1.2544,2.5033,-0.0039673,0
0.00045776,0.082245,1.2328,2.7309,-0.024414,0
0.0028992,0.095825,1.1934,2.5033,-0.047607,0
0.004425,0.12436,1.1594,2.7309,-0.062866,0
0.0085449,0.13763,1.127,2.2757,-0.068665,0
0.012512,0.12619,1.0802,2.0482,-0.069275,0
0.01709,0.10925,1.0141,1.8206,-0.06897,0
0.020294,0.10071,0.94223,2.7309,-0.073547,0
0.023956,0.095673,0.87738,2.5033,-0.084534,0
0.02121,0.084839,0.81467,2.2757,-0.098877,0
0.013428,0.075378,0.73853,2.5033,-0.10895,0
0.0036621,0.073395,0.65475,2.7309,-0.10712,0
0.00061035,0.066833,0.5867,2.2757,-0.1001,0
0.0010681,0.049286,0.52734,2.2757,-0.093689,0
0.0047302,0.035248,0.46844,2.2757,-0.093689,0
0.0041199,0.029449,0.41992,2.5033,-0.096741,0
0,0.015564,0.37216,2.9584,-0.089417,0
-0.0086975,-0.0086975,0.30701,2.7309,-0.069885,0
-0.018158,-0.017242,0.233,2.7309,-0.041809,0
-0.020142,-0.010834,0.17502,2.5033,-0.024414,0
-0.0018311,-0.0022888,0.14648,2.7309,-0.028381,0
0.016022,0.0041199,0.12253,1.8206,-0.056458,0
0.023346,0.0083923,0.071869,1.8206,-0.093689,0
0.014801,-0.0039673,0.0067139,1.8206,-0.12177,0
0.0016785,-0.028839,-0.067596,1.8206,-0.13275,0
-0.0039673,-0.043335,-0.14801,2.0482,-0.13519,0
-0.00061035,-0.037994,-0.18494,2.7309,-0.14069,0
0.0061035,-0.022125,-0.18219,2.7309,-0.15381,0
0.013733,-0.011597,-0.20981,2.7309,-0.17639,0
0.022125,-0.013885,-0.28275,1.8206,-0.19775,0
0.032349,-0.024719,-0.35416,2.0482,-0.20203,0
0.039825,-0.033875,-0.39062,2.5033,-0.18066,0
0.043945,-0.041962,-0.38864,2.5033,-0.14313,0
0.04364,-0.054474,-0.36774,2.2757,-0.11139,0
0.035553,-0.068817,-0.3746,1.8206,-0.10559,0
0.02243,-0.071716,-0.44632,2.0482,-0.12909,0
0.007782,-0.058441,-0.5571,2.5033,-0.15411,0
-0.0061035,-0.042725,-0.6459,2.2757,-0.16022,0
-0.015869,-0.032959,-0.68115,1.3655,-0.14374,0
-0.014801,-0.028229,-0.66864,1.5931,-0.11749,0
-0.014038,-0.030518,-0.63904,2.2757,-0.098877,0
-0.021667,-0.029602,-0.62454,2.9584,-0.097656,0
-0.02121,-0.016174,-0.62988,2.5033,-0.10956,0
-0.012054,-0.0039673,-0.64667,2.2757,-0.11963,0
-0.01358,-0.0038147,-0.66696,1.8206,-0.11902,0
-0.028076,-0.010681,-0.68146,2.5033,-0.10559,0
-0.037994,-0.017395,-0.68115,2.7309,-0.085449,0
-0.037079,-0.022583,-0.67169,2.5033,-0.073242,0
-0.032196,-0.031433,-0.66605,2.5033,-0.068359,0
-0.024109,-0.042114,-0.6427,2.7309,-0.069275,0
-0.015259,-0.045013,-0.58487,2.5033,-0.073547,0
0.0021362,-0.046082,-0.54352,2.7309,-0.080566,0
0.015869,-0.041962,-0.54626,2.2757,-0.083008,0
0.017395,-0.027466,-0.55038,2.7309,-0.081177,0
0.01358,-0.019989,-0.5278,2.5033,-0.081177,0
0.0073242,-0.025482,-0.51086,2.5033,-0.081177,0
0.0035095,-0.03067,-0.51147,2.9584,-0.080872,0
0.0032043,-0.031433,-0.50385,2.7309,-0.076294,0
0.00091553,-0.032196,-0.48981,2.7309,-0.066833,0
-0.0076294,-0.034332,-0.4805,2.0482,-0.053406,0
-0.016174,-0.034485,-0.46082,2.7309,-0.041504,0
-0.02121,-0.03479,-0.43274,1.8206,-0.031433,0
-0.022125,-0.037994,-0.40222,1.8206,-0.018616,0
-0.019073,-0.039368,-0.36682,2.2757,-0.005188,0
-0.013275,-0.037079,-0.33661,2.5033,0.0039673,0
-0.0076294,-0.031891,-0.31189,2.7309,0.0027466,0
0.0021362,-0.032349,-0.28458,1.5931,-0.00061035,0
0.011444,-0.037994,-0.27252,2.5033,0.005188,0
0.013733,-0.043335,-0.27588,2.2757,0.023804,0
0.0097656,-0.042419,-0.2713,2.0482,0.04364,0
0.0071716,-0.036621,-0.26184,1.8206,0.05188,0
0.005188,-0.03418,-0.2623,2.0482,0.046692,0
0.0056458,-0.034027,-0.26016,2.5033,0.033264,0
0.0047302,-0.033722,-0.25574,2.2757,0.022583,0
0.00030518,-0.036316,-0.24979,2.7309,0.020447,0
-0.00030518,-0.041962,-0.22842,2.7309,0.032654,0
0.0071716,-0.050201,-0.21423,1.8206,0.056763,0
0.015564,-0.063477,-0.21454,2.2757,0.086975,0
0.022736,-0.053253,-0.20615,2.5033,0.11383,0
0.020447,-0.020905,-0.18219,2.9584,0.13,0
0.011444,-0.004425,-0.16495,2.5033,0.13733,0
-0.0010681,-0.0068665,-0.17868,2.2757,0.14374,0
-0.0048828,-0.0042725,-0.19272,2.0482,0.15564,0
-0.0021362,0.0059509,-0.18799,2.5033,0.177,0
0.0042725,0.0062561,-0.18524,2.7309,0.20752,0
0.015717,-0.009613,-0.18311,3.186,0.2417,0
0.019684,-0.021515,-0.15732,2.7309,0.27283,0
0.01236,-0.017853,-0.1207,2.7309,0.29694,0
0.0064087,-0.0030518,-0.10925,3.186,0.31128,0
0.0090027,0.0097656,-0.12207,2.9584,0.31464,0
0.010834,0.012665,-0.13443,2.7309,0.30914,0
0.0083923,0.01236,-0.14435,2.2757,0.30701,0
0.0038147,0.018616,-0.14954,2.5033,0.31769,0
0.00061035,0.027008,-0.1503,2.0482,0.34393,0
-0.0019836,0.024872,-0.14252,2.5033,0.3656,0
-0.0057983,0.020599,-0.11917,2.5033,0.36743,0
-0.010834,0.024414,-0.091705,2.5033,0.34912,0
-0.014191,0.025635,-0.070801,2.5033,0.32532,0
-0.015259,0.02121,-0.040436,2.5033,0.31372,0
-0.012054,0.020752,0.005188,2.5033,0.32166,0
-0.0073242,0.023193,0.050201,2.5033,0.34058,0
-0.0042725,0.021057,0.068817,2.5033,0.35614,0
-0.0013733,0.014038,0.064545,1.8206,0.36011,0
0.00076294,0.010376,0.053406,2.2757,0.35889,0
0.00045776,0.012054,0.045319,2.0482,0.35828,0
-0.0015259,0.015717,0.042877,2.2757,0.36072,0
0,0.0177,0.03952,2.0482,0.36133,0
-0.00061035,0.018616,0.026398,2.0482,0.3598,0
-0.0082397,0.015106,0.012817,2.5033,0.36011,0
-0.012665,0.0086975,0.0093079,3.186,0.36072,0
-0.005188,0.0061035,0.014191,2.2757,0.35278,0
0.0027466,0.0057983,0.017548,2.0482,0.32745,0
0.0080872,0.0035095,0.018768,2.7309,0.29419,0
0.012207,-0.00061035,0.025787,2.2757,0.2655,0
0.015106,-0.0061035,0.024719,2.7309,0.24811,0
0.014954,-0.0080872,0.01236,2.7309,0.24078,0
0.01297,-0.0042725,0.0094604,2.0482,0.22888,0
0.015259,0.0018311,0.017242,2.9584,0.20538,0
0.018463,0.0059509,0.023651,2.0482,0.17609,0
0.013275,0.010376,0.03006,2.2757,0.15137,0
0.0054932,0.014496,0.040436,2.0482,0.13519,0
0.0028992,0.016327,0.053101,2.2757,0.1239,0
0.0039673,0.016479,0.067749,2.7309,0.1123,0
0.01236,0.015564,0.076904,2.7309,0.10529,0
0.022736,0.019531,0.070801,2.9584,0.10284,0
0.027008,0.024414,0.05722,2.0482,0.097656,0
0.022888,0.018921,0.046844,2.0482,0.082397,0
0.021973,0.01358,0.03952,2.7309,0.061035,0
0.02243,0.013733,0.031891,2.7309,0.041199,0
0.015717,0.016174,0.027008,2.7309,0.02594,0
0.0080872,0.01709,0.033264,2.7309,0.013733,0
0.0016785,0.021057,0.037842,2.7309,0.0030518,0
-0.0079346,0.023193,0.031891,2.9584,-0.0091553,0
-0.016632,0.018158,0.026093,3.186,-0.021057,0
-0.024261,0.0062561,0.017853,3.186,-0.032959,0
-0.033264,-0.007019,0.00045776,2.0482,-0.041504,0
-0.0383,-0.012665,-0.0016785,2.7309,-0.046082,0
-0.042267,-0.007019,0.032501,2.2757,-0.049438,0
-0.041962,-0.0053406,0.087891,2.0482,-0.050354,0
-0.032959,-0.010834,0.13367,2.5033,-0.048828,0
-0.023041,-0.014038,0.16495,1.8206,-0.04364,0
-0.02182,-0.015259,0.16602,2.0482,-0.031738,0
-0.02182,-0.012207,0.14282,1.5931,-0.023499,0
-0.02243,-0.0068665,0.13062,2.2757,-0.027466,0
-0.024261,-0.0050354,0.13168,1.8206,-0.040588,0
-0.026093,0,0.11566,1.3655,-0.052185,0
-0.023651,0.0042725,0.079498,1.5931,-0.057678,0
-0.015106,0.0067139,0.068817,1.8206,-0.057068,0
-0.0064087,0.009613,0.091553,1.8206,-0.054626,0
0.0010681,0.0032043,0.10315,2.5033,-0.052185,0
0.005188,-0.018158,0.089874,2.5033,-0.057068,0
0.0047302,-0.031281,0.082397,2.2757,-0.068665,0
-0.00015259,-0.025787,0.09552,2.0482,-0.073547,0
-0.0038147,-0.017395,0.10529,1.5931,-0.065613,0
-0.0065613,-0.0071716,0.078735,2.5033,-0.047302,0
-0.0088501,0.012054,0.023499,1.8206,-0.024109,0
-0.0064087,0.033264,-0.031128,2.5033,-0.0030518,0
0.00030518,0.047455,-0.062256,2.9584,0.0061035,0
0.0059509,0.05249,-0.071411,2.5033,0.0036621,0
-0.0018311,0.04425,-0.066071,2.7309,-0.0042725,0
-0.010834,0.031281,-0.059814,2.5033,-0.011597,0
-0.012665,0.023499,-0.055389,2.0482,-0.0091553,0
-0.0064087,0.018463,-0.042877,2.2757,-0.0039673,0
0.0015259,0.012817,-0.02594,3.186,-0.005188,0
0.015259,0.0088501,-0.017395,2.7309,-0.014954,0
0.029144,0.007019,-0.014038,2.5033,-0.02533,0
0.034637,0.0039673,-0.0041199,2.5033,-0.031433,0
0.031738,0.0053406,0.021362,2.5033,-0.031433,0
0.029602,0.010223,0.048218,2.5033,-0.032043,0
0.029602,0.0082397,0.058441,2.5033,-0.030518,0
0.034943,0.0032043,0.056305,2.2757,-0.028687,0
0.039215,0.0019836,0.050354,2.7309,-0.031128,0
0.036011,0.00076294,0.046082,2.7309,-0.038452,0
0.027618,-0.0033569,0.045929,2.2757,-0.046387,0
0.014648,-0.0059509,0.048828,2.5033,-0.048523,0
0.0013733,-0.0057983,0.052338,2.7309,-0.044861,0
-0.0076294,-0.0045776,0.051117,2.5033,-0.040894,0
-0.017548,-0.0039673,0.041504,1.8206,-0.044861,0
-0.016937,-0.00030518,0.036926,2.5033,-0.054932,0
-0.013123,0.005188,0.045776,2.9584,-0.063171,0
-0.014191,0.0064087,0.056763,2.2757,-0.065002,0
-0.02243,-0.0010681,0.056152,2.5033,-0.058594,0
-0.022888,-0.0099182,0.045471,2.2757,-0.050354,0
-0.017853,-0.01236,0.036774,2.0482,-0.046082,0
-0.0065613,-0.010834,0.032806,2.0482,-0.046387,0
-0.0016785,-0.0094604,0.036469,2.5033,-0.050354,0
0.0013733,-0.010223,0.047455,2.7309,-0.055237,0
0.0048828,-0.005188,0.047455,2.5033,-0.06073,0
0.0094604,0.0039673,0.030823,2.2757,-0.063171,0
0.013275,0.0024414,0.021973,1.8206,-0.063171,0
0.018768,-0.0057983,0.022736,1.8206,-0.058289,0
0.024109,-0.0086975,0.010986,1.1379,-0.053406,0
0.026855,-0.0041199,-0.0015259,2.5033,-0.054626,0
0.022125,0.00061035,-0.0018311,1.8206,-0.058594,0
0.014954,-0.0022888,0.0035095,1.8206,-0.062561,0
0.0085449,-0.012512,0.018616,2.2757,-0.067139,0
-0.00076294,-0.015259,0.041199,2.2757,-0.066223,0
-0.0091553,-0.010071,0.055542,2.2757,-0.059814,0
-0.013885,-0.0065613,0.059967,2.2757,-0.048218,0
-0.019836,-0.0094604,0.072327,2.2757,-0.033875,0
-0.025482,-0.014648,0.099182,1.8206,-0.021973,0
-0.032806,-0.022125,0.11887,2.5033,-0.014038,0
-0.03006,-0.026398,0.1149,2.5033,-0.0064087,0
-0.020294,-0.020599,0.10117,2.2757,-0.00030518,0
-0.009613,-0.014648,0.096588,2.0482,0.0027466,0
0.0018311,-0.01236,0.076447,2.2757,0.0033569,0
0.010834,0.0015259,0.051422,2.5033,0.0076294,0
0.0041199,0.027618,0.052185,2.7309,0.013123,0
-0.01358,0.035248,0.061188,2.5033,0.019531,0
-0.029602,0.031433,0.052643,2.7309,0.026855,0
-0.030975,0.031128,0.020447,2.5033,0.032654,0
-0.023651,0.029449,-0.010834,2.9584,0.0354,0
-0.0053406,0.028229,-0.019379,2.7309,0.03479,0
0.010681,0.026398,-0.015869,3.186,0.03418,0
0.01297,0.014801,-0.007782,3.186,0.037537,0
0.0042725,0.0016785,0.0015259,2.9584,0.044556,0
-0.0021362,-0.0012207,0.0074768,2.7309,0.05249,0
-0.0022888,0.005188,0.0036621,2.2757,0.055847,0
-0.0056458,0.018158,-0.0085449,2.5033,0.049744,0
-0.01236,0.019531,-0.028839,2.7309,0.034485,0
-0.018616,0.0012207,-0.029297,2.5033,0.016479,0
-0.011597,-0.020294,-0.0057983,2.2757,0.0033569,0
0.0048828,-0.016937,0.02533,2.7309,-0.0027466,0
0.019684,0.013885,0.05722,2.2757,0.0012207,0
0.025024,0.026855,0.072327,2.5033,0.0042725,0
0.020294,0.015564,0.066528,1.8206,0.00091553,0
0.010681,0.0090027,0.053864,1.5931,-0.0088501,0
-0.00091553,0.010223,0.043488,1.8206,-0.018311,0
-0.012054,0.0053406,0.034332,2.0482,-0.022278,0
-0.015106,-0.0064087,0.030365,1.8206,-0.022583,0
-0.013885,-0.011444,0.033875,2.7309,-0.021057,0
-0.014496,-0.005188,0.037537,2.5033,-0.018005,0
-0.014343,-0.00061035,0.036469,1.8206,-0.015564,0
-0.0093079,-0.0061035,0.025024,2.7309,-0.011902,0
-0.0045776,-0.0091553,0.0064087,2.2757,-0.011292,0
0.0024414,-0.0065613,0.0024414,2.0482,-0.014648,0
0.018616,-0.010834,0.019836,2.2757,-0.02533,0
0.023499,-0.019989,0.0383,2.2757,-0.037231,0
0.018005,-0.016785,0.044403,1.8206,-0.045776,0
0.013428,-0.0082397,0.040283,2.7309,-0.048828,0
0.0085449,-0.0054932,0.024414,2.2757,-0.049744,0
0.0038147,-0.0039673,0.0027466,2.7309,-0.044861,0
0.002594,-0.00030518,-0.010529,2.2757,-0.034485,0
0.0097656,0.0033569,-0.014496,2.2757,-0.023804,0
0.018311,0.0083923,-0.020905,3.186,-0.01709,0
0.02533,0.015259,-0.029449,2.7309,-0.016785,0
0.029602,0.01709,-0.025635,2.7309,-0.016174,0
0.028839,0.013733,-0.0015259,2.0482,-0.010681,0
0.019684,0.011292,0.027924,2.5033,0.0012207,0
0.014038,0.0085449,0.044098,2.7309,0.0177,0
0.015106,0.0032043,0.051575,2.5033,0.031128,0
0.016632,-0.0036621,0.054016,2.7309,0.034485,0
0.022583,-0.0061035,0.049744,3.186,0.027466,0
0.026245,-0.0050354,0.045166,2.7309,0.01709,0
0.035095,-0.0041199,0.04425,2.5033,0.0097656,0
0.052032,-0.005188,0.036469,2.2757,0.0097656,0
0.055237,-0.0079346,0.020447,2.2757,0.013733,0
0.036926,-0.010376,-0.0013733,2.7309,0.020752,0
0.014801,-0.0093079,-0.014038,2.0482,0.028992,0
0.0013733,-0.0012207,-0.013275,2.7309,0.035095,0
-0.0088501,0.0036621,-0.0094604,2.5033,0.036621,0
-0.018311,0.0010681,-0.0033569,2.0482,0.037537,0
-0.02533,-0.0047302,0.011292,1.5931,0.039673,0
-0.033569,-0.005188,0.028534,1.8206,0.043945,0
-0.040894,-0.0024414,0.045013,2.2757,0.05127,0
-0.042419,-0.0016785,0.056915,1.8206,0.06012,0
-0.040741,0,0.058899,2.5033,0.065918,0
-0.038147,0.0012207,0.053864,2.2757,0.07019,0
-0.036011,-0.0028992,0.045013,2.2757,0.072937,0
-0.033264,-0.015564,0.033569,2.2757,0.076904,0
-0.026093,-0.027771,0.027466,2.2757,0.076599,0
-0.013733,-0.024414,0.036621,2.5033,0.079346,0
-0.0030518,-0.01358,0.042877,1.8206,0.082397,0
0.0022888,-0.011597,0.041199,2.0482,0.090942,0
0.00076294,-0.019073,0.04715,2.0482,0.10132,0
-0.0064087,-0.022583,0.053101,1.8206,0.10773,0
-0.012512,-0.018768,0.040741,2.2757,0.10803,0
-0.016327,-0.011139,0.010376,2.2757,0.10345,0
-0.011902,-0.0013733,-0.013428,2.2757,0.099792,0
0.0016785,0.0030518,-0.020905,2.5033,0.1004,0
0.013733,0.0033569,-0.022583,2.7309,0.10345,0
0.019073,-0.0027466,-0.019531,2.5033,0.10986,0
0.016479,-0.016327,-0.0036621,2.7309,0.11292,0
0.0085449,-0.028076,0.023956,2.2757,0.11292,0
0.0050354,-0.024567,0.046844,2.5033,0.10559,0
0.0013733,-0.0094604,0.079346,2.5033,0.09613,0
-0.0030518,0.0019836,0.09903,2.7309,0.090027,0
-0.005188,0.00015259,0.06424,3.4135,0.085449,0
-0.002594,-0.0083923,-0.0028992,2.7309,0.083923,0
-0.0019836,-0.0056458,-0.030975,2.7309,0.081482,0
0.00030518,0.010529,-0.0045776,2.7309,0.075684,0
0.0030518,0.023041,0.01709,2.5033,0.063782,0
0.0068665,0.019073,0.0045776,3.4135,0.048523,0
0.010376,0.011597,-0.018005,2.7309,0.0354,0
0.010529,0.004425,-0.042572,3.186,0.027466,0
0.002594,0.0065613,-0.092316,2.5033,0.024414,0
-0.0054932,0.031433,-0.14969,2.2757,0.026245,0
-0.013428,0.059204,-0.16541,2.0482,0.031433,0
-0.012665,0.058746,-0.12589,2.2757,0.039062,0
-0.012207,0.039215,-0.076752,2.9584,0.04303,0
-0.01236,0.024872,-0.05722,2.2757,0.046387,0
-0.007782,0.015717,-0.057526,2.7309,0.047607,0
0.00045776,0.0093079,-0.052643,2.7309,0.049133,0
0.0062561,0.0090027,-0.041199,2.2757,0.052185,0
0.0076294,0.010986,-0.03952,2.5033,0.057678,0
0.0099182,0.011444,-0.040741,2.2757,0.062256,0
0.010071,0.0099182,-0.036469,2.2757,0.063477,0
0.009613,0.0071716,-0.02182,2.2757,0.057068,0
0.012207,0.0071716,-0.0027466,2.5033,0.049438,0
0.015106,0.0065613,0.012207,2.2757,0.047607,0
0.017853,0.0041199,0.020599,2.9584,0.048218,0
0.015564,-0.00045776,0.021362,2.5033,0.050964,0
0.010834,-0.0041199,0.016632,2.2757,0.054016,0
0.005188,-0.0045776,0.0079346,2.2757,0.054321,0
0.0024414,-0.0035095,0.0054932,2.2757,0.050964,0
0.0033569,-0.0047302,0.016937,2.0482,0.044861,0
0.0053406,-0.0073242,0.031586,2.5033,0.040588,0
0.0062561,-0.0082397,0.031891,2.9584,0.036316,0
0.0050354,-0.007782,0.027771,2.5033,0.035095,0
0.0064087,-0.0047302,0.031586,2.0482,0.033569,0
0.0097656,-0.0032043,0.031586,2.0482,0.030518,0
0.012817,-0.0038147,0.018311,2.7309,0.030212,0
0.011749,-0.0038147,0.0071716,2.5033,0.03479,0
0.0042725,-0.0041199,0.0091553,2.9584,0.04425,0
-0.00061035,-0.0041199,0.023193,2.9584,0.05249,0
0.0048828,-0.0042725,0.040741,1.8206,0.057983,0
0.012665,-0.0038147,0.041656,2.2757,0.063782,0
0.015717,-0.0038147,0.022736,2.2757,0.07019,0
0.015869,-0.0053406,-0.0056458,2.2757,0.076599,0
0.010071,-0.005188,-0.03067,2.7309,0.081787,0
-0.0018311,-0.0024414,-0.037537,2.7309,0.085144,0
-0.011292,-0.00015259,-0.031433,2.7309,0.090027,0
-0.019836,0.0027466,-0.026703,3.186,0.096436,0
-0.031281,0.0047302,-0.023346,2.5033,0.099182,0
-0.040894,0.0036621,-0.027924,2.5033,0.099487,0
-0.046844,0.0030518,-0.033417,2.2757,0.09613,0
-0.047302,0.0057983,-0.032806,2.2757,0.094299,0
-0.037994,0.0076294,-0.033722,2.5033,0.093384,0
-0.011902,0.0080872,-0.033569,2.7309,0.093384,0
0.011902,0.0053406,-0.027008,2.7309,0.088501,0
0.015869,0.0015259,-0.023499,2.0482,0.078125,0
0.010529,0.00061035,-0.029755,2.2757,0.061951,0
0.0073242,-0.0015259,-0.03418,2.2757,0.046387,0
0.00076294,-0.0056458,-0.024872,2.2757,0.033264,0
-0.00076294,-0.0082397,-0.015411,2.5033,0.021057,0
-0.0013733,-0.011902,-0.017853,2.2757,0.012817,0
0.0050354,-0.018768,-0.018158,2.2757,0.0048828,0
0.011139,-0.024719,-0.010376,2.0482,0,0
0.0099182,-0.030975,-0.0097656,2.5033,0.0042725,0
0.0016785,-0.037842,-0.024261,2.2757,0.012512,0
-0.0086975,-0.045624,-0.03952,1.5931,0.020447,0
-0.02243,-0.05188,-0.041351,2.2757,0.022278,0
-0.028534,-0.056,-0.035706,2.5033,0.015869,0
-0.024872,-0.057678,-0.026703,2.5033,0.0073242,0
-0.01358,-0.058136,-0.017853,2.2757,-0.0021362,0
0.00045776,-0.059357,-0.019989,2.0482,-0.011597,0
0.012054,-0.060272,-0.029144,2.2757,-0.021667,0
0.022125,-0.061798,-0.032349,2.5033,-0.03418,0
0.02655,-0.064087,-0.033417,1.8206,-0.052795,0
0.018921,-0.062256,-0.042114,2.0482,-0.089111,0
0.0053406,-0.056152,-0.05249,1.8206,-0.15259,0
-0.0067139,-0.050964,-0.06073,1.8206,-0.21423,0
-0.011139,-0.045319,-0.064697,1.8206,-0.24414,0
-0.0059509,-0.037994,-0.060272,2.2757,-0.23254,0
0.0041199,-0.029602,-0.06134,3.186,-0.18311,0
0.014496,-0.020905,-0.064392,2.5033,-0.1059,0
0.02121,-0.012207,-0.054474,2.2757,-0.018616,0
0.024567,-0.0036621,-0.032806,2.2757,0.062561,0
0.018311,0.0059509,-0.014801,2.5033,0.12177,0
0.0086975,0.014801,0.0015259,2.2757,0.15656,0
-0.00091553,0.02121,0.014801,2.0482,0.16937,0
-0.0061035,0.027618,0.020905,2.7309,0.16571,0
-0.007019,0.031891,0.027924,2.5033,0.15198,0
-0.004425,0.033875,0.029449,2.2757,0.1355,0
-0.0012207,0.035858,0.025482,2.7309,0.12207,0
0.0071716,0.039215,0.028687,2.5033,0.11353,0
0.014801,0.040741,0.039062,2.9584,0.11047,0
0.016785,0.043182,0.051575,2.5033,0.10559,0
0.016479,0.046844,0.066223,2.5033,0.099792,0
0.010529,0.050049,0.075073,2.0482,0.08728,0
0.002594,0.051727,0.071716,2.2757,0.073547,0
0.00015259,0.052948,0.06073,1.3655,0.057068,0
0.0010681,0.055542,0.05249,2.0482,0.041504,0
0.0030518,0.055542,0.051422,2.0482,0.02594,0
0.0027466,0.054779,0.051575,1.8206,0.0079346,0
0.0062561,0.054932,0.050964,2.5033,-0.011597,0
0.007019,0.053711,0.052032,2.2757,-0.028687,0
0.0053406,0.051117,0.062714,2.2757,-0.041199,0
0.0032043,0.047607,0.08194,1.8206,-0.048218,0
-0.0012207,0.045319,0.10345,2.5033,-0.052795,0
-0.0057983,0.045166,0.11902,2.2757,-0.059509,0
-0.010376,0.043488,0.12222,1.5931,-0.065918,0
-0.0076294,0.041504,0.11856,1.5931,-0.067139,0
-0.0033569,0.039062,0.11688,2.0482,-0.061035,0
-0.0022888,0.03479,0.11612,2.2757,-0.049744,0
-0.0016785,0.030212,0.10315,2.2757,-0.039368,0
-0.0022888,0.024719,0.083618,2.2757,-0.030518,0
-0.007019,0.018158,0.076752,2.0482,-0.02533,0
-0.0082397,0.013733,0.081024,1.8206,-0.027466,0
-0.0083923,0.015106,0.081787,2.2757,-0.032959,0
-0.0093079,0.015106,0.076447,2.7309,-0.038147,0
-0.010681,0.011139,0.071106,2.2757,-0.037842,0
-0.013885,0.0065613,0.07431,2.5033,-0.029907,0
-0.02243,0.0048828,0.078278,2.2757,-0.013733,0
-0.024567,0.0059509,0.080872,2.0482,0.0073242,0
-0.016632,0.004425,0.073395,2.9584,0.02655,0
-0.0059509,-0.00030518,0.053406,2.7309,0.039978,0
0.0032043,-0.0062561,0.032196,2.2757,0.041199,0
0.0091553,-0.011597,0.020447,2.5033,0.036621,0
0.016022,-0.015564,0.02533,2.7309,0.031738,0
0.020142,-0.02243,0.049591,2.7309,0.032349,0
0.022583,-0.03006,0.079193,2.5033,0.039062,0
0.023651,-0.032959,0.087891,2.5033,0.04303,0
0.019684,-0.03479,0.070953,2.2757,0.039368,0
0.018616,-0.035095,0.045624,2.7309,0.030823,0
0.021973,-0.034943,0.026398,2.2757,0.024414,0
0.023651,-0.034637,0.0067139,2.5033,0.022888,0
0.023651,-0.03418,-0.016632,2.7309,0.02533,0
0.022888,-0.029449,-0.036011,2.7309,0.02533,0
0.024872,-0.024109,-0.044708,2.9584,0.022278,0
0.027924,-0.023651,-0.044708,2.5033,0.015259,0
0.035858,-0.022278,-0.044861,2.2757,0.0054932,0
0.034943,-0.017395,-0.049744,2.7309,-0.0045776,0
0.023499,-0.012665,-0.052185,2.2757,-0.011902,0
0.016022,-0.011902,-0.052185,2.0482,-0.014954,0
0.0099182,-0.017548,-0.052948,2.7309,-0.010376,0
0.0067139,-0.020294,-0.058136,1.8206,-0.0057983,0
-0.002594,-0.01709,-0.066681,2.5033,-0.00030518,0
-0.011902,-0.015106,-0.066528,2.2757,0.0030518,0
-0.0177,-0.014038,-0.05188,2.2757,0,0
-0.016479,-0.01297,-0.036469,1.8206,-0.0088501,0
-0.012207,-0.016785,-0.038452,2.5033,-0.019226,0
-0.0061035,-0.028076,-0.053406,2.5033,-0.023499,0
-0.0067139,-0.040283,-0.067291,1.8206,-0.0177,0
-0.015564,-0.050812,-0.074768,2.0482,-0.0057983,0
-0.023651,-0.056763,-0.076599,2.2757,0.0079346,0
-0.023956,-0.057983,-0.076752,2.5033,0.016785,0
-0.027008,-0.058289,-0.076752,2.9584,0.020752,0
-0.039673,-0.057983,-0.076752,2.5033,0.022583,0
-0.049591,-0.051117,-0.059204,2.5033,0.023804,0
-0.048065,-0.036011,-0.039673,2.2757,0.022888,0
-0.032501,-0.020294,-0.032654,2.5033,0.020752,0
-0.0048828,-0.0079346,-0.027313,1.8206,0.0177,0
0.011749,-0.0010681,-0.017853,1.8206,0.013733,0
0.010223,0.0076294,0.0027466,1.8206,0.010681,0
0.0048828,0.020905,0.028076,2.7309,0.0085449,0
0.0041199,0.036163,0.045319,2.5033,0.0094604,0
0.0073242,0.047302,0.044556,2.5033,0.010681,0
0.0085449,0.050049,0.036163,2.9584,0.013123,0
0.0018311,0.054016,0.030518,2.2757,0.0067139,0
-0.0036621,0.058899,0.023041,2.5033,-0.0073242,0
-0.0062561,0.060577,0.010529,2.7309,-0.023193,0
-0.00091553,0.061646,0.0028992,2.9584,-0.036621,0
0.0074768,0.064697,0.0048828,3.186,-0.044556,0
0.015411,0.067139,0.01297,2.7309,-0.048218,0
0.016937,0.067902,0.022125,2.7309,-0.047913,0
0.01358,0.06424,0.026093,2.2757,-0.046997,0
0.0090027,0.057831,0.023499,2.2757,-0.044861,0
0.0024414,0.052032,0.016327,1.8206,-0.044861,0
-0.004425,0.045624,0.016937,2.7309,-0.045776,0
-0.0071716,0.040894,0.029907,2.2757,-0.044861,0
-0.0076294,0.039215,0.039825,2.2757,-0.038757,0
-0.0061035,0.034332,0.039062,2.7309,-0.029297,0
-0.002594,0.028992,0.031586,1.5931,-0.019226,0
-0.00061035,0.028992,0.02594,2.2757,-0.013123,0
0.00061035,0.028839,0.03006,2.9584,-0.014038,0
-0.0048828,0.027008,0.045929,2.5033,-0.023499,0
-0.013275,0.020447,0.058594,2.0482,-0.039062,0
-0.019989,0.01297,0.057983,1.8206,-0.059814,0
-0.02243,0.0086975,0.051117,1.5931,-0.080566,0
-0.029144,0.007782,0.043335,1.8206,-0.098877,0
-0.035553,0.0083923,0.037079,2.2757,-0.1123,0
-0.03067,0.0059509,0.037689,2.0482,-0.12268,0
-0.015564,0.0036621,0.048523,1.3655,-0.12848,0
-0.00045776,0.0028992,0.058594,2.0482,-0.13458,0
0.0047302,0.0019836,0.060272,2.2757,-0.14252,0
0.00045776,0.0010681,0.055695,2.7309,-0.14862,0
-0.0065613,0.00045776,0.045319,2.5033,-0.14771,0
-0.0094604,-0.00015259,0.039825,2.2757,-0.13794,0
-0.0059509,-0.00061035,0.045166,2.2757,-0.12146,0
-0.0080872,-0.002594,0.044861,2.0482,-0.10773,0
-0.011292,-0.0067139,0.032654,2.7309,-0.097961,0
-0.010529,-0.0074768,0.023499,2.5033,-0.085449,0
-0.0028992,-0.0059509,0.027771,2.7309,-0.069885,0
0.016174,-0.0076294,0.035095,2.5033,-0.049133,0
0.039825,-0.0093079,0.037079,1.8206,-0.026855,0
0.057526,-0.0080872,0.037842,2.0482,-0.0054932,0
0.059509,-0.0071716,0.042267,2.2757,0.012817,0
0.055389,-0.0080872,0.041962,2.2757,0.021362,0
0.052032,-0.0086975,0.033417,2.7309,0.018311,0
0.050659,-0.0090027,0.020294,2.5033,0.0088501,0
0.046997,-0.0094604,0.0061035,2.5033,0.0027466,0
0.036774,-0.011749,-0.0064087,2.5033,0.0030518,0
0.024261,-0.014343,-0.014038,2.0482,0.0076294,0
0.0088501,-0.018921,-0.014038,2.5033,0.014954,0
-0.0064087,-0.024719,-0.013275,2.5033,0.022583,0
-0.015717,-0.026093,-0.010986,3.186,0.027161,0
-0.018463,-0.026398,-0.0080872,2.2757,0.023193,0
-0.023651,-0.028229,-0.015411,2.2757,0.013123,0
-0.024719,-0.028534,-0.027313,2.5033,-0.0030518,0
-0.016022,-0.026398,-0.030975,2.5033,-0.016785,0
-0.011749,-0.021362,-0.031586,2.7309,-0.026245,0
-0.012665,-0.019226,-0.037231,2.7309,-0.028381,0
-0.018158,-0.021515,-0.044556,2.0482,-0.028687,0
-0.019989,-0.022278,-0.043793,2.0482,-0.026245,0
-0.016785,-0.023651,-0.028076,1.3655,-0.024109,0
-0.013885,-0.02243,-0.0033569,2.0482,-0.024719,0
-0.011597,-0.017548,0.011139,1.8206,-0.031433,0
-0.010071,-0.013733,0.0053406,1.8206,-0.032654,0
-0.0054932,-0.011749,-0.00045776,1.8206,-0.022583,0
-0.0032043,-0.010223,0.009613,1.1379,-0.0018311,0
-0.0016785,-0.013428,0.023041,2.0482,0.024719,0
-0.0018311,-0.018463,0.029297,1.8206,0.045471,0
-0.0027466,-0.017548,0.029297,2.0482,0.059509,0
-0.0028992,-0.015717,0.024261,2.5033,0.076294,0
-0.0045776,-0.016937,0.016632,2.0482,0.094299,0
-0.0064087,-0.018158,0.010071,2.5033,0.11261,0
-0.0057983,-0.018768,0.016174,2.2757,0.12421,0
-0.0028992,-0.021057,0.025024,2.5033,0.1181,0
-0.004425,-0.037384,0.014191,2.0482,0.10406,0
-0.0080872,-0.06958,-0.012665,2.7309,0.09613,0
-0.0079346,-0.10788,-0.03891,2.9584,0.099792,0
-0.00061035,-0.14709,-0.065613,2.2757,0.11658,0
0.0065613,-0.17731,-0.093842,2.5033,0.13947,0
0.013123,-0.18829,-0.11261,2.7309,0.15869,0
0.0177,-0.18158,-0.12405,2.2757,0.16693,0
0.020142,-0.16541,-0.13504,2.2757,0.16205,0
0.021362,-0.14694,-0.14206,2.9584,0.14771,0
0.019989,-0.12863,-0.14557,2.7309,0.13458,0
0.018768,-0.11429,-0.14908,2.9584,0.13245,0
0.018005,-0.10605,-0.15213,2.7309,0.14282,0
0.023041,-0.098419,-0.14786,2.7309,0.15839,0
0.025787,-0.084381,-0.14359,2.2757,0.15961,0
0.026855,-0.066376,-0.1532,2.5033,0.14038,0
0.027313,-0.049591,-0.17136,2.2757,0.11261,0
0.018768,-0.034485,-0.18036,2.2757,0.08728,0
0.0090027,-0.017853,-0.1825,2.2757,0.076599,0
0.002594,-0.0030518,-0.18784,2.2757,0.077209,0
0.0042725,0.0062561,-0.19302,2.2757,0.084534,0
0.007019,0.0099182,-0.1944,2.2757,0.092773,0
0.0012207,0.010681,-0.1947,1.8206,0.10468,0
-0.005188,0.010529,-0.19455,2.5033,0.11993,0
-0.0094604,0.013428,-0.18631,2.5033,0.14069,0
-0.014496,0.023804,-0.16739,2.2757,0.16388,0
-0.014496,0.039825,-0.13794,2.5033,0.18127,0
0.00015259,0.058746,-0.097809,2.0482,0.18951,0
0.013275,0.078125,-0.051422,2.7309,0.19196,0
0.010223,0.09491,-0.0093079,2.7309,0.19135,0
0.00045776,0.10742,0.021362,2.5033,0.18677,0
-0.004425,0.11658,0.045319,1.8206,0.17822,0
-0.0085449,0.12589,0.06485,1.8206,0.16693,0
-0.016174,0.13565,0.079498,2.0482,0.15564,0
-0.0177,0.14755,0.09552,2.2757,0.14191,0
-0.014954,0.16052,0.12024,2.5033,0.12238,0
-0.011444,0.1712,0.14481,1.8206,0.096741,0
-0.007019,0.177,0.1532,2.5033,0.072021,0
0,0.17746,0.14755,2.2757,0.050659,0
0.0019836,0.16815,0.13947,1.8206,0.034485,0
-0.0012207,0.14557,0.13641,2.0482,0.025635,0
-0.002594,0.11765,0.14648,2.2757,0.01709,0
-0.004425,0.10101,0.16205,2.5033,0.0073242,0
-0.0065613,0.099182,0.16785,1.8206,-0.0064087,0
-0.007782,0.10437,0.17166,2.0482,-0.023193,0
-0.007782,0.1059,0.18265,3.186,-0.039978,0
-0.0032043,0.10315,0.19211,3.186,-0.044861,0
0.0048828,0.097351,0.19897,2.9584,-0.036621,0
0.0053406,0.092773,0.20676,2.5033,-0.021667,0
0.0030518,0.096741,0.21347,2.5033,-0.0054932,0
0.00061035,0.10269,0.215,2.0482,0.0012207,0
0.0016785,0.10468,0.21027,2.5033,-0.0030518,0
0.0064087,0.10056,0.20416,2.2757,-0.011292,0
0.011597,0.095062,0.19852,2.2757,-0.010071,0
0.0099182,0.087891,0.19073,1.8206,0.0042725,0
-0.00030518,0.07782,0.18021,2.2757,0.025635,0
-0.013428,0.070038,0.16754,1.8206,0.04425,0
-0.017242,0.065308,0.1535,2.9584,0.053406,0
-0.011292,0.057373,0.14053,2.7309,0.05127,0
-0.002594,0.046387,0.13596,2.7309,0.037537,0
0.00061035,0.033112,0.13733,2.0482,0.015564,0
-0.0045776,0.021515,0.14252,2.9584,-0.0036621,0
-0.013123,0.013275,0.15121,2.2757,-0.013123,0
-0.016479,0.0041199,0.14786,2.7309,-0.0088501,0
-0.011597,-0.0082397,0.1265,2.2757,0.0021362,0
-0.0071716,-0.020905,0.10391,2.2757,0.0088501,0
-0.0024414,-0.032349,0.092163,2.2757,0.0085449,0
-0.00076294,-0.042267,0.083618,2.0482,0.00091553,0
-0.0016785,-0.048065,0.074463,2.2757,-0.011292,0
0.0015259,-0.050201,0.070801,2.2757,-0.020142,0
0.0053406,-0.051117,0.069122,1.8206,-0.023804,0
0.0067139,-0.049744,0.065308,2.0482,-0.019531,0
0.0097656,-0.045471,0.055237,1.8206,-0.014038,0
0.013123,-0.043793,0.037994,1.8206,-0.0082397,0
0.015259,-0.046234,0.024872,1.5931,-0.0064087,0
0.015717,-0.044708,0.025787,2.2757,-0.0082397,0
0.010071,-0.043793,0.032349,1.5931,-0.0094604,0
0.0028992,-0.049133,0.032501,2.0482,-0.010681,0
-0.002594,-0.053101,0.021362,2.2757,-0.0091553,0
-0.0022888,-0.05127,0.0065613,2.2757,-0.0045776,0
-0.0010681,-0.046082,-0.002594,1.5931,0.00061035,0
-0.0057983,-0.042877,-0.0038147,1.8206,0.0048828,0
-0.011902,-0.04303,0.0071716,2.2757,0.0033569,0
-0.014648,-0.042267,0.02243,2.7309,-0.0039673,0
-0.011749,-0.040894,0.032501,2.0482,-0.013733,0
-0.0079346,-0.040131,0.032349,2.7309,-0.023499,0
-0.0071716,-0.03891,0.028076,2.2757,-0.033569,0
-0.0068665,-0.0383,0.019073,2.0482,-0.039062,0
-0.0013733,-0.040283,0.0030518,2.7309,-0.039062,0
0.0057983,-0.042725,-0.0097656,2.9584,-0.028687,0
0.0067139,-0.044098,-0.014191,2.5033,-0.011292,0
0.0035095,-0.044556,-0.013275,2.7309,0.011292,0
0.00045776,-0.042877,-0.0091553,2.0482,0.032959,0
-0.0047302,-0.039368,-0.0065613,1.8206,0.049744,0
-0.0071716,-0.036774,-0.013428,2.7309,0.057373,0
-0.0073242,-0.034027,-0.028839,2.2757,0.057068,0
-0.0032043,-0.03067,-0.037689,1.8206,0.048523,0
-0.0010681,-0.029449,-0.040436,2.0482,0.036011,0
-0.00045776,-0.027771,-0.049744,2.0482,0.019836,0
0.0013733,-0.027771,-0.065918,2.0482,0.010071,0
0.0048828,-0.027313,-0.084839,2.2757,0.010071,0
0.0080872,-0.028534,-0.093842,2.5033,0.018005,0
0.011902,-0.029755,-0.080414,2.5033,0.029602,0
0.01297,-0.029907,-0.055389,1.8206,0.037537,0
0.0012207,-0.030823,-0.040283,1.8206,0.041199,0
-0.013123,-0.029755,-0.035706,2.0482,0.043335,0
-0.018768,-0.027924,-0.038757,2.2757,0.050659,0
-0.018463,-0.025482,-0.042877,2.2757,0.06073,0
-0.011139,-0.022125,-0.039673,1.8206,0.072327,0
-0.0030518,-0.019531,-0.031281,2.2757,0.07843,0
-0.00015259,-0.020905,-0.029297,2.0482,0.074158,0
0.0064087,-0.022125,-0.032196,2.0482,0.06012,0
0.021057,-0.020599,-0.037231,2.2757,0.040283,0
0.029144,-0.018311,-0.041962,1.8206,0.02533,0
0.019073,-0.015717,-0.045776,1.8206,0.021973,0
0.004425,-0.011902,-0.047913,1.5931,0.030212,0
0,-0.010529,-0.040436,1.8206,0.041809,0
0,-0.01236,-0.026093,2.0482,0.053406,0
0.0094604,-0.016174,-0.012054,1.3655,0.061035,0
0.026093,-0.021362,-0.0073242,2.2757,0.070801,0
0.023041,-0.023499,-0.011597,1.8206,0.083008,0
0.010986,-0.023499,-0.018005,2.5033,0.099182,0
0.0041199,-0.023651,-0.0177,2.7309,0.11719,0
0.0035095,-0.02243,-0.0054932,2.5033,0.13916,0
0.0054932,-0.020599,0.011292,2.5033,0.16449,0
0.0064087,-0.019989,0.023804,2.5033,0.19226,0
0.0083923,-0.019836,0.028687,2.0482,0.21484,0
0.01236,-0.018158,0.03006,2.9584,0.22461,0
0.01709,-0.014343,0.035095,2.5033,0.21484,0
0.016937,-0.013275,0.040588,2.5033,0.1889,0
0.007782,-0.013733,0.040741,2.5033,0.15656,0
0.0012207,-0.013428,0.040436,1.8206,0.13092,0
-0.0033569,-0.013885,0.046997,2.7309,0.11902,0
-0.0083923,-0.01358,0.055389,2.7309,0.11536,0
-0.0085449,-0.015717,0.060272,2.5033,0.11719,0
-0.010071,-0.016785,0.055542,1.8206,0.11688,0
-0.015411,-0.014648,0.040131,2.7309,0.10986,0
-0.02594,-0.011902,0.020142,2.2757,0.095825,0
-0.027313,-0.011444,0.0053406,2.5033,0.079041,0
-0.011902,-0.010529,-0.00061035,2.5033,0.066223,0
0.0010681,-0.0071716,0.00015259,2.5033,0.06012,0
0.0059509,-0.0057983,0.0033569,2.5033,0.061646,0
0.010071,-0.0050354,0.00076294,2.5033,0.064697,0
0.012512,-0.002594,-0.0094604,2.2757,0.067749,0
0.010529,0.00015259,-0.020447,1.8206,0.067139,0
0.0036621,0.00061035,-0.029602,1.5931,0.058289,0
0.0033569,0.0028992,-0.037231,1.8206,0.045166,0
0.0074768,0.0057983,-0.042419,1.8206,0.029602,0
0.01297,0.0076294,-0.043182,2.2757,0.014038,0
0.010986,0.0068665,-0.046387,2.0482,-0.005188,0
0.00076294,0.0028992,-0.055695,1.8206,-0.02533,0
-0.0054932,-0.0015259,-0.059052,1.8206,-0.041199,0
-0.0057983,-0.0027466,-0.052032,2.0482,-0.049744,0
-0.0038147,-0.0032043,-0.041809,2.2757,-0.05127,0
-0.00030518,-0.0030518,-0.032806,1.8206,-0.050354,0
0.00045776,0.0010681,-0.025024,1.8206,-0.049133,0
0.0015259,0.004425,-0.019836,2.2757,-0.04425,0
0.0042725,0.0057983,-0.014496,1.8206,-0.032043,0
0.0016785,0.0042725,-0.0061035,2.2757,-0.015564,0
-0.0042725,0.0036621,-0.00015259,2.0482,0.00091553,0
-0.005188,0.0039673,0.00015259,2.5033,0.011597,0
0.0019836,0.007782,0.0033569,2.2757,0.015564,0
0.01236,0.01297,0.01297,2.5033,0.016785,0
0.020447,0.014038,0.023804,2.2757,0.019226,0
0.025177,0.014191,0.031738,2.5033,0.026245,0
0.029144,0.014954,0.0354,2.5033,0.036011,0
0.028992,0.015411,0.036469,2.2757,0.047302,0
0.028534,0.01709,0.043945,2.2757,0.053101,0
0.024109,0.021667,0.058289,2.5033,0.056152,0
0.019684,0.023499,0.063324,2.0482,0.055542,0
0.0086975,0.021057,0.059814,2.0482,0.050964,0
0.0016785,0.019684,0.051727,2.2757,0.046082,0
-0.00076294,0.019836,0.039978,2.7309,0.040894,0
-0.0038147,0.018158,0.026703,2.7309,0.036316,0
-0.0080872,0.016327,0.013885,2.7309,0.032959,0
-0.012054,0.015411,0.00076294,2.7309,0.027161,0
-0.01709,0.014191,-0.010376,2.7309,0.019531,0
-0.02121,0.011902,-0.014954,2.5033,0.012817,0
-0.025482,0.012817,-0.015259,2.5033,0.0097656,0
-0.030212,0.014801,-0.015106,2.7309,0.011902,0
-0.028839,0.014648,-0.013428,2.2757,0.020142,0
-0.026093,0.013428,-0.0065613,2.0482,0.028381,0
-0.026398,0.012817,0.0027466,2.5033,0.0354,0
-0.023956,0.014038,0.0076294,2.0482,0.040894,0
-0.016174,0.014954,0.011292,1.3655,0.042419,0
-0.0082397,0.013275,0.014343,1.8206,0.04303,0
-0.0027466,0.010376,0.014954,1.8206,0.042419,0
0.0022888,0.0073242,0.0067139,2.5033,0.046997,0
0.0061035,0.007019,-0.010986,2.0482,0.056763,0
0.0094604,0.0073242,-0.02243,2.5033,0.06958,0
0.010834,0.0093079,-0.019684,2.2757,0.079956,0
0.0083923,0.0093079,-0.012817,2.7309,0.092163,0
0.0039673,0.0094604,-0.01297,2.0482,0.1004,0
0.002594,0.0061035,-0.019226,2.0482,0.10864,0
0.0032043,0.00015259,-0.023651,2.0482,0.11658,0
0.0036621,0,-0.019989,1.8206,0.12329,0
0.00076294,0.0030518,-0.0059509,2.5033,0.13062,0
-0.0036621,0.0032043,0.0059509,2.0482,0.13916,0
-0.011139,-0.0016785,0.0064087,1.8206,0.14771,0
-0.015259,-0.0054932,-0.0013733,2.5033,0.15167,0
-0.0093079,-0.005188,-0.009613,2.2757,0.14801,0
-0.00030518,-0.0085449,-0.017242,2.2757,0.13977,0
0.0010681,-0.01358,-0.027008,2.0482,0.13489,0
-0.0050354,-0.015717,-0.041046,3.186,0.13824,0
-0.0088501,-0.018158,-0.052338,2.5033,0.14465,0
-0.0057983,-0.022583,-0.053101,2.5033,0.14923,0
-0.0064087,-0.023346,-0.040131,3.4135,0.14587,0
-0.0071716,-0.020905,-0.022583,2.7309,0.13519,0
-0.0057983,-0.02243,-0.0045776,2.2757,0.12085,0
-0.0041199,-0.024109,0.0094604,2.7309,0.11169,0
-0.0016785,-0.024261,0.0039673,2.5033,0.112,0
-0.00091553,-0.023804,-0.018768,2.5033,0.11841,0
-0.0030518,-0.022736,-0.039062,2.7309,0.12329,0
-0.00045776,-0.018311,-0.047455,2.9584,0.11841,0
0.0028992,-0.01709,-0.052185,2.7309,0.10773,0
0.0059509,-0.01709,-0.058899,2.7309,0.10315,0
0.0091553,-0.014343,-0.06012,2.5033,0.11108,0
0.0048828,-0.010986,-0.052032,2.5033,0.13245,0
-0.0021362,-0.0083923,-0.039978,2.0482,0.16205,0
-0.0088501,-0.0039673,-0.028534,2.7309,0.18372,0
-0.0074768,0.0016785,-0.019226,2.7309,0.19409,0
0.00015259,0.0067139,-0.0071716,2.2757,0.19043,0
0.0042725,0.012665,0.0021362,2.5033,0.18219,0
0.0030518,0.018616,0.0036621,2.5033,0.17151,0
-0.0015259,0.022125,0.00045776,2.0482,0.16144,0
-0.012665,0.020905,-0.0019836,2.0482,0.1535,0
-0.027771,0.017548,-0.0024414,2.2757,0.14679,0
-0.040741,0.015869,-0.0065613,2.0482,0.13855,0
-0.038757,0.014038,-0.010071,2.7309,0.13092,0
-0.018311,0.017548,-0.0045776,2.0482,0.1239,0
0.011902,0.021515,0.0047302,2.2757,0.11414,0
0.035858,0.024567,0.015106,2.2757,0.10529,0
0.046539,0.027161,0.024872,2.2757,0.099487,0
0.041199,0.026703,0.03479,2.5033,0.097046,0
0.03418,0.025787,0.044556,2.0482,0.094299,0
0.031891,0.024414,0.05127,2.9584,0.090637,0
0.032196,0.020905,0.053711,2.0482,0.08606,0
0.02533,0.018463,0.049591,2.7309,0.077209,0
0.015259,0.018005,0.04425,2.2757,0.06897,0
0.011749,0.016632,0.040436,1.8206,0.066833,0
0.010986,0.013733,0.035095,1.8206,0.066223,0
0.0068665,0.01236,0.025635,2.0482,0.067444,0
0.0016785,0.010376,0.015259,2.7309,0.068665,0
-0.0033569,0.0097656,0.0067139,1.8206,0.066833,0
-0.0048828,0.010376,0.0010681,2.5033,0.058899,0
-0.0036621,0.0082397,-0.0022888,1.8206,0.048828,0
-0.0030518,0.0041199,-0.0019836,2.9584,0.041504,0
-0.004425,0.00030518,-0.0030518,2.7309,0.039368,0
-0.0062561,-0.0012207,-0.0065613,2.7309,0.039978,0
-0.0061035,-0.0030518,-0.011444,3.6411,0.037842,0
-0.0042725,-0.0038147,-0.016479,2.5033,0.0354,0
-0.0032043,-0.0042725,-0.020294,2.7309,0.038757,0
0.0016785,-0.0038147,-0.025024,2.7309,0.047302,0
0.0053406,-0.0018311,-0.029602,2.2757,0.057678,0
0.0067139,0,-0.03006,2.7309,0.073242,0
0.0048828,0.00061035,-0.024109,2.5033,0.091553,0
0.0033569,-0.00076294,-0.017853,2.7309,0.11444,0
0.0050354,-0.0015259,-0.014038,2.2757,0.13428,0
0.0071716,-0.0016785,-0.012817,2.0482,0.14099,0
-0.00015259,-0.0016785,-0.01297,1.8206,0.13397,0
-0.0079346,-0.0013733,-0.012817,2.0482,0.12421,0
-0.01297,0.0022888,-0.0177,2.9584,0.12177,0
-0.014954,0.0076294,-0.026093,2.2757,0.12878,0
-0.016479,0.010376,-0.031891,1.8206,0.13855,0
-0.015259,0.0093079,-0.040436,2.7309,0.14435,0
-0.0079346,0.0067139,-0.050812,2.0482,0.14252,0
-0.0056458,0.00061035,-0.056458,2.2757,0.13428,0
-0.0083923,-0.0041199,-0.055084,2.0482,0.11932,0
-0.010071,-0.0032043,-0.045319,2.2757,0.1001,0
-0.010376,0.0013733,-0.029907,2.2757,0.075989,0
-0.012054,0.0018311,-0.023956,2.2757,0.053101,0
-0.010986,-0.0028992,-0.02243,2.0482,0.0354,0
-0.010071,-0.0079346,-0.021057,2.2757,0.022278,0
-0.0054932,-0.011597,-0.026245,2.2757,0.016174,0
-0.00045776,-0.014496,-0.035095,1.8206,0.016174,0
0,-0.01709,-0.040741,1.8206,0.021973,0
-0.0019836,-0.018463,-0.033264,2.0482,0.028076,0
-0.0056458,-0.016937,-0.015717,2.0482,0.030212,0
-0.0074768,-0.015717,0.0015259,2.5033,0.029907,0
-0.0090027,-0.013733,0.014038,2.2757,0.033264,0
-0.0056458,-0.011902,0.022125,2.5033,0.036621,0
0.0010681,-0.0094604,0.024719,2.5033,0.039673,0
0.0090027,-0.0064087,0.020142,2.7309,0.043945,0
0.020905,-0.0053406,0.0068665,2.7309,0.05249,0
0.032654,-0.0061035,-0.0097656,2.9584,0.06958,0
0.037384,-0.0053406,-0.02243,2.2757,0.090637,0
0.038605,-0.0056458,-0.028992,1.8206,0.10986,0
0.040894,-0.0061035,-0.03479,2.0482,0.12421,0
0.03479,-0.0079346,-0.038605,2.0482,0.13611,0
0.022736,-0.0086975,-0.040436,2.2757,0.1474,0
0.011749,-0.0083923,-0.046387,2.5033,0.15198,0
0.0061035,-0.007782,-0.054474,2.9584,0.14801,0
0.0057983,-0.0086975,-0.06073,2.5033,0.13763,0
0.0048828,-0.0088501,-0.067596,2.9584,0.12543,0
0.002594,-0.010071,-0.069122,2.7309,0.11505,0
-0.00091553,-0.0099182,-0.057526,2.5033,0.11169,0
0,-0.0082397,-0.036469,2.5033,0.11261,0
0,-0.0059509,-0.024414,2.2757,0.10834,0
-0.0065613,-0.004425,-0.027618,2.0482,0.091248,0
-0.014496,-0.0053406,-0.032806,2.2757,0.062561,0
-0.018768,-0.0053406,-0.03479,2.2757,0.032959,0
-0.02182,-0.0022888,-0.035706,2.5033,0.013428,0
-0.02533,-0.00091553,-0.03479,2.9584,0.0067139,0
-0.025482,-0.00030518,-0.02594,1.5931,0.0073242,0
-0.021973,0.0022888,-0.0091553,2.2757,0.0061035,0
-0.020142,0.0059509,0.0065613,1.8206,0.0012207,0
-0.015411,0.0074768,0.018311,2.2757,-0.0067139,0
-0.01297,0.0088501,0.02655,1.8206,-0.013733,0
-0.011292,0.010071,0.031281,2.7309,-0.016785,0
-0.0067139,0.0082397,0.036163,2.0482,-0.018616,0
0.0033569,0.0083923,0.044708,2.2757,-0.018616,0
0.0061035,0.010834,0.055084,2.5033,-0.016479,0
-0.00045776,0.011444,0.058136,2.0482,-0.012207,0
-0.00061035,0.011749,0.06073,2.2757,-0.010986,0
0.0053406,0.012512,0.071411,1.8206,-0.0177,0
0.0080872,0.013885,0.081635,2.5033,-0.029297,0
0.0032043,0.013123,0.087128,2.5033,-0.040588,0
-0.0013733,0.0090027,0.0914,2.2757,-0.048218,0
-0.0041199,0.0059509,0.094147,2.2757,-0.050964,0
-0.0035095,0.0064087,0.091705,2.2757,-0.044556,0
-0.004425,0.0076294,0.084991,2.2757,-0.031433,0
-0.0041199,0.0056458,0.074615,2.5033,-0.019836,0
-0.0068665,0.0015259,0.060883,2.0482,-0.010986,0
-0.011902,-0.0042725,0.040894,1.5931,-0.0073242,0
-0.013275,-0.0099182,0.010529,2.0482,-0.0057983,0
-0.01297,-0.012207,-0.01709,2.0482,-0.0045776,0
-0.015869,-0.0099182,-0.028687,2.9584,0.0024414,0
-0.016785,-0.0073242,-0.024109,2.5033,0.017395,0
-0.017395,-0.0065613,-0.0086975,2.7309,0.039673,0
-0.014801,-0.0054932,0.011749,2.2757,0.063477,0
-0.012817,-0.0042725,0.029449,2.2757,0.084839,0
-0.011292,-0.005188,0.03891,2.2757,0.098267,0
-0.011444,-0.0073242,0.043335,2.5033,0.09552,0
-0.0061035,-0.0065613,0.049286,2.5033,0.075989,0
0.0036621,-0.0015259,0.054321,3.186,0.032654,0
0.004425,0.0010681,0.056305,2.5033,-0.038147,0
0.00015259,0.00015259,0.054474,2.7309,-0.12054,0
-0.0022888,-0.0010681,0.052795,2.2757,-0.18188,0
-0.005188,-0.00091553,0.048218,2.0482,-0.2002,0
-0.011292,0.00030518,0.038757,2.5033,-0.16327,0
-0.018768,0.00076294,0.02533,2.0482,-0.083008,0
-0.016327,-0.00045776,0.011902,2.2757,0.025635,0
-0.0016785,-0.0024414,-0.00045776,2.5033,0.14374,0
0.012665,-0.0045776,-0.0097656,2.7309,0.25421,0
0.021362,-0.007019,-0.013733,2.9584,0.33844,0
0.025482,-0.0085449,-0.013275,2.5033,0.3894,0
0.015259,-0.0097656,-0.0080872,1.8206,0.41168,0
-0.0012207,-0.012054,-0.0013733,2.0482,0.41229,0
-0.0047302,-0.013428,0.0067139,2.9584,0.40466,0
0.007019,-0.012817,0.010376,2.0482,0.39337,0
0.019073,-0.010834,0.0067139,2.0482,0.37811,0
0.028687,-0.0093079,0.0012207,2.2757,0.35645,0
0.023041,-0.0090027,0.0024414,2.0482,0.33112,0
0.01236,-0.0088501,0.0071716,2.2757,0.30823,0
0.0048828,-0.0065613,0.011749,1.8206,0.28595,0
0.0054932,-0.0038147,0.015717,2.2757,0.2652,0
0.013123,-0.00076294,0.020142,2.2757,0.23834,0
0.02533,0.0013733,0.024109,2.2757,0.20721,0
0.0354,0.0018311,0.023956,2.0482,0.16907,0
0.04364,0.00091553,0.017242,2.0482,0.12817,0
0.04715,0.0018311,0.010681,2.0482,0.093689,0
0.043335,0.002594,0.0073242,1.8206,0.070801,0
0.037994,0.0059509,0.0088501,2.0482,0.054321,0
0.025177,0.0094604,0.0086975,2.7309,0.039368,0
0.010681,0.0094604,0.0033569,2.2757,0.019836,0
0.00061035,0.010529,-0.007019,2.2757,-0.0045776,0
-0.0056458,0.013123,-0.014648,2.2757,-0.02533,0
-0.0056458,0.014496,-0.013123,2.7309,-0.037842,0
-0.002594,0.013123,-0.0094604,2.7309,-0.041199,0
-0.00091553,0.010986,-0.014343,2.5033,-0.035706,0
-0.00061035,0.010529,-0.023193,2.2757,-0.030212,0
-0.00076294,0.010223,-0.029755,2.2757,-0.023804,0
-0.00045776,0.010529,-0.032043,2.9584,-0.014648,0
-0.00045776,0.010223,-0.032196,2.5033,-0.0021362,0
-0.00045776,0.010529,-0.032349,3.4135,0.012512,0
-0.0015259,0.0082397,-0.030518,2.7309,0.032349,0
-0.012665,0.005188,-0.021362,2.5033,0.06134,0
-0.013428,0.0057983,-0.011444,2.9584,0.097351,0
-0.0085449,0.0083923,-0.0076294,2.9584,0.13428,0
-0.0061035,0.0090027,-0.0062561,3.4135,0.15961,0
-0.0036621,0.0062561,-0.0085449,2.5033,0.17426,0
-0.0016785,0.0038147,-0.015564,2.5033,0.18494,0
-0.004425,0.0021362,-0.023804,1.5931,0.19531,0
-0.011444,-0.00015259,-0.026398,2.9584,0.20477,0
-0.014038,-0.0021362,-0.019379,2.2757,0.20935,0
-0.0068665,-0.0038147,-0.0079346,2.5033,0.20538,0
0.0080872,-0.0065613,0.0024414,2.7309,0.19318,0
0.013428,-0.0082397,0.010376,2.7309,0.17517,0
0.012512,-0.0088501,0.019073,2.7309,0.15137,0
0.010223,-0.0088501,0.025482,2.7309,0.12604,0
0.0099182,-0.0091553,0.025482,2.7309,0.10101,0
0.010529,-0.0090027,0.023651,2.0482,0.078125,0
0.0083923,-0.010834,0.020142,2.2757,0.053101,0
0.004425,-0.014191,0.011902,2.0482,0.030212,0
0.0045776,-0.014954,0.0053406,2.0482,0.010071,0
0.016632,-0.011292,0.00076294,2.5033,-0.0048828,0
0.026245,-0.0065613,-0.0032043,2.7309,-0.0097656,0
0.019531,-0.004425,0.00030518,2.7309,-0.0094604,0
0.01236,-0.0033569,0.016479,2.5033,-0.0091553,0
0.010071,-0.00015259,0.039062,2.5033,-0.013123,0
0.011139,0.00015259,0.057526,2.5033,-0.018311,0
0.016174,0.00091553,0.067291,2.7309,-0.021973,0
0.019836,0.0045776,0.066986,3.4135,-0.019836,0
0.015869,0.0064087,0.061188,3.4135,-0.011597,0
0.005188,0.005188,0.054321,2.7309,0.0018311,0
-0.0038147,0.0024414,0.043945,2.7309,0.019531,0
-0.0083923,-0.00015259,0.033722,3.186,0.030212,0
-0.0016785,-0.002594,0.027924,2.7309,0.030212,0
0.0071716,-0.0035095,0.028839,2.5033,0.018311,0
0.01236,-0.0061035,0.027466,2.5033,-0.00030518,0
0.011597,-0.0093079,0.018768,2.9584,-0.018005,0
0.0048828,-0.010223,-0.00045776,2.7309,-0.031128,0
-0.005188,-0.011292,-0.023041,2.9584,-0.037537,0
-0.015564,-0.015411,-0.037842,2.9584,-0.03479,0
-0.02243,-0.018158,-0.037384,2.7309,-0.027161,0
-0.022888,-0.0177,-0.024567,3.186,-0.016785,0
-0.02121,-0.015717,-0.011139,2.7309,-0.0079346,0
-0.021515,-0.013275,-0.0067139,2.7309,0.0033569,0
-0.015717,-0.012817,-0.0093079,2.7309,0.018005,0
-0.0057983,-0.01358,-0.018005,2.5033,0.039978,0
-0.0012207,-0.014038,-0.035706,2.7309,0.063477,0
-0.0021362,-0.013733,-0.057526,2.5033,0.079956,0
-0.0042725,-0.013733,-0.065308,2.5033,0.088806,0
-0.0064087,-0.016022,-0.055389,2.9584,0.087891,0
-0.0028992,-0.016937,-0.041046,2.7309,0.07843,0
-0.0030518,-0.014954,-0.029755,2.5033,0.063477,0
-0.007782,-0.014038,-0.021057,2.7309,0.049133,0
-0.01297,-0.014496,-0.009613,3.4135,0.044861,0
-0.012817,-0.013123,0.002594,2.7309,0.052795,0
-0.007782,-0.0088501,0.0042725,2.2757,0.064697,0
0.0018311,-0.0032043,-0.0028992,2.0482,0.073853,0
0.010071,0.002594,-0.0041199,2.0482,0.075378,0
0.012512,0.0083923,0.0019836,1.1379,0.070801,0
0.018005,0.011139,0.011444,2.5033,0.06134,0
0.020599,0.014343,0.018921,2.7309,0.044556,0
0.018005,0.018158,0.025024,2.7309,0.028076,0
0.013733,0.0177,0.032959,2.9584,0.016785,0
0.013123,0.01709,0.044861,2.0482,0.0082397,0
0.0085449,0.018921,0.049896,2.9584,0.00061035,0
-0.0038147,0.018005,0.044403,2.9584,-0.010071,0
-0.011902,0.011749,0.033722,2.5033,-0.020752,0
-0.009613,0.0080872,0.024719,2.5033,-0.02655,0
-0.0016785,0.0088501,0.015106,2.7309,-0.023193,0
0.011749,0.0088501,0.0050354,2.7309,-0.0064087,0
0.018463,0.0073242,0.00015259,2.0482,0.025635,0
0.011902,0.0027466,0.004425,2.5033,0.068359,0
0.004425,-0.00045776,0.020447,2.5033,0.10925,0
0.0021362,-0.0015259,0.041504,2.7309,0.14191,0
0.00061035,-0.0022888,0.055084,3.186,0.16266,0
0.00091553,-0.0027466,0.055389,2.7309,0.17181,0
0.00045776,-0.0015259,0.043335,3.186,0.16663,0
-0.00061035,-0.0027466,0.02594,2.7309,0.14404,0
-0.0018311,-0.0036621,0.01709,2.2757,0.10895,0
-0.0027466,-0.0030518,0.016327,2.5033,0.067139,0
-0.0042725,-0.0027466,0.018311,2.9584,0.032349,0
-0.0068665,-0.0028992,0.024567,2.5033,0.0064087,0
-0.012207,-0.0032043,0.033722,2.5033,-0.0079346,0
-0.014648,-0.0059509,0.044861,3.186,-0.012207,0
-0.016479,-0.0062561,0.057983,2.9584,-0.012207,0
-0.011902,-0.004425,0.064697,2.7309,-0.010681,0
0.0036621,-0.0042725,0.06485,2.7309,-0.014648,0
0.018921,-0.0028992,0.061493,2.5033,-0.028381,0
0.02243,-0.0018311,0.059357,2.5033,-0.052185,0
0.0030518,0.0012207,0.055237,2.0482,-0.073853,0
-0.019073,0.0085449,0.04715,2.0482,-0.080566,0
-0.028687,0.013885,0.033112,1.5931,-0.073853,0
-0.018921,0.01236,0.016632,2.2757,-0.053711,0
0.0045776,0.0068665,0.0015259,2.5033,-0.021973,0
0.026093,0.0018311,-0.0073242,2.2757,0.021057,0
0.030823,-0.0010681,-0.0079346,2.5033,0.067444,0
0.019073,-0.0016785,-0.011139,2.2757,0.11047,0
0.0073242,-0.0016785,-0.023651,2.5033,0.14862,0
0.0013733,-0.0028992,-0.037689,2.2757,0.17426,0
0.00015259,-0.0027466,-0.042725,2.5033,0.18829,0
0.002594,-0.0019836,-0.041046,2.7309,0.19165,0
0.0048828,-0.0012207,-0.036469,2.2757,0.18646,0
0.0016785,-0.0016785,-0.032196,2.2757,0.17242,0
-0.0018311,0.00045776,-0.026398,2.5033,0.15045,0
-0.0094604,0.0033569,-0.01297,2.2757,0.12543,0
-0.019379,0.0053406,-0.0010681,2.5033,0.1001,0
-0.02121,0.0065613,0.0012207,3.186,0.078735,0
-0.017242,0.0067139,0.0019836,2.2757,0.062866,0
-0.010834,0.0041199,0.0079346,2.5033,0.052795,0
-0.0027466,0.0013733,0.0064087,2.5033,0.050049,0
-0.0021362,0,-0.010529,2.7309,0.056152,0
-0.0053406,-0.0022888,-0.033722,2.5033,0.069885,0
-0.0022888,-0.0027466,-0.04837,3.4135,0.087891,0
0.0018311,-0.0018311,-0.05249,2.7309,0.10712,0
0.0057983,-0.0015259,-0.046387,2.2757,0.12421,0
0.010986,0.00045776,-0.03006,2.7309,0.13733,0
0.0097656,0.0039673,-0.012054,2.0482,0.14557,0
0.0021362,0.0083923,-0.0042725,2.9584,0.15198,0
-0.0036621,0.011902,-0.005188,2.5033,0.15564,0
-0.0033569,0.010071,-0.0080872,2.9584,0.15686,0
0,0.0068665,-0.010834,2.7309,0.14984,0
0.0016785,0.0076294,-0.010376,2.5033,0.13062,0
0.0018311,0.0067139,-0.0076294,3.186,0.10406,0
0.0015259,0.0041199,-0.0041199,3.186,0.077515,0
-0.0013733,0.0041199,-0.0013733,3.186,0.053101,0
-0.0030518,0.0019836,-0.0045776,2.7309,0.023499,0
-0.0068665,0.00045776,-0.012817,2.9584,-0.0048828,0
-0.0013733,0.0015259,-0.016174,2.7309,-0.02533,0
0.010071,0.0032043,-0.0097656,2.2757,-0.026245,0
0.016174,0.0053406,0.0036621,2.5033,-0.0024414,0
0.0088501,0.0042725,0.018311,2.7309,0.037842,0
-0.00045776,0.0042725,0.023041,2.2757,0.080872,0
-0.0065613,0.005188,0.02121,2.2757,0.11871,0
-0.011902,0.0097656,0.019531,2.7309,0.1416,0
-0.011749,0.014038,0.017242,2.7309,0.1474,0
-0.011902,0.01358,0.014191,2.9584,0.14435,0
-0.012512,0.011292,0.01236,2.7309,0.13733,0
-0.012665,0.011444,0.012665,2.2757,0.13123,0
-0.010529,0.012512,0.012665,2.0482,0.12115,0
-0.00091553,0.012054,0.011902,2.2757,0.098877,0
0.010986,0.011139,0.013428,2.0482,0.065002,0
0.020142,0.010529,0.012665,2.0482,0.029602,0
0.017242,0.011292,0.011139,2.0482,0.010071,0
0.016174,0.010376,0.019226,2.2757,0.011292,0
0.014496,0.0083923,0.029907,2.5033,0.030823,0
0.011292,0.007019,0.032654,2.5033,0.058594,0
0.007782,0.0053406,0.028076,3.4135,0.082397,0
0.0035095,0.0013733,0.020447,2.2757,0.091858,0
-0.0038147,-0.00076294,0.015564,2.9584,0.083618,0
-0.0073242,-0.0027466,0.018158,2.5033,0.067139,0
-0.011444,-0.0036621,0.022278,2.5033,0.052795,0
-0.018311,-0.0033569,0.019073,2.9584,0.046692,0
-0.01709,-0.0019836,0.0038147,1.8206,0.046387,0
-0.010986,0.00030518,-0.010376,3.186,0.047302,0
-0.0035095,0.002594,-0.01297,3.4135,0.044556,0
0.0050354,0.0018311,-0.0065613,2.7309,0.043945,0
0.0099182,0.0028992,0.0035095,2.2757,0.047302,0
0.010986,0.0059509,0.010529,2.5033,0.056763,0
0.0080872,0.0086975,0.012512,2.5033,0.072021,0
0.0038147,0.0091553,0.015106,2.7309,0.088196,0
-0.00091553,0.0083923,0.018921,3.4135,0.10071,0
-0.0073242,0.0079346,0.021973,2.2757,0.10468,0
-0.011139,0.007019,0.023651,2.0482,0.096741,0
-0.012512,0.0061035,0.025024,2.5033,0.088196,0
-0.0082397,0.0059509,0.0177,2.5033,0.083923,0
-0.0036621,0.0053406,0.0039673,2.9584,0.079041,0
0.0082397,0.0056458,0.0041199,2.9584,0.073242,0
0.023346,0.0045776,0.018158,2.7309,0.066833,0
0.029297,0.0088501,0.023346,3.186,0.057983,0
0.020599,0.010681,0.021973,2.5033,0.044861,0
0.01236,0.0057983,0.023956,2.7309,0.029602,0
0.0094604,-0.0010681,0.032196,2.7309,0.018311,0
0.010986,-0.0065613,0.032043,2.9584,0.014648,0
0.012512,-0.0086975,0.020599,2.2757,0.021973,0
0.0088501,-0.010834,0.011139,1.8206,0.038147,0
0.0042725,-0.01236,0.009613,1.8206,0.06073,0
0.0041199,-0.010529,0.010834,2.0482,0.085144,0
0.0090027,-0.010071,0.012817,2.2757,0.10437,0
0.015259,-0.010071,0.01358,2.7309,0.11353,0
0.015411,-0.0093079,0.011902,2.7309,0.11047,0
0.014343,-0.010071,0.0032043,2.5033,0.099792,0
0.012817,-0.011749,-0.0076294,2.7309,0.088196,0
0.014954,-0.01358,-0.01358,2.9584,0.079651,0
0.019073,-0.014801,-0.019073,3.186,0.071716,0
0.018768,-0.016937,-0.025482,2.2757,0.058594,0
0.0094604,-0.019531,-0.032959,2.9584,0.039368,0
-0.00015259,-0.019989,-0.039215,1.8206,0.012207,0
-0.002594,-0.016022,-0.037537,2.2757,-0.011902,0
0.0016785,-0.010529,-0.028839,2.7309,-0.026855,0
0.0054932,-0.0053406,-0.022583,2.9584,-0.026855,0
0.0097656,-0.00030518,-0.024719,2.2757,-0.016479,0
0.0094604,0.00045776,-0.030212,2.9584,-0.0024414,0
0.0065613,0.00015259,-0.035858,3.186,0.0094604,0
0.0061035,0.00045776,-0.041962,3.6411,0.021973,0
0.0079346,0.0010681,-0.047913,3.186,0.032654,0
0.0057983,0.00076294,-0.048676,3.6411,0.047607,0
0.0012207,-0.0012207,-0.039825,2.5033,0.067444,0
-0.0062561,-0.00061035,-0.018921,2.2757,0.09552,0
-0.011292,0.00045776,0.0073242,2.2757,0.1239,0
-0.014343,-0.0013733,0.027618,2.9584,0.14374,0
-0.014496,0.00061035,0.0383,2.7309,0.14618,0
-0.0080872,0.0032043,0.043488,3.186,0.13428,0
-0.0053406,0.0018311,0.045319,2.9584,0.11719,0
-0.0083923,-0.00091553,0.035095,2.5033,0.099182,0
-0.0065613,-0.0016785,0.0054932,2.7309,0.078125,0
-0.0059509,-0.00091553,-0.026703,2.7309,0.05188,0
-0.0071716,0.0022888,-0.040131,3.186,0.018921,0
-0.0056458,0.0030518,-0.032501,3.186,-0.020142,0
0.0021362,-0.0016785,-0.020752,2.5033,-0.067749,0
0.0068665,-0.004425,-0.0177,2.2757,-0.11963,0
0.0041199,-0.0042725,-0.024109,2.2757,-0.16327,0
0.0010681,-0.0062561,-0.0383,2.9584,-0.18066,0
0.002594,-0.0073242,-0.050354,2.0482,-0.17029,0
-0.0028992,-0.0071716,-0.061798,2.7309,-0.14008,0
-0.01236,-0.0064087,-0.069733,2.2757,-0.10406,0
-0.016327,-0.0065613,-0.072479,2.9584,-0.069885,0
-0.012665,-0.0076294,-0.06424,1.8206,-0.039368,0
-0.011139,-0.009613,-0.045319,1.3655,-0.0094604,0
-0.012207,-0.010986,-0.028229,2.2757,0.023499,0
-0.016174,-0.010071,-0.020142,2.7309,0.053711,0
-0.020294,-0.0094604,-0.015717,2.2757,0.07843,0
-0.018616,-0.010223,-0.011597,2.2757,0.096741,0
-0.011597,-0.0088501,-0.0039673,2.0482,0.10834,0
-0.0056458,-0.0074768,0.0083923,2.2757,0.1062,0
-0.0053406,-0.0065613,0.024414,2.9584,0.084839,0
-0.007019,-0.0067139,0.035858,2.2757,0.047302,0
-0.0090027,-0.004425,0.032043,3.6411,0.0042725,0
-0.0035095,-0.0041199,0.022888,2.7309,-0.032349,0
0.0068665,-0.0079346,0.019226,2.7309,-0.055542,0
0.018005,-0.0085449,0.02182,2.2757,-0.054321,0
0.022736,-0.0061035,0.027313,2.7309,-0.031128,0
0.020599,-0.002594,0.028534,2.7309,0.0012207,0
0.014343,0.0018311,0.028229,3.4135,0.030823,0
0.0083923,0.005188,0.024719,2.2757,0.044556,0
0.00015259,0.0064087,0.010681,2.5033,0.0354,0
-0.011292,0.0071716,-0.010223,2.9584,0.010681,0
-0.019531,0.0039673,-0.024261,2.7309,-0.018005,0
-0.020142,0.0010681,-0.025177,2.7309,-0.039978,0
-0.013428,-0.0013733,-0.017853,2.9584,-0.04425,0
-0.0028992,-0.004425,-0.012054,2.9584,-0.035095,0
0.0088501,-0.007019,-0.016632,2.5033,-0.025635,0
0.018005,-0.0085449,-0.027771,3.4135,-0.024719,0
0.023499,-0.0068665,-0.035095,3.186,-0.03418,0
0.021362,-0.0018311,-0.033112,2.9584,-0.040894,0
0.014801,0.0030518,-0.025482,3.186,-0.03418,0
0.0074768,0.0054932,-0.016632,3.4135,-0.014648,0
0.0032043,0.0045776,-0.0076294,2.9584,0.0085449,0
0.00030518,0.0038147,0.0015259,3.186,0.025635,0
-0.0056458,0.005188,0.014343,2.9584,0.03418,0
-0.015259,0.0074768,0.026245,3.186,0.036926,0
-0.022278,0.0082397,0.031891,2.5033,0.040588,0
-0.023346,0.007019,0.029907,2.7309,0.05127,0
-0.027313,0.005188,0.018463,2.7309,0.072021,0
-0.028839,0.002594,0.0073242,2.5033,0.098572,0
-0.021667,0.0019836,0.0033569,2.7309,0.12695,0
-0.011902,0.0028992,0.0028992,2.2757,0.14923,0
-0.0061035,0.0032043,-0.0028992,2.7309,0.16418,0
-0.0067139,-0.0019836,-0.010529,2.5033,0.15869,0
-0.010071,-0.0093079,-0.022888,2.5033,0.1239,0
-0.0041199,-0.015106,-0.032349,2.9584,0.061035,0
0.0061035,-0.016022,-0.025024,2.9584,-0.014038,0
0.012207,-0.0177,-0.0085449,2.5033,-0.086365,0
0.012207,-0.02121,0.0061035,2.2757,-0.1416,0
0.01236,-0.02243,0.015411,2.2757,-0.16876,0
0.0177,-0.022736,0.014191,2.7309,-0.159,0
0.018463,-0.023499,0.0033569,2.7309,-0.11627,0
0.0099182,-0.024719,-0.0068665,2.7309,-0.06012,0
0.0019836,-0.026093,-0.0065613,2.5033,-0.012207,0
0.0080872,-0.026093,0.0067139,2.9584,0.016174,0
0.023804,-0.024872,0.0177,2.7309,0.029907,0
0.030212,-0.022278,0.018768,2.9584,0.039368,0
0.026398,-0.0177,0.024261,2.2757,0.050964,0
0.018158,-0.011597,0.037537,3.4135,0.06134,0
0.0086975,-0.0042725,0.045624,2.5033,0.071716,0
0.004425,0.0016785,0.045929,3.4135,0.080872,0
-0.00030518,0.007019,0.038605,3.4135,0.093079,0
-0.0021362,0.011749,0.029755,3.4135,0.10193,0
0.0019836,0.01709,0.027313,3.8687,0.10834,0
0.0082397,0.020905,0.034332,3.6411,0.10406,0
0.0091553,0.019531,0.04303,3.186,0.086975,0
0.0033569,0.017395,0.040283,2.7309,0.065613,0
0.00030518,0.018463,0.038147,2.2757,0.040283,0
0.0012207,0.019836,0.04715,2.5033,0.022888,0
0.0032043,0.02243,0.05722,2.9584,0.022888,0
-0.0010681,0.021362,0.067749,2.5033,0.041809,0
-0.0090027,0.018616,0.079193,2.5033,0.059814,0
-0.015411,0.018005,0.083466,2.7309,0.065002,0
-0.018921,0.016785,0.081024,2.9584,0.057068,0
-0.019531,0.014648,0.07782,3.186,0.047302,0
-0.012054,0.010376,0.072937,3.186,0.033264,0
-0.0059509,0.0067139,0.059662,2.9584,0.011292,0
-0.0048828,0.0045776,0.039062,2.2757,-0.018005,0
-0.0038147,0.0054932,0.028687,2.7309,-0.049744,0
-0.0064087,0.0076294,0.036469,2.5033,-0.074463,0
-0.010529,0.0059509,0.045776,2.5033,-0.083008,0
-0.010834,0.0039673,0.04776,2.5033,-0.076599,0
-0.010681,0.0010681,0.045776,2.2757,-0.06012,0
-0.011902,-0.0032043,0.041962,2.5033,-0.037231,0
-0.012054,-0.0068665,0.040588,2.2757,-0.0045776,0
-0.0094604,-0.0097656,0.037231,1.5931,0.034485,0
-0.0019836,-0.0090027,0.027771,2.0482,0.080261,0
0.0028992,-0.0094604,0.020752,1.5931,0.13153,0
0.0056458,-0.0086975,0.02243,2.5033,0.18433,0
0.0048828,-0.0059509,0.034943,2.0482,0.22461,0
0.0013733,-0.0021362,0.055847,2.0482,0.24811,0
-0.0033569,0.0010681,0.078888,2.2757,0.25299,0
-0.0018311,0.0059509,0.095215,2.0482,0.24414,0
0.0010681,0.0093079,0.09491,2.5033,0.22095,0
0.0067139,0.0083923,0.081635,2.9584,0.18219,0
0.014801,0.0039673,0.070953,2.9584,0.1416,0
0.02121,0.002594,0.069427,2.5033,0.11383,0
0.024872,0.0048828,0.066528,2.2757,0.099487,0
0.023041,0.0076294,0.061188,2.5033,0.090027,0
0.021973,0.007019,0.064697,3.186,0.076904,0
0.02121,0.0057983,0.075226,2.7309,0.058594,0
0.014954,0.0045776,0.078888,2.2757,0.043945,0
0.0056458,0.0033569,0.073395,2.2757,0.035095,0
-0.0088501,0.0041199,0.064392,2.9584,0.030518,0
-0.023804,0.0050354,0.050049,2.7309,0.021667,0
-0.036011,0.0065613,0.037079,2.2757,0.0018311,0
-0.035858,0.0090027,0.031738,2.2757,-0.023499,0
-0.025787,0.0090027,0.03418,2.0482,-0.048218,0
-0.014191,0.0062561,0.039825,2.7309,-0.06012,0
-0.013275,0.0036621,0.044403,1.8206,-0.055237,0
-0.014343,0.0022888,0.044556,2.7309,-0.039062,0
-0.007019,0.0010681,0.034332,2.7309,-0.012512,0
-0.0016785,0.00061035,0.014954,2.7309,0.021362,0
0.007019,-0.00030518,-0.0041199,2.0482,0.057373,0
0.013428,-0.0030518,-0.024567,1.5931,0.088196,0
0.013275,-0.0099182,-0.04776,2.0482,0.10956,0
0.010071,-0.016174,-0.060883,2.7309,0.11993,0
0.0042725,-0.015259,-0.058441,2.7309,0.12421,0
-0.0035095,-0.0091553,-0.04715,2.5033,0.1239,0
-0.0056458,-0.0021362,-0.033875,2.5033,0.1181,0
-0.0057983,0.00091553,-0.02243,2.2757,0.10376,0
-0.0071716,-0.0010681,-0.020905,1.8206,0.082703,0
-0.0094604,-0.0041199,-0.024872,2.0482,0.067444,0
-0.011444,-0.010071,-0.018311,2.5033,0.067749,0
-0.012665,-0.016174,-0.0038147,2.2757,0.080261,0
-0.010986,-0.018463,-0.00061035,1.3655,0.088501,0
-0.010223,-0.016785,-0.0059509,2.0482,0.079956,0
-0.0065613,-0.013733,-0.0039673,1.8206,0.054932,0
-0.00076294,-0.010071,0.012207,2.2757,0.021057,0
0.0041199,-0.0019836,0.039062,2.2757,-0.0094604,0
0.0030518,0.0068665,0.059967,2.0482,-0.02594,0
0.002594,0.011749,0.068054,2.2757,-0.022583,0
0.0083923,0.014038,0.062408,1.5931,-0.0030518,0
0.01709,0.01709,0.052185,1.8206,0.023499,0
0.023193,0.015564,0.05661,2.2757,0.059814,0
0.019836,0.0038147,0.070496,2.5033,0.11139,0
0.017548,-0.011292,0.077362,2.7309,0.17029,0
0.019684,-0.023651,0.068054,3.186,0.22614,0
0.02243,-0.027771,0.04776,3.4135,0.2597,0
0.024261,-0.023651,0.028381,3.186,0.26428,0
0.027161,-0.01358,0.019531,2.7309,0.23987,0
0.024261,-0.0042725,0.015564,2.5033,0.1944,0
0.012665,0.00015259,0.0041199,2.9584,0.14771,0
-0.0022888,-0.0012207,-0.024719,3.4135,0.12024,0
-0.0086975,-0.0022888,-0.061646,2.7309,0.12421,0
-0.010529,-0.00076294,-0.085297,2.9584,0.15106,0
-0.01297,0.00076294,-0.089264,2.9584,0.1825,0
-0.0086975,0.0030518,-0.08606,2.9584,0.19836,0
-0.0033569,0.0032043,-0.084534,3.186,0.19836,0
-0.0053406,0.0030518,-0.077209,3.6411,0.18402,0
-0.007782,0.0010681,-0.066986,2.7309,0.16022,0
-0.007782,0.00015259,-0.059204,2.9584,0.13123,0
-0.0062561,0.0013733,-0.05661,2.9584,0.098877,0
-0.0039673,0.0012207,-0.059967,2.7309,0.072632,0
-0.0016785,-0.00030518,-0.058899,2.9584,0.057983,0
0.0021362,-0.00015259,-0.055695,2.5033,0.057068,0
0.0036621,0.0015259,-0.053711,2.2757,0.060425,0
0.0041199,0.0030518,-0.04837,2.5033,0.062866,0
0.0039673,0.0019836,-0.033875,2.9584,0.05188,0
0.0045776,0.0045776,-0.014343,2.7309,0.030212,0
0.010681,0.0090027,-0.00076294,2.7309,0.0039673,0
0.016479,0.012207,-0.002594,2.0482,-0.017395,0
0.018158,0.017395,-0.010986,3.186,-0.024414,0
0.014343,0.020599,-0.018158,2.2757,-0.012512,0
0.0076294,0.020599,-0.015564,2.2757,0.010681,0
0.0032043,0.023193,-0.0032043,2.2757,0.03418,0
0.0015259,0.028534,0.0057983,2.5033,0.048218,0
-0.0039673,0.029144,0.0085449,2.2757,0.053101,0
-0.0038147,0.023041,0.0053406,2.5033,0.05188,0
0.0010681,0.016785,-0.0016785,2.9584,0.042114,0
0.0045776,0.01358,-0.015259,2.9584,0.02655,0
0.0032043,0.011902,-0.037384,2.7309,0.013428,0
-0.0027466,0.007782,-0.055695,2.9584,0.016479,0
-0.010529,0.0028992,-0.057373,2.0482,0.032959,0
-0.01236,0.0018311,-0.036011,2.9584,0.05127,0
-0.0050354,0.0053406,-0.0083923,2.9584,0.057068,0
0.0010681,0.0094604,0.0038147,3.4135,0.048218,0
0.0010681,0.010376,0.0041199,2.9584,0.029297,0
0.0013733,0.0083923,0.0013733,2.7309,0.0061035,0
0.0032043,0.005188,-0.0016785,2.9584,-0.012817,0
0.0036621,0.0032043,-0.012665,3.186,-0.028687,0
0.002594,0.0028992,-0.019989,3.4135,-0.035095,0
0,0.00061035,-0.022583,2.9584,-0.033875,0
-0.0053406,-0.0010681,-0.024414,3.186,-0.0177,0
-0.011902,-0.0016785,-0.02594,2.9584,0.011292,0
-0.018158,-0.0016785,-0.026245,2.7309,0.049133,0
-0.023041,-0.00045776,-0.02243,2.2757,0.083923,0
-0.021515,-0.0024414,-0.016022,2.7309,0.1178,0
-0.017242,-0.0073242,-0.0097656,2.7309,0.14893,0
-0.010986,-0.0099182,-0.0030518,3.186,0.17975,0
-0.0054932,-0.0080872,0.0013733,3.6411,0.19867,0
-0.0062561,-0.0038147,-0.0013733,2.9584,0.20203,0
-0.0073242,0.0013733,-0.0082397,3.4135,0.18463,0
-0.0047302,0.0059509,-0.0085449,3.4135,0.14435,0
-0.0019836,0.0024414,0.0036621,3.186,0.063477,0
-0.0041199,-0.0035095,0.022583,2.7309,-0.059814,0
-0.0033569,-0.0047302,0.037537,2.9584,-0.1712,0
0.0012207,-0.0056458,0.043182,2.2757,-0.23132,0
0.0018311,-0.0091553,0.037994,2.0482,-0.23041,0
-0.0024414,-0.012817,0.025635,2.9584,-0.18158,0
-0.0082397,-0.014191,0.010834,2.7309,-0.097351,0
-0.011597,-0.015869,0.0015259,2.7309,0.013428,0
-0.012512,-0.018158,-0.00030518,2.9584,0.14099,0
-0.010834,-0.019989,0.0012207,2.5033,0.26337,0
-0.0032043,-0.023041,-0.0041199,2.0482,0.35767,0
0.0086975,-0.022278,-0.013275,2.7309,0.41077,0
0.021362,-0.017853,-0.015869,3.8687,0.42114,0
0.033264,-0.014648,-0.01358,2.0482,0.40009,0
0.036926,-0.011902,-0.010071,1.8206,0.3653,0
0.03067,-0.009613,-0.0054932,1.5931,0.3244,0
0.024414,-0.011292,-0.0027466,2.2757,0.27618,0
0.02533,-0.014038,-0.0027466,2.2757,0.21729,0
0.033569,-0.012665,-0.010834,2.7309,0.15106,0
0.038605,-0.0059509,-0.015717,2.7309,0.087585,0
0.033569,0.0019836,-0.0085449,2.7309,0.04303,0
0.016327,0.0050354,0.00091553,2.9584,0.027161,0
0.0013733,0.0027466,0.0065613,2.7309,0.031738,0
-0.00091553,0.0041199,0.0062561,2.9584,0.034485,0
0.00091553,0.007019,0.00091553,3.4135,0.013733,0
0.0059509,0.010681,-0.0027466,2.7309,-0.028076,0
0.0082397,0.016632,0.0048828,2.9584,-0.079041,0
0.0076294,0.015869,0.017548,2.7309,-0.12207,0
0.0085449,0.0094604,0.019073,3.186,-0.13702,0
0.011902,0.0083923,0.013123,3.4135,-0.11658,0
0.010376,0.011902,0.0073242,2.2757,-0.070496,0
0.0064087,0.011292,0.0010681,2.2757,-0.016479,0
0.0041199,0.0065613,0.002594,3.186,0.028381,0
-0.00091553,0.0018311,0.012207,2.2757,0.05188,0
-0.0073242,-0.0062561,0.015869,2.2757,0.054016,0
-0.011902,-0.014191,0.0099182,2.5033,0.041504,0
-0.015717,-0.011902,0.0019836,2.0482,0.021057,0
-0.018311,-0.0032043,-0.0047302,2.5033,-0.0015259,0
-0.014954,-0.0022888,-0.012207,1.5931,-0.0177,0
-0.0068665,-0.005188,-0.016327,1.8206,-0.025635,0
-0.00061035,-0.011444,-0.02243,2.0482,-0.024719,0
0.0048828,-0.020142,-0.032959,2.0482,-0.027161,0
0.0076294,-0.027008,-0.041962,2.0482,-0.04303,0
0.0024414,-0.029297,-0.045013,2.2757,-0.10193,0
-0.0012207,-0.02594,-0.037994,2.5033,-0.19379,0
-0.0012207,-0.022278,-0.024414,2.2757,-0.26489,0
-0.00076294,-0.020142,-0.018005,2.7309,-0.27191,0
-0.00061035,-0.025482,-0.023499,2.2757,-0.2182,0
-0.00045776,-0.034637,-0.032501,2.5033,-0.13153,0
-0.0019836,-0.036774,-0.038147,2.5033,-0.036621,0
-0.0010681,-0.022278,-0.02243,2.5033,0.057068,0
-0.0010681,0.00045776,0.015106,2.0482,0.13702,0
-0.005188,0.010529,0.051422,1.5931,0.19379,0
-0.010223,0.0093079,0.067139,2.2757,0.22522,0
-0.0093079,0.0074768,0.063629,2.0482,0.23895,0
-0.0050354,0.0061035,0.050201,1.8206,0.2417,0
-0.0039673,0.0088501,0.039978,2.7309,0.24384,0
-0.004425,0.01297,0.036774,2.5033,0.24719,0
-0.0048828,0.015259,0.030365,2.5033,0.24506,0
-0.0022888,0.011597,0.016174,2.5033,0.22797,0
-0.0027466,0.0019836,0.0021362,2.9584,0.19379,0
-0.0062561,-0.013885,0.0013733,2.5033,0.14801,0
-0.010529,-0.029297,0.0038147,2.2757,0.10681,0
-0.010681,-0.036926,-0.00061035,2.7309,0.079041,0
-0.0047302,-0.035858,-0.014496,2.2757,0.069275,0
0.014801,-0.027466,-0.026855,2.2757,0.075684,0
0.036316,-0.017242,-0.024261,2.9584,0.088196,0
0.049438,-0.01236,-0.0080872,2.9584,0.10223,0
0.04776,-0.014343,0.0048828,2.5033,0.11322,0
0.036011,-0.020905,0.0027466,3.4135,0.11993,0
0.014648,-0.025177,-0.013885,3.186,0.11719,0
-0.0032043,-0.019989,-0.027618,2.9584,0.10101,0
-0.0091553,-0.012665,-0.028534,2.7309,0.075378,0
-0.0088501,-0.009613,-0.027466,2.2757,0.044861,0
-0.010071,-0.0065613,-0.027313,2.5033,0.015259,0
-0.010681,-0.0036621,-0.029602,2.7309,-0.010681,0
-0.015106,0.0028992,-0.039673,3.4135,-0.027161,0
-0.023499,0.010071,-0.053253,2.9584,-0.029297,0
-0.028687,0.011292,-0.057526,2.7309,-0.012512,0
-0.033112,0.0097656,-0.043793,3.4135,0.020752,0
-0.037537,0.0064087,-0.017395,2.5033,0.061951,0
-0.036163,0.0059509,0.0045776,2.5033,0.097961,0
-0.033722,0.0085449,0.0082397,2.5033,0.12238,0
-0.03067,0.010071,-0.0027466,2.7309,0.13153,0
-0.026245,0.0067139,-0.0010681,2.2757,0.12817,0
-0.015564,-0.0028992,0.021667,2.0482,0.11627,0
-0.0054932,-0.0054932,0.044403,2.0482,0.096436,0
-0.0038147,0.0061035,0.059357,2.2757,0.076599,0
-0.0016785,0.01297,0.069122,1.8206,0.063477,0
0.00045776,0.0093079,0.072937,1.8206,0.061035,0
-0.0015259,0.011597,0.065002,2.7309,0.067749,0
-0.004425,0.020599,0.048828,2.9584,0.07843,0
-0.0082397,0.019073,0.034637,2.7309,0.094299,0
-0.011444,0.010529,0.034332,2.2757,0.10986,0
-0.014191,0.0054932,0.035706,2.7309,0.12909,0
-0.018158,-0.0016785,0.028534,2.2757,0.15167,0
-0.022888,-0.004425,0.019684,2.0482,0.17426,0
-0.023956,0.00045776,0.014343,2.0482,0.19653,0
-0.01358,0.0016785,0.0048828,2.5033,0.21027,0
-0.0022888,-0.0030518,-0.016632,2.2757,0.20691,0
0.0079346,-0.0056458,-0.047607,2.2757,0.1886,0
0.018768,-0.0045776,-0.049744,2.2757,0.15381,0
0.025177,-0.0013733,-0.0030518,1.5931,0.11047,0
0.02243,-0.0018311,0.04425,1.8206,0.065918,0
0.020294,0.00030518,0.055389,2.5033,0.024414,0
0.024109,0.0018311,0.051422,1.8206,-0.014038,0
0.027008,-0.0036621,0.043182,2.0482,-0.047607,0
0.025482,-0.0056458,0.027466,2.5033,-0.070496,0
0.020599,-0.0021362,0.015717,3.4135,-0.076904,0
0.013123,-0.0027466,0.011292,2.7309,-0.065613,0
0.0053406,-0.0085449,0.0099182,3.186,-0.038757,0
-0.00045776,-0.010834,0.010223,2.5033,-0.0045776,0
-0.0045776,-0.0073242,0.0090027,2.9584,0.028992,0
-0.009613,0.0010681,0.002594,2.5033,0.053711,0
-0.0064087,0.0083923,-0.011444,2.9584,0.068665,0
0.011292,0.0080872,-0.016327,3.186,0.075989,0
0.021362,0.0065613,-0.0083923,3.6411,0.084839,0
0.014648,0.0097656,0.0030518,3.6411,0.097961,0
0.0015259,0.010986,0.011292,2.7309,0.11017,0
-0.0024414,0.0016785,0.013428,2.7309,0.11505,0
0.0019836,-0.0073242,-0.00045776,2.2757,0.10895,0
0.0082397,-0.018005,-0.021667,2.0482,0.10132,0
0.0088501,-0.028076,-0.028534,1.8206,0.10071,0
0.0033569,-0.022278,-0.023499,2.2757,0.11078,0
-0.0010681,-0.005188,-0.02121,2.0482,0.12451,0
-0.00091553,0.007019,-0.014191,2.7309,0.12939,0
0.0019836,0.012054,0.0019836,1.8206,0.12238,0
0.0019836,0.014038,0.016785,1.5931,0.10803,0
0.0022888,0.017242,0.029297,2.0482,0.09613,0
0.0064087,0.016632,0.030365,1.3655,0.090942,0
0.0082397,0.011902,0.018158,2.2757,0.096741,0
0.0061035,0.01236,0.0086975,2.5033,0.11047,0
0.0036621,0.009613,0.010376,2.7309,0.1236,0
0.0042725,-0.0013733,0.0057983,2.9584,0.12909,0
0.0090027,-0.012512,-0.022278,3.186,0.12726,0
0.015259,-0.014496,-0.060577,2.7309,0.11993,0
0.010223,-0.0050354,-0.056,2.2757,0.10712,0
0.0010681,0.0059509,0.00061035,2.0482,0.093384,0
-0.0094604,0.0097656,0.050507,2.9584,0.08606,0
-0.010986,0.011902,0.056152,2.5033,0.090332,0
-0.0094604,0.0093079,0.029297,2.2757,0.097046,0
-0.012665,0.0027466,-0.005188,2.7309,0.1004,0
-0.012665,0.0010681,-0.022736,2.2757,0.093689,0
-0.0091553,0.00061035,-0.01709,2.2757,0.079041,0
-0.005188,0,-0.0090027,2.2757,0.064087,0
-0.0033569,-0.0019836,-0.0021362,2.5033,0.051575,0
-0.0024414,0.0035095,0.014038,2.0482,0.040894,0
0.0019836,0.015717,0.03479,2.0482,0.033264,0
0.01297,0.024567,0.045776,2.7309,0.032043,0
0.016174,0.035706,0.046234,2.2757,0.035095,0
0.013123,0.046539,0.043488,2.9584,0.039978,0
0.0067139,0.049286,0.040894,2.7309,0.038452,0
0,0.047913,0.039062,2.2757,0.035095,0
-0.0054932,0.048523,0.04364,2.7309,0.0354,0
-0.0073242,0.045319,0.046844,3.6411,0.04303,0
-0.0073242,0.038147,0.037537,3.186,0.056152,0
0.00076294,0.034943,0.02655,2.9584,0.072327,0
0.014801,0.03067,0.029907,2.7309,0.081482,0
0.024567,0.023193,0.039215,2.7309,0.077209,0
0.022736,0.023956,0.043335,2.2757,0.059204,0
0.01358,0.03067,0.042877,2.0482,0.038757,0
0.0036621,0.031128,0.037994,2.0482,0.028687,0
0,0.022278,0.039368,2.5033,0.029907,0
-0.00061035,0.0099182,0.052795,2.7309,0.038147,0
-0.00061035,0.00045776,0.055237,2.5033,0.04303,0
-0.00045776,-0.0013733,0.027008,2.2757,0.038147,0
0,0.0028992,-0.0083923,2.7309,0.029602,0
0.002594,0.0068665,-0.022278,1.5931,0.022583,0
0.0068665,0.010986,-0.012512,0.91037,0.023499,0
0.007019,0.023804,0.00076294,2.0482,0.032959,0
0.0030518,0.033569,0.010376,1.5931,0.049438,0
-0.0021362,0.0354,0.018005,1.8206,0.058899,0
-0.0047302,0.032959,0.015564,2.2757,0.062866,0
-0.004425,0.029602,0.0041199,2.2757,0.059204,0
-0.0047302,0.022125,-0.0018311,2.9584,0.050049,0
-0.0038147,0.0036621,-0.005188,2.5033,0.042114,0
-0.0047302,-0.014343,-0.015411,2.9584,0.043335,0
-0.0012207,-0.022278,-0.038452,2.5033,0.059204,0
0.0088501,-0.021973,-0.058899,2.5033,0.075378,0
0.019531,-0.017395,-0.06134,3.4135,0.07019,0
0.026245,-0.018616,-0.045929,2.5033,0.043335,0
0.032043,-0.023499,-0.0064087,2.0482,0.010681,0
0.036163,-0.019531,0.032959,2.2757,-0.0057983,0
0.034637,-0.013428,0.042725,2.0482,-0.0064087,0
0.029297,-0.015717,0.031128,2.7309,-0.0018311,0
0.022278,-0.019836,0.01358,1.8206,0.00061035,0
0.017853,-0.018158,-0.0028992,2.2757,0.0036621,0
0.012054,-0.013885,-0.010529,1.3655,0.0015259,0
0.0064087,-0.009613,-0.011749,2.5033,-0.00030518,0
0.0030518,0.0010681,-0.0177,2.5033,-0.00030518,0
-0.002594,0.017548,-0.034943,2.7309,0.0030518,0
-0.0064087,0.03479,-0.05661,2.7309,0.013428,0
-0.0064087,0.039825,-0.069885,2.2757,0.027771,0
-0.010529,0.026855,-0.072784,2.2757,0.043335,0
-0.015564,0.010223,-0.060425,3.4135,0.056458,0
-0.017395,0.0079346,-0.034027,3.6411,0.066833,0
-0.017853,0.026703,-0.0035095,3.4135,0.071716,0
-0.015717,0.046692,0.019684,2.9584,0.072021,0
-0.010681,0.039062,0.030365,2.7309,0.069275,0
-0.0050354,0.012054,0.023193,2.9584,0.071411,0
-0.0038147,-0.0047302,0.0024414,2.2757,0.079956,0
-0.0059509,-0.014191,-0.0177,1.8206,0.090942,0
-0.0097656,-0.017853,-0.025177,1.8206,0.098877,0
-0.014496,-0.016022,-0.020294,1.8206,0.098267,0
-0.016937,-0.018311,-0.0071716,2.2757,0.091553,0
-0.014648,-0.020294,0.0050354,2.2757,0.086975,0
-0.01358,-0.018311,0.0024414,2.0482,0.090027,0
-0.015717,-0.011444,-0.014648,1.8206,0.10071,0
-0.017548,-0.0019836,-0.041046,2.5033,0.10406,0
-0.019379,0.00030518,-0.063477,2.2757,0.09552,0
-0.020752,-0.012817,-0.068817,2.2757,0.082092,0
-0.014496,-0.02594,-0.05722,2.7309,0.073547,0
-0.0085449,-0.024261,-0.042572,1.5931,0.071716,0
0.0024414,-0.01709,-0.028992,2.0482,0.075989,0
0.0039673,-0.0073242,-0.014496,2.9584,0.081177,0
-0.002594,0.0010681,-0.0057983,2.7309,0.083923,0
-0.002594,0,-0.01358,2.5033,0.08667,0
0.0064087,-0.005188,-0.027313,2.7309,0.090942,0
0.01358,-0.0048828,-0.026855,2.2757,0.1001,0
0.016785,-0.0065613,-0.013428,2.0482,0.11108,0
0.021057,-0.016327,-0.0039673,2.2757,0.12268,0
0.023041,-0.025177,0.0079346,2.7309,0.12665,0
0.020447,-0.030212,0.029907,2.9584,0.12024,0
0.016174,-0.042267,0.050354,2.0482,0.10864,0
0.011139,-0.060577,0.055237,1.8206,0.10101,0
0.0082397,-0.07843,0.050354,2.0482,0.10101,0
0.0083923,-0.085144,0.046387,2.7309,0.10498,0
0.010681,-0.075226,0.05127,2.5033,0.10803,0
0.011902,-0.066223,0.057373,2.5033,0.112,0
0.014648,-0.066223,0.046844,2.7309,0.11414,0
0.013428,-0.068207,0.036621,1.5931,0.11169,0
0.011902,-0.06897,0.044098,1.8206,0.10864,0
0.011444,-0.075226,0.063171,2.2757,0.1059,0
0.009613,-0.082855,0.078888,3.186,0.10529,0
0.0027466,-0.083618,0.085754,2.5033,0.10315,0
-0.0094604,-0.075226,0.073547,2.0482,0.095215,0
-0.0177,-0.057373,0.045776,1.8206,0.083313,0
-0.024261,-0.030365,0.036774,2.5033,0.076904,0
-0.027771,-0.0027466,0.054932,2.9584,0.078125,0
-0.023346,0.0050354,0.07782,2.9584,0.08667,0
-0.019226,-0.0053406,0.084076,2.9584,0.097351,0
-0.014496,-0.010834,0.090942,2.7309,0.10529,0
-0.0085449,-0.0090027,0.097656,2.5033,0.10834,0
-0.0083923,-0.012054,0.089722,2.2757,0.10406,0
-0.015717,-0.016022,0.067749,2.2757,0.097046,0
-0.018768,-0.024872,0.045776,2.2757,0.090637,0
-0.015411,-0.036011,0.00091553,1.8206,0.084534,0
-0.011444,-0.037994,-0.075684,1.8206,0.080261,0
-0.0067139,-0.028687,-0.10559,1.1379,0.075989,0
0.0024414,-0.014954,-0.068665,2.2757,0.073242,0
0.0068665,-0.012054,-0.039368,2.0482,0.065918,0
0.0028992,-0.028992,-0.052948,2.0482,0.058289,0
-0.0015259,-0.05127,-0.075684,2.0482,0.051575,0
-0.0047302,-0.057831,-0.089874,2.7309,0.050964,0
-0.0088501,-0.053101,-0.10101,1.5931,0.05249,0
-0.01297,-0.05249,-0.12573,0.91037,0.057983,0
-0.013885,-0.055695,-0.16006,2.2757,0.068359,0
-0.015564,-0.055695,-0.1947,2.5033,0.074768,0
-0.013885,-0.054779,-0.2298,2.5033,0.079041,0
-0.009613,-0.057678,-0.26031,2.5033,0.081787,0
-0.0061035,-0.056763,-0.27481,2.7309,0.099182,0
0.00061035,-0.050201,-0.28152,2.2757,0.11749,0
0.005188,-0.045013,-0.29022,2.7309,0.11719,0
0.0082397,-0.043488,-0.30396,3.186,0.089722,0
0.0073242,-0.033112,-0.32379,2.7309,0.049133,0
0.0064087,-0.013885,-0.34134,2.7309,0.011597,0
0.005188,-0.0059509,-0.35828,2.5033,-0.010071,0
0.0030518,-0.0097656,-0.3804,2.5033,-0.015564,0
0.00045776,-0.0056458,-0.39658,2.7309,-0.012207,0
-0.0030518,0.0027466,-0.40085,2.7309,-0.0036621,0
-0.0053406,0.0050354,-0.40283,2.2757,0.012817,0
-0.0091553,0.0038147,-0.39383,2.7309,0.038147,0
-0.0177,0.011444,-0.37613,2.7309,0.076294,0
-0.022888,0.022583,-0.36804,2.9584,0.11078,0
-0.019684,0.025482,-0.36377,3.186,0.112,0
-0.012054,0.029449,-0.35736,2.9584,0.074463,0
-0.0048828,0.027618,-0.35812,2.2757,0.018616,0
0.0012207,0.01297,-0.38132,2.9584,-0.027161,0
0.0016785,-0.0028992,-0.42145,2.5033,-0.05127,0
-0.0027466,-0.0099182,-0.43869,2.7309,-0.054016,0
-0.0086975,-0.011444,-0.41794,1.8206,-0.045471,0
-0.0032043,-0.0093079,-0.40054,2.5033,-0.040283,0
0.013275,-0.0050354,-0.42114,2.5033,-0.038452,0
0.029449,-0.0065613,-0.46936,1.8206,-0.028992,0
0.02594,-0.012054,-0.50812,1.8206,-0.0088501,0
0.014343,-0.014648,-0.52536,2.2757,0.014954,0
0.0041199,-0.014038,-0.53299,1.8206,0.033264,0
0.00045776,-0.016022,-0.53604,1.8206,0.043945,0
0.002594,-0.027313,-0.51895,1.8206,0.039062,0
0.0053406,-0.046997,-0.49683,2.2757,0.020447,0
0.0097656,-0.053711,-0.49561,2.0482,-0.0045776,0
0.013123,-0.035553,-0.51483,2.0482,-0.022888,0
0.018463,-0.014648,-0.522,2.2757,-0.0354,0
0.019379,-0.014038,-0.4985,2.0482,-0.037537,0
0.018768,-0.027313,-0.45074,1.8206,-0.028381,0
0.015717,-0.034027,-0.38803,2.0482,-0.0094604,0
0.0090027,-0.023956,-0.31982,1.8206,0.014954,0
0.0099182,-0.0024414,-0.24597,2.0482,0.037537,0
0.014038,0.021057,-0.14267,2.2757,0.053101,0
0.011292,0.03006,-0.012054,1.5931,0.06073,0
0.007782,0.02594,0.11917,2.5033,0.065613,0
0.0036621,0.029755,0.22949,2.5033,0.067749,0
-0.0027466,0.03952,0.31403,2.2757,0.077209,0
-0.010681,0.043945,0.38635,2.2757,0.09552,0
-0.016174,0.048981,0.46219,3.186,0.11627,0
-0.019379,0.051422,0.54108,3.186,0.13031,0
-0.024414,0.05127,0.62302,3.186,0.13031,0
-0.022888,0.056915,0.70328,2.9584,0.1239,0
-0.01297,0.069427,0.77225,2.9584,0.12054,0
-0.00076294,0.074921,0.85281,2.9584,0.1239,0
0.0091553,0.072937,0.92575,3.4135,0.13,0
0.011139,0.069275,0.96786,2.5033,0.13153,0
0.0053406,0.069122,1.0123,2.9584,0.1181,0
-0.0019836,0.085602,1.071,2.5033,0.092773,0
-0.0093079,0.10635,1.1192,2.7309,0.070496,0
-0.0079346,0.10986,1.1551,2.5033,0.057678,0
0.0042725,0.092468,1.1974,2.2757,0.065002,0
0.025787,0.062866,1.241,2.2757,0.085754,0
0.028992,0.043182,1.2604,2.5033,0.10254,0
0.01709,0.050964,1.2598,2.9584,0.10468,0
0.0090027,0.072937,1.2935,2.9584,0.09552,0
0.0067139,0.082397,1.376,2.7309,0.084534,0
0.007019,0.075531,1.4316,2.2757,0.085144,0
0.010071,0.06073,1.4119,2.5033,0.10254,0
0.015564,0.050812,1.3466,2.9584,0.12207,0
0.014954,0.045776,1.2589,2.9584,0.13367,0
0.0062561,0.045776,1.1798,2.7309,0.12909,0
-0.0016785,0.055847,1.1729,2.0482,0.10773,0
-0.0030518,0.066376,1.2114,2.7309,0.079956,0
0.00030518,0.070953,1.2231,2.5033,0.06134,0
0.0061035,0.070038,1.1987,2.2757,0.056152,0
0.012054,0.060272,1.1565,2.7309,0.06012,0
0.016632,0.045013,1.0944,3.186,0.071106,0
0.020142,0.037231,1.0121,2.9584,0.084534,0
0.020752,0.041809,0.91751,2.5033,0.094604,0
0.016327,0.045929,0.80948,2.2757,0.10101,0
0.0093079,0.03952,0.69992,2.5033,0.10529,0
0.0030518,0.031281,0.61569,1.3655,0.11536,0
0.0013733,0.028381,0.5513,2.2757,0.13885,0
0.00015259,0.024872,0.48477,1.3655,0.16602,0
-0.00015259,0.021362,0.41504,1.5931,0.18341,0
0.0041199,0.02655,0.34454,1.8206,0.18951,0
0.010223,0.033112,0.26627,2.0482,0.19073,0
0.0086975,0.0383,0.17899,2.9584,0.18982,0
0.0056458,0.040131,0.094299,2.5033,0.18127,0
-0.00030518,0.040283,0.0086975,2.7309,0.16357,0
-0.0088501,0.049286,-0.071259,2.5033,0.13855,0
-0.014801,0.061035,-0.12589,2.2757,0.11322,0
-0.0088501,0.053864,-0.15991,2.5033,0.088501,0
-0.00091553,0.038757,-0.18707,2.9584,0.068054,0
-0.0010681,0.036926,-0.21942,3.186,0.056152,0
-0.005188,0.044708,-0.26108,3.6411,0.05127,0
-0.005188,0.046234,-0.30029,3.4135,0.050659,0
0.0038147,0.038605,-0.32043,2.2757,0.052185,0
0.010681,0.036163,-0.33188,2.7309,0.058594,0
0.0076294,0.045471,-0.36652,2.5033,0.066833,0
0.0061035,0.053406,-0.42267,3.186,0.073242,0
-0.0018311,0.049591,-0.47714,3.186,0.074158,0
-0.015869,0.043335,-0.51178,3.6411,0.068359,0
-0.026245,0.03952,-0.54337,2.7309,0.058594,0
-0.035248,0.029602,-0.59082,2.9584,0.05127,0
-0.036316,0.027771,-0.64529,2.7309,0.05249,0
-0.022736,0.04303,-0.68207,2.7309,0.067444,0
-0.010834,0.048218,-0.67917,2.5033,0.094299,0
-0.0088501,0.028381,-0.6488,1.5931,0.12482,0
-0.0064087,-0.0010681,-0.61462,1.8206,0.14496,0
-0.00076294,-0.0083923,-0.58701,2.7309,0.14526,0
0.0022888,0.0030518,-0.57007,2.2757,0.13031,0
-0.0056458,0.013885,-0.5722,2.2757,0.10986,0
-0.016479,0.018158,-0.57999,2.0482,0.096436,0
-0.016632,0.010986,-0.58258,1.5931,0.092773,0
-0.010681,-0.0039673,-0.59952,2.2757,0.095215,0
-0.0021362,-0.0094604,-0.61905,2.2757,0.099182,0
0.0057983,-0.00076294,-0.61279,1.8206,0.10437,0
0.011749,0.015411,-0.58701,2.2757,0.10315,0
0.017548,0.017548,-0.56076,2.0482,0.093079,0
0.021362,-0.002594,-0.53726,2.0482,0.075378,0
0.018311,-0.012665,-0.48264,2.7309,0.064087,0
0.01297,0.012512,-0.40497,2.5033,0.06073,0
0.012512,0.040436,-0.35187,2.5033,0.06012,0
0.011749,0.037537,-0.3299,2.5033,0.054932,0
0.004425,0.015717,-0.33234,2.9584,0.040894,0
0.0018311,0.0050354,-0.35248,2.9584,0.025024,0
0.0016785,0.01358,-0.36087,2.9584,0.013733,0
-0.00091553,0.030518,-0.3537,3.186,0.011902,0
0.0018311,0.049591,-0.32272,2.7309,0.019836,0
0.0050354,0.068512,-0.26291,2.7309,0.0354,0
0.0048828,0.075073,-0.21362,3.186,0.048218,0
0.0042725,0.065918,-0.19791,2.9584,0.058899,0
0.0042725,0.050964,-0.20721,2.7309,0.06958,0
0.0057983,0.03479,-0.22308,2.7309,0.08606,0
0.0065613,0.022278,-0.23651,2.2757,0.10223,0
0.0067139,0.011292,-0.23468,2.5033,0.10803,0
0.0097656,-0.0013733,-0.22308,2.5033,0.10284,0
0.0097656,-0.014191,-0.20996,2.5033,0.092163,0
0.010681,-0.02594,-0.19165,2.5033,0.080872,0
0.0045776,-0.034332,-0.18204,2.2757,0.071411,0
-0.0041199,-0.045929,-0.18677,2.2757,0.068054,0
-0.014801,-0.058746,-0.18814,2.2757,0.071411,0
-0.019531,-0.063782,-0.1857,2.7309,0.078125,0
-0.022278,-0.066681,-0.17914,1.8206,0.08606,0
-0.016022,-0.074768,-0.16449,2.7309,0.098572,0
-0.0013733,-0.083923,-0.1503,2.0482,0.112,0
0.0045776,-0.089722,-0.15427,2.0482,0.12207,0
0.002594,-0.094147,-0.17654,2.5033,0.12573,0
0.005188,-0.10162,-0.18814,1.5931,0.12054,0
0.010681,-0.10803,-0.1709,1.8206,0.10864,0
0.014343,-0.10193,-0.14236,2.0482,0.095825,0
0.007782,-0.093842,-0.11795,2.9584,0.091858,0
-0.0039673,-0.095215,-0.09903,2.2757,0.10162,0
-0.011139,-0.10971,-0.090179,2.5033,0.11719,0
-0.017853,-0.13275,-0.091553,2.7309,0.13,0
-0.025024,-0.14618,-0.091095,3.186,0.13306,0
-0.020447,-0.1358,-0.089722,2.2757,0.12573,0
-0.0061035,-0.11322,-0.084839,2.7309,0.11078,0
0.0035095,-0.098114,-0.063934,2.0482,0.093994,0
0.0065613,-0.092926,-0.032501,2.7309,0.084534,0
0.010071,-0.095062,-0.011139,2.7309,0.083313,0
0.012665,-0.089111,-0.011597,2.7309,0.085754,0
0.010529,-0.074463,-0.024261,2.0482,0.089417,0
0.0015259,-0.06424,-0.046082,1.8206,0.088196,0
-0.0045776,-0.061798,-0.064392,2.2757,0.083618,0
-0.004425,-0.062866,-0.059814,2.7309,0.071716,0
-0.0062561,-0.064087,-0.037231,2.0482,0.056763,0
-0.007782,-0.067444,-0.018005,2.5033,0.044556,0
-0.0091553,-0.065308,-0.01297,2.9584,0.035706,0
-0.0064087,-0.061798,-0.021973,2.7309,0.03418,0
0.00030518,-0.059967,-0.035553,3.186,0.036621,0
0.0015259,-0.048065,-0.042114,3.186,0.038452,0
-0.0047302,-0.036163,-0.0383,2.9584,0.036926,0
-0.011597,-0.035858,-0.032043,2.2757,0.038757,0
-0.013123,-0.035248,-0.029907,2.9584,0.040894,0
-0.012817,-0.027008,-0.027618,2.5033,0.045776,0
-0.011139,-0.015717,-0.02655,2.7309,0.053101,0
-0.0086975,0.00061035,-0.028534,2.9584,0.057373,0
-0.0048828,0.013275,-0.021362,2.2757,0.054016,0
-0.00045776,0.014496,-0.0033569,2.9584,0.043335,0
-0.0030518,0.01236,0.012207,2.7309,0.02594,0
-0.0045776,0.016022,0.013733,2.7309,0.011292,0
-0.0039673,0.020294,0.0016785,3.4135,0,0
-0.0030518,0.02533,-0.013123,2.9584,-0.0039673,0
-0.0012207,0.034027,-0.026093,2.7309,-0.00091553,0
-0.00091553,0.044708,-0.023956,2.2757,0.0177,0
-0.0033569,0.053558,0.0059509,2.5033,0.036926,0
-0.0013733,0.060425,0.038452,2.2757,0.036011,0
0.00045776,0.068054,0.039978,2.9584,0.0064087,0
-0.0015259,0.075836,0.018158,1.8206,-0.046997,0
-0.0038147,0.080261,-0.0068665,2.5033,-0.10162,0
-0.0021362,0.077209,-0.031738,2.2757,-0.14099,0
-0.0013733,0.064697,-0.07309,2.5033,-0.15869,0
-0.0050354,0.050507,-0.11169,1.3655,-0.1593,0
-0.005188,0.036774,-0.099182,1.8206,-0.1535,0
0.00076294,0.024109,-0.077515,2.2757,-0.14832,0
0.0042725,0.027008,-0.10818,2.7309,-0.14343,0
0.0033569,0.04364,-0.15533,2.5033,-0.13519,0
-0.0022888,0.060883,-0.13443,2.7309,-0.12421,0
-0.0036621,0.065002,-0.062408,2.5033,-0.11414,0
-0.0045776,0.05722,-0.014496,2.2757,-0.10376,0
-0.0033569,0.056152,-0.0047302,2.2757,-0.09613,0
0.00030518,0.062408,-0.0083923,2.5033,-0.090942,0
0.0059509,0.06424,-0.007782,2.7309,-0.085754,0
0.0054932,0.061493,0.0027466,2.7309,-0.081482,0
0.004425,0.058746,0.0057983,2.7309,-0.079041,0
0.0059509,0.054016,-0.0045776,2.5033,-0.076599,0
0.0064087,0.048523,-0.007019,2.7309,-0.070496,0
0.0021362,0.044556,0.0088501,2.7309,-0.058289,0
0.0016785,0.041809,0.015411,2.5033,-0.039368,0
0,0.045013,0.015411,3.186,-0.012512,0
-0.0053406,0.048218,0.042114,2.7309,0.016785,0
-0.012665,0.037842,0.070953,2.9584,0.050354,0
-0.0088501,0.02243,0.071106,2.9584,0.082092,0
-0.0012207,0.014191,0.05127,2.2757,0.1001,0
0.0059509,0.01358,0.036926,2.2757,0.10162,0
0.011749,0.014038,0.038147,2.5033,0.093079,0
0.016632,0.015259,0.036774,2.7309,0.083923,0
0.016785,0.013123,0.016022,2.7309,0.082397,0
0.011902,0.0074768,-0.0082397,2.7309,0.088196,0
0.009613,0.0018311,-0.016174,2.9584,0.093689,0
0.0059509,-0.00091553,-0.0086975,2.7309,0.10681,0
0,-0.010834,-0.0067139,3.186,0.12848,0
-0.0039673,-0.027618,-0.014496,2.7309,0.14313,0
-0.0053406,-0.028992,-0.012207,2.2757,0.1416,0
-0.0039673,-0.012207,-0.0079346,2.5033,0.12756,0
-0.0068665,-0.0071716,-0.0177,2.2757,0.1059,0
-0.013885,-0.015717,-0.025024,2.2757,0.084534,0
-0.016632,-0.027008,-0.028534,2.7309,0.062256,0
-0.014648,-0.040283,-0.051422,2.0482,0.041504,0
-0.010681,-0.033112,-0.058594,2.7309,0.023193,0
0.0019836,0.0090027,0.0039673,2.5033,0.0091553,0
0.012207,0.044861,0.076752,2.7309,0.007019,0
0.010986,0.043945,0.083008,2.5033,0.013123,0
0.0053406,0.019836,0.055389,2.7309,0.023499,0
0.0041199,-0.0013733,0.049286,1.5931,0.035095,0
0.0053406,-0.011749,0.062103,2.2757,0.04303,0
0.005188,-0.019989,0.078583,2.2757,0.041199,0
0.0059509,-0.03006,0.096893,1.5931,0.031128,0
0.0068665,-0.046082,0.10849,2.0482,0.024414,0
0.0045776,-0.064545,0.10284,2.2757,0.02655,0
-0.0022888,-0.075989,0.089722,2.0482,0.036926,0
-0.010834,-0.076599,0.083618,2.9584,0.049744,0
-0.011444,-0.073242,0.079346,3.4135,0.058289,0
-0.01297,-0.069733,0.07782,3.186,0.059814,0
-0.020294,-0.070343,0.067596,2.5033,0.049133,0
-0.02533,-0.069885,0.040436,2.9584,0.036011,0
-0.020447,-0.059357,0.0039673,2.9584,0.025635,0
-0.0061035,-0.055084,-0.032959,2.7309,0.023499,0
0.015869,-0.057678,-0.037537,2.9584,0.02655,0
0.032806,-0.041656,0.027924,3.186,0.026245,0
0.028381,-0.018921,0.11108,3.186,0.023804,0
0.0177,-0.016785,0.14633,3.186,0.019836,0
0.01358,-0.033569,0.14709,3.186,0.01709,0
0.021515,-0.050049,0.14664,3.186,0.016174,0
0.031128,-0.057068,0.15213,3.186,0.014648,0
0.033569,-0.061188,0.15106,2.7309,0.014038,0
0.030518,-0.071869,0.13611,2.5033,0.0079346,0
0.025482,-0.083008,0.11093,2.2757,-0.00061035,0
0.019073,-0.09201,0.072327,2.7309,-0.0097656,0
0.010071,-0.098419,0.030518,2.7309,-0.011597,0
-0.0024414,-0.098419,0.0065613,2.9584,-0.0067139,0
-0.013885,-0.085907,0.010681,2.5033,0.0048828,0
-0.015717,-0.059204,0.028229,2.5033,0.019836,0
-0.012512,-0.03479,0.031738,2.7309,0.032043,0
-0.010681,-0.023346,0.020447,2.5033,0.039062,0
-0.0065613,-0.015869,0.026245,2.5033,0.04425,0
-0.0032043,0.0018311,0.043182,2.7309,0.050049,0
-0.0028992,0.025482,0.042572,2.7309,0.057983,0
-0.0041199,0.041199,0.027924,2.7309,0.066833,0
-0.0021362,0.045624,0.019531,2.7309,0.073242,0
-0.0012207,0.042114,0.027771,2.7309,0.079346,0
-0.005188,0.037537,0.049286,2.9584,0.084534,0
-0.007019,0.0354,0.061798,2.0482,0.092163,0
-0.0071716,0.032959,0.044403,2.2757,0.099487,0
-0.0047302,0.022736,0.024261,2.0482,0.10742,0
-0.005188,0.0062561,0.031128,2.0482,0.11383,0
-0.0050354,-0.013123,0.05249,2.0482,0.12299,0
-0.00076294,-0.037994,0.068665,1.8206,0.13428,0
0.0032043,-0.073395,0.062714,2.2757,0.14587,0
0.0085449,-0.10941,0.035706,2.0482,0.15015,0
0.0094604,-0.10925,-0.0088501,2.2757,0.14832,0
0.0093079,-0.072937,-0.08194,2.5033,0.14008,0
0.010834,-0.043793,-0.16159,2.5033,0.12939,0
0.011444,-0.033264,-0.19882,1.1379,0.12329,0
0.013275,-0.02594,-0.16571,2.0482,0.12756,0
0.013733,-0.024109,-0.12558,2.5033,0.14252,0
0.012054,-0.028534,-0.13153,3.186,0.16113,0
0.0067139,-0.024261,-0.12482,2.7309,0.16846,0
0.0013733,-0.0085449,-0.059662,2.5033,0.16418,0
-0.0033569,0.004425,0.0061035,2.9584,0.14801,0
-0.0065613,0.0067139,0.018463,3.4135,0.13184,0
-0.0042725,0.0024414,0.0013733,2.7309,0.12024,0
-0.0018311,0.0024414,-0.018616,2.9584,0.11261,0
-0.00030518,0.012817,-0.046997,2.7309,0.1062,0
0.002594,0.027618,-0.059052,2.7309,0.1001,0
0.0035095,0.023499,-0.034485,2.7309,0.091553,0
0.00015259,-0.0074768,-0.0090027,2.5033,0.078735,0
0.00076294,-0.024414,0.023804,2.2757,0.063477,0
0.0013733,-0.011902,0.076141,2.5033,0.050049,0
-0.0012207,0.0010681,0.11353,2.0482,0.045166,0
-0.005188,0.0019836,0.13107,2.5033,0.049133,0
-0.0027466,0.00030518,0.14526,2.5033,0.055847,0
-0.0024414,0.0021362,0.16251,2.5033,0.059204,0
-0.00061035,0.0028992,0.17227,2.9584,0.056763,0
0.0036621,-0.00061035,0.15945,2.5033,0.050354,0
0.0061035,-0.0041199,0.13397,2.2757,0.041809,0
0.0079346,-0.0059509,0.1149,2.5033,0.035095,0
0.0090027,-0.011444,0.1033,2.7309,0.028381,0
0.010834,-0.015869,0.087585,2.7309,0.022888,0
0.0093079,-0.0041199,0.060425,2.5033,0.020447,0
0.007782,0.010071,0.033722,2.7309,0.019531,0
0.0032043,0.014801,0.030975,2.5033,0.018311,0
-0.0036621,0.0177,0.04776,2.2757,0.015564,0
-0.0054932,0.019836,0.068665,2.5033,0.012207,0
-0.0039673,0.019073,0.087128,2.5033,0.010681,0
-0.0018311,0.022583,0.093536,2.5033,0.0061035,0
-0.0042725,0.031281,0.070648,2.5033,-0.0021362,0
-0.013123,0.035858,0.026093,2.5033,-0.013733,0
-0.019531,0.033569,-0.0079346,1.8206,-0.024414,0
-0.0177,0.035095,-0.0177,2.0482,-0.032654,0
-0.015717,0.041504,-0.023346,2.2757,-0.039673,0
-0.011749,0.036926,-0.04425,2.2757,-0.041504,0
-0.0042725,0.016174,-0.092773,2.2757,-0.041504,0
-0.0010681,0.0033569,-0.13336,2.2757,-0.042419,0
-0.0038147,0.021057,-0.080414,2.2757,-0.044556,0
-0.0099182,0.041656,0.030518,2.0482,-0.049438,0
-0.012207,0.045624,0.087738,2.7309,-0.055237,0
-0.01236,0.043182,0.075836,2.7309,-0.062561,0
-0.0061035,0.035706,0.053101,2.2757,-0.070496,0
0.0022888,0.024567,0.050354,2.5033,-0.075073,0
0.0057983,0.016022,0.058746,2.7309,-0.076599,0
0.0039673,0.0090027,0.059814,3.186,-0.075073,0
0.0053406,-0.0062561,0.052795,2.7309,-0.076599,0
0.0080872,-0.030212,0.023956,2.7309,-0.078735,0
0.012207,-0.041199,-0.02594,2.9584,-0.082703,0
0.011444,-0.029907,-0.06546,3.186,-0.08606,0
0.0073242,-0.01358,-0.054932,3.186,-0.08606,0
0.004425,-0.011749,-0.020752,2.9584,-0.079346,0
-0.00015259,-0.020599,-0.02182,2.7309,-0.065918,0
-0.0057983,-0.016022,-0.034485,2.7309,-0.056458,0
-0.012512,0.0048828,-0.0097656,2.7309,-0.052795,0
-0.019073,0.023804,0.033112,2.5033,-0.048218,0
-0.018463,0.041504,0.058289,2.7309,-0.042114,0
-0.01358,0.05722,0.059052,2.7309,-0.03479,0
-0.014191,0.063934,0.054626,2.7309,-0.030212,0
-0.015564,0.065002,0.057526,2.0482,-0.028381,0
-0.0099182,0.068665,0.054626,2.2757,-0.021973,0
-0.0048828,0.071564,0.029449,2.2757,-0.012817,0
-0.0047302,0.058289,-0.031738,2.7309,0.0018311,0
-0.007019,0.034943,-0.12085,3.186,0.016479,0
-0.0090027,0.030518,-0.15076,2.7309,0.030518,0
-0.010376,0.048065,-0.026855,2.7309,0.039368,0
-0.0090027,0.057678,0.15228,2.5033,0.044556,0
-0.0074768,0.042725,0.1886,2.2757,0.049438,0
-0.0027466,0.026703,0.099945,2.5033,0.053711,0
0.0083923,0.020905,0.024567,2.7309,0.057983,0
0.028229,0.015869,0.0033569,2.7309,0.063477,0
0.042114,0.0054932,0.0097656,2.2757,0.066223,0
0.041504,-0.007019,0.014038,2.7309,0.069885,0
0.027008,-0.021515,0.0064087,2.0482,0.071411,0
0.011444,-0.049133,-0.033417,2.5033,0.071716,0
0.0021362,-0.066528,-0.10361,2.0482,0.074158,0
-0.0033569,-0.046082,-0.12619,1.5931,0.075989,0
-0.0048828,-0.0053406,-0.074005,1.3655,0.07782,0
-0.0065613,0.028534,-0.0050354,2.2757,0.078125,0
-0.0038147,0.046997,0.029907,2.2757,0.077515,0
0.0059509,0.056763,0.042725,2.7309,0.07843,0
0.015411,0.062714,0.046844,2.7309,0.077515,0
0.022278,0.053711,-0.0010681,2.7309,0.074768,0
0.031433,0.033264,-0.093384,3.186,0.07019,0
0.037537,0.040436,-0.10468,3.186,0.063782,0
0.030365,0.068207,-0.025482,2.5033,0.054016,0
0.016022,0.062256,0.00045776,3.186,0.044861,0
0.0028992,0.0354,-0.056152,2.9584,0.035706,0
-0.0033569,0.033569,-0.087891,2.7309,0.029907,0
-0.0019836,0.049438,-0.036011,3.6411,0.022888,0
0.00061035,0.058441,0.049744,2.2757,0.017395,0
0.0041199,0.052185,0.098572,2.5033,0.014343,0
0.01358,0.037537,0.085602,2.2757,0.014954,0
0.020447,0.023651,0.070801,2.7309,0.014038,0
0.016479,0.0053406,0.093231,2.7309,0.012817,0
0.0024414,-0.020294,0.1004,1.5931,0.010681,0
-0.0086975,-0.042725,0.060425,2.5033,0.0076294,0
-0.010681,-0.062714,0.010986,1.8206,0.0067139,0
-0.010986,-0.079041,-0.014954,2.0482,0.0045776,0
-0.01358,-0.077209,-0.0061035,2.5033,0.0015259,0
-0.017548,-0.071869,0.014954,1.3655,-0.00091553,0
-0.014496,-0.072174,0.02533,2.2757,-0.0045776,0
-0.0062561,-0.057373,0.018463,1.8206,-0.0088501,0
0.002594,-0.031738,0.0039673,2.0482,-0.011292,0
0.0056458,-0.019989,-0.0016785,2.0482,-0.012207,0
0.0048828,-0.023193,0.0047302,2.7309,-0.0088501,0
0.0022888,-0.028381,0.019684,2.5033,-0.0045776,0
-0.0042725,-0.024261,0.029907,2.7309,-0.0012207,0
-0.010071,-0.02594,-0.0088501,1.5931,0.00061035,0
-0.010376,-0.041809,-0.13306,1.8206,0.0018311,0
-0.0056458,-0.036163,-0.22217,2.2757,0.0036621,0
-0.004425,-0.002594,-0.11765,2.0482,0.0076294,0
-0.00061035,0.012207,0.10086,2.2757,0.011597,0
-0.0022888,-0.01236,0.20309,2.5033,0.014954,0
-0.0071716,-0.037384,0.15411,2.2757,0.018921,0
-0.009613,-0.041809,0.076752,1.8206,0.021057,0
-0.0062561,-0.046844,0.034332,2.7309,0.024414,0
0.0041199,-0.059967,0.018921,1.8206,0.028687,0
0.015564,-0.070648,0.0094604,2.7309,0.036316,0
0.015717,-0.070648,-0.0030518,2.7309,0.043335,0
0.013733,-0.06897,-0.015106,2.5033,0.049744,0
0.016632,-0.065918,-0.014648,2.5033,0.056458,0
0.016174,-0.051727,0.0050354,2.7309,0.06073,0
0.0099182,-0.027161,0.023346,2.7309,0.064392,0
0.0016785,0.0012207,0.03418,2.7309,0.065308,0
0.00076294,0.027618,0.05249,2.0482,0.065613,0
0.0015259,0.047913,0.075378,2.7309,0.063477,0
0.0019836,0.05722,0.077515,1.8206,0.061951,0
0.0038147,0.053406,0.034485,2.5033,0.058899,0
0.0091553,0.049133,-0.036316,2.0482,0.055237,0
0.017548,0.073547,-0.026855,2.9584,0.053711,0
0.023651,0.10635,0.083466,2.5033,0.050659,0
0.02533,0.10101,0.15762,2.0482,0.049744,0
0.018158,0.073853,0.13474,2.9584,0.049744,0
0.010223,0.059357,0.086975,2.9584,0.054321,0
0.0013733,0.049591,0.047913,2.7309,0.057983,0
-0.0039673,0.030365,0.018921,2.2757,0.062866,0
-0.0065613,0.0053406,-0.004425,2.5033,0.066833,0
-0.0061035,-0.020294,-0.015106,2.2757,0.071716,0
-0.0032043,-0.04425,0.012207,1.8206,0.080261,0
-0.0076294,-0.056458,0.029907,1.8206,0.087585,0
-0.015869,-0.052338,-0.0022888,2.2757,0.096436,0
-0.019379,-0.05249,-0.036774,2.2757,0.10254,0
-0.021667,-0.060577,-0.066528,2.0482,0.10284,0
-0.022278,-0.054321,-0.091858,1.3655,0.10254,0
-0.018921,-0.037994,-0.062714,2.2757,0.099487,0
-0.011749,-0.021362,-0.004425,2.5033,0.097046,0
-0.005188,-0.0042725,-0.0010681,2.2757,0.099487,0
-0.00015259,0.011139,-0.046234,1.3655,0.10071,0
0.0013733,0.016632,-0.059204,2.0482,0.10071,0
-0.002594,0.0076294,-0.017242,2.2757,0.098267,0
-0.007782,-0.0071716,0.028839,2.0482,0.09552,0
-0.009613,-0.015564,0.036926,2.2757,0.09613,0
-0.010071,-0.02121,0.017395,1.8206,0.099182,0
-0.010834,-0.027008,-0.0015259,2.2757,0.10345,0
-0.015564,-0.020294,-0.0013733,2.5033,0.10284,0
-0.020447,-0.011597,0.014954,2.2757,0.10071,0
-0.02182,-0.011292,0.017548,1.8206,0.096741,0
-0.017548,-0.020142,-0.058136,2.2757,0.093994,0
-0.0083923,-0.028687,-0.18784,1.8206,0.093689,0
-0.0059509,-0.014648,-0.17639,2.0482,0.094604,0
-0.010071,0.0097656,-0.004425,2.0482,0.09552,0
-0.014801,0.020447,0.11749,2.7309,0.095215,0
-0.010223,0.023041,0.075684,2.7309,0.094604,0
-0.0028992,0.04425,-0.032501,2.2757,0.091553,0
-0.0039673,0.089874,-0.050201,2.9584,0.085449,0
-0.011292,0.1326,0.020294,2.5033,0.080872,0
-0.014343,0.14938,0.052948,2.5033,0.075684,0
-0.013885,0.14282,-0.013428,2.7309,0.072327,0
-0.013123,0.12009,-0.14694,3.4135,0.072937,0
-0.01358,0.11353,-0.20798,2.9584,0.074768,0
-0.0083923,0.14053,-0.089264,3.4135,0.076904,0
0.0015259,0.15274,0.076599,2.7309,0.078735,0
0.0059509,0.11154,0.12299,2.7309,0.074768,0
0.0071716,0.048981,0.085754,2.7309,0.073242,0
0.011444,0.005188,0.052032,2.2757,0.071106,0
0.013428,-0.027008,0.036621,2.2757,0.071716,0
0.010681,-0.057526,0.024414,2.5033,0.073547,0
0.0076294,-0.077515,0.018616,2.7309,0.077515,0
0.0022888,-0.092163,0.019684,2.2757,0.077209,0
-0.0015259,-0.11169,0.027924,1.8206,0.076904,0
-0.0041199,-0.13016,0.046997,2.0482,0.073853,0
-0.0028992,-0.13962,0.055542,1.3655,0.069885,0
0.0067139,-0.14236,0.029449,1.5931,0.065613,0
0.016632,-0.13626,-0.017853,1.5931,0.064087,0
0.018311,-0.1178,-0.051117,1.3655,0.062256,0
0.011444,-0.094299,-0.061951,1.5931,0.06134,0
0.0067139,-0.075989,-0.066528,2.5033,0.057373,0
0.0093079,-0.066528,-0.079193,2.0482,0.053101,0
0.012054,-0.064392,-0.14465,2.7309,0.049133,0
0.010529,-0.054932,-0.23041,2.5033,0.044861,0
0.0050354,-0.028839,-0.16647,1.8206,0.040894,0
0.0042725,-0.015411,0.04776,1.5931,0.037537,0
0.0054932,-0.0354,0.20035,2.9584,0.033875,0
0.004425,-0.054779,0.20355,2.9584,0.029297,0
-0.0030518,-0.052338,0.12726,2.7309,0.023499,0
-0.021515,-0.047455,0.055237,2.2757,0.017395,0
-0.043335,-0.052032,0.013428,2.2757,0.012817,0
-0.051727,-0.056458,-0.011444,1.8206,0.010681,0
-0.044861,-0.055237,-0.048981,1.8206,0.010071,0
-0.019531,-0.042725,-0.071564,3.186,0.0076294,0
0.010223,-0.015717,-0.03067,3.186,0.0042725,0
0.028992,0.013275,0.042725,2.7309,0.0021362,0
0.031433,0.02655,0.081329,2.5033,0.00091553,0
0.027466,0.023956,0.049591,2.7309,0.0033569,0
0.029602,0.019073,-0.016632,2.5033,0.0061035,0
0.032654,0.013885,-0.061493,2.9584,0.0057983,0
0.034637,0.0010681,-0.08194,2.5033,0.005188,0
0.030975,-0.0045776,-0.098419,2.0482,0.0033569,0
0.024719,0.025177,-0.095978,2.0482,0.0024414,0
0.020599,0.089874,-0.058136,2.2757,0.0012207,0
0.02243,0.14481,-0.042114,2.7309,0.00091553,0
0.020752,0.16708,-0.033722,2.7309,0.0024414,0
0.020905,0.1619,0.0097656,3.4135,0.007019,0
0.023956,0.13275,0.041351,2.5033,0.011902,0
0.019684,0.10574,0.055847,2.7309,0.015259,0
0.01358,0.080719,0.069733,2.9584,0.016479,0
0.010681,0.032959,0.047455,2.9584,0.014648,0
0.0090027,-0.028229,-0.031433,2.0482,0.010376,0
0.009613,-0.055084,-0.088806,2.7309,0.0082397,0
0.014191,-0.038605,-0.052032,1.8206,0.0079346,0
0.019073,-0.024109,0.030518,2.0482,0.0082397,0
0.016479,-0.041046,0.081635,1.8206,0.012512,0
0.010681,-0.074921,0.09491,2.0482,0.016479,0
0.0086975,-0.095215,0.089111,1.8206,0.01709,0
0.0039673,-0.086365,0.040741,2.5033,0.016479,0
0.0015259,-0.063019,-0.016022,2.0482,0.013123,0
0.0021362,-0.034943,-0.014343,1.8206,0.015564,0
-0.005188,0.0042725,0.019684,1.8206,0.021667,0
-0.023499,0.0383,0.018005,2.0482,0.028992,0
-0.039673,0.049744,-0.0094604,2.0482,0.036316,0
-0.04425,0.04837,-0.018921,1.8206,0.042725,0
-0.042114,0.043488,-0.066833,2.5033,0.046082,0
-0.03067,0.037689,-0.12497,2.2757,0.049744,0
-0.013428,0.037994,-0.071259,2.5033,0.052795,0
-0.00091553,0.037079,0.031891,2.7309,0.054626,0
0.00045776,0.03067,0.084839,2.5033,0.054932,0
-0.0012207,0.032654,0.09964,2.2757,0.056458,0
0.0036621,0.042114,0.087585,2.2757,0.056763,0
0.0088501,0.04303,0.063171,2.5033,0.056458,0
0.0062561,0.025482,0.037537,2.7309,0.055237,0
0.0018311,0.0010681,-0.0059509,2.7309,0.055542,0
-0.00015259,-0.0090027,-0.030823,1.8206,0.054932,0
-0.00061035,-0.0028992,-0.0045776,2.7309,0.057068,0
0.00076294,-0.0033569,0.019836,2.2757,0.061951,0
-0.00015259,-0.011292,0.0018311,1.3655,0.068665,0
-0.0038147,-0.016174,-0.06012,2.2757,0.075989,0
-0.0047302,-0.010529,-0.11139,2.5033,0.083618,0
-0.0053406,0.0061035,-0.068817,2.2757,0.090637,0
-0.0035095,0.013275,0.028381,2.2757,0.10101,0
-0.0019836,0.0065613,0.051422,3.186,0.11139,0
-0.0038147,0.00015259,0.0036621,2.5033,0.11963,0
-0.0071716,-0.0033569,-0.028381,2.2757,0.12512,0
-0.011902,0.0018311,-0.027466,2.2757,0.12573,0
-0.014191,0.015411,-0.017853,1.8206,0.12543,0
-0.010529,0.023346,0.0027466,2.5033,0.12085,0
-0.0065613,0.027313,0.041809,2.2757,0.11444,0
-0.002594,0.024567,0.074615,2.2757,0.10834,0
0.00045776,0.0090027,0.068817,2.2757,0.10315,0
-0.00045776,-0.01358,0.039978,2.2757,0.096741,0
-0.0035095,-0.023651,0.028381,2.2757,0.091248,0
-0.0053406,-0.019379,0.049896,2.0482,0.085449,0
-0.0056458,-0.019226,0.076294,2.9584,0.077515,0
-0.0041199,-0.027466,0.067291,1.8206,0.06897,0
0.0054932,-0.040283,0.012207,2.2757,0.06073,0
0.014648,-0.059357,-0.042267,2.0482,0.054321,0
0.011749,-0.077972,-0.10193,2.2757,0.052185,0
0.0053406,-0.072479,-0.20813,1.1379,0.052795,0
0.0041199,-0.040436,-0.22354,1.8206,0.056152,0
0.007019,-0.0091553,-0.078125,1.5931,0.059204,0
0.0067139,0.0074768,0.040588,2.5033,0.06073,0
0.0035095,0.0071716,0.04715,2.5033,0.058594,0
-0.0024414,-0.0019836,0.028229,2.2757,0.054932,0
-0.0076294,-0.009613,0.028534,2.0482,0.050049,0
-0.0082397,-0.012054,0.032806,2.5033,0.047607,0
-0.0045776,-0.013733,0.03067,2.5033,0.046692,0
-0.0022888,-0.014648,0.022888,2.7309,0.046692,0
-0.0035095,-0.019073,0.012054,2.7309,0.048218,0
0.00015259,-0.024872,0.0015259,2.7309,0.047913,0
0.0062561,-0.021667,-0.0012207,2.7309,0.043335,0
0.015259,-0.0068665,0.0094604,2.9584,0.039062,0
0.020905,0.0080872,0.022125,2.5033,0.035095,0
0.01709,0.016174,0.023651,2.7309,0.032349,0
0.011749,0.023956,0.024567,2.7309,0.031433,0
0.011292,0.021667,-0.0086975,2.7309,0.032043,0
0.012817,0.024567,-0.074463,2.9584,0.031128,0
0.012207,0.05661,-0.045471,2.2757,0.029602,0
0.011597,0.082397,0.062408,3.186,0.024719,0
0.0099182,0.081787,0.11765,2.7309,0.020142,0
0.0062561,0.077667,0.097046,2.9584,0.014648,0
0.0013733,0.065002,0.059204,2.2757,0.010986,0
-0.0016785,0.036926,0.034637,2.2757,0.0091553,0
-0.0028992,0.0054932,0.022583,2.7309,0.0082397,0
-0.0047302,-0.017548,0.023651,2.0482,0.0076294,0
-0.0065613,-0.031891,0.031891,2.2757,0.0079346,0
-0.0062561,-0.025024,0.035095,2.5033,0.0061035,0
-0.0061035,0.0053406,0.0354,2.5033,0.0057983,0
-0.0067139,0.041199,0.041199,3.186,0.0061035,0
-0.0057983,0.057831,0.053101,2.9584,0.0042725,0
-0.0019836,0.049133,0.059509,2.7309,0.0036621,0
0.0056458,0.028229,0.041809,2.5033,0.0015259,0
0.011444,0.018005,0.0065613,2.2757,-0.0012207,0
0.011749,0.023193,-0.0086975,2.0482,-0.0045776,0
0.0053406,0.031738,0.0036621,2.5033,-0.011292,0
0.00091553,0.027466,0.014648,2.0482,-0.0177,0
-0.00076294,-0.00015259,0.0064087,2.5033,-0.022278,0
-0.0074768,-0.038605,-0.050201,2.0482,-0.02655,0
-0.016479,-0.057373,-0.11856,2.7309,-0.029907,0
-0.023956,-0.05722,-0.10803,2.0482,-0.031738,0
-0.026245,-0.062561,-0.023346,1.1379,-0.033569,0
-0.023651,-0.084534,0.039368,2.2757,-0.035706,0
-0.012207,-0.10101,0.02121,2.2757,-0.037537,0
0.0062561,-0.10071,-0.05722,1.3655,-0.038757,0
0.015717,-0.092316,-0.10605,2.2757,-0.041504,0
0.012665,-0.075378,-0.075378,1.1379,-0.044861,0
0.0088501,-0.053558,-0.025177,2.2757,-0.051575,0
0.013275,-0.035095,-0.0028992,2.2757,-0.059204,0
0.016022,-0.021362,0.0085449,2.2757,-0.065613,0
0.016479,-0.013123,0.017395,2.5033,-0.067749,0
0.014801,-0.0076294,0.016632,2.0482,-0.071106,0
0.012054,-0.0056458,-0.010376,2.7309,-0.075073,0
0.0064087,-0.0048828,-0.038147,2.5033,-0.078125,0
-0.0030518,0.0027466,-0.0030518,2.7309,-0.077515,0
-0.0085449,0.014648,0.047302,2.2757,-0.075989,0
-0.014954,0.016785,0.055389,2.9584,-0.074158,0
-0.020447,0.0068665,0.037384,3.186,-0.072327,0
-0.02182,-0.0068665,0.0045776,3.186,-0.075378,0
-0.0032043,-0.0030518,0.0050354,2.9584,-0.080566,0
0.0038147,0.019989,0.078278,3.4135,-0.087585,0
-0.0065613,0.032043,0.13321,2.9584,-0.094604,0
-0.023804,0.026245,0.10986,3.186,-0.098572,0
-0.033417,0.021973,0.08316,2.2757,-0.098267,0
-0.027618,0.02533,0.08255,2.5033,-0.093994,0
-0.0080872,0.028687,0.067749,2.7309,-0.090027,0
0.0071716,0.023956,0.02121,2.2757,-0.085449,0
0.0076294,0.016174,-0.018311,2.2757,-0.081787,0
-0.00030518,0.02243,-0.0082397,3.186,-0.081787,0
-0.0059509,0.039062,0.033264,2.0482,-0.079346,0
-0.010071,0.047455,0.048981,2.5033,-0.076599,0
-0.020294,0.053101,0.025635,1.8206,-0.074158,0
-0.029907,0.073395,0.0012207,1.8206,-0.067139,0
-0.029755,0.088959,-0.037537,2.0482,-0.059204,0
-0.018158,0.087128,-0.072937,2.2757,-0.051575,0
-0.011444,0.090027,-0.027313,3.186,-0.045471,0
-0.0047302,0.099335,0.076599,2.5033,-0.042725,0
0.010986,0.10788,0.13214,2.5033,-0.040894,0
0.022888,0.12161,0.12466,2.7309,-0.037842,0
0.02121,0.13855,0.11856,2.7309,-0.032349,0
0.012207,0.14984,0.12741,2.2757,-0.02655,0
0.011139,0.1532,0.13809,2.5033,-0.019836,0
0.019073,0.14999,0.13321,2.7309,-0.015869,0
0.023041,0.1358,0.10468,2.0482,-0.013733,0
0.027313,0.11688,0.062408,2.0482,-0.011902,0
0.033112,0.10803,0.027161,2.0482,-0.0082397,0
0.035095,0.095215,0.02655,2.9584,-0.0018311,0
0.028687,0.058136,0.058136,2.7309,0.0057983,0
0.015564,0.014038,0.085449,2.5033,0.012207,0
0.0045776,-0.02121,0.061951,2.2757,0.016785,0
0.002594,-0.061951,0.011597,2.2757,0.019226,0
0.0099182,-0.10956,-0.018768,3.4135,0.019226,0
0.017853,-0.1445,-0.046082,3.186,0.018005,0
0.020752,-0.16357,-0.081024,2.2757,0.019531,0
0.017395,-0.17593,-0.10086,2.2757,0.019836,0
0.0068665,-0.18585,-0.11246,2.2757,0.022278,0
-0.0061035,-0.19073,-0.10635,2.5033,0.023499,0
-0.009613,-0.18478,-0.068054,2.2757,0.023804,0
-0.0042725,-0.17242,-0.038757,2.2757,0.022278,0
0.0016785,-0.1561,-0.058289,2.7309,0.018616,0
0.0038147,-0.13733,-0.11841,2.9584,0.014648,0
0.0030518,-0.12131,-0.15289,2.9584,0.010681,0
0.0053406,-0.10452,-0.12741,2.9584,0.0088501,0
0.007782,-0.093994,-0.13885,2.9584,0.010376,0
0.005188,-0.08255,-0.14221,2.7309,0.012207,0
-0.00015259,-0.062866,0.015564,2.7309,0.01709,0
-0.007019,-0.058289,0.2095,2.7309,0.020447,0
-0.009613,-0.07843,0.24338,3.186,0.024719,0
-0.010071,-0.09491,0.14954,1.8206,0.029297,0
-0.0086975,-0.084381,0.063629,2.5033,0.037231,0
-0.009613,-0.048828,0.030212,2.2757,0.050354,0
-0.011749,-0.023956,0.021057,2.0482,0.066528,0
-0.011292,-0.024109,0.02533,2.0482,0.077209,0
-0.011292,-0.023804,0.04425,2.7309,0.082092,0
-0.0059509,-0.019073,0.064087,2.5033,0.085144,0
0.0028992,-0.017548,0.072479,2.7309,0.091858,0
0.010376,-0.017242,0.069275,2.7309,0.10437,0
0.013275,-0.021515,0.054474,2.5033,0.11658,0
0.01236,-0.036163,0.024261,1.8206,0.12268,0
0.010071,-0.043182,-0.033875,1.8206,0.11902,0
0.0047302,-0.018463,-0.082092,1.8206,0.11475,0
0.00045776,0.026093,-0.040436,2.7309,0.11139,0
-0.0035095,0.047913,0.076599,2.5033,0.11261,0
-0.007019,0.037537,0.12955,1.8206,0.11932,0
-0.0097656,0.019531,0.061951,1.5931,0.13062,0
-0.020447,0.015259,-0.028992,2.2757,0.14404,0
-0.033264,0.025024,-0.060883,2.7309,0.15961,0
-0.039062,0.03418,-0.032043,2.7309,0.17517,0
-0.030975,0.030975,0.0093079,2.2757,0.18768,0
-0.0090027,0.018616,0.024414,2.7309,0.19318,0
0.014954,0.0019836,0.028381,2.7309,0.19379,0
0.022736,-0.015106,0.042114,2.7309,0.19348,0
0.02121,-0.017853,0.044861,2.7309,0.19257,0
0.018311,-0.007019,0.024414,3.186,0.1889,0
0.024414,0.005188,0.020294,2.9584,0.1828,0
0.027313,0.012207,0.054626,2.9584,0.17578,0
0.023956,0.020294,0.070038,2.7309,0.16724,0
0.020447,0.029144,0.028229,2.7309,0.15656,0
0.019073,0.036011,-0.055695,3.6411,0.14526,0
0.019836,0.052948,-0.079803,2.9584,0.13306,0
0.0090027,0.065308,-0.022736,2.5033,0.1236,0
-0.0086975,0.060425,0.014343,3.186,0.112,0
-0.020447,0.046997,-0.016632,2.7309,0.10254,0
-0.020905,0.037537,-0.070496,2.7309,0.090027,0
-0.015717,0.036621,-0.077209,2.5033,0.077209,0
-0.0082397,0.039978,-0.063171,2.5033,0.062866,0
0.00045776,0.043945,-0.074768,2.7309,0.050049,0
0.0082397,0.047302,-0.089722,2.7309,0.041504,0
0.010834,0.050964,-0.086212,2.5033,0.034485,0
0.0085449,0.065613,-0.058746,2.5033,0.031128,0
0.005188,0.085907,-0.007782,2.9584,0.027466,0
0.0013733,0.094147,0.024872,2.5033,0.023193,0
-0.0016785,0.096588,0.043945,2.7309,0.018005,0
-0.0042725,0.10818,0.088806,2.2757,0.011902,0
-0.0065613,0.11993,0.11047,2.2757,0.0036621,0
-0.0090027,0.1207,0.09491,2.7309,-0.0012207,0
-0.010223,0.10941,0.12039,2.2757,-0.0054932,0
-0.0091553,0.091858,0.19516,1.8206,-0.0082397,0
-0.0099182,0.066223,0.23911,2.2757,-0.011902,0
-0.013123,0.0383,0.20416,2.0482,-0.013733,0
-0.014496,0.018463,0.12405,1.5931,-0.015869,0
-0.011749,-0.0062561,0.052185,1.8206,-0.01709,0
-0.0083923,-0.045013,0.0080872,2.0482,-0.015259,0
0.0016785,-0.069122,-0.016479,1.8206,-0.011597,0
0.014801,-0.065002,-0.025024,1.8206,-0.0039673,0
0.0177,-0.056305,-0.017548,2.2757,0.0018311,0
0.015411,-0.052643,-0.0039673,2.0482,0.0061035,0
0.017242,-0.04364,-0.010071,2.2757,0.010986,0
0.015869,-0.037994,-0.058594,2.5033,0.014648,0
0.0057983,-0.043945,-0.077362,2.5033,0.019226,0
-0.00091553,-0.059357,-0.0076294,2.2757,0.022278,0
-0.002594,-0.077515,0.045929,2.7309,0.025635,0
-0.0030518,-0.094604,-0.026245,2.2757,0.028687,0
-0.0028992,-0.09079,-0.20142,2.5033,0.027466,0
0.00076294,-0.041351,-0.24246,3.4135,0.026855,0
0.0080872,0.011902,-0.018463,3.6411,0.02533,0
0.011444,0.026398,0.19821,2.7309,0.027771,0
0.0032043,0.026245,0.19241,2.5033,0.029297,0
-0.0035095,0.042267,0.087128,3.186,0.029297,0
-0.0079346,0.062408,0.032959,2.5033,0.028076,0
-0.009613,0.074463,0.040894,2.9584,0.026855,0
-0.0071716,0.082703,0.069122,2.2757,0.02533,0
-0.0053406,0.087433,0.095673,2.7309,0.024414,0
0.00091553,0.081329,0.10696,2.2757,0.025024,0
0.0050354,0.061646,0.10269,2.7309,0.02594,0
0.0036621,0.035095,0.092163,2.9584,0.025024,0
0.0048828,0.0088501,0.07843,2.7309,0.022888,0
0.0045776,-0.024109,0.061951,2.7309,0.022278,0
0.0028992,-0.067139,0.040436,2.2757,0.021667,0
0.0016785,-0.098419,0.030365,1.8206,0.019531,0
-0.0047302,-0.10635,0.033569,2.5033,0.017395,0
-0.010071,-0.095673,0.019836,2.0482,0.015259,0
-0.0091553,-0.086517,-0.015259,2.5033,0.011902,0
-0.0062561,-0.08194,-0.04303,1.5931,0.0079346,0
-0.00015259,-0.065308,-0.050964,2.2757,0.005188,0
0.0074768,-0.040741,-0.055084,2.5033,0.00030518,0
0.0085449,-0.018768,-0.024109,2.5033,-0.0027466,0
0.0028992,-0.010529,0.029755,2.5033,-0.0039673,0
-0.00091553,-0.020752,0.043335,1.8206,-0.0033569,0
-0.0015259,-0.029449,0.035095,2.0482,0.00030518,0
-0.0036621,-0.027161,0.032196,2.2757,0.005188,0
-0.0035095,-0.024872,0.032196,2.2757,0.0097656,0
-0.0047302,-0.026703,0.046234,2.7309,0.010986,0
-0.0035095,-0.026245,0.067291,1.8206,0.011597,0
0.0015259,-0.023499,0.087891,2.2757,0.011902,0
0.0021362,-0.024567,0.051117,2.9584,0.011902,0
0.0027466,-0.023346,-0.06958,2.0482,0.013123,0
0.0062561,-0.0054932,-0.15579,2.5033,0.012817,0
0.0039673,0.016785,-0.12222,1.8206,0.012817,0
0.0015259,0.016327,-0.058441,2.7309,0.014343,0
0.005188,0.01236,-0.045013,3.186,0.015259,0
0.017548,0.034943,-0.03006,2.0482,0.018005,0
0.02655,0.06546,0.032196,2.2757,0.021057,0
0.022278,0.077515,0.066681,2.2757,0.022583,0
0.01358,0.072327,0.034332,2.7309,0.023804,0
0.0083923,0.059357,0.0035095,2.2757,0.025635,0
0.0065613,0.046539,0.0041199,2.7309,0.027466,0
0.0015259,0.041046,0.025177,2.5033,0.030518,0
-0.0067139,0.039062,0.06134,2.9584,0.036011,0
-0.010986,0.045624,0.0914,2.7309,0.041809,0
-0.0073242,0.061646,0.075531,2.7309,0.045776,0
-0.00061035,0.066528,0.010529,2.7309,0.050964,0
0.0074768,0.056305,-0.050201,2.7309,0.056763,0
0.010986,0.046539,-0.076904,2.2757,0.061951,0
0.011139,0.053253,-0.070953,3.186,0.068665,0
0.0057983,0.072479,-0.047455,2.7309,0.073242,0
-0.0056458,0.084381,-0.018616,3.186,0.07843,0
-0.007019,0.076599,0.0074768,2.7309,0.085449,0
0.0050354,0.063782,0.020752,2.0482,0.092468,0
0.019531,0.046692,0.011444,2.7309,0.10101,0
0.022736,0.016479,-0.014648,2.2757,0.10986,0
0.015564,-0.010834,-0.042419,2.2757,0.11841,0
0.0047302,-0.027924,-0.045166,1.8206,0.12543,0
-0.0022888,-0.049133,-0.011292,1.8206,0.12878,0
-0.015106,-0.073395,0.014038,2.5033,0.13214,0
-0.034332,-0.087738,-0.0080872,2.0482,0.1355,0
-0.041809,-0.089874,-0.035095,1.8206,0.14038,0
-0.030365,-0.092316,-0.03006,2.7309,0.14618,0
-0.0033569,-0.096283,-0.01709,2.0482,0.15259,0
0.019989,-0.080872,-0.0085449,1.8206,0.15747,0
0.023804,-0.053253,-0.0082397,1.8206,0.16083,0
0.0067139,-0.040283,-0.037537,2.2757,0.16327,0
-0.0083923,-0.050049,-0.074921,2.2757,0.16693,0
-0.014343,-0.068817,-0.079193,2.2757,0.16876,0
-0.012817,-0.080872,-0.04715,1.5931,0.17181,0
-0.0016785,-0.084991,0.015106,2.0482,0.17456,0
0.0090027,-0.087128,0.062408,1.8206,0.177,0
0.013275,-0.097504,0.049591,2.5033,0.17883,0
0.0097656,-0.11398,0.0080872,2.5033,0.18005,0
0.0088501,-0.12741,-0.014038,2.2757,0.18066,0
0.0086975,-0.13397,-0.03006,2.5033,0.18036,0
0.0071716,-0.13718,-0.040131,1.8206,0.18188,0
0.005188,-0.13153,-0.035248,2.2757,0.18219,0
0.0032043,-0.11063,-0.028076,2.7309,0.18127,0
0.0048828,-0.089264,-0.016479,2.9584,0.18036,0
0.0050354,-0.077515,0.0088501,2.7309,0.17883,0
0.0057983,-0.068054,0.028229,2.9584,0.17639,0
0.0032043,-0.051727,0.034637,3.186,0.17303,0
-0.00045776,-0.03067,0.032196,3.6411,0.1712,0
-0.0012207,-0.017242,0.033264,2.5033,0.16876,0
-0.0022888,-0.011902,0.035858,2.9584,0.16632,0
-0.0057983,-0.0094604,0.032349,2.2757,0.16571,0
-0.0056458,-0.0041199,0.027924,2.5033,0.16571,0
0.0010681,0.002594,0.021362,3.186,0.16663,0
0.0062561,0.01236,0.02243,2.7309,0.16754,0
0.0054932,0.018768,0.027924,2.0482,0.16388,0
0.0013733,0.013885,-0.011444,2.0482,0.15839,0
-0.0012207,0.0045776,-0.11139,2.2757,0.15137,0
-0.0012207,0.0086975,-0.18005,2.5033,0.14404,0
-0.0038147,0.022583,-0.14267,2.7309,0.13702,0
-0.0057983,0.029602,-0.036469,2.7309,0.13275,0
-0.010986,0.032654,0.032959,2.7309,0.13031,0
-0.02182,0.043488,0.0383,2.0482,0.12848,0
-0.029449,0.072479,0.014343,2.2757,0.12695,0
-0.028534,0.11749,-0.028534,2.0482,0.12695,0
-0.0093079,0.168,-0.063934,2.2757,0.12878,0
0.0054932,0.20676,-0.062714,2.9584,0.13092,0
0.013733,0.21729,-0.030975,2.5033,0.13092,0
0.015717,0.20035,-0.025177,2.5033,0.13,0
0.011444,0.17105,-0.044708,2.5033,0.12756,0
0.00045776,0.1442,-0.032196,2.2757,0.12573,0
-0.004425,0.12573,-0.00061035,2.2757,0.12573,0
-0.0053406,0.1091,0.023193,2.2757,0.13092,0
-0.0053406,0.08255,0.031128,2.0482,0.13367,0
-0.0035095,0.043793,-0.00076294,1.5931,0.1297,0
0.0013733,0.0036621,-0.050507,2.0482,0.11993,0
0.0038147,-0.040283,-0.083466,2.2757,0.10681,0
0.0032043,-0.085602,-0.10391,2.2757,0.097351,0
-0.0038147,-0.098877,-0.077972,2.2757,0.090637,0
-0.011292,-0.077972,0.010071,2.7309,0.08728,0
-0.0091553,-0.061951,0.06485,2.7309,0.085449,0
-0.00045776,-0.05249,0.043488,2.2757,0.081787,0
0.0048828,-0.042419,-0.007019,2.0482,0.076294,0
0.0091553,-0.0354,-0.039062,2.2757,0.070801,0
0.0079346,-0.033722,-0.048065,2.2757,0.065002,0
0.0019836,-0.033417,-0.049591,2.2757,0.061646,0
-0.0024414,-0.033569,-0.049591,2.7309,0.059204,0
0,-0.033722,-0.049896,2.7309,0.057373,0
0.0041199,-0.033569,-0.049896,2.2757,0.057373,0
0.00091553,-0.033417,-0.049591,2.9584,0.055237,0
-0.0079346,-0.0177,-0.043488,2.7309,0.050049,0
-0.023804,-0.0019836,-0.0048828,2.7309,0.044861,0
-0.034637,-0.00030518,0.054169,2.2757,0.038757,0
-0.028992,-0.0027466,0.085449,2.2757,0.033875,0
-0.00045776,-0.0059509,0.076294,2.2757,0.031128,0
0.028534,-0.010834,0.055542,2.9584,0.028381,0
0.042114,-0.010071,0.016327,2.2757,0.02655,0
0.044861,-0.0065613,-0.041809,2.2757,0.022888,0
0.040588,-0.0036621,-0.09613,1.8206,0.018311,0
0.032806,0.0018311,-0.11902,2.0482,0.015869,0
0.027466,0.007782,-0.089264,2.2757,0.016174,0
0.023499,0.0080872,-0.026245,2.2757,0.016174,0
0.019989,0.0071716,0.0013733,2.7309,0.018005,0
0.012665,0.010223,-0.0383,2.5033,0.020752,0
0.004425,0.029755,-0.069885,2.7309,0.021362,0
-0.0039673,0.062561,-0.045929,2.2757,0.021667,0
-0.010529,0.081329,-0.013428,2.9584,0.020752,0
-0.0097656,0.077515,-0.019379,2.7309,0.018921,0
-0.00045776,0.059052,-0.043335,2.2757,0.014954,0
0.012054,0.040741,-0.027008,2.5033,0.010986,0
0.016785,0.03006,0.047302,2.0482,0.0073242,0
0.0074768,0.021515,0.11581,2.5033,0.0061035,0
-0.002594,0.013123,0.10025,2.9584,0.0064087,0
-0.0018311,0.0090027,0.0028992,2.7309,0.0073242,0
0.0035095,0.010223,-0.090027,2.7309,0.0082397,0
0.0073242,0.010986,-0.12878,2.0482,0.0054932,0
0.0036621,0.0022888,-0.11475,2.2757,-0.00091553,0
-0.0059509,-0.017853,-0.073395,2.2757,-0.0076294,0
-0.014191,-0.0383,-0.045013,2.7309,-0.016174,0
-0.017548,-0.053711,-0.057678,2.2757,-0.022888,0
-0.020142,-0.061493,-0.071106,1.3655,-0.02655,0
-0.01358,-0.056,-0.02594,1.8206,-0.030823,0
0.0019836,-0.037231,0.013123,2.5033,-0.033264,0
0.012054,-0.015564,-0.007019,2.7309,-0.037537,0
0.012665,-0.010376,-0.047455,2.0482,-0.042114,0
0.0082397,-0.019684,-0.053558,2.2757,-0.044861,0
0.00030518,-0.018463,-0.026398,2.9584,-0.04425,0
-0.010681,-0.011902,-0.0076294,2.7309,-0.04364,0
-0.020447,-0.0093079,0.030823,2.7309,-0.042114,0
-0.022583,0.0013733,0.080719,2.7309,-0.041199,0
-0.015259,0.011749,0.10681,3.4135,-0.041504,0
0.0032043,0.014801,0.11353,2.5033,-0.041199,0
0.024872,0.015564,0.11444,2.2757,-0.042114,0
0.030365,0.015259,0.11459,2.2757,-0.045471,0
0.020905,0.015717,0.11475,2.5033,-0.050354,0
0.013733,0.015106,0.1149,2.5033,-0.054321,0
-0.0045776,0.015259,0.11475,2.5033,-0.054321,0
-0.013428,0.026703,-0.018616,2.7309,-0.051575,0
-0.01297,0.035858,-0.09491,2.2757,-0.047607,0
-0.0083923,0.0086975,-0.055695,2.2757,-0.046387,0
-0.002594,-0.044556,-0.060883,2.5033,-0.047607,0
0.0016785,-0.064545,-0.072327,2.7309,-0.051575,0
0.0012207,-0.044098,-0.022736,2.0482,-0.056763,0
0.0030518,-0.042267,0.019226,2.5033,-0.059204,0
0.0080872,-0.06485,0.0032043,2.2757,-0.057678,0
0.0073242,-0.083771,-0.027771,1.8206,-0.056152,0
-0.0012207,-0.083923,-0.037994,1.8206,-0.056763,0
-0.010529,-0.081024,-0.032043,2.0482,-0.058594,0
-0.014343,-0.090027,-0.018311,2.5033,-0.061951,0
-0.014801,-0.097351,-0.009613,2.0482,-0.065308,0
-0.011902,-0.09079,0.00030518,2.0482,-0.06897,0
-0.0062561,-0.08667,0.041809,2.0482,-0.070496,0
-0.005188,-0.098419,0.10284,1.8206,-0.070801,0
-0.007019,-0.11108,0.12421,2.7309,-0.073547,0
-0.011597,-0.112,0.092621,2.2757,-0.075989,0
-0.019836,-0.1033,0.063171,2.0482,-0.079041,0
-0.022583,-0.093536,0.063934,1.8206,-0.085754,0
-0.021667,-0.0914,0.065613,2.2757,-0.091858,0
-0.010834,-0.086823,0.039215,2.2757,-0.095825,0
0.0024414,-0.06424,0.018311,2.2757,-0.097961,0
0.004425,-0.036011,0.044556,1.8206,-0.1001,0
-0.0041199,-0.018921,0.098419,2.2757,-0.10254,0
-0.004425,-0.0088501,0.12283,2.2757,-0.10651,0
-0.0024414,-0.0024414,0.11063,2.0482,-0.11261,0
-0.0076294,0.0065613,0.10757,2.5033,-0.11627,0
-0.017548,0.021667,0.10391,2.5033,-0.11963,0
-0.025787,0.038452,0.08255,2.2757,-0.12054,0
-0.027618,0.052795,0.056152,2.7309,-0.11841,0
-0.023804,0.06424,0.048218,2.2757,-0.11475,0
-0.013733,0.063477,0.06134,2.5033,-0.11017,0
0.0059509,0.051422,0.079193,2.7309,-0.10834,0
0.016785,0.049438,0.080719,2.9584,-0.1059,0
0.009613,0.063019,0.050964,2.7309,-0.1059,0
-0.00061035,0.076447,0.0041199,2.7309,-0.10773,0
-0.0057983,0.07782,-0.024109,2.2757,-0.10834,0
-0.0054932,0.074158,-0.0090027,2.2757,-0.10742,0
0.00076294,0.076599,0.0085449,2.2757,-0.1062,0
0.007782,0.084076,0.004425,1.8206,-0.10162,0
0.0076294,0.089722,0.016785,2.7309,-0.097656,0
-0.00045776,0.087128,0.035095,2.9584,-0.093079,0
-0.0039673,0.080566,0.020599,2.0482,-0.093079,0
-0.0013733,0.083618,-0.0074768,1.8206,-0.09552,0
0.007019,0.088043,-0.024872,2.2757,-0.096436,0
0.011597,0.075684,-0.040131,2.2757,-0.093994,0
0.0083923,0.049133,-0.056,2.2757,-0.08728,0
0.0024414,0.027008,-0.059204,2.5033,-0.079346,0
-0.0016785,0.0097656,-0.037079,2.2757,-0.069275,0
-0.0062561,-0.0016785,-0.0018311,2.2757,-0.064392,0
-0.012054,-0.007782,0.0010681,2.0482,-0.064087,0
-0.012054,-0.015869,-0.0074768,2.5033,-0.066223,0
-0.0027466,-0.026093,0.00091553,2.2757,-0.068054,0
0.010529,-0.030212,0.00015259,2.5033,-0.064392,0
0.019073,-0.029449,0.0030518,2.0482,-0.058289,0
0.02594,-0.029907,0.020599,1.8206,-0.050354,0
0.026093,-0.02243,0.029907,2.0482,-0.042725,0
0.020294,-0.0059509,0.020294,2.2757,-0.035706,0
0.01709,0.005188,0.0073242,0.91037,-0.029907,0
0.013733,0.00061035,0.002594,1.8206,-0.023499,0
0.01236,-0.01297,0.010529,1.8206,-0.016785,0
0.014954,-0.019531,0.059814,2.0482,-0.0091553,0
0.018921,-0.017395,0.10513,2.2757,-0.00061035,0
0.018311,-0.015717,0.072174,2.7309,0.0097656,0
0.0097656,-0.013885,0.0083923,3.186,0.018311,0
0.0054932,-0.0090027,-0.013428,3.186,0.02655,0
0.0041199,-0.0082397,-0.0033569,2.5033,0.032654,0
0.0042725,-0.016785,0.011444,2.5033,0.039368,0
0.005188,-0.031128,0.024414,1.8206,0.050354,0
-0.00061035,-0.058899,0.0090027,2.0482,0.064392,0
-0.013428,-0.095825,-0.037079,2.0482,0.075378,0
-0.021362,-0.11368,-0.084686,3.186,0.080261,0
-0.019531,-0.089569,-0.089417,2.7309,0.083618,0
-0.016632,-0.04837,-0.055695,2.2757,0.084534,0
-0.014343,-0.021973,-0.02243,2.9584,0.084229,0
-0.0085449,-0.013275,-0.00015259,2.9584,0.083923,0
-0.0013733,-0.0041199,0.031128,2.5033,0.079956,0
-0.00015259,0.0053406,0.071411,2.2757,0.073853,0
-0.0019836,0.0047302,0.089264,2.0482,0.068054,0
-0.0041199,-0.0041199,0.068054,2.5033,0.069275,0
-0.0019836,-0.011902,0.027771,2.2757,0.07782,0
0.0027466,-0.03006,-0.0010681,2.5033,0.087585,0
0.012207,-0.056152,0.0083923,2.5033,0.092773,0
0.020142,-0.075836,0.03952,2.0482,0.091248,0
0.018158,-0.079651,0.03006,1.8206,0.088501,0
0.011597,-0.070496,-0.018311,1.5931,0.085754,0
0.0030518,-0.055389,-0.049591,1.1379,0.092773,0
-0.0067139,-0.046997,-0.031738,2.7309,0.10223,0
-0.017395,-0.046844,-0.021057,1.8206,0.10834,0
-0.021057,-0.047913,-0.026703,2.2757,0.10651,0
-0.016327,-0.044556,-0.031128,2.0482,0.097961,0
-0.014954,-0.036621,-0.025787,1.8206,0.089417,0
-0.015717,-0.027008,-0.039673,2.2757,0.084839,0
-0.0068665,-0.012817,-0.077209,2.2757,0.08728,0
0.010834,-0.0059509,-0.088348,2.0482,0.091858,0
0.02533,-0.0071716,-0.077209,2.5033,0.098267,0
0.031281,-0.0041199,-0.084534,2.7309,0.10193,0
0.03067,0.0028992,-0.10422,2.0482,0.10742,0
0.028534,0.0059509,-0.11597,2.2757,0.11566,0
0.020447,0.012512,-0.077667,1.8206,0.1239,0
0.0093079,0.021515,0.014954,2.2757,0.13092,0
0.0018311,0.018463,0.07843,2.0482,0.13336,0
-0.0013733,0.0054932,0.070343,2.2757,0.13428,0
0.00015259,-0.0010681,0.02655,2.5033,0.13031,0
0.00015259,0.0018311,0.0032043,2.5033,0.12512,0
0.00030518,0.015869,-0.0039673,2.7309,0.1181,0
0.0024414,0.028381,-0.023804,2.7309,0.112,0
0.0035095,0.034485,-0.028687,2.9584,0.1062,0
0.0010681,0.042877,0.0067139,3.186,0.10468,0
-0.005188,0.049591,0.03952,2.5033,0.10406,0
-0.014038,0.045776,0.049896,2.7309,0.10712,0
-0.01709,0.039978,0.076447,2.0482,0.11292,0
-0.0010681,0.042572,0.11536,2.7309,0.12238,0
0.021515,0.04837,0.12711,2.5033,0.13,0
0.027008,0.050354,0.11734,2.9584,0.13489,0
0.013275,0.046997,0.10193,3.186,0.13397,0
0.0032043,0.041504,0.075073,3.186,0.12878,0
0.0010681,0.036163,0.05661,2.7309,0.12146,0
-0.0039673,0.027771,0.062714,2.2757,0.11627,0
-0.0039673,0.018768,0.10345,2.2757,0.11566,0
-0.00015259,0.017242,0.1442,3.186,0.11627,0
0.0016785,0.024719,0.10788,2.7309,0.11566,0
0.0036621,0.028534,0.015564,2.7309,0.11169,0
0.0053406,0.025482,-0.036774,1.8206,0.10559,0
0.0032043,0.02243,-0.026703,2.2757,0.10193,0
0.00045776,0.023499,0.026398,2.2757,0.10376,0
-0.0035095,0.025177,0.061798,2.2757,0.1062,0
-0.0094604,0.031281,0.036621,2.7309,0.1123,0
-0.011444,0.047455,0.0010681,2.2757,0.11658,0
-0.0042725,0.059967,0.0035095,2.2757,0.1178,0
0.0057983,0.052338,0.0012207,2.0482,0.12054,0
0.0091553,0.034943,-0.019073,2.0482,0.12146,0
0.0086975,0.027313,-0.025787,2.0482,0.1236,0
0.0042725,0.025177,-0.033417,2.5033,0.12848,0
0.0010681,0.020142,-0.05127,2.7309,0.1358,0
0.0032043,0.0082397,-0.035553,1.8206,0.13855,0
0.0086975,-0.0097656,-0.0024414,2.0482,0.13977,0
0.012512,-0.023041,-0.013428,2.5033,0.13885,0
0.0094604,-0.028229,-0.055389,2.0482,0.13672,0
0.0083923,-0.030823,-0.089417,2.2757,0.1358,0
0.0036621,-0.042419,-0.10468,2.5033,0.13367,0
-0.0038147,-0.055695,-0.11124,2.2757,0.12909,0
-0.0094604,-0.053558,-0.1088,2.5033,0.12543,0
-0.0074768,-0.041656,-0.067139,2.0482,0.12329,0
-0.0019836,-0.015564,-0.015259,2.7309,0.12146,0
-0.0021362,0.018463,0.016479,2.7309,0.1236,0
-0.007019,0.035858,0.067596,2.9584,0.12604,0
-0.0086975,0.037842,0.13382,2.9584,0.13,0
-0.0010681,0.046082,0.16281,2.7309,0.13275,0
0.0027466,0.063629,0.13794,2.5033,0.13092,0
-0.00045776,0.076447,0.09079,2.7309,0.12726,0
-0.0015259,0.078735,0.068512,2.7309,0.12054,0
0.0038147,0.07843,0.069885,2.7309,0.11444,0
0.01236,0.077972,0.0737,2.7309,0.10956,0
0.0177,0.072784,0.070801,2.2757,0.10376,0
0.021515,0.063934,0.053253,2.2757,0.09613,0
0.017853,0.046997,0.015259,2.2757,0.089417,0
0.0053406,0.020905,-0.043488,2.9584,0.084534,0
-0.0047302,-0.0073242,-0.097504,2.7309,0.081482,0
-0.0012207,-0.034332,-0.11826,2.2757,0.079956,0
0.0090027,-0.049744,-0.1178,2.5033,0.075378,0
0.014191,-0.053253,-0.11658,2.5033,0.065918,0
0.0080872,-0.055542,-0.10391,2.5033,0.05188,0
0.0032043,-0.051117,-0.081024,2.0482,0.039062,0
-0.0010681,-0.041504,-0.077209,2.2757,0.028992,0
-0.0057983,-0.032806,-0.065918,2.0482,0.021667,0
-0.0073242,-0.027313,-0.022736,2.7309,0.01709,0
-0.0057983,-0.027008,0.0085449,2.7309,0.0097656,0
-0.0028992,-0.0354,-0.0054932,2.0482,0.0033569,0
-0.00076294,-0.04837,-0.030365,2.0482,-0.0012207,0
0.0013733,-0.058136,-0.032349,1.8206,-0.00091553,0
0.0015259,-0.055389,-0.020905,1.8206,0.0061035,0
-0.0019836,-0.048218,-0.01297,2.5033,0.011292,0
-0.011902,-0.033569,-0.007782,1.8206,0.014038,0
-0.032501,-0.01297,-0.011139,2.7309,0.013733,0
-0.05249,-0.0018311,-0.012512,2.0482,0.010681,0
-0.054626,-0.0073242,-0.0012207,2.0482,0.0057983,0
-0.028534,-0.027466,0.0061035,2.5033,0.0018311,0
0.020599,-0.046082,0.0016785,2.0482,0.0012207,0
0.05127,-0.052032,-0.00030518,2.7309,0,0
0.041962,-0.046844,-0.011902,2.7309,-0.0085449,0
0.021057,-0.039062,-0.030975,2.0482,-0.019836,0
0.014648,-0.032501,-0.029449,2.5033,-0.030823,0
0.016632,-0.015106,-0.01358,2.5033,-0.039062,0
0.016479,0.013428,-0.013123,2.7309,-0.046082,0
0.011749,0.035706,-0.032349,3.186,-0.053101,0
0.0076294,0.045471,-0.04837,2.5033,-0.057678,0
0.0033569,0.059052,-0.045319,3.186,-0.060425,0
-0.0027466,0.074005,-0.012512,2.2757,-0.058594,0
-0.007019,0.079041,0.02594,2.9584,-0.053101,0
-0.016479,0.07019,0.042725,2.5033,-0.050354,0
-0.027161,0.055847,0.056152,2.9584,-0.047607,0
-0.03067,0.051727,0.035248,2.5033,-0.047607,0
-0.022736,0.055237,-0.050201,2.9584,-0.046082,0
0.00015259,0.063782,-0.059357,2.7309,-0.046387,0
0.018311,0.065155,0.068054,2.2757,-0.045471,0
0.018005,0.050507,0.16678,2.7309,-0.04303,0
0.0076294,0.036163,0.16251,2.5033,-0.039673,0
-0.00045776,0.036163,0.12634,2.7309,-0.038147,0
-0.0074768,0.041504,0.1033,2.0482,-0.039062,0
-0.0093079,0.036011,0.08316,2.0482,-0.04303,0
-0.0071716,0.012207,0.05722,1.5931,-0.046997,0
-0.005188,-0.019836,0.028534,2.2757,-0.05249,0
-0.00045776,-0.04715,0.016022,2.7309,-0.054016,0
0.004425,-0.070648,0.0076294,2.7309,-0.052795,0
0.0059509,-0.088654,-0.016937,2.5033,-0.052185,0
0.0035095,-0.092621,-0.036163,2.2757,-0.052185,0
0.0021362,-0.090027,-0.040741,1.8206,-0.053101,0
0.0010681,-0.090942,-0.056458,1.5931,-0.054321,0
0.0028992,-0.085754,-0.06897,1.8206,-0.052795,0
0.0054932,-0.061493,-0.043488,1.8206,-0.050659,0
0.0032043,-0.025024,-0.0047302,2.2757,-0.049744,0
0.002594,0.0099182,0.018158,2.5033,-0.049133,0
0.0035095,0.032806,0.043488,2.2757,-0.048218,0
0.0073242,0.039368,0.071716,1.8206,-0.046997,0
0.0094604,0.034332,0.076141,2.5033,-0.043945,0
0.014038,0.02121,0.05722,1.8206,-0.041809,0
0.019073,0.010834,0.033417,2.5033,-0.038757,0
0.016022,0.011139,0.021515,2.5033,-0.037537,0
0.011597,0.015411,0.020142,2.7309,-0.040588,0
0.0076294,0.010223,0.010834,2.0482,-0.044861,0
0.0042725,-0.0022888,0.0041199,2.5033,-0.049744,0
0.0059509,-0.0036621,-0.0035095,2.5033,-0.054626,0
0.013123,0.010529,-0.01709,2.2757,-0.057678,0
0.016174,0.0177,0.00045776,2.2757,-0.06073,0
0.018768,0.010223,-0.0085449,2.0482,-0.061646,0
0.021667,0.007782,-0.047302,2.0482,-0.058289,0
0.018768,-0.00015259,-0.022888,2.2757,-0.048828,0
0.014648,-0.042419,0.036011,3.186,-0.039673,0
0.0042725,-0.088501,0.041351,2.7309,-0.035095,0
-0.0041199,-0.099335,0.02533,2.9584,-0.03418,0
-0.0090027,-0.090179,0.033112,2.2757,-0.036926,0
-0.011597,-0.094452,0.031891,2.7309,-0.039062,0
-0.012512,-0.11444,-0.028992,2.9584,-0.039368,0
-0.014496,-0.12299,-0.086517,2.7309,-0.036316,0
-0.016937,-0.11688,-0.052795,2.5033,-0.033264,0
-0.018463,-0.11536,0.017395,2.7309,-0.029602,0
-0.015259,-0.11124,0.048981,2.2757,-0.024414,0
-0.013885,-0.09079,0.042877,2.2757,-0.018616,0
-0.019073,-0.068817,0.01297,2.2757,-0.013733,0
-0.023651,-0.060272,-0.0094604,2.5033,-0.0088501,0
-0.028076,-0.064087,-0.02533,2.2757,-0.0064087,0
-0.027924,-0.063019,-0.045166,2.5033,-0.0039673,0
-0.029297,-0.044403,-0.054779,1.8206,-0.0021362,0
-0.029297,-0.019073,-0.032654,2.2757,-0.0015259,0
-0.028229,-0.007019,0.019836,2.0482,0.0027466,0
-0.025787,-0.012817,0.067444,2.0482,0.0061035,0
-0.020294,-0.027161,0.078583,2.5033,0.0039673,0
-0.016632,-0.041504,0.051422,2.5033,0.00091553,0
-0.016174,-0.055847,0.0068665,2.0482,-0.0033569,0
-0.0057983,-0.056305,-0.019684,2.9584,-0.0064087,0
0.0093079,-0.035858,-0.0073242,2.0482,-0.0057983,0
0.013733,-0.0013733,0.014801,2.5033,-0.0030518,0
0.016022,0.024567,-0.0064087,2.7309,-0.0039673,0
0.016327,0.032196,-0.046234,2.2757,-0.0036621,0
0.015564,0.028534,-0.045624,2.5033,-0.0054932,0
0.0065613,0.030365,-0.027161,1.8206,-0.0064087,0
-0.00015259,0.041962,-0.022583,1.8206,-0.0061035,0
-0.00091553,0.051575,-0.007782,2.0482,-0.0033569,0
0.0022888,0.056458,-0.00091553,2.0482,-0.0036621,0
0.0016785,0.053711,-0.030823,2.2757,-0.0018311,0
-0.0035095,0.040588,-0.053558,2.5033,0.00030518,0
-0.014496,0.028687,-0.060425,2.5033,0.005188,0
-0.020447,0.03067,-0.065613,2.2757,0.0088501,0
-0.018921,0.038452,-0.032959,2.2757,0.011292,0
-0.011139,0.035706,0.036011,2.2757,0.011292,0
0.0015259,0.028687,0.065613,2.5033,0.0088501,0
0.015411,0.027008,0.039215,1.8206,0.0073242,0
0.025635,0.026855,0.0036621,1.8206,0.0082397,0
0.019684,0.023499,-0.0085449,3.186,0.011292,0
0.0016785,0.025024,0.016479,2.7309,0.014648,0
-0.0093079,0.03479,0.058289,2.5033,0.017395,0
-0.010376,0.041809,0.055237,2.9584,0.019531,0
-0.0071716,0.042419,0.028687,2.7309,0.020142,0
-0.0036621,0.048676,0.037994,2.9584,0.019836,0
0.0053406,0.055389,0.056305,2.5033,0.021973,0
0.018463,0.046387,0.052643,2.5033,0.023193,0
0.028534,0.035858,0.037537,2.7309,0.025635,0
0.026398,0.029602,0.027313,2.7309,0.031128,0
0.019836,0.029449,0.041504,2.7309,0.037842,0
0.014191,0.044708,0.066071,2.5033,0.043945,0
0.016479,0.067902,0.074463,2.5033,0.053101,0
0.016632,0.078125,0.069122,2.9584,0.059814,0
0.013275,0.0737,0.041962,1.8206,0.065002,0
0.007019,0.06546,0.012207,2.0482,0.069885,0
0.0021362,0.055695,0.014801,1.8206,0.072632,0
0.0028992,0.041656,0.029907,1.8206,0.075378,0
0.0024414,0.029449,0.03479,1.8206,0.075989,0
-0.0032043,0.025482,0.043488,2.2757,0.07782,0
-0.0097656,0.024872,0.031128,2.0482,0.079651,0
-0.014191,0.020294,-0.0090027,2.2757,0.079651,0
-0.018311,0.010986,-0.0383,1.8206,0.076904,0
-0.020142,-0.0033569,-0.052795,2.2757,0.076294,0
-0.020599,-0.022888,-0.042572,1.8206,0.076904,0
-0.010223,-0.05188,-0.026855,1.8206,0.075684,0
0.0097656,-0.083771,-0.045776,2.2757,0.069885,0
0.024719,-0.092621,-0.056458,1.8206,0.064697,0
0.023041,-0.070038,-0.018921,1.3655,0.058289,0
0.010223,-0.033875,0.017853,2.2757,0.054626,0
-0.0022888,0.002594,0.011749,3.186,0.051575,0
-0.0080872,0.029449,0.013885,2.7309,0.050354,0
-0.0033569,0.037994,0.046692,2.2757,0.049133,0
0.005188,0.041504,0.053101,2.0482,0.046997,0
0.010986,0.052185,0.03952,2.0482,0.046082,0
0.0085449,0.066376,0.047455,2.5033,0.046387,0
0.0032043,0.06134,0.067291,2.2757,0.047607,0
0.0053406,0.04364,0.067291,2.0482,0.05127,0
0.012207,0.036316,0.03006,2.2757,0.055847,0
0.015411,0.018768,-0.027466,2.9584,0.059509,0
0.010223,-0.017548,-0.06546,2.5033,0.058594,0
0.0042725,-0.051117,-0.08255,2.7309,0.055542,0
0.0019836,-0.071411,-0.087585,2.7309,0.050354,0
-0.0015259,-0.070496,-0.078888,3.186,0.044861,0
-0.0054932,-0.054321,-0.060425,2.5033,0.041199,0
-0.0042725,-0.048065,-0.048065,2.2757,0.039368,0
-0.005188,-0.059814,-0.054321,2.7309,0.0354,0
-0.0083923,-0.061646,-0.069427,2.9584,0.029907,0
-0.0093079,-0.040131,-0.063019,2.2757,0.022888,0
-0.0047302,-0.0090027,-0.030975,1.5931,0.016479,0
0.0041199,0.013885,0.0041199,2.2757,0.015564,0
0.0094604,0.025787,0.023956,2.2757,0.018311,0
0.0061035,0.028229,0.025177,1.8206,0.022888,0
-0.0027466,0.026093,0.010681,2.7309,0.02655,0
-0.0047302,0.024414,0.0028992,2.9584,0.02594,0
-0.0016785,0.025024,0.026855,2.7309,0.018005,0
0.0057983,0.03006,0.082245,2.0482,0.0091553,0
0.013123,0.035706,0.10574,1.8206,0,0
0.014038,0.037231,0.071411,1.8206,-0.0054932,0
0.0090027,0.037537,0.0032043,2.9584,-0.007019,0
0.002594,0.033112,-0.09552,2.0482,-0.0073242,0
0,0.032043,-0.15976,1.8206,-0.0094604,0
-0.00061035,0.040131,-0.10406,2.5033,-0.011597,0
-0.0019836,0.05127,0.0042725,2.5033,-0.0097656,0
-0.0027466,0.057831,0.066986,2.2757,-0.0067139,0
-0.0028992,0.059662,0.084534,2.5033,-0.0027466,0
-0.0028992,0.05127,0.049286,2.5033,0.0027466,0
-0.0022888,0.03952,0.0059509,2.0482,0.0088501,0
0.00030518,0.040894,0.0054932,1.8206,0.013428,0
0.0033569,0.044708,0.012817,2.7309,0.014954,0
0.0038147,0.037079,0.014801,2.0482,0.012207,0
0.0039673,0.028992,0.0047302,2.0482,0.010376,0
0.0030518,0.036926,-0.02121,2.7309,0.0067139,0
0.0038147,0.050964,-0.036011,1.3655,0.0033569,0
0.0050354,0.052948,-0.042725,2.5033,0.0027466,0
0.0048828,0.045013,-0.070038,2.0482,0.0033569,0
0.0039673,0.036316,-0.098572,2.0482,0.0039673,0
0.0022888,0.024872,-0.086823,2.7309,0.0027466,0
-0.00030518,0.014038,-0.04837,2.5033,0.0021362,0
0.0053406,0.015259,-0.030975,2.2757,0.0021362,0
0.0088501,0.026855,-0.040283,3.186,0.0024414,0
0.0048828,0.023651,-0.059662,2.7309,0.0027466,0
-0.00015259,-0.0064087,-0.065155,2.9584,0.0015259,0
-0.00076294,-0.048981,-0.066681,2.7309,-0.0015259,0
0.00015259,-0.085602,-0.084229,2.5033,-0.0057983,0
-0.0033569,-0.10376,-0.09613,2.0482,-0.0076294,0
-0.0080872,-0.10651,-0.089874,2.5033,-0.0091553,0
-0.010986,-0.10147,-0.059052,2.7309,-0.0088501,0
-0.018921,-0.094147,-0.01709,2.7309,-0.0094604,0
-0.030518,-0.094604,0.0041199,2.5033,-0.013123,0
-0.040283,-0.096283,0.0057983,2.5033,-0.013733,0
-0.041351,-0.083008,0.0033569,2.7309,-0.015869,0
-0.018616,-0.054779,0.0093079,2.2757,-0.015869,0
0.011902,-0.019379,0.013123,2.0482,-0.0177,0
0.025787,0.017242,-0.0024414,2.7309,-0.021973,0
0.019226,0.035706,0.0061035,2.5033,-0.024109,0
0.0090027,0.025787,0.028076,2.0482,-0.027161,0
0.0056458,0.010223,0.014343,2.5033,-0.030518,0
0.0088501,0.0062561,-0.0094604,2.2757,-0.03418,0
0.012512,0.0083923,-0.013733,2.2757,-0.039673,0
0.014496,0.010376,0.00030518,2.2757,-0.042725,0
0.018616,0.010071,0.015411,2.0482,-0.046692,0
0.018768,0.0042725,0.018005,2.5033,-0.048828,0
0.013123,-0.012665,0.012817,2.7309,-0.049133,0
0.011292,-0.031281,-0.0035095,2.2757,-0.047913,0
0.0097656,-0.038452,-0.036926,1.8206,-0.047913,0
0.0057983,-0.021667,-0.059814,2.2757,-0.05127,0
-0.00045776,0.0033569,-0.054626,1.5931,-0.054626,0
-0.0073242,0.019684,-0.037231,0.91037,-0.054626,0
-0.010834,0.028839,-0.016174,1.8206,-0.054321,0
-0.0065613,0.03479,0.00076294,1.8206,-0.055847,0
0.0062561,0.031738,0.0076294,2.0482,-0.057678,0
0.021667,0.019836,0.02655,2.7309,-0.059814,0
0.028534,0.0028992,0.048981,2.0482,-0.062561,0
0.025635,-0.015869,0.040131,2.9584,-0.065613,0
0.014191,-0.033722,0.010529,2.5033,-0.07019,0
0.0024414,-0.038605,0.0047302,2.5033,-0.073242,0
-0.0048828,-0.03891,0.037994,2.5033,-0.075989,0
-0.0041199,-0.049896,0.075989,1.8206,-0.07782,0
-0.0021362,-0.061951,0.090332,2.2757,-0.078735,0
-0.0041199,-0.066376,0.088196,2.2757,-0.079041,0
-0.0032043,-0.061798,0.082092,2.5033,-0.07843,0
-0.0013733,-0.050049,0.072021,2.2757,-0.075378,0
0.0022888,-0.032806,0.069427,2.7309,-0.073547,0
0.0019836,-0.0177,0.087585,2.2757,-0.069885,0
-0.0027466,-0.015411,0.10376,2.5033,-0.070496,0
-0.0062561,-0.026703,0.097504,2.7309,-0.071411,0
-0.0079346,-0.043182,0.078888,2.7309,-0.073242,0
-0.0073242,-0.055389,0.064087,2.7309,-0.074463,0
-0.0033569,-0.058746,0.064392,2.5033,-0.075989,0
-0.0027466,-0.059967,0.073547,2.5033,-0.076294,0
-0.0041199,-0.070038,0.074463,2.0482,-0.074768,0
-0.0018311,-0.089874,0.056458,2.0482,-0.071716,0
0.0024414,-0.10376,0.033112,2.0482,-0.067139,0
0.0054932,-0.099792,0.037842,2.0482,-0.064697,0
0.005188,-0.084381,0.062256,1.8206,-0.062561,0
0.007019,-0.070343,0.071564,1.8206,-0.061951,0
0.014496,-0.060272,0.062714,2.2757,-0.059814,0
0.013733,-0.050507,0.049133,2.5033,-0.058289,0
0.0028992,-0.039825,0.0354,2.2757,-0.055847,0
-0.0085449,-0.027771,0.039062,2.2757,-0.053406,0
-0.016632,-0.017395,0.063324,1.5931,-0.050354,0
-0.016174,-0.013275,0.081329,1.8206,-0.047302,0
-0.011749,-0.016937,0.080566,1.5931,-0.040283,0
-0.0036621,-0.011749,0.069275,2.2757,-0.03418,0
0.0062561,0.00076294,0.067902,1.5931,-0.031738,0
0.0057983,0.009613,0.095978,2.0482,-0.029907,0
0.0032043,0.01358,0.11902,2.2757,-0.031738,0
0.0036621,0.016022,0.094299,2.2757,-0.031738,0
0.0036621,0.023651,0.062408,2.0482,-0.031738,0
-0.0019836,0.035706,0.056458,2.0482,-0.030212,0
-0.0048828,0.047302,0.063629,2.0482,-0.027161,0
-0.0065613,0.054932,0.081635,2.2757,-0.024414,0
-0.0053406,0.058746,0.11337,2.0482,-0.024414,0
0.0013733,0.056305,0.13443,2.2757,-0.022888,0
0.011292,0.04776,0.1265,2.5033,-0.022888,0
0.014496,0.034637,0.10971,2.7309,-0.020752,0
0.0053406,0.029297,0.095062,2.7309,-0.01709,0
-0.0056458,0.036469,0.074463,2.7309,-0.014038,0
-0.0097656,0.035553,0.057831,2.5033,-0.0094604,0
-0.013428,0.022888,0.045929,2.5033,-0.0042725,0
-0.016785,0.007782,0.037689,2.5033,0.0018311,0
-0.018921,-0.0042725,0.025787,2.9584,0.0097656,0
-0.020752,-0.0038147,0.0039673,2.0482,0.017395,0
-0.013733,0.015869,-0.0088501,2.5033,0.02533,0
-0.0036621,0.048218,-0.0056458,2.5033,0.034485,0
0.0099182,0.071106,-0.0021362,2.7309,0.039062,0
0.016022,0.072174,-0.0036621,2.7309,0.039062,0
0.0071716,0.062561,-0.007019,2.0482,0.035706,0
-0.0032043,0.056458,-0.0071716,2.2757,0.034485,0
-0.0088501,0.051422,-0.0080872,2.9584,0.037231,0
-0.011597,0.041656,-0.011597,2.9584,0.040894,0
-0.0091553,0.032654,-0.0019836,2.2757,0.044861,0
-0.0035095,0.029449,0.00061035,2.7309,0.047913,0
0.00045776,0.032196,-0.018463,1.8206,0.05127,0
0.0015259,0.033417,-0.039062,1.8206,0.053711,0
0.00015259,0.036011,-0.053406,2.0482,0.054016,0
-0.0016785,0.046387,-0.057678,2.2757,0.053101,0
-0.0024414,0.059662,-0.055389,2.0482,0.05127,0
0.00061035,0.067596,-0.037994,2.2757,0.050964,0
0.0028992,0.064392,0.0059509,2.5033,0.049438,0
0.00091553,0.052643,0.020599,2.5033,0.049133,0
-0.00015259,0.038452,-0.012054,2.2757,0.048828,0
0.0013733,0.02533,0.0076294,2.5033,0.047607,0
0.0033569,0.013885,0.071716,2.7309,0.047302,0
0.0056458,0.0059509,0.081177,2.5033,0.047607,0
0.0050354,0.0035095,0.03067,1.8206,0.047913,0
0.0056458,0.0039673,-0.0073242,1.5931,0.047607,0
0.0079346,0.0053406,-0.0033569,1.8206,0.048828,0
0.0076294,0.0076294,0.0079346,1.3655,0.049744,0
0.0083923,0.01709,0.0036621,2.0482,0.049438,0
0.0093079,0.02182,0.0074768,2.2757,0.050354,0
0.0088501,0.012817,0.02655,2.2757,0.052185,0
0.0061035,0.0038147,0.039978,2.2757,0.054932,0
0.0061035,0.0028992,0.0354,2.5033,0.058594,0
0.0030518,0.0038147,0.02121,2.9584,0.06134,0
-0.004425,0.004425,0.011292,2.7309,0.063477,0
-0.01236,0.0024414,-0.011597,2.5033,0.063171,0
-0.019379,0.0086975,-0.022736,2.7309,0.064392,0
-0.021515,0.019531,-0.0027466,2.7309,0.066223,0
-0.012817,0.012207,-0.00061035,2.2757,0.067749,0
-0.0062561,-0.0071716,-0.026398,2.2757,0.06897,0
-0.0062561,-0.01297,-0.044403,2.2757,0.068665,0
-0.0012207,-0.004425,-0.042114,2.5033,0.067749,0
0.012207,0.0019836,-0.01709,2.7309,0.066223,0
0.021362,0.0012207,0.01297,2.2757,0.065308,0
0.01709,-0.0019836,0.018921,2.0482,0.062561,0
0.007019,-0.0039673,0.0042725,2.2757,0.061951,0
-0.00061035,-0.0032043,-0.0085449,2.7309,0.06012,0
-0.0076294,-0.0050354,-0.022736,3.186,0.059814,0
-0.015259,-0.018463,-0.030518,2.2757,0.059814,0
-0.022888,-0.032349,-0.034485,2.5033,0.061951,0
-0.022736,-0.037842,-0.057526,2.2757,0.061646,0
-0.012817,-0.031281,-0.06546,2.7309,0.061951,0
-0.0021362,-0.017395,-0.034027,2.0482,0.062866,0
0.0059509,-0.0097656,-0.0012207,2.0482,0.062866,0
0.0088501,-0.010681,0.0067139,2.0482,0.063477,0
0.012512,-0.010071,-0.0019836,2.5033,0.063782,0
0.016937,-0.0056458,-0.017853,2.7309,0.063782,0
0.020447,0.00045776,-0.01236,2.7309,0.062561,0
0.022583,0.0033569,0.013885,2.5033,0.059509,0
0.018463,0.004425,0.021057,2.2757,0.055237,0
0.010834,0.007019,0.012817,1.5931,0.052185,0
0.0085449,0.0088501,0.015259,1.8206,0.053711,0
0.015106,0.0094604,0.015717,2.2757,0.055847,0
0.022583,0.0068665,0.0048828,2.5033,0.056763,0
0.023651,0.0062561,-0.0045776,2.0482,0.057983,0
0.019073,0.012665,-0.010834,2.2757,0.056152,0
0.014038,0.017548,-0.019073,2.2757,0.054626,0
0.010223,0.011444,-0.033569,2.5033,0.050354,0
0.0042725,-0.0021362,-0.057068,2.5033,0.045776,0
0.00076294,-0.018768,-0.085297,2.5033,0.040894,0
-0.0019836,-0.025787,-0.10071,2.5033,0.036926,0
-0.004425,-0.018616,-0.09552,2.2757,0.032959,0
-0.0038147,-0.0091553,-0.079803,2.0482,0.030518,0
-0.0057983,-0.0079346,-0.059814,2.2757,0.029907,0
-0.0032043,-0.0094604,-0.031433,2.7309,0.029297,0
-0.0047302,-0.0071716,-0.014343,2.2757,0.028687,0
-0.0085449,-0.0057983,-0.024872,2.2757,0.029602,0
-0.012665,-0.0073242,-0.037994,2.2757,0.030212,0
-0.0093079,-0.0085449,-0.023193,1.8206,0.030518,0
0,-0.0071716,0.0041199,2.2757,0.033264,0
0.010529,-0.00061035,0.0028992,2.5033,0.035095,0
0.021057,0.011292,-0.032043,2.5033,0.036011,0
0.025177,0.023651,-0.052185,2.7309,0.032349,0
0.018005,0.032043,-0.028839,2.2757,0.026855,0
0.010376,0.039825,0.010834,2.5033,0.019531,0
0.0083923,0.046844,0.025635,2.0482,0.015564,0
0.0053406,0.052338,0.0047302,2.7309,0.012817,0
-0.0024414,0.055084,-0.018921,2.7309,0.0091553,0
-0.013428,0.061035,-0.018616,2.5033,0.0054932,0
-0.023193,0.063324,-0.0094604,2.7309,0.0024414,0
-0.028076,0.060272,-0.014343,2.7309,0.00061035,0
-0.025024,0.05249,-0.033722,2.5033,0,0
-0.010223,0.039062,-0.050659,2.0482,0,0
0.0041199,0.024872,-0.06134,2.2757,0.00091553,0
0.0032043,0.016022,-0.063477,2.0482,0.00091553,0
-0.0068665,0.010986,-0.066071,2.0482,-0.0018311,0
-0.01358,0.0039673,-0.080261,2.2757,-0.0057983,0
-0.018158,-0.0027466,-0.060577,1.8206,-0.0079346,0
-0.017853,-0.0016785,-0.0022888,1.8206,-0.011902,0
-0.013275,0.0027466,0.050507,1.5931,-0.013428,0
-0.0074768,0.0030518,0.080566,2.0482,-0.015869,0
-0.0010681,0.00045776,0.087891,2.2757,-0.015564,0
0.0045776,-0.0054932,0.06134,1.8206,-0.012817,0
0.0076294,-0.019379,0.019226,2.2757,-0.011292,0
0.005188,-0.038605,0.00015259,2.5033,-0.0082397,0
0.0018311,-0.05127,0.00061035,1.8206,-0.0061035,0
-0.00030518,-0.063934,0.0061035,2.7309,-0.0039673,0
-0.0038147,-0.081024,0.011139,2.0482,-0.0021362,0
-0.0053406,-0.093079,0.0056458,1.8206,0,0
-0.0068665,-0.10223,-0.016327,1.5931,0.00030518,0
-0.007019,-0.11353,-0.027313,1.5931,-0.0015259,0
-0.0061035,-0.11398,-0.0041199,2.0482,-0.0024414,0
-0.007019,-0.10101,0.028992,1.1379,-0.0054932,0
-0.010834,-0.080261,0.021515,2.2757,-0.0076294,0
-0.011902,-0.060425,-0.025024,2.2757,-0.0082397,0
-0.0082397,-0.046387,-0.031128,1.5931,-0.007019,0
0.0018311,-0.036774,0.021667,2.2757,-0.0039673,0
0.011292,-0.033112,0.055084,2.2757,-0.0021362,0
0.010986,-0.033875,0.036926,2.7309,0.00030518,0
0.009613,-0.038452,0.0036621,2.7309,0.0024414,0
0.0094604,-0.045319,-0.0073242,2.2757,0.0054932,0
0.010529,-0.049591,-0.016937,2.9584,0.0076294,0
0.0056458,-0.048523,-0.039825,2.5033,0.0054932,0
-0.0045776,-0.04837,-0.056,2.7309,0.0036621,0
-0.0088501,-0.04303,-0.037842,3.186,0.0012207,0
-0.0071716,-0.031738,0.0036621,2.9584,-0.0045776,0
-0.0053406,-0.024261,0.039978,2.9584,-0.012817,0
-0.0033569,-0.014954,0.054779,2.7309,-0.01709,0
0.0033569,-0.0042725,0.048218,2.2757,-0.010681,0
0.0088501,0.0016785,0.040588,2.7309,-0.0012207,0
0.0093079,0.0042725,0.046844,2.9584,0.00091553,0
0.0041199,0.0076294,0.058289,2.9584,-0.0048828,0
0.00030518,0.0097656,0.065765,2.5033,-0.011902,0
-0.0033569,0.0074768,0.064392,2.9584,-0.017395,0
-0.0035095,0.0032043,0.046844,2.2757,-0.021057,0
-0.0015259,0.0054932,0.023804,1.3655,-0.020752,0
-0.0022888,0.010834,0.014191,2.7309,-0.018616,0
-0.0024414,0.012512,0.028839,2.2757,-0.016785,0
0.0036621,0.010223,0.056152,2.5033,-0.015259,0
0.010681,0.0042725,0.07019,2.7309,-0.011902,0
0.011749,-0.0083923,0.048676,2.0482,-0.010376,0
0.0086975,-0.020752,0.0038147,1.8206,-0.0073242,0
0.0080872,-0.023346,-0.026093,2.7309,-0.0039673,0
0.0059509,-0.018005,-0.032501,2.0482,0.00091553,0
0.0024414,-0.010834,-0.028839,2.2757,0.0057983,0
-0.0027466,-0.0053406,-0.016937,2.7309,0.010681,0
-0.0068665,0.00076294,0.0013733,1.5931,0.013428,0
-0.0088501,0.0065613,0.014648,2.0482,0.014954,0
-0.0065613,0.0068665,0.020294,2.5033,0.016785,0
0.0015259,0.00076294,0.018311,2.2757,0.01709,0
0.011749,-0.0013733,0.0093079,1.8206,0.016479,0
0.016785,0.0022888,-0.00091553,1.8206,0.016479,0
0.011749,0.0076294,-0.005188,2.7309,0.016174,0
0.0032043,0.0099182,-0.0054932,2.7309,0.016479,0
-0.0033569,0.0086975,-0.0065613,2.7309,0.016174,0
-0.0083923,0.011292,-0.0024414,2.5033,0.016785,0
-0.0097656,0.015564,0.011597,2.2757,0.017395,0
-0.0086975,0.020447,0.021362,2.0482,0.017395,0
-0.0076294,0.033722,0.014648,2.0482,0.017395,0
-0.0057983,0.05249,0.0035095,2.2757,0.018311,0
0.0013733,0.066376,0.002594,2.5033,0.018311,0
0.010223,0.072174,0.0071716,2.7309,0.01709,0
0.016632,0.076141,0.0045776,2.5033,0.015259,0
0.020294,0.076141,-0.0097656,2.7309,0.010376,0
0.022736,0.071869,-0.023956,2.5033,0.0067139,0
0.020447,0.058289,-0.019226,2.5033,0.0036621,0
0.019531,0.034637,-0.0033569,2.9584,0.0015259,0
0.018005,0.010071,-0.0027466,2.2757,-0.00091553,0
0.010071,0.0065613,-0.022888,2.0482,-0.0030518,0
-0.0022888,0.028076,-0.028687,1.8206,-0.0048828,0
-0.013428,0.048981,0.005188,2.5033,-0.0076294,0
-0.021667,0.042267,0.039825,1.8206,-0.010376,0
-0.023346,0.024719,0.039673,2.2757,-0.013428,0
-0.021362,0.014954,0.019684,2.7309,-0.013428,0
-0.0099182,0.0064087,0.0024414,2.2757,-0.013428,0
-0.0057983,-0.0041199,-0.0012207,1.8206,-0.013733,0
-0.014343,-0.010223,0.002594,1.8206,-0.014954,0
-0.019379,-0.011292,0.0039673,1.8206,-0.015869,0
-0.013123,-0.012665,0.0024414,2.5033,-0.015564,0
0.005188,-0.013428,0.0010681,2.9584,-0.015259,0
0.022736,-0.012054,-0.0050354,1.1379,-0.012817,0
0.02594,-0.0074768,-0.019073,1.3655,-0.011597,0
0.018463,-0.0036621,-0.036163,1.8206,-0.0088501,0
0.012207,-0.0027466,-0.050201,2.2757,-0.0091553,0
0.012665,-0.0047302,-0.050201,2.7309,-0.010681,0
0.010376,-0.005188,-0.035553,2.0482,-0.012207,0
0.0097656,-0.0013733,-0.02243,2.0482,-0.016174,0
0.010681,0.005188,-0.013733,2.2757,-0.01709,0
0.009613,0.012512,-0.0050354,1.8206,-0.018311,0
0.0073242,0.019073,0.0042725,2.2757,-0.018005,0
0.0053406,0.019836,0.018005,2.7309,-0.016479,0
0.002594,0.020752,0.034943,2.0482,-0.017395,0
-0.0039673,0.021973,0.049286,2.5033,-0.018311,0
-0.0071716,0.018463,0.053711,2.2757,-0.025635,0
-0.0079346,0.0068665,0.039062,2.5033,-0.031433,0
-0.0080872,-0.0057983,0.010681,2.5033,-0.034485,0
-0.0061035,-0.011597,-0.0057983,2.5033,-0.0354,0
-0.0056458,-0.011139,-0.0024414,2.2757,-0.033264,0
-0.005188,-0.0071716,0.010834,2.5033,-0.030823,0
-0.0024414,-0.0059509,0.019836,2.5033,-0.028076,0
-0.0028992,-0.0082397,0.018311,2.9584,-0.02594,0
-0.007782,-0.013885,0.012512,2.7309,-0.021973,0
-0.012207,-0.016785,0.0079346,3.186,-0.016479,0
-0.010071,-0.011749,0.011902,2.7309,-0.0085449,0
-0.0067139,-0.0019836,0.018005,2.0482,-0.0024414,0
-0.004425,0.0059509,0.010529,2.9584,-0.00030518,0
-0.0065613,0.007782,-0.016327,2.5033,-0.0045776,0
-0.012207,0.0028992,-0.0383,2.5033,-0.0085449,0
-0.012665,-0.0015259,-0.035248,2.2757,-0.010681,0
-0.0062561,0.0012207,-0.024719,2.5033,-0.010986,0
-0.00045776,0.0076294,-0.012054,2.7309,-0.0088501,0
0.0015259,0.0059509,-0.0035095,1.8206,-0.0076294,0
-0.0012207,-0.0018311,-0.015564,2.0482,-0.0057983,0
-0.0022888,-0.014496,-0.061951,2.9584,-0.0027466,0
0.0021362,-0.017395,-0.09964,2.5033,0.0027466,0
0.0030518,0.0018311,-0.067596,2.2757,0.0082397,0
-0.0013733,0.019989,-0.015869,2.0482,0.012512,0
-0.0015259,0.015411,0.00030518,2.0482,0.014648,0
-0.00091553,0,-0.0057983,1.8206,0.015259,0
-0.0036621,-0.010376,-0.02182,1.3655,0.016174,0
-0.0050354,-0.0093079,-0.03006,2.2757,0.016174,0
-0.0038147,-0.0024414,-0.020447,2.0482,0.016174,0
-0.00030518,0.0012207,-0.0065613,2.0482,0.01709,0
-0.00045776,-0.00061035,-0.0028992,2.7309,0.018005,0
-0.00030518,-0.0042725,-0.0042725,2.0482,0.018616,0
0.0010681,-0.0073242,-0.0032043,2.9584,0.019226,0
0.00045776,-0.0067139,0.0036621,2.0482,0.019226,0
0.0012207,-0.0036621,0.014648,2.2757,0.020447,0
0.0032043,-0.0039673,0.021973,1.3655,0.020752,0
0.0059509,-0.0057983,0.022888,2.7309,0.018616,0
0.0059509,-0.0062561,0.026093,2.0482,0.016785,0
0.0045776,-0.0079346,0.033569,2.5033,0.015869,0
0.002594,-0.0076294,0.044403,2.7309,0.013428,0
0.00045776,-0.007782,0.054169,2.2757,0.011292,0
0.0015259,-0.0086975,0.056,2.7309,0.0091553,0
0.0062561,-0.0086975,0.048218,2.2757,0.0073242,0
0.0082397,-0.009613,0.035248,2.2757,0.0067139,0
0.0059509,-0.0086975,0.023956,2.9584,0.010071,0
0.0039673,-0.0048828,0.028534,3.4135,0.016174,0
-0.0041199,-0.00015259,0.046387,2.2757,0.024719,0
-0.013123,0.0013733,0.062103,2.7309,0.030518,0
-0.016327,-0.00091553,0.058594,2.5033,0.032959,0
-0.011902,-0.0064087,0.031281,2.2757,0.032654,0
-0.0021362,-0.012512,0.0047302,2.0482,0.032349,0
0.0091553,-0.015564,0.00015259,2.5033,0.032654,0
0.01709,-0.014496,0.011749,2.5033,0.03479,0
0.010223,-0.010223,0.018616,2.2757,0.03418,0
-0.0036621,-0.0039673,0.013123,2.2757,0.032043,0
-0.016174,-0.00030518,-0.0062561,2.7309,0.030518,0
-0.031128,-0.0016785,-0.031891,2.7309,0.028687,0
-0.041656,-0.0033569,-0.045013,2.7309,0.027466,0
-0.036621,-0.0027466,-0.036926,2.0482,0.029297,0
-0.016632,-0.00015259,-0.019531,2.2757,0.033569,0
0.009613,0.0021362,-0.0059509,2.0482,0.037231,0
0.027008,0.0032043,0.0091553,2.0482,0.041504,0
0.031281,0.0030518,0.031281,1.8206,0.04364,0
0.030975,-0.0062561,0.040131,2.5033,0.04364,0
0.029449,-0.018158,0.031891,2.0482,0.043335,0
0.021362,-0.010376,0.032501,2.5033,0.042419,0
0.0080872,0.0057983,0.037231,2.0482,0.042114,0
0.00030518,0.0074768,0.031281,2.5033,0.041504,0
-0.0010681,-0.0033569,0.027161,2.5033,0.042114,0
-0.00015259,-0.011444,0.0354,2.0482,0.04303,0
0.0028992,-0.011444,0.043182,2.2757,0.046692,0
0.0091553,-0.0057983,0.044403,2.2757,0.047302,0
0.01297,0.0032043,0.046997,2.5033,0.046997,0
0.014954,0.0079346,0.050812,2.0482,0.047913,0
0.011749,0.0062561,0.047913,2.5033,0.050659,0
0.0097656,0.0030518,0.036163,2.2757,0.051575,0
0.0086975,0.0013733,0.028076,2.0482,0.054321,0
0.0039673,0.0015259,0.028534,2.2757,0.05249,0
-0.0038147,0.0027466,0.027466,2.2757,0.050659,0
-0.0067139,0.0039673,0.014648,2.0482,0.048828,0
-0.0059509,0.004425,0.0015259,2.5033,0.048218,0
-0.0018311,0.0035095,-0.0028992,2.7309,0.049133,0
0.0045776,0.0021362,-0.0032043,2.7309,0.05249,0
0.01236,0.0032043,0.0019836,2.0482,0.055237,0
0.014343,0.0057983,0.012512,2.0482,0.057678,0
0.01236,0.0088501,0.016022,1.8206,0.06134,0
0.0080872,0.0047302,0.0079346,2.9584,0.061951,0
0.0041199,-0.0048828,-0.0067139,2.7309,0.062866,0
0.0019836,-0.014343,-0.019073,3.186,0.065918,0
0.0036621,-0.013733,-0.018616,2.5033,0.066528,0
0.007019,-0.0071716,-0.0099182,2.7309,0.068054,0
0.0053406,-0.0038147,-0.0039673,2.0482,0.06958,0
0,-0.0039673,-0.0027466,2.5033,0.071106,0
-0.0033569,-0.0019836,-0.0016785,2.2757,0.071411,0
-0.014648,0.00015259,-0.0030518,2.7309,0.070496,0
-0.023804,-0.00015259,-0.0024414,2.5033,0.067749,0
-0.026245,-0.0012207,-0.00015259,2.7309,0.066833,0
-0.023346,-0.0028992,-0.0035095,2.5033,0.065918,0
-0.010376,-0.0048828,-0.013733,2.2757,0.065002,0
0.0091553,-0.0061035,-0.02243,2.2757,0.063477,0
0.0080872,-0.0064087,-0.021362,1.8206,0.063782,0
0.0021362,-0.0073242,-0.011292,1.8206,0.060425,0
-0.0015259,-0.0065613,-0.00030518,1.8206,0.057678,0
-0.0024414,-0.0030518,0.00091553,2.2757,0.052795,0
0.00015259,-0.0010681,-0.004425,2.5033,0.047913,0
0.0045776,-0.0022888,-0.0099182,2.2757,0.046387,0
0.0048828,-0.0039673,-0.0088501,2.2757,0.044556,0
0.0041199,-0.0032043,-0.0045776,2.5033,0.046082,0
0.0028992,0.0022888,-0.0047302,1.8206,0.047913,0
0.0016785,0.0076294,-0.016937,1.8206,0.05127,0
-0.0027466,0.0068665,-0.02121,2.2757,0.053711,0
-0.0022888,0.0010681,0.0018311,2.0482,0.056152,0
-0.0027466,-0.0048828,0.029755,2.2757,0.059204,0
-0.0056458,-0.011139,0.037079,2.2757,0.061035,0
-0.0032043,-0.016174,0.028229,1.8206,0.063782,0
0.0067139,-0.016174,0.022736,2.2757,0.065308,0
0.018463,-0.012665,0.02121,2.0482,0.064697,0
0.023193,-0.0076294,0.01236,2.2757,0.061951,0
0.022278,0.00030518,0.00076294,1.8206,0.058899,0
0.019531,0.0073242,-0.0090027,2.0482,0.057373,0
0.011139,0.007782,-0.016632,2.5033,0.059814,0
0.0045776,0.004425,-0.0076294,2.7309,0.06073,0
0.0036621,0.00045776,0.012512,2.2757,0.06012,0
0.0032043,0.0015259,0.022888,2.5033,0.057373,0
-0.00061035,0.0048828,0.024109,3.186,0.054932,0
-0.0039673,0.0033569,0.025177,1.8206,0.050659,0
-0.0057983,0.0027466,0.019989,2.5033,0.048828,0
-0.010681,0.005188,0.0082397,2.2757,0.048828,0
-0.012207,0.0073242,0.00091553,3.186,0.050354,0
-0.014038,0.010071,0.0073242,2.2757,0.05249,0
-0.011749,0.016632,0.025024,2.0482,0.052185,0
-0.010529,0.018463,0.032806,2.2757,0.047913,0
-0.011749,0.012054,0.028534,1.8206,0.041809,0
-0.010681,0.0071716,0.023193,2.5033,0.039062,0
-0.0086975,0.0059509,0.013733,2.0482,0.038452,0
-0.0057983,0.0056458,0.0019836,2.0482,0.038757,0
-0.00061035,0.0056458,-0.0085449,2.9584,0.0354,0
0.0028992,0.0083923,-0.023651,2.5033,0.0354,0
0.0033569,0.011902,-0.037079,2.2757,0.037842,0
-0.0022888,0.01358,-0.037537,2.9584,0.037537,0
-0.010681,0.016327,-0.030365,2.2757,0.037842,0
-0.0082397,0.01236,-0.02182,2.0482,0.036926,0
0.0080872,0.0048828,-0.014648,1.8206,0.036621,0
0.021667,0.0033569,-0.0080872,1.8206,0.038147,0
0.015869,0.007019,0.002594,2.2757,0.039673,0
0.0027466,0.011902,0.0094604,1.3655,0.04303,0
-0.0086975,0.014496,0.0054932,1.5931,0.046692,0
-0.015259,0.013428,-0.00076294,1.8206,0.051575,0
-0.0080872,0.0083923,-0.0054932,2.7309,0.052795,0
-0.0010681,0.0053406,-0.015411,2.2757,0.055542,0
0.0018311,0.0048828,-0.034637,2.5033,0.057678,0
0.007019,0.0068665,-0.049286,2.2757,0.06073,0
0.014954,0.0065613,-0.068817,2.5033,0.064087,0
0.016327,0.0028992,-0.12024,2.2757,0.065918,0
0.015411,0.00045776,-0.19318,2.7309,0.065002,0
0.015564,0.0022888,-0.23148,2.2757,0.062256,0
0.0093079,-0.0065613,-0.21851,1.8206,0.057068,0
0.002594,-0.026093,-0.20248,2.5033,0.051575,0
-0.0030518,-0.032959,-0.20477,2.2757,0.049438,0
-0.002594,-0.022888,-0.2063,2.5033,0.05127,0
0.0042725,-0.010986,-0.20218,2.0482,0.053406,0
0.016785,-0.0038147,-0.20645,2.5033,0.05188,0
0.016632,0.00015259,-0.22705,2.9584,0.050659,0
0.005188,0.0015259,-0.25284,2.5033,0.048218,0
-0.0071716,-0.0013733,-0.28412,2.5033,0.046997,0
-0.01358,-0.002594,-0.3093,2.0482,0.047302,0
-0.015869,0.00030518,-0.31113,1.8206,0.047913,0
-0.0091553,0.00015259,-0.30426,2.5033,0.048828,0
-0.00061035,-0.0010681,-0.30823,2.7309,0.048218,0
0.0091553,0.0038147,-0.32227,2.7309,0.04425,0
0.014191,0.0076294,-0.34119,2.2757,0.039062,0
0.0094604,0.0050354,-0.3627,2.2757,0.03479,0
0.0038147,-0.00061035,-0.39093,2.0482,0.031128,0
-0.0024414,-0.0083923,-0.42603,2.2757,0.032043,0
-0.0082397,-0.015869,-0.46005,2.2757,0.032959,0
-0.012054,-0.019531,-0.47745,3.186,0.0354,0
-0.015869,-0.020142,-0.48401,2.2757,0.037842,0
-0.017853,-0.018158,-0.49301,1.8206,0.04303,0
-0.018463,-0.016785,-0.51407,2.2757,0.047913,0
-0.015259,-0.015259,-0.54138,2.0482,0.049438,0
-0.014191,-0.011444,-0.55527,2.2757,0.048828,0
-0.02121,-0.0056458,-0.5484,2.0482,0.04425,0
-0.028992,0.00030518,-0.53055,2.0482,0.039062,0
-0.030823,0.0024414,-0.52612,2.5033,0.03479,0
-0.020599,-0.0030518,-0.54489,2.5033,0.032043,0
-0.0073242,-0.011902,-0.55847,2.2757,0.030212,0
0.0073242,-0.017548,-0.55435,2.9584,0.029297,0
0.016022,-0.017548,-0.54611,2.2757,0.02655,0
0.016479,-0.018616,-0.53879,2.5033,0.02655,0
0.0099182,-0.021973,-0.51819,1.8206,0.02655,0
-0.00045776,-0.024261,-0.47516,2.2757,0.029602,0
-0.0045776,-0.023499,-0.40726,1.8206,0.033264,0
-0.0057983,-0.020142,-0.32471,2.0482,0.035706,0
-0.0047302,-0.015717,-0.23239,2.2757,0.03479,0
0.0010681,-0.011902,-0.13474,1.8206,0.030212,0
0.0064087,-0.0097656,-0.047455,2.2757,0.022583,0
0.0086975,-0.010529,0.031128,2.2757,0.012817,0
0.0094604,-0.015869,0.11856,2.2757,0.0036621,0
0.0073242,-0.022278,0.22202,2.0482,-0.0021362,0
0.0059509,-0.025787,0.33264,2.5033,-0.0042725,0
0.007782,-0.02533,0.43839,2.5033,-0.0045776,0
0.010376,-0.024261,0.53375,1.3655,-0.0061035,0
0.0099182,-0.021667,0.62012,1.8206,-0.0073242,0
0.010986,-0.018311,0.69687,2.0482,-0.0085449,0
0.011292,-0.016022,0.76569,2.0482,-0.0085449,0
0.012054,-0.011902,0.82932,2.0482,-0.0064087,0
0.014648,-0.0073242,0.89249,2.2757,-0.0036621,0
0.014496,-0.0038147,0.95627,2.5033,0.00061035,0
0.011902,-0.0019836,1.0229,2.7309,0.0036621,0
0.0071716,-0.0018311,1.0898,2.9584,0.0048828,0
0.0073242,0.0013733,1.1475,2.5033,0.0012207,0
0.01236,0.0059509,1.1938,2.7309,-0.0021362,0
0.011749,0.0086975,1.2379,2.0482,-0.0039673,0
0.0059509,0.010223,1.2744,2.2757,-0.0033569,0
0.0041199,0.013733,1.2976,2.0482,-0.0057983,0
0.005188,0.017853,1.3094,2.7309,-0.007019,0
-0.0021362,0.018921,1.3124,2.0482,-0.010986,0
-0.013275,0.015869,1.3153,2.0482,-0.014343,0
-0.024414,0.014343,1.3171,2.5033,-0.018921,0
-0.026398,0.016022,1.3116,2.7309,-0.021362,0
-0.014648,0.018158,1.2979,2.0482,-0.024109,0
0.0065613,0.019989,1.2804,2.5033,-0.027466,0
0.025024,0.020294,1.2589,2.9584,-0.030212,0
0.027008,0.019073,1.2202,2.5033,-0.032349,0
0.019379,0.020294,1.1658,2.7309,-0.033569,0
0.017242,0.02121,1.1017,2.0482,-0.036011,0
0.02121,0.016327,1.0353,2.0482,-0.038757,0
0.020752,0.0097656,0.96359,1.5931,-0.041199,0
0.013275,0.0085449,0.88058,2.0482,-0.04303,0
0.0076294,0.011597,0.79025,2.5033,-0.043945,0
0.0093079,0.013428,0.69778,2.2757,-0.044556,0
0.0088501,0.01236,0.6044,2.7309,-0.042419,0
0.0028992,0.0099182,0.52429,2.0482,-0.040894,0
0,0.0080872,0.4567,2.2757,-0.037537,0
-0.0038147,0.0090027,0.39108,2.5033,-0.033264,0
-0.010071,0.0091553,0.3215,2.5033,-0.028687,0
-0.013733,0.0033569,0.23773,2.0482,-0.02533,0
-0.011139,-0.0080872,0.14038,1.8206,-0.023193,0
-0.0036621,-0.016937,0.052032,1.8206,-0.022888,0
0.0030518,-0.015564,-0.013123,2.0482,-0.019531,0
0.0041199,-0.0093079,-0.061188,2.2757,-0.015259,0
0.0010681,-0.0050354,-0.10437,2.5033,-0.015259,0
-0.0019836,-0.0041199,-0.15701,2.7309,-0.020447,0
-0.0093079,-0.0028992,-0.21973,2.5033,-0.02655,0
-0.018463,0.0012207,-0.27634,2.2757,-0.031738,0
-0.02533,0.0038147,-0.3186,2.7309,-0.034485,0
-0.026703,0.0022888,-0.35721,2.7309,-0.035095,0
-0.021515,0.0021362,-0.39978,2.7309,-0.035706,0
-0.0067139,0.0018311,-0.44876,2.5033,-0.034485,0
0.010986,-0.0050354,-0.49622,2.0482,-0.034485,0
0.024719,-0.010681,-0.52063,2.5033,-0.036316,0
0.032349,-0.0071716,-0.52353,2.2757,-0.036621,0
0.027618,-0.00091553,-0.5217,2.0482,-0.037537,0
0.012207,0.0022888,-0.51071,2.2757,-0.038147,0
0.0012207,0.0038147,-0.49133,2.5033,-0.039673,0
-0.0036621,0.0064087,-0.47958,2.2757,-0.040588,0
-0.0030518,0.0013733,-0.48325,2.7309,-0.042725,0
0.0030518,-0.015411,-0.5043,2.7309,-0.04364,0
0.0073242,-0.027924,-0.52597,2.5033,-0.044861,0
0.0048828,-0.020447,-0.51544,2.7309,-0.04425,0
-0.0065613,-0.0062561,-0.47653,1.8206,-0.04425,0
-0.014343,-0.0027466,-0.44235,2.0482,-0.04364,0
-0.014648,-0.0071716,-0.4248,1.8206,-0.04303,0
-0.0085449,-0.0086975,-0.41626,2.0482,-0.042419,0
-0.0013733,-0.007019,-0.41245,1.8206,-0.043945,0
0.00076294,-0.0067139,-0.40863,2.0482,-0.044861,0
-0.0038147,-0.0054932,-0.39246,2.0482,-0.042725,0
-0.0033569,-0.0032043,-0.37155,2.2757,-0.038757,0
0.0032043,-0.0033569,-0.36179,2.2757,-0.033875,0
0.007782,-0.0048828,-0.36697,2.5033,-0.028992,0
0.010529,-0.0079346,-0.36133,2.7309,-0.022583,0
0.01297,-0.0065613,-0.33478,2.5033,-0.015869,0
0.010834,-0.0027466,-0.31357,2.0482,-0.0088501,0
0.0099182,-0.00076294,-0.30975,2.5033,-0.00061035,0
0.011902,0.0045776,-0.30609,0.91037,0.0085449,0
0.0099182,0.012512,-0.29465,2.0482,0.018616,0
0.0030518,0.015564,-0.28595,2.0482,0.02655,0
-0.0032043,0.014496,-0.28137,1.8206,0.028992,0
-0.0093079,0.011139,-0.27573,2.2757,0.027161,0
-0.0050354,0.0054932,-0.26764,2.2757,0.027771,0
0.0041199,0.0016785,-0.25742,2.9584,0.032043,0
0.0067139,-0.0010681,-0.25681,2.7309,0.038147,0
0.0068665,-0.0054932,-0.2684,2.2757,0.046692,0
0.0073242,-0.005188,-0.27191,2.5033,0.053406,0
0.011597,-0.0024414,-0.26337,2.2757,0.056763,0
0.01358,0.0013733,-0.25314,1.8206,0.057678,0
0.01236,0.0064087,-0.24353,2.7309,0.06073,0
0.010986,0.011749,-0.23407,2.7309,0.066833,0
0.0028992,0.016022,-0.22537,2.5033,0.073242,0
-0.011749,0.015259,-0.22064,2.2757,0.080566,0
-0.027618,0.011597,-0.22202,1.8206,0.084839,0
-0.032654,0.0076294,-0.22552,2.0482,0.084839,0
-0.025482,0.0047302,-0.22232,2.0482,0.082703,0
-0.0059509,0.0022888,-0.21194,3.186,0.080261,0
0.013733,-0.00015259,-0.19867,2.9584,0.079956,0
0.013275,-0.0013733,-0.18188,3.4135,0.080872,0
0.0036621,-0.0015259,-0.16632,2.2757,0.084229,0
0.0048828,-0.00076294,-0.15091,2.0482,0.085754,0
0.010376,0.0013733,-0.13428,2.2757,0.086975,0
0.0080872,0.0028992,-0.12375,1.1379,0.087891,0
0.002594,0.0042725,-0.12421,1.8206,0.088501,0
0.0013733,0.0074768,-0.13489,1.8206,0.088501,0
0.00091553,0.010071,-0.14145,1.1379,0.090942,0
-0.0033569,0.009613,-0.12512,2.2757,0.093994,0
-0.0080872,0.010529,-0.098572,2.5033,0.097046,0
0.00091553,0.0094604,-0.088959,2.5033,0.10071,0
0.0080872,0.0010681,-0.097351,1.5931,0.10315,0
0.0064087,-0.0067139,-0.10635,2.0482,0.10345,0
0.0047302,-0.0085449,-0.10818,1.5931,0.10651,0
0.0028992,-0.0048828,-0.10559,1.3655,0.10956,0
0.00061035,-0.0033569,-0.098114,2.0482,0.11627,0
-0.0016785,-0.0036621,-0.081482,2.2757,0.12543,0
0.0010681,-0.0028992,-0.058441,2.5033,0.13519,0
0.0028992,-0.0012207,-0.037689,1.5931,0.14343,0
0.00091553,-0.00061035,-0.023956,2.0482,0.14404,0
-0.0010681,-0.0027466,-0.0177,2.2757,0.14191,0
0.0024414,-0.00061035,-0.015869,1.5931,0.1355,0
0.010681,0.0022888,-0.016174,2.2757,0.12878,0
0.016632,-0.00015259,-0.024414,2.9584,0.12207,0
0.020142,-0.0050354,-0.034027,2.7309,0.1123,0
0.019531,-0.011444,-0.039673,2.7309,0.1062,0
0.013885,-0.013123,-0.04303,2.7309,0.1001,0
0.0053406,-0.0079346,-0.0383,1.3655,0.097351,0
-0.00061035,0.0021362,-0.026398,2.2757,0.09552,0
-0.0033569,0.011444,-0.018921,2.2757,0.096436,0
-0.010376,0.015564,-0.0177,2.7309,0.097656,0
-0.019989,0.015717,-0.023956,2.5033,0.1004,0
-0.024261,0.015411,-0.037994,2.7309,0.10345,0
-0.024567,0.015411,-0.046387,2.5033,0.1062,0
-0.018463,0.013428,-0.04303,2.7309,0.10712,0
-0.010681,0.010223,-0.040436,2.5033,0.10223,0
-0.0035095,0.010376,-0.040588,2.2757,0.093689,0
0,0.013733,-0.03479,2.2757,0.081787,0
0.00045776,0.016022,-0.018005,2.9584,0.068359,0
0.00076294,0.016479,0.0019836,2.0482,0.057373,0
-0.0019836,0.011749,0.023193,2.9584,0.049133,0
-0.0094604,0.0047302,0.043945,2.9584,0.042725,0
-0.016632,0.0024414,0.055695,2.2757,0.034485,0
-0.016174,0.0068665,0.050354,2.2757,0.024109,0
-0.011749,0.010681,0.031433,2.2757,0.014954,0
-0.0059509,0.0065613,0.011444,2.5033,0.0076294,0
-0.0053406,-0.00015259,0.0012207,2.2757,0.0039673,0
-0.0067139,-0.0010681,0.00091553,1.8206,0,0
-0.0056458,0.0028992,0.0038147,2.0482,-0.0033569,0
-0.0021362,0.007782,0.0082397,2.0482,-0.007019,0
0.00076294,0.007019,0.014191,1.8206,-0.011292,0
0.0032043,0,0.012817,2.2757,-0.014343,0
0.002594,-0.0094604,-0.0015259,1.5931,-0.013733,0
0.0024414,-0.017242,-0.018616,1.5931,-0.010376,0
0.0053406,-0.020752,-0.022278,1.1379,-0.0036621,0
0.0056458,-0.019989,-0.010376,2.5033,0.00061035,0
0.0033569,-0.01709,0.0065613,2.2757,0.0042725,0
0.0021362,-0.014648,0.015869,2.2757,0.0073242,0
0.0013733,-0.01297,0.012665,2.7309,0.0097656,0
0.0013733,-0.011444,0.0016785,2.2757,0.012207,0
-0.0013733,-0.013428,-0.0086975,1.8206,0.011902,0
-0.0024414,-0.016937,-0.014954,2.5033,0.010681,0
-0.002594,-0.017395,-0.01709,2.0482,0.010071,0
0.0021362,-0.014496,-0.0093079,1.8206,0.012512,0
0.0083923,-0.012054,0.0067139,2.5033,0.017395,0
0.0074768,-0.010376,0.019684,2.2757,0.023193,0
0.0019836,-0.011139,0.029449,2.9584,0.029602,0
-0.0015259,-0.014496,0.028381,2.2757,0.033264,0
-0.0024414,-0.013885,0.018463,2.0482,0.037231,0
0.00061035,-0.0088501,0.016785,2.5033,0.040588,0
0.0080872,-0.0041199,0.027771,2.9584,0.046387,0
0.01236,-0.0018311,0.04364,2.5033,0.053406,0
0.010376,-0.00030518,0.054932,1.8206,0.059204,0
0.0059509,0.00045776,0.059509,2.5033,0.063477,0
0.0028992,0.0013733,0.061493,1.8206,0.067139,0
0.0027466,0.0035095,0.06485,2.2757,0.070496,0
0.0080872,0.0041199,0.066223,2.2757,0.074768,0
0.0090027,0.0035095,0.065002,2.2757,0.07782,0
0.0028992,0.0042725,0.062866,2.2757,0.080872,0
-0.0015259,0.0048828,0.06012,2.5033,0.084839,0
-0.004425,0.0045776,0.05249,2.7309,0.08667,0
-0.0068665,0.0022888,0.040894,3.186,0.086975,0
-0.0079346,-0.0028992,0.034332,2.7309,0.08667,0
-0.0097656,-0.0035095,0.03479,2.7309,0.084839,0
-0.012207,-0.0012207,0.044403,2.5033,0.083008,0
-0.0056458,-0.00076294,0.052643,1.8206,0.084229,0
0.0086975,-0.0022888,0.052032,2.2757,0.086365,0
0.014801,-0.0036621,0.044708,1.8206,0.089417,0
0.009613,-0.0027466,0.028534,2.2757,0.088501,0
0.0012207,-0.0018311,0.016937,2.5033,0.083313,0
-0.0036621,-0.0028992,0.014648,2.0482,0.079041,0
-0.0036621,-0.0018311,0.01297,1.5931,0.076599,0
-0.0047302,0,0.01236,2.2757,0.072937,0
-0.004425,-0.00061035,0.007782,2.0482,0.069275,0
0.0041199,-0.00045776,0.0013733,2.7309,0.063782,0
0.0074768,0.0015259,-0.0048828,2.2757,0.057678,0
0.0042725,0.00061035,-0.014801,2.7309,0.048523,0
0.00076294,-0.00091553,-0.024109,2.2757,0.0354,0
0.0012207,-0.0045776,-0.030975,2.0482,0.021973,0
0.0032043,-0.0080872,-0.036011,1.8206,0.0088501,0
0.0038147,-0.0090027,-0.034637,1.8206,-0.0018311,0
0.0056458,-0.0088501,-0.023499,2.2757,-0.012512,0
0.0032043,-0.0068665,-0.0056458,2.2757,-0.023193,0
-0.0021362,-0.0045776,0.0093079,2.2757,-0.032959,0
-0.0047302,-0.0082397,0.016022,2.5033,-0.041504,0
-0.0036621,-0.012665,0.015564,3.186,-0.048523,0
-0.0024414,-0.012817,0.016785,3.186,-0.055237,0
0.0022888,-0.01297,0.016479,1.8206,-0.063171,0
0.0086975,-0.012665,0.021057,2.2757,-0.067444,0
0.012665,-0.0076294,0.036774,1.8206,-0.069885,0
0.010529,0.00091553,0.05722,2.7309,-0.068665,0
0.0079346,0.0079346,0.066986,2.9584,-0.066528,0
0.0057983,0.0080872,0.062256,2.7309,-0.063171,0
0.0074768,0.0042725,0.051727,3.186,-0.060425,0
0.0059509,0.00030518,0.047455,2.7309,-0.056458,0
-0.0062561,-0.00015259,0.052948,2.2757,-0.053101,0
-0.0177,-0.00061035,0.062714,2.0482,-0.047607,0
-0.019836,-0.0015259,0.077515,2.7309,-0.040283,0
-0.011139,-0.00076294,0.093231,3.4135,-0.032654,0
0.004425,0.0013733,0.097046,2.0482,-0.023193,0
0.015869,0.0039673,0.090179,2.5033,-0.010376,0
0.011597,0.0042725,0.084534,2.5033,0.0048828,0
0.0027466,0.0045776,0.08316,2.7309,0.022278,0
0.00030518,0.0064087,0.078583,2.2757,0.037231,0
0.0054932,0.012054,0.070343,2.2757,0.053101,0
0.007782,0.018463,0.062103,2.2757,0.065613,0
0.0048828,0.018768,0.052795,1.8206,0.079346,0
-0.0038147,0.014191,0.040436,1.8206,0.090942,0
-0.016937,0.0083923,0.02182,2.0482,0.10315,0
-0.02243,0.0028992,0.004425,2.0482,0.11383,0
-0.015106,0.0019836,0,2.5033,0.12634,0
0.0050354,0.0028992,0.0032043,1.8206,0.14221,0
0.023193,0.0024414,0.0059509,2.0482,0.15991,0
0.028534,0.0010681,0.007782,2.5033,0.17975,0
0.019531,0.0022888,0.007782,2.0482,0.20111,0
0.010834,0.0050354,0.0021362,2.2757,0.21698,0
0.0056458,0.0085449,-0.0064087,2.2757,0.22675,0
0.0012207,0.011139,-0.0082397,2.7309,0.23224,0
-0.0010681,0.0093079,-0.0042725,2.7309,0.24017,0
0.0022888,0.0065613,0.0024414,2.2757,0.25055,0
0.007019,0.0032043,0.013885,2.0482,0.26459,0
0.0068665,0.0015259,0.027008,2.2757,0.28076,0
0.0030518,0.0028992,0.036926,2.0482,0.29602,0
-0.00045776,0.0038147,0.043793,2.5033,0.31097,0
-0.0021362,0.0027466,0.045624,2.7309,0.32196,0
0.00061035,0.00015259,0.038147,2.7309,0.32562,0
0.004425,-0.0019836,0.02243,2.5033,0.32196,0
0.0056458,-0.0045776,0.0088501,2.5033,0.31036,0
0.0036621,-0.0062561,0.0056458,2.2757,0.29694,0
0.00045776,-0.0045776,0.011444,2.5033,0.289,0
-0.0035095,-0.0012207,0.019989,1.8206,0.28259,0
-0.0057983,-0.00076294,0.022736,2.9584,0.2774,0
-0.004425,-0.002594,0.020142,2.9584,0.27405,0
-0.0019836,-0.002594,0.015564,2.9584,0.2713,0
-0.00076294,-0.0028992,0.010681,2.7309,0.2655,0
0.00091553,-0.0027466,0.0036621,2.5033,0.25177,0
0,-0.0028992,-0.0033569,2.0482,0.23315,0
-0.0030518,-0.0048828,-0.0041199,1.8206,0.21484,0
-0.0013733,-0.0048828,-0.00045776,1.5931,0.19958,0
0.0010681,-0.0033569,-0.00061035,1.8206,0.1889,0
0.0030518,0.00030518,-0.0053406,2.0482,0.18372,0
0.0038147,0.0033569,-0.0047302,2.5033,0.18005,0
0.0039673,0.0041199,-0.00015259,2.5033,0.17883,0
0.002594,0.0022888,-0.0015259,2.5033,0.17639,0
-0.00015259,0,-0.0050354,2.2757,0.16907,0
-0.0047302,0.0013733,0.00045776,2.5033,0.15747,0
-0.0039673,0.0079346,0.014038,2.2757,0.14404,0
0.0013733,0.011902,0.021973,2.2757,0.12878,0
0.0041199,0.012665,0.024109,2.5033,0.11108,0
0.0086975,0.012054,0.016174,1.8206,0.094604,0
0.011139,0.0076294,-0.002594,2.0482,0.075073,0
0.013885,0.0032043,-0.019684,2.5033,0.055542,0
0.0074768,0.0010681,-0.031586,2.2757,0.040588,0
-0.0012207,-0.0033569,-0.040131,1.8206,0.028687,0
-0.005188,-0.0079346,-0.046997,2.0482,0.024414,0
0.0010681,-0.0079346,-0.048828,2.0482,0.023193,0
0.012512,-0.0062561,-0.038605,2.5033,0.022583,0
0.028687,-0.0065613,-0.018311,2.2757,0.022278,0
0.025024,-0.0093079,0.0028992,2.2757,0.020752,0
0.010986,-0.0097656,0.024567,2.7309,0.019226,0
-0.0022888,-0.0093079,0.045319,2.5033,0.011597,0
-0.0083923,-0.0080872,0.062866,1.8206,0.0027466,0
-0.0067139,-0.0057983,0.066223,2.0482,-0.0082397,0
-0.004425,-0.0035095,0.058594,1.8206,-0.015869,0
-0.0032043,-0.00091553,0.059204,1.8206,-0.018921,0
-0.0027466,0.0022888,0.070801,2.5033,-0.018616,0
-0.0030518,0.0088501,0.084686,2.5033,-0.022888,0
-0.0027466,0.018463,0.095673,2.7309,-0.029297,0
-0.0010681,0.026703,0.10727,2.2757,-0.037537,0
0,0.032349,0.11032,2.7309,-0.046997,0
0.0035095,0.031738,0.095215,2.7309,-0.063171,0
0.002594,0.025635,0.068665,2.7309,-0.07782,0
-0.002594,0.01709,0.041656,2.5033,-0.083313,0
-0.0061035,0.007782,0.017395,2.5033,-0.071716,0
-0.0047302,0.0032043,0.0013733,2.9584,-0.046387,0
-0.0071716,0.0028992,-0.0050354,2.7309,-0.018005,0
-0.013885,-0.00030518,-0.010681,2.5033,0.0030518,0
-0.016327,-0.0071716,-0.024261,2.5033,0.016479,0
-0.01236,-0.016632,-0.044861,2.9584,0.024109,0
-0.0059509,-0.025635,-0.05722,2.9584,0.032654,0
-0.0033569,-0.032043,-0.060272,2.9584,0.04303,0
-0.0010681,-0.03418,-0.050659,2.9584,0.049744,0
-0.0012207,-0.03067,-0.03479,2.9584,0.049438,0
-0.0061035,-0.020905,-0.022583,2.2757,0.043945,0
-0.015411,-0.011444,-0.014648,1.5931,0.032959,0
-0.021057,-0.0053406,-0.012665,1.8206,0.02533,0
-0.023651,-0.0024414,-0.0083923,1.8206,0.019531,0
-0.022583,0.004425,0.0013733,1.8206,0.021057,0
-0.011139,0.013428,0.014038,1.3655,0.027771,0
-0.0036621,0.014038,0.021667,2.2757,0.038452,0
-0.0047302,0.0097656,0.024872,2.7309,0.042419,0
-0.010986,0.0065613,0.027924,2.0482,0.036011,0
-0.012207,0.0054932,0.036621,2.5033,0.023193,0
-0.0062561,0.0030518,0.052795,2.7309,0.010376,0
0.0010681,-0.0018311,0.068359,1.8206,0.0082397,0
0.0035095,-0.007782,0.075684,2.0482,0.016479,0
0.0042725,-0.014801,0.076752,2.7309,0.026245,0
0.0062561,-0.017853,0.071411,2.2757,0.030518,0
0.0097656,-0.013733,0.06424,2.2757,0.026245,0
0.012817,-0.013428,0.054626,2.0482,0.014648,0
0.015869,-0.019989,0.042114,2.0482,0.0082397,0
0.019836,-0.025024,0.025482,2.2757,0.010376,0
0.02533,-0.022125,0.011444,2.2757,0.018005,0
0.029907,-0.015564,0.0028992,2.5033,0.023804,0
0.026245,-0.014343,0.0013733,2.5033,0.023193,0
0.016022,-0.018616,-0.0036621,2.7309,0.021057,0
0.0091553,-0.019379,-0.015411,2.5033,0.018616,0
0.0036621,-0.013275,-0.022583,2.5033,0.019226,0
-0.0010681,-0.0090027,-0.018921,2.7309,0.018005,0
-0.0028992,-0.0076294,-0.011292,2.5033,0.018311,0
-0.0039673,-0.0057983,-0.0068665,2.0482,0.018616,0
-0.0032043,-0.0056458,-0.0086975,2.9584,0.018005,0
-0.00015259,-0.0053406,-0.0083923,2.0482,0.014343,0
0.0015259,-0.00015259,0.0048828,2.7309,0.0054932,0
0.0013733,0.0073242,0.022125,2.5033,-0.0091553,0
-0.00030518,0.0097656,0.030975,2.0482,-0.028076,0
0.0064087,0.0074768,0.032349,2.7309,-0.04364,0
0.017853,0.0061035,0.037231,2.2757,-0.054626,0
0.023956,0.0018311,0.044861,2.2757,-0.063171,0
0.022583,-0.00076294,0.044098,2.2757,-0.076904,0
0.015717,-0.002594,0.034332,2.2757,-0.086975,0
0.013428,-0.0038147,0.023804,2.2757,-0.087585,0
0.0086975,-0.0048828,0.015259,2.5033,-0.076599,0
0.00061035,-0.0038147,0.011902,2.0482,-0.06134,0
-0.0073242,-0.0012207,0.0062561,2.2757,-0.048218,0
-0.01236,0,-0.010834,2.5033,-0.038757,0
-0.011749,0.00076294,-0.026703,2.0482,-0.040588,0
-0.010376,-0.00045776,-0.033112,2.5033,-0.050049,0
-0.0076294,-0.00030518,-0.031586,2.7309,-0.058594,0
-0.007782,-0.00045776,-0.028687,2.0482,-0.053406,0
-0.0090027,-0.0022888,-0.029602,2.0482,-0.032349,0
-0.0076294,-0.0027466,-0.03479,1.5931,-0.0076294,0
-0.0032043,-0.00091553,-0.041809,1.8206,0.0091553,0
-0.00091553,-0.00076294,-0.044708,2.0482,0.014038,0
-0.010834,-0.0012207,-0.040741,2.0482,0.0091553,0
-0.028839,-0.0015259,-0.032654,2.7309,0.0036621,0
-0.039978,-0.00076294,-0.029144,2.0482,0.0033569,0
-0.0383,0.00091553,-0.029755,2.5033,0.005188,0
-0.02655,0.0032043,-0.023804,2.5033,0.0054932,0
-0.0074768,0.0019836,-0.014648,2.0482,0.0012207,0
0.005188,-0.0019836,-0.01358,2.0482,-0.0073242,0
0.012665,-0.0056458,-0.020447,2.0482,-0.017395,0
0.018768,-0.0076294,-0.03067,2.0482,-0.028076,0
0.023346,-0.009613,-0.041656,2.2757,-0.038757,0
0.028381,-0.0091553,-0.042725,2.0482,-0.05127,0
0.031891,-0.0039673,-0.03006,2.0482,-0.064697,0
0.026093,0.0016785,-0.015259,2.2757,-0.071716,0
0.015717,0.0067139,-0.0074768,2.9584,-0.070801,0
0.0041199,0.0086975,-0.0015259,2.2757,-0.063477,0
-0.0041199,0.0062561,0.0067139,2.7309,-0.056458,0
-0.0076294,0.0036621,0.0093079,2.2757,-0.048523,0
-0.0093079,0.0010681,0.0015259,3.4135,-0.038757,0
-0.0080872,-0.0033569,-0.010376,2.9584,-0.022278,0
-0.0024414,-0.0035095,-0.022888,2.2757,-0.0057983,0
0.0048828,-0.0013733,-0.034637,2.9584,0.0018311,0
0.0050354,0.0013733,-0.040283,2.5033,-0.0036621,0
0.0028992,0.0038147,-0.033722,2.5033,-0.012512,0
0.0018311,0.0050354,-0.01358,2.2757,-0.013428,0
0,0.0056458,0.011444,2.7309,-0.0057983,0
-0.0047302,0.0065613,0.029755,2.2757,0.0057983,0
-0.0071716,0.0099182,0.034943,2.7309,0.019226,0
-0.0050354,0.013428,0.032349,2.7309,0.030823,0
-0.0038147,0.011749,0.028229,2.9584,0.040588,0
-0.004425,0.010376,0.021973,2.5033,0.047913,0
-0.0033569,0.0099182,0.02182,2.2757,0.049744,0
-0.0016785,0.0093079,0.03418,2.9584,0.044556,0
-0.005188,0.01358,0.056915,2.5033,0.032959,0
-0.004425,0.023041,0.082245,2.7309,0.019836,0
-0.0047302,0.028534,0.095825,1.8206,0.011292,0
-0.0036621,0.028381,0.088959,2.2757,0.0076294,0
-0.0012207,0.024109,0.074158,2.2757,0.0064087,0
-0.00061035,0.020905,0.068359,2.5033,0.0030518,0
0.0016785,0.020294,0.068665,2.0482,-0.0036621,0
0.0064087,0.01709,0.058289,2.0482,-0.013428,0
0.0085449,0.0068665,0.032043,2.5033,-0.021973,0
0.0091553,-0.0027466,0.010681,2.5033,-0.02655,0
0.0093079,-0.0048828,0.0059509,2.7309,-0.022278,0
0.0091553,-0.0016785,0.0028992,2.2757,-0.0088501,0
0.0094604,0,-0.010681,2.0482,0.0061035,0
0.0083923,-0.0074768,-0.032501,1.8206,0.015259,0
0.0030518,-0.018158,-0.066833,1.8206,0.01709,0
0.00045776,-0.025024,-0.085449,2.2757,0.016785,0
0.0028992,-0.018463,-0.05661,2.2757,0.018616,0
0.0074768,-0.0041199,-0.0097656,2.2757,0.020447,0
0.012207,0.0056458,0.01297,2.0482,0.020752,0
0.013275,0.0090027,0.014496,2.2757,0.013123,0
0.0074768,0.0093079,0.013733,2.2757,0.0039673,0
0.004425,0.011444,0.012207,2.0482,-0.0030518,0
0.0085449,0.013428,0.0088501,2.7309,-0.0012207,0
0.013733,0.010986,0.0071716,3.186,0.012207,0
0.013123,0.0085449,0.010223,2.7309,0.029602,0
0.010529,0.011139,0.017242,3.4135,0.045776,0
0.01236,0.016632,0.027161,2.5033,0.06073,0
0.011902,0.018158,0.033722,2.5033,0.072021,0
0.0088501,0.014038,0.029755,2.0482,0.077515,0
0.0088501,0.0073242,0.018921,2.7309,0.076904,0
0.010681,0.0045776,0.0039673,2.5033,0.073242,0
0.0093079,0.0064087,-0.0027466,2.7309,0.065918,0
0.0053406,0.0065613,0.00061035,2.7309,0.059814,0
-0.0024414,0.0057983,0.0028992,2.5033,0.055237,0
-0.01297,0.0053406,-0.0030518,2.2757,0.052795,0
-0.018463,0.0056458,-0.018463,2.5033,0.053406,0
-0.0177,0.0036621,-0.036469,2.0482,0.059509,0
-0.0079346,0.0033569,-0.046387,2.2757,0.061951,0
-0.0012207,0.0059509,-0.045013,2.5033,0.06012,0
0.00076294,0.0073242,-0.032196,2.7309,0.054016,0
-0.004425,0.0082397,-0.012665,1.8206,0.04364,0
-0.0071716,0.0071716,0.002594,2.7309,0.035095,0
-0.0079346,0.0038147,0.0027466,2.0482,0.031738,0
-0.0079346,-0.0036621,-0.0061035,2.9584,0.038147,0
-0.0079346,-0.010681,-0.014954,2.2757,0.049133,0
-0.0082397,-0.013123,-0.021362,2.2757,0.053406,0
-0.0094604,-0.011749,-0.023041,2.5033,0.052185,0
-0.010529,-0.0088501,-0.017853,2.2757,0.055237,0
-0.0097656,-0.007019,-0.013428,2.5033,0.065002,0
-0.0067139,-0.0076294,-0.011749,1.8206,0.078735,0
-0.0019836,-0.009613,-0.0094604,2.2757,0.085449,0
0.0041199,-0.012054,-0.012207,1.8206,0.085754,0
0.0093079,-0.012512,-0.021515,2.5033,0.079346,0
0.010986,-0.009613,-0.021362,2.2757,0.078125,0
0.0082397,-0.0082397,-0.0068665,2.9584,0.079651,0
0.0047302,-0.009613,0.010223,1.8206,0.082092,0
-0.00076294,-0.0099182,0.021973,2.5033,0.084534,0
-0.0073242,-0.0083923,0.028381,2.9584,0.085144,0
-0.011139,-0.0059509,0.030518,2.5033,0.084534,0
-0.0091553,-0.002594,0.026398,2.9584,0.086365,0
-0.0035095,0,0.020142,3.186,0.090942,0
-0.0010681,0.00045776,0.016479,2.7309,0.099792,0
0.0012207,0.00061035,0.0062561,2.5033,0.1123,0
0.0015259,-0.00015259,-0.0080872,2.9584,0.12085,0
-0.0015259,-0.004425,-0.017548,2.7309,0.12604,0
-0.0062561,-0.011139,-0.022888,2.7309,0.13092,0
-0.010529,-0.014191,-0.027466,2.5033,0.13733,0
-0.010834,-0.014343,-0.025482,2.7309,0.14709,0
-0.007019,-0.013885,-0.025177,2.9584,0.15167,0
-0.0021362,-0.01358,-0.026855,2.7309,0.13977,0
-0.00091553,-0.011749,-0.025635,1.8206,0.11597,0
0.00076294,-0.0062561,-0.02243,2.5033,0.093689,0
-0.0013733,0.0012207,-0.019836,2.5033,0.08606,0
-0.0022888,0.007782,-0.014954,2.5033,0.09491,0
-0.00091553,0.0093079,-0.0085449,2.7309,0.11566,0
0.0039673,0.0085449,-0.0056458,3.186,0.13397,0
0.007782,0.0082397,-0.0039673,2.5033,0.14099,0
0.010223,0.0090027,-0.0019836,2.7309,0.13733,0
0.0082397,0.0073242,0.0030518,2.7309,0.12665,0
0.0071716,0.0039673,0.012512,2.2757,0.11963,0
0.0062561,0.0010681,0.011902,1.8206,0.12207,0
0.0041199,-0.0021362,-0.0019836,1.8206,0.13184,0
-0.0041199,-0.0059509,-0.018768,2.7309,0.13977,0
-0.011292,-0.0083923,-0.02533,2.0482,0.1416,0
-0.010986,-0.0088501,-0.021667,2.5033,0.13824,0
-0.0073242,-0.0090027,-0.018005,1.8206,0.13245,0
-0.0041199,-0.0076294,-0.019531,2.2757,0.12909,0
-0.0048828,-0.007782,-0.015869,1.8206,0.12939,0
-0.0068665,-0.0056458,-0.0018311,2.5033,0.13275,0
-0.0074768,-0.0035095,0.017548,2.7309,0.13519,0
-0.0059509,-0.0018311,0.038452,2.5033,0.1355,0
-0.0045776,-0.0010681,0.053558,2.5033,0.13,0
-0.0061035,-0.00030518,0.062408,2.0482,0.12238,0
-0.0035095,0.0036621,0.069885,2.7309,0.11566,0
0.0035095,0.0082397,0.072784,2.0482,0.1123,0
0.01236,0.0080872,0.069275,2.9584,0.11292,0
0.015411,0.0085449,0.058899,1.8206,0.11627,0
0.01297,0.0091553,0.048065,2.2757,0.12054,0
0.010376,0.0091553,0.041656,2.7309,0.12329,0
0.0097656,0.011597,0.041199,2.5033,0.12024,0
0.010376,0.012665,0.04776,2.5033,0.11383,0
0.0061035,0.013123,0.049591,2.5033,0.10864,0
-0.0030518,0.0099182,0.036774,2.9584,0.10376,0
-0.009613,0.0041199,0.021667,2.0482,0.09613,0
-0.0071716,-0.0018311,0.016022,3.186,0.086365,0
-0.0016785,-0.0076294,0.018616,3.4135,0.074768,0
-0.0024414,-0.011597,0.019379,2.5033,0.06134,0
-0.0061035,-0.011292,0.023041,2.5033,0.048523,0
0.00045776,-0.007019,0.024414,2.9584,0.04303,0
0.0099182,-0.0016785,0.017395,2.7309,0.050049,0
0.012665,0.0012207,0.014801,2.7309,0.063782,0
0.0094604,0.00091553,0.019989,2.5033,0.074463,0
0.0067139,-0.0062561,0.026855,2.7309,0.077209,0
0.0039673,-0.014343,0.034332,2.9584,0.06958,0
0.0018311,-0.014954,0.045624,2.9584,0.057678,0
0.00015259,-0.0079346,0.052185,3.186,0.050049,0
-0.0022888,-0.0022888,0.045013,2.2757,0.047607,0
-0.0071716,-0.0016785,0.023804,2.5033,0.046082,0
-0.0079346,-0.0041199,0.0013733,2.7309,0.045776,0
-0.004425,-0.0083923,-0.0085449,2.9584,0.046387,0
0,-0.011749,-0.0071716,1.8206,0.049744,0
0.0048828,-0.013428,0,2.5033,0.057373,0
0.0079346,-0.012817,0.007782,2.5033,0.064087,0
0.011139,-0.011902,0.018005,2.2757,0.069885,0
0.014801,-0.01236,0.016785,2.2757,0.072327,0
0.015717,-0.015564,0.0042725,1.8206,0.073547,0
0.013275,-0.018311,-0.0091553,2.2757,0.073547,0
0.011292,-0.016785,-0.017853,2.0482,0.070801,0
0.0068665,-0.012665,-0.015869,2.2757,0.069275,0
0.0032043,-0.009613,-0.011292,2.5033,0.070496,0
0.0024414,-0.012054,-0.009613,2.2757,0.076599,0
0.0032043,-0.015106,-0.018158,2.2757,0.082703,0
0.0041199,-0.012665,-0.028839,2.5033,0.083313,0
0.0056458,-0.0056458,-0.029755,2.5033,0.076904,0
0.0083923,-0.0016785,-0.020752,2.5033,0.062256,0
0.0086975,-0.0056458,-0.010223,3.186,0.04303,0
0.0057983,-0.011749,-0.009613,2.5033,0.022583,0
0.0033569,-0.015411,-0.0177,1.8206,0.0079346,0
0.0048828,-0.013275,-0.0177,2.9584,0.0012207,0
0.0061035,-0.0071716,-0.011444,2.0482,0.0036621,0
0.0048828,-0.0016785,-0.0059509,2.9584,0.011292,0
0.0041199,-0.00091553,-0.0059509,3.186,0.017395,0
0.0013733,0.0018311,-0.016479,2.5033,0.021362,0
0.00015259,0.0045776,-0.027313,2.5033,0.017395,0
0.00091553,0.0064087,-0.030212,2.0482,0.0076294,0
-0.00015259,0.010681,-0.028229,3.4135,0.00030518,0
-0.0054932,0.016174,-0.026703,2.5033,0.00091553,0
-0.010834,0.018616,-0.019073,3.186,0.014954,0
-0.014038,0.016937,-0.0056458,2.7309,0.032349,0
-0.016785,0.014801,0.0018311,2.5033,0.046387,0
-0.019379,0.011139,0.0090027,2.2757,0.051575,0
-0.018463,0.007782,0.018616,2.7309,0.047607,0
-0.017395,0.0048828,0.032654,2.9584,0.039062,0
-0.014648,0.0033569,0.041504,2.7309,0.026245,0
-0.013123,0.0030518,0.0354,2.7309,0.013123,0
-0.013123,0.0030518,0.019073,2.7309,0.0027466,0
-0.013123,0.0012207,-0.0022888,2.2757,-0.0018311,0
-0.015869,-0.0032043,-0.020447,2.5033,-0.00091553,0
-0.016632,-0.0068665,-0.031738,2.5033,-0.0030518,0
-0.010986,-0.0086975,-0.031891,2.7309,-0.015869,0
-0.0048828,-0.0080872,-0.021667,2.0482,-0.037537,0
0,-0.0056458,-0.0035095,2.0482,-0.059814,0
0.002594,-0.0064087,0.014801,2.2757,-0.06897,0
0.0012207,-0.0080872,0.020599,2.0482,-0.063477,0
0.002594,-0.0099182,0.01709,2.5033,-0.050049,0
0,-0.0090027,0.014038,2.2757,-0.038452,0
-0.0090027,-0.007019,0.0079346,1.8206,-0.036011,0
-0.0073242,-0.0085449,-0.011292,1.8206,-0.043335,0
-0.00045776,-0.013733,-0.036011,2.7309,-0.053406,0
0.0059509,-0.020905,-0.053253,2.0482,-0.062561,0
0.0090027,-0.026398,-0.059052,2.7309,-0.062561,0
0.009613,-0.025635,-0.060883,2.5033,-0.059204,0
0.012512,-0.02121,-0.063171,2.9584,-0.049133,0
0.015106,-0.019379,-0.059052,2.2757,-0.038147,0
0.011902,-0.0177,-0.045166,2.7309,-0.032043,0
0.012817,-0.014191,-0.027466,2.0482,-0.032349,0
0.01358,-0.0088501,-0.014496,2.0482,-0.040283,0
0.011139,-0.0041199,-0.0082397,2.0482,-0.046997,0
0.0082397,0,-0.0019836,1.8206,-0.048828,0
0.0085449,0.0057983,0.0065613,2.2757,-0.045471,0
0.0093079,0.010529,0.014343,2.2757,-0.04303,0
0.011139,0.015717,0.019073,2.7309,-0.040283,0
0.012665,0.019379,0.019989,2.5033,-0.039978,0
0.011597,0.019989,0.019073,3.186,-0.039062,0
0.0074768,0.018311,0.024567,2.0482,-0.0354,0
0.0064087,0.016022,0.031433,2.9584,-0.035095,0
0.0061035,0.016327,0.046539,2.9584,-0.034485,0
0.0030518,0.015259,0.070038,3.4135,-0.035095,0
-0.00091553,0.01236,0.086823,2.7309,-0.03479,0
0.0010681,0.010376,0.08728,2.5033,-0.033875,0
0.0065613,0.0080872,0.077667,2.5033,-0.032959,0
0.010529,0.0048828,0.072784,2.7309,-0.035095,0
0.013733,0.0056458,0.071564,2.5033,-0.039062,0
0.018463,0.010529,0.06073,2.7309,-0.041504,0
0.019226,0.014343,0.049286,2.2757,-0.043945,0
0.016785,0.016479,0.050354,2.9584,-0.042419,0
0.010071,0.017242,0.063171,2.2757,-0.041504,0
0.0038147,0.016785,0.073242,2.2757,-0.041504,0
-0.00076294,0.014648,0.069733,2.7309,-0.04303,0
-0.0013733,0.0091553,0.053101,3.186,-0.047302,0
-0.0024414,0.0019836,0.036774,2.9584,-0.050354,0
-0.0059509,-0.0018311,0.026855,2.2757,-0.050049,0
-0.0093079,-0.0047302,0.015411,2.5033,-0.047913,0
-0.0085449,-0.0053406,-0.0010681,2.5033,-0.049744,0
-0.009613,-0.0033569,-0.015411,2.2757,-0.052795,0
-0.0099182,-0.0050354,-0.020752,2.2757,-0.055847,0
-0.0088501,-0.0067139,-0.026855,2.5033,-0.051575,0
-0.0079346,-0.0068665,-0.037994,2.0482,-0.042725,0
-0.0094604,-0.0028992,-0.048676,2.5033,-0.032959,0
-0.011444,0.0028992,-0.054016,2.5033,-0.027771,0
-0.010834,0.0030518,-0.051727,2.2757,-0.025024,0
-0.0090027,-0.0012207,-0.045471,1.8206,-0.026245,0
-0.0079346,-0.0076294,-0.042419,2.2757,-0.029297,0
-0.0053406,-0.010681,-0.045166,1.8206,-0.036621,0
0.0016785,-0.012207,-0.047302,2.2757,-0.040894,0
0.010986,-0.010529,-0.044403,2.2757,-0.04303,0
0.011902,-0.0053406,-0.042114,2.5033,-0.039978,0
0.0048828,0.00076294,-0.036163,2.2757,-0.034485,0
-0.0054932,0.0054932,-0.013275,2.5033,-0.029297,0
-0.010834,0.0099182,0.018311,2.2757,-0.024414,0
-0.0088501,0.012512,0.041199,2.5033,-0.020447,0
-0.0054932,0.011749,0.046844,2.5033,-0.019226,0
-0.0035095,0.0086975,0.040741,2.7309,-0.022583,0
-0.0047302,0.0042725,0.037842,2.9584,-0.027466,0
-0.010376,0.0035095,0.044708,3.186,-0.031128,0
-0.016785,0.0038147,0.048981,2.2757,-0.029602,0
-0.019684,0.0032043,0.045929,2.7309,-0.023499,0
-0.019836,0.0019836,0.037537,2.5033,-0.014954,0
-0.015411,-0.0012207,0.033112,2.7309,-0.007019,0
-0.010376,-0.0024414,0.038452,2.9584,-0.0045776,0
-0.0082397,0.0018311,0.050812,2.7309,-0.0067139,0
-0.0054932,0.007019,0.061188,2.9584,-0.0067139,0
0.0041199,0.0073242,0.065918,2.9584,0.0030518,0
0.012512,0.0047302,0.06546,3.186,0.016785,0
0.0099182,0.0012207,0.05661,3.6411,0.027161,0
-0.0059509,-0.005188,0.040741,2.5033,0.03418,0
-0.022278,-0.010071,0.028381,2.2757,0.042419,0
-0.028381,-0.011292,0.027008,2.0482,0.053711,0
-0.02594,-0.011597,0.034027,2.5033,0.059509,0
-0.016022,-0.0059509,0.040436,2.5033,0.057983,0
-0.0010681,0.0021362,0.041809,2.0482,0.056152,0
0.0054932,0.005188,0.04425,2.9584,0.061035,0
0.0050354,0.0048828,0.04837,2.7309,0.075073,0
0.0030518,0.0053406,0.048218,2.0482,0.096741,0
0.0038147,0.002594,0.037537,2.7309,0.12146,0
0.0071716,-0.0050354,0.010223,2.5033,0.13794,0
0.010376,-0.010986,-0.022736,2.0482,0.13855,0
0.01358,-0.013275,-0.044861,2.0482,0.1297,0
0.017853,-0.013885,-0.054474,1.8206,0.11749,0
0.02594,-0.012665,-0.049896,2.2757,0.10712,0
0.032196,-0.013885,-0.03479,2.7309,0.10101,0
0.026398,-0.014343,-0.014648,2.5033,0.1004,0
0.012207,-0.014191,0.00091553,1.8206,0.10529,0
0.0074768,-0.015106,0.0064087,2.5033,0.10773,0
0.0088501,-0.018158,0.010986,2.0482,0.10437,0
0.014038,-0.018463,0.024109,2.5033,0.097046,0
0.017548,-0.015106,0.039062,2.2757,0.088196,0
0.019989,-0.011139,0.04425,2.5033,0.083313,0
0.016327,-0.0083923,0.039825,2.7309,0.080566,0
0.011292,-0.007782,0.038757,3.186,0.079956,0
0.0062561,-0.010376,0.038452,2.5033,0.083313,0
0.0045776,-0.014954,0.03479,2.2757,0.086365,0
0.0056458,-0.014648,0.036469,2.0482,0.085144,0
0.0028992,-0.011444,0.046844,2.2757,0.079651,0
-0.0027466,-0.0083923,0.054169,1.8206,0.071411,0
-0.0086975,-0.0059509,0.044861,2.7309,0.065308,0
-0.01236,-0.0047302,0.02182,2.7309,0.061951,0
-0.0079346,-0.0032043,0.0091553,3.186,0.057068,0
0,-0.00091553,0.011292,2.9584,0.050964,0
0.0019836,-0.00061035,0.01297,2.0482,0.046692,0
0.00076294,0.00030518,0.0080872,2.2757,0.043945,0
0.0013733,0.0035095,0.0027466,2.7309,0.042114,0
0.0030518,0.0079346,0.0022888,2.5033,0.040588,0
0.0033569,0.012054,0.0054932,2.9584,0.040283,0
-0.0016785,0.010834,0.010529,2.9584,0.036926,0
-0.005188,0.0088501,0.018005,2.5033,0.032654,0
-0.0083923,0.0047302,0.029449,2.2757,0.025635,0
-0.0059509,0.0027466,0.038605,2.2757,0.013733,0
-0.0015259,0.0016785,0.046539,2.5033,0.00091553,0
-0.0041199,0.0013733,0.059509,2.7309,-0.010681,0
-0.012817,0.0016785,0.067291,2.0482,-0.023193,0
-0.016632,0.0021362,0.067596,2.5033,-0.035095,0
-0.014801,0.0038147,0.065002,2.5033,-0.043335,0
-0.016632,0.010376,0.06485,2.2757,-0.049744,0
-0.018616,0.020294,0.059967,2.5033,-0.051575,0
-0.016785,0.027466,0.052185,2.0482,-0.05188,0
-0.01709,0.026245,0.04837,2.7309,-0.052795,0
-0.017548,0.020752,0.05661,2.0482,-0.05188,0
-0.014038,0.017548,0.074921,1.8206,-0.052795,0
-0.010529,0.020599,0.090942,2.0482,-0.055847,0
-0.0094604,0.025177,0.095215,2.2757,-0.06012,0
-0.0047302,0.024109,0.084229,2.5033,-0.063477,0
0.0015259,0.02121,0.056152,2.9584,-0.067749,0
0.007019,0.02121,0.019684,2.2757,-0.070801,0
0.0091553,0.021515,-0.0053406,2.7309,-0.072632,0
0.015717,0.018463,-0.013885,2.9584,-0.072327,0
0.021057,0.011902,-0.017548,1.8206,-0.071106,0
0.022278,0.0057983,-0.021667,2.7309,-0.06897,0
0.021362,0.0033569,-0.024261,2.5033,-0.07019,0
0.017853,0.00015259,-0.022736,2.2757,-0.070801,0
0.014343,-0.0062561,-0.023956,2.2757,-0.075684,0
0.015869,-0.010529,-0.035706,2.2757,-0.078735,0
0.020599,-0.011444,-0.045013,2.9584,-0.079651,0
0.017853,-0.012665,-0.040588,3.186,-0.077209,0
0.010071,-0.011444,-0.027771,2.9584,-0.075073,0
0.00076294,-0.007782,-0.017548,2.2757,-0.075073,0
-0.0042725,-0.0048828,-0.014648,2.9584,-0.078125,0
-0.0068665,-0.0021362,-0.011139,2.9584,-0.085144,0
-0.007782,0.004425,0.0024414,2.7309,-0.094299,0
-0.0061035,0.012207,0.017853,2.5033,-0.10101,0
-0.0056458,0.018005,0.030365,2.7309,-0.10803,0
-0.0033569,0.017853,0.046692,2.5033,-0.11353,0
-0.0018311,0.0094604,0.061951,2.2757,-0.11841,0
-0.002594,0.00061035,0.057526,2.9584,-0.12024,0
-0.0064087,-0.0022888,0.040436,2.5033,-0.12299,0
-0.010986,-0.0012207,0.032959,2.5033,-0.12665,0
-0.012665,-0.0013733,0.03418,3.186,-0.13,0
-0.014038,-0.0021362,0.039673,2.5033,-0.13519,0
-0.014191,-0.0038147,0.046387,2.5033,-0.14191,0
-0.010529,-0.0047302,0.042572,2.7309,-0.14862,0
-0.0068665,-0.0036621,0.027313,1.1379,-0.15503,0
-0.0039673,-0.0039673,0.013428,2.0482,-0.15778,0
-0.0012207,-0.0088501,0.011444,2.0482,-0.15869,0
0.0021362,-0.011749,0.018463,2.5033,-0.159,0
0.0021362,-0.009613,0.030518,2.0482,-0.15869,0
-0.0010681,-0.005188,0.042267,1.8206,-0.16205,0
-0.0024414,-0.0024414,0.053711,2.2757,-0.16693,0
-0.0030518,0.0022888,0.06897,2.7309,-0.16968,0
-0.0030518,0.010071,0.077057,2.7309,-0.17242,0
-0.0013733,0.011902,0.066986,1.8206,-0.1712,0
0.0010681,0.0099182,0.0383,2.0482,-0.16693,0
0.0030518,0.0074768,0.0076294,2.2757,-0.16266,0
0.0039673,0.0048828,-0.0097656,2.2757,-0.15625,0
0.0038147,0.0032043,-0.017395,2.2757,-0.15076,0
0.0048828,0.0053406,-0.020599,2.2757,-0.14862,0
0.0094604,0.0054932,-0.023041,2.5033,-0.15045,0
0.01358,0.0015259,-0.020447,2.9584,-0.15106,0
0.011444,-0.00091553,-0.010986,2.2757,-0.15198,0
0.0079346,-0.0016785,0.010834,2.0482,-0.14862,0
0.0073242,-0.0016785,0.036926,2.7309,-0.14374,0
0.012207,0,0.054932,2.2757,-0.13672,0
0.017242,0.004425,0.059509,2.9584,-0.12939,0
0.020447,0.0073242,0.050964,2.9584,-0.1239,0
0.023804,0.0088501,0.038452,3.186,-0.11688,0
0.020752,0.011444,0.0354,2.5033,-0.1123,0
0.015106,0.012665,0.042114,2.9584,-0.10895,0
0.013885,0.014801,0.039673,2.7309,-0.10345,0
0.012207,0.017242,0.018921,3.186,-0.098572,0
0.0083923,0.014954,-0.0013733,2.9584,-0.094299,0
0.0042725,0.0053406,-0.010376,2.5033,-0.088806,0
-0.0038147,-0.0041199,-0.011902,2.9584,-0.079651,0
-0.0083923,-0.0056458,-0.0085449,2.9584,-0.067444,0
-0.0083923,-0.0028992,0.0028992,2.7309,-0.053406,0
-0.0048828,-0.0010681,0.015106,2.7309,-0.039368,0
-0.0036621,-0.0015259,0.014954,3.186,-0.027771,0
-0.005188,-0.0028992,0.0076294,2.7309,-0.020447,0
-0.011139,-0.0065613,-0.0024414,2.7309,-0.013733,0
-0.0094604,-0.013733,-0.0090027,2.7309,-0.0094604,0
-0.0065613,-0.015411,-0.0093079,2.2757,-0.0048828,0
-0.0038147,-0.013733,-0.010223,1.8206,-0.00030518,0
-0.0035095,-0.013123,-0.012054,2.2757,0.0024414,0
-0.0061035,-0.012207,-0.0094604,2.5033,0.005188,0
-0.007782,-0.010681,-0.0086975,2.2757,0.0088501,0
-0.0079346,-0.0093079,-0.015869,2.2757,0.012207,0
-0.0093079,-0.0071716,-0.017395,2.2757,0.015564,0
-0.0080872,-0.0027466,-0.0091553,2.7309,0.019836,0
-0.0030518,0.00015259,-0.0048828,2.2757,0.021667,0
0.0019836,0.0027466,-0.0090027,1.8206,0.024414,0
0.0015259,0.0018311,-0.011597,1.8206,0.028076,0
-0.0062561,-0.0028992,-0.0064087,1.3655,0.0354,0
-0.015411,-0.002594,-0.00030518,1.1379,0.042725,0
-0.029907,0.0018311,0.0019836,2.2757,0.051575,0
-0.035248,0.0027466,-0.0079346,2.9584,0.060425,0
-0.030365,0.0013733,-0.024719,2.9584,0.068665,0
-0.010223,0.0041199,-0.037384,2.5033,0.075073,0
0.023346,0.0082397,-0.036469,2.0482,0.079956,0
0.049591,0.011292,-0.022278,2.0482,0.080566,0
0.055847,0.010223,-0.0064087,2.0482,0.080261,0
0.046082,0.004425,-0.010529,2.9584,0.078125,0
0.032654,-0.0033569,-0.031128,2.9584,0.077209,0
0.022736,-0.0094604,-0.049744,2.7309,0.075073,0
0.020142,-0.012207,-0.060577,2.9584,0.073242,0
0.011749,-0.0097656,-0.068817,2.5033,0.071716,0
0.0054932,-0.0054932,-0.067596,2.2757,0.074158,0
0.002594,-0.0019836,-0.057678,2.7309,0.075684,0
-0.0018311,-0.0048828,-0.043488,2.5033,0.076599,0
-0.010071,-0.011292,-0.026245,2.7309,0.079346,0
-0.012665,-0.014343,-0.0062561,2.7309,0.080261,0
-0.011292,-0.014343,0.00030518,2.9584,0.079956,0
-0.0085449,-0.017853,-0.013885,3.6411,0.080872,0
-0.0045776,-0.023346,-0.03067,2.9584,0.080872,0
-0.00091553,-0.022583,-0.0383,2.7309,0.082092,0
-0.0047302,-0.018616,-0.044708,2.7309,0.083313,0
-0.0062561,-0.012665,-0.054169,1.8206,0.083618,0
-0.0028992,-0.0086975,-0.060883,2.5033,0.083618,0
0.00045776,-0.0062561,-0.063934,2.7309,0.085449,0
0.0016785,-0.0016785,-0.066528,2.0482,0.086365,0
0.0013733,0.0032043,-0.071564,2.2757,0.081482,0
-0.0036621,0.0059509,-0.081329,1.8206,0.073242,0
-0.011749,0.0067139,-0.096893,2.7309,0.063171,0
-0.01709,0.0073242,-0.10742,2.7309,0.055847,0
-0.014343,0.0086975,-0.1001,2.9584,0.055237,0
-0.0061035,0.0086975,-0.081177,3.186,0.06012,0
-0.007782,0.0053406,-0.071716,2.2757,0.066223,0
-0.0093079,0.00045776,-0.07309,2.0482,0.070496,0
-0.0033569,-0.0045776,-0.069733,2.0482,0.073242,0
0.0036621,-0.013123,-0.057068,2.0482,0.072632,0
0.0076294,-0.02182,-0.043793,2.0482,0.072021,0
0.0067139,-0.024567,-0.042267,2.2757,0.071411,0
0.0036621,-0.023956,-0.054626,2.2757,0.071106,0
0.0028992,-0.021667,-0.06134,2.0482,0.070801,0
0.005188,-0.019379,-0.053253,2.5033,0.071716,0
0.01236,-0.019989,-0.047302,2.0482,0.069275,0
0.0093079,-0.017548,-0.056152,2.9584,0.064392,0
0.0061035,-0.014496,-0.079956,2.5033,0.057678,0
0.0079346,-0.013885,-0.093231,1.8206,0.053101,0
0.011597,-0.012817,-0.084229,2.2757,0.047913,0
0.0082397,-0.016937,-0.069427,1.5931,0.044556,0
0.0012207,-0.02594,-0.052338,2.2757,0.042114,0
-0.00076294,-0.03006,-0.028839,2.9584,0.041199,0
-0.00045776,-0.022736,-0.0028992,2.0482,0.040894,0
0.0033569,-0.013123,0.011749,2.5033,0.038452,0
0.013885,-0.0099182,0.0036621,2.5033,0.037231,0
0.020599,-0.011749,-0.017395,2.7309,0.036926,0
0.018768,-0.0093079,-0.020294,2.9584,0.039978,0
0.015564,0.00076294,-0.0022888,3.186,0.04425,0
0.012512,0.0093079,0.025024,2.9584,0.045166,0
0.010681,0.0094604,0.061035,2.2757,0.043945,0
0.010529,0.0086975,0.089569,2.5033,0.042419,0
0.0073242,0.016022,0.10178,1.8206,0.040283,0
-0.00076294,0.030212,0.10635,1.5931,0.038147,0
-0.0042725,0.039062,0.1088,2.2757,0.036316,0
-0.0030518,0.035858,0.1004,2.7309,0.032349,0
-0.0061035,0.026398,0.087891,2.7309,0.030212,0
-0.0086975,0.014191,0.0914,2.5033,0.02655,0
-0.007019,0.0074768,0.09491,2.5033,0.023804,0
-0.0036621,0.010529,0.079041,2.0482,0.019531,0
0.0015259,0.016022,0.04837,2.5033,0.015259,0
0.0053406,0.013428,0.015259,2.7309,0.0085449,0
0.004425,0.0074768,-0.0032043,1.8206,0.0042725,0
-0.00061035,0.00091553,0,2.2757,0.00091553,0
-0.0073242,-0.0021362,0.010223,1.8206,-0.0042725,0
-0.012665,0.0012207,0.018921,2.0482,-0.010376,0
-0.0088501,0.0076294,0.019073,2.0482,-0.018005,0
0.0013733,0.0074768,0.016785,2.2757,-0.024109,0
0.010681,0.0036621,0.016632,2.0482,-0.028381,0
0.013275,0,0.0054932,2.0482,-0.02655,0
0.0073242,-0.0036621,-0.014038,2.2757,-0.022278,0
-0.0019836,-0.0088501,-0.021973,2.5033,-0.01709,0
-0.009613,-0.014801,-0.027313,2.0482,-0.013123,0
-0.015106,-0.019379,-0.046082,2.2757,-0.016785,0
-0.013885,-0.024261,-0.062561,2.2757,-0.021667,0
-0.0083923,-0.027924,-0.060883,2.0482,-0.030212,0
-0.0039673,-0.027313,-0.053711,2.0482,-0.039062,0
0.00030518,-0.024414,-0.050354,2.2757,-0.046082,0
0.0028992,-0.020752,-0.044708,2.2757,-0.049744,0
0.0021362,-0.015106,-0.03418,1.8206,-0.052185,0
-0.0027466,-0.0062561,-0.018158,2.2757,-0.050354,0
-0.0064087,-0.0028992,0.0039673,2.0482,-0.047302,0
-0.0038147,-0.0024414,0.019989,2.2757,-0.041199,0
0.0053406,0.00015259,0.016174,2.5033,-0.036011,0
0.016327,0.0048828,-0.0030518,2.9584,-0.031128,0
0.018158,0.0080872,-0.021515,2.5033,-0.026245,0
0.01297,0.011902,-0.027771,2.0482,-0.021667,0
0.013123,0.019684,-0.023804,2.9584,-0.018005,0
0.012817,0.030212,-0.016327,2.2757,-0.013428,0
0.0064087,0.032043,-0.0024414,2.0482,-0.010681,0
-0.005188,0.026855,0.0036621,2.7309,-0.0061035,0
-0.014191,0.022278,-0.0093079,2.5033,-0.0033569,0
-0.018311,0.015564,-0.031586,2.9584,-0.00061035,0
-0.016785,0.0056458,-0.050354,2.5033,0.00091553,0
-0.014191,-0.0013733,-0.067596,2.0482,0.0012207,0
-0.00091553,0.00045776,-0.063934,2.7309,0.0018311,0
0.017242,0.011749,-0.032501,2.2757,0,0
0.025482,0.018311,-0.0067139,1.8206,-0.0015259,0
0.018158,0.014038,-0.0010681,2.5033,-0.0033569,0
0.0082397,0.0094604,-0.0018311,2.2757,-0.0061035,0
0,0.0050354,-0.0065613,2.5033,-0.010376,0
-0.0062561,-0.004425,-0.014038,2.2757,-0.016479,0
-0.012207,-0.015106,-0.019989,2.9584,-0.021057,0
-0.016022,-0.018311,-0.016937,2.9584,-0.022888,0
-0.014801,-0.015411,0.00030518,2.5033,-0.024719,0
-0.0057983,-0.0079346,0.01709,1.8206,-0.02655,0
-0.0021362,-0.0018311,0.027618,2.0482,-0.028381,0
-0.0035095,-0.0018311,0.037231,2.0482,-0.030823,0
-0.0050354,-0.0056458,0.048981,2.5033,-0.030212,0
-0.005188,-0.0073242,0.057068,2.0482,-0.030212,0
-0.0021362,-0.0057983,0.050507,2.2757,-0.030212,0
0.00076294,-0.0032043,0.029755,1.8206,-0.032043,0
0.0022888,-0.0018311,0.0097656,1.8206,-0.033569,0
-0.0024414,-0.00091553,-0.0021362,1.1379,-0.036621,0
-0.0080872,0.0027466,-0.0099182,2.2757,-0.038147,0
-0.011139,0.0080872,-0.010986,1.8206,-0.039368,0
-0.0097656,0.012817,-0.0038147,2.2757,-0.038757,0
-0.010223,0.016174,0.0032043,2.0482,-0.038452,0
-0.012665,0.017853,0.00091553,2.5033,-0.039062,0
-0.011444,0.018158,-0.0068665,2.5033,-0.037231,0
-0.0073242,0.019073,-0.0080872,2.5033,-0.037231,0
-0.0024414,0.018921,-0.0082397,2.9584,-0.035095,0
0.00045776,0.018921,-0.013885,2.2757,-0.036011,0
-0.0013733,0.02121,-0.017395,2.9584,-0.039673,0
-0.0022888,0.02655,-0.010529,2.5033,-0.045471,0
-0.0010681,0.034332,0.0099182,2.5033,-0.049133,0
0.00030518,0.039062,0.027466,2.2757,-0.050049,0
-0.0013733,0.040894,0.032654,2.9584,-0.048828,0
-0.0041199,0.044098,0.025787,2.7309,-0.047913,0
-0.0032043,0.041046,0.011902,2.9584,-0.050354,0
-0.00015259,0.032501,0.0015259,2.7309,-0.053711,0
0.0010681,0.021362,0.0050354,2.5033,-0.057068,0
-0.0012207,0.010223,0.021667,2.7309,-0.061951,0
-0.004425,0.0024414,0.042267,2.9584,-0.065613,0
-0.0054932,-0.0032043,0.062561,2.7309,-0.070496,0
-0.0054932,-0.0090027,0.074005,2.5033,-0.075684,0
-0.0018311,-0.018158,0.077362,2.7309,-0.075378,0
0.0019836,-0.028076,0.068817,2.9584,-0.074158,0
0.00030518,-0.031586,0.041809,2.5033,-0.071411,0
-0.0086975,-0.031128,0.0099182,2.9584,-0.068665,0
-0.018005,-0.033264,-0.0094604,2.9584,-0.067444,0
-0.018463,-0.0354,-0.01709,2.0482,-0.069275,0
-0.011139,-0.032654,-0.0093079,2.5033,-0.072632,0
0.0094604,-0.029907,0.014954,2.2757,-0.076294,0
0.029602,-0.028839,0.023193,2.2757,-0.079041,0
0.033569,-0.031891,0.0032043,2.0482,-0.075989,0
0.020294,-0.036316,-0.029144,1.8206,-0.069275,0
0.013733,-0.040283,-0.051727,1.8206,-0.06134,0
0.013733,-0.041962,-0.055542,1.8206,-0.055237,0
0.018158,-0.034943,-0.049438,2.7309,-0.052795,0
0.018921,-0.030518,-0.041962,2.0482,-0.053406,0
0.016327,-0.032806,-0.040283,2.7309,-0.054321,0
0.015869,-0.038452,-0.042572,2.9584,-0.055847,0
0.014801,-0.045319,-0.044861,2.5033,-0.057678,0
0.012817,-0.053253,-0.042419,2.5033,-0.061035,0
0.015106,-0.056,-0.037842,2.7309,-0.066833,0
0.015869,-0.047607,-0.034332,2.2757,-0.071411,0
0.014801,-0.035858,-0.03006,2.2757,-0.073547,0
0.0093079,-0.032806,-0.017853,2.0482,-0.072937,0
0.0061035,-0.037079,-0.00061035,1.8206,-0.07019,0
0.0064087,-0.036621,0.017853,2.0482,-0.067139,0
0.0080872,-0.031281,0.034485,2.9584,-0.065613,0
0.0054932,-0.030365,0.054321,2.9584,-0.064392,0
0.00091553,-0.028534,0.082245,2.9584,-0.062256,0
-0.0032043,-0.014343,0.10101,2.0482,-0.057678,0
-0.007019,0.0047302,0.10742,2.5033,-0.055542,0
-0.0071716,0.022736,0.11017,2.9584,-0.054626,0
-0.004425,0.040741,0.10559,2.5033,-0.054321,0
-0.0016785,0.055389,0.078278,2.7309,-0.056763,0
-0.00076294,0.051575,0.031128,3.186,-0.061035,0
-0.00091553,0.031433,-0.0061035,2.9584,-0.067749,0
-0.0036621,0.01297,-0.015717,2.7309,-0.069885,0
-0.0036621,0.0057983,-0.0091553,2.9584,-0.072021,0
-0.0086975,0.0027466,0.00045776,2.5033,-0.077209,0
-0.016479,-0.0018311,0.00091553,2.5033,-0.08667,0
-0.020447,-0.009613,-0.0036621,2.7309,-0.093689,0
-0.015564,-0.01709,0.0097656,2.2757,-0.092468,0
-0.0083923,-0.019684,0.049133,2.5033,-0.083618,0
-0.0027466,-0.02243,0.093536,2.7309,-0.071106,0
0.00030518,-0.023041,0.12939,2.7309,-0.065308,0
-0.0015259,-0.017242,0.14862,2.2757,-0.071411,0
-0.0042725,-0.010834,0.14557,1.8206,-0.082092,0
-0.0027466,-0.0083923,0.12589,1.3655,-0.085754,0
0.0033569,-0.010071,0.10742,2.5033,-0.078735,0
0.0074768,-0.0071716,0.09964,2.0482,-0.066528,0
0.0059509,-0.0042725,0.087128,2.2757,-0.058289,0
0.0062561,-0.0079346,0.063629,2.5033,-0.057068,0
0.0074768,-0.013733,0.036926,1.3655,-0.056152,0
0.00030518,-0.015869,0.018311,2.0482,-0.050964,0
-0.010376,-0.013428,0.007019,2.0482,-0.043335,0
-0.016022,-0.012054,-0.002594,2.9584,-0.036011,0
-0.015259,-0.016632,-0.0064087,2.7309,-0.031433,0
-0.0093079,-0.019989,-0.0067139,2.5033,-0.028381,0
-0.0047302,-0.016785,-0.004425,2.5033,-0.025024,0
0.0028992,-0.011597,0.0073242,2.0482,-0.022278,0
0.010834,-0.0083923,0.031128,1.8206,-0.018616,0
0.012817,-0.0045776,0.055847,2.2757,-0.014343,0
0.0090027,0.0039673,0.068054,2.0482,-0.0076294,0
0.004425,0.010071,0.068359,2.9584,-0.0039673,0
0.0054932,0.0097656,0.058899,2.9584,-0.0048828,0
0.010834,0.0093079,0.043793,2.5033,-0.010376,0
0.0093079,0.016327,0.032654,2.5033,-0.013733,0
0.00045776,0.02533,0.020752,2.9584,-0.013428,0
-0.011749,0.030212,0.007019,2.2757,-0.0073242,0
-0.017853,0.035706,0.0042725,2.5033,0.0054932,0
-0.012817,0.036163,0.011902,2.5033,0.020447,0
-0.004425,0.033417,0.020142,2.2757,0.033875,0
-0.0032043,0.033875,0.025635,2.2757,0.045471,0
-0.0047302,0.032349,0.013885,2.2757,0.05188,0
-0.0082397,0.030823,-0.013428,2.5033,0.057068,0
-0.0085449,0.031128,-0.029144,2.9584,0.062866,0
-0.0088501,0.030212,-0.02594,2.5033,0.064697,0
-0.0035095,0.024109,-0.014801,2.7309,0.062561,0
-0.0013733,0.020142,-0.0016785,2.5033,0.055237,0
-0.0019836,0.022278,0.0042725,2.7309,0.047607,0
-0.00061035,0.021362,0.00045776,2.7309,0.042725,0
0.0012207,0.016479,-0.0056458,2.2757,0.043335,0
0.0067139,0.014648,-0.0094604,2.7309,0.046387,0
0.0099182,0.015259,-0.011139,3.186,0.049744,0
0.0062561,0.013123,-0.017395,3.186,0.052795,0
0.0035095,0.012054,-0.027161,2.7309,0.057068,0
0.0042725,0.012665,-0.042267,2.7309,0.070801,0
-0.00045776,0.011597,-0.061493,3.186,0.095215,0
-0.0050354,0.0086975,-0.070038,2.9584,0.11841,0
-0.0036621,0.0053406,-0.053558,2.5033,0.12421,0
0.002594,0.0054932,-0.028229,2.2757,0.11108,0
0.0028992,0.007782,-0.016632,2.7309,0.088806,0
0.0027466,0.007782,-0.015106,2.2757,0.071106,0
0.0090027,0.0048828,-0.011902,2.7309,0.064697,0
0.019226,-0.0035095,-0.011139,2.2757,0.063477,0
0.024414,-0.0085449,-0.015259,1.8206,0.065308,0
0.02121,-0.0042725,-0.02182,2.0482,0.062866,0
0.0177,0.0021362,-0.021667,2.2757,0.055847,0
0.013123,0.0019836,-0.01709,2.5033,0.048828,0
0.0062561,0.0012207,-0.02121,2.5033,0.048828,0
0.00030518,0.010986,-0.027771,2.0482,0.05188,0
-0.0019836,0.024109,-0.013275,1.8206,0.056152,0
-0.00061035,0.026855,0.016174,2.0482,0.059814,0
0.0039673,0.021667,0.03479,2.2757,0.061035,0
0.007782,0.018463,0.03418,2.0482,0.060425,0
0.0067139,0.015869,0.037079,2.2757,0.057373,0
0.0041199,0.0094604,0.05127,2.7309,0.056458,0
0.0057983,0.002594,0.048828,2.7309,0.057373,0
0.009613,0.0021362,0.023346,2.2757,0.063477,0
0.010529,0.0067139,-0.0074768,2.7309,0.070801,0
0.0053406,0.010529,-0.031586,2.9584,0.074463,0
0.0028992,0.011292,-0.040436,2.2757,0.075684,0
0.0036621,0.0086975,-0.039673,2.2757,0.076599,0
0.0059509,0.0059509,-0.04715,2.2757,0.079651,0
0.0080872,0.0054932,-0.059357,2.7309,0.085144,0
0.0086975,0.0067139,-0.062103,2.9584,0.093384,0
0.007782,0.0045776,-0.059509,2.9584,0.10132,0
0.0067139,-0.0042725,-0.063934,2.7309,0.10529,0
0.0045776,-0.0097656,-0.077667,2.5033,0.10498,0
-0.00030518,-0.010834,-0.093994,2.0482,0.10071,0
-0.0042725,-0.012512,-0.1062,2.7309,0.09491,0
-0.0061035,-0.011292,-0.10162,2.5033,0.088806,0
-0.0012207,-0.0054932,-0.076294,3.186,0.083008,0
0.0028992,0.00015259,-0.059662,3.186,0.07843,0
0.005188,0,-0.068207,2.9584,0.073547,0
0.0036621,-0.0042725,-0.084381,2.2757,0.066833,0
0.0022888,-0.0053406,-0.090179,2.5033,0.062866,0
0.00076294,-0.0067139,-0.079041,2.5033,0.06073,0
0.00045776,-0.009613,-0.06485,2.5033,0.061951,0
-0.0035095,-0.0097656,-0.056915,1.8206,0.059509,0
-0.0080872,-0.0050354,-0.050812,1.8206,0.056152,0
-0.010376,-0.004425,-0.040131,1.8206,0.053101,0
-0.011444,-0.012665,-0.036774,1.8206,0.050964,0
-0.010834,-0.021362,-0.051117,2.0482,0.05127,0
-0.0086975,-0.022583,-0.071564,2.0482,0.048523,0
-0.0062561,-0.016479,-0.079803,2.2757,0.046997,0
-0.0057983,-0.010376,-0.070648,2.2757,0.04425,0
-0.0061035,-0.0053406,-0.05188,2.0482,0.04364,0
-0.00015259,0.0041199,-0.039368,2.2757,0.048828,0
-0.0018311,0.019226,-0.032349,3.186,0.059509,0
-0.0090027,0.033264,-0.021362,2.5033,0.070496,0
-0.01358,0.034637,-0.011292,2.2757,0.069885,0
-0.016632,0.028534,-0.00015259,1.8206,0.057373,0
-0.015259,0.025177,0.012817,1.5931,0.036926,0
-0.0085449,0.025787,0.022125,1.5931,0.020447,0
-0.004425,0.024109,0.019379,2.2757,0.010071,0
-0.0035095,0.024261,0.0015259,2.5033,0.0045776,0
-0.0039673,0.025635,-0.016327,2.2757,0.0021362,0
0.0019836,0.024414,-0.027313,2.2757,0.00030518,0
0.0097656,0.023041,-0.035858,2.7309,-0.0021362,0
0.01236,0.021515,-0.041504,2.2757,-0.0067139,0
0.0035095,0.023499,-0.045013,2.2757,-0.013428,0
-0.010071,0.026855,-0.039825,2.5033,-0.022278,0
-0.022583,0.024414,-0.019226,2.0482,-0.036316,0
-0.027466,0.020294,0.0012207,2.2757,-0.045776,0
-0.022278,0.020447,0.0090027,2.5033,-0.047302,0
-0.0090027,0.018768,0.0094604,3.186,-0.040894,0
-0.00061035,0.013275,0.015564,2.9584,-0.029907,0
0.0050354,0.0054932,0.028839,2.9584,-0.018616,0
0.0093079,0.00045776,0.032501,3.186,-0.015259,0
0.0093079,-0.0010681,0.026398,2.5033,-0.024109,0
0.0057983,0.0012207,0.020142,2.5033,-0.038757,0
0.0019836,0.0053406,0.018463,2.9584,-0.052795,0
0.0061035,0.011902,0.014343,2.5033,-0.06134,0
0.0065613,0.018768,0.0027466,2.5033,-0.063477,0
0.0047302,0.014954,-0.0088501,2.5033,-0.065002,0
0.0013733,-0.00045776,-0.0094604,2.7309,-0.062561,0
0.00015259,-0.011902,-0.011902,2.2757,-0.059204,0
0.0012207,-0.011749,-0.022888,2.0482,-0.059814,0
0,-0.0018311,-0.027771,2.2757,-0.067444,0
-0.0018311,0.0036621,-0.015869,2.0482,-0.080566,0
-0.0010681,-0.00061035,0.0022888,2.9584,-0.090332,0
-0.002594,-0.0047302,0.016022,2.2757,-0.09552,0
-0.004425,-0.0086975,0.023956,2.2757,-0.093994,0
-0.0080872,-0.013885,0.028992,2.2757,-0.08667,0
-0.0071716,-0.017853,0.028992,2.5033,-0.080566,0
-0.0053406,-0.013123,0.036621,2.0482,-0.077209,0
-0.0018311,-0.0038147,0.065613,2.2757,-0.079956,0
0.0024414,0.0016785,0.10254,2.2757,-0.083618,0
0.0073242,0.0054932,0.12299,2.0482,-0.084229,0
0.010223,0.0035095,0.12543,1.8206,-0.080872,0
0.011444,-0.007782,0.12451,2.0482,-0.074158,0
0.011444,-0.018311,0.112,2.5033,-0.068359,0
0.0083923,-0.021973,0.079193,2.5033,-0.068054,0
0.007019,-0.019684,0.050507,2.0482,-0.069275,0
0.004425,-0.016022,0.05249,2.5033,-0.071106,0
-0.0030518,-0.017242,0.076599,3.4135,-0.075378,0
-0.016937,-0.020294,0.099945,2.7309,-0.077209,0
-0.032349,-0.018158,0.10391,2.9584,-0.080261,0
-0.048218,-0.010681,0.0914,2.2757,-0.081787,0
-0.048676,-0.0097656,0.078583,3.186,-0.085754,0
-0.027161,-0.018005,0.071259,2.0482,-0.090942,0
0.00091553,-0.024261,0.075836,2.5033,-0.094299,0
0.022583,-0.029449,0.093994,2.9584,-0.096436,0
0.027466,-0.036011,0.10422,2.9584,-0.098267,0
0.019836,-0.036621,0.084686,2.7309,-0.10223,0
0.0061035,-0.023804,0.055695,2.7309,-0.10559,0
-0.0021362,-0.0053406,0.058899,2.5033,-0.1062,0
-0.0016785,0.0016785,0.087128,2.5033,-0.10559,0
0.00030518,-0.0088501,0.09964,2.5033,-0.10193,0
0,-0.017853,0.090332,2.5033,-0.095215,0
-0.0033569,-0.016022,0.076294,2.7309,-0.086975,0
-0.0045776,-0.0086975,0.053864,2.7309,-0.084534,0
-0.00015259,-0.0050354,0.027008,2.7309,-0.085144,0
0.0041199,-0.0064087,0.010529,2.7309,-0.085449,0
0.0064087,-0.0094604,0.0053406,2.7309,-0.080261,0
0.0073242,-0.0099182,-0.0016785,2.5033,-0.07019,0
0.011749,-0.0093079,-0.0097656,2.5033,-0.055237,0
0.013733,-0.010986,-0.013885,2.2757,-0.039673,0
0.016174,-0.017548,-0.011139,2.2757,-0.028992,0
0.023193,-0.022583,-0.0018311,2.7309,-0.02594,0
0.029907,-0.023804,0.0076294,2.2757,-0.028076,0
0.028229,-0.03006,0.012512,1.8206,-0.028992,0
0.026855,-0.036469,0.0083923,2.7309,-0.024109,0
0.022583,-0.037384,0.0039673,2.5033,-0.014648,0
0.014191,-0.0354,0.0041199,2.2757,-0.0021362,0
-0.00015259,-0.032806,0.010986,2.0482,0.0085449,0
-0.0079346,-0.031433,0.025177,2.0482,0.018311,0
-0.0094604,-0.032959,0.049286,2.0482,0.019226,0
-0.0053406,-0.033264,0.074158,2.2757,0.011292,0
-0.0016785,-0.028687,0.075684,2.2757,-0.0048828,0
-0.0015259,-0.023804,0.06073,2.7309,-0.022278,0
-0.0073242,-0.020752,0.043488,2.2757,-0.033264,0
-0.014496,-0.025482,0.033264,2.0482,-0.036316,0
-0.020294,-0.033722,0.034943,2.2757,-0.036316,0
-0.022125,-0.031433,0.036163,2.0482,-0.037231,0
-0.018921,-0.024261,0.031433,2.5033,-0.04425,0
-0.015869,-0.016479,0.027771,2.5033,-0.054321,0
-0.02121,-0.0018311,0.023499,2.0482,-0.061035,0
-0.024109,0.018005,0.012207,2.2757,-0.06073,0
-0.025177,0.022583,0.0036621,2.9584,-0.05249,0
-0.016785,0.011292,0.005188,2.7309,-0.037231,0
-0.0059509,0.0050354,0.0067139,2.9584,-0.018921,0
-0.00015259,0.0093079,0.0090027,3.4135,-0.00061035,0
-0.0010681,0.014954,0.015106,2.7309,0.012817,0
-0.00076294,0.018311,0.027008,2.2757,0.021667,0
0.0010681,0.016479,0.039978,2.2757,0.022888,0
0.0035095,0.013123,0.049133,2.5033,0.020447,0
0.0056458,0.0086975,0.055237,2.5033,0.020752,0
0.0079346,0.0091553,0.056458,2.2757,0.022278,0
0.0085449,0.017548,0.056,2.5033,0.02594,0
0.0041199,0.020294,0.055847,2.7309,0.027466,0
0.0013733,0.015564,0.056763,2.9584,0.028687,0
0.0056458,0.014801,0.054779,2.7309,0.02655,0
0.0067139,0.015717,0.039978,2.5033,0.016174,0
0.0035095,0.0093079,0.0080872,2.2757,0.0024414,0
-0.0010681,-0.0015259,-0.027008,2.7309,-0.011292,0
-0.0032043,-0.0085449,-0.045166,2.5033,-0.01709,0
-0.0094604,-0.013733,-0.041046,2.0482,-0.017395,0
-0.013428,-0.020294,-0.031433,2.2757,-0.014038,0
-0.012665,-0.023041,-0.025482,2.0482,-0.012512,0
-0.0022888,-0.011292,-0.013123,1.8206,-0.017395,0
0.0085449,0.010071,0.013885,2.0482,-0.02594,0
0.012207,0.024109,0.04364,2.0482,-0.035706,0
0.017242,0.026398,0.055389,2.0482,-0.041504,0
0.022125,0.022888,0.038147,1.8206,-0.042114,0
0.022583,0.015717,0.0042725,1.8206,-0.042725,0
0.015106,0.011749,-0.010834,2.0482,-0.037231,0
0.0045776,0.012665,0.0010681,1.8206,-0.028687,0
0.00030518,0.011292,0.014954,2.0482,-0.022278,0
-0.00045776,0.0038147,0.01297,2.0482,-0.021057,0
0.0018311,0.00076294,0.0036621,2.0482,-0.02594,0
0.0079346,0.0019836,-0.0012207,2.5033,-0.032349,0
0.010986,-0.0022888,-0.0090027,2.7309,-0.036621,0
0.011444,-0.01358,-0.013123,2.2757,-0.037231,0
0.0083923,-0.018616,-0.0030518,2.7309,-0.033264,0
0.0050354,-0.011139,0.016937,2.5033,-0.029297,0
0.00045776,0.00030518,0.038605,3.186,-0.028687,0
-0.0086975,0.0074768,0.051727,2.2757,-0.028992,0
-0.015259,0.0080872,0.043793,2.2757,-0.032959,0
-0.015411,0.0030518,0.014801,2.2757,-0.035095,0
-0.012817,0.00030518,-0.022736,2.5033,-0.034485,0
-0.0033569,0.0012207,-0.040588,2.5033,-0.031738,0
0.0032043,0.0016785,-0.037537,2.2757,-0.029297,0
-0.0016785,0.0032043,-0.044708,2.7309,-0.023193,0
-0.005188,0.0088501,-0.072327,2.2757,-0.013733,0
-0.00076294,0.019531,-0.098114,2.0482,-0.0030518,0
0.0065613,0.028076,-0.10376,2.5033,0.0018311,0
0.013275,0.030823,-0.099335,2.5033,0.0024414,0
0.01236,0.029602,-0.097046,2.2757,0.00091553,0
0.0064087,0.02594,-0.10284,2.2757,-0.0015259,0
0.0018311,0.023499,-0.11093,3.186,-0.00030518,0
0.00091553,0.025177,-0.11032,3.186,0.0033569,0
-0.0015259,0.025787,-0.086365,1.8206,0.007019,0
-0.0059509,0.022583,-0.062256,2.2757,0.0045776,0
-0.0064087,0.018768,-0.055389,2.0482,0,0
-0.0088501,0.020142,-0.045624,2.2757,-0.0042725,0
-0.012665,0.022125,-0.030823,2.9584,-0.0033569,0
-0.012207,0.020447,-0.018463,2.2757,0.0042725,0
-0.0062561,0.017242,-0.014343,2.7309,0.011902,0
0.0010681,0.016632,-0.010681,2.5033,0.013123,0
0.0065613,0.020294,-0.0015259,2.2757,0.011597,0
0.0074768,0.025482,0.0054932,2.2757,0.0097656,0
0.010223,0.026093,0.013428,2.7309,0.013428,0
0.0088501,0.023346,0.022736,2.2757,0.019531,0
0.0013733,0.0177,0.020294,2.0482,0.024719,0
-0.0033569,0.0083923,0.014191,2.2757,0.024414,0
-0.0018311,0.0065613,0.011902,2.5033,0.019531,0
-0.002594,0.013123,0.0065613,1.5931,0.013123,0
-0.0039673,0.01358,0.0036621,2.7309,0.0073242,0
-0.00045776,0.0054932,-0.0018311,2.2757,0.0039673,0
0.002594,0.00076294,-0.016479,2.7309,0.0027466,0
0.00091553,0.0079346,-0.024414,1.5931,0.0027466,0
0.00045776,0.014648,-0.012054,1.8206,0.0048828,0
0.002594,0.0091553,0.0086975,2.2757,0.0085449,0
0.0036621,0.0016785,0.013123,2.7309,0.011292,0
0.0010681,0.0071716,0.0068665,1.5931,0.010376,0
-0.0013733,0.018463,0.0085449,2.0482,0.0079346,0
-0.002594,0.017548,0.011139,2.2757,0.0064087,0
-0.0027466,0.011292,0.0015259,2.5033,0.0079346,0
-0.0036621,0.0083923,-0.0056458,2.0482,0.014954,0
-0.0039673,0.0035095,0.0035095,2.7309,0.022583,0
0.00076294,-0.00061035,0.015869,2.0482,0.029907,0
0.0016785,0.0042725,0.032349,2.0482,0.033264,0
0.00091553,0.018158,0.052643,2.2757,0.035095,0
0.002594,0.02594,0.067596,2.5033,0.042114,0
0.00061035,0.016632,0.068817,2.7309,0.053406,0
0.0021362,0.0059509,0.062103,3.186,0.062866,0
0.012512,0.0065613,0.065765,2.9584,0.066223,0
0.025787,0.0071716,0.071564,2.7309,0.063477,0
0.025482,0.0019836,0.062256,2.7309,0.06012,0
0.017548,-0.0068665,0.046234,2.9584,0.062866,0
0.0086975,-0.012512,0.029907,2.0482,0.071411,0
0.0059509,-0.010681,0.010529,2.5033,0.079346,0
0.0028992,-0.0036621,-0.0042725,2.5033,0.080566,0
-0.0013733,-0.00076294,-0.018311,2.5033,0.07843,0
-0.0059509,-0.0053406,-0.036316,2.0482,0.073853,0
-0.01236,-0.010071,-0.053101,2.5033,0.071716,0
-0.016327,-0.0091553,-0.063934,2.0482,0.072327,0
-0.0177,-0.009613,-0.076447,1.8206,0.074158,0
-0.0062561,-0.011902,-0.092163,2.2757,0.075378,0
0.0093079,-0.016632,-0.095825,2.0482,0.074158,0
0.014191,-0.022583,-0.078888,2.7309,0.072937,0
0.0083923,-0.018921,-0.052338,1.8206,0.074463,0
0.0041199,-0.0028992,-0.027161,1.8206,0.080261,0
0.0065613,0.0090027,-0.011139,2.2757,0.08606,0
0.0074768,0.0057983,-0.0032043,2.2757,0.087891,0
0.0082397,-0.0065613,0.0056458,1.8206,0.085449,0
0.0082397,-0.015259,0.0030518,2.2757,0.076904,0
0.0035095,-0.019379,-0.020752,1.8206,0.065613,0
-0.004425,-0.020905,-0.033112,1.8206,0.056763,0
-0.015259,-0.019226,-0.021362,2.2757,0.053406,0
-0.022278,-0.021515,-0.0099182,1.3655,0.055847,0
-0.023193,-0.03418,-0.011444,1.3655,0.056458,0
-0.01297,-0.04425,-0.0053406,2.0482,0.053711,0
0.00076294,-0.040894,0.0091553,2.2757,0.05249,0
0.010071,-0.037384,0.010223,2.5033,0.061035,0
0.011597,-0.036774,-0.0015259,2.5033,0.075378,0
0.0097656,-0.030975,-0.01709,2.5033,0.084839,0
0.0059509,-0.023804,-0.041351,2.5033,0.079651,0
0.0042725,-0.025787,-0.07309,2.9584,0.062561,0
0.0018311,-0.029907,-0.083618,2.2757,0.040588,0
-0.0041199,-0.02655,-0.065918,3.186,0.023193,0
-0.0056458,-0.020905,-0.034332,2.5033,0.010681,0
-0.0047302,-0.02243,-0.020905,2.9584,0.0036621,0
-0.0024414,-0.030975,-0.04303,2.7309,0.0054932,0
-0.00061035,-0.035858,-0.072021,2.0482,0.015259,0
0.0015259,-0.0383,-0.076141,2.7309,0.02655,0
0.0048828,-0.040588,-0.05661,2.2757,0.027466,0
0.0062561,-0.039062,-0.024109,2.7309,0.019836,0
0.0048828,-0.034485,0.0022888,2.7309,0.010376,0
0.0012207,-0.028381,0.0041199,2.7309,0.0042725,0
-0.0016785,-0.023499,-0.02594,2.2757,0.0057983,0
-0.0028992,-0.016327,-0.068817,2.0482,0.015564,0
-0.0048828,-0.0039673,-0.086975,2.0482,0.029297,0
-0.0085449,0.0038147,-0.087738,2.2757,0.042419,0
-0.010529,-0.0030518,-0.084839,2.7309,0.053711,0
-0.013275,-0.0079346,-0.053864,2.5033,0.054016,0
-0.012512,0.0018311,0.0022888,2.7309,0.045776,0
-0.0039673,0.01358,0.043488,2.2757,0.0354,0
0.0062561,0.019379,0.061188,2.7309,0.027771,0
0.0083923,0.030365,0.078278,2.0482,0.025024,0
0.0045776,0.040588,0.086517,2.0482,0.023193,0
0.0013733,0.039062,0.069733,2.0482,0.020752,0
0.0015259,0.029297,0.040283,2.0482,0.014954,0
0.0015259,0.022125,0.01709,2.2757,0.0067139,0
0.00015259,0.018311,0.012817,2.2757,0,0
-0.00076294,0.014954,0.025177,2.9584,-0.0033569,0
-0.0041199,0.013123,0.049133,2.2757,-0.0064087,0
-0.0094604,0.011902,0.07431,2.7309,-0.0085449,0
-0.018768,0.0086975,0.090942,1.8206,-0.0073242,0
-0.026398,0.0019836,0.10208,2.0482,0.00091553,0
-0.027924,0.0013733,0.1091,2.7309,0.012207,0
-0.01358,0.016022,0.11459,2.0482,0.021973,0
0.0085449,0.028992,0.11627,2.0482,0.030212,0
0.018921,0.023804,0.11124,2.7309,0.04364,0
0.011749,0.011597,0.10651,2.5033,0.059509,0
0.0045776,0.0076294,0.1062,2.7309,0.070496,0
0.0021362,0.0091553,0.11536,2.5033,0.076294,0
0.0013733,0.007019,0.13702,2.5033,0.086365,0
-0.0013733,0.0030518,0.17059,2.5033,0.10315,0
-0.0054932,0.0018311,0.19455,2.2757,0.11078,0
-0.0038147,0.0018311,0.19516,2.7309,0.10132,0
0.00061035,0.0010681,0.1796,2.5033,0.080566,0
0.0064087,0.0028992,0.15549,2.5033,0.055847,0
0.0088501,0.010071,0.1239,2.5033,0.033875,0
0.010529,0.019226,0.089722,2.7309,0.012817,0
0.011444,0.019989,0.063629,3.186,-0.0091553,0
0.0086975,0.010376,0.057831,2.7309,-0.027161,0
0.010071,0.0048828,0.071106,2.7309,-0.036926,0
0.0091553,0.013123,0.084076,2.7309,-0.030518,0
0.0038147,0.019531,0.084991,2.2757,-0.0057983,0
-0.002594,0.011139,0.076904,2.9584,0.022888,0
-0.0068665,-0.00015259,0.067444,2.9584,0.04425,0
-0.0099182,-0.0042725,0.061493,1.8206,0.046387,0
-0.01297,-0.0073242,0.067902,2.0482,0.039368,0
-0.011597,-0.0094604,0.083923,2.0482,0.031128,0
-0.007019,-0.0012207,0.096893,2.9584,0.032959,0
-0.0027466,0.014191,0.10117,2.7309,0.046692,0
-0.002594,0.020142,0.089874,2.7309,0.066223,0
-0.0028992,0.01358,0.080566,2.2757,0.080261,0
-0.0027466,0.0042725,0.085297,2.5033,0.083313,0
-0.0013733,-0.002594,0.093231,2.2757,0.073242,0
-0.0019836,-0.0018311,0.08606,2.0482,0.054016,0
-0.0027466,0.0028992,0.062408,2.2757,0.035706,0
-0.0032043,-0.00015259,0.034332,2.2757,0.023804,0
-0.0045776,-0.0094604,0.015106,2.0482,0.0177,0
-0.0071716,-0.01709,-0.0086975,1.8206,0.014343,0
-0.010834,-0.020752,-0.054169,2.0482,0.0091553,0
-0.012512,-0.018463,-0.1001,2.2757,0.0039673,0
-0.012665,-0.010681,-0.11566,2.2757,0.0067139,0
-0.010834,-0.0012207,-0.10941,2.2757,0.015869,0
-0.0065613,0.0042725,-0.10941,2.5033,0.028076,0
0.0024414,0.0024414,-0.11398,2.0482,0.039368,0
0.0073242,-0.0045776,-0.11353,2.0482,0.050049,0
0.0074768,-0.0088501,-0.10651,2.0482,0.056152,0
0.007019,-0.0019836,-0.090332,2.7309,0.057373,0
0.0061035,0.007782,-0.066376,2.7309,0.053711,0
-0.00030518,0.012054,-0.047302,2.2757,0.052185,0
-0.0086975,0.012817,-0.044403,1.8206,0.052185,0
-0.0097656,0.0099182,-0.059662,2.5033,0.05249,0
-0.0036621,0.0021362,-0.072632,2.9584,0.048218,0
0.00030518,-0.0059509,-0.069427,2.5033,0.042419,0
0.0032043,-0.0041199,-0.054169,2.7309,0.040894,0
0.0053406,0.0041199,-0.044403,3.186,0.049744,0
0.0035095,0.0050354,-0.044708,2.9584,0.056458,0
0.0013733,-0.0021362,-0.050659,2.9584,0.06134,0
0.0064087,-0.0065613,-0.055084,2.7309,0.061646,0
0.011749,-0.010071,-0.049438,2.2757,0.062561,0
0.015259,-0.016174,-0.029297,2.7309,0.063477,0
0.013275,-0.018921,-0.0071716,2.5033,0.057678,0
0.010529,-0.019226,0.0015259,3.186,0.049744,0
0.010376,-0.017853,-0.0028992,3.4135,0.042725,0
0.0048828,-0.016479,-0.0091553,2.7309,0.049133,0
0.0041199,-0.018311,-0.011902,2.2757,0.066223,0
0.0042725,-0.022888,-0.018921,2.5033,0.073547,0
0.0057983,-0.023651,-0.028076,2.5033,0.062256,0
0.0065613,-0.016632,-0.032349,2.5033,0.031738,0
0.0065613,-0.0065613,-0.023346,2.7309,-0.0057983,0
0.0054932,-0.00076294,-0.0024414,2.2757,-0.039368,0
0.0061035,-0.00030518,0.020752,2.5033,-0.061035,0
0.0062561,-0.0010681,0.044708,2.0482,-0.069885,0
0.0068665,-0.0036621,0.06897,1.5931,-0.071716,0
0.0090027,-0.007019,0.086823,2.0482,-0.06958,0
0.015411,-0.0085449,0.071716,2.2757,-0.065308,0
0.018005,-0.0036621,0.031281,2.2757,-0.059814,0
0.015259,0.010223,0.020447,2.0482,-0.052185,0
0.0076294,0.021057,0.051575,2.2757,-0.044861,0
0.0018311,0.018463,0.10254,2.7309,-0.036621,0
0.0010681,0.0076294,0.15625,2.0482,-0.031128,0
0,0.005188,0.20218,2.0482,-0.021973,0
-0.0030518,0.014038,0.22354,2.0482,-0.0073242,0
-0.0010681,0.016632,0.215,0.91037,0.0033569,0
0.0042725,0.0079346,0.18723,2.0482,0.0073242,0
0.0088501,0.0047302,0.15976,2.5033,0.00091553,0
0.0062561,0.017548,0.13016,2.5033,-0.013428,0
0.0016785,0.030212,0.090942,2.0482,-0.027161,0
0.00015259,0.033417,0.049286,2.7309,-0.03418,0
0.00091553,0.038147,0.024414,2.7309,-0.032654,0
-0.0015259,0.045013,0.015869,2.0482,-0.028687,0
-0.0012207,0.040131,0.0079346,2.5033,-0.021973,0
0.0085449,0.022125,-0.011597,2.5033,-0.016785,0
0.015564,0.0057983,-0.03952,2.7309,-0.010681,0
0.015259,-0.00076294,-0.054932,2.5033,-0.0076294,0
0.010834,-0.0036621,-0.054932,2.2757,-0.0094604,0
0.0067139,-0.0062561,-0.057526,2.0482,-0.012817,0
-0.0028992,-0.0047302,-0.064545,2.7309,-0.016785,0
-0.0097656,-0.011139,-0.063171,2.2757,-0.018921,0
-0.011749,-0.028229,-0.063934,2.5033,-0.019226,0
-0.0045776,-0.032806,-0.076141,2.7309,-0.016785,0
-0.0015259,-0.017853,-0.082397,2.5033,-0.014954,0
-0.0038147,-0.0041199,-0.076294,2.5033,-0.018921,0
-0.0064087,-0.0010681,-0.077362,2.0482,-0.023804,0
-0.0079346,-0.0028992,-0.09491,2.0482,-0.02594,0
-0.0093079,-0.0082397,-0.10956,2.2757,-0.020142,0
-0.0097656,-0.011597,-0.11307,2.2757,-0.0094604,0
-0.0085449,-0.016937,-0.10544,2.2757,-0.00091553,0
-0.0045776,-0.016479,-0.09552,2.7309,0.0033569,0
-0.0050354,-0.0062561,-0.088348,2.0482,0.0045776,0
-0.0035095,0.0018311,-0.07309,2.5033,0.0018311,0
-0.0016785,0.0032043,-0.040894,1.8206,-0.0036621,0
-0.00076294,0.00030518,-0.0099182,2.0482,-0.0073242,0
0.0012207,0.002594,0.0056458,2.2757,-0.0045776,0
0.0035095,0.011749,0.015869,2.0482,0.0054932,0
0.0048828,0.015411,0.018005,1.5931,0.005188,0
0.0019836,0.0062561,0.0030518,2.2757,-0.015259,0
0.0019836,-0.0048828,-0.018463,2.5033,-0.051575,0
0.0079346,-0.0059509,-0.030975,1.8206,-0.085449,0
0.0097656,0.0010681,-0.037079,1.8206,-0.11078,0
0.0038147,0.0042725,-0.046692,1.8206,-0.12543,0
0.0019836,0.0022888,-0.049438,2.2757,-0.12665,0
0.0019836,0.0053406,-0.03891,2.0482,-0.12207,0
0.0035095,0.01236,-0.029907,2.2757,-0.11566,0
0.0028992,0.0061035,-0.039062,2.0482,-0.11353,0
0.0032043,-0.016022,-0.054474,2.2757,-0.11444,0
0.002594,-0.029602,-0.046234,2.0482,-0.11353,0
0.0013733,-0.018921,-0.0079346,1.8206,-0.10498,0
-0.0010681,-0.00076294,0.030365,2.7309,-0.093689,0
-0.0024414,0.011597,0.042725,2.2757,-0.089417,0
-0.0010681,0.016632,0.034485,2.7309,-0.091248,0
-0.00076294,0.014648,0.025177,3.186,-0.097351,0
0.0013733,0.010681,0.034485,2.2757,-0.09613,0
0.0054932,0.0073242,0.053253,2.5033,-0.084839,0
0.0083923,0.0036621,0.056305,2.9584,-0.068054,0
0.010681,-0.0016785,0.04425,2.7309,-0.053711,0
0.011749,-0.0068665,0.036011,2.2757,-0.050354,0
0.011444,-0.010834,0.04837,2.2757,-0.054321,0
0.011902,-0.02594,0.056152,2.5033,-0.056763,0
0.011292,-0.050049,0.027161,2.7309,-0.05188,0
0.0079346,-0.056915,-0.010986,2.9584,-0.041809,0
0.0033569,-0.038147,-0.029297,2.5033,-0.025024,0
-0.00091553,-0.016937,-0.043335,1.8206,-0.013428,0
-0.0027466,-0.0056458,-0.048065,2.2757,-0.010986,0
-0.0048828,0.0059509,-0.045013,2.0482,-0.018311,0
-0.0082397,0.018463,-0.043945,2.2757,-0.030518,0
-0.0083923,0.0177,-0.043335,2.2757,-0.044556,0
-0.0083923,0.014496,-0.040436,2.5033,-0.049438,0
-0.010986,0.019226,-0.031128,2.5033,-0.038147,0
-0.012665,0.014343,-0.025024,1.5931,-0.018921,0
-0.014496,-0.007782,-0.050354,2.5033,-0.0012207,0
-0.014343,-0.020905,-0.084534,2.2757,0.0048828,0
-0.0085449,-0.0085449,-0.079498,2.0482,-0.0048828,0
-0.0013733,0.0050354,-0.042572,1.5931,-0.025635,0
-0.00045776,0.00061035,-0.017853,2.0482,-0.046997,0
-0.0016785,-0.0083923,-0.027618,1.5931,-0.061951,0
0.00045776,-0.012054,-0.052338,1.8206,-0.064392,0
0.0033569,-0.011597,-0.054626,1.5931,-0.056458,0
0.0054932,-0.011444,-0.031891,2.2757,-0.043335,0
0.0041199,-0.019989,-0.015259,2.5033,-0.032654,0
0.0028992,-0.029602,-0.024567,1.8206,-0.025635,0
0.0036621,-0.025787,-0.041046,2.0482,-0.023193,0
0.0028992,-0.019836,-0.049286,2.0482,-0.018311,0
0.0030518,-0.027313,-0.041504,2.5033,-0.0045776,0
-0.00030518,-0.036011,-0.020142,2.7309,0.015564,0
-0.00030518,-0.034943,0.0015259,2.7309,0.038147,0
0.0012207,-0.032196,0.012207,2.2757,0.054932,0
0.0032043,-0.028839,0.0027466,2.9584,0.057068,0
0.0039673,-0.020447,-0.011597,2.5033,0.054016,0
0.002594,-0.011444,-0.012054,2.9584,0.05188,0
-0.0015259,-0.0032043,0.0036621,2.7309,0.055237,0
-0.0074768,0.0071716,0.028076,2.9584,0.059204,0
-0.011292,0.013733,0.046082,3.186,0.057373,0
-0.0094604,0.0088501,0.060883,2.7309,0.05188,0
0.00015259,0.0027466,0.081024,2.7309,0.053101,0
0.012512,0.0054932,0.096893,2.9584,0.067444,0
0.01236,0.0062561,0.096893,2.7309,0.090637,0
0.0057983,0.00076294,0.088196,2.5033,0.11658,0
0.0022888,0,0.084229,2.7309,0.13855,0
0.00030518,0.0085449,0.09079,2.2757,0.14618,0
-0.0027466,0.023041,0.097046,3.186,0.13916,0
-0.010834,0.025482,0.090179,2.9584,0.11871,0
-0.013885,0.0097656,0.062103,2.7309,0.091553,0
-0.007782,-0.0071716,0.032349,2.0482,0.065308,0
0.0019836,-0.0097656,0.029755,2.7309,0.048828,0
0.010071,0.00045776,0.052643,2.7309,0.045776,0
0.0086975,0.0061035,0.071259,3.186,0.059204,0
0.005188,0.0050354,0.075836,2.7309,0.077209,0
0.0018311,0.00061035,0.083008,2.7309,0.087891,0
-0.00030518,-0.00076294,0.091553,2.5033,0.090637,0
-0.0021362,-0.0010681,0.088959,2.7309,0.090942,0
-0.0042725,-0.0013733,0.079803,2.7309,0.091553,0
-0.0062561,0,0.067596,2.0482,0.099487,0
-0.0022888,0.0038147,0.039368,2.0482,0.10986,0
0.0018311,0.0062561,-0.0054932,1.8206,0.1178,0
-0.0010681,0.004425,-0.049438,2.0482,0.1239,0
-0.0041199,-0.00015259,-0.083466,2.0482,0.13641,0
-0.0035095,-0.0022888,-0.10941,2.5033,0.1532,0
-0.0021362,-0.00091553,-0.12711,2.0482,0.16968,0
-0.0065613,-0.0045776,-0.14481,2.0482,0.17578,0
-0.011902,-0.010529,-0.14084,2.7309,0.17181,0
-0.015869,-0.017548,-0.1091,2.0482,0.16785,0
-0.01297,-0.024261,-0.089264,2.2757,0.17181,0
-0.0042725,-0.018463,-0.085144,2.2757,0.17731,0
0.005188,-0.0021362,-0.08194,2.5033,0.18097,0
0.012207,0.0019836,-0.073853,2.2757,0.17761,0
0.01358,-0.0073242,-0.045013,2.7309,0.16998,0
0.010834,-0.01236,-0.00061035,2.0482,0.16449,0
0.0090027,-0.0099182,0.035858,2.0482,0.15961,0
0.013275,0.00076294,0.053101,2.2757,0.15167,0
0.014191,0.020752,0.06546,2.7309,0.13916,0
0.014038,0.030212,0.087128,2.9584,0.12848,0
0.012207,0.018158,0.10529,2.9584,0.12299,0
0.0068665,0.0015259,0.10773,3.4135,0.12299,0
0.0059509,-0.0082397,0.10834,2.5033,0.12268,0
0.0047302,0.0012207,0.12451,2.5033,0.11597,0
0.0033569,0.020142,0.13763,2.5033,0.10864,0
0.0065613,0.0177,0.13809,2.9584,0.1004,0
0.0071716,-0.0013733,0.12436,2.9584,0.093689,0
0.0071716,-0.015411,0.077057,2.9584,0.086365,0
0.0094604,-0.022583,-0.0030518,2.7309,0.07843,0
0.0080872,-0.021667,-0.082703,2.5033,0.069885,0
0.0067139,-0.012512,-0.13672,2.5033,0.066223,0
0.0047302,-0.0045776,-0.15259,2.7309,0.065918,0
0.0013733,-0.0010681,-0.14145,2.9584,0.068359,0
-0.00015259,0.00030518,-0.11276,1.8206,0.075073,0
-0.00061035,-0.00015259,-0.070801,2.9584,0.084839,0
-0.0022888,0.00061035,-0.038757,2.7309,0.093689,0
-0.002594,0.0013733,-0.037231,2.5033,0.10132,0
0.00030518,-0.005188,-0.051727,2.7309,0.10956,0
-0.00030518,-0.016174,-0.059967,2.2757,0.11871,0
-0.0035095,-0.020294,-0.067902,2.0482,0.12817,0
-0.007019,-0.012207,-0.088654,2.5033,0.13519,0
-0.010986,-0.0019836,-0.11841,2.7309,0.13641,0
-0.013428,-0.0048828,-0.14725,2.9584,0.13123,0
-0.010376,-0.010376,-0.16083,2.5033,0.12024,0
-0.0064087,-0.0057983,-0.15564,2.2757,0.10956,0
-0.002594,-0.0032043,-0.14114,2.7309,0.10254,0
-0.0024414,-0.0057983,-0.12817,2.0482,0.10101,0
-0.00061035,-0.0083923,-0.11856,2.2757,0.10254,0
0.0041199,-0.0065613,-0.099182,2.5033,0.10406,0
0.0079346,0.002594,-0.070038,2.5033,0.10437,0
0.0068665,0.018921,-0.046844,2.0482,0.10284,0
0.0038147,0.028687,-0.043488,1.8206,0.10742,0
0.0038147,0.019684,-0.049591,2.5033,0.11719,0
0.0041199,0.0059509,-0.058594,2.2757,0.12817,0
0.0062561,0.0015259,-0.066986,2.2757,0.1358,0
0.0079346,0.0024414,-0.057373,2.7309,0.13702,0
0.0076294,0.00091553,-0.029297,2.7309,0.13397,0
0.0085449,-0.0042725,-0.0015259,2.7309,0.12604,0
0.007019,-0.0056458,0.012512,2.5033,0.11505,0
0.0033569,0.0068665,0.012054,2.0482,0.099792,0
-0.00091553,0.020142,-0.0050354,2.2757,0.085144,0
-0.0038147,0.014343,-0.025787,2.5033,0.075073,0
-0.0012207,-0.0033569,-0.02182,2.7309,0.068665,0
0.0073242,-0.01297,0.0048828,2.7309,0.062561,0
0.011902,-0.0090027,0.023193,2.7309,0.056152,0
0.0088501,-0.00076294,0.025177,2.5033,0.048523,0
0.0057983,0.0042725,0.020752,2.7309,0.042725,0
0.0048828,0.0057983,0.0090027,2.7309,0.039978,0
0.0053406,0.0054932,0.00045776,2.9584,0.037842,0
0.0048828,0.0056458,0.0083923,2.7309,0.040283,0
0.0032043,0.0086975,0.025177,2.2757,0.046692,0
0.0036621,0.014191,0.037842,2.2757,0.055237,0
0.0074768,0.011749,0.045013,2.9584,0.06134,0
0.010681,0.0018311,0.051727,2.7309,0.055237,0
0.014343,-0.0015259,0.060272,2.7309,0.040588,0
0.015106,0.0068665,0.072021,2.0482,0.024109,0
0.0083923,0.011139,0.079803,2.0482,0.01709,0
0.0036621,0.0015259,0.077362,1.8206,0.020447,0
0.0032043,-0.011902,0.070496,2.0482,0.028381,0
0.00030518,-0.02594,0.06897,1.8206,0.028992,0
-0.0076294,-0.033112,0.072937,2.2757,0.018005,0
-0.018921,-0.027618,0.087585,2.2757,-0.0024414,0
-0.02182,-0.017548,0.12604,1.8206,-0.021057,0
-0.017548,-0.013275,0.16602,2.0482,-0.02655,0
-0.013123,-0.0068665,0.17685,2.2757,-0.019531,0
-0.014191,0.0064087,0.16312,2.2757,-0.0024414,0
-0.016022,0.013428,0.14694,2.2757,0.014648,0
-0.016022,0.01358,0.14755,2.5033,0.023193,0
-0.017548,0.014038,0.15564,2.0482,0.019531,0
-0.023651,0.016174,0.15411,2.0482,0.0027466,0
-0.023041,0.014343,0.14572,2.2757,-0.018921,0
-0.014343,0.0083923,0.13855,2.7309,-0.035095,0
-0.010071,0.0042725,0.1265,2.2757,-0.037842,0
0,0.0053406,0.10559,2.2757,-0.030212,0
0.013428,0.0064087,0.075836,2.2757,-0.01709,0
0.011749,0.0038147,0.044708,2.5033,-0.0073242,0
0.0032043,-0.00061035,0.014954,2.7309,-0.0061035,0
-0.0030518,-0.004425,0,2.5033,-0.011902,0
-0.0065613,-0.0068665,-0.00091553,2.7309,-0.019531,0
-0.0079346,-0.0033569,-0.0038147,2.7309,-0.022888,0
-0.0088501,0.0088501,-0.012512,2.0482,-0.020447,0
-0.0079346,0.018005,-0.0079346,2.2757,-0.016785,0
-0.0033569,0.012665,0.014038,2.2757,-0.014648,0
-0.0010681,-0.0019836,0.011749,2.5033,-0.016785,0
0.0028992,-0.0082397,-0.030823,2.5033,-0.021057,0
0.0042725,-0.0076294,-0.066681,2.9584,-0.025635,0
0.0053406,-0.011749,-0.060883,2.9584,-0.02655,0
0.0021362,-0.017395,-0.037994,2.2757,-0.022888,0
0.0024414,-0.021667,-0.035858,2.2757,-0.01709,0
0.0067139,-0.029297,-0.04715,2.2757,-0.012207,0
0.012207,-0.023804,-0.048218,2.5033,-0.013428,0
0.014648,-0.0062561,-0.04715,2.9584,-0.01709,0
0.0079346,-0.0033569,-0.038452,2.5033,-0.019531,0
0.0019836,-0.0079346,-0.017395,2.0482,-0.016174,0
0.0024414,-0.002594,-0.00091553,2.9584,-0.0036621,0
0.00076294,0.014191,-0.0018311,2.7309,0.0094604,0
-0.0021362,0.031891,-0.0085449,2.2757,0.01709,0
-0.0039673,0.030823,-0.0045776,1.8206,0.015259,0
-0.0035095,0.01358,0.0059509,1.8206,0.0057983,0
-0.0012207,0.0056458,0.019379,2.0482,-0.0036621,0
0.0012207,0.0085449,0.042419,2.0482,-0.0064087,0
0.0056458,0.0099182,0.077057,2.2757,-0.0012207,0
0.013428,0.0099182,0.11826,1.8206,0.010681,0
0.018616,0.016632,0.16205,2.0482,0.021667,0
0.018921,0.026398,0.18845,2.2757,0.022888,0
0.015106,0.027466,0.18631,2.2757,0.014648,0
0.0074768,0.017853,0.15503,2.5033,0.00091553,0
-0.0022888,0.0091553,0.1062,2.2757,-0.0073242,0
-0.012817,0.012207,0.062256,2.0482,-0.007019,0
-0.014496,0.014191,0.024872,1.5931,-0.0042725,0
-0.004425,0.0012207,-0.0056458,2.0482,-0.0042725,0
0.0080872,-0.010376,-0.016632,2.2757,-0.0094604,0
0.014648,-0.0090027,0.0012207,2.7309,-0.016174,0
0.016785,0.004425,0.029755,1.8206,-0.022583,0
0.0054932,0.019379,0.030518,2.7309,-0.020447,0
-0.002594,0.017853,0.00061035,2.5033,-0.014343,0
-0.007782,0.00076294,-0.010529,2.7309,-0.0067139,0
-0.0080872,-0.010376,0.0082397,2.0482,-0.0030518,0
-0.0035095,-0.0097656,0.0053406,2.0482,-0.0048828,0
-0.0019836,-0.004425,-0.025177,2.7309,-0.0088501,0
-0.00061035,0.0027466,-0.045166,2.5033,-0.011292,0
0.0027466,0.0016785,-0.042877,2.5033,-0.010071,0
0.0053406,-0.0068665,-0.03952,2.5033,-0.0073242,0
0.0032043,-0.012512,-0.048676,2.0482,-0.0030518,0
0.00061035,-0.012817,-0.069733,2.2757,-0.0024414,0
-0.0021362,-0.015259,-0.088043,3.186,-0.0036621,0
-0.005188,-0.016785,-0.097351,3.4135,-0.0064087,0
-0.010223,-0.014496,-0.098724,2.5033,-0.0048828,0
-0.013733,-0.012054,-0.090027,2.5033,0.0018311,0
-0.014954,-0.0018311,-0.085144,2.5033,0.0085449,0
-0.012665,0.015717,-0.095215,2.5033,0.011292,0
-0.0022888,0.025482,-0.11078,2.7309,0.0097656,0
0.011139,0.017242,-0.11795,2.5033,0.0039673,0
0.020599,0.0030518,-0.12283,2.2757,-0.0012207,0
0.015564,0.0010681,-0.13229,2.2757,-0.0030518,0
0.0062561,0.012665,-0.12985,2.2757,0.00030518,0
0.00091553,0.014038,-0.097046,2.7309,0.005188,0
-0.0018311,0.002594,-0.054626,2.0482,0.0082397,0
-0.0045776,-0.0053406,-0.030823,1.8206,0.011902,0
-0.0083923,-0.004425,-0.025177,2.0482,0.010986,0
-0.0085449,-0.0024414,-0.018311,2.5033,0.0079346,0
-0.0083923,-0.0045776,-0.010681,2.7309,0.0021362,0
-0.0074768,-0.0080872,-0.0036621,2.7309,-0.0012207,0
-0.0050354,-0.0038147,-0.0076294,1.5931,-0.0015259,0
-0.0050354,-0.00045776,-0.019073,1.8206,0.0018311,0
-0.0071716,-0.0067139,-0.020142,1.5931,0.0030518,0
-0.010986,-0.015106,-0.0076294,1.1379,0.0021362,0
-0.014038,-0.019379,-0.0022888,2.2757,-0.0033569,0
-0.015869,-0.020294,0.0079346,2.0482,-0.0094604,0
-0.023041,-0.017853,0.031891,2.2757,-0.014343,0
-0.024872,-0.0073242,0.03067,2.5033,-0.015869,0
-0.02243,-0.0033569,0.013428,2.5033,-0.013428,0
-0.010071,-0.0062561,0.010834,2.9584,-0.0082397,0
0.0073242,-0.0073242,0.007019,2.2757,-0.0030518,0
0.023651,-0.0059509,-0.011139,2.5033,0.00061035,0
0.028687,-0.0038147,-0.02243,2.0482,0,0
0.028381,-0.0030518,-0.0045776,2.0482,-0.0027466,0
0.023499,-0.002594,0.033722,2.5033,-0.0030518,0
0.016785,0.00030518,0.066528,2.5033,0.0015259,0
0.011444,0.00015259,0.077667,2.5033,0.012207,0
0.010986,-0.0032043,0.093079,3.4135,0.022583,0
0.0071716,-0.0068665,0.11307,2.9584,0.028992,0
0.00045776,-0.0056458,0.10437,2.9584,0.033264,0
0.00045776,0.00045776,0.064545,2.7309,0.033569,0
0.0071716,0.0086975,0.032501,2.2757,0.031128,0
0.010529,0.023346,0.017548,2.7309,0.025635,0
0.010529,0.031433,-0.00045776,2.5033,0.021667,0
0.0088501,0.026703,-0.022278,2.9584,0.023499,0
0.005188,0.022583,-0.028534,2.5033,0.033264,0
-0.0015259,0.022583,-0.014343,2.5033,0.046387,0
-0.0032043,0.023041,0.0041199,2.2757,0.057678,0
-0.0053406,0.026093,0.01709,1.8206,0.061951,0
-0.010529,0.030365,0.0067139,2.9584,0.056763,0
-0.013885,0.026855,-0.03006,2.2757,0.047913,0
-0.014648,0.013123,-0.091095,2.0482,0.036926,0
-0.01358,-0.00076294,-0.15488,2.2757,0.023499,0
-0.012665,0.00061035,-0.19272,1.8206,0.0091553,0
-0.010834,0.01297,-0.2095,1.8206,-0.0018311,0
-0.0068665,0.010071,-0.2243,2.5033,-0.0039673,0
-0.00091553,-0.0047302,-0.22156,1.8206,0.0024414,0
-0.00061035,-0.0088501,-0.21439,1.8206,0.012512,0
-0.0036621,0.0038147,-0.24063,2.0482,0.022888,0
-0.0065613,0.0094604,-0.29785,2.0482,0.030823,0
-0.007019,-0.0024414,-0.3537,2.2757,0.032959,0
-0.0030518,-0.017548,-0.39963,2.9584,0.033569,0
-0.0012207,-0.013885,-0.42664,1.8206,0.037537,0
-0.00061035,0.00030518,-0.43839,1.8206,0.048828,0
-0.00076294,0.0012207,-0.46021,2.2757,0.064392,0
-0.0018311,-0.0050354,-0.48264,2.0482,0.081482,0
-0.0028992,-0.0030518,-0.49255,2.7309,0.094604,0
-0.0027466,0.0047302,-0.49911,2.2757,0.098877,0
-0.0012207,0.0071716,-0.51971,1.8206,0.096741,0
0.0010681,-0.0091553,-0.55634,1.8206,0.094299,0
0.0030518,-0.02182,-0.58075,2.2757,0.092773,0
0.0024414,-0.0028992,-0.57922,2.5033,0.095825,0
0.00045776,0.007019,-0.58624,2.5033,0.098572,0
0.0010681,-0.01358,-0.6131,2.7309,0.10101,0
0.0016785,-0.035706,-0.6311,2.5033,0.10223,0
0.0016785,-0.037079,-0.63065,2.2757,0.10376,0
0,-0.028992,-0.63736,2.9584,0.10162,0
-0.0035095,-0.017395,-0.64255,2.7309,0.098267,0
-0.0065613,-0.010223,-0.6131,2.9584,0.094299,0
-0.009613,-0.014038,-0.57343,2.7309,0.090027,0
-0.012054,-0.022736,-0.56366,2.2757,0.088806,0
-0.015259,-0.027466,-0.57968,2.2757,0.090637,0
-0.011749,-0.024261,-0.59341,2.5033,0.091248,0
0.0039673,-0.014038,-0.57892,2.2757,0.092773,0
0.020599,-0.0041199,-0.5513,2.2757,0.087891,0
0.018158,-0.00076294,-0.5365,3.4135,0.083923,0
0.0059509,-0.0022888,-0.52826,2.9584,0.080261,0
-0.00076294,-0.007782,-0.50644,2.0482,0.079041,0
-0.00045776,-0.015564,-0.44067,2.7309,0.079346,0
0.0039673,-0.018005,-0.33325,2.5033,0.080566,0
0.0057983,-0.018463,-0.21133,2.5033,0.082397,0
0.0048828,-0.016937,-0.084534,2.5033,0.081787,0
0.0048828,-0.016479,0.052795,2.0482,0.080261,0
0.0057983,-0.017548,0.18234,1.8206,0.077209,0
0.0033569,-0.014496,0.28931,1.1379,0.076294,0
0.00030518,-0.01358,0.38757,2.0482,0.077209,0
-0.0018311,-0.022736,0.48691,1.3655,0.078125,0
-0.004425,-0.018463,0.59448,2.5033,0.079346,0
-0.0047302,0.010834,0.69916,2.5033,0.079346,0
-0.0035095,0.038147,0.79041,2.2757,0.079651,0
-0.0015259,0.035553,0.8812,2.2757,0.081177,0
-0.00015259,0.022278,0.96069,1.8206,0.086365,0
0.0021362,0.02182,1.0046,2.5033,0.093079,0
0.0022888,0.023651,1.0422,2.5033,0.1001,0
0.0021362,0.015869,1.1006,2.5033,0.10773,0
0.0032043,0.0016785,1.1552,2.5033,0.11414,0
-0.00061035,-0.009613,1.2126,2.5033,0.11871,0
-0.0016785,-0.014343,1.2779,2.5033,0.12146,0
0.0038147,-0.0080872,1.3188,2.2757,0.1236,0
0.014191,0.0042725,1.326,2.9584,0.12543,0
0.021515,0.014343,1.3348,2.7309,0.13092,0
0.024109,0.019531,1.3809,2.5033,0.13367,0
0.030823,0.017395,1.4374,1.8206,0.13641,0
0.035553,0.013733,1.4568,2.5033,0.13611,0
0.032043,0.018158,1.4479,2.7309,0.13397,0
0.019684,0.0354,1.4328,2.2757,0.1297,0
0.0088501,0.048218,1.4,2.5033,0.1239,0
0.0064087,0.046844,1.3591,2.2757,0.11505,0
0.0074768,0.038605,1.3342,2.5033,0.10529,0
0.013733,0.03067,1.3156,3.186,0.098267,0
0.019989,0.023041,1.279,2.5033,0.092773,0
0.016479,0.018616,1.2096,2.5033,0.089417,0
0.011444,0.020142,1.1157,2.2757,0.085144,0
0.0094604,0.024109,1.0191,2.0482,0.078735,0
0.0088501,0.027008,0.96436,2.0482,0.069275,0
0.0056458,0.02243,0.9137,2.5033,0.058899,0
0.0013733,0.011444,0.84167,2.5033,0.046997,0
-0.0018311,-0.00045776,0.78003,2.5033,0.037842,0
-0.0039673,-0.0036621,0.71884,2.5033,0.028381,0
-0.0033569,-0.00076294,0.63278,2.7309,0.020752,0
0.00030518,-0.0057983,0.53726,2.7309,0.014648,0
0.002594,-0.010834,0.44769,2.5033,0.0076294,0
0.00076294,-0.0047302,0.37598,2.2757,0.0024414,0
-0.0035095,0.00091553,0.33905,2.2757,-0.0021362,0
-0.0071716,0.0019836,0.31052,1.8206,-0.0042725,0
-0.0028992,-0.00015259,0.2681,2.2757,-0.0045776,0
0.0036621,-0.011749,0.21362,2.7309,-0.0012207,0
0.0079346,-0.029297,0.13672,2.5033,0.0033569,0
0.0083923,-0.029144,0.061188,2.2757,0.0079346,0
0.0027466,-0.016937,0.020599,1.8206,0.013123,0
-0.0033569,-0.022125,-0.010681,1.3655,0.018616,0
-0.0053406,-0.044708,-0.084839,2.7309,0.024109,0
-0.0059509,-0.028534,-0.17609,2.0482,0.027161,0
-0.00076294,0.019684,-0.233,2.0482,0.028076,0
0.0042725,0.042267,-0.26855,1.8206,0.027466,0
0.0042725,0.032349,-0.31433,2.2757,0.02533,0
0.0010681,0.015106,-0.3685,2.2757,0.020752,0
-0.0018311,0.0019836,-0.43243,2.2757,0.013428,0
-0.004425,0.00091553,-0.49316,2.0482,0.0064087,0
-0.0042725,0.0018311,-0.53497,2.0482,-0.00030518,0
-0.00061035,-0.012512,-0.56091,1.8206,-0.0042725,0
0.0016785,-0.029449,-0.58487,1.8206,-0.0091553,0
0.0033569,-0.026398,-0.60989,2.2757,-0.012512,0
0.0056458,-0.0083923,-0.616,2.5033,-0.016479,0
0.0053406,0.0097656,-0.59937,2.7309,-0.016174,0
0.0062561,0.013123,-0.58472,2.5033,-0.015259,0
0.0079346,-0.0030518,-0.56381,1.5931,-0.01709,0
0.0054932,-0.018005,-0.52124,2.2757,-0.018005,0
0.0027466,-0.016022,-0.48065,2.5033,-0.022278,0
-0.00076294,-0.007782,-0.46753,3.186,-0.021667,0
-0.014954,-0.0024414,-0.45761,2.7309,-0.019531,0
-0.034637,0.0074768,-0.43594,2.9584,-0.0177,0
-0.039062,0.011292,-0.41321,2.5033,-0.016785,0
-0.033569,0.0019836,-0.39642,2.9584,-0.0177,0
-0.019531,-0.0045776,-0.38513,2.7309,-0.023499,0
0.0035095,0.0028992,-0.3801,2.9584,-0.027771,0
0.017395,0.010071,-0.38086,2.7309,-0.032349,0
0.011902,0.004425,-0.38589,2.2757,-0.035706,0
-0.0030518,0.0022888,-0.40909,2.2757,-0.036621,0
-0.012817,0.0086975,-0.45486,1.8206,-0.038452,0
-0.0088501,0.004425,-0.50095,2.2757,-0.039368,0
-0.0041199,-0.010986,-0.53085,1.8206,-0.040588,0
-0.0012207,-0.022278,-0.5426,2.2757,-0.041199,0
0.0036621,-0.018616,-0.54001,2.2757,-0.040894,0
0.0073242,-0.010376,-0.50827,2.0482,-0.040894,0
0.005188,-0.010071,-0.45013,2.2757,-0.038147,0
0.00015259,-0.018311,-0.39795,2.5033,-0.036316,0
-0.00061035,-0.029755,-0.37567,2.7309,-0.033875,0
0.0012207,-0.039062,-0.37125,2.2757,-0.029297,0
0.0016785,-0.045776,-0.35965,2.2757,-0.026245,0
0.0033569,-0.0383,-0.32242,1.8206,-0.02655,0
0.0036621,-0.017853,-0.27588,2.5033,-0.032654,0
0.00091553,-0.01236,-0.24017,1.8206,-0.041504,0
-0.0015259,-0.016785,-0.22766,1.8206,-0.048218,0
-0.0012207,-0.0097656,-0.25452,1.5931,-0.052185,0
-0.0021362,0.0033569,-0.30701,1.8206,-0.052185,0
-0.0013733,0.01236,-0.34637,1.8206,-0.052795,0
-0.0019836,0.016022,-0.35599,1.8206,-0.054626,0
-0.0059509,0.020447,-0.33508,1.3655,-0.061951,0
-0.0073242,0.026703,-0.28168,1.8206,-0.073242,0
-0.0062561,0.02182,-0.21469,2.5033,-0.085754,0
-0.007019,0.0033569,-0.15976,2.0482,-0.095825,0
-0.0050354,-0.013275,-0.12329,2.2757,-0.1004,0
0.0013733,-0.017853,-0.10529,2.0482,-0.10132,0
0.0082397,-0.016632,-0.1152,1.5931,-0.096741,0
0.0090027,-0.015869,-0.14389,2.2757,-0.090332,0
0.0056458,-0.013275,-0.16983,2.2757,-0.08667,0
0.0035095,-0.010834,-0.18311,3.186,-0.087891,0
0.0083923,-0.0074768,-0.19135,2.5033,-0.091858,0
0.010529,-0.0050354,-0.20203,2.7309,-0.09491,0
0.0083923,-0.0032043,-0.22278,2.2757,-0.097656,0
0.0047302,0.00030518,-0.23804,1.5931,-0.096741,0
0.0010681,-0.00045776,-0.23331,2.0482,-0.092468,0
-0.0033569,-0.0053406,-0.21759,2.9584,-0.088196,0
-0.0047302,-0.0041199,-0.19577,2.9584,-0.085449,0
-0.005188,-0.0016785,-0.16754,2.5033,-0.085449,0
-0.0054932,-0.0041199,-0.1384,2.0482,-0.08606,0
-0.0073242,-0.0048828,-0.10468,2.9584,-0.083008,0
-0.010529,-0.0062561,-0.071106,2.5033,-0.074768,0
-0.009613,-0.0022888,-0.049744,3.186,-0.064697,0
-0.010071,0.0068665,-0.041656,2.7309,-0.055237,0
-0.010986,0.015869,-0.039978,2.7309,-0.047302,0
-0.0068665,0.021515,-0.020142,2.7309,-0.039062,0
0.00045776,0.017395,0.011139,2.0482,-0.031433,0
0.0033569,0.010986,0.024109,2.2757,-0.025024,0
0.0024414,0.010529,0.03006,2.2757,-0.020447,0
-0.0019836,0.0057983,0.018768,2.5033,-0.016785,0
-0.0091553,-0.0010681,-0.012512,2.7309,-0.0097656,0
-0.014343,0.0028992,-0.030518,2.5033,-0.0027466,0
-0.020294,0.0053406,-0.027618,2.0482,0.0021362,0
-0.02533,-0.0053406,-0.034943,2.2757,0.0036621,0
-0.02594,-0.010529,-0.06424,3.186,0.00091553,0
-0.016937,-0.0048828,-0.083923,2.2757,-0.007019,0
-0.0042725,0.007019,-0.084229,2.5033,-0.013733,0
-0.0015259,0.013733,-0.076752,2.2757,-0.016479,0
-0.007019,0.0050354,-0.063019,2.2757,-0.011902,0
-0.01236,-0.0090027,-0.044556,2.5033,-0.0039673,0
-0.0093079,-0.018005,-0.033569,2.0482,-0.00091553,0
-0.0028992,-0.021057,-0.034637,2.2757,-0.0057983,0
0.0050354,-0.01297,-0.023499,2.2757,-0.018311,0
0.0083923,0.012665,0.014496,2.0482,-0.0354,0
0.0039673,0.02594,0.04364,2.5033,-0.054321,0
-0.00045776,0.010681,0.035095,2.2757,-0.072632,0
0.0041199,-0.014038,0.027161,2.2757,-0.088501,0
0.010834,-0.033569,0.062714,1.5931,-0.098267,0
0.011749,-0.04303,0.10834,1.8206,-0.10712,0
0.010223,-0.03067,0.12512,2.5033,-0.11719,0
0.0076294,0.0082397,0.10376,2.0482,-0.1297,0
0.0073242,0.032654,0.075378,2.2757,-0.14526,0
0.010223,0.016785,0.08194,2.9584,-0.16327,0
0.010071,-0.0038147,0.1123,2.2757,-0.17853,0
0.0035095,-0.0085449,0.1265,2.5033,-0.19104,0
0.00076294,-0.010834,0.10468,2.2757,-0.19379,0
0.004425,-0.018616,0.070953,3.186,-0.19043,0
0.0080872,-0.017242,0.042725,3.186,-0.18372,0
0.013885,-0.0079346,0.027161,2.2757,-0.18005,0
0.019073,-0.0068665,0.037842,2.5033,-0.18036,0
0.018921,-0.00091553,0.069733,2.7309,-0.18555,0
0.013885,0.024567,0.098572,2.7309,-0.19073,0
0.0091553,0.050659,0.10498,2.2757,-0.1947,0
0.0053406,0.047302,0.075989,2.0482,-0.19562,0
0.0032043,0.023193,0.030212,1.8206,-0.19562,0
0.0041199,0.0059509,0.0019836,2.0482,-0.19714,0
0.010223,-0.00091553,-0.014343,2.0482,-0.19867,0
0.013275,-0.0088501,-0.039062,2.0482,-0.20294,0
0.0090027,-0.012512,-0.046692,1.8206,-0.20294,0
0.0054932,-0.010834,-0.041351,2.2757,-0.20111,0
0.0022888,-0.010376,-0.040741,2.5033,-0.19531,0
-0.0067139,0.00061035,-0.040741,2.5033,-0.18677,0
-0.014191,0.023804,-0.04837,2.0482,-0.17609,0
-0.015106,0.034485,-0.069275,2.5033,-0.16754,0
-0.01236,0.03479,-0.078583,2.5033,-0.1593,0
-0.012512,0.037537,-0.04837,1.8206,-0.15656,0
-0.01358,0.022278,-0.012817,2.5033,-0.15747,0
-0.0090027,-0.0015259,-0.013885,2.2757,-0.15991,0
-0.0093079,-0.0061035,-0.022736,2.5033,-0.16052,0
-0.014191,0.0059509,-0.00030518,2.5033,-0.15503,0
-0.012054,0.007782,0.018463,2.0482,-0.14435,0
-0.0056458,0.00061035,0.013123,2.2757,-0.13123,0
-0.00076294,-0.0074768,0.0094604,2.7309,-0.12329,0
-0.0033569,-0.015869,0.0086975,2.5033,-0.1236,0
-0.010986,-0.02121,0.011902,1.8206,-0.1297,0
-0.023193,-0.019226,0.042114,1.8206,-0.13977,0
-0.023499,-0.0076294,0.091858,1.3655,-0.15289,0
-0.0064087,0.0038147,0.11261,1.5931,-0.16296,0
0.022278,0.011292,0.1152,2.2757,-0.16022,0
0.036926,0.0094604,0.11353,2.9584,-0.14648,0
0.028687,-0.0041199,0.075989,2.9584,-0.12482,0
0.014343,-0.011749,0.016785,2.9584,-0.10742,0
0.0086975,-0.0013733,-0.025635,2.2757,-0.092163,0
-0.00015259,0.014954,-0.035553,2.5033,-0.081177,0
-0.011902,0.02121,-0.02182,2.9584,-0.069885,0
-0.016174,0.013123,-0.0085449,2.0482,-0.055237,0
-0.011749,0.0012207,0.0010681,2.2757,-0.041809,0
0.00076294,-0.0062561,0.015411,2.5033,-0.030823,0
0.010834,-0.0088501,0.034943,2.5033,-0.021973,0
0.019989,-0.007782,0.060577,2.2757,-0.014648,0
0.020905,-0.0090027,0.08316,2.2757,-0.011292,0
0.014496,-0.016327,0.083923,2.5033,-0.0097656,0
0.0056458,-0.02182,0.062103,2.7309,-0.0085449,0
0.0018311,-0.028992,0.033569,1.5931,-0.0076294,0
0.0033569,-0.043945,0.018768,2.2757,-0.0057983,0
0.0080872,-0.034943,0.022888,2.5033,-0.0021362,0
0.015106,0.0015259,0.028687,2.5033,0.0024414,0
0.015717,0.028381,0.017242,2.2757,0.0082397,0
0.0064087,0.020752,0.0042725,2.2757,0.013123,0
-0.0038147,-0.0013733,0.0054932,2.0482,0.013733,0
-0.0082397,-0.011597,0.011902,2.7309,0.013733,0
-0.0048828,-0.011902,0.027161,2.2757,0.014954,0
0.00015259,-0.010529,0.035858,2.2757,0.019836,0
0.0057983,-0.0071716,0.015717,2.2757,0.028381,0
0.014496,0.0016785,-0.020294,2.0482,0.038147,0
0.017242,0.0073242,-0.042725,1.1379,0.046692,0
0.012207,0.0036621,-0.041046,2.2757,0.054321,0
0.0050354,-0.00045776,-0.020599,2.2757,0.06134,0
0.00045776,-0.0024414,0.023804,2.7309,0.068359,0
-0.0018311,-0.019684,0.068054,1.8206,0.079041,0
-0.0016785,-0.045624,0.074158,1.8206,0.088806,0
-0.0047302,-0.036316,0.069733,1.5931,0.099487,0
-0.012665,0.0030518,0.07431,2.2757,0.10986,0
-0.013428,0.020294,0.068359,2.2757,0.11963,0
-0.0086975,0.0038147,0.039673,2.5033,0.12756,0
-0.0021362,-0.020447,-0.0024414,1.8206,0.1355,0
-0.0010681,-0.027771,-0.019073,2.5033,0.14587,0
-0.0045776,-0.014801,0.0062561,2.9584,0.16113,0
-0.0022888,-0.0024414,0.048065,2.2757,0.18066,0
0.00045776,-0.00030518,0.071564,2.5033,0.20508,0
-0.00015259,0.0022888,0.063934,2.9584,0.22675,0
-0.0015259,0.0056458,0.048065,2.7309,0.24017,0
0.0013733,0.0067139,0.047913,3.186,0.24048,0
0.0048828,0.0082397,0.046844,3.186,0.23102,0
0.0082397,0.0057983,0.040894,2.5033,0.21759,0
0.0074768,-0.0013733,0.027008,1.5931,0.20538,0
0.0073242,-0.0054932,0.004425,1.8206,0.19714,0
0.0083923,-0.0032043,-0.014954,2.0482,0.19653,0
0.010834,-0.00015259,-0.021515,2.0482,0.20508,0
0.017242,-0.00030518,-0.019836,2.5033,0.21759,0
0.025787,-0.0024414,-0.029907,2.5033,0.22827,0
0.025177,-0.0090027,-0.047913,3.186,0.23651,0
0.010986,-0.020294,-0.049286,2.5033,0.24475,0
-0.0030518,-0.021515,-0.019836,2.2757,0.26215,0
-0.00091553,-0.007019,0.0057983,2.5033,0.28473,0
0.015259,0.00015259,-0.0094604,2.9584,0.30884,0
0.02594,-0.0038147,-0.048523,2.2757,0.32318,0
0.022125,-0.0022888,-0.064087,2.0482,0.31921,0
0.011292,0.0090027,-0.039825,2.0482,0.29541,0
0.0045776,0.014343,0.0038147,1.8206,0.2594,0
0.0033569,0.0061035,0.044556,2.0482,0.22156,0
0.00061035,-0.00076294,0.060272,2.2757,0.19196,0
-0.0027466,0.0027466,0.064545,2.0482,0.18066,0
-0.00030518,0.0045776,0.079956,2.2757,0.18372,0
0.00061035,0.0056458,0.09903,3.186,0.19592,0
-0.0047302,0.013123,0.1062,2.2757,0.20142,0
-0.0085449,0.015717,0.10269,2.2757,0.19592,0
-0.007019,0.014801,0.090485,1.8206,0.18585,0
-0.0062561,0.02182,0.071716,1.8206,0.17426,0
0.00061035,0.027161,0.063934,2.2757,0.16663,0
0.0082397,0.022736,0.069885,2.0482,0.16022,0
0.011139,0.015106,0.076599,2.7309,0.15869,0
0.011292,0.012512,0.07431,2.2757,0.15991,0
0.0079346,0.007019,0.055084,2.5033,0.16083,0
0.0024414,0.0054932,0.038605,2.2757,0.15717,0
0,0.018005,0.033722,1.8206,0.14862,0
-0.0030518,0.026093,0.025177,2.5033,0.13428,0
-0.009613,0.015259,0.02121,2.2757,0.11627,0
-0.017395,-0.0053406,0.027161,2.2757,0.095825,0
-0.024719,-0.012817,0.028992,2.0482,0.079651,0
-0.028381,-0.0033569,0.011597,2.0482,0.072021,0
-0.02655,0.00015259,-0.020294,2.7309,0.075989,0
-0.01297,-0.014648,-0.024872,2.5033,0.082397,0
0.0061035,-0.032806,0.021515,2.5033,0.079956,0
0.018921,-0.025635,0.061951,2.0482,0.062866,0
0.019684,0.004425,0.065918,2.2757,0.039978,0
0.013733,0.0086975,0.061951,2.7309,0.024109,0
0.007782,-0.013885,0.056458,2.7309,0.018311,0
0.0076294,-0.019531,0.051422,2.2757,0.018921,0
0.0068665,-0.01709,0.058289,2.2757,0.014648,0
0.0010681,-0.012817,0.08606,2.5033,-0.0030518,0
-0.0093079,0.0082397,0.11734,2.5033,-0.028076,0
-0.012817,0.016632,0.12375,2.5033,-0.052795,0
-0.0036621,0.0085449,0.14481,2.5033,-0.072327,0
0.0032043,-0.0073242,0.17654,2.9584,-0.091858,0
-0.0021362,-0.037842,0.15717,2.5033,-0.10864,0
-0.0080872,-0.0383,0.10605,2.7309,-0.1236,0
-0.014648,0.0083923,0.086823,2.0482,-0.13031,0
-0.015564,0.036469,0.085602,2.0482,-0.13214,0
-0.015259,0.012512,0.048828,2.7309,-0.12848,0
-0.013275,-0.0082397,-0.015259,2.2757,-0.12085,0
-0.0097656,0.012207,-0.061188,2.5033,-0.11353,0
-0.0097656,0.038605,-0.086517,2.5033,-0.10956,0
-0.0099182,0.041962,-0.1062,2.2757,-0.11322,0
-0.0086975,0.0383,-0.10498,2.2757,-0.1239,0
-0.0086975,0.041504,-0.073547,2.2757,-0.13885,0
-0.014496,0.053101,-0.033112,1.8206,-0.15137,0
-0.019836,0.063171,-0.0061035,2.7309,-0.16418,0
-0.016479,0.056763,0.0062561,2.2757,-0.17181,0
-0.0080872,0.033722,0.02121,2.2757,-0.17517,0
0.0042725,0.0083923,0.037689,1.8206,-0.17426,0
0.018616,-0.010376,0.0354,1.8206,-0.17517,0
0.030212,-0.018463,0.028687,2.2757,-0.1828,0
0.03006,-0.015717,0.041199,1.5931,-0.19409,0
0.024414,-0.015869,0.061798,2.0482,-0.20691,0
0.017242,-0.022278,0.057526,1.8206,-0.21637,0
0.016479,-0.028229,0.02655,1.5931,-0.21973,0
0.019379,-0.027466,0.010223,2.0482,-0.22125,0
0.01709,-0.024414,0.026703,2.5033,-0.224,0
0.0073242,-0.024109,0.038605,2.2757,-0.23285,0
0.0028992,-0.023804,0.025177,2.7309,-0.2478,0
0.0010681,-0.031586,0.0090027,1.8206,-0.26093,0
-0.0018311,-0.036621,0.0021362,2.5033,-0.26886,0
0.0022888,-0.03006,0.0074768,2.2757,-0.27252,0
0.010376,-0.02243,0.023346,2.2757,-0.27618,0
0.013123,-0.021515,0.023956,1.8206,-0.27252,0
0.014801,-0.020905,0.00045776,2.2757,-0.25085,0
0.020905,-0.016022,-0.039368,2.5033,-0.22186,0
0.024414,-0.0090027,-0.074615,2.0482,-0.19989,0
0.02243,-0.0039673,-0.084991,2.7309,-0.18341,0
0.018311,-0.0061035,-0.08194,2.5033,-0.16266,0
0.014954,-0.0068665,-0.076752,2.7309,-0.13214,0
0.0085449,-0.0016785,-0.074158,2.5033,-0.099182,0
0.00091553,-0.00061035,-0.078125,1.8206,-0.066833,0
-0.0038147,-0.0085449,-0.093842,2.7309,-0.045776,0
-0.0068665,-0.022888,-0.12589,2.7309,-0.052795,0
-0.0082397,-0.029449,-0.15503,2.2757,-0.098267,0
-0.0097656,-0.016479,-0.14969,1.8206,-0.17303,0
-0.012207,-0.0010681,-0.121,1.8206,-0.23865,0
-0.017853,0.00030518,-0.10147,1.5931,-0.27161,0
-0.021515,0.0015259,-0.077209,2.0482,-0.26337,0
-0.023804,0.0085449,-0.046082,1.8206,-0.21881,0
-0.023041,0.020599,-0.023193,2.2757,-0.14832,0
-0.019379,0.026093,-0.0080872,2.2757,-0.067444,0
-0.015869,0.014038,0.0090027,2.0482,0.015564,0
-0.0062561,0.0050354,0.031738,2.9584,0.08667,0
0.0015259,0.007019,0.046997,2.5033,0.14404,0
-0.00045776,0.0067139,0.040588,2.5033,0.1825,0
-0.0033569,-0.0057983,0.038147,2.0482,0.19806,0
-0.00015259,-0.020142,0.055084,2.0482,0.18921,0
0.0057983,-0.010223,0.08667,2.0482,0.16113,0
0.005188,0.018463,0.14038,1.8206,0.1297,0
0.0030518,0.029144,0.19135,1.8206,0.10254,0
0.0030518,0.025787,0.19333,2.2757,0.080566,0
-0.0010681,0.027771,0.15793,2.2757,0.057678,0
-0.0080872,0.042877,0.14496,2.5033,0.030212,0
-0.011902,0.051575,0.1474,2.2757,-0.0027466,0
0.0028992,0.022125,0.11307,2.5033,-0.035095,0
0.0090027,-0.015869,0.065308,2.5033,-0.058289,0
0.011902,-0.025482,0.065308,2.2757,-0.072327,0
0.0085449,-0.013885,0.10925,2.0482,-0.081177,0
0.00061035,0,0.13702,2.0482,-0.090027,0
-0.0021362,0.0042725,0.11002,2.7309,-0.093384,0
-0.0018311,-0.0013733,0.061035,2.9584,-0.092468,0
-0.0074768,-0.017242,0.012817,2.7309,-0.091858,0
-0.011749,-0.014038,-0.027924,2.2757,-0.10406,0
-0.017242,0.0039673,-0.043793,2.5033,-0.12299,0
-0.019226,-0.0016785,-0.05188,2.7309,-0.12329,0
-0.014954,-0.0097656,-0.057373,2.9584,-0.084229,0
-0.010681,0.018005,-0.040283,3.186,-0.011597,0
-0.015106,0.045471,-0.018768,2.9584,0.073547,0
-0.020599,0.039978,-0.013275,3.186,0.14771,0
-0.024414,0.017548,-0.011139,2.9584,0.19928,0
-0.016632,0.0027466,-0.0088501,2.7309,0.22552,0
0.0054932,-0.0022888,-0.018768,2.5033,0.23132,0
0.023041,-0.010376,-0.052032,2.2757,0.22797,0
0.021057,-0.020294,-0.094452,2.2757,0.22614,0
0.0086975,-0.017548,-0.12375,2.2757,0.23529,0
0.0039673,0.0015259,-0.12527,2.0482,0.25665,0
0.0088501,0.020752,-0.088348,1.8206,0.28595,0
0.015717,0.023193,-0.051422,2.0482,0.30914,0
0.01709,0.0035095,-0.054932,2.0482,0.31311,0
0.0088501,-0.012817,-0.090942,2.9584,0.29053,0
0.002594,-0.0036621,-0.10727,2.2757,0.25024,0
0.005188,0.0036621,-0.079346,2.5033,0.21118,0
0.0090027,-0.010071,-0.05249,2.0482,0.18616,0
0.011597,-0.02243,-0.063324,2.7309,0.18158,0
0.011902,-0.019379,-0.090332,2.0482,0.18646,0
0.013123,-0.012665,-0.097504,2.5033,0.18921,0
0.010834,-0.012817,-0.076752,2.2757,0.18097,0
0.0073242,-0.015411,-0.03006,2.5033,0.16235,0
0.012817,-0.019379,0.010071,2.0482,0.14557,0
0.014191,-0.032501,0.023041,2.2757,0.13855,0
0.0028992,-0.041656,0.041199,2.5033,0.14282,0
-0.0097656,-0.027466,0.090637,2.2757,0.15594,0
-0.019073,-0.0028992,0.12482,2.5033,0.17181,0
-0.019226,-0.0016785,0.08728,1.8206,0.1825,0
-0.007782,-0.011444,0.022125,2.5033,0.18616,0
-0.0018311,-0.0030518,-0.0013733,2.2757,0.18707,0
-0.00076294,0.016632,0.0045776,2.7309,0.18921,0
-0.00061035,0.018921,0.0045776,2.9584,0.19287,0
-0.00076294,0.0067139,0.015564,2.7309,0.19897,0
-0.0010681,0.0086975,0.045624,2.7309,0.20111,0
-0.00030518,0.016022,0.047913,2.0482,0.1947,0
-0.00061035,0.012054,0.021667,2.5033,0.18036,0
-0.00076294,0.00091553,0.016937,2.5033,0.16785,0
-0.00076294,-0.0090027,0.027008,2.7309,0.16785,0
-0.0035095,-0.011902,0.012207,2.7309,0.18799,0
-0.0032043,-0.010834,-0.009613,3.186,0.21881,0
-0.00030518,-0.012665,-0.015564,2.7309,0.2536,0
0.00091553,-0.007782,-0.009613,2.9584,0.27954,0
-0.0013733,-0.0068665,-0.0048828,2.5033,0.28107,0
-0.0041199,-0.0088501,0.0041199,2.7309,0.25543,0
-0.0062561,-0.0019836,0.017853,2.9584,0.21423,0
-0.004425,-0.00076294,0.024109,2.2757,0.17151,0
-0.0016785,-0.011139,0.0073242,2.2757,0.13885,0
-0.00076294,-0.021362,-0.02655,2.2757,0.12146,0
-0.0019836,-0.0080872,-0.056763,2.7309,0.11932,0
-0.0030518,0.0068665,-0.061951,2.9584,0.12573,0
-0.0039673,-0.00030518,-0.043793,2.7309,0.13489,0
0.0018311,-0.018005,-0.018311,2.0482,0.14404,0
0.0083923,-0.026703,0.0024414,2.5033,0.14984,0
0.01236,-0.016785,0.04303,1.8206,0.15503,0
0.01236,0.012207,0.076141,2.7309,0.15991,0
0.0079346,0.038452,0.078888,2.0482,0.17151,0
0.0015259,0.031128,0.087128,2.0482,0.1889,0
-0.0035095,-0.00045776,0.097961,2.0482,0.2005,0
-0.0090027,-0.023346,0.10162,2.5033,0.20233,0
-0.013733,-0.02594,0.11719,2.0482,0.19684,0
-0.016327,-0.018311,0.13535,2.5033,0.19348,0
-0.015411,-0.007019,0.12085,2.5033,0.19958,0
-0.010529,-0.0073242,0.079651,2.5033,0.2124,0
-0.0086975,-0.014038,0.049438,2.7309,0.22247,0
-0.011292,-0.0079346,0.039825,2.0482,0.21881,0
-0.012054,0.00045776,0.037689,2.5033,0.19562,0
-0.01297,-0.004425,0.023956,2.9584,0.15656,0
-0.014954,-0.014038,-0.0064087,2.5033,0.10864,0
-0.019836,0.0039673,-0.031586,2.0482,0.061951,0
-0.017853,0.038757,-0.044403,1.8206,0.016785,0
-0.0065613,0.04364,-0.06897,2.9584,-0.032959,0
0.011444,0.023346,-0.099335,2.2757,-0.089417,0
0.025177,0.024719,-0.10925,3.186,-0.13092,0
0.026855,0.037994,-0.12451,2.9584,-0.13245,0
0.013428,0.037384,-0.14832,2.5033,-0.094604,0
0,0.026855,-0.15167,2.2757,-0.02655,0
-0.0082397,0.014191,-0.12497,2.5033,0.059204,0
-0.013885,-0.0028992,-0.065002,2.2757,0.15625,0
-0.023499,-0.016632,-0.00045776,2.9584,0.25238,0
-0.031433,-0.021515,0.020599,2.9584,0.32776,0
-0.032806,-0.021057,0.0067139,3.186,0.3595,0
-0.02182,-0.012512,0.021515,2.5033,0.35065,0
-0.0039673,-0.0080872,0.06546,2.7309,0.31494,0
0.0068665,-0.022583,0.072784,2.7309,0.27496,0
0.0057983,-0.029907,0.049591,2.2757,0.24811,0
0.00030518,-0.016937,0.028076,2.7309,0.23834,0
0.00030518,-0.01297,0.015259,2.0482,0.23804,0
0.0071716,-0.014496,-0.011902,1.8206,0.2356,0
0.010681,-0.0056458,-0.067749,2.2757,0.22339,0
0.011597,0.011749,-0.11353,2.0482,0.20294,0
0.011444,0.026703,-0.10162,2.2757,0.18219,0
0.011597,0.021515,-0.069427,2.5033,0.16937,0
0.011597,0.011749,-0.073242,2.2757,0.16388,0
0.011444,0.011597,-0.089417,2.9584,0.16693,0
0.011597,0.0079346,-0.098267,2.7309,0.17181,0
0.011597,-0.002594,-0.095215,2.7309,0.17303,0
0.011597,-0.0033569,-0.059967,2.2757,0.16266,0
0.011444,0.011139,-0.019531,2.5033,0.14282,0
0.011444,0.024719,-0.022888,2.2757,0.11627,0
0.010834,0.029297,-0.039825,2.0482,0.090637,0
0.0073242,0.030212,-0.045624,2.5033,0.074768,0
0.019226,0.030365,-0.046997,1.8206,0.073547,0
0.03067,0.022736,-0.026398,2.5033,0.077209,0
0.029602,0.019684,-0.0067139,2.0482,0.074158,0
0.019226,0.0090027,-0.0097656,2.2757,0.058899,0
0.0088501,-0.0083923,-0.03006,2.2757,0.036926,0
0.0050354,-0.0083923,-0.036163,2.2757,0.018616,0
0.0019836,0.0042725,-0.019684,2.7309,0.0030518,0
-0.0030518,0.0085449,-0.010223,2.7309,-0.007019,0
-0.0079346,-0.00061035,0.0039673,2.7309,-0.015259,0
-0.0064087,-0.011139,0.031738,2.7309,-0.019531,0
-0.002594,-0.012512,0.032806,1.8206,-0.018616,0
-0.0022888,-0.010529,0.021973,2.2757,-0.0177,0
-0.0018311,-0.0090027,0.017548,2.5033,-0.010376,0
0.0039673,-0.0088501,0.016632,2.2757,0.0021362,0
0.011749,-0.0091553,0.016632,2.9584,0.010986,0
0.019989,-0.0090027,0.016479,2.7309,0.0045776,0
0.022583,-0.0085449,0.016479,2.5033,-0.011292,0
0.016632,-0.0086975,0.016632,1.8206,-0.018616,0
0.0085449,-0.0088501,0.016937,2.0482,-0.0012207,0
0.0042725,-0.0088501,0.016632,3.186,0.036011,0
0.0013733,-0.0093079,0.016785,2.7309,0.072327,0
0.0022888,0.031128,0.019836,2.0482,0.093994,0
0.010071,0.061188,0.014191,2.0482,0.09491,0
0.014343,0.037842,0.0050354,2.5033,0.081177,0
0.011292,0.010071,0.0079346,2.5033,0.057068,0
0.0062561,0.010071,0.03006,2.2757,0.026245,0
0.0024414,0.018616,0.081787,2.5033,-0.0082397,0
-0.0027466,0.024567,0.15015,2.5033,-0.042419,0
-0.0039673,0.033569,0.16968,1.8206,-0.072021,0
0.0010681,0.025177,0.12161,2.2757,-0.091553,0
0.0047302,0.00030518,0.062256,2.2757,-0.09491,0
0.0027466,-0.0085449,0.042267,2.5033,-0.083923,0
-0.0019836,-0.00061035,0.040436,2.0482,-0.068054,0
-0.00091553,0.0050354,0.034943,1.8206,-0.052795,0
0.0033569,-0.0073242,0.024261,2.0482,-0.050659,0
0.0030518,-0.02655,0.028229,2.0482,-0.06012,0
0,-0.017853,0.04425,1.8206,-0.07843,0
-0.0039673,0.0030518,0.027466,1.8206,-0.10162,0
-0.0071716,-0.0041199,-0.013733,1.8206,-0.12421,0
-0.011444,-0.019836,-0.020752,2.5033,-0.13947,0
-0.015106,-0.0177,0.0019836,2.2757,-0.14069,0
-0.013123,-0.016479,0.013885,2.2757,-0.13275,0
-0.0022888,-0.019989,0.012512,2.2757,-0.12817,0
0.011444,-0.012512,0.018768,2.5033,-0.13519,0
0.031738,-0.00061035,0.030365,2.2757,-0.15137,0
0.044098,-0.0018311,0.028381,2.2757,-0.16327,0
0.037842,-0.014648,-0.00045776,2.5033,-0.16602,0
0.026855,-0.016327,-0.036469,2.2757,-0.16022,0
0.022736,-0.0045776,-0.043335,2.9584,-0.15015,0
0.022736,0.01236,-0.010071,2.7309,-0.1413,0
0.020142,0.024719,0.026093,3.186,-0.13428,0
0.014954,0.018616,0.044708,2.5033,-0.12787,0
0.0035095,0.004425,0.059204,2.2757,-0.12299,0
-0.009613,0.0030518,0.068665,2.5033,-0.12207,0
-0.018921,0.0062561,0.055084,2.5033,-0.12451,0
-0.019989,-0.0053406,0.026093,2.7309,-0.12543,0
-0.016937,-0.007782,0.0086975,3.186,-0.12177,0
-0.013428,0.014496,-0.0065613,2.7309,-0.11322,0
-0.010071,0.027008,-0.041809,2.7309,-0.10223,0
-0.0097656,0.019989,-0.074005,2.7309,-0.090942,0
-0.012512,0.012817,-0.081329,2.2757,-0.079041,0
-0.019989,0.004425,-0.065918,3.6411,-0.066833,0
-0.026398,-0.011902,-0.059662,2.7309,-0.057068,0
-0.02594,-0.023346,-0.07431,2.2757,-0.049438,0
-0.02182,-0.029297,-0.079346,2.9584,-0.046692,0
-0.019073,-0.042267,-0.067749,2.7309,-0.048828,0
-0.016174,-0.052948,-0.057068,2.9584,-0.056152,0
-0.01709,-0.066376,-0.070801,2.7309,-0.064697,0
-0.019684,-0.068817,-0.065918,1.8206,-0.071106,0
-0.023193,-0.022888,-0.017395,2.0482,-0.069275,0
-0.024261,0.036774,0.0013733,2.0482,-0.059204,0
-0.021362,0.065918,-0.0054932,2.0482,-0.042419,0
-0.015259,0.071869,-0.0093079,2.5033,-0.031738,0
-0.011139,0.071716,-0.010529,2.2757,-0.033569,0
-0.0056458,0.071869,-0.010529,2.5033,-0.04303,0
-0.0045776,0.071411,-0.010376,2.5033,-0.050964,0
-0.0024414,0.071411,-0.010529,2.7309,-0.050964,0
0.0057983,0.071564,-0.010071,1.5931,-0.047913,0
0.014038,0.071869,-0.010529,2.2757,-0.035095,0
0.011292,0.071411,-0.010681,2.0482,-0.017395,0
0.0061035,0.071869,-0.010529,2.0482,0.00061035,0
0.0018311,0.071716,-0.010223,1.8206,0.019226,0
0.0027466,0.071869,-0.010223,2.0482,0.03418,0
0.0036621,0.071564,-0.0099182,1.8206,0.045471,0
0.0028992,0.042572,0.032959,2.2757,0.055847,0
0.0056458,0.010529,0.084839,2.5033,0.066833,0
0.0094604,-0.0099182,0.11154,2.2757,0.075989,0
0.011292,-0.021515,0.11581,2.7309,0.081787,0
0.011139,-0.023956,0.10284,2.5033,0.082703,0
0.0067139,-0.030365,0.086365,2.7309,0.079651,0
0.0054932,-0.026855,0.086365,2.9584,0.076599,0
0.0094604,-0.0062561,0.086823,2.7309,0.075684,0
0.013885,0.0056458,0.059357,2.5033,0.072632,0
0.014038,-0.0010681,0.027771,3.186,0.064392,0
0.0073242,-0.010223,0.03891,2.9584,0.050049,0
0,-0.016785,0.06134,3.186,0.032654,0
-0.0048828,-0.023956,0.041809,3.186,0.017395,0
-0.010681,-0.017853,0.017853,2.9584,0.0082397,0
-0.016785,0.002594,0.036163,2.0482,0.0045776,0
-0.017548,0.0068665,0.052643,2.5033,0.010681,0
-0.012512,-0.019836,0.019989,2.2757,0.018311,0
-0.0062561,-0.043182,0.004425,2.7309,0.025635,0
-0.0080872,-0.046082,0.025482,2.5033,0.030518,0
-0.017242,-0.028381,0.03479,2.2757,0.036316,0
-0.018311,-0.0047302,0.043488,2.2757,0.046082,0
-0.0061035,0.0059509,0.056763,1.8206,0.06134,0
0.0054932,0.0097656,0.048828,2.5033,0.083008,0
0.0062561,0.013275,0.025635,2.2757,0.11169,0
-0.0033569,0.017242,0.022278,1.5931,0.14221,0
-0.013123,0.025177,0.041962,2.5033,0.16571,0
-0.015259,0.037231,0.051422,2.7309,0.17456,0
-0.013275,0.050049,0.050659,2.2757,0.16235,0
-0.0085449,0.047913,0.037537,2.5033,0.13214,0
0.0016785,0.026855,-0.016785,2.2757,0.094604,0
0.0064087,0.013428,-0.086975,2.7309,0.065918,0
0.0036621,0.014191,-0.11948,2.0482,0.051575,0
-0.00030518,0.020142,-0.088959,2.0482,0.051575,0
-0.00045776,0.030365,-0.032959,2.2757,0.059204,0
0.0050354,0.02594,-0.018921,2.2757,0.059204,0
0.013733,-0.00091553,-0.045166,2.7309,0.05188,0
0.025024,-0.016479,-0.04837,2.7309,0.044861,0
0.024414,-0.011902,-0.0047302,2.2757,0.043335,0
0.015717,-0.017853,0.03479,2.2757,0.049744,0
0.007782,-0.028839,0.037994,2.2757,0.061035,0
0.0050354,-0.019989,0.0177,2.0482,0.069885,0
0.0059509,-0.015564,-0.0050354,2.0482,0.076599,0
0.0079346,-0.021667,-0.0059509,2.7309,0.075684,0
0.0071716,-0.011902,0.020142,2.2757,0.070496,0
0.0054932,-0.0048828,0.068512,2.0482,0.064392,0
0.0059509,-0.013275,0.10849,2.2757,0.063171,0
0.0054932,-0.0036621,0.10803,2.2757,0.075989,0
0.0083923,0.0032043,0.082855,2.2757,0.096436,0
0.014038,-0.013885,0.0737,2.5033,0.11536,0
0.015564,-0.019531,0.076752,2.7309,0.12207,0
0.012512,-0.0042725,0.046539,2.7309,0.11902,0
0.0035095,0.0061035,-0.0012207,2.7309,0.11047,0
-0.0027466,0.0062561,-0.0024414,2.9584,0.10468,0
-0.0038147,-0.0012207,0.018311,2.5033,0.10559,0
-0.0068665,-0.0094604,-0.010834,2.2757,0.11353,0
-0.011139,-0.0013733,-0.059814,2.7309,0.12299,0
-0.011292,0.015106,-0.071259,2.5033,0.12787,0
-0.014648,0.013275,-0.049896,2.5033,0.12238,0
-0.021973,0.0048828,-0.014648,3.186,0.10956,0
-0.028687,-0.0039673,0.0027466,2.7309,0.093079,0
-0.03006,-0.0056458,0.014191,3.186,0.080872,0
-0.026398,0.0038147,0.043488,2.5033,0.075378,0
-0.020905,-0.0019836,0.081787,2.7309,0.070801,0
-0.020142,-0.005188,0.10666,2.9584,0.06134,0
-0.019226,0.011139,0.10071,2.2757,0.048523,0
-0.013275,0.019531,0.091095,1.8206,0.037231,0
-0.0056458,0.0090027,0.079193,2.2757,0.032043,0
-0.00045776,-0.0012207,0.059357,2.0482,0.032349,0
-0.00061035,0.00030518,0.058289,1.8206,0.040283,0
-0.0062561,0.0062561,0.065002,1.8206,0.044861,0
-0.0041199,0.0088501,0.045013,1.8206,0.046082,0
-0.00015259,0.0082397,0.0086975,2.0482,0.047302,0
0.0032043,-0.0016785,-0.032654,2.0482,0.05188,0
0.0059509,-0.028381,-0.10101,2.2757,0.055847,0
0.007019,-0.042572,-0.16724,2.5033,0.059814,0
0.010529,-0.030365,-0.17731,2.0482,0.064697,0
0.014801,-0.011139,-0.1474,1.8206,0.071716,0
0.016937,0.002594,-0.12619,2.2757,0.077209,0
0.011902,0.023499,-0.10574,2.5033,0.079956,0
0.0059509,0.036011,-0.08667,2.9584,0.080261,0
0.00061035,0.010834,-0.097961,2.0482,0.079346,0
-0.0067139,-0.025635,-0.10437,2.0482,0.079346,0
-0.0093079,-0.031738,-0.054016,2.9584,0.082397,0
-0.007019,-0.020142,0.018311,2.5033,0.086365,0
-0.0082397,-0.010681,0.041046,2.5033,0.090027,0
-0.01358,-0.0059509,0.033875,3.186,0.08667,0
-0.010834,-0.0022888,0.059357,2.9584,0.073547,0
0.0013733,-0.005188,0.10681,2.7309,0.052795,0
0.013733,-0.010681,0.12421,2.2757,0.032349,0
0.019989,-0.0067139,0.10513,2.5033,0.014648,0
0.022888,-0.0053406,0.069122,2.5033,0.0067139,0
0.025482,-0.018616,0.056915,3.186,0.0057983,0
0.025482,-0.033722,0.07019,2.2757,0.0082397,0
0.028229,-0.032196,0.067749,2.2757,0.010681,0
0.023651,-0.014038,0.040436,2.2757,0.0082397,0
0.015106,-0.0016785,0.016632,2.5033,0.0039673,0
0.0090027,-0.01297,-0.0036621,3.186,0.0039673,0
0.0068665,-0.023346,-0.02121,2.7309,0.0097656,0
0.0045776,-0.020905,-0.022583,2.7309,0.018921,0
0.00091553,-0.025177,-0.013275,2.2757,0.032043,0
-0.0036621,-0.023804,0.0010681,2.2757,0.044861,0
-0.0065613,-0.0073242,0.020599,2.7309,0.054321,0
-0.0097656,0.00061035,0.017395,2.5033,0.059814,0
-0.016022,0.0015259,-0.0079346,2.7309,0.062561,0
-0.024872,0.0035095,-0.021667,2.5033,0.062561,0
-0.019684,0.00091553,-0.0062561,2.0482,0.061035,0
-0.0045776,-0.0074768,0.024109,2.7309,0.055237,0
0.009613,-0.0082397,0.023193,2.5033,0.04425,0
0.020294,0.0065613,-0.011749,2.7309,0.028381,0
0.01358,0.020142,-0.045471,2.2757,0.010071,0
-0.0062561,0.016022,-0.075378,2.5033,-0.0039673,0
-0.022583,0.0033569,-0.092926,2.2757,-0.011902,0
-0.036011,-0.00061035,-0.086517,2.7309,-0.014648,0
-0.038147,-0.00030518,-0.04837,1.3655,-0.016479,0
-0.025024,0.00045776,-0.00076294,2.2757,-0.020142,0
-0.0024414,0.0027466,0.040283,2.2757,-0.026855,0
0.016632,0.0028992,0.069275,2.5033,-0.036316,0
0.027618,-0.0059509,0.098267,2.0482,-0.044556,0
0.028687,-0.013885,0.11795,2.2757,-0.050354,0
0.024872,-0.010986,0.11597,2.0482,-0.050354,0
0.025177,0.0047302,0.11169,2.0482,-0.048828,0
0.025635,0.020447,0.10742,1.8206,-0.044556,0
0.022736,0.014648,0.093231,2.5033,-0.039062,0
0.018616,-0.0076294,0.076599,2.5033,-0.036316,0
0.01709,-0.020142,0.07019,2.5033,-0.035095,0
0.018158,-0.015106,0.060425,2.7309,-0.036621,0
0.016479,-0.0033569,0.031891,2.9584,-0.039062,0
0.01358,0.0048828,-0.0010681,2.7309,-0.041504,0
0.013275,0.010223,-0.015411,2.7309,-0.041809,0
0.012207,0.014648,-0.005188,2.2757,-0.039673,0
0.010223,0.0094604,0.0082397,2.7309,-0.035706,0
0.0093079,-0.0035095,0.010834,2.2757,-0.030823,0
0.0090027,-0.0076294,0.018311,2.5033,-0.02594,0
0.0041199,-0.0010681,0.032654,2.7309,-0.022888,0
-0.00091553,0.0039673,0.040131,2.2757,-0.020142,0
-0.0041199,0.0045776,0.039978,2.7309,-0.01709,0
-0.0048828,0,0.042572,2.2757,-0.015869,0
-0.0041199,-0.0032043,0.055695,2.7309,-0.013123,0
-0.0048828,0.00030518,0.077667,2.5033,-0.0085449,0
-0.0086975,0.0053406,0.087128,2.9584,-0.0039673,0
-0.010376,0.0086975,0.075531,2.7309,-0.00091553,0
-0.01358,0.0093079,0.059662,2.5033,0.0021362,0
-0.016022,0.0059509,0.049896,2.2757,0.0033569,0
-0.012512,0.0028992,0.048981,2.5033,0.0033569,0
-0.0076294,-0.00015259,0.045776,2.2757,0.0021362,0
-0.0059509,-0.002594,0.044556,2.5033,-0.00091553,0
-0.0065613,-0.0047302,0.046539,2.2757,-0.0036621,0
-0.0056458,-0.0086975,0.052948,2.0482,-0.0057983,0
0.00015259,-0.0076294,0.06958,1.8206,-0.0073242,0
0.0061035,-0.0039673,0.081635,2.5033,-0.0088501,0
0.0079346,0.00076294,0.077209,2.5033,-0.010071,0
0.0038147,0.0013733,0.060577,1.8206,-0.010376,0
-0.0022888,-0.0018311,0.040283,2.0482,-0.010376,0
-0.0036621,-0.002594,0.024567,2.2757,-0.011292,0
-0.0061035,0.00015259,0.031281,1.8206,-0.0097656,0
-0.0091553,0.0024414,0.050049,1.8206,-0.0054932,0
-0.0071716,0.0016785,0.060272,2.2757,0.00030518,0
0.00015259,-0.0012207,0.057678,2.0482,0.0061035,0
0.0057983,-0.0045776,0.049744,1.8206,0.013428,0
0.014496,-0.0038147,0.042572,2.0482,0.019531,0
0.016327,-0.0019836,0.03006,2.5033,0.025024,0
0.014343,-0.0027466,0.011749,2.2757,0.028381,0
0.0091553,-0.0038147,-0.0016785,2.9584,0.030518,0
0.005188,-0.005188,-0.0064087,2.7309,0.032043,0
-0.0010681,-0.0039673,-0.0032043,2.0482,0.0354,0
-0.0094604,-0.0015259,0.0036621,1.8206,0.039978,0
-0.015564,-0.0028992,-0.0068665,2.7309,0.044861,0
-0.018616,-0.00015259,-0.042419,2.7309,0.048523,0
-0.016937,0.015259,-0.066986,2.2757,0.049744,0
-0.0057983,0.023193,-0.069122,2.7309,0.048828,0
0.0053406,0.020447,-0.045929,2.5033,0.045471,0
0.013885,0.016327,0.0054932,2.2757,0.041809,0
0.018921,0.014648,0.053864,2.5033,0.038147,0
0.018311,0.010986,0.080566,2.9584,0.03479,0
0.007782,0.0083923,0.099182,2.5033,0.031738,0
-0.0065613,0.0057983,0.11322,2.0482,0.031738,0
-0.010376,0.0010681,0.10941,2.5033,0.031738,0
-0.0091553,0,0.089722,2.2757,0.031433,0
-0.0090027,-0.0018311,0.06485,2.2757,0.031433,0
-0.004425,-0.01236,0.046387,2.2757,0.031433,0
0.0062561,-0.010223,0.048065,2.5033,0.029602,0
0.012207,0.010834,0.057831,2.0482,0.028076,0
0.010986,0.017242,0.044708,2.5033,0.028076,0
0.0028992,0.0028992,0.0035095,3.186,0.028381,0
-0.0062561,-0.011597,-0.02594,2.0482,0.028076,0
-0.01297,-0.015564,-0.023956,2.7309,0.026245,0
-0.014496,-0.0047302,0.0024414,2.5033,0.026245,0
-0.011597,0.0038147,0.030365,2.5033,0.026855,0
-0.0076294,-0.0038147,0.034943,2.0482,0.02655,0
-0.0057983,-0.015717,0.01236,2.7309,0.025635,0
-0.0056458,-0.015869,-0.0080872,1.8206,0.026245,0
-0.0080872,-0.0053406,-0.013123,2.2757,0.02533,0
-0.014191,0.0032043,-0.020142,1.8206,0.025024,0
-0.018768,-0.00015259,-0.041962,1.8206,0.024414,0
-0.018005,-0.0028992,-0.052185,1.5931,0.024414,0
-0.0035095,0.0019836,-0.040283,2.2757,0.026855,0
0.015106,0.0042725,-0.031433,2.0482,0.028076,0
0.023193,-0.00045776,-0.037689,2.0482,0.029907,0
0.01709,-0.005188,-0.042267,2.5033,0.030823,0
0.0056458,0.0010681,-0.025787,2.5033,0.031738,0
0.00076294,0.012665,0.009613,2.0482,0.030518,0
0.0033569,0.019073,0.041656,1.8206,0.028687,0
0.0097656,0.018311,0.062103,2.5033,0.024719,0
0.0082397,0.014954,0.069427,2.2757,0.021667,0
0.0053406,0.010223,0.06012,2.7309,0.018616,0
0.0045776,0.0065613,0.038452,2.5033,0.0177,0
0.0050354,0.0068665,0.031433,2.5033,0.018005,0
0.0016785,0.0067139,0.039978,2.2757,0.018616,0
-0.00091553,0.0061035,0.045166,2.7309,0.018005,0
0.002594,0.0042725,0.046844,2.7309,0.017395,0
0.010223,0.002594,0.037842,3.6411,0.014954,0
0.013275,0.0010681,0.012817,2.5033,0.014954,0
0.012207,0.0028992,-0.0094604,2.0482,0.013123,0
0.0091553,0.0036621,-0.022736,2.7309,0.011902,0
0.010834,0.0047302,-0.030823,2.5033,0.011292,0
0.014038,0.0039673,-0.041504,2.5033,0.0079346,0
0.010223,0.0033569,-0.055084,2.7309,0.0048828,0
0.0030518,0.00061035,-0.058594,2.9584,0.0015259,0
-0.0019836,-0.0041199,-0.054932,2.5033,0,0
-0.0080872,-0.0068665,-0.053864,2.9584,-0.0030518,0
-0.014343,-0.012665,-0.064697,2.5033,-0.0061035,0
-0.013428,-0.021973,-0.062714,2.9584,-0.0097656,0
-0.010529,-0.031738,-0.02655,2.5033,-0.012817,0
-0.010986,-0.039368,0.016785,1.8206,-0.016479,0
-0.012054,-0.042725,0.037384,1.8206,-0.024109,0
-0.012512,-0.042419,0.027161,1.5931,-0.029297,0
-0.010529,-0.042267,-0.00061035,1.5931,-0.032959,0
-0.0054932,-0.045319,-0.034943,2.0482,-0.036621,0
-0.0036621,-0.048828,-0.067902,2.2757,-0.041199,0
-0.0042725,-0.049286,-0.094299,2.0482,-0.044861,0
-0.0032043,-0.048523,-0.11017,1.8206,-0.048523,0
0.0015259,-0.045166,-0.1181,2.2757,-0.050354,0
0.0036621,-0.040741,-0.11932,2.2757,-0.052795,0
0.0045776,-0.037842,-0.11841,2.2757,-0.053406,0
0.0065613,-0.03418,-0.11536,2.2757,-0.055847,0
0.011444,-0.029297,-0.1091,2.0482,-0.057678,0
0.013275,-0.024567,-0.098724,2.0482,-0.059509,0
0.010376,-0.0177,-0.093384,1.8206,-0.06134,0
0.005188,-0.013733,-0.10178,2.0482,-0.063171,0
0.0036621,-0.015106,-0.11765,1.8206,-0.065918,0
0.0035095,-0.01358,-0.12634,2.2757,-0.067139,0
0.0015259,-0.0067139,-0.1236,2.0482,-0.067749,0
-0.00076294,0.0022888,-0.11475,2.5033,-0.07019,0
-0.0013733,0.010223,-0.10529,2.5033,-0.069275,0
0.0028992,0.016937,-0.090637,2.7309,-0.066833,0
0.012665,0.022125,-0.067596,2.9584,-0.063477,0
0.023041,0.023499,-0.041504,2.2757,-0.058289,0
0.029602,0.025177,-0.026245,2.2757,-0.053406,0
0.021667,0.028229,-0.022278,2.5033,-0.050354,0
0.0050354,0.033112,-0.020142,2.5033,-0.046387,0
-0.0059509,0.036316,-0.025787,2.5033,-0.04425,0
-0.0047302,0.034332,-0.041046,2.5033,-0.04303,0
-0.0033569,0.028839,-0.054169,2.5033,-0.041199,0
-0.0045776,0.027924,-0.06012,2.2757,-0.040283,0
-0.0056458,0.029602,-0.057526,2.2757,-0.038757,0
-0.0061035,0.028992,-0.052643,2.5033,-0.038452,0
-0.0099182,0.031281,-0.051117,3.186,-0.035706,0
-0.012054,0.03418,-0.053864,2.5033,-0.032959,0
-0.011749,0.029602,-0.060577,2.9584,-0.031433,0
-0.013733,0.022125,-0.067291,2.2757,-0.031128,0
-0.014648,0.018463,-0.070648,2.2757,-0.0354,0
-0.016022,0.017548,-0.071411,2.2757,-0.040283,0
-0.018616,0.017853,-0.072021,2.5033,-0.041199,0
-0.019073,0.018768,-0.062256,2.0482,-0.039673,0
-0.013428,0.02121,-0.037994,1.8206,-0.036011,0
-0.0093079,0.027008,-0.009613,2.2757,-0.031128,0
-0.0068665,0.03479,0.016174,1.8206,-0.028076,0
-0.0071716,0.040894,0.032806,2.2757,-0.025024,0
-0.0090027,0.046387,0.040894,2.5033,-0.024414,0
-0.0059509,0.047913,0.037537,2.7309,-0.022888,0
0.01236,0.047302,0.028076,2.0482,-0.021057,0
0.027924,0.047455,0.02121,1.5931,-0.019531,0
0.02594,0.044861,0.022583,1.8206,-0.017395,0
0.016632,0.036774,0.026703,1.5931,-0.015564,0
0.015106,0.017548,0.033264,1.5931,-0.014648,0
0.020294,-0.0033569,0.037079,2.5033,-0.015259,0
0.020905,-0.015411,0.034637,1.8206,-0.017395,0
0.014801,-0.017395,0.036621,1.8206,-0.018311,0
0.010834,-0.014648,0.050354,2.2757,-0.020142,0
0.0073242,-0.0097656,0.060272,2.0482,-0.020447,0
0.0033569,-0.0059509,0.05661,2.0482,-0.019226,0
0.0024414,-0.0065613,0.044861,2.5033,-0.016479,0
0.0027466,-0.012817,0.035248,2.0482,-0.016785,0
0.0010681,-0.016479,0.035858,2.2757,-0.014343,0
-0.0018311,-0.014496,0.052032,2.0482,-0.013733,0
-0.0028992,-0.009613,0.072784,2.2757,-0.013428,0
-0.0048828,-0.0019836,0.075531,2.9584,-0.012817,0
-0.007019,0.0062561,0.056763,2.7309,-0.014038,0
-0.0091553,0.012817,0.030212,2.5033,-0.014038,0
-0.010834,0.020294,0.011139,2.0482,-0.015564,0
-0.016327,0.02533,0.010223,2.5033,-0.016785,0
-0.015717,0.031586,0.023041,2.2757,-0.018921,0
-0.011292,0.036163,0.03479,2.0482,-0.018921,0
-0.00061035,0.036469,0.048065,2.5033,-0.019836,0
0.017548,0.036316,0.072479,2.7309,-0.020447,0
0.033875,0.040283,0.094299,1.8206,-0.021973,0
0.041809,0.044708,0.10147,2.7309,-0.025635,0
0.035858,0.045776,0.10834,2.9584,-0.027161,0
0.022125,0.046082,0.11871,3.186,-0.030823,0
0.0099182,0.045776,0.10986,2.9584,-0.034485,0
0.0033569,0.045166,0.080261,2.0482,-0.037231,0
-0.00045776,0.045776,0.060577,2.5033,-0.039978,0
-0.007782,0.046692,0.057526,2.5033,-0.040283,0
-0.015411,0.045166,0.058594,2.7309,-0.039978,0
-0.023346,0.043945,0.046539,2.5033,-0.039978,0
-0.020599,0.040131,0.017548,2.0482,-0.037231,0
-0.0076294,0.030823,-0.012665,2.2757,-0.035095,0
0.0073242,0.019989,-0.019073,1.5931,-0.032043,0
0.015869,0.010681,-0.0013733,2.0482,-0.031128,0
0.012512,0.0053406,0.01358,2.0482,-0.031738,0
0.0019836,0.00030518,0.010529,1.5931,-0.030823,0
-0.0064087,-0.007782,-0.0048828,2.2757,-0.031128,0
-0.0065613,-0.013885,-0.03006,2.0482,-0.030823,0
-0.0033569,-0.018158,-0.058136,2.0482,-0.031128,0
0.0018311,-0.020599,-0.076447,1.5931,-0.030212,0
0.014496,-0.025635,-0.071106,2.5033,-0.030518,0
0.020447,-0.030975,-0.054779,2.5033,-0.030823,0
0.010986,-0.03006,-0.040894,2.0482,-0.030823,0
-0.0028992,-0.028381,-0.025635,1.3655,-0.030518,0
-0.0056458,-0.030365,-0.0064087,2.5033,-0.028687,0
-0.0041199,-0.029297,0.0099182,1.8206,-0.027161,0
-0.0056458,-0.025177,0.021515,2.0482,-0.025635,0
-0.0086975,-0.024414,0.021362,2.0482,-0.024109,0
-0.010223,-0.025787,0.02243,2.2757,-0.023804,0
-0.011749,-0.025177,0.034027,2.2757,-0.023499,0
-0.010376,-0.023956,0.049133,2.2757,-0.021057,0
-0.0039673,-0.023804,0.06546,3.186,-0.019226,0
-0.0024414,-0.024872,0.074615,2.5033,-0.018005,0
-0.0013733,-0.030518,0.062561,3.186,-0.0177,0
-0.0022888,-0.039368,0.027618,2.2757,-0.019531,0
-0.0041199,-0.044708,-0.018005,2.9584,-0.022888,0
-0.0054932,-0.044708,-0.059357,2.2757,-0.025024,0
-0.0079346,-0.042572,-0.079193,2.7309,-0.02594,0
-0.01236,-0.03952,-0.085754,2.5033,-0.023499,0
-0.012054,-0.0354,-0.096893,2.7309,-0.021057,0
-0.0059509,-0.038147,-0.1207,2.9584,-0.0177,0
-0.0016785,-0.046692,-0.14481,2.7309,-0.016174,0
0.0036621,-0.056305,-0.1651,2.7309,-0.014343,0
0.013428,-0.068054,-0.19302,2.2757,-0.012512,0
0.018311,-0.081482,-0.22812,2.0482,-0.010986,0
0.020905,-0.089569,-0.23834,2.9584,-0.0073242,0
0.022736,-0.086975,-0.21301,2.0482,-0.0027466,0
0.018463,-0.077362,-0.17899,2.5033,0.0027466,0
0.013428,-0.068512,-0.15457,2.5033,0.007019,0
0.010529,-0.059509,-0.13199,2.2757,0.0097656,0
0.007782,-0.050049,-0.11063,1.1379,0.012207,0
0.0067139,-0.039062,-0.09201,2.5033,0.014954,0
0.0053406,-0.027161,-0.079803,1.8206,0.016785,0
0.0059509,-0.016937,-0.078583,1.8206,0.020447,0
0.0065613,-0.015564,-0.08255,2.2757,0.025024,0
0.0079346,-0.0177,-0.081329,1.8206,0.029602,0
0.0039673,-0.016479,-0.070648,2.0482,0.030518,0
-0.0099182,-0.0091553,-0.058136,2.7309,0.027771,0
-0.020142,-0.0030518,-0.050507,2.0482,0.020142,0
-0.02533,-0.0016785,-0.049896,1.1379,0.016479,0
-0.025024,-0.00045776,-0.054779,1.8206,0.013733,0
-0.019531,0.00091553,-0.062408,1.5931,0.013123,0
-0.021973,0.0048828,-0.065308,2.0482,0.013428,0
-0.031128,0.0091553,-0.052032,2.5033,0.011597,0
-0.03952,0.01236,-0.021515,2.7309,0.0091553,0
-0.031891,0.019226,0.013428,2.7309,0.0064087,0
-0.013885,0.030212,0.039062,2.5033,0.0024414,0
0.00076294,0.040894,0.056305,2.2757,-0.00061035,0
0.0057983,0.046387,0.066376,2.2757,-0.0042725,0
0.004425,0.045929,0.063629,2.2757,-0.0039673,0
0.0071716,0.038605,0.049591,2.5033,-0.0024414,0
0.010681,0.027466,0.025787,2.2757,0.00030518,0
0.01358,0.019379,0.013123,2.5033,0.0018311,0
0.017242,0.014038,0.021973,2.2757,0.0018311,0
0.014801,0.010834,0.045013,2.5033,0.0054932,0
0.0074768,0.014801,0.074158,2.0482,0.0094604,0
0.0013733,0.020142,0.097046,2.0482,0.014038,0
-0.0047302,0.019989,0.10284,2.7309,0.018311,0
-0.0091553,0.016327,0.092468,2.9584,0.019531,0
-0.013428,0.014801,0.073853,2.5033,0.018616,0
-0.01297,0.016174,0.054932,2.7309,0.017395,0
-0.0016785,0.019531,0.036774,2.9584,0.016479,0
0.015564,0.022278,0.020752,2.2757,0.0177,0
0.025787,0.022736,0.0064087,2.5033,0.016479,0
0.019684,0.022736,-0.00091553,2.7309,0.013123,0
0.0062561,0.020447,-0.00061035,2.9584,0.0082397,0
-0.0012207,0.018463,0.0024414,1.8206,0.0064087,0
-0.007019,0.019836,0.011139,2.7309,0.0057983,0
-0.013733,0.023193,0.031281,1.8206,0.005188,0
-0.014496,0.028229,0.061035,1.8206,0.0054932,0
-0.0056458,0.03479,0.09903,2.2757,0.0030518,0
0.0094604,0.041046,0.14725,2.0482,-0.0012207,0
0.029449,0.044098,0.18021,2.2757,-0.0042725,0
0.0354,0.042419,0.19165,2.7309,-0.0079346,0
0.024567,0.040741,0.19379,2.2757,-0.0097656,0
0.011749,0.038605,0.18478,1.8206,-0.013123,0
0.0074768,0.034637,0.16205,1.8206,-0.015869,0
0.0059509,0.029907,0.13748,1.8206,-0.016785,0
0.0015259,0.024719,0.11856,2.0482,-0.013123,0
-0.0013733,0.013275,0.1004,2.0482,-0.0076294,0
-0.0012207,0.0041199,0.080261,2.5033,-0.0027466,0
0.0012207,0.00045776,0.07019,2.0482,0.0027466,0
0.0042725,-0.0047302,0.072632,2.2757,0.0079346,0
0.010986,-0.0083923,0.076141,2.0482,0.015259,0
0.016022,-0.004425,0.079193,2.2757,0.021362,0
0.014648,0.00015259,0.080719,2.2757,0.028381,0
0.0090027,-0.00030518,0.081635,2.0482,0.036926,0
0.00045776,-0.0053406,0.081177,2.0482,0.044861,0
-0.0050354,-0.007019,0.075073,2.2757,0.050354,0
-0.0012207,-0.0079346,0.059509,2.7309,0.054016,0
0.0022888,-0.0099182,0.034332,2.5033,0.055847,0
-0.0010681,-0.014343,0.0064087,2.5033,0.057983,0
-0.0062561,-0.016785,-0.0091553,2.7309,0.063477,0
-0.010681,-0.011444,-0.01297,2.9584,0.069275,0
-0.010834,-0.0016785,-0.015411,2.7309,0.076294,0
-0.010376,0.0054932,-0.018158,2.7309,0.083618,0
-0.0086975,0.0065613,-0.02533,3.186,0.089417,0
-0.004425,0.0038147,-0.033722,2.2757,0.090942,0
0.00030518,0.0032043,-0.037079,2.9584,0.085754,0
0.0032043,0.0091553,-0.030975,2.9584,0.075989,0
0.0019836,0.015259,-0.0091553,1.8206,0.061035,0
-0.0035095,0.020599,0.022736,2.5033,0.049133,0
-0.0076294,0.020752,0.045471,2.0482,0.045776,0
-0.0083923,0.013428,0.039215,2.7309,0.047302,0
-0.0080872,0.0073242,0.011749,2.7309,0.05127,0
-0.0091553,0.0042725,-0.014801,2.5033,0.052185,0
-0.0064087,-0.0021362,-0.034943,2.7309,0.049744,0
-0.0013733,-0.009613,-0.050659,1.5931,0.046387,0
-0.0036621,-0.016327,-0.057983,2.5033,0.044556,0
-0.0068665,-0.020294,-0.05188,2.2757,0.04303,0
-0.011139,-0.02243,-0.03952,1.8206,0.04303,0
-0.013885,-0.027924,-0.036926,2.0482,0.041199,0
-0.011749,-0.034485,-0.050507,0.91037,0.037537,0
-0.0090027,-0.039062,-0.074158,1.8206,0.03479,0
-0.0076294,-0.040588,-0.078125,2.0482,0.031433,0
-0.0050354,-0.03891,-0.041351,2.0482,0.026855,0
-0.0047302,-0.035706,0.0028992,2.7309,0.024719,0
-0.0057983,-0.030518,0.026245,2.2757,0.02594,0
-0.0073242,-0.027466,0.030518,2.5033,0.029907,0
-0.012054,-0.026245,0.025177,2.7309,0.036621,0
-0.010529,-0.028687,0.0067139,2.5033,0.038757,0
-0.0015259,-0.027161,-0.019379,2.5033,0.036926,0
0.0059509,-0.022583,-0.036926,1.8206,0.033264,0
0.0067139,-0.018463,-0.040894,1.8206,0.032654,0
0.0050354,-0.018768,-0.043335,1.8206,0.038452,0
0.0057983,-0.027008,-0.047302,2.0482,0.046082,0
0.014801,-0.039825,-0.049896,2.2757,0.054932,0
0.02243,-0.047607,-0.051727,2.7309,0.061646,0
0.02243,-0.051575,-0.057526,2.2757,0.069275,0
0.019226,-0.048676,-0.05722,2.9584,0.077515,0
0.022125,-0.036926,-0.043945,2.2757,0.081787,0
0.026245,-0.026245,-0.025024,2.0482,0.080566,0
0.023041,-0.017548,-0.009613,2.9584,0.075073,0
0.01297,-0.009613,-0.007019,2.5033,0.06897,0
0.0038147,-0.002594,-0.019989,2.7309,0.064087,0
0.00091553,0.0036621,-0.041351,2.0482,0.062561,0
0.007782,0.010376,-0.051575,2.0482,0.06134,0
0.0091553,0.020142,-0.034332,1.8206,0.057068,0
-0.0021362,0.030518,0.007019,2.0482,0.051575,0
-0.01358,0.0383,0.049591,1.8206,0.046387,0
-0.0090027,0.042877,0.074615,2.0482,0.043335,0
0.010529,0.045471,0.079803,2.7309,0.042114,0
0.027313,0.048065,0.073547,2.7309,0.038757,0
0.027313,0.049133,0.060425,2.2757,0.0354,0
0.013275,0.047302,0.0383,2.2757,0.036316,0
0.0035095,0.045319,0.012512,2.9584,0.04303,0
-0.00091553,0.04364,-0.011902,2.2757,0.050964,0
-0.0080872,0.041504,-0.028229,2.7309,0.054016,0
-0.016174,0.039062,-0.041809,2.5033,0.046387,0
-0.017395,0.0354,-0.046387,1.3655,0.031433,0
-0.012817,0.028687,-0.038147,1.1379,0.014954,0
-0.0088501,0.022736,-0.018768,1.8206,0.0033569,0
-0.007782,0.019684,0.0024414,1.3655,-0.0036621,0
-0.012817,0.017242,0.023956,2.5033,-0.0039673,0
-0.01709,0.013123,0.047302,2.2757,-0.0039673,0
-0.015106,0.0086975,0.069885,2.2757,-0.0064087,0
-0.012207,0.0064087,0.083618,2.2757,-0.015564,0
-0.016632,0.00091553,0.088043,2.0482,-0.027161,0
-0.013428,-0.0059509,0.083313,2.0482,-0.030518,0
0.007019,-0.011444,0.065613,2.7309,-0.021973,0
0.028381,-0.014801,0.037537,2.7309,-0.00091553,0
0.039673,-0.021515,0.010376,2.2757,0.02655,0
0.041656,-0.031433,-0.0065613,2.0482,0.047607,0
0.034943,-0.039978,-0.015411,1.3655,0.054016,0
0.027161,-0.045013,-0.019379,2.0482,0.04425,0
0.022583,-0.046082,-0.021057,2.0482,0.027466,0
0.018005,-0.042572,-0.026703,2.0482,0.011902,0
0.015411,-0.03952,-0.031586,1.8206,0.0076294,0
0.016174,-0.037231,-0.02655,2.0482,0.016479,0
0.019989,-0.033112,-0.01709,2.2757,0.031433,0
0.022583,-0.027313,-0.017395,2.0482,0.04364,0
0.022278,-0.023193,-0.017548,1.5931,0.040894,0
0.019684,-0.019531,-0.007782,2.2757,0.025024,0
0.015869,-0.016937,0.0097656,2.0482,0.0027466,0
0.012817,-0.016632,0.021362,2.9584,-0.013428,0
0.011597,-0.016174,0.027771,3.4135,-0.021973,0
0.0076294,-0.013123,0.028534,2.5033,-0.019531,0
0.002594,-0.0056458,0.018768,2.5033,-0.010071,0
-0.007782,0.0027466,0.0061035,2.2757,0,0
-0.015259,0.0061035,0.0032043,2.7309,0.0085449,0
-0.017853,0.0035095,0.0086975,2.7309,0.010681,0
-0.021362,0.0010681,0.016022,2.9584,0.0082397,0
-0.02533,-0.002594,0.025482,2.2757,-0.00030518,0
-0.022736,-0.0090027,0.02533,2.7309,-0.0082397,0
-0.013885,-0.013275,0.011444,2.7309,-0.012207,0
-0.0039673,-0.012817,-0.0053406,2.7309,-0.0082397,0
0.0039673,-0.012817,-0.0177,2.0482,0.0021362,0
0.0094604,-0.01358,-0.019379,1.8206,0.007019,0
0.01236,-0.011749,-0.0086975,2.2757,-0.00091553,0
0.0068665,-0.011902,0.0050354,1.8206,-0.013123,0
-0.002594,-0.017548,0.014038,2.0482,-0.023193,0
-0.014496,-0.016937,0.012054,2.7309,-0.023193,0
-0.019531,-0.0086975,-0.00045776,2.0482,-0.012817,0
-0.023499,-0.0042725,0,2.5033,0.00061035,0
-0.02594,-0.0027466,0.020905,2.2757,0.0094604,0
-0.024414,-0.0019836,0.039978,2.0482,0.0057983,0
-0.027466,-0.0038147,0.037079,2.0482,-0.0061035,0
-0.025482,-0.0093079,0.01709,1.1379,-0.016479,0
-0.017548,-0.015106,-0.0083923,1.8206,-0.011292,0
-0.0045776,-0.021667,-0.030365,1.8206,0.014343,0
0.011444,-0.021973,-0.045471,1.8206,0.047607,0
0.029602,-0.016174,-0.05722,1.5931,0.074463,0
0.034332,-0.0093079,-0.063171,2.5033,0.08606,0
0.023651,-0.0048828,-0.06073,2.7309,0.082397,0
0.0059509,-0.0019836,-0.050812,2.2757,0.072632,0
-0.0019836,0.0033569,-0.041199,2.2757,0.066833,0
-0.0082397,0.0080872,-0.039215,2.5033,0.067444,0
-0.01358,0.01236,-0.044861,1.5931,0.072632,0
-0.016022,0.018158,-0.042114,2.2757,0.078735,0
-0.012207,0.021515,-0.028381,1.8206,0.079651,0
-0.0080872,0.023804,-0.018616,2.2757,0.07019,0
-0.0074768,0.02594,-0.015564,2.5033,0.053101,0
-0.0071716,0.027313,-0.009613,2.0482,0.032043,0
-0.0010681,0.03006,0.0059509,2.2757,0.012512,0
0.0038147,0.032806,0.025024,2.2757,0.00030518,0
0.0010681,0.035858,0.044556,2.2757,-0.0030518,0
-0.0073242,0.037994,0.062103,2.2757,-0.0018311,0
-0.016327,0.038452,0.068359,2.2757,-0.0015259,0
-0.021057,0.034332,0.061798,2.5033,-0.0061035,0
-0.022278,0.026703,0.048065,2.2757,-0.016785,0
-0.019226,0.016022,0.030975,2.5033,-0.02655,0
-0.0071716,0.0085449,0.017853,1.8206,-0.025635,0
0.0080872,0.0068665,0.011749,2.2757,-0.012817,0
0.023041,0.0053406,0.012817,1.8206,0.0088501,0
0.030518,0.0035095,0.020752,2.2757,0.028381,0
0.025635,0.0053406,0.027924,2.9584,0.036926,0
0.015869,0.0061035,0.03067,2.7309,0.030823,0
0.0073242,0.0036621,0.036316,2.5033,0.014648,0
0.0010681,0.00045776,0.035248,2.7309,0.0015259,0
-0.0042725,0.00091553,0.018921,1.8206,-0.0045776,0
-0.01236,0.0022888,0.0042725,2.0482,0.0024414,0
-0.02182,0.0012207,0.011292,2.0482,0.014954,0
-0.028992,-0.0032043,0.03479,1.8206,0.026855,0
-0.030212,-0.00045776,0.054626,1.8206,0.030212,0
-0.018158,0.0061035,0.055695,2.2757,0.02533,0
-0.0028992,0.007782,0.041199,1.8206,0.011292,0
0.010986,0.0048828,0.028229,2.0482,-0.0015259,0
0.020294,0.0033569,0.023651,2.0482,-0.0082397,0
0.022278,0.0018311,0.023804,1.8206,-0.010071,0
0.026398,0.0021362,0.027161,1.8206,-0.0076294,0
0.024719,0.002594,0.031281,2.2757,-0.0073242,0
0.018616,0.00091553,0.028992,2.7309,-0.0073242,0
0.011139,-0.0032043,0.023193,2.0482,-0.0082397,0
0.0042725,-0.0068665,0.019989,2.0482,-0.012512,0
-0.0010681,-0.0086975,0.020447,2.2757,-0.0177,0
-0.0036621,-0.007782,0.023346,1.8206,-0.024414,0
0.00015259,-0.0080872,0.028992,2.0482,-0.033264,0
0.007019,-0.0088501,0.033417,2.5033,-0.036011,0
0.011139,-0.0090027,0.03479,2.2757,-0.035095,0
0.0054932,-0.0054932,0.03006,2.2757,-0.024414,0
-0.0073242,-0.0045776,0.025635,2.5033,0.00061035,0
-0.019379,-0.0057983,0.024414,2.2757,0.038757,0
-0.018005,-0.0071716,0.020752,2.7309,0.082092,0
-0.0050354,-0.010529,0.01358,2.5033,0.12238,0
0.014191,-0.0097656,0.0016785,2.2757,0.15045,0
0.018158,-0.0059509,-0.012054,2.5033,0.16113,0
0.010681,-0.0033569,-0.025635,2.2757,0.159,0
0.0032043,-0.0018311,-0.032349,1.8206,0.15045,0
0.0041199,-0.0015259,-0.035706,2.2757,0.1413,0
0.0091553,-0.0030518,-0.037842,3.186,0.13397,0
0.014038,-0.0038147,-0.036316,2.7309,0.12726,0
0.014191,-0.0041199,-0.028229,2.0482,0.12115,0
0.010681,-0.0050354,-0.021362,2.5033,0.1181,0
0.0065613,-0.0074768,-0.012054,2.5033,0.12085,0
-0.0038147,-0.0085449,0.0062561,3.186,0.12512,0
-0.015564,-0.0079346,0.024719,2.9584,0.13031,0
-0.021973,-0.0045776,0.03891,2.9584,0.13245,0
-0.020294,-0.0022888,0.052338,2.7309,0.12573,0
-0.020294,-0.0013733,0.057373,2.0482,0.10193,0
-0.024719,-0.0030518,0.050812,1.8206,0.063782,0
-0.02594,-0.0059509,0.044403,2.0482,0.020752,0
-0.030212,-0.012665,0.033417,1.8206,-0.013733,0
-0.031128,-0.017853,0.018158,1.8206,-0.028381,0
-0.028839,-0.017548,0.0083923,1.8206,-0.024719,0
-0.025787,-0.0177,0.0083923,0.91037,-0.010681,0
-0.021057,-0.019836,0.01358,2.5033,0.0076294,0
-0.013275,-0.019989,0.015564,2.2757,0.030823,0
-0.0074768,-0.019379,0.0083923,2.2757,0.051575,0
-0.0057983,-0.018921,-0.0022888,1.3655,0.068054,0
-0.0056458,-0.018921,-0.014801,2.5033,0.068359,0
-0.0027466,-0.014343,-0.029907,1.8206,0.057068,0
0.0018311,-0.007782,-0.043793,2.2757,0.04303,0
0.0039673,-0.0061035,-0.050201,2.0482,0.031128,0
0.002594,-0.0073242,-0.042114,2.0482,0.018005,0
0.0030518,-0.0085449,-0.028076,1.5931,0.00091553,0
0.010376,-0.0086975,-0.029755,2.2757,-0.021667,0
0.02655,-0.0071716,-0.042114,2.5033,-0.047913,0
0.042114,-0.0036621,-0.046539,2.2757,-0.065918,0
0.045929,-0.0018311,-0.044556,2.2757,-0.066833,0
0.037994,-0.0016785,-0.035553,2.0482,-0.050964,0
0.028839,-0.00076294,-0.017242,2.7309,-0.022583,0
0.019836,0.0013733,-0.0036621,2.9584,-0.00030518,0
0.010986,0.00076294,-0.004425,2.2757,0.010376,0
0.010834,-0.0012207,-0.0086975,2.0482,-0.013123,0
0.011292,-0.0059509,-0.011444,3.186,-0.11414,0
0.011444,-0.010223,-0.021057,3.6411,-0.21179,0
0.011749,-0.0094604,-0.036926,3.4135,-0.19745,0
0.01236,-0.0074768,-0.041199,2.9584,-0.079041,0
0.0079346,-0.0076294,-0.028076,2.9584,0.052795,0
-0.0021362,-0.0076294,-0.0065613,2.9584,0.1236,0
-0.0071716,-0.0028992,0.013885,2.9584,0.13947,0
-0.0094604,0.0039673,0.020294,2.2757,0.1297,0
-0.010529,0.011139,0.030518,2.5033,0.10925,0
-0.0085449,0.015717,0.04715,3.4135,0.092773,0
-0.0080872,0.017548,0.061035,2.2757,0.09613,0
-0.0076294,0.018921,0.069427,2.7309,0.1236,0
-0.0067139,0.017548,0.077972,2.7309,0.15686,0
-0.0093079,0.01297,0.077972,1.8206,0.17334,0
-0.01297,0.0057983,0.059662,2.0482,0.16724,0
-0.011292,0.00076294,0.04303,2.5033,0.13641,0
-0.0088501,0.002594,0.059052,2.5033,0.085449,0
-0.0065613,0.013275,0.1001,2.5033,0.03479,0
-0.0074768,0.022888,0.12115,2.5033,-0.00030518,0
-0.0093079,0.023651,0.10574,2.0482,-0.011902,0
-0.0085449,0.022278,0.076141,0.68281,-0.012512,0
-0.0080872,0.022583,0.051575,2.2757,-0.0054932,0
-0.0082397,0.023804,0.04364,1.5931,0.0024414,0
-0.0080872,0.027008,0.052338,2.5033,0.010376,0
0.0010681,0.030518,0.06546,2.7309,0.018921,0
0.015717,0.028076,0.074005,2.0482,0.024414,0
0.026093,0.021973,0.06958,2.5033,0.027161,0
0.023499,0.018463,0.050507,1.5931,0.024719,0
0.0079346,0.01709,0.02243,2.2757,0.021057,0
0.0015259,0.015564,-0.0062561,1.5931,0.021667,0
0.00061035,0.016479,-0.027924,2.2757,0.028381,0
-0.0013733,0.016785,-0.036163,2.5033,0.042114,0
-0.00091553,0.018768,-0.036316,2.0482,0.052185,0
-0.00015259,0.024109,-0.032196,2.5033,0.053711,0
0.00061035,0.025635,-0.025482,2.2757,0.053101,0
-0.00045776,0.026398,-0.022888,2.9584,0.06073,0
0.007019,0.026245,-0.040741,2.7309,0.074158,0
0.018921,0.023346,-0.071869,2.9584,0.080261,0
0.019836,0.017548,-0.096436,2.2757,0.073547,0
0.014496,0.012817,-0.11108,2.2757,0.058899,0
0.01236,0.0094604,-0.11765,2.7309,0.049438,0
0.0094604,0.013733,-0.10956,3.186,0.05127,0
0.0057983,0.021057,-0.080719,2.7309,0.065613,0
0.0050354,0.023346,-0.052032,3.186,0.088806,0
0.0076294,0.017853,-0.047913,3.4135,0.11475,0
0.0097656,0.0099182,-0.070038,2.5033,0.13245,0
0.0033569,0.0074768,-0.10132,2.5033,0.13306,0
-0.011444,0.007782,-0.11963,3.186,0.10315,0
-0.022888,0.0067139,-0.10483,2.7309,0.047607,0
-0.026703,0.0048828,-0.059814,2.5033,-0.017395,0
-0.025787,0.00015259,-0.01236,2.2757,-0.069885,0
-0.023346,-0.0041199,0.013733,2.2757,-0.088196,0
-0.02121,-0.0050354,0.025482,2.5033,-0.06897,0
-0.020599,-0.0064087,0.030212,2.2757,-0.028076,0
-0.022736,-0.0050354,0.029297,2.9584,-0.00030518,0
-0.027313,-0.0048828,0.027313,2.5033,0.0027466,0
-0.027313,-0.0062561,0.027618,1.8206,-0.018921,0
-0.023804,-0.0065613,0.028381,2.0482,-0.045776,0
-0.01709,-0.0079346,0.02533,1.5931,-0.050964,0
-0.0074768,-0.0085449,0.02182,2.5033,-0.018921,0
0.0057983,-0.0076294,0.02182,2.7309,0.03418,0
0.015564,-0.0047302,0.027618,2.2757,0.080261,0
0.017853,-0.0032043,0.033417,2.5033,0.097961,0
0.014038,-0.0015259,0.033569,2.7309,0.086365,0
0.011749,0.00045776,0.027618,2.5033,0.059204,0
0.0079346,0.00091553,0.016785,2.5033,0.0354,0
0.0016785,0.0016785,0.012512,2.7309,0.027771,0
-0.0048828,0.002594,0.021057,2.0482,0.040588,0
-0.0073242,0.004425,0.037231,1.8206,0.056763,0
-0.0082397,0.0053406,0.050354,2.2757,0.061646,0
-0.0091553,0.0065613,0.055542,1.8206,0.052795,0
-0.0068665,0.0067139,0.054779,2.5033,0.038147,0
-0.0076294,0.0022888,0.051575,1.5931,0.028687,0
-0.0097656,-0.0032043,0.045166,2.2757,0.029907,0
-0.015411,-0.0057983,0.033112,2.7309,0.043335,0
-0.023041,-0.0085449,0.018005,2.2757,0.075073,0
-0.028992,-0.0097656,0.0064087,2.7309,0.12787,0
-0.025787,-0.010223,0.00015259,2.5033,0.18646,0
-0.011292,-0.01236,0.0022888,2.7309,0.23071,0
0.011749,-0.013428,0.0085449,2.5033,0.25177,0
0.029755,-0.015106,0.010529,1.8206,0.2594,0
0.029297,-0.01358,0.0015259,2.5033,0.2597,0
0.026093,-0.014038,-0.015717,2.5033,0.25391,0
0.03006,-0.016632,-0.03952,2.9584,0.24017,0
0.035095,-0.017853,-0.060883,2.5033,0.22461,0
0.032654,-0.015564,-0.070038,2.7309,0.20264,0
0.023346,-0.015259,-0.067596,2.9584,0.18341,0
0.005188,-0.017395,-0.059357,2.9584,0.17059,0
-0.0061035,-0.019379,-0.057983,2.7309,0.15625,0
-0.0086975,-0.021973,-0.06485,2.7309,0.14282,0
-0.0024414,-0.023499,-0.072021,2.7309,0.13458,0
0.010376,-0.022736,-0.072632,2.7309,0.14832,0
0.018768,-0.020294,-0.063782,2.0482,0.16998,0
0.021057,-0.018005,-0.056915,2.5033,0.17731,0
0.019531,-0.015564,-0.058289,1.3655,0.1651,0
0.01709,-0.014343,-0.059814,2.0482,0.12512,0
0.012817,-0.015106,-0.05661,1.8206,0.059204,0
0.007019,-0.014954,-0.045624,2.0482,-0.014954,0
0.0038147,-0.014191,-0.033264,2.2757,-0.070801,0
-0.0022888,-0.01358,-0.031281,2.0482,-0.092468,0
-0.0082397,-0.010681,-0.035553,2.5033,-0.090027,0
-0.0094604,-0.0048828,-0.037384,2.0482,-0.081177,0
-0.0047302,-0.0035095,-0.025635,1.5931,-0.07843,0
0.0048828,-0.0027466,-0.0068665,2.2757,-0.080872,0
0.022125,-0.0018311,0.00061035,2.5033,-0.086365,0
0.040588,-0.0028992,0.00015259,2.2757,-0.083923,0
0.048065,-0.0028992,-0.00030518,2.2757,-0.065613,0
0.044403,-0.00015259,-0.0012207,1.5931,-0.04303,0
0.030975,0.00030518,-0.0057983,2.2757,-0.0091553,0
0.015717,-0.00076294,-0.01358,2.2757,0.05127,0
0.0071716,-0.0013733,-0.026093,2.0482,0.14862,0
0.0032043,-0.0028992,-0.036469,2.7309,0.2597,0
0.0035095,-0.0048828,-0.040894,2.7309,0.33813,0
0.0039673,-0.0059509,-0.038757,3.186,0.36194,0
0.0048828,-0.0062561,-0.028687,2.5033,0.32593,0
0.009613,-0.0065613,-0.014648,2.9584,0.23254,0
0.01358,-0.0065613,-0.0097656,2.9584,0.11627,0
0.0061035,-0.0062561,-0.010986,2.7309,0.016785,0
-0.010529,-0.0065613,-0.0054932,2.2757,-0.042419,0
-0.023651,-0.0065613,0.013733,2.7309,-0.062866,0
-0.023956,-0.0074768,0.034943,2.7309,-0.053406,0
-0.02121,-0.0073242,0.041046,2.7309,-0.026855,0
-0.018921,-0.0035095,0.035858,2.2757,-0.0027466,0
-0.018158,0.0016785,0.028839,2.2757,0.0064087,0
-0.019379,0.0048828,0.028229,2.2757,0.0012207,0
-0.018616,0.0041199,0.033722,2.2757,-0.0039673,0
-0.020294,0.0024414,0.041504,2.7309,0.011292,0
-0.024719,0.0022888,0.052948,2.7309,0.045166,0
-0.024872,0.0032043,0.061798,2.5033,0.086365,0
-0.02243,0.0030518,0.063782,2.9584,0.12115,0
-0.022583,0.0030518,0.064392,2.2757,0.14679,0
-0.027466,0.0041199,0.072021,2.5033,0.16296,0
-0.029602,0.0062561,0.088654,2.5033,0.16602,0
-0.028687,0.007782,0.11444,2.2757,0.16022,0
-0.021515,0.0068665,0.13824,2.5033,0.1593,0
-0.017548,0.0059509,0.14435,2.2757,0.16296,0
-0.010376,0.0048828,0.1355,2.7309,0.16846,0
-0.0041199,0.0038147,0.13138,2.0482,0.16541,0
0.0027466,0.0024414,0.13702,2.7309,0.14099,0
0.010529,0.0019836,0.14633,2.9584,0.085449,0
0.014648,0.002594,0.15106,2.7309,0.022888,0
0.013275,0.0030518,0.1474,2.2757,-0.023499,0
0.011597,0.0018311,0.13641,1.8206,-0.050964,0
0.0080872,0.00076294,0.12238,1.8206,-0.062561,0
0.0035095,0.0018311,0.10651,1.3655,-0.054016,0
0.0010681,0.0013733,0.093689,2.0482,-0.016479,0
0.00061035,0,0.090027,2.5033,0.022888,0
-0.0033569,-0.0035095,0.092773,2.7309,0.037231,0
-0.010071,-0.0059509,0.093384,2.7309,0.0177,0
-0.012665,-0.0054932,0.090942,2.5033,-0.023193,0
-0.014038,-0.0022888,0.086365,2.5033,-0.055542,0
-0.012817,-0.00015259,0.08255,2.7309,-0.058289,0
-0.0083923,0.0021362,0.078583,1.5931,-0.033875,0
-0.0076294,0.0038147,0.072784,2.0482,0.011902,0
-0.0074768,0.0062561,0.073547,2.7309,0.071106,0
-0.0054932,0.0073242,0.075073,2.5033,0.11047,0
0.0021362,0.0093079,0.067902,2.7309,0.10468,0
0.015411,0.0093079,0.057373,3.6411,0.074463,0
0.021362,0.0083923,0.05661,2.7309,0.057068,0
0.022888,0.0073242,0.060272,2.9584,0.062866,0
0.018311,0.0059509,0.063629,2.7309,0.083313,0
0.012207,0.0059509,0.061035,2.2757,0.11078,0
0.0099182,0.0038147,0.05188,2.9584,0.13763,0
0.012817,0.0035095,0.046844,2.7309,0.15533,0
0.015259,0.0039673,0.050507,3.186,0.159,0
0.014343,0.00091553,0.05127,2.7309,0.15015,0
0.010223,-0.0030518,0.03891,2.9584,0.13672,0
0.0013733,-0.0059509,0.012817,3.186,0.1181,0
-0.0016785,-0.0082397,-0.010681,2.9584,0.087891,0
-0.0010681,-0.010986,-0.019531,2.5033,0.06073,0
-0.0013733,-0.013733,-0.018158,2.5033,0.047302,0
-0.005188,-0.015564,-0.018158,2.5033,0.04303,0
-0.0036621,-0.01297,-0.01709,2.9584,0.019836,0
-0.0018311,-0.0097656,-0.015869,2.9584,-0.020447,0
-0.0012207,-0.011139,-0.019684,2.5033,-0.061035,0
0.0083923,-0.011139,-0.029907,2.2757,-0.093384,0
0.02243,-0.0085449,-0.031738,2.7309,-0.1004,0
0.027466,-0.0068665,-0.02655,1.8206,-0.078125,0
0.02655,-0.0076294,-0.028229,2.2757,-0.054932,0
0.022278,-0.0085449,-0.030212,2.7309,-0.040894,0
0.011597,-0.007782,-0.016937,2.9584,-0.031738,0
0.0022888,-0.0047302,0.0065613,2.2757,-0.021667,0
-0.0045776,-0.0022888,0.018311,2.5033,0.0048828,0
-0.0067139,0.00015259,0.016022,2.2757,0.052795,0
-0.01297,0.0048828,0.0099182,2.2757,0.10315,0
-0.019379,0.0073242,0.0038147,2.5033,0.1239,0
-0.020294,0.010223,-0.00045776,2.2757,0.1001,0
-0.019226,0.01236,-0.0045776,2.9584,0.046997,0
-0.024414,0.011902,-0.01236,1.8206,0.0054932,0
-0.026398,0.010071,-0.026855,2.5033,0.012817,0
-0.025635,0.0047302,-0.04303,2.2757,0.062866,0
-0.023956,0.0018311,-0.048981,2.7309,0.10742,0
-0.02533,0.0028992,-0.038147,1.5931,0.10193,0
-0.022736,0.0067139,-0.010071,2.0482,0.080566,0
-0.016327,0.012054,0.027924,2.0482,0.10498,0
-0.01297,0.013733,0.067749,2.7309,0.17334,0
-0.019073,0.01236,0.10086,2.9584,0.24506,0
-0.024719,0.010986,0.112,2.5033,0.28229,0
-0.023804,0.0093079,0.097961,2.2757,0.27618,0
-0.024261,0.0053406,0.071411,2.9584,0.24261,0
-0.032196,-0.00045776,0.050812,2.0482,0.20172,0
-0.032196,-0.0022888,0.037842,2.5033,0.15564,0
-0.011139,-0.00091553,0.027161,2.9584,0.10162,0
0.015106,-0.0019836,0.017853,3.4135,0.056458,0
0.04425,-0.0047302,0.0045776,2.9584,0.040283,0
0.070496,-0.0039673,-0.014191,2.9584,0.061035,0
0.066223,-0.0035095,-0.025024,3.186,0.098572,0
0.046539,-0.0062561,-0.027313,2.5033,0.12085,0
0.026398,-0.0083923,-0.034027,2.9584,0.10925,0
0.013123,-0.0076294,-0.051575,2.7309,0.063477,0
0.0038147,-0.0057983,-0.07431,2.7309,0.00061035,0
0.0057983,-0.005188,-0.090332,2.7309,-0.057068,0
0.012512,-0.0064087,-0.091705,2.5033,-0.1004,0
0.013123,-0.005188,-0.073395,2.2757,-0.11993,0
0.0039673,-0.0032043,-0.048218,2.5033,-0.11536,0
-0.0019836,-0.0042725,-0.035553,2.0482,-0.090637,0
0.00015259,-0.0068665,-0.035706,2.0482,-0.054626,0
0.0022888,-0.010834,-0.045013,2.2757,-0.023193,0
-0.00091553,-0.012054,-0.049286,2.5033,-0.0048828,0
-0.0054932,-0.012665,-0.046844,1.8206,0.007019,0
-0.0053406,-0.014648,-0.044403,2.9584,0.016174,0
-0.0013733,-0.014801,-0.045013,2.2757,0.028992,0
0.0080872,-0.012054,-0.045471,2.5033,0.053101,0
0.017242,-0.0082397,-0.044861,2.5033,0.091858,0
0.018158,-0.0088501,-0.045776,2.7309,0.14435,0
0.010529,-0.011749,-0.044708,1.8206,0.18707,0
0.004425,-0.015564,-0.051575,2.0482,0.18921,0
0.0021362,-0.018158,-0.062103,2.0482,0.14801,0
0.0013733,-0.016479,-0.055695,2.2757,0.086975,0
-0.0015259,-0.010071,-0.038147,2.7309,0.037842,0
-0.0057983,-0.0033569,-0.014648,2.5033,0.019836,0
-0.0097656,0.004425,0.01236,2.9584,0.037231,0
-0.019073,0.012512,0.03479,3.4135,0.065002,0
-0.02594,0.01709,0.042114,2.7309,0.076599,0
-0.023499,0.018768,0.041809,2.7309,0.072632,0
-0.013275,0.022278,0.041199,2.2757,0.064392,0
0.00030518,0.024261,0.03067,2.5033,0.06958,0
-0.0022888,0.023804,0.010834,2.5033,0.1004,0
-0.011139,0.024261,-0.0074768,2.7309,0.15442,0
-0.0062561,0.024872,-0.021515,2.9584,0.21271,0
0.0018311,0.023956,-0.026855,2.9584,0.25055,0
0.0030518,0.023193,-0.023193,2.5033,0.25421,0
0.0036621,0.023956,-0.014954,2.5033,0.23102,0
0.0048828,0.023804,-0.010529,2.7309,0.19928,0
0.012512,0.023346,-0.011139,2.9584,0.17334,0
0.026703,0.022888,-0.0038147,2.5033,0.15533,0
0.033112,0.020447,0.012054,2.5033,0.1413,0
0.026245,0.020599,0.01709,2.2757,0.11719,0
0.011902,0.019989,-0.0057983,2.2757,0.075684,0
-0.00076294,0.011749,-0.046082,2.5033,0.023193,0
-0.011597,0.0028992,-0.07431,2.2757,-0.022583,0
-0.015411,-0.00015259,-0.073395,2.5033,-0.047913,0
-0.010529,0.00015259,-0.06134,2.9584,-0.045776,0
-0.0032043,-0.00045776,-0.051575,2.7309,-0.020447,0
0.0021362,-0.0033569,-0.045013,2.5033,0.015869,0
0.0028992,-0.0047302,-0.039673,2.7309,0.046997,0
0.0073242,-0.0042725,-0.033112,2.7309,0.06073,0
0.012817,-0.0019836,-0.024261,2.2757,0.057373,0
0.020142,0.0013733,-0.020447,2.0482,0.052795,0
0.019531,0.0015259,-0.025787,2.2757,0.064392,0
0.014648,-0.0018311,-0.028381,2.2757,0.093384,0
0.012207,-0.0056458,-0.026855,2.2757,0.12878,0
0.011292,-0.0053406,-0.028687,2.2757,0.16174,0
0.0076294,-0.0062561,-0.030365,2.5033,0.18585,0
0.0019836,-0.0073242,-0.027924,2.7309,0.2005,0
-0.0030518,-0.0067139,-0.027924,2.0482,0.2005,0
-0.0027466,-0.0086975,-0.03479,2.2757,0.18524,0
0.0015259,-0.011597,-0.043488,2.2757,0.15289,0
0.0018311,-0.012512,-0.049133,1.8206,0.11536,0
-0.00045776,-0.011902,-0.043182,2.7309,0.083618,0
0.0038147,-0.011292,-0.028534,2.7309,0.065308,0
0.0056458,-0.0091553,-0.01709,2.9584,0.057983,0
0.0028992,-0.0061035,-0.013275,2.2757,0.059814,0
-0.0024414,-0.0033569,-0.0015259,2.0482,0.059509,0
-0.0033569,-0.00015259,0.016479,2.7309,0.050964,0
-0.0032043,0.0048828,0.020294,2.9584,0.036316,0
-0.0041199,0.0073242,0.004425,2.5033,0.03418,0
-0.0015259,0.0024414,-0.013428,3.186,0.052795,0
-0.0010681,-0.0024414,-0.011292,2.9584,0.092773,0
-0.0041199,-0.0041199,0.013885,2.9584,0.13275,0
-0.0061035,-0.0010681,0.048828,2.9584,0.1535,0
-0.0042725,0.0012207,0.066833,3.186,0.14221,0
-0.0022888,0.0019836,0.068054,2.9584,0.11475,0
-0.0074768,0.0073242,0.068665,3.4135,0.097656,0
-0.010681,0.013123,0.067902,2.9584,0.093994,0
-0.0059509,0.016327,0.057526,2.7309,0.090332,0
-0.0030518,0.015411,0.040741,2.9584,0.090332,0
-0.0071716,0.010071,0.02243,2.5033,0.091553,0
-0.0088501,0.0056458,0.0016785,2.2757,0.080566,0
-0.0048828,0.0033569,-0.015259,2.2757,0.046387,0
0,0.00091553,-0.017395,2.7309,-0.005188,0
0.0015259,-0.0012207,-0.007782,2.5033,-0.05127,0
0.0018311,-0.0028992,0.0045776,2.9584,-0.075989,0
0.0022888,-0.0024414,0.013275,1.8206,-0.077209,0
0.0059509,-0.002594,0.011444,2.2757,-0.073242,0
0.004425,-0.0068665,-0.00030518,2.2757,-0.075684,0
-0.0038147,-0.011444,-0.016022,2.7309,-0.081177,0
-0.010223,-0.011597,-0.021515,2.0482,-0.081787,0
-0.0086975,-0.0062561,-0.014191,1.3655,-0.070496,0
-0.0027466,-0.0016785,-0.0057983,2.0482,-0.042725,0
0.0021362,-0.0016785,-0.0016785,2.0482,0.0073242,0
0.0042725,-0.0035095,0.0076294,1.3655,0.069885,0
0.0061035,-0.0038147,0.025635,2.5033,0.12512,0
0.007019,-0.0021362,0.042572,2.7309,0.16815,0
0.0083923,-0.00076294,0.053101,2.5033,0.19806,0
0.010681,-0.00030518,0.052032,1.8206,0.21393,0
0.011139,-0.00076294,0.042572,2.0482,0.21088,0
0.0099182,-0.0013733,0.026398,2.7309,0.19196,0
0.0088501,0.0012207,0.0079346,1.8206,0.16144,0
0.016022,0.0024414,-0.0018311,2.0482,0.13367,0
0.026855,0.0015259,-0.011292,1.3655,0.11566,0
0.034332,0.0039673,-0.017853,2.9584,0.10254,0
0.030823,0.0093079,-0.013275,2.7309,0.083313,0
0.023499,0.011444,-0.0088501,2.7309,0.06012,0
0.011292,0.0076294,-0.0076294,2.7309,0.039368,0
0.0030518,0.0010681,-0.0022888,2.9584,0.027771,0
0.0032043,-0.0053406,0.0024414,2.2757,0.029297,0
0.0033569,-0.0094604,0.0016785,2.5033,0.046997,0
0.0019836,-0.012207,-0.0018311,2.2757,0.077515,0
-0.0033569,-0.013428,-0.0056458,2.7309,0.11169,0
-0.010071,-0.014801,-0.0050354,2.7309,0.13733,0
-0.011749,-0.013885,-0.007019,2.9584,0.14709,0
-0.0094604,-0.011902,-0.0090027,2.9584,0.1474,0
-0.0067139,-0.012512,-0.0088501,3.6411,0.14496,0
-0.0050354,-0.01358,-0.0062561,2.9584,0.14069,0
-0.0010681,-0.012817,-0.0057983,2.5033,0.13672,0
0.0080872,-0.012817,-0.0039673,2.7309,0.13763,0
0.015717,-0.014343,0.0086975,2.9584,0.13763,0
0.0177,-0.019379,0.025177,3.186,0.13794,0
0.01358,-0.021362,0.03418,2.9584,0.13733,0
0.0054932,-0.021362,0.03479,2.0482,0.13458,0
0.00045776,-0.023499,0.032043,2.7309,0.13062,0
-0.0061035,-0.021973,0.021057,2.2757,0.12756,0
-0.014343,-0.018616,0.0094604,3.186,0.12787,0
-0.02182,-0.016785,0.0032043,2.9584,0.12848,0
-0.025635,-0.015259,0.0024414,2.9584,0.12695,0
-0.023346,-0.013275,0.0085449,2.7309,0.12329,0
-0.016937,-0.011749,0.020905,2.0482,0.12146,0
-0.0064087,-0.012665,0.039215,2.5033,0.12207,0
0.0010681,-0.011139,0.06424,2.7309,0.12329,0
0.005188,-0.007782,0.09491,2.2757,0.12451,0
0.004425,-0.0030518,0.1265,2.2757,0.12512,0
0.0015259,-0.0032043,0.15945,2.0482,0.12573,0
0,-0.0021362,0.18921,2.0482,0.1358,0
-0.0010681,0.00091553,0.19852,2.0482,0.15411,0
-0.0024414,0.0039673,0.18188,2.2757,0.17609,0
-0.0056458,0.005188,0.15091,2.0482,0.19684,0
-0.004425,0.0033569,0.10101,2.0482,0.21271,0
-0.0038147,0.00045776,0.043945,2.0482,0.22095,0
-0.0082397,-0.0013733,0.0024414,2.5033,0.22308,0
-0.013275,0.00045776,-0.022888,2.7309,0.21973,0
-0.014191,0.0047302,-0.049133,3.186,0.21149,0
-0.0073242,0.0053406,-0.069427,3.186,0.20386,0
0.0016785,0.005188,-0.077209,2.2757,0.19928,0
0.0057983,0.0041199,-0.081024,2.2757,0.20233,0
0.005188,-0.00076294,-0.093842,2.2757,0.20782,0
0.005188,-0.0062561,-0.11002,2.2757,0.21118,0
0.0067139,-0.0085449,-0.1236,2.0482,0.20874,0
0.013428,-0.0090027,-0.13535,2.7309,0.20477,0
0.01709,-0.0068665,-0.13702,2.0482,0.19867,0
0.014954,-0.0018311,-0.12451,2.0482,0.1944,0
0.0074768,0.004425,-0.1091,3.186,0.19165,0
-0.00030518,0.0039673,-0.098114,2.9584,0.18738,0
-0.0068665,0.0028992,-0.093842,3.4135,0.18036,0
-0.015106,0.0042725,-0.093689,2.2757,0.17639,0
-0.023499,0.0041199,-0.097351,2.7309,0.17395,0
-0.024109,0.0010681,-0.09903,2.2757,0.1709,0
-0.017548,-0.0062561,-0.09552,2.2757,0.16602,0
-0.0071716,-0.011292,-0.094757,2.0482,0.15717,0
-0.0022888,-0.0059509,-0.095825,2.2757,0.14771,0
-0.0045776,-0.00015259,-0.097656,2.0482,0.14038,0
-0.010681,0.0027466,-0.10239,2.9584,0.1355,0
-0.015717,-0.00015259,-0.10895,2.7309,0.12909,0
-0.017548,-0.0041199,-0.10498,2.9584,0.11627,0
-0.020142,-0.0039673,-0.10315,2.0482,0.09613,0
-0.024872,-0.0032043,-0.11292,2.5033,0.074768,0
-0.027008,-0.0061035,-0.11368,2.7309,0.06073,0
-0.02655,-0.0085449,-0.09552,1.1379,0.055847,0
-0.021515,-0.0067139,-0.073242,1.8206,0.061035,0
-0.010834,-0.0021362,-0.06134,1.8206,0.075073,0
0.0032043,-0.0022888,-0.051575,2.2757,0.091553,0
0.012665,-0.0022888,-0.033722,2.0482,0.11383,0
0.013275,0.00015259,-0.014191,2.2757,0.1413,0
0.016937,0.00015259,-0.0028992,2.2757,0.17578,0
0.018311,0,0.0074768,2.2757,0.2124,0
0.016174,0.0015259,0.027313,2.2757,0.2475,0
0.0067139,0.0039673,0.053406,1.5931,0.27618,0
-0.0010681,0.0028992,0.076447,2.0482,0.29938,0
-0.0082397,0.0013733,0.084991,2.2757,0.31952,0
-0.014648,0.0019836,0.079803,2.0482,0.32898,0
-0.015717,0.0035095,0.077209,2.5033,0.3241,0
-0.017242,0.0050354,0.082703,2.2757,0.31158,0
-0.018616,0.0088501,0.099945,2.5033,0.29388,0
-0.014648,0.014343,0.12543,2.7309,0.27161,0
-0.0082397,0.018463,0.14999,2.5033,0.23651,0
-0.0035095,0.017548,0.16525,2.2757,0.18707,0
0.0027466,0.016022,0.17181,2.5033,0.13641,0
0.010223,0.013275,0.16266,2.9584,0.090027,0
0.015259,0.011902,0.12955,2.7309,0.054932,0
0.017853,0.011749,0.08255,2.2757,0.0354,0
0.019989,0.011749,0.046692,2.0482,0.032959,0
0.015717,0.013733,0.041351,2.2757,0.042725,0
0.010223,0.014801,0.055084,2.0482,0.063782,0
0.0083923,0.014343,0.062408,2.2757,0.090942,0
0.0035095,0.013275,0.061493,2.9584,0.12268,0
-0.0012207,0.011749,0.045319,3.186,0.15503,0
-0.0053406,0.0093079,0.013123,2.5033,0.19073,0
-0.011749,0.0059509,-0.018616,2.7309,0.22278,0
-0.013733,0.0038147,-0.040436,2.9584,0.24811,0
-0.0097656,0.0032043,-0.050659,2.7309,0.26428,0
-0.0054932,0.0028992,-0.056,3.4135,0.26459,0
-0.0036621,0.0019836,-0.059509,2.7309,0.2533,0
-0.0053406,-0.00091553,-0.053864,2.5033,0.23956,0
-0.00045776,-0.0027466,-0.037994,2.2757,0.224,0
0.0062561,-0.0019836,-0.022888,2.2757,0.20172,0
0.0083923,0.0027466,-0.021362,2.2757,0.16357,0
0.0073242,0.0088501,-0.030212,2.0482,0.11169,0
0.004425,0.0083923,-0.043335,2.5033,0.06134,0
-0.00061035,0.0054932,-0.054016,2.2757,0.026245,0
-0.0022888,0.0013733,-0.058136,2.5033,0.010986,0
0.00030518,-0.0019836,-0.050659,2.0482,0.0091553,0
0.0030518,-0.002594,-0.025635,1.8206,0.01709,0
0.0064087,-0.0030518,0.0045776,2.0482,0.028381,0
0.010376,-0.002594,0.024872,2.0482,0.041504,0
0.016022,-0.0030518,0.027771,2.2757,0.058899,0
0.016174,-0.0048828,0.015564,1.8206,0.079956,0
0.012207,-0.0053406,-0.0082397,2.7309,0.1004,0
0.011749,-0.0054932,-0.03479,2.2757,0.12329,0
0.01297,-0.0079346,-0.048828,2.0482,0.14313,0
0.013733,-0.011749,-0.045624,2.5033,0.15289,0
0.011902,-0.013275,-0.037384,2.2757,0.15076,0
0.0099182,-0.013885,-0.032349,2.2757,0.14099,0
0.0097656,-0.011902,-0.025482,2.7309,0.1297,0
0.012665,-0.0085449,-0.0088501,2.2757,0.1239,0
0.017242,-0.0057983,0.01358,2.0482,0.12543,0
0.020142,-0.0033569,0.031128,2.2757,0.12726,0
0.019226,-0.0038147,0.036926,2.2757,0.12543,0
0.015411,-0.0028992,0.036774,2.7309,0.11322,0
0.011444,0.00076294,0.038757,2.2757,0.08728,0
0.010986,0.00030518,0.051422,2.2757,0.058899,0
0.0093079,-0.00091553,0.066071,2.7309,0.03418,0
0.0048828,-0.0015259,0.067902,2.7309,0.015259,0
-0.0041199,-0.0016785,0.066833,2.5033,0.0030518,0
-0.013275,0.00045776,0.0737,2.7309,0.0064087,0
-0.011902,0.0059509,0.089111,2.0482,0.021973,0
-0.0083923,0.011749,0.10086,2.7309,0.037231,0
-0.00061035,0.014496,0.10406,2.2757,0.039978,0
0.0090027,0.016479,0.10422,2.5033,0.031738,0
0.01297,0.017548,0.10162,2.5033,0.027161,0
0.014954,0.016937,0.091248,2.7309,0.026855,0
0.020752,0.013275,0.075684,2.5033,0.024719,0
0.02243,0.007782,0.064545,2.7309,0.02594,0
0.016632,0.0032043,0.058136,2.5033,0.030212,0
0.0082397,0.0010681,0.05188,2.9584,0.039978,0
0.0035095,0.0018311,0.045471,1.5931,0.047607,0
0.0032043,0.0028992,0.046539,2.9584,0.044861,0
0.00015259,0.00076294,0.053711,2.5033,0.032349,0
-0.0062561,-0.0012207,0.056763,2.2757,0.014038,0
-0.014954,0.00045776,0.059662,2.7309,-0.0073242,0
-0.023499,0.0035095,0.068665,2.5033,-0.031433,0
-0.028076,0.0062561,0.080566,2.5033,-0.061951,0
-0.025635,0.0054932,0.08667,2.0482,-0.091553,0
-0.018616,0.00076294,0.072784,2.2757,-0.10986,0
-0.014038,-0.0042725,0.047302,2.0482,-0.11047,0
-0.010834,-0.0039673,0.035858,2.2757,-0.10223,0
-0.0048828,-0.0013733,0.034332,2.0482,-0.089417,0
-0.00030518,-0.00076294,0.026398,1.8206,-0.073853,0
-0.00030518,0.00061035,0.014801,2.7309,-0.055542,0
-0.0018311,0.0068665,0.013123,2.5033,-0.031433,0
-0.0018311,0.011597,0.021667,1.8206,-0.00091553,0
-0.0057983,0.010529,0.035095,2.0482,0.030823,0
-0.0088501,0.0065613,0.050201,2.5033,0.061035,0
-0.0083923,0.0036621,0.056,2.5033,0.080872,0
-0.0061035,0.0041199,0.048218,2.2757,0.089111,0
-0.0038147,0.0053406,0.043335,2.5033,0.091858,0
-0.0042725,0.0065613,0.04303,2.2757,0.09552,0
-0.0030518,0.0054932,0.036163,2.2757,0.092163,0
-0.0071716,0.00045776,0.019684,2.7309,0.078125,0
-0.0094604,-0.0022888,0.0061035,2.7309,0.050354,0
-0.0071716,-0.0028992,0.0073242,2.2757,0.017395,0
-0.0073242,-0.0062561,0.018311,2.2757,-0.0073242,0
-0.0076294,-0.0036621,0.024414,2.7309,-0.023499,0
-0.0097656,0.0016785,0.018768,3.186,-0.032959,0
-0.013733,0.0039673,0.0050354,2.9584,-0.042114,0
-0.01709,0.0033569,-0.0068665,2.2757,-0.053101,0
-0.020142,0.0019836,-0.005188,2.7309,-0.065308,0
-0.017395,0,0.010529,2.5033,-0.070801,0
-0.013428,-0.0015259,0.032043,2.2757,-0.067139,0
-0.0086975,-0.00076294,0.043182,2.7309,-0.057678,0
0.00015259,0.0015259,0.04364,2.5033,-0.049744,0
0.0086975,0.0036621,0.041962,2.2757,-0.042725,0
0.013123,0.0050354,0.040436,2.0482,-0.036316,0
0.017395,0.004425,0.03479,2.7309,-0.024109,0
0.019531,0.0010681,0.023956,2.9584,-0.010681,0
0.015106,0,0.013123,3.186,0.0024414,0
0.013733,0.0027466,0.016937,2.2757,0.0177,0
0.011902,0.0036621,0.03006,2.0482,0.03479,0
0.0086975,-0.0042725,0.037689,1.8206,0.052795,0
0.0086975,-0.0094604,0.035553,2.0482,0.070801,0
0.0085449,-0.0085449,0.031281,2.0482,0.090942,0
0.007782,-0.007019,0.029602,2.0482,0.1059,0
0.0065613,-0.0073242,0.032196,2.2757,0.11566,0
0.0010681,-0.0090027,0.030975,2.0482,0.12115,0
-0.0067139,-0.0086975,0.016174,2.0482,0.12024,0
-0.010834,-0.0067139,-0.0033569,2.2757,0.11932,0
-0.0088501,-0.0045776,-0.012054,2.5033,0.1178,0
-0.0053406,-0.0074768,-0.015259,2.2757,0.11444,0
-0.0062561,-0.010376,-0.023499,2.2757,0.11444,0
-0.002594,-0.011292,-0.038605,2.2757,0.11719,0
0.011749,-0.0093079,-0.050659,2.5033,0.12695,0
0.032959,-0.0094604,-0.05249,2.5033,0.14313,0
0.049133,-0.011749,-0.049591,2.5033,0.16205,0
0.05188,-0.014343,-0.053101,2.5033,0.17303,0
0.043488,-0.012512,-0.062103,2.9584,0.16815,0
0.030975,-0.0065613,-0.070648,2.2757,0.1535,0
0.020447,-0.0071716,-0.080566,2.2757,0.14374,0
0.010376,-0.016785,-0.10056,2.2757,0.14923,0
-0.004425,-0.024414,-0.13306,2.2757,0.16357,0
-0.018921,-0.023956,-0.16815,2.2757,0.16754,0
-0.025787,-0.014038,-0.20538,2.0482,0.16205,0
-0.027924,-0.0065613,-0.24475,2.9584,0.15656,0
-0.033722,-0.0062561,-0.28061,2.2757,0.16296,0
-0.033417,-0.0071716,-0.30579,2.9584,0.177,0
-0.032196,-0.0090027,-0.31784,2.2757,0.18219,0
-0.031281,-0.009613,-0.32135,2.7309,0.17365,0
-0.032806,-0.0080872,-0.32303,2.5033,0.15686,0
-0.028992,-0.0079346,-0.32745,3.186,0.1358,0
-0.021362,-0.0085449,-0.33707,3.4135,0.11139,0
-0.017853,-0.0082397,-0.34851,2.9584,0.093689,0
-0.017548,-0.011139,-0.36072,3.4135,0.085754,0
-0.015869,-0.015411,-0.37079,2.5033,0.090332,0
-0.014191,-0.014038,-0.37048,2.2757,0.099182,0
-0.014343,-0.0065613,-0.36972,2.7309,0.10986,0
-0.013733,-0.00061035,-0.37506,2.0482,0.11963,0
-0.012207,0.0059509,-0.37949,2.2757,0.13092,0
-0.0079346,0.011292,-0.37735,2.7309,0.15076,0
-0.0047302,0.0093079,-0.37811,2.5033,0.17395,0
-0.0061035,0.0074768,-0.38986,2.0482,0.19226,0
-0.0073242,0.010376,-0.40802,2.5033,0.20325,0
-0.0061035,0.014496,-0.41916,2.0482,0.2063,0
-0.0039673,0.012665,-0.43625,2.0482,0.20844,0
-0.005188,0.0082397,-0.46234,1.8206,0.21362,0
-0.0080872,0.0057983,-0.49057,2.0482,0.22095,0
-0.0067139,0.0032043,-0.52338,2.2757,0.2298,0
-0.0059509,0.00030518,-0.55099,2.0482,0.23407,0
-0.0093079,0.0039673,-0.55847,1.3655,0.23285,0
-0.015869,0.0090027,-0.55115,1.8206,0.23163,0
-0.014038,0.007019,-0.54642,1.5931,0.22766,0
-0.0080872,0.0019836,-0.54764,2.7309,0.22339,0
-0.0036621,-0.0080872,-0.56442,2.2757,0.22186,0
0.0027466,-0.016785,-0.58533,2.7309,0.22705,0
0.013123,-0.019226,-0.5928,2.2757,0.2359,0
0.023651,-0.015869,-0.58517,2.5033,0.24841,0
0.024719,-0.012817,-0.55222,2.7309,0.26154,0
0.021515,-0.013733,-0.49255,3.186,0.2713,0
0.025177,-0.011444,-0.4306,2.5033,0.27405,0
0.032349,-0.0053406,-0.36926,2.7309,0.26794,0
0.032806,-0.004425,-0.29388,2.2757,0.26001,0
0.024719,-0.0080872,-0.20203,2.5033,0.25177,0
0.012054,-0.011597,-0.10986,2.5033,0.2475,0
0.0038147,-0.011292,-0.018616,2.5033,0.24628,0
-0.0027466,-0.009613,0.087433,2.7309,0.24872,0
-0.007782,-0.0065613,0.19943,2.9584,0.25055,0
-0.014343,-0.0022888,0.29495,2.9584,0.25543,0
-0.016479,-0.00076294,0.36911,2.7309,0.26215,0
-0.014191,-0.00030518,0.4483,3.186,0.26215,0
-0.01297,0.0013733,0.55695,3.186,0.25787,0
-0.010986,0.002594,0.68008,3.186,0.25177,0
-0.0062561,0.0041199,0.79025,2.9584,0.24506,0
0.00076294,0.0064087,0.87662,2.9584,0.23376,0
0.0048828,0.0076294,0.94391,2.5033,0.22003,0
0.0048828,0.0071716,1.0007,2.7309,0.20905,0
0.002594,0.0048828,1.0429,2.2757,0.20477,0
-0.0012207,0.0064087,1.0777,2.7309,0.20172,0
-0.0041199,0.011444,1.1072,2.9584,0.19562,0
-0.0030518,0.016785,1.1348,2.5033,0.19043,0
0.00030518,0.021057,1.1545,1.8206,0.18829,0
0.0027466,0.022736,1.169,2.7309,0.18433,0
-0.00045776,0.019531,1.1899,2.0482,0.17426,0
-0.0021362,0.014038,1.2076,1.8206,0.15839,0
-0.00076294,0.010223,1.2109,1.8206,0.14221,0
0.002594,0.0093079,1.2088,1.8206,0.13458,0
0.0059509,0.010071,1.2117,2.2757,0.14587,0
0.0065613,0.0071716,1.216,2.2757,0.17303,0
0.0042725,0.0016785,1.217,2.2757,0.20203,0
0.00015259,0.0010681,1.2175,1.8206,0.22125,0
0.0010681,0.0056458,1.21,2.2757,0.22247,0
0.0030518,0.011902,1.1839,2.7309,0.21332,0
0.0038147,0.015717,1.144,2.2757,0.19989,0
0.0010681,0.018616,1.1032,2.9584,0.18738,0
0.0019836,0.021362,1.0541,2.5033,0.17578,0
0.0050354,0.023499,0.98801,2.2757,0.16357,0
0.0082397,0.02594,0.91049,2.0482,0.14679,0
0.012207,0.024414,0.83237,2.7309,0.12482,0
0.015869,0.016937,0.75027,2.2757,0.10193,0
0.018616,0.0064087,0.66956,2.9584,0.079956,0
0.024872,0,0.59601,2.7309,0.064087,0
0.03418,-0.0018311,0.52048,2.2757,0.056458,0
0.038452,-0.0016785,0.44098,2.5033,0.055237,0
0.032654,-0.0028992,0.36301,3.4135,0.058594,0
0.021515,-0.0047302,0.29251,2.7309,0.060425,0
0.01236,-0.0039673,0.23361,2.2757,0.058594,0
0.0053406,-0.0036621,0.17822,2.5033,0.053406,0
-0.0035095,-0.0068665,0.12009,2.9584,0.051575,0
-0.0083923,-0.0071716,0.059662,2.2757,0.044861,0
-0.0071716,-0.0039673,0.00030518,3.4135,0.034485,0
-0.0071716,-0.0018311,-0.056763,3.186,0.02533,0
-0.0079346,-0.0048828,-0.10895,2.5033,0.018921,0
-0.007782,-0.012512,-0.15213,2.7309,0.015564,0
-0.0057983,-0.015411,-0.18265,2.7309,0.010986,0
-0.0024414,-0.011292,-0.21378,2.0482,-0.0015259,0
-0.0012207,-0.0042725,-0.24979,2.9584,-0.021667,0
-0.0021362,-0.0045776,-0.29236,2.2757,-0.040894,0
-0.0041199,-0.011139,-0.33737,2.7309,-0.053711,0
-0.0013733,-0.014191,-0.37582,2.0482,-0.064087,0
0.0038147,-0.011902,-0.40878,2.7309,-0.076599,0
0.0027466,-0.0097656,-0.44846,1.8206,-0.093689,0
-0.00091553,-0.0073242,-0.49164,2.5033,-0.10895,0
-0.0018311,-0.0068665,-0.51987,2.5033,-0.1181,0
-0.0085449,-0.0053406,-0.52505,2.0482,-0.12543,0
-0.020142,-0.0042725,-0.51514,1.8206,-0.13153,0
-0.028839,-0.0064087,-0.50247,2.0482,-0.14038,0
-0.029907,-0.0061035,-0.49835,2.2757,-0.14587,0
-0.02533,-0.0027466,-0.50064,1.8206,-0.14923,0
-0.012665,0.0010681,-0.49759,1.8206,-0.15259,0
0.00076294,0.0013733,-0.4921,2.5033,-0.159,0
0.0074768,0.0035095,-0.48721,2.2757,-0.16571,0
0.010834,0.0039673,-0.48264,2.7309,-0.17029,0
0.010834,0.0030518,-0.47562,2.2757,-0.17731,0
0.01358,0.0038147,-0.46631,2.2757,-0.18005,0
0.02121,0.0062561,-0.46234,2.7309,-0.18127,0
0.029755,0.0085449,-0.46219,2.5033,-0.18402,0
0.034637,0.0057983,-0.46967,2.7309,-0.18768,0
0.035248,-0.0010681,-0.48706,2.0482,-0.18768,0
0.032501,-0.0054932,-0.49957,2.2757,-0.19104,0
0.029755,-0.0080872,-0.49332,2.7309,-0.19592,0
0.02533,-0.010986,-0.47607,2.7309,-0.20142,0
0.020447,-0.01358,-0.46341,3.4135,-0.20447,0
0.014191,-0.010834,-0.4541,2.7309,-0.20416,0
0.0090027,-0.0064087,-0.43686,2.2757,-0.20142,0
0.0076294,-0.0033569,-0.41412,2.5033,-0.19745,0
0.0090027,0.00091553,-0.39551,2.9584,-0.19592,0
0.013733,0.00045776,-0.38605,2.5033,-0.19775,0
0.013885,0.00061035,-0.37537,2.7309,-0.20477,0
0.0086975,0.00045776,-0.3569,2.9584,-0.21423,0
0.0024414,-0.0033569,-0.33279,3.186,-0.22247,0
-0.0016785,-0.0027466,-0.31082,2.0482,-0.22339,0
-0.0045776,0.0074768,-0.29343,3.186,-0.22186,0
-0.007019,0.020905,-0.2829,2.7309,-0.22217,0
-0.0085449,0.027466,-0.27252,2.7309,-0.22369,0
-0.0064087,0.027161,-0.25589,2.7309,-0.22156,0
-0.0033569,0.025635,-0.23605,2.5033,-0.21545,0
-0.0083923,0.022888,-0.21774,2.7309,-0.21088,0
-0.015564,0.013733,-0.19867,3.186,-0.20844,0
-0.016174,0.0074768,-0.18402,2.7309,-0.20599,0
-0.015411,0.0088501,-0.17761,2.7309,-0.2002,0
-0.01358,0.01297,-0.17624,2.2757,-0.19165,0
-0.011902,0.010529,-0.16968,2.7309,-0.18066,0
-0.015411,0.0042725,-0.1622,2.2757,-0.16998,0
-0.01709,-0.0028992,-0.15991,2.5033,-0.1593,0
-0.0177,-0.010986,-0.15976,2.2757,-0.14526,0
-0.0177,-0.013123,-0.15945,2.2757,-0.13367,0
-0.016174,-0.011902,-0.15579,2.2757,-0.12543,0
-0.01297,-0.014038,-0.15045,2.5033,-0.1181,0
-0.0073242,-0.020294,-0.13809,2.5033,-0.11047,0
-0.0042725,-0.023804,-0.12131,2.0482,-0.10498,0
0.00045776,-0.022736,-0.1062,2.9584,-0.1062,0
0.0036621,-0.022736,-0.092163,2.2757,-0.10956,0
0.0090027,-0.021362,-0.077667,2.0482,-0.11108,0
0.010071,-0.014038,-0.065613,2.2757,-0.10864,0
0.0032043,-0.0059509,-0.055542,2.0482,-0.10559,0
-0.0032043,-0.0054932,-0.049133,2.0482,-0.098572,0
-0.0064087,-0.0067139,-0.035095,2.7309,-0.084534,0
-0.0065613,-0.00030518,-0.013275,2.5033,-0.070496,0
-0.0071716,0.0082397,0.0019836,2.0482,-0.057983,0
-0.0093079,0.0057983,0.0033569,2.0482,-0.057678,0
-0.0090027,-0.0054932,0.0010681,2.2757,-0.064087,0
-0.0036621,-0.0086975,0.0030518,2.7309,-0.067749,0
-0.0041199,-0.005188,0.0086975,2.7309,-0.065918,0
-0.010376,-0.0022888,0.011902,2.9584,-0.06134,0
-0.019989,-0.00091553,0.0085449,3.186,-0.05249,0
-0.020599,0.00061035,0.0045776,2.7309,-0.041504,0
-0.016632,-0.0027466,0.0015259,2.7309,-0.032043,0
-0.0094604,-0.0047302,-0.0062561,2.7309,-0.028992,0
0.0022888,-0.0022888,-0.020447,2.2757,-0.031738,0
0.013885,-0.00091553,-0.026398,2.7309,-0.038757,0
0.018616,-0.00076294,-0.010834,2.5033,-0.041504,0
0.0097656,0.00061035,0.011292,2.5033,-0.037231,0
-0.0035095,-0.00045776,0.021057,2.5033,-0.02655,0
-0.0097656,0.0018311,0.018616,2.0482,-0.014038,0
-0.0057983,0.0036621,0.022888,2.0482,-0.0021362,0
0.0012207,0.0019836,0.027924,2.2757,0.0024414,0
0.004425,-0.0010681,0.024414,2.5033,0.00030518,0
0.0076294,-0.002594,0.019531,2.2757,-0.011292,0
0.0090027,0.00015259,0.020447,2.5033,-0.02533,0
0.0079346,0.0027466,0.022125,2.2757,-0.038452,0
0.0080872,0.0039673,0.021667,2.7309,-0.041504,0
0.0093079,0.0074768,0.016174,2.5033,-0.031433,0
0.010834,0.0064087,0.0022888,2.5033,-0.0177,0
0.0097656,0.0013733,-0.007019,1.8206,-0.0073242,0
0.0090027,-0.0021362,-0.00030518,2.7309,-0.0076294,0
0.0061035,-0.0039673,0.019226,2.5033,-0.016174,0
0.0048828,-0.0083923,0.037231,1.8206,-0.027466,0
0.0050354,-0.014038,0.046082,2.0482,-0.032959,0
0.00091553,-0.017242,0.038452,2.5033,-0.032043,0
-0.0083923,-0.014038,0.026703,2.2757,-0.024719,0
-0.014038,-0.0057983,0.026245,2.5033,-0.018616,0
-0.02121,-0.0016785,0.023193,2.2757,-0.020142,0
-0.032349,-0.0045776,0.0076294,2.2757,-0.026855,0
-0.041046,-0.0067139,-0.0059509,2.0482,-0.035095,0
-0.037842,-0.0045776,-0.010376,2.0482,-0.039368,0
-0.025482,-0.0032043,-0.005188,2.0482,-0.037537,0
-0.013275,-0.0038147,0.0062561,2.0482,-0.032349,0
0.0036621,-0.0041199,0.018311,2.0482,-0.025635,0
0.020142,-0.0053406,0.029907,2.2757,-0.021057,0
0.018921,-0.0065613,0.047302,2.2757,-0.020752,0
0.012665,-0.0086975,0.059814,2.9584,-0.019531,0
0.011749,-0.009613,0.064545,2.7309,-0.016785,0
0.015259,-0.0057983,0.06546,2.7309,-0.012207,0
0.021973,-0.0028992,0.054932,2.5033,-0.0064087,0
0.029907,-0.0053406,0.036469,3.186,0,0
0.029297,-0.0093079,0.029755,2.5033,0.011902,0
0.023956,-0.013123,0.039215,2.2757,0.030823,0
0.020294,-0.014343,0.055084,2.9584,0.053101,0
0.016632,-0.014038,0.068359,2.2757,0.074158,0
0.0090027,-0.016022,0.070343,2.9584,0.091248,0
0.00030518,-0.017853,0.066681,2.7309,0.10101,0
-0.0093079,-0.0177,0.065155,2.7309,0.11169,0
-0.016785,-0.0177,0.067291,2.7309,0.12573,0
-0.016937,-0.019531,0.064087,2.2757,0.14648,0
-0.016632,-0.018921,0.05249,2.2757,0.16663,0
-0.014038,-0.018158,0.039978,2.9584,0.18402,0
-0.011749,-0.018463,0.031128,2.9584,0.19775,0
-0.012665,-0.019073,0.028687,2.7309,0.21332,0
-0.0177,-0.017548,0.028687,2.5033,0.23071,0
-0.018311,-0.014191,0.026703,2.0482,0.24872,0
-0.010681,-0.0086975,0.016022,2.5033,0.26459,0
0,-0.0016785,0.0042725,2.5033,0.27557,0
0.0067139,0.00015259,0.0038147,2.2757,0.2832,0
0.0065613,-0.0018311,0.011749,2.2757,0.289,0
0.0033569,-0.0027466,0.020294,2.7309,0.29663,0
-0.0010681,-0.0016785,0.025177,2.2757,0.30548,0
-0.0041199,-0.0033569,0.020752,2.7309,0.31769,0
-0.0024414,-0.0036621,0.012817,2.2757,0.32654,0
0.0038147,-0.0019836,0.0083923,2.2757,0.33417,0
0.009613,0.00061035,0.0061035,2.2757,0.34149,0
0.013428,0.002594,0.0035095,2.0482,0.35187,0
0.018311,0.0030518,0.002594,1.5931,0.36133,0
0.017242,0.0019836,0.0091553,2.2757,0.36957,0
0.0099182,0.00015259,0.028229,2.5033,0.3714,0
0.0038147,-0.0010681,0.044861,2.7309,0.36499,0
-0.00091553,-0.00045776,0.042877,2.0482,0.35919,0
-0.0021362,-0.00045776,0.029297,2.5033,0.35675,0
0.00045776,-0.0057983,0.0056458,2.0482,0.35431,0
0.0036621,-0.013275,-0.023499,2.5033,0.35309,0
0.0059509,-0.013275,-0.045624,2.0482,0.35034,0
0.0085449,-0.010071,-0.056915,3.186,0.34882,0
0.010834,-0.013275,-0.063934,2.7309,0.34515,0
0.013123,-0.017548,-0.06134,3.186,0.34271,0
0.016022,-0.016327,-0.049286,2.0482,0.33539,0
0.020599,-0.012054,-0.031586,2.2757,0.32471,0
0.024719,-0.012817,-0.019073,2.2757,0.31067,0
0.028381,-0.016785,-0.0099182,2.0482,0.2948,0
0.031891,-0.014954,-0.0027466,2.5033,0.28046,0
0.032806,-0.011444,-0.0013733,2.7309,0.26672,0
0.028381,-0.0082397,-0.0013733,2.5033,0.25024,0
0.023193,-0.0059509,0.0065613,2.7309,0.23346,0
0.017853,-0.0064087,0.016937,2.9584,0.21637,0
0.011444,-0.0073242,0.030975,2.7309,0.20294,0
0.0073242,-0.0022888,0.05188,2.7309,0.18646,0
0.0032043,0.0019836,0.076599,2.7309,0.17395,0
-0.0013733,0.0053406,0.096893,2.2757,0.16418,0
-0.0047302,0.0056458,0.10681,2.7309,0.15503,0
-0.0088501,0.0047302,0.11154,1.8206,0.14435,0
-0.011597,0.0074768,0.10651,2.7309,0.1358,0
-0.012512,0.011139,0.087738,2.2757,0.1297,0
-0.012054,0.012512,0.068817,2.2757,0.12146,0
-0.010376,0.013885,0.056763,1.5931,0.11078,0
-0.0048828,0.011749,0.050049,2.2757,0.093689,0
-0.00091553,0.0056458,0.035248,1.8206,0.078125,0
-0.0028992,0.0036621,0.016479,2.5033,0.064087,0
-0.011139,0.0050354,0.0019836,2.2757,0.057983,0
-0.016937,0.0042725,-0.0035095,1.3655,0.053101,0
-0.016022,0.0057983,-0.0022888,1.8206,0.05127,0
-0.013123,0.0094604,0.0021362,1.5931,0.049744,0
-0.0068665,0.011292,0.0050354,1.1379,0.050354,0
0.0045776,0.012207,0.004425,1.3655,0.050659,0
0.015259,0.016022,-0.0048828,1.8206,0.051575,0
0.02243,0.020294,-0.011292,2.5033,0.054321,0
0.020294,0.018005,-0.012817,1.8206,0.055237,0
0.013733,0.0085449,-0.020142,2.0482,0.052185,0
0.0067139,0.0041199,-0.031891,2.5033,0.045471,0
-0.00076294,0.0083923,-0.032501,2.5033,0.035095,0
-0.0062561,0.013885,-0.020752,2.2757,0.027161,0
-0.009613,0.015717,-0.0047302,2.2757,0.019836,0
-0.014191,0.01709,0.0057983,2.7309,0.014343,0
-0.019684,0.017395,0.0061035,2.9584,0.010986,0
-0.021973,0.015564,0.0024414,1.8206,0.0097656,0
-0.02182,0.0080872,-0.0050354,2.2757,0.0097656,0
-0.01709,-0.00015259,-0.012817,2.0482,0.0091553,0
-0.010071,-0.0033569,-0.0080872,2.5033,0.0091553,0
-0.0048828,-0.0016785,0.0054932,2.2757,0.0094604,0
-0.00076294,0.00015259,0.014954,2.2757,0.010376,0
0.004425,-0.00015259,0.018463,2.0482,0.013428,0
0.0094604,-0.00045776,0.023956,2.2757,0.011597,0
0.0082397,0.002594,0.041199,1.8206,0.0027466,0
-0.00045776,0.0048828,0.062408,2.0482,-0.007019,0
-0.0054932,0.0010681,0.068817,2.9584,-0.018616,0
-0.0030518,-0.0047302,0.061493,2.7309,-0.030212,0
-0.0036621,-0.0032043,0.058441,2.5033,-0.042419,0
-0.011139,0.0048828,0.063934,2.9584,-0.057678,0
-0.013275,0.010529,0.070953,2.5033,-0.072327,0
-0.0039673,0.01709,0.08255,2.2757,-0.082703,0
0.0093079,0.025482,0.10818,2.2757,-0.090637,0
0.022125,0.033722,0.12909,2.2757,-0.1004,0
0.028534,0.034485,0.12619,1.8206,-0.11322,0
0.028534,0.030975,0.10864,2.5033,-0.13031,0
0.023499,0.027618,0.092468,2.5033,-0.14832,0
0.016785,0.024719,0.074158,2.2757,-0.16632,0
0.010071,0.023041,0.049438,2.0482,-0.18463,0
0.0018311,0.022736,0.027466,1.8206,-0.19928,0
-0.0062561,0.022736,0.01297,1.5931,-0.2066,0
-0.0097656,0.027008,-0.0022888,2.2757,-0.20569,0
-0.0099182,0.030518,-0.011902,2.0482,-0.20416,0
-0.0079346,0.027008,-0.0059509,2.2757,-0.20477,0
-0.0021362,0.021515,0.0045776,2.5033,-0.20599,0
0.0073242,0.017548,0.007019,2.5033,-0.20966,0
0.012207,0.018005,0.0038147,1.8206,-0.21362,0
0.010223,0.019684,-0.00045776,2.0482,-0.2121,0
0.0062561,0.019073,-0.0042725,2.5033,-0.20996,0
0.0038147,0.017242,0.0024414,2.0482,-0.21423,0
-0.0012207,0.013428,0.017853,2.5033,-0.23071,0
-0.0071716,0.012054,0.027924,2.7309,-0.25177,0
-0.010986,0.013733,0.03067,2.5033,-0.26611,0
-0.010986,0.011902,0.03891,2.0482,-0.27802,0
-0.020142,0.0082397,0.055695,1.8206,-0.2948,0
-0.023193,0.0057983,0.063477,2.5033,-0.31372,0
-0.018921,0.0067139,0.056305,2.7309,-0.32928,0
-0.010681,0.0088501,0.046539,2.7309,-0.33966,0
0.0099182,0.0054932,0.037537,2.5033,-0.3418,0
0.021667,0.0028992,0.018005,2.7309,-0.34119,0
0.012512,0.005188,-0.00091553,2.0482,-0.33386,0
0.0019836,0.0097656,-0.011292,2.0482,-0.32349,0
-0.00045776,0.01358,-0.011902,2.9584,-0.31158,0
-0.0012207,0.011749,-0.0057983,2.9584,-0.30731,0
-0.0056458,0.0088501,0.005188,2.2757,-0.31555,0
-0.0085449,0.0056458,0.0064087,2.9584,-0.3302,0
-0.005188,0.0050354,-0.0028992,2.0482,-0.34119,0
-0.0041199,0.0062561,-0.014343,2.2757,-0.34454,0
-0.007782,0.0041199,-0.022125,2.5033,-0.34515,0
-0.009613,-0.0018311,-0.025635,2.2757,-0.34973,0
-0.0085449,-0.0088501,-0.026093,2.5033,-0.35736,0
-0.0079346,-0.014038,-0.023346,2.5033,-0.36896,0
-0.0057983,-0.016174,-0.014648,2.2757,-0.3772,0
-0.0021362,-0.019836,-0.0045776,1.8206,-0.38391,0
0.0061035,-0.022888,-0.0033569,2.9584,-0.38483,0
0.0068665,-0.023651,-0.0053406,1.8206,-0.38483,0
0.0019836,-0.024872,-0.0073242,2.2757,-0.38849,0
-0.0015259,-0.02594,-0.007782,2.0482,-0.39734,0
-0.0033569,-0.023041,-0.0088501,1.5931,-0.40863,0
-0.004425,-0.023346,-0.013885,1.3655,-0.41809,0
-0.0010681,-0.02655,-0.023804,1.8206,-0.4248,0
0.0061035,-0.025787,-0.032501,2.0482,-0.42816,0
0.009613,-0.020142,-0.036469,1.8206,-0.42847,0
0.0073242,-0.015259,-0.039062,2.5033,-0.42084,0
0.0033569,-0.018616,-0.037079,1.5931,-0.39764,0
0.00061035,-0.023956,-0.023041,1.8206,-0.3714,0
-0.00015259,-0.022583,0.0012207,2.2757,-0.35187,0
0,-0.021973,0.021667,1.8206,-0.34393,0
0.0012207,-0.020752,0.038757,2.5033,-0.34027,0
0.0042725,-0.018463,0.057678,2.2757,-0.33417,0
0.0048828,-0.016632,0.07309,1.5931,-0.32349,0
0.0057983,-0.014496,0.076447,2.0482,-0.31372,0
0.0036621,-0.0073242,0.066833,2.0482,-0.31036,0
0.0065613,-0.0041199,0.049133,2.0482,-0.31311,0
0.004425,-0.0071716,0.032196,2.9584,-0.3244,0
0.00045776,-0.011749,0.016632,2.7309,-0.336,0
0.0022888,-0.010376,-0.00091553,2.5033,-0.33447,0
0.0048828,-0.0065613,-0.014801,2.2757,-0.3244,0
0.0012207,-0.0042725,-0.018005,2.2757,-0.31036,0
-0.0042725,-0.0041199,-0.010529,2.2757,-0.29419,0
-0.015106,-0.0018311,-0.0036621,2.7309,-0.2771,0
-0.019073,0.002594,0.00091553,2.7309,-0.26215,0
-0.020294,0.007019,0.0033569,2.2757,-0.24963,0
-0.019836,0.0097656,0.0042725,2.2757,-0.24048,0
-0.017395,0.010223,0.004425,2.0482,-0.23346,0
-0.0062561,0.010529,0.0042725,2.7309,-0.22461,0
0.007019,0.010376,0.004425,2.2757,-0.21637,0
0.018768,0.0093079,0.0076294,2.2757,-0.20721,0
0.022583,0.0050354,0.013733,2.2757,-0.19531,0
0.020142,0.0035095,0.0177,2.2757,-0.1828,0
0.015411,0.0080872,0.021057,2.7309,-0.16785,0
0.0090027,0.010834,0.021515,2.5033,-0.14893,0
0.0036621,0.0086975,0.018616,2.5033,-0.13153,0
-0.00015259,0.0030518,0.021362,2.7309,-0.11444,0
-0.0059509,-0.0010681,0.021973,2.0482,-0.098267,0
-0.01297,-0.0038147,0.013428,2.5033,-0.083923,0
-0.01709,-0.007019,0.002594,2.2757,-0.069275,0
-0.013275,-0.0099182,-0.004425,2.0482,-0.054016,0
-0.010376,-0.011139,-0.0018311,2.2757,-0.038757,0
-0.004425,-0.011444,0.011292,2.0482,-0.032043,0
0.0048828,-0.010071,0.023651,1.8206,-0.0354,0
0.010376,-0.0093079,0.033875,1.8206,-0.045166,0
0.013123,-0.0086975,0.039368,1.8206,-0.054626,0
0.023956,-0.0057983,0.041962,1.8206,-0.057983,0
0.033722,-0.0024414,0.04425,2.5033,-0.06073,0
0.033112,-0.00061035,0.045319,2.2757,-0.067444,0
0.02243,-0.0016785,0.050049,2.5033,-0.076294,0
0.017853,-0.0032043,0.057526,2.2757,-0.077515,0
0.014648,-0.0041199,0.058746,2.5033,-0.068359,0
0.010529,-0.0053406,0.050049,2.2757,-0.052795,0
0.0094604,-0.010681,0.037231,2.5033,-0.032654,0
0.0082397,-0.014954,0.028992,2.5033,-0.0082397,0
0.0033569,-0.012817,0.035095,2.0482,0.021667,0
-0.004425,-0.0076294,0.045929,1.5931,0.050964,0
-0.0091553,-0.0068665,0.048523,2.2757,0.076904,0
-0.012207,-0.011444,0.044556,2.2757,0.093384,0
-0.014496,-0.015411,0.04425,2.0482,0.10376,0
-0.015717,-0.016174,0.042267,3.186,0.11292,0
-0.018921,-0.014191,0.039673,2.7309,0.12177,0
-0.02243,-0.011749,0.044098,3.186,0.13275,0
-0.015717,-0.0093079,0.046844,2.2757,0.14557,0
-0.0061035,-0.0080872,0.03891,2.9584,0.15778,0
-0.00030518,-0.0062561,0.016632,2.7309,0.16144,0
0.0024414,-0.0013733,-0.01709,2.2757,0.15686,0
-0.0015259,-0.0010681,-0.041962,2.5033,0.14771,0
-0.0099182,-0.0028992,-0.055389,2.2757,0.14099,0
-0.018616,-0.0071716,-0.067291,2.0482,0.14496,0
-0.02182,-0.012665,-0.078735,2.2757,0.16113,0
-0.019836,-0.016632,-0.081635,3.186,0.18127,0
-0.014191,-0.015106,-0.070496,3.4135,0.19684,0
-0.013123,-0.0090027,-0.054169,2.5033,0.20813,0
-0.014648,-0.0047302,-0.040588,2.2757,0.21606,0
-0.0073242,-0.0064087,-0.039978,2.5033,0.22064,0
0.0057983,-0.010529,-0.056152,2.7309,0.2182,0
0.015564,-0.010986,-0.071564,2.5033,0.20416,0
0.018158,-0.009613,-0.075378,2.5033,0.1825,0
0.015106,-0.0065613,-0.071716,2.0482,0.16113,0
0.011139,-0.0035095,-0.067139,2.2757,0.14923,0
0.010834,-0.0018311,-0.061798,1.8206,0.14984,0
0.0091553,0.0027466,-0.057983,2.0482,0.15564,0
0.0032043,0.010376,-0.053711,2.5033,0.16479,0
-0.004425,0.0177,-0.04425,2.5033,0.16998,0
-0.007782,0.021667,-0.028687,2.2757,0.17151,0
-0.0015259,0.023956,-0.011292,2.2757,0.17242,0
0.0050354,0.026093,-0.0019836,2.5033,0.17578,0
0.0028992,0.030975,-0.0016785,2.7309,0.18158,0
-0.0012207,0.036774,-0.0022888,2.2757,0.18433,0
0.005188,0.038452,0.0032043,2.2757,0.19043,0
0.012817,0.033417,0.010376,1.8206,0.19409,0
0.016022,0.024719,0.010223,1.8206,0.19501,0
0.01709,0.016174,-0.0048828,1.3655,0.19684,0
0.018005,0.0080872,-0.02533,2.2757,0.19989,0
0.014191,-0.00015259,-0.039825,2.0482,0.2002,0
0.0028992,-0.0019836,-0.044556,2.5033,0.18829,0
-0.012054,-0.0013733,-0.045013,2.0482,0.17365,0
-0.023346,-0.0024414,-0.044708,2.2757,0.16815,0
-0.024719,-0.0036621,-0.043335,2.2757,0.16632,0
-0.020294,-0.0053406,-0.042419,2.2757,0.16663,0
-0.0082397,-0.0064087,-0.044556,2.7309,0.16907,0
0.00091553,-0.007782,-0.044403,1.8206,0.17242,0
0.0041199,-0.0079346,-0.042725,2.5033,0.1709,0
0.0082397,-0.0086975,-0.037079,2.7309,0.16907,0
0.01358,-0.010986,-0.024261,2.0482,0.16815,0
0.021973,-0.0090027,-0.0018311,2.0482,0.16754,0
0.025482,-0.0038147,0.022278,2.5033,0.17242,0
0.026398,0.0021362,0.041199,2.2757,0.18066,0
0.026398,0.0094604,0.048218,2.9584,0.18646,0
0.026855,0.014343,0.048981,2.5033,0.19043,0
0.02121,0.015411,0.050812,2.2757,0.19653,0
0.012512,0.016327,0.050507,2.7309,0.19653,0
0.0048828,0.014038,0.040131,2.7309,0.18494,0
0.0012207,0.0090027,0.016022,2.2757,0.16785,0
-0.0079346,0.011749,-0.0050354,2.5033,0.15289,0
-0.023651,0.017242,-0.0097656,2.5033,0.14862,0
-0.032806,0.017548,-0.0076294,2.2757,0.15076,0
-0.030975,0.018311,-0.0048828,2.2757,0.15015,0
-0.023499,0.023041,0.0050354,1.8206,0.14862,0
-0.015717,0.026398,0.019989,1.3655,0.14893,0
-0.011292,0.028992,0.026245,2.0482,0.15228,0
-0.0093079,0.025482,0.028839,1.3655,0.15259,0
-0.012665,0.020905,0.032196,2.5033,0.1532,0
-0.020905,0.016022,0.028992,1.8206,0.159,0
-0.02533,0.012665,0.016632,2.0482,0.16327,0
-0.023346,0.0097656,0.0076294,1.8206,0.16388,0
-0.016632,0.0083923,0.0050354,2.0482,0.15625,0
-0.0056458,0.0093079,0.0015259,2.0482,0.14313,0
0.0022888,0.010223,0.00061035,2.2757,0.12604,0
0.0080872,0.0082397,0.0076294,1.3655,0.10834,0
0.016937,0.0062561,0.013123,2.0482,0.099792,0
0.020447,0.0036621,0.013275,1.5931,0.097961,0
0.018158,-0.00076294,0.01236,2.0482,0.10101,0
0.015564,-0.0019836,0.0076294,2.2757,0.10315,0
0.014954,-0.0030518,-0.0032043,1.8206,0.098572,0
0.009613,-0.0027466,-0.0177,2.0482,0.088501,0
0.0080872,-0.0016785,-0.02594,2.2757,0.075073,0
0.022583,-0.00061035,-0.021057,2.7309,0.063171,0
0.039368,-0.00076294,-0.011749,2.2757,0.054626,0
0.039215,-0.0035095,-0.0068665,2.7309,0.046997,0
0.031281,-0.0065613,-0.0012207,2.2757,0.04303,0
0.028839,-0.0048828,0.0061035,2.0482,0.042725,0
0.028992,-0.00045776,0.012512,1.8206,0.046082,0
0.029907,0.00045776,0.017853,2.7309,0.045776,0
0.024872,-0.0041199,0.027924,2.0482,0.039978,0
0.01358,-0.0057983,0.040436,2.7309,0.032043,0
0.0050354,-0.0047302,0.041046,2.9584,0.02533,0
0.0012207,-0.0019836,0.032501,2.5033,0.020447,0
0.0022888,0.00030518,0.027466,2.5033,0.016785,0
0.010223,-0.0028992,0.02533,2.5033,0.014954,0
0.016022,-0.0068665,0.022125,2.2757,0.010681,0
0.017548,-0.009613,0.021057,2.7309,0.0021362,0
0.018463,-0.0086975,0.022583,2.5033,-0.01709,0
0.018158,-0.0080872,0.023804,2.0482,-0.046997,0
0.013275,-0.010834,0.026398,1.8206,-0.072327,0
0.0065613,-0.012054,0.033569,2.0482,-0.082703,0
0.00076294,-0.010834,0.040436,1.8206,-0.087585,0
-0.0061035,-0.0093079,0.045013,2.7309,-0.093994,0
-0.014038,-0.0045776,0.045471,2.5033,-0.098877,0
-0.019226,-0.0024414,0.037994,1.8206,-0.092773,0
-0.020599,-0.0033569,0.028076,2.2757,-0.083923,0
-0.023956,-0.0032043,0.015717,1.3655,-0.078125,0
-0.026855,-0.0019836,0.0090027,2.2757,-0.079346,0
-0.020447,-0.0015259,0.010986,2.2757,-0.075073,0
-0.011139,-0.00045776,0.013275,1.1379,-0.062561,0
-0.0021362,0.0024414,0.0074768,1.8206,-0.047607,0
-0.0021362,0.0019836,-0.0027466,2.5033,-0.041199,0
-0.013885,-0.0032043,-0.0064087,1.8206,-0.039978,0
-0.019989,-0.0036621,0.0024414,2.0482,-0.039978,0
-0.01709,-0.0022888,0.020599,2.5033,-0.0354,0
-0.015259,-0.0028992,0.036926,2.2757,-0.033569,0
-0.023193,-0.0015259,0.040741,2.0482,-0.039062,0
-0.027618,0.0033569,0.032349,1.8206,-0.050049,0
-0.024261,0.0057983,0.016632,1.8206,-0.061035,0
-0.0071716,0.0083923,0.00076294,2.0482,-0.07019,0
0.0099182,0.011292,-0.010529,2.0482,-0.068359,0
0.020294,0.010376,-0.020752,2.2757,-0.059204,0
0.02243,0.0073242,-0.023804,2.2757,-0.048828,0
0.023651,0.005188,-0.015717,2.5033,-0.04303,0
0.025482,0.00030518,-0.00076294,2.7309,-0.035706,0
0.02655,-0.0042725,0.012665,2.7309,-0.027161,0
0.0177,-0.0064087,0.029144,2.0482,-0.019226,0
0.0076294,-0.0053406,0.042114,2.5033,-0.014954,0
0.0024414,-0.0042725,0.035553,2.7309,-0.013123,0
-0.0028992,-0.0038147,0.021515,2.5033,-0.0079346,0
-0.0045776,-0.0016785,0.01709,2.7309,0.0012207,0
-0.0022888,0.0010681,0.019989,1.8206,0.0036621,0
-0.00045776,0.0036621,0.028687,2.7309,-0.00091553,0
0.00061035,0.005188,0.043793,2.9584,-0.0061035,0
-0.0013733,0.004425,0.054779,2.9584,-0.0088501,0
-0.013885,0.0024414,0.053406,2.7309,-0.0076294,0
-0.031281,-0.0013733,0.037231,1.8206,-0.0015259,0
-0.046844,-0.0032043,0.010986,2.7309,0.007019,0
-0.046234,-0.0062561,-0.0071716,1.8206,0.0091553,0
-0.029602,-0.011749,-0.011444,2.7309,0.007019,0
-0.010223,-0.013275,-0.007782,2.7309,0.0036621,0
0.011902,-0.012054,-0.00091553,2.0482,0.0012207,0
0.023956,-0.011597,-0.0022888,2.0482,-0.00091553,0
0.023499,-0.010376,-0.0038147,2.5033,-0.0036621,0
0.012665,-0.0080872,-0.0033569,2.0482,-0.007019,0
0.0067139,-0.0068665,-0.009613,1.8206,-0.011597,0
0.0082397,-0.0088501,-0.020752,1.1379,-0.01709,0
0.010223,-0.011597,-0.033264,2.0482,-0.022888,0
0.0099182,-0.01358,-0.039978,2.5033,-0.027466,0
0.0091553,-0.010529,-0.040131,2.0482,-0.029297,0
0.0073242,-0.0053406,-0.033569,1.8206,-0.028381,0
0.0050354,-0.0033569,-0.029602,1.5931,-0.032959,0
0.0042725,-0.0028992,-0.036163,2.0482,-0.044861,0
0.0042725,0.00030518,-0.047302,2.0482,-0.057678,0
0.0067139,0.002594,-0.047302,2.0482,-0.057068,0
0.014038,0.0030518,-0.036774,2.2757,-0.044861,0
0.025024,0.0053406,-0.018616,2.2757,-0.030212,0
0.031738,0.0076294,0.0019836,2.5033,-0.018921,0
0.025024,0.0057983,0.014954,2.0482,-0.010986,0
0.016632,0.007019,0.02243,1.8206,-0.0067139,0
0.0086975,0.010376,0.02533,1.8206,-0.0048828,0
0.0012207,0.014648,0.026398,1.3655,-0.0067139,0
-0.012054,0.016327,0.024261,2.0482,-0.0064087,0
-0.030518,0.010986,0.022278,2.5033,-0.0018311,0
-0.045776,0.0065613,0.029449,2.5033,0.00030518,0
-0.048218,0.0041199,0.048981,2.2757,0.0012207,0
-0.029449,0.0042725,0.066986,2.5033,0.00030518,0
0.0047302,0.0019836,0.061493,2.2757,-0.00091553,0
0.028076,-0.0041199,0.034637,1.8206,0.0027466,0
0.025635,-0.010376,0.0050354,2.9584,0.010071,0
0.012054,-0.013123,-0.019836,2.2757,0.014343,0
-0.0016785,-0.012817,-0.034485,2.9584,0.0094604,0
-0.014496,-0.011444,-0.026855,2.5033,0.00030518,0
-0.020294,-0.011292,-0.0064087,2.2757,-0.012512,0
-0.016937,-0.009613,0.013733,2.2757,-0.021667,0
-0.011749,-0.0059509,0.028076,2.7309,-0.030823,0
-0.0076294,-0.0033569,0.033112,3.186,-0.040588,0
-0.0073242,0,0.038147,3.186,-0.048523,0
-0.010223,0.0022888,0.042114,2.2757,-0.056458,0
-0.016174,-0.00045776,0.043335,2.5033,-0.066833,0
-0.026093,-0.005188,0.044708,2.2757,-0.076599,0
-0.033569,-0.0041199,0.043182,1.8206,-0.085449,0
-0.032196,-0.00061035,0.0354,2.2757,-0.092468,0
-0.023041,-0.0015259,0.020294,1.8206,-0.09491,0
-0.0080872,-0.00015259,0.0079346,1.5931,-0.090942,0
0.0062561,0.0065613,-0.0010681,1.8206,-0.081787,0
0.015564,0.010376,-0.01358,2.5033,-0.075989,0
0.027008,0.005188,-0.021667,2.2757,-0.075073,0
0.03479,-0.0021362,-0.023346,2.2757,-0.077515,0
0.033722,-0.0080872,-0.019531,1.8206,-0.079651,0
0.025635,-0.011902,-0.024261,2.0482,-0.073242,0
0.019226,-0.01358,-0.036469,2.2757,-0.057373,0
0.016327,-0.0093079,-0.041046,2.7309,-0.037537,0
0.014801,-0.004425,-0.032196,2.0482,-0.024414,0
0.014191,-0.0021362,-0.02121,2.2757,-0.0177,0
0.014648,-0.0016785,-0.019836,2.5033,-0.016785,0
0.017242,-0.0013733,-0.017395,2.2757,-0.01709,0
0.0177,-0.0015259,-0.0097656,2.2757,-0.015259,0
0.011444,-0.0015259,-0.0012207,2.2757,-0.012512,0
0.014648,0.00045776,0.0085449,2.0482,-0.010071,0
0.029907,0.0036621,0.019836,2.2757,-0.014648,0
0.04303,0.00076294,0.024872,2.2757,-0.028992,0
0.038605,-0.0030518,0.023193,1.5931,-0.04425,0
0.028992,-0.0027466,0.023346,2.0482,-0.053711,0
0.023956,-0.00091553,0.019226,1.8206,-0.055542,0
0.0177,0.00045776,0.011292,2.2757,-0.055847,0
0.015564,0.00061035,0.0094604,2.5033,-0.054016,0
0.012665,-0.0016785,0.019531,2.0482,-0.046082,0
0.0097656,-0.0022888,0.031128,1.3655,-0.032959,0
0.0054932,-0.0032043,0.033112,1.8206,-0.021362,0
0.0012207,-0.0038147,0.019073,2.0482,-0.015869,0
-0.0024414,-0.004425,-0.0065613,2.7309,-0.021667,0
-0.0067139,-0.0036621,-0.036011,2.2757,-0.031433,0
-0.01236,-0.0027466,-0.057373,2.2757,-0.037231,0
-0.013885,-0.0030518,-0.067902,2.7309,-0.037537,0
-0.017395,-0.0038147,-0.070953,2.2757,-0.041199,0
-0.025635,-0.0039673,-0.072174,2.5033,-0.045166,0
-0.029755,-0.0039673,-0.071869,2.2757,-0.046387,0
-0.030975,-0.0041199,-0.071869,2.5033,-0.042419,0
-0.027313,-0.0038147,-0.071716,2.2757,-0.033569,0
-0.0177,-0.0054932,-0.07309,2.5033,-0.021667,0
-0.010834,-0.0062561,-0.074768,2.5033,-0.010681,0
-0.01297,-0.0073242,-0.068665,1.8206,-0.0012207,0
-0.021515,-0.0086975,-0.051422,2.2757,0.0079346,0
-0.031128,-0.007782,-0.035858,2.2757,0.018921,0
-0.03418,-0.0022888,-0.023956,2.0482,0.031738,0
-0.02594,0.0019836,-0.011902,2.2757,0.042725,0
-0.015106,0.0018311,-0.0053406,2.0482,0.05127,0
-0.0088501,0.0022888,-0.0021362,2.5033,0.053711,0
-0.0030518,0.0028992,0.0035095,2.2757,0.053406,0
-0.0012207,0.0030518,0.0015259,2.2757,0.046997,0
-0.0010681,0.0030518,-0.01297,1.8206,0.042419,0
-0.0027466,0.0041199,-0.030212,2.0482,0.044861,0
-0.0086975,0.0048828,-0.040741,2.5033,0.05188,0
-0.014038,0.0053406,-0.037537,2.0482,0.057373,0
-0.01236,0.0076294,-0.031128,2.0482,0.063477,0
0.00045776,0.011902,-0.033875,1.5931,0.070496,0
0.016174,0.016937,-0.036621,1.8206,0.078125,0
0.031128,0.018463,-0.025482,1.5931,0.083618,0
0.040894,0.011292,-0.0061035,2.2757,0.090637,0
0.037689,-0.00045776,0.004425,2.7309,0.099792,0
0.031128,-0.0073242,0.0032043,2.7309,0.10498,0
0.023193,-0.0065613,-0.0013733,2.5033,0.10742,0
0.01236,-0.00030518,-0.0080872,2.0482,0.10742,0
0.0021362,0.0042725,-0.010223,2.9584,0.098877,0
-0.0016785,0.0010681,-0.009613,2.2757,0.083313,0
0.00045776,-0.0036621,-0.0039673,2.2757,0.067749,0
0.0039673,-0.005188,0.010834,2.0482,0.058899,0
0.010834,-0.0022888,0.031128,2.0482,0.063171,0
0.01236,-0.00091553,0.045624,2.2757,0.076904,0
0.0056458,-0.0033569,0.048218,2.2757,0.093384,0
-0.007019,-0.0080872,0.040436,1.8206,0.10406,0
-0.013428,-0.010834,0.027618,2.0482,0.10498,0
-0.0071716,-0.010223,0.015869,2.0482,0.097656,0
-0.0038147,-0.0093079,0.0097656,2.2757,0.08667,0
-0.010986,-0.0086975,0.0050354,3.186,0.07782,0
-0.018768,-0.0090027,0.0038147,2.7309,0.073853,0
-0.028992,-0.0099182,0.0018311,2.5033,0.068665,0
-0.037994,-0.010071,-0.0028992,2.7309,0.06134,0
-0.039825,-0.0080872,-0.012817,2.2757,0.05249,0
-0.030823,-0.0090027,-0.024719,2.2757,0.05249,0
-0.016479,-0.0094604,-0.03067,1.8206,0.061035,0
-0.0094604,-0.0094604,-0.025787,1.5931,0.068665,0
-0.0038147,-0.0056458,-0.0091553,1.1379,0.06958,0
0.0018311,-0.0015259,0.011292,1.1379,0.064392,0
0.0035095,0.00045776,0.029144,1.3655,0.056152,0
0.005188,0.0050354,0.04364,2.5033,0.046997,0
0.0094604,0.0091553,0.055389,2.5033,0.042114,0
0.012054,0.010529,0.05722,1.8206,0.041809,0
0.0062561,0.0065613,0.045166,1.8206,0.048828,0
-0.0022888,0.0021362,0.031891,1.1379,0.058899,0
-0.0080872,0.0028992,0.024719,1.8206,0.069885,0
-0.0082397,0.0080872,0.021973,1.5931,0.076599,0
-0.0045776,0.014954,0.022736,2.2757,0.076904,0
0.0062561,0.016174,0.027924,2.2757,0.072937,0
0.015106,0.010529,0.031128,2.2757,0.066223,0
0.016174,0.0056458,0.028229,1.8206,0.057373,0
0.014191,0.0056458,0.027161,1.8206,0.045471,0
0.017548,0.0086975,0.029602,1.8206,0.032043,0
0.023041,0.0079346,0.023499,2.0482,0.022888,0
0.020905,0.005188,0.015564,2.7309,0.018616,0
0.011902,0.0056458,0.018005,2.5033,0.014954,0
0.0097656,0.0061035,0.02243,2.2757,0.0177,0
0.010681,0.002594,0.018311,2.2757,0.021973,0
0.010986,-0.0016785,0.016785,2.2757,0.020447,0
0.0067139,-0.002594,0.022583,2.0482,0.014648,0
-0.0048828,-0.0010681,0.031586,2.0482,0.0091553,0
-0.022125,0.0010681,0.0383,2.2757,0.010681,0
-0.041656,0.002594,0.047913,2.5033,0.019531,0
-0.053406,0.00076294,0.069427,2.5033,0.030823,0
-0.058899,-0.0033569,0.090942,2.7309,0.041504,0
-0.055389,-0.007019,0.090942,2.9584,0.049744,0
-0.045624,-0.0067139,0.072021,2.0482,0.05249,0
-0.032959,-0.0057983,0.048065,2.7309,0.054016,0
-0.014038,-0.0073242,0.034332,2.5033,0.057068,0
0.011902,-0.0094604,0.032043,2.9584,0.057983,0
0.032196,-0.004425,0.039825,2.2757,0.053101,0
0.036163,0.0012207,0.053864,2.2757,0.049744,0
0.023956,0.00076294,0.07019,2.0482,0.050659,0
0.0085449,-0.00015259,0.084991,2.0482,0.058289,0
0,0.0045776,0.098114,1.8206,0.070496,0
-0.0010681,0.011292,0.10391,2.7309,0.079956,0
0,0.016479,0.098114,2.7309,0.078735,0
0.0048828,0.018311,0.093536,1.8206,0.073242,0
0.011597,0.018921,0.094757,2.5033,0.069275,0
0.01709,0.018005,0.095825,2.0482,0.069275,0
0.017853,0.015869,0.10147,1.8206,0.075989,0
0.01297,0.019684,0.10849,2.5033,0.081787,0
0.014038,0.026093,0.10925,2.2757,0.081482,0
0.02121,0.020599,0.10437,1.3655,0.07843,0
0.027618,0.0083923,0.10132,1.3655,0.075073,0
0.027008,0.0053406,0.09903,1.8206,0.074463,0
0.022736,0.0071716,0.094452,2.2757,0.074768,0
0.015717,0.0057983,0.086823,2.5033,0.071716,0
0.0067139,0.0080872,0.08728,2.5033,0.069275,0
-0.0038147,0.010681,0.08667,2.2757,0.070496,0
-0.018921,0.0028992,0.068817,2.2757,0.068665,0
-0.030823,-0.0073242,0.042267,1.5931,0.063782,0
-0.034332,-0.0097656,0.026245,2.0482,0.056152,0
-0.024109,-0.0064087,0.024261,2.0482,0.048828,0
0.00030518,-0.0067139,0.018158,1.8206,0.041199,0
0.022888,-0.0074768,0.0045776,2.2757,0.03479,0
0.023956,-0.0036621,-0.0086975,2.0482,0.031738,0
0.013428,-0.00015259,-0.007019,2.7309,0.038757,0
0.009613,-0.0047302,-0.005188,3.186,0.052795,0
0.010986,-0.0088501,-0.010071,2.7309,0.069275,0
0.013123,-0.0057983,-0.010681,2.2757,0.081177,0
0.014496,-0.002594,-0.013123,2.7309,0.086975,0
0.016785,-0.0016785,-0.017395,2.2757,0.085144,0
0.01236,-0.002594,-0.019531,2.0482,0.087585,0
0.0016785,-0.0036621,-0.018005,2.2757,0.09613,0
-0.0065613,-0.0054932,-0.02243,2.9584,0.10712,0
-0.0082397,-0.0061035,-0.033264,3.186,0.11871,0
-0.0080872,-0.0012207,-0.030365,2.2757,0.12726,0
-0.0079346,0.0061035,-0.0080872,2.5033,0.12848,0
-0.0080872,0.0042725,0.014801,1.5931,0.1239,0
-0.0079346,-0.0035095,0.02243,2.7309,0.11932,0
-0.010071,-0.0056458,0.023193,2.5033,0.11993,0
-0.012817,-0.0054932,0.025024,2.7309,0.12604,0
-0.017242,-0.0085449,0.028076,2.0482,0.13,0
-0.017853,-0.0097656,0.036316,2.5033,0.13275,0
-0.015869,-0.0091553,0.045776,2.0482,0.13184,0
-0.01358,-0.010071,0.050507,2.5033,0.12909,0
-0.011444,-0.0090027,0.050812,2.0482,0.12756,0
-0.0013733,-0.0080872,0.055084,2.2757,0.12756,0
0.010986,-0.010376,0.068817,2.2757,0.12512,0
0.015564,-0.010986,0.084534,1.3655,0.12085,0
0.0065613,-0.0076294,0.091248,2.2757,0.11719,0
-0.0012207,-0.0024414,0.08728,2.0482,0.11353,0
0.0028992,-0.0012207,0.078888,1.8206,0.11169,0
0.02243,-0.0013733,0.074158,2.0482,0.11139,0
0.046387,-0.0018311,0.068817,2.0482,0.11322,0
0.054016,-0.0038147,0.054932,1.5931,0.11505,0
0.043793,-0.0036621,0.039215,1.8206,0.11322,0
0.031891,-0.0021362,0.02182,2.2757,0.10864,0
0.031128,-0.0039673,0.0028992,2.2757,0.10254,0
0.045624,-0.0061035,-0.0050354,1.8206,0.09491,0
0.057526,-0.0039673,-0.00061035,2.0482,0.089722,0
0.057068,-0.0035095,0.0022888,1.8206,0.084229,0
0.045624,-0.0035095,0.0022888,2.5033,0.080261,0
0.033722,-0.0056458,0.0054932,1.8206,0.079346,0
0.029297,-0.0041199,0.010681,1.3655,0.081787,0
0.02533,-0.0033569,0.0076294,1.8206,0.087585,0
0.021667,-0.002594,-0.0073242,2.5033,0.092773,0
0.01358,-0.0021362,-0.030365,2.2757,0.099182,0
-0.00061035,-0.0038147,-0.048981,2.5033,0.10468,0
-0.016022,-0.0068665,-0.054016,2.7309,0.11169,0
-0.023651,-0.0053406,-0.051117,2.5033,0.1181,0
-0.029755,0.005188,-0.043488,2.2757,0.11597,0
-0.040131,0.010681,-0.03479,2.2757,0.10925,0
-0.047913,0.0054932,-0.032806,2.5033,0.10437,0
-0.046692,-0.0045776,-0.035095,2.7309,0.1001,0
-0.043488,-0.0097656,-0.027008,2.5033,0.1004,0
-0.037384,-0.0090027,-0.01358,2.7309,0.10223,0
-0.029602,-0.0083923,-0.0074768,2.9584,0.10712,0
-0.020447,-0.009613,-0.012665,2.9584,0.11536,0
-0.0097656,-0.0062561,-0.021515,2.9584,0.12207,0
0.0064087,-0.0030518,-0.027313,2.0482,0.12451,0
0.021973,-0.0016785,-0.028381,2.2757,0.11871,0
0.029297,0.00030518,-0.024719,1.8206,0.1059,0
0.027618,0.0013733,-0.019379,2.7309,0.092773,0
0.014191,-0.004425,-0.017395,2.7309,0.083008,0
-0.0019836,-0.010071,-0.017548,2.2757,0.077515,0
-0.011902,-0.010376,-0.015411,2.2757,0.071106,0
-0.015717,-0.010376,-0.0093079,2.0482,0.065613,0
-0.012512,-0.011139,0.00076294,1.8206,0.056458,0
-0.0085449,-0.0067139,0.010376,2.2757,0.044556,0
-0.0027466,-0.0019836,0.023499,1.8206,0.036316,0
0.0018311,-0.0041199,0.028534,2.2757,0.03479,0
-0.00045776,-0.012207,0.0068665,1.8206,0.039062,0
-0.0090027,-0.015106,-0.012817,1.8206,0.04364,0
-0.017395,-0.0080872,-0.0071716,1.8206,0.047607,0
-0.023499,-0.0012207,0.0036621,1.1379,0.049133,0
-0.03067,-0.0015259,0.00045776,1.5931,0.046082,0
-0.039978,-0.0024414,-0.0099182,2.0482,0.036316,0
-0.039978,-0.00076294,-0.014496,2.0482,0.025024,0
-0.027466,0.00045776,-0.019836,2.0482,0.019836,0
-0.010529,-0.0015259,-0.031281,2.0482,0.022278,0
0.0080872,-0.0054932,-0.041351,2.0482,0.027771,0
0.018463,-0.007019,-0.046082,2.0482,0.033264,0
0.013428,-0.0068665,-0.044556,2.7309,0.039978,0
0.0022888,-0.0061035,-0.046082,2.7309,0.043945,0
-0.0024414,-0.0054932,-0.053253,2.7309,0.045471,0
0.0019836,-0.0021362,-0.06012,2.9584,0.048523,0
0.012054,0.0022888,-0.063171,2.2757,0.054626,0
0.027618,0.0035095,-0.061035,2.2757,0.061035,0
0.038147,0.0054932,-0.050507,2.5033,0.066223,0
0.033417,0.0099182,-0.028229,2.7309,0.066528,0
0.024872,0.010223,-0.0013733,2.2757,0.063477,0
0.018921,0.0086975,0.016022,2.9584,0.056763,0
0.018463,0.010223,0.019226,2.9584,0.049438,0
0.018921,0.012207,0.013275,2.0482,0.045166,0
0.020142,0.011902,0.0086975,2.2757,0.043945,0
0.018768,0.009613,0.0080872,2.7309,0.04303,0
0.011902,0.0080872,0.016479,2.9584,0.039978,0
0.0016785,0.0068665,0.029449,2.5033,0.031433,0
-0.012817,0.0093079,0.033264,3.186,0.022278,0
-0.026245,0.010986,0.020142,2.2757,0.01709,0
-0.036163,0.0086975,-0.0010681,2.5033,0.019531,0
-0.041809,0.0061035,-0.018158,2.0482,0.027161,0
-0.050659,0.0088501,-0.026398,2.0482,0.03479,0
-0.056305,0.014343,-0.02533,2.0482,0.0354,0
-0.054474,0.01709,-0.014954,2.0482,0.029297,0
-0.046082,0.014496,-0.0013733,2.7309,0.020752,0
-0.038452,0.010376,0.012817,2.2757,0.016785,0
-0.029144,0.0074768,0.018311,2.0482,0.021973,0
-0.013123,0.0024414,0.0042725,2.2757,0.030212,0
0.0032043,-0.0016785,-0.011139,2.2757,0.036621,0
0.01236,-0.0016785,-0.01358,1.8206,0.040283,0
0.010834,0.002594,-0.0094604,2.2757,0.037231,0
0.0083923,0.0013733,-0.0027466,2.0482,0.028687,0
0.0090027,-0.0018311,-0.00030518,1.5931,0.020752,0
0.012512,-0.005188,-0.0035095,2.5033,0.014954,0
0.016022,-0.0071716,-0.0076294,2.2757,0.012512,0
0.018463,-0.011749,-0.010986,2.5033,0.010681,0
0.023804,-0.018005,-0.016785,2.2757,0.010071,0
0.025482,-0.020752,-0.024261,2.0482,0.0082397,0
0.023956,-0.020447,-0.031891,2.2757,0.0076294,0
0.018768,-0.018921,-0.036316,2.0482,0.0094604,0
0.015717,-0.014496,-0.034943,3.186,0.010376,0
0.011597,-0.0082397,-0.024872,2.9584,0.010376,0
0.0036621,-0.0013733,-0.014343,2.0482,0.010071,0
-0.010681,0.0013733,-0.019531,3.186,0.014648,0
-0.025482,-0.0010681,-0.033417,2.9584,0.025024,0
-0.029449,-0.0033569,-0.040894,2.2757,0.039978,0
-0.027313,-0.0027466,-0.03891,2.7309,0.052185,0
-0.017395,-0.00091553,-0.036469,2.7309,0.059204,0
-0.010376,-0.00076294,-0.035095,2.7309,0.060425,0
-0.0079346,-0.0012207,-0.029907,2.2757,0.054626,0
-0.0038147,-0.0018311,-0.014801,2.2757,0.047302,0
-0.0016785,-0.00061035,0.0010681,2.9584,0.042419,0
-0.010834,-0.00061035,0.012665,2.7309,0.045471,0
-0.028992,-0.00045776,0.029907,2.5033,0.059204,0
-0.039215,0.00030518,0.050354,2.0482,0.070496,0
-0.03418,0.0018311,0.057526,2.9584,0.06958,0
-0.020447,0.0013733,0.045624,2.7309,0.061035,0
0.0053406,0.0019836,0.029907,2.7309,0.046692,0
0.038605,0.0050354,0.021973,2.2757,0.0354,0
0.05188,0.0050354,0.016327,2.2757,0.033569,0
0.043335,0.0036621,0.0022888,2.2757,0.038452,0
0.033722,0.0041199,-0.020752,2.9584,0.049133,0
0.033112,0.0074768,-0.038147,2.2757,0.054932,0
0.031281,0.0062561,-0.049744,2.5033,0.058899,0
0.016479,0.0032043,-0.063934,2.5033,0.057678,0
-0.0028992,0.00015259,-0.076447,2.0482,0.058899,0
-0.013885,-0.0012207,-0.075684,1.3655,0.057678,0
-0.0080872,-0.0036621,-0.071411,1.8206,0.059204,0
0.0050354,-0.0059509,-0.072937,1.8206,0.062256,0
0.020599,-0.0039673,-0.074615,1.5931,0.06134,0
0.040283,-0.00015259,-0.065002,1.3655,0.054932,0
0.054321,0.0012207,-0.048981,2.2757,0.046997,0
0.054321,0.0056458,-0.032806,2.0482,0.036011,0
0.039215,0.0093079,-0.022888,1.8206,0.026245,0
0.019684,0.0071716,-0.023956,2.5033,0.021057,0
0.0094604,0.0019836,-0.02655,2.0482,0.014954,0
0.0042725,-0.0010681,-0.02533,2.2757,0.0076294,0
-0.0038147,-0.0053406,-0.027924,2.0482,0.0036621,0
-0.018616,-0.0091553,-0.035248,2.2757,0.0021362,0
-0.028534,-0.0067139,-0.039673,1.8206,0.00091553,0
-0.031738,-0.0010681,-0.033417,2.2757,-0.0033569,0
-0.031891,-0.0010681,-0.021667,2.9584,-0.010376,0
-0.036926,-0.0073242,-0.012054,2.0482,-0.016174,0
-0.040283,-0.012512,-0.0048828,2.7309,-0.016479,0
-0.03891,-0.010681,-0.0024414,2.7309,-0.011292,0
-0.030365,-0.0067139,-0.0071716,2.7309,-0.0027466,0
-0.021057,-0.0033569,-0.011139,2.0482,0.0030518,0
-0.023346,-0.0033569,-0.0091553,2.9584,0.0073242,0
-0.031433,-0.0038147,-0.0062561,2.9584,0.0033569,0
-0.039215,0.0038147,-0.0013733,2.7309,-0.0018311,0
-0.042419,0.015106,0.0082397,2.5033,-0.0079346,0
-0.03418,0.021515,0.019073,2.7309,-0.0085449,0
-0.021057,0.019531,0.021973,2.5033,-0.0045776,0
-0.011292,0.01297,0.0091553,2.2757,0.0057983,0
0.0013733,0.0067139,-0.0090027,2.0482,0.013733,0
0.020294,0.0016785,-0.018463,2.2757,0.022278,0
0.038605,-0.00030518,-0.018005,2.5033,0.032043,0
0.046997,0.0027466,-0.007782,2.7309,0.041199,0
0.044403,0.0068665,0.019684,2.7309,0.050049,0
0.037384,0.011139,0.050964,2.5033,0.06073,0
0.037842,0.011444,0.064545,2.0482,0.067139,0
0.041046,0.010681,0.058594,1.3655,0.068665,0
0.039368,0.0071716,0.052338,2.0482,0.061035,0
0.027924,-0.0013733,0.059662,2.2757,0.050049,0
0.014648,-0.0097656,0.070496,1.5931,0.040894,0
0.007019,-0.016632,0.068817,2.2757,0.037231,0
0.0054932,-0.020142,0.050354,2.5033,0.037537,0
0.002594,-0.019379,0.032043,2.7309,0.036926,0
0.0065613,-0.013733,0.018311,2.0482,0.041199,0
0.019379,-0.0090027,0.0015259,2.0482,0.049744,0
0.022125,-0.0056458,-0.013428,2.2757,0.061646,0
0.015106,-0.0053406,-0.013428,1.8206,0.070496,0
0.015411,-0.0038147,0.0019836,1.8206,0.066833,0
0.0086975,-0.0024414,0.01709,1.8206,0.054626,0
-0.0036621,-0.0094604,0.022278,1.8206,0.045166,0
-0.0033569,-0.02121,0.0071716,2.5033,0.042114,0
0.011444,-0.024872,-0.012817,2.9584,0.040588,0
0.02121,-0.021973,-0.024719,1.8206,0.039062,0
0.014954,-0.020599,-0.024872,2.2757,0.037537,0
0.0064087,-0.02243,-0.018158,2.2757,0.039978,0
0.0059509,-0.02243,-0.015564,2.7309,0.040283,0
0.0056458,-0.018158,-0.019226,2.2757,0.036621,0
0.00030518,-0.012817,-0.019073,2.0482,0.029602,0
-0.012512,-0.010834,-0.0080872,2.0482,0.018616,0
-0.024109,-0.010071,0.0012207,1.8206,0.0085449,0
-0.033569,-0.0091553,0.0030518,2.2757,-0.0036621,0
-0.03952,-0.0093079,0.0010681,2.0482,-0.019226,0
-0.0383,-0.0076294,0,2.0482,-0.032654,0
-0.036163,-0.0059509,-0.0047302,2.9584,-0.039062,0
-0.045013,-0.0053406,-0.01236,2.5033,-0.040588,0
-0.05249,-0.0041199,-0.016327,2.9584,-0.04303,0
-0.047913,-0.0022888,-0.017548,2.5033,-0.045471,0
-0.031738,-0.0028992,-0.02121,2.7309,-0.049438,0
-0.0085449,-0.0027466,-0.025177,2.5033,-0.053711,0
0.014954,-0.0032043,-0.022888,2.7309,-0.06134,0
0.036621,-0.0038147,-0.013885,2.7309,-0.070496,0
0.053711,-0.0027466,-0.0094604,1.5931,-0.079651,0
0.058899,0.0012207,-0.0097656,2.0482,-0.085754,0
0.055084,0.0090027,-0.0090027,2.0482,-0.089111,0
0.049438,0.015869,-0.0093079,2.0482,-0.087585,0
0.040894,0.017548,-0.010834,2.5033,-0.083923,0
0.037994,0.012054,-0.013275,2.0482,-0.082092,0
0.023956,0.0057983,-0.019073,2.0482,-0.083313,0
-0.00045776,0.0027466,-0.015869,2.2757,-0.084229,0
-0.020294,0.0038147,0.0033569,2.0482,-0.087891,0
-0.029907,0.0038147,0.027924,2.5033,-0.089417,0
-0.032654,0.0030518,0.041199,2.0482,-0.090942,0
-0.025787,0.0019836,0.037842,2.5033,-0.089722,0
-0.0177,0.0019836,0.019836,2.0482,-0.07782,0
-0.010376,0.0028992,-0.00015259,2.2757,-0.058899,0
-0.0088501,0.0018311,0.0018311,1.8206,-0.036316,0
-0.02243,0.0042725,0.02533,1.8206,-0.020142,0
-0.039368,0.0039673,0.043488,1.5931,-0.0094604,0
-0.045471,0.00045776,0.045471,2.2757,-0.0024414,0
-0.046387,-0.0012207,0.040436,2.2757,-0.00030518,0
-0.041351,0.00045776,0.035095,2.7309,-0.0033569,0
-0.024109,-0.00091553,0.035553,2.0482,-0.010986,0
0.0054932,-0.0019836,0.042877,1.8206,-0.016785,0
0.039673,-0.00076294,0.049744,2.2757,-0.020752,0
0.056305,0.0015259,0.047455,2.0482,-0.019836,0
0.043945,0.0022888,0.039673,2.2757,-0.018311,0
0.022736,0.0041199,0.034332,2.0482,-0.018005,0
0.0053406,0.0050354,0.032196,2.2757,-0.021667,0
-0.011444,0.0076294,0.02594,2.2757,-0.030212,0
-0.021973,0.0074768,0.015411,2.2757,-0.042419,0
-0.026093,0.0083923,0.0076294,2.2757,-0.053711,0
-0.024719,0.012054,0.0083923,2.0482,-0.061646,0
-0.018158,0.014648,0.011597,2.2757,-0.06012,0
-0.0091553,0.015411,0.011139,2.7309,-0.054016,0
-0.00045776,0.013428,0.0080872,2.7309,-0.049744,0
-0.017242,0.010071,0.0054932,2.0482,-0.048828,0
-0.031281,0.011749,0.00015259,2.7309,-0.055237,0
-0.033417,0.013275,-0.0048828,2.5033,-0.063782,0
-0.038452,0.012054,-0.0062561,2.0482,-0.072327,0
-0.053253,0.0086975,-0.0010681,2.7309,-0.075073,0
-0.065918,0.0038147,0.0048828,2.5033,-0.070801,0
-0.066986,0.00015259,0.00091553,2.5033,-0.062866,0
-0.063629,-0.0033569,-0.019531,2.5033,-0.056458,0
-0.061493,-0.0068665,-0.044403,2.5033,-0.056152,0
-0.057983,-0.010071,-0.053558,2.5033,-0.062256,0
-0.05249,-0.0097656,-0.04303,2.5033,-0.072021,0
-0.039825,-0.0057983,-0.027313,2.7309,-0.085144,0
-0.01709,-0.0038147,-0.024567,2.5033,-0.10132,0
0.0093079,-0.00030518,-0.033569,2.2757,-0.11566,0
0.025635,0.0054932,-0.039978,2.5033,-0.12177,0
0.029449,0.0094604,-0.036469,2.7309,-0.1236,0
0.023041,0.014954,-0.02655,2.0482,-0.12665,0
0.020142,0.020294,-0.016632,1.3655,-0.12909,0
0.02121,0.02121,-0.0062561,2.7309,-0.12939,0
0.025177,0.020599,0.0064087,1.8206,-0.12115,0
0.031128,0.02121,0.024109,1.1379,-0.10956,0
0.034027,0.023651,0.039215,2.0482,-0.09613,0
0.039215,0.019073,0.050659,1.8206,-0.089417,0
0.041809,0.011139,0.056458,2.5033,-0.083008,0
0.042114,0.0065613,0.052948,2.7309,-0.075073,0
0.045319,0.0054932,0.039673,2.0482,-0.067139,0
0.050354,0.0032043,0.02655,2.0482,-0.06134,0
0.05249,0.00015259,0.017853,2.0482,-0.057678,0
0.048828,-0.0035095,0.012207,2.0482,-0.054932,0
0.043945,-0.0079346,0.0042725,1.3655,-0.053711,0
0.04303,-0.014038,-0.0028992,1.5931,-0.052795,0
0.042267,-0.014648,-0.012054,2.0482,-0.050049,0
0.037079,-0.0093079,-0.020294,2.2757,-0.045776,0
0.025635,-0.0039673,-0.02182,2.7309,-0.042725,0
0.014801,-0.0041199,-0.021667,2.5033,-0.046387,0
0.004425,-0.0068665,-0.022583,2.7309,-0.056152,0
-0.005188,-0.0061035,-0.019226,2.5033,-0.065613,0
-0.005188,-0.00061035,-0.013885,2.7309,-0.070801,0
0.0018311,0.004425,-0.01358,2.7309,-0.071716,0
0.012207,0.0018311,-0.013428,2.7309,-0.071411,0
0.015869,-0.0018311,-0.0073242,2.0482,-0.07019,0
0.0068665,-0.0028992,-0.00015259,2.5033,-0.068054,0
-0.009613,-0.0062561,0.0022888,2.2757,-0.061951,0
-0.025787,-0.012665,-0.0021362,2.2757,-0.054626,0
-0.033569,-0.014496,-0.011444,2.2757,-0.045166,0
-0.040894,-0.01297,-0.017853,2.7309,-0.039673,0
-0.051422,-0.014343,-0.018768,2.2757,-0.035095,0
-0.064087,-0.015717,-0.015717,1.8206,-0.029907,0
-0.069275,-0.015106,-0.0093079,2.2757,-0.023499,0
-0.053406,-0.012207,0.0015259,2.5033,-0.018921,0
-0.025635,-0.0086975,0.015717,2.9584,-0.014648,0
-0.012054,-0.0080872,0.025024,2.2757,-0.013428,0
-0.019073,-0.0065613,0.027313,2.0482,-0.010071,0
-0.035248,-0.0057983,0.021515,2.2757,-0.00061035,0
-0.046692,-0.0053406,0.015259,2.7309,0.0088501,0
-0.04364,-0.0030518,0.016785,2.7309,0.012512,0
-0.024109,-0.0030518,0.02243,2.7309,0.0027466,0
0.00015259,-0.0041199,0.023651,2.2757,-0.014038,0
0.016479,-0.0054932,0.021973,2.2757,-0.029602,0
0.016479,-0.0048828,0.023956,1.5931,-0.039673,0
0.018616,-0.0056458,0.025787,2.2757,-0.041199,0
0.021362,-0.0064087,0.023499,2.2757,-0.034485,0
0.017548,-0.0062561,0.016022,2.2757,-0.022888,0
0.021515,-0.007782,0.0033569,1.5931,-0.0042725,0
0.046539,-0.0076294,-0.0057983,1.8206,0.010681,0
0.084229,-0.0036621,-0.0062561,2.2757,0.017395,0
0.10818,0.0039673,-0.0018311,2.2757,0.016785,0
0.1059,0.0094604,0.0019836,1.8206,0.0094604,0
0.088959,0.010681,0.0047302,2.0482,-0.00091553,0
0.070648,0.010529,0.0042725,2.0482,-0.010986,0
0.06424,0.0080872,0.0057983,2.0482,-0.018616,0
0.062714,0.0048828,0.01297,2.7309,-0.021057,0
0.062714,0.0012207,0.019531,2.0482,-0.020752,0
0.062866,0.0024414,0.025177,1.8206,-0.016479,0
0.063019,0.010223,0.028229,2.2757,-0.010376,0
0.063019,0.01709,0.028839,2.2757,-0.0054932,0
0.062866,0.016632,0.030975,2.2757,0.00061035,0
0.062714,0.010681,0.032959,2.5033,0.007019,0
0.062866,0.0056458,0.032349,2.5033,0.013733,0
0.062866,0.0059509,0.03418,2.2757,0.022278,0
0.062714,0.0053406,0.035706,2.7309,0.028381,0
0.062866,-0.0028992,0.036163,2.7309,0.025024,0
0.062714,-0.010529,0.031891,2.5033,0.0079346,0
0.062866,-0.011292,0.022278,2.2757,-0.02594,0
0.062866,-0.0061035,0.0097656,2.5033,-0.058899,0
0.062866,-0.0015259,-0.0032043,2.0482,-0.057373,0
0.054779,0.0015259,-0.0082397,2.2757,-0.013123,0
0.0057983,0.00076294,-0.0038147,2.2757,0.05127,0
-0.02243,-0.0032043,0.0065613,2.2757,0.11139,0
-0.036316,-0.0057983,0.014343,1.8206,0.15533,0
-0.046387,-0.0097656,0.0074768,2.2757,0.1828,0
-0.052032,-0.015106,-0.0073242,2.0482,0.18829,0
-0.052338,-0.015869,-0.019073,1.8206,0.16174,0
-0.049744,-0.014343,-0.020752,2.0482,0.10223,0
-0.042725,-0.013885,-0.0086975,1.8206,0.024719,0
-0.028229,-0.01358,0.011292,2.0482,-0.054932,0
-0.014343,-0.016174,0.024719,2.2757,-0.12085,0
-0.0039673,-0.023804,0.023956,1.8206,-0.15564,0
0.0013733,-0.028381,0.016174,2.0482,-0.15533,0
-0.0024414,-0.03006,0.010986,1.5931,-0.1236,0
-0.0022888,-0.030975,0.0062561,1.8206,-0.075073,0
0.012512,-0.03006,0.0042725,2.0482,-0.027161,0
0.027313,-0.027924,0.0086975,2.2757,0.0054932,0
0.032806,-0.020752,0.016632,2.5033,0.02594,0
0.033112,-0.0085449,0.025635,2.5033,0.039368,0
0.027924,0.0054932,0.031128,2.9584,0.05188,0
0.020294,0.015717,0.03006,2.2757,0.070801,0
0.016327,0.019684,0.025177,2.5033,0.097961,0
0.0099182,0.021667,0.020294,2.7309,0.13336,0
0.0082397,0.022583,0.022125,2.0482,0.1651,0
0.011902,0.021667,0.027161,2.5033,0.1828,0
0.015411,0.020752,0.033569,2.7309,0.18158,0
0.01709,0.022888,0.036316,2.0482,0.16602,0
0.02533,0.022583,0.029755,2.5033,0.14465,0
0.040283,0.023346,0.015106,2.9584,0.12512,0
0.055084,0.022583,0.0054932,2.5033,0.11139,0
0.065002,0.020905,0.0035095,2.2757,0.10895,0
0.071411,0.020294,0.00091553,2.0482,0.11658,0
0.066376,0.019073,-0.0071716,2.0482,0.12604,0
0.053711,0.01709,-0.012207,2.2757,0.13062,0
0.033112,0.016937,-0.010986,2.0482,0.12848,0
0.01297,0.016785,-0.0041199,2.5033,0.12817,0
-0.0039673,0.01236,0.0042725,2.2757,0.1355,0
-0.025482,0.011444,0.0054932,2.7309,0.14313,0
-0.053101,0.013275,-0.0047302,2.0482,0.14832,0
-0.081787,0.011444,-0.019531,2.2757,0.14526,0
-0.095825,0.0090027,-0.027466,2.5033,0.13489,0
-0.093231,0.0036621,-0.020294,2.7309,0.1181,0
-0.086365,-0.0048828,-0.0099182,2.7309,0.10376,0
-0.078888,-0.010223,-0.0056458,2.2757,0.097961,0
-0.064545,-0.013275,-0.010681,1.8206,0.10284,0
-0.050201,-0.015869,-0.023499,2.0482,0.11383,0
-0.029449,-0.017548,-0.027618,2.5033,0.12299,0
0,-0.020294,-0.01709,1.5931,0.12573,0
0.029449,-0.020752,0.0041199,2.5033,0.12756,0
0.043335,-0.019531,0.018768,2.5033,0.13214,0
0.045013,-0.02243,0.013733,2.2757,0.14008,0
0.04837,-0.02655,0.0030518,2.0482,0.15106,0
0.057373,-0.028229,0.00061035,2.2757,0.15869,0
0.058746,-0.027466,0.0045776,2.5033,0.16479,0
0.049286,-0.028687,0.0088501,2.7309,0.16937,0
0.034943,-0.030518,0.010986,2.7309,0.17029,0
0.015564,-0.028534,0.0074768,2.5033,0.16327,0
-0.0045776,-0.028076,-0.0016785,2.2757,0.14801,0
-0.02655,-0.024872,-0.011292,2.2757,0.12604,0
-0.048981,-0.023041,-0.011749,2.2757,0.10162,0
-0.06546,-0.02243,-0.010529,2.2757,0.083008,0
-0.071869,-0.018158,-0.0076294,1.8206,0.06958,0
-0.069427,-0.01358,-0.0035095,2.2757,0.06134,0
-0.061493,-0.0083923,0,2.2757,0.057678,0
-0.049591,-0.0028992,0.0033569,2.2757,0.050354,0
-0.039368,0.0032043,0.007782,2.0482,0.033875,0
-0.016479,0.007019,0.0094604,2.2757,0.015869,0
0.012512,0.007782,0.0086975,2.7309,0.0033569,0
0.020142,0.0068665,0.0082397,2.0482,0.0015259,0
0.0068665,0.0082397,0.0097656,2.9584,0.013123,0
-0.0013733,0.012207,0.018463,2.5033,0.032043,0
-0.0016785,0.015717,0.036011,1.5931,0.054321,0
-0.0010681,0.022125,0.047913,2.0482,0.069885,0
-0.00076294,0.027618,0.049133,2.0482,0.074768,0
0.0086975,0.025482,0.041656,2.2757,0.07019,0
0.01297,0.016174,0.033722,2.7309,0.06012,0
0.0061035,0.0062561,0.02655,2.7309,0.047607,0
0.0027466,0.0016785,0.019531,2.2757,0.039673,0
0.011139,-0.00045776,0.0090027,2.0482,0.036011,0
0.014648,-0.0012207,-0.0057983,2.0482,0.0354,0
0.0080872,-0.0019836,-0.011139,1.8206,0.032043,0
0.0050354,0.00061035,-0.0065613,1.8206,0.024719,0
0.0038147,0.00015259,-0.0036621,2.0482,0.012817,0
0.0039673,-0.0042725,-0.010529,2.5033,0.0021362,0
0.0041199,-0.0071716,-0.019531,2.7309,-0.0039673,0
0.0042725,-0.0071716,-0.023804,2.5033,-0.010681,0
0.0041199,-0.0067139,-0.024872,2.2757,-0.020447,0
0.0041199,-0.0064087,-0.025482,2.2757,-0.034485,0
0.0061035,-0.0064087,-0.025177,2.9584,-0.05188,0
0.019073,-0.0062561,-0.024719,2.5033,-0.073547,0
0.044556,-0.0065613,-0.024872,2.5033,-0.09613,0
0.059662,-0.011139,-0.021667,1.5931,-0.11597,0
0.049438,-0.01297,-0.016632,1.8206,-0.12848,0
0.030518,-0.0074768,-0.01358,2.5033,-0.1355,0
0.021057,-0.0019836,-0.022583,2.2757,-0.13885,0
0.014801,0.005188,-0.043182,1.8206,-0.14221,0
0.0050354,0.011292,-0.055847,1.5931,-0.14557,0
-0.0065613,0.014954,-0.048065,1.5931,-0.14862,0
-0.016327,0.016632,-0.021515,2.0482,-0.14557,0
-0.018158,0.023041,0.0083923,2.0482,-0.13672,0
-0.0090027,0.029755,0.026245,2.7309,-0.12634,0
0.0019836,0.032349,0.032959,1.8206,-0.11658,0
0.0076294,0.029297,0.036926,2.2757,-0.11261,0
0.018463,0.024872,0.046692,2.7309,-0.11932,0
0.032959,0.021973,0.052185,2.7309,-0.13397,0
0.041046,0.022125,0.045776,2.9584,-0.15167,0
0.03418,0.020447,0.027313,3.186,-0.16266,0
0.023346,0.016174,0.014038,2.5033,-0.16937,0
0.014801,0.007782,0.019684,2.2757,-0.17365,0
0.010071,-0.0010681,0.030212,2.5033,-0.17822,0
0.0050354,-0.0033569,0.032501,2.7309,-0.18433,0
-0.00091553,0.00091553,0.036316,3.186,-0.19257,0
-0.0082397,0.0080872,0.037842,2.5033,-0.20752,0
-0.016174,0.013123,0.027924,2.5033,-0.22034,0
-0.026093,0.015869,0.0065613,2.9584,-0.23041,0
-0.032959,0.021057,-0.019836,2.9584,-0.23041,0
-0.037842,0.020905,-0.042419,2.9584,-0.2243,0
-0.040283,0.019989,-0.043945,2.2757,-0.2182,0
-0.047302,0.014343,-0.031586,2.5033,-0.21912,0
-0.057068,0.0073242,-0.02533,2.5033,-0.22247,0
-0.058594,0.0038147,-0.021973,2.5033,-0.22247,0
-0.053101,0.0039673,-0.0065613,2.2757,-0.21393,0
-0.050354,0.0028992,0.0091553,2.5033,-0.2005,0
-0.050354,-0.00061035,0.016632,2.5033,-0.19318,0
-0.046082,-0.0033569,0.018921,2.7309,-0.19623,0
-0.041046,-0.0048828,0.024567,2.5033,-0.20874,0
-0.042267,-0.011444,0.036011,2.0482,-0.22522,0
-0.036163,-0.022888,0.050049,2.0482,-0.23346,0
-0.016937,-0.028534,0.056152,2.2757,-0.23438,0
0.0048828,-0.026703,0.053864,2.7309,-0.22766,0
0.013733,-0.024567,0.055084,2.9584,-0.21667,0
0.014801,-0.024261,0.054169,2.0482,-0.20966,0
0.014343,-0.02594,0.048676,2.0482,-0.21149,0
0.014496,-0.022736,0.044861,1.8206,-0.21942,0
0.016174,-0.017548,0.045471,2.5033,-0.22614,0
0.0177,-0.014648,0.051117,2.2757,-0.22797,0
0.016785,-0.012817,0.058899,2.0482,-0.22095,0
0.012665,-0.0093079,0.058289,2.0482,-0.20813,0
0.0071716,-0.0082397,0.039825,1.8206,-0.19043,0
0.0045776,-0.0065613,0.0085449,2.5033,-0.17517,0
0.0039673,-0.0022888,-0.010986,2.0482,-0.16205,0
0.0027466,0.0012207,-0.015717,2.0482,-0.15106,0
0.0016785,0.0030518,-0.020905,2.5033,-0.14252,0
-0.00030518,0.0021362,-0.019226,2.0482,-0.13763,0
-0.0041199,0.0032043,-0.0082397,2.0482,-0.13672,0
-0.0094604,0.0048828,0.0080872,2.0482,-0.1355,0
-0.0080872,0.0019836,0.03006,2.2757,-0.13153,0
-0.002594,-0.00061035,0.054169,2.5033,-0.12451,0
0.00061035,-0.00076294,0.064392,2.2757,-0.11322,0
0.0016785,0.00030518,0.051422,2.9584,-0.095215,0
0.002594,-0.0027466,0.02121,2.9584,-0.081482,0
0.0079346,-0.0047302,-0.0048828,2.9584,-0.073547,0
0.0177,0.0065613,-0.010529,2.7309,-0.07019,0
0.02533,0.025177,0.0045776,2.5033,-0.06134,0
0.032654,0.037842,0.027924,2.0482,-0.050659,0
0.036011,0.043945,0.04776,2.2757,-0.044556,0
0.0383,0.048828,0.053253,2.7309,-0.045471,0
0.043335,0.056152,0.045624,2.2757,-0.050049,0
0.043945,0.062866,0.031281,2.5033,-0.053406,0
0.035858,0.068359,0.023346,2.7309,-0.05127,0
0.022125,0.065765,0.019684,2.5033,-0.049133,0
0.010834,0.055542,0.0088501,2.5033,-0.050354,0
0.0062561,0.042267,-0.010529,2.7309,-0.058289,0
0.0091553,0.028839,-0.030823,2.5033,-0.066833,0
0.0093079,0.01297,-0.041199,2.7309,-0.070496,0
-0.0015259,-0.0045776,-0.047302,2.7309,-0.06897,0
-0.018311,-0.020905,-0.052185,2.2757,-0.062561,0
-0.030365,-0.0383,-0.052032,2.0482,-0.052185,0
-0.031586,-0.053711,-0.044708,2.9584,-0.036621,0
-0.02655,-0.062408,-0.037994,2.2757,-0.022888,0
-0.019379,-0.065308,-0.035553,2.7309,-0.013123,0
-0.015564,-0.066223,-0.03479,1.8206,-0.010681,0
-0.015259,-0.065613,-0.03479,1.8206,-0.007019,0
-0.015259,-0.065308,-0.035248,1.1379,-0.0021362,0
-0.014648,-0.06546,-0.034943,2.5033,0.0018311,0
-0.010223,-0.06546,-0.034943,2.2757,0.0057983,0
-0.0062561,-0.062866,-0.036011,2.2757,0.0064087,0
-0.0016785,-0.061035,-0.045624,2.0482,0.0039673,0
0.0054932,-0.060577,-0.071259,2.5033,0,0
0.0064087,-0.061646,-0.097351,2.0482,-0.00091553,0
0.0039673,-0.058899,-0.10437,2.5033,0.0024414,0
0.0047302,-0.05127,-0.092773,2.2757,0.0073242,0
0.0093079,-0.04303,-0.074005,2.2757,0.012207,0
0.012207,-0.041351,-0.057678,2.7309,0.018616,0
0.0082397,-0.039825,-0.053558,2.5033,0.022583,0
0.0015259,-0.027924,-0.051575,2.7309,0.02533,0
-0.0030518,-0.013275,-0.037537,2.2757,0.031128,0
-0.0038147,-0.007782,-0.017548,2.7309,0.040588,0
0.0021362,-0.010681,-0.013275,2.5033,0.047607,0
0.0086975,-0.013123,-0.022278,2.7309,0.049133,0
0.01236,-0.012665,-0.017853,3.186,0.049133,0
0.0083923,-0.010986,0.0039673,2.5033,0.049744,0
0.0028992,-0.0097656,0.021973,2.7309,0.055847,0
-0.005188,-0.011139,0.029602,2.7309,0.066833,0
-0.014343,-0.014038,0.024872,2.9584,0.07843,0
-0.020905,-0.015106,0.0082397,2.2757,0.08667,0
-0.023651,-0.013275,-0.0015259,2.9584,0.098267,0
-0.02121,-0.011749,0.0042725,2.5033,0.10895,0
-0.016174,-0.010376,0.019226,2.7309,0.112,0
-0.0097656,-0.010376,0.036011,2.0482,0.10773,0
-0.0054932,-0.0088501,0.049896,2.7309,0.10193,0
-0.0091553,-0.0094604,0.058594,2.9584,0.09613,0
-0.01358,-0.009613,0.06134,2.7309,0.087891,0
-0.0091553,-0.0068665,0.055389,2.0482,0.079041,0
-0.0013733,-0.0045776,0.044861,2.2757,0.075989,0
-0.0047302,-0.0053406,0.032959,2.0482,0.081177,0
-0.016785,-0.0028992,0.01297,1.8206,0.086975,0
-0.022888,0.0045776,-0.010529,2.2757,0.083313,0
-0.012512,0.012665,-0.020294,2.2757,0.073853,0
-0.00061035,0.019073,-0.016022,2.5033,0.065918,0
0.0047302,0.019989,-0.011597,2.5033,0.065002,0
0.0030518,0.018463,-0.0053406,2.5033,0.067749,0
-0.0018311,0.024719,0.024109,2.9584,0.073242,0
-0.0080872,0.035248,0.059357,2.0482,0.076599,0
-0.011749,0.039825,0.0737,2.5033,0.07843,0
-0.014191,0.043488,0.06958,2.2757,0.072327,0
-0.015259,0.04715,0.054626,2.2757,0.059814,0
-0.016327,0.050201,0.046539,2.0482,0.050354,0
-0.023041,0.057678,0.050049,1.5931,0.045166,0
-0.032806,0.062866,0.056458,1.3655,0.040283,0
-0.035553,0.057831,0.055389,1.8206,0.038452,0
-0.029755,0.04715,0.041199,2.5033,0.038452,0
-0.020905,0.043335,0.020447,2.2757,0.039978,0
-0.01297,0.041656,0.0057983,2.5033,0.041199,0
-0.0076294,0.0383,0.0030518,2.5033,0.036621,0
0.0019836,0.039062,0.0068665,2.7309,0.027466,0
0.016174,0.041656,0.018005,2.2757,0.011597,0
0.038147,0.035553,0.03479,2.5033,-0.0091553,0
0.067139,0.02182,0.054932,3.4135,-0.032654,0
0.085144,0.0048828,0.072174,2.7309,-0.056152,0
0.077515,-0.007782,0.079041,2.7309,-0.072021,0
0.05661,-0.016327,0.068512,2.7309,-0.07019,0
0.040283,-0.024109,0.044403,2.5033,-0.057373,0
0.031281,-0.031128,0.020599,3.186,-0.04364,0
0.028839,-0.037384,-0.0038147,2.7309,-0.039978,0
0.028534,-0.045929,-0.041199,2.5033,-0.041199,0
0.028229,-0.05188,-0.079651,3.186,-0.040894,0
0.024109,-0.046234,-0.103,2.5033,-0.035706,0
0.023651,-0.040436,-0.10696,2.0482,-0.02533,0
0.021362,-0.042114,-0.10406,2.5033,-0.019531,0
0.016327,-0.043793,-0.10315,3.186,-0.016479,0
0.012817,-0.03891,-0.10223,2.7309,-0.0177,0
0.0097656,-0.029144,-0.094299,2.2757,-0.019531,0
0.0097656,-0.016174,-0.075073,2.2757,-0.020752,0
0.013428,-0.0094604,-0.049591,2.5033,-0.020447,0
0.018616,-0.012512,-0.028534,2.5033,-0.023193,0
0.016785,-0.014191,-0.012817,2.2757,-0.024109,0
0.0099182,-0.0097656,-0.0039673,2.2757,-0.016785,0
0.002594,-0.0019836,-0.0041199,2.0482,-0.005188,0
-0.0064087,0.0053406,-0.010986,2.2757,-0.0039673,0
-0.010986,0.0076294,-0.021362,1.5931,-0.012817,0
-0.011292,0.0059509,-0.033569,1.3655,-0.01709,0
-0.013275,0.0033569,-0.041199,2.2757,-0.0027466,0
-0.020142,-0.00091553,-0.039673,2.2757,0.027771,0
-0.026093,-0.0033569,-0.037384,2.2757,0.062866,0
-0.024261,-0.005188,-0.03952,1.8206,0.10071,0
-0.020447,-0.005188,-0.034027,1.8206,0.1358,0
-0.012817,-0.0053406,-0.023346,2.0482,0.15228,0
-0.0068665,-0.0059509,-0.015869,2.2757,0.15259,0
-0.0018311,-0.0085449,-0.0059509,2.7309,0.14923,0
0.0013733,-0.014191,0.0035095,2.9584,0.15472,0
0.005188,-0.018921,0.007019,2.7309,0.17273,0
0.0065613,-0.021973,0.0059509,1.8206,0.19165,0
0.0054932,-0.021973,-0.0059509,1.5931,0.19897,0
0.0093079,-0.018158,-0.024872,2.2757,0.19135,0
0.019073,-0.0079346,-0.042572,2.9584,0.17303,0
0.024414,-0.0012207,-0.05188,2.9584,0.15869,0
0.023651,0.00061035,-0.053864,2.5033,0.15106,0
0.018463,0.00091553,-0.054321,2.9584,0.14984,0
0.011292,-0.002594,0.0030518,2.5033,0.15656,0
0.0036621,-0.0088501,0.059052,2.5033,0.17731,0
-0.0027466,-0.013885,0.076904,2.9584,0.19836,0
-0.005188,-0.014801,0.082397,2.7309,0.20721,0
-0.0065613,-0.010986,0.087891,2.9584,0.19562,0
-0.0059509,-0.0061035,0.087891,2.7309,0.1767,0
-0.0038147,-0.0067139,0.079651,2.5033,0.17181,0
-0.0022888,-0.0085449,0.066223,2.5033,0.18677,0
-0.005188,-0.014343,0.059357,2.2757,0.20691,0
-0.0045776,-0.02655,0.061493,2.5033,0.22125,0
-0.0073242,-0.035095,0.063782,2.9584,0.23132,0
-0.013428,-0.036774,0.059967,2.2757,0.24139,0
-0.018768,-0.032043,0.058136,2.9584,0.24902,0
-0.023804,-0.021667,0.065918,2.9584,0.25024,0
-0.021362,-0.0097656,0.080109,2.7309,0.25116,0
-0.015717,0.0012207,0.090485,2.5033,0.25787,0
-0.011597,0.0082397,0.09964,2.5033,0.26581,0
-0.011749,0.014801,0.10437,2.2757,0.26428,0
-0.011292,0.018158,0.091858,1.8206,0.25085,0
-0.012207,0.018005,0.066833,2.0482,0.23743,0
-0.010071,0.016479,0.056763,2.0482,0.23102,0
-0.0047302,0.016327,0.067902,2.2757,0.23102,0
0.0035095,0.015564,0.085144,2.2757,0.23132,0
0.010986,0.014954,0.096741,2.7309,0.23132,0
0.013123,0.015106,0.090332,2.0482,0.23315,0
0.01236,0.015411,0.074921,2.7309,0.23987,0
0.010834,0.018921,0.065002,2.2757,0.25238,0
0.0059509,0.019684,0.063934,2.2757,0.26733,0
-0.0016785,0.01297,0.068359,2.2757,0.27527,0
-0.013123,0.0074768,0.06424,2.0482,0.27283,0
-0.019836,0.0064087,0.043945,1.8206,0.26489,0
-0.020294,0.012054,0.018311,2.5033,0.26611,0
-0.015259,0.0177,0.0016785,2.5033,0.28107,0
-0.014954,0.016632,0.0013733,2.0482,0.30273,0
-0.013428,0.014191,0.015717,2.5033,0.3186,0
-0.0028992,0.015411,0.044708,2.2757,0.3244,0
0.0039673,0.02533,0.073547,2.7309,0.31921,0
0.0064087,0.036163,0.085907,2.7309,0.30792,0
0.0064087,0.039215,0.079956,2.7309,0.29907,0
0.0032043,0.039673,0.063324,3.186,0.29724,0
-0.00030518,0.035553,0.0383,2.9584,0.30273,0
-0.0076294,0.024872,0.0047302,2.2757,0.31647,0
-0.012207,0.014954,-0.023651,2.5033,0.33112,0
-0.010376,0.0091553,-0.032501,2.7309,0.34485,0
-0.0038147,0.00076294,-0.038452,2.5033,0.35522,0
0.00030518,-0.009613,-0.045166,2.7309,0.36652,0
0.0012207,-0.016022,-0.046234,2.5033,0.3772,0
0.0057983,-0.020752,-0.040894,2.9584,0.38849,0
0.0067139,-0.018616,-0.028687,2.9584,0.3949,0
0.0071716,-0.011444,-0.013885,2.9584,0.4007,0
0.0093079,-0.0065613,-0.0022888,2.5033,0.40527,0
0.0053406,-0.0053406,-0.0050354,2.7309,0.41199,0
-0.0028992,-0.0061035,-0.02243,1.8206,0.42145,0
-0.011749,-0.0053406,-0.041809,2.0482,0.4245,0
-0.015869,-0.0053406,-0.049438,2.2757,0.41809,0
-0.015259,-0.0085449,-0.044403,2.0482,0.40649,0
-0.018616,-0.0093079,-0.019684,2.5033,0.39368,0
-0.025482,-0.0038147,0.020294,3.186,0.38239,0
-0.033112,0.00061035,0.046082,2.7309,0.36743,0
-0.03952,-0.0013733,0.041046,2.0482,0.34912,0
-0.039368,-0.0065613,0.022125,1.5931,0.33234,0
-0.0354,-0.010376,0.010376,2.2757,0.32257,0
-0.026703,-0.015717,0.012665,2.0482,0.31525,0
-0.014801,-0.021057,0.02182,2.7309,0.30975,0
-0.0036621,-0.02121,0.027161,2.2757,0.30975,0
0.0093079,-0.018463,0.021057,2.0482,0.3067,0
0.036011,-0.016632,0.0085449,2.0482,0.29907,0
0.058594,-0.016022,0.0085449,1.8206,0.289,0
0.065002,-0.015259,0.016479,1.3655,0.28168,0
0.056915,-0.01297,0.016937,2.0482,0.2829,0
0.046997,-0.0094604,0.0088501,2.2757,0.28564,0
0.040131,-0.0059509,0.0047302,2.0482,0.28748,0
0.031281,-0.0054932,0.011444,2.2757,0.28809,0
0.022736,-0.0050354,0.021973,2.5033,0.29358,0
0.021515,-0.0030518,0.024261,2.0482,0.30518,0
0.021515,-0.0019836,0.01709,2.5033,0.30914,0
0.022278,-0.00076294,0.010376,2.2757,0.29694,0
0.015564,-0.00015259,0.0083923,2.7309,0.27191,0
0.0059509,-0.002594,0.0065613,2.0482,0.2475,0
0.0012207,-0.0028992,0.0038147,2.2757,0.22858,0
0,0.00015259,0.004425,2.5033,0.21332,0
0.0027466,0.0038147,0.0036621,2.2757,0.19897,0
0.0050354,0.0065613,0.0038147,1.5931,0.18707,0
0.0016785,0.0076294,0.0028992,1.8206,0.17792,0
-0.011902,0.0082397,0.0012207,2.5033,0.16602,0
-0.029907,0.0059509,-0.0033569,3.186,0.14832,0
-0.042877,0.0035095,-0.014496,2.7309,0.12573,0
-0.048828,0.0019836,-0.024261,2.7309,0.1059,0
-0.039825,0.0010681,-0.023651,2.5033,0.09613,0
-0.0083923,0.00091553,-0.011749,2.7309,0.093994,0
0.016022,0.0019836,0.0041199,2.2757,0.097046,0
0.014343,0.0053406,0.017853,3.186,0.099487,0
0.0039673,0.0064087,0.022278,2.5033,0.094604,0
-0.00076294,0.002594,0.015411,2.5033,0.087891,0
-0.00045776,-0.0019836,0.00061035,2.7309,0.083923,0
0.0041199,-0.005188,-0.014648,2.5033,0.084229,0
0.0028992,-0.0097656,-0.031281,2.2757,0.080872,0
-0.0093079,-0.01297,-0.045929,2.5033,0.071106,0
-0.025482,-0.012665,-0.042877,2.7309,0.061035,0
-0.035553,-0.0085449,-0.02121,2.5033,0.057678,0
-0.034943,-0.0030518,0.00061035,1.5931,0.066223,0
-0.027008,0.004425,0.015259,2.2757,0.073547,0
-0.015717,0.013733,0.023346,2.5033,0.077515,0
-0.0027466,0.021515,0.024567,2.2757,0.079956,0
0.0062561,0.027161,0.021362,2.2757,0.082703,0
0.010986,0.031738,0.014801,2.5033,0.085144,0
0.016479,0.039978,0.0050354,2.5033,0.089111,0
0.019379,0.047607,0.0083923,2.5033,0.093994,0
0.015717,0.060577,0.024719,2.9584,0.10101,0
0.0090027,0.071564,0.033112,2.2757,0.1059,0
0.004425,0.079346,0.027618,3.4135,0.099792,0
0.0057983,0.083313,0.011902,2.9584,0.081482,0
0.0094604,0.082703,-0.013428,2.5033,0.064392,0
0.0090027,0.080719,-0.040436,2.5033,0.047302,0
0.0062561,0.08255,-0.062408,2.7309,0.033569,0
0.0061035,0.085297,-0.07782,2.2757,0.019226,0
0.0065613,0.083008,-0.08667,2.5033,0.0057983,0
0.0065613,0.078735,-0.098877,2.5033,-0.0027466,0
0.0041199,0.070038,-0.1178,2.7309,-0.0082397,0
-0.0030518,0.053558,-0.13351,2.5033,-0.019226,0
-0.011749,0.036011,-0.13779,2.5033,-0.038147,0
-0.014191,0.023651,-0.12543,2.9584,-0.056458,0
-0.013885,0.014038,-0.10712,2.7309,-0.066833,0
-0.014038,0.0067139,-0.092316,2.5033,-0.070801,0
-0.011749,0.0027466,-0.086823,2.5033,-0.070496,0
-0.010223,0.0019836,-0.084076,2.2757,-0.074463,0
-0.0082397,-0.0018311,-0.07782,2.5033,-0.081482,0
-0.0067139,-0.014801,-0.073242,2.5033,-0.085449,0
-0.0068665,-0.033722,-0.071106,2.7309,-0.085144,0
-0.005188,-0.048676,-0.059052,2.7309,-0.083618,0
-0.00091553,-0.04837,-0.03418,2.7309,-0.080566,0
-0.00045776,-0.040894,-0.019073,2.7309,-0.076904,0
-0.0018311,-0.042419,-0.020142,2.7309,-0.07019,0
-0.0022888,-0.049896,-0.02655,2.5033,-0.060425,0
-0.0016785,-0.053711,-0.033112,2.9584,-0.054016,0
-0.0038147,-0.053711,-0.034027,2.2757,-0.056458,0
-0.0079346,-0.058899,-0.026703,1.8206,-0.070496,0
-0.015259,-0.071869,-0.020599,2.5033,-0.090637,0
-0.023041,-0.084534,-0.02594,1.3655,-0.10406,0
-0.029907,-0.093231,-0.041199,1.8206,-0.10681,0
-0.032654,-0.1001,-0.053253,2.2757,-0.1001,0
-0.026245,-0.10834,-0.051575,2.2757,-0.089722,0
-0.011139,-0.1178,-0.041504,2.0482,-0.084839,0
0.012207,-0.11856,-0.027924,2.2757,-0.088806,0
0.034637,-0.11246,-0.026703,2.2757,-0.10254,0
0.034637,-0.10117,-0.0383,2.2757,-0.11841,0
0.025024,-0.084076,-0.037994,2.0482,-0.12909,0
0.015411,-0.06424,-0.018158,2.5033,-0.12665,0
0.0099182,-0.055389,0.0019836,1.5931,-0.11444,0
0.0038147,-0.058289,0.0071716,2.0482,-0.10101,0
-0.0012207,-0.060883,0.0059509,2.5033,-0.091858,0
-0.0038147,-0.05661,0.012054,2.2757,-0.08728,0
-0.011292,-0.045013,0.030975,2.5033,-0.081787,0
-0.013733,-0.034332,0.055847,2.9584,-0.075073,0
-0.0076294,-0.029602,0.075989,2.7309,-0.063477,0
0.00030518,-0.027313,0.079803,1.8206,-0.051575,0
0.009613,-0.02655,0.071716,2.0482,-0.046692,0
0.01297,-0.024109,0.068207,2.0482,-0.052795,0
0.010834,-0.017242,0.080872,2.9584,-0.066223,0
0.010223,-0.011749,0.097809,2.9584,-0.085144,0
0.01236,-0.0059509,0.10574,2.7309,-0.097351,0
0.011902,-0.0038147,0.10941,3.186,-0.10132,0
0.0074768,-0.0030518,0.12054,2.9584,-0.097961,0
0.0024414,-0.0016785,0.13336,2.9584,-0.09613,0
0,0.0045776,0.13641,2.9584,-0.1001,0
-0.0021362,0.010071,0.13748,2.2757,-0.10895,0
-0.005188,0.0073242,0.12985,2.5033,-0.11963,0
-0.009613,-0.00030518,0.1059,2.9584,-0.12787,0
-0.017395,-0.007782,0.077667,2.7309,-0.13153,0
-0.022278,-0.0086975,0.055237,3.4135,-0.13306,0
-0.017853,-0.0028992,0.045319,2.2757,-0.13062,0
-0.0061035,0.0053406,0.042419,2.7309,-0.13062,0
-0.00091553,0.013885,0.030518,2.5033,-0.13489,0
-0.0042725,0.018616,0.015411,2.2757,-0.1474,0
-0.0048828,0.018005,0.012207,2.5033,-0.16205,0
0.0019836,0.013733,0.018768,2.9584,-0.177,0
0.007782,0.0099182,0.016785,2.5033,-0.18707,0
0.0061035,0.0093079,0.0018311,2.7309,-0.19531,0
0.0076294,0.01236,-0.0057983,2.5033,-0.19928,0
0.012817,0.015717,0.00030518,2.2757,-0.20386,0
0.010986,0.018768,0.0088501,1.8206,-0.21088,0
0.0010681,0.022583,0.014038,2.0482,-0.21515,0
-0.0086975,0.025787,0.011597,2.0482,-0.21667,0
-0.011597,0.027313,0.0048828,2.5033,-0.21698,0
-0.0085449,0.029602,0.0010681,2.2757,-0.21545,0
-0.0015259,0.032349,-0.0086975,1.5931,-0.21851,0
0.0010681,0.032501,-0.025635,1.5931,-0.22156,0
0.00076294,0.033875,-0.041809,1.5931,-0.21851,0
0.0035095,0.033569,-0.049744,1.8206,-0.20782,0
0.0076294,0.029602,-0.046539,2.2757,-0.19867,0
0.01236,0.024872,-0.03006,2.2757,-0.19714,0
0.01297,0.023041,-0.012817,1.8206,-0.2063,0
0.010223,0.021515,-0.015106,2.2757,-0.21606,0
0.0033569,0.020599,-0.030518,2.2757,-0.22766,0
-0.014648,0.019226,-0.045624,2.5033,-0.23773,0
-0.026245,0.018463,-0.055695,2.2757,-0.24658,0
-0.031586,0.019226,-0.058136,2.0482,-0.25543,0
-0.026398,0.017853,-0.053101,2.0482,-0.26184,0
-0.015869,0.015106,-0.046692,2.5033,-0.26245,0
-0.013428,0.016632,-0.049896,2.2757,-0.25696,0
-0.014038,0.020447,-0.063782,2.5033,-0.25452,0
-0.002594,0.020294,-0.077362,2.5033,-0.25421,0
0.0093079,0.019379,-0.081482,2.9584,-0.25177,0
0.011749,0.022125,-0.074615,2.0482,-0.2475,0
0.0054932,0.02243,-0.055542,2.5033,-0.23926,0
0.0015259,0.018463,-0.032043,2.5033,-0.23132,0
0.0032043,0.014801,-0.018158,2.9584,-0.22644,0
0.005188,0.0097656,-0.017395,2.5033,-0.22247,0
0.0016785,0.0064087,-0.023346,2.7309,-0.21942,0
-0.0090027,0.0065613,-0.023651,2.9584,-0.22095,0
-0.023804,0.0065613,-0.015717,2.9584,-0.22461,0
-0.028534,0.007019,-0.0079346,3.4135,-0.22797,0
-0.019379,0.0090027,-0.00076294,2.9584,-0.23224,0
-0.0090027,0.012512,0.0094604,3.186,-0.23468,0
0.00045776,0.016022,0.025635,2.2757,-0.23712,0
0.0013733,0.015106,0.037384,2.5033,-0.24139,0
-0.00030518,0.011444,0.037231,2.7309,-0.24628,0
0.0039673,0.0076294,0.037384,2.5033,-0.25177,0
0.0079346,0.007019,0.039215,2.7309,-0.25787,0
0.0094604,0.007782,0.032349,2.2757,-0.26703,0
0.012665,0.0080872,0.022888,1.5931,-0.27679,0
0.014648,0.0090027,0.026855,2.0482,-0.28656,0
0.018005,0.012817,0.048828,2.5033,-0.28992,0
0.022278,0.014496,0.073242,1.8206,-0.28595,0
0.023193,0.014038,0.087128,2.2757,-0.2774,0
0.019073,0.01297,0.086823,2.0482,-0.27008,0
0.010223,0.013733,0.080872,2.7309,-0.26581,0
0.0022888,0.013885,0.076904,2.7309,-0.27039,0
-0.0028992,0.016327,0.073547,2.0482,-0.27588,0
-0.0097656,0.018158,0.063782,2.5033,-0.27802,0
-0.012512,0.013733,0.048523,2.7309,-0.2774,0
-0.0065613,0.012665,0.029755,2.2757,-0.27405,0
-0.00091553,0.015564,0.018005,1.3655,-0.27008,0
0.0093079,0.013885,0.011139,1.8206,-0.26459,0
0.021973,0.0068665,-0.0028992,2.0482,-0.26245,0
0.022125,0.0018311,-0.021362,2.0482,-0.26428,0
0.015717,0.0016785,-0.037079,2.5033,-0.26978,0
0.0022888,0.0016785,-0.045929,2.7309,-0.26917,0
-0.013123,-0.0045776,-0.04776,2.5033,-0.26031,0
-0.011444,-0.012665,-0.046387,2.5033,-0.25482,0
-0.0035095,-0.01358,-0.049591,2.2757,-0.25665,0
-0.0028992,-0.0085449,-0.055389,2.5033,-0.26337,0
-0.0064087,-0.0041199,-0.048523,2.2757,-0.271,0
-0.0012207,0.0013733,-0.030518,2.2757,-0.27802,0
0.011902,0.0048828,-0.018005,2.5033,-0.27954,0
0.023956,0.0041199,-0.010529,2.9584,-0.27435,0
0.021362,0.0033569,-0.00091553,2.0482,-0.26581,0
0.014648,0.0056458,0.0048828,2.7309,-0.2536,0
0.0097656,0.0062561,0.0086975,2.5033,-0.2417,0
0.0013733,0.0065613,0.017395,2.5033,-0.22858,0
-0.0071716,0.0097656,0.026398,2.5033,-0.21179,0
-0.0033569,0.01236,0.029297,3.186,-0.1886,0
0.01236,0.01297,0.028992,2.7309,-0.16205,0
0.032043,0.010071,0.028381,2.9584,-0.13977,0
0.040588,0.0041199,0.023499,3.4135,-0.12634,0
0.041199,0.0013733,0.014801,2.0482,-0.11566,0
0.037079,-0.00015259,0.0065613,2.5033,-0.10284,0
0.030365,-0.002594,-0.00030518,1.8206,-0.093689,0
0.023041,-0.005188,-0.007782,2.5033,-0.090027,0
0.014343,-0.0073242,-0.011444,2.2757,-0.08667,0
0.0030518,-0.010681,-0.015106,2.2757,-0.079041,0
-0.005188,-0.014648,-0.016022,2.2757,-0.066833,0
-0.0090027,-0.015106,-0.015564,1.5931,-0.050659,0
-0.0076294,-0.014191,-0.012054,2.5033,-0.032043,0
-0.0018311,-0.015259,-0.0047302,2.2757,-0.018921,0
0.0085449,-0.015259,0.0099182,2.2757,-0.014343,0
0.018768,-0.014191,0.027924,2.2757,-0.018005,0
0.021515,-0.012512,0.033722,2.5033,-0.022583,0
0.022125,-0.012817,0.030823,2.5033,-0.029297,0
0.023193,-0.012054,0.02655,2.0482,-0.035706,0
0.024109,-0.0083923,0.027924,2.7309,-0.043335,0
0.024567,-0.0050354,0.03067,2.5033,-0.050354,0
0.028229,-0.004425,0.027008,2.5033,-0.050354,0
0.035095,-0.00076294,0.016174,2.7309,-0.044861,0
0.037384,0.00091553,0.0083923,2.9584,-0.038452,0
0.033417,-0.00045776,0.0062561,2.5033,-0.033875,0
0.030212,-0.0032043,0.01297,2.5033,-0.029297,0
0.028534,-0.0045776,0.02121,2.9584,-0.020447,0
0.023804,-0.0019836,0.020447,2.7309,-0.0088501,0
0.011597,-0.0010681,0.016937,1.8206,0.0036621,0
0.00015259,-0.0013733,0.014801,2.2757,0.014038,0
-0.009613,-0.0013733,0.018463,2.2757,0.020142,0
-0.0177,-0.00061035,0.024719,2.7309,0.021667,0
-0.02182,-0.00045776,0.02121,2.7309,0.018616,0
-0.025787,-0.0013733,0.0080872,2.7309,0.020447,0
-0.024567,-0.00030518,-0.0022888,2.9584,0.030212,0
-0.019073,-0.00045776,-0.004425,2.9584,0.042419,0
-0.0093079,-0.002594,-0.007019,2.5033,0.046387,0
-0.0013733,-0.0036621,-0.0080872,2.7309,0.04303,0
-0.00076294,-0.0065613,-0.0045776,2.5033,0.039368,0
-0.0080872,-0.011597,-0.0048828,2.7309,0.043945,0
-0.018005,-0.014038,-0.0083923,2.7309,0.059814,0
-0.028839,-0.013123,-0.012054,2.2757,0.079346,0
-0.038605,-0.011444,-0.015564,1.8206,0.091248,0
-0.040741,-0.011444,-0.019073,2.0482,0.097046,0
-0.036011,-0.0091553,-0.025787,2.0482,0.097046,0
-0.026245,-0.0038147,-0.03418,1.8206,0.096436,0
-0.015869,0.0013733,-0.0383,2.7309,0.095825,0
0.00091553,0.0015259,-0.035248,2.7309,0.10071,0
0.013123,-0.0012207,-0.028839,2.2757,0.11078,0
0.0042725,-0.004425,-0.031433,1.8206,0.11627,0
-0.0065613,-0.0041199,-0.044556,1.8206,0.11566,0
-0.0068665,-0.0012207,-0.046082,2.0482,0.11719,0
-0.007782,-0.0016785,-0.021973,2.2757,0.12817,0
-0.0177,-0.0024414,0.011597,1.8206,0.14404,0
-0.023804,-0.0028992,0.024872,2.2757,0.15564,0
-0.020294,-0.0036621,0.020599,1.8206,0.15411,0
-0.0097656,-0.0016785,0.016174,1.8206,0.14008,0
0.00045776,-0.00076294,0.018921,2.2757,0.12085,0
0.005188,-0.0047302,0.023804,2.0482,0.10651,0
0.005188,-0.010681,0.021515,1.8206,0.10681,0
0.0050354,-0.010986,0.013733,2.0482,0.12054,0
0.010223,-0.0085449,0.0076294,2.0482,0.14404,0
0.017395,-0.0057983,0.014648,2.2757,0.16174,0
0.018463,-0.004425,0.03952,2.0482,0.16754,0
0.013733,-0.00076294,0.063629,2.5033,0.16846,0
0.010529,0.0012207,0.082703,2.2757,0.16449,0
0.0085449,-0.0042725,0.096283,2.7309,0.15961,0
0.0038147,-0.01297,0.10406,2.2757,0.15656,0
-0.0012207,-0.017395,0.10452,2.9584,0.1535,0
-0.0045776,-0.015411,0.099945,2.0482,0.15076,0
-0.005188,-0.010223,0.084534,2.0482,0.15015,0
-0.0057983,-0.0090027,0.057068,2.7309,0.15625,0
-0.0083923,-0.009613,0.034485,2.5033,0.16968,0
-0.0094604,-0.0091553,0.023346,2.5033,0.17944,0
-0.0076294,-0.0068665,0.019989,3.186,0.18799,0
-0.0097656,-0.0045776,0.027924,2.0482,0.19836,0
-0.01297,-0.00076294,0.042114,2.0482,0.21301,0
-0.01236,0.0054932,0.046082,2.5033,0.22736,0
-0.009613,0.0050354,0.040283,2.0482,0.2359,0
-0.012207,-0.00045776,0.032501,2.5033,0.23834,0
-0.017853,-0.0045776,0.026093,2.9584,0.24139,0
-0.021667,-0.0053406,0.034485,2.2757,0.24689,0
-0.023041,-0.0041199,0.059967,2.7309,0.25665,0
-0.018005,-0.0012207,0.081024,1.8206,0.26398,0
-0.0041199,0.0045776,0.080261,2.5033,0.26611,0
0.0033569,0.0048828,0.060425,2.0482,0.26733,0
0.0012207,0.00030518,0.03952,2.7309,0.27039,0
-0.0021362,-0.0018311,0.025787,2.2757,0.27557,0
-0.0067139,-0.0021362,0.016327,1.3655,0.27924,0
-0.010223,-0.0016785,0.0064087,2.0482,0.27588,0
-0.0082397,-0.0015259,-0.0041199,1.8206,0.26703,0
-0.0016785,-0.0015259,-0.016174,2.2757,0.25696,0
0.0030518,-0.0018311,-0.026093,1.8206,0.25238,0
0.0022888,-0.0039673,-0.022125,2.9584,0.2594,0
0.00015259,-0.0093079,-0.015564,2.0482,0.27405,0
-0.0019836,-0.012665,-0.027161,2.2757,0.29358,0
-0.0016785,-0.016327,-0.045166,1.5931,0.30792,0
0.004425,-0.018158,-0.045471,2.0482,0.31464,0
0.011597,-0.017548,-0.032196,2.5033,0.30975,0
0.016327,-0.014496,-0.022278,2.5033,0.30243,0
0.015259,-0.012207,-0.024109,2.7309,0.29663,0
0.012665,-0.012512,-0.037079,2.2757,0.29602,0
0.010986,-0.012207,-0.050964,2.0482,0.29541,0
0.012207,-0.0080872,-0.059662,1.8206,0.2951,0
0.0074768,-0.0059509,-0.071106,2.5033,0.29602,0
-0.0012207,-0.0073242,-0.083313,2.5033,0.3006,0
-0.0048828,-0.0073242,-0.087433,2.2757,0.30701,0
-0.0071716,-0.0067139,-0.079346,2.7309,0.31769,0
-0.0093079,-0.0074768,-0.06134,2.9584,0.33142,0
-0.0073242,-0.0074768,-0.048981,2.5033,0.34668,0
-0.0018311,-0.0068665,-0.045166,2.9584,0.36438,0
-0.00091553,-0.0041199,-0.036011,3.4135,0.38208,0
-0.0018311,-0.0021362,-0.016785,2.7309,0.39795,0
-0.0018311,-0.00030518,-0.0027466,2.5033,0.41107,0
-0.0048828,0.0015259,-0.0013733,2.0482,0.42267,0
-0.0094604,0.0041199,-0.0085449,3.186,0.4303,0
-0.0057983,0.0064087,-0.015717,2.5033,0.43365,0
0.0038147,0.007782,-0.016785,3.186,0.4303,0
0.0073242,0.0059509,-0.0082397,2.9584,0.41931,0
0.01236,0.002594,0.002594,2.7309,0.40985,0
0.018463,0.0032043,0.0083923,2.7309,0.40863,0
0.021057,0.0041199,0.016479,2.9584,0.4126,0
0.022278,0.0024414,0.030975,2.7309,0.41534,0
0.019531,0.00091553,0.043488,2.2757,0.41107,0
0.013123,0.0018311,0.04364,2.5033,0.39764,0
0.011292,-0.00030518,0.036163,2.7309,0.37628,0
0.0091553,-0.005188,0.027466,2.5033,0.35004,0
0.0045776,-0.0073242,0.020752,2.0482,0.3241,0
-0.0068665,-0.0036621,0.014343,2.2757,0.3009,0
-0.020599,-0.00015259,0.007019,1.5931,0.2771,0
-0.031891,-0.0016785,0.0019836,1.8206,0.24902,0
-0.03891,-0.004425,-0.0039673,2.2757,0.22156,0
-0.029144,-0.0073242,-0.016174,3.186,0.20752,0
-0.0076294,-0.007782,-0.028992,2.0482,0.21057,0
0.0035095,-0.0035095,-0.036621,1.8206,0.22491,0
-0.0028992,-0.00030518,-0.040436,1.3655,0.23499,0
-0.015106,0.00045776,-0.042114,1.8206,0.23132,0
-0.024872,-0.0016785,-0.042114,2.2757,0.21484,0
-0.030823,-0.0045776,-0.046539,2.7309,0.19012,0
-0.035095,-0.0041199,-0.04837,2.5033,0.16418,0
-0.030212,-0.0030518,-0.04776,2.0482,0.14221,0
-0.004425,-0.0050354,-0.054779,1.1379,0.13123,0
0.032806,-0.0062561,-0.068054,2.0482,0.13123,0
0.052948,-0.0045776,-0.079498,1.8206,0.1358,0
0.044403,-0.0022888,-0.093689,2.2757,0.13733,0
0.032196,-0.0019836,-0.10422,2.7309,0.13184,0
0.030212,-0.00061035,-0.10223,2.2757,0.12146,0
0.037842,-0.00045776,-0.1004,2.0482,0.11353,0
0.044556,0.0010681,-0.11475,2.0482,0.11414,0
0.041809,0.0033569,-0.14252,1.8206,0.12787,0
0.036774,0.0053406,-0.15945,2.7309,0.14801,0
0.027161,0.0035095,-0.16098,2.5033,0.16388,0
0.018311,-0.0018311,-0.16068,2.2757,0.17181,0
0.01709,-0.0047302,-0.1683,2.5033,0.17517,0
0.018616,-0.0018311,-0.19028,2.7309,0.18158,0
0.012054,0.0010681,-0.22919,2.9584,0.19379,0
0.007019,0.00076294,-0.28076,2.9584,0.20264,0
0.005188,-0.0021362,-0.33051,2.7309,0.20691,0
0,-0.0036621,-0.36682,2.7309,0.20538,0
-0.0021362,-0.0016785,-0.3949,2.0482,0.20477,0
-0.0045776,0.0015259,-0.41824,2.2757,0.2066,0
-0.0039673,0.0015259,-0.44083,2.5033,0.20569,0
-0.004425,0.00076294,-0.46753,2.2757,0.20538,0
-0.0038147,0.0032043,-0.49225,2.0482,0.20355,0
-0.0059509,0.0053406,-0.51163,2.5033,0.20081,0
-0.014648,0.0032043,-0.52628,2.7309,0.19379,0
-0.02594,0.0036621,-0.53696,2.2757,0.18402,0
-0.03418,0.0050354,-0.53513,2.7309,0.17029,0
-0.034637,0.002594,-0.51392,2.0482,0.159,0
-0.023041,-0.0019836,-0.48203,2.0482,0.14893,0
-0.014038,-0.0035095,-0.46341,1.8206,0.13824,0
-0.0086975,-0.005188,-0.45029,2.0482,0.12756,0
-0.0057983,-0.0059509,-0.44449,1.8206,0.11597,0
-0.0036621,-0.0054932,-0.44449,2.0482,0.10803,0
-0.0032043,-0.0022888,-0.4393,1.8206,0.10529,0
-0.0045776,0.00015259,-0.42328,2.5033,0.10681,0
-0.0042725,0.0015259,-0.39154,2.5033,0.11292,0
0.0021362,0.0015259,-0.3476,2.2757,0.12421,0
0.007782,0.00076294,-0.30457,2.2757,0.13702,0
0.0045776,0.00076294,-0.27145,2.5033,0.1474,0
-0.0016785,0.0018311,-0.23483,2.5033,0.1535,0
0.0032043,0.0016785,-0.17914,2.5033,0.15167,0
0.010529,0.0021362,-0.09613,2.0482,0.14587,0
0.0093079,0.00061035,0.0030518,1.8206,0.13794,0
0.0045776,-0.0019836,0.097809,2.5033,0.12299,0
0.0030518,-0.004425,0.18753,2.2757,0.10803,0
0.0039673,-0.0064087,0.27176,2.5033,0.097351,0
0.0010681,-0.0076294,0.34058,2.7309,0.093079,0
-0.00091553,-0.0076294,0.39413,2.7309,0.090942,0
0.0032043,-0.0035095,0.44815,2.2757,0.085754,0
0.0083923,-0.00045776,0.50903,2.5033,0.071411,0
0.0088501,0.0019836,0.57663,2.2757,0.046997,0
0.0048828,0.0050354,0.65079,2.7309,0.023499,0
0.00076294,0.0094604,0.72144,3.186,0.0076294,0
-0.010223,0.012512,0.77164,2.5033,0.0045776,0
-0.023041,0.015259,0.80521,2.0482,0.012207,0
-0.024414,0.01709,0.83221,2.0482,0.025024,0
-0.017242,0.0177,0.85968,2.7309,0.033875,0
-0.007019,0.015564,0.88913,3.186,0.034485,0
0.00091553,0.011597,0.91217,2.7309,0.029297,0
0.010071,0.009613,0.92621,2.2757,0.022888,0
0.022125,0.0099182,0.94772,2.7309,0.015869,0
0.02243,0.012817,0.98633,1.5931,0.011292,0
0.010223,0.018311,1.0237,2.7309,0.012512,0
0.0022888,0.019836,1.033,2.0482,0.015564,0
0.00015259,0.016327,1.0121,2.0482,0.018616,0
0.0041199,0.012665,0.98038,2.5033,0.0085449,0
0.014343,0.0099182,0.95657,2.7309,-0.010681,0
0.017853,0.011292,0.94803,1.5931,-0.025635,0
0.0093079,0.015411,0.95764,1.8206,-0.025024,0
0.0032043,0.018616,0.97382,2.0482,-0.010071,0
0.002594,0.024414,0.97412,2.0482,0.0054932,0
0.0039673,0.027008,0.9523,2.7309,0.012512,0
0.0057983,0.025635,0.91125,2.5033,0.0073242,0
0.0094604,0.024109,0.85846,2.0482,-0.0048828,0
0.016479,0.021057,0.79941,1.8206,-0.012817,0
0.024414,0.017395,0.73181,1.5931,-0.012512,0
0.025482,0.015717,0.65262,2.7309,-0.0057983,0
0.031281,0.01297,0.56961,2.7309,0,0
0.03418,0.010071,0.49683,1.8206,-0.0021362,0
0.032043,0.0059509,0.44113,1.8206,-0.0091553,0
0.026093,0.007019,0.38742,2.0482,-0.018921,0
0.020447,0.010529,0.31723,2.5033,-0.027161,0
0.017853,0.0080872,0.23895,2.7309,-0.029602,0
0.015869,0.0033569,0.1709,2.2757,-0.028381,0
0.010529,-0.00015259,0.11551,2.7309,-0.025635,0
0.0022888,-0.0024414,0.063629,2.2757,-0.025635,0
-0.0041199,-0.0030518,0.016785,2.2757,-0.023499,0
-0.0019836,-0.0018311,-0.017548,2.2757,-0.016785,0
0.01297,-0.0021362,-0.044861,3.186,0.0015259,0
0.026093,0.00061035,-0.076447,3.4135,0.026245,0
0.027771,0.0057983,-0.11261,2.7309,0.050659,0
0.019989,0.0083923,-0.14557,2.0482,0.065002,0
0.01236,0.007019,-0.17426,2.2757,0.072632,0
0.0091553,0.0071716,-0.20615,2.5033,0.083923,0
0.0047302,0.0065613,-0.23804,2.5033,0.09613,0
-0.0038147,0.0047302,-0.26749,2.5033,0.10773,0
-0.0177,0.0013733,-0.29419,2.5033,0.11475,0
-0.028534,-0.00015259,-0.31311,3.186,0.11932,0
-0.03479,0.00030518,-0.33279,2.2757,0.11932,0
-0.035248,-0.0024414,-0.36469,2.9584,0.11719,0
-0.031128,-0.0080872,-0.40436,2.9584,0.10773,0
-0.015717,-0.0097656,-0.44266,2.7309,0.09552,0
0.0015259,-0.010071,-0.47195,2.7309,0.087891,0
0.014648,-0.01358,-0.48828,2.9584,0.083923,0
0.02182,-0.014648,-0.49255,2.0482,0.081787,0
0.025482,-0.014038,-0.48782,2.2757,0.079041,0
0.024872,-0.014191,-0.48538,2.0482,0.074463,0
0.017853,-0.013885,-0.48508,2.2757,0.064087,0
0.011444,-0.011597,-0.48309,2.0482,0.051575,0
0.010834,-0.010529,-0.47684,2.0482,0.042725,0
0.007782,-0.011139,-0.46722,2.2757,0.040894,0
0.0073242,-0.011292,-0.45181,1.8206,0.045471,0
0.0086975,-0.01236,-0.42786,1.8206,0.054016,0
0.0093079,-0.012512,-0.40298,2.2757,0.059509,0
0.00076294,-0.010529,-0.37781,2.7309,0.06073,0
-0.0076294,-0.0094604,-0.35812,2.0482,0.052185,0
-0.016937,-0.0076294,-0.34882,2.2757,0.038452,0
-0.032349,-0.0056458,-0.34683,2.0482,0.027771,0
-0.046997,-0.0068665,-0.35049,2.0482,0.020752,0
-0.055237,-0.007019,-0.36041,2.5033,0.020752,0
-0.053253,-0.0067139,-0.36545,1.8206,0.024414,0
-0.047913,-0.007782,-0.3566,2.0482,0.029297,0
-0.03952,-0.0085449,-0.33768,2.9584,0.029907,0
-0.027771,-0.0073242,-0.32272,2.0482,0.022888,0
-0.011902,-0.0080872,-0.31662,2.2757,0.013733,0
0.0047302,-0.0086975,-0.31799,2.2757,0.0073242,0
0.01297,-0.0088501,-0.32089,2.0482,0.0073242,0
0.0097656,-0.0076294,-0.30991,2.2757,0.012512,0
0.0086975,-0.0090027,-0.28275,2.7309,0.018311,0
0.016022,-0.0085449,-0.25299,2.7309,0.023193,0
0.025482,-0.0059509,-0.233,3.186,0.026245,0
0.030975,-0.0041199,-0.22263,2.5033,0.029602,0
0.028992,-0.0068665,-0.21362,2.2757,0.030823,0
0.02243,-0.010376,-0.20859,2.7309,0.028687,0
0.018768,-0.0099182,-0.20798,2.9584,0.02594,0
0.011292,-0.0068665,-0.20569,2.7309,0.021362,0
-0.0030518,-0.0038147,-0.19638,2.9584,0.015564,0
-0.0090027,-0.00091553,-0.18417,2.7309,0.0057983,0
-0.0013733,0.0027466,-0.1767,2.5033,-0.0042725,0
0.0091553,0.0071716,-0.1741,2.9584,-0.013733,0
0.014496,0.0067139,-0.16495,2.5033,-0.022888,0
0.013885,0.0038147,-0.15228,1.8206,-0.028687,0
0.016022,0.0042725,-0.13885,2.7309,-0.032043,0
0.019684,0.0041199,-0.12299,2.9584,-0.030823,0
0.020905,0.00015259,-0.10742,2.2757,-0.029602,0
0.020905,-0.0042725,-0.09552,2.5033,-0.036011,0
0.014496,-0.0062561,-0.083771,2.2757,-0.05188,0
-0.0012207,-0.0053406,-0.066833,2.9584,-0.066528,0
-0.019379,-0.0035095,-0.052338,2.7309,-0.074768,0
-0.027313,-0.0032043,-0.047455,2.7309,-0.072632,0
-0.024109,-0.0018311,-0.051575,1.3655,-0.067139,0
-0.018768,0.0010681,-0.054321,1.8206,-0.063477,0
-0.0080872,0.0018311,-0.049133,1.8206,-0.067444,0
0.0027466,0.0012207,-0.037537,2.2757,-0.074768,0
0.0071716,0.0016785,-0.02655,2.5033,-0.083313,0
-0.004425,0.00045776,-0.026245,2.7309,-0.084534,0
-0.026398,-0.0021362,-0.02533,2.7309,-0.079956,0
-0.039978,-0.0010681,-0.016937,2.0482,-0.073242,0
-0.034943,0.00015259,-0.0028992,1.8206,-0.070801,0
-0.013275,0.00091553,0.010529,2.5033,-0.070801,0
0.0090027,-0.0028992,0.014954,2.5033,-0.073853,0
0.020142,-0.0067139,0.011597,2.5033,-0.07782,0
0.0048828,-0.010681,0.0018311,2.2757,-0.083313,0
-0.0093079,-0.012207,-0.009613,1.8206,-0.091248,0
-0.0056458,-0.010376,-0.02121,1.8206,-0.1001,0
0.0033569,-0.0093079,-0.030975,2.0482,-0.10529,0
0.011139,-0.0065613,-0.036011,2.7309,-0.10529,0
0.01297,-0.0033569,-0.036011,2.9584,-0.1004,0
0.0093079,0.00015259,-0.036469,2.5033,-0.095215,0
0.0064087,0.0035095,-0.030212,2.5033,-0.090332,0
0.0012207,0.0030518,-0.019531,2.0482,-0.091553,0
-0.0056458,0.0010681,-0.010223,2.2757,-0.094299,0
-0.011444,-0.00015259,-0.0030518,2.7309,-0.099487,0
-0.014038,-0.0035095,0.0039673,2.2757,-0.099182,0
-0.010681,-0.0071716,0.010223,2.0482,-0.086975,0
-0.0038147,-0.0076294,0.015564,2.7309,-0.065613,0
0.00076294,-0.0067139,0.019379,2.5033,-0.044861,0
0.0039673,-0.0065613,0.020142,2.5033,-0.035095,0
0.010071,-0.004425,0.016174,2.0482,-0.042419,0
0.015869,-0.0022888,0.016479,2.5033,-0.06134,0
0.014038,-0.00045776,0.019989,2.2757,-0.081177,0
0.0068665,-0.00045776,0.021973,2.2757,-0.092773,0
0.0022888,-0.0012207,0.020752,2.2757,-0.091858,0
0.0019836,-0.0016785,0.016022,2.9584,-0.082092,0
0.0080872,-0.0016785,0.015106,2.9584,-0.075989,0
0.016479,0.00076294,0.019531,2.9584,-0.074768,0
0.015259,0.0024414,0.021667,2.7309,-0.076599,0
0.0032043,0.0030518,0.023041,2.5033,-0.080872,0
-0.0013733,0.0032043,0.028229,2.0482,-0.086365,0
-0.00091553,0.0042725,0.042267,1.8206,-0.085754,0
0.0016785,0.0030518,0.05661,1.8206,-0.080261,0
0.007782,-0.0012207,0.063934,1.5931,-0.070496,0
0.016785,-0.0021362,0.063934,2.0482,-0.059814,0
0.027618,-0.00091553,0.061035,2.5033,-0.049133,0
0.032501,-0.00045776,0.055847,2.5033,-0.039978,0
0.018921,-0.002594,0.046692,2.5033,-0.032043,0
0.0073242,-0.0036621,0.040741,2.7309,-0.021667,0
-0.0021362,-0.0039673,0.036926,2.0482,-0.011292,0
-0.0079346,-0.00091553,0.02655,1.8206,-0.0012207,0
-0.0093079,0.0022888,0.018158,1.5931,0.0030518,0
-0.015564,0.0019836,0.019226,2.2757,0.0048828,0
-0.02182,0.0019836,0.024872,2.2757,0.0018311,0
-0.023804,0.0016785,0.027161,2.2757,-0.0073242,0
-0.020142,-0.0012207,0.029907,1.8206,-0.018921,0
-0.016327,-0.0027466,0.032959,2.2757,-0.030212,0
-0.0061035,-0.00076294,0.037842,2.2757,-0.044861,0
0.0062561,0.0036621,0.050659,2.5033,-0.057068,0
0.010834,0.0091553,0.063934,2.5033,-0.067444,0
0.011139,0.01236,0.064545,2.7309,-0.074158,0
0.0076294,0.017242,0.055389,2.2757,-0.075989,0
0,0.023651,0.050964,2.2757,-0.074768,0
-0.0057983,0.026703,0.055084,2.5033,-0.075378,0
-0.0064087,0.025787,0.060883,2.5033,-0.076904,0
-0.00045776,0.023499,0.059509,3.186,-0.075378,0
0.0038147,0.022736,0.054016,2.5033,-0.072021,0
0.0015259,0.020599,0.052643,3.186,-0.071411,0
-0.0022888,0.017242,0.048981,3.186,-0.073547,0
-0.007782,0.015717,0.038452,2.7309,-0.07782,0
-0.0094604,0.01297,0.037994,2.5033,-0.077515,0
-0.0094604,0.0088501,0.050354,2.5033,-0.074768,0
-0.013428,0.0036621,0.063019,3.186,-0.072021,0
-0.025024,0.0012207,0.065308,2.9584,-0.071106,0
-0.033264,0.00061035,0.059662,2.2757,-0.072937,0
-0.03418,0.00045776,0.056915,2.0482,-0.072937,0
-0.029907,0.00045776,0.056458,2.2757,-0.067444,0
-0.027313,-0.00030518,0.048676,2.2757,-0.055542,0
-0.022888,-0.0027466,0.041199,2.2757,-0.041199,0
-0.013428,-0.0015259,0.043182,2.7309,-0.027771,0
-0.0045776,-0.0019836,0.052185,2.7309,-0.021362,0
-0.0030518,-0.0048828,0.059509,2.0482,-0.019836,0
-0.004425,-0.0048828,0.06134,2.2757,-0.018921,0
0.0027466,-0.0022888,0.05661,1.8206,-0.021057,0
0.017548,-0.00091553,0.048981,2.0482,-0.021057,0
0.02533,-0.0036621,0.042572,2.5033,-0.021973,0
0.022736,-0.0071716,0.035095,2.5033,-0.020752,0
0.01709,-0.009613,0.025024,1.8206,-0.017395,0
0.014038,-0.010223,0.024261,2.0482,-0.013733,0
0.0099182,-0.0094604,0.030518,1.1379,-0.0076294,0
0.0027466,-0.0099182,0.028381,1.8206,-0.0054932,0
-0.00061035,-0.01236,0.014954,2.0482,-0.0054932,0
0.0053406,-0.012207,0.0041199,2.5033,-0.0048828,0
0.015259,-0.014038,0.0054932,1.8206,0.0015259,0
0.023193,-0.014801,0.011749,2.5033,0.014648,0
0.021973,-0.014191,0.017548,2.2757,0.031738,0
0.016785,-0.012665,0.023956,2.9584,0.046082,0
0.014801,-0.012665,0.030975,2.5033,0.052185,0
0.016022,-0.017853,0.027466,1.8206,0.052795,0
0.015564,-0.022583,0.011444,2.0482,0.048523,0
0.011444,-0.021667,0.01297,2.7309,0.044556,0
0.0068665,-0.016022,0.045166,2.9584,0.045166,0
0.0010681,-0.0099182,0.077667,2.2757,0.048523,0
-0.0062561,-0.0071716,0.088043,2.7309,0.054626,0
-0.015259,-0.0064087,0.093689,2.2757,0.06134,0
-0.024567,-0.0076294,0.10803,2.5033,0.063782,0
-0.032959,-0.0083923,0.11826,2.2757,0.063782,0
-0.037384,-0.007782,0.11826,2.7309,0.064392,0
-0.027924,-0.0061035,0.1091,2.5033,0.065918,0
-0.012512,-0.0042725,0.095673,3.186,0.066833,0
0.0010681,-0.0053406,0.083618,2.5033,0.068359,0
0.007782,-0.0038147,0.074158,2.9584,0.070496,0
0.013275,0.0010681,0.067444,2.7309,0.072021,0
0.019226,0.0045776,0.054321,2.0482,0.076599,0
0.023499,0.0042725,0.028229,2.5033,0.081787,0
0.019073,0.0032043,0.00076294,2.7309,0.088806,0
0.016022,0.0030518,-0.010986,2.9584,0.097961,0
0.017548,0.0032043,-0.0080872,2.2757,0.1062,0
0.016022,0.0054932,-0.007782,2.0482,0.11292,0
0.0074768,0.0062561,-0.010834,2.0482,0.11658,0
-0.00076294,0.007019,-0.0067139,2.2757,0.11627,0
-0.0074768,0.0090027,0.0041199,2.2757,0.11292,0
-0.0093079,0.012665,0.010681,2.2757,0.10925,0
-0.0074768,0.013428,0.0028992,2.7309,0.10742,0
-0.0080872,0.010986,-0.0083923,1.8206,0.11169,0
-0.01297,0.009613,-0.011139,2.2757,0.12177,0
-0.016785,0.0080872,-0.01297,2.2757,0.13245,0
-0.020142,0.0061035,-0.015564,2.5033,0.14221,0
-0.025635,0.0080872,-0.011749,2.7309,0.15015,0
-0.031738,0.0088501,-0.0082397,2.2757,0.1535,0
-0.039368,0.0073242,-0.010071,2.0482,0.15656,0
-0.045013,0.0050354,-0.013275,2.2757,0.16052,0
-0.045624,0.0035095,-0.012817,2.5033,0.16754,0
-0.036621,0.0021362,-0.010986,2.9584,0.17426,0
-0.02243,-0.0012207,-0.010376,2.2757,0.18188,0
-0.015259,-0.0045776,-0.011292,2.2757,0.18463,0
-0.0071716,-0.0094604,-0.019226,2.2757,0.18402,0
0.002594,-0.015564,-0.031738,2.2757,0.18097,0
0.0054932,-0.015869,-0.026703,2.2757,0.17975,0
0.0038147,-0.01236,-0.0050354,2.5033,0.18188,0
0.007019,-0.011139,0.011444,3.186,0.18768,0
0.018005,-0.011139,0.0099182,2.2757,0.19257,0
0.028534,-0.012817,-0.0064087,2.9584,0.19623,0
0.028534,-0.011292,-0.026245,2.5033,0.19562,0
0.020294,-0.0083923,-0.032959,2.9584,0.19043,0
0.013275,-0.0056458,-0.026398,3.186,0.1828,0
0.0088501,-0.00091553,-0.024567,2.7309,0.17548,0
0.0090027,0.0047302,-0.033875,2.5033,0.17303,0
0.0093079,0.0099182,-0.045166,2.7309,0.17548,0
0.010376,0.014648,-0.050507,2.5033,0.18311,0
0.007782,0.018311,-0.051727,2.5033,0.18768,0
0.0032043,0.017853,-0.04776,2.2757,0.18677,0
-0.0010681,0.018616,-0.0354,2.9584,0.17731,0
-0.0032043,0.019684,-0.02243,2.9584,0.16418,0
-0.0088501,0.021667,-0.026703,2.5033,0.15198,0
-0.015259,0.023651,-0.033264,2.9584,0.14374,0
-0.020142,0.028381,-0.019379,2.7309,0.14038,0
-0.018311,0.027313,0.021667,2.9584,0.1358,0
-0.014191,0.022583,0.06897,2.0482,0.12909,0
-0.0093079,0.019836,0.097809,2.0482,0.12329,0
-0.0057983,0.019531,0.10208,2.5033,0.12146,0
-0.0016785,0.019073,0.093536,3.186,0.1236,0
0.00061035,0.017548,0.08194,2.7309,0.12817,0
0,0.01358,0.067444,2.0482,0.13336,0
-0.00061035,0.0053406,0.050964,2.7309,0.14069,0
-0.0010681,0,0.030823,2.2757,0.14313,0
-0.0024414,0.00061035,0.010681,1.5931,0.13855,0
0.0024414,0.0022888,0.00015259,1.8206,0.1239,0
0.0065613,0.0039673,0.0028992,1.8206,0.10651,0
0.0079346,0.0039673,0.0064087,2.2757,0.093689,0
0.009613,0.0021362,0.0056458,1.8206,0.086365,0
0.017242,-0.0019836,0.0024414,2.5033,0.082092,0
0.027313,-0.0076294,-0.0038147,2.2757,0.074768,0
0.03418,-0.011902,-0.014343,2.0482,0.065918,0
0.037079,-0.012207,-0.020599,2.0482,0.057373,0
0.036163,-0.007019,-0.021057,2.5033,0.046997,0
0.031281,0.00015259,-0.013885,2.2757,0.03479,0
0.020599,0.0061035,-0.004425,2.2757,0.021973,0
0.01236,0.004425,-0.00061035,2.7309,0.011902,0
0.009613,-0.00045776,-0.014343,2.7309,0.005188,0
0.009613,-0.0012207,-0.038605,3.186,0.0033569,0
0.011444,0.0061035,-0.034027,2.7309,0.0045776,0
0.015869,0.010223,-0.009613,1.8206,0.0079346,0
0.022888,0.0074768,-0.0010681,2.5033,0.010376,0
0.0354,0.0042725,0.0032043,2.7309,0.011902,0
0.042572,-0.00015259,0.021667,2.2757,0.014343,0
0.041962,-0.0068665,0.039368,2.7309,0.016479,0
0.041351,-0.014801,0.040131,2.7309,0.019226,0
0.041656,-0.023346,0.030365,2.7309,0.021667,0
0.04425,-0.032196,0.027161,3.186,0.021973,0
0.042725,-0.038605,0.027313,3.186,0.019531,0
0.034485,-0.045319,0.021057,3.186,0.020447,0
0.027466,-0.051727,0.0076294,2.5033,0.023499,0
0.02533,-0.05249,-0.007782,2.9584,0.027771,0
0.02182,-0.04776,-0.0076294,2.2757,0.030212,0
0.014343,-0.041962,0.0067139,2.5033,0.025024,0
0.0064087,-0.03891,0.015717,2.0482,0.016785,0
0.0010681,-0.036011,0.01236,2.2757,0.0082397,0
-0.0042725,-0.029755,0.0073242,2.2757,0.0021362,0
-0.010529,-0.022583,0.0056458,2.2757,-0.0030518,0
-0.014496,-0.020752,0.0097656,2.2757,-0.0094604,0
-0.021667,-0.018768,0.020599,2.2757,-0.025635,0
-0.033112,-0.016785,0.028687,2.0482,-0.048523,0
-0.041199,-0.012817,0.029602,2.5033,-0.072937,0
-0.044403,-0.010834,0.027313,2.0482,-0.091248,0
-0.044708,-0.0099182,0.018005,2.2757,-0.099487,0
-0.042877,-0.0057983,0.0016785,2.5033,-0.099487,0
-0.040131,-0.00030518,-0.0068665,1.5931,-0.091858,0
-0.035706,0.0035095,0.0036621,1.8206,-0.079346,0
-0.029907,0.0018311,0.023804,1.8206,-0.070496,0
-0.025177,0.0013733,0.034027,1.3655,-0.072021,0
-0.018005,0.0048828,0.032654,2.2757,-0.083923,0
-0.012817,0.0083923,0.028992,1.8206,-0.098572,0
-0.010681,0.010071,0.027161,2.5033,-0.11139,0
-0.011902,0.010834,0.026398,2.2757,-0.11749,0
-0.012665,0.010376,0.02655,2.0482,-0.11475,0
-0.01297,0.010529,0.026703,2.9584,-0.10681,0
-0.012817,0.010529,0.021973,2.5033,-0.099792,0
-0.013123,0.0080872,0.011444,2.7309,-0.096741,0
-0.014191,0.0027466,0.0090027,1.8206,-0.1004,0
-0.011749,0.00045776,0.0018311,1.5931,-0.10529,0
-0.0082397,0.0035095,-0.013885,1.3655,-0.10803,0
-0.0041199,0.0059509,-0.020905,2.5033,-0.10132,0
0.0016785,0.004425,-0.016632,3.186,-0.093689,0
0.0038147,0.0027466,-0.015106,3.186,-0.092163,0
0.0054932,0.0033569,-0.018005,2.5033,-0.10345,0
0.010986,0.0059509,-0.011902,2.2757,-0.12299,0
0.012665,0.0086975,0.0010681,2.5033,-0.13458,0
0.0090027,0.01236,0.0065613,2.5033,-0.13123,0
0.0073242,0.019226,0.0068665,2.0482,-0.10834,0
0.0083923,0.023956,0.0093079,2.5033,-0.073547,0
0.018921,0.025177,0.011902,2.5033,-0.040894,0
0.033722,0.020599,0.0048828,2.5033,-0.026245,0
0.037994,0.013275,-0.0088501,1.8206,-0.030518,0
0.027924,0.011139,-0.016632,1.8206,-0.041199,0
0.014648,0.015869,-0.0064087,2.5033,-0.04303,0
0.0064087,0.020447,0.017242,2.5033,-0.032654,0
0.0028992,0.021362,0.04303,2.0482,-0.0177,0
0.00076294,0.012817,0.043335,1.8206,-0.011292,0
0.0015259,-0.0045776,0.0022888,1.8206,-0.0085449,0
0.0033569,-0.0080872,-0.03479,2.2757,-0.0024414,0
0.0065613,0.010834,-0.007782,2.2757,0.010376,0
0.011597,0.017242,0.026245,2.0482,0.026245,0
0.013275,0.0016785,0.007782,2.2757,0.032349,0
0.01236,-0.014038,-0.036011,2.2757,0.02594,0
0.010376,-0.021362,-0.063477,2.2757,0.013123,0
0.009613,-0.02121,-0.066681,2.2757,0.0030518,0
0.010681,-0.018311,-0.060272,1.8206,0.0054932,0
0.011139,-0.014496,-0.052643,2.2757,0.023193,0
0.0090027,-0.007782,-0.042267,2.0482,0.049438,0
0.010834,-0.0016785,-0.021515,1.8206,0.070801,0
0.012207,-0.00061035,0.0010681,2.0482,0.075989,0
0.0080872,-0.0033569,0.017242,2.0482,0.066833,0
0.0015259,-0.0073242,0.03006,2.2757,0.045471,0
-0.0042725,-0.012054,0.036926,2.0482,0.027771,0
-0.012054,-0.014343,0.03418,2.0482,0.02533,0
-0.01709,-0.01297,0.031433,2.7309,0.039062,0
-0.023041,-0.0083923,0.033417,2.2757,0.061035,0
-0.025177,-0.005188,0.03479,2.2757,0.079651,0
-0.019836,-0.0053406,0.026093,2.5033,0.088196,0
-0.013428,-0.0059509,0.011597,2.0482,0.080566,0
-0.01297,-0.0065613,0.0038147,2.0482,0.064392,0
-0.015717,-0.004425,0.0086975,2.2757,0.050659,0
-0.017395,0.002594,0.016479,2.9584,0.050964,0
-0.015717,0.007019,0.022736,2.7309,0.065002,0
-0.013428,0.0047302,0.026855,2.2757,0.084839,0
-0.011749,0.0016785,0.027313,2.7309,0.10071,0
-0.013123,-0.00045776,0.028992,2.2757,0.10071,0
-0.010986,-0.0013733,0.028534,2.2757,0.087585,0
-0.0068665,0.00045776,0.021667,2.9584,0.06897,0
-0.0036621,0.005188,0.014954,2.7309,0.056458,0
0.0016785,0.010986,0.0080872,2.7309,0.05188,0
0.011139,0.011749,0.0035095,2.7309,0.056458,0
0.019531,0.0088501,0.0041199,2.5033,0.065613,0
0.015411,0.00045776,0.0036621,2.5033,0.079651,0
0.0036621,-0.0093079,0.0013733,2.7309,0.093384,0
-0.0064087,-0.0094604,-0.0053406,2.7309,0.10132,0
-0.010223,0.00015259,-0.011902,2.2757,0.10437,0
-0.0094604,0.0064087,-0.0048828,2.0482,0.10101,0
-0.0061035,0.0082397,0.01709,2.2757,0.097351,0
0.0024414,0.007019,0.035858,2.2757,0.096436,0
0.012665,0.005188,0.042419,2.7309,0.097351,0
0.020294,0.0032043,0.041199,2.5033,0.10071,0
0.026245,0.0016785,0.03418,2.5033,0.10376,0
0.027466,0.0065613,0.022888,1.8206,0.10406,0
0.019226,0.015106,0.016479,2.2757,0.09613,0
0.0083923,0.016937,0.016632,2.7309,0.08606,0
0.0035095,0.016174,0.018158,2.5033,0.078735,0
0.0035095,0.015564,0.018921,2.0482,0.077209,0
0.0015259,0.015259,0.019226,1.8206,0.07843,0
-0.0027466,0.015564,0.019073,2.2757,0.073853,0
-0.0035095,0.015411,0.019073,1.5931,0.058899,0
0.0013733,0.015259,0.019073,2.5033,0.039978,0
0.0033569,0.015106,0.018921,1.5931,0.021973,0
0.00091553,0.015564,0.019073,1.8206,0.015564,0
0.00045776,0.015106,0.019226,2.0482,0.024719,0
0.0033569,0.015259,0.019073,2.5033,0.037537,0
0.0068665,0.015259,0.018921,2.5033,0.042114,0
0.007019,0.015106,0.018921,2.7309,0.030823,0
0.0076294,0.015564,0.019073,2.9584,0.01709,0
0.0036621,0.015411,0.019073,3.186,0.018311,0
0.00061035,0.015106,0.018768,2.2757,0.039673,0
-0.0019836,0.015564,0.018768,2.7309,0.071411,0
-0.0032043,0.015564,0.019226,2.2757,0.087891,0
-0.0061035,0.015411,0.019226,2.7309,0.079041,0
-0.009613,0.015106,0.019379,2.0482,0.054626,0
-0.010376,-0.0080872,0.011597,2.5033,0.036926,0
-0.0099182,-0.030975,0.011292,2.9584,0.04425,0
-0.0057983,-0.035858,0.012817,2.9584,0.075684,0
0.0015259,-0.034332,0.011139,2.5033,0.11444,0
0.0076294,-0.035858,0.013885,3.186,0.14313,0
0.012665,-0.036621,0.016479,2.7309,0.14984,0
0.015869,-0.035095,0.007019,1.8206,0.1358,0
0.016632,-0.030365,-0.0097656,2.7309,0.11841,0
0.010834,-0.029449,-0.010834,2.2757,0.10803,0
0.00091553,-0.031586,0.0074768,2.5033,0.11322,0
-0.0062561,-0.032806,0.031586,2.2757,0.12817,0
-0.012054,-0.030212,0.049896,2.2757,0.1416,0
-0.010986,-0.024719,0.071564,2.0482,0.13977,0
-0.0067139,-0.020752,0.089569,2.2757,0.12268,0
-0.0039673,-0.020294,0.091248,2.0482,0.1001,0
-0.004425,-0.019684,0.080261,2.2757,0.083923,0
-0.0061035,-0.014801,0.067291,2.0482,0.081787,0
-0.013275,-0.0086975,0.059204,2.5033,0.097046,0
-0.022583,-0.0091553,0.052948,2.7309,0.11902,0
-0.024109,-0.013275,0.036774,1.8206,0.13397,0
-0.016022,-0.013123,0.015869,2.2757,0.13031,0
0.00030518,-0.010986,-0.00030518,1.8206,0.11536,0
0.012817,-0.011444,-0.0028992,1.5931,0.10376,0
0.020294,-0.010834,0.0079346,2.2757,0.10834,0
0.02655,-0.005188,0.02182,2.7309,0.12756,0
0.030823,0.0061035,0.034332,2.0482,0.15411,0
0.033722,0.018158,0.040283,2.0482,0.18158,0
0.031891,0.023041,0.034637,2.0482,0.19714,0
0.026093,0.021667,0.024261,2.0482,0.19562,0
0.021515,0.020752,0.021667,2.9584,0.17822,0
0.021057,0.016022,0.015564,2.0482,0.15411,0
0.020905,0.0030518,-0.014801,2.5033,0.13763,0
0.019073,-0.0076294,-0.048828,2.7309,0.13336,0
0.014954,-0.0076294,-0.049286,2.0482,0.13763,0
0.0079346,0.0016785,-0.026093,2.2757,0.1416,0
-0.0010681,0.010986,-0.0083923,2.9584,0.13672,0
-0.0068665,0.011292,0.0022888,2.9584,0.11902,0
-0.0086975,0.007782,0.0064087,2.5033,0.097961,0
-0.0059509,0.0045776,-0.0093079,2.5033,0.081482,0
-0.00076294,-0.0019836,-0.049896,2.5033,0.080872,0
0.0013733,-0.009613,-0.086823,2.2757,0.093384,0
0.0010681,-0.011902,-0.097046,2.7309,0.10681,0
-0.0039673,-0.013885,-0.085297,2.9584,0.10468,0
-0.0085449,-0.021667,-0.069427,2.5033,0.087891,0
-0.013275,-0.027161,-0.054169,2.7309,0.072021,0
-0.022278,-0.022888,-0.05127,2.5033,0.068054,0
-0.024414,-0.017853,-0.057678,2.9584,0.071716,0
-0.021667,-0.02182,-0.063934,2.9584,0.07019,0
-0.019379,-0.022736,-0.072784,3.186,0.064697,0
-0.02121,-0.014191,-0.083618,2.7309,0.065002,0
-0.023041,-0.0080872,-0.071106,2.7309,0.073547,0
-0.017853,-0.0062561,-0.028839,2.5033,0.083008,0
-0.010834,-0.0097656,0.0059509,1.8206,0.084839,0
-0.007782,-0.016479,0.016022,3.186,0.083923,0
-0.0056458,-0.020447,0.025177,2.7309,0.084229,0
0.00061035,-0.020294,0.036926,1.8206,0.093689,0
0.010223,-0.016937,0.036774,2.5033,0.10803,0
0.016479,-0.0086975,0.037537,2.0482,0.12054,0
0.0177,0.00030518,0.045319,1.8206,0.12146,0
0.020294,0.0036621,0.054474,1.3655,0.10651,0
0.032501,0.0056458,0.061798,2.2757,0.085144,0
0.039368,0.0076294,0.066986,1.8206,0.070496,0
0.041504,0.0056458,0.062866,2.2757,0.067139,0
0.046539,0.004425,0.051575,2.5033,0.071716,0
0.050354,0.0030518,0.033875,2.0482,0.07782,0
0.04776,-0.0086975,-0.0177,2.5033,0.082703,0
0.037842,-0.02182,-0.084076,2.7309,0.088501,0
0.029449,-0.01297,-0.072021,2.2757,0.098267,0
0.022278,0.0047302,-0.00061035,2.9584,0.10834,0
0.014038,0.0059509,0.027618,2.2757,0.11536,0
0.0047302,-0.005188,0.0073242,2.2757,0.11108,0
-0.0032043,-0.009613,-0.0054932,2.5033,0.098877,0
-0.009613,-0.0038147,0.0024414,2.9584,0.089111,0
-0.0090027,0.00091553,0.010834,1.5931,0.091553,0
-0.0067139,0.0032043,0.0067139,2.7309,0.10864,0
0.00030518,0.0010681,-0.016022,2.7309,0.12848,0
0.011902,0.00015259,-0.048981,2.2757,0.1413,0
0.018158,0.00045776,-0.054474,2.7309,0.14313,0
0.015411,-0.0045776,-0.021667,2.7309,0.13336,0
0.011749,-0.015717,0.0027466,2.2757,0.12299,0
0.011749,-0.019836,-0.011292,2.9584,0.11322,0
0.012817,-0.018158,-0.024109,3.186,0.11414,0
0.0097656,-0.014801,0.0076294,2.5033,0.12756,0
0.0047302,-0.010986,0.057068,2.7309,0.1474,0
-0.0048828,-0.011292,0.068512,2.5033,0.16144,0
-0.012817,-0.011139,0.041199,2.2757,0.15839,0
-0.019531,-0.0047302,0.0094604,2.2757,0.13824,0
-0.026093,0.0050354,-0.011139,2.2757,0.11444,0
-0.0354,0.013885,-0.014801,2.5033,0.10284,0
-0.037384,0.019684,-0.00091553,3.4135,0.11108,0
-0.035858,0.021973,0.010223,2.7309,0.13031,0
-0.028687,0.023041,0.019989,2.5033,0.14862,0
-0.027924,0.027466,0.025635,2.7309,0.15656,0
-0.039673,0.03479,0.020599,2.0482,0.14801,0
-0.050812,0.041046,0.018463,2.7309,0.12787,0
-0.057526,0.047302,0.023499,2.5033,0.10803,0
-0.050354,0.053711,0.0383,2.2757,0.10559,0
-0.033264,0.054321,0.060272,2.9584,0.12543,0
-0.017395,0.051575,0.066833,1.8206,0.15625,0
-0.0038147,0.043182,0.03952,2.5033,0.18097,0
0.0065613,0.033569,-0.010529,2.5033,0.18402,0
0.014954,0.032196,-0.032043,2.5033,0.16876,0
0.017548,0.039825,-0.0012207,2.7309,0.14709,0
0.020142,0.045624,0.039062,2.7309,0.13733,0
0.020294,0.040283,0.051117,2.7309,0.14038,0
0.023956,0.031281,0.040283,2.0482,0.15228,0
0.025635,0.022888,0.02243,2.2757,0.16022,0
0.023804,0.0097656,0.002594,2.2757,0.15808,0
0.018921,-0.00045776,-0.0067139,2.0482,0.14465,0
0.014648,0.0033569,0.0027466,2.9584,0.13092,0
0.0088501,0.0076294,0.0053406,1.8206,0.11719,0
0.0068665,0.0048828,-0.014954,2.0482,0.10193,0
0.005188,-0.00045776,-0.032501,1.8206,0.086365,0
0.0067139,-0.0021362,-0.027466,2.5033,0.077209,0
0.010071,0.0013733,-0.0073242,1.8206,0.077209,0
0.01236,0.0033569,0.0091553,2.5033,0.084229,0
0.010376,0.0033569,0.021515,2.7309,0.085449,0
0.0067139,0.00091553,0.02533,2.2757,0.080261,0
-0.0012207,-0.0022888,0.021057,2.2757,0.07019,0
-0.0086975,-0.0038147,0.019073,2.9584,0.065308,0
-0.010376,-0.0073242,0.034485,2.2757,0.067749,0
-0.0088501,-0.011902,0.04715,2.9584,0.076599,0
-0.00091553,-0.011292,0.0383,2.5033,0.084839,0
0.0082397,-0.010529,0.020142,2.2757,0.088196,0
0.014648,-0.010071,0.0056458,2.7309,0.08606,0
0.019684,-0.0068665,-0.011292,2.7309,0.080261,0
0.031281,-0.0033569,-0.033417,2.5033,0.068054,0
0.037689,-0.0032043,-0.050812,2.2757,0.049133,0
0.032806,-0.0012207,-0.052185,2.9584,0.026855,0
0.024872,-0.0010681,-0.037994,2.7309,0.007019,0
0.019836,-0.0035095,-0.013275,2.2757,-0.0091553,0
0.014954,-0.0056458,0.0082397,2.9584,-0.021362,0
0.007019,-0.005188,0.023041,2.2757,-0.024414,0
0.0019836,-0.0033569,0.0354,2.5033,-0.018616,0
0.0016785,-0.0021362,0.052643,2.5033,-0.010071,0
0.0030518,0.00061035,0.066528,2.2757,-0.0036621,0
0.0016785,0.0024414,0.061798,2.2757,0.00030518,0
-0.0032043,0.0030518,0.04425,2.2757,0.0061035,0
-0.0024414,0.0042725,0.031586,1.8206,0.015564,0
0.00030518,0.0064087,0.030518,2.2757,0.029602,0
0.00061035,0.0076294,0.029449,2.0482,0.042419,0
-0.0047302,0.0053406,0.020447,2.2757,0.049744,0
-0.013428,0.0038147,0.011444,2.2757,0.047302,0
-0.017395,0.0042725,0.005188,2.0482,0.037537,0
-0.019226,0.002594,0.0016785,2.0482,0.022888,0
-0.020752,-0.0038147,0.0073242,2.5033,0.010376,0
-0.020447,-0.010834,0.018311,2.2757,0.0027466,0
-0.014954,-0.015717,0.027924,2.5033,0.0018311,0
-0.010223,-0.016022,0.037079,2.2757,0.0088501,0
-0.0082397,-0.014496,0.036621,2.0482,0.01709,0
-0.009613,-0.012817,0.025635,2.2757,0.021057,0
-0.0097656,-0.009613,0.018005,2.2757,0.018921,0
-0.0065613,-0.007019,0.015411,2.2757,0.016479,0
-0.0032043,-0.0074768,0.012207,3.186,0.018921,0
0.0016785,-0.015259,-0.00076294,2.2757,0.021057,0
0.0030518,-0.022278,-0.027924,2.2757,0.021667,0
0.0082397,-0.023499,-0.050354,2.0482,0.018921,0
0.018005,-0.021362,-0.047455,2.2757,0.023499,0
0.026855,-0.016479,-0.024261,2.7309,0.037231,0
0.033875,-0.012207,-0.015411,2.5033,0.053711,0
0.038605,-0.012665,-0.027466,2.9584,0.065308,0
0.037231,-0.012512,-0.037231,2.9584,0.069885,0
0.035858,-0.0099182,-0.050507,2.7309,0.071106,0
0.032806,-0.0085449,-0.083771,2.5033,0.076599,0
0.022583,-0.0094604,-0.10971,2.0482,0.084534,0
0.0024414,-0.0088501,-0.088959,2.2757,0.090332,0
-0.019989,-0.0080872,-0.048828,1.8206,0.089417,0
-0.037994,-0.013275,-0.040131,2.2757,0.083618,0
-0.046997,-0.016327,-0.040588,2.5033,0.083313,0
-0.058136,-0.016174,-0.013885,2.7309,0.090942,0
-0.067291,-0.017548,0.011749,2.0482,0.10376,0
-0.067139,-0.020599,0.0094604,2.2757,0.11536,0
-0.065155,-0.02182,0.0071716,2.2757,0.11871,0
-0.061951,-0.018005,0.018005,2.0482,0.11963,0
-0.045624,-0.011292,0.028381,2.5033,0.11902,0
-0.020447,-0.0086975,0.032654,2.5033,0.11597,0
0.0048828,-0.0088501,0.032043,1.8206,0.11017,0
0.029449,-0.007782,0.028687,2.2757,0.10803,0
0.049133,-0.0010681,0.027466,2.0482,0.11963,0
0.060272,0.010986,0.036621,1.8206,0.13947,0
0.059357,0.017395,0.054321,1.8206,0.15472,0
0.055237,0.011444,0.053406,2.0482,0.15228,0
0.053253,0.017548,0.059814,2.0482,0.13489,0
0.049133,0.03952,0.10208,2.5033,0.11475,0
0.0354,0.046692,0.11826,2.9584,0.099182,0
0.017242,0.036163,0.076599,2.2757,0.087891,0
0.00091553,0.023956,0.027466,1.8206,0.081482,0
-0.015259,0.018768,0.0057983,1.5931,0.083008,0
-0.028381,0.0177,0.011749,1.8206,0.093079,0
-0.035706,0.016632,0.030365,2.0482,0.10437,0
-0.044556,0.013428,0.046387,2.0482,0.10498,0
-0.050049,0.007782,0.044708,2.5033,0.092773,0
-0.04776,0.0027466,0.027618,2.2757,0.077515,0
-0.035248,-0.0012207,0.020294,2.2757,0.073853,0
-0.023804,-0.004425,0.028687,1.8206,0.081482,0
-0.017395,-0.0083923,0.035858,2.7309,0.09552,0
-0.015259,-0.0097656,0.041504,2.9584,0.10498,0
-0.015259,-0.0059509,0.045776,1.8206,0.10803,0
-0.0177,-0.0022888,0.040131,3.186,0.1062,0
-0.019379,-0.0016785,0.032501,2.7309,0.10468,0
-0.012817,-0.0024414,0.03067,2.2757,0.1059,0
-0.0050354,-0.0035095,0.033417,2.9584,0.11139,0
0.0038147,-0.0099182,0.033417,2.7309,0.11353,0
0.011902,-0.012207,0.030823,2.9584,0.10742,0
0.020447,-0.0082397,0.033875,2.5033,0.098267,0
0.031891,-0.00045776,0.038605,2.0482,0.096741,0
0.039062,0.0054932,0.039673,2.7309,0.10406,0
0.040588,0.0041199,0.03891,2.5033,0.11444,0
0.03006,0.00045776,0.033112,2.9584,0.1178,0
0.017853,0.00076294,0.022736,2.9584,0.11108,0
0.010986,0.0036621,0.015106,2.2757,0.097046,0
0.014648,0.0039673,0.0088501,1.3655,0.080872,0
0.020905,0.0033569,0.0032043,2.0482,0.065613,0
0.023804,0.004425,0.00045776,2.5033,0.055542,0
0.024567,0.005188,0.0050354,1.3655,0.050964,0
0.021057,0.007782,0.015259,1.3655,0.048828,0
0.015259,0.010986,0.016479,2.0482,0.042419,0
0.010071,0.007019,0.0099182,2.0482,0.028687,0
0.00061035,0.00015259,0.0065613,2.0482,0.012817,0
-0.0068665,-0.0033569,0.0024414,2.0482,-0.00030518,0
-0.016785,-0.0042725,0.00076294,2.0482,-0.0039673,0
-0.023651,-0.0053406,0.0061035,2.2757,-0.0085449,0
-0.023041,-0.0086975,0.0065613,1.8206,-0.011597,0
-0.019073,-0.013123,0.0015259,1.8206,-0.015869,0
-0.016327,-0.01709,-0.0047302,2.0482,-0.0177,0
-0.016785,-0.019379,-0.0093079,2.7309,-0.018616,0
-0.017548,-0.024414,-0.0059509,2.2757,-0.023193,0
-0.018921,-0.03006,-0.0028992,2.7309,-0.032043,0
-0.016327,-0.031891,-0.0082397,2.5033,-0.04364,0
-0.011749,-0.030212,-0.023346,1.5931,-0.054626,0
-0.0097656,-0.027008,-0.031738,2.2757,-0.062256,0
-0.012207,-0.022278,-0.016937,2.5033,-0.068054,0
-0.0082397,-0.012817,0.0019836,2.9584,-0.075684,0
0.00076294,0.00015259,0.0080872,3.4135,-0.083008,0
0.005188,0.0099182,0.0032043,2.5033,-0.085144,0
-0.0018311,0.015411,-0.011292,2.2757,-0.077515,0
-0.009613,0.0177,-0.027924,2.7309,-0.063477,0
-0.015259,0.015869,-0.043945,2.0482,-0.046082,0
-0.023651,0.010376,-0.055237,2.2757,-0.033264,0
-0.035706,0.0074768,-0.059357,2.9584,-0.030518,0
-0.040283,0.0090027,-0.054321,3.186,-0.037231,0
-0.038605,0.0076294,-0.049438,2.7309,-0.047302,0
-0.036469,0.0062561,-0.055389,2.7309,-0.058899,0
-0.040436,0.010223,-0.067444,3.186,-0.065002,0
-0.052338,0.02121,-0.066833,2.7309,-0.06012,0
-0.060883,0.027161,-0.056,3.6411,-0.043335,0
-0.055695,0.022125,-0.038605,3.4135,-0.02594,0
-0.043488,0.019226,0.0012207,2.5033,-0.01709,0
-0.031891,0.018463,0.06134,2.2757,-0.022583,0
-0.028687,0.018005,0.11124,2.2757,-0.033569,0
-0.028687,0.015411,0.11734,2.2757,-0.042114,0
-0.025482,0.013428,0.10925,2.2757,-0.039978,0
-0.0177,0.012817,0.10544,2.2757,-0.029297,0
-0.0091553,0.01297,0.10498,2.2757,-0.012817,0
-0.007782,0.011597,0.08606,2.0482,0.0024414,0
-0.0064087,0.0085449,0.061493,2.2757,0.014648,0
0.0019836,0.005188,0.028534,2.2757,0.0177,0
0.01297,-0.0022888,-0.0076294,1.8206,0.012817,0
0.024414,-0.005188,-0.0177,1.8206,0.0091553,0
0.028687,-0.0057983,-0.002594,1.5931,0.010681,0
0.025482,-0.010986,0.017395,1.5931,0.018311,0
0.027466,-0.024261,0.029449,2.2757,0.027161,0
0.031433,-0.042725,0.022888,2.2757,0.034485,0
0.032501,-0.061035,-0.010681,2.5033,0.036011,0
0.036621,-0.071869,-0.055695,1.8206,0.030823,0
0.039215,-0.063934,-0.0737,2.2757,0.021667,0
0.036621,-0.041351,-0.0354,2.5033,0.011597,0
0.029449,-0.02594,0.024261,1.5931,0.0073242,0
0.025024,-0.022736,0.057526,2.2757,0.0091553,0
0.023956,-0.019989,0.052032,2.0482,0.016174,0
0.030365,-0.012817,0.043335,2.2757,0.021667,0
0.036163,-0.0073242,0.050964,2.2757,0.021973,0
0.038147,-0.0086975,0.06073,2.2757,0.020447,0
0.046387,-0.016479,0.058289,2.2757,0.020752,0
0.046692,-0.019836,0.056458,1.5931,0.025635,0
0.030823,-0.016937,0.065155,2.0482,0.036316,0
0.014954,-0.01358,0.075989,2.0482,0.049744,0
0.0057983,-0.012512,0.083008,2.2757,0.058899,0
-0.0039673,-0.013428,0.092163,2.7309,0.061646,0
-0.019989,-0.01297,0.098114,2.5033,0.05188,0
-0.039978,-0.0083923,0.093842,2.7309,0.037842,0
-0.044861,-0.0053406,0.08606,3.4135,0.022888,0
-0.039978,-0.0064087,0.081787,2.7309,0.013428,0
-0.033112,-0.009613,0.080566,2.5033,0.0073242,0
-0.023193,-0.0086975,0.077972,2.9584,0.0039673,0
-0.014496,-0.0035095,0.074005,2.2757,0.0015259,0
-0.0047302,-0.00030518,0.070343,3.4135,0,0
0.0056458,0.00045776,0.065155,2.7309,-0.0012207,0
0.0053406,-0.0013733,0.066223,2.7309,-0.0036621,0
-0.0062561,-0.002594,0.078125,2.7309,-0.0079346,0
-0.019531,-0.002594,0.0914,2.7309,-0.012512,0
-0.027008,-0.005188,0.10345,2.7309,-0.015869,0
-0.033417,-0.0086975,0.11444,2.7309,-0.01709,0
-0.031586,-0.0094604,0.12054,2.7309,-0.019226,0
-0.020294,-0.0068665,0.11719,2.5033,-0.019226,0
-0.0035095,-0.002594,0.11292,1.8206,-0.019226,0
0.013885,-0.0019836,0.11703,1.8206,-0.015259,0
0.029755,-0.0035095,0.12589,2.0482,-0.0088501,0
0.049744,-0.0016785,0.13138,2.7309,-0.0030518,0
0.071564,0.0024414,0.12939,1.8206,-0.00061035,0
0.081329,0.0067139,0.11719,1.5931,0.0012207,0
0.080566,0.0099182,0.087128,2.7309,-0.00061035,0
0.071869,0.012817,0.031281,1.5931,-0.0021362,0
0.047302,0.013885,-0.029755,2.2757,0.0021362,0
0.015869,0.011902,-0.076447,2.5033,0.0091553,0
-0.013733,0.011902,-0.10101,2.5033,0.018311,0
-0.036163,0.013885,-0.10788,2.7309,0.02594,0
-0.042114,0.016022,-0.10101,2.5033,0.031433,0
-0.036621,0.016479,-0.076599,2.0482,0.036011,0
-0.027161,0.01709,-0.056,1.8206,0.042725,0
-0.024567,0.015411,-0.058746,2.7309,0.04425,0
-0.032501,0.0032043,-0.067291,2.0482,0.043335,0
-0.04364,-0.0064087,-0.058441,2.2757,0.039673,0
-0.046234,-0.0054932,-0.048523,2.2757,0.032043,0
-0.040588,-0.0036621,-0.058441,2.2757,0.021667,0
-0.029907,-0.0059509,-0.078735,2.5033,0.0088501,0
-0.024109,-0.007019,-0.087738,2.2757,-0.0012207,0
-0.022888,0.00015259,-0.091248,2.2757,-0.0073242,0
-0.025024,0.012207,-0.093231,2.5033,-0.0067139,0
-0.031891,0.016479,-0.093689,2.5033,-0.00091553,0
-0.033417,0.015106,-0.096283,2.5033,0.0091553,0
-0.027618,0.013275,-0.099335,2.2757,0.021362,0
-0.014648,0.011749,-0.10391,2.5033,0.032349,0
-0.0018311,0.011597,-0.11093,2.0482,0.0354,0
0.0085449,0.01236,-0.11459,3.4135,0.042725,0
0.01709,0.01297,-0.11597,2.2757,0.061951,0
0.023956,0.01297,-0.11612,2.2757,0.08606,0
0.029755,0.013123,-0.11383,2.9584,0.10284,0
0.033417,0.012207,-0.10941,2.7309,0.10468,0
0.041351,0.0097656,-0.11368,2.5033,0.090637,0
0.04837,0.0083923,-0.11398,3.4135,0.071716,0
0.045319,0.0091553,-0.10422,2.7309,0.054321,0
0.032043,0.0080872,-0.091095,2.2757,0.041809,0
0.02243,0.0038147,-0.081177,2.2757,0.030823,0
0.018921,0.0012207,-0.068817,2.5033,0.021362,0
0.014343,0.00076294,-0.053101,2.5033,0.0085449,0
0.007019,0.0019836,-0.03952,2.2757,-0.0045776,0
0.0032043,0.0048828,-0.026855,2.0482,-0.018311,0
0.0028992,0.0074768,-0.0065613,2.0482,-0.028076,0
-0.002594,0.0057983,0.012512,2.2757,-0.028381,0
-0.010529,0.0047302,0.02594,2.2757,-0.018616,0
-0.012054,0.0065613,0.039825,2.7309,-0.0021362,0
-0.0083923,0.0041199,0.047913,1.8206,0.0177,0
-0.0097656,0.0027466,0.0383,1.8206,0.030212,0
-0.011749,0.0027466,0.016174,1.5931,0.036926,0
-0.010834,0.0030518,-0.0094604,2.2757,0.036011,0
-0.0016785,0.005188,-0.024261,2.0482,0.034485,0
0.0068665,0.0083923,-0.031128,2.2757,0.030212,0
0.015717,0.0090027,-0.038605,2.2757,0.029602,0
0.028992,0.0093079,-0.044556,2.7309,0.027771,0
0.03952,0.0093079,-0.045166,2.2757,0.025635,0
0.041199,0.0080872,-0.0383,2.7309,0.020142,0
0.031281,0.0054932,-0.026703,2.7309,0.011597,0
0.01709,0.0013733,-0.030975,2.5033,0.0033569,0
0.0073242,0.00015259,-0.048981,2.2757,-0.0033569,0
0.00015259,0.00045776,-0.052643,2.5033,-0.0079346,0
-0.007019,-0.0016785,-0.048218,1.8206,-0.0088501,0
-0.0068665,-0.0038147,-0.02243,2.5033,-0.011902,0
0.00045776,-0.0030518,0.028992,2.5033,-0.014343,0
0.011902,-0.0018311,0.05188,2.7309,-0.021362,0
0.019379,0.00015259,0.019073,2.2757,-0.028687,0
0.02243,0.00030518,-0.023041,2.7309,-0.036621,0
0.019684,0,-0.039215,2.7309,-0.043335,0
0.013275,0.0016785,-0.048218,2.7309,-0.046082,0
0.0071716,0.00045776,-0.057983,2.7309,-0.04303,0
0.0048828,-0.00015259,-0.06073,3.186,-0.039978,0
0.002594,0.002594,-0.062256,2.7309,-0.039978,0
-0.007019,0.005188,-0.061798,2.5033,-0.045471,0
-0.018616,0.0076294,-0.049286,2.2757,-0.057983,0
-0.035706,0.0090027,-0.023346,2.2757,-0.072632,0
-0.046692,0.0091553,0.0016785,2.7309,-0.086365,0
-0.056458,0.015106,0.023041,2.7309,-0.095825,0
-0.070343,0.023346,0.04837,2.5033,-0.10101,0
-0.07843,0.021973,0.061188,2.2757,-0.10193,0
-0.077057,0.0090027,0.04303,2.0482,-0.10406,0
-0.067749,0.0039673,0.013123,2.0482,-0.10986,0
-0.06485,0.0093079,-0.0059509,2.5033,-0.11902,0
-0.063171,0.011902,-0.016785,1.8206,-0.12939,0
-0.046082,0.0088501,-0.020447,1.8206,-0.13733,0
-0.010529,0.0061035,-0.015259,2.2757,-0.14313,0
0.028229,0.0067139,-0.0019836,2.0482,-0.14771,0
0.055847,0.004425,0.01297,2.0482,-0.15228,0
0.057678,-0.0032043,0.018921,1.3655,-0.15778,0
0.048828,-0.0086975,0.014954,2.0482,-0.16418,0
0.046082,-0.010071,0.014954,2.0482,-0.1712,0
0.046844,-0.0038147,0.023193,1.8206,-0.1767,0
0.050812,0.0057983,0.026093,2.0482,-0.17822,0
0.050964,0.0080872,0.023651,2.5033,-0.17731,0
0.041504,0.002594,0.018768,2.5033,-0.17639,0
0.030212,0.0012207,0.010986,2.5033,-0.17334,0
0.020447,0.0015259,0.010223,2.5033,-0.17059,0
0.0080872,-0.0045776,0.022888,2.0482,-0.16998,0
-0.0027466,-0.011139,0.030365,2.2757,-0.17242,0
-0.012207,-0.012665,0.031586,2.2757,-0.17609,0
-0.019989,-0.010529,0.040436,1.3655,-0.18372,0
-0.023804,-0.009613,0.045624,2.2757,-0.19318,0
-0.026398,-0.01236,0.032959,2.7309,-0.20477,0
-0.022888,-0.02121,0.010834,2.0482,-0.2182,0
-0.015564,-0.025787,0.0030518,2.7309,-0.2298,0
-0.00061035,-0.022278,0.0091553,3.186,-0.23895,0
0.013885,-0.010681,0.025635,2.9584,-0.24567,0
0.024109,-0.0047302,0.045624,2.7309,-0.24994,0
0.033875,-0.0054932,0.054932,2.5033,-0.25391,0
0.044708,-0.0085449,0.043945,2.7309,-0.2594,0
0.05661,-0.014191,0.023956,2.7309,-0.26337,0
0.071411,-0.016785,0.010834,2.2757,-0.26459,0
0.076141,-0.012054,0.0076294,2.5033,-0.26306,0
0.055389,-0.0065613,0.0062561,2.7309,-0.26276,0
0.030518,-0.0067139,0.00061035,2.5033,-0.26398,0
0.014648,-0.0093079,-0.0047302,2.5033,-0.26947,0
0.010834,-0.0076294,-0.0094604,2.0482,-0.27985,0
0.015869,-0.0048828,-0.023041,2.5033,-0.289,0
0.025177,-0.0064087,-0.042419,2.5033,-0.29877,0
0.029297,-0.0059509,-0.054321,2.7309,-0.30579,0
0.024109,-0.0057983,-0.05661,2.5033,-0.30701,0
0.010223,-0.009613,-0.053864,2.2757,-0.30792,0
0.0033569,-0.01297,-0.062561,2.2757,-0.30609,0
0.0099182,-0.013885,-0.071106,2.0482,-0.30945,0
0.020905,-0.013885,-0.073547,2.0482,-0.31281,0
0.021973,-0.014191,-0.074158,1.5931,-0.31525,0
0.011139,-0.014038,-0.074005,2.2757,-0.31372,0
-0.00076294,-0.014038,-0.07431,2.2757,-0.31097,0
-0.018463,-0.013733,-0.074158,2.0482,-0.30914,0
-0.0383,-0.014191,-0.074158,1.8206,-0.30914,0
-0.050659,-0.013885,-0.07431,2.0482,-0.30945,0
-0.049896,-0.013885,-0.074158,2.0482,-0.30457,0
-0.04303,-0.013885,-0.074463,2.0482,-0.29846,0
-0.039368,-0.014954,-0.040741,2.0482,-0.2951,0
-0.033112,-0.013885,-0.007019,2.2757,-0.29449,0
-0.034332,-0.0073242,0.00045776,2.5033,-0.29541,0
-0.053558,0.00030518,-0.014648,2.5033,-0.29755,0
-0.070648,0.0080872,-0.039978,2.7309,-0.30182,0
-0.080566,0.0073242,-0.060425,2.2757,-0.3064,0
-0.082245,-0.0012207,-0.066528,2.2757,-0.31281,0
-0.075378,-0.011749,-0.048676,2.5033,-0.31494,0
-0.062866,-0.013123,-0.022278,2.7309,-0.31067,0
-0.048065,-0.0056458,-0.024261,2.5033,-0.29938,0
-0.031738,-0.00061035,-0.036469,1.8206,-0.28687,0
-0.015411,-0.0019836,-0.025177,2.7309,-0.27802,0
-0.00091553,-0.0047302,0.0038147,2.5033,-0.27435,0
0.0050354,-0.0050354,0.029602,2.2757,-0.27283,0
0.0047302,-0.00091553,0.0383,2.5033,-0.27252,0
-0.0080872,0.0022888,0.024567,2.7309,-0.2713,0
-0.018463,0.0028992,0.0094604,2.7309,-0.26489,0
-0.012207,0.0065613,0.011292,2.7309,-0.24811,0
-0.0013733,0.010681,0.018768,2.5033,-0.22369,0
-0.0050354,0.010223,0.022583,2.9584,-0.20569,0
-0.010071,0.0039673,0.028381,2.7309,-0.20325,0
-0.0038147,-0.00045776,0.045471,2.7309,-0.20966,0
0.01358,0.0016785,0.071259,2.7309,-0.20905,0
0.035706,0.0022888,0.087433,2.5033,-0.18921,0
0.050507,0.00015259,0.094757,2.7309,-0.15564,0
0.056915,0.0016785,0.098114,2.2757,-0.12787,0
0.057678,0.0079346,0.10178,2.5033,-0.11719,0
0.056305,0.0083923,0.10742,1.8206,-0.11993,0
0.054626,0.0065613,0.10788,1.8206,-0.13184,0
0.04837,0.0032043,0.092468,1.8206,-0.15808,0
0.033722,-0.0032043,0.05661,1.5931,-0.19318,0
0.012665,-0.0067139,0.012207,2.7309,-0.21301,0
-0.00045776,-0.0012207,-0.014496,1.8206,-0.20142,0
0.00015259,0.0062561,-0.018616,1.5931,-0.17456,0
0.0091553,0.005188,-0.021973,2.0482,-0.14374,0
0.021362,-0.0038147,-0.036011,1.1379,-0.10193,0
0.026855,-0.010223,-0.045013,1.3655,-0.046997,0
0.024872,-0.0074768,-0.041504,1.5931,-0.0036621,0
0.02121,-0.0038147,-0.036621,2.5033,0.00091553,0
0.020752,-0.0019836,-0.033722,2.0482,-0.030823,0
0.019226,0.00061035,-0.028534,2.7309,-0.080261,0
0.019379,0.0012207,-0.022888,2.5033,-0.13458,0
0.029449,-0.0027466,-0.024109,2.5033,-0.17487,0
0.036774,-0.0067139,-0.029144,2.0482,-0.2066,0
0.032806,-0.0041199,-0.031281,2.7309,-0.22827,0
0.028534,0.0015259,-0.038757,2.0482,-0.23712,0
0.038605,0.007019,-0.05722,2.2757,-0.22736,0
0.052948,0.011292,-0.066681,2.0482,-0.21088,0
0.056,0.0076294,-0.06485,2.0482,-0.20477,0
0.04364,0.0010681,-0.071716,2.0482,-0.20599,0
0.013275,-0.0041199,-0.083313,2.7309,-0.20294,0
-0.028839,-0.0030518,-0.088196,3.186,-0.18066,0
-0.061493,0.0024414,-0.084381,2.5033,-0.13428,0
-0.063629,0.0073242,-0.062714,2.2757,-0.079041,0
-0.048828,0.013123,-0.027008,2.7309,-0.036316,0
-0.039673,0.015564,-0.00076294,2.0482,-0.011292,0
-0.041962,0.013275,-0.0010681,2.2757,0.014954,0
-0.049591,0.01236,-0.0085449,2.9584,0.049744,0
-0.049591,0.013885,-0.0062561,2.5033,0.10925,0
-0.045624,0.014038,0.00076294,2.9584,0.17639,0
-0.048828,0.005188,-0.0016785,2.5033,0.20905,0
-0.05661,-0.0054932,-0.01358,2.9584,0.18982,0
-0.065002,-0.0091553,-0.012054,2.2757,0.12939,0
-0.07309,-0.0053406,0.0073242,2.2757,0.062866,0
-0.070953,0.0016785,0.021973,1.5931,0.02594,0
-0.039215,0.0050354,0.017853,2.2757,0.038147,0
0.010376,0.0033569,0.015259,2.2757,0.065613,0
0.042419,0.0024414,0.023651,2.2757,0.073853,0
0.045929,0.0028992,0.037994,2.2757,0.06134,0
0.036011,0.00091553,0.039215,2.7309,0.033569,0
0.019684,0.00015259,0.034485,2.2757,-0.0076294,0
0.0057983,0.0015259,0.0354,1.8206,-0.054932,0
0.0085449,0.0027466,0.037994,2.2757,-0.083618,0
0.028381,0.0030518,0.03418,2.0482,-0.079346,0
0.045166,0.0033569,0.015259,1.8206,-0.057373,0
0.045166,0.0030518,-0.0088501,1.5931,-0.041809,0
0.036011,0.004425,-0.018921,2.2757,-0.038452,0
0.030975,0.0053406,-0.015869,1.8206,-0.040283,0
0.033417,0.0068665,-0.011749,2.2757,-0.040894,0
0.037079,0.0064087,-0.011902,2.0482,-0.03418,0
0.029602,0.0057983,-0.01236,1.5931,-0.021667,0
0.019684,0.0056458,-0.012665,2.0482,-0.010681,0
0.01236,0.0057983,-0.012512,2.0482,-0.0054932,0
0.0094604,0.0054932,-0.01297,2.0482,-0.0076294,0
0.0090027,0.0054932,-0.012817,2.0482,-0.013733,0
0.0090027,0.0053406,-0.013123,2.2757,-0.018616,0
0.0073242,0.0056458,-0.012665,2.5033,-0.027466,0
-0.0053406,0.0053406,-0.012665,2.2757,-0.037537,0
-0.02243,0.0090027,0.0048828,2.7309,-0.043945,0
-0.03891,0.009613,0.037231,2.0482,-0.048828,0
-0.047607,0.0097656,0.07309,3.186,-0.05188,0
-0.042877,0.011444,0.094757,2.2757,-0.050659,0
-0.032806,0.012817,0.088043,1.8206,-0.036011,0
-0.029755,0.015564,0.060883,2.2757,-0.0094604,0
-0.036774,0.012665,0.036926,3.4135,0.018311,0
-0.043488,0.0071716,0.031433,2.2757,0.030518,0
-0.04303,0.0053406,0.035706,2.2757,0.023804,0
-0.030975,0.0074768,0.041962,2.2757,0.0097656,0
-0.011902,0.0074768,0.043793,2.9584,-0.0024414,0
0.0086975,0.0036621,0.041962,2.5033,-0.010071,0
0.010223,0.0013733,0.034943,2.5033,-0.018005,0
-0.0027466,-0.00076294,0.028229,2.7309,-0.026855,0
-0.013885,-0.00030518,0.015869,2.2757,-0.029602,0
-0.010834,0.00015259,-0.0035095,2.0482,-0.020752,0
0.0010681,-0.0013733,-0.017395,1.8206,-0.0094604,0
0.015411,-0.0045776,-0.024109,2.0482,-0.0085449,0
0.031891,-0.0039673,-0.033264,2.2757,-0.021667,0
0.038147,-0.004425,-0.044556,2.0482,-0.036316,0
0.029602,-0.0059509,-0.050507,1.8206,-0.039978,0
0.010071,-0.0068665,-0.044861,2.0482,-0.042419,0
-0.01358,-0.0065613,-0.034027,2.0482,-0.055542,0
-0.032806,-0.0067139,-0.03067,1.8206,-0.066528,0
-0.033112,-0.0050354,-0.041504,1.8206,-0.074463,0
-0.014496,-0.0056458,-0.057068,2.0482,-0.099487,0
0.016022,-0.0076294,-0.062256,1.5931,-0.13885,0
0.049286,-0.0076294,-0.06012,1.3655,-0.17914,0
0.072021,-0.004425,-0.054779,1.8206,-0.20721,0
0.081635,-0.0013733,-0.046082,2.5033,-0.21149,0
0.078278,0.0012207,-0.037689,2.5033,-0.19867,0
0.066376,0.0030518,-0.03067,2.5033,-0.18188,0
0.043793,-0.00030518,-0.034027,2.5033,-0.18616,0
0.0177,-0.0033569,-0.047913,2.0482,-0.21088,0
0.0067139,-0.0036621,-0.056458,2.0482,-0.24261,0
0.014648,-0.0064087,-0.057678,2.5033,-0.26642,0
0.024414,-0.0083923,-0.060883,2.5033,-0.26703,0
0.032654,-0.010223,-0.062256,2.0482,-0.24323,0
0.033722,-0.012054,-0.057831,2.2757,-0.21515,0
0.024109,-0.011139,-0.052338,2.7309,-0.20508,0
0.014648,-0.010834,-0.052338,2.5033,-0.22125,0
-0.00030518,-0.013428,-0.050659,2.2757,-0.24689,0
-0.020142,-0.018005,-0.040283,2.5033,-0.26642,0
-0.033722,-0.021667,-0.024872,2.0482,-0.28351,0
-0.041504,-0.019836,-0.015869,2.5033,-0.30701,0
-0.042267,-0.014648,-0.013123,1.5931,-0.33783,0
-0.034027,-0.011139,-0.011902,2.2757,-0.36011,0
-0.028534,-0.0094604,-0.009613,1.3655,-0.36285,0
-0.03418,-0.0082397,-0.0042725,2.0482,-0.34027,0
-0.03952,-0.0093079,0.002594,2.5033,-0.29541,0
-0.037384,-0.012207,0.0057983,2.2757,-0.24048,0
-0.03067,-0.010071,0.010223,2.5033,-0.19226,0
-0.015411,-0.0073242,0.016174,2.5033,-0.1593,0
0.01236,-0.010223,0.019531,2.0482,-0.14801,0
0.042877,-0.016479,0.020447,2.7309,-0.14008,0
0.068665,-0.020142,0.020294,3.186,-0.12573,0
0.07843,-0.016632,0.021667,2.5033,-0.10315,0
0.05722,-0.011597,0.024414,1.8206,-0.08667,0
0.024109,-0.011749,0.02594,2.2757,-0.089417,0
0.0012207,-0.014343,0.025177,2.0482,-0.10925,0
-0.011292,-0.015869,0.02121,2.2757,-0.13275,0
-0.017853,-0.01709,0.015717,2.2757,-0.15594,0
-0.020599,-0.018463,0.013885,2.5033,-0.1709,0
-0.033112,-0.019989,0.017395,2.7309,-0.17731,0
-0.055237,-0.018463,0.026855,2.0482,-0.18463,0
-0.068207,-0.015869,0.036163,1.5931,-0.19653,0
-0.064545,-0.01297,0.036621,1.5931,-0.20599,0
-0.050812,-0.013885,0.034943,1.8206,-0.20508,0
-0.035553,-0.015717,0.039673,2.2757,-0.1889,0
-0.025482,-0.01297,0.052032,1.5931,-0.16418,0
-0.018005,-0.0076294,0.061188,1.8206,-0.14771,0
-0.0067139,-0.0047302,0.064697,2.2757,-0.15167,0
0.011292,-0.0053406,0.063324,2.0482,-0.17914,0
0.027466,-0.0073242,0.053253,1.8206,-0.22919,0
0.033264,-0.0074768,0.037537,2.0482,-0.30121,0
0.028381,-0.0057983,0.022888,2.2757,-0.38422,0
0.019989,-0.0047302,0.016022,2.2757,-0.45105,0
0.0076294,-0.0039673,0.017548,2.0482,-0.44647,0
0.0016785,-0.00091553,0.018158,2.2757,-0.34241,0
0.0028992,0.0054932,0.019531,1.3655,-0.17365,0
0.00076294,0.014954,0.024261,2.2757,-0.0076294,0
-0.0076294,0.015106,0.023499,2.0482,0.091248,0
-0.019226,0.0083923,0.028229,2.9584,0.10559,0
-0.030975,0.010834,0.052948,2.7309,0.053101,0
-0.040741,0.011444,0.070343,2.2757,-0.022278,0
-0.054169,0.0094604,0.064697,2.0482,-0.08728,0
-0.069275,0.0082397,0.055237,2.2757,-0.12665,0
-0.080566,0.0045776,0.050659,1.8206,-0.14862,0
-0.088348,-0.0048828,0.040588,2.7309,-0.16266,0
-0.09079,-0.01236,0.029602,2.5033,-0.1709,0
-0.091248,-0.009613,0.027924,2.0482,-0.18005,0
-0.091095,-0.0053406,0.032196,2.2757,-0.19287,0
-0.081482,-0.0097656,0.02182,2.0482,-0.20782,0
-0.036469,-0.018158,-0.0021362,2.2757,-0.2243,0
-0.021667,-0.019226,-0.010681,2.2757,-0.23346,0
-0.016022,-0.012512,0.0093079,2.0482,-0.22522,0
-0.0019836,-0.0022888,0.04364,2.5033,-0.20721,0
0.019684,0.002594,0.063934,2.0482,-0.19775,0
0.034485,0,0.063934,2.0482,-0.19501,0
0.042267,-0.005188,0.05249,1.8206,-0.18951,0
0.054474,-0.0093079,0.041809,2.2757,-0.17944,0
0.085907,-0.013428,0.035553,1.8206,-0.16693,0
0.12573,-0.012207,0.033417,2.2757,-0.1532,0
0.12741,-0.0061035,0.029297,2.2757,-0.15137,0
0.079193,-0.0045776,0.020905,1.1379,-0.16449,0
0.023804,-0.0033569,0.019226,1.8206,-0.18524,0
-0.009613,-0.0012207,0.028229,1.5931,-0.20416,0
-0.010834,0.00045776,0.0383,1.8206,-0.20996,0
-0.0027466,0.00076294,0.036774,2.0482,-0.19409,0
-0.019073,0.00061035,0.029755,2.0482,-0.10895,0
-0.049896,-0.0038147,0.032043,1.3655,0.014954,0
-0.068359,-0.0080872,0.03479,2.2757,-0.0073242,0
-0.059814,-0.007782,0.02533,1.8206,-0.18707,0
-0.036621,-0.010529,0.0083923,1.8206,-0.38025,0
-0.010376,-0.015259,-0.0042725,1.3655,-0.46021,0
0.011749,-0.016785,-0.011292,1.5931,-0.39948,0
0.036774,-0.0086975,-0.015411,2.0482,-0.25787,0
0.052643,0.0019836,-0.010681,1.3655,-0.11719,0
0.033569,0.0068665,0.0013733,1.8206,-0.061951,0
0.0082397,0.0090027,0.016937,2.0482,-0.10925,0
0.0097656,0.010223,0.028229,2.0482,-0.19196,0
0.028534,0.0067139,0.023651,2.5033,-0.24109,0
0.044098,0.0053406,0.0093079,2.2757,-0.22766,0
0.045929,0.0056458,-0.0053406,2.7309,-0.16571,0
0.036774,0.0021362,-0.014191,2.5033,-0.1004,0
0.032501,-0.0062561,-0.018158,2.2757,-0.066833,0
0.023193,-0.012665,-0.023193,2.5033,-0.065613,0
0.0082397,-0.013885,-0.02182,2.7309,-0.098572,0
-0.0056458,-0.011749,-0.0079346,2.2757,-0.16815,0
-0.015564,-0.0097656,0.010681,2.7309,-0.24658,0
-0.022888,-0.010223,0.017548,2.2757,-0.28351,0
-0.028839,-0.011292,0.01709,2.5033,-0.26276,0
-0.036163,-0.01358,0.0076294,2.7309,-0.20477,0
-0.044403,-0.016937,-0.0076294,2.5033,-0.15076,0
-0.04303,-0.019836,-0.02182,2.5033,-0.13153,0
-0.038757,-0.018616,-0.026093,1.8206,-0.15961,0
-0.031586,-0.019073,-0.022278,2.2757,-0.21332,0
-0.015869,-0.01358,-0.015564,2.2757,-0.25543,0
0.0048828,-0.0065613,-0.013123,2.0482,-0.26581,0
0.018158,-0.007019,-0.012817,1.8206,-0.24689,0
0.0086975,-0.0038147,-0.0093079,1.5931,-0.21301,0
-0.0097656,0.0041199,-0.0041199,2.0482,-0.18372,0
-0.019836,0.0091553,0.00091553,1.8206,-0.17609,0
-0.011139,0.011597,0.012665,1.3655,-0.1886,0
0.019226,0.0091553,0.026703,1.8206,-0.20782,0
0.051117,0.005188,0.027618,1.1379,-0.21851,0
0.058746,0.0036621,0.015564,1.1379,-0.20874,0
0.045013,0.0019836,0.0083923,1.8206,-0.17944,0
0.032196,-0.0013733,0.012512,2.0482,-0.13916,0
0.022125,-0.0056458,0.019379,2.5033,-0.10803,0
0.0059509,-0.0097656,0.018311,0.91037,-0.10284,0
-0.0086975,-0.0088501,0.0099182,2.0482,-0.11719,0
-0.0032043,-0.0061035,-0.0015259,2.5033,-0.13031,0
0.013428,-0.01236,-0.031433,2.2757,-0.12115,0
0.024109,-0.019379,-0.071869,2.2757,-0.087891,0
0.032501,-0.0015259,-0.059814,2.2757,-0.047607,0
0.041504,0.023346,0.0080872,2.2757,-0.0088501,0
0.03952,0.028229,0.053406,1.8206,0.022278,0
0.014801,0.018921,0.059509,2.2757,0.054626,0
-0.023041,0.011139,0.064697,2.2757,0.093689,0
-0.049133,0.013123,0.073853,2.5033,0.12421,0
-0.031433,0.015411,0.068665,2.7309,0.12695,0
-0.0082397,0.012207,0.050812,2.0482,0.097656,0
-0.00045776,0.0090027,0.039368,2.9584,0.057068,0
-0.0042725,0.0091553,0.028992,2.7309,0.02655,0
-0.021973,0.0090027,0.023193,2.2757,0.0094604,0
-0.042572,0.0068665,0.021973,2.5033,-0.0024414,0
-0.058441,0.0035095,0.019226,2.7309,-0.011597,0
-0.069275,0.0035095,0.018616,2.2757,-0.015259,0
-0.062561,0.007019,0.018921,2.2757,-0.011902,0
-0.044861,0.0074768,0.018005,2.7309,0.0021362,0
-0.034332,0.0062561,0.014648,3.186,0.032959,0
-0.032196,0.0056458,0.012207,2.7309,0.083313,0
-0.032959,0.0068665,0.015106,1.8206,0.13519,0
-0.024567,0.0090027,0.018005,1.8206,0.17334,0
-0.0024414,0.0067139,0.016785,2.0482,0.19379,0
0.020599,0.0038147,0.013733,2.7309,0.20111,0
0.010529,0.0035095,0.014343,1.8206,0.19318,0
-0.014801,0.0041199,0.019226,2.2757,0.16754,0
-0.011444,0.0056458,0.022583,2.2757,0.12756,0
0.00045776,0.0019836,0.019531,2.2757,0.086365,0
0.0050354,0.0024414,0.013275,2.2757,0.055847,0
0.020599,0.0061035,0.010376,0.91037,0.038147,0
0.034332,0.0053406,0.011444,2.2757,0.025635,0
0.033417,0.0048828,0.010986,1.8206,0.020752,0
0.025024,0.0054932,0.0086975,1.5931,0.033264,0
0.025787,0.0042725,0.0047302,2.5033,0.055542,0
0.029449,0.0022888,-0.0018311,2.0482,0.071106,0
0.023651,0.0042725,-0.0083923,1.8206,0.075378,0
0.014191,0.010376,-0.014038,1.5931,0.07843,0
0.010986,0.012207,-0.019226,2.0482,0.086975,0
0.013275,0.010071,-0.020599,1.5931,0.10895,0
0.0091553,0.0082397,-0.014954,1.8206,0.14709,0
-0.0016785,0.0065613,-0.0062561,1.8206,0.19135,0
-0.0083923,0.0048828,-0.0053406,2.5033,0.22522,0
-0.0053406,0.0036621,-0.01236,2.2757,0.23834,0
-0.005188,0.0030518,-0.020294,2.5033,0.24017,0
-0.010834,0.0018311,-0.029144,1.8206,0.24323,0
-0.0062561,0.0010681,-0.045624,2.2757,0.25299,0
0.02243,0.0027466,-0.051575,2.5033,0.26703,0
0.051575,0.010834,-0.033569,2.2757,0.27863,0
0.054321,0.02121,-0.0064087,2.2757,0.27832,0
0.030823,0.02533,0.00015259,2.2757,0.26978,0
-0.0024414,0.028992,0.0010681,2.0482,0.2533,0
-0.041046,0.035706,0.028839,2.2757,0.24109,0
-0.07431,0.039978,0.054474,3.186,0.25299,0
-0.085754,0.041656,0.045319,2.9584,0.28412,0
-0.068817,0.041046,0.018463,2.7309,0.31128,0
-0.042267,0.040283,-0.0033569,2.7309,0.31097,0
-0.042419,0.038757,-0.014954,1.8206,0.27191,0
-0.064392,0.038757,-0.014648,2.0482,0.20142,0
-0.070801,0.037384,-0.005188,2.0482,0.13275,0
-0.042725,0.034332,0.011597,1.5931,0.09552,0
-0.0021362,0.032043,0.03067,2.2757,0.09552,0
0.023956,0.026093,0.04837,2.7309,0.12451,0
0.02243,0.019226,0.055389,2.7309,0.16449,0
0.007019,0.0068665,0.046082,2.5033,0.19562,0
-0.010529,-0.0086975,0.02594,2.0482,0.20813,0
-0.026703,-0.016937,0.0086975,2.2757,0.20844,0
-0.025635,-0.021057,0.00076294,2.7309,0.21088,0
-0.0085449,-0.023346,0,1.8206,0.22156,0
0.010071,-0.021362,-0.0030518,2.0482,0.24292,0
0.023956,-0.01709,-0.0038147,2.0482,0.2652,0
0.039215,-0.014648,0.0022888,1.5931,0.2652,0
0.04776,-0.013885,0.0045776,2.0482,0.23834,0
0.033264,-0.013885,-0.0035095,1.8206,0.19592,0
0.0039673,-0.015259,-0.021362,1.8206,0.16449,0
-0.012207,-0.015259,-0.041199,2.0482,0.15839,0
-0.00045776,-0.016174,-0.059509,2.2757,0.17456,0
0.043945,-0.018005,-0.075684,2.0482,0.19684,0
0.096741,-0.017548,-0.084839,2.5033,0.20691,0
0.11749,-0.014191,-0.084839,2.2757,0.19958,0
0.10376,-0.0097656,-0.077972,2.2757,0.17975,0
0.077057,-0.0090027,-0.072479,1.5931,0.15778,0
0.057373,-0.0093079,-0.063324,0.91037,0.13367,0
0.049286,-0.0067139,-0.044403,1.3655,0.112,0
0.04303,-0.0068665,-0.024109,1.8206,0.097046,0
0.030823,-0.0083923,-0.0090027,2.2757,0.084229,0
0.010681,-0.007782,0.0054932,2.2757,0.068665,0
-0.015717,-0.0059509,0.021515,2.5033,0.046692,0
-0.040283,0.0010681,0.035248,1.8206,0.027771,0
-0.043335,0.0076294,0.04837,2.2757,0.018921,0
-0.030823,0.0079346,0.051422,2.2757,0.02533,0
-0.015869,0.0016785,0.027466,2.5033,0.0354,0
-0.013885,-0.0030518,-0.00076294,2.9584,0.035095,0
-0.021057,0.0028992,0.002594,2.0482,0.017395,0
-0.025024,0.010834,0.020752,2.0482,-0.0067139,0
-0.032501,0.011902,0.030975,1.8206,-0.019531,0
-0.048828,0.0090027,0.034637,2.2757,-0.011597,0
-0.071716,0.0076294,0.039215,2.2757,0,0
-0.085297,0.013428,0.04715,2.5033,0.00091553,0
-0.067596,0.026855,0.048218,2.2757,-0.011902,0
-0.033569,0.035248,0.046997,1.8206,-0.030212,0
-0.026398,0.037384,0.045929,2.2757,-0.031433,0
-0.032196,0.037537,0.045929,1.3655,-0.0067139,0
-0.023346,0.037537,0.045929,2.2757,0.016785,0
-0.0093079,0.037842,0.045776,2.7309,0.012817,0
-0.0039673,0.037537,0.045929,2.5033,-0.024414,0
-0.0028992,0.037231,0.046234,2.0482,-0.079956,0
-0.0056458,0.037537,0.045776,1.8206,-0.12695,0
-0.026398,0.028229,0.035858,1.8206,-0.15167,0
-0.070496,0.016785,0.021515,2.0482,-0.15228,0
-0.10986,0.011444,0.00045776,1.8206,-0.14008,0
-0.10345,0.010376,-0.029907,2.5033,-0.12421,0
-0.04776,0.011444,-0.049133,1.8206,-0.10468,0
0.025482,0.017395,-0.044708,1.5931,-0.084534,0
0.098572,0.022736,-0.023651,2.0482,-0.080872,0
0.15091,0.023804,0.00076294,1.8206,-0.090332,0
0.14694,0.024109,0.025024,1.1379,-0.099487,0
0.092163,0.024872,0.040436,1.8206,-0.089417,0
0.020599,0.020447,0.050049,1.8206,-0.059204,0
-0.029602,0.015411,0.052032,1.5931,-0.023499,0
-0.038605,0.0083923,0.042419,1.1379,0.0021362,0
-0.019379,0.0041199,0.029907,2.0482,0.016785,0
0.015259,0.0019836,0.038452,2.2757,0.021667,0
0.054016,0.00091553,0.055695,2.2757,0.0177,0
0.075531,-0.0038147,0.058594,2.2757,0.0036621,0
0.063934,-0.010071,0.044098,2.0482,-0.020447,0
0.037384,-0.0177,0.016174,2.5033,-0.055542,0
0.011749,-0.020447,-0.016022,2.5033,-0.087585,0
-0.0090027,-0.014954,-0.032959,2.5033,-0.10834,0
-0.035248,-0.0090027,-0.024261,2.2757,-0.12054,0
-0.079041,-0.007019,-0.0045776,2.5033,-0.12939,0
-0.11475,-0.012054,0.0054932,2.2757,-0.13855,0
-0.11505,-0.018463,0.0079346,2.0482,-0.14038,0
-0.076904,-0.022888,0.01709,2.2757,-0.13611,0
-0.013733,-0.036163,0.025787,2.2757,-0.12299,0
0.047607,-0.051422,0.027008,2.5033,-0.099182,0
0.087891,-0.061188,0.020294,2.5033,-0.067139,0
0.10147,-0.068359,0.013428,2.5033,-0.026245,0
0.08667,-0.072937,0.0090027,2.0482,0.013428,0
0.055084,-0.075226,0.0073242,2.2757,0.037842,0
0.037842,-0.073242,0.0061035,2.2757,0.051575,0
0.026093,-0.069733,0.0035095,2.0482,0.067444,0
0.0071716,-0.067291,0.0030518,1.8206,0.079041,0
0.0028992,-0.059967,0.0073242,2.7309,0.077209,0
0.027924,-0.049896,0.01297,2.2757,0.055237,0
0.050964,-0.042572,0.020447,1.8206,0.019226,0
0.056763,-0.037994,0.025787,2.0482,-0.012512,0
0.041962,-0.037231,0.029449,2.2757,-0.023193,0
0.017548,-0.037231,0.034485,2.0482,-0.01709,0
-0.010071,-0.038452,0.039825,0.91037,-0.0064087,0
-0.028839,-0.042419,0.039368,2.5033,-0.0048828,0
-0.011139,-0.0383,0.03418,2.0482,-0.014648,0
0.03067,-0.033112,0.033722,2.2757,-0.033569,0
0.079041,-0.033722,0.044556,1.8206,-0.056152,0
0.10605,-0.035553,0.054779,1.5931,-0.075378,0
0.080719,-0.035706,0.055237,1.5931,-0.080261,0
0.028839,-0.035858,0.043335,1.8206,-0.064392,0
-0.0079346,-0.0383,0.028229,2.2757,-0.036926,0
-0.02121,-0.040131,0.016174,1.8206,-0.0091553,0
-0.023499,-0.039673,0.0028992,1.5931,0.011902,0
-0.034943,-0.038605,-0.011749,1.8206,0.023804,0
-0.051575,-0.037384,-0.016327,1.8206,0.024109,0
-0.064697,-0.036163,-0.010834,2.2757,0.017395,0
-0.060883,-0.03479,-0.0093079,2.5033,0.007019,0
-0.040283,-0.031433,-0.015106,1.8206,-0.00091553,0
-0.0036621,-0.027618,-0.021057,2.5033,-0.0033569,0
0.040131,-0.022125,-0.026398,2.5033,-0.0012207,0
0.07431,-0.014038,-0.028992,2.2757,0.0021362,0
0.076141,-0.0076294,-0.031738,2.5033,0.007019,0
0.056763,-0.00015259,-0.032043,2.0482,0.012817,0
0.033722,0.0032043,-0.029449,2.2757,0.019836,0
0.014191,0.0019836,-0.031128,2.5033,0.036011,0
-0.00015259,0.0024414,-0.033569,2.5033,0.066528,0
-0.014801,0.0027466,-0.035706,2.2757,0.11169,0
-0.033569,-0.0012207,-0.045929,2.5033,0.14496,0
-0.053253,-0.0041199,-0.048218,2.7309,0.1474,0
-0.059357,0.0027466,-0.036163,2.5033,0.13092,0
-0.05661,0.01236,-0.027313,2.0482,0.10925,0
-0.052185,0.01709,-0.031128,2.0482,0.087891,0
-0.037842,0.015564,-0.034027,1.8206,0.071411,0
-0.027313,0.013733,-0.03067,1.8206,0.062256,0
-0.025177,0.016327,-0.023041,1.1379,0.06073,0
-0.028076,0.020447,-0.018921,2.5033,0.063477,0
-0.033722,0.022125,-0.021667,2.7309,0.064697,0
-0.023956,0.025024,-0.031738,2.5033,0.054626,0
0.002594,0.032043,-0.040283,2.2757,0.041199,0
0.015717,0.038605,-0.035858,1.8206,0.045776,0
0.0045776,0.044098,-0.030975,1.8206,0.077209,0
-0.0057983,0.04425,-0.028534,2.0482,0.12665,0
-0.0018311,0.041962,-0.016632,1.8206,0.17303,0
0.00091553,0.039215,-0.0032043,2.0482,0.20264,0
0.0028992,0.037689,-0.0015259,1.3655,0.21332,0
0.007019,0.037842,-0.0018311,1.8206,0.21393,0
0.0033569,0.036774,0.0033569,1.8206,0.21332,0
0.0039673,0.033569,0.0032043,1.8206,0.22034,0
0.0010681,0.028687,0.0038147,2.0482,0.23438,0
-0.025177,0.023499,0.020294,2.5033,0.24689,0
-0.058289,0.021057,0.043793,1.8206,0.24719,0
-0.074005,0.016785,0.054321,1.5931,0.23285,0
-0.05661,0.011292,0.052643,2.5033,0.20844,0
0.0065613,0.0099182,0.04837,2.5033,0.18066,0
0.07019,0.010223,0.047913,1.5931,0.15533,0
0.086517,0.0094604,0.048065,2.0482,0.13641,0
0.067596,0.0094604,0.04837,2.2757,0.12512,0
0.04715,0.015106,0.059662,2.5033,0.11841,0
0.019226,0.020294,0.084839,2.2757,0.11017,0
-0.021667,0.022278,0.11078,2.0482,0.1004,0
-0.045319,0.022888,0.12222,2.0482,0.090332,0
-0.042267,0.020447,0.12512,2.5033,0.081787,0
-0.031738,0.018463,0.13031,2.2757,0.076599,0
-0.019836,0.014343,0.13107,2.7309,0.074158,0
0.010681,0.011444,0.12787,2.9584,0.074158,0
0.041046,0.0059509,0.12894,2.5033,0.078125,0
0.039368,0.0030518,0.13535,2.5033,0.080261,0
0.023804,0.0041199,0.14236,2.7309,0.078735,0
0.032806,0.0028992,0.14374,2.2757,0.074158,0
0.052643,0.00030518,0.12329,2.7309,0.073242,0
0.050812,-0.0056458,0.086975,2.7309,0.082397,0
0.027008,-0.004425,0.075531,2.7309,0.10071,0
0.0030518,0.0027466,0.097046,2.7309,0.11963,0
-0.0042725,0.0036621,0.10864,2.5033,0.12543,0
-0.0086975,0.002594,0.089722,2.7309,0.11566,0
-0.028381,0.0074768,0.061035,2.5033,0.092163,0
-0.057678,0.014343,0.044556,2.2757,0.063477,0
-0.072327,0.019379,0.045013,2.2757,0.039673,0
-0.070038,0.022278,0.051575,2.5033,0.028381,0
-0.054474,0.016937,0.051575,2.2757,0.032043,0
-0.02121,0.0085449,0.046082,1.8206,0.04303,0
-0.017548,0.0053406,0.042267,1.8206,0.054321,0
-0.045624,0.0074768,0.041504,2.0482,0.06134,0
-0.054169,0.0085449,0.033417,2.0482,0.061035,0
-0.019379,0.0059509,0.024567,2.0482,0.054932,0
0.036621,0.0027466,0.023651,2.0482,0.047302,0
0.062561,-0.00015259,0.026703,1.8206,0.041504,0
0.059052,-0.0045776,0.025177,2.5033,0.038452,0
0.04425,-0.009613,0.020599,2.0482,0.033264,0
0.036163,-0.014496,0.0041199,2.2757,0.027771,0
0.041656,-0.018158,-0.023804,1.8206,0.023499,0
0.053864,-0.015564,-0.040283,2.0482,0.020752,0
0.040894,-0.010071,-0.034027,2.2757,0.022278,0
0.020599,-0.007019,-0.024414,2.0482,0.030823,0
0.012817,-0.0067139,-0.023499,1.5931,0.042114,0
0.01709,-0.0036621,-0.024719,1.8206,0.05249,0
0.026245,0.0012207,-0.019073,2.0482,0.063477,0
0.035706,0.0036621,-0.0057983,2.0482,0.077209,0
0.041351,0.0032043,0.0059509,2.5033,0.1004,0
0.050507,0.0032043,0.0059509,2.9584,0.13428,0
0.048828,0.00076294,0.0010681,2.5033,0.16785,0
0.028381,-0.00015259,0.0012207,2.5033,0.19348,0
0.015259,0.0013733,0.0048828,1.8206,0.20355,0
0.019226,0.0085449,0.0041199,2.2757,0.19684,0
0.034332,0.01297,0.0027466,2.9584,0.17731,0
0.040283,0.012207,-0.0012207,2.5033,0.15228,0
0.029755,0.009613,-0.0074768,2.5033,0.13,0
0.012665,0.010834,-0.011292,2.9584,0.1178,0
0.0015259,0.01236,-0.010529,2.2757,0.11963,0
-0.00091553,0.013733,-0.0053406,2.2757,0.12787,0
-0.0097656,0.011597,0.0028992,2.5033,0.13306,0
-0.029297,0.0088501,0.0062561,2.0482,0.12878,0
-0.04364,0.0082397,0.0054932,2.5033,0.11536,0
-0.054779,0.0090027,0.0093079,2.7309,0.1062,0
-0.061646,0.0099182,0.018311,2.2757,0.10895,0
-0.045929,0.014954,0.027618,2.5033,0.11902,0
-0.018311,0.02533,0.031281,1.8206,0.12695,0
-0.016479,0.032349,0.032501,1.8206,0.12604,0
-0.027924,0.032349,0.031891,2.2757,0.11932,0
-0.027161,0.029449,0.027313,2.2757,0.11719,0
-0.024872,0.026855,0.025024,1.5931,0.12451,0
-0.024261,0.024109,0.022888,1.8206,0.13611,0
-0.0073242,0.02121,0.020905,1.8206,0.14252,0
0.015411,0.016022,0.012817,2.5033,0.14191,0
0.016327,0.014801,0.00076294,2.5033,0.13824,0
-0.0022888,0.012665,-0.0076294,2.0482,0.14191,0
-0.023193,0.010071,-0.0074768,2.0482,0.16479,0
-0.028839,0.0073242,-0.0012207,2.0482,0.19989,0
-0.02243,0.0024414,0.0036621,2.2757,0.23193,0
-0.019379,-0.0010681,0.00076294,2.2757,0.24261,0
-0.019531,-0.00061035,-0.0082397,2.2757,0.22766,0
-0.01297,0.00061035,-0.013123,2.2757,0.19531,0
-0.0088501,-0.0015259,-0.017242,2.7309,0.15656,0
-0.02121,-0.0059509,-0.025024,2.5033,0.11688,0
-0.039825,-0.0083923,-0.03067,2.5033,0.081482,0
-0.056,-0.0088501,-0.023193,2.5033,0.053101,0
-0.058289,-0.0067139,-0.0056458,2.5033,0.032654,0
-0.032349,-0.0059509,0.0088501,2.7309,0.014954,0
-0.019531,-0.0067139,0.011902,2.5033,-0.0054932,0
-0.01709,-0.0065613,0.0067139,2.9584,-0.021057,0
-0.0033569,-0.007782,0,2.7309,-0.025635,0
-0.0015259,-0.0065613,-0.014343,2.2757,-0.025024,0
-0.015259,-0.0022888,-0.035553,1.3655,-0.021973,0
-0.022278,0.0022888,-0.044556,1.8206,-0.021973,0
-0.018768,0.0050354,-0.042877,2.7309,-0.024109,0
-0.011139,0.0080872,-0.048523,2.7309,-0.027161,0
-0.00061035,0.013275,-0.062561,2.7309,-0.023193,0
0.0010681,0.018005,-0.062256,3.186,-0.017395,0
-0.0016785,0.019684,-0.037842,2.5033,-0.010681,0
0.0032043,0.017853,-0.0093079,2.0482,-0.011292,0
0.0097656,0.012512,0.0093079,2.0482,-0.017395,0
0.00045776,0.0065613,0.0094604,2.5033,-0.023804,0
-0.010834,0.00030518,-0.010376,2.5033,-0.02594,0
-0.0099182,-0.0065613,-0.033569,2.0482,-0.025635,0
-0.016937,-0.012817,-0.051117,2.5033,-0.022278,0
-0.027313,-0.020447,-0.064087,2.2757,-0.020142,0
-0.020447,-0.026093,-0.072632,2.5033,-0.022888,0
-0.0010681,-0.029449,-0.073853,2.5033,-0.032349,0
0.02182,-0.029907,-0.075684,2.0482,-0.04364,0
0.045013,-0.027771,-0.076141,2.5033,-0.053711,0
0.058594,-0.02655,-0.071564,2.2757,-0.061035,0
0.062256,-0.024872,-0.072479,2.2757,-0.063477,0
0.057678,-0.024109,-0.079956,2.7309,-0.063171,0
0.036469,-0.022888,-0.084839,2.5033,-0.06073,0
0.0079346,-0.020294,-0.080872,2.2757,-0.054016,0
-0.01358,-0.017853,-0.069427,2.5033,-0.044861,0
-0.016937,-0.019073,-0.058441,2.5033,-0.035095,0
-0.0028992,-0.02182,-0.051117,2.5033,-0.031738,0
0.010834,-0.020142,-0.045929,2.2757,-0.036011,0
0.010223,-0.016937,-0.037689,1.8206,-0.039062,0
0.016174,-0.016479,-0.027313,2.0482,-0.036011,0
0.041809,-0.01709,-0.014954,2.2757,-0.02655,0
0.055542,-0.017548,0.0010681,2.7309,-0.023499,0
0.040436,-0.016785,0.015564,2.7309,-0.030212,0
0.025024,-0.016785,0.02533,2.2757,-0.040283,0
0.025787,-0.014343,0.029297,2.5033,-0.046692,0
0.030975,-0.011749,0.02594,1.8206,-0.039368,0
0.02594,-0.010376,0.021667,2.2757,-0.024414,0
0.018158,-0.0045776,0.025177,2.2757,-0.0064087,0
0.014801,0.00045776,0.031738,2.2757,0.0057983,0
0.0053406,-0.00076294,0.03418,2.5033,0.0082397,0
-0.0088501,-0.005188,0.029602,2.9584,0.0036621,0
-0.017395,-0.0083923,0.018463,2.5033,-0.0036621,0
-0.018005,-0.007782,0.011444,2.2757,-0.0045776,0
-0.018005,-0.0036621,0.013123,2.9584,0.0045776,0
-0.019379,0.0021362,0.018158,1.8206,0.021362,0
-0.025177,0.0073242,0.016327,2.5033,0.0354,0
-0.026093,0.007782,0.0073242,2.2757,0.04425,0
-0.011902,0.007019,0.007019,2.7309,0.049438,0
0.013733,0.012207,0.020447,3.4135,0.057373,0
0.029602,0.022278,0.034485,2.5033,0.063171,0
0.028229,0.026398,0.036316,2.5033,0.068665,0
0.0079346,0.022278,0.023651,2.7309,0.072021,0
-0.01358,0.021057,0.011597,2.2757,0.073853,0
-0.020599,0.03006,0.007019,1.8206,0.072021,0
-0.007019,0.04364,0.012512,2.9584,0.065613,0
0.016479,0.050354,0.018616,2.7309,0.053711,0
0.027008,0.048523,0.0083923,2.2757,0.036011,0
0.013428,0.044403,-0.0074768,2.2757,0.013733,0
-0.014343,0.045166,-0.0085449,2.7309,-0.0094604,0
-0.027924,0.049896,0.0028992,2.7309,-0.025635,0
-0.016785,0.049896,0.018005,2.2757,-0.029297,0
-0.0080872,0.045776,0.027466,2.7309,-0.024719,0
-0.014648,0.041656,0.01709,2.5033,-0.0177,0
-0.032196,0.035706,-0.012665,1.8206,-0.011597,0
-0.037689,0.028687,-0.047302,2.5033,-0.0048828,0
-0.023193,0.023499,-0.068359,2.0482,0.0048828,0
-0.021515,0.013885,-0.075226,2.7309,0.015564,0
-0.027771,-0.0019836,-0.077667,2.2757,0.022278,0
-0.018768,-0.016174,-0.082397,1.8206,0.027771,0
-0.00076294,-0.027008,-0.093079,2.0482,0.029297,0
0.0080872,-0.030975,-0.10178,2.2757,0.02594,0
-0.0021362,-0.032806,-0.097351,1.5931,0.016479,0
-0.018463,-0.034485,-0.077972,2.0482,0.0057983,0
-0.025482,-0.042572,-0.056458,2.2757,-0.0061035,0
-0.022278,-0.051117,-0.043488,0.91037,-0.0085449,0
-0.0028992,-0.056,-0.037384,2.0482,0.00030518,0
0.023499,-0.057678,-0.033264,2.2757,0.016174,0
0.047455,-0.053406,-0.02533,2.7309,0.033264,0
0.067749,-0.045319,-0.013885,2.5033,0.042725,0
0.069275,-0.033875,0.0024414,2.9584,0.038147,0
0.039062,-0.023956,0.017242,2.5033,0.025024,0
0.012207,-0.019531,0.020905,2.0482,0.011902,0
0.00045776,-0.019989,0.019073,2.7309,0.011292,0
-0.010834,-0.023193,0.022888,2.0482,0.027161,0
-0.02243,-0.025482,0.029602,2.5033,0.045776,0
-0.023956,-0.023041,0.032806,2.2757,0.045471,0
-0.020447,-0.017548,0.031738,2.9584,0.027466,0
-0.024261,-0.015869,0.030975,2.5033,0.0039673,0
-0.038757,-0.020752,0.026398,2.2757,-0.0054932,0
-0.047913,-0.028381,0.020599,2.5033,0.00091553,0
-0.043335,-0.033722,0.016785,2.5033,0.014038,0
-0.015869,-0.039062,0.011292,2.9584,0.026245,0
0.0177,-0.042572,0.0045776,2.0482,0.031128,0
0.016479,-0.039825,-0.0022888,1.8206,0.025635,0
-0.0065613,-0.03479,-0.014496,1.8206,0.013733,0
-0.012512,-0.032806,-0.024719,2.2757,0.0024414,0
-0.0038147,-0.030975,-0.027771,2.2757,-0.0033569,0
0.0065613,-0.026855,-0.024414,2.5033,0.00061035,0
0.013123,-0.023193,-0.015869,2.7309,0.010986,0
0.011749,-0.018005,0.0019836,1.5931,0.022888,0
0.0047302,-0.012665,0.022736,2.0482,0.033569,0
-0.0073242,-0.0093079,0.037994,2.0482,0.039978,0
-0.012207,-0.0080872,0.048523,2.0482,0.040283,0
0.0010681,-0.0059509,0.055237,2.5033,0.041504,0
0.013733,-0.0053406,0.059967,1.5931,0.046387,0
0.015717,-0.0071716,0.06012,1.3655,0.056763,0
0.012054,-0.012054,0.059052,2.5033,0.068359,0
0.0036621,-0.014496,0.061646,2.2757,0.072327,0
-0.0041199,-0.011597,0.073242,1.8206,0.071716,0
-0.0041199,-0.0076294,0.095673,1.8206,0.065002,0
0.0050354,-0.0038147,0.12299,2.0482,0.059814,0
0.018768,-0.0030518,0.14114,1.8206,0.058594,0
0.02655,-0.0013733,0.14343,2.0482,0.065918,0
0.021057,-0.00091553,0.13474,2.5033,0.079956,0
0.010223,-0.00030518,0.12146,2.7309,0.092773,0
-0.0010681,-0.0018311,0.097809,2.7309,0.1001,0
-0.010986,-0.0045776,0.063782,1.8206,0.1001,0
-0.01358,-0.0024414,0.027466,2.2757,0.097351,0
-0.0082397,0.0033569,-0.00045776,2.2757,0.097046,0
-0.0028992,0.0068665,-0.019836,2.2757,0.10132,0
0.0079346,0.0090027,-0.032959,2.9584,0.10864,0
0.019836,0.0080872,-0.0383,2.9584,0.11627,0
0.0059509,0.0062561,-0.039825,2.7309,0.11871,0
-0.0083923,0.0054932,-0.036469,2.7309,0.11139,0
0.00030518,0.0054932,-0.031128,2.7309,0.095215,0
0.019684,0.0045776,-0.029755,2.7309,0.07843,0
0.025024,0.0033569,-0.030823,3.186,0.066223,0
0.011444,0.0030518,-0.039978,2.5033,0.065308,0
-0.0083923,0.0032043,-0.049286,2.5033,0.067139,0
-0.023041,0.0030518,-0.05127,2.2757,0.065002,0
-0.021973,0.0032043,-0.042572,2.2757,0.058289,0
-0.010223,0.0041199,-0.030823,2.0482,0.050049,0
-0.0015259,0.0038147,-0.018921,2.2757,0.043335,0
0.0019836,0.00091553,-0.0086975,3.186,0.041504,0
0.0035095,0,-0.0042725,2.5033,0.041504,0
0.0027466,0.0024414,-0.0064087,2.2757,0.041199,0
0.0018311,0.0097656,-0.0082397,2.5033,0.038147,0
0.00015259,0.012817,-0.011292,2.5033,0.027161,0
0,0.014191,-0.016479,2.9584,0.011597,0
-0.0018311,0.018463,-0.018158,2.2757,-0.005188,0
-0.0064087,0.020752,-0.022125,2.5033,-0.010681,0
-0.0090027,0.019531,-0.032043,2.5033,-0.0064087,0
0.00061035,0.016022,-0.035706,2.2757,0.0067139,0
0.0177,0.010223,-0.03418,2.2757,0.016785,0
0.026703,0.0062561,-0.037231,2.0482,0.022583,0
0.024872,0.004425,-0.04425,2.5033,0.023499,0
0.015869,0.0045776,-0.041962,2.2757,0.021057,0
0.0048828,0.0053406,-0.027008,2.2757,0.021667,0
-0.0076294,0.0054932,-0.0094604,2.5033,0.024719,0
-0.018768,0.0054932,-0.0028992,2.5033,0.028076,0
-0.011902,0.0056458,-0.0079346,2.5033,0.032349,0
0.017395,0.0054932,-0.020142,2.0482,0.032043,0
0.048523,0.0056458,-0.029602,2.9584,0.024109,0
0.050507,0.004425,-0.031738,1.8206,0.012817,0
0.024109,0.0032043,-0.028381,2.0482,0.0015259,0
-0.0018311,0.0042725,-0.029602,2.0482,-0.0024414,0
-0.018311,0.0076294,-0.034637,2.2757,-0.00061035,0
-0.03067,0.010071,-0.038605,2.2757,0.00061035,0
-0.052948,0.011597,-0.037689,2.7309,0.0021362,0
-0.072479,0.012817,-0.034332,2.5033,0.00091553,0
-0.069427,0.014038,-0.025024,2.7309,0.0012207,0
-0.061035,0.016327,-0.012207,3.4135,0.0048828,0
-0.055389,0.018463,-0.010681,2.5033,0.010376,0
-0.050354,0.018768,-0.021515,2.7309,0.020752,0
-0.043182,0.016785,-0.027313,2.5033,0.030823,0
-0.0354,0.01358,-0.014191,2.0482,0.041504,0
-0.032349,0.0097656,0.0041199,2.5033,0.045471,0
-0.026703,0.0085449,0.010529,2.7309,0.047607,0
-0.013733,0.010223,0.004425,2.5033,0.048523,0
0.007782,0.015717,-0.0032043,2.7309,0.053101,0
0.017853,0.019379,-0.0022888,2.7309,0.063782,0
0.0083923,0.017853,0.007019,2.9584,0.076599,0
-0.0088501,0.012665,0.018616,2.9584,0.08606,0
-0.012665,0.0088501,0.022888,3.186,0.096436,0
-0.0038147,0.0059509,0.017548,2.7309,0.10284,0
0.004425,0.0033569,0.015411,2.7309,0.10162,0
0.0016785,0.0030518,0.018311,1.8206,0.093079,0
-0.0080872,0.00091553,0.022888,2.2757,0.084229,0
-0.013275,-0.0022888,0.024261,2.5033,0.08728,0
-0.009613,-0.0033569,0.023041,2.0482,0.10071,0
0.01709,-0.005188,0.020447,2.5033,0.11932,0
0.031433,-0.0065613,0.019684,2.0482,0.13458,0
0.019989,-0.0076294,0.025024,2.0482,0.1413,0
0.0064087,-0.0085449,0.03067,2.7309,0.14404,0
-0.0013733,-0.007782,0.030975,3.186,0.14526,0
-0.0083923,-0.0056458,0.030975,2.0482,0.14923,0
-0.0083923,-0.0022888,0.033569,2.2757,0.15564,0
0.015564,-0.0019836,0.03891,2.0482,0.15686,0
0.049133,-0.0067139,0.041351,2.5033,0.15778,0
0.063934,-0.011597,0.035858,2.0482,0.15686,0
0.065155,-0.010529,0.030518,2.2757,0.15594,0
0.058441,-0.0048828,0.027924,2.7309,0.15869,0
0.046539,-0.0013733,0.020294,2.2757,0.16418,0
0.034943,0.00045776,0.005188,2.5033,0.17212,0
0.027466,0.00045776,-0.0048828,2.2757,0.17792,0
0.027008,-0.00030518,-0.0019836,2.2757,0.18036,0
0.025482,0.00091553,0.0015259,2.0482,0.177,0
0.024872,0.0013733,0.00061035,2.7309,0.16998,0
0.03006,-0.0012207,0.0019836,2.9584,0.16724,0
0.038147,-0.0010681,0.0071716,2.5033,0.16724,0
0.043488,0.002594,0.01358,2.9584,0.16846,0
0.045624,0.0053406,0.021362,2.2757,0.16693,0
0.044098,0.0012207,0.026398,2.9584,0.1651,0
0.034485,-0.0032043,0.029449,2.7309,0.16541,0
0.015106,-0.00045776,0.033264,2.5033,0.16876,0
-0.002594,0.0022888,0.033264,2.2757,0.17303,0
-0.013123,0.0053406,0.029602,2.2757,0.1767,0
-0.021362,0.0085449,0.023956,1.8206,0.17822,0
-0.028992,0.0074768,0.019226,2.7309,0.17883,0
-0.033112,0.0073242,0.021973,2.5033,0.17853,0
-0.033264,0.010071,0.029755,2.2757,0.17914,0
-0.032654,0.014648,0.028076,2.5033,0.18097,0
-0.030975,0.01358,0.019226,2.7309,0.18158,0
-0.021362,0.0090027,0.019073,3.186,0.18127,0
-0.0053406,0.0085449,0.031433,2.5033,0.18158,0
0.0076294,0.012207,0.045929,2.2757,0.18402,0
0.0067139,0.010223,0.060272,2.2757,0.18402,0
-0.00076294,0.0042725,0.064697,2.5033,0.18494,0
-0.0028992,0.0022888,0.060272,1.8206,0.19043,0
-0.0022888,0.0028992,0.056915,1.8206,0.19531,0
-0.0056458,0.0041199,0.061646,1.8206,0.19836,0
-0.0076294,0.0033569,0.062866,2.2757,0.19775,0
-0.0076294,-0.00076294,0.057983,1.8206,0.1944,0
-0.0054932,-0.0035095,0.057068,2.2757,0.19043,0
-0.0022888,-0.0027466,0.057678,2.5033,0.18799,0
-0.00091553,0.0024414,0.062714,2.9584,0.18738,0
-0.0033569,0.0057983,0.067749,2.0482,0.18585,0
-0.010834,0.0045776,0.070953,2.0482,0.18097,0
-0.018463,0.004425,0.068054,2.0482,0.1709,0
-0.022736,0.0053406,0.05661,2.2757,0.15747,0
-0.010223,0.007019,0.039673,2.5033,0.14099,0
0.0177,0.0064087,0.019379,2.2757,0.12421,0
0.035553,0.004425,0.0027466,2.5033,0.10834,0
0.032043,0.0035095,-0.010376,2.5033,0.09491,0
0.018921,0.0032043,-0.026398,2.2757,0.083313,0
0.010071,0.00091553,-0.044098,2.5033,0.073853,0
0.0071716,-0.0019836,-0.049744,2.9584,0.066528,0
0.0059509,-0.0036621,-0.04364,2.5033,0.060425,0
0.0035095,-0.0039673,-0.03006,1.3655,0.056458,0
0.0042725,-0.0053406,-0.014191,2.0482,0.057068,0
0.010223,-0.0082397,-0.0079346,2.7309,0.056763,0
0.027618,-0.01236,-0.0073242,1.8206,0.05127,0
0.054626,-0.014954,-0.004425,2.2757,0.036316,0
0.061188,-0.01709,0.00061035,2.9584,0.018311,0
0.041504,-0.01709,-0.0027466,3.186,0.0027466,0
0.023041,-0.012207,-0.0079346,2.7309,-0.0039673,0
0.013428,-0.0056458,-0.0032043,3.4135,-0.0033569,0
0.0054932,-0.0012207,0.004425,2.7309,0,0
-0.00030518,-0.00076294,0.0036621,2.2757,-0.0015259,0
-0.0022888,-0.0027466,-0.0056458,2.2757,-0.0079346,0
-0.0016785,-0.0041199,-0.012817,2.0482,-0.012512,0
-0.0038147,-0.0030518,-0.020752,2.9584,-0.012207,0
-0.012665,-0.0021362,-0.031281,2.9584,-0.0085449,0
-0.021515,-0.0015259,-0.036316,2.2757,-0.0036621,0
-0.026093,-0.00045776,-0.035248,2.7309,-0.00061035,0
-0.023956,0.0015259,-0.030212,2.5033,0.0015259,0
-0.016785,0.0053406,-0.023193,2.2757,0.0048828,0
-0.016327,0.0076294,-0.014496,2.5033,0.0057983,0
-0.021057,0.007019,-0.0082397,2.9584,0.0054932,0
-0.019073,0.0068665,-0.0057983,2.2757,0.005188,0
-0.01709,0.0076294,-0.0054932,2.0482,0.0039673,0
-0.018768,0.004425,-0.0085449,1.5931,0.0018311,0
-0.017853,-0.00061035,-0.01297,2.2757,0.0030518,0
-0.01297,-0.0035095,-0.021515,1.8206,0.005188,0
-0.0030518,-0.0030518,-0.029144,1.8206,0.007019,0
0.0085449,-0.0018311,-0.028534,2.2757,0.0082397,0
0.01709,-0.0016785,-0.02594,2.7309,0.007019,0
0.023193,-0.0032043,-0.024109,2.2757,0.0064087,0
0.020905,-0.0016785,-0.020599,2.0482,0.0039673,0
0.009613,-0.0010681,-0.015869,2.2757,0.0021362,0
-0.0039673,-0.0012207,-0.0090027,2.2757,0.0033569,0
-0.014648,0.00076294,-0.0035095,2.2757,0.0076294,0
-0.020294,0.0015259,-0.0033569,2.7309,0.011292,0
-0.018768,0.0010681,-0.0068665,2.7309,0.0057983,0
-0.0067139,0.0018311,-0.0091553,1.1379,-0.0064087,0
0.012054,0.0048828,-0.0097656,2.0482,-0.01709,0
0.025482,0.0038147,-0.013733,2.0482,-0.023804,0
0.027924,-0.0016785,-0.019989,2.0482,-0.031433,0
0.030212,-0.0033569,-0.018768,2.2757,-0.039978,0
0.027618,-0.0035095,-0.012054,2.2757,-0.046387,0
0.016785,-0.0022888,-0.0079346,2.2757,-0.050049,0
0.002594,-0.0018311,-0.0035095,2.2757,-0.050964,0
-0.0039673,-0.0047302,-0.0013733,3.186,-0.051575,0
-0.0088501,-0.0094604,0.0036621,3.186,-0.046082,0
-0.020447,-0.014191,0.007782,2.5033,-0.037231,0
-0.034332,-0.013885,0.0021362,2.5033,-0.025024,0
-0.03479,-0.010834,-0.0056458,2.0482,-0.010376,0
-0.028534,-0.0093079,-0.0021362,2.5033,0.0045776,0
-0.023346,-0.010071,0.01358,2.5033,0.014343,0
-0.0054932,-0.012054,0.027008,2.5033,0.014648,0
0.00015259,-0.015717,0.02594,2.5033,0.0076294,0
0.0067139,-0.013733,0.020447,3.4135,-0.0061035,0
0.01709,-0.0065613,0.020905,2.5033,-0.016479,0
0.022736,-0.0028992,0.024109,2.5033,-0.023193,0
0.020752,-0.0013733,0.019073,2.5033,-0.023499,0
0.0056458,-0.0016785,0.0091553,2.2757,-0.016785,0
-0.013428,-0.00030518,0.0059509,2.0482,-0.0067139,0
-0.024261,0.0019836,0.0030518,2.5033,0.010376,0
-0.0177,0.0038147,-0.012817,2.2757,0.03479,0
-0.0010681,0.0028992,-0.044556,2.0482,0.056763,0
0.0062561,0.0013733,-0.075073,2.5033,0.06897,0
0.0035095,0.00045776,-0.08728,2.9584,0.073547,0
0.00030518,-0.0028992,-0.079041,2.0482,0.078735,0
-0.0024414,-0.0067139,-0.069275,2.0482,0.082703,0
-0.0064087,-0.0062561,-0.062103,2.0482,0.085144,0
-0.0088501,-0.0057983,-0.056915,1.8206,0.088501,0
-0.0065613,-0.0062561,-0.049744,1.5931,0.093384,0
-0.0045776,-0.0074768,-0.037689,2.0482,0.096741,0
0.0012207,-0.0074768,-0.034637,2.2757,0.09613,0
0.010681,-0.0068665,-0.049438,2.5033,0.094299,0
0.016632,-0.0074768,-0.075684,2.5033,0.09613,0
0.016785,-0.0061035,-0.10468,2.2757,0.097351,0
0.014343,-0.0048828,-0.14221,2.0482,0.097046,0
0.010376,-0.007782,-0.1796,2.7309,0.098572,0
0.0062561,-0.01297,-0.20203,2.5033,0.1001,0
0.0068665,-0.014191,-0.20966,2.0482,0.097656,0
0.0093079,-0.011597,-0.21835,2.5033,0.095215,0
0.0057983,-0.010986,-0.23727,2.2757,0.098267,0
-0.0048828,-0.010223,-0.2623,2.2757,0.11169,0
-0.0094604,-0.007782,-0.28168,2.5033,0.12878,0
-0.0030518,-0.0068665,-0.29678,1.8206,0.13702,0
0.0013733,-0.0067139,-0.3096,2.2757,0.13489,0
0.00045776,-0.0080872,-0.32639,2.7309,0.12421,0
-0.0015259,-0.0086975,-0.35141,2.5033,0.11292,0
0,-0.0091553,-0.37292,2.5033,0.10162,0
0.0057983,-0.0042725,-0.38971,2.9584,0.095825,0
0.016632,-0.0015259,-0.4071,2.7309,0.096436,0
0.028534,-0.0013733,-0.42801,2.7309,0.10254,0
0.031128,0.00076294,-0.44418,1.8206,0.11139,0
0.020599,0.0027466,-0.45822,2.5033,0.11963,0
0.0022888,0.0032043,-0.47333,2.9584,0.12451,0
-0.015411,0.0033569,-0.48935,2.9584,0.12939,0
-0.020294,0.0022888,-0.51071,2.7309,0.1297,0
-0.014038,-0.0022888,-0.53726,2.5033,0.12543,0
-0.0019836,-0.0042725,-0.5574,2.0482,0.11932,0
0.0079346,-0.0035095,-0.56183,2.7309,0.10925,0
0.0099182,-0.00091553,-0.5542,2.7309,0.098267,0
0.0036621,-0.00061035,-0.54108,2.7309,0.090942,0
-0.0019836,-0.00061035,-0.52444,2.7309,0.092163,0
-0.0038147,0.002594,-0.50995,2.7309,0.1004,0
-0.0056458,0.0038147,-0.49759,2.9584,0.10529,0
-0.010376,0.00045776,-0.48416,2.7309,0.10071,0
-0.013123,-0.004425,-0.46539,2.5033,0.085754,0
-0.019836,-0.0053406,-0.4361,2.2757,0.069885,0
-0.030823,-0.0088501,-0.40237,2.0482,0.053711,0
-0.034943,-0.011292,-0.3595,2.2757,0.039368,0
-0.025787,-0.0094604,-0.29526,2.2757,0.024719,0
-0.014496,-0.0047302,-0.22324,2.7309,0.013123,0
-0.020599,0.0012207,-0.1474,2.5033,0.0033569,0
-0.047913,0.0036621,-0.062256,2.2757,0.00091553,0
-0.070648,0.0057983,0.019684,2.0482,0.0073242,0
-0.060425,0.0050354,0.088959,2.2757,0.015564,0
-0.022736,0.00045776,0.15732,2.2757,0.021362,0
0.018463,-0.0022888,0.24506,1.8206,0.022278,0
0.037231,0.002594,0.34775,2.7309,0.019531,0
0.027618,0.0082397,0.45013,2.2757,0.016174,0
0.01236,0.007782,0.53329,2.0482,0.015869,0
0.010071,0.0061035,0.59189,2.5033,0.01709,0
0.012817,0.0056458,0.64774,2.9584,0.020447,0
0.0074768,0.0056458,0.70892,2.9584,0.020752,0
-0.0062561,0.0032043,0.76416,2.9584,0.018921,0
-0.02121,0.0013733,0.80566,3.186,0.022888,0
-0.010834,0.0030518,0.84991,3.4135,0.033569,0
0.015717,0.0041199,0.90698,2.7309,0.04425,0
0.033112,0.0010681,0.9729,3.4135,0.046997,0
0.039673,0.0010681,1.0252,2.9584,0.041504,0
0.040283,0.0018311,1.0461,2.2757,0.032654,0
0.037537,0.00091553,1.0507,2.7309,0.022888,0
0.042877,0.0041199,1.0625,2.9584,0.01709,0
0.045013,0.007019,1.0864,2.9584,0.013733,0
0.037079,0.0090027,1.1096,2.5033,0.0079346,0
0.029297,0.011292,1.1304,2.7309,0.0012207,0
0.022888,0.0090027,1.1514,2.5033,-0.0024414,0
0.0085449,0.010223,1.1624,2.5033,0.0057983,0
-0.01297,0.013275,1.1546,2.2757,0.022888,0
-0.028992,0.014801,1.1348,2.5033,0.041809,0
-0.036774,0.01236,1.1124,2.2757,0.054626,0
-0.041351,0.0088501,1.0945,2.7309,0.052795,0
-0.035858,0.0093079,1.0776,2.5033,0.042114,0
-0.018921,0.010223,1.0474,2.2757,0.031433,0
-0.007782,0.014038,1.008,2.2757,0.023193,0
-0.0068665,0.01709,0.96985,2.0482,0.019226,0
-0.014648,0.017853,0.93445,1.8206,0.015869,0
-0.023804,0.017853,0.8931,2.0482,0.012512,0
-0.02594,0.0177,0.84839,2.2757,0.011292,0
-0.021362,0.020599,0.80948,2.7309,0.017395,0
-0.015717,0.022125,0.77469,1.8206,0.03479,0
-0.009613,0.024872,0.72571,1.5931,0.057678,0
0.0088501,0.025024,0.6575,1.5931,0.073853,0
0.02533,0.016327,0.58594,2.7309,0.080566,0
0.018616,0.0074768,0.51514,2.5033,0.079651,0
0.013733,0.0016785,0.44632,2.0482,0.075378,0
0.019836,-0.0033569,0.38345,2.0482,0.072632,0
0.019836,-0.0082397,0.32379,2.0482,0.075378,0
0.01297,-0.010986,0.26337,2.9584,0.083313,0
0.01236,-0.011597,0.20828,1.8206,0.089417,0
0.026398,-0.007782,0.16205,2.9584,0.085754,0
0.046692,-0.0050354,0.11322,2.5033,0.078735,0
0.046539,-0.0061035,0.058899,2.9584,0.073547,0
0.039673,-0.0094604,0.014038,3.4135,0.076599,0
0.034637,-0.012512,-0.018921,3.186,0.085754,0
0.027008,-0.012054,-0.041809,2.9584,0.093384,0
0.0054932,-0.0082397,-0.062103,2.7309,0.099182,0
-0.013733,-0.0038147,-0.090942,2.2757,0.10254,0
-0.018616,-0.00061035,-0.13107,2.2757,0.10162,0
-0.012665,0.00045776,-0.17975,2.2757,0.099792,0
0.0059509,-0.00045776,-0.2298,2.5033,0.097656,0
0.030518,-0.0035095,-0.27023,2.2757,0.097961,0
0.040741,-0.0033569,-0.30197,2.7309,0.094604,0
0.042725,0,-0.32532,2.0482,0.090027,0
0.048218,0.0047302,-0.33829,2.5033,0.08606,0
0.052032,0.0064087,-0.35858,2.0482,0.084229,0
0.044098,0.0050354,-0.39444,3.186,0.08728,0
0.029907,0.0024414,-0.43549,2.9584,0.089722,0
0.019073,0,-0.47668,2.7309,0.098267,0
0.0016785,-0.0013733,-0.51697,2.0482,0.1123,0
-0.023346,-0.0039673,-0.5545,2.5033,0.1297,0
-0.047302,-0.0047302,-0.57373,2.5033,0.14313,0
-0.062714,-0.0018311,-0.56549,2.0482,0.15015,0
-0.07019,0.002594,-0.54794,1.8206,0.14801,0
-0.068207,0.0036621,-0.53528,1.8206,0.1413,0
-0.068054,-0.0015259,-0.52719,1.8206,0.13336,0
-0.071259,-0.0050354,-0.5249,2.5033,0.12939,0
-0.066833,-0.0076294,-0.53024,2.2757,0.13123,0
-0.041199,-0.011139,-0.54993,2.0482,0.13489,0
-0.015106,-0.015564,-0.57571,2.9584,0.13824,0
-0.00076294,-0.016022,-0.58655,2.0482,0.14191,0
0.0082397,-0.010986,-0.57297,1.8206,0.15045,0
0.017853,-0.0074768,-0.55115,1.5931,0.16113,0
0.022278,-0.0079346,-0.53238,1.8206,0.16998,0
0.020599,-0.0073242,-0.5069,2.2757,0.17151,0
0.011444,-0.0056458,-0.47409,2.2757,0.16144,0
-0.0074768,-0.0042725,-0.45349,2.0482,0.14679,0
-0.02594,-0.0062561,-0.44998,2.0482,0.13275,0
-0.030975,-0.010681,-0.44479,2.0482,0.12421,0
-0.03418,-0.014343,-0.42816,1.5931,0.12177,0
-0.044708,-0.015869,-0.41138,2.0482,0.12299,0
-0.040436,-0.014038,-0.40176,2.0482,0.12634,0
-0.018768,-0.010834,-0.39108,1.5931,0.13428,0
0.0071716,-0.0056458,-0.37247,2.0482,0.14496,0
0.037079,-0.00030518,-0.35019,2.0482,0.15411,0
0.050049,0.0028992,-0.32303,2.2757,0.15869,0
0.037231,0.004425,-0.29892,2.2757,0.15778,0
0.023193,0.0042725,-0.28625,2.2757,0.15411,0
0.010986,0.0047302,-0.28229,2.7309,0.15076,0
-0.00091553,0.0062561,-0.27344,2.2757,0.14435,0
-0.0071716,0.0090027,-0.25528,2.7309,0.13519,0
-0.0045776,0.010223,-0.23926,2.9584,0.12329,0
0.0013733,0.0094604,-0.23636,2.7309,0.10742,0
0.0097656,0.0067139,-0.24124,2.9584,0.088501,0
0.010376,0.0012207,-0.24368,2.2757,0.069885,0
0.004425,-0.00091553,-0.23468,1.8206,0.055542,0
0.00015259,0.00045776,-0.21805,2.0482,0.045166,0
0.0024414,0.0012207,-0.20416,2.0482,0.041199,0
0.0061035,-0.00015259,-0.20279,2.2757,0.040588,0
0.0094604,-0.00015259,-0.20996,2.2757,0.042114,0
0.018463,0.0013733,-0.21469,2.7309,0.04303,0
0.031738,-0.00091553,-0.20874,2.2757,0.045471,0
0.031586,-0.0022888,-0.19516,2.5033,0.042419,0
0.019684,0.0027466,-0.177,2.0482,0.03479,0
0.010223,0.0054932,-0.16159,2.5033,0.020447,0
0.0027466,0.007019,-0.15503,1.3655,0.0057983,0
0.0018311,0.0042725,-0.15045,2.2757,-0.0057983,0
0.012665,0.0035095,-0.14328,2.5033,-0.013733,0
0.023956,0.0083923,-0.13306,2.0482,-0.021667,0
0.028381,0.014191,-0.12421,2.2757,-0.027161,0
0.028381,0.017242,-0.1207,2.0482,-0.027466,0
0.018768,0.015411,-0.11307,1.8206,-0.021362,0
0.0068665,0.013733,-0.10056,1.5931,-0.011902,0
0.0032043,0.0094604,-0.093842,2.7309,-0.0024414,0
0.011444,0.0018311,-0.08728,1.8206,0.0018311,0
0.020752,-0.0032043,-0.071564,2.2757,0.0024414,0
0.016174,-0.0050354,-0.048523,2.5033,0.00030518,0
-0.0045776,-0.0027466,-0.023499,1.8206,-0.0018311,0
-0.021057,-0.0012207,-0.011749,2.0482,0.00061035,0
-0.02594,-0.0082397,-0.016785,1.8206,0.0048828,0
-0.025787,-0.014648,-0.022736,2.0482,0.0061035,0
-0.036316,-0.019531,-0.022278,2.7309,0.0039673,0
-0.031738,-0.028687,-0.023193,1.5931,-0.00091553,0
-0.0048828,-0.036011,-0.028076,2.5033,-0.0061035,0
0.015106,-0.037231,-0.028839,2.5033,-0.010376,0
0.017853,-0.036469,-0.02594,2.7309,-0.013123,0
0.010834,-0.036011,-0.025635,2.7309,-0.015259,0
0.010986,-0.033722,-0.027924,2.5033,-0.013733,0
0.02655,-0.030518,-0.022888,2.7309,-0.011292,0
0.032959,-0.026703,-0.011597,2.7309,-0.0073242,0
0.013275,-0.021667,-0.007019,2.9584,-0.0045776,0
-0.0071716,-0.018311,-0.0073242,2.0482,-0.007019,0
-0.0088501,-0.020142,-0.0091553,2.0482,-0.011292,0
0.0032043,-0.026245,-0.0088501,2.2757,-0.013733,0
0.019989,-0.03006,-0.00030518,2.5033,-0.01709,0
0.037231,-0.032043,0.012665,2.5033,-0.021057,0
0.04425,-0.032043,0.022736,2.9584,-0.028687,0
0.037689,-0.032501,0.032043,2.5033,-0.040894,0
0.023956,-0.033417,0.044708,2.2757,-0.055237,0
0.012207,-0.031433,0.049438,1.8206,-0.074463,0
-0.0048828,-0.026855,0.035706,2.5033,-0.093994,0
-0.028381,-0.021667,0.017853,2.2757,-0.11139,0
-0.051117,-0.018311,0.019684,2.5033,-0.12054,0
-0.07019,-0.012207,0.039368,2.0482,-0.12329,0
-0.088806,-0.0054932,0.062408,2.0482,-0.12024,0
-0.10071,0.0019836,0.081024,2.5033,-0.11536,0
-0.091858,0.007019,0.093384,2.5033,-0.11658,0
-0.068665,0.0094604,0.10071,2.2757,-0.12329,0
-0.041199,0.011444,0.10635,1.5931,-0.13092,0
-0.038757,0.010376,0.11139,2.0482,-0.13794,0
-0.044708,0.0062561,0.10696,2.5033,-0.14465,0
-0.023651,0.005188,0.095215,2.0482,-0.15045,0
-0.00091553,0.0038147,0.085602,2.2757,-0.15808,0
0.01236,0.0021362,0.078888,2.2757,-0.17181,0
0.025635,0.0018311,0.07431,2.9584,-0.18768,0
0.03067,0.0015259,0.065613,2.9584,-0.20294,0
0.030212,0,0.06012,1.8206,-0.21362,0
0.022125,-0.0024414,0.055084,2.0482,-0.21423,0
0.0068665,-0.0071716,0.055389,1.8206,-0.20874,0
-0.0053406,-0.0094604,0.061951,2.2757,-0.20294,0
-0.0088501,-0.0068665,0.061951,2.5033,-0.20416,0
-0.0036621,0.0018311,0.056915,2.7309,-0.21423,0
0.013885,0.0099182,0.052185,2.0482,-0.22583,0
0.032349,0.0091553,0.046844,2.7309,-0.23254,0
0.041351,0.010986,0.061493,2.7309,-0.24078,0
0.044861,0.021362,0.096436,2.9584,-0.25177,0
0.049438,0.027313,0.11826,2.7309,-0.2655,0
0.050354,0.023346,0.10239,2.9584,-0.28046,0
0.051117,0.01297,0.074615,2.7309,-0.29297,0
0.054779,0.007019,0.061188,2.5033,-0.29785,0
0.054779,0.0082397,0.06424,2.2757,-0.30182,0
0.032959,0.012207,0.075226,3.186,-0.30457,0
-0.0094604,0.014954,0.082703,2.5033,-0.30914,0
-0.04425,0.01297,0.077057,2.7309,-0.31647,0
-0.047455,0.010986,0.069733,3.186,-0.32776,0
-0.023651,0.013885,0.074005,2.9584,-0.33936,0
-0.00091553,0.012054,0.076599,2.7309,-0.35126,0
0.00015259,0.0091553,0.065155,2.5033,-0.36011,0
-0.013733,0.007019,0.049133,2.5033,-0.3656,0
-0.023041,0.0019836,0.039978,1.8206,-0.36652,0
-0.027618,-0.0019836,0.035858,2.7309,-0.36591,0
-0.025177,0.0012207,0.039062,2.0482,-0.36621,0
-0.018005,0.0099182,0.044403,2.5033,-0.36407,0
-0.013885,0.015411,0.045624,2.0482,-0.35461,0
-0.010071,0.015106,0.039673,1.8206,-0.3418,0
-0.0050354,0.01236,0.024261,2.2757,-0.33051,0
-0.0033569,0.010986,0.0073242,2.2757,-0.32593,0
0.0012207,0.011597,0.00061035,2.0482,-0.32898,0
0.015106,0.015869,0.0061035,2.5033,-0.34241,0
0.027466,0.020447,0.023499,2.2757,-0.35889,0
0.027618,0.024567,0.0383,2.0482,-0.37537,0
0.027771,0.025787,0.046539,2.5033,-0.38788,0
0.030823,0.024261,0.054169,2.0482,-0.39398,0
0.024872,0.020752,0.056152,2.5033,-0.39459,0
0.005188,0.01358,0.047607,2.2757,-0.39398,0
-0.012817,0.004425,0.036621,1.8206,-0.39062,0
-0.0097656,-0.0027466,0.028534,1.8206,-0.38574,0
0.0099182,-0.009613,0.020447,2.5033,-0.37842,0
0.041046,-0.018005,0.012207,2.0482,-0.3714,0
0.057831,-0.02243,0.011139,2.7309,-0.36774,0
0.048065,-0.021362,0.014496,2.5033,-0.37018,0
0.036011,-0.017242,0.01709,2.5033,-0.37415,0
0.038605,-0.012207,0.023193,2.2757,-0.37567,0
0.04776,-0.0094604,0.031891,2.0482,-0.37415,0
0.041962,-0.0068665,0.045929,2.5033,-0.36774,0
0.028381,-0.0033569,0.06424,1.8206,-0.35706,0
0.014191,-0.0012207,0.076904,2.2757,-0.34027,0
-0.0027466,-0.00045776,0.074768,2.2757,-0.31799,0
-0.01358,-0.0016785,0.063629,3.186,-0.29053,0
-0.016327,-0.00061035,0.052643,2.2757,-0.26581,0
-0.017242,0.002594,0.043945,2.7309,-0.25604,0
-0.007782,0.002594,0.034485,2.7309,-0.26825,0
0.014801,-0.0013733,0.023804,2.7309,-0.28748,0
0.027771,-0.0071716,0.014191,2.7309,-0.2951,0
0.025177,-0.014496,0.0013733,2.2757,-0.27679,0
0.0099182,-0.020599,-0.013275,2.7309,-0.24628,0
-0.010834,-0.02182,-0.022583,2.5033,-0.22003,0
-0.02594,-0.016937,-0.020142,2.2757,-0.21149,0
-0.028839,-0.013885,-0.015564,2.5033,-0.22552,0
-0.023956,-0.014648,-0.014801,2.2757,-0.26123,0
-0.016785,-0.016174,-0.016479,2.7309,-0.30518,0
-0.0094604,-0.015259,-0.01709,2.2757,-0.33844,0
-0.002594,-0.012054,-0.010834,2.2757,-0.34485,0
0.00076294,-0.0073242,-0.00076294,2.5033,-0.32776,0
0.0018311,-0.0024414,0.0085449,2.5033,-0.30396,0
0.0010681,-0.0021362,0.011749,2.0482,-0.28839,0
-0.0024414,-0.0022888,0.015411,1.3655,-0.28656,0
-0.0021362,0.0027466,0.020752,2.2757,-0.29633,0
0.0030518,0.0033569,0.0177,2.0482,-0.29388,0
0.011139,0.002594,0.0079346,1.8206,-0.27008,0
0.016022,0.0076294,0.0039673,1.8206,-0.2478,0
0.023651,0.016327,0.01297,2.2757,-0.24841,0
0.035706,0.02243,0.02533,2.2757,-0.26825,0
0.039825,0.020599,0.028534,2.2757,-0.2887,0
0.031281,0.014038,0.018311,2.5033,-0.29388,0
0.01709,0.011139,0.0032043,2.2757,-0.28229,0
0.0019836,0.012817,-0.0012207,2.0482,-0.25909,0
-0.0080872,0.01709,0.0086975,1.8206,-0.23163,0
-0.0071716,0.023499,0.021515,1.5931,-0.20691,0
-0.0086975,0.027771,0.023651,1.8206,-0.18738,0
-0.024414,0.028534,0.015717,2.2757,-0.17273,0
-0.038757,0.025635,0.0048828,2.2757,-0.15717,0
-0.04776,0.023651,-0.0042725,2.5033,-0.13641,0
-0.037079,0.023804,-0.01358,2.9584,-0.11261,0
-0.011749,0.029602,-0.017395,2.7309,-0.086975,0
-0.0010681,0.037231,-0.0086975,2.2757,-0.062561,0
-0.0065613,0.046997,0.004425,2.5033,-0.041199,0
-0.01297,0.056305,0.010681,2.9584,-0.023804,0
-0.014496,0.063324,0.013885,2.7309,-0.0061035,0
-0.015259,0.062714,0.020447,2.9584,0.012512,0
-0.015259,0.059357,0.02594,2.9584,0.035095,0
-0.015717,0.05249,0.019379,2.9584,0.05249,0
-0.018921,0.041199,0.0097656,2.7309,0.066833,0
-0.028229,0.032196,0.018768,2.5033,0.074463,0
-0.032043,0.030823,0.046387,2.5033,0.07782,0
-0.030823,0.025177,0.068817,2.2757,0.083923,0
-0.035858,0.012817,0.076752,2.2757,0.10223,0
-0.044098,-0.0028992,0.07431,2.2757,0.13214,0
-0.054932,-0.017548,0.061493,2.0482,0.16632,0
-0.078735,-0.028229,0.036163,2.2757,0.19958,0
-0.090332,-0.037537,0.0021362,2.7309,0.23956,0
-0.067749,-0.042267,-0.03067,2.5033,0.27344,0
-0.026703,-0.033875,-0.040588,2.0482,0.27496,0
0.0065613,-0.016632,-0.019531,1.5931,0.24902,0
0.026245,-0.0019836,0.0065613,1.8206,0.22034,0
0.027466,0.010071,0.018921,1.8206,0.20782,0
0.016937,0.021057,0.022736,2.0482,0.21698,0
0.0057983,0.024261,0.023041,2.2757,0.23621,0
0.01297,0.019531,0.018463,1.8206,0.25085,0
0.020447,0.013885,0.014191,2.0482,0.25269,0
0.015564,0.013733,0.015411,2.0482,0.2417,0
0.012665,0.014801,0.021667,1.8206,0.22675,0
0.0085449,0.017548,0.023956,2.0482,0.21667,0
0.0056458,0.024567,0.02533,1.8206,0.21973,0
0.021362,0.032501,0.029907,2.0482,0.23743,0
0.045776,0.028381,0.033722,2.0482,0.26398,0
0.050507,0.016632,0.028992,2.2757,0.29083,0
0.042725,0.0061035,0.015411,2.2757,0.30701,0
0.037994,-0.0019836,-0.00045776,1.8206,0.29968,0
0.041046,-0.010376,-0.014496,1.8206,0.27283,0
0.058594,-0.017242,-0.014191,2.0482,0.24567,0
0.061188,-0.024109,-0.0039673,2.2757,0.23438,0
0.046844,-0.029755,0.0065613,1.8206,0.23773,0
0.040283,-0.036469,0.011444,2.2757,0.24719,0
0.037079,-0.04364,0.010529,2.9584,0.25391,0
0.027771,-0.052948,0.01297,2.5033,0.25391,0
0.014954,-0.065918,0.0097656,2.2757,0.24658,0
0.00045776,-0.084839,-0.0048828,2.5033,0.2359,0
-0.011597,-0.097656,-0.023041,2.2757,0.23254,0
-0.011597,-0.099335,-0.028839,2.5033,0.23682,0
-0.0056458,-0.093689,-0.026093,2.7309,0.24719,0
-0.00030518,-0.09201,-0.014496,2.7309,0.2597,0
0.00076294,-0.092621,0.0042725,2.9584,0.26581,0
-0.0030518,-0.082245,0.015411,2.2757,0.26154,0
-0.012665,-0.064697,0.015106,2.7309,0.24963,0
-0.022125,-0.049896,0.011444,2.7309,0.23651,0
-0.026703,-0.038757,0.017395,2.7309,0.22705,0
-0.023193,-0.032196,0.038757,2.2757,0.22736,0
-0.024719,-0.025635,0.063171,2.5033,0.23041,0
-0.033417,-0.022125,0.076294,2.2757,0.23285,0
-0.038452,-0.023804,0.073242,2.5033,0.22736,0
-0.036316,-0.028839,0.054169,2.0482,0.2179,0
-0.039673,-0.030212,0.027313,2.0482,0.20416,0
-0.029144,-0.023651,0.0042725,1.8206,0.19379,0
-0.0091553,-0.013275,-0.0083923,2.7309,0.18768,0
-0.023651,-0.0054932,-0.011749,2.0482,0.18402,0
-0.057526,0.00015259,-0.023956,2.2757,0.17822,0
-0.065002,0.00030518,-0.046234,2.0482,0.16663,0
-0.045624,-0.0033569,-0.065613,1.8206,0.15106,0
-0.027313,-0.0067139,-0.072021,1.5931,0.13336,0
-0.023346,-0.0085449,-0.068665,1.8206,0.11566,0
-0.032349,-0.0067139,-0.066833,2.2757,0.1001,0
-0.036926,-0.0022888,-0.065765,2.0482,0.087585,0
-0.018311,0.0059509,-0.056763,2.0482,0.076599,0
0.014038,0.013885,-0.036469,2.0482,0.065613,0
0.024414,0.014801,-0.012512,2.0482,0.055542,0
0.0016785,0.014343,0.0012207,2.5033,0.046082,0
-0.027618,0.017548,0.0056458,2.5033,0.037537,0
-0.042114,0.019379,0.0080872,1.8206,0.030518,0
-0.048676,0.020142,0.013428,2.7309,0.023804,0
-0.045776,0.02182,0.023346,2.7309,0.016174,0
-0.028992,0.023499,0.027161,2.7309,0.0079346,0
-0.00030518,0.023804,0.02594,2.2757,-0.00061035,0
0.021973,0.02182,0.028992,1.8206,-0.0082397,0
0.036469,0.019073,0.033417,2.2757,-0.01709,0
0.045013,0.018463,0.034637,1.8206,-0.02594,0
0.033875,0.015259,0.029755,2.5033,-0.030212,0
0.020447,0.009613,0.016327,2.2757,-0.032349,0
0.019989,0.0019836,0.0061035,2.7309,-0.033264,0
0.024872,-0.0019836,0.0018311,2.7309,-0.033264,0
0.012054,0.00030518,0.0021362,2.2757,-0.030823,0
-0.01358,0.0048828,0.007019,2.5033,-0.028992,0
-0.016327,0.0071716,0.014801,2.5033,-0.027466,0
0.0062561,0.0056458,0.024567,2.5033,-0.028687,0
0.042419,0.0048828,0.029907,2.5033,-0.032959,0
0.06424,0.0076294,0.019836,2.2757,-0.038452,0
0.049591,0.01236,0.0061035,2.5033,-0.044556,0
0.030975,0.017395,0.0056458,2.2757,-0.049133,0
0.026855,0.016479,0.018921,1.8206,-0.050659,0
0.026855,0.013733,0.034943,2.2757,-0.049438,0
0.022583,0.014648,0.05127,2.5033,-0.04364,0
0.0080872,0.019684,0.065613,2.7309,-0.038147,0
-0.0079346,0.026703,0.066681,2.9584,-0.036621,0
-0.005188,0.028229,0.054474,2.2757,-0.0354,0
0.019531,0.025635,0.044098,2.7309,-0.03418,0
0.032196,0.028229,0.045624,2.2757,-0.028992,0
0.026398,0.034027,0.050201,2.2757,-0.02594,0
0.016022,0.034485,0.050354,1.8206,-0.02594,0
0.013428,0.029907,0.05249,2.7309,-0.030212,0
0.0099182,0.024872,0.057373,2.5033,-0.038757,0
-0.0079346,0.021973,0.056305,2.0482,-0.05249,0
-0.044708,0.024109,0.048523,1.8206,-0.064697,0
-0.08255,0.018616,0.02594,2.2757,-0.072021,0
-0.10132,0.0032043,-0.0068665,2.2757,-0.071411,0
-0.097351,-0.0042725,-0.019531,2.2757,-0.067444,0
-0.064545,0.0012207,0.0015259,2.0482,-0.064087,0
-0.011292,0.0076294,0.023956,2.0482,-0.064392,0
0.004425,0.011292,0.033875,2.2757,-0.067749,0
-0.0018311,0.011444,0.03952,1.8206,-0.071411,0
-0.0091553,0.0083923,0.039215,1.8206,-0.071106,0
-0.0086975,0.0033569,0.029449,2.5033,-0.066528,0
0.0019836,-0.00076294,0.016022,2.0482,-0.062866,0
0.020599,0.0013733,0.0022888,2.9584,-0.064697,0
0.037537,0.011749,-0.0097656,2.0482,-0.072021,0
0.030212,0.023193,-0.016022,2.2757,-0.085754,0
-0.0054932,0.029755,-0.0097656,2.2757,-0.099182,0
-0.026855,0.03479,0.0094604,2.5033,-0.10986,0
-0.012665,0.03952,0.02655,2.2757,-0.11414,0
0.016022,0.042572,0.028381,2.2757,-0.11414,0
0.021667,0.043182,0.015411,2.5033,-0.11169,0
0.0097656,0.039368,-0.010986,2.7309,-0.11353,0
0.018463,0.031281,-0.044708,2.5033,-0.12054,0
0.047913,0.021667,-0.072937,2.7309,-0.12878,0
0.066376,0.015106,-0.095062,2.0482,-0.1355,0
0.061798,0.011902,-0.10315,2.2757,-0.13824,0
0.052338,0.010834,-0.09964,2.7309,-0.1358,0
0.054932,0.0068665,-0.094147,2.5033,-0.13336,0
0.061646,0.0028992,-0.092163,2.5033,-0.13519,0
0.053101,0.0010681,-0.086975,2.2757,-0.14252,0
0.03006,-0.0016785,-0.071869,1.8206,-0.15594,0
0.0022888,-0.0047302,-0.056458,2.5033,-0.16876,0
-0.014496,-0.0064087,-0.051575,2.7309,-0.17822,0
-0.0030518,-0.0076294,-0.056458,2.2757,-0.17944,0
0.02594,-0.0097656,-0.059357,2.5033,-0.18036,0
0.042572,-0.013733,-0.049744,2.2757,-0.18219,0
0.045624,-0.018311,-0.029144,2.5033,-0.18921,0
0.044098,-0.020752,-0.0080872,2.2757,-0.19714,0
0.039673,-0.021362,0.0076294,1.5931,-0.2002,0
0.023956,-0.018921,0.021515,2.2757,-0.19928,0
0.0047302,-0.013885,0.033417,1.8206,-0.19501,0
-0.0027466,-0.01358,0.038147,2.2757,-0.19073,0
0.0059509,-0.017853,0.035553,2.0482,-0.18921,0
0.01297,-0.018463,0.034943,2.2757,-0.18951,0
0.0047302,-0.016937,0.038147,2.0482,-0.18951,0
-0.015564,-0.013885,0.040283,2.0482,-0.18768,0
-0.038757,-0.009613,0.043182,2.0482,-0.18463,0
-0.054474,-0.0048828,0.037689,1.3655,-0.18066,0
-0.067596,-0.0042725,0.019073,2.2757,-0.17761,0
-0.071564,-0.0093079,-0.0015259,2.0482,-0.177,0
-0.052032,-0.011749,-0.01297,2.7309,-0.17975,0
-0.036774,-0.012817,-0.012817,2.9584,-0.18097,0
-0.050049,-0.015869,-0.0068665,2.9584,-0.18219,0
-0.075531,-0.013428,0.00091553,2.0482,-0.1828,0
-0.070343,-0.0033569,0.0053406,2.5033,-0.18311,0
-0.038757,0.0039673,0.0053406,2.7309,-0.18341,0
-0.024719,0.0056458,0.0042725,2.5033,-0.17731,0
-0.029297,0.007782,0.007782,2.7309,-0.16724,0
-0.054169,0.01236,0.019379,2.7309,-0.15961,0
-0.064087,0.011292,0.01709,2.5033,-0.15625,0
-0.045471,0.0053406,0.0030518,2.2757,-0.15747,0
-0.005188,-0.00076294,-0.0027466,2.2757,-0.159,0
0.057068,-0.0024414,0.0022888,2.5033,-0.16022,0
0.084686,0.00015259,0.012054,2.2757,-0.15717,0
0.06485,0.00015259,0.022278,2.5033,-0.15381,0
0.048218,-0.0013733,0.026245,3.186,-0.15289,0
0.052185,-0.0041199,0.023346,2.7309,-0.15381,0
0.051727,-0.0083923,0.017242,2.2757,-0.15472,0
0.04303,-0.011902,-0.00015259,2.5033,-0.14679,0
0.039825,-0.016785,-0.026703,2.0482,-0.13336,0
0.040283,-0.022583,-0.036469,2.2757,-0.11871,0
0.040436,-0.025787,-0.033417,2.0482,-0.10651,0
0.043488,-0.024109,-0.03418,2.0482,-0.097656,0
0.042572,-0.018768,-0.039978,2.2757,-0.090637,0
0.029755,-0.012665,-0.044861,2.5033,-0.084839,0
0.012665,-0.0083923,-0.048523,2.7309,-0.079651,0
0.00015259,-0.007782,-0.046844,2.2757,-0.075989,0
-0.0061035,-0.013428,-0.042419,2.5033,-0.074158,0
-0.00091553,-0.017853,-0.040131,2.5033,-0.074158,0
0.0048828,-0.018768,-0.043182,2.9584,-0.072327,0
0.0086975,-0.017853,-0.048065,2.7309,-0.06897,0
0.0090027,-0.013123,-0.046844,2.2757,-0.064697,0
0.0028992,-0.0019836,-0.027771,1.8206,-0.059509,0
-0.00091553,0.01297,0.007019,1.5931,-0.052185,0
0.00091553,0.022125,0.041046,2.0482,-0.039978,0
0.0032043,0.028687,0.060272,1.8206,-0.02533,0
0.0015259,0.030518,0.069122,2.5033,-0.0067139,0
-0.01358,0.030518,0.077515,2.2757,0.010376,0
-0.028839,0.028992,0.087738,2.2757,0.02533,0
-0.029449,0.026855,0.09552,1.5931,0.038452,0
-0.029755,0.021973,0.10681,2.0482,0.048218,0
-0.037842,0.011444,0.11337,2.0482,0.057983,0
-0.04776,-0.00076294,0.091248,1.8206,0.066528,0
-0.050354,-0.0097656,0.061951,2.0482,0.072937,0
-0.046539,-0.012207,0.059814,2.9584,0.076904,0
-0.033264,-0.014038,0.078278,2.5033,0.078735,0
-0.011749,-0.017853,0.091858,2.5033,0.079346,0
0.010223,-0.022888,0.10132,2.5033,0.080872,0
0.024567,-0.028992,0.096588,1.8206,0.083618,0
0.027924,-0.037384,0.075378,2.0482,0.088196,0
0.011139,-0.043335,0.042114,2.2757,0.093689,0
-0.011292,-0.042114,0.0018311,2.9584,0.097046,0
-0.020905,-0.030212,-0.027161,2.7309,0.097961,0
-0.015564,-0.011749,-0.037842,2.7309,0.095825,0
-0.0054932,0.00061035,-0.039673,2.2757,0.092163,0
-0.0082397,0.0065613,-0.036621,2.7309,0.090027,0
-0.0094604,0.012817,-0.027161,2.0482,0.090942,0
-0.00015259,0.021515,-0.010529,2.0482,0.097961,0
0.011902,0.02533,0.005188,2.2757,0.10468,0
0.012512,0.019836,0.013885,2.2757,0.10834,0
0.010071,0.01236,0.0064087,2.7309,0.10468,0
0.01358,0.0062561,-0.010986,2.2757,0.1004,0
0.01236,0.00030518,-0.027161,2.9584,0.098267,0
0.00015259,-0.0067139,-0.036011,2.7309,0.098267,0
-0.012207,-0.011902,-0.043488,2.0482,0.096741,0
-0.018768,-0.011444,-0.046082,2.0482,0.09491,0
-0.019379,-0.0085449,-0.040894,2.0482,0.091553,0
-0.0068665,-0.0033569,-0.026093,2.2757,0.086975,0
0.0093079,0,-0.011902,2.2757,0.084839,0
0.0074768,-0.0035095,-0.0050354,1.5931,0.088196,0
-0.0090027,-0.011139,0.0079346,2.5033,0.093994,0
-0.023041,-0.019989,0.029297,2.7309,0.099182,0
-0.024261,-0.027466,0.034332,1.8206,0.1001,0
-0.016327,-0.030365,0.024261,2.0482,0.097046,0
-0.0032043,-0.028687,0.024719,2.0482,0.090942,0
0.0033569,-0.025482,0.043945,1.5931,0.085144,0
-0.0074768,-0.026093,0.070496,2.2757,0.080566,0
-0.016632,-0.029602,0.080719,1.8206,0.082092,0
-0.021973,-0.03067,0.077667,1.3655,0.086975,0
-0.035706,-0.028076,0.064392,2.0482,0.089722,0
-0.049896,-0.024261,0.036774,2.0482,0.092773,0
-0.054626,-0.026245,0.00045776,1.5931,0.091248,0
-0.030823,-0.030365,-0.03067,2.5033,0.087585,0
0.013428,-0.031891,-0.046997,2.0482,0.080566,0
0.032196,-0.028992,-0.044708,2.5033,0.075073,0
0.025787,-0.02121,-0.034943,2.7309,0.071411,0
0.022736,-0.010681,-0.028229,2.2757,0.070496,0
0.031738,0.0013733,-0.024719,2.0482,0.06958,0
0.045776,0.0097656,-0.020599,2.5033,0.066223,0
0.056763,0.009613,-0.011597,2.5033,0.063171,0
0.057983,0.007782,0.0028992,2.0482,0.064697,0
0.047455,0.01236,0.018311,2.5033,0.064697,0
0.027313,0.014191,0.039062,1.8206,0.064392,0
-0.00061035,0.014496,0.062866,1.8206,0.063171,0
-0.02655,0.019989,0.087128,2.0482,0.065613,0
-0.032654,0.025482,0.093994,2.5033,0.069885,0
-0.024872,0.027161,0.075836,2.5033,0.076904,0
-0.015259,0.026855,0.055542,3.186,0.080261,0
-0.0083923,0.02121,0.046387,2.2757,0.081177,0
-0.015411,0.013428,0.033875,2.0482,0.079651,0
-0.025177,0.0086975,0.0080872,2.0482,0.079346,0
-0.023651,0.0083923,-0.027008,2.7309,0.08667,0
0.00091553,0.0036621,-0.06134,2.2757,0.10071,0
0.042877,-0.00061035,-0.079651,2.2757,0.11536,0
0.054016,-0.00091553,-0.077515,1.8206,0.12848,0
0.032959,-0.0028992,-0.072937,1.8206,0.13611,0
0.020447,-0.0079346,-0.082855,1.8206,0.13794,0
0.021973,-0.011749,-0.093994,2.0482,0.13733,0
0.016632,-0.011292,-0.093384,1.8206,0.13153,0
0.0048828,-0.0059509,-0.086975,2.0482,0.12268,0
-0.0076294,-0.00030518,-0.075378,2.0482,0.11505,0
-0.012817,0.0013733,-0.057373,2.0482,0.11047,0
-0.01236,0,-0.044708,2.2757,0.10895,0
-0.014496,-0.0033569,-0.046234,2.0482,0.10925,0
-0.01709,-0.0061035,-0.049133,1.8206,0.10956,0
-0.022125,-0.0076294,-0.040894,2.2757,0.10712,0
-0.029602,-0.010986,-0.022888,1.3655,0.1004,0
-0.03418,-0.014343,-0.0082397,2.2757,0.093689,0
-0.034027,-0.014496,0.0082397,2.0482,0.089722,0
-0.018768,-0.011139,0.030823,2.2757,0.088501,0
0.013428,-0.0062561,0.044403,2.0482,0.089417,0
0.02243,-0.0079346,0.044556,2.2757,0.08728,0
0.007019,-0.010223,0.046692,2.5033,0.082092,0
-0.0033569,-0.011139,0.049744,2.7309,0.07782,0
-0.0022888,-0.013885,0.040283,2.2757,0.074158,0
0.0047302,-0.015717,0.020599,2.5033,0.075378,0
0.015259,-0.013885,-0.0018311,2.2757,0.079346,0
0.019989,-0.0082397,-0.015106,2.5033,0.081177,0
0.02121,-0.0015259,-0.021362,1.8206,0.081177,0
0.018768,0.0012207,-0.031433,2.0482,0.079041,0
0.01297,-0.00015259,-0.045319,2.2757,0.073242,0
0.0038147,-0.00015259,-0.053864,2.9584,0.067749,0
-0.0045776,0.00015259,-0.049896,2.7309,0.06073,0
-0.0085449,-0.0013733,-0.035248,2.2757,0.051575,0
-0.0048828,-0.0038147,-0.021057,2.9584,0.041504,0
0.0042725,-0.0016785,-0.012665,2.9584,0.032043,0
0.015869,-0.00091553,-0.01297,2.0482,0.023804,0
0.027008,0.0010681,-0.019684,2.2757,0.017395,0
0.037994,0.0035095,-0.025024,2.5033,0.010376,0
0.035858,0.0065613,-0.020142,1.8206,0.0039673,0
0.027313,0.011444,-0.0067139,2.2757,-0.00030518,0
0.019989,0.015564,0.0061035,2.0482,-0.0021362,0
0.0085449,0.015106,0.01358,2.2757,-0.0027466,0
-0.0032043,0.014343,0.014038,2.5033,-0.0030518,0
-0.00015259,0.017548,0.0082397,2.5033,-0.00091553,0
0.0013733,0.019836,0.0035095,2.2757,0.0021362,0
-0.0054932,0.022736,0.007782,2.0482,0.0027466,0
-0.013275,0.027924,0.018005,1.8206,0.0015259,0
-0.0097656,0.030365,0.023499,2.5033,-0.00091553,0
0.0032043,0.031586,0.018311,2.5033,-0.0024414,0
0.019226,0.03479,0.016785,2.5033,0.00030518,0
0.033264,0.038147,0.020599,2.0482,0.0076294,0
0.021515,0.037231,0.028992,1.5931,0.019836,0
-0.0091553,0.029602,0.039825,2.0482,0.03418,0
-0.023193,0.019531,0.040741,2.0482,0.043945,0
-0.015411,0.0073242,0.032043,2.5033,0.049133,0
-0.0018311,-0.0012207,0.022888,2.2757,0.049438,0
0.0012207,-0.0012207,0.0080872,2.2757,0.047302,0
0.00045776,0.0035095,-0.0065613,2.0482,0.046082,0
0.00076294,0.0082397,-0.0054932,2.2757,0.047302,0
-0.0039673,0.007782,0.0076294,2.5033,0.048218,0
-0.015411,0.0035095,0.020599,1.8206,0.04425,0
-0.019684,-0.0019836,0.032501,2.2757,0.036316,0
-0.007782,-0.0090027,0.037079,2.0482,0.024719,0
0.0028992,-0.01297,0.033264,2.0482,0.01709,0
-0.0022888,-0.012817,0.027924,2.2757,0.014038,0
-0.013885,-0.013123,0.028381,2.9584,0.014648,0
-0.018005,-0.014648,0.027008,2.7309,0.01709,0
-0.017853,-0.015869,0.032806,2.2757,0.01709,0
-0.0062561,-0.014038,0.048828,2.0482,0.015259,0
0.014954,-0.012207,0.060577,2.2757,0.011292,0
0.032501,-0.011597,0.063629,2.9584,0.0057983,0
0.0383,-0.0090027,0.068359,2.5033,0,0
0.028381,-0.011902,0.075836,2.7309,-0.0012207,0
0.027924,-0.013733,0.084076,2.5033,0.0039673,0
0.042572,-0.0080872,0.089874,2.5033,0.010681,0
0.048218,-0.0018311,0.090942,2.2757,0.011902,0
0.044861,0.0028992,0.085754,2.5033,0.0091553,0
0.029602,0.0053406,0.073853,3.186,0.0054932,0
0.013275,0.0042725,0.048981,2.0482,0.0067139,0
0.0091553,0.0032043,0.018768,2.2757,0.015259,0
-0.00061035,0.0054932,-0.0024414,2.5033,0.024109,0
-0.016937,0.0076294,-0.0048828,2.5033,0.027771,0
-0.021667,0.0091553,-0.0010681,2.0482,0.022583,0
-0.015259,0.010071,-0.0080872,1.8206,0.013428,0
-0.014343,0.010223,-0.021667,2.7309,0.0033569,0
-0.013275,0.0091553,-0.042114,2.5033,-0.0082397,0
-0.013275,0.0071716,-0.074158,2.2757,-0.017395,0
-0.016632,0.0048828,-0.1091,1.3655,-0.021362,0
-0.018158,0.0032043,-0.12863,2.5033,-0.021667,0
-0.013275,0.0041199,-0.12543,1.8206,-0.0177,0
-0.004425,0.0086975,-0.103,1.8206,-0.014954,0
0.0067139,0.0097656,-0.073547,1.8206,-0.013123,0
0.0177,0.0059509,-0.055084,2.0482,-0.012207,0
0.024719,0.00030518,-0.053101,1.8206,-0.013428,0
0.03006,-0.0030518,-0.042267,1.3655,-0.016174,0
0.041962,-0.0039673,-0.014496,1.8206,-0.017395,0
0.052032,-0.0042725,0.0088501,2.0482,-0.020142,0
0.046082,-0.0042725,0.027008,1.8206,-0.022888,0
0.030975,-0.0039673,0.037231,2.0482,-0.023804,0
0.014343,-0.005188,0.033722,2.2757,-0.023804,0
-0.0068665,-0.0076294,0.014801,2.5033,-0.027161,0
-0.036926,-0.0086975,-0.0085449,2.7309,-0.032654,0
-0.043488,-0.0067139,-0.023193,2.0482,-0.038757,0
-0.030518,-0.0024414,-0.023041,2.5033,-0.042114,0
-0.012207,0.00015259,-0.013275,2.5033,-0.040283,0
-0.010681,-0.0013733,-0.01297,3.186,-0.036011,0
-0.016785,-0.0033569,-0.020599,2.5033,-0.031433,0
-0.019226,-0.00061035,-0.013428,2.9584,-0.030212,0
-0.021362,0.0032043,0.007019,2.5033,-0.030518,0
-0.028534,0.0038147,0.027771,2.5033,-0.033569,0
-0.039825,0.0076294,0.036926,2.2757,-0.039978,0
-0.043945,0.015564,0.039978,2.7309,-0.046997,0
-0.038605,0.016632,0.048523,2.2757,-0.047607,0
-0.030823,0.01358,0.061188,2.5033,-0.046082,0
-0.027924,0.012512,0.067139,2.5033,-0.044556,0
-0.030212,0.012665,0.066986,2.5033,-0.048828,0
-0.02594,0.016327,0.062714,2.2757,-0.057068,0
-0.017395,0.021973,0.059509,2.2757,-0.062866,0
-0.0085449,0.027008,0.067139,2.2757,-0.064087,0
-0.0053406,0.041046,0.081787,2.5033,-0.062561,0
-0.010529,0.064087,0.088348,2.2757,-0.061951,0
-0.012665,0.079193,0.084686,2.5033,-0.062561,0
0.0019836,0.083466,0.076294,1.8206,-0.067444,0
0.023651,0.080566,0.066986,2.5033,-0.074463,0
0.029602,0.078583,0.055542,2.2757,-0.080566,0
0.017395,0.079956,0.042725,2.2757,-0.083313,0
0.00045776,0.075684,0.028076,2.2757,-0.083008,0
-0.010681,0.057983,0.011597,2.2757,-0.081177,0
-0.010071,0.036621,0.0010681,2.2757,-0.080261,0
0.0053406,0.021362,-0.0064087,2.0482,-0.07843,0
0.023499,0.011597,-0.023651,2.0482,-0.078125,0
0.031128,-0.002594,-0.051575,2.0482,-0.07843,0
0.027008,-0.024261,-0.074158,2.2757,-0.076904,0
0.0054932,-0.048065,-0.086212,1.8206,-0.075073,0
-0.020905,-0.063934,-0.095062,2.0482,-0.070801,0
-0.041504,-0.069885,-0.10315,2.2757,-0.066223,0
-0.056763,-0.065002,-0.09491,2.2757,-0.060425,0
-0.077362,-0.058746,-0.062561,2.2757,-0.06012,0
-0.080109,-0.051575,-0.021362,2.7309,-0.067444,0
-0.046082,-0.042419,0.015564,2.2757,-0.078735,0
0.0074768,-0.037384,0.057068,2.7309,-0.08667,0
0.049133,-0.033569,0.10101,2.0482,-0.093689,0
0.056152,-0.030212,0.12909,2.2757,-0.098877,0
0.055084,-0.030975,0.12802,1.8206,-0.099182,0
0.072327,-0.036163,0.10468,2.0482,-0.089417,0
0.079803,-0.043335,0.078278,2.0482,-0.073242,0
0.048065,-0.04837,0.05722,2.5033,-0.055847,0
0.0082397,-0.054932,0.036469,2.2757,-0.040894,0
-0.0064087,-0.060577,0.01709,1.8206,-0.027771,0
0.00030518,-0.059204,0.0030518,2.2757,-0.016174,0
-0.0024414,-0.049896,-0.010376,2.7309,-0.0064087,0
-0.018005,-0.038147,-0.024414,2.5033,0.0027466,0
-0.024719,-0.031281,-0.037079,2.2757,0.0073242,0
-0.015717,-0.030365,-0.04425,2.2757,0.0094604,0
-0.0027466,-0.034027,-0.041199,2.5033,0.011292,0
-0.0028992,-0.041046,-0.03418,2.2757,0.012512,0
-0.0041199,-0.042877,-0.032043,2.0482,0.012817,0
0.013428,-0.037994,-0.035706,2.2757,0.012207,0
0.041656,-0.031128,-0.037689,2.2757,0.011902,0
0.06546,-0.027924,-0.03067,2.7309,0.013428,0
0.083313,-0.029755,-0.024872,2.7309,0.018311,0
0.082245,-0.028687,-0.020599,2.2757,0.023804,0
0.062866,-0.026703,-0.0059509,1.8206,0.02533,0
0.036621,-0.024872,0.016479,2.5033,0.022278,0
0.0086975,-0.023193,0.036316,2.0482,0.014954,0
-0.007782,-0.022736,0.045471,2.7309,0.0094604,0
-0.0039673,-0.027924,0.060272,2.5033,0.0048828,0
0.011749,-0.033875,0.089417,2.2757,0.00091553,0
0.020752,-0.034943,0.11169,2.0482,-0.0036621,0
0.013885,-0.026855,0.10956,2.0482,-0.007019,0
0.011597,-0.018005,0.10086,2.0482,-0.011292,0
0.016937,-0.012665,0.10086,2.0482,-0.012207,0
0.020905,-0.0071716,0.10452,2.0482,-0.0097656,0
0.0082397,-0.0027466,0.10651,1.8206,-0.007019,0
-0.015106,0.00091553,0.10696,2.2757,-0.0021362,0
-0.034485,0.0038147,0.10864,2.0482,0.0012207,0
-0.038605,0.0016785,0.11261,2.0482,0.0024414,0
-0.027313,0.0039673,0.11383,1.5931,0.0033569,0
-0.0083923,0.0088501,0.11261,1.3655,0.0042725,0
0.0094604,0.015869,0.11673,1.5931,0.0057983,0
0.015564,0.023956,0.12619,2.2757,0.0088501,0
0.016632,0.031128,0.13336,2.2757,0.016174,0
0.019073,0.032196,0.13382,2.0482,0.02594,0
0.02182,0.027161,0.1236,2.2757,0.033569,0
0.019531,0.024719,0.1062,2.5033,0.037537,0
0.01236,0.027466,0.094757,2.7309,0.039062,0
-0.0053406,0.032806,0.10101,2.9584,0.041199,0
-0.023651,0.037384,0.11444,2.7309,0.046082,0
-0.021515,0.042877,0.11322,2.9584,0.050659,0
0.00045776,0.04837,0.099335,2.2757,0.05188,0
0.010071,0.051727,0.088348,2.9584,0.05249,0
0.0094604,0.051117,0.076904,3.186,0.050964,0
0.012665,0.05127,0.066071,2.7309,0.050659,0
0.010529,0.052948,0.059967,2.2757,0.05249,0
-0.007782,0.054016,0.061646,2.7309,0.056152,0
-0.036469,0.055542,0.053711,2.2757,0.06012,0
-0.056152,0.054321,0.025482,2.2757,0.065002,0
-0.065308,0.048065,-0.0050354,2.9584,0.067749,0
-0.061646,0.042114,-0.026245,2.5033,0.067444,0
-0.047913,0.041199,-0.026703,2.5033,0.066528,0
-0.031281,0.042877,-0.014496,2.2757,0.06897,0
-0.014343,0.04303,-0.0010681,2.7309,0.077515,0
0.00061035,0.041351,-0.0016785,2.7309,0.08606,0
0.0099182,0.039368,-0.013733,2.7309,0.089722,0
0.0013733,0.036621,-0.035706,1.5931,0.08728,0
-0.01358,0.037537,-0.06546,2.0482,0.079346,0
-0.018616,0.039368,-0.092316,0.91037,0.06897,0
-0.016022,0.032959,-0.098114,1.8206,0.061646,0
-0.0091553,0.020142,-0.096588,2.2757,0.06073,0
-0.020294,0.0097656,-0.095215,2.0482,0.066223,0
-0.005188,0.0027466,-0.084991,2.5033,0.073242,0
0.016022,-0.0041199,-0.07019,1.5931,0.079651,0
0.019836,-0.012817,-0.063477,2.0482,0.084839,0
0.01236,-0.021515,-0.06424,1.8206,0.090637,0
0.0054932,-0.023956,-0.06012,2.0482,0.09613,0
0.0067139,-0.02655,-0.051727,2.2757,0.10193,0
0.012665,-0.027924,-0.046234,1.8206,0.1059,0
0.018768,-0.029907,-0.04837,2.0482,0.1123,0
0.016632,-0.032043,-0.053253,2.5033,0.11383,0
0.004425,-0.035095,-0.054932,2.2757,0.11353,0
-0.0039673,-0.032959,-0.050507,1.8206,0.10986,0
-0.0035095,-0.025177,-0.032806,2.7309,0.10895,0
0.0021362,-0.017853,-0.0064087,2.2757,0.10956,0
0.016937,-0.015717,0.012665,2.5033,0.11475,0
0.034637,-0.015869,0.018768,2.2757,0.12329,0
0.037537,-0.013733,0.021667,2.7309,0.13672,0
0.022278,-0.015564,0.027924,2.5033,0.15137,0
0.0010681,-0.023651,0.034637,2.9584,0.16602,0
-0.01358,-0.038757,0.031128,2.7309,0.17639,0
-0.00015259,-0.049286,0.016174,2.9584,0.18311,0
0.037842,-0.051575,0.0032043,2.9584,0.18768,0
0.048523,-0.048676,-0.0039673,2.9584,0.19409,0
0.020599,-0.03952,-0.0027466,2.5033,0.20264,0
-0.0085449,-0.028076,0.0085449,2.0482,0.20752,0
-0.013123,-0.017853,0.018768,2.2757,0.2066,0
0.0050354,-0.0080872,0.03479,3.186,0.20111,0
0.028992,-0.0028992,0.059052,3.4135,0.19257,0
0.029449,-0.0071716,0.070953,2.9584,0.18433,0
0.010986,-0.015869,0.068665,2.7309,0.17975,0
-0.015717,-0.019073,0.062408,2.5033,0.17975,0
-0.036163,-0.0177,0.057831,2.5033,0.17761,0
-0.030975,-0.014496,0.052643,1.5931,0.17517,0
0.0010681,-0.0085449,0.046539,2.0482,0.16815,0
0.035248,-0.0045776,0.036926,2.2757,0.16205,0
0.039673,0.0012207,0.027313,2.2757,0.16418,0
0.015411,0.007782,0.02533,2.5033,0.17181,0
-0.011292,0.0061035,0.032959,2.2757,0.18158,0
-0.023193,-0.0030518,0.044403,2.2757,0.1889,0
-0.014496,-0.0065613,0.054474,2.7309,0.18921,0
0.0022888,-0.00091553,0.062714,2.2757,0.18585,0
0.011139,0.0086975,0.067749,1.5931,0.17822,0
0.013428,0.014191,0.057526,1.8206,0.1709,0
0.0093079,0.01236,0.03479,2.2757,0.16174,0
0.0028992,0.0079346,0.020294,1.8206,0.15564,0
-0.0071716,0.007019,0.020142,2.7309,0.1535,0
-0.015869,0.0090027,0.018158,2.5033,0.15594,0
-0.022736,0.0079346,0.015411,1.8206,0.16357,0
-0.026855,0.0039673,0.016479,1.8206,0.17151,0
-0.032806,0.0013733,0.0083923,2.2757,0.17792,0
-0.034027,-0.00076294,-0.014343,1.1379,0.18005,0
-0.031891,-0.0035095,-0.038757,2.7309,0.18005,0
-0.026703,-0.0032043,-0.056458,2.7309,0.17822,0
-0.022736,0.00091553,-0.075684,2.9584,0.177,0
-0.015259,0.009613,-0.09903,2.5033,0.17822,0
-0.0018311,0.016785,-0.11398,2.5033,0.18005,0
0.0074768,0.017548,-0.11948,2.7309,0.17914,0
0.0073242,0.012512,-0.12054,2.5033,0.17395,0
-0.002594,0.0068665,-0.12299,2.7309,0.16418,0
-0.014648,0.0061035,-0.11948,2.7309,0.15198,0
-0.019989,0.0088501,-0.10727,2.0482,0.14221,0
-0.02533,0.010223,-0.09552,2.7309,0.13733,0
-0.030975,0.011749,-0.083618,3.186,0.13611,0
-0.018921,0.013733,-0.064392,2.9584,0.13062,0
0.011902,0.015259,-0.048218,2.2757,0.12268,0
0.030823,0.013275,-0.045929,2.7309,0.11108,0
0.032043,0.0091553,-0.052795,2.5033,0.1001,0
0.027771,0.0073242,-0.065765,2.5033,0.093079,0
0.020447,0.0091553,-0.079498,2.5033,0.090027,0
0.013885,0.018158,-0.074615,2.9584,0.091248,0
0.012512,0.028229,-0.046387,2.2757,0.093079,0
-0.005188,0.027466,-0.020447,2.5033,0.091248,0
-0.021973,0.019379,-0.011902,2.2757,0.086975,0
-0.0091553,0.015564,-0.014343,2.5033,0.082703,0
0.0099182,0.018921,-0.014496,2.7309,0.081482,0
0.0076294,0.021973,-0.011139,2.0482,0.081177,0
0.00045776,0.020599,-0.0076294,2.0482,0.079956,0
0.010681,0.01709,-0.010529,2.5033,0.076599,0
0.024414,0.01358,-0.020599,2.2757,0.070496,0
0.028229,0.013123,-0.041199,2.0482,0.066528,0
0.033417,0.023041,-0.062561,1.1379,0.066528,0
0.042419,0.036316,-0.080872,1.8206,0.066223,0
0.035858,0.049133,-0.093079,1.8206,0.066833,0
0.019073,0.063782,-0.091858,1.3655,0.066223,0
0.010681,0.075378,-0.079041,1.5931,0.065308,0
0.009613,0.074615,-0.06546,1.3655,0.067444,0
-0.0021362,0.062866,-0.058899,2.2757,0.070496,0
-0.012207,0.054321,-0.05722,1.5931,0.073242,0
0.0080872,0.052185,-0.056915,1.8206,0.070801,0
0.047913,0.05188,-0.056915,1.8206,0.064392,0
0.065002,0.052032,-0.056915,2.5033,0.055847,0
0.047913,0.052032,-0.056763,2.0482,0.05249,0
0.01297,0.051727,-0.057068,1.8206,0.053711,0
-0.0091553,0.051575,-0.056763,2.7309,0.06134,0
-0.014496,0.004425,-0.044556,1.8206,0.075684,0
0.0065613,-0.047913,-0.041962,2.5033,0.087891,0
0.053253,-0.079346,-0.05661,2.9584,0.095825,0
0.061646,-0.093842,-0.064697,2.0482,0.10132,0
0.032043,-0.092316,-0.055695,2.0482,0.099792,0
0.0079346,-0.087585,-0.042267,2.5033,0.094299,0
-0.0057983,-0.086975,-0.026703,2.0482,0.090027,0
-0.02121,-0.096436,-0.011292,3.4135,0.089417,0
-0.037537,-0.11856,-0.005188,3.186,0.089111,0
-0.05127,-0.13901,-0.01358,2.5033,0.08667,0
-0.063629,-0.14725,-0.021973,2.2757,0.079651,0
-0.071716,-0.14893,-0.025024,2.0482,0.06958,0
-0.071259,-0.14893,-0.025177,1.8206,0.057068,0
-0.071869,-0.14877,-0.024872,2.5033,0.050659,0
-0.081635,-0.14877,-0.025177,2.2757,0.049438,0
-0.087891,-0.14877,-0.025177,2.2757,0.054016,0
-0.084229,-0.14893,-0.025177,1.8206,0.057068,0
-0.066376,-0.14877,-0.025177,2.2757,0.059204,0
-0.038147,-0.14908,-0.025024,2.5033,0.056152,0
-0.02182,-0.14893,-0.025024,2.2757,0.055237,0
-0.019073,-0.14877,-0.025177,2.0482,0.054626,0
-0.0086975,-0.14862,-0.025024,1.8206,0.052795,0
0.013275,-0.14862,-0.025024,2.0482,0.048218,0
0.019684,-0.14893,-0.025024,1.8206,0.038147,0
0.011139,-0.14893,-0.024719,2.5033,0.029602,0
0.0035095,-0.14893,-0.025024,2.2757,0.025635,0
0.0068665,-0.14893,-0.024872,2.2757,0.022583,0
0.016479,-0.14893,-0.025024,2.0482,0.011597,0
0.019684,-0.14877,-0.025177,2.5033,-0.0057983,0
0.013428,-0.14862,-0.025024,1.8206,-0.020752,0
0.0067139,-0.14923,-0.025177,2.0482,-0.028992,0
0.0042725,-0.14923,-0.025177,1.5931,-0.029297,0
0.0083923,-0.14908,-0.025024,1.8206,-0.022583,0
0.0048828,-0.14893,-0.02533,1.5931,-0.014954,0
-0.010681,-0.14908,-0.025177,2.2757,-0.021973,0
-0.032806,-0.14893,-0.025024,1.8206,-0.04303,0
-0.037689,-0.14862,-0.025024,1.8206,-0.069275,0
-0.0082397,-0.14908,-0.025024,2.0482,-0.082703,0
0.033264,-0.14893,-0.02533,1.8206,-0.074463,0
0.06485,-0.14908,-0.024414,2.5033,-0.052795,0
0.080109,-0.14877,-0.025024,2.0482,-0.032654,0
0.078125,-0.14908,-0.024872,2.2757,-0.024719,0
0.054626,-0.14893,-0.025177,2.7309,-0.02655,0
0.028992,-0.14893,-0.025177,2.2757,-0.031433,0
0.024719,-0.072632,0.032501,1.8206,-0.034485,0
0.030365,-0.0045776,0.069122,1.8206,-0.031128,0
0.029907,0.015259,0.073853,1.8206,-0.021667,0
0.01709,0.022125,0.066833,1.8206,-0.010071,0
0.0079346,0.029602,0.053711,2.5033,-0.0021362,0
0.0064087,0.035248,0.041809,2.9584,-0.0024414,0
0.0053406,0.03952,0.03006,2.2757,-0.0085449,0
-0.00061035,0.041962,0.024567,2.2757,-0.014343,0
-0.0056458,0.043335,0.022888,2.7309,-0.014038,0
-0.0041199,0.043488,0.026093,2.2757,-0.0039673,0
0.0054932,0.04364,0.036926,2.9584,0.0091553,0
0.021362,0.048981,0.037079,2.7309,0.018005,0
0.031433,0.055695,0.018463,2.7309,0.020142,0
0.025787,0.064392,-0.00091553,2.0482,0.014648,0
0.025177,0.072632,-0.0056458,1.8206,0.00061035,0
0.0383,0.0737,0.0010681,2.2757,-0.012817,0
0.056763,0.070038,0.0082397,2.2757,-0.022583,0
0.061646,0.066376,0.0021362,2.0482,-0.02655,0
0.049286,0.063629,-0.0024414,2.5033,-0.025024,0
0.024261,0.060883,0.00030518,2.5033,-0.022583,0
-0.0056458,0.057373,0.0032043,2.7309,-0.022278,0
-0.023956,0.054016,0.0019836,1.5931,-0.024414,0
-0.021057,0.047607,-0.0056458,1.3655,-0.030823,0
-0.0016785,0.037842,-0.013275,2.0482,-0.036621,0
0.014801,0.025787,-0.013123,1.8206,-0.040283,0
0.0067139,0.015411,-0.016022,2.5033,-0.042419,0
-0.028687,0.0067139,-0.030212,1.8206,-0.042419,0
-0.044708,0.0032043,-0.045776,2.0482,-0.042419,0
-0.027313,0.013123,-0.045624,1.8206,-0.039062,0
-0.013275,0.037537,-0.037231,1.1379,-0.032349,0
-0.015869,0.06012,-0.037384,2.2757,-0.023804,0
-0.013733,0.071106,-0.046234,1.8206,-0.014954,0
-0.0032043,0.068359,-0.057983,1.8206,-0.0064087,0
-0.00030518,0.057983,-0.066986,2.0482,0.0027466,0
-0.0062561,0.046539,-0.069733,1.5931,0.0091553,0
-0.015259,0.036621,-0.066376,2.9584,0.015564,0
-0.021362,0.03479,-0.050507,2.2757,0.023804,0
-0.02533,0.041199,-0.036621,2.0482,0.031128,0
-0.018616,0.047913,-0.027924,2.7309,0.037842,0
0.01236,0.057373,-0.01358,2.5033,0.044556,0
0.052948,0.064087,-0.0028992,2.2757,0.051575,0
0.050201,0.059509,-0.0082397,2.5033,0.058289,0
0.010986,0.043488,-0.026245,2.2757,0.065918,0
-0.030365,0.024719,-0.049591,2.0482,0.071716,0
-0.058899,0.01358,-0.061646,2.0482,0.075073,0
-0.041351,0.0073242,-0.059204,2.2757,0.074768,0
0.0042725,0.0038147,-0.055084,2.2757,0.07019,0
0.021362,0.007782,-0.050354,2.7309,0.065613,0
0.013123,0.015106,-0.049286,2.9584,0.065002,0
0.0079346,0.01358,-0.048523,2.5033,0.070496,0
0.0064087,0.0027466,-0.040741,2.0482,0.080261,0
0.0065613,-0.010223,-0.033722,2.0482,0.090942,0
0.0067139,-0.030975,-0.027618,2.2757,0.10162,0
0.0064087,-0.054016,-0.019379,2.0482,0.10834,0
0.0065613,-0.0737,-0.0065613,1.8206,0.11047,0
0.0065613,-0.084229,0.0061035,1.8206,0.11108,0
0.0065613,-0.081635,0.018158,1.3655,0.10986,0
0.0035095,-0.067596,0.031128,2.2757,0.11047,0
-0.0097656,-0.054474,0.040894,2.5033,0.11383,0
-0.0036621,-0.050354,0.043335,2.2757,0.11932,0
0.012512,-0.053711,0.035095,2.2757,0.12482,0
0.022125,-0.059662,0.012054,2.2757,0.12787,0
0.020905,-0.063629,-0.0085449,2.7309,0.13,0
0.0097656,-0.060577,-0.011902,2.2757,0.13306,0
-0.0013733,-0.049438,-0.0048828,1.5931,0.13977,0
-0.0088501,-0.036774,0.0048828,2.0482,0.14435,0
-0.014954,-0.022888,0.017548,2.0482,0.14404,0
-0.025024,-0.0076294,0.032501,2.0482,0.14069,0
-0.034637,0,0.042114,2.0482,0.13367,0
-0.033569,-0.0027466,0.047455,2.2757,0.12604,0
-0.023499,-0.0067139,0.052643,2.2757,0.1181,0
-0.015106,-0.0076294,0.063019,2.5033,0.10956,0
-0.015564,-0.0054932,0.074615,2.2757,0.10071,0
-0.023956,-0.0042725,0.075073,2.9584,0.091858,0
-0.026398,-0.005188,0.072174,2.5033,0.085144,0
-0.016937,-0.0073242,0.066528,2.2757,0.080566,0
0.00015259,-0.0071716,0.061188,2.0482,0.07843,0
0.016632,-0.0021362,0.06134,2.5033,0.077515,0
0.024719,0.0079346,0.054626,2.7309,0.081177,0
0.032654,0.018463,0.04364,2.2757,0.089417,0
0.035858,0.025635,0.037994,2.2757,0.10132,0
0.029755,0.02655,0.036621,2.2757,0.11017,0
0.018005,0.022125,0.029755,2.2757,0.11475,0
0.0082397,0.019989,0.019226,3.186,0.11169,0
-0.0012207,0.024719,0.011292,2.2757,0.10681,0
-0.01297,0.031128,0.00091553,2.2757,0.1001,0
-0.023804,0.033264,-0.012665,2.5033,0.094299,0
-0.030975,0.030975,-0.020142,2.2757,0.091248,0
-0.036011,0.029449,-0.0177,2.5033,0.093079,0
-0.037689,0.029907,-0.0085449,2.9584,0.096436,0
-0.032043,0.030975,0.013275,2.5033,0.10193,0
-0.019989,0.029144,0.044861,2.7309,0.10681,0
-0.014648,0.02182,0.065308,2.2757,0.10803,0
-0.026703,0.014496,0.068665,2.0482,0.10803,0
-0.049744,0.01236,0.067902,2.7309,0.1062,0
-0.059204,0.012817,0.050964,2.5033,0.10498,0
-0.037231,0.011597,0.016479,2.0482,0.10803,0
0.015411,0.0099182,-0.0065613,2.5033,0.112,0
0.050507,0.018921,0.0028992,2.2757,0.1181,0
0.025787,0.035858,0.02182,2.0482,0.12512,0
-0.0057983,0.040588,0.021973,1.1379,0.13306,0
0.0090027,0.036163,0.0032043,1.5931,0.13794,0
0.051575,0.033417,-0.018311,2.0482,0.14221,0
0.071716,0.034027,-0.030518,1.8206,0.14221,0
0.06012,0.032501,-0.029602,2.2757,0.13855,0
0.038452,0.024872,-0.0082397,2.2757,0.13611,0
0.021667,0.012665,0.031891,2.0482,0.13458,0
0.015869,-0.0097656,0.059357,1.3655,0.13489,0
0.023956,-0.039062,0.05722,1.8206,0.13702,0
0.036011,-0.061493,0.040436,2.2757,0.13794,0
0.037689,-0.07782,0.024261,2.2757,0.13885,0
0.018005,-0.099792,0.011749,1.8206,0.14099,0
-0.0032043,-0.12756,-0.0083923,2.0482,0.14526,0
-0.0094604,-0.13672,-0.027161,2.5033,0.15137,0
0.013123,-0.12177,-0.036163,1.8206,0.15625,0
0.037231,-0.095673,-0.046997,2.2757,0.15656,0
0.028839,-0.072021,-0.068054,2.5033,0.15228,0
0.007782,-0.054474,-0.07843,2.5033,0.14313,0
-0.007019,-0.042572,-0.061646,2.5033,0.13336,0
-0.018005,-0.026703,-0.032196,2.7309,0.12421,0
-0.024261,-0.011902,-0.0085449,1.8206,0.12146,0
-0.015106,0.0015259,0.0083923,2.2757,0.12543,0
-0.0013733,0.014648,0.025482,2.2757,0.13214,0
0.0018311,0.024872,0.041046,2.2757,0.13885,0
-0.0022888,0.032806,0.055237,2.0482,0.13947,0
-0.0041199,0.046844,0.06424,2.7309,0.13428,0
-0.0022888,0.069733,0.061798,2.0482,0.12573,0
-0.0035095,0.086365,0.042572,2.2757,0.12024,0
-0.0097656,0.093079,0.0093079,2.2757,0.12085,0
-0.012207,0.099335,-0.015259,2.2757,0.12512,0
-0.012817,0.10437,-0.025024,2.5033,0.12848,0
-0.012817,0.1062,-0.027466,2.2757,0.12665,0
-0.01297,0.1062,-0.027771,2.0482,0.1239,0
-0.012817,0.1062,-0.027618,1.8206,0.11749,0
-0.012817,0.10605,-0.027618,2.7309,0.11169,0
-0.012665,0.10605,-0.027771,1.8206,0.10651,0
-0.0093079,0.0010681,-0.0177,2.2757,0.10468,0
0.0010681,-0.080414,-0.0085449,1.8206,0.10376,0
-0.0065613,-0.092468,-0.0038147,1.8206,0.10498,0
-0.0099182,-0.089569,0.0041199,1.8206,0.10742,0
-0.0061035,-0.087891,0.01236,2.0482,0.11078,0
-0.0062561,-0.079498,0.019073,1.5931,0.11444,0
-0.011139,-0.06424,0.030975,2.2757,0.11749,0
-0.014038,-0.042725,0.046082,1.8206,0.11871,0
-0.011902,-0.024567,0.055389,2.0482,0.1178,0
-0.0035095,-0.017853,0.057831,2.5033,0.11353,0
0.0085449,-0.016327,0.058289,1.5931,0.11108,0
0.011902,-0.016022,0.057983,2.2757,0.10834,0
0.0073242,-0.016022,0.058289,1.8206,0.10773,0
0.0056458,-0.021057,0.061646,1.5931,0.10681,0
0.010223,-0.029755,0.067444,2.5033,0.10406,0
0.013885,-0.032349,0.075226,2.2757,0.097961,0
0.0090027,-0.029449,0.070038,2.0482,0.091248,0
-0.0024414,-0.025787,0.049591,2.0482,0.084534,0
-0.0094604,-0.025482,0.028229,2.5033,0.080566,0
-0.011902,-0.025787,0.012817,2.5033,0.077515,0
-0.0059509,-0.023956,0.007019,2.0482,0.076904,0
-0.0053406,-0.015106,0.0010681,2.2757,0.076294,0
-0.042267,-0.010681,-0.019379,2.2757,0.079651,0
-0.10178,-0.0086975,-0.042267,2.2757,0.080566,0
-0.13657,-0.0010681,-0.05722,3.186,0.083923,0
-0.1181,0.0039673,-0.065155,2.7309,0.085144,0
-0.051575,0.0021362,-0.063782,2.5033,0.085144,0
0.038757,0.0028992,-0.052948,3.186,0.080872,0
0.094147,0.0094604,-0.042877,2.2757,0.073853,0
0.07782,0.017548,-0.041809,2.5033,0.065002,0
0.031433,0.027618,-0.041351,2.7309,0.054016,0
-0.0076294,0.039673,-0.032349,1.8206,0.04303,0
-0.017853,0.045471,-0.019379,2.9584,0.036926,0
0.019531,0.046997,-0.012817,3.186,0.036011,0
0.063782,0.046997,-0.010681,1.8206,0.039978,0
0.077972,0.047302,-0.010376,1.8206,0.04303,0
0.074005,0.041504,-0.016937,2.0482,0.043335,0
0.061951,0.032654,-0.027618,2.0482,0.040588,0
0.044403,0.027466,-0.020447,1.8206,0.036926,0
0.034332,0.022125,0.0062561,2.0482,0.033264,0
0.029907,0.016022,0.025024,2.0482,0.030212,0
0.019989,0.01358,0.015717,2.0482,0.028687,0
0.0027466,0.013733,0.0032043,1.8206,0.026855,0
-0.010529,0.024261,-0.00091553,2.2757,0.020142,0
-0.014648,0.0383,-0.0018311,2.2757,0.0094604,0
-0.014343,0.042267,-0.0016785,2.5033,-0.0015259,0
-0.010681,0.03952,0.007019,2.0482,-0.0088501,0
-0.0013733,0.036926,0.021057,1.1379,-0.010986,0
0.011597,0.032959,0.03479,2.0482,-0.0076294,0
0.021057,0.02594,0.042419,1.3655,-0.0048828,0
0.026093,0.018158,0.039825,2.0482,-0.0036621,0
0.029755,0.007019,0.025635,1.5931,-0.005188,0
0.03006,-0.0054932,0.0019836,2.2757,-0.0064087,0
0.026398,-0.02182,-0.026398,1.8206,-0.0076294,0
0.019226,-0.042877,-0.050201,2.0482,-0.0094604,0
0.013275,-0.0737,-0.072479,1.8206,-0.0097656,0
0.0083923,-0.10406,-0.097046,1.8206,-0.0088501,0
0.0068665,-0.11917,-0.11215,1.5931,-0.0064087,0
0.007019,-0.11139,-0.10391,2.0482,-0.0039673,0
0.0059509,-0.092163,-0.07309,2.2757,0.00030518,0
0.00015259,-0.071411,-0.038147,1.8206,0.0057983,0
-0.011749,-0.054474,-0.013733,2.2757,0.0091553,0
-0.030518,-0.04715,0.0030518,2.2757,0.013123,0
-0.047913,-0.039978,0.0073242,2.2757,0.013428,0
-0.056458,-0.031586,0.0024414,2.9584,0.012817,0
-0.052948,-0.028076,0.0019836,2.5033,0.010376,0
-0.029907,-0.028534,0.0082397,2.7309,0.0088501,0
-0.00091553,-0.02533,0.011749,2.7309,0.0091553,0
0.007019,-0.019684,0.016479,1.8206,0.0076294,0
-0.0016785,-0.013428,0.030365,2.5033,0.0027466,0
-0.012207,-0.0099182,0.046844,2.5033,-0.0064087,0
-0.013275,-0.0056458,0.057831,2.5033,-0.019531,0
-0.011444,-0.00045776,0.06485,2.2757,-0.033264,0
-0.010681,0.0032043,0.074005,2.0482,-0.045166,0
-0.012054,0.0062561,0.084076,2.2757,-0.05188,0
-0.012054,0.012512,0.093079,1.3655,-0.05249,0
-0.0076294,0.016785,0.10498,1.8206,-0.050659,0
0.00030518,0.018005,0.11673,2.2757,-0.046997,0
0.0013733,0.018921,0.11139,2.5033,-0.046082,0
0.0012207,0.019989,0.085144,2.2757,-0.049744,0
0.0047302,0.020294,0.062714,2.2757,-0.057068,0
0.0059509,0.019073,0.055389,1.1379,-0.067444,0
0.0059509,0.020447,0.040588,1.5931,-0.076599,0
0.0032043,0.023651,0.014038,1.8206,-0.082092,0
0.00045776,0.023651,0.0053406,2.0482,-0.085144,0
0.0019836,0.020752,0.020905,2.7309,-0.085754,0
0.0065613,0.020905,0.032654,2.2757,-0.086975,0
0.0079346,0.019836,0.028992,2.2757,-0.088196,0
0.0041199,0.018463,0.022583,2.2757,-0.092163,0
-0.0024414,0.022583,0.022125,2.0482,-0.095215,0
-0.0061035,0.03006,0.025635,1.8206,-0.097961,0
-0.0038147,0.041046,0.033722,1.5931,-0.10193,0
-0.00091553,0.054016,0.041351,1.1379,-0.1062,0
0.0016785,0.066376,0.038147,1.8206,-0.10895,0
-0.0010681,0.071716,0.027618,1.5931,-0.11047,0
-0.0013733,0.067596,0.015717,1.3655,-0.11292,0
0.0035095,0.063477,0.010223,2.0482,-0.11658,0
0.0097656,0.060883,0.016022,2.2757,-0.11902,0
0.004425,0.060577,0.028687,2.7309,-0.12115,0
-0.0054932,0.059204,0.036316,2.5033,-0.1236,0
-0.0088501,0.059814,0.024872,2.5033,-0.12451,0
-0.007782,0.062714,0.0033569,2.7309,-0.1236,0
-0.011597,0.064087,-0.0053406,2.7309,-0.12329,0
-0.015411,0.067596,-0.0091553,2.5033,-0.12482,0
-0.01358,0.065002,-0.018463,2.2757,-0.12909,0
-0.011749,0.058441,-0.026245,2.2757,-0.13672,0
-0.014496,0.054932,-0.034943,2.2757,-0.14648,0
-0.023346,0.052032,-0.04364,2.2757,-0.15076,0
-0.043488,0.057068,-0.032349,2.7309,-0.15381,0
-0.066986,0.064697,-0.0022888,2.5033,-0.15472,0
-0.064087,0.063782,0.02243,2.7309,-0.15533,0
-0.025177,0.052032,0.029907,2.9584,-0.15869,0
0.0086975,0.04425,0.029907,2.9584,-0.16357,0
-0.00030518,0.044403,0.028076,2.5033,-0.16693,0
-0.01297,0.0383,0.02243,2.7309,-0.16846,0
0.0047302,0.025177,0.0076294,2.2757,-0.16754,0
0.028839,0.015869,-0.0074768,2.2757,-0.16174,0
0.030823,0.016785,-0.01297,2.5033,-0.15442,0
0.019531,0.014801,-0.015717,1.5931,-0.14648,0
0.018463,0.00076294,-0.025024,1.3655,-0.13824,0
0.0177,-0.019073,-0.043488,1.8206,-0.13153,0
0.0045776,-0.035553,-0.062408,2.2757,-0.12756,0
-0.014343,-0.050507,-0.074768,2.0482,-0.12421,0
-0.028076,-0.071716,-0.08667,2.2757,-0.12115,0
-0.034027,-0.083313,-0.089722,2.2757,-0.11658,0
-0.032043,-0.069275,-0.070801,2.0482,-0.112,0
-0.032959,-0.054016,-0.048523,1.8206,-0.10803,0
-0.040741,-0.052338,-0.036621,1.8206,-0.10193,0
-0.036469,-0.059662,-0.028534,2.2757,-0.092163,0
-0.022736,-0.064392,-0.025177,2.7309,-0.082092,0
-0.010376,-0.06546,-0.030518,2.0482,-0.074158,0
0.00076294,-0.070343,-0.036621,1.8206,-0.070801,0
0.0079346,-0.077515,-0.032043,1.5931,-0.071106,0
0.015259,-0.079346,-0.022736,2.0482,-0.07019,0
0.019226,-0.070343,-0.016022,1.8206,-0.064697,0
0.0088501,-0.05722,-0.0065613,1.5931,-0.058289,0
-0.0057983,-0.045471,0.0065613,2.5033,-0.049438,0
-0.016479,-0.0383,0.015411,2.7309,-0.039978,0
-0.023346,-0.032654,0.020599,2.7309,-0.029907,0
-0.033722,-0.021362,0.022278,2.5033,-0.021973,0
-0.039673,-0.0065613,0.019531,2.0482,-0.019531,0
-0.033112,-0.0012207,0.0083923,2.5033,-0.022888,0
-0.018616,-0.0010681,-0.0033569,2.5033,-0.025635,0
-0.011749,0.0064087,-0.004425,2.2757,-0.028992,0
-0.015259,0.014648,0.0015259,2.0482,-0.028076,0
-0.017548,0.017548,0.0074768,2.5033,-0.021973,0
-0.019073,0.015411,0.015259,2.0482,-0.013123,0
-0.018616,0.015106,0.023499,2.5033,-0.0036621,0
-0.020294,0.014038,0.026703,1.8206,0.0097656,0
-0.03418,0.012054,0.019531,2.7309,0.02594,0
-0.052338,0.011749,0.011902,2.2757,0.041809,0
-0.059967,0.007019,0.007782,2.5033,0.055542,0
-0.050659,0.0021362,0.010223,2.7309,0.062866,0
-0.026245,0.0041199,0.016479,2.2757,0.067444,0
-0.0080872,0.0059509,0.019379,3.186,0.06958,0
-0.010834,0.0065613,0.023804,2.5033,0.067139,0
-0.010529,0.010071,0.033569,2.5033,0.062256,0
-0.0016785,0.013275,0.043488,2.5033,0.055847,0
0.0048828,0.017242,0.050354,2.7309,0.050964,0
0.0012207,0.022125,0.051575,2.0482,0.044861,0
-0.0024414,0.023499,0.044556,2.7309,0.03479,0
-0.00061035,0.021515,0.023346,2.9584,0.023193,0
-0.0019836,0.024261,-0.0039673,2.2757,0.014038,0
-0.0019836,0.036163,-0.023651,2.9584,0.011597,0
0.0027466,0.051727,-0.027161,2.0482,0.011902,0
0.0032043,0.066833,-0.023804,2.2757,0.01709,0
0.00030518,0.078583,-0.019989,2.2757,0.021973,0
0.0041199,0.077209,-0.024414,2.0482,0.027771,0
0.013123,0.066223,-0.038147,1.8206,0.036621,0
0.020294,0.049591,-0.053558,1.5931,0.050049,0
0.029449,0.038757,-0.06958,2.0482,0.061951,0
0.03418,0.034027,-0.077515,2.2757,0.066528,0
0.019226,0.038452,-0.067596,2.0482,0.062561,0
-0.0032043,0.055847,-0.043488,2.5033,0.055237,0
-0.007019,0.075226,-0.018616,1.8206,0.054321,0
0.019379,0.088043,-0.0067139,2.2757,0.058594,0
0.045319,0.098877,-0.0012207,2.2757,0.055542,0
0.024414,0.10483,-0.0056458,2.5033,0.0354,0
-0.011902,0.10223,-0.016174,2.2757,0.0027466,0
-0.032196,0.091553,-0.021667,2.5033,-0.025024,0
-0.039062,0.076752,-0.021667,2.7309,-0.036316,0
-0.040894,0.061646,-0.019684,3.186,-0.030212,0
-0.038147,0.047913,-0.0090027,2.7309,-0.0079346,0
-0.026093,0.033112,0.010529,2.2757,0.019531,0
-0.015259,0.0074768,0.032806,2.5033,0.045471,0
-0.012665,-0.029144,0.043488,2.7309,0.066528,0
-0.011597,-0.066833,0.040283,2.7309,0.084534,0
-0.015411,-0.098724,0.034485,2.9584,0.10651,0
-0.023956,-0.11612,0.032043,2.0482,0.13824,0
-0.037231,-0.12726,0.029449,2.2757,0.17181,0
-0.043335,-0.13763,0.025177,2.5033,0.20416,0
-0.034027,-0.1413,0.022583,2.2757,0.23102,0
-0.011749,-0.13962,0.023193,2.7309,0.24811,0
0.00076294,-0.13748,0.017853,2.0482,0.25482,0
-0.0018311,-0.13657,0.0088501,2.7309,0.25635,0
-0.0079346,-0.13657,-0.00091553,2.7309,0.25299,0
-0.0038147,-0.13214,-0.0062561,2.0482,0.24994,0
0.0036621,-0.1268,-0.0076294,2.5033,0.24628,0
0.0074768,-0.12833,-0.013733,2.9584,0.24475,0
0.0065613,-0.13092,-0.025177,2.2757,0.24323,0
0.0041199,-0.12695,-0.030365,1.8206,0.24445,0
0.0056458,-0.11703,-0.024719,1.8206,0.24536,0
0.0062561,-0.10269,-0.016327,2.2757,0.24811,0
0.0041199,-0.090637,-0.013275,2.0482,0.25177,0
0.00076294,-0.082092,-0.0082397,2.5033,0.25635,0
-0.0013733,-0.076141,-0.0039673,1.8206,0.26154,0
-0.0016785,-0.06897,-0.0035095,2.0482,0.27008,0
-0.0027466,-0.058441,-0.0028992,1.8206,0.27954,0
0.0012207,-0.048676,0.0016785,1.8206,0.28656,0
0.0073242,-0.038605,0.0028992,1.8206,0.28992,0
0.012512,-0.027924,0.0015259,2.0482,0.28839,0
0.009613,-0.018768,0.0019836,2.0482,0.28687,0
0.010071,-0.013428,0.0061035,1.5931,0.28717,0
0.013275,-0.010529,0.010681,2.0482,0.28992,0
0.0091553,-0.0094604,0.011292,2.2757,0.29785,0
-0.0015259,-0.0080872,-0.00015259,2.5033,0.31311,0
-0.0061035,-0.0041199,-0.016022,2.2757,0.33325,0
-0.0012207,-0.0010681,-0.025787,1.8206,0.35583,0
0.0033569,0.00030518,-0.031433,2.2757,0.37323,0
0.0053406,0.00091553,-0.03067,2.7309,0.38452,0
0.0047302,0.0033569,-0.022736,2.9584,0.38879,0
0.0018311,0.0062561,-0.014038,2.5033,0.39124,0
-0.00030518,0.010223,-0.0068665,2.9584,0.39154,0
0.0041199,0.016937,-0.0028992,2.2757,0.39368,0
0.014648,0.026398,0.0012207,2.7309,0.39886,0
0.018463,0.034943,0.0033569,2.0482,0.40314,0
0.010681,0.03891,0.0041199,2.0482,0.40314,0
0.00015259,0.040131,0.0042725,2.2757,0.39642,0
-0.0016785,0.040131,0.0041199,2.5033,0.38025,0
0.0033569,0.039978,0.0039673,2.5033,0.35858,0
0.0027466,0.035553,0.016632,2.2757,0.34088,0
-0.0039673,0.025482,0.028687,2.5033,0.32715,0
-0.0042725,0.012665,0.023346,2.5033,0.32013,0
0.00076294,0.0074768,0.021515,2.7309,0.31769,0
0.0076294,0.014343,0.033264,2.7309,0.31738,0
0.015411,0.022278,0.050354,2.7309,0.31647,0
0.02182,0.02594,0.066681,2.7309,0.31616,0
0.017242,0.032349,0.078278,2.5033,0.31555,0
0.0053406,0.037842,0.085907,2.5033,0.31464,0
-0.0054932,0.03952,0.0914,2.0482,0.31555,0
-0.01358,0.033112,0.093079,2.2757,0.31525,0
-0.011749,0.03067,0.089417,1.8206,0.31342,0
0.00045776,0.033264,0.092926,2.2757,0.30975,0
0.020142,0.031433,0.10574,2.2757,0.30365,0
0.03418,0.028687,0.11353,2.2757,0.29633,0
0.034027,0.024261,0.11002,2.5033,0.28992,0
0.029602,0.019073,0.10757,2.2757,0.28076,0
0.028381,0.017242,0.10681,2.0482,0.27466,0
0.027618,0.015564,0.1062,2.2757,0.26947,0
0.021973,0.014496,0.10147,2.5033,0.26489,0
0.01236,0.017548,0.092163,2.7309,0.26062,0
0.0067139,0.022278,0.086212,2.7309,0.25818,0
0.016327,0.028076,0.085907,2.7309,0.25665,0
0.026703,0.033112,0.087433,2.2757,0.25726,0
0.023651,0.035095,0.080872,2.2757,0.25757,0
0.016632,0.031738,0.067139,2.5033,0.25726,0
0.014801,0.028229,0.053253,2.7309,0.25421,0
0.016479,0.025635,0.040283,2.5033,0.24811,0
0.017395,0.023346,0.025482,2.7309,0.24017,0
0.014343,0.019226,0.015717,2.2757,0.23163,0
0.007782,0.019989,0.016785,3.186,0.2182,0
0.0042725,0.027924,0.027008,2.2757,0.20142,0
0.0021362,0.033569,0.036774,2.2757,0.18311,0
0.007019,0.036163,0.040283,2.7309,0.16296,0
0.011139,0.033722,0.040894,2.5033,0.1413,0
0.0076294,0.02533,0.041199,2.9584,0.1236,0
-0.0012207,0.015717,0.041046,2.9584,0.10956,0
-0.01358,0.0068665,0.041046,2.0482,0.097046,0
-0.010529,-0.0015259,0.041199,2.2757,0.08606,0
-0.0041199,-0.0027466,0.046692,2.0482,0.076599,0
0.0073242,-0.00015259,0.051575,2.9584,0.065918,0
0.033112,0.00061035,0.053101,2.7309,0.056458,0
0.043488,0.00061035,0.053558,2.2757,0.048523,0
0.045624,0.00076294,0.053253,2.9584,0.039978,0
0.045776,0.004425,0.060272,2.9584,0.033264,0
0.045624,0.0177,0.06012,2.0482,0.025024,0
0.037384,0.034485,0.046997,2.2757,0.018005,0
0.0012207,0.039673,0.032806,2.5033,0.014648,0
-0.019073,0.029297,0.019226,2.5033,0.016174,0
-0.02533,0.017853,0.0080872,2.0482,0.021667,0
-0.021362,0.015106,0.0099182,2.7309,0.02655,0
-0.0047302,0.013885,0.01236,2.7309,0.027466,0
0.014648,0.010986,-0.00061035,2.2757,0.023804,0
0.012054,0.0085449,-0.016174,2.0482,0.018005,0
0.0039673,0.0056458,-0.020599,2.0482,0.0097656,0
0.007782,0.0012207,-0.015869,2.0482,0.0018311,0
0.014343,-0.0036621,-0.010681,1.5931,-0.0057983,0
0.010223,-0.002594,-0.002594,1.5931,-0.011902,0
-0.0048828,0.0045776,0.0073242,2.2757,-0.018616,0
-0.016479,0.0065613,0.010223,1.8206,-0.022888,0
-0.015411,0.0030518,0.0073242,1.8206,-0.024109,0
-0.007019,0.0015259,0.0032043,2.2757,-0.021057,0
0.0045776,0.0091553,0.0036621,1.8206,-0.012207,0
0.015869,0.019379,0.007019,2.9584,-0.0018311,0
0.016327,0.024414,0.012512,2.0482,0.0088501,0
0.0042725,0.028839,0.02243,2.2757,0.020142,0
-0.0045776,0.037537,0.029144,2.0482,0.033569,0
-0.0053406,0.045776,0.032349,2.5033,0.045471,0
0.0061035,0.048981,0.030212,2.5033,0.058594,0
0.026855,0.045013,0.018158,2.2757,0.072327,0
0.042114,0.038605,-0.0059509,2.7309,0.08728,0
0.044556,0.031281,-0.036316,2.7309,0.10162,0
0.040741,0.019531,-0.057373,2.5033,0.11627,0
0.038147,0.0053406,-0.061646,2.2757,0.13092,0
0.032654,-0.0019836,-0.049133,2.2757,0.14343,0
0.026398,-0.0018311,-0.029755,2.5033,0.15503,0
0.020142,0,-0.024261,3.4135,0.16724,0
0.018768,-0.0013733,-0.0354,2.9584,0.18188,0
0.018463,0.0012207,-0.041656,2.2757,0.19958,0
0.016022,0.007782,-0.027466,2.5033,0.2182,0
0.015564,0.019073,-0.0022888,2.7309,0.2359,0
0.012665,0.030975,0.011749,3.186,0.25085,0
0.010834,0.03891,0.012512,2.5033,0.26428,0
0.01358,0.040894,0.0090027,2.7309,0.27924,0
0.017548,0.031128,0.005188,2.7309,0.29663,0
0.021057,0.015869,-0.0073242,2.2757,0.31555,0
0.023499,0.0076294,-0.02243,2.0482,0.33051,0
0.027466,0.0042725,-0.028992,2.5033,0.34668,0
0.027618,-0.0012207,-0.031281,2.0482,0.36316,0
0.022278,-0.010986,-0.033264,1.8206,0.38116,0
0.014343,-0.027618,-0.03891,2.7309,0.39703,0
0.0088501,-0.049744,-0.052185,2.2757,0.40863,0
0.0074768,-0.069275,-0.071411,1.5931,0.41718,0
0.0086975,-0.080872,-0.088043,2.2757,0.42358,0
0.0082397,-0.080109,-0.089722,2.5033,0.4303,0
0.0042725,-0.075226,-0.081024,2.7309,0.43823,0
0.0035095,-0.07309,-0.075073,2.2757,0.45105,0
0.0021362,-0.070343,-0.071259,1.8206,0.46234,0
-0.0010681,-0.06485,-0.060883,1.8206,0.47394,0
-0.0067139,-0.057678,-0.041046,2.2757,0.48157,0
-0.005188,-0.052948,-0.024719,2.0482,0.48615,0
0.0016785,-0.049744,-0.018311,2.2757,0.49164,0
0.0053406,-0.044861,-0.015411,2.0482,0.49866,0
0.005188,-0.032501,-0.004425,2.0482,0.50598,0
0.0079346,-0.020142,0.014801,1.5931,0.513,0
0.016632,-0.013123,0.035248,2.5033,0.51941,0
0.02533,-0.012665,0.047607,2.9584,0.52216,0
0.028076,-0.012207,0.047607,1.8206,0.51971,0
0.017548,-0.0068665,0.043793,2.2757,0.51208,0
0.0079346,-0.0015259,0.046997,2.0482,0.50568,0
0.0039673,-0.0015259,0.050507,2.2757,0.50293,0
0.0047302,-0.010376,0.04776,2.2757,0.50385,0
0.0050354,-0.02533,0.037842,2.5033,0.50385,0
0.012817,-0.035248,0.028839,2.2757,0.49805,0
0.01236,-0.030975,0.023804,2.7309,0.4895,0
-0.0018311,-0.020905,0.0097656,2.2757,0.47913,0
-0.012054,-0.015259,-0.018311,2.5033,0.46844,0
-0.010071,-0.013733,-0.037384,2.2757,0.45837,0
-0.00061035,-0.01236,-0.03418,2.9584,0.44769,0
0.0033569,-0.009613,-0.018921,2.9584,0.43427,0
0.004425,-0.0094604,0.0036621,2.9584,0.42023,0
0.0041199,-0.012054,0.020599,2.9584,0.40924,0
0.0038147,-0.01358,0.018158,2.5033,0.40192,0
0.0041199,-0.012512,0.0073242,2.5033,0.39917,0
0.0041199,-0.016174,-0.0033569,2.2757,0.39917,0
0.00015259,-0.023193,-0.013428,2.2757,0.39948,0
-0.015717,-0.031128,-0.016022,2.5033,0.39764,0
-0.014191,-0.034943,-0.00091553,3.186,0.38879,0
-0.016022,-0.041351,0.015106,2.9584,0.37415,0
-0.022888,-0.05249,0.0083923,2.9584,0.35645,0
-0.028839,-0.062714,-0.0080872,2.5033,0.33997,0
-0.026703,-0.067139,-0.015259,2.2757,0.32776,0
-0.014648,-0.066986,-0.013275,2.0482,0.31769,0
0.00045776,-0.065918,-0.012207,1.8206,0.31006,0
0.0059509,-0.070343,-0.0091553,2.2757,0.3006,0
0.00045776,-0.076141,-0.0062561,2.9584,0.28717,0
-0.0024414,-0.079498,-0.0093079,2.5033,0.27008,0
-0.0038147,-0.072937,-0.0048828,2.2757,0.25391,0
-0.0088501,-0.059357,0.014496,1.5931,0.24017,0
-0.012665,-0.045624,0.032501,1.8206,0.23132,0
-0.010376,-0.040741,0.03479,1.8206,0.2301,0
-0.004425,-0.037994,0.027008,1.8206,0.23041,0
0.005188,-0.033112,0.019989,1.8206,0.23071,0
0.014801,-0.02243,0.013885,2.2757,0.22644,0
0.017395,-0.0097656,0.01709,2.2757,0.21881,0
0.013733,0.0024414,0.029907,2.0482,0.20966,0
0.012665,0.0091553,0.039215,2.5033,0.20203,0
0.01236,0.012207,0.03952,2.9584,0.19592,0
0.0091553,0.016479,0.029297,2.9584,0.18951,0
0.0013733,0.020905,0.016174,2.0482,0.18402,0
-0.0059509,0.022583,0.0074768,2.7309,0.17548,0
-0.010834,0.026245,0.0028992,2.5033,0.1651,0
-0.013428,0.0354,-0.0041199,2.0482,0.15472,0
-0.018311,0.045319,-0.011444,2.7309,0.14374,0
-0.022888,0.054474,-0.010834,2.0482,0.13306,0
-0.027618,0.060883,-0.0021362,3.186,0.12482,0
-0.029297,0.062561,0.0064087,2.9584,0.11963,0
-0.027008,0.061035,0.0059509,2.2757,0.11505,0
-0.019073,0.057373,-0.0035095,2.5033,0.11169,0
-0.010223,0.048065,-0.017242,2.9584,0.10651,0
-0.0035095,0.037079,-0.03067,2.5033,0.099487,0
-0.0018311,0.02655,-0.039978,2.0482,0.093994,0
-0.0062561,0.013275,-0.04364,2.9584,0.090027,0
-0.0079346,0,-0.045776,2.7309,0.088806,0
0.00061035,-0.00076294,-0.034027,2.7309,0.090637,0
0.018311,0.004425,-0.010529,2.5033,0.091553,0
0.02594,0.007019,0.007782,2.0482,0.093994,0
0.018005,0.0059509,0.007019,2.0482,0.094604,0
0.011292,0.0013733,-0.0093079,2.5033,0.09491,0
0.007782,0.0012207,-0.023651,2.0482,0.094299,0
0.0054932,0.007019,-0.025482,2.7309,0.094604,0
0.0057983,0.009613,-0.022583,2.2757,0.095215,0
0.0050354,0.0013733,-0.018463,2.5033,0.093689,0
0.0053406,-0.0071716,-0.01358,2.0482,0.090942,0
0.0027466,-0.0074768,-0.0010681,1.8206,0.086975,0
-0.00015259,-0.0013733,0.025482,2.5033,0.083313,0
-0.0018311,0.0033569,0.045471,2.2757,0.081787,0
-0.0010681,0.0032043,0.055084,2.5033,0.080261,0
-0.0010681,0.0012207,0.04837,2.2757,0.078735,0
-0.002594,0.00076294,0.029602,2.2757,0.075989,0
-0.0062561,0.0086975,0.029755,1.8206,0.072632,0
-0.0085449,0.019379,0.05661,2.5033,0.066528,0
-0.014038,0.019684,0.063782,2.0482,0.06134,0
-0.019379,0.014191,0.042877,2.0482,0.056458,0
-0.016632,0.020447,0.029144,1.8206,0.054016,0
-0.0068665,0.03952,0.032501,2.2757,0.052185,0
0.0024414,0.056305,0.040283,2.5033,0.049133,0
0.007782,0.064392,0.045776,2.5033,0.04303,0
0.010071,0.067902,0.051575,2.2757,0.037842,0
0.007782,0.067902,0.05127,1.8206,0.036621,0
0.0038147,0.063477,0.039368,2.5033,0.039673,0
-0.0030518,0.057983,0.022583,2.5033,0.04303,0
-0.0065613,0.049438,0.013275,2.7309,0.044556,0
-0.0088501,0.037842,0.0030518,2.9584,0.04425,0
-0.013123,0.024567,-0.007782,2.9584,0.040588,0
-0.01709,0.013428,-0.01709,2.5033,0.036316,0
-0.021667,0.0030518,-0.024872,2.2757,0.030518,0
-0.028076,-0.0080872,-0.030823,2.5033,0.025635,0
-0.032959,-0.019379,-0.042114,2.2757,0.020447,0
-0.033875,-0.029755,-0.062256,2.7309,0.014648,0
-0.032196,-0.041809,-0.088348,2.5033,0.010376,0
-0.026245,-0.052643,-0.10696,2.2757,0.0039673,0
-0.020905,-0.052643,-0.10605,2.0482,0.00091553,0
-0.020905,-0.044708,-0.088501,2.2757,0.0021362,0
-0.020599,-0.036163,-0.067291,2.7309,0.0067139,0
-0.019836,-0.028534,-0.050049,2.5033,0.012207,0
-0.015869,-0.021057,-0.036469,1.8206,0.01709,0
-0.010986,-0.012512,-0.016785,2.5033,0.020752,0
-0.0065613,-0.0053406,0.012512,2.7309,0.023499,0
-0.0035095,-0.0042725,0.036163,2.0482,0.025024,0
-0.0015259,-0.0083923,0.045624,2.5033,0.023499,0
-0.00091553,-0.010681,0.046844,2.5033,0.022278,0
-0.0019836,-0.0090027,0.047607,2.5033,0.021057,0
-0.0032043,-0.0047302,0.052643,2.2757,0.022278,0
-0.0039673,-0.0022888,0.05661,2.7309,0.025635,0
-0.00030518,-0.0016785,0.057831,2.2757,0.02594,0
0.0054932,0.00076294,0.060272,1.8206,0.023193,0
0.0085449,0.0059509,0.067139,2.2757,0.018921,0
0.014191,0.015259,0.070038,2.0482,0.011292,0
0.017853,0.032196,0.065002,1.5931,0.0036621,0
0.019226,0.053864,0.055389,1.8206,-0.0045776,0
0.019989,0.067596,0.048828,2.2757,-0.011292,0
0.014648,0.066681,0.041809,2.2757,-0.0177,0
0.0042725,0.059662,0.037842,2.5033,-0.0177,0
-0.0056458,0.052185,0.037537,1.8206,-0.012207,0
-0.015259,0.042114,0.040588,2.2757,-0.005188,0
-0.021973,0.026093,0.046082,2.0482,0.0012207,0
-0.022736,0.0050354,0.048218,2.2757,0.0039673,0
-0.019989,-0.015564,0.050964,2.0482,0.00091553,0
-0.017548,-0.032501,0.053864,2.0482,-0.0039673,0
-0.016022,-0.046387,0.053101,3.186,-0.0061035,0
-0.009613,-0.057526,0.046844,3.186,-0.0039673,0
-0.0030518,-0.063782,0.037079,2.7309,0.0024414,0
-0.00015259,-0.061798,0.031128,2.0482,0.0094604,0
-0.004425,-0.055695,0.025635,2.2757,0.016174,0
-0.0094604,-0.048218,0.016785,2.2757,0.015564,0
-0.0093079,-0.04303,0.0067139,2.0482,0.0073242,0
-0.0045776,-0.038757,-0.0032043,3.186,-0.005188,0
0.00091553,-0.037689,-0.015564,2.7309,-0.01709,0
0.0054932,-0.037079,-0.022736,2.2757,-0.025635,0
0.0076294,-0.035095,-0.017853,2.7309,-0.030823,0
0.0062561,-0.03067,-0.0012207,2.9584,-0.030518,0
0.0083923,-0.023651,0.013428,3.4135,-0.031433,0
0.010071,-0.016632,0.0177,2.7309,-0.031738,0
0.0080872,-0.0074768,0.014648,2.0482,-0.032654,0
0.0083923,-0.0027466,0.0079346,1.8206,-0.032043,0
0.0073242,-0.0062561,-0.0033569,2.7309,-0.031128,0
0.0068665,-0.010986,-0.021515,2.5033,-0.025024,0
0.0074768,-0.010223,-0.039825,2.2757,-0.014343,0
0.0030518,-0.0062561,-0.051727,2.7309,-0.0030518,0
-0.00015259,-0.0035095,-0.053711,1.3655,0.0054932,0
0.0013733,-0.00091553,-0.042419,2.0482,0.010986,0
0.0047302,0.0027466,-0.020905,2.0482,0.014648,0
0.0059509,0.0071716,-0.0053406,2.2757,0.019836,0
0.0042725,0.0074768,-0.0016785,2.2757,0.027771,0
-0.00045776,0.005188,-0.004425,2.5033,0.036316,0
0.00091553,0.0090027,-0.0048828,2.2757,0.047607,0
0.010376,0.012665,-0.007019,2.2757,0.058594,0
0.01709,0.013275,-0.020905,1.8206,0.066833,0
0.018311,0.019073,-0.037079,2.0482,0.073547,0
0.0177,0.027161,-0.044861,2.0482,0.079651,0
0.019684,0.033112,-0.044708,2.5033,0.082092,0
0.025177,0.032654,-0.037537,2.7309,0.081177,0
0.024567,0.032196,-0.021667,2.2757,0.079041,0
0.023499,0.031433,-0.00030518,2.5033,0.073853,0
0.02594,0.029602,0.019073,1.3655,0.071411,0
0.024109,0.030212,0.026245,2.5033,0.066833,0
0.020294,0.028381,0.029297,2.7309,0.062561,0
0.018005,0.024719,0.034332,2.2757,0.055847,0
0.018616,0.024261,0.034332,1.8206,0.050659,0
0.017242,0.028229,0.033722,2.2757,0.049133,0
0.0097656,0.028076,0.033112,2.5033,0.050659,0
0.005188,0.021362,0.025635,2.7309,0.056763,0
0.0038147,0.016327,0.027924,2.0482,0.064697,0
0.0018311,0.012817,0.036774,1.8206,0.072632,0
-0.0019836,0.007782,0.040894,2.2757,0.083008,0
-0.0067139,0.0041199,0.039215,3.186,0.093689,0
-0.010223,0.0019836,0.031738,2.7309,0.10559,0
-0.013123,-0.0056458,0.029297,3.186,0.11688,0
-0.012207,-0.022583,0.029449,2.7309,0.12756,0
-0.013885,-0.037994,0.0177,2.9584,0.13611,0
-0.012512,-0.045929,-0.0056458,2.2757,0.14343,0
-0.0088501,-0.044556,-0.029297,2.0482,0.14618,0
-0.0041199,-0.035858,-0.046844,2.2757,0.14893,0
-0.0016785,-0.027771,-0.054626,2.2757,0.15076,0
-0.0036621,-0.02533,-0.053101,2.9584,0.15472,0
-0.0086975,-0.02243,-0.040436,2.0482,0.15808,0
-0.014496,-0.014954,-0.029907,2.2757,0.16266,0
-0.015411,-0.0054932,-0.03067,2.5033,0.16876,0
-0.014496,0.0057983,-0.037994,2.7309,0.17883,0
-0.010071,0.014038,-0.042877,2.5033,0.18951,0
-0.0082397,0.019684,-0.031738,2.0482,0.20142,0
-0.0076294,0.02121,-0.01709,2.2757,0.21149,0
-0.0053406,0.014648,-0.016022,2.7309,0.21912,0
-0.0021362,0.0059509,-0.026245,2.5033,0.22217,0
-0.00061035,0.00076294,-0.044556,2.0482,0.22308,0
-0.00045776,-0.0013733,-0.058289,2.5033,0.22156,0
-0.0012207,-0.0018311,-0.062103,2.2757,0.22003,0
-0.0056458,0,-0.067902,2.2757,0.2182,0
-0.0048828,-0.0041199,-0.080414,2.2757,0.21454,0
-0.0015259,-0.007782,-0.088654,2.0482,0.21088,0
0.0010681,-0.005188,-0.087585,2.0482,0.20325,0
0.0039673,-0.0016785,-0.079498,1.8206,0.19409,0
0.0076294,0.0039673,-0.069275,1.5931,0.18341,0
0.0076294,0.011902,-0.060272,2.0482,0.17365,0
0.0022888,0.017853,-0.050659,2.0482,0.16632,0
0.00015259,0.018921,-0.040588,2.5033,0.159,0
-0.00061035,0.01358,-0.034027,2.2757,0.15503,0
0,0.0064087,-0.026398,2.2757,0.14984,0
0.0035095,-0.00045776,-0.016022,2.7309,0.14648,0
0.0073242,-0.0062561,-0.010071,1.8206,0.14435,0
0.0091553,-0.011902,-0.012665,2.0482,0.14648,0
0.010376,-0.019989,-0.020599,2.7309,0.15015,0
0.0061035,-0.023804,-0.022736,2.9584,0.1532,0
0.0039673,-0.021667,-0.015564,2.7309,0.15564,0
0.007782,-0.016937,-0.0050354,2.5033,0.15869,0
0.011292,-0.011902,0.007782,2.9584,0.16602,0
0.0083923,-0.0048828,0.021973,2.5033,0.17303,0
0.0050354,0.0065613,0.036011,2.7309,0.17944,0
0.0035095,0.017242,0.051575,3.186,0.18463,0
0.0036621,0.024109,0.062408,2.7309,0.19073,0
0.0036621,0.034027,0.072479,2.7309,0.19592,0
0.0021362,0.053406,0.075226,2.0482,0.20569,0
-0.00030518,0.073242,0.065918,2.7309,0.21606,0
-0.0028992,0.078888,0.050201,2.7309,0.22736,0
-0.00045776,0.075531,0.045624,2.9584,0.23712,0
-0.0022888,0.068817,0.054169,2.7309,0.24139,0
-0.0041199,0.063019,0.055084,2.5033,0.24231,0
-0.00091553,0.054016,0.05188,2.7309,0.24139,0
0.002594,0.043945,0.055695,2.2757,0.23773,0
0.0038147,0.028992,0.055847,2.5033,0.2359,0
0.0041199,0.014496,0.04425,2.9584,0.23895,0
0.0024414,-0.00015259,0.020294,2.7309,0.24719,0
0.00030518,-0.0177,-0.0059509,2.7309,0.25848,0
-0.00061035,-0.028992,-0.00030518,2.9584,0.27313,0
-0.0021362,-0.033264,0.028534,2.9584,0.28534,0
-0.00061035,-0.052948,0.027924,1.8206,0.29083,0
0.0013733,-0.081482,0.0012207,2.0482,0.29053,0
0.0035095,-0.095215,-0.013123,2.9584,0.28687,0
0.0064087,-0.089569,-0.014343,2.2757,0.28168,0
0.010071,-0.078735,-0.013428,2.2757,0.28137,0
0.011139,-0.067749,-0.0061035,2.0482,0.28564,0
0.010071,-0.056,0.021057,2.5033,0.29175,0
0.011749,-0.04364,0.056152,1.8206,0.29663,0
0.014191,-0.035095,0.072327,2.7309,0.29816,0
0.010986,-0.031738,0.067749,2.2757,0.29572,0
0.0074768,-0.027466,0.050507,2.7309,0.29663,0
0.0053406,-0.024872,0.037231,2.7309,0.30426,0
0.0057983,-0.025024,0.031433,2.7309,0.31952,0
0.0067139,-0.029297,0.02243,2.9584,0.33356,0
0.0057983,-0.033569,0.012665,2.5033,0.33966,0
0.0032043,-0.032959,0.016174,2.7309,0.33508,0
0.0016785,-0.030518,0.025024,2.7309,0.32806,0
0.00045776,-0.027771,0.028687,2.5033,0.32043,0
-0.00061035,-0.015717,0.031128,2.2757,0.31097,0
-0.0022888,-0.00091553,0.034485,2.9584,0.30151,0
-0.0039673,0.0016785,0.030212,3.186,0.29022,0
-0.0016785,-0.0048828,0.017548,2.5033,0.27924,0
0.00061035,-0.0083923,0.0047302,2.7309,0.26794,0
0.0018311,-0.0057983,0.0019836,3.4135,0.25787,0
0.0018311,-0.0015259,0.0056458,3.4135,0.25024,0
0.0013733,-0.0039673,0.0048828,3.4135,0.24689,0
-0.00015259,-0.013275,-0.0062561,3.186,0.24445,0
-0.0030518,-0.026703,-0.028229,2.5033,0.24506,0
-0.0079346,-0.034027,-0.049286,1.3655,0.24628,0
-0.0080872,-0.023041,-0.048981,2.2757,0.24384,0
-0.0082397,-0.0019836,-0.023651,2.5033,0.23621,0
-0.009613,0.012665,0.0065613,2.7309,0.23102,0
-0.009613,0.014954,0.0177,2.7309,0.23163,0
-0.0054932,0.019379,0.011749,2.2757,0.23193,0
-0.0061035,0.037079,0.01297,2.0482,0.22827,0
-0.011292,0.059662,0.026245,2.0482,0.21606,0
-0.015411,0.070038,0.043335,2.7309,0.19958,0
-0.014343,0.068665,0.056458,2.7309,0.18372,0
-0.015259,0.063324,0.060425,2.5033,0.17365,0
-0.020142,0.055389,0.054016,2.7309,0.16724,0
-0.028534,0.050659,0.04715,2.5033,0.16449,0
-0.032501,0.054474,0.047913,2.2757,0.16388,0
-0.028534,0.059662,0.04303,2.0482,0.16449,0
-0.015717,0.056915,0.028229,2.5033,0.15961,0
0.015411,0.049591,0.007782,2.5033,0.15015,0
0.029602,0.049133,-0.0073242,2.9584,0.13763,0
0.016632,0.057068,-0.013733,2.7309,0.13,0
0.0015259,0.066528,-0.009613,2.5033,0.13,0
-0.002594,0.066071,-0.0035095,2.9584,0.13977,0
-0.0033569,0.056152,-0.010223,2.7309,0.15656,0
-0.0045776,0.046387,-0.02182,2.7309,0.17578,0
-0.0036621,0.042725,-0.025024,2.9584,0.19165,0
-0.0033569,0.04364,-0.010986,2.5033,0.20416,0
-0.0045776,0.042419,0.010376,2.7309,0.20752,0
-0.0047302,0.035858,0.022583,2.5033,0.20355,0
-0.0057983,0.030212,0.031281,2.7309,0.19897,0
-0.007019,0.025787,0.047913,2.2757,0.20447,0
-0.0073242,0.017395,0.06485,2.5033,0.21759,0
-0.0057983,0.0015259,0.065765,2.7309,0.23285,0
-0.0038147,-0.020294,0.054626,2.5033,0.23834,0
-0.0028992,-0.04715,0.037384,3.186,0.23407,0
-0.0030518,-0.075989,0.0012207,3.4135,0.22705,0
-0.0024414,-0.097046,-0.059814,3.186,0.224,0
-0.0010681,-0.10101,-0.10635,3.186,0.22583,0
-0.00045776,-0.092773,-0.1091,3.186,0.23102,0
-0.00061035,-0.085449,-0.084534,2.9584,0.2356,0
0.00015259,-0.086517,-0.064545,2.5033,0.23651,0
0.0013733,-0.092621,-0.064545,2.7309,0.23712,0
0.0024414,-0.095062,-0.075531,2.7309,0.23773,0
0.0041199,-0.092621,-0.082855,2.7309,0.23773,0
0.0082397,-0.088654,-0.085907,1.8206,0.24017,0
0.0097656,-0.08316,-0.087585,2.7309,0.24048,0
0.0064087,-0.072479,-0.09079,2.9584,0.24384,0
0.0048828,-0.05661,-0.094452,2.5033,0.25024,0
0.004425,-0.038757,-0.092316,2.5033,0.26093,0
0.0054932,-0.022583,-0.090027,2.5033,0.27161,0
0.0030518,-0.014038,-0.09613,2.2757,0.2771,0
0.0027466,-0.011444,-0.11047,2.0482,0.27893,0
0.007019,-0.010071,-0.12344,2.5033,0.27985,0
0.007019,-0.0057983,-0.13138,2.0482,0.28198,0
0.0076294,-0.0013733,-0.14328,2.2757,0.28259,0
0.0085449,0.00015259,-0.16464,1.8206,0.2774,0
0.010681,0.0019836,-0.18356,2.9584,0.26672,0
0.009613,0.0042725,-0.19897,2.7309,0.2594,0
0.0090027,0.0061035,-0.21484,2.0482,0.25452,0
0.0082397,0.0088501,-0.23315,2.2757,0.2478,0
0.010529,0.0093079,-0.2507,2.5033,0.2359,0
0.012512,0.0050354,-0.26245,2.5033,0.21759,0
0.010986,0.0018311,-0.26779,2.2757,0.20081,0
0.0094604,0.0042725,-0.27802,2.0482,0.1889,0
0.0085449,0.011902,-0.29556,2.2757,0.1825,0
0.0053406,0.021057,-0.32318,1.8206,0.1712,0
0.0022888,0.02655,-0.35431,2.0482,0.1532,0
-0.0013733,0.026245,-0.37628,2.2757,0.13672,0
-0.0024414,0.025787,-0.39597,2.9584,0.12482,0
-0.0028992,0.024109,-0.42328,2.9584,0.11841,0
-0.0041199,0.024414,-0.45441,2.7309,0.11322,0
-0.0039673,0.027313,-0.47333,2.9584,0.10803,0
-0.004425,0.033264,-0.47913,2.9584,0.098267,0
-0.0042725,0.034485,-0.47729,2.5033,0.084534,0
-0.0056458,0.029755,-0.47714,2.5033,0.070496,0
-0.0036621,0.023804,-0.48325,2.5033,0.059814,0
-0.00061035,0.017548,-0.49088,3.6411,0.060425,0
0.0032043,0.012817,-0.49728,2.7309,0.075989,0
0.0054932,0.010681,-0.49911,3.186,0.097656,0
0.0061035,0.010376,-0.49332,2.7309,0.11536,0
0.0035095,0.011597,-0.47958,2.2757,0.11719,0
0.0022888,0.011749,-0.46326,2.5033,0.10406,0
0.0036621,0.0080872,-0.45166,2.9584,0.084534,0
0.0061035,0.0059509,-0.44525,3.186,0.065002,0
0.007782,0.0022888,-0.43594,2.9584,0.052795,0
0.0041199,-0.0018311,-0.41946,3.186,0.050659,0
-0.0027466,-0.0027466,-0.38666,2.7309,0.050049,0
-0.0079346,-0.0016785,-0.32974,2.2757,0.046082,0
-0.0073242,-0.0028992,-0.26306,2.0482,0.041809,0
-0.010071,-0.0015259,-0.19836,2.0482,0.038147,0
-0.014648,0,-0.13138,2.7309,0.042114,0
-0.012817,0.0028992,-0.057373,2.2757,0.046692,0
-0.0067139,0.0053406,0.021362,2.5033,0.048523,0
-0.00061035,0.007782,0.11032,2.5033,0.045471,0
0.0018311,0.013123,0.21057,2.0482,0.037231,0
0.0030518,0.016937,0.30914,2.9584,0.028076,0
0.00076294,0.019073,0.39658,2.7309,0.022278,0
0,0.021362,0.47409,2.0482,0.014038,0
0.0016785,0.021057,0.54092,2.7309,0.0033569,0
0.0054932,0.015564,0.59738,2.0482,-0.0067139,0
0.007782,0.012665,0.65323,2.2757,-0.0057983,0
0.013733,0.018463,0.70648,2.0482,0.0088501,0
0.014343,0.024719,0.75577,2.5033,0.028992,0
0.014343,0.026245,0.80322,2.7309,0.043945,0
0.014954,0.029144,0.8519,2.2757,0.056152,0
0.020142,0.034332,0.90698,2.2757,0.075989,0
0.022888,0.037231,0.95734,2.2757,0.099182,0
0.024109,0.032043,0.98114,2.7309,0.11414,0
0.02533,0.025635,0.98846,2.9584,0.11749,0
0.023041,0.03006,1.0048,2.7309,0.1062,0
0.019226,0.041656,1.0426,3.186,0.087891,0
0.0177,0.045776,1.0852,2.2757,0.067139,0
0.017242,0.040588,1.1124,2.2757,0.053711,0
0.018005,0.037689,1.1218,2.7309,0.049438,0
0.017548,0.041962,1.1223,2.7309,0.055237,0
0.018463,0.048218,1.1203,2.5033,0.069275,0
0.02121,0.057678,1.122,2.7309,0.096741,0
0.023804,0.069733,1.1211,2.7309,0.13458,0
0.026398,0.080872,1.1111,2.9584,0.17944,0
0.025482,0.083466,1.0869,2.7309,0.2182,0
0.02594,0.080872,1.0532,3.186,0.23773,0
0.024567,0.076904,1.0257,2.9584,0.23041,0
0.025177,0.074615,0.99564,2.7309,0.20142,0
0.027618,0.066986,0.95001,2.7309,0.15961,0
0.03006,0.052948,0.89432,2.5033,0.11505,0
0.029297,0.039062,0.83939,2.2757,0.083313,0
0.028076,0.027924,0.79239,2.2757,0.074158,0
0.025635,0.022583,0.74783,2.7309,0.086365,0
0.023956,0.0076294,0.6929,2.7309,0.112,0
0.022583,-0.0177,0.62485,2.7309,0.13153,0
0.022888,-0.04425,0.55191,2.0482,0.1355,0
0.021973,-0.062561,0.47501,2.9584,0.11963,0
0.018463,-0.070801,0.39825,2.5033,0.093994,0
0.010834,-0.065765,0.33066,2.5033,0.075684,0
0.0093079,-0.052948,0.27512,2.5033,0.066528,0
0.0085449,-0.047607,0.22781,1.8206,0.057983,0
0.0071716,-0.053558,0.17563,1.8206,0.039368,0
0.0056458,-0.063782,0.12589,2.2757,0.0079346,0
0.0079346,-0.066681,0.085144,2.7309,-0.039673,0
0.010376,-0.067291,0.046082,2.7309,-0.10712,0
0.015717,-0.072327,-0.0033569,2.0482,-0.1712,0
0.015869,-0.077515,-0.057831,2.2757,-0.20416,0
0.014801,-0.078583,-0.103,1.8206,-0.19409,0
0.01709,-0.080566,-0.13672,2.2757,-0.1474,0
0.018311,-0.085449,-0.17456,2.5033,-0.073242,0
0.014801,-0.091553,-0.22079,2.2757,0.015259,0
0.011292,-0.094147,-0.26093,2.5033,0.10345,0
0.010529,-0.093689,-0.29236,2.7309,0.17395,0
0.007782,-0.085602,-0.31677,2.5033,0.21973,0
0.0073242,-0.071259,-0.33066,2.9584,0.23956,0
0.0083923,-0.054474,-0.3392,2.7309,0.24811,0
0.0088501,-0.042114,-0.35461,2.9584,0.24689,0
0.0091553,-0.037994,-0.37643,2.9584,0.23712,0
0.0090027,-0.034485,-0.3981,2.7309,0.21973,0
0.0068665,-0.029755,-0.42068,2.7309,0.20172,0
0.0038147,-0.025482,-0.44479,2.7309,0.18768,0
0.0036621,-0.021515,-0.46936,2.9584,0.18097,0
0.0039673,-0.018158,-0.49164,2.5033,0.18219,0
0.0027466,-0.015259,-0.50934,2.5033,0.18921,0
0.00076294,-0.013733,-0.52048,2.7309,0.19836,0
-0.0035095,-0.013885,-0.52475,2.7309,0.20813,0
-0.0042725,-0.015106,-0.52032,2.5033,0.21606,0
-0.0038147,-0.014801,-0.504,2.7309,0.22156,0
-0.0048828,-0.011597,-0.48386,2.7309,0.22125,0
-0.0056458,-0.010376,-0.46738,3.4135,0.21149,0
-0.0076294,-0.014496,-0.46402,2.2757,0.19623,0
-0.0090027,-0.02594,-0.4808,2.5033,0.17975,0
-0.0076294,-0.036163,-0.50217,2.5033,0.16296,0
-0.004425,-0.033569,-0.49927,1.8206,0.14526,0
-0.002594,-0.02243,-0.47348,2.2757,0.12848,0
0.00091553,-0.015564,-0.45273,2.2757,0.11353,0
0.0041199,-0.012665,-0.44876,2.2757,0.097961,0
0.010071,-0.010376,-0.45227,2.2757,0.084229,0
0.013733,-0.010681,-0.45059,2.2757,0.073547,0
0.010834,-0.0071716,-0.43762,2.7309,0.07019,0
0.0086975,-0.00045776,-0.4071,2.5033,0.070801,0
0.0056458,0.010376,-0.36987,2.5033,0.067749,0
0.005188,0.015259,-0.34607,2.0482,0.062866,0
0.0082397,0.016785,-0.33432,2.0482,0.056458,0
0.011749,0.016632,-0.33157,2.2757,0.051575,0
0.017242,0.016785,-0.32944,2.2757,0.049744,0
0.02121,0.018921,-0.32318,2.2757,0.045166,0
0.023041,0.020294,-0.31281,2.5033,0.034485,0
0.022736,0.024872,-0.30411,2.2757,0.023804,0
0.016937,0.030212,-0.29556,2.5033,0.024414,0
0.0083923,0.028381,-0.28366,1.5931,0.036011,0
0.0048828,0.024872,-0.27328,2.2757,0.047913,0
0.0030518,0.019836,-0.26459,2.5033,0.058594,0
-0.0015259,0.01297,-0.25665,1.8206,0.064697,0
-0.0057983,0.0099182,-0.2533,2.7309,0.065613,0
-0.007019,0.0090027,-0.2478,3.4135,0.061951,0
-0.011444,0.007019,-0.23132,2.5033,0.055542,0
-0.016327,0.0073242,-0.20874,2.0482,0.05188,0
-0.018921,0.014954,-0.18967,2.7309,0.054016,0
-0.019226,0.020447,-0.18326,2.5033,0.055237,0
-0.016937,0.021515,-0.18143,2.9584,0.058899,0
-0.017395,0.016785,-0.17929,2.2757,0.068359,0
-0.019684,0.014954,-0.17792,2.5033,0.078735,0
-0.021667,0.019989,-0.16815,1.8206,0.085144,0
-0.020447,0.033417,-0.14908,2.0482,0.082703,0
-0.018158,0.045624,-0.12833,2.7309,0.070801,0
-0.015869,0.050964,-0.11124,3.186,0.052795,0
-0.015106,0.053406,-0.10666,3.6411,0.042114,0
-0.014648,0.057831,-0.11124,3.186,0.046082,0
-0.014954,0.064697,-0.11581,2.9584,0.057068,0
-0.013123,0.070801,-0.11566,1.8206,0.064392,0
-0.011597,0.078278,-0.1062,2.5033,0.059509,0
-0.013428,0.080566,-0.089874,2.5033,0.044556,0
-0.01297,0.076294,-0.077667,2.5033,0.030823,0
-0.010529,0.069122,-0.07309,2.7309,0.029602,0
-0.0071716,0.063934,-0.067291,1.8206,0.042725,0
-0.0073242,0.054016,-0.061035,2.0482,0.065918,0
-0.009613,0.038605,-0.06134,2.5033,0.086975,0
-0.012817,0.022583,-0.068359,2.5033,0.096436,0
-0.011749,0.0050354,-0.076141,2.2757,0.087891,0
-0.010071,-0.014954,-0.084534,2.2757,0.065918,0
-0.0093079,-0.032959,-0.097961,2.9584,0.029602,0
-0.009613,-0.043793,-0.11261,3.186,-0.0061035,0
-0.010223,-0.045624,-0.13,2.7309,-0.031128,0
-0.010223,-0.037079,-0.14816,2.7309,-0.038147,0
-0.0091553,-0.022278,-0.1503,2.7309,-0.029602,0
-0.012207,-0.010223,-0.13138,2.7309,-0.016174,0
-0.015717,-0.0015259,-0.097809,2.5033,-0.0091553,0
-0.015717,0.0010681,-0.061646,2.7309,-0.0061035,0
-0.01358,-0.0035095,-0.037689,3.186,-0.011292,0
-0.0067139,-0.013885,-0.030823,2.7309,-0.014648,0
-0.0045776,-0.025635,-0.028687,2.2757,-0.015869,0
-0.0085449,-0.037079,-0.021057,2.9584,-0.007019,0
-0.012817,-0.042419,-0.0068665,2.0482,0.0097656,0
-0.018005,-0.036469,0.0093079,2.0482,0.031738,0
-0.020752,-0.023499,0.022125,2.7309,0.040283,0
-0.017242,-0.016937,0.023193,2.0482,0.037842,0
-0.009613,-0.016022,0.016785,2.9584,0.02655,0
-0.0061035,-0.019531,0.0071716,2.9584,0.011902,0
-0.0036621,-0.029907,-0.005188,2.5033,-0.0039673,0
-0.0033569,-0.038757,-0.012665,2.7309,-0.014343,0
-0.00045776,-0.043793,-0.007019,2.7309,-0.021057,0
0.00015259,-0.048981,0.0093079,3.6411,-0.022278,0
-0.0021362,-0.050049,0.029449,2.2757,-0.022583,0
-0.004425,-0.045624,0.042267,3.4135,-0.027161,0
-0.0050354,-0.034943,0.048676,2.5033,-0.037842,0
-0.0042725,-0.024567,0.045929,2.5033,-0.046387,0
-0.0054932,-0.02182,0.040283,2.2757,-0.056152,0
-0.0071716,-0.026703,0.04425,2.5033,-0.069885,0
-0.010071,-0.030212,0.052338,2.5033,-0.085449,0
-0.01358,-0.033569,0.053406,2.7309,-0.10223,0
-0.015411,-0.029297,0.050201,2.9584,-0.11688,0
-0.017548,-0.022736,0.051422,2.5033,-0.13062,0
-0.019379,-0.024109,0.054779,2.7309,-0.13794,0
-0.019531,-0.027618,0.061035,2.5033,-0.14008,0
-0.018158,-0.024719,0.069733,2.0482,-0.13336,0
-0.015259,-0.022278,0.080261,2.7309,-0.12482,0
-0.0099182,-0.02594,0.08606,2.9584,-0.1178,0
-0.0068665,-0.028534,0.088348,3.186,-0.11169,0
-0.0076294,-0.024109,0.096741,2.5033,-0.10437,0
-0.0094604,-0.022278,0.10941,2.2757,-0.090332,0
-0.0091553,-0.024261,0.12131,2.5033,-0.068665,0
-0.0042725,-0.025787,0.12756,2.5033,-0.046692,0
-0.00045776,-0.029449,0.12848,2.0482,-0.023193,0
-0.0039673,-0.032349,0.13428,2.2757,-0.0033569,0
-0.013733,-0.035706,0.14297,2.7309,0.012817,0
-0.019226,-0.043488,0.14084,2.2757,0.024109,0
-0.014343,-0.048065,0.11902,1.8206,0.028381,0
-0.0079346,-0.043793,0.099487,2.9584,0.022583,0
-0.0038147,-0.030365,0.09613,2.9584,0.010681,0
-0.0027466,-0.011902,0.09613,2.0482,-0.0018311,0
-0.0065613,0.0061035,0.095215,2.2757,-0.007019,0
-0.0093079,0.018921,0.10086,2.2757,-0.011292,0
-0.0027466,0.023499,0.10696,2.5033,-0.015869,0
0.0042725,0.020752,0.10544,2.9584,-0.022278,0
0.0074768,0.016327,0.099792,2.7309,-0.029907,0
0.0053406,0.015717,0.087128,3.4135,-0.036316,0
0.00061035,0.017395,0.075378,2.9584,-0.035095,0
-0.0079346,0.013123,0.066223,2.7309,-0.028687,0
-0.013428,0.0030518,0.063019,2.2757,-0.022278,0
-0.010071,-0.0059509,0.062714,2.7309,-0.017395,0
-0.0067139,-0.015411,0.056305,2.5033,-0.014954,0
-0.0038147,-0.026093,0.041809,2.0482,-0.007019,0
-0.002594,-0.032196,0.025177,2.5033,0.0054932,0
-0.0010681,-0.027618,0.017853,3.186,0.021362,0
0,-0.015717,0.030212,2.5033,0.037537,0
0.0013733,0.0018311,0.058899,3.186,0.043335,0
0.0021362,0.018921,0.088959,2.7309,0.04364,0
0.0030518,0.030975,0.103,2.5033,0.047607,0
0.0028992,0.04425,0.096893,2.7309,0.061035,0
0.0039673,0.061951,0.088043,2.7309,0.088196,0
0.0042725,0.075531,0.080414,2.5033,0.12207,0
0.0041199,0.083008,0.070801,2.9584,0.14862,0
0.0048828,0.086212,0.060577,2.7309,0.15656,0
0.0054932,0.08316,0.055084,2.9584,0.14954,0
0.0056458,0.083771,0.058289,3.186,0.13336,0
0.0082397,0.089111,0.066071,2.2757,0.12329,0
0.010681,0.088196,0.066986,2.2757,0.12421,0
0.0091553,0.074768,0.050964,2.2757,0.13153,0
0.007019,0.056763,0.026855,2.2757,0.13733,0
0.0036621,0.041046,0.0091553,2.5033,0.13611,0
-0.0030518,0.0354,0.002594,2.0482,0.12238,0
-0.007019,0.037994,0.0050354,2.2757,0.095215,0
-0.011597,0.040283,0.0047302,2.0482,0.065308,0
-0.016785,0.03418,0.0016785,2.2757,0.036011,0
-0.017548,0.02121,0.0032043,2.7309,0.0018311,0
-0.012207,0.0091553,-0.00091553,2.7309,-0.041504,0
-0.0061035,0.0038147,-0.018463,2.7309,-0.09552,0
-0.004425,0.0042725,-0.032959,2.5033,-0.1474,0
-0.00076294,-0.0028992,-0.047302,2.2757,-0.1889,0
0.0047302,-0.014038,-0.069275,2.5033,-0.21667,0
0.007782,-0.019989,-0.083466,2.9584,-0.22949,0
0.0062561,-0.016632,-0.077057,3.186,-0.21851,0
0.00061035,-0.012817,-0.06546,2.9584,-0.18158,0
-0.0041199,-0.0080872,-0.061951,2.9584,-0.1236,0
-0.0039673,0.0038147,-0.050354,2.2757,-0.068054,0
-0.0022888,0.020142,-0.029449,2.9584,-0.030518,0
0.0012207,0.032043,-0.010376,2.7309,-0.012512,0
0.0048828,0.035553,-0.00076294,2.9584,-0.011597,0
0.0064087,0.037689,0.0061035,2.7309,-0.025024,0
0.0056458,0.052185,0.023041,2.5033,-0.047607,0
0.0013733,0.07309,0.04715,2.9584,-0.075378,0
0.00030518,0.083771,0.069122,2.5033,-0.10406,0
0.00061035,0.080719,0.079498,2.7309,-0.12421,0
-0.0015259,0.074463,0.079956,2.7309,-0.13611,0
-0.0018311,0.067291,0.074158,2.7309,-0.14343,0
0.00091553,0.045471,0.056305,2.5033,-0.14435,0
0.0035095,0.015411,0.023956,2.7309,-0.1358,0
0.0027466,-0.0027466,-0.010834,2.9584,-0.12299,0
-0.0027466,-0.0030518,-0.029144,2.9584,-0.11688,0
-0.0054932,0.0073242,-0.030975,2.0482,-0.12329,0
-0.0099182,0.011444,-0.025177,2.0482,-0.13428,0
-0.013275,0.010834,-0.02594,2.5033,-0.13397,0
-0.012054,0.015259,-0.027618,2.2757,-0.11627,0
-0.0071716,0.024719,-0.011902,2.2757,-0.081787,0
-0.0041199,0.033722,0.018768,2.7309,-0.036621,0
-0.0022888,0.03006,0.038605,2.2757,0.0073242,0
0.0016785,0.014038,0.040283,2.2757,0.036011,0
0.007782,-0.0068665,0.02655,2.5033,0.03418,0
0.013428,-0.026703,0.0091553,2.2757,0.0045776,0
0.011902,-0.041199,0.00076294,2.2757,-0.045166,0
0.010529,-0.056763,-0.0015259,2.7309,-0.097961,0
0.011902,-0.079803,-0.0082397,1.8206,-0.14648,0
0.013885,-0.10651,-0.028229,2.9584,-0.18341,0
0.010681,-0.12589,-0.053558,2.2757,-0.20813,0
0.0036621,-0.13199,-0.067749,2.2757,-0.22766,0
-0.00091553,-0.1297,-0.066681,2.7309,-0.2417,0
-0.0024414,-0.12146,-0.06546,2.0482,-0.25177,0
-0.0018311,-0.11154,-0.059509,2.7309,-0.26062,0
0.0010681,-0.10544,-0.040741,2.0482,-0.26825,0
0.0039673,-0.11276,-0.026093,2.0482,-0.27313,0
0.0080872,-0.121,-0.017853,2.0482,-0.27344,0
0.011139,-0.11948,-0.0048828,2.2757,-0.26154,0
0.013733,-0.10635,0.011597,2.2757,-0.23773,0
0.015869,-0.093689,0.024414,2.7309,-0.20142,0
0.016479,-0.089417,0.03006,3.186,-0.16724,0
0.016785,-0.085907,0.034943,2.5033,-0.13733,0
0.016479,-0.07431,0.046844,2.2757,-0.1062,0
0.016174,-0.058441,0.067749,2.5033,-0.058289,0
0.014648,-0.046692,0.087738,2.7309,-0.00091553,0
0.01297,-0.042725,0.093842,2.7309,0.026245,0
0.014648,-0.040436,0.087585,3.186,0.0036621,0
0.019989,-0.034485,0.078735,3.6411,-0.05188,0
0.025024,-0.026093,0.068665,2.9584,-0.10681,0
0.027618,-0.018616,0.060272,2.5033,-0.14374,0
0.028992,-0.012512,0.045319,2.5033,-0.15747,0
0.030518,-0.013123,0.02243,2.5033,-0.1535,0
0.031281,-0.0082397,0.023956,2.2757,-0.14374,0
0.03067,0.0068665,0.06073,2.5033,-0.16052,0
0.03006,0.013885,0.08316,2.0482,-0.20782,0
0.030975,0.013733,0.070496,2.2757,-0.25024,0
0.033569,0.015411,0.052795,2.9584,-0.25757,0
0.026245,0.016937,0.044403,2.2757,-0.2243,0
0.010223,0.016632,0.042725,2.0482,-0.17303,0
-0.0045776,0.021667,0.045319,2.9584,-0.12634,0
-0.011139,0.026398,0.043182,2.5033,-0.088806,0
-0.01358,0.027161,0.038147,2.0482,-0.061646,0
-0.018311,0.03006,0.033569,2.0482,-0.050049,0
-0.026093,0.036774,0.030518,2.2757,-0.059814,0
-0.030212,0.040131,0.031738,2.5033,-0.083923,0
-0.030365,0.041199,0.031891,2.2757,-0.11261,0
-0.029297,0.035248,0.032501,2.7309,-0.14038,0
-0.024719,0.024567,0.032196,2.5033,-0.16327,0
-0.015106,0.016937,0.031738,2.5033,-0.18463,0
-0.0056458,0.013275,0.023346,2.5033,-0.20966,0
0.0010681,0.014191,0.015564,2.5033,-0.23407,0
0.007782,0.015106,0.018158,2.0482,-0.25787,0
0.014801,0.01297,0.028076,2.7309,-0.27832,0
0.020142,0.010834,0.041046,1.8206,-0.29602,0
0.021362,0.0091553,0.04837,2.2757,-0.30121,0
0.02243,0.0097656,0.046997,2.9584,-0.289,0
0.024719,0.012665,0.040436,2.2757,-0.25635,0
0.02533,0.02182,0.032349,2.7309,-0.21393,0
0.027466,0.034637,0.024414,1.8206,-0.17151,0
0.030823,0.042114,0.02594,2.9584,-0.12634,0
0.033264,0.04364,0.035553,2.5033,-0.067139,0
0.032959,0.041199,0.044708,2.7309,-0.0064087,0
0.029602,0.039215,0.051575,2.9584,0.016785,0
0.026093,0.037842,0.048065,1.8206,-0.0079346,0
0.025482,0.039825,0.0354,2.2757,-0.038147,0
0.022736,0.040588,0.02594,2.7309,-0.023804,0
0.015869,0.036621,0.02243,2.2757,0.030823,0
0.01358,0.027466,0.018158,3.186,0.075073,0
0.010834,0.018158,0.014343,2.7309,0.05188,0
0.0035095,0.013885,0.016479,3.186,-0.048523,0
-0.0038147,0.011444,0.023651,2.9584,-0.18402,0
-0.0038147,0.011749,0.026245,2.9584,-0.27954,0
-0.0036621,0.013885,0.023346,2.7309,-0.29388,0
-0.0035095,0.018311,0.017853,2.5033,-0.22675,0
0.0010681,0.022125,0.01297,2.7309,-0.10162,0
0.0067139,0.024109,0.011139,2.5033,0.02655,0
0.011139,0.026245,0.0090027,2.5033,0.076294,0
0.013123,0.027466,0.0018311,2.7309,0.019836,0
0.013733,0.028992,-0.011444,2.0482,-0.10193,0
0.012207,0.028381,-0.016479,2.0482,-0.23315,0
0.012054,0.027161,-0.011444,2.5033,-0.34393,0
0.018311,0.032501,0.0033569,2.5033,-0.42145,0
0.021973,0.042572,0.014191,2.2757,-0.46539,0
0.02243,0.04715,0.019379,2.9584,-0.48248,0
0.02182,0.043945,0.024414,2.9584,-0.4834,0
0.019684,0.03891,0.028992,2.0482,-0.51788,0
0.011139,0.033417,0.03006,2.2757,-0.58655,0
-0.0010681,0.027008,0.025482,2.0482,-0.62683,0
-0.016022,0.023499,0.023651,1.8206,-0.59052,0
-0.028687,0.021515,0.025024,2.0482,-0.48492,0
-0.034485,0.023041,0.02121,2.0482,-0.35278,0
-0.032959,0.027008,0.014648,1.8206,-0.23895,0
-0.028381,0.030975,0.011292,2.9584,-0.16479,0
-0.023651,0.036163,0.014648,2.2757,-0.11536,0
-0.020294,0.058594,0.014038,2.5033,-0.066833,0
-0.024872,0.096436,0.012665,2.7309,-0.0094604,0
-0.034943,0.11826,0.013123,2.5033,0.047302,0
-0.045624,0.1152,0.0054932,2.7309,0.081787,0
-0.049133,0.1001,-0.0047302,2.7309,0.075989,0
-0.043945,0.092163,-0.0076294,2.7309,0.025635,0
-0.037689,0.087585,-0.01297,2.7309,-0.05127,0
-0.036011,0.076447,-0.036011,2.5033,-0.12909,0
-0.041199,0.063019,-0.063019,2.5033,-0.17365,0
-0.04715,0.053558,-0.070801,2.2757,-0.17822,0
-0.050354,0.045471,-0.057831,2.5033,-0.1532,0
-0.049896,0.034027,-0.049896,2.9584,-0.1178,0
-0.049286,0.021973,-0.057983,2.9584,-0.090027,0
-0.045166,0.011902,-0.064392,2.9584,-0.069885,0
-0.041199,0.0053406,-0.050964,2.5033,-0.048523,0
-0.03891,0.0012207,-0.031281,2.7309,-0.019836,0
-0.034637,-0.012817,-0.025177,2.7309,0.013428,0
-0.027161,-0.038605,-0.03006,2.7309,0.044861,0
-0.021973,-0.061035,-0.037994,3.186,0.070496,0
-0.019073,-0.077972,-0.043945,2.7309,0.080566,0
-0.012054,-0.093994,-0.044403,2.5033,0.078735,0
-0.0041199,-0.11215,-0.043945,2.7309,0.060425,0
0.0042725,-0.12878,-0.050354,2.0482,0.030823,0
0.010529,-0.14557,-0.057373,2.2757,-0.00061035,0
0.014801,-0.16144,-0.064545,2.0482,-0.024414,0
0.020142,-0.168,-0.089722,2.5033,-0.0354,0
0.030212,-0.16846,-0.12512,2.7309,-0.033264,0
0.039215,-0.16617,-0.13275,2.5033,-0.022278,0
0.044403,-0.16159,-0.10803,2.2757,-0.010681,0
0.04837,-0.15564,-0.067139,2.7309,-0.0024414,0
0.053406,-0.14404,-0.028839,2.2757,0.0067139,0
0.054932,-0.12787,-0.0018311,2.5033,0.021362,0
0.054932,-0.11185,0.014191,2.0482,0.04303,0
0.053558,-0.10132,0.026855,2.0482,0.065918,0
0.052185,-0.09079,0.040588,2.2757,0.088806,0
0.05127,-0.074768,0.054016,2.0482,0.10529,0
0.044403,-0.057068,0.063629,2.5033,0.10437,0
0.034332,-0.042877,0.063477,1.8206,0.076294,0
0.026398,-0.031128,0.049133,1.3655,0.02594,0
0.016022,-0.026093,0.031281,1.8206,-0.030823,0
0.01358,-0.027313,0.017242,2.5033,-0.065002,0
0.016937,-0.02594,0.0053406,2.5033,-0.064392,0
0.016937,-0.024261,-0.011292,2.2757,-0.033264,0
0.015717,-0.028229,-0.029907,2.2757,0.005188,0
0.010986,-0.030365,-0.0383,1.8206,0.033264,0
0.0079346,-0.015411,-0.020447,2.5033,0.037842,0
0.0068665,0.0062561,0.0085449,2.5033,0.01709,0
0.0064087,0.019531,0.022736,3.186,-0.012817,0
0.0039673,0.022583,0.026093,3.186,-0.027771,0
-0.0018311,0.023041,0.025482,2.5033,-0.011902,0
-0.007782,0.022736,0.023193,2.5033,0.027771,0
-0.011139,0.02533,0.023346,2.7309,0.06897,0
-0.015411,0.028534,0.027313,2.7309,0.097351,0
-0.016022,0.032196,0.033722,3.186,0.10345,0
-0.0094604,0.033417,0.046387,3.186,0.087891,0
-0.0013733,0.032959,0.063171,2.7309,0.057983,0
-0.00030518,0.031586,0.069122,3.186,0.031128,0
-0.0065613,0.027618,0.061798,3.4135,0.018311,0
-0.0177,0.024567,0.055542,3.4135,0.021667,0
-0.030518,0.020599,0.05249,2.5033,0.040894,0
-0.043793,0.016785,0.05127,2.2757,0.071716,0
-0.056,0.014496,0.046387,3.186,0.097046,0
-0.063477,0.01297,0.039062,2.9584,0.1059,0
-0.071259,0.015259,0.029449,2.7309,0.090637,0
-0.073242,0.018616,0.014648,2.5033,0.053711,0
-0.072937,0.024872,0.00076294,2.9584,0.014648,0
-0.073853,0.031433,-0.0065613,2.7309,-0.0042725,0
-0.068359,0.036926,-0.0027466,2.5033,-0.0021362,0
-0.06134,0.037689,0.00030518,2.0482,0.00091553,0
-0.055084,0.034485,-0.0047302,2.5033,-0.012207,0
-0.046997,0.032959,0.0038147,2.0482,-0.040588,0
-0.032349,0.029449,0.017853,2.2757,-0.073547,0
-0.012054,0.023804,0.020905,2.7309,-0.11078,0
0.009613,0.018463,0.018921,2.2757,-0.14374,0
0.037689,0.012512,0.024109,2.2757,-0.16785,0
0.067444,0.0065613,0.037689,2.0482,-0.18311,0
0.090942,0.0059509,0.044556,2.5033,-0.19165,0
0.10498,0.0062561,0.036774,2.2757,-0.19623,0
0.10864,0.0032043,0.022583,3.186,-0.19867,0
0.10941,0.00015259,0.0065613,2.5033,-0.19714,0
0.10757,0.0033569,-0.0093079,2.2757,-0.19257,0
0.097046,0.010529,-0.025787,1.5931,-0.18951,0
0.074768,0.018005,-0.040131,1.3655,-0.18951,0
0.039978,0.020752,-0.054474,2.0482,-0.19409,0
-0.0013733,0.01709,-0.058746,2.7309,-0.20294,0
-0.040894,0.016022,-0.05188,3.4135,-0.2121,0
-0.068359,0.018463,-0.043945,3.4135,-0.23254,0
-0.089264,0.020142,-0.0383,3.4135,-0.26855,0
-0.10544,0.022583,-0.03418,2.5033,-0.28534,0
-0.11124,0.023651,-0.030518,2.5033,-0.25757,0
-0.10391,0.020599,-0.028076,2.7309,-0.18158,0
-0.095825,0.020905,-0.027771,2.5033,-0.1004,0
-0.090332,0.02121,-0.025787,2.5033,-0.089111,0
-0.089417,0.019226,-0.026398,2.7309,-0.16602,0
-0.089722,0.019379,-0.027313,2.5033,-0.27191,0
-0.08606,0.02243,-0.02182,2.0482,-0.34058,0
-0.077667,0.023346,-0.012207,2.0482,-0.34302,0
-0.065613,0.024109,-0.010681,2.7309,-0.29175,0
-0.05188,0.023956,-0.018768,2.9584,-0.22369,0
-0.035248,0.020752,-0.028534,2.5033,-0.18005,0
-0.014648,0.019836,-0.031281,3.186,-0.18005,0
0.0088501,0.018921,-0.02594,2.0482,-0.21912,0
0.01709,0.019226,-0.014801,2.7309,-0.27191,0
0.019531,0.020142,-0.0030518,2.9584,-0.30243,0
0.019073,0.020142,0.0059509,2.5033,-0.28992,0
0.019226,0.017853,0.011139,2.2757,-0.2475,0
0.019073,0.017242,0.014801,2.2757,-0.19409,0
0.019073,0.018768,0.019684,2.9584,-0.14587,0
0.018921,0.020142,0.028687,2.7309,-0.10468,0
0.019226,0.020447,0.042114,2.7309,-0.079651,0
0.018768,0.021515,0.064545,2.0482,-0.074158,0
0.019226,0.023804,0.085907,2.2757,-0.088806,0
0.018463,0.025024,0.10025,2.7309,-0.10681,0
0.018768,0.023041,0.10788,2.2757,-0.10895,0
0.019226,0.019836,0.10681,2.2757,-0.093689,0
0.018921,0.015717,0.10056,2.7309,-0.071106,0
0.019073,0.0086975,0.096741,2.2757,-0.05188,0
0.019073,0,0.096283,2.5033,-0.045471,0
0.018921,-0.0039673,0.099335,1.8206,-0.054016,0
0.018921,-0.0067139,0.10284,1.8206,-0.073853,0
0.019073,-0.01297,0.095215,2.0482,-0.093994,0
0.019073,-0.020905,0.074158,2.9584,-0.10681,0
0.018921,-0.025482,0.055084,3.186,-0.10803,0
0.018616,-0.022583,0.04715,2.7309,-0.10071,0
0.019226,-0.0177,0.041351,2.7309,-0.088196,0
0.018616,-0.010834,0.034485,2.2757,-0.076294,0
0.019073,-0.0076294,0.028687,2.7309,-0.068054,0
0.018921,-0.0088501,0.021362,2.5033,-0.065002,0
0.019226,-0.009613,0.0093079,2.9584,-0.065002,0
0.018768,-0.0068665,0.00076294,2.9584,-0.065918,0
0.018768,-0.0067139,-0.011444,2.2757,-0.069275,0
0.018768,-0.010834,-0.033722,2.7309,-0.073242,0
0.018921,-0.014496,-0.057526,2.7309,-0.075989,0
0.019379,-0.015106,-0.077209,2.2757,-0.079041,0
0.019073,-0.014191,-0.085907,2.2757,-0.082397,0
0.019073,-0.015411,-0.090942,2.7309,-0.088196,0
0.019226,-0.01709,-0.091095,2.5033,-0.1004,0
0.018921,-0.019684,-0.089417,2.5033,-0.12939,0
0.019226,-0.019379,-0.084381,2.2757,-0.1532,0
0.018921,-0.018768,-0.072632,2.2757,-0.15442,0
0.018921,-0.018921,-0.06134,1.8206,-0.1413,0
0.019073,-0.017853,-0.057983,2.5033,-0.14008,0
0.018921,-0.015411,-0.058899,2.5033,-0.15503,0
0.018921,-0.014191,-0.056763,2.7309,-0.18005,0
0.019073,-0.016174,-0.050812,2.2757,-0.19897,0
0.018768,-0.018158,-0.046082,2.0482,-0.20721,0
0.019073,-0.017853,-0.040283,2.7309,-0.20294,0
0.019226,-0.014038,-0.030518,2.0482,-0.19196,0
0.019226,-0.0059509,-0.020294,2.7309,-0.17487,0
0.018921,0.0016785,-0.010071,2.5033,-0.15533,0
0.019073,0.0027466,-0.011444,2.2757,-0.13824,0
0.018768,-0.00091553,-0.026093,2.2757,-0.12787,0
0.018768,-0.0024414,-0.031738,2.9584,-0.12329,0
0.018463,-0.00076294,-0.020599,1.8206,-0.12451,0
0.018768,0.0013733,-0.013275,2.2757,-0.12299,0
0.019379,0.0053406,-0.017548,2.0482,-0.12085,0
0.018921,0.0050354,-0.021057,2.5033,-0.11902,0
0.019073,0.0035095,-0.026855,2.5033,-0.10834,0
0.019073,0.00061035,-0.032349,2.5033,-0.085144,0
0.018921,-0.0038147,-0.027618,2.2757,-0.057068,0
0.018768,-0.0061035,-0.017853,2.7309,-0.033569,0
0.018921,-0.0064087,-0.018921,2.2757,-0.021973,0
0.019226,-0.0068665,-0.020905,2.9584,-0.023193,0
0.018768,-0.0054932,-0.011292,2.5033,-0.030212,0
0.019073,0.0012207,-0.0035095,2.5033,-0.033569,0
0.018921,0.004425,-0.0019836,2.2757,-0.024414,0
0.018768,0.0038147,-0.00045776,2.0482,-0.0067139,0
0.018921,0.00091553,0.007019,2.2757,0.012817,0
0.018921,0.00030518,0.015564,2.2757,0.032959,0
0.018768,0.00061035,0.021057,2.2757,0.053101,0
0.019073,0.00076294,0.027924,3.186,0.067444,0
0.018921,0.00045776,0.033417,2.9584,0.075073,0
0.019073,-0.0018311,0.034485,2.7309,0.079041,0
0.019073,-0.002594,0.029449,3.4135,0.082703,0
0.037231,-0.00091553,0.02243,3.6411,0.083923,0
0.10483,-0.00091553,0.01358,2.7309,0.081787,0
0.12955,-0.0013733,0.0036621,3.186,0.075989,0
0.12619,0.0016785,0.0010681,3.186,0.066833,0
0.11383,0.0048828,0.0035095,2.2757,0.056458,0
0.098267,0.0053406,0.0016785,2.9584,0.046387,0
0.081177,0.007782,0.0030518,2.7309,0.037537,0
0.059052,0.010986,0.0090027,2.7309,0.027161,0
0.033722,0.013733,0.017395,2.5033,0.014648,0
0.014648,0.013733,0.021515,2.7309,-0.0021362,0
0.0038147,0.0085449,0.018311,2.7309,-0.043335,0
-0.0022888,0.0032043,0.012817,2.5033,-0.092468,0
-0.010834,0.0021362,0.013275,2.9584,-0.090332,0
-0.023041,0.0039673,0.019226,2.2757,-0.036621,0
-0.029297,0.0015259,0.022888,2.5033,0.019836,0
-0.026703,-0.0030518,0.023804,2.2757,0.037231,0
-0.018463,-0.0047302,0.022736,2.7309,0.014954,0
-0.016174,-0.0064087,0.016174,2.2757,-0.026245,0
-0.02182,-0.014191,0.0028992,2.0482,-0.056763,0
-0.026245,-0.019989,-0.0083923,2.0482,-0.058899,0
-0.032806,-0.022125,-0.011292,2.2757,-0.030212,0
-0.050049,-0.02243,-0.004425,2.2757,0.015869,0
-0.070038,-0.016937,0.0022888,2.5033,0.047607,0
-0.089264,-0.011444,-0.00076294,3.186,0.050659,0
-0.10696,-0.012512,-0.0054932,2.9584,0.040283,0
-0.13062,-0.0099182,0.0039673,2.0482,0.024719,0
-0.14435,0.0039673,0.031738,2.9584,0.0082397,0
-0.12939,0.012817,0.059052,2.9584,-0.007019,0
-0.10056,0.010986,0.068359,2.0482,-0.014038,0
-0.080109,0.0068665,0.061951,2.2757,-0.011597,0
-0.07019,0.0080872,0.06134,2.5033,-0.0024414,0
-0.062408,0.010071,0.058746,2.5033,0.0012207,0
-0.054474,0.0056458,0.040436,2.7309,-0.0033569,0
-0.048523,-0.00030518,0.025177,2.5033,-0.015869,0
-0.04715,-0.0033569,0.030823,2.9584,-0.028381,0
-0.043793,-0.0053406,0.043488,2.5033,-0.037231,0
-0.037842,-0.0090027,0.055542,2.7309,-0.041199,0
-0.03479,-0.010681,0.070953,2.7309,-0.042725,0
-0.030518,-0.007019,0.090485,2.2757,-0.039978,0
-0.017548,-0.0027466,0.11322,2.9584,-0.037231,0
-0.00015259,-0.00030518,0.12527,2.2757,-0.036316,0
0.012817,0.0027466,0.11978,1.5931,-0.03418,0
0.019989,0.0016785,0.10452,2.2757,-0.030212,0
0.022583,-0.0065613,0.089874,2.2757,-0.023193,0
0.021362,-0.014648,0.078735,2.2757,-0.0094604,0
0.018311,-0.011444,0.072174,2.2757,0.0045776,0
0.020752,-0.00030518,0.063782,2.7309,0.014648,0
0.030823,0.0062561,0.052948,2.7309,0.020142,0
0.04837,0.007782,0.050049,2.7309,0.021362,0
0.065765,0.0088501,0.05188,2.5033,0.021362,0
0.080261,0.0053406,0.037079,2.5033,0.018921,0
0.10071,0.00061035,0.0032043,2.0482,0.020142,0
0.13321,-0.0024414,-0.025635,2.2757,0.028381,0
0.15442,-0.0015259,-0.037689,2.5033,0.046997,0
0.14236,-0.0010681,-0.038605,2.7309,0.072327,0
0.098419,-0.0071716,-0.027466,2.7309,0.098877,0
0.034943,-0.010071,-0.012512,2.5033,0.11871,0
-0.028992,-0.002594,0.0035095,2.0482,0.13,0
-0.078278,0.0019836,0.027008,2.7309,0.13184,0
-0.10086,-0.0042725,0.046692,2.5033,0.12848,0
-0.10559,-0.0097656,0.060272,2.7309,0.12665,0
-0.11185,-0.0085449,0.074158,2.5033,0.13,0
-0.12299,-0.007019,0.081329,2.2757,0.14008,0
-0.11871,-0.0088501,0.08255,2.2757,0.15167,0
-0.10086,-0.011902,0.083923,1.8206,0.15991,0
-0.083008,-0.01358,0.08255,2.2757,0.1651,0
-0.070648,-0.013733,0.068817,2.0482,0.16724,0
-0.066528,-0.011597,0.044708,2.5033,0.16937,0
-0.071411,-0.007019,0.02533,2.9584,0.17426,0
-0.070801,-0.007019,0.0062561,2.5033,0.17944,0
-0.059052,-0.010834,-0.020447,2.5033,0.18463,0
-0.046082,-0.010834,-0.046234,2.2757,0.18921,0
-0.03891,-0.0085449,-0.058594,2.5033,0.19196,0
-0.02182,-0.0056458,-0.063629,2.7309,0.19257,0
-0.0036621,-0.0041199,-0.07782,2.7309,0.19318,0
0.007019,-0.005188,-0.10239,2.5033,0.19348,0
0.016479,-0.0080872,-0.11826,2.9584,0.19348,0
0.028687,-0.0097656,-0.11581,2.7309,0.19257,0
0.042267,-0.0093079,-0.11169,2.7309,0.1886,0
0.053406,-0.0091553,-0.11551,2.5033,0.18127,0
0.064697,-0.010223,-0.12283,2.9584,0.17151,0
0.072174,-0.0090027,-0.12802,2.9584,0.16296,0
0.075989,-0.0056458,-0.1265,2.5033,0.16205,0
0.079498,-0.0018311,-0.11734,3.186,0.16205,0
0.075684,0.0050354,-0.099335,2.5033,0.16235,0
0.058746,0.0083923,-0.083313,2.7309,0.15991,0
0.042267,0.0038147,-0.079651,2.5033,0.15381,0
0.045624,-0.0012207,-0.083923,2.5033,0.14893,0
0.070038,-0.00045776,-0.091095,2.2757,0.14465,0
0.090179,0.0045776,-0.097198,2.2757,0.14099,0
0.08255,0.0076294,-0.10132,2.9584,0.13916,0
0.06012,0.0068665,-0.103,2.2757,0.13489,0
0.042419,0.0062561,-0.10574,1.3655,0.12787,0
0.034637,0.0067139,-0.10223,1.5931,0.11871,0
0.028839,0.0062561,-0.090027,2.2757,0.10803,0
0.019073,0.0033569,-0.082092,2.0482,0.095825,0
0.0036621,-0.00015259,-0.079498,2.9584,0.083923,0
-0.0086975,-0.0015259,-0.075531,2.5033,0.070496,0
-0.015717,-0.00045776,-0.063934,2.0482,0.058594,0
-0.025635,-0.00076294,-0.044708,2.2757,0.048523,0
-0.036621,0,-0.031281,2.0482,0.040894,0
-0.041046,0.0027466,-0.023651,2.2757,0.037842,0
-0.036774,0.002594,-0.018768,2.5033,0.035706,0
-0.035553,-0.0012207,-0.017395,2.2757,0.033264,0
-0.043182,-0.0012207,-0.017242,2.0482,0.028381,0
-0.054932,0.0013733,-0.01297,2.7309,0.023499,0
-0.059814,0.0042725,-0.0091553,2.5033,0.018921,0
-0.056763,0.0038147,-0.007019,2.0482,0.015259,0
-0.037537,0.0033569,-0.002594,2.2757,0.010681,0
0.0036621,0.0032043,0.005188,2.9584,0.0076294,0
0.044098,0.0030518,0.010376,1.8206,0.005188,0
0.064697,-0.00030518,0.014038,2.5033,-0.00061035,0
0.077667,-0.0054932,0.019226,2.2757,-0.011902,0
0.088654,-0.0073242,0.029755,2.5033,-0.025635,0
0.091248,-0.004425,0.039825,2.2757,-0.036926,0
0.079956,0,0.046844,2.7309,-0.042419,0
0.057068,0.0027466,0.054474,2.7309,-0.045166,0
0.026245,0.0041199,0.063782,3.186,-0.046692,0
-0.0082397,0.0071716,0.076752,2.7309,-0.050659,0
-0.036163,0.013428,0.091248,2.9584,-0.05188,0
-0.056,0.015564,0.097656,2.9584,-0.05249,0
-0.065155,0.01236,0.095825,2.2757,-0.050049,0
-0.059814,0.0088501,0.094604,2.2757,-0.046387,0
-0.042419,0.0091553,0.093536,2.2757,-0.045776,0
-0.037231,0.011444,0.093994,2.0482,-0.048218,0
-0.055237,0.011444,0.10162,2.2757,-0.055542,0
-0.076599,0.010834,0.11536,2.5033,-0.061951,0
-0.078888,0.011597,0.12421,2.9584,-0.066223,0
-0.063019,0.017242,0.12329,2.7309,-0.062561,0
-0.040588,0.023804,0.1207,2.0482,-0.056152,0
-0.019226,0.021515,0.121,2.5033,-0.045166,0
0.0010681,0.005188,0.11703,2.0482,-0.036926,0
0.02182,-0.0082397,0.10696,2.7309,-0.030823,0
0.042725,-0.005188,0.10315,2.7309,-0.027161,0
0.065765,0.0045776,0.10422,2.7309,-0.023193,0
0.089722,0.0035095,0.10696,2.2757,-0.01709,0
0.10864,-0.0057983,0.11612,1.8206,-0.0094604,0
0.11322,-0.0086975,0.13458,2.0482,0.0012207,0
0.10193,-0.0030518,0.16647,2.2757,0.0094604,0
0.083618,0.0041199,0.20035,2.0482,0.016479,0
0.064087,0.0073242,0.20035,2.2757,0.021667,0
0.043945,0.0035095,0.16876,2.5033,0.025024,0
0.020294,0.0015259,0.14893,2.2757,0.023499,0
-0.004425,0.0062561,0.13779,2.2757,0.0177,0
-0.024414,0.0073242,0.11902,1.8206,0.007019,0
-0.032501,0.0038147,0.086823,2.5033,-0.00091553,0
-0.017395,0.00015259,0.05249,1.8206,-0.0079346,0
0.01358,0.0019836,0.033417,1.8206,-0.011597,0
0.031586,0.0065613,0.03067,2.0482,-0.011902,0
0.019989,0.0073242,0.037384,2.0482,-0.0085449,0
0.0091553,0.0028992,0.041809,2.2757,-0.0024414,0
0.03479,-0.0042725,0.032806,2.2757,0.0036621,0
0.061951,-0.013885,0.016937,2.5033,0.011902,0
0.043793,-0.018616,0.005188,2.5033,0.01709,0
0.0099182,-0.014038,0.0064087,2.2757,0.01709,0
-0.0038147,-0.0042725,0.024567,2.9584,0.011902,0
-0.0073242,-0.00091553,0.048676,2.7309,0.0042725,0
-0.021362,-0.0036621,0.056763,2.9584,-0.0024414,0
-0.040894,-0.0082397,0.050964,2.0482,-0.0064087,0
-0.045776,-0.0083923,0.050049,1.8206,-0.0054932,0
-0.036469,-0.0036621,0.062408,2.9584,-0.0021362,0
-0.02594,0.00091553,0.076447,2.7309,-0.0024414,0
-0.013428,0.0073242,0.084076,2.7309,-0.007019,0
-0.0024414,0.011749,0.090179,2.2757,-0.017395,0
0.0021362,0.0019836,0.097198,2.7309,-0.027771,0
0.004425,-0.0064087,0.089722,3.186,-0.036926,0
0.0015259,-0.0090027,0.063019,2.5033,-0.040894,0
-0.0082397,-0.012512,0.030365,2.7309,-0.042725,0
-0.0177,-0.016785,0.00076294,2.7309,-0.045166,0
-0.01709,-0.018616,-0.021057,2.5033,-0.050964,0
-0.010986,-0.018616,-0.043335,2.0482,-0.055847,0
-0.0090027,-0.018768,-0.057678,2.0482,-0.063171,0
-0.020294,-0.0177,-0.058289,2.5033,-0.072632,0
-0.033417,-0.014038,-0.062866,2.2757,-0.077515,0
-0.028229,-0.010681,-0.067291,1.8206,-0.07843,0
0.012817,-0.0091553,-0.066681,2.2757,-0.077209,0
0.052948,-0.0090027,-0.065155,2.2757,-0.072021,0
0.040894,-0.0088501,-0.069122,1.8206,-0.069275,0
0.0042725,-0.0086975,-0.067139,2.0482,-0.066833,0
-0.017853,-0.0067139,-0.058594,1.8206,-0.067749,0
-0.023651,-0.0033569,-0.05249,2.2757,-0.067139,0
-0.030823,-0.0028992,-0.054932,2.5033,-0.063171,0
-0.042419,-0.0061035,-0.063782,2.0482,-0.054626,0
-0.049591,-0.0068665,-0.069427,2.2757,-0.046387,0
-0.049438,-0.0056458,-0.068054,2.0482,-0.039062,0
-0.048523,-0.0036621,-0.058899,1.8206,-0.030518,0
-0.051117,0.0013733,-0.042725,2.9584,-0.018921,0
-0.050659,0.0038147,-0.032196,2.9584,-0.011292,0
-0.037231,0.0042725,-0.029907,2.7309,-0.012817,0
-0.010834,0.0056458,-0.032043,2.7309,-0.020447,0
0.019989,0.004425,-0.034943,2.0482,-0.031433,0
0.046539,0.0056458,-0.0354,2.2757,-0.04303,0
0.068817,0.0065613,-0.028839,2.5033,-0.048523,0
0.093842,0.0059509,-0.021057,2.2757,-0.050049,0
0.10727,0.007782,-0.018921,2.0482,-0.051575,0
0.10178,0.010376,-0.017395,1.8206,-0.055847,0
0.090027,0.0068665,-0.014496,2.2757,-0.057983,0
0.063782,0.0015259,-0.011902,2.0482,-0.056763,0
0.019226,-0.00091553,-0.013275,2.7309,-0.050964,0
-0.0076294,-0.00045776,-0.010986,2.5033,-0.04425,0
-0.009613,-0.00061035,-0.011139,3.4135,-0.040588,0
-0.023041,-0.0016785,-0.020447,2.5033,-0.040894,0
-0.050354,-0.0024414,-0.029755,2.5033,-0.04303,0
-0.075684,-0.0039673,-0.030518,2.7309,-0.039978,0
-0.08606,-0.0042725,-0.026245,2.5033,-0.032349,0
-0.07309,-0.0041199,-0.031891,2.7309,-0.026855,0
-0.050354,-0.0042725,-0.043182,2.5033,-0.02655,0
-0.034485,-0.0054932,-0.046234,2.7309,-0.030823,0
-0.018768,-0.0030518,-0.04425,2.2757,-0.033875,0
-0.0090027,0.0015259,-0.039368,2.2757,-0.030518,0
-0.015411,0.0041199,-0.030518,2.0482,-0.020447,0
-0.03006,0.0064087,-0.021362,2.7309,-0.012207,0
-0.0354,0.0088501,-0.012054,2.2757,-0.00030518,0
-0.034027,0.010223,-0.0048828,2.2757,0.011902,0
-0.032501,0.0094604,0.0019836,1.8206,0.026855,0
-0.027008,0.0083923,0.010223,2.0482,0.042114,0
-0.0064087,0.0057983,0.017548,2.5033,0.054321,0
0.025024,0.0047302,0.021973,2.5033,0.063477,0
0.041046,0.0090027,0.027313,1.8206,0.068359,0
0.033112,0.013123,0.029144,2.0482,0.06897,0
0.025024,0.011292,0.025787,2.2757,0.064392,0
0.021973,0.0062561,0.018311,2.5033,0.058899,0
0.021515,-0.0010681,0.012054,1.8206,0.058594,0
0.021515,-0.004425,0.011749,2.5033,0.064087,0
0.021362,-0.0019836,0.013123,2.0482,0.070496,0
0.018616,0,0.018768,2.0482,0.072021,0
0.0073242,-0.0016785,0.024872,1.8206,0.069275,0
0.00076294,-0.004425,0.032654,2.5033,0.066223,0
-0.0057983,-0.0047302,0.040436,2.5033,0.067749,0
-0.02533,-0.0053406,0.045929,2.2757,0.071716,0
-0.052948,-0.0074768,0.044403,2.5033,0.080566,0
-0.0737,-0.0076294,0.043182,2.5033,0.092468,0
-0.087738,-0.010071,0.043182,2.5033,0.10773,0
-0.10239,-0.0097656,0.036774,2.5033,0.12573,0
-0.11429,0.00061035,0.02533,2.0482,0.14313,0
-0.11581,0.0073242,0.011597,2.5033,0.15778,0
-0.09964,0.011902,0.0053406,2.0482,0.16968,0
-0.074463,0.018463,0.0064087,2.7309,0.18066,0
-0.062561,0.026703,0.013428,3.186,0.18921,0
-0.055237,0.031891,0.015564,3.186,0.20142,0
-0.033112,0.031433,0.013428,2.9584,0.21637,0
0.002594,0.029297,0.0076294,2.0482,0.23041,0
0.024719,0.026855,0.0013733,2.7309,0.24017,0
0.023956,0.026703,0.0027466,2.5033,0.24292,0
0.0088501,0.02655,0.011139,2.9584,0.24109,0
0.0018311,0.019836,0.013885,2.9584,0.23682,0
0.011597,0.0099182,0.0068665,2.7309,0.23407,0
0.031433,0.0030518,0.0035095,2.0482,0.23315,0
0.04303,-0.0024414,0.012054,2.2757,0.23804,0
0.041656,-0.0082397,0.019989,2.5033,0.24536,0
0.033264,-0.010986,0.022278,1.5931,0.25452,0
0.040894,-0.013428,0.021973,2.2757,0.2597,0
0.067444,-0.016785,0.026245,1.8206,0.26154,0
0.068359,-0.023041,0.03006,2.0482,0.26154,0
0.043182,-0.033417,0.024414,2.9584,0.26276,0
0.021667,-0.04425,0.014343,2.5033,0.2652,0
0.013123,-0.049438,0.0074768,2.2757,0.27008,0
0.010986,-0.049744,0.0061035,1.5931,0.2771,0
0.016174,-0.047455,0.0064087,2.9584,0.28412,0
0.026398,-0.043945,0.01236,2.0482,0.28687,0
0.032806,-0.035553,0.026245,2.2757,0.28503,0
0.026093,-0.028839,0.040131,2.5033,0.27496,0
0.016937,-0.026245,0.04776,2.5033,0.26367,0
0.010071,-0.029602,0.050049,2.0482,0.25085,0
0.0035095,-0.030365,0.050049,2.2757,0.242,0
0,-0.027771,0.043335,1.3655,0.23895,0
0.00030518,-0.026398,0.03006,1.5931,0.23773,0
-0.0076294,-0.027313,0.014954,2.2757,0.23712,0
-0.02121,-0.02594,0.0056458,2.0482,0.23529,0
-0.025024,-0.018311,0.0036621,2.2757,0.2301,0
-0.018158,-0.0085449,-0.00061035,2.0482,0.22217,0
-0.0073242,-0.0016785,-0.013428,2.5033,0.21362,0
-0.0013733,0.0018311,-0.031128,2.5033,0.2066,0
0.0045776,0.0062561,-0.044861,2.5033,0.2002,0
0.014496,0.010834,-0.056,2.5033,0.1947,0
0.025787,0.010376,-0.065002,2.9584,0.19012,0
0.034637,0.010071,-0.068665,3.186,0.18616,0
0.040283,0.013733,-0.068054,2.9584,0.18494,0
0.034637,0.014801,-0.067596,2.7309,0.18311,0
0.018463,0.011292,-0.068207,2.9584,0.18219,0
0.0019836,0.0086975,-0.06546,2.5033,0.18433,0
-0.0085449,0.010529,-0.056152,2.2757,0.18494,0
-0.019073,0.013428,-0.047913,1.8206,0.18707,0
-0.026855,0.013885,-0.047607,2.0482,0.18768,0
-0.018311,0.0082397,-0.049896,2.2757,0.1886,0
0.01236,0.0032043,-0.055084,2.7309,0.18707,0
0.037994,0.0082397,-0.057373,2.9584,0.18677,0
0.044556,0.016174,-0.05661,2.2757,0.18494,0
0.04425,0.020905,-0.052338,2.9584,0.18311,0
0.043793,0.029297,-0.0383,2.2757,0.18158,0
0.04425,0.038605,-0.02182,2.5033,0.177,0
0.043335,0.045319,-0.016479,2.2757,0.17181,0
0.025177,0.047913,-0.02182,2.7309,0.16266,0
-0.011597,0.046387,-0.027161,2.5033,0.15411,0
-0.049896,0.04425,-0.035248,2.2757,0.14496,0
-0.076904,0.039673,-0.039215,2.5033,0.13458,0
-0.074921,0.037079,-0.039825,2.2757,0.12329,0
-0.050354,0.036011,-0.038605,2.2757,0.11017,0
-0.03067,0.031586,-0.03479,2.0482,0.09491,0
-0.031738,0.026245,-0.030212,2.7309,0.078735,0
-0.054474,0.015106,-0.029297,2.7309,0.061646,0
-0.061646,0.0074768,-0.034332,2.0482,0.04425,0
-0.053406,0.0067139,-0.043945,2.2757,0.028381,0
-0.042877,0.0054932,-0.052185,2.0482,0.010376,0
-0.023346,-0.00091553,-0.053711,2.2757,-0.0064087,0
-0.0083923,-0.0067139,-0.046692,2.2757,-0.021057,0
-0.013123,-0.0073242,-0.035858,1.5931,-0.0354,0
-0.0097656,-0.010376,-0.034027,2.2757,-0.048523,0
-0.0073242,-0.016632,-0.046387,2.2757,-0.061035,0
-0.028076,-0.020447,-0.060883,2.7309,-0.073242,0
-0.043488,-0.018616,-0.064087,3.186,-0.081177,0
-0.03418,-0.011139,-0.052185,2.9584,-0.087891,0
-0.021973,-0.0065613,-0.043488,2.2757,-0.093079,0
-0.016479,-0.005188,-0.041504,2.0482,-0.09613,0
-0.016479,-0.0030518,-0.033722,2.2757,-0.1001,0
-0.021515,-0.00015259,-0.01236,2.5033,-0.10498,0
-0.025482,0.00015259,0.012054,2.9584,-0.10956,0
-0.021362,-0.0068665,0.029297,2.5033,-0.11353,0
-0.015259,-0.011444,0.036774,2.9584,-0.11719,0
-0.0033569,-0.0093079,0.035248,2.7309,-0.11719,0
0.023499,-0.0038147,0.034637,2.7309,-0.11505,0
0.040283,0.0010681,0.04715,2.5033,-0.11108,0
0.037537,0.0015259,0.062561,2.0482,-0.11353,0
0.031738,0.00015259,0.058899,2.0482,-0.11719,0
0.028992,-0.010376,0.030212,2.2757,-0.11963,0
0.02594,-0.024414,-0.0086975,2.5033,-0.11749,0
0.020294,-0.033264,-0.023651,2.5033,-0.11444,0
0.013275,-0.03067,-0.0090027,2.5033,-0.11444,0
0.0076294,-0.027466,0.0032043,2.2757,-0.11444,0
0.0053406,-0.028687,-0.00030518,2.5033,-0.11414,0
0.013123,-0.031586,-0.012512,2.2757,-0.11322,0
0.026398,-0.0354,-0.018158,1.8206,-0.10986,0
0.031891,-0.034027,-0.018158,2.7309,-0.10315,0
0.028076,-0.027313,-0.010986,2.2757,-0.094604,0
0.028229,-0.021515,0.0016785,1.8206,-0.084229,0
0.032349,-0.017853,0.010529,2.2757,-0.076294,0
0.042572,-0.020142,0.011444,2.7309,-0.069275,0
0.05722,-0.025177,0.0050354,2.5033,-0.06134,0
0.065155,-0.027313,-0.0022888,2.0482,-0.054016,0
0.065918,-0.024261,-0.010223,1.8206,-0.045471,0
0.059509,-0.024261,-0.0082397,1.3655,-0.038452,0
0.051575,-0.028076,-0.00091553,2.0482,-0.032043,0
0.043182,-0.035095,-0.0010681,1.5931,-0.025024,0
0.03418,-0.039825,-0.0062561,1.8206,-0.017395,0
0.020447,-0.037384,-0.0013733,2.7309,-0.0079346,0
0.00045776,-0.029755,0.015869,2.7309,0.00091553,0
-0.022888,-0.022736,0.028381,2.5033,0.010986,0
-0.043945,-0.021667,0.028076,2.2757,0.021057,0
-0.045166,-0.022125,0.016327,2.5033,0.032654,0
-0.0065613,-0.015564,0.0016785,2.0482,0.043335,0
0.035858,-0.0035095,0.0024414,2.5033,0.05249,0
0.039825,0.0091553,0.017242,1.8206,0.058594,0
0.0079346,0.018463,0.030212,2.5033,0.058899,0
-0.037231,0.023193,0.035095,2.2757,0.054932,0
-0.053101,0.027161,0.042877,2.9584,0.045471,0
-0.026245,0.033264,0.057831,2.5033,0.036316,0
-0.0085449,0.037689,0.069733,2.7309,0.02655,0
-0.0082397,0.037231,0.068359,2.2757,0.022888,0
-0.011902,0.034485,0.05661,2.7309,0.022278,0
-0.023041,0.030518,0.040741,2.0482,0.02533,0
-0.03479,0.029297,0.029449,2.2757,0.027161,0
-0.037689,0.029907,0.028381,2.9584,0.030212,0
-0.034637,0.031281,0.037231,3.186,0.032349,0
-0.03479,0.033722,0.050354,2.9584,0.03418,0
-0.037842,0.032196,0.062561,2.2757,0.036011,0
-0.043945,0.025024,0.06424,3.186,0.038147,0
-0.05127,0.016937,0.050507,2.9584,0.041504,0
-0.041962,0.01358,0.033417,2.2757,0.044861,0
-0.020599,0.010681,0.0177,2.0482,0.049744,0
-0.019531,0.0039673,0.0022888,2.2757,0.053101,0
-0.029907,-0.005188,-0.014191,1.5931,0.056458,0
-0.023651,-0.012665,-0.028992,1.8206,0.059814,0
0.0067139,-0.016022,-0.036774,2.5033,0.063782,0
0.029297,-0.014954,-0.037994,2.7309,0.068054,0
0.020142,-0.015564,-0.033112,2.2757,0.06958,0
0.0053406,-0.015717,-0.02655,2.5033,0.071106,0
0.0041199,-0.014191,-0.028076,1.8206,0.074158,0
0.0018311,-0.015259,-0.032043,2.0482,0.082092,0
-0.002594,-0.0177,-0.036469,2.0482,0.094299,0
-0.0035095,-0.016479,-0.038147,2.7309,0.10925,0
-0.0041199,-0.013123,-0.032043,2.7309,0.12573,0
0.00015259,-0.012665,-0.023499,1.8206,0.13885,0
0.0067139,-0.011444,-0.02121,2.0482,0.14801,0
0.010834,-0.0068665,-0.020752,2.2757,0.15259,0
0.015717,-0.0057983,-0.020447,2.2757,0.15381,0
0.026093,-0.0059509,-0.015717,2.2757,0.15503,0
0.03418,-0.0028992,-0.0045776,1.8206,0.15533,0
0.023651,0.0010681,0.004425,2.0482,0.15442,0
0.0045776,-0.00076294,0.0056458,2.0482,0.15503,0
0.0032043,-0.0030518,0.00030518,1.8206,0.16052,0
0.014954,-0.0030518,-0.0038147,2.5033,0.16479,0
0.032501,0.0015259,-0.00061035,2.7309,0.16815,0
0.052948,0.0057983,0.0018311,2.7309,0.16846,0
0.072937,0.0067139,-0.0013733,2.9584,0.16632,0
0.076904,0.0082397,-0.0032043,2.9584,0.16296,0
0.066986,0.010376,-0.0021362,2.2757,0.15594,0
0.055847,0.010223,0.00015259,2.2757,0.14648,0
0.037384,0.010529,-0.00061035,2.9584,0.14191,0
0.0094604,0.013885,-0.0059509,2.0482,0.14221,0
-0.020142,0.024109,-0.0067139,2.7309,0.15137,0
-0.041962,0.034332,-0.0012207,2.5033,0.16479,0
-0.054779,0.04364,0.0039673,2.5033,0.18372,0
-0.058594,0.056915,0.0064087,2.7309,0.19836,0
-0.058136,0.069733,0.0082397,2.5033,0.20447,0
-0.052795,0.072937,0.0088501,2.7309,0.20233,0
-0.045624,0.075073,0.01236,2.2757,0.19836,0
-0.032196,0.075836,0.025635,3.4135,0.19501,0
-0.007019,0.072937,0.041046,2.5033,0.1944,0
-0.0085449,0.067749,0.042572,2.7309,0.19623,0
-0.032196,0.058289,0.037842,2.2757,0.2005,0
-0.042725,0.045471,0.031128,2.5033,0.20447,0
-0.04303,0.0354,0.030823,1.8206,0.20813,0
-0.03891,0.023804,0.0354,2.0482,0.2121,0
-0.036774,0.01236,0.033112,2.9584,0.21423,0
-0.03891,0.0041199,0.02655,2.5033,0.21606,0
-0.042725,0.00030518,0.017395,2.2757,0.21851,0
-0.040588,0,0.0099182,2.5033,0.2179,0
-0.031281,0.0012207,0.018921,2.2757,0.21698,0
-0.024261,0.002594,0.037079,2.7309,0.21729,0
-0.018768,-0.0028992,0.045319,1.8206,0.21637,0
-0.0091553,-0.012512,0.040436,2.2757,0.21637,0
-0.0041199,-0.01297,0.028992,2.5033,0.21149,0
-0.010223,0.0012207,0.021667,2.5033,0.20599,0
-0.016022,0.021973,0.021667,2.0482,0.19653,0
-0.021667,0.030365,0.018463,2.0482,0.18646,0
-0.034637,0.028381,0.0086975,2.2757,0.18005,0
-0.051117,0.023651,0.0064087,2.0482,0.17426,0
-0.039215,0.018616,0.013733,2.0482,0.16998,0
0.0088501,0.017242,0.016022,2.2757,0.16693,0
0.050964,0.012817,0.016174,2.2757,0.16083,0
0.071411,0.0010681,0.018768,2.0482,0.15747,0
0.088501,-0.016632,0.0177,2.0482,0.15625,0
0.10254,-0.029755,0.007019,2.2757,0.15686,0
0.10773,-0.036316,-0.011749,3.186,0.15625,0
0.099335,-0.037079,-0.034637,2.7309,0.15594,0
0.080414,-0.038605,-0.054321,2.5033,0.15503,0
0.055847,-0.050964,-0.072174,2.5033,0.15198,0
0.032501,-0.056915,-0.084686,2.5033,0.14923,0
0.011749,-0.050354,-0.088654,2.5033,0.14771,0
-0.0086975,-0.041504,-0.08667,2.9584,0.14893,0
-0.017395,-0.032043,-0.077972,2.7309,0.15167,0
-0.0021362,-0.020447,-0.055542,2.2757,0.15259,0
0.022278,-0.0083923,-0.027771,2.7309,0.15411,0
0.032349,-0.0024414,-0.0033569,2.7309,0.15259,0
0.018158,-0.0036621,0.012817,2.2757,0.14893,0
-0.00030518,-0.0080872,0.031891,2.5033,0.14099,0
-0.0090027,-0.014191,0.056,3.186,0.13153,0
-0.0177,-0.024872,0.067749,2.5033,0.12207,0
-0.031586,-0.0354,0.062256,2.2757,0.11444,0
-0.052032,-0.041504,0.043335,2.5033,0.10803,0
-0.064545,-0.045624,0.021973,2.7309,0.10071,0
-0.046692,-0.043182,0.010223,2.2757,0.093994,0
-0.028687,-0.033417,0.012817,1.8206,0.08728,0
-0.03952,-0.027618,0.018311,2.0482,0.081787,0
-0.053711,-0.026245,0.022278,2.0482,0.076904,0
-0.045929,-0.030975,0.023804,2.5033,0.074463,0
-0.024261,-0.03479,0.022888,2.2757,0.07019,0
-0.010223,-0.038147,0.023041,2.7309,0.064697,0
-0.0042725,-0.041656,0.027008,2.0482,0.058289,0
-0.0022888,-0.04303,0.035858,1.1379,0.050659,0
0.016785,-0.049438,0.038147,0.91037,0.04425,0
0.044861,-0.05661,0.027771,2.0482,0.040283,0
0.047913,-0.054169,0.0085449,2.5033,0.038147,0
0.034332,-0.040436,-0.010681,1.8206,0.038757,0
0.023346,-0.025177,-0.013275,2.5033,0.041809,0
0.023193,-0.017548,0.0027466,2.2757,0.044861,0
0.032349,-0.016174,0.019226,2.5033,0.048218,0
0.043335,-0.0090027,0.033569,2.5033,0.052795,0
0.043488,0.0036621,0.04715,2.0482,0.056458,0
0.032806,0.01236,0.053711,2.2757,0.059509,0
0.0177,0.011444,0.052185,2.0482,0.06073,0
0.0062561,0.0097656,0.055084,2.5033,0.060425,0
0.0016785,0.0097656,0.068512,2.7309,0.059509,0
-0.005188,0.0082397,0.074921,2.5033,0.058899,0
-0.018158,0.0015259,0.06424,2.7309,0.057983,0
-0.015411,-0.0053406,0.050201,2.5033,0.055847,0
0.017548,-0.013275,0.036621,2.5033,0.056458,0
0.034485,-0.023804,0.011444,2.9584,0.055847,0
0.015106,-0.024872,-0.013733,3.186,0.058594,0
-0.0048828,-0.018616,-0.024109,2.7309,0.063171,0
0.0022888,-0.013885,-0.010223,3.186,0.066833,0
0.025024,-0.0085449,0.020752,2.7309,0.073853,0
0.045776,-0.0015259,0.045013,2.0482,0.081482,0
0.047302,0.0057983,0.049744,2.7309,0.084839,0
0.024567,0.013275,0.04837,2.5033,0.084534,0
-0.0091553,0.020752,0.052948,2.2757,0.079651,0
-0.033417,0.03006,0.06134,2.5033,0.072021,0
-0.044708,0.04425,0.06897,2.5033,0.065613,0
-0.045624,0.054779,0.072021,2.9584,0.059204,0
-0.044556,0.057831,0.069275,1.8206,0.055847,0
-0.041504,0.054016,0.053253,2.5033,0.054932,0
-0.033112,0.050507,0.032959,2.2757,0.054932,0
-0.019836,0.050964,0.026703,2.7309,0.05249,0
-0.0019836,0.045624,0.030365,2.7309,0.047302,0
0.010834,0.041199,0.027161,2.5033,0.042419,0
0.015106,0.037689,0.016327,2.0482,0.041199,0
0.031128,0.032196,0.00030518,2.2757,0.045166,0
0.058441,0.021362,-0.013885,2.0482,0.052185,0
0.074921,0.0062561,-0.019531,2.5033,0.061951,0
0.082855,-0.0080872,-0.019073,2.2757,0.070496,0
0.087128,-0.022125,-0.022888,2.0482,0.076599,0
0.07782,-0.037689,-0.032959,2.5033,0.076904,0
0.051727,-0.047607,-0.043335,2.2757,0.074768,0
0.023651,-0.045776,-0.047302,2.0482,0.072021,0
0.0022888,-0.041962,-0.048523,2.2757,0.072327,0
-0.014954,-0.042114,-0.055237,2.5033,0.076599,0
-0.039368,-0.042877,-0.06485,1.8206,0.082092,0
-0.05188,-0.038605,-0.061951,2.5033,0.087585,0
-0.040131,-0.031281,-0.04303,2.2757,0.090942,0
-0.033569,-0.020294,-0.023193,2.0482,0.091858,0
-0.058594,-0.013428,-0.01358,2.0482,0.088196,0
-0.080872,-0.011444,-0.010834,2.0482,0.082092,0
-0.057678,-0.0056458,-0.010834,2.5033,0.074768,0
-0.023346,0.0028992,-0.01358,2.2757,0.068665,0
-0.021667,0.007019,-0.015564,2.0482,0.062561,0
-0.026398,0.007019,-0.0097656,2.5033,0.063171,0
-0.011139,0.0059509,0.0065613,2.9584,0.072021,0
0.013123,0.0091553,0.027008,2.9584,0.087891,0
0.019684,0.014496,0.036774,2.5033,0.10559,0
0.0016785,0.019531,0.0354,2.9584,0.12115,0
-0.027924,0.024567,0.027924,2.7309,0.13306,0
-0.045471,0.02594,0.021057,2.0482,0.14252,0
-0.033875,0.025635,0.016632,2.5033,0.14465,0
-0.0016785,0.026245,0.016632,2.0482,0.14404,0
0.034332,0.024872,0.017548,2.5033,0.14099,0
0.053101,0.014038,0.015564,2.7309,0.13885,0
0.051575,0.0019836,0.012207,2.5033,0.13794,0
0.037384,-0.0030518,0.0030518,2.5033,0.13672,0
0.020752,0.0015259,-0.004425,2.5033,0.13428,0
-0.00076294,0.011292,-0.0073242,3.186,0.13123,0
-0.031433,0.013275,-0.0091553,2.2757,0.13031,0
-0.061188,0.010223,-0.01709,2.5033,0.13306,0
-0.078735,0.014343,-0.017242,2.7309,0.1358,0
-0.075378,0.024872,0.0097656,2.0482,0.14404,0
-0.046387,0.027466,0.032349,2.2757,0.15442,0
-0.012665,0.021362,0.024719,2.0482,0.16388,0
0.0090027,0.01297,0.002594,2.9584,0.1712,0
0.014496,0.0065613,-0.02121,2.0482,0.17303,0
0.0016785,0.00015259,-0.041351,1.8206,0.16815,0
-0.015411,-0.0054932,-0.058441,2.2757,0.16113,0
-0.022278,-0.0053406,-0.063171,2.2757,0.15442,0
-0.02182,0.00091553,-0.055847,2.0482,0.15198,0
-0.032349,0.0032043,-0.041351,2.5033,0.15717,0
-0.050507,0.0033569,-0.031891,2.0482,0.16418,0
-0.062103,0.0091553,-0.026093,2.2757,0.17212,0
-0.062866,0.013733,-0.025024,2.5033,0.17792,0
-0.062103,0.015259,-0.025177,2.2757,0.17639,0
-0.062103,0.015411,-0.024719,2.5033,0.1709,0
-0.061798,0.021057,-0.026245,2.5033,0.16174,0
-0.061951,0.029907,-0.028534,2.5033,0.15656,0
-0.061951,0.0354,-0.03067,2.9584,0.15594,0
-0.04837,0.039825,-0.030823,2.9584,0.15991,0
0.00091553,0.04425,-0.028229,2.7309,0.16907,0
0.022583,0.049133,-0.032349,3.186,0.17822,0
0.057373,0.050201,-0.044403,1.8206,0.18524,0
0.06958,0.042877,-0.059967,2.5033,0.18433,0
0.048676,0.033112,-0.074768,2.0482,0.17761,0
0.059662,0.031891,-0.064545,1.5931,0.16785,0
0.084381,0.042419,-0.021362,2.9584,0.16144,0
0.076141,0.045319,0.02243,2.7309,0.159,0
0.050659,0.03418,0.042572,2.7309,0.15961,0
0.043945,0.018158,0.05249,2.5033,0.16022,0
0.05661,0.007782,0.06012,2.2757,0.15594,0
0.068512,0.00015259,0.058594,2.2757,0.15015,0
0.062561,-0.0045776,0.050507,2.9584,0.14221,0
0.0354,-0.0097656,0.041656,2.7309,0.13275,0
-0.0067139,-0.01358,0.0354,2.9584,0.12543,0
-0.039673,-0.01297,0.030823,2.5033,0.12024,0
-0.049438,-0.0082397,0.024872,2.7309,0.11932,0
-0.040131,-0.0047302,0.021667,2.5033,0.1239,0
-0.029907,-0.0073242,0.014343,2.2757,0.13031,0
-0.035248,-0.020905,-0.011444,2.2757,0.1355,0
-0.03952,-0.032196,-0.029297,2.5033,0.13519,0
-0.021362,-0.031738,-0.0080872,2.0482,0.13184,0
0.014038,-0.0354,0.018921,2.0482,0.12726,0
0.037231,-0.043182,0.021362,2.7309,0.12238,0
0.040436,-0.041046,0.015411,1.3655,0.11841,0
0.03006,-0.026855,0.020599,1.8206,0.1123,0
0.027008,-0.018463,0.024414,1.8206,0.1062,0
0.02182,-0.014801,0.0067139,2.0482,0.099182,0
-0.0010681,0.0054932,-0.012054,1.8206,0.094299,0
-0.031433,0.0354,0.0080872,2.0482,0.088501,0
-0.04364,0.055084,0.04715,2.2757,0.081177,0
-0.041504,0.050659,0.063019,2.2757,0.074768,0
-0.033112,0.040131,0.05249,2.2757,0.067749,0
-0.028534,0.038147,0.036774,2.2757,0.061035,0
-0.035706,0.034637,0.024109,2.0482,0.054626,0
-0.054626,0.023956,0.017395,2.2757,0.047302,0
-0.070038,0.01709,0.015869,1.8206,0.036926,0
-0.065613,0.010681,0.010376,2.0482,0.02594,0
-0.043945,-0.0016785,-0.0056458,2.2757,0.013123,0
-0.0057983,-0.015411,-0.024261,1.8206,0.00061035,0
0.027466,-0.015259,-0.023804,2.2757,-0.0091553,0
0.044708,-0.00015259,-0.0038147,2.2757,-0.014954,0
0.063477,0.0018311,0.014343,2.9584,-0.020142,0
0.084534,-0.0177,0.012817,2.5033,-0.022888,0
0.071411,-0.034637,0.00015259,2.7309,-0.025024,0
0.030212,-0.042572,-0.0067139,1.8206,-0.027466,0
0.011749,-0.052643,-0.0079346,2.2757,-0.029602,0
0.038452,-0.062408,-0.011444,2.9584,-0.03479,0
0.053253,-0.068359,-0.0094604,3.186,-0.041199,0
0.028381,-0.06897,0.0012207,3.186,-0.05249,0
-0.010986,-0.069427,0.015717,2.9584,-0.062561,0
-0.043335,-0.06897,0.029755,2.5033,-0.075073,0
-0.070038,-0.068359,0.040894,2.0482,-0.08667,0
-0.092773,-0.075226,0.045929,2.5033,-0.093689,0
-0.10147,-0.088348,0.042725,2.0482,-0.097046,0
-0.096893,-0.098877,0.037842,2.5033,-0.099182,0
-0.095062,-0.10483,0.039215,2.5033,-0.099792,0
-0.094452,-0.10101,0.05127,2.0482,-0.10162,0
-0.078583,-0.085754,0.059967,2.7309,-0.1062,0
-0.039062,-0.068817,0.05249,2.0482,-0.112,0
0.0015259,-0.053711,0.041962,2.0482,-0.12054,0
0.025482,-0.042572,0.039825,2.5033,-0.12909,0
0.041199,-0.031128,0.041656,2.2757,-0.13489,0
0.062714,-0.021362,0.04303,1.8206,-0.13611,0
0.084686,-0.021667,0.040131,2.5033,-0.13367,0
0.085297,-0.030823,0.027618,2.2757,-0.13031,0
0.065308,-0.034485,0.0050354,2.0482,-0.12787,0
0.042725,-0.025635,-0.0082397,1.8206,-0.12756,0
0.034332,-0.012665,-0.0019836,2.5033,-0.12939,0
0.052185,0.0050354,0.014038,2.5033,-0.13367,0
0.06073,0.02121,0.023651,2.2757,-0.13916,0
0.062866,0.028839,0.01709,2.2757,-0.14099,0
0.063019,0.026398,0.0015259,2.7309,-0.14282,0
0.062561,0.018768,-0.01358,2.5033,-0.1413,0
0.062714,0.012054,-0.029297,2.2757,-0.13794,0
0.062561,0.0085449,-0.03952,2.5033,-0.13367,0
0.046539,0.0079346,-0.042114,1.8206,-0.12665,0
-0.015106,0.0079346,-0.042419,2.5033,-0.11658,0
-0.036621,0.024567,0,2.0482,-0.10742,0
-0.0015259,0.04303,0.034332,2.5033,-0.1004,0
0.042114,0.050659,0.039825,2.5033,-0.09613,0
0.045624,0.047302,0.030823,2.7309,-0.093994,0
0.018005,0.032043,0.012207,2.7309,-0.091248,0
-0.00030518,0.0094604,-0.0022888,2.7309,-0.086365,0
0.0047302,-0.0045776,-0.0042725,2.7309,-0.082092,0
0.023956,-0.010071,0.0083923,2.5033,-0.079346,0
0.045166,-0.012817,0.026245,2.5033,-0.075684,0
0.061798,-0.01709,0.031281,2.7309,-0.070496,0
0.066376,-0.02243,0.020447,2.7309,-0.063171,0
0.057373,-0.030518,0.007782,2.5033,-0.057373,0
0.042419,-0.039825,0.0057983,2.7309,-0.053406,0
0.023193,-0.04715,0.0079346,2.9584,-0.049744,0
0.0064087,-0.050507,-0.0010681,2.5033,-0.039978,0
-0.0061035,-0.048676,-0.022125,2.2757,-0.028381,0
-0.016937,-0.04425,-0.038452,2.5033,-0.017395,0
-0.024109,-0.038147,-0.046539,2.5033,-0.0097656,0
-0.028992,-0.026855,-0.048981,3.4135,-0.007019,0
-0.025787,-0.013733,-0.050964,2.5033,-0.0079346,0
-0.018921,-0.0080872,-0.056305,2.5033,-0.0085449,0
-0.021667,-0.0082397,-0.062561,2.5033,-0.0085449,0
-0.032196,-0.010223,-0.060272,2.5033,-0.0079346,0
-0.042572,-0.0090027,-0.05188,2.2757,-0.0054932,0
-0.036011,-0.010529,-0.04303,2.2757,-0.0030518,0
-0.018616,-0.011749,-0.029755,2.0482,-0.0015259,0
-0.004425,-0.0091553,-0.012665,2.5033,0.0061035,0
0.0048828,-0.0036621,-0.0010681,2.5033,0.0177,0
0.0083923,0.0032043,0,1.8206,0.029602,0
0.0057983,0.011902,-0.005188,2.2757,0.038452,0
0.014954,0.018768,-0.011444,2.2757,0.040894,0
0.049744,0.026855,-0.010834,2.5033,0.040894,0
0.091095,0.032654,-0.007782,2.5033,0.041809,0
0.10284,0.041809,-0.0094604,2.5033,0.041809,0
0.079193,0.051575,-0.0083923,2.5033,0.041199,0
0.050201,0.054016,-0.0059509,2.0482,0.042419,0
0.033417,0.053864,-0.0056458,2.0482,0.044556,0
0.029297,0.057678,-0.0032043,2.5033,0.049133,0
0.035095,0.065765,-0.0027466,2.9584,0.056152,0
0.034485,0.068054,-0.0099182,2.7309,0.062561,0
0.013733,0.06485,-0.029297,2.2757,0.068665,0
-0.011749,0.06485,-0.042725,2.0482,0.075378,0
-0.028534,0.07019,-0.019989,2.9584,0.081482,0
-0.038452,0.071259,0.0080872,2.7309,0.08667,0
-0.039368,0.062561,0.0067139,2.7309,0.085754,0
-0.028229,0.051575,-0.0085449,2.7309,0.083923,0
-0.01297,0.050354,-0.015106,2.5033,0.085449,0
-0.014954,0.056,-0.016785,2.7309,0.093384,0
-0.042572,0.055084,-0.017548,2.9584,0.10468,0
-0.07431,0.046844,-0.016785,3.186,0.11597,0
-0.093689,0.034637,-0.015717,3.186,0.12482,0
-0.09201,0.019989,-0.026703,2.9584,0.12665,0
-0.072021,0.010986,-0.034332,2.2757,0.12115,0
-0.058136,0.0035095,-0.02121,2.5033,0.11078,0
-0.053711,-0.0097656,-0.0074768,2.7309,0.10406,0
-0.057068,-0.028534,-0.012207,2.9584,0.10529,0
-0.063782,-0.040131,-0.020905,2.2757,0.10895,0
-0.067139,-0.044098,-0.016174,2.0482,0.1123,0
-0.06897,-0.046844,-0.0057983,2.5033,0.11353,0
-0.076141,-0.046997,-0.0057983,2.2757,0.11414,0
-0.079498,-0.042572,-0.0097656,2.0482,0.112,0
-0.071716,-0.032349,-0.0076294,2.5033,0.112,0
-0.035706,-0.019379,-0.0032043,1.8206,0.11292,0
-0.0035095,-0.0068665,-0.0010681,2.2757,0.11169,0
-0.0083923,0.00076294,-0.00061035,2.5033,0.10742,0
0.002594,-0.00091553,0.0019836,2.5033,0.10193,0
0.039978,-0.0054932,0.0038147,2.5033,0.10101,0
0.048218,-0.007019,0.005188,2.2757,0.10345,0
0.018311,-0.0056458,0.0094604,2.5033,0.10284,0
-0.00045776,-0.0033569,0.016632,2.2757,0.096436,0
0.014648,-0.0065613,0.021515,2.0482,0.085754,0
0.027466,-0.016327,0.025787,2.5033,0.072937,0
0.023499,-0.024719,0.028229,2.5033,0.064087,0
0.025635,-0.025635,0.03006,2.7309,0.054932,0
0.04364,-0.024567,0.031281,1.5931,0.046692,0
0.055695,-0.023651,0.029907,2.0482,0.038452,0
0.033875,-0.021362,0.025787,2.5033,0.028992,0
0.018921,-0.018311,0.018158,2.5033,0.021667,0
0.045471,-0.018921,0.0035095,3.186,0.014648,0
0.074768,-0.021057,-0.0093079,2.0482,0.0091553,0
0.06958,-0.02121,-0.016022,2.5033,0.0039673,0
0.05661,-0.021362,-0.017395,2.5033,0.0021362,0
0.054779,-0.0177,-0.0061035,2.5033,-0.00061035,0
0.046692,-0.019531,0.012665,2.0482,-0.0027466,0
0.030212,-0.022736,0.020905,2.2757,-0.007019,0
0.020599,-0.021515,0.019684,2.5033,-0.011597,0
0.015259,-0.01709,0.016327,2.5033,-0.014343,0
0.0080872,-0.009613,0.019226,2.7309,-0.017395,0
-0.0053406,-0.0016785,0.028687,2.5033,-0.020752,0
-0.010529,0.0042725,0.037689,3.186,-0.028687,0
-0.0024414,0.010223,0.043182,2.7309,-0.039978,0
0,0.016022,0.04425,2.7309,-0.049133,0
-0.028992,0.022278,0.045166,2.5033,-0.055237,0
-0.076141,0.025635,0.050964,2.0482,-0.059204,0
-0.10574,0.028381,0.062103,2.0482,-0.062561,0
-0.097656,0.031128,0.072784,2.2757,-0.069275,0
-0.066223,0.032501,0.078583,2.5033,-0.072632,0
-0.040436,0.034637,0.081177,2.7309,-0.073242,0
-0.023499,0.04837,0.081177,1.8206,-0.072327,0
-0.0065613,0.071106,0.072784,1.1379,-0.073853,0
0.041809,0.081024,0.050964,2.5033,-0.075378,0
0.073242,0.070496,0.024872,2.0482,-0.075684,0
0.053864,0.064545,0.014343,2.9584,-0.072021,0
0.023346,0.071716,0.026245,3.186,-0.064392,0
0.014801,0.074158,0.047302,2.5033,-0.058289,0
0.015106,0.072632,0.063019,2.0482,-0.054932,0
-0.0012207,0.070801,0.069885,1.5931,-0.056152,0
-0.035858,0.059967,0.07019,2.7309,-0.053711,0
-0.076599,0.042419,0.064087,2.2757,-0.047913,0
-0.10178,0.020294,0.055084,2.5033,-0.039978,0
-0.079498,-0.0021362,0.053864,2.2757,-0.032349,0
-0.018463,-0.02243,0.05722,2.5033,-0.025635,0
0.027161,-0.037537,0.057373,2.0482,-0.019226,0
0.027466,-0.048218,0.057373,2.2757,-0.0091553,0
0.011597,-0.056152,0.060425,2.2757,-0.0012207,0
0.017853,-0.058289,0.055389,2.5033,0.0039673,0
0.034943,-0.056,0.036469,2.5033,0.0024414,0
0.034485,-0.051575,0.016479,2.5033,-0.0012207,0
0.033569,-0.042877,0.012817,1.8206,-0.0021362,0
0.046539,-0.028229,0.025482,2.7309,0.0027466,0
0.041046,-0.016174,0.03891,2.7309,0.010376,0
0.010529,-0.013123,0.036469,2.5033,0.0177,0
-0.010071,-0.0065613,0.028992,1.8206,0.025024,0
0.00045776,0.0099182,0.031891,2.0482,0.029907,0
0.024719,0.017548,0.042572,2.2757,0.035095,0
0.046997,0.012665,0.050659,2.5033,0.039368,0
0.05722,0.0035095,0.061798,3.186,0.042725,0
0.040588,-0.004425,0.069733,2.0482,0.047302,0
0.010834,-0.016479,0.060883,2.7309,0.053101,0
0.0054932,-0.032349,0.038147,2.5033,0.061646,0
0.022736,-0.046082,0.024872,2.7309,0.06897,0
0.016327,-0.054779,0.02533,2.5033,0.076904,0
-0.018311,-0.070496,0.015259,2.7309,0.079346,0
-0.059967,-0.091553,0.00015259,2.5033,0.079041,0
-0.10239,-0.10117,0.00030518,2.2757,0.074463,0
-0.081482,-0.096741,0.0053406,2.9584,0.065613,0
-0.010834,-0.084534,0.010529,2.0482,0.056458,0
0.026093,-0.0737,0.017395,2.7309,0.047607,0
0.048065,-0.066376,0.020142,2.0482,0.040283,0
0.074005,-0.056152,0.022278,2.2757,0.037537,0
0.076294,-0.038147,0.027618,2.2757,0.036011,0
0.061646,-0.01709,0.032349,1.8206,0.03479,0
0.056763,0.0013733,0.033112,2.5033,0.034485,0
0.050049,0.01358,0.030823,2.7309,0.032349,0
0.039215,0.015106,0.031738,2.5033,0.03418,0
0.032654,0.016174,0.037384,2.5033,0.038757,0
0.039825,0.016174,0.042267,2.0482,0.045471,0
0.039368,0.016785,0.037689,2.5033,0.05249,0
0.0086975,0.017548,0.029907,2.2757,0.057678,0
-0.028229,0.016632,0.028839,2.7309,0.064697,0
-0.028076,0.013428,0.02594,2.2757,0.069885,0
0.0032043,0.0062561,0.011139,1.8206,0.075989,0
0.029602,0.00045776,-0.00045776,2.7309,0.075684,0
0.035706,-0.0027466,-0.0030518,2.2757,0.072937,0
0.019226,0.0018311,-0.0035095,2.2757,0.069275,0
0.0080872,0.010071,-0.00091553,2.2757,0.069885,0
0.0032043,0.012054,0.0041199,2.2757,0.073547,0
-0.032959,0.012207,0.002594,2.5033,0.078125,0
-0.072632,0.014038,-0.014191,2.2757,0.079041,0
-0.065002,0.014954,-0.028992,2.9584,0.079041,0
-0.021057,0.007019,-0.035553,2.2757,0.079651,0
0.010376,-0.0057983,-0.031433,2.2757,0.085754,0
0.010834,-0.010986,-0.025787,2.5033,0.090942,0
-0.0012207,-0.0082397,-0.030518,2.9584,0.09491,0
-0.0071716,0.00076294,-0.037689,2.5033,0.097656,0
0.0036621,0.010071,-0.030975,2.7309,0.10193,0
0.004425,0.012207,-0.019379,2.2757,0.11017,0
-0.00076294,0.0097656,-0.013275,2.2757,0.11841,0
0.010681,0.0036621,-0.0028992,2.5033,0.12543,0
0.0036621,-0.0015259,0.0088501,2.5033,0.13092,0
-0.034485,-0.0027466,0.016022,2.2757,0.13214,0
-0.071716,0.0013733,0.017548,2.5033,0.13184,0
-0.087891,0.0010681,0.011139,2.7309,0.13153,0
-0.086975,-0.007782,0.00061035,2.9584,0.13306,0
-0.094757,-0.019226,-0.010223,2.5033,0.13763,0
-0.11215,-0.026093,-0.016174,3.4135,0.14496,0
-0.10651,-0.026093,-0.020752,2.5033,0.15198,0
-0.058899,-0.018158,-0.015869,2.5033,0.15656,0
-0.037384,-0.0083923,0.00061035,2.2757,0.1593,0
-0.052338,0.00076294,0.014191,3.186,0.16052,0
-0.057831,0.0038147,0.015411,2.7309,0.15991,0
-0.036011,0.0032043,0.0048828,2.7309,0.15869,0
0.0041199,0.0033569,-0.0083923,1.8206,0.15411,0
0.035706,0.0056458,-0.013428,2.2757,0.14679,0
0.040283,0.01236,0.0057983,1.8206,0.13824,0
0.048218,0.020447,0.040283,2.2757,0.13367,0
0.084381,0.017395,0.055847,2.5033,0.13031,0
0.1059,0.0085449,0.046844,2.0482,0.13123,0
0.088959,0.0039673,0.024872,1.8206,0.13123,0
0.060272,0.0068665,0.0054932,2.2757,0.12909,0
0.036011,0.0073242,-0.0016785,1.8206,0.12573,0
0.024261,0.0047302,-0.0053406,2.2757,0.12054,0
0.027161,0.0024414,-0.015411,2.7309,0.1181,0
0.036469,0.00015259,-0.03067,2.9584,0.11505,0
0.037842,0.00091553,-0.035553,2.0482,0.112,0
0.027008,0.0061035,-0.033264,1.8206,0.10559,0
0.0064087,0.0086975,-0.031891,2.5033,0.1001,0
-0.013123,0.0059509,-0.034637,2.7309,0.093079,0
-0.018768,0.005188,-0.041046,2.2757,0.084839,0
0.015106,0.0091553,-0.04837,2.7309,0.080261,0
0.052032,0.015411,-0.047607,2.5033,0.075989,0
0.065155,0.020752,-0.042267,2.9584,0.073547,0
0.071716,0.022583,-0.041962,2.5033,0.073242,0
0.069275,0.023651,-0.044861,2.2757,0.072021,0
0.058289,0.027466,-0.051117,2.7309,0.069275,0
0.039825,0.032043,-0.054474,2.5033,0.065918,0
0.021667,0.037079,-0.054932,2.5033,0.061951,0
0.014954,0.042725,-0.048981,2.0482,0.057983,0
0.0053406,0.04776,-0.037994,2.7309,0.054626,0
-0.0056458,0.049286,-0.030823,2.9584,0.050049,0
-0.010376,0.050507,-0.034943,2.9584,0.047302,0
-0.018158,0.055389,-0.042572,2.9584,0.046082,0
-0.040283,0.067139,-0.043945,2.7309,0.044861,0
-0.06546,0.071869,-0.037231,2.7309,0.042725,0
-0.077667,0.067291,-0.029755,2.7309,0.042114,0
-0.076447,0.053711,-0.028534,2.9584,0.042725,0
-0.063934,0.037689,-0.030518,2.9584,0.044556,0
-0.055084,0.027161,-0.028534,2.7309,0.047302,0
-0.056763,0.020142,-0.020447,2.7309,0.050659,0
-0.049286,0.0090027,-0.01358,2.5033,0.053101,0
-0.034027,-0.0035095,-0.010223,2.7309,0.053101,0
-0.018921,-0.011139,-0.0048828,2.5033,0.05249,0
-0.0021362,-0.013885,0.0030518,2.7309,0.050964,0
0.0088501,-0.019989,0.0019836,2.2757,0.050049,0
0.0071716,-0.032959,-0.010986,1.8206,0.047913,0
-0.0036621,-0.049438,-0.028687,2.7309,0.046692,0
-0.0013733,-0.062408,-0.041199,2.0482,0.045471,0
0.019226,-0.065918,-0.040131,2.2757,0.043945,0
0.050507,-0.065765,-0.028229,2.0482,0.045776,0
0.068817,-0.063324,-0.0064087,2.0482,0.047302,0
0.064392,-0.05661,0.009613,2.5033,0.049744,0
0.045471,-0.049438,0.0088501,2.2757,0.053101,0
0.027771,-0.046234,-0.0097656,2.2757,0.054016,0
0.026398,-0.04364,-0.025024,2.2757,0.054321,0
0.030212,-0.032196,-0.024109,2.2757,0.054321,0
0.027313,-0.020142,-0.020294,2.5033,0.054321,0
0.019073,-0.0079346,-0.028229,1.5931,0.053101,0
0.0062561,0.010986,-0.037079,1.8206,0.054626,0
-0.0088501,0.032959,-0.031586,2.5033,0.055847,0
-0.020294,0.048065,-0.013733,2.2757,0.058289,0
-0.023193,0.047913,-0.00091553,2.5033,0.057678,0
-0.025024,0.042419,0.0057983,2.5033,0.056458,0
-0.02594,0.041504,0.0085449,2.2757,0.055847,0
-0.025024,0.042114,0.0093079,2.9584,0.056458,0
-0.031128,0.038605,0.0012207,3.4135,0.057068,0
-0.045471,0.032501,-0.013885,3.186,0.055847,0
-0.059204,0.023804,-0.021057,2.9584,0.052795,0
-0.072937,0.02121,-0.025787,2.5033,0.050354,0
-0.087128,0.027161,-0.033722,2.5033,0.046692,0
-0.086212,0.030365,-0.037079,3.186,0.039673,0
-0.054169,0.018463,-0.040741,2.2757,0.033569,0
-0.00091553,0.0024414,-0.033417,2.7309,0.030823,0
0.041046,-0.010834,-0.0038147,2.9584,0.031433,0
0.028839,-0.028229,0.018005,2.5033,0.035706,0
0.011292,-0.043335,0.015717,2.0482,0.041809,0
0.031738,-0.042572,0.0094604,2.7309,0.046997,0
0.067749,-0.024719,0.015411,2.2757,0.048218,0
0.091248,-0.005188,0.025482,2.2757,0.049438,0
0.094604,0.0074768,0.03006,2.2757,0.047607,0
0.084534,0.013275,0.032501,2.2757,0.045166,0
0.069122,0.014038,0.033722,2.0482,0.042419,0
0.044556,0.010681,0.036011,1.8206,0.036926,0
0.019073,0.0050354,0.036774,2.5033,0.031433,0
0.0035095,0.0027466,0.023651,2.0482,0.023804,0
-0.004425,0.005188,-0.00061035,2.5033,0.0177,0
-0.011902,0.010986,-0.014038,2.7309,0.010376,0
-0.021973,0.016785,-0.010376,2.0482,0.0073242,0
-0.033264,0.021973,-0.0038147,1.8206,0.0027466,0
-0.030518,0.029297,0.0045776,2.0482,0.00061035,0
-0.019989,0.03479,0.018921,2.5033,-0.0033569,0
-0.022736,0.031128,0.017853,1.8206,-0.0088501,0
-0.035858,0.013733,-0.0016785,1.5931,-0.011902,0
-0.040894,-0.012817,-0.019836,1.8206,-0.018005,0
-0.033722,-0.039368,-0.023041,2.2757,-0.022583,0
-0.023193,-0.061493,-0.015564,2.5033,-0.027161,0
-0.014954,-0.07431,-0.0010681,2.2757,-0.031433,0
-0.0093079,-0.077362,0.02243,2.2757,-0.037231,0
-0.0057983,-0.080872,0.041046,1.8206,-0.041809,0
-0.0032043,-0.090027,0.038452,2.7309,-0.046692,0
-0.0019836,-0.095978,0.011902,2.5033,-0.054626,0
-0.0041199,-0.0914,-0.015564,2.5033,-0.063477,0
-0.0038147,-0.078583,-0.023956,2.7309,-0.07019,0
0.00091553,-0.062866,-0.023346,2.0482,-0.071411,0
-0.0015259,-0.057068,-0.034637,2.5033,-0.069275,0
-0.0015259,-0.057526,-0.05188,2.9584,-0.068359,0
0.0050354,-0.054626,-0.048981,2.2757,-0.065308,0
0.018005,-0.046997,-0.023651,2.7309,-0.064087,0
0.027618,-0.037384,0.005188,2.9584,-0.061646,0
0.023956,-0.026398,0.019836,2.9584,-0.06073,0
0.014648,-0.015564,0.025787,1.8206,-0.058899,0
0.013885,-0.0065613,0.040894,2.5033,-0.056152,0
0.016632,-0.002594,0.06073,2.5033,-0.05249,0
0.021973,-0.0028992,0.070953,3.186,-0.049438,0
0.022736,-0.0061035,0.063629,3.186,-0.047607,0
0.0177,-0.013428,0.045776,2.2757,-0.045166,0
0.0050354,-0.019989,0.027008,1.8206,-0.042114,0
-0.0086975,-0.019836,0.013733,1.8206,-0.040283,0
-0.024414,-0.014648,0.011444,2.2757,-0.036316,0
-0.0383,-0.014038,0.019531,2.5033,-0.031738,0
-0.048065,-0.017853,0.027924,2.2757,-0.02594,0
-0.056152,-0.020294,0.039368,2.5033,-0.020447,0
-0.057831,-0.023499,0.043945,2.2757,-0.013428,0
-0.055237,-0.021973,0.035858,2.5033,-0.0082397,0
-0.049896,-0.01709,0.023346,2.5033,-0.0036621,0
-0.043945,-0.015717,0.013733,2.2757,0.00030518,0
-0.038605,-0.015106,0.012512,2.2757,0.005188,0
-0.028381,-0.0094604,0.018463,2.0482,0.010376,0
-0.013885,-0.0016785,0.026855,1.8206,0.018616,0
-0.0016785,0.0032043,0.039062,2.0482,0.022888,0
0.0061035,0.00061035,0.045166,2.5033,0.026855,0
0.01709,-0.0064087,0.040436,1.8206,0.031433,0
0.032043,-0.0080872,0.032196,2.2757,0.033264,0
0.043182,-0.0059509,0.022278,2.2757,0.035095,0
0.04425,-0.0032043,0.01358,2.2757,0.036316,0
0.036316,0.00045776,0.01358,1.8206,0.037537,0
0.025177,0.0086975,0.024109,2.7309,0.038452,0
0.029907,0.018768,0.040588,2.2757,0.040283,0
0.045929,0.022888,0.05127,2.7309,0.040283,0
0.028839,0.023193,0.049286,2.7309,0.042114,0
-0.005188,0.021515,0.040131,2.7309,0.04364,0
-0.012817,0.022125,0.034485,2.2757,0.042725,0
0.015411,0.024719,0.032043,2.7309,0.038147,0
0.050659,0.029449,0.027924,2.2757,0.033569,0
0.046539,0.034637,0.025177,2.5033,0.030823,0
0.014801,0.041351,0.02182,2.9584,0.027161,0
-0.0090027,0.054321,0.012817,2.7309,0.02655,0
-0.018921,0.066071,0.0062561,2.7309,0.025635,0
-0.030365,0.066223,0.0059509,2.9584,0.023193,0
-0.037994,0.061646,0.0033569,2.9584,0.023804,0
-0.036011,0.059814,-0.00076294,2.5033,0.022583,0
-0.025482,0.058136,-0.0024414,3.186,0.022888,0
-0.015411,0.053864,-0.0050354,2.9584,0.023804,0
-0.0093079,0.043488,-0.0083923,2.7309,0.02594,0
-0.0057983,0.031891,-0.0050354,3.4135,0.028381,0
-0.0039673,0.025177,-0.0028992,2.9584,0.031128,0
-0.0018311,0.02182,-0.0050354,2.9584,0.036316,0
0.0016785,0.018463,-0.0061035,2.7309,0.041199,0
0.010071,0.012512,-0.0056458,2.7309,0.046997,0
0.016022,0.007782,-0.009613,2.5033,0.049438,0
0.017548,0.0010681,-0.023041,2.9584,0.051575,0
0.019073,-0.005188,-0.045776,2.2757,0.053711,0
0.016479,-0.010529,-0.066681,2.7309,0.055237,0
0.010681,-0.010986,-0.070648,2.0482,0.058594,0
0.0054932,-0.0094604,-0.056763,2.0482,0.058899,0
0.0042725,-0.0079346,-0.038757,2.2757,0.057373,0
0.0094604,-0.0065613,-0.028992,2.0482,0.053406,0
0.01358,-0.0065613,-0.028381,2.2757,0.049438,0
0.015411,-0.0088501,-0.034027,2.7309,0.048523,0
0.0061035,-0.011139,-0.040741,2.2757,0.049438,0
-0.0047302,-0.0093079,-0.041351,1.3655,0.054626,0
-0.01297,-0.0022888,-0.03891,2.2757,0.060425,0
-0.01709,0.0030518,-0.039978,2.0482,0.066223,0
-0.019379,0.0039673,-0.042572,1.5931,0.072021,0
-0.020294,0.0032043,-0.043335,2.9584,0.077209,0
-0.020142,0.0053406,-0.036469,2.5033,0.079651,0
-0.018463,0.009613,-0.022583,2.0482,0.082397,0
-0.018005,0.01358,-0.005188,2.5033,0.083008,0
-0.018616,0.017548,0.0097656,2.2757,0.082703,0
-0.016327,0.024719,0.022736,2.2757,0.080261,0
-0.016327,0.031281,0.031891,2.0482,0.07843,0
-0.021362,0.041199,0.037384,2.2757,0.074768,0
-0.029602,0.050201,0.040283,2.0482,0.072327,0
-0.028992,0.048981,0.038757,2.9584,0.070496,0
-0.019989,0.043335,0.032501,2.7309,0.071106,0
-0.0028992,0.041962,0.023193,2.9584,0.072021,0
0.013733,0.04303,0.013733,2.9584,0.072327,0
0.023346,0.043335,0.0015259,2.9584,0.070496,0
0.017395,0.039215,-0.00091553,2.0482,0.072021,0
0.0050354,0.034943,0.010223,2.5033,0.071411,0
-0.0057983,0.030365,0.016327,2.7309,0.070801,0
-0.0083923,0.027313,0.015411,2.5033,0.070496,0
-0.010986,0.019989,0.010986,2.7309,0.069275,0
-0.014496,0.012054,0.007019,2.9584,0.06897,0
-0.011902,0.0062561,0.0027466,3.186,0.068359,0
-0.011139,-0.0056458,-0.0056458,2.9584,0.067139,0
-0.011444,-0.016632,-0.013428,2.7309,0.066833,0
-0.0097656,-0.016022,-0.016479,2.9584,0.064697,0
-0.010223,-0.0035095,-0.014038,3.186,0.061951,0
-0.0062561,0.0091553,-0.0086975,2.7309,0.06073,0
0.00045776,0.014191,-0.0013733,2.9584,0.062256,0
0.0079346,0.016327,0.0061035,2.5033,0.066223,0
0.013123,0.016632,0.0093079,1.5931,0.069275,0
0.019073,0.01297,0.0083923,2.0482,0.072021,0
0.026703,0.010986,0.015564,2.2757,0.076294,0
0.030212,0.0093079,0.023956,2.2757,0.080261,0
0.024872,0.0097656,0.025482,2.5033,0.082397,0
0.0177,0.0028992,0.02121,1.8206,0.081177,0
0.016327,-0.0082397,0.016479,1.5931,0.080872,0
0.016785,-0.018463,0.0091553,2.0482,0.079041,0
0.018158,-0.028839,-0.0021362,2.2757,0.079651,0
0.017853,-0.039368,-0.0082397,2.0482,0.080566,0
0.020142,-0.043488,-0.0079346,1.8206,0.081482,0
0.019379,-0.041046,-0.0028992,2.2757,0.083923,0
0.011902,-0.032043,0.0054932,2.2757,0.083008,0
0.0048828,-0.014648,0.014801,2.0482,0.081482,0
0.0035095,0.0012207,0.025482,2.2757,0.076904,0
0.0016785,0.007782,0.039673,1.3655,0.072632,0
-0.0032043,0.0062561,0.052643,2.0482,0.071106,0
-0.0047302,0.0059509,0.058594,2.5033,0.070496,0
-0.0028992,0.0086975,0.050049,2.7309,0.071106,0
0,0.0065613,0.028076,2.2757,0.069275,0
-0.0010681,-0.0042725,0.0035095,2.2757,0.070496,0
-0.0027466,-0.011749,-0.00076294,2.5033,0.072632,0
0.0016785,-0.012512,0.0094604,2.7309,0.076904,0
0.0086975,-0.0068665,0.015564,2.7309,0.082397,0
0.013885,-0.00045776,0.019073,2.5033,0.090637,0
0.019073,0.0062561,0.022278,2.5033,0.1004,0
0.019226,0.0065613,0.017853,2.7309,0.11078,0
0.019379,-0.0067139,0.0018311,2.5033,0.11993,0
0.019073,-0.024567,-0.016327,2.9584,0.1297,0
0.012817,-0.035248,-0.021362,2.9584,0.14191,0
0.0042725,-0.042725,-0.012665,2.7309,0.15259,0
-0.00045776,-0.054474,-0.0030518,3.4135,0.16327,0
-0.00030518,-0.065918,-0.00045776,3.6411,0.17242,0
0.0024414,-0.072937,0.0053406,2.2757,0.18005,0
0.0021362,-0.072632,0.019073,2.2757,0.18585,0
0.0022888,-0.068359,0.033722,2.7309,0.18921,0
0.0028992,-0.067291,0.034485,2.7309,0.19135,0
0.00030518,-0.067596,0.022583,2.7309,0.19135,0
-0.0038147,-0.060883,0.010986,2.9584,0.19104,0
-0.0038147,-0.045471,0.0036621,2.7309,0.1886,0
0,-0.031128,0.0047302,2.7309,0.18402,0
0.0015259,-0.018768,0.014954,2.7309,0.17792,0
-0.00091553,-0.0088501,0.025024,2.5033,0.17731,0
-0.0039673,-0.0010681,0.033417,2.5033,0.17975,0
-0.0068665,0.0022888,0.04425,2.0482,0.18402,0
-0.010071,0.0010681,0.049591,2.5033,0.18311,0
-0.012207,-0.0033569,0.046082,2.2757,0.17883,0
-0.013885,-0.0012207,0.040283,2.0482,0.17242,0
-0.013275,0.0033569,0.03952,2.0482,0.16785,0
-0.011902,0.0053406,0.037384,2.5033,0.16571,0
-0.0082397,0.0074768,0.027008,2.2757,0.16815,0
-0.002594,0.007782,0.016785,2.7309,0.17181,0
0.00045776,0.0048828,0.0080872,2.0482,0.17517,0
0.0039673,0.00091553,-0.0054932,2.2757,0.1767,0
0.0041199,-0.0059509,-0.028534,1.8206,0.17456,0
0.0093079,-0.010223,-0.04837,2.2757,0.17212,0
0.020142,-0.0088501,-0.053864,2.5033,0.16876,0
0.033264,-0.0068665,-0.044098,2.0482,0.16663,0
0.042877,-0.0065613,-0.027313,2.2757,0.16785,0
0.042572,-0.0076294,-0.0097656,2.5033,0.16846,0
0.041962,-0.013275,-0.0039673,2.5033,0.16632,0
0.041962,-0.019836,-0.010529,1.8206,0.16174,0
0.040283,-0.020905,-0.011292,2.7309,0.15381,0
0.035706,-0.01358,-0.0030518,2.5033,0.14374,0
0.033875,-0.0021362,-0.0021362,2.2757,0.13519,0
0.033264,0.011292,0,3.186,0.12573,0
0.029907,0.024567,0.013428,3.186,0.11261,0
0.021667,0.030212,0.028992,3.186,0.10223,0
0.013275,0.029297,0.037689,3.186,0.091553,0
0.007019,0.029449,0.030212,3.4135,0.084534,0
0.0056458,0.028229,0.014191,2.5033,0.07843,0
0.0027466,0.023193,0.0061035,2.5033,0.074158,0
0.0010681,0.018005,0.012817,2.2757,0.071106,0
0.0033569,0.016022,0.018616,2.2757,0.067139,0
0.0047302,0.0091553,0.014648,2.5033,0.059509,0
0.00045776,-0.0013733,0.0032043,2.9584,0.052185,0
-0.0039673,-0.010986,-0.004425,2.5033,0.042725,0
-0.0086975,-0.016785,-0.0082397,2.0482,0.033569,0
-0.017853,-0.02121,-0.010986,2.2757,0.027161,0
-0.025177,-0.025635,-0.0065613,2.5033,0.023804,0
-0.028229,-0.032959,0.0021362,2.5033,0.023804,0
-0.026398,-0.037384,0.0018311,2.5033,0.025635,0
-0.0177,-0.034027,-0.0083923,1.8206,0.028076,0
-0.011749,-0.027924,-0.017548,1.8206,0.032043,0
-0.0088501,-0.019531,-0.019073,1.8206,0.042419,0
-0.007019,-0.015106,-0.010376,2.5033,0.05249,0
-0.0061035,-0.010376,0.0027466,1.8206,0.054016,0
-0.013275,-0.00045776,0.010986,1.8206,0.043945,0
-0.017853,0.013275,0.013428,2.2757,0.024719,0
-0.013275,0.020905,0.014191,2.0482,0.0015259,0
-0.011749,0.021667,0.012665,2.0482,-0.02533,0
-0.011902,0.020599,0.0062561,2.2757,-0.053406,0
-0.0062561,0.020447,-0.004425,2.7309,-0.079651,0
0.0035095,0.025177,-0.014038,1.8206,-0.1004,0
0.007782,0.031281,-0.022278,2.0482,-0.1181,0
0.0086975,0.032196,-0.025177,2.5033,-0.13336,0
0.0061035,0.027008,-0.031128,2.2757,-0.14557,0
0.0019836,0.02121,-0.034637,2.5033,-0.15778,0
0.0019836,0.020599,-0.027924,2.5033,-0.16968,0
0.0027466,0.023041,-0.018616,2.2757,-0.1767,0
-0.00015259,0.025177,-0.018768,2.0482,-0.17517,0
-0.0053406,0.023956,-0.031738,2.9584,-0.17242,0
-0.012665,0.022888,-0.049438,2.5033,-0.17181,0
-0.015717,0.025024,-0.060272,2.7309,-0.17151,0
-0.011139,0.027161,-0.057526,2.2757,-0.16876,0
-0.005188,0.027924,-0.047913,2.5033,-0.16144,0
-0.0030518,0.025482,-0.046844,2.5033,-0.15045,0
-0.0083923,0.019531,-0.065002,2.2757,-0.13763,0
-0.010376,0.016327,-0.089111,1.8206,-0.1236,0
-0.007019,0.014343,-0.10651,2.0482,-0.1059,0
-0.0036621,0.01297,-0.11261,2.2757,-0.085754,0
-0.0024414,0.0094604,-0.11948,2.7309,-0.064697,0
-0.0048828,0.0015259,-0.1355,2.5033,-0.047913,0
-0.0073242,-0.010223,-0.16357,2.9584,-0.037231,0
-0.005188,-0.022736,-0.19745,2.7309,-0.032654,0
-0.0068665,-0.034332,-0.23895,3.186,-0.02655,0
-0.013275,-0.038757,-0.27664,3.4135,-0.013428,0
-0.018616,-0.03067,-0.29816,2.5033,0.0039673,0
-0.020294,-0.017395,-0.30472,2.0482,0.018921,0
-0.019073,-0.010376,-0.30853,2.7309,0.026245,0
-0.014191,-0.012512,-0.3183,1.8206,0.027161,0
-0.0088501,-0.014496,-0.32806,2.2757,0.018921,0
-0.0062561,-0.010834,-0.33081,2.7309,-0.0015259,0
-0.014648,-0.0073242,-0.3302,1.8206,-0.029907,0
-0.028229,-0.0064087,-0.33646,2.5033,-0.053711,0
-0.036163,-0.0064087,-0.34454,2.0482,-0.070496,0
-0.029144,-0.0041199,-0.35019,2.0482,-0.079346,0
-0.019379,-0.0035095,-0.36163,2.0482,-0.091248,0
-0.014496,-0.0024414,-0.38605,2.7309,-0.11444,0
-0.0061035,0.00045776,-0.41153,2.0482,-0.14893,0
0.0036621,0.0047302,-0.42633,2.0482,-0.18005,0
0.0099182,0.005188,-0.42999,1.8206,-0.19928,0
0.01358,0.0050354,-0.43732,2.2757,-0.20233,0
0.015411,0.0067139,-0.44968,1.8206,-0.19287,0
0.015259,0.0088501,-0.4599,2.2757,-0.17639,0
0.017242,0.011139,-0.46448,1.8206,-0.16235,0
0.023499,0.0076294,-0.46982,2.5033,-0.15808,0
0.024109,0.0015259,-0.47562,2.2757,-0.16754,0
0.024109,-0.0045776,-0.47745,2.5033,-0.18219,0
0.023651,-0.007019,-0.47134,2.2757,-0.19714,0
0.023956,-0.0021362,-0.46524,2.9584,-0.20721,0
0.023041,0.0024414,-0.466,2.2757,-0.21149,0
0.019989,-0.00045776,-0.46112,2.2757,-0.21027,0
0.017853,-0.0068665,-0.43228,2.5033,-0.20508,0
0.017853,-0.012817,-0.37476,2.9584,-0.19958,0
0.014038,-0.016937,-0.29922,2.9584,-0.1947,0
0.0090027,-0.015411,-0.21454,2.2757,-0.19379,0
0.0057983,-0.0076294,-0.12894,2.7309,-0.19867,0
0.00030518,0.0018311,-0.049133,3.186,-0.21088,0
-0.0048828,0.0093079,0.02533,3.186,-0.22614,0
-0.0047302,0.011444,0.11002,2.5033,-0.23376,0
-0.0018311,0.0082397,0.20309,2.9584,-0.23407,0
-0.0010681,0.0048828,0.29526,2.7309,-0.22797,0
-0.0022888,0.0048828,0.37857,2.0482,-0.21454,0
-0.0036621,0.0027466,0.44632,2.0482,-0.19379,0
-0.0056458,0.00015259,0.50354,2.5033,-0.17395,0
-0.0036621,0.00091553,0.56747,2.0482,-0.16449,0
-0.0022888,0.002594,0.6279,2.2757,-0.16235,0
-0.0047302,0.00076294,0.67291,2.7309,-0.16815,0
-0.0099182,-0.0022888,0.71014,2.5033,-0.17395,0
-0.014038,-0.0061035,0.74417,1.8206,-0.17883,0
-0.014038,-0.010681,0.77942,2.0482,-0.18616,0
-0.010529,-0.01236,0.8226,2.2757,-0.19684,0
-0.0050354,-0.011597,0.87402,2.2757,-0.20569,0
-0.0012207,-0.011444,0.92377,2.0482,-0.20782,0
0.0013733,-0.012665,0.95779,2.2757,-0.20569,0
0.0035095,-0.012512,0.98358,2.9584,-0.19684,0
0.0042725,-0.0057983,1.0104,2.7309,-0.17731,0
0.0062561,0.0013733,1.0356,2.7309,-0.14099,0
0.0061035,0.01297,1.0602,2.2757,-0.091553,0
0.0038147,0.030365,1.0785,1.8206,-0.049133,0
0.00045776,0.037537,1.0841,2.0482,-0.029602,0
-0.00045776,0.034332,1.0799,2.2757,-0.037842,0
0.004425,0.025482,1.0678,2.7309,-0.065918,0
0.009613,0.016785,1.049,2.5033,-0.097046,0
0.013885,0.014801,1.0289,2.2757,-0.11841,0
0.014954,0.014801,1.0138,3.186,-0.12207,0
0.016479,0.011597,1.0027,2.7309,-0.11322,0
0.018005,0.0099182,0.98312,1.8206,-0.099487,0
0.01709,0.010986,0.94971,2.2757,-0.092773,0
0.016937,0.007782,0.9079,2.2757,-0.10071,0
0.018005,-0.0015259,0.86761,2.2757,-0.12482,0
0.015106,-0.0076294,0.82764,2.2757,-0.15289,0
0.01297,-0.0079346,0.77942,2.2757,-0.16724,0
0.01358,-0.0045776,0.71823,2.5033,-0.16052,0
0.01236,-0.00091553,0.64941,2.7309,-0.13763,0
0.004425,-0.00061035,0.58029,2.7309,-0.11139,0
-0.0057983,-0.0024414,0.51071,2.7309,-0.097961,0
-0.010223,-0.0016785,0.44754,2.7309,-0.10071,0
-0.011749,0.0024414,0.39642,3.4135,-0.11292,0
-0.010223,0.0050354,0.35477,2.7309,-0.1236,0
-0.0068665,0.0056458,0.33447,2.7309,-0.12512,0
-0.0056458,0.0057983,0.32883,2.5033,-0.11322,0
-0.0056458,0.0028992,0.30853,2.7309,-0.087891,0
-0.0045776,0,0.26657,2.7309,-0.058899,0
-0.0013733,0.0030518,0.21454,2.0482,-0.035706,0
0.0028992,0.013123,0.1532,2.2757,-0.026855,0
0.0041199,0.017853,0.089264,2.2757,-0.031128,0
0.0048828,0.014648,0.033112,2.5033,-0.04364,0
0.0065613,0.0067139,-0.015259,2.2757,-0.054626,0
0.007782,0.0027466,-0.05722,2.7309,-0.058289,0
0.0056458,0.0015259,-0.10178,2.5033,-0.053101,0
0.0048828,-0.0038147,-0.15518,2.7309,-0.040588,0
0.0061035,-0.014038,-0.20462,2.2757,-0.028076,0
0.0062561,-0.016174,-0.24368,2.2757,-0.019226,0
0.0048828,-0.018463,-0.27771,2.0482,-0.016479,0
0.0028992,-0.020752,-0.30548,1.5931,-0.011597,0
0.0019836,-0.021362,-0.32761,2.5033,-0.0024414,0
0.0027466,-0.021362,-0.34515,2.2757,0.011292,0
0.0057983,-0.017395,-0.36453,2.7309,0.023804,0
0.010223,-0.016022,-0.3833,2.2757,0.03479,0
0.010071,-0.017548,-0.39856,2.5033,0.046387,0
0.0050354,-0.014801,-0.41641,2.0482,0.06012,0
-0.0021362,-0.010071,-0.43823,2.0482,0.075989,0
-0.0045776,-0.0047302,-0.45776,2.2757,0.090637,0
-0.0028992,0.0061035,-0.47592,2.0482,0.098572,0
0.00061035,0.027924,-0.49744,1.5931,0.096436,0
0.0018311,0.049744,-0.51575,2.5033,0.091858,0
0.0027466,0.056305,-0.52475,2.7309,0.090027,0
0.0056458,0.053253,-0.52444,3.186,0.094604,0
0.007782,0.045776,-0.51605,2.5033,0.10437,0
0.0080872,0.036469,-0.50598,2.5033,0.11566,0
0.011292,0.023193,-0.49347,2.7309,0.12604,0
0.014801,0.0030518,-0.48203,2.5033,0.13306,0
0.014343,-0.01709,-0.48294,2.7309,0.13214,0
0.014648,-0.026855,-0.49057,1.8206,0.12299,0
0.015564,-0.026398,-0.48767,2.2757,0.10742,0
0.013123,-0.024261,-0.47531,2.5033,0.083923,0
0.0064087,-0.025177,-0.45929,2.5033,0.059509,0
0.0012207,-0.027161,-0.44418,2.5033,0.039978,0
-0.0016785,-0.033264,-0.43121,2.2757,0.02655,0
-0.0015259,-0.045776,-0.4187,2.5033,0.01709,0
-0.0030518,-0.062103,-0.40894,2.5033,0.010986,0
-0.0065613,-0.07309,-0.40527,2.2757,0.007019,0
-0.0088501,-0.078125,-0.40649,2.7309,0.0067139,0
-0.0090027,-0.078888,-0.40405,2.5033,0.010681,0
-0.0097656,-0.076752,-0.3891,2.7309,0.0177,0
-0.009613,-0.072021,-0.35904,2.5033,0.024719,0
-0.0083923,-0.07019,-0.33142,2.2757,0.029297,0
-0.0053406,-0.066833,-0.31494,2.0482,0.03479,0
-0.0021362,-0.062561,-0.30304,2.2757,0.044556,0
-0.0018311,-0.058594,-0.28778,1.3655,0.055237,0
-0.0056458,-0.051575,-0.26917,2.2757,0.065308,0
-0.0071716,-0.042419,-0.24734,2.0482,0.070496,0
-0.0068665,-0.030975,-0.22247,2.2757,0.069275,0
-0.0085449,-0.018005,-0.20615,2.0482,0.062866,0
-0.0062561,-0.002594,-0.1915,2.0482,0.049744,0
-0.0030518,0.0094604,-0.17456,2.7309,0.032654,0
0.0019836,0.015411,-0.16525,2.7309,0.020142,0
0.0086975,0.016632,-0.16418,2.7309,0.013733,0
0.010681,0.01709,-0.15991,2.9584,0.01709,0
0.007782,0.023651,-0.14954,2.2757,0.020752,0
0.0061035,0.030975,-0.14038,2.2757,0.022888,0
0.0082397,0.035858,-0.13351,2.5033,0.025024,0
0.0091553,0.039825,-0.12573,2.5033,0.027161,0
0.0099182,0.042877,-0.11612,2.2757,0.033264,0
0.010986,0.044403,-0.1059,2.9584,0.039062,0
0.011139,0.044861,-0.1004,2.5033,0.045471,0
0.012817,0.046082,-0.10391,2.2757,0.05188,0
0.014648,0.045624,-0.10284,2.9584,0.057678,0
0.014038,0.046082,-0.090942,2.2757,0.067139,0
0.010834,0.043335,-0.075073,2.7309,0.07782,0
0.0085449,0.039978,-0.062408,2.9584,0.084839,0
0.0067139,0.035858,-0.059814,2.5033,0.089111,0
0.0056458,0.024872,-0.064545,2.7309,0.089722,0
0.0085449,0.0099182,-0.075073,2.7309,0.091858,0
0.011292,-0.0010681,-0.09552,2.7309,0.091858,0
0.012207,-0.0082397,-0.11032,2.5033,0.091858,0
0.007019,-0.012207,-0.10208,2.2757,0.091553,0
-0.0013733,-0.015717,-0.084686,2.7309,0.091553,0
-0.010071,-0.02182,-0.075226,2.9584,0.091248,0
-0.014038,-0.02655,-0.072021,3.186,0.092773,0
-0.015106,-0.027313,-0.066376,2.9584,0.095215,0
-0.016022,-0.026245,-0.061035,2.7309,0.09613,0
-0.019073,-0.026093,-0.059662,2.7309,0.09491,0
-0.019989,-0.026245,-0.059509,2.9584,0.093384,0
-0.017548,-0.024719,-0.055847,3.6411,0.093384,0
-0.014343,-0.022736,-0.056763,2.5033,0.095825,0
-0.01297,-0.018768,-0.052795,2.9584,0.097961,0
-0.012207,-0.015717,-0.031128,1.3655,0.10071,0
-0.010529,-0.010376,-0.0065613,2.5033,0.10193,0
-0.0073242,-0.0071716,0.0019836,2.2757,0.10162,0
-0.0068665,-0.0076294,-0.004425,2.7309,0.10223,0
-0.0056458,-0.0085449,-0.014191,2.2757,0.10162,0
-0.0024414,-0.011597,-0.019989,2.2757,0.099182,0
0.0015259,-0.0099182,-0.019989,2.7309,0.093079,0
0.0013733,-0.00015259,-0.018311,2.2757,0.084229,0
-0.00076294,0.0090027,-0.0093079,2.2757,0.074158,0
0.00061035,0.010834,0.0074768,2.0482,0.061646,0
0.00015259,0.011749,0.019073,1.5931,0.046692,0
0.00045776,0.011444,0.022278,1.8206,0.031433,0
-0.0018311,0.009613,0.018158,1.5931,0.016785,0
-0.0028992,0.0074768,0.014191,2.2757,0.0036621,0
0.0013733,0.0082397,0.011292,2.7309,-0.007019,0
0.0022888,0.011139,0.009613,2.7309,-0.015869,0
0.0016785,0.014954,0.010376,2.9584,-0.021973,0
0.00015259,0.01358,0.014038,2.5033,-0.023804,0
-0.0016785,0.013885,0.01236,2.5033,-0.023804,0
0.00015259,0.018616,0.012512,2.5033,-0.020752,0
0.0053406,0.026398,0.018768,1.5931,-0.020447,0
0.010529,0.028076,0.02243,2.0482,-0.021057,0
0.012817,0.02243,0.028381,2.0482,-0.020142,0
0.011292,0.0177,0.041199,2.5033,-0.019531,0
0.0073242,0.016785,0.052643,2.7309,-0.019531,0
0.0027466,0.018463,0.058594,2.2757,-0.022888,0
-0.00061035,0.019836,0.056763,2.2757,-0.028076,0
-0.00061035,0.021362,0.052948,2.5033,-0.033264,0
0.0012207,0.02121,0.05722,2.9584,-0.040588,0
0.0019836,0.019073,0.061188,3.4135,-0.047913,0
0.0015259,0.024109,0.059204,2.7309,-0.059204,0
-0.0012207,0.030975,0.056763,2.5033,-0.070801,0
-0.00076294,0.033264,0.053711,2.7309,-0.082703,0
0.0015259,0.031738,0.052795,2.7309,-0.091858,0
0.002594,0.030823,0.055389,3.186,-0.098267,0
0.00045776,0.028839,0.062103,2.5033,-0.10071,0
0.00015259,0.023499,0.067596,2.0482,-0.099487,0
0.0012207,0.015411,0.06424,2.7309,-0.093079,0
0.0028992,0.0090027,0.055084,2.5033,-0.085449,0
0.0045776,0.00015259,0.045319,2.9584,-0.080261,0
0.0033569,-0.0076294,0.035706,2.7309,-0.074768,0
0.005188,-0.0083923,0.027313,2.7309,-0.06897,0
0.010223,-0.0013733,0.024414,2.9584,-0.06134,0
0.015411,0.0076294,0.024872,2.2757,-0.05127,0
0.019836,0.010834,0.024872,2.2757,-0.037537,0
0.019836,0.0093079,0.020905,2.7309,-0.024414,0
0.018158,0.011749,0.020142,2.0482,-0.010986,0
0.014801,0.021362,0.02655,2.5033,-0.0021362,0
0.010986,0.028687,0.0354,2.2757,0.0030518,0
0.011597,0.022736,0.036621,2.2757,0.0067139,0
0.01358,0.010376,0.029755,2.0482,0.0094604,0
0.01236,-0.0033569,0.02655,2.2757,0.015564,0
0.0074768,-0.0065613,0.027313,1.8206,0.019531,0
0.0015259,0,0.029755,2.5033,0.023804,0
-0.00045776,0.0056458,0.031738,2.2757,0.025635,0
0.0036621,0.0090027,0.033569,2.0482,0.02655,0
0.0099182,0.011597,0.034943,1.8206,0.02594,0
0.014191,0.015106,0.035858,2.2757,0.027466,0
0.013733,0.016937,0.037689,2.7309,0.030212,0
0.007782,0.016632,0.042877,1.3655,0.035095,0
0.00015259,0.014648,0.045776,2.5033,0.039673,0
-0.0085449,0.015717,0.048218,2.5033,0.046082,0
-0.015259,0.017395,0.04776,2.2757,0.049744,0
-0.017548,0.020294,0.050049,2.5033,0.053711,0
-0.020599,0.02243,0.05127,2.5033,0.053711,0
-0.029755,0.021515,0.053558,2.7309,0.053711,0
-0.029907,0.01709,0.058441,2.9584,0.054321,0
-0.024261,0.0079346,0.063171,2.7309,0.059204,0
-0.023041,-0.0024414,0.06958,2.9584,0.06134,0
-0.024261,-0.007782,0.076447,2.7309,0.062561,0
-0.023804,-0.010986,0.075684,2.5033,0.061951,0
-0.014496,-0.018158,0.069427,2.9584,0.058899,0
-0.0068665,-0.026245,0.057678,2.5033,0.054321,0
-0.0032043,-0.032806,0.04364,3.186,0.05127,0
0.0013733,-0.040283,0.03067,2.9584,0.049438,0
0.0048828,-0.045776,0.026093,2.7309,0.049133,0
0.0041199,-0.045319,0.031891,2.9584,0.051575,0
0.0024414,-0.041962,0.040436,2.7309,0.055237,0
-0.00045776,-0.048523,0.041351,2.5033,0.06134,0
-0.0035095,-0.064392,0.024109,2.7309,0.066528,0
-0.0024414,-0.078125,0.0019836,2.5033,0.071106,0
0.0012207,-0.077972,-0.0012207,2.2757,0.077209,0
0.0065613,-0.059967,0.0048828,2.5033,0.083008,0
0.0073242,-0.032501,0.01358,2.0482,0.090637,0
0.00076294,-0.005188,0.024414,1.5931,0.1004,0
-0.0068665,0.012817,0.034332,1.3655,0.11078,0
-0.0083923,0.021973,0.045319,2.9584,0.12695,0
-0.0079346,0.028381,0.054779,1.8206,0.13947,0
-0.007019,0.031891,0.065002,2.5033,0.15259,0
-0.0082397,0.033875,0.07309,2.2757,0.16541,0
-0.0054932,0.034637,0.079041,2.5033,0.18097,0
0,0.028839,0.077515,1.3655,0.19318,0
0.0028992,0.019379,0.065765,2.2757,0.20203,0
0.0027466,0.0082397,0.050354,2.2757,0.20935,0
0.0038147,-0.004425,0.035706,2.5033,0.21515,0
0.0018311,-0.016937,0.026245,2.5033,0.22217,0
-0.0082397,-0.028839,0.019226,2.5033,0.23071,0
-0.016632,-0.039062,0.010223,1.8206,0.23956,0
-0.012665,-0.045776,0.0093079,2.5033,0.24963,0
-0.0012207,-0.046844,0.017853,2.5033,0.25909,0
0.0097656,-0.043488,0.02243,2.9584,0.26581,0
0.0177,-0.037994,0.019531,2.2757,0.27161,0
0.015106,-0.034485,0.017548,2.2757,0.27679,0
0.0088501,-0.034637,0.014038,2.2757,0.28259,0
0.0099182,-0.035706,0.0076294,2.2757,0.28625,0
0.017548,-0.035858,-0.0057983,3.186,0.29144,0
0.024567,-0.033569,-0.0053406,2.7309,0.29755,0
0.023041,-0.03067,0.0085449,2.7309,0.30334,0
0.012817,-0.023956,0.023193,2.7309,0.30792,0
-0.0010681,-0.017548,0.029907,3.186,0.31219,0
-0.010223,-0.0093079,0.031891,2.9584,0.31311,0
-0.01236,-0.0027466,0.032501,2.7309,0.31372,0
-0.010834,0.0028992,0.029602,2.7309,0.31189,0
-0.0090027,0.0073242,0.02243,2.7309,0.31006,0
-0.0013733,0.011292,0.0062561,2.5033,0.30853,0
0.009613,0.016479,-0.010223,1.8206,0.30487,0
0.016785,0.026398,-0.0085449,2.0482,0.3009,0
0.011902,0.034637,0.0086975,2.2757,0.29633,0
0.0022888,0.038452,0.02243,2.5033,0.29327,0
-0.005188,0.036163,0.021667,2.2757,0.28931,0
-0.0079346,0.028534,0.01358,2.5033,0.28412,0
-0.0093079,0.018311,0.0050354,2.5033,0.27863,0
-0.0088501,0.0073242,-0.0015259,2.7309,0.26917,0
-0.009613,0.0045776,-0.0080872,2.9584,0.25635,0
-0.0097656,0.0073242,-0.0083923,2.2757,0.24384,0
-0.0086975,0.011902,0.00045776,2.2757,0.2301,0
-0.0071716,0.011444,0.010376,2.5033,0.21484,0
-0.0033569,0.0054932,0.019836,1.8206,0.20081,0
0.0010681,-0.0030518,0.030823,1.5931,0.18555,0
-0.002594,-0.011597,0.0354,1.8206,0.17212,0
-0.0088501,-0.015564,0.038605,2.2757,0.159,0
-0.0073242,-0.016327,0.044861,2.2757,0.14343,0
-0.0041199,-0.017548,0.058746,2.5033,0.12726,0
-0.0076294,-0.022125,0.071259,2.5033,0.11169,0
-0.015411,-0.02533,0.072021,2.2757,0.096436,0
-0.020447,-0.024719,0.062103,1.3655,0.085449,0
-0.019836,-0.022888,0.044708,2.7309,0.077515,0
-0.016022,-0.021515,0.023499,2.5033,0.06897,0
-0.012207,-0.019989,-0.0030518,2.7309,0.058899,0
-0.0067139,-0.014038,-0.016632,2.0482,0.045471,0
-0.0027466,-0.0039673,-0.010376,2.0482,0.032349,0
-0.0018311,0.0018311,-0.0032043,2.5033,0.018311,0
-0.0010681,0.0028992,0.002594,2.7309,0.005188,0
-0.00045776,0.0042725,0.011444,3.186,-0.0088501,0
-0.0012207,0.007782,0.018158,2.5033,-0.020752,0
-0.0042725,0.011292,0.017395,2.5033,-0.031433,0
-0.0068665,0.015106,0.013733,2.2757,-0.039062,0
-0.0068665,0.016937,0.013428,2.7309,-0.045166,0
-0.0039673,0.016327,0.013733,2.7309,-0.051575,0
-0.0010681,0.019379,0.015106,3.186,-0.057373,0
0.00076294,0.022888,0.017395,2.2757,-0.06134,0
0.0016785,0.02121,0.014038,2.7309,-0.062561,0
0.00015259,0.017548,0.0085449,2.5033,-0.06073,0
-0.00091553,0.019531,0.005188,2.2757,-0.055847,0
-0.0010681,0.020905,0.0054932,3.186,-0.054626,0
0.00030518,0.015869,0.0085449,2.9584,-0.058594,0
-0.0010681,0.013123,0.0083923,2.9584,-0.065918,0
-0.0036621,0.0067139,0.0048828,2.9584,-0.072327,0
-0.0042725,-0.0024414,0.0038147,2.5033,-0.078735,0
-0.0022888,-0.007019,0.0088501,2.9584,-0.079346,0
-0.0038147,-0.0065613,0.015259,2.5033,-0.077515,0
-0.0086975,-0.0099182,0.014954,2.7309,-0.076599,0
-0.007019,-0.014343,0.0090027,2.7309,-0.077209,0
-0.0067139,-0.013733,0.0022888,1.8206,-0.081482,0
-0.0091553,-0.0085449,0.0016785,1.8206,-0.088196,0
-0.010986,0,0.0022888,2.2757,-0.093994,0
-0.0079346,0.0032043,-0.00030518,1.8206,-0.098572,0
-0.00076294,0.0010681,-0.0024414,2.2757,-0.10132,0
0.0073242,-0.0022888,0.0010681,1.8206,-0.10529,0
0.012817,-0.0038147,0.011292,2.7309,-0.11353,0
0.012207,-0.0033569,0.020447,1.3655,-0.12115,0
0.010376,-0.0021362,0.019836,2.0482,-0.12909,0
0.0083923,-0.00091553,0.012512,2.2757,-0.13306,0
0.0036621,-0.0019836,0.0073242,2.2757,-0.13458,0
0.00091553,-0.0035095,0.0094604,2.2757,-0.13214,0
0.0022888,-0.0015259,0.016479,1.8206,-0.12482,0
0.0094604,0.00015259,0.019379,2.5033,-0.11444,0
0.019989,0.00076294,0.018005,2.5033,-0.10132,0
0.024567,0.0028992,0.018311,2.0482,-0.092468,0
0.021973,0.002594,0.016174,2.0482,-0.089417,0
0.014648,0.0036621,0.0099182,2.2757,-0.094299,0
0.0064087,0.0083923,0.0033569,2.2757,-0.097961,0
0.0013733,0.01236,0.0012207,2.7309,-0.10437,0
-0.0012207,0.013275,0.00045776,3.186,-0.1059,0
-0.0057983,0.012817,-0.00030518,2.7309,-0.10834,0
-0.0080872,0.014038,0.00076294,2.7309,-0.10895,0
-0.01236,0.014038,0.00015259,2.9584,-0.10803,0
-0.015411,0.013275,0.0010681,2.7309,-0.1062,0
-0.015259,0.01297,0.0028992,2.7309,-0.10529,0
-0.014038,0.014038,0.0027466,3.186,-0.10529,0
-0.014038,0.015259,0.00091553,2.9584,-0.10468,0
-0.012054,0.01297,-0.0045776,3.186,-0.10254,0
-0.014648,0.011139,-0.0086975,2.5033,-0.096436,0
-0.016479,0.010681,-0.013428,2.7309,-0.090942,0
-0.015411,0.01297,-0.020294,2.7309,-0.085449,0
-0.012665,0.019073,-0.021515,2.7309,-0.080566,0
-0.0076294,0.020294,-0.016937,2.7309,-0.073853,0
-0.0062561,0.018768,-0.014191,3.186,-0.065613,0
-0.0067139,0.019226,-0.014343,2.2757,-0.055237,0
-0.005188,0.019684,-0.018463,2.7309,-0.044861,0
-0.0018311,0.020142,-0.019073,2.5033,-0.035095,0
-0.00015259,0.018005,-0.018311,2.2757,-0.027161,0
0.0056458,0.01358,-0.020142,2.2757,-0.018005,0
0.017242,0.0086975,-0.024109,2.0482,-0.010681,0
0.023804,0.0071716,-0.02655,2.7309,-0.0054932,0
0.020752,0.0067139,-0.027313,1.8206,0.0024414,0
0.011902,0.0024414,-0.021667,2.9584,0.014954,0
0.0039673,-0.0030518,-0.013275,1.1379,0.027466,0
0.00045776,-0.0071716,-0.0091553,1.5931,0.032959,0
-0.00061035,-0.010071,-0.0057983,1.8206,0.03418,0
-0.0018311,-0.010986,-0.0010681,1.8206,0.03479,0
0.0013733,-0.011597,0.0027466,2.5033,0.036316,0
0.0064087,-0.011597,0.0013733,2.0482,0.039368,0
0.01236,-0.010223,0.0012207,1.8206,0.04425,0
0.016022,-0.010376,0.0036621,2.2757,0.05127,0
0.010834,-0.0099182,0.0061035,2.7309,0.057373,0
0.0012207,-0.0080872,0.0099182,2.5033,0.063782,0
-0.004425,-0.0090027,0.013123,2.5033,0.06897,0
-0.007019,-0.011139,0.015411,2.7309,0.071411,0
-0.0073242,-0.011597,0.019684,2.5033,0.074158,0
-0.0042725,-0.0088501,0.024261,1.8206,0.076599,0
0.0028992,-0.0036621,0.023651,3.186,0.078735,0
0.0032043,0.0033569,0.024719,2.2757,0.080261,0
0.00030518,0.0099182,0.027924,2.2757,0.081482,0
0.0032043,0.01358,0.025787,2.0482,0.080261,0
0.013885,0.013885,0.019073,2.5033,0.081177,0
0.023651,0.015717,0.010986,2.5033,0.083923,0
0.022888,0.016022,0.0059509,2.5033,0.085754,0
0.014801,0.018005,0.0033569,2.9584,0.088806,0
0.0093079,0.020905,0.0024414,2.2757,0.090942,0
0.010681,0.020294,-0.0030518,2.7309,0.091553,0
0.012512,0.016022,-0.0074768,2.5033,0.094299,0
0.016632,0.011139,-0.013275,2.7309,0.096741,0
0.016022,0.0050354,-0.017853,2.7309,0.098877,0
0.011292,-0.0018311,-0.018616,2.5033,0.10101,0
0.0036621,-0.0079346,-0.022583,2.7309,0.10254,0
-0.0024414,-0.014496,-0.028229,2.7309,0.10376,0
-0.002594,-0.018005,-0.030518,2.5033,0.10498,0
-0.00091553,-0.018921,-0.02655,1.8206,0.1059,0
0.0012207,-0.017548,-0.021515,2.2757,0.10956,0
0.0015259,-0.012817,-0.010071,2.9584,0.11108,0
0.00061035,-0.0073242,0.0012207,2.9584,0.11017,0
0.0013733,-0.0059509,0.0064087,2.5033,0.10651,0
0.002594,-0.0085449,0.0056458,2.2757,0.10193,0
0.0053406,-0.010681,0.0033569,2.0482,0.099792,0
0.0068665,-0.010223,0.0035095,2.2757,0.1001,0
0.0088501,-0.011902,0.0028992,2.2757,0.10162,0
0.010529,-0.013428,0.0022888,2.2757,0.10315,0
0.0094604,-0.014954,-0.002594,2.7309,0.10284,0
0.0086975,-0.017242,-0.0064087,2.0482,0.1004,0
0.011749,-0.019684,-0.0076294,2.0482,0.098572,0
0.011139,-0.01709,-0.00091553,2.2757,0.096741,0
0.007782,-0.016937,0.010681,2.5033,0.096741,0
0.0050354,-0.018311,0.013428,2.2757,0.09491,0
0.0028992,-0.015259,0.007782,1.3655,0.093079,0
-0.0045776,-0.012207,0.0010681,1.8206,0.089722,0
-0.01297,-0.010376,-0.004425,1.5931,0.085754,0
-0.017395,-0.0065613,-0.009613,1.3655,0.080872,0
-0.013885,-0.0019836,-0.012054,2.2757,0.076294,0
-0.0083923,0.00015259,-0.0091553,1.8206,0.070801,0
-0.0022888,0.0032043,-0.0024414,2.2757,0.063782,0
0.00061035,0.0073242,0.0019836,2.7309,0.055542,0
0.0015259,0.010986,0.0050354,2.9584,0.047913,0
0.0016785,0.010071,0.0099182,2.7309,0.042114,0
0.0019836,0.0048828,0.015411,2.5033,0.037537,0
0.0019836,0.0010681,0.019379,3.186,0.03418,0
0.0018311,-0.0018311,0.019836,2.7309,0.031433,0
0.0015259,-0.0057983,0.019684,2.2757,0.028381,0
0.0013733,-0.0071716,0.017853,2.9584,0.024719,0
0.0056458,-0.0080872,0.014648,2.9584,0.021057,0
0.0099182,-0.0086975,0.010071,2.9584,0.018921,0
0.016937,-0.010986,0.0064087,2.5033,0.016785,0
0.019836,-0.01236,0.0071716,2.5033,0.015259,0
0.010376,-0.0082397,0.0073242,2.2757,0.019531,0
-0.0016785,-0.0013733,0.0080872,2.2757,0.023499,0
-0.0093079,0.007019,0.011444,2.0482,0.021057,0
-0.0080872,0.015564,0.016785,2.7309,0.012512,0
-0.0048828,0.018311,0.021667,2.5033,-0.00030518,0
-0.005188,0.018005,0.019684,2.0482,-0.013733,0
-0.0054932,0.016785,0.016327,2.2757,-0.025024,0
-0.0079346,0.013428,0.014801,2.2757,-0.031128,0
-0.011749,0.01358,0.012817,2.5033,-0.037231,0
-0.014648,0.017395,0.0097656,2.2757,-0.039368,0
-0.016479,0.022125,0.0085449,2.2757,-0.041809,0
-0.015564,0.027924,0.01236,2.0482,-0.045166,0
-0.014954,0.035706,0.021515,1.5931,-0.047913,0
-0.01358,0.040588,0.031433,1.8206,-0.050354,0
-0.013733,0.040894,0.0383,2.2757,-0.05188,0
-0.015869,0.037994,0.037384,1.8206,-0.053711,0
-0.015869,0.036011,0.034943,2.0482,-0.052795,0
-0.016479,0.032349,0.03067,2.2757,-0.049438,0
-0.015869,0.031891,0.028534,2.0482,-0.046692,0
-0.014343,0.034637,0.032501,2.7309,-0.046387,0
-0.0090027,0.039215,0.036621,3.186,-0.048828,0
-0.0064087,0.037231,0.036011,2.5033,-0.050659,0
-0.0065613,0.026245,0.033112,2.5033,-0.053101,0
-0.0093079,0.01236,0.027313,2.0482,-0.055542,0
-0.0057983,-0.0027466,0.012512,2.0482,-0.057068,0
0.0013733,-0.019379,-0.010071,2.7309,-0.057068,0
0.0042725,-0.038605,-0.033875,2.0482,-0.056763,0
0.0074768,-0.051117,-0.053253,2.2757,-0.056152,0
0.0073242,-0.05188,-0.056305,2.7309,-0.053406,0
0.0088501,-0.045471,-0.04837,2.7309,-0.050964,0
0.0086975,-0.039368,-0.040283,2.9584,-0.046692,0
0.0065613,-0.03418,-0.036316,2.2757,-0.041504,0
0.0033569,-0.026703,-0.033417,2.2757,-0.037231,0
0.0027466,-0.020142,-0.031738,2.2757,-0.031433,0
0.0059509,-0.014496,-0.025635,2.7309,-0.024414,0
0.0097656,-0.0099182,-0.013275,2.7309,-0.017395,0
0.010529,-0.0036621,-0.0033569,2.9584,-0.0085449,0
0.01358,0.0071716,0.0067139,2.7309,0,0
0.015411,0.015259,0.014801,2.9584,0.0091553,0
0.014191,0.010071,0.022888,2.5033,0.0177,0
0.011902,-0.0012207,0.023804,2.7309,0.025635,0
0.0094604,-0.0085449,0.018768,2.0482,0.031738,0
0.0083923,-0.013733,0.012054,2.7309,0.037231,0
0.010071,-0.01709,0.0032043,2.7309,0.042114,0
0.010223,-0.02121,-0.0050354,2.9584,0.046997,0
0.011444,-0.024109,-0.010376,2.9584,0.050964,0
0.011292,-0.032043,-0.01358,2.0482,0.054932,0
0.0064087,-0.04303,-0.007782,2.0482,0.055237,0
0.00076294,-0.055695,-0.0024414,2.7309,0.056458,0
-0.0028992,-0.074921,-0.011292,2.2757,0.055542,0
-0.0080872,-0.095673,-0.027924,2.2757,0.056763,0
-0.0071716,-0.10178,-0.033417,2.7309,0.056152,0
-0.0047302,-0.097198,-0.026245,2.0482,0.055542,0
-0.0059509,-0.08728,-0.014038,2.2757,0.053711,0
-0.0093079,-0.074463,-0.0015259,2.5033,0.050964,0
-0.011902,-0.064697,0.0047302,2.5033,0.047302,0
-0.014343,-0.054016,0.010223,1.5931,0.045776,0
-0.019379,-0.041199,0.019073,1.5931,0.044556,0
-0.019989,-0.033569,0.025482,2.0482,0.04303,0
-0.0177,-0.031433,0.029755,2.5033,0.041199,0
-0.013275,-0.029602,0.028839,1.8206,0.041199,0
-0.0073242,-0.020294,0.024719,1.8206,0.041809,0
-0.0064087,-0.0086975,0.02243,2.0482,0.041199,0
-0.0085449,0.00045776,0.021362,2.2757,0.040588,0
-0.0079346,0.0050354,0.021667,1.8206,0.040283,0
-0.0076294,0.0054932,0.021362,1.8206,0.040588,0
-0.01358,0.0056458,0.021515,2.5033,0.037842,0
-0.016174,0.0056458,0.02121,2.9584,0.037537,0
-0.0080872,0.0053406,0.021667,3.186,0.038452,0
-0.00061035,0.0093079,0.018311,2.2757,0.042114,0
0.0032043,0.0085449,0.011749,2.5033,0.046387,0
0.0030518,0.0053406,0.0033569,2.2757,0.048218,0
-0.00076294,0.0047302,-0.0061035,2.0482,0.049133,0
-0.0024414,0.002594,-0.011902,2.2757,0.048523,0
-0.0038147,-0.0010681,-0.016022,2.7309,0.050354,0
-0.0048828,-0.0035095,-0.018768,2.5033,0.053711,0
-0.0045776,-0.0054932,-0.019989,2.7309,0.057678,0
-0.0036621,-0.0053406,-0.018616,2.5033,0.06073,0
-0.0022888,-0.0059509,-0.012054,2.7309,0.06073,0
0.0012207,-0.0064087,-0.0061035,3.186,0.057678,0
0.0039673,-0.0062561,-0.0045776,2.9584,0.053406,0
0.0068665,-0.0090027,-0.0039673,2.7309,0.052185,0
0.0080872,-0.011749,-0.00091553,2.7309,0.05249,0
0.0097656,-0.0099182,0,2.9584,0.055237,0
0.012207,-0.0036621,-0.0028992,2.2757,0.058594,0
0.015106,-0.0015259,-0.0012207,2.0482,0.062256,0
0.014191,0.00076294,0.0036621,2.2757,0.062561,0
0.012512,0.0036621,0.0083923,2.5033,0.065308,0
0.011902,0.0065613,0.012207,2.7309,0.065308,0
0.013275,0.011444,0.017242,2.7309,0.064392,0
0.014496,0.015564,0.018463,2.2757,0.061951,0
0.016022,0.017853,0.01236,2.7309,0.057068,0
0.01709,0.019379,0.0057983,2.2757,0.05249,0
0.020294,0.019836,0.0027466,1.5931,0.049133,0
0.019684,0.020447,0.0019836,2.0482,0.046082,0
0.014343,0.020294,0.0042725,1.8206,0.043945,0
0.012207,0.018921,0.0050354,2.2757,0.039978,0
0.011597,0.018311,0.0021362,2.2757,0.040588,0
0.010986,0.016785,-0.00061035,2.2757,0.041504,0
0.0090027,0.014191,-0.0036621,2.2757,0.039978,0
0.0054932,0.012665,-0.0061035,1.5931,0.036316,0
0.0035095,0.011749,-0.010834,2.0482,0.032043,0
0.00015259,0.014648,-0.01297,2.0482,0.02594,0
-0.0024414,0.01709,-0.015259,2.7309,0.018921,0
-0.0033569,0.016632,-0.015869,2.9584,0.011292,0
-0.0061035,0.021362,-0.014343,2.0482,0.0057983,0
-0.0054932,0.028687,-0.010986,2.0482,0.0039673,0
-0.0033569,0.032043,-0.0050354,2.2757,0.0018311,0
-0.0016785,0.031128,0.0030518,2.0482,0.0018311,0
-0.0019836,0.029449,0.0088501,2.7309,-0.0012207,0
-0.0024414,0.027924,0.014801,2.2757,-0.0015259,0
-0.0083923,0.028687,0.021667,2.0482,-0.0057983,0
-0.010986,0.030823,0.02533,2.5033,-0.010376,0
-0.010071,0.032654,0.02533,1.8206,-0.013733,0
-0.0083923,0.033722,0.019684,2.2757,-0.018311,0
-0.0068665,0.032196,0.012207,2.7309,-0.019226,0
-0.0067139,0.029449,0.0080872,2.9584,-0.018005,0
-0.0041199,0.02655,0.0091553,3.4135,-0.015564,0
-0.0027466,0.02533,0.01236,3.186,-0.014954,0
-0.0013733,0.02655,0.012512,2.7309,-0.019226,0
-0.00015259,0.026093,0.011902,2.7309,-0.021973,0
0.00076294,0.02533,0.01297,1.8206,-0.021973,0
-0.00045776,0.018005,0.013885,2.5033,-0.021362,0
-0.0016785,0.0097656,0.01297,2.7309,-0.022583,0
-0.0021362,0.0010681,0.0097656,2.7309,-0.028687,0
-0.00091553,-0.0079346,0.0039673,2.7309,-0.036926,0
-0.0012207,-0.016479,-0.0076294,2.5033,-0.039978,0
-0.0022888,-0.022888,-0.024872,3.186,-0.030212,0
-0.0016785,-0.021973,-0.033264,2.7309,-0.015259,0
0.002594,-0.024719,-0.03006,2.7309,0.0012207,0
0.0073242,-0.028687,-0.018463,2.2757,0.014038,0
0.016327,-0.027161,-0.0054932,2.5033,0.021057,0
0.029755,-0.024567,0.0013733,2.2757,0.02594,0
0.042267,-0.022583,0.005188,2.5033,0.027161,0
0.043488,-0.019989,0.0080872,2.5033,0.030212,0
0.0354,-0.016479,0.0088501,2.7309,0.040588,0
0.025177,-0.01297,0.0080872,2.2757,0.057068,0
0.019379,-0.0093079,0.007019,2.2757,0.076904,0
0.013733,-0.0056458,0.007782,2.5033,0.091858,0
0.0041199,-0.0032043,0.012512,2.2757,0.10132,0
-0.0016785,0.00061035,0.017853,2.7309,0.099487,0
0.0015259,0.0074768,0.025787,1.8206,0.092163,0
0.01358,0.017242,0.029755,1.8206,0.080872,0
0.025024,0.023651,0.029755,2.2757,0.069885,0
0.029297,0.028229,0.028229,2.2757,0.063782,0
0.025635,0.029907,0.023041,2.5033,0.06073,0
0.019073,0.033722,0.020447,1.8206,0.06012,0
0.014954,0.036621,0.016937,2.2757,0.057373,0
0.013123,0.03479,0.0054932,2.5033,0.049744,0
0.015106,0.033264,-0.002594,2.7309,0.040283,0
0.016022,0.032501,-0.0047302,2.2757,0.031128,0
0.014648,0.032654,-0.0053406,1.8206,0.024414,0
0.013733,0.032959,-0.0054932,2.2757,0.022888,0
0.012207,0.030365,-0.015869,2.0482,0.028076,0
0.0086975,0.02594,-0.023346,2.7309,0.034485,0
0.0054932,0.025787,-0.013275,2.7309,0.039368,0
0.0065613,0.027161,0.0041199,2.7309,0.039368,0
0.012665,0.024109,0.01236,2.7309,0.032654,0
0.013275,0.016327,0.010681,2.7309,0.022888,0
0.0073242,0.0059509,0.0065613,2.9584,0.010376,0
0.00030518,-0.0030518,0.0018311,2.9584,0.0024414,0
-0.0032043,-0.011902,-0.0053406,2.7309,0.0027466,0
-0.0079346,-0.023651,-0.012817,2.7309,0.0094604,0
-0.013733,-0.033722,-0.016632,2.7309,0.013123,0
-0.017853,-0.038757,-0.016327,2.0482,0.010986,0
-0.018158,-0.040588,-0.013275,1.8206,0.007019,0
-0.017395,-0.040894,-0.011292,2.0482,0.0015259,0
-0.016785,-0.041046,-0.007019,2.0482,-0.0036621,0
-0.020294,-0.037384,-0.002594,1.8206,-0.010071,0
-0.026855,-0.03067,-0.00091553,2.2757,-0.0177,0
-0.03479,-0.025787,-0.0033569,2.0482,-0.023804,0
-0.040283,-0.021667,-0.0010681,1.8206,-0.027771,0
-0.044403,-0.016022,0.0057983,2.2757,-0.030518,0
-0.046387,-0.010986,0.012512,2.5033,-0.0354,0
-0.046844,-0.0093079,0.018005,2.5033,-0.040283,0
-0.048676,-0.0054932,0.019684,1.8206,-0.04364,0
-0.055237,-0.0033569,0.015869,2.7309,-0.044556,0
-0.057983,-0.0038147,0.010681,2.7309,-0.040283,0
-0.053406,-0.0027466,0.0088501,2.0482,-0.032349,0
-0.044861,-0.00076294,0.010071,2.0482,-0.022888,0
-0.034485,0.00015259,0.012512,2.2757,-0.0082397,0
-0.027161,0.0016785,0.017242,2.2757,0.0027466,0
-0.029755,0.0018311,0.021362,1.5931,0.0054932,0
-0.034637,0.0010681,0.02121,2.2757,-0.00091553,0
-0.034027,-0.0016785,0.022583,2.5033,-0.0082397,0
-0.028229,-0.0035095,0.023651,2.5033,-0.01709,0
-0.020905,-0.0053406,0.020294,2.5033,-0.027161,0
-0.013428,-0.0073242,0.018616,2.2757,-0.036316,0
-0.011292,-0.0099182,0.019073,2.7309,-0.044556,0
-0.011292,-0.009613,0.021973,2.5033,-0.049133,0
-0.009613,-0.0093079,0.026855,2.5033,-0.05127,0
-0.0041199,-0.0088501,0.030212,1.8206,-0.046997,0
0.00030518,-0.0088501,0.035706,2.5033,-0.035095,0
0.0021362,-0.0090027,0.043182,2.7309,-0.024109,0
0.0028992,-0.011444,0.04837,2.2757,-0.020142,0
0.0015259,-0.01358,0.045624,3.4135,-0.022583,0
0.0035095,-0.013733,0.039825,2.7309,-0.031128,0
0.007019,-0.012207,0.0383,2.7309,-0.036316,0
0.011902,-0.010529,0.038452,2.7309,-0.032959,0
0.013428,-0.0035095,0.039978,3.4135,-0.024719,0
0.01236,0.0054932,0.043182,2.7309,-0.014343,0
0.011444,0.011902,0.042725,2.7309,-0.0079346,0
0.012054,0.014648,0.040894,2.2757,-0.011292,0
0.01297,0.015564,0.0354,2.2757,-0.020447,0
0.01236,0.019073,0.028687,2.2757,-0.032043,0
0.011749,0.022125,0.020599,2.2757,-0.04364,0
0.011139,0.022583,0.014191,2.9584,-0.051575,0
0.010529,0.019989,0.012207,2.5033,-0.054321,0
0.014038,0.02243,0.011597,2.7309,-0.057373,0
0.02121,0.023041,0.010223,2.2757,-0.058289,0
0.029755,0.020447,0.0062561,2.2757,-0.060425,0
0.030212,0.015869,-0.002594,2.0482,-0.070496,0
0.026398,0.012207,-0.013428,2.5033,-0.085754,0
0.025482,0.0097656,-0.020752,1.8206,-0.097351,0
0.023804,0.010376,-0.027924,2.0482,-0.1001,0
0.021667,0.011139,-0.029755,1.8206,-0.090637,0
0.025177,0.0083923,-0.026703,1.3655,-0.073242,0
0.027008,0.010986,-0.011749,1.8206,-0.055847,0
0.023651,0.017853,0.0088501,2.2757,-0.038147,0
0.017548,0.021973,0.024872,2.2757,-0.025635,0
0.015259,0.020752,0.030823,2.2757,-0.022583,0
0.0071716,0.014801,0.030212,1.8206,-0.026245,0
-0.010986,0.0086975,0.028229,2.0482,-0.029297,0
-0.026703,0.0032043,0.022583,2.2757,-0.027466,0
-0.030823,-0.0047302,0.016632,2.5033,-0.02594,0
-0.028687,-0.014496,0.020599,2.0482,-0.02594,0
-0.02655,-0.015259,0.028076,2.5033,-0.031433,0
-0.026703,-0.0053406,0.0383,2.5033,-0.037537,0
-0.023804,0.0048828,0.047302,2.7309,-0.04303,0
-0.016632,0.010986,0.052948,2.9584,-0.042725,0
-0.010223,0.015411,0.051727,3.186,-0.037537,0
-0.0085449,0.024567,0.045776,2.5033,-0.028687,0
-0.0088501,0.035706,0.043335,2.5033,-0.017395,0
-0.0047302,0.036469,0.043488,2.9584,-0.007019,0
0.0048828,0.030365,0.040131,2.2757,0.00030518,0
0.012665,0.02243,0.041046,3.186,0.0054932,0
0.014038,0.01358,0.045166,2.9584,0.0088501,0
0.02182,0.0054932,0.048523,2.7309,0.017395,0
0.031281,-0.0021362,0.048065,2.9584,0.027161,0
0.030518,-0.01297,0.041656,2.9584,0.036926,0
0.018463,-0.028076,0.030518,2.2757,0.043335,0
0.010834,-0.039978,0.020142,2.9584,0.042725,0
0.013275,-0.047302,0.016632,2.7309,0.040588,0
0.017853,-0.052032,0.018921,1.8206,0.036011,0
0.020752,-0.054474,0.024109,2.5033,0.030518,0
0.020905,-0.056458,0.029144,2.7309,0.027771,0
0.019531,-0.054321,0.033264,2.5033,0.028076,0
0.020294,-0.049133,0.036774,2.5033,0.031128,0
0.024719,-0.046234,0.040741,2.5033,0.032043,0
0.030975,-0.044403,0.042877,2.5033,0.025635,0
0.035095,-0.04364,0.0354,1.8206,0.011292,0
0.041504,-0.042419,0.02655,2.5033,-0.0076294,0
0.045013,-0.038757,0.019073,2.0482,-0.023499,0
0.040894,-0.032806,0.014038,2.2757,-0.032959,0
0.033569,-0.025635,0.010986,2.2757,-0.031738,0
0.028229,-0.019531,0.0062561,2.5033,-0.024109,0
0.027008,-0.018311,-0.0041199,2.5033,-0.017395,0
0.027466,-0.023193,-0.019073,1.5931,-0.015259,0
0.026855,-0.029602,-0.029755,2.5033,-0.017395,0
0.023651,-0.032959,-0.029297,1.8206,-0.020142,0
0.019684,-0.029907,-0.022736,2.0482,-0.024109,0
0.02121,-0.021057,-0.013123,1.8206,-0.024414,0
0.024872,-0.01297,-0.0024414,1.8206,-0.023804,0
0.028381,-0.009613,0.0073242,2.7309,-0.018921,0
0.024414,-0.012665,0.012512,2.7309,-0.015564,0
